0 0 0 0 0 0 0 0 0 0 0 0 0 0 0 0 0 0 0 0 0 0 0 0 0 0 0 0 0 0 0 0 0 0 0 0 0 0 0 0 0 0 0 0 0 0 0 0 0 0 0 0 0 0 0 0 0 0 0 0 0 0 0 0 0 0 0 0 0 0 0 0 0 0 0 0 0 0 0 0 0 0 0 0 0 0 0 0 0 0 0 0 0 0 0 0 0 0 0 0 0 0 0 0 0 0 0 0 0 0 0 0 0 0 0 0 0 0 0 0 0 0 0 0 0 0 0 0 0 0 0 0 0 0 0 0 0 0 0 0 0 0 0 0 0 0 0 0 0 0 0 0 0 0 0 0 0 0 0 0 0 0 0 0 0 0 0 0 0 0 0 0 0 0 0 0 0 0 0 0 0 0 0 0 0 0 0 0 0 0 0 0 0 0 0 0 0 0 0 0 
0 -2.99986e-05 -5.09289e-05 -6.14033e-05 -7.8081e-05 -9.14028e-05 -9.92907e-05 -9.03311e-05 -6.99084e-05 -5.37629e-05 -2.6584e-05 1.13196e-05 7.07166e-05 0.000138729 0.00020042 0.0002748 0.000354602 0.000451015 0.000557719 0.000670657 0.00081762 0.000980934 0.0011779 0.00140625 0.00165312 0.00192024 0.00215454 0.00235826 0.00250449 0.00256113 0.00251286 0.00232981 0.0020299 0.00161586 0.00110949 0.000552462 -6.07463e-06 -0.00054156 -0.00101199 -0.00139034 -0.0016535 -0.00178765 -0.00181094 -0.00170716 -0.00150794 -0.00123143 -0.000905887 -0.000533456 -0.000145588 0.000247088 0.000647606 0.00103873 0.00142914 0.00180134 0.00217049 0.00253127 0.00288518 0.00322338 0.00357767 0.00391142 0.00423794 0.00456527 0.00486658 0.00514288 0.0053937 0.00559937 0.00574346 0.00583044 0.00582748 0.00574598 0.00556204 0.00529088 0.00491529 0.00444798 0.00387903 0.00322709 0.00248318 0.00167856 0.000809101 -0.000101482 -0.00103743 -0.00198217 -0.00291408 -0.00379527 -0.00461564 -0.00535595 -0.00598736 -0.00650707 -0.00690156 -0.0071575 -0.00726671 -0.00724916 -0.00709865 -0.00681094 -0.00638006 -0.00584098 -0.00518769 -0.00442758 -0.00356889 -0.00264381 -0.00165888 -0.000648726 0.000385739 0.00140981 0.00239738 0.00332527 0.00420287 0.00499597 0.00569129 0.00627439 0.00675693 0.00712143 0.00735738 0.00745719 0.00742857 0.00725769 0.00695344 0.00652455 0.0059702 0.00530456 0.00454506 0.00371383 0.00282727 0.00190918 0.000968722 3.99338e-05 -0.000880955 -0.00175923 -0.00259089 -0.00335915 -0.00406635 -0.00468449 -0.00523261 -0.00567986 -0.0060433 -0.00631168 -0.00649093 -0.00659165 -0.00662528 -0.00658464 -0.0065027 -0.00638306 -0.0062183 -0.00605202 -0.00587432 -0.00569774 -0.00553144 -0.00539478 -0.00527109 -0.00518423 -0.00512632 -0.00510909 -0.00511905 -0.00515302 -0.00520562 -0.00525068 -0.00526707 -0.00522505 -0.00512167 -0.00490792 -0.00459136 -0.00416946 -0.00364813 -0.00304638 -0.00239039 -0.00172113 -0.00107768 -0.000490312 2.20989e-06 0.000355882 0.000587379 0.000681746 0.000668713 0.000567822 0.000401232 0.000222442 2.39861e-05 -0.000156877 -0.000303714 -0.000409453 -0.000465733 -0.000502051 -0.000511489 -0.000499254 -0.00047754 -0.000446223 -0.000419221 -0.000391847 -0.000369004 -0.000359177 -0.000351742 -0.000349463 -0.000351597 -0.000364977 -0.000390199 -0.000410429 -0.000423091 -0.000430656 -0.000439597 -0.000448046 
0 -5.09289e-05 -8.42911e-05 -0.000105002 -0.000131486 -0.000159356 -0.000174533 -0.000156527 -0.000125369 -8.89857e-05 -4.65522e-05 2.75471e-05 0.000140837 0.000261565 0.000394215 0.000526228 0.000697185 0.000891382 0.00110258 0.00135358 0.00163299 0.00198171 0.00236948 0.0028203 0.00332416 0.0038332 0.00431405 0.00471017 0.00500169 0.00512216 0.00502359 0.00466447 0.00407198 0.0032435 0.00223253 0.00112948 -5.25488e-06 -0.00105754 -0.00201008 -0.00276586 -0.00328095 -0.00356556 -0.0035978 -0.00339359 -0.00299151 -0.00242904 -0.00175763 -0.00101383 -0.000209176 0.000575802 0.00137306 0.00216443 0.00292077 0.0036646 0.00439757 0.0051132 0.00581171 0.00650041 0.00717552 0.00784017 0.00847429 0.00909635 0.00967888 0.0102075 0.0106614 0.0110345 0.011292 0.01141 0.0113948 0.0112179 0.0108436 0.0102956 0.00956464 0.00861415 0.00750227 0.00622802 0.00477333 0.00318909 0.00150761 -0.000281979 -0.00210583 -0.00392045 -0.00571003 -0.00742999 -0.00901865 -0.010451 -0.0116927 -0.0127047 -0.0134618 -0.0139749 -0.0142277 -0.0141901 -0.0138747 -0.0133101 -0.0124947 -0.0114318 -0.0101346 -0.00863521 -0.0069763 -0.00517071 -0.00324158 -0.00125349 0.000747637 0.00273506 0.00467022 0.00651506 0.00822143 0.00975472 0.0111208 0.0122965 0.0132324 0.0139212 0.0143747 0.0145718 0.0144975 0.0141593 0.0135696 0.0127149 0.011627 0.0103529 0.00889651 0.0072756 0.00557094 0.00378694 0.00195413 0.000147225 -0.00162139 -0.00335234 -0.00496946 -0.00647367 -0.00785966 -0.00907982 -0.0101283 -0.0110223 -0.0117408 -0.01228 -0.0126651 -0.012899 -0.012984 -0.0129431 -0.0128179 -0.012596 -0.0123209 -0.0120117 -0.0116829 -0.0113524 -0.0110417 -0.0107646 -0.0105513 -0.0103828 -0.0102869 -0.0102823 -0.0103071 -0.0103926 -0.0105026 -0.010588 -0.0106126 -0.0105341 -0.0102992 -0.0098828 -0.00923437 -0.00838157 -0.00734694 -0.00612679 -0.00482555 -0.00348638 -0.00220148 -0.00103115 -5.31007e-05 0.000667936 0.00112479 0.00133129 0.00131864 0.00111591 0.000813326 0.000440639 6.03427e-05 -0.000305922 -0.000613025 -0.000818168 -0.000958309 -0.00102811 -0.00106015 -0.0010428 -0.000995109 -0.000938072 -0.000873806 -0.000814709 -0.00076183 -0.000733095 -0.000710752 -0.000700985 -0.000696751 -0.000720743 -0.000766213 -0.000803049 -0.000835304 -0.000850269 -0.00088059 -0.00090044 
0 -6.14033e-05 -0.000105002 -0.00012521 -0.00016363 -0.000199844 -0.000223569 -0.000206331 -0.000160449 -0.000121619 -5.46261e-05 4.65104e-05 0.000206875 0.000394779 0.000577882 0.000797367 0.00104505 0.00134304 0.0016747 0.00203398 0.00247813 0.00297767 0.00356658 0.00424295 0.00497764 0.00575771 0.00645847 0.00706157 0.00749469 0.00766678 0.00752222 0.00698766 0.00609974 0.00487379 0.00337532 0.00172412 5.6411e-05 -0.00153887 -0.0029483 -0.00408246 -0.00487066 -0.00527649 -0.00533046 -0.00500703 -0.00438428 -0.0035232 -0.00250558 -0.00135714 -0.00016134 0.00103905 0.00224556 0.00341837 0.00456979 0.00566915 0.00674961 0.00780355 0.00883262 0.00982024 0.0108279 0.011776 0.0126833 0.0135637 0.0143553 0.0150544 0.0156589 0.0161279 0.0164245 0.0165552 0.0164551 0.0161397 0.0155553 0.0147314 0.0136288 0.0122666 0.0106327 0.00876716 0.00665755 0.00438204 0.00194628 -0.000592587 -0.00318518 -0.00578569 -0.00834186 -0.0107657 -0.0130251 -0.0150724 -0.0168388 -0.0183045 -0.01943 -0.0201782 -0.0205214 -0.0204904 -0.0200724 -0.0192593 -0.0180427 -0.0165028 -0.0146395 -0.0124796 -0.0100567 -0.00744786 -0.00467972 -0.00183754 0.00106349 0.00394165 0.00672782 0.00936271 0.0118496 0.014102 0.0160796 0.0177419 0.0190981 0.0201059 0.0207419 0.0209902 0.0208686 0.0203576 0.0194842 0.0182728 0.0167314 0.0148995 0.012818 0.0105381 0.00810606 0.00557571 0.00297587 0.000391871 -0.00217155 -0.00463399 -0.00696809 -0.0091324 -0.0111252 -0.012882 -0.0144388 -0.0157379 -0.0168121 -0.0176409 -0.0182405 -0.0186346 -0.018844 -0.0188572 -0.0187451 -0.0185135 -0.0181542 -0.0177644 -0.017332 -0.0168913 -0.0164748 -0.0161304 -0.0158347 -0.0156381 -0.0155311 -0.0155367 -0.015616 -0.0157565 -0.0159335 -0.016072 -0.0161086 -0.0159658 -0.0156165 -0.0149498 -0.0139718 -0.0126849 -0.0111117 -0.00930447 -0.00734655 -0.00535091 -0.00342965 -0.00167542 -0.000201065 0.000880405 0.00159199 0.00190828 0.00189994 0.00162571 0.00116061 0.000635232 5.77301e-05 -0.000480206 -0.000926117 -0.0012545 -0.00145144 -0.00158044 -0.00163165 -0.001615 -0.00155974 -0.00147034 -0.00138057 -0.00128515 -0.00120068 -0.00114907 -0.00110694 -0.00108083 -0.00106919 -0.00109283 -0.00115072 -0.00120305 -0.00124243 -0.00127519 -0.00131926 -0.00135629 
0 -7.8081e-05 -0.000131486 -0.00016363 -0.000206755 -0.000253272 -0.00027627 -0.000246056 -0.000187519 -0.000118398 -3.09716e-05 0.000110491 0.000319017 0.000551438 0.000804241 0.00107509 0.00141144 0.00180243 0.00223652 0.00273906 0.00331247 0.00400033 0.00478015 0.00567523 0.00666377 0.00767143 0.00861477 0.00940154 0.00996755 0.0101951 0.00999153 0.0092847 0.00810891 0.00648131 0.00450125 0.00233183 0.000113583 -0.00196764 -0.00382799 -0.00530938 -0.00632271 -0.00685762 -0.00689412 -0.00645379 -0.00561043 -0.00444664 -0.00306034 -0.00152586 0.000102941 0.00171191 0.00331941 0.00489321 0.00639915 0.00785446 0.00926994 0.0106391 0.0119594 0.0132385 0.0144774 0.0156622 0.0167687 0.0178134 0.0187508 0.01956 0.0202138 0.0206982 0.0209677 0.0209961 0.0207802 0.0202878 0.0194692 0.0183502 0.0169132 0.0151201 0.0130352 0.0106692 0.00801185 0.00513968 0.00210594 -0.0010772 -0.00430697 -0.00751507 -0.0106619 -0.0136779 -0.0164786 -0.0190177 -0.021234 -0.0230685 -0.0244703 -0.0254319 -0.025916 -0.025883 -0.0253382 -0.0243117 -0.022807 -0.020851 -0.0184716 -0.0157266 -0.0126874 -0.00939734 -0.00590179 -0.0023022 0.00133333 0.00494833 0.00847322 0.0118374 0.0149694 0.017798 0.0203045 0.0224387 0.0241338 0.0253662 0.0261437 0.0264414 0.0262536 0.0255955 0.0244954 0.0229541 0.0210222 0.0187637 0.0161991 0.013365 0.0103648 0.00722124 0.00398798 0.000770852 -0.00239991 -0.00549809 -0.00842184 -0.0111554 -0.0136821 -0.0159351 -0.0179099 -0.0196177 -0.0210389 -0.0221682 -0.0230366 -0.0236497 -0.0240136 -0.0241532 -0.0241262 -0.0239247 -0.0236002 -0.0231969 -0.0227413 -0.0222662 -0.0218152 -0.0214235 -0.0211271 -0.0209223 -0.020843 -0.0209086 -0.0210414 -0.0212601 -0.0215046 -0.0216866 -0.0217275 -0.0215444 -0.0210492 -0.0201753 -0.0188607 -0.0171392 -0.0150516 -0.0126282 -0.0100307 -0.00736985 -0.00480836 -0.00247367 -0.000512865 0.000953387 0.00190634 0.00236156 0.00237902 0.0020304 0.00145997 0.000756834 1.94286e-05 -0.000688333 -0.00128451 -0.00170758 -0.00199475 -0.00215786 -0.00223584 -0.00222163 -0.00214594 -0.0020397 -0.0019163 -0.00179564 -0.00168824 -0.00161935 -0.0015662 -0.00153144 -0.00151134 -0.00153556 -0.0015954 -0.00164913 -0.00169258 -0.00172022 -0.00177244 -0.00180932 
0 -9.14028e-05 -0.000159356 -0.000199844 -0.000253272 -0.000300977 -0.000318269 -0.000277434 -0.000194041 -0.000101686 2.44373e-05 0.000205893 0.000461259 0.000754476 0.00106007 0.0014071 0.00181349 0.00229326 0.00283377 0.00344487 0.00416908 0.00501293 0.00599397 0.00711428 0.00833857 0.00960068 0.0107659 0.0117467 0.0124374 0.0127031 0.0124359 0.0115542 0.0100846 0.0080729 0.00563425 0.00295701 0.00024317 -0.00232676 -0.00459235 -0.00639737 -0.00763144 -0.00825169 -0.00826599 -0.00768667 -0.00660727 -0.00513636 -0.00339241 -0.00145498 0.000572596 0.00260428 0.00462138 0.00658144 0.00846729 0.0102634 0.0119875 0.0136355 0.0152028 0.0166864 0.0181172 0.0194451 0.0206676 0.0217919 0.022766 0.0235714 0.0241956 0.0246044 0.024758 0.0246442 0.024226 0.0234932 0.0224054 0.0209825 0.0192011 0.0170613 0.0145823 0.0117947 0.00870543 0.00539264 0.00189532 -0.00173178 -0.00541159 -0.0090778 -0.0126664 -0.016087 -0.019276 -0.0221727 -0.0247023 -0.0268133 -0.0284487 -0.0295625 -0.0301121 -0.0300907 -0.0294883 -0.0283019 -0.0265362 -0.0242585 -0.0215 -0.0183109 -0.014759 -0.010927 -0.00687425 -0.00270061 0.00153697 0.00574992 0.00984581 0.0137463 0.0174026 0.0207164 0.0236268 0.026078 0.0280374 0.0294643 0.0303401 0.0306518 0.0304134 0.029633 0.0283462 0.0265835 0.0243791 0.0217885 0.0188591 0.0156492 0.0122315 0.00866165 0.00499266 0.00131901 -0.00232382 -0.0058661 -0.00924411 -0.0124175 -0.0153661 -0.0180292 -0.0204119 -0.0224852 -0.0242525 -0.0257007 -0.0268469 -0.0277094 -0.028301 -0.0286314 -0.0287614 -0.0287011 -0.0284728 -0.0281564 -0.0277699 -0.0273528 -0.0269556 -0.0266268 -0.0263767 -0.0262397 -0.0262311 -0.0263652 -0.0265945 -0.0268992 -0.0272264 -0.0274715 -0.0275309 -0.0272979 -0.0266844 -0.0255768 -0.0239407 -0.0217915 -0.0191725 -0.0161632 -0.0129135 -0.00959502 -0.00639143 -0.00346972 -0.00101043 0.000840216 0.00206173 0.00265693 0.00270692 0.00231457 0.00162253 0.000783618 -0.000118253 -0.00097345 -0.00169038 -0.00221867 -0.00256173 -0.00277121 -0.00286347 -0.00285188 -0.00277217 -0.00264726 -0.00251048 -0.00237142 -0.00225252 -0.00217373 -0.00211323 -0.00207016 -0.00204391 -0.00206036 -0.00211052 -0.0021561 -0.00218529 -0.00220345 -0.00224059 -0.00226538 
0 -9.92907e-05 -0.000174533 -0.000223569 -0.00027627 -0.000318269 -0.000322053 -0.000265569 -0.000160921 -3.78407e-05 0.000121872 0.000342969 0.000637736 0.000977537 0.00133877 0.00174761 0.00222594 0.00278898 0.00343141 0.00416633 0.00503533 0.00605285 0.00723714 0.00858288 0.0100477 0.0115446 0.012932 0.0140934 0.0148987 0.0151988 0.0148634 0.013812 0.0120588 0.00967216 0.00679222 0.0036344 0.000438401 -0.00258125 -0.00522615 -0.00732118 -0.00874007 -0.00942989 -0.009396 -0.00866908 -0.00734968 -0.00556762 -0.00345581 -0.00112168 0.00131611 0.00376472 0.0061791 0.00851649 0.0107498 0.0128618 0.0148612 0.0167428 0.018499 0.0201304 0.0216531 0.0230356 0.0242742 0.0253692 0.0262842 0.0269961 0.0274889 0.0277314 0.0276889 0.0273453 0.0266749 0.025663 0.0242847 0.0225508 0.0204523 0.0179956 0.0152047 0.0121098 0.00873026 0.00512758 0.00134801 -0.00255254 -0.0065001 -0.0104243 -0.0142579 -0.0179188 -0.0213346 -0.0244369 -0.0271507 -0.0294148 -0.0311709 -0.0323718 -0.0329716 -0.032948 -0.0322892 -0.0309968 -0.0290824 -0.026596 -0.0235776 -0.0200878 -0.0162021 -0.0120017 -0.00755998 -0.00297785 0.00166659 0.00628305 0.0107769 0.0150584 0.0190553 0.0226755 0.0258529 0.0285272 0.0306529 0.0321919 0.0331298 0.0334589 0.033191 0.0323425 0.0309472 0.0290415 0.0266712 0.0238931 0.0207592 0.0173313 0.0136802 0.00986632 0.00595189 0.00201817 -0.00188922 -0.00570861 -0.00938064 -0.0128631 -0.0161257 -0.0191176 -0.0218272 -0.0242317 -0.0263239 -0.0280921 -0.0295459 -0.0306981 -0.031559 -0.0321468 -0.0325087 -0.0326655 -0.0326459 -0.032515 -0.0323023 -0.032046 -0.0317977 -0.0316061 -0.0314912 -0.0314873 -0.0316153 -0.0318796 -0.0322445 -0.0326746 -0.0331068 -0.033429 -0.0335186 -0.0332533 -0.0325204 -0.031201 -0.0292496 -0.0266784 -0.02354 -0.0199397 -0.016047 -0.0120706 -0.00822517 -0.00471954 -0.00176227 0.000488796 0.00198907 0.00275239 0.00286407 0.00245208 0.00167894 0.000713815 -0.000327936 -0.00132199 -0.00216211 -0.00279091 -0.00320817 -0.00346183 -0.00357521 -0.00357134 -0.00348612 -0.00335064 -0.00319797 -0.00304418 -0.00291376 -0.00281974 -0.00274748 -0.00268926 -0.00265015 -0.00265145 -0.00268136 -0.00270816 -0.00271728 -0.0027186 -0.00273438 -0.00273962 
0 -9.03311e-05 -0.000156527 -0.000206331 -0.000246056 -0.000277434 -0.000265569 -0.000195134 -8.00489e-05 7.08797e-05 0.00025337 0.00050849 0.000834703 0.00121055 0.00163305 0.00209795 0.00265504 0.00330188 0.00404621 0.00491875 0.00592827 0.00713155 0.00851779 0.010086 0.0117913 0.0135052 0.0151121 0.0164412 0.0173516 0.0176808 0.0172749 0.016062 0.0140432 0.0113039 0.00801323 0.00441409 0.000760804 -0.00267012 -0.00567171 -0.00803336 -0.00961396 -0.0103642 -0.0102622 -0.00937729 -0.00780897 -0.00570857 -0.00321989 -0.000497112 0.00235119 0.00520132 0.00799044 0.0106819 0.0132181 0.015602 0.0178205 0.0198698 0.0217406 0.0234514 0.0249733 0.0263277 0.0274896 0.0284521 0.029207 0.029727 0.0299873 0.0299756 0.0296655 0.0290221 0.0280582 0.0267374 0.0250618 0.0230293 0.0206609 0.0179431 0.0149311 0.0116383 0.0081018 0.00435688 0.000473125 -0.0035214 -0.00754907 -0.0115384 -0.0154259 -0.01915 -0.0226175 -0.0257609 -0.0285179 -0.03081 -0.0325776 -0.0337828 -0.0343883 -0.0343441 -0.0336447 -0.0323001 -0.0303343 -0.0277568 -0.0246233 -0.0209968 -0.0169615 -0.0125793 -0.00794429 -0.00314658 0.00170034 0.0065165 0.0112054 0.0156779 0.0198233 0.0235748 0.0268679 0.0296468 0.0318405 0.0334286 0.0344033 0.0347566 0.0344859 0.0336278 0.0322112 0.0302638 0.0278504 0.0250303 0.0218518 0.0183728 0.0146786 0.0108114 0.00684419 0.00283743 -0.00114549 -0.00507912 -0.00888336 -0.0125339 -0.0159862 -0.0192097 -0.0221566 -0.0248396 -0.0272158 -0.0292841 -0.0310513 -0.0325184 -0.0336875 -0.0345968 -0.0352648 -0.035713 -0.0359986 -0.0361386 -0.0361923 -0.0361921 -0.0361893 -0.0362204 -0.0363392 -0.0365487 -0.0368932 -0.0373636 -0.0379232 -0.0385377 -0.039118 -0.0395495 -0.0396919 -0.0394138 -0.0385607 -0.0370435 -0.0347803 -0.031795 -0.0281552 -0.0239744 -0.0194621 -0.014842 -0.0103662 -0.00628357 -0.00282708 -0.000156769 0.00164055 0.00260443 0.00281165 0.00240871 0.00159463 0.000519177 -0.00063576 -0.0017553 -0.00271611 -0.00344079 -0.00394851 -0.00424933 -0.00439561 -0.00440961 -0.00432326 -0.00418616 -0.00401581 -0.00384712 -0.00369875 -0.00357736 -0.00348051 -0.00339389 -0.00332908 -0.0033032 -0.00330257 -0.00330314 -0.00329028 -0.00327225 -0.00326596 -0.00325 
0 -6.99084e-05 -0.000125369 -0.000160449 -0.000187519 -0.000194041 -0.000160921 -8.00489e-05 5.46184e-05 0.000217227 0.000434287 0.000714521 0.00106443 0.00148681 0.00194831 0.0024926 0.00311329 0.00384713 0.00470825 0.00569733 0.00687984 0.00824631 0.00984382 0.0116359 0.0135549 0.0154994 0.0172958 0.0187929 0.0197992 0.0201446 0.0196711 0.0183081 0.0160356 0.0129799 0.0093207 0.00530915 0.00126916 -0.00255921 -0.00586517 -0.00846488 -0.010201 -0.0109768 -0.0108098 -0.00975548 -0.00793283 -0.00551395 -0.00266756 0.000453003 0.00366541 0.00689906 0.010031 0.0130104 0.0158107 0.0183935 0.0207521 0.022888 0.0247981 0.026476 0.0279404 0.029165 0.0301631 0.0309133 0.031412 0.0316365 0.0315951 0.0312509 0.0305993 0.0296395 0.0283403 0.0267027 0.0247493 0.0224667 0.0198653 0.0170001 0.0138535 0.0104668 0.00689399 0.00316428 -0.000694191 -0.00459573 -0.00851699 -0.0124018 -0.016177 -0.0197602 -0.0231062 -0.026134 -0.0287725 -0.0309622 -0.0326607 -0.0337878 -0.0343113 -0.0342322 -0.0335352 -0.0321917 -0.0302243 -0.0276729 -0.0245859 -0.0210026 -0.0169793 -0.0126117 -0.00800244 -0.00322426 0.00162728 0.00643798 0.0111005 0.0155278 0.0196486 0.0233861 0.026641 0.0293698 0.0315571 0.033162 0.0341423 0.0345143 0.0342877 0.0334778 0.0321127 0.030257 0.0279386 0.0252064 0.0221333 0.0187961 0.0152158 0.0114803 0.00764145 0.00373022 -0.000196589 -0.00406213 -0.00786648 -0.0115462 -0.0150585 -0.0183918 -0.0215126 -0.0243772 -0.0269875 -0.0293297 -0.0313836 -0.0331692 -0.0346878 -0.0359528 -0.0369737 -0.0377977 -0.0384271 -0.0389226 -0.0393161 -0.0396515 -0.0399756 -0.0403388 -0.0407573 -0.0412862 -0.0419313 -0.0426714 -0.0435185 -0.0443695 -0.0451544 -0.0457429 -0.0459754 -0.0456954 -0.0447665 -0.0430462 -0.0405049 -0.0371336 -0.0330023 -0.0282954 -0.0231775 -0.0179481 -0.012864 -0.00821437 -0.00425615 -0.00116515 0.000965487 0.00214956 0.00248395 0.0021418 0.00129332 0.000165248 -0.00109648 -0.00231495 -0.00337074 -0.00420772 -0.00478106 -0.00515243 -0.0053281 -0.00536461 -0.00529403 -0.00514699 -0.00497311 -0.00478436 -0.00461687 -0.00446508 -0.00433388 -0.00421499 -0.00411886 -0.00405505 -0.00401402 -0.00398081 -0.00393522 -0.00389565 -0.00385465 -0.00381173 
0 -5.37629e-05 -8.89857e-05 -0.000121619 -0.000118398 -0.000101686 -3.78407e-05 7.08797e-05 0.000217227 0.000424854 0.000669947 0.000992143 0.0013735 0.00181946 0.0023451 0.00292998 0.00362839 0.00443832 0.00539577 0.00653618 0.00785613 0.00942233 0.0112186 0.0132266 0.0153775 0.0175142 0.0195146 0.0211581 0.0222519 0.0226146 0.0220741 0.0205651 0.0180723 0.0147186 0.0107225 0.00636268 0.0019442 -0.00219667 -0.00578262 -0.00857646 -0.0104132 -0.0112165 -0.0109595 -0.00974316 -0.00768897 -0.00497759 -0.00178473 0.00166757 0.00524065 0.00879388 0.0122047 0.0154283 0.0183933 0.0211008 0.0235243 0.0256599 0.0275106 0.0291016 0.0303768 0.0313989 0.0321447 0.0325911 0.0327681 0.0326577 0.0322391 0.0315207 0.0305076 0.029175 0.0275602 0.0256375 0.0234456 0.0209619 0.018234 0.0152612 0.0120909 0.00873584 0.00525485 0.00164506 -0.00201968 -0.00571651 -0.00939475 -0.0129934 -0.0164587 -0.0197614 -0.022818 -0.0255658 -0.027959 -0.0299226 -0.0314098 -0.0323868 -0.0328347 -0.0326977 -0.0319654 -0.0306565 -0.0288089 -0.0263871 -0.0234465 -0.0200463 -0.0162528 -0.0121113 -0.00772735 -0.00316835 0.00142784 0.00598526 0.0104234 0.0146504 0.0185378 0.0220611 0.0251611 0.0277871 0.0298719 0.0314071 0.0323832 0.0327998 0.0326433 0.0319539 0.0307508 0.0290627 0.0269584 0.0244852 0.0216863 0.0186116 0.015322 0.0118525 0.00827368 0.00460351 0.000913056 -0.00278927 -0.00644739 -0.0100376 -0.0135038 -0.0168495 -0.0200057 -0.0229953 -0.025768 -0.0283265 -0.0306586 -0.0327499 -0.0345949 -0.0362296 -0.0376294 -0.0388286 -0.0398852 -0.0407735 -0.0415731 -0.0423175 -0.0430445 -0.04379 -0.0446213 -0.0455319 -0.0465616 -0.0476768 -0.0488556 -0.050026 -0.0510664 -0.0518556 -0.0522235 -0.0520051 -0.0510175 -0.0491749 -0.0463853 -0.0426658 -0.038109 -0.0328791 -0.0272153 -0.0213951 -0.0157288 -0.0105375 -0.00608949 -0.00256546 -0.000102774 0.00133801 0.00183645 0.00156984 0.000756828 -0.00042902 -0.00174395 -0.00304369 -0.00419283 -0.00509884 -0.00576492 -0.00617355 -0.0063882 -0.00644868 -0.00637904 -0.00624365 -0.00605321 -0.00586006 -0.00567639 -0.00549595 -0.00533887 -0.0051861 -0.00506166 -0.00495546 -0.0048642 -0.00478442 -0.00469662 -0.00461722 -0.00453005 -0.00444296 
0 -2.6584e-05 -4.65522e-05 -5.46261e-05 -3.09716e-05 2.44373e-05 0.000121872 0.00025337 0.000434287 0.000669947 0.00096751 0.00132568 0.00173783 0.00223002 0.00279222 0.00345101 0.00420557 0.00509356 0.00615948 0.00741421 0.00890515 0.0106373 0.0126428 0.0148737 0.0172352 0.0195957 0.0217793 0.0235793 0.0247604 0.0251312 0.0245257 0.0228839 0.0201769 0.0165651 0.0122751 0.00759223 0.00287816 -0.00156473 -0.00537261 -0.00833089 -0.0102654 -0.0110625 -0.0107289 -0.00935765 -0.00708905 -0.00411957 -0.000651894 0.00310099 0.0069324 0.0107468 0.0143773 0.0177579 0.0208436 0.0236011 0.0260033 0.0280543 0.0297687 0.0311469 0.0321914 0.0329183 0.0333429 0.0334379 0.033235 0.0327228 0.0319219 0.0308168 0.0294339 0.0277845 0.0258638 0.0236827 0.0212991 0.0186881 0.0158798 0.012934 0.00982743 0.00659186 0.00329322 -6.30494e-05 -0.00345008 -0.00679105 -0.010082 -0.0132816 -0.0163355 -0.0191854 -0.0218073 -0.0241414 -0.0261442 -0.0277694 -0.0289983 -0.0297556 -0.0300292 -0.0298198 -0.0291148 -0.0278853 -0.0261619 -0.0239494 -0.0213018 -0.0182454 -0.0148143 -0.0110833 -0.0071578 -0.00307126 0.00107603 0.00518528 0.00917162 0.0129666 0.0164922 0.0197083 0.0225194 0.0248972 0.0268328 0.0282969 0.0292424 0.029698 0.0296596 0.0291458 0.0281748 0.0268014 0.0250377 0.0229204 0.0205054 0.0178515 0.0149568 0.011897 0.0087097 0.00539543 0.00201678 -0.00136904 -0.00478054 -0.00815985 -0.0114638 -0.0147132 -0.0178578 -0.0208657 -0.0237331 -0.0264479 -0.028973 -0.0313193 -0.0334746 -0.0354488 -0.0372161 -0.0388262 -0.0402842 -0.0416138 -0.0428586 -0.044065 -0.0452626 -0.0464902 -0.0477802 -0.0491661 -0.0506461 -0.0521823 -0.0537871 -0.0553274 -0.0567012 -0.0577664 -0.058338 -0.0582265 -0.0572656 -0.0553242 -0.0523548 -0.0483458 -0.0433937 -0.0377236 -0.031536 -0.0251756 -0.01896 -0.0132431 -0.0083152 -0.0043707 -0.00155401 0.000145222 0.000825067 0.000676123 -0.000108582 -0.00128791 -0.00265075 -0.00399598 -0.00519685 -0.0061805 -0.00689015 -0.00735548 -0.00759513 -0.00767792 -0.00762984 -0.00749058 -0.00730662 -0.00710158 -0.00690375 -0.00669964 -0.0065083 -0.0063263 -0.00616564 -0.00601218 -0.00586285 -0.00572585 -0.00558665 -0.00545856 -0.00531474 -0.00517486 
0 1.13196e-05 2.75471e-05 4.65104e-05 0.000110491 0.000205893 0.000342969 0.00050849 0.000714521 0.000992143 0.00132568 0.00172086 0.00216216 0.00267933 0.00329128 0.0039993 0.00482402 0.0057929 0.00696537 0.00836913 0.0100247 0.0119589 0.0141775 0.0166324 0.0192166 0.0217772 0.0241434 0.026081 0.0273406 0.0277204 0.0270599 0.0252936 0.0224093 0.0185625 0.0140081 0.00905158 0.00405369 -0.00062999 -0.00463955 -0.00773194 -0.00973133 -0.0105301 -0.0101271 -0.00863135 -0.00620057 -0.00303237 0.000657483 0.00462137 0.00866378 0.01265 0.0164135 0.0198767 0.0229822 0.0257042 0.0280143 0.029908 0.0314093 0.0325285 0.0332498 0.0336248 0.0336692 0.0333667 0.0327633 0.0318651 0.030679 0.029214 0.0275019 0.0255555 0.0233928 0.0210309 0.0185222 0.0158499 0.013054 0.0101761 0.00721837 0.00420676 0.00119488 -0.00182355 -0.0048117 -0.00772228 -0.0105392 -0.0132211 -0.0157295 -0.0180403 -0.0201236 -0.02194 -0.0234639 -0.0246618 -0.0255213 -0.0260063 -0.0261126 -0.0258178 -0.0251019 -0.0239717 -0.0224601 -0.0205409 -0.0182567 -0.015653 -0.0127612 -0.00962691 -0.00632984 -0.00289998 0.000569989 0.00401542 0.00738939 0.0106201 0.0136181 0.0163697 0.0188152 0.0209116 0.0226318 0.0239612 0.0248794 0.0254027 0.0255208 0.0252489 0.0245966 0.0235911 0.0222557 0.0206143 0.0186963 0.0165366 0.0141476 0.0115776 0.00886682 0.00601527 0.00307532 7.3755e-05 -0.00299132 -0.0060794 -0.00915034 -0.0122209 -0.0152422 -0.0182 -0.0210786 -0.0238661 -0.0265303 -0.0290611 -0.0314519 -0.0337122 -0.0358111 -0.0377908 -0.0396727 -0.041445 -0.0431607 -0.0448604 -0.0465597 -0.0482948 -0.050109 -0.052014 -0.0540087 -0.0560535 -0.0581323 -0.0601233 -0.0618917 -0.0632941 -0.0641365 -0.064211 -0.0633362 -0.0613917 -0.0583063 -0.0540751 -0.0488118 -0.042739 -0.036103 -0.0292469 -0.0225315 -0.0163342 -0.0109526 -0.00659971 -0.00343259 -0.0014491 -0.000553337 -0.00055865 -0.00125759 -0.00241819 -0.00378846 -0.00516818 -0.00642428 -0.00746525 -0.00824365 -0.00875152 -0.00902872 -0.00913543 -0.00909644 -0.00896306 -0.00876703 -0.00855041 -0.00832481 -0.00808374 -0.00785409 -0.00762933 -0.00742659 -0.00721598 -0.00700153 -0.00680237 -0.00660917 -0.00643199 -0.00623515 -0.00604593 
0 7.07166e-05 0.000140837 0.000206875 0.000319017 0.000461259 0.000637736 0.000834703 0.00106443 0.0013735 0.00173783 0.00216216 0.00263028 0.00317491 0.00383869 0.00460772 0.00551253 0.00657706 0.00786892 0.00943094 0.011265 0.0134089 0.0158468 0.0185276 0.0213314 0.0240893 0.0266277 0.0286917 0.0300223 0.030407 0.0296959 0.0278193 0.0247844 0.020743 0.0159682 0.0107832 0.0055463 0.000652731 -0.00354165 -0.00676741 -0.00884595 -0.00967174 -0.00923803 -0.00766453 -0.00512357 -0.00182012 0.00201535 0.00611196 0.0102765 0.0143438 0.0181543 0.0216143 0.0246604 0.0272679 0.029406 0.031071 0.0322932 0.0330943 0.0334592 0.0334565 0.0331041 0.032402 0.031399 0.0301233 0.0285834 0.0268059 0.0248265 0.0226595 0.0203289 0.0178572 0.0152943 0.0126362 0.00992815 0.00720083 0.00446786 0.00174751 -0.000911792 -0.00351506 -0.0060251 -0.00841567 -0.0106704 -0.0127643 -0.0146661 -0.0163642 -0.017836 -0.0190662 -0.020046 -0.0207652 -0.0212178 -0.0213855 -0.0212738 -0.0208736 -0.0201684 -0.0191656 -0.0178901 -0.0163229 -0.0145021 -0.0124641 -0.0102272 -0.00782579 -0.00531706 -0.00271107 -6.9457e-05 0.00256361 0.00516206 0.00767715 0.0100406 0.0122405 0.0142281 0.0159667 0.0174386 0.0186318 0.0195275 0.0201315 0.0204352 0.0204445 0.0201635 0.0195955 0.0187508 0.0176375 0.016275 0.0146806 0.0128707 0.0108703 0.00870959 0.00638508 0.00394222 0.00139237 -0.00125688 -0.00398133 -0.00674798 -0.00956982 -0.0124016 -0.01523 -0.0180342 -0.0208031 -0.0235109 -0.0261431 -0.0286993 -0.0311804 -0.0335593 -0.0358643 -0.0381223 -0.0403087 -0.042478 -0.0446648 -0.0468785 -0.0491461 -0.0515131 -0.0539759 -0.0565277 -0.0591318 -0.061744 -0.0642479 -0.0664813 -0.0682903 -0.0694679 -0.0697915 -0.0690681 -0.0671843 -0.0640547 -0.0596827 -0.0541952 -0.0478113 -0.0408135 -0.0335432 -0.0263983 -0.0197711 -0.0139713 -0.00923111 -0.00571702 -0.00344159 -0.00231131 -0.00214915 -0.00273807 -0.00384993 -0.00520507 -0.00660196 -0.00790047 -0.00899517 -0.00983866 -0.0103948 -0.0107142 -0.0108459 -0.0108182 -0.0106851 -0.0104733 -0.0102345 -0.00996798 -0.00967658 -0.00939252 -0.00911547 -0.00885836 -0.00858483 -0.00830274 -0.00803942 -0.007795 -0.00756903 -0.00732576 -0.00709166 
0 0.000138729 0.000261565 0.000394779 0.000551438 0.000754476 0.000977537 0.00121055 0.00148681 0.00181946 0.00223002 0.00267933 0.00317491 0.00376358 0.00446616 0.00531851 0.00629971 0.00747345 0.00890507 0.0106223 0.0126687 0.0150209 0.0176923 0.0206025 0.0236112 0.0265683 0.0292549 0.0314326 0.0328239 0.0332101 0.0324515 0.0304857 0.0273181 0.0231221 0.0181671 0.0127792 0.00735613 0.00226309 -0.00209457 -0.00545689 -0.00764184 -0.00852518 -0.00812208 -0.00654276 -0.00396738 -0.000610152 0.00327117 0.00743164 0.0116168 0.0156818 0.0194531 0.0228107 0.0257166 0.0281272 0.0300172 0.0313971 0.0323049 0.032739 0.0327514 0.0323614 0.0316232 0.0305542 0.0291962 0.027583 0.0257589 0.0237331 0.0215479 0.0192493 0.0168307 0.0143374 0.01181 0.00926083 0.00670342 0.00421182 0.00176524 -0.000601196 -0.00285333 -0.00496941 -0.00696218 -0.00877246 -0.010408 -0.0118616 -0.0131206 -0.0141544 -0.0149885 -0.0156141 -0.0160257 -0.0162358 -0.0162687 -0.0161033 -0.0157467 -0.0152265 -0.0145428 -0.0136885 -0.0126738 -0.0115165 -0.0102389 -0.00885459 -0.00735956 -0.00579131 -0.00417542 -0.00250729 -0.000796243 0.000920703 0.00263131 0.00431468 0.00595556 0.00752778 0.00898793 0.0103181 0.0115262 0.0125809 0.0134502 0.0141484 0.0146646 0.0149752 0.015076 0.01498 0.0146518 0.0140958 0.0133261 0.012352 0.0111479 0.00976509 0.00819553 0.0064413 0.00452281 0.00248021 0.000274916 -0.0020396 -0.00444976 -0.00695627 -0.00954131 -0.0121526 -0.0148102 -0.0174888 -0.0201541 -0.0228131 -0.02546 -0.0280764 -0.0306569 -0.0332298 -0.0357788 -0.038336 -0.0409074 -0.0435383 -0.0462387 -0.0490338 -0.0519407 -0.0549856 -0.0581194 -0.061308 -0.0645054 -0.067549 -0.0702958 -0.072557 -0.0741181 -0.0747434 -0.0742509 -0.0724908 -0.0694097 -0.0649936 -0.059371 -0.0527945 -0.0455227 -0.037945 -0.0304604 -0.0234745 -0.0173167 -0.0122319 -0.00838689 -0.00582619 -0.00445208 -0.00409656 -0.00456833 -0.00559124 -0.00692406 -0.0083231 -0.0096485 -0.010808 -0.0116959 -0.0123158 -0.0126698 -0.0128201 -0.0128072 -0.0126555 -0.0124337 -0.0121584 -0.0118478 -0.0115057 -0.0111564 -0.0108296 -0.0105073 -0.0101704 -0.00981993 -0.0094886 -0.00919364 -0.0089126 -0.0086246 -0.00834417 
0 0.00020042 0.000394215 0.000577882 0.000804241 0.00106007 0.00133877 0.00163305 0.00194831 0.0023451 0.00279222 0.00329128 0.00383869 0.00446616 0.0052511 0.00616327 0.00725096 0.00854009 0.0101021 0.0120109 0.0142423 0.0168348 0.0197322 0.0228649 0.0260943 0.0292276 0.0320686 0.0343462 0.0357895 0.0361749 0.0353768 0.0333119 0.0300443 0.0257034 0.0205844 0.0150382 0.00941159 0.00416149 -0.000381209 -0.00389955 -0.00620974 -0.00721376 -0.00690319 -0.00539306 -0.00287797 0.000430767 0.0042812 0.00837471 0.0125196 0.0164822 0.020126 0.0233239 0.0260134 0.0281639 0.0297693 0.0308305 0.0313851 0.0314816 0.0311202 0.0303834 0.0293012 0.0279147 0.0262601 0.0244102 0.0223579 0.0201692 0.0178763 0.015502 0.0130847 0.0106657 0.00825368 0.00588105 0.00358534 0.00136569 -0.000728809 -0.00268088 -0.00446877 -0.0060886 -0.00749871 -0.00871964 -0.00972522 -0.0105176 -0.0110871 -0.0114771 -0.0116698 -0.0116899 -0.0115502 -0.0112807 -0.0108702 -0.010374 -0.00981173 -0.00918958 -0.00850253 -0.00780731 -0.00711415 -0.00641981 -0.00571243 -0.00502341 -0.00434899 -0.0036796 -0.00299132 -0.0022985 -0.00159405 -0.000866231 -8.4869e-05 0.000728021 0.0015634 0.00242599 0.00334051 0.0042617 0.00516765 0.00604932 0.00691217 0.00770442 0.00842003 0.00903231 0.00952877 0.00986735 0.0100643 0.0100886 0.00992934 0.00955896 0.0090047 0.00823383 0.00726423 0.00609791 0.00474698 0.00319443 0.0014843 -0.000389118 -0.0024082 -0.0045487 -0.00680216 -0.00916102 -0.011599 -0.014107 -0.0166822 -0.0192818 -0.0219296 -0.024603 -0.0273034 -0.0300302 -0.0328219 -0.0356466 -0.0385583 -0.0415766 -0.0447128 -0.0479883 -0.0514338 -0.0550287 -0.0587429 -0.0625406 -0.0663012 -0.0699253 -0.0731981 -0.0759417 -0.0779287 -0.0789161 -0.0786991 -0.0771602 -0.0741949 -0.0698233 -0.0641887 -0.0574886 -0.0500774 -0.0422814 -0.0345567 -0.0273069 -0.0208574 -0.0154884 -0.0113613 -0.00853377 -0.00692858 -0.00639804 -0.00672273 -0.00767564 -0.00895151 -0.0103481 -0.0117027 -0.0128872 -0.0138463 -0.014497 -0.0148981 -0.0150669 -0.0150488 -0.0149036 -0.0146492 -0.0143523 -0.0139936 -0.013597 -0.013196 -0.0128037 -0.0124247 -0.0120178 -0.0116001 -0.0112048 -0.0108476 -0.0105121 -0.0101685 -0.00983851 
0 0.0002748 0.000526228 0.000797367 0.00107509 0.0014071 0.00174761 0.00209795 0.0024926 0.00292998 0.00345101 0.0039993 0.00460772 0.00531851 0.00616327 0.00719046 0.00837978 0.00980897 0.0115376 0.0136166 0.0160787 0.0188872 0.0220217 0.0253787 0.0288072 0.0321301 0.0351064 0.0374754 0.0389619 0.0393387 0.0384791 0.0363295 0.0329335 0.028463 0.0231891 0.017457 0.0116651 0.0062115 0.00148069 -0.00222836 -0.00472527 -0.00589676 -0.00574964 -0.00439822 -0.00201947 0.00115509 0.00484821 0.00881673 0.0127917 0.0165814 0.0200347 0.0230052 0.0254517 0.0273298 0.0286237 0.0293675 0.0295969 0.0293357 0.0286729 0.0276273 0.0262621 0.024636 0.0227766 0.0207371 0.0185692 0.0163041 0.0139781 0.0116428 0.00930777 0.0070185 0.00479336 0.0026783 0.000672269 -0.00117561 -0.00286122 -0.00436495 -0.00567253 -0.00674189 -0.00759463 -0.0081998 -0.00856277 -0.00871086 -0.00865677 -0.00839779 -0.0079788 -0.00742746 -0.00676463 -0.00603152 -0.00526185 -0.00448158 -0.003706 -0.00299337 -0.00238939 -0.00190014 -0.00151374 -0.00128294 -0.00120011 -0.00123854 -0.00136994 -0.00159085 -0.00186259 -0.00216743 -0.00244616 -0.0026897 -0.00288114 -0.00297896 -0.00292647 -0.00274952 -0.0024394 -0.00198205 -0.00137173 -0.000648763 0.000155249 0.00101314 0.00190784 0.00279121 0.00364068 0.00443863 0.00512905 0.00568829 0.00610943 0.0063607 0.0064083 0.00626287 0.00588955 0.0052967 0.00448567 0.00347819 0.00226129 0.000865384 -0.000715591 -0.00245775 -0.00436727 -0.00640072 -0.00857138 -0.0108571 -0.0132397 -0.0157199 -0.0182945 -0.0209341 -0.0236624 -0.026481 -0.0293804 -0.0324158 -0.0355802 -0.0389075 -0.0424255 -0.0461368 -0.050046 -0.0541632 -0.0584179 -0.0627708 -0.0671146 -0.0712841 -0.0751091 -0.0783574 -0.0807942 -0.082179 -0.0823056 -0.0810221 -0.0782601 -0.0740221 -0.0684423 -0.0617579 -0.0542748 -0.0463857 -0.0385197 -0.0310866 -0.0244417 -0.0188558 -0.014503 -0.0114585 -0.00965469 -0.00895525 -0.00916745 -0.0100185 -0.0112575 -0.0126417 -0.0140059 -0.0152461 -0.0162383 -0.0169619 -0.0174028 -0.0175958 -0.0176008 -0.0174353 -0.0171819 -0.0168423 -0.0164401 -0.0159961 -0.0155236 -0.0150806 -0.0146226 -0.0141527 -0.0136691 -0.0132035 -0.0127941 -0.0123898 -0.0119995 -0.0116161 
0 0.000354602 0.000697185 0.00104505 0.00141144 0.00181349 0.00222594 0.00265504 0.00311329 0.00362839 0.00420557 0.00482402 0.00551253 0.00629971 0.00725096 0.00837978 0.00971321 0.0113066 0.0132171 0.0155195 0.0182071 0.0212708 0.0246432 0.0282172 0.0318451 0.0353225 0.0384094 0.0408341 0.0423259 0.0426654 0.0417343 0.0394657 0.0359511 0.0313295 0.0258822 0.0199673 0.0139549 0.00829688 0.00333071 -0.000611965 -0.0033333 -0.00473829 -0.00482912 -0.00371027 -0.00156689 0.00137295 0.00484274 0.0085714 0.0123336 0.0158821 0.0190858 0.0218022 0.0239761 0.0255623 0.0265722 0.0270313 0.0269679 0.0264423 0.0255107 0.0242284 0.0226508 0.0208539 0.0188641 0.016761 0.0145526 0.0123079 0.0100512 0.00781372 0.00563784 0.00357173 0.00160251 -0.000208415 -0.00184477 -0.00331103 -0.00455716 -0.00556732 -0.00634432 -0.00687159 -0.00713361 -0.00715684 -0.00692905 -0.00647293 -0.00579786 -0.00496828 -0.00399797 -0.0029324 -0.00181114 -0.00069109 0.000422175 0.00143224 0.00231006 0.00302377 0.0035438 0.00381055 0.00382988 0.00356754 0.00307206 0.00235007 0.00142083 0.000328519 -0.000838998 -0.00208643 -0.00333565 -0.00452759 -0.00560946 -0.00655198 -0.00728941 -0.00781485 -0.00806071 -0.00804496 -0.00778672 -0.00729693 -0.00656861 -0.00568553 -0.00465795 -0.00353946 -0.00237043 -0.00120579 -5.59832e-05 0.00101505 0.00197532 0.00277204 0.00340409 0.00382342 0.00402305 0.00400762 0.00376004 0.00326461 0.00256375 0.00164309 0.00050129 -0.000813171 -0.00232403 -0.00401761 -0.00587086 -0.00787434 -0.0100336 -0.0123074 -0.0147222 -0.0172511 -0.0199258 -0.0227353 -0.0257047 -0.0288488 -0.0321923 -0.0357471 -0.0395469 -0.0436009 -0.0479107 -0.052465 -0.0572068 -0.0620841 -0.0669396 -0.0716481 -0.0759873 -0.0797279 -0.0826235 -0.0844282 -0.0849229 -0.0839625 -0.0814521 -0.0774172 -0.071994 -0.0653847 -0.0579581 -0.0500665 -0.0421677 -0.0346652 -0.0279079 -0.0221923 -0.0176779 -0.0144554 -0.0124836 -0.0116435 -0.0117366 -0.0125209 -0.0137198 -0.0151164 -0.0165235 -0.0178133 -0.018892 -0.0196822 -0.0201956 -0.0204329 -0.0204542 -0.0203026 -0.0200259 -0.0196604 -0.019208 -0.0187072 -0.018178 -0.0176593 -0.0171341 -0.0165912 -0.0160443 -0.0155201 -0.0150467 -0.0145905 -0.014148 -0.0137229 
0 0.000451015 0.000891382 0.00134304 0.00180243 0.00229326 0.00278898 0.00330188 0.00384713 0.00443832 0.00509356 0.0057929 0.00657706 0.00747345 0.00854009 0.00980897 0.0113066 0.0130965 0.0152248 0.0177589 0.0206956 0.0240087 0.0276165 0.0313959 0.0351965 0.0388027 0.0419631 0.0443994 0.0458537 0.0461153 0.0450653 0.042655 0.0389801 0.0341923 0.0285582 0.0224332 0.0161973 0.0102921 0.00505455 0.000819444 -0.00220414 -0.00392165 -0.00433089 -0.00353379 -0.00169749 0.000938495 0.00410583 0.00754733 0.0110261 0.0142958 0.0172246 0.0196758 0.0215892 0.0229197 0.0236762 0.0238992 0.0236082 0.0228711 0.0217626 0.0203328 0.0186363 0.0167601 0.0147327 0.0126254 0.0104661 0.00832288 0.00621806 0.00417739 0.0022455 0.000454068 -0.00120256 -0.00265979 -0.00390039 -0.00492972 -0.00569948 -0.00620795 -0.00645881 -0.00643582 -0.006135 -0.00558572 -0.00478946 -0.0037861 -0.00259101 -0.00125879 0.000186315 0.00168914 0.0031911 0.00462409 0.00596076 0.00710766 0.00803616 0.00869708 0.0090326 0.00901673 0.0086744 0.00795467 0.00689403 0.00552924 0.00388534 0.0020151 1.29774e-05 -0.00209601 -0.00420683 -0.00624472 -0.00815916 -0.00987619 -0.0113081 -0.0124628 -0.0132787 -0.0137326 -0.0138328 -0.0135926 -0.0130141 -0.0121727 -0.0110821 -0.00979894 -0.00837926 -0.0068875 -0.00536251 -0.00387535 -0.00245549 -0.00115945 -5.72707e-06 0.000953417 0.0016968 0.00221906 0.00250307 0.00252959 0.0023338 0.00189303 0.00120331 0.000310311 -0.000801263 -0.00212057 -0.00361849 -0.00529291 -0.00715436 -0.00917614 -0.0113759 -0.0137366 -0.0162925 -0.0190278 -0.0219676 -0.0251451 -0.0285767 -0.0322707 -0.0362754 -0.0405873 -0.0452037 -0.0501127 -0.0552572 -0.0605709 -0.0658898 -0.0710709 -0.0758891 -0.0800881 -0.0834104 -0.0856172 -0.0864771 -0.0858427 -0.0836237 -0.0798508 -0.0746502 -0.0682248 -0.0609394 -0.0531571 -0.0453223 -0.037836 -0.0310601 -0.0252869 -0.0206834 -0.0173457 -0.0152585 -0.0143177 -0.0143321 -0.0150678 -0.0162609 -0.0176936 -0.019165 -0.0205424 -0.0217196 -0.0226175 -0.0232213 -0.0235257 -0.0235925 -0.0234578 -0.023179 -0.0227829 -0.0222875 -0.0217379 -0.0211503 -0.0205699 -0.0199759 -0.0193739 -0.0187736 -0.0181952 -0.017667 -0.0171539 -0.0166664 -0.0161992 
0 0.000557719 0.00110258 0.0016747 0.00223652 0.00283377 0.00343141 0.00404621 0.00470825 0.00539577 0.00615948 0.00696537 0.00786892 0.00890507 0.0101021 0.0115376 0.0132171 0.0152248 0.0175942 0.0203668 0.0235666 0.0271244 0.0309601 0.0349248 0.038859 0.0425468 0.0457201 0.0481043 0.0494578 0.0495866 0.0483648 0.0457776 0.0419007 0.0369166 0.0310686 0.0246976 0.0182149 0.0120196 0.00647559 0.0018997 -0.00148501 -0.00358016 -0.0043818 -0.00398734 -0.00253762 -0.00027388 0.00252974 0.00565242 0.00882078 0.0118122 0.0144725 0.0166739 0.0183507 0.0194639 0.0200168 0.020067 0.0196331 0.0187663 0.0175737 0.0160817 0.0143578 0.0124889 0.0105225 0.0085003 0.00648388 0.00451913 0.00263202 0.000850998 -0.000776746 -0.00223224 -0.00351261 -0.00456124 -0.00537638 -0.00594479 -0.00623391 -0.00623516 -0.00596272 -0.00539641 -0.00456808 -0.00349081 -0.00219009 -0.000697916 0.000946521 0.00270381 0.00451888 0.00634547 0.008108 0.00974951 0.0112067 0.0123909 0.0132623 0.0137852 0.0138883 0.0135688 0.0128456 0.0116795 0.010103 0.00817265 0.0059055 0.00336906 0.000658651 -0.0021759 -0.00501989 -0.00777327 -0.0103883 -0.0127693 -0.0148259 -0.0165503 -0.0178881 -0.0187909 -0.0192726 -0.0193287 -0.0189626 -0.0182239 -0.0171492 -0.0157918 -0.0142294 -0.0125112 -0.0107073 -0.00888052 -0.00708067 -0.00535643 -0.00375862 -0.00231469 -0.00107122 -3.7888e-05 0.000749144 0.00127939 0.00155767 0.0015807 0.00134073 0.000877933 0.000180346 -0.000742754 -0.00187081 -0.00320156 -0.00473663 -0.00647487 -0.00840989 -0.0105502 -0.0129252 -0.0155296 -0.0183697 -0.0215138 -0.0249477 -0.0286941 -0.0328105 -0.0372889 -0.0421215 -0.0473026 -0.052767 -0.0584243 -0.0641238 -0.0696798 -0.0748924 -0.0794707 -0.0831596 -0.0857257 -0.0869322 -0.0866179 -0.0847101 -0.0812337 -0.0762996 -0.0701328 -0.06306 -0.0554821 -0.0478034 -0.0404259 -0.0337248 -0.0279719 -0.0233513 -0.0199591 -0.017808 -0.0168067 -0.0167836 -0.0175012 -0.0187316 -0.0202382 -0.0218122 -0.0233216 -0.024626 -0.0256727 -0.0263934 -0.0267943 -0.0269376 -0.0268407 -0.0265887 -0.0261782 -0.0256626 -0.0250841 -0.0244527 -0.0238272 -0.0231721 -0.0225238 -0.0218795 -0.0212531 -0.020677 -0.0201111 -0.0195883 -0.0190874 
