0 0 0 0 0 0 0 0 0 0 0 0 0 0 0 0 0 0 0 0 0 0 0 0 0 0 0 0 0 0 0 0 0 0 0 0 0 0 0 0 0 0 0 0 0 0 0 0 0 0 0 0 0 0 0 0 0 0 0 0 0 0 0 0 0 0 0 0 0 0 0 0 0 0 0 0 0 0 0 0 0 0 0 0 0 0 0 0 0 0 0 0 0 0 0 0 0 0 0 0 0 0 0 0 0 0 0 0 0 0 0 0 0 0 0 0 0 0 0 0 0 0 0 0 0 0 0 0 0 0 0 0 0 0 0 0 0 0 0 0 0 0 0 0 0 0 0 0 0 0 0 0 0 0 0 0 0 0 0 0 0 0 0 0 0 0 0 0 0 0 0 0 0 0 0 0 0 0 0 0 0 0 0 0 0 0 0 0 0 0 0 0 0 0 0 0 0 0 0 0 
0 1.54576e-05 2.57835e-05 2.72543e-05 4.55922e-05 5.76116e-05 6.48026e-05 6.32233e-05 6.468e-05 7.93617e-05 8.43117e-05 8.89916e-05 9.43856e-05 0.000109416 0.000124925 0.000133755 0.000144998 0.000161817 0.000178899 0.00019085 0.000200097 0.000199767 0.00019661 0.000184892 0.000177762 0.00016615 0.000143426 0.0001298 0.000122448 0.000128925 0.000134473 0.000149407 0.00018171 0.00022602 0.000285097 0.000364419 0.000462328 0.000574815 0.00072209 0.000901845 0.00111983 0.00135607 0.00160274 0.00185131 0.00205842 0.0022154 0.00229714 0.00226602 0.00211494 0.00184125 0.00145178 0.000979529 0.000447882 -9.05025e-05 -0.000599575 -0.00105741 -0.00140892 -0.00164784 -0.00176862 -0.00175168 -0.0016156 -0.00138007 -0.00104784 -0.000644549 -0.00018813 0.000314681 0.000852202 0.00141686 0.00200266 0.00261411 0.00323933 0.0038779 0.00452542 0.00516944 0.00580144 0.00641796 0.00700095 0.00755047 0.00805307 0.0084919 0.00886138 0.00914306 0.00932264 0.0094004 0.00936643 0.00921492 0.00895719 0.00859579 0.00814425 0.00761598 0.00703372 0.00641025 0.00575253 0.00507198 0.00439138 0.00371123 0.00305374 0.00241824 0.001789 0.00118108 0.000612765 4.02816e-05 -0.000546426 -0.00114069 -0.00175094 -0.00238816 -0.00304841 -0.00374095 -0.00444951 -0.00516546 -0.00587801 -0.00657873 -0.00725529 -0.00789095 -0.00846061 -0.00895845 -0.00936101 -0.00965407 -0.00984 -0.00991195 -0.00986638 -0.00971649 -0.00946815 -0.00913341 -0.00873188 -0.00827659 -0.00778761 -0.00727675 -0.00676501 -0.00626929 -0.00580431 -0.00538554 -0.00502851 -0.00473252 -0.0045058 -0.00434001 -0.00422995 -0.00415852 -0.00410271 -0.00404849 -0.00395906 -0.00380721 -0.00358827 -0.00327313 -0.00285958 -0.00237848 -0.00182374 -0.00123243 -0.000646063 -8.41624e-05 0.000410531 0.000809916 0.00109358 0.00125101 0.00129678 0.00124217 0.00111056 0.000948563 0.000761611 0.000574739 0.000412494 0.000277389 0.00017714 0.000107867 6.98546e-05 4.46935e-05 2.54887e-05 1.0323e-05 6.36204e-06 -2.9861e-06 -2.0253e-05 -3.83237e-05 -6.9646e-05 -0.00010124 -0.000136069 -0.000163196 -0.000192614 -0.000230856 -0.000262181 -0.000284132 -0.000302532 -0.000322382 -0.000337067 -0.000343282 -0.00033862 -0.000338317 -0.0003312 -0.000326465 -0.000323307 -0.000313215 -0.000308719 -0.000293958 -0.000294137 -0.00029152 -0.000286241 -0.000288653 -0.000287146 -0.000301114 -0.000298638 -0.000297388 
0 2.57835e-05 3.14982e-05 4.25826e-05 6.31491e-05 9.35694e-05 0.000108007 0.000106671 0.000124757 0.000151135 0.000175923 0.000187588 0.000204029 0.000240108 0.000270076 0.000290728 0.000311159 0.0003378 0.00036452 0.000381521 0.000385059 0.000387761 0.000368903 0.000352894 0.000342902 0.000315101 0.000292524 0.000251919 0.000253885 0.000260955 0.000265844 0.000305075 0.000351495 0.000449402 0.000563189 0.000724367 0.000928065 0.00116285 0.00145915 0.00183473 0.00226544 0.002738 0.00323743 0.00370973 0.00413469 0.00442775 0.00458459 0.00451924 0.00420775 0.00365784 0.0028896 0.00194395 0.000895134 -0.000161602 -0.00118721 -0.00207909 -0.00279465 -0.0032772 -0.00352119 -0.0034899 -0.00322464 -0.00272749 -0.00206074 -0.00123955 -0.000305187 0.000695917 0.00177787 0.00291298 0.00407921 0.0052934 0.00655083 0.00779503 0.00908148 0.0103518 0.0115978 0.0128101 0.0139784 0.0150371 0.0160174 0.0168647 0.0175679 0.0180989 0.0184613 0.0185983 0.0185216 0.0182318 0.0177308 0.0170187 0.0161566 0.0151397 0.0139892 0.0127585 0.0114697 0.0101386 0.00881278 0.00748338 0.00615705 0.00488086 0.00365492 0.00245612 0.00126703 8.26696e-05 -0.00108441 -0.00226721 -0.00351466 -0.00480133 -0.00612002 -0.00749217 -0.00888467 -0.0102918 -0.0117155 -0.0131043 -0.0144202 -0.0156673 -0.0167872 -0.017751 -0.0185379 -0.0191328 -0.0194884 -0.0196286 -0.0195492 -0.0192661 -0.0187811 -0.0181616 -0.0173791 -0.0164938 -0.01554 -0.014545 -0.0135249 -0.0125728 -0.0116527 -0.0108286 -0.0101282 -0.00954524 -0.00908448 -0.0087717 -0.00854896 -0.0084003 -0.00829591 -0.00816452 -0.00797069 -0.00765547 -0.00720202 -0.00655922 -0.00575081 -0.00477433 -0.00368572 -0.00250605 -0.00133018 -0.000209767 0.000784334 0.00159746 0.00216582 0.00249404 0.00260281 0.00248728 0.00225091 0.00191575 0.00154732 0.0011723 0.000835312 0.000560649 0.000355291 0.0002081 0.000135202 8.89953e-05 4.45605e-05 3.38739e-05 8.31245e-06 -3.50442e-07 -4.26798e-05 -9.2012e-05 -0.000147234 -0.000230667 -0.000291408 -0.000352983 -0.000410472 -0.000477789 -0.000536552 -0.00056953 -0.000595353 -0.000627095 -0.00064841 -0.000654924 -0.000653725 -0.00064657 -0.000647345 -0.000638058 -0.000637525 -0.000632568 -0.000617602 -0.000612066 -0.000605164 -0.00061009 -0.000602067 -0.000593191 -0.000601179 -0.000603573 -0.000605306 -0.000591661 
0 2.72543e-05 4.25826e-05 3.97364e-05 7.83779e-05 0.000112361 0.000139511 0.000152148 0.000179095 0.000237441 0.00027267 0.000300641 0.000328204 0.000377224 0.000422984 0.000448152 0.000472483 0.000505724 0.000536486 0.0005528 0.000563143 0.000555474 0.000544323 0.000519289 0.000506617 0.00048229 0.00043122 0.000397346 0.000382489 0.000399418 0.000415854 0.000459203 0.000548208 0.000678193 0.000853806 0.00109256 0.00139276 0.00174638 0.00220328 0.00275985 0.00342173 0.00413514 0.00487134 0.00559475 0.00619667 0.00663792 0.00685184 0.00673987 0.00627695 0.00546049 0.00431337 0.00292337 0.00136551 -0.000217473 -0.0017235 -0.003074 -0.00412665 -0.00484531 -0.00520507 -0.0051553 -0.00473805 -0.0040049 -0.00297853 -0.00173025 -0.000318497 0.00122222 0.0028583 0.00456047 0.00631015 0.00811675 0.00995402 0.0118159 0.0136973 0.0155631 0.0173888 0.0191597 0.0208277 0.0223796 0.023782 0.0249905 0.0259885 0.0267357 0.027203 0.0273892 0.0272752 0.0268503 0.0261357 0.0251366 0.0238854 0.0224124 0.0207721 0.0190055 0.0171348 0.0151953 0.0132457 0.0112894 0.00937167 0.00749387 0.0056182 0.00377552 0.00200442 0.000216492 -0.00160396 -0.0034389 -0.00530874 -0.0072317 -0.00920145 -0.0112413 -0.0133142 -0.0153966 -0.0174626 -0.0194817 -0.0214169 -0.0232243 -0.0248403 -0.0262438 -0.0273823 -0.0282213 -0.0287621 -0.0289902 -0.0288981 -0.0285144 -0.0278542 -0.0269507 -0.0258489 -0.0245869 -0.0232189 -0.0217807 -0.020329 -0.0189189 -0.0175895 -0.016389 -0.0153609 -0.0145074 -0.0138457 -0.0133589 -0.0130218 -0.0127869 -0.0125905 -0.0123833 -0.012069 -0.0115753 -0.0108802 -0.00991291 -0.00867093 -0.00722472 -0.00557494 -0.00381613 -0.00206282 -0.000380427 0.00111271 0.00233181 0.00321057 0.00371971 0.00389024 0.00375359 0.00338316 0.00289886 0.00233463 0.00176389 0.00125889 0.000837849 0.000524796 0.000310893 0.000194399 0.000122223 6.92438e-05 2.9927e-05 1.17583e-05 -2.12169e-05 -7.91695e-05 -0.000144353 -0.000241675 -0.000343114 -0.000448166 -0.00053343 -0.000622102 -0.000727056 -0.000808764 -0.000858781 -0.00089325 -0.000929978 -0.000955493 -0.000964487 -0.000954289 -0.000956642 -0.000948584 -0.00094626 -0.000949559 -0.000939116 -0.000940139 -0.000921792 -0.000933879 -0.000935673 -0.00092225 -0.000917928 -0.00090582 -0.000923849 -0.000904447 -0.000888987 
0 4.55922e-05 6.31491e-05 7.83779e-05 0.000115276 0.00016649 0.000198591 0.000212418 0.000253527 0.000312006 0.000360719 0.000389568 0.00042486 0.000489926 0.000549065 0.000589617 0.000627067 0.00067019 0.00071098 0.000734391 0.000738482 0.00073791 0.00071141 0.000686968 0.000670125 0.000629661 0.000587539 0.000531177 0.000533092 0.000553178 0.000576691 0.000650159 0.000754011 0.000937838 0.00116821 0.00148453 0.00188526 0.00236122 0.00295984 0.00370632 0.00456772 0.00550823 0.00648918 0.00742211 0.00823859 0.0088106 0.00909144 0.00894567 0.00832465 0.00723699 0.00572608 0.00387815 0.00183039 -0.00024316 -0.00223776 -0.00398384 -0.00537275 -0.00630881 -0.0067622 -0.00667891 -0.00611469 -0.00509582 -0.00371661 -0.00202917 -0.000114364 0.00194696 0.00414631 0.00643224 0.00876366 0.0111528 0.0135835 0.0159875 0.0184219 0.0208151 0.0231472 0.0253987 0.0275408 0.0294847 0.0312461 0.032749 0.0339682 0.0348639 0.0354369 0.0356261 0.0354448 0.0348984 0.0339927 0.0327293 0.0311829 0.0293543 0.0272785 0.0250324 0.0226568 0.020187 0.0176935 0.0151719 0.0126384 0.0101463 0.00768774 0.00524046 0.00279313 0.000334451 -0.0021148 -0.00458201 -0.00712205 -0.00970702 -0.0123269 -0.0150082 -0.0177064 -0.0204066 -0.0230973 -0.025701 -0.0281566 -0.0304523 -0.0325042 -0.034271 -0.0357202 -0.036824 -0.037526 -0.0378472 -0.0377775 -0.0373356 -0.0365303 -0.0354454 -0.0340673 -0.0324846 -0.0307618 -0.0289523 -0.0271033 -0.0253422 -0.0236499 -0.0221177 -0.0207947 -0.0196802 -0.0187875 -0.0181418 -0.0176663 -0.0173216 -0.0170453 -0.0167234 -0.0162738 -0.0155945 -0.01464 -0.0133307 -0.0116889 -0.00973383 -0.00754744 -0.00519827 -0.0028482 -0.00060743 0.00138795 0.00302309 0.00419126 0.00488238 0.0051268 0.00494465 0.00449156 0.00384553 0.00311495 0.00236921 0.00169328 0.00113489 0.000711948 0.000414563 0.000251839 0.000149599 6.57938e-05 2.84393e-05 -1.75576e-05 -4.97993e-05 -0.000127174 -0.00021946 -0.00032827 -0.000472587 -0.000591503 -0.000706982 -0.000821109 -0.000948969 -0.00105884 -0.00112414 -0.00117298 -0.00122603 -0.0012643 -0.00128171 -0.00128518 -0.00128301 -0.0012847 -0.00127431 -0.00127252 -0.00126296 -0.00124448 -0.00123627 -0.00123439 -0.00124111 -0.00122572 -0.00120675 -0.00120989 -0.0012154 -0.00121125 -0.00119196 
0 5.76116e-05 9.35694e-05 0.000112361 0.00016649 0.000222665 0.000263375 0.000287827 0.000330576 0.000400134 0.000449433 0.00048445 0.000525928 0.000597048 0.000667324 0.000716621 0.00076161 0.000814929 0.000865246 0.000896465 0.000913309 0.000909747 0.000891817 0.000860963 0.000835812 0.000794513 0.000732243 0.000686431 0.000681749 0.000716337 0.000763004 0.000852315 0.00100159 0.00122274 0.00151603 0.0019058 0.00239574 0.00298556 0.00373133 0.00464428 0.00571476 0.00688053 0.00808724 0.00925485 0.0102496 0.0109677 0.0113029 0.0111164 0.0103493 0.00900359 0.00712894 0.00485204 0.00232365 -0.000245209 -0.00268615 -0.0048371 -0.00651929 -0.00764376 -0.00816186 -0.00802448 -0.00727906 -0.005995 -0.00423953 -0.00210809 0.000304983 0.00292317 0.00569466 0.00855883 0.0114736 0.0144301 0.0173933 0.0203346 0.0232558 0.0261122 0.0288755 0.031524 0.0340069 0.0362818 0.0383109 0.0400333 0.0414145 0.0424125 0.0430036 0.0431777 0.0429293 0.0422623 0.0411944 0.0397378 0.0379327 0.0358073 0.0334122 0.0308043 0.0280146 0.0250897 0.0220962 0.0190483 0.0159829 0.012918 0.00982754 0.00673408 0.00366366 0.000562384 -0.00257231 -0.005725 -0.00891641 -0.0121451 -0.015404 -0.0187081 -0.0220157 -0.0252911 -0.028503 -0.0315961 -0.0345181 -0.0372206 -0.0396337 -0.0417221 -0.0434399 -0.0447488 -0.0456314 -0.0460728 -0.0460601 -0.0456098 -0.0447403 -0.0435007 -0.0419394 -0.0401255 -0.0381386 -0.036042 -0.0339122 -0.0318372 -0.0298609 -0.0280526 -0.0264681 -0.0251207 -0.0240301 -0.0231946 -0.0225701 -0.0220975 -0.0216915 -0.0212529 -0.0206499 -0.0197704 -0.0185468 -0.0168923 -0.0148053 -0.0123541 -0.00959303 -0.00665335 -0.00371162 -0.000905911 0.00158886 0.00363045 0.00510885 0.00598945 0.00630655 0.00612011 0.00556239 0.00478592 0.00388522 0.00296814 0.00213753 0.00143998 0.000907126 0.000532594 0.000307148 0.000160813 5.32236e-05 -1.93106e-05 -6.83322e-05 -0.000122142 -0.0002046 -0.000302636 -0.000433516 -0.000580852 -0.000726525 -0.000857717 -0.000997352 -0.00115483 -0.00128871 -0.00138185 -0.00145334 -0.00152495 -0.00158065 -0.00161184 -0.00161889 -0.00162421 -0.00161749 -0.00160686 -0.00159824 -0.00157717 -0.00155921 -0.00153568 -0.00153804 -0.00153627 -0.00151797 -0.00150353 -0.00149766 -0.00151836 -0.00151057 -0.00150072 
0 6.48026e-05 0.000108007 0.000139511 0.000198591 0.000263375 0.000312635 0.000349191 0.000402611 0.000478219 0.000539403 0.000586208 0.000641762 0.000723451 0.000804246 0.000863078 0.00091444 0.000969918 0.00102197 0.00105515 0.00106935 0.00106441 0.00104109 0.00100902 0.00097847 0.000934706 0.00087872 0.000840117 0.000849134 0.000897622 0.000966869 0.00108204 0.00126357 0.00152901 0.00188398 0.00234996 0.00293603 0.00365087 0.00454255 0.00563177 0.00689764 0.00828002 0.00970852 0.0110807 0.0122562 0.0130992 0.0134782 0.0132466 0.0123274 0.0107236 0.00850327 0.00580772 0.00282982 -0.000196194 -0.00306484 -0.00557385 -0.00753406 -0.00882829 -0.00938982 -0.00917931 -0.00823991 -0.00664864 -0.00449985 -0.00190204 0.00103128 0.00420197 0.00754237 0.0109803 0.0144595 0.0179559 0.0214299 0.0248435 0.0281924 0.0314373 0.0345466 0.0374961 0.0402397 0.0427252 0.0449161 0.0467585 0.0482131 0.0492457 0.0498368 0.0499686 0.0496406 0.0488653 0.0476582 0.0460389 0.0440503 0.0417174 0.0390789 0.0361887 0.0330823 0.029801 0.0263968 0.0228864 0.0193019 0.0156762 0.012007 0.0083045 0.00458168 0.000821191 -0.00296749 -0.0067798 -0.0106319 -0.0145088 -0.0183918 -0.0222769 -0.0261245 -0.029901 -0.0335733 -0.0370817 -0.0403731 -0.0434064 -0.0461197 -0.0484717 -0.0504239 -0.0519369 -0.0529812 -0.0535445 -0.0536164 -0.0532059 -0.0523356 -0.051053 -0.0494028 -0.0474607 -0.0453113 -0.0430278 -0.0406956 -0.0384082 -0.0362164 -0.0341926 -0.032396 -0.030848 -0.0295712 -0.0285689 -0.0277938 -0.0271815 -0.0266392 -0.0260439 -0.0252547 -0.0241443 -0.0226191 -0.020596 -0.0180704 -0.0151031 -0.0117798 -0.00824788 -0.00470525 -0.0013344 0.00166914 0.00413203 0.00592821 0.00701815 0.00743318 0.00725259 0.00662998 0.00572819 0.00467628 0.00359836 0.0026072 0.00176927 0.00111746 0.000653278 0.000358031 0.000162989 2.26227e-05 -7.27814e-05 -0.000141711 -0.000210001 -0.000303484 -0.000418533 -0.000563708 -0.000729592 -0.000890794 -0.00104106 -0.00119884 -0.00136887 -0.0015177 -0.0016256 -0.00171247 -0.00179658 -0.0018655 -0.00190856 -0.00192685 -0.00193599 -0.00193397 -0.00192662 -0.00191878 -0.0019013 -0.00188029 -0.00185979 -0.00185734 -0.00185229 -0.0018339 -0.00181662 -0.00181292 -0.00182671 -0.00182029 -0.00180802 
0 6.32233e-05 0.000106671 0.000152148 0.000212418 0.000287827 0.000349191 0.000403076 0.000473956 0.0005584 0.000639264 0.000703783 0.000776972 0.000866642 0.000952127 0.00101582 0.00106768 0.00111796 0.00116415 0.00119453 0.0012015 0.00119634 0.00116943 0.00114329 0.00111464 0.00107473 0.00103725 0.00101083 0.00103978 0.00110325 0.00119752 0.00134258 0.00155404 0.00186317 0.00227624 0.00281485 0.00349471 0.00433741 0.0053777 0.00664837 0.00811017 0.0097086 0.0113547 0.0129153 0.0142572 0.0152033 0.015607 0.0153189 0.0142474 0.0123973 0.00985581 0.00677202 0.00338096 -6.65668e-05 -0.00333267 -0.00616612 -0.00837953 -0.00981859 -0.010399 -0.0100925 -0.00893833 -0.00701443 -0.0044505 -0.00136544 0.00210522 0.00583453 0.00973677 0.0137259 0.0177334 0.0217208 0.0256532 0.0294801 0.0331948 0.0367565 0.0401289 0.0432803 0.0461778 0.048759 0.0510021 0.0528637 0.0543059 0.0553052 0.0558528 0.05592 0.0555138 0.0546486 0.0533333 0.0515909 0.0494666 0.0469857 0.044177 0.0410868 0.0377474 0.0341884 0.030445 0.0265433 0.0225028 0.0183628 0.0141483 0.00986677 0.0055196 0.00112809 -0.00329411 -0.00774808 -0.0122331 -0.0167174 -0.0211782 -0.0255904 -0.0299155 -0.0341186 -0.0381697 -0.0420138 -0.0456041 -0.0489082 -0.0518725 -0.0544455 -0.0565961 -0.0582895 -0.059484 -0.0601772 -0.0603639 -0.0600462 -0.0592486 -0.0580207 -0.0563924 -0.0544432 -0.0522499 -0.0498905 -0.0474496 -0.0450317 -0.0426928 -0.0405168 -0.0385648 -0.0368683 -0.0354457 -0.0343044 -0.033388 -0.0326282 -0.031929 -0.031143 -0.0301313 -0.0287538 -0.0268931 -0.0244748 -0.0214968 -0.0180011 -0.0141168 -0.00999645 -0.00585576 -0.00192143 0.001596 0.00449475 0.00663013 0.00795751 0.00850015 0.00835033 0.00768693 0.00666907 0.00547301 0.00423611 0.00308124 0.00209992 0.00132545 0.000767521 0.000397905 0.000151379 -2.4527e-05 -0.000142487 -0.00023759 -0.0003212 -0.00042716 -0.000560262 -0.000715345 -0.000898249 -0.00106953 -0.00123829 -0.00141084 -0.00158723 -0.0017462 -0.00186497 -0.00196309 -0.00205377 -0.00213064 -0.00218183 -0.00221225 -0.00222485 -0.00223319 -0.00223422 -0.00223317 -0.00222778 -0.00220781 -0.00219845 -0.00219149 -0.00218609 -0.00216899 -0.00214722 -0.00214644 -0.00214383 -0.00213643 -0.00211591 
0 6.468e-05 0.000124757 0.000179095 0.000253527 0.000330576 0.000402611 0.000473956 0.000550591 0.00064582 0.000734169 0.000815049 0.000900725 0.000990009 0.00107714 0.00114638 0.00119885 0.0012498 0.00129165 0.00131809 0.00133074 0.00131576 0.00130354 0.00128102 0.00125733 0.00123783 0.00120325 0.00121416 0.00124807 0.00133401 0.00146295 0.0016296 0.00189019 0.00223336 0.00270815 0.00331726 0.00408528 0.00504826 0.00624257 0.00767498 0.00933449 0.0111409 0.012983 0.0147413 0.0162177 0.0172693 0.0176864 0.0173352 0.0161205 0.0140435 0.0111937 0.00776328 0.00399194 0.000149329 -0.00345631 -0.00659428 -0.00901137 -0.0105578 -0.0111234 -0.0106917 -0.00928166 -0.00702279 -0.00401527 -0.000435071 0.00356229 0.00785329 0.0122964 0.0167986 0.0212979 0.0257295 0.0300399 0.034232 0.0382266 0.0420183 0.0455604 0.0488199 0.0517411 0.0543309 0.0565205 0.0583075 0.0596604 0.0605738 0.0610074 0.0609909 0.0605049 0.059554 0.0581541 0.0563437 0.0541163 0.051525 0.0486094 0.0453831 0.0418651 0.0380904 0.0340692 0.0298404 0.0254376 0.0208661 0.0161453 0.0113197 0.00642314 0.00145891 -0.00357292 -0.00863238 -0.013676 -0.0186947 -0.023659 -0.0285214 -0.0332598 -0.0378245 -0.0421703 -0.046282 -0.0501299 -0.0536446 -0.0568064 -0.0595693 -0.0618891 -0.0637256 -0.0650848 -0.0659258 -0.0662596 -0.0660895 -0.0654519 -0.0643452 -0.0628565 -0.0610135 -0.0588908 -0.0565629 -0.0541362 -0.0516579 -0.049266 -0.0470107 -0.0449601 -0.0431679 -0.041653 -0.0403847 -0.0393475 -0.0384457 -0.0375605 -0.0365756 -0.035309 -0.0336306 -0.0314073 -0.0285749 -0.0251063 -0.0210902 -0.0166206 -0.0119142 -0.00718001 -0.00267427 0.00135714 0.00469383 0.00719027 0.00877042 0.00945546 0.00937929 0.00867634 0.00758007 0.00624887 0.00486344 0.00356033 0.00243234 0.00153459 0.000881108 0.000424076 0.000116315 -9.05163e-05 -0.000253277 -0.000357244 -0.000470616 -0.000581119 -0.000718206 -0.000890434 -0.00106031 -0.00124861 -0.00142187 -0.00160551 -0.00179129 -0.0019546 -0.00209384 -0.00220686 -0.00230689 -0.00239585 -0.00246039 -0.00250102 -0.0025288 -0.00253997 -0.00255445 -0.00255689 -0.00255115 -0.00254179 -0.00252287 -0.00252062 -0.00250624 -0.00248936 -0.0024761 -0.00246316 -0.00246514 -0.00244742 -0.00243211 
0 7.93617e-05 0.000151135 0.000237441 0.000312006 0.000400134 0.000478219 0.0005584 0.00064582 0.000730948 0.000825276 0.000910458 0.00100093 0.00108683 0.00117346 0.0012494 0.00131503 0.00136805 0.0014121 0.00144655 0.00145153 0.00145139 0.0014327 0.00142611 0.00141121 0.00139287 0.00139703 0.00141431 0.00148275 0.00158592 0.00174489 0.00196037 0.00225141 0.00265 0.00318482 0.00386687 0.00472736 0.00581738 0.00714364 0.00874854 0.0105726 0.0125677 0.0146073 0.016517 0.0181517 0.0192854 0.0197227 0.0193193 0.0179673 0.015668 0.0125448 0.00877275 0.00465577 0.000473798 -0.00345655 -0.00681937 -0.00940572 -0.0110116 -0.0115163 -0.0109142 -0.0092423 -0.00659559 -0.00315675 0.00091266 0.00543323 0.0102388 0.0151869 0.0201786 0.0251223 0.029945 0.0346075 0.0390566 0.0432515 0.0471697 0.0507702 0.054019 0.0569062 0.0593843 0.0614468 0.0630872 0.0642821 0.0650342 0.0653487 0.0651996 0.0646021 0.0635667 0.0620985 0.0602174 0.0579479 0.0553085 0.0523064 0.0489576 0.0453076 0.0413698 0.0371446 0.0326667 0.0279435 0.0230008 0.0179021 0.012644 0.00722489 0.00173219 -0.00379355 -0.00934672 -0.0148793 -0.0203518 -0.0257293 -0.0309539 -0.0360035 -0.0408568 -0.0454718 -0.0498107 -0.0538335 -0.0575169 -0.0608336 -0.0637355 -0.0662022 -0.0682155 -0.0697284 -0.0707473 -0.0712777 -0.0713139 -0.0708826 -0.0700162 -0.0687311 -0.0670886 -0.0651428 -0.0629665 -0.0606427 -0.058259 -0.0559013 -0.0536537 -0.0515824 -0.0497418 -0.0481536 -0.0468101 -0.0456626 -0.0446232 -0.0435815 -0.0423656 -0.040836 -0.0388359 -0.0362212 -0.0329408 -0.0289889 -0.0243994 -0.0193555 -0.0140411 -0.00869371 -0.00362177 0.000932885 0.00471805 0.00756923 0.0094177 0.0102775 0.0102732 0.00959904 0.00842912 0.00700637 0.00550067 0.00405089 0.00279219 0.00176363 0.000996988 0.000443705 6.31731e-05 -0.000200262 -0.000385539 -0.000532429 -0.000650853 -0.000770806 -0.000918663 -0.00107399 -0.00125327 -0.00142265 -0.00160628 -0.00179164 -0.00197184 -0.00214936 -0.00230181 -0.00243891 -0.00255452 -0.00265992 -0.00274147 -0.00280438 -0.00283869 -0.00286691 -0.00288328 -0.00288356 -0.00288209 -0.00285891 -0.00285158 -0.00282949 -0.00281588 -0.0028029 -0.00278315 -0.00278592 -0.00276748 -0.00276825 -0.00275575 
0 8.43117e-05 0.000175923 0.00027267 0.000360719 0.000449433 0.000539403 0.000639264 0.000734169 0.000825276 0.000923559 0.00102047 0.0011172 0.00119693 0.00127678 0.00135747 0.0014207 0.00147543 0.00151489 0.0015466 0.00156584 0.00155957 0.00156454 0.00156438 0.00156025 0.00156889 0.00158104 0.00164449 0.00172351 0.00185736 0.00205954 0.0023099 0.00266061 0.00310534 0.00370723 0.00446662 0.00541953 0.00662502 0.00810213 0.00985064 0.0118533 0.0140305 0.0162382 0.0183211 0.0200647 0.0212826 0.0217249 0.0212575 0.0197778 0.0172875 0.0138983 0.00984125 0.00541001 0.00090964 -0.00327307 -0.0068479 -0.00953727 -0.0111468 -0.0115454 -0.0107398 -0.00875641 -0.00575353 -0.00187309 0.00266402 0.00766491 0.0129738 0.0183991 0.0238251 0.0291714 0.0343322 0.0392414 0.0438997 0.0481987 0.0521467 0.0557092 0.0588633 0.0615799 0.063898 0.0657656 0.0672052 0.0682005 0.0687683 0.0688743 0.0685683 0.0678456 0.0667057 0.0651622 0.0632492 0.060922 0.0582248 0.055181 0.0517731 0.048018 0.0439453 0.0395447 0.0348688 0.0299356 0.0247301 0.0192929 0.013669 0.0078953 0.00202661 -0.00391729 -0.00987668 -0.015763 -0.0215615 -0.0272446 -0.0327475 -0.038065 -0.0431452 -0.0479319 -0.0524309 -0.0566179 -0.0604212 -0.0638568 -0.0668906 -0.0694931 -0.0716501 -0.0733735 -0.0746151 -0.0753908 -0.0756912 -0.0755441 -0.0749357 -0.0739515 -0.0725983 -0.0709316 -0.069017 -0.0669421 -0.0647289 -0.0625328 -0.060394 -0.0583796 -0.0565695 -0.0549812 -0.0535771 -0.0523546 -0.0512014 -0.0499822 -0.0485675 -0.0467634 -0.0444273 -0.0414081 -0.0376606 -0.0331637 -0.0280095 -0.0223416 -0.0164147 -0.0104613 -0.00480455 0.000270325 0.00451264 0.00775333 0.00989463 0.0109528 0.0110841 0.0104312 0.00924502 0.007738 0.00612375 0.00455615 0.0031601 0.00200878 0.00112656 0.000461243 -6.68247e-06 -0.000324836 -0.00057008 -0.000734106 -0.000882889 -0.00100395 -0.00114441 -0.00130553 -0.00145456 -0.00163024 -0.00180564 -0.00199009 -0.00217194 -0.00234512 -0.00251894 -0.00266888 -0.00279556 -0.00291232 -0.00300599 -0.00308063 -0.00313182 -0.00316691 -0.00319678 -0.00320092 -0.00319784 -0.00318887 -0.00317606 -0.00316103 -0.00314005 -0.00312861 -0.00311855 -0.00310591 -0.00309344 -0.00308613 -0.00308511 
0 8.89916e-05 0.000187588 0.000300641 0.000389568 0.00048445 0.000586208 0.000703783 0.000815049 0.000910458 0.00102047 0.00113228 0.00123875 0.00131884 0.00139759 0.0014774 0.00154409 0.00158886 0.00161806 0.00164652 0.00165601 0.00165919 0.00166186 0.00167787 0.00169299 0.00172173 0.00178504 0.00188002 0.00200493 0.00217125 0.00241087 0.00271227 0.00310132 0.00360086 0.00426556 0.00510404 0.00615817 0.0074952 0.00911225 0.011027 0.0131882 0.0155343 0.0179095 0.0201198 0.0219788 0.0232478 0.0236869 0.0231537 0.0215477 0.0188697 0.0152596 0.0109415 0.00625283 0.00151523 -0.00287704 -0.00657618 -0.0093247 -0.0108992 -0.0111638 -0.0101284 -0.00784656 -0.00445274 -0.000150877 0.0048404 0.0103081 0.0160654 0.0219124 0.0277296 0.033405 0.0388256 0.0439279 0.0486725 0.052984 0.0568665 0.0603001 0.0632725 0.0657918 0.0678621 0.0694777 0.0706572 0.0713981 0.0717208 0.0716289 0.0711327 0.0702506 0.0689845 0.0673469 0.0653516 0.0629834 0.0602542 0.0571602 0.0536817 0.0498609 0.0457056 0.0411981 0.0363787 0.0312618 0.0258522 0.020222 0.0143813 0.00834845 0.00222027 -0.00395416 -0.0101462 -0.0162725 -0.0223046 -0.0281998 -0.0338863 -0.039353 -0.0445793 -0.0495075 -0.0541243 -0.0583988 -0.0623021 -0.0658405 -0.0689913 -0.0717404 -0.0740904 -0.0760161 -0.0775054 -0.0785639 -0.0791776 -0.0793604 -0.0791206 -0.0784893 -0.0774996 -0.0761938 -0.074633 -0.0728846 -0.07099 -0.0690532 -0.0671289 -0.0652776 -0.063572 -0.0620395 -0.0606552 -0.0593973 -0.0581585 -0.0568052 -0.0551699 -0.0530905 -0.0504006 -0.0469567 -0.0427221 -0.0376948 -0.0319431 -0.02567 -0.0191139 -0.0125358 -0.00629304 -0.000673513 0.00404824 0.00769214 0.0101585 0.0114609 0.0117424 0.011181 0.00999051 0.00843972 0.00673931 0.00505114 0.00353302 0.00225116 0.00124596 0.000471351 -8.37407e-05 -0.000468338 -0.000750963 -0.000959831 -0.00112448 -0.00126377 -0.00141774 -0.00157132 -0.00172651 -0.00188707 -0.00206397 -0.00223621 -0.00239645 -0.00256155 -0.00272807 -0.00288373 -0.00301217 -0.00313398 -0.00323867 -0.00332852 -0.00339355 -0.00344908 -0.00349172 -0.00350832 -0.00351965 -0.00351822 -0.00352318 -0.00350452 -0.003487 -0.00347926 -0.00346524 -0.00345342 -0.00342207 -0.00341857 -0.0034162 
0 9.43856e-05 0.000204029 0.000328204 0.00042486 0.000525928 0.000641762 0.000776972 0.000900725 0.00100093 0.0011172 0.00123875 0.00135102 0.0014297 0.00150077 0.00157757 0.00163885 0.00167598 0.00169745 0.00172435 0.00174248 0.00175613 0.00177679 0.00181187 0.00185302 0.00191489 0.00201804 0.00215564 0.00231648 0.00251892 0.00279875 0.00314792 0.00358466 0.00413815 0.00486307 0.00577926 0.00693202 0.00839037 0.0101551 0.0122264 0.0145569 0.0170718 0.019604 0.0219454 0.0238926 0.0251979 0.0256193 0.0250113 0.0232874 0.0204554 0.0166584 0.0121443 0.00725582 0.0023395 -0.00218999 -0.00596734 -0.00871849 -0.0102119 -0.0103159 -0.00903969 -0.00645168 -0.00269963 0.00200405 0.00741959 0.0133171 0.0194897 0.0257152 0.0318482 0.0377675 0.0433477 0.0485245 0.0532654 0.057505 0.0612479 0.064491 0.0672272 0.0694722 0.0712488 0.0725628 0.0734367 0.0738862 0.0739367 0.0735953 0.0728865 0.0718299 0.0704177 0.0686613 0.0665688 0.0641143 0.0613136 0.0581711 0.0546575 0.050792 0.0465758 0.0419942 0.0370905 0.031881 0.0263689 0.0206238 0.0146782 0.00856153 0.00235198 -0.00391635 -0.0102059 -0.0164281 -0.0225521 -0.0285378 -0.0343148 -0.0398642 -0.0451528 -0.0501302 -0.0548023 -0.0591492 -0.0631385 -0.0667812 -0.070061 -0.0729615 -0.0754951 -0.0776507 -0.0794128 -0.0807856 -0.0817566 -0.082326 -0.0824977 -0.0822996 -0.0817518 -0.0808866 -0.0797607 -0.0784267 -0.076923 -0.0753466 -0.073745 -0.0721668 -0.0706814 -0.0693041 -0.0680063 -0.0667655 -0.0654746 -0.0639936 -0.0621613 -0.0598085 -0.0567659 -0.0528987 -0.0481702 -0.0425901 -0.0362437 -0.0293467 -0.0221571 -0.0149568 -0.00811278 -0.00193986 0.00328486 0.00736634 0.0101927 0.0117762 0.0122533 0.0118006 0.0106441 0.00906464 0.00729143 0.00550448 0.00386827 0.00246844 0.00134239 0.000458383 -0.000186883 -0.000640403 -0.000973264 -0.00121999 -0.00140859 -0.00156215 -0.00171779 -0.00186554 -0.00200674 -0.00215797 -0.00232664 -0.00248673 -0.00263223 -0.00278397 -0.00294844 -0.00310412 -0.00323567 -0.00336137 -0.00347455 -0.0035763 -0.00365568 -0.00372747 -0.00378254 -0.00381219 -0.00383671 -0.00385098 -0.00386548 -0.00384935 -0.00383113 -0.00382508 -0.00381362 -0.00379557 -0.00375876 -0.00375288 -0.00375406 
0 0.000109416 0.000240108 0.000377224 0.000489926 0.000597048 0.000723451 0.000866642 0.000990009 0.00108683 0.00119693 0.00131884 0.0014297 0.00150548 0.00156918 0.00164782 0.00170889 0.00174924 0.00177386 0.00180505 0.00184372 0.00186924 0.00191628 0.00197015 0.00203852 0.00213905 0.00227411 0.00245811 0.00265034 0.00289213 0.00321418 0.00361089 0.00410365 0.00471624 0.00550837 0.00651097 0.00777218 0.0093522 0.0112677 0.0134834 0.0159735 0.0186385 0.0213042 0.0237665 0.0257837 0.0271219 0.0275284 0.0268558 0.0250311 0.022075 0.0181249 0.0134667 0.00843516 0.00340589 -0.00118577 -0.00498139 -0.00767701 -0.00904984 -0.00897229 -0.00745146 -0.00455903 -0.000471553 0.00460915 0.0104106 0.0166851 0.023207 0.0297355 0.0360971 0.0421685 0.0478184 0.0529733 0.0576222 0.0617042 0.0652329 0.0682208 0.0706736 0.072596 0.0740411 0.0750099 0.0755387 0.0756611 0.075416 0.0748004 0.0738597 0.072599 0.0710076 0.0690953 0.0668776 0.0643156 0.0614269 0.0582159 0.0546555 0.0507483 0.0465019 0.0418997 0.0369751 0.031752 0.0262455 0.0205105 0.0145907 0.00852301 0.00236606 -0.00385069 -0.0100818 -0.0162562 -0.0223421 -0.0282928 -0.0340409 -0.0395705 -0.0448425 -0.0498168 -0.054504 -0.0588934 -0.0629462 -0.0666853 -0.0700985 -0.0731663 -0.0758945 -0.0782956 -0.0803402 -0.0820435 -0.0833989 -0.0844002 -0.0850311 -0.0853276 -0.0852789 -0.0849172 -0.0842931 -0.0834549 -0.0824284 -0.0813141 -0.0801375 -0.0789377 -0.0777747 -0.0766486 -0.075522 -0.074372 -0.0730869 -0.0715157 -0.0695189 -0.0669075 -0.0635251 -0.0592461 -0.0540335 -0.0479005 -0.0409672 -0.0334359 -0.025602 -0.0177685 -0.0103053 -0.00356564 0.00217764 0.0067155 0.009926 0.0118229 0.0125407 0.0122362 0.0111686 0.00960064 0.0077877 0.00592891 0.00418359 0.00267004 0.00141768 0.000418972 -0.000323323 -0.000849764 -0.00123954 -0.00151922 -0.00173554 -0.00190154 -0.00205272 -0.00219409 -0.00230947 -0.00245074 -0.00260079 -0.0027457 -0.0028779 -0.00301346 -0.00317731 -0.00333081 -0.00346914 -0.00360071 -0.00372432 -0.00383726 -0.0039319 -0.00401562 -0.0040795 -0.00411724 -0.00414782 -0.0041778 -0.00419314 -0.00418241 -0.00416228 -0.00415873 -0.00415678 -0.00413249 -0.00410212 -0.00409184 -0.00409987 
0 0.000124925 0.000270076 0.000422984 0.000549065 0.000667324 0.000804246 0.000952127 0.00107714 0.00117346 0.00127678 0.00139759 0.00150077 0.00156918 0.00163043 0.00170007 0.00177119 0.0018098 0.00184217 0.00188911 0.00193614 0.00200094 0.00206119 0.00214821 0.00224966 0.00237475 0.00256233 0.00276588 0.00300635 0.00328558 0.00364765 0.00410821 0.00465489 0.00534213 0.00621211 0.00731018 0.00868836 0.0104056 0.0124536 0.0148282 0.0174563 0.0202543 0.0230489 0.0255947 0.0276848 0.0290364 0.0294291 0.0287059 0.0268058 0.0237478 0.0197085 0.0149449 0.00982866 0.00475977 0.000145049 -0.00360016 -0.00619943 -0.00741839 -0.00713778 -0.00535605 -0.0021896 0.00223054 0.0076319 0.0137612 0.0203511 0.0271327 0.0338667 0.0403761 0.0465002 0.052126 0.0572031 0.0616723 0.0655368 0.0687931 0.0714654 0.0735619 0.0751388 0.0761966 0.0767985 0.0769696 0.0767581 0.0761819 0.0752952 0.0740856 0.0725813 0.0707806 0.0686947 0.0663019 0.063623 0.0606415 0.0573427 0.0537116 0.0497754 0.0455188 0.040945 0.0360733 0.0309282 0.0255314 0.0199403 0.0141742 0.00826419 0.00227057 -0.00375674 -0.00979414 -0.0157857 -0.0216951 -0.0274788 -0.0330893 -0.0384881 -0.043672 -0.0486056 -0.0532698 -0.0576487 -0.0617586 -0.0655777 -0.0691096 -0.072347 -0.0753015 -0.0779416 -0.0802949 -0.0823451 -0.084096 -0.0855292 -0.0866652 -0.0874684 -0.0879729 -0.0881817 -0.088136 -0.0878604 -0.0874225 -0.0868444 -0.0861877 -0.0854757 -0.0847296 -0.0839507 -0.0831068 -0.0821277 -0.0809197 -0.0793432 -0.0772139 -0.074398 -0.0707064 -0.0660366 -0.0603502 -0.0536859 -0.0461452 -0.0379959 -0.0295032 -0.0210237 -0.0129443 -0.00561259 0.000666517 0.00568244 0.0093156 0.0115749 0.0125632 0.012481 0.0115322 0.0100316 0.00821847 0.00630525 0.0044835 0.0028551 0.00147831 0.000363043 -0.000484995 -0.00110136 -0.00154036 -0.00187465 -0.00210513 -0.00228838 -0.00243989 -0.00255179 -0.00266329 -0.00276972 -0.00290998 -0.00303772 -0.00314949 -0.00328291 -0.00342863 -0.00358398 -0.00372078 -0.00385083 -0.00398073 -0.00409778 -0.00420213 -0.00429716 -0.00436564 -0.00441253 -0.00445397 -0.00449228 -0.00452069 -0.00450928 -0.00449671 -0.0044986 -0.00449899 -0.00448431 -0.00444817 -0.00444449 -0.00445113 
0 0.000133755 0.000290728 0.000448152 0.000589617 0.000716621 0.000863078 0.00101582 0.00114638 0.0012494 0.00135747 0.0014774 0.00157757 0.00164782 0.00170007 0.00177536 0.00183562 0.00188078 0.00191624 0.00195957 0.00203713 0.00210808 0.00221116 0.00231995 0.00245524 0.00263478 0.00284707 0.00310984 0.00338417 0.00371581 0.00413053 0.00464271 0.00525966 0.00602217 0.00697235 0.00817642 0.00968344 0.0115247 0.0137359 0.0162397 0.0190222 0.0219472 0.0248393 0.0274848 0.0296073 0.0309704 0.0313437 0.0305734 0.0286116 0.0255105 0.0214081 0.0166263 0.0114914 0.0064335 0.0018829 -0.00178554 -0.00424745 -0.00528501 -0.00479289 -0.00277275 0.000680669 0.00535959 0.0110434 0.0174294 0.024236 0.0311847 0.0380396 0.044577 0.050671 0.0562023 0.0611 0.0653495 0.0689377 0.0718605 0.074163 0.0758752 0.0770223 0.0776869 0.0779013 0.0777061 0.0771505 0.0762665 0.075053 0.0735611 0.0717933 0.0697572 0.0674559 0.0649046 0.0620695 0.0589556 0.0555671 0.0519068 0.0479416 0.0436984 0.039195 0.0344503 0.0294749 0.0243009 0.0189304 0.0134152 0.00779278 0.00209374 -0.00365271 -0.00938368 -0.0150746 -0.0206789 -0.0261747 -0.0315408 -0.0367591 -0.0417737 -0.0465788 -0.0511673 -0.0555366 -0.0596527 -0.0635342 -0.0671783 -0.0705787 -0.073728 -0.0766515 -0.0793101 -0.0817093 -0.0838534 -0.0857296 -0.087329 -0.0886833 -0.0897659 -0.0905917 -0.0911894 -0.0915683 -0.0917612 -0.0918217 -0.0917689 -0.0916218 -0.0914057 -0.0910812 -0.0906098 -0.0899146 -0.0888861 -0.0873605 -0.0852036 -0.082219 -0.0782683 -0.073247 -0.0671174 -0.0599241 -0.0518283 -0.0430485 -0.0339183 -0.0248069 -0.0160838 -0.0081602 -0.00131105 0.00422405 0.00832029 0.0109822 0.0123133 0.0124669 0.0117151 0.0103074 0.0085267 0.00661041 0.00471485 0.00300628 0.00151196 0.000285587 -0.000666319 -0.00136904 -0.00188041 -0.00224855 -0.00251978 -0.00271799 -0.00286393 -0.00298074 -0.00305945 -0.00316768 -0.00327722 -0.00338764 -0.00348783 -0.00358902 -0.00372681 -0.00385545 -0.00398657 -0.00410564 -0.00422786 -0.00434858 -0.00446044 -0.00456423 -0.00464278 -0.00470283 -0.00475378 -0.00481274 -0.00484344 -0.00484953 -0.00484241 -0.00484928 -0.00486201 -0.00483908 -0.00481718 -0.00480141 -0.00480904 
0 0.000144998 0.000311159 0.000472483 0.000627067 0.00076161 0.00091444 0.00106768 0.00119885 0.00131503 0.0014207 0.00154409 0.00163885 0.00170889 0.00177119 0.00183562 0.00191033 0.00195515 0.00200081 0.002059 0.00213848 0.00224896 0.00236276 0.00250707 0.00268058 0.00289571 0.00317111 0.00346819 0.00380728 0.00419344 0.00465783 0.00523236 0.00590991 0.00674711 0.00778508 0.00909417 0.0107313 0.0127252 0.0150739 0.0177451 0.0206643 0.0237108 0.0267108 0.0294166 0.0315833 0.0329435 0.0332969 0.0324968 0.0305077 0.0273775 0.0232974 0.0185378 0.0134604 0.00850568 0.00406234 0.000542369 -0.00175232 -0.00260792 -0.00191743 0.000325458 0.00398526 0.00890239 0.0147811 0.0213397 0.0282789 0.0352874 0.0421363 0.0486252 0.0545882 0.0599347 0.0646123 0.0685549 0.0717978 0.0743385 0.0762255 0.0774994 0.0782447 0.0784855 0.0783001 0.0777266 0.0768166 0.0755753 0.0740694 0.0722842 0.0702362 0.0679506 0.0654348 0.0626631 0.0596814 0.0564617 0.0529819 0.0492625 0.0453213 0.0411554 0.0367891 0.0322179 0.0274662 0.0225658 0.0175213 0.0123556 0.00710539 0.00178744 -0.00354909 -0.00886896 -0.0141629 -0.0193958 -0.0245386 -0.0295829 -0.0344915 -0.0392731 -0.0439208 -0.048385 -0.0526573 -0.0567699 -0.0606824 -0.064411 -0.0679627 -0.0713221 -0.0744669 -0.0774246 -0.0801594 -0.0826851 -0.0849899 -0.0870925 -0.0889625 -0.0906335 -0.0920958 -0.0933633 -0.0944331 -0.0953569 -0.0961079 -0.0967377 -0.0972553 -0.0976397 -0.0978697 -0.0978957 -0.0975864 -0.0968363 -0.0954854 -0.0933422 -0.0902757 -0.0861182 -0.0807942 -0.0742758 -0.0666252 -0.0579915 -0.0486453 -0.0388884 -0.0291404 -0.0197918 -0.0112351 -0.00380046 0.00228368 0.00688808 0.0100027 0.0117036 0.0121772 0.011641 0.0103867 0.00868025 0.00677088 0.00485362 0.00306467 0.00148078 0.000160579 -0.000886297 -0.0016743 -0.00224154 -0.00266718 -0.00296576 -0.00319245 -0.00335129 -0.00345229 -0.00354044 -0.003617 -0.00371075 -0.00379417 -0.00385999 -0.0039446 -0.00403974 -0.00415528 -0.00426918 -0.00437465 -0.00449303 -0.0046068 -0.00473001 -0.00483987 -0.00492691 -0.00500098 -0.00506304 -0.00513191 -0.00517375 -0.00518937 -0.00519612 -0.00520922 -0.00522314 -0.00520836 -0.00518586 -0.00517302 -0.00517445 
0 0.000161817 0.0003378 0.000505724 0.00067019 0.000814929 0.000969918 0.00111796 0.0012498 0.00136805 0.00147543 0.00158886 0.00167598 0.00174924 0.0018098 0.00188078 0.00195515 0.002018 0.00208433 0.00215958 0.00227599 0.00241245 0.00257095 0.00274744 0.00295897 0.00322441 0.00353135 0.00387509 0.00425447 0.00469217 0.00520962 0.00584012 0.0065915 0.00751718 0.00864998 0.0100783 0.0118565 0.0139912 0.0165032 0.01932 0.0223926 0.0255637 0.0286557 0.0314378 0.0336298 0.0349896 0.0353303 0.0345176 0.0325266 0.0294372 0.0254182 0.0207673 0.0158135 0.011005 0.00673185 0.00337944 0.00126737 0.000604459 0.0014816 0.0038974 0.00773266 0.0127757 0.0187578 0.0253795 0.0323342 0.0393045 0.046076 0.0524128 0.0581689 0.0632515 0.0675996 0.0711759 0.0740215 0.0761377 0.0775915 0.0784374 0.0787413 0.0785696 0.0779827 0.0770259 0.075749 0.0741704 0.0723282 0.0702463 0.0679288 0.0654068 0.0626711 0.0597206 0.0565719 0.0532216 0.0496769 0.0459812 0.0420957 0.0380393 0.0338474 0.0295119 0.0250357 0.0204691 0.0157897 0.0110399 0.00624746 0.00141031 -0.00344924 -0.00828806 -0.0131275 -0.017913 -0.0226328 -0.0273 -0.0318863 -0.0363584 -0.0407476 -0.0450252 -0.0491944 -0.0532506 -0.0571699 -0.060951 -0.064604 -0.0681039 -0.0714671 -0.0746842 -0.0777339 -0.0806264 -0.0833517 -0.0859109 -0.0883135 -0.0905606 -0.0926518 -0.0945978 -0.0963848 -0.0980458 -0.0995622 -0.100953 -0.102215 -0.103316 -0.104197 -0.104805 -0.104985 -0.104616 -0.103521 -0.101525 -0.0984574 -0.09419 -0.0886441 -0.0818002 -0.0737382 -0.064639 -0.0547519 -0.0444191 -0.0340714 -0.0240919 -0.0149147 -0.00686213 -0.000191134 0.00496409 0.00857673 0.0107116 0.0115313 0.0112815 0.0102146 0.00862345 0.00677628 0.00484985 0.0030221 0.00136047 -4.35296e-05 -0.00117911 -0.00205106 -0.00268503 -0.00315148 -0.00348667 -0.00372644 -0.00387998 -0.00397668 -0.00404174 -0.00410871 -0.00417077 -0.0042325 -0.00428121 -0.00433415 -0.00441 -0.00449791 -0.00460094 -0.0046926 -0.00479571 -0.00490364 -0.00502296 -0.00513457 -0.00522557 -0.00530983 -0.0053804 -0.00545635 -0.0055025 -0.00553264 -0.00555084 -0.0055687 -0.00558677 -0.00557427 -0.0055642 -0.00555063 -0.00555132 
