0 0 0 0 0 0 0 0 0 0 0 0 0 0 0 0 0 0 0 0 0 0 0 0 0 0 0 0 0 0 0 0 0 0 0 0 0 0 0 0 0 0 0 0 0 0 0 0 0 0 0 0 0 0 0 0 0 0 0 0 0 0 0 0 0 0 0 0 0 0 0 0 0 0 0 0 0 0 0 0 0 0 0 0 0 0 0 0 0 0 0 0 0 0 0 0 0 0 0 0 0 0 0 0 0 0 0 0 0 0 0 0 0 0 0 0 0 0 0 0 0 0 0 0 0 0 0 0 0 0 0 0 0 0 0 0 0 0 0 0 0 0 0 0 0 0 0 0 0 0 0 0 0 0 0 0 0 0 0 0 0 0 0 0 0 0 0 0 0 0 0 0 0 0 0 0 0 0 0 0 0 0 0 0 0 0 0 0 0 0 0 0 0 0 0 0 0 0 0 0 
0 1.53802e-05 1.65979e-05 2.21051e-05 2.82366e-05 3.98513e-05 4.05453e-05 3.61492e-05 4.38365e-05 4.56025e-05 4.76092e-05 4.0797e-05 4.38452e-05 5.42593e-05 5.56254e-05 6.39938e-05 6.72471e-05 8.02214e-05 8.94419e-05 9.94887e-05 0.000114285 0.000121406 0.000134472 0.000145689 0.000156282 0.000157519 0.000164198 0.000177139 0.000194145 0.000199195 0.000203855 0.000215309 0.000214315 0.000221449 0.000212303 0.000208897 0.00019671 0.000187108 0.000193975 0.000192271 0.000207036 0.000242008 0.000304694 0.000397035 0.000528364 0.000692803 0.000907553 0.00116383 0.00149145 0.00187944 0.00231639 0.00281788 0.0033508 0.00390926 0.00447136 0.00501506 0.00549742 0.00590696 0.00621219 0.00641202 0.00650044 0.00650086 0.00642461 0.00629581 0.00613858 0.00596651 0.00578889 0.0055966 0.00539104 0.00513915 0.00482922 0.0044479 0.0039846 0.00342554 0.00280407 0.00210157 0.00134561 0.00055988 -0.000248025 -0.00106073 -0.00183257 -0.00256953 -0.00323579 -0.00380506 -0.00427124 -0.00462267 -0.00484865 -0.00497027 -0.00498922 -0.00491417 -0.00476623 -0.00455666 -0.00428291 -0.00394846 -0.00357917 -0.00319182 -0.00277573 -0.00233438 -0.00189874 -0.00146633 -0.00102972 -0.000599094 -0.000169418 0.000282586 0.000743769 0.00119853 0.00165261 0.00211295 0.00256093 0.00297427 0.00335077 0.00369179 0.00397568 0.00419094 0.00433567 0.00437449 0.00429355 0.0040835 0.00371706 0.00319255 0.00253465 0.0017234 0.000790458 -0.000241207 -0.0013642 -0.00255247 -0.00375741 -0.00497522 -0.00614197 -0.00721664 -0.00815339 -0.00890785 -0.00942745 -0.00970686 -0.00972766 -0.00950317 -0.0090591 -0.00843868 -0.00767614 -0.00682316 -0.00593371 -0.00504291 -0.00420529 -0.00344794 -0.00280302 -0.00226907 -0.00184964 -0.00152591 -0.00128423 -0.00108818 -0.00094781 -0.000822358 -0.000704061 -0.000599432 -0.000485912 -0.000380552 -0.000287383 -0.000213737 -0.000155581 -0.000114887 -8.70516e-05 -8.6225e-05 -8.63597e-05 -0.000111515 -0.000141049 -0.00016044 -0.000186365 -0.000203988 -0.00022903 -0.00023708 -0.000241907 -0.000241111 -0.000235627 -0.000230945 -0.000232214 -0.000230711 -0.000222109 -0.000222236 -0.00022427 -0.000233375 -0.000228365 -0.000231821 -0.00024015 -0.000243083 -0.000245105 -0.000236147 -0.00023726 -0.00023248 -0.000230614 -0.000229846 -0.000223731 -0.000221101 -0.000214528 -0.000215172 -0.000213572 -0.000212656 -0.000218151 -0.000222411 -0.000226094 -0.000222445 
0 1.65979e-05 2.52597e-05 1.63441e-05 4.23669e-05 5.27925e-05 6.03469e-05 6.05406e-05 6.85245e-05 9.63745e-05 9.13865e-05 9.85368e-05 0.000106111 0.00012486 0.000142615 0.00014172 0.000162863 0.000172774 0.000187805 0.000203952 0.000213349 0.000232493 0.000244002 0.000271063 0.000294494 0.000301008 0.000322074 0.000353368 0.00038549 0.000402039 0.000408533 0.000424621 0.000431394 0.000426382 0.000423936 0.000408128 0.000391295 0.000389535 0.000399847 0.000421847 0.000453072 0.000530819 0.000659448 0.000842247 0.00109438 0.00142959 0.00184187 0.00236082 0.00301796 0.00378538 0.0046818 0.00567918 0.00675883 0.00788293 0.00900634 0.0100804 0.0110399 0.0118157 0.0124046 0.0127707 0.0129126 0.0129044 0.0127358 0.0124665 0.0121449 0.0117813 0.0113857 0.0109875 0.0105336 0.0100218 0.00940932 0.00866875 0.00777016 0.00671462 0.00550269 0.00414943 0.00268784 0.00115188 -0.000429099 -0.00200398 -0.00352349 -0.00496243 -0.00624267 -0.00735175 -0.00826611 -0.00896144 -0.00943286 -0.0097114 -0.00976893 -0.0096614 -0.00938922 -0.00896273 -0.0084193 -0.00781389 -0.00709702 -0.00630974 -0.005489 -0.00466289 -0.00380152 -0.00293713 -0.00206176 -0.00118667 -0.000287302 0.000593167 0.00148069 0.00239356 0.00332381 0.00419832 0.00505612 0.00587784 0.0066325 0.00728974 0.00785084 0.00825315 0.00850034 0.00854182 0.00835107 0.00790326 0.00718584 0.00616481 0.00486449 0.00328074 0.0014522 -0.000587515 -0.00279924 -0.00512812 -0.00751609 -0.00989567 -0.0121811 -0.0142832 -0.0161113 -0.0175713 -0.0186117 -0.019158 -0.0192262 -0.0188129 -0.017958 -0.016744 -0.0152551 -0.0135552 -0.0117972 -0.0100396 -0.0083744 -0.0068982 -0.00562966 -0.00458502 -0.00376679 -0.00313292 -0.00264102 -0.00226443 -0.00195947 -0.00170726 -0.00146112 -0.00123122 -0.0010021 -0.000777458 -0.000583077 -0.000435085 -0.000317985 -0.000232444 -0.000194121 -0.000176908 -0.000192049 -0.000231614 -0.000280434 -0.000322952 -0.000354213 -0.00039662 -0.000439454 -0.000460934 -0.000479652 -0.00048716 -0.000482924 -0.000487616 -0.000487539 -0.000489596 -0.000473676 -0.000460001 -0.000471871 -0.000464436 -0.000458481 -0.000450625 -0.000455329 -0.000469089 -0.000455881 -0.000458893 -0.00045294 -0.000453976 -0.000458949 -0.000452191 -0.00046056 -0.000447599 -0.000451239 -0.00045162 -0.000446196 -0.000449768 -0.000443698 -0.000457877 -0.000450218 -0.000444005 
0 2.21051e-05 1.63441e-05 2.09731e-05 3.58179e-05 6.59262e-05 7.38902e-05 7.41041e-05 0.000107125 0.000133481 0.000156673 0.000158892 0.000179119 0.000211849 0.000219286 0.00023561 0.000241369 0.000265218 0.00027912 0.000292533 0.000316359 0.000329006 0.000360823 0.000398299 0.000438045 0.000457005 0.000488022 0.000531894 0.000580889 0.000597412 0.000609604 0.000636484 0.000634594 0.000646947 0.000623808 0.000613491 0.000589899 0.000582537 0.000622035 0.000652669 0.000726787 0.000857658 0.00106257 0.00134709 0.00173679 0.00222625 0.00286037 0.0036338 0.00462186 0.00580163 0.00714604 0.0086765 0.0103049 0.0119935 0.0136685 0.0152556 0.0166353 0.0177656 0.0185761 0.0190661 0.0192349 0.0191523 0.0188523 0.0183993 0.0178539 0.0172503 0.0166153 0.0159401 0.0152342 0.0144344 0.0135157 0.0124431 0.0111787 0.00967512 0.00798792 0.00606685 0.00397374 0.00177397 -0.000494632 -0.00276929 -0.00492966 -0.00697737 -0.00882828 -0.0104285 -0.0117669 -0.0128172 -0.0135496 -0.0140003 -0.0141585 -0.0140389 -0.0136853 -0.0131284 -0.0123771 -0.0114571 -0.0104329 -0.00934891 -0.00818313 -0.00694012 -0.00567972 -0.00439725 -0.0030802 -0.00176135 -0.000441358 0.00091468 0.00227182 0.0035948 0.00489954 0.00620299 0.00747138 0.00865215 0.00972795 0.0106833 0.0114545 0.0119988 0.0123057 0.0122985 0.0119547 0.0112614 0.0101636 0.00865297 0.00677495 0.00447409 0.0018152 -0.00114691 -0.0043788 -0.00779454 -0.0112552 -0.0147204 -0.0180226 -0.0210513 -0.0236908 -0.0258274 -0.0273319 -0.0281729 -0.028296 -0.027719 -0.0264986 -0.0247443 -0.022559 -0.0200913 -0.017508 -0.0149268 -0.0125042 -0.0103296 -0.00848409 -0.00696374 -0.00576816 -0.0048388 -0.00412722 -0.00354237 -0.00309362 -0.00268585 -0.00229676 -0.00194181 -0.0015741 -0.00123538 -0.00094212 -0.000713647 -0.000537607 -0.000415009 -0.000334346 -0.000319811 -0.000314789 -0.000369167 -0.000434755 -0.000477772 -0.000536062 -0.00058274 -0.000650632 -0.000683698 -0.000711133 -0.000725668 -0.000727028 -0.000729217 -0.000740694 -0.000740881 -0.000719275 -0.000713574 -0.000712467 -0.00071965 -0.000691144 -0.000679307 -0.000682218 -0.000680161 -0.000680116 -0.000664241 -0.000673439 -0.00067192 -0.00067689 -0.000683752 -0.000681582 -0.000687005 -0.000685364 -0.00069461 -0.00069062 -0.000681221 -0.000683371 -0.000683976 -0.000681192 -0.000666254 
0 2.82366e-05 4.23669e-05 3.58179e-05 7.60437e-05 0.000101013 0.000114813 0.000118214 0.000138603 0.000184349 0.00018973 0.000204585 0.000223634 0.00025775 0.000285082 0.000291292 0.000324368 0.00034981 0.000379483 0.000407687 0.000428758 0.000459668 0.000488791 0.000540339 0.000588668 0.000613247 0.000654429 0.000711246 0.000765531 0.000793284 0.000806696 0.000834003 0.000847168 0.000844413 0.000838157 0.000817648 0.000799463 0.000811737 0.000858244 0.000929613 0.00103436 0.00122331 0.00151114 0.00190664 0.00243607 0.00312488 0.00397977 0.00505009 0.00639145 0.00797178 0.00980072 0.0118351 0.0140162 0.0162629 0.0184747 0.0205441 0.0223412 0.0237516 0.0247513 0.0252996 0.0254117 0.0252041 0.0246954 0.0239825 0.0231521 0.0222378 0.021272 0.0203029 0.019284 0.0182061 0.0170132 0.0156542 0.0140663 0.0122232 0.0101144 0.0077425 0.00515887 0.00242814 -0.000390347 -0.00320331 -0.00591998 -0.00849582 -0.0108222 -0.0128705 -0.0146086 -0.0159938 -0.0170065 -0.0176733 -0.0179523 -0.0179018 -0.0175317 -0.0168651 -0.0159609 -0.014896 -0.0136319 -0.0122258 -0.0107261 -0.00916708 -0.00752349 -0.00583479 -0.00410101 -0.00234662 -0.000558781 0.00120419 0.00295734 0.00471364 0.00645811 0.00810647 0.00969463 0.0111903 0.012543 0.0137009 0.0146361 0.0152567 0.0155525 0.0154525 0.0149226 0.0139399 0.0124846 0.0105178 0.00806781 0.00511984 0.00172369 -0.00206464 -0.00617825 -0.0105113 -0.0149402 -0.0193397 -0.0235492 -0.0274126 -0.0307779 -0.0334911 -0.0354449 -0.0365248 -0.0367207 -0.0360212 -0.034486 -0.0322511 -0.0294664 -0.0262845 -0.0229655 -0.0196555 -0.0165328 -0.0137617 -0.0113908 -0.00943998 -0.00789914 -0.00669083 -0.00573708 -0.00497702 -0.00434763 -0.003802 -0.00327655 -0.00278064 -0.00229237 -0.00182365 -0.0014175 -0.00109679 -0.000841747 -0.000651822 -0.000541496 -0.000482808 -0.000479935 -0.000528632 -0.000598532 -0.000661437 -0.000715161 -0.000785619 -0.000859969 -0.00090487 -0.000942555 -0.000961991 -0.000963936 -0.00097382 -0.000979144 -0.000979771 -0.000953992 -0.000935122 -0.000949996 -0.000942674 -0.000927158 -0.000910452 -0.000912155 -0.000926099 -0.00091083 -0.000914397 -0.000911319 -0.000913369 -0.000917844 -0.000907767 -0.000915048 -0.000901779 -0.000910869 -0.000916209 -0.000908116 -0.000904331 -0.000893482 -0.000910965 -0.000901647 -0.000894889 
0 3.98513e-05 5.27925e-05 6.59262e-05 0.000101013 0.00014162 0.000155506 0.000158403 0.000189372 0.000223144 0.000242629 0.000248943 0.000273874 0.00031457 0.000335918 0.00035831 0.000385127 0.000428564 0.000469136 0.000507873 0.000550453 0.000586272 0.000634726 0.000693254 0.000748931 0.000782031 0.00082669 0.000887062 0.000948292 0.000975457 0.000995154 0.00103005 0.00104374 0.00105952 0.0010477 0.00104017 0.00103032 0.00105219 0.00113172 0.00123095 0.00139372 0.00165534 0.00204217 0.00256864 0.00326762 0.00415253 0.00526849 0.00664207 0.00834847 0.0103676 0.0126692 0.0152349 0.0179562 0.0207387 0.0234543 0.0259665 0.0281034 0.0297653 0.0308738 0.0314148 0.0314112 0.0309682 0.0301563 0.0290844 0.0278581 0.0265491 0.0252161 0.0238857 0.0225655 0.0212025 0.0197491 0.0181437 0.0163155 0.0142014 0.0118217 0.00913886 0.00621389 0.00312382 -7.1416e-05 -0.00328543 -0.00639427 -0.00936742 -0.0121055 -0.0145419 -0.0166403 -0.0183539 -0.0196423 -0.0205234 -0.0209794 -0.0210331 -0.0207232 -0.020082 -0.0191332 -0.0179173 -0.0164847 -0.0148861 -0.0131253 -0.0112246 -0.00923665 -0.0071795 -0.0050574 -0.00290753 -0.000738183 0.00145444 0.00363477 0.00576403 0.00783511 0.0098318 0.0117206 0.0134432 0.014964 0.0162493 0.0172348 0.017858 0.0180907 0.0178517 0.0171075 0.0158376 0.013998 0.0115804 0.00862635 0.00510285 0.00107521 -0.00339079 -0.00823542 -0.0133416 -0.018543 -0.0237309 -0.0286944 -0.0332578 -0.0372457 -0.0404844 -0.0428069 -0.0441277 -0.0443809 -0.0435731 -0.0417775 -0.0391426 -0.0358366 -0.032078 -0.0281265 -0.0241857 -0.0204784 -0.0171626 -0.0143362 -0.0120055 -0.010153 -0.0086919 -0.00753599 -0.00658302 -0.00580057 -0.0050931 -0.00441931 -0.00378361 -0.00314989 -0.00255488 -0.00203154 -0.0016042 -0.0012599 -0.000998116 -0.000815426 -0.000720775 -0.000678037 -0.000716555 -0.000786517 -0.000847443 -0.000920395 -0.000993377 -0.00107994 -0.00113132 -0.0011693 -0.00118898 -0.00119183 -0.00119712 -0.00120763 -0.00120392 -0.00117705 -0.0011669 -0.00117599 -0.00118674 -0.00116764 -0.00115841 -0.00116448 -0.00116888 -0.00116528 -0.00115354 -0.00115661 -0.00115204 -0.00114926 -0.00114318 -0.00113359 -0.0011281 -0.0011276 -0.0011354 -0.00113018 -0.00111867 -0.00111822 -0.0011288 -0.00113048 -0.00112412 
0 4.05453e-05 6.03469e-05 7.38902e-05 0.000114813 0.000155506 0.000176475 0.000189561 0.000222267 0.000264955 0.000287868 0.000305921 0.000339113 0.000385715 0.000419075 0.000443609 0.000478735 0.000524107 0.000571437 0.000617002 0.000662063 0.000706332 0.000758904 0.000823835 0.000885458 0.000930485 0.000985609 0.00105715 0.00112329 0.00115986 0.00118445 0.00121899 0.00124297 0.00125929 0.00126303 0.00126698 0.00128336 0.00134289 0.0014622 0.00162458 0.00185943 0.00221117 0.00271115 0.00338062 0.00425359 0.00536122 0.00674205 0.00844746 0.0105364 0.0129948 0.0157906 0.0188712 0.0221239 0.02542 0.0286033 0.031503 0.0339321 0.0357547 0.0368969 0.0373348 0.0371095 0.0363388 0.0351225 0.0335941 0.0318906 0.0301103 0.0283345 0.0266166 0.0249587 0.0233214 0.0216438 0.0198489 0.0178525 0.0155942 0.01306 0.0102321 0.0071538 0.00388847 0.000494363 -0.00294166 -0.00631908 -0.00957567 -0.0126104 -0.0153513 -0.0177479 -0.0197433 -0.0213022 -0.0224254 -0.0230954 -0.0233316 -0.0231568 -0.0225933 -0.0216774 -0.0204499 -0.0189314 -0.0171668 -0.0151964 -0.0130566 -0.0107805 -0.00840005 -0.00593775 -0.00342574 -0.00088343 0.0016612 0.00418263 0.00665638 0.00904747 0.0113035 0.0133943 0.0152727 0.0168901 0.0182033 0.0191596 0.0196987 0.019786 0.0193566 0.0183691 0.0167988 0.0146128 0.0118002 0.00838924 0.0043828 -0.000160941 -0.00517106 -0.0105747 -0.0162545 -0.0220594 -0.0278443 -0.0334035 -0.0385313 -0.0430231 -0.0466778 -0.0493192 -0.0508284 -0.0511447 -0.0502679 -0.048276 -0.0453281 -0.0416168 -0.0373837 -0.0329182 -0.028465 -0.0242662 -0.0205148 -0.0173088 -0.014667 -0.0125578 -0.010885 -0.00954222 -0.00842975 -0.00748199 -0.00661807 -0.00578838 -0.00498699 -0.00419897 -0.0034514 -0.00278959 -0.00223773 -0.00178694 -0.00143469 -0.00118182 -0.00102288 -0.000943364 -0.000948397 -0.000996761 -0.00105153 -0.00111545 -0.00119344 -0.00127927 -0.00134153 -0.00138907 -0.00141835 -0.00143304 -0.00144851 -0.00146357 -0.00146078 -0.00143425 -0.00141779 -0.00142365 -0.00142497 -0.00140713 -0.00139354 -0.00139501 -0.00139918 -0.00139076 -0.00138307 -0.00138177 -0.00138114 -0.00138136 -0.00137624 -0.00137111 -0.00136302 -0.00136558 -0.00137027 -0.00136553 -0.00135689 -0.00135339 -0.00136413 -0.00136061 -0.00135218 
0 3.61492e-05 6.05406e-05 7.41041e-05 0.000118214 0.000158403 0.000189561 0.000217446 0.000254884 0.000309262 0.000339786 0.000373061 0.000414975 0.000465031 0.000509729 0.000535599 0.000576976 0.000620458 0.000670817 0.000720764 0.00076671 0.000821129 0.000880221 0.000954122 0.00102376 0.0010837 0.00114996 0.0012297 0.00129756 0.00134272 0.00137293 0.00140626 0.00144216 0.00146138 0.0014855 0.00150739 0.00156012 0.00167033 0.00184404 0.0020915 0.00242365 0.00289223 0.0035302 0.00436676 0.0054354 0.00678549 0.00845137 0.0105084 0.0129956 0.0159051 0.019201 0.0227897 0.0265542 0.0303275 0.0339264 0.0371454 0.0397886 0.0416859 0.0427673 0.0430015 0.0424494 0.0412399 0.0395102 0.0374254 0.0351564 0.0328359 0.0305671 0.028429 0.0264174 0.0245093 0.022634 0.0207067 0.0186342 0.0163589 0.0138238 0.0110227 0.00796715 0.00469923 0.00127339 -0.00222487 -0.00571896 -0.00911673 -0.0123248 -0.0152691 -0.0178862 -0.0201163 -0.0219284 -0.0233033 -0.0242207 -0.0246903 -0.0247164 -0.0243063 -0.0234928 -0.0223183 -0.0207933 -0.0189598 -0.0168717 -0.0145711 -0.0120785 -0.00944332 -0.00670443 -0.00389397 -0.00104 0.00180102 0.00460039 0.00733139 0.00994577 0.0123763 0.0145927 0.016546 0.0181768 0.0194345 0.0202795 0.0206577 0.0205323 0.0198623 0.0186069 0.0167381 0.0142373 0.0110933 0.00731629 0.00294051 -0.00198927 -0.00740043 -0.0132058 -0.0192876 -0.0255141 -0.0317076 -0.0376812 -0.0432098 -0.0480699 -0.0520369 -0.0549278 -0.0565879 -0.0569599 -0.0560361 -0.0539009 -0.0507189 -0.0467057 -0.0421185 -0.0372638 -0.0324209 -0.027844 -0.0237543 -0.0202522 -0.0173715 -0.015066 -0.0132335 -0.0117452 -0.010504 -0.00940638 -0.00838993 -0.00739887 -0.00641889 -0.00546173 -0.00454791 -0.00373308 -0.00304185 -0.00247097 -0.00201382 -0.00167523 -0.00143338 -0.00129841 -0.00124726 -0.00125259 -0.00128417 -0.00132554 -0.00139824 -0.00147572 -0.00154654 -0.00160248 -0.00164184 -0.00166945 -0.00169642 -0.00171676 -0.00171838 -0.0016983 -0.00167939 -0.00168206 -0.00167161 -0.00165393 -0.00163292 -0.00162626 -0.00162748 -0.00161359 -0.00160973 -0.00160319 -0.00160729 -0.00161191 -0.00161082 -0.00161307 -0.00160506 -0.00161163 -0.00161287 -0.00160812 -0.0016027 -0.0015965 -0.00160436 -0.00159393 -0.00158147 
0 4.38365e-05 6.85245e-05 0.000107125 0.000138603 0.000189372 0.000222267 0.000254884 0.000304064 0.000344497 0.000394434 0.000424038 0.000472458 0.000525673 0.000568073 0.000617211 0.000654924 0.000714295 0.000771205 0.000827541 0.000889844 0.000948577 0.00102605 0.0011049 0.0011802 0.00125212 0.00132316 0.0013995 0.0014687 0.0015139 0.00155327 0.00159277 0.00163326 0.00168135 0.00171971 0.00178276 0.00188404 0.00204953 0.00230228 0.00263725 0.00309094 0.00369629 0.00449499 0.0055264 0.00683212 0.00844688 0.0104471 0.0128781 0.0157791 0.0191557 0.0229254 0.027006 0.0312359 0.0354295 0.0393788 0.0428485 0.0456092 0.0475097 0.0484228 0.0483507 0.0473725 0.0456056 0.0432597 0.0405284 0.0376076 0.0346823 0.0318893 0.0292885 0.0269325 0.0247675 0.0227356 0.0207453 0.0187051 0.0165167 0.014134 0.0115055 0.0086235 0.00551448 0.00222421 -0.00118819 -0.00462954 -0.00801445 -0.0112759 -0.0143148 -0.0170691 -0.0194893 -0.0215269 -0.0231381 -0.0243215 -0.025036 -0.025294 -0.0251044 -0.0244689 -0.0233865 -0.0219407 -0.020157 -0.0180519 -0.0156542 -0.013049 -0.0102554 -0.00731959 -0.00429395 -0.00124472 0.00182103 0.00482801 0.0077065 0.0104102 0.0129345 0.0151879 0.0171125 0.018664 0.0198044 0.0204657 0.0206339 0.0202586 0.0193138 0.0177776 0.0156318 0.0128455 0.00943523 0.00540503 0.000776153 -0.00440097 -0.0100553 -0.0161043 -0.0224332 -0.0288931 -0.0353331 -0.0415471 -0.0473149 -0.052403 -0.056582 -0.0596227 -0.0613985 -0.0617985 -0.0608339 -0.0585974 -0.0552498 -0.0510175 -0.0462029 -0.0410803 -0.0359732 -0.031156 -0.0268232 -0.0231243 -0.0200786 -0.0176334 -0.015688 -0.014107 -0.0127573 -0.0115568 -0.0104025 -0.009266 -0.0081241 -0.00698722 -0.0059064 -0.0049212 -0.00406507 -0.00334879 -0.00276562 -0.002303 -0.00197188 -0.00174676 -0.00162725 -0.00157637 -0.00156064 -0.00158397 -0.00162769 -0.00169456 -0.00176335 -0.00181713 -0.00186021 -0.0018943 -0.00192163 -0.00194764 -0.00194978 -0.00193877 -0.00193244 -0.00192342 -0.00192368 -0.00190099 -0.00188468 -0.0018788 -0.00186842 -0.00187022 -0.00185274 -0.00185223 -0.00185055 -0.00184881 -0.00185644 -0.0018443 -0.00184798 -0.00184231 -0.00184314 -0.00184101 -0.00182998 -0.00183736 -0.00183102 -0.00183067 -0.00181653 
0 4.56025e-05 9.63745e-05 0.000133481 0.000184349 0.000223144 0.000264955 0.000309262 0.000344497 0.000397033 0.000431447 0.000476666 0.000520576 0.000565713 0.000628962 0.000676649 0.000743371 0.000805379 0.000877997 0.00095238 0.00101726 0.00109806 0.00117844 0.00126357 0.00133966 0.0014158 0.00148699 0.00156373 0.00162182 0.00168126 0.00172903 0.00177133 0.00184404 0.00190114 0.00199754 0.00210196 0.00227364 0.00252765 0.00285626 0.00331481 0.00389755 0.00465911 0.00564328 0.00690017 0.00846252 0.0104032 0.0127498 0.0155946 0.018926 0.0227402 0.0269796 0.0314866 0.0361254 0.0406716 0.0448926 0.0485163 0.0513298 0.0531066 0.0537672 0.0532832 0.051761 0.0493568 0.0463076 0.0428485 0.0392275 0.0356518 0.0322774 0.02923 0.0265152 0.0241392 0.022023 0.02006 0.018133 0.0161684 0.0140213 0.0116885 0.00911976 0.00631125 0.0033023 0.000161524 -0.00309259 -0.00633478 -0.00950718 -0.0125412 -0.015362 -0.0178973 -0.0201126 -0.0219399 -0.0233503 -0.024319 -0.0248221 -0.0248461 -0.0244236 -0.0235797 -0.0222963 -0.0205925 -0.0185493 -0.016212 -0.0135842 -0.0107333 -0.00773214 -0.00461435 -0.00143732 0.00169596 0.00474531 0.00768611 0.0104353 0.0129005 0.0150509 0.0168583 0.0182584 0.0191972 0.0196466 0.0195701 0.0189246 0.0177161 0.0159121 0.0135013 0.0104985 0.00690241 0.00268899 -0.00206163 -0.00734507 -0.0130997 -0.019228 -0.0256249 -0.0321945 -0.0387116 -0.0450299 -0.050904 -0.056089 -0.0603422 -0.0634701 -0.0652692 -0.0656806 -0.0646845 -0.0623711 -0.058912 -0.0545552 -0.0495879 -0.0443204 -0.0390797 -0.0341228 -0.0296877 -0.025877 -0.022748 -0.0202294 -0.0182233 -0.0165769 -0.0151874 -0.0138959 -0.0126576 -0.0114069 -0.0101082 -0.00881778 -0.00755061 -0.00637791 -0.00533223 -0.00443668 -0.00368699 -0.00309311 -0.00262166 -0.00231065 -0.00209314 -0.00196485 -0.00190845 -0.00187544 -0.00190175 -0.00193414 -0.00199442 -0.00204309 -0.00208067 -0.0021177 -0.00214852 -0.00216802 -0.00217558 -0.00217639 -0.00216933 -0.00217281 -0.00215982 -0.0021582 -0.0021418 -0.00213371 -0.00213551 -0.00212386 -0.00212442 -0.00210572 -0.00210472 -0.00209894 -0.00208977 -0.00208926 -0.00207601 -0.00207812 -0.00206989 -0.00206535 -0.00206624 -0.00206207 -0.00206742 -0.00206109 -0.00205865 
0 4.76092e-05 9.13865e-05 0.000156673 0.00018973 0.000242629 0.000287868 0.000339786 0.000394434 0.000431447 0.000495526 0.000541356 0.000595883 0.000646077 0.000702791 0.000776119 0.000832866 0.000907322 0.000981262 0.0010593 0.00114086 0.00122387 0.00132022 0.00140724 0.00148583 0.00156966 0.00164674 0.00171582 0.00178205 0.00184466 0.00191136 0.00197402 0.00205977 0.00217339 0.00230687 0.0024897 0.00274552 0.0030896 0.00353827 0.00412392 0.00487583 0.0058297 0.00703341 0.00854691 0.0104158 0.0126759 0.0154109 0.0186535 0.0224003 0.0266532 0.0313025 0.0362131 0.041198 0.0460168 0.0504152 0.0540991 0.0568154 0.058385 0.0586608 0.0576684 0.055533 0.0524068 0.0485939 0.0443695 0.0399964 0.0357431 0.0318072 0.028291 0.0252742 0.0227273 0.0205806 0.0187159 0.0170136 0.0153333 0.0135607 0.0116276 0.00947423 0.00708646 0.00449669 0.00172546 -0.00118103 -0.00414114 -0.007131 -0.0100589 -0.0128435 -0.0154295 -0.0177468 -0.0197095 -0.0213093 -0.0224832 -0.0232236 -0.0235249 -0.0233637 -0.0227146 -0.0216541 -0.0201889 -0.018321 -0.01608 -0.0135636 -0.0108021 -0.00785645 -0.00479543 -0.00170343 0.00139943 0.00441516 0.00724622 0.00983233 0.012169 0.0141553 0.0157391 0.0168893 0.0175779 0.0177562 0.017428 0.016536 0.0150801 0.0130553 0.0104515 0.00727137 0.00355307 -0.000713157 -0.00548763 -0.0107494 -0.0164591 -0.0225398 -0.0288981 -0.0354089 -0.0418979 -0.0481764 -0.0540194 -0.0591805 -0.0634248 -0.0665195 -0.0683141 -0.0686869 -0.0676442 -0.0652813 -0.0617537 -0.0573192 -0.0523 -0.0469672 -0.0416785 -0.0367076 -0.0322369 -0.0284275 -0.0253006 -0.0227862 -0.02079 -0.0191595 -0.01775 -0.016441 -0.0151312 -0.0137864 -0.0123669 -0.0109093 -0.00947723 -0.00810847 -0.00685837 -0.00576633 -0.00483401 -0.00405767 -0.00344833 -0.00299342 -0.00266482 -0.00244256 -0.00230277 -0.00223079 -0.00219788 -0.00220319 -0.00223995 -0.00227177 -0.00230689 -0.00234466 -0.002377 -0.00240269 -0.00241522 -0.00242866 -0.00243714 -0.00242629 -0.00242615 -0.00241658 -0.00240503 -0.00239512 -0.00237797 -0.0023819 -0.00236251 -0.0023552 -0.00234803 -0.00233626 -0.00233817 -0.00232158 -0.00233059 -0.00232013 -0.00231579 -0.00231571 -0.00230635 -0.00231541 -0.00229824 -0.00230534 -0.00230185 
0 4.0797e-05 9.85368e-05 0.000158892 0.000204585 0.000248943 0.000305921 0.000373061 0.000424038 0.000476666 0.000541356 0.00061245 0.000674825 0.000727823 0.000803003 0.0008776 0.000951085 0.00102102 0.00109849 0.00118314 0.00126167 0.00135181 0.00144478 0.00153077 0.00161188 0.00170408 0.00179035 0.00187147 0.0019414 0.00202977 0.0021174 0.00219852 0.00232334 0.00246883 0.00267746 0.00293622 0.00329732 0.00376976 0.00435204 0.00511403 0.00606386 0.00724265 0.0087004 0.0105017 0.0126827 0.015305 0.0184105 0.0220578 0.0262079 0.0308462 0.0358801 0.0411208 0.0463818 0.0513949 0.0558743 0.0594973 0.0620269 0.0632375 0.063032 0.0614316 0.0585906 0.0547066 0.0501059 0.0450966 0.039989 0.0350698 0.0305614 0.0266264 0.0233183 0.020651 0.0185405 0.016846 0.0154184 0.0141269 0.0127831 0.0113421 0.00971402 0.00785365 0.00577223 0.0034909 0.000995755 -0.00161187 -0.00430431 -0.00701436 -0.00966106 -0.0121699 -0.0144892 -0.0165299 -0.0182582 -0.0196181 -0.0205717 -0.0210929 -0.0211875 -0.0208472 -0.0200584 -0.0188249 -0.0172089 -0.0152478 -0.0129664 -0.0104255 -0.00770468 -0.00485399 -0.00195065 0.000909749 0.00366365 0.00626757 0.00863408 0.0106839 0.0123679 0.0136641 0.0145264 0.0149181 0.0148178 0.0142165 0.0130782 0.0114249 0.00923777 0.00651469 0.00328105 -0.000449332 -0.0047017 -0.00939788 -0.0145496 -0.0201221 -0.0260369 -0.0322179 -0.0385803 -0.0449037 -0.0510413 -0.0567499 -0.061777 -0.0658904 -0.0688915 -0.0705857 -0.070897 -0.0698066 -0.0673966 -0.063829 -0.0593638 -0.0543113 -0.0489758 -0.0437131 -0.0387867 -0.0344054 -0.0306827 -0.0276593 -0.0252427 -0.0233328 -0.0217694 -0.0204198 -0.0191167 -0.0177973 -0.0163974 -0.0148734 -0.0132912 -0.0116869 -0.0101254 -0.00866314 -0.00735569 -0.00621512 -0.005254 -0.00446032 -0.00385794 -0.00337862 -0.00302659 -0.00279303 -0.00262794 -0.00253993 -0.00248996 -0.00249846 -0.00251728 -0.00254634 -0.00259228 -0.00263155 -0.00265765 -0.00267794 -0.00269951 -0.00270398 -0.00269235 -0.00267554 -0.00267399 -0.0026581 -0.00264131 -0.00262787 -0.00261858 -0.00261244 -0.00259741 -0.00259658 -0.00258938 -0.00258295 -0.0025798 -0.00258083 -0.00257953 -0.00257001 -0.00256862 -0.00256792 -0.00256219 -0.00254864 -0.00254586 -0.00254884 
0 4.38452e-05 0.000106111 0.000179119 0.000223634 0.000273874 0.000339113 0.000414975 0.000472458 0.000520576 0.000595883 0.000674825 0.000745106 0.00080356 0.000881232 0.000968363 0.00104506 0.00112153 0.00120621 0.0013013 0.00139273 0.00149056 0.00159032 0.00168007 0.00176589 0.00186379 0.00195625 0.0020347 0.00211271 0.00221515 0.00233032 0.00244768 0.00261241 0.00282636 0.00311116 0.00347398 0.00395487 0.0045651 0.00531431 0.00627124 0.00745544 0.00890053 0.0106515 0.0127732 0.0153043 0.0182878 0.0217784 0.0258055 0.0303298 0.0353247 0.0406787 0.046192 0.0516443 0.0567435 0.0611802 0.0646211 0.0668183 0.0675743 0.0667887 0.0645168 0.0609323 0.0562586 0.0508508 0.0450609 0.0392241 0.0336693 0.0286507 0.0243384 0.0208082 0.0180674 0.016026 0.0145364 0.0134426 0.01258 0.0117591 0.0108899 0.00985815 0.00859275 0.00708707 0.00533518 0.00333606 0.00116731 -0.00114704 -0.00354084 -0.0059334 -0.00826881 -0.0104876 -0.0125051 -0.0142833 -0.0157616 -0.0168938 -0.0176452 -0.017987 -0.0179033 -0.0174142 -0.0165287 -0.0152637 -0.0136488 -0.011736 -0.00957556 -0.00723017 -0.00476922 -0.0022674 0.000209015 0.00258031 0.00477199 0.00672395 0.00839402 0.00972127 0.0106612 0.0111772 0.0112421 0.0108435 0.00998414 0.00864081 0.00683427 0.00456304 0.00181691 -0.00138826 -0.0050412 -0.00916273 -0.013704 -0.0186662 -0.0240247 -0.0297065 -0.0356417 -0.0417394 -0.0478098 -0.0536956 -0.0591704 -0.0639841 -0.0679062 -0.0707321 -0.0722818 -0.0724669 -0.0712788 -0.0688007 -0.0651875 -0.0607047 -0.0556628 -0.0503661 -0.0451738 -0.0403594 -0.0361113 -0.0325557 -0.0297096 -0.0274732 -0.0257339 -0.0243239 -0.0230886 -0.0218673 -0.0205804 -0.019169 -0.0175949 -0.0159136 -0.0141795 -0.0124433 -0.0107771 -0.00924934 -0.00788496 -0.00670332 -0.00571015 -0.00491532 -0.00426538 -0.00376387 -0.00340351 -0.00314411 -0.00296778 -0.00285492 -0.00281032 -0.00279203 -0.00279984 -0.00283185 -0.00286418 -0.00288563 -0.00291024 -0.00294255 -0.00295704 -0.00294579 -0.00293552 -0.00293785 -0.00292817 -0.00291108 -0.00289169 -0.0028837 -0.00287165 -0.00286045 -0.00285663 -0.00284714 -0.00284128 -0.00283306 -0.00283831 -0.00283026 -0.00281876 -0.00281858 -0.00281798 -0.0028146 -0.00279315 -0.00279381 -0.00279956 
0 5.42593e-05 0.00012486 0.000211849 0.00025775 0.00031457 0.000385715 0.000465031 0.000525673 0.000565713 0.000646077 0.000727823 0.00080356 0.000868004 0.000947856 0.00105131 0.00113684 0.00122719 0.00132449 0.00143211 0.00153782 0.00163992 0.0017433 0.00183396 0.00192305 0.00202334 0.00211966 0.00219707 0.00228768 0.00241046 0.00256256 0.00273227 0.00295289 0.00325608 0.00363932 0.0041337 0.00476232 0.00553972 0.00648945 0.00766864 0.00911307 0.0108451 0.012908 0.0153629 0.0182543 0.0216055 0.0254793 0.0298711 0.0347411 0.0400426 0.0456409 0.0513315 0.0568582 0.0619173 0.0661804 0.06932 0.0710799 0.071296 0.0698685 0.0668833 0.0625295 0.0570621 0.0508607 0.0443191 0.0378015 0.0316683 0.0262031 0.021577 0.017887 0.0151275 0.0132074 0.0119686 0.0112491 0.0108493 0.0105856 0.0103191 0.00992111 0.00929398 0.00841087 0.00723995 0.0057932 0.00412449 0.00226455 0.000272582 -0.00177894 -0.00384794 -0.00587273 -0.00777961 -0.00952516 -0.0110415 -0.0122765 -0.0131988 -0.0137756 -0.013978 -0.0138227 -0.0133163 -0.0124688 -0.0113076 -0.00989077 -0.00825193 -0.00644233 -0.00453332 -0.00259974 -0.000688374 0.00112695 0.0027766 0.00420822 0.00538569 0.00624675 0.00675663 0.00689129 0.00662598 0.0059465 0.00486222 0.00336291 0.00146489 -0.000822773 -0.00351284 -0.00660277 -0.010095 -0.0140077 -0.018323 -0.0230283 -0.0281051 -0.0334858 -0.0391091 -0.0448752 -0.0506314 -0.0562039 -0.0613849 -0.0659231 -0.0695917 -0.0721767 -0.0735187 -0.0735177 -0.0721817 -0.0695953 -0.0659165 -0.0614122 -0.0563932 -0.0511648 -0.0460812 -0.041422 -0.0373573 -0.0340217 -0.0314077 -0.0294152 -0.0279128 -0.0267295 -0.025682 -0.02462 -0.0234383 -0.0220815 -0.0205164 -0.0187825 -0.0169494 -0.0150563 -0.0131909 -0.0114337 -0.00982975 -0.00840579 -0.00719204 -0.00617892 -0.00533747 -0.00466515 -0.00415494 -0.00378 -0.00349438 -0.00330039 -0.00318291 -0.00311245 -0.00308584 -0.00309225 -0.00310667 -0.00311624 -0.0031385 -0.00317641 -0.00320082 -0.00319336 -0.00319503 -0.00320263 -0.00320327 -0.00318985 -0.00316811 -0.00316322 -0.00314483 -0.00313768 -0.0031272 -0.00311118 -0.00310234 -0.00308765 -0.00309499 -0.00307915 -0.00306602 -0.00306744 -0.00306907 -0.00307029 -0.0030441 -0.00304739 -0.00305414 
0 5.56254e-05 0.000142615 0.000219286 0.000285082 0.000335918 0.000419075 0.000509729 0.000568073 0.000628962 0.000702791 0.000803003 0.000881232 0.000947856 0.00104052 0.00114219 0.00124648 0.00133716 0.00144258 0.00155833 0.00166718 0.00177546 0.00187778 0.00197143 0.00206844 0.00217575 0.00227668 0.00237265 0.00247715 0.00264167 0.00284157 0.00307478 0.00338441 0.00377753 0.00429789 0.00493856 0.00574097 0.00672044 0.00789434 0.00933336 0.0110656 0.0131074 0.0155029 0.0183048 0.0215422 0.0252668 0.0294838 0.0342096 0.0393788 0.04491 0.0506779 0.0564363 0.061917 0.0668096 0.0707716 0.0734843 0.0747287 0.0743157 0.0722126 0.0684939 0.0633643 0.0571288 0.0501775 0.0429321 0.0358129 0.0291852 0.0233416 0.0184925 0.0147001 0.0119782 0.010228 0.00928481 0.00895708 0.00905964 0.00935303 0.0096938 0.0099326 0.00995471 0.00970557 0.00917311 0.00832783 0.00721803 0.00588267 0.00435466 0.0026916 0.000961377 -0.00079058 -0.00250372 -0.00411539 -0.00558251 -0.00685254 -0.00788213 -0.00865538 -0.00916525 -0.0093675 -0.00926633 -0.00890296 -0.00830466 -0.00747214 -0.00646908 -0.00535207 -0.00415451 -0.00291515 -0.00172296 -0.000617741 0.000372224 0.00118883 0.00175654 0.00206361 0.00209187 0.00181172 0.00120625 0.000280106 -0.000982344 -0.00257579 -0.00448788 -0.0067361 -0.00932296 -0.0122393 -0.0155133 -0.0191676 -0.0231762 -0.0275616 -0.0323005 -0.0373337 -0.0426021 -0.048023 -0.0534183 -0.0586482 -0.0634924 -0.0677081 -0.0710673 -0.0733765 -0.0744425 -0.0742094 -0.0726721 -0.0699196 -0.0661402 -0.0615958 -0.0565838 -0.0514386 -0.0464842 -0.0419849 -0.038144 -0.0350422 -0.0326991 -0.0310012 -0.0297974 -0.0289071 -0.0281375 -0.0272978 -0.0263029 -0.0250643 -0.023557 -0.0218363 -0.0199351 -0.0179289 -0.0158911 -0.0139162 -0.0120698 -0.010399 -0.00892916 -0.0076811 -0.00661315 -0.0057402 -0.00506574 -0.00453434 -0.00413616 -0.00383081 -0.0036254 -0.00349042 -0.0034117 -0.00338762 -0.00337578 -0.00336923 -0.00338723 -0.00342701 -0.00345332 -0.00345993 -0.00345945 -0.00347804 -0.00348012 -0.00346426 -0.00345058 -0.00342991 -0.00342305 -0.00340591 -0.0033958 -0.00337943 -0.00335698 -0.00335783 -0.00335012 -0.00334265 -0.00332268 -0.00332048 -0.00333473 -0.00332235 -0.00331074 -0.00330139 -0.00331302 
0 6.39938e-05 0.00014172 0.00023561 0.000291292 0.00035831 0.000443609 0.000535599 0.000617211 0.000676649 0.000776119 0.0008776 0.000968363 0.00105131 0.00114219 0.00126419 0.00136484 0.00146398 0.00156798 0.00167828 0.0017923 0.00189494 0.00199477 0.00209344 0.00219883 0.00231802 0.00244427 0.00255791 0.00271667 0.0029221 0.00319019 0.00351459 0.00390487 0.00443659 0.00508432 0.00590881 0.00690869 0.00810776 0.00955303 0.0112764 0.0133251 0.0157057 0.0184466 0.0215886 0.0251831 0.0292266 0.0337733 0.0387655 0.0441586 0.0498516 0.0556712 0.0613935 0.0667158 0.071321 0.0748712 0.0770844 0.0777056 0.0766353 0.0738054 0.069341 0.0634619 0.0564994 0.0488609 0.0410196 0.0333847 0.0263545 0.0202431 0.0152181 0.0113993 0.00876431 0.00721479 0.00658558 0.0066895 0.00726248 0.00812881 0.00906252 0.00992075 0.0105835 0.0109969 0.0110915 0.0108948 0.0103898 0.00960591 0.00857891 0.00737699 0.00602669 0.00460671 0.00317069 0.0017646 0.000422025 -0.000815132 -0.00193129 -0.00287583 -0.00361901 -0.00418461 -0.00457551 -0.00475413 -0.004744 -0.00460928 -0.00436174 -0.00401315 -0.00362699 -0.00324608 -0.00286605 -0.00253735 -0.00233951 -0.00228632 -0.00237732 -0.00265791 -0.00315952 -0.00387552 -0.00481592 -0.00597811 -0.00736788 -0.00899835 -0.0108934 -0.0130394 -0.0154667 -0.0181849 -0.0212081 -0.0245354 -0.0282189 -0.0322346 -0.0365951 -0.0412602 -0.0461726 -0.0512044 -0.0562563 -0.0611091 -0.0655841 -0.0694437 -0.072463 -0.074426 -0.0752036 -0.0746801 -0.072892 -0.0699383 -0.0659994 -0.0613615 -0.056331 -0.0512329 -0.0463876 -0.0420704 -0.0384318 -0.0356041 -0.0335466 -0.0321761 -0.0313194 -0.0307868 -0.0303422 -0.0298224 -0.0290703 -0.0280205 -0.0266553 -0.0249842 -0.0230943 -0.0210154 -0.0188515 -0.0166937 -0.0146247 -0.0126976 -0.0109788 -0.00945017 -0.00813744 -0.0070356 -0.00614239 -0.0054543 -0.00488905 -0.00447151 -0.0041537 -0.00393439 -0.00380419 -0.00372862 -0.00368908 -0.00366173 -0.00366522 -0.00369678 -0.00372257 -0.00372252 -0.00373246 -0.00373948 -0.00374879 -0.00373633 -0.00371445 -0.00370872 -0.00368753 -0.00368574 -0.00366816 -0.00364757 -0.00363473 -0.00362157 -0.00362976 -0.00360767 -0.00359169 -0.00358991 -0.0035928 -0.00359456 -0.00356809 -0.00356957 -0.00357443 
0 6.72471e-05 0.000162863 0.000241369 0.000324368 0.000385127 0.000478735 0.000576976 0.000654924 0.000743371 0.000832866 0.000951085 0.00104506 0.00113684 0.00124648 0.00136484 0.00148599 0.00158694 0.00169693 0.00181093 0.00192707 0.00203133 0.00213014 0.0022288 0.00234581 0.00248169 0.00262372 0.00278891 0.00298758 0.00326752 0.00361177 0.00403125 0.00455282 0.00520739 0.00603819 0.00705585 0.00828339 0.00974583 0.0114821 0.0135244 0.015912 0.0186317 0.0217193 0.0252011 0.0291023 0.0334701 0.0382714 0.0434848 0.0490301 0.0547705 0.0605452 0.0661042 0.0711423 0.0753601 0.078413 0.0800331 0.0800168 0.0782199 0.074666 0.0694663 0.0628655 0.0552459 0.0470303 0.0386794 0.0306563 0.0233325 0.017013 0.0119085 0.00810511 0.00559545 0.00428386 0.00399401 0.00449529 0.00556036 0.00695134 0.00845818 0.00993093 0.011241 0.0122901 0.0130458 0.0134692 0.0135541 0.0133456 0.0128623 0.0121397 0.0112483 0.0102242 0.00909734 0.00792471 0.00673778 0.00557011 0.00444743 0.00337111 0.002346 0.00141899 0.000596249 -0.000160098 -0.000856714 -0.00145882 -0.0020026 -0.00252629 -0.00302189 -0.00350636 -0.00404479 -0.00463955 -0.00527717 -0.00598681 -0.00681426 -0.00774859 -0.00878035 -0.00992082 -0.0111785 -0.0125584 -0.0140849 -0.0157514 -0.0175753 -0.019598 -0.0218291 -0.0242879 -0.0270226 -0.0300451 -0.0333727 -0.0370331 -0.0410148 -0.0452966 -0.0498272 -0.0545019 -0.0591744 -0.0636673 -0.0677641 -0.0712385 -0.0738728 -0.0754776 -0.0758961 -0.0750652 -0.0729947 -0.0697795 -0.0656416 -0.0608496 -0.0557246 -0.0506304 -0.0458649 -0.0416826 -0.0382782 -0.0356969 -0.0339415 -0.0329097 -0.0324133 -0.0322634 -0.0322153 -0.0320584 -0.0316483 -0.0308732 -0.0297117 -0.0281953 -0.0263508 -0.0242726 -0.0220289 -0.0197252 -0.0174652 -0.0153125 -0.0133299 -0.011536 -0.00994861 -0.00858697 -0.00746652 -0.00655369 -0.00582834 -0.00524751 -0.00480347 -0.00448576 -0.00426776 -0.0041359 -0.00404034 -0.00398057 -0.00395751 -0.00396807 -0.00397959 -0.00398354 -0.00398507 -0.00399967 -0.00401267 -0.00400522 -0.00399949 -0.00398016 -0.00397913 -0.00396654 -0.00395226 -0.00393521 -0.0039077 -0.00391316 -0.00389891 -0.00389009 -0.00386775 -0.00385849 -0.0038707 -0.00385114 -0.00384634 -0.00383193 -0.00384197 
0 8.02214e-05 0.000172774 0.000265218 0.00034981 0.000428564 0.000524107 0.000620458 0.000714295 0.000805379 0.000907322 0.00102102 0.00112153 0.00122719 0.00133716 0.00146398 0.00158694 0.00169683 0.00181225 0.00193012 0.00205855 0.00217432 0.00227991 0.00239623 0.00253014 0.00268602 0.00286116 0.00305969 0.00332721 0.00366884 0.00410635 0.00465194 0.00531008 0.00615114 0.00717677 0.00843729 0.00992661 0.0116719 0.0137268 0.0160964 0.0188146 0.0218735 0.0252909 0.0290815 0.0332852 0.0379048 0.0429294 0.0482784 0.0538776 0.0595761 0.0651833 0.0704677 0.0751258 0.0788508 0.081318 0.0822971 0.0815654 0.0790545 0.0747835 0.0689031 0.061677 0.0535034 0.0448028 0.0360657 0.0277323 0.0201979 0.0137789 0.00865474 0.00494463 0.00261308 0.00154915 0.00158227 0.00248823 0.00399312 0.00591235 0.00798465 0.0100515 0.0119748 0.0136532 0.0150074 0.016046 0.0167271 0.0170868 0.0171462 0.0169497 0.0165156 0.0158963 0.0151186 0.0142184 0.013206 0.0121142 0.0109533 0.00975756 0.0085324 0.00725521 0.00592985 0.00459462 0.00324358 0.0018686 0.000479958 -0.000911987 -0.00232425 -0.00376995 -0.00523288 -0.00671151 -0.0082386 -0.00979188 -0.0113388 -0.0128862 -0.0144495 -0.0160226 -0.0176175 -0.0192267 -0.0208678 -0.0225565 -0.0243317 -0.0262051 -0.0282257 -0.0304347 -0.0328782 -0.035566 -0.0385735 -0.0418866 -0.045517 -0.04945 -0.0536268 -0.0579199 -0.0622417 -0.0663569 -0.0700759 -0.0731749 -0.0754243 -0.0766275 -0.0766765 -0.0754741 -0.0730659 -0.0695621 -0.0651707 -0.060186 -0.0549342 -0.0497825 -0.0450351 -0.0409557 -0.0377067 -0.0353635 -0.0338792 -0.0331762 -0.0330522 -0.0333053 -0.0336763 -0.0339557 -0.0339412 -0.0335228 -0.0326677 -0.031362 -0.0296659 -0.0276399 -0.025376 -0.022976 -0.020557 -0.0181982 -0.0159802 -0.0139123 -0.0120601 -0.0104336 -0.00904853 -0.00791471 -0.00696977 -0.00621408 -0.00560402 -0.00514807 -0.00482499 -0.00459145 -0.00442944 -0.00431955 -0.00426124 -0.0042488 -0.00424928 -0.00425129 -0.00425828 -0.00426779 -0.0042896 -0.00429137 -0.00428491 -0.00427307 -0.00426263 -0.0042576 -0.00423738 -0.0042191 -0.0041993 -0.00419267 -0.00418538 -0.0041675 -0.00415132 -0.00414144 -0.00414025 -0.00412887 -0.00411517 -0.0041092 -0.00411248 
