0 0 0 0 0 0 0 0 0 0 0 0 0 0 0 0 0 0 0 0 0 0 0 0 0 0 0 0 0 0 0 0 0 0 0 0 0 0 0 0 0 0 0 0 0 0 0 0 0 0 0 0 0 0 0 0 0 0 0 0 0 0 0 0 0 0 0 0 0 0 0 0 0 0 0 0 0 0 0 0 0 0 0 0 0 0 0 0 0 0 0 0 0 0 0 0 0 0 0 0 0 0 0 0 0 0 0 0 0 0 0 0 0 0 0 0 0 0 0 0 0 0 0 0 0 0 0 0 0 0 0 0 0 0 0 0 0 0 0 0 0 0 0 0 0 0 0 0 0 0 0 0 0 0 0 0 0 0 0 0 0 0 0 0 0 0 0 0 0 0 0 0 0 0 0 0 0 0 0 0 0 0 0 0 0 0 0 0 0 0 0 0 0 0 0 0 0 0 0 0 
0 4.77759e-06 1.01463e-05 2.51575e-05 2.37113e-05 3.21555e-05 4.10025e-05 5.64678e-05 7.58087e-05 8.298e-05 0.000102865 0.000114467 0.000131683 0.000149593 0.000161774 0.000179954 0.000182649 0.000190853 0.000193808 0.000184036 0.000172811 0.000155953 0.00015234 0.000142837 0.000123646 0.000113123 0.000108124 0.00011437 0.000124574 0.000142568 0.000174818 0.000213429 0.000266489 0.00034304 0.000432159 0.000538457 0.000674327 0.000845034 0.00105418 0.0012845 0.00153685 0.00178855 0.0020123 0.00219094 0.00230358 0.00231577 0.00220609 0.00198037 0.00162794 0.00118117 0.000661943 0.000115837 -0.000422693 -0.000926269 -0.00135295 -0.00167909 -0.00190463 -0.00200493 -0.00197984 -0.00186283 -0.00163801 -0.00134302 -0.000994777 -0.000607602 -0.000193931 0.000226997 0.000663108 0.00110035 0.00155198 0.00201459 0.00249511 0.00300598 0.00354468 0.00411917 0.0047276 0.00536384 0.00601162 0.00666693 0.00730553 0.007928 0.00851064 0.00906055 0.00955395 0.00998644 0.0103406 0.0106149 0.0107765 0.0108333 0.0107596 0.0105558 0.0102157 0.00975923 0.00918312 0.00851282 0.00775036 0.00691166 0.0059789 0.00497892 0.00392861 0.00282138 0.00163877 0.000439194 -0.000759792 -0.00195391 -0.00314034 -0.0042852 -0.00538513 -0.00642413 -0.00740913 -0.00831206 -0.00913284 -0.00984941 -0.0104469 -0.0109003 -0.0112231 -0.0113933 -0.0114294 -0.011335 -0.0111295 -0.0108123 -0.0104151 -0.00993997 -0.00940819 -0.00881993 -0.00820506 -0.00756302 -0.00691782 -0.00629321 -0.00570619 -0.00516564 -0.00469949 -0.00430309 -0.00397945 -0.00374003 -0.00356734 -0.00346704 -0.00342394 -0.00342906 -0.00346831 -0.00352382 -0.00356533 -0.00359302 -0.00355366 -0.00344457 -0.00325183 -0.00295214 -0.00255521 -0.00208227 -0.0015398 -0.000964045 -0.000397156 0.000134825 0.000588804 0.000944506 0.00117199 0.00128104 0.00128019 0.00118985 0.00103547 0.000854936 0.000665323 0.000477193 0.000323233 0.000203129 0.000119944 6.90438e-05 4.16762e-05 2.80799e-05 1.39994e-05 -5.25069e-07 -5.79982e-06 -2.10294e-05 -4.78481e-05 -7.63979e-05 -0.000112406 -0.000141676 -0.000175686 -0.000204499 -0.00022822 -0.00026381 -0.000284671 -0.000300696 -0.000309783 -0.000319675 -0.000337349 -0.000334109 -0.000334356 -0.000334262 -0.000337914 -0.000342319 -0.000330847 -0.000330908 -0.000326826 -0.000327196 -0.000325659 -0.000318825 -0.000323153 -0.000318279 -0.000318443 -0.000313926 
0 1.01463e-05 3.6476e-05 5.27941e-05 7.01912e-05 7.7217e-05 9.73845e-05 0.000131238 0.000150887 0.000179239 0.000196574 0.000226019 0.000253583 0.000274634 0.000310157 0.000323765 0.000346493 0.000358919 0.000371779 0.000373275 0.000347818 0.000338177 0.000327064 0.000313661 0.000278199 0.000249118 0.000236131 0.000240951 0.000250153 0.000281586 0.000342451 0.000409461 0.000531287 0.000671217 0.000864183 0.00107934 0.0013438 0.00170026 0.00209936 0.00256697 0.00306413 0.00356071 0.00400714 0.00436593 0.00458149 0.00461825 0.00440118 0.00395204 0.00327412 0.00237288 0.00135582 0.000261725 -0.000820855 -0.00183164 -0.00268638 -0.00335384 -0.00378787 -0.00398424 -0.00393048 -0.00366955 -0.00322717 -0.0026313 -0.00193405 -0.00116466 -0.000348223 0.000511266 0.00136516 0.00225205 0.0031607 0.00408864 0.00505876 0.00610446 0.00717548 0.00832449 0.00953141 0.0107621 0.0120268 0.013315 0.0145656 0.0157896 0.0169586 0.0180253 0.0189898 0.0198348 0.0205206 0.0210211 0.0213291 0.0214025 0.0212292 0.0208155 0.0201673 0.0192623 0.0181489 0.0168297 0.0153072 0.0136182 0.0118074 0.00983268 0.00771716 0.00549875 0.00322985 0.000902016 -0.00147577 -0.00385905 -0.00616794 -0.00842866 -0.0106188 -0.0126952 -0.0146357 -0.0164391 -0.0180428 -0.0194387 -0.0206071 -0.0215249 -0.022162 -0.0225348 -0.0226388 -0.0224796 -0.0220909 -0.0215105 -0.0207347 -0.0198052 -0.0187637 -0.0176029 -0.0163811 -0.0151393 -0.0138828 -0.0126583 -0.0115224 -0.010452 -0.0095155 -0.00872173 -0.00806907 -0.007562 -0.00722312 -0.00699841 -0.00690178 -0.00690567 -0.00698157 -0.00707819 -0.00717967 -0.00721904 -0.00713749 -0.00691655 -0.00650653 -0.00589847 -0.00509853 -0.00414347 -0.00306224 -0.00192925 -0.000787135 0.000249561 0.00116417 0.00187152 0.00232368 0.00255111 0.00255215 0.00237094 0.00207164 0.00171081 0.00132489 0.000964371 0.000634814 0.000404913 0.000225081 0.000112866 6.18367e-05 2.02347e-05 2.03013e-06 -2.26699e-05 -2.47254e-05 -4.23716e-05 -8.09846e-05 -0.000136232 -0.00019253 -0.000259535 -0.000327369 -0.000385371 -0.000454211 -0.000513586 -0.000579031 -0.000605883 -0.00062921 -0.000659597 -0.000677428 -0.000687704 -0.000670077 -0.00067403 -0.000678383 -0.000675699 -0.000666155 -0.000651648 -0.000654524 -0.000649882 -0.000645138 -0.000639505 -0.000637182 -0.000640657 -0.000634514 -0.000629985 
0 2.51575e-05 5.27941e-05 0.000102538 0.000114817 0.000141739 0.000166416 0.000202013 0.000241276 0.000254358 0.000295462 0.000322721 0.000362566 0.000403124 0.000433898 0.000478323 0.000496188 0.000530722 0.00055727 0.00055434 0.00054005 0.000510944 0.000504503 0.000479352 0.000426186 0.000389382 0.000368482 0.000373871 0.000390799 0.00043092 0.000512904 0.000622713 0.000784307 0.00101649 0.00129658 0.00163024 0.00204694 0.00256344 0.00318017 0.00386012 0.00459542 0.00532773 0.00598344 0.00650893 0.00684146 0.0068853 0.00657504 0.00591635 0.0048882 0.00356788 0.0020308 0.000400978 -0.0012136 -0.00272196 -0.00400183 -0.00497885 -0.00563663 -0.00591555 -0.00581817 -0.00542937 -0.00473475 -0.0038313 -0.00277715 -0.00161586 -0.000381697 0.000883269 0.00219279 0.0035254 0.00490927 0.00633523 0.00781665 0.00937486 0.0109933 0.0126876 0.0144505 0.0162662 0.0181063 0.0199638 0.0217847 0.0235657 0.0252453 0.0268177 0.0282163 0.0294131 0.0303595 0.0310468 0.0314115 0.0314752 0.0311927 0.0305688 0.0295899 0.0282864 0.0266471 0.0247157 0.0224939 0.0200242 0.0172877 0.0143564 0.0112886 0.00808423 0.00471319 0.00129702 -0.00213155 -0.00556681 -0.00899416 -0.0123354 -0.0155631 -0.0186182 -0.0214935 -0.0241173 -0.0264773 -0.0285296 -0.0302478 -0.0315851 -0.0325707 -0.0331578 -0.0333759 -0.0332243 -0.0327361 -0.0319114 -0.0308211 -0.0294865 -0.0279717 -0.0262966 -0.0245439 -0.0227292 -0.0209094 -0.0191428 -0.0174706 -0.0159121 -0.0145355 -0.0133399 -0.0123401 -0.0115714 -0.0110076 -0.0106596 -0.0104957 -0.0104875 -0.0105894 -0.0107404 -0.0108575 -0.0109131 -0.0107726 -0.010415 -0.00980009 -0.00887459 -0.00766739 -0.0062374 -0.00461653 -0.00290719 -0.00122375 0.000347674 0.00169542 0.00275174 0.00343934 0.003779 0.00379578 0.00354565 0.00310602 0.00257747 0.00201305 0.00145271 0.0009775 0.000601632 0.000330632 0.000157429 6.07308e-05 1.11595e-05 -2.58532e-05 -5.31519e-05 -5.3065e-05 -7.56102e-05 -0.000130657 -0.000199986 -0.000292556 -0.000379989 -0.00048154 -0.000574071 -0.00065898 -0.000768789 -0.000845697 -0.000903507 -0.00094283 -0.000981824 -0.00103105 -0.00102709 -0.00102167 -0.00101533 -0.00101748 -0.00102061 -0.000989874 -0.000985137 -0.000974637 -0.0009736 -0.00096762 -0.000951025 -0.000959466 -0.000951727 -0.00095658 -0.000947606 
0 2.37113e-05 7.01912e-05 0.000114817 0.00015313 0.000178095 0.000217278 0.000272101 0.000310452 0.000354693 0.00039417 0.000448269 0.000501269 0.000543495 0.00059643 0.000625395 0.000660864 0.000690121 0.000718152 0.000724316 0.000692206 0.000672099 0.000653415 0.000625541 0.000566903 0.000520416 0.000502871 0.000516679 0.00054264 0.000605287 0.000718856 0.000860863 0.00109319 0.00138241 0.001763 0.00220377 0.00274553 0.00344414 0.00424378 0.00515851 0.00613161 0.00709985 0.00797062 0.00866611 0.00908433 0.00913905 0.00871396 0.00782335 0.00647569 0.00470982 0.00269347 0.000536076 -0.00160139 -0.00359021 -0.00527393 -0.00657388 -0.00741393 -0.00776986 -0.00763341 -0.00707953 -0.00615922 -0.00494283 -0.00352241 -0.00195839 -0.000297432 0.001442 0.00320202 0.00502316 0.00689671 0.00881589 0.0108055 0.012901 0.0150367 0.0172679 0.0195689 0.021897 0.0242599 0.0266441 0.0289692 0.0312345 0.0333848 0.0353447 0.0370826 0.0385575 0.039706 0.0404902 0.0408972 0.0408884 0.0404498 0.0395935 0.0383237 0.0366107 0.0344995 0.0319925 0.0290947 0.025864 0.0223667 0.0185846 0.0145747 0.0103986 0.00612313 0.00175744 -0.00268456 -0.00714937 -0.0115345 -0.0158448 -0.020029 -0.0240044 -0.0277191 -0.0311422 -0.034189 -0.0368438 -0.0390832 -0.0408771 -0.042197 -0.0430517 -0.0434295 -0.0433297 -0.0427882 -0.0418466 -0.0405184 -0.0388711 -0.0369805 -0.0348675 -0.032633 -0.0303448 -0.0280316 -0.025767 -0.0236284 -0.0216031 -0.0197898 -0.018212 -0.0168827 -0.0158259 -0.015072 -0.0145632 -0.0143085 -0.0142607 -0.0143604 -0.0145159 -0.0146664 -0.014698 -0.0144948 -0.0140055 -0.0131521 -0.0119093 -0.0102946 -0.00837718 -0.00622105 -0.00395966 -0.00170181 0.000371087 0.00218347 0.00359483 0.00452057 0.00499313 0.00502648 0.00470134 0.00413352 0.00343456 0.00268142 0.00196024 0.00131192 0.000827349 0.000456624 0.000215964 8.75027e-05 -1.84631e-06 -5.06704e-05 -9.46312e-05 -0.000103498 -0.000133774 -0.000200324 -0.000295133 -0.000401175 -0.000523253 -0.000649604 -0.000764573 -0.000890836 -0.00101082 -0.00112736 -0.00119031 -0.00124277 -0.00130263 -0.00134647 -0.00136532 -0.00134572 -0.00134825 -0.00135308 -0.00134818 -0.00132975 -0.00131009 -0.00131083 -0.00130402 -0.00129374 -0.00128188 -0.00127679 -0.00127807 -0.00127396 -0.00126791 
0 3.21555e-05 7.7217e-05 0.000141739 0.000178095 0.000219956 0.000268293 0.000329392 0.000389657 0.000434571 0.000499787 0.000563589 0.000633764 0.000696872 0.000749407 0.000798421 0.000827552 0.000862701 0.000887134 0.000878854 0.000845391 0.000805703 0.000783295 0.000746721 0.000685537 0.000644284 0.000637695 0.000667999 0.00072115 0.000810045 0.000953817 0.00114555 0.00141879 0.00178729 0.00224458 0.00279477 0.00347899 0.00433251 0.00534047 0.00646933 0.00767611 0.00887351 0.009948 0.0107973 0.0113096 0.0113492 0.010814 0.00969551 0.00799863 0.00581933 0.00330842 0.000646026 -0.0019856 -0.00442371 -0.00648911 -0.00806436 -0.00909108 -0.00950811 -0.00932183 -0.00862227 -0.00744769 -0.00590891 -0.00410621 -0.00211365 1.02812e-05 0.00221518 0.0044827 0.0068035 0.00918786 0.0116246 0.0141276 0.0167141 0.0193588 0.0220799 0.0248656 0.027688 0.030524 0.0333506 0.0361024 0.0387534 0.0412339 0.0434971 0.0454732 0.0471131 0.0483596 0.0491859 0.0495463 0.04944 0.0488351 0.0477334 0.0461271 0.0440271 0.0414425 0.0384053 0.034928 0.0310616 0.0268272 0.0222877 0.0175169 0.0125429 0.00737868 0.00212482 -0.00317328 -0.00848651 -0.013763 -0.0189319 -0.0239364 -0.0286951 -0.0331654 -0.037275 -0.0409746 -0.0442188 -0.0469718 -0.0491907 -0.0508802 -0.0520105 -0.0525906 -0.0526211 -0.0521288 -0.0511312 -0.0496875 -0.047849 -0.0456939 -0.0432719 -0.0406843 -0.0379883 -0.0352532 -0.0325627 -0.0299833 -0.0275505 -0.0253498 -0.0234085 -0.0217543 -0.0204303 -0.0194366 -0.0187664 -0.018395 -0.018277 -0.0183404 -0.0184864 -0.0186061 -0.0186007 -0.0183103 -0.0176637 -0.0165877 -0.0150237 -0.0130034 -0.0106055 -0.00791052 -0.00507375 -0.00226618 0.000343871 0.00259972 0.0043673 0.00554529 0.00614628 0.00621294 0.00583554 0.0051475 0.00429273 0.00337047 0.00246716 0.00167857 0.00105526 0.000594957 0.000290931 0.000110495 -9.31681e-08 -8.03475e-05 -0.000140839 -0.000171236 -0.000222661 -0.000311586 -0.000424611 -0.000557175 -0.000693369 -0.000837267 -0.000972149 -0.00110605 -0.00125414 -0.00137374 -0.00145716 -0.00152171 -0.00158947 -0.00165761 -0.00167659 -0.00167754 -0.00168057 -0.00168929 -0.00169093 -0.00166361 -0.00165232 -0.00164358 -0.00163917 -0.00162628 -0.00160709 -0.00160667 -0.00159761 -0.00159866 -0.00158962 
0 4.10025e-05 9.73845e-05 0.000166416 0.000217278 0.000268293 0.000329564 0.000402105 0.000471957 0.000532236 0.000603351 0.000679285 0.000757398 0.000827424 0.000887488 0.000936943 0.000972265 0.00100656 0.00102926 0.0010222 0.000988851 0.000953588 0.000930082 0.000894369 0.000839106 0.000801139 0.000802956 0.000845345 0.000917582 0.00103241 0.00120585 0.00144092 0.00176872 0.00220228 0.00274414 0.0034025 0.00422047 0.00523677 0.00643575 0.00778202 0.00921522 0.0106328 0.0119049 0.0129033 0.0134895 0.0135145 0.0128644 0.0115176 0.00949833 0.00691192 0.0039402 0.000791872 -0.00231842 -0.00518764 -0.00761541 -0.00946227 -0.0106437 -0.0111048 -0.0108562 -0.00998014 -0.00854951 -0.00667634 -0.00447537 -0.0020376 0.000566782 0.00328097 0.00606651 0.00891293 0.0118163 0.0147652 0.0177715 0.0208466 0.023969 0.0271505 0.0303776 0.0336183 0.0368489 0.0400359 0.0431124 0.0460354 0.0487387 0.0511604 0.0532422 0.054937 0.0561921 0.0569714 0.0572399 0.0569768 0.056157 0.0547804 0.0528456 0.0503578 0.0473401 0.0438213 0.039826 0.0354076 0.0306037 0.0254514 0.0200107 0.0143332 0.00846578 0.00248025 -0.00357228 -0.00963259 -0.015624 -0.0214881 -0.0271673 -0.0325853 -0.0376867 -0.0424068 -0.0466807 -0.0504602 -0.053703 -0.0563647 -0.0584285 -0.0598766 -0.0607073 -0.060927 -0.0605632 -0.0596425 -0.058209 -0.056319 -0.054043 -0.0514414 -0.0486125 -0.045634 -0.0425815 -0.0395471 -0.0366091 -0.0338194 -0.0312637 -0.0289893 -0.0270318 -0.0254339 -0.0242101 -0.0233483 -0.0228286 -0.022603 -0.02259 -0.0226799 -0.0227516 -0.022668 -0.022267 -0.021444 -0.0201096 -0.0182101 -0.0157734 -0.0128852 -0.00965643 -0.00626108 -0.00289848 0.000227418 0.00293557 0.00506187 0.00649895 0.00724723 0.00735783 0.00693904 0.0061467 0.0051423 0.00405154 0.0029836 0.00204057 0.00128645 0.000723742 0.000343417 0.000108431 -4.19012e-05 -0.000148476 -0.000225749 -0.000274281 -0.000336662 -0.000434034 -0.000557898 -0.000699743 -0.000850714 -0.00100728 -0.00116012 -0.00131727 -0.00148199 -0.00162212 -0.00172169 -0.00180133 -0.00188307 -0.00195785 -0.00199233 -0.00200225 -0.00201277 -0.0020257 -0.00202589 -0.00200408 -0.00198863 -0.00198019 -0.00197437 -0.00195944 -0.00194113 -0.00193459 -0.00192615 -0.00192293 -0.00191473 
0 5.64678e-05 0.000131238 0.000202013 0.000272101 0.000329392 0.000402105 0.000484755 0.000558481 0.000634597 0.000702432 0.000786272 0.000866026 0.000937623 0.00100667 0.001053 0.0011001 0.00113415 0.00115781 0.00115852 0.00112949 0.00110739 0.00108456 0.00105451 0.00101173 0.000981286 0.000993682 0.00104773 0.00113747 0.00127624 0.00147639 0.0017517 0.00213683 0.00263459 0.00326782 0.00404272 0.00500015 0.0061831 0.00756537 0.00911961 0.0107613 0.0123781 0.0138284 0.0149601 0.0156058 0.0156123 0.0148508 0.0132841 0.0109611 0.00798503 0.00457729 0.000965102 -0.0026012 -0.00587735 -0.00864446 -0.0107445 -0.0120572 -0.0125419 -0.0122112 -0.0111299 -0.00941752 -0.00718048 -0.00455342 -0.0016459 0.00145607 0.00469646 0.00800891 0.0113919 0.0148201 0.0182833 0.0217862 0.0253329 0.0289015 0.0324987 0.0361076 0.0396884 0.0432193 0.046654 0.0499294 0.0529901 0.0557867 0.0582387 0.0603082 0.0619451 0.0631046 0.063739 0.0638365 0.0633507 0.0622727 0.0605956 0.0583311 0.0554738 0.0520702 0.0481391 0.0437165 0.0388412 0.0335773 0.0279385 0.0219733 0.0157425 0.0093296 0.00277094 -0.00386613 -0.0105036 -0.017047 -0.0234583 -0.0296666 -0.0356064 -0.0412088 -0.0464313 -0.0511904 -0.0554418 -0.0591332 -0.0622259 -0.0646723 -0.0664772 -0.0676204 -0.0681128 -0.0679745 -0.0672458 -0.0659448 -0.0641399 -0.0618879 -0.0592561 -0.0563289 -0.0532044 -0.049956 -0.046683 -0.0434778 -0.0404058 -0.0375507 -0.0349808 -0.032741 -0.0308707 -0.0294117 -0.0283411 -0.0276532 -0.0272946 -0.0271756 -0.0271728 -0.0271608 -0.0269551 -0.0264064 -0.0253742 -0.0237521 -0.0214999 -0.018637 -0.0152531 -0.011493 -0.00754767 -0.00363559 -5.19323e-06 0.00315203 0.00563738 0.00734401 0.00825881 0.00843692 0.00800349 0.00713277 0.00599675 0.00474775 0.00352279 0.00241907 0.00152704 0.000848375 0.000378279 7.86144e-05 -0.000120409 -0.000252673 -0.000344676 -0.000408691 -0.000477273 -0.000576182 -0.000706576 -0.000851297 -0.00101448 -0.00117921 -0.00134574 -0.00152549 -0.00169894 -0.00186094 -0.00197677 -0.00207456 -0.00217287 -0.00224997 -0.0023047 -0.00232234 -0.00234236 -0.00235957 -0.00235721 -0.00234623 -0.00232447 -0.00231778 -0.00230868 -0.00229344 -0.00227997 -0.00226521 -0.00226054 -0.00225023 -0.0022436 
0 7.58087e-05 0.000150887 0.000241276 0.000310452 0.000389657 0.000471957 0.000558481 0.000655203 0.000727793 0.000815459 0.000895146 0.000977621 0.00106036 0.00111706 0.00117974 0.00121729 0.00125677 0.0012788 0.00127296 0.00126185 0.00123658 0.00122254 0.00119813 0.00117303 0.00116393 0.00119618 0.00126793 0.00139001 0.00155671 0.00178508 0.00211583 0.00254013 0.0031211 0.00383174 0.00472497 0.00583294 0.00716127 0.00873809 0.0104803 0.0123198 0.0141219 0.0157331 0.016974 0.0176755 0.0176378 0.0167645 0.0149881 0.0123531 0.00902665 0.00519348 0.00115028 -0.00283763 -0.00648708 -0.00956989 -0.0118772 -0.0133098 -0.0137888 -0.0133439 -0.0120487 -0.0100128 -0.00738367 -0.00430247 -0.000894064 0.00274186 0.00650381 0.0103763 0.0142902 0.0182398 0.0222136 0.0262026 0.0301757 0.0341657 0.0381182 0.0420262 0.0458681 0.0495907 0.0531372 0.0564817 0.0595484 0.0622844 0.0646562 0.0665994 0.0680621 0.0690116 0.0694198 0.0692375 0.0684649 0.0670882 0.065098 0.0624926 0.0593206 0.0555774 0.0513081 0.0465536 0.0413432 0.0356832 0.029669 0.0233498 0.0167636 0.00993514 0.00297693 -0.00402911 -0.0110268 -0.0179874 -0.0247919 -0.0313803 -0.0376981 -0.04369 -0.0492742 -0.0544266 -0.0590704 -0.0631535 -0.0666313 -0.069486 -0.0716711 -0.073189 -0.0740433 -0.0742396 -0.0737904 -0.0727559 -0.0711708 -0.0690807 -0.0665765 -0.0637184 -0.0605834 -0.0572804 -0.053903 -0.0505206 -0.0472636 -0.0441841 -0.0413662 -0.038877 -0.0367751 -0.035068 -0.0338047 -0.0329349 -0.0324189 -0.0321612 -0.0320392 -0.0318789 -0.0315214 -0.0307807 -0.0294953 -0.0275728 -0.0249429 -0.0216434 -0.017764 -0.0134724 -0.00896862 -0.00453009 -0.000374075 0.0032184 0.00607332 0.00807056 0.0091632 0.0094374 0.00901806 0.00808744 0.00684109 0.00545677 0.00406843 0.0028318 0.00178312 0.000993356 0.000429411 4.20875e-05 -0.000199759 -0.000377789 -0.000486326 -0.000573015 -0.000654764 -0.000758703 -0.000890026 -0.001046 -0.00120846 -0.00137877 -0.001557 -0.0017343 -0.00192589 -0.00208151 -0.00222313 -0.00233698 -0.0024405 -0.00253831 -0.00259164 -0.0026377 -0.00265843 -0.00268079 -0.00269012 -0.00267674 -0.00267081 -0.00265287 -0.0026466 -0.00263306 -0.00261543 -0.00260766 -0.00259203 -0.00258658 -0.00257635 
0 8.298e-05 0.000179239 0.000254358 0.000354693 0.000434571 0.000532236 0.000634597 0.000727793 0.000836948 0.000918393 0.00101799 0.00110315 0.00118018 0.00125164 0.00129221 0.0013427 0.00136752 0.0013807 0.00138053 0.00136302 0.00135572 0.00133933 0.00132922 0.00133258 0.00135097 0.00141016 0.00151561 0.00166873 0.00187895 0.0021511 0.00252285 0.00302061 0.0036503 0.00445303 0.00545363 0.00668533 0.00817658 0.00991294 0.011852 0.0138826 0.0158618 0.017625 0.0189756 0.0196936 0.0196167 0.0186095 0.0166085 0.0136984 0.010011 0.00580555 0.00136384 -0.00300938 -0.00699304 -0.0103381 -0.0128434 -0.0143355 -0.014785 -0.0142091 -0.0126517 -0.0102895 -0.0072466 -0.00368251 0.000250558 0.0044306 0.00877521 0.0131914 0.0176532 0.0221123 0.0265611 0.0309855 0.0353679 0.0396965 0.0439417 0.0480747 0.0520517 0.0558412 0.0593926 0.0626677 0.0656043 0.0681814 0.0703199 0.0720017 0.0731833 0.0738307 0.0738961 0.0733904 0.0722637 0.0705383 0.0682143 0.0653194 0.0618497 0.0578444 0.053307 0.0482838 0.0427957 0.0369277 0.0306888 0.0241059 0.017268 0.0102923 0.00315901 -0.00407003 -0.0112994 -0.0184406 -0.0254623 -0.0322856 -0.0388593 -0.0450937 -0.050957 -0.0563744 -0.0613092 -0.0657172 -0.0695717 -0.0727965 -0.0754006 -0.0773388 -0.0786072 -0.0792103 -0.0791852 -0.0785247 -0.0772931 -0.0755233 -0.0732857 -0.0706331 -0.0676656 -0.0644553 -0.0610933 -0.0576809 -0.0543227 -0.0510977 -0.0481136 -0.0454457 -0.043137 -0.0412536 -0.0397861 -0.0387306 -0.038035 -0.0376007 -0.0372972 -0.0369728 -0.0363983 -0.0354301 -0.0338726 -0.0315975 -0.0285827 -0.0248321 -0.0204435 -0.0156192 -0.0105736 -0.00557514 -0.000924007 0.0031365 0.00637005 0.00866208 0.00996643 0.0103454 0.00995653 0.00899108 0.00764891 0.00613589 0.00462728 0.00323728 0.00207022 0.00115763 0.000489267 2.53304e-05 -0.000297719 -0.000511994 -0.000659152 -0.000776374 -0.00087404 -0.000984427 -0.00112209 -0.00127261 -0.00144115 -0.00160682 -0.00178101 -0.00196995 -0.00213914 -0.00231043 -0.00245336 -0.00258244 -0.0027052 -0.00279256 -0.00288036 -0.00292726 -0.00296787 -0.0029994 -0.00300725 -0.00302223 -0.00300448 -0.00300107 -0.00298592 -0.00297004 -0.00296363 -0.00293909 -0.00293869 -0.00291967 -0.00291561 
0 0.000102865 0.000196574 0.000295462 0.00039417 0.000499787 0.000603351 0.000702432 0.000815459 0.000918393 0.00102298 0.00111577 0.00120342 0.0012913 0.00134941 0.00140802 0.00144762 0.00147827 0.00148984 0.00148219 0.00148252 0.00147309 0.0014679 0.00147183 0.00150333 0.00155736 0.00165063 0.0017844 0.00198459 0.00223499 0.00254756 0.00298112 0.00351732 0.00422718 0.00509998 0.00621126 0.0075865 0.00921453 0.0111323 0.0132445 0.015453 0.0175946 0.0194917 0.0209193 0.0216668 0.021522 0.0203902 0.0181874 0.0149864 0.01099 0.00641932 0.00161843 -0.00308996 -0.00735591 -0.0109272 -0.0135508 -0.0150905 -0.015471 -0.014724 -0.0129086 -0.0101753 -0.00669092 -0.00262721 0.00185276 0.00660727 0.0114973 0.0164861 0.0214707 0.0264202 0.031322 0.0361465 0.0408357 0.0454365 0.0498616 0.0540948 0.0581163 0.0618677 0.065286 0.0683752 0.0710624 0.0733194 0.0751267 0.0764433 0.0772221 0.0774497 0.0771162 0.0761922 0.0746885 0.0726233 0.0699869 0.066781 0.0630628 0.0588171 0.0540794 0.0488965 0.0432779 0.037238 0.0308888 0.0242656 0.0174088 0.0103482 0.00316723 -0.00405491 -0.0112696 -0.0184779 -0.0255597 -0.0324494 -0.0391083 -0.0454698 -0.0514619 -0.0570783 -0.0622409 -0.0669068 -0.071052 -0.0746438 -0.0776345 -0.0800138 -0.0817642 -0.0828639 -0.0833162 -0.0831568 -0.082404 -0.0810792 -0.0792669 -0.0769863 -0.0743066 -0.0713304 -0.0681378 -0.0648017 -0.0614896 -0.0582443 -0.0551847 -0.0524075 -0.0499748 -0.047912 -0.0462903 -0.0450532 -0.0441661 -0.0435339 -0.0430274 -0.0424576 -0.0416408 -0.0403921 -0.0385096 -0.0358836 -0.0324495 -0.0282363 -0.0233351 -0.0179646 -0.0123528 -0.00682092 -0.00163698 0.00286593 0.00648746 0.00909568 0.0106136 0.0111369 0.0108111 0.00983423 0.00842555 0.00681221 0.00516619 0.00365919 0.0023415 0.0013147 0.000541895 -2.6041e-05 -0.000406041 -0.000682859 -0.000862542 -0.00101564 -0.0011387 -0.00125719 -0.00139393 -0.00154561 -0.0016983 -0.00185463 -0.00202308 -0.00219101 -0.00236199 -0.00251316 -0.0026758 -0.00281844 -0.00294433 -0.00305648 -0.00314405 -0.0032262 -0.00327153 -0.00331107 -0.0033382 -0.00335152 -0.00335581 -0.0033422 -0.00333237 -0.00331812 -0.00330409 -0.00329049 -0.00327659 -0.00326684 -0.00325866 
0 0.000114467 0.000226019 0.000322721 0.000448269 0.000563589 0.000679285 0.000786272 0.000895146 0.00101799 0.00111577 0.00121314 0.00129605 0.00137427 0.00143713 0.0014817 0.00152832 0.00155471 0.00156886 0.00157713 0.00159313 0.00161286 0.00162766 0.0016601 0.00172744 0.00181623 0.00193295 0.00209554 0.00232155 0.00261129 0.00296919 0.00344591 0.00405307 0.004821 0.00578807 0.00701168 0.0085169 0.0103019 0.0123747 0.0146607 0.0170351 0.0193226 0.021333 0.0228318 0.0235692 0.0233649 0.0220975 0.0196968 0.016257 0.0119667 0.00709367 0.00197838 -0.00302541 -0.00754033 -0.0112874 -0.0140181 -0.0155429 -0.0158165 -0.0148611 -0.0127302 -0.00960824 -0.00566656 -0.00108701 0.00394098 0.0092543 0.0147187 0.0202414 0.025735 0.0311384 0.036432 0.0415755 0.0465243 0.0512836 0.0557913 0.0600176 0.0639373 0.0675097 0.0706931 0.0734747 0.0758014 0.077657 0.0790024 0.0798278 0.0801154 0.0798584 0.0790514 0.0777032 0.0758013 0.0733736 0.0704204 0.0669587 0.0630128 0.0585895 0.0537081 0.0484218 0.0427475 0.0367415 0.0304444 0.0238633 0.0170756 0.0101664 0.00312954 -0.00398131 -0.0110843 -0.01814 -0.0250946 -0.0318929 -0.0385057 -0.0448564 -0.0508971 -0.0565913 -0.0618861 -0.0667473 -0.0711541 -0.0750485 -0.0784174 -0.0812304 -0.0834619 -0.0850961 -0.0861337 -0.0865589 -0.0863893 -0.0856357 -0.0843505 -0.0825587 -0.0803311 -0.0777435 -0.0748654 -0.0717868 -0.068641 -0.0654978 -0.0624819 -0.0596975 -0.0572018 -0.0550563 -0.0532979 -0.0519042 -0.0508336 -0.0499927 -0.0492532 -0.0484348 -0.0473236 -0.0457528 -0.0435095 -0.0404623 -0.0365821 -0.0318741 -0.0264445 -0.0205288 -0.0143699 -0.00828532 -0.00259889 0.00237637 0.00640112 0.00933837 0.0111153 0.0118018 0.0115684 0.0106101 0.00915521 0.00745222 0.00570162 0.00405576 0.00261211 0.00145075 0.000555898 -0.000109061 -0.000578827 -0.000900232 -0.00112141 -0.00129951 -0.00143377 -0.0015527 -0.0016814 -0.00181982 -0.00196258 -0.00210877 -0.00227023 -0.00243911 -0.00259246 -0.00274861 -0.00291137 -0.00306251 -0.00319616 -0.00330158 -0.0034126 -0.00350187 -0.0035666 -0.00361552 -0.00364881 -0.00368707 -0.00369205 -0.00369449 -0.00368443 -0.00367169 -0.00366423 -0.00364007 -0.00363398 -0.00361457 -0.00360786 
0 0.000131683 0.000253583 0.000362566 0.000501269 0.000633764 0.000757398 0.000866026 0.000977621 0.00110315 0.00120342 0.00129605 0.00137438 0.00144869 0.00151007 0.00155493 0.00160118 0.00162979 0.00164904 0.00166987 0.0017063 0.00174912 0.00178785 0.00185141 0.00195677 0.00208678 0.00223863 0.0024339 0.00269737 0.00302766 0.00343201 0.00395879 0.00462617 0.00546748 0.00652992 0.0078749 0.00952251 0.011461 0.0136895 0.0161301 0.0186443 0.0210487 0.0231409 0.024675 0.0253944 0.0251154 0.02372 0.021145 0.017485 0.0129448 0.00780623 0.00242395 -0.00281828 -0.00752637 -0.0113991 -0.0141709 -0.0156452 -0.015768 -0.0145603 -0.0120881 -0.00853823 -0.00410643 0.00100315 0.00658371 0.0124474 0.0184422 0.0244671 0.0304186 0.0362231 0.0418498 0.0472407 0.0523417 0.0571528 0.0616158 0.0657036 0.0694037 0.0726807 0.0754985 0.0778528 0.0797044 0.0810417 0.0818475 0.082122 0.0818566 0.0810619 0.0797535 0.0779444 0.075638 0.0728643 0.0696169 0.0659077 0.0617708 0.0572169 0.0522737 0.046992 0.0413771 0.0354714 0.0293299 0.0229622 0.0164113 0.00973478 0.00295088 -0.00387626 -0.0106908 -0.0174783 -0.0241826 -0.0307519 -0.0371703 -0.0433794 -0.0493399 -0.0550256 -0.0603781 -0.065358 -0.0699498 -0.0741061 -0.07781 -0.0810394 -0.0837626 -0.0859484 -0.0875832 -0.088643 -0.0891235 -0.0890245 -0.0883806 -0.0872031 -0.0855487 -0.0834876 -0.0810786 -0.0784049 -0.0755906 -0.0727017 -0.0698572 -0.067171 -0.0647088 -0.0625412 -0.0607199 -0.0592245 -0.0580108 -0.0569885 -0.0560213 -0.0549246 -0.053494 -0.0515555 -0.048904 -0.045412 -0.0410496 -0.035828 -0.0298605 -0.0233888 -0.0166757 -0.0100479 -0.00384829 0.00159472 0.00603693 0.00932928 0.0113923 0.012292 0.012195 0.0112968 0.00983438 0.00807014 0.00622272 0.00445439 0.00287754 0.00158203 0.000562317 -0.000211079 -0.000763506 -0.0011416 -0.00140439 -0.00161121 -0.00176531 -0.00189038 -0.00201649 -0.00214575 -0.00227438 -0.00240835 -0.00255834 -0.00271341 -0.00285167 -0.0029973 -0.00315874 -0.00331176 -0.00344274 -0.00355033 -0.00366965 -0.00377485 -0.00385426 -0.00391211 -0.0039568 -0.00400576 -0.00402453 -0.00403625 -0.00403484 -0.00402863 -0.00402272 -0.0040014 -0.00399281 -0.00397338 -0.00396353 
0 0.000149593 0.000274634 0.000403124 0.000543495 0.000696872 0.000827424 0.000937623 0.00106036 0.00118018 0.0012913 0.00137427 0.00144869 0.00152281 0.00157707 0.00162835 0.00166571 0.00169884 0.00172482 0.00175803 0.00181961 0.00188333 0.00195158 0.00204904 0.00219454 0.00236955 0.00256522 0.00279829 0.00310862 0.00348593 0.00394426 0.00453303 0.00526009 0.00618648 0.00734267 0.00880506 0.0105893 0.0126671 0.0150428 0.0176225 0.0202637 0.0227732 0.0249337 0.0264825 0.0271755 0.0268078 0.0252823 0.0225471 0.0186875 0.0139419 0.00858486 0.00299405 -0.00242477 -0.00726612 -0.0112092 -0.013958 -0.015334 -0.0152559 -0.0137509 -0.0109134 -0.00691755 -0.00199224 0.00363878 0.00975573 0.0161525 0.0226427 0.0291311 0.0354766 0.0416034 0.0474643 0.0529971 0.0581339 0.0628845 0.0671847 0.0710121 0.074369 0.0772269 0.0795587 0.0813773 0.0826612 0.0833952 0.0835996 0.0832775 0.0824345 0.0810926 0.0792887 0.0770161 0.0743066 0.0711859 0.0676617 0.0637398 0.0594762 0.0548624 0.0499354 0.0447345 0.0392778 0.0335704 0.0276799 0.0216159 0.0154133 0.00909059 0.00269545 -0.00372996 -0.0101457 -0.0165565 -0.0228889 -0.0291199 -0.0352349 -0.0411984 -0.0469611 -0.0525277 -0.0578362 -0.062858 -0.067572 -0.0719508 -0.0759459 -0.079552 -0.0827309 -0.0854461 -0.0876665 -0.0893782 -0.0905419 -0.0911506 -0.0912243 -0.090761 -0.0897957 -0.0883945 -0.0865995 -0.084474 -0.0821402 -0.0796532 -0.0771264 -0.0746757 -0.0723798 -0.0702946 -0.0685031 -0.0669707 -0.0656613 -0.0644891 -0.063314 -0.061939 -0.0601867 -0.0578576 -0.0547654 -0.0508009 -0.0459183 -0.040157 -0.0336354 -0.0265956 -0.0193189 -0.0121476 -0.00541971 0.000500837 0.00538283 0.00905591 0.0114308 0.0125797 0.0126504 0.0118453 0.0104108 0.00861935 0.00669855 0.00483662 0.00313788 0.00171698 0.000571099 -0.000322128 -0.000962616 -0.0014154 -0.00172723 -0.00196802 -0.00214533 -0.0022773 -0.00239934 -0.00251835 -0.00262924 -0.00274979 -0.00288659 -0.00301894 -0.00314501 -0.00327027 -0.00342787 -0.00357708 -0.00369811 -0.00381287 -0.00392836 -0.00405164 -0.00413976 -0.00420591 -0.00426484 -0.0043128 -0.00435095 -0.00436451 -0.00437478 -0.0043767 -0.00436947 -0.00436212 -0.00434811 -0.0043394 -0.00432813 
0 0.000161774 0.000310157 0.000433898 0.00059643 0.000749407 0.000887488 0.00100667 0.00111706 0.00125164 0.00134941 0.00143713 0.00151007 0.00157707 0.00164806 0.00168933 0.00173946 0.0017752 0.0018126 0.00187168 0.00194718 0.00203871 0.00213214 0.00226231 0.00244746 0.00267001 0.0029061 0.00319498 0.00354484 0.00397954 0.00450487 0.00514284 0.00595966 0.00695217 0.00822026 0.00979813 0.0117029 0.0139305 0.0164311 0.0191426 0.0218979 0.0244978 0.0267065 0.0282725 0.0289122 0.0284731 0.0268184 0.0239302 0.0199176 0.0149853 0.00946725 0.00372708 -0.0018017 -0.00670986 -0.0106316 -0.0133095 -0.0145089 -0.0141885 -0.0123649 -0.00913685 -0.0047055 0.00069273 0.00682697 0.0134468 0.0203187 0.0272805 0.034147 0.0408142 0.0471693 0.0531496 0.0586818 0.0637463 0.068284 0.0722975 0.0757545 0.0786502 0.0809733 0.0827368 0.083924 0.0845565 0.0846497 0.0842109 0.0832677 0.0818543 0.0799874 0.0776834 0.0749841 0.0718974 0.0684528 0.0646776 0.0606152 0.0562696 0.0516753 0.0468417 0.0417958 0.0365454 0.0311482 0.0255948 0.0198978 0.0140992 0.00826682 0.00236567 -0.00358075 -0.00953177 -0.015442 -0.0213228 -0.0271346 -0.0328646 -0.0384779 -0.0439705 -0.0493039 -0.0544767 -0.059463 -0.0642378 -0.0687513 -0.072994 -0.0769191 -0.0804886 -0.0836792 -0.0864628 -0.0887879 -0.0906341 -0.0919875 -0.0928158 -0.0931325 -0.0929542 -0.0923078 -0.0912279 -0.0898011 -0.0880717 -0.0861447 -0.0841015 -0.0820463 -0.0800473 -0.0782014 -0.0765235 -0.075046 -0.0737086 -0.0724288 -0.071071 -0.0694551 -0.067376 -0.0646615 -0.061133 -0.056664 -0.0512583 -0.0449272 -0.0378282 -0.0301988 -0.022347 -0.0145986 -0.00735461 -0.000925493 0.00440524 0.00846817 0.0111968 0.0126154 0.0128966 0.0122269 0.0108596 0.0090718 0.0071202 0.00516443 0.00337884 0.00182786 0.000552768 -0.000446146 -0.00120378 -0.00172041 -0.00210234 -0.00237989 -0.00258035 -0.00272724 -0.00284207 -0.00294421 -0.0030382 -0.00313695 -0.00324933 -0.00336311 -0.00345343 -0.00357205 -0.00370674 -0.00385073 -0.00397283 -0.00407475 -0.00421015 -0.00432606 -0.00443289 -0.00450725 -0.00456661 -0.00463402 -0.0046665 -0.00470198 -0.00471426 -0.00472255 -0.00472941 -0.00471728 -0.00472172 -0.00470655 -0.00470106 
0 0.000179954 0.000323765 0.000478323 0.000625395 0.000798421 0.000936943 0.001053 0.00117974 0.00129221 0.00140802 0.0014817 0.00155493 0.00162835 0.00168933 0.00175256 0.00179867 0.00185512 0.00191528 0.00199837 0.00210633 0.00222176 0.00234893 0.00251681 0.0027404 0.00300149 0.00329115 0.00361333 0.00401856 0.0045005 0.00508306 0.00579874 0.00667118 0.00777003 0.00913781 0.0108388 0.0128838 0.0152449 0.0178845 0.020715 0.023566 0.0262391 0.0284852 0.0300253 0.0306352 0.0301007 0.0283387 0.0253367 0.0211841 0.0161363 0.0105027 0.0046767 -0.000885893 -0.00577648 -0.00962752 -0.0121297 -0.0131253 -0.0125182 -0.0103456 -0.00674412 -0.00188853 0.00396523 0.0105504 0.0176204 0.0249259 0.032244 0.0394218 0.0462963 0.0527597 0.0587338 0.0641583 0.0689796 0.0731955 0.0767867 0.0797419 0.0820786 0.0837982 0.0848958 0.0854075 0.0853604 0.0847659 0.0836875 0.0821505 0.0801713 0.0777875 0.0750402 0.0719319 0.0685167 0.064827 0.0608902 0.0567202 0.0523635 0.0478326 0.0431523 0.0383305 0.0333863 0.0283048 0.0231366 0.0179188 0.012643 0.00728428 0.00191145 -0.00345638 -0.008833 -0.0142259 -0.0195884 -0.024912 -0.0301776 -0.0353853 -0.0405161 -0.0455816 -0.0505522 -0.055409 -0.0601362 -0.0647234 -0.0691059 -0.0732698 -0.0771785 -0.0807793 -0.0840387 -0.0869474 -0.0894443 -0.0915085 -0.0931201 -0.0942457 -0.0948832 -0.0950619 -0.0948032 -0.0941535 -0.0931888 -0.0919643 -0.0905567 -0.0890531 -0.0875285 -0.0860306 -0.0846288 -0.0833084 -0.0820304 -0.0807236 -0.0792426 -0.0774064 -0.0750511 -0.0719651 -0.0679959 -0.0630564 -0.0570937 -0.0501926 -0.0425008 -0.0342601 -0.0258071 -0.0174935 -0.00968848 -0.0027621 0.00304261 0.00753463 0.0106272 0.0123812 0.0129068 0.0124182 0.0111634 0.00941721 0.00744029 0.00543456 0.00354485 0.00188321 0.000487429 -0.000637772 -0.00147755 -0.00209086 -0.00252416 -0.002843 -0.00307358 -0.00322598 -0.00333919 -0.00342227 -0.00349384 -0.00357211 -0.00366199 -0.00374007 -0.00381647 -0.00390054 -0.00402233 -0.00415201 -0.004256 -0.00436971 -0.00448161 -0.00461551 -0.0047201 -0.00480245 -0.00488537 -0.00494348 -0.0050113 -0.00504279 -0.00507392 -0.00509314 -0.00509335 -0.00510776 -0.00509405 -0.00509501 -0.00507828 
0 0.000182649 0.000346493 0.000496188 0.000660864 0.000827552 0.000972265 0.0011001 0.00121729 0.0013427 0.00144762 0.00152832 0.00160118 0.00166571 0.00173946 0.00179867 0.0018597 0.00192757 0.00201023 0.00212995 0.00226694 0.00242145 0.00259578 0.00280942 0.00307798 0.00338568 0.00371095 0.00408728 0.00452281 0.00505692 0.00570508 0.0064746 0.00744433 0.008626 0.0101228 0.0119543 0.0141299 0.0166423 0.0194057 0.0223455 0.0252829 0.0280102 0.0302632 0.0317859 0.0323202 0.0317133 0.0298466 0.0267438 0.0225232 0.0174048 0.0117408 0.00592023 0.000403543 -0.00440423 -0.00809363 -0.0104068 -0.0111342 -0.0102214 -0.00770068 -0.00371228 0.00154345 0.00779894 0.0147929 0.022239 0.0298655 0.0374748 0.0448217 0.0517783 0.0582159 0.0640421 0.0691955 0.0736848 0.0774394 0.0805046 0.0828688 0.084547 0.0855602 0.0859659 0.0857708 0.0850365 0.0837994 0.0820992 0.0799656 0.0774585 0.0746131 0.0714488 0.068023 0.0643668 0.0604917 0.0564449 0.0522767 0.0479694 0.0435663 0.0390749 0.0345022 0.0298747 0.0252286 0.0205196 0.0157718 0.0109979 0.00623012 0.00144713 -0.00335808 -0.00817765 -0.0129574 -0.0177441 -0.0225313 -0.0273069 -0.0320717 -0.0368306 -0.0415411 -0.046239 -0.0509089 -0.0555179 -0.060051 -0.0644935 -0.0687934 -0.0729254 -0.0768609 -0.0805532 -0.0839587 -0.0870396 -0.0897711 -0.0920945 -0.0940119 -0.0954977 -0.0965426 -0.0971577 -0.0974024 -0.0972694 -0.0968683 -0.0962358 -0.0954352 -0.0945269 -0.0935772 -0.0925719 -0.0915592 -0.0904708 -0.0892305 -0.0877135 -0.0857485 -0.0831492 -0.0797355 -0.075364 -0.0699345 -0.0634519 -0.0559731 -0.0476954 -0.0388546 -0.0298073 -0.0209016 -0.0125504 -0.00507472 0.00122951 0.00617587 0.0097008 0.0118087 0.0126363 0.0123724 0.0112703 0.00960263 0.0076474 0.005593 0.00364233 0.0018669 0.00035207 -0.000870604 -0.00182323 -0.00249912 -0.00299963 -0.00335066 -0.00360023 -0.00377097 -0.00387484 -0.00394636 -0.0040052 -0.00406637 -0.00413586 -0.00419445 -0.00423945 -0.00430792 -0.00439215 -0.00449841 -0.0045901 -0.00467925 -0.0047915 -0.00490352 -0.00501774 -0.00510725 -0.00519342 -0.00527636 -0.00534418 -0.00540297 -0.00543842 -0.00546493 -0.00548126 -0.00548936 -0.00549325 -0.00548249 -0.00546691 
0 0.000190853 0.000358919 0.000530722 0.000690121 0.000862701 0.00100656 0.00113415 0.00125677 0.00136752 0.00147827 0.00155471 0.00162979 0.00169884 0.0017752 0.00185512 0.00192757 0.00201878 0.00212986 0.00228085 0.00244975 0.00263945 0.00285622 0.00311706 0.00342875 0.00377631 0.00415896 0.00458153 0.00507589 0.00566589 0.00637941 0.00723046 0.00827489 0.00956927 0.0111874 0.0131551 0.0154748 0.018127 0.0210165 0.0240543 0.0270529 0.0298104 0.032056 0.0335219 0.034 0.0333097 0.03137 0.0282152 0.0239642 0.0188546 0.0132324 0.00749618 0.00211437 -0.00251714 -0.00599552 -0.0080388 -0.00848908 -0.00726378 -0.00440515 -6.9773e-05 0.00554291 0.0121639 0.0194909 0.0272263 0.0350788 0.0428123 0.0501896 0.057068 0.0633246 0.0688655 0.0736455 0.077653 0.0808535 0.0832865 0.0849659 0.0859291 0.0862241 0.0859 0.0850062 0.0836023 0.0817301 0.0794523 0.0768044 0.0738274 0.0705783 0.0670874 0.0634045 0.0595773 0.0556231 0.0515723 0.0474472 0.0432427 0.0390113 0.0347663 0.0305036 0.0262485 0.0220035 0.0177536 0.0135428 0.00933386 0.00510242 0.000890154 -0.00330039 -0.00750573 -0.0117034 -0.0159199 -0.0201601 -0.0244119 -0.0286993 -0.0330361 -0.0373916 -0.041779 -0.0461783 -0.0505762 -0.0549825 -0.059372 -0.0637119 -0.0679891 -0.0721478 -0.0761462 -0.0799583 -0.083532 -0.0868352 -0.08983 -0.0924852 -0.0947745 -0.096682 -0.0982062 -0.0993688 -0.10017 -0.100676 -0.100916 -0.100935 -0.10079 -0.100514 -0.1001 -0.0995583 -0.0988155 -0.0977895 -0.0963438 -0.094324 -0.0915608 -0.0878741 -0.0831434 -0.077298 -0.070315 -0.0623048 -0.0534603 -0.0440267 -0.0343843 -0.024899 -0.015972 -0.00795131 -0.00112077 0.00432391 0.00830372 0.0108372 0.0120102 0.0120293 0.0111351 0.00959244 0.00768839 0.00563569 0.00363253 0.00177664 0.000164766 -0.00116014 -0.00219366 -0.00295863 -0.00351372 -0.00390845 -0.00419142 -0.00437735 -0.00448807 -0.00454664 -0.00459257 -0.0046344 -0.00467855 -0.00470824 -0.00473432 -0.00477352 -0.00483025 -0.00490835 -0.00497698 -0.00505797 -0.00514157 -0.00524475 -0.00534666 -0.00543338 -0.00552566 -0.00560161 -0.00568739 -0.00574712 -0.00579548 -0.00583232 -0.00585257 -0.00588091 -0.00588232 -0.00588551 -0.00586914 
