0 0 0 0 0 0 0 0 0 0 0 0 0 0 0 0 0 0 0 0 0 0 0 0 0 0 0 0 0 0 0 0 0 0 0 0 0 0 0 0 0 0 0 0 0 0 0 0 0 0 0 0 0 0 0 0 0 0 0 0 0 0 0 0 0 0 0 0 0 0 0 0 0 0 0 0 0 0 0 0 0 0 0 0 0 0 0 0 0 0 0 0 0 0 0 0 0 0 0 0 0 0 0 0 0 0 0 0 0 0 0 0 0 0 0 0 0 0 0 0 0 0 0 0 0 0 0 0 0 0 0 0 0 0 0 0 0 0 0 0 0 0 0 0 0 0 0 0 0 0 0 0 0 0 0 0 0 0 0 0 0 0 0 0 0 0 0 0 0 0 0 0 0 0 0 0 0 0 0 0 0 0 0 0 0 0 0 0 0 0 0 0 0 0 0 0 0 0 0 0 
0 1.14454e-06 8.48588e-06 1.21454e-05 2.05782e-05 2.4434e-05 2.78864e-05 3.36809e-05 3.23126e-05 3.83705e-05 4.20154e-05 5.09202e-05 5.49691e-05 5.09086e-05 6.00746e-05 6.47701e-05 7.44353e-05 7.55483e-05 8.34731e-05 0.000101892 0.00010578 0.00011328 0.000118467 0.000134859 0.000146978 0.000151038 0.000159916 0.000167158 0.000173738 0.000183245 0.000190806 0.000192117 0.000198492 0.000202859 0.000219404 0.000217426 0.000219598 0.000230575 0.000235616 0.000258581 0.000280876 0.00032627 0.000386565 0.000481603 0.000618416 0.000792964 0.00100599 0.00127998 0.00161118 0.00200833 0.00248953 0.0030332 0.00364367 0.00429404 0.0049779 0.00564676 0.00627886 0.00682678 0.00726284 0.00755457 0.00770019 0.00770253 0.00756567 0.00731649 0.00697502 0.0065536 0.00606747 0.00554908 0.00497374 0.00437545 0.00374695 0.0030827 0.00238774 0.00167838 0.000927418 0.00017265 -0.000590966 -0.00135272 -0.00208771 -0.00277124 -0.00339797 -0.00393336 -0.00436898 -0.00470485 -0.00493888 -0.005073 -0.00511813 -0.00507668 -0.00494523 -0.00475114 -0.00449684 -0.00417958 -0.00382811 -0.00347439 -0.00309707 -0.00271595 -0.00234366 -0.00198141 -0.00161826 -0.00125598 -0.000881741 -0.000512742 -0.000139365 0.000224225 0.000584549 0.000958985 0.00134957 0.0017289 0.00212648 0.00253737 0.00293618 0.00331004 0.00365883 0.00395423 0.00418353 0.00433338 0.00438908 0.00433318 0.00415607 0.00384009 0.00336382 0.00273787 0.00195819 0.00103441 -4.41189e-06 -0.0011291 -0.00232726 -0.00353104 -0.00472158 -0.00584379 -0.00684197 -0.00766999 -0.00830511 -0.00869035 -0.008847 -0.00876941 -0.00848123 -0.00802015 -0.00743771 -0.00676554 -0.00606005 -0.00536544 -0.00470554 -0.00410934 -0.00358564 -0.0031353 -0.00273968 -0.00240655 -0.00210718 -0.00184926 -0.00160656 -0.00138934 -0.00117915 -0.000973761 -0.00079004 -0.000627747 -0.000485332 -0.000376876 -0.000295673 -0.000228221 -0.000196062 -0.000175506 -0.000183858 -0.000188094 -0.000198907 -0.00021593 -0.000221594 -0.000236282 -0.000245405 -0.000246479 -0.000237628 -0.000231872 -0.000230378 -0.00023157 -0.000223526 -0.000225036 -0.000224986 -0.000222394 -0.000226106 -0.000220132 -0.000221928 -0.000215882 -0.000221629 -0.000226861 -0.000218988 -0.000216645 -0.000214683 -0.000223132 -0.000220398 -0.000216737 -0.000222332 -0.000226372 -0.000226822 -0.000219451 -0.000221491 -0.000227262 -0.000225823 -0.000220819 -0.000216581 -0.000218554 
0 8.48588e-06 1.05176e-05 3.00721e-05 2.9347e-05 4.72957e-05 5.13863e-05 6.11223e-05 7.36358e-05 7.16618e-05 9.67444e-05 0.000102732 0.000116353 0.000115488 0.000121623 0.000147964 0.000147805 0.000158794 0.000166231 0.000192452 0.000208078 0.0002062 0.000226185 0.000249379 0.000273866 0.000286584 0.00030436 0.000327433 0.000351739 0.000377359 0.000404136 0.000416467 0.000422444 0.000442995 0.000452266 0.000451049 0.000444371 0.000452685 0.000476421 0.000510953 0.000574758 0.000671263 0.000800437 0.000998381 0.00127691 0.00161685 0.00205331 0.0025919 0.00325536 0.00406483 0.00501638 0.00612458 0.00734089 0.00864171 0.0100039 0.0113316 0.0125675 0.0136548 0.014488 0.0150455 0.0153139 0.015277 0.0149847 0.014464 0.0137587 0.0129046 0.0119338 0.0108738 0.00974141 0.0085431 0.00730141 0.00600364 0.00465688 0.00326599 0.00182702 0.0003542 -0.00113241 -0.00260142 -0.00402363 -0.00535698 -0.00656256 -0.00761319 -0.00849366 -0.00916868 -0.00965338 -0.00993616 -0.010027 -0.00995354 -0.00973156 -0.00935063 -0.00886153 -0.00828188 -0.00763143 -0.00691498 -0.0061774 -0.00544799 -0.00471792 -0.00396017 -0.00322403 -0.00249336 -0.00175797 -0.00103346 -0.00031159 0.000443247 0.0011905 0.00193602 0.00269392 0.00348315 0.00428182 0.00506853 0.00583054 0.00657354 0.00723006 0.00778553 0.0082258 0.00851083 0.0086002 0.00848198 0.0081 0.00744259 0.00649576 0.00525046 0.0037062 0.00189893 -0.000140284 -0.00236513 -0.00470321 -0.00707106 -0.00939998 -0.0115848 -0.0135255 -0.0151565 -0.0163813 -0.0171551 -0.0174661 -0.0173159 -0.0167525 -0.0158525 -0.01469 -0.0133782 -0.011988 -0.0106196 -0.00934267 -0.00817265 -0.00715808 -0.00628724 -0.00551758 -0.0048626 -0.00428823 -0.00375793 -0.00328679 -0.00283998 -0.00241104 -0.0020032 -0.00162632 -0.00130251 -0.0010229 -0.000802828 -0.000638378 -0.000508552 -0.000419913 -0.000384887 -0.000372949 -0.000373278 -0.000387197 -0.000401899 -0.000421821 -0.0004427 -0.000469227 -0.000479438 -0.000470598 -0.000466168 -0.000474151 -0.000470051 -0.000462336 -0.000458371 -0.00045253 -0.000456797 -0.000447984 -0.00045421 -0.00044514 -0.000438436 -0.000452394 -0.000449032 -0.000449989 -0.000429413 -0.000437338 -0.000447927 -0.000437361 -0.000437372 -0.000432668 -0.000451378 -0.000442813 -0.000432584 -0.000438506 -0.000441929 -0.000449103 -0.000431275 -0.000434786 -0.000439178 
0 1.21454e-05 3.00721e-05 3.9505e-05 5.71574e-05 6.73321e-05 7.91859e-05 9.80116e-05 0.000101469 0.000117768 0.000130213 0.000153509 0.000168734 0.000168146 0.000197967 0.000218329 0.00024121 0.000241583 0.000255153 0.00029369 0.000300113 0.000312549 0.000325489 0.00036641 0.000401102 0.000419796 0.000453875 0.000490544 0.00052877 0.00057415 0.000611815 0.000628718 0.000649155 0.000661101 0.00069276 0.000679836 0.000676912 0.000702556 0.000728847 0.000807219 0.00090119 0.00106111 0.00127114 0.00157942 0.00200435 0.00253784 0.00318901 0.0040154 0.00501944 0.00622745 0.00768028 0.00932775 0.0111614 0.0131055 0.0151222 0.0170746 0.0188872 0.0204322 0.0216261 0.0223895 0.022717 0.0226189 0.0221165 0.0212813 0.0201749 0.018842 0.0173364 0.0157481 0.0140383 0.0122886 0.0104869 0.00861417 0.00667492 0.00469897 0.00262489 0.000537057 -0.00156791 -0.00366027 -0.0056816 -0.0075742 -0.00932404 -0.0108531 -0.0121341 -0.013154 -0.0138971 -0.0143548 -0.0145467 -0.0144846 -0.0141715 -0.0136782 -0.0130239 -0.0122055 -0.0112841 -0.0103215 -0.0092671 -0.00816647 -0.00705644 -0.00595145 -0.00484637 -0.00375319 -0.00264497 -0.00155338 -0.000446488 0.000656251 0.00176777 0.00292139 0.00410855 0.00525545 0.00641467 0.00757083 0.00866944 0.00968875 0.010625 0.0114118 0.0120111 0.0123763 0.0124585 0.0122116 0.0116075 0.0106085 0.00917309 0.00732736 0.00506466 0.00241163 -0.00056165 -0.00377925 -0.00719071 -0.0106201 -0.0139956 -0.017164 -0.0199741 -0.0223051 -0.0240866 -0.0251827 -0.0256337 -0.0254259 -0.0246173 -0.0233091 -0.0216384 -0.0197104 -0.0176856 -0.0156979 -0.0138279 -0.0121525 -0.0106951 -0.00944751 -0.00835177 -0.00741245 -0.00655622 -0.00579069 -0.00506229 -0.00439262 -0.00374433 -0.00311832 -0.00255708 -0.00206374 -0.00163495 -0.00130014 -0.00104072 -0.000823431 -0.000694888 -0.000607198 -0.000592573 -0.000577874 -0.000585258 -0.000612472 -0.000622354 -0.000659646 -0.000692011 -0.000708563 -0.000703424 -0.000705331 -0.000715389 -0.000722746 -0.00070247 -0.000698196 -0.000689478 -0.00067851 -0.000682774 -0.000669156 -0.000669877 -0.0006543 -0.000667575 -0.000679974 -0.000664983 -0.000661644 -0.000662833 -0.000683344 -0.000671878 -0.000654983 -0.000659506 -0.00066493 -0.000661342 -0.000641476 -0.000644616 -0.000657947 -0.000655623 -0.000646658 -0.000646952 -0.000661893 
0 2.05782e-05 2.9347e-05 5.71574e-05 6.07272e-05 8.64403e-05 0.000101155 0.000124076 0.000147596 0.000152667 0.000187265 0.000201951 0.000225155 0.000232638 0.000254243 0.0002978 0.000306407 0.000321994 0.000338845 0.000384523 0.000413427 0.000420975 0.000455347 0.000500248 0.000544993 0.000572279 0.000609356 0.000654869 0.000704108 0.000754491 0.000803051 0.000829641 0.000847795 0.000884601 0.000909722 0.000916012 0.000920505 0.000957148 0.00102673 0.00113179 0.00129189 0.00152076 0.0018222 0.00225271 0.00283722 0.00355627 0.00446254 0.00558142 0.00695192 0.00860702 0.0105465 0.0127671 0.0151881 0.0177435 0.0203665 0.0228893 0.0251934 0.0271616 0.028628 0.0295384 0.0298697 0.0296108 0.0288348 0.0276097 0.0260243 0.0241627 0.0221084 0.0199392 0.0176954 0.0154079 0.0131007 0.0107449 0.00833474 0.0058648 0.00331764 0.000719994 -0.00189623 -0.00448267 -0.00698872 -0.00935471 -0.0115278 -0.0134644 -0.0151322 -0.0164763 -0.0174945 -0.0181594 -0.0184761 -0.0184803 -0.0181954 -0.0176315 -0.0168596 -0.0159073 -0.0148047 -0.0135652 -0.0122349 -0.0108602 -0.00944074 -0.00796021 -0.0064906 -0.00502595 -0.00355272 -0.00209328 -0.00062669 0.000890357 0.00240938 0.0039306 0.0054598 0.00699599 0.00850963 0.00996478 0.011338 0.0126306 0.0137597 0.0146872 0.015378 0.0157597 0.0157637 0.0153578 0.0144703 0.0130841 0.0111853 0.00876889 0.00583904 0.00244379 -0.00136171 -0.00549675 -0.00983779 -0.0142258 -0.0185206 -0.022532 -0.0260779 -0.0290317 -0.0312464 -0.032638 -0.033193 -0.0329169 -0.0318858 -0.0302265 -0.0280804 -0.0256359 -0.0230497 -0.0205057 -0.0181369 -0.0159962 -0.0141527 -0.0125791 -0.0112003 -0.0100098 -0.00894032 -0.00793653 -0.00700455 -0.00610565 -0.00522979 -0.00439031 -0.00361431 -0.002938 -0.00235379 -0.00188564 -0.00152154 -0.00122921 -0.00102213 -0.000908829 -0.000851952 -0.000824421 -0.000825673 -0.000836969 -0.000858398 -0.000889221 -0.000930643 -0.000948857 -0.000940899 -0.000940543 -0.000955419 -0.000952414 -0.000935741 -0.00092388 -0.000910888 -0.000912442 -0.000903975 -0.000909914 -0.000896525 -0.000883293 -0.000899394 -0.000896688 -0.000894326 -0.00087018 -0.000883844 -0.000901196 -0.000884946 -0.000877485 -0.000871747 -0.000897001 -0.000887657 -0.000873047 -0.000879446 -0.000885282 -0.000890804 -0.000865415 -0.000871599 -0.000881067 
0 2.4434e-05 4.72957e-05 6.73321e-05 8.64403e-05 0.000107142 0.000131084 0.000160215 0.000178083 0.000198532 0.000222324 0.000250721 0.000274156 0.000285528 0.000322552 0.000359126 0.00038634 0.000399367 0.000429055 0.000487503 0.00051948 0.000545739 0.000580724 0.000640075 0.000694233 0.000729932 0.000776993 0.000828677 0.000880019 0.000934528 0.000980128 0.00100686 0.00103885 0.00107865 0.00113414 0.00115682 0.00119167 0.00126776 0.00137156 0.00153933 0.00175837 0.0020704 0.00247986 0.00304659 0.00380243 0.00474798 0.00591324 0.00736125 0.00911665 0.0112097 0.0136632 0.0164209 0.0194212 0.0225572 0.0257336 0.0287615 0.0314993 0.0337743 0.0354416 0.0364009 0.0366309 0.0361457 0.0350014 0.0333069 0.0311803 0.0287301 0.026075 0.0233463 0.0205636 0.0178069 0.0150742 0.0123288 0.00955245 0.00674423 0.00384581 0.00091461 -0.00203844 -0.00497549 -0.00783306 -0.0105446 -0.0130753 -0.0153487 -0.0173217 -0.0189607 -0.0202415 -0.0211386 -0.0216576 -0.0218089 -0.0215979 -0.0210806 -0.0202914 -0.0192428 -0.0179976 -0.0166141 -0.0150746 -0.0134297 -0.0117181 -0.00995486 -0.00815642 -0.00633519 -0.00447756 -0.00261769 -0.000739009 0.00114468 0.00302638 0.00492549 0.00682687 0.00866746 0.0104698 0.0122064 0.0138187 0.0152764 0.0165427 0.0175435 0.0182268 0.0185262 0.0183771 0.0177308 0.016546 0.014787 0.012424 0.00947655 0.0059477 0.00187913 -0.00264759 -0.00753285 -0.0126669 -0.0178361 -0.022889 -0.0276036 -0.031762 -0.0351939 -0.0377722 -0.0393606 -0.0399787 -0.0396326 -0.0384054 -0.0364413 -0.0339217 -0.0310269 -0.0279783 -0.0249803 -0.0221776 -0.0196756 -0.0175197 -0.0156869 -0.0140953 -0.0127127 -0.0114466 -0.0102642 -0.00911929 -0.00801239 -0.00691692 -0.00584931 -0.00486387 -0.00398568 -0.00322334 -0.00260571 -0.00211349 -0.00171335 -0.00143734 -0.00125556 -0.00117001 -0.00111575 -0.00109845 -0.00110656 -0.00111181 -0.00114386 -0.00117707 -0.0011895 -0.00117807 -0.00117504 -0.0011854 -0.00118788 -0.00116628 -0.00115612 -0.00114544 -0.00113919 -0.00114194 -0.00113332 -0.00112487 -0.00110643 -0.00111724 -0.00112502 -0.00111028 -0.00109978 -0.00110603 -0.00112625 -0.00111396 -0.00109792 -0.00110432 -0.00112028 -0.00111879 -0.00110169 -0.001104 -0.00111498 -0.00111022 -0.00109198 -0.00109055 -0.00110193 
0 2.78864e-05 5.13863e-05 7.91859e-05 0.000101155 0.000131084 0.000160442 0.000191002 0.000217531 0.000240191 0.000273428 0.000305233 0.000333691 0.00035407 0.000389856 0.00043258 0.000459404 0.000481315 0.000518793 0.000579955 0.000623689 0.000654265 0.000698804 0.000763026 0.000825811 0.000874941 0.000932165 0.000995928 0.00106094 0.00112445 0.00117947 0.00121878 0.00126065 0.00131951 0.00138465 0.00143365 0.00149602 0.00160608 0.0017675 0.0019989 0.00230904 0.00272589 0.00326971 0.00399819 0.00494924 0.0061308 0.0075871 0.00937274 0.0115275 0.014079 0.0170289 0.0203232 0.0238667 0.0275407 0.0312133 0.0346819 0.0377634 0.040271 0.0420261 0.0429262 0.0429425 0.0420993 0.0404848 0.0382349 0.0355015 0.032435 0.0291856 0.02589 0.0226137 0.0194208 0.0163222 0.0132832 0.0102744 0.00726654 0.00421159 0.00111958 -0.00199951 -0.00511561 -0.00817439 -0.0111137 -0.0138779 -0.016403 -0.0186368 -0.0205343 -0.0220672 -0.0232087 -0.0239529 -0.0243087 -0.0242762 -0.0238794 -0.0231536 -0.0221236 -0.0208345 -0.0193331 -0.0176478 -0.0158298 -0.0139 -0.011866 -0.00976103 -0.00759882 -0.00538069 -0.00314049 -0.00087947 0.00139353 0.00364758 0.00587664 0.00807356 0.0102076 0.0122662 0.0142076 0.0159813 0.0175487 0.0188476 0.0198123 0.0203955 0.0205333 0.0201665 0.0192492 0.0177333 0.0155868 0.0127927 0.00935679 0.00529617 0.000663101 -0.00445754 -0.00995753 -0.015693 -0.0214636 -0.0270801 -0.0323093 -0.0369184 -0.0407183 -0.0435478 -0.045287 -0.0459254 -0.0454871 -0.0440709 -0.0418396 -0.0389935 -0.0357509 -0.032347 -0.0290072 -0.0259011 -0.0231343 -0.0207616 -0.0187491 -0.0170123 -0.0154915 -0.0140942 -0.0127581 -0.0114478 -0.0101444 -0.00883564 -0.00754933 -0.00634022 -0.00525203 -0.00430251 -0.00351643 -0.00287772 -0.00235957 -0.0019752 -0.00171447 -0.00155472 -0.00145125 -0.00139502 -0.00136975 -0.00136213 -0.00138058 -0.00141036 -0.00142201 -0.00141344 -0.00141261 -0.00142408 -0.00142517 -0.00140799 -0.00139493 -0.00138403 -0.00138044 -0.00137909 -0.00137373 -0.001359 -0.00134366 -0.00135237 -0.00135675 -0.00134549 -0.00132952 -0.00133571 -0.0013484 -0.00133596 -0.00132216 -0.00132543 -0.00134255 -0.00133789 -0.00132357 -0.00132513 -0.00133439 -0.00133372 -0.00131588 -0.00131585 -0.00132412 
0 3.36809e-05 6.11223e-05 9.80116e-05 0.000124076 0.000160215 0.000191002 0.000219841 0.000252973 0.000277465 0.000319365 0.000354848 0.000388967 0.00042155 0.000458701 0.000510175 0.000540544 0.000574073 0.000618778 0.000677351 0.000729993 0.000764084 0.000817596 0.000884593 0.000954549 0.00101753 0.00108394 0.00115992 0.00123944 0.00131443 0.00138134 0.00143731 0.00149331 0.00157411 0.00165339 0.0017382 0.00184124 0.00199921 0.00223519 0.00254902 0.00297276 0.00351887 0.00422704 0.0051482 0.00632423 0.00777242 0.00954516 0.0116859 0.0142455 0.0172482 0.0206733 0.0244711 0.0285156 0.0326771 0.0367815 0.0406145 0.0439474 0.0465769 0.0482982 0.0490101 0.0486847 0.047366 0.0451821 0.0422996 0.038908 0.0351983 0.0313523 0.0275074 0.0237775 0.0202084 0.0168249 0.0135956 0.0104811 0.00742169 0.0043781 0.00130629 -0.00179407 -0.00491184 -0.00801017 -0.0110373 -0.0139222 -0.016609 -0.0190362 -0.0211491 -0.0229156 -0.0243057 -0.0252994 -0.0258948 -0.0260926 -0.0258889 -0.0253128 -0.0243931 -0.0231609 -0.021644 -0.0198972 -0.0179591 -0.0158529 -0.0135938 -0.0112266 -0.00876294 -0.00622364 -0.00363795 -0.00103354 0.00158338 0.00417259 0.00670991 0.00917544 0.0115545 0.0138002 0.0158681 0.017713 0.0192904 0.0205264 0.0213712 0.0217765 0.0216851 0.0210462 0.0198216 0.0179618 0.0154378 0.012242 0.00837097 0.00385757 -0.00123346 -0.00681194 -0.0127625 -0.0189154 -0.0250944 -0.0310823 -0.0366472 -0.0415491 -0.0455842 -0.04856 -0.0503753 -0.0509846 -0.0504332 -0.0488328 -0.0463659 -0.0432506 -0.0397422 -0.0360854 -0.0325194 -0.0292293 -0.0263153 -0.023831 -0.0217296 -0.0199257 -0.0183286 -0.0168509 -0.0154035 -0.0139622 -0.0124894 -0.0109898 -0.00949914 -0.008072 -0.00676795 -0.00561785 -0.00464112 -0.00382926 -0.00316777 -0.00264905 -0.00228461 -0.00202752 -0.00185613 -0.0017439 -0.00167103 -0.00163903 -0.00163433 -0.00165275 -0.00166085 -0.00165667 -0.00165925 -0.00167239 -0.00167222 -0.00166042 -0.00164214 -0.00162805 -0.00162318 -0.001614 -0.00160978 -0.00158886 -0.00157886 -0.00158527 -0.00158764 -0.00158307 -0.00156608 -0.00157403 -0.00157949 -0.00156898 -0.00155721 -0.00155418 -0.00156663 -0.00155581 -0.00154237 -0.00154085 -0.00154662 -0.00155016 -0.00153716 -0.00154093 -0.00154863 
0 3.23126e-05 7.36358e-05 0.000101469 0.000147596 0.000178083 0.000217531 0.000252973 0.000282019 0.000326904 0.000359552 0.000409663 0.000443006 0.000482037 0.000533246 0.000576023 0.00062865 0.000664395 0.000721348 0.000782443 0.000836688 0.000892964 0.000949876 0.00102718 0.00110252 0.00117465 0.00124654 0.00132785 0.00141083 0.00149639 0.00156914 0.00163831 0.00172284 0.00181646 0.00193847 0.00206648 0.00223573 0.00247313 0.0027945 0.00322895 0.00378197 0.00448571 0.00538767 0.00653057 0.00795569 0.00971077 0.0118135 0.0143365 0.0173082 0.0207431 0.0246338 0.0288792 0.0333744 0.0379523 0.0424002 0.0464931 0.0499759 0.0525883 0.0541611 0.0545582 0.0537685 0.0518831 0.0490405 0.0454582 0.0413667 0.0369866 0.0325284 0.0281702 0.0240166 0.0201529 0.0165852 0.0132848 0.0101918 0.00723982 0.00434073 0.00145076 -0.00146804 -0.00443173 -0.00741286 -0.0103668 -0.0132531 -0.0159962 -0.0185285 -0.0208119 -0.0227846 -0.0244106 -0.025667 -0.0265228 -0.026963 -0.0270141 -0.0266641 -0.0259223 -0.0248242 -0.0234162 -0.0216949 -0.0196896 -0.0174575 -0.0150519 -0.012472 -0.00976574 -0.0069694 -0.00410503 -0.00120046 0.001683 0.00454029 0.00734706 0.0100531 0.0125875 0.0149316 0.0170484 0.0188753 0.0203477 0.021447 0.0221069 0.0222715 0.0219039 0.0209599 0.0193904 0.017184 0.0143042 0.010737 0.00650871 0.00165078 -0.0037784 -0.00967188 -0.0159037 -0.0223269 -0.0287384 -0.0349286 -0.0406641 -0.0457026 -0.0498131 -0.0528313 -0.054617 -0.0551423 -0.0544547 -0.0526734 -0.049997 -0.0466796 -0.0429695 -0.0391555 -0.0354727 -0.0320931 -0.0291495 -0.0266474 -0.0245448 -0.0227563 -0.0211587 -0.0196531 -0.0181717 -0.016636 -0.0150451 -0.0133909 -0.0117094 -0.0100803 -0.00855083 -0.00718248 -0.00599458 -0.00498396 -0.00414784 -0.00348775 -0.00298232 -0.00262427 -0.00236402 -0.00217749 -0.00205477 -0.00197163 -0.00194039 -0.00192721 -0.00192049 -0.00191322 -0.00191174 -0.00191722 -0.00191992 -0.00190685 -0.00188817 -0.00187517 -0.00186014 -0.00185936 -0.00184065 -0.00182795 -0.001818 -0.00181411 -0.00182275 -0.00180528 -0.00180456 -0.00180162 -0.00180595 -0.0018047 -0.00178813 -0.00179562 -0.00179137 -0.00179046 -0.00177922 -0.00177469 -0.00178441 -0.00177666 -0.00177665 -0.00176875 -0.00177295 
0 3.83705e-05 7.16618e-05 0.000117768 0.000152667 0.000198532 0.000240191 0.000277465 0.000326904 0.000365049 0.000420906 0.000462841 0.000503454 0.000555293 0.00059598 0.000656661 0.000700061 0.000757107 0.000819398 0.000876576 0.000952668 0.00101534 0.00109634 0.00117665 0.00125887 0.00134342 0.00141713 0.00149838 0.00159004 0.00167524 0.00176027 0.00185271 0.0019545 0.00209869 0.00224783 0.00245551 0.00270717 0.003033 0.00348443 0.00404235 0.00476616 0.00565433 0.0067777 0.00817134 0.00988097 0.0119438 0.0144156 0.0173146 0.0206948 0.0245666 0.0288669 0.0335352 0.0384055 0.0433118 0.0480014 0.0522417 0.0557253 0.0582214 0.0595035 0.0594819 0.0581483 0.0556005 0.0520451 0.0477198 0.0428851 0.0378208 0.0327741 0.0279015 0.0234065 0.0193165 0.015664 0.0124147 0.00948696 0.0067476 0.0041515 0.00155902 -0.00105869 -0.00372684 -0.00644659 -0.00920792 -0.0119397 -0.0146188 -0.0171837 -0.0195636 -0.0216949 -0.0235343 -0.0250257 -0.0261392 -0.026875 -0.0271886 -0.02709 -0.0266126 -0.0257357 -0.0244401 -0.0228169 -0.0208776 -0.018633 -0.0161219 -0.013416 -0.010547 -0.00757273 -0.00451077 -0.0014204 0.0016932 0.00477056 0.00772946 0.0105259 0.013167 0.0155402 0.0175924 0.0193066 0.0206375 0.0215167 0.0219257 0.0218137 0.0211383 0.0198663 0.017965 0.015406 0.012187 0.00833091 0.00382979 -0.00126116 -0.0068799 -0.0129452 -0.0193413 -0.0258688 -0.0323884 -0.0386326 -0.0443791 -0.0493938 -0.0534582 -0.0563611 -0.0580445 -0.0584145 -0.0575536 -0.055597 -0.052747 -0.0492568 -0.0454335 -0.0415349 -0.0378109 -0.0344566 -0.0315536 -0.0291329 -0.0271206 -0.02543 -0.023911 -0.0224787 -0.0210085 -0.0194713 -0.0178037 -0.0160336 -0.0142051 -0.0123727 -0.0106278 -0.00903315 -0.00761118 -0.00638013 -0.00535719 -0.00450631 -0.00386172 -0.00335248 -0.0029876 -0.00271181 -0.00250103 -0.00237545 -0.00228404 -0.00223621 -0.00220242 -0.00217899 -0.00216623 -0.0021622 -0.00215532 -0.00215363 -0.00213272 -0.0021213 -0.00211701 -0.00210152 -0.0020982 -0.00207351 -0.00207078 -0.00206049 -0.00204768 -0.00204383 -0.00202614 -0.00203182 -0.00202633 -0.00202851 -0.00203028 -0.00202459 -0.00203242 -0.00202655 -0.00202793 -0.00202631 -0.00202241 -0.0020231 -0.00201162 -0.0020075 -0.00199874 
0 4.20154e-05 9.67444e-05 0.000130213 0.000187265 0.000222324 0.000273428 0.000319365 0.000359552 0.000420906 0.000459636 0.000516451 0.00055708 0.000614086 0.000674048 0.00072205 0.000791659 0.000850004 0.000924215 0.000985336 0.00105898 0.00114512 0.0012267 0.00131537 0.0014042 0.00150172 0.00158619 0.00167944 0.00177487 0.00187857 0.00197681 0.00209193 0.00224241 0.00241354 0.00263795 0.00291802 0.00327559 0.00372545 0.0043021 0.00503256 0.00593822 0.00704488 0.00842482 0.0101029 0.0121139 0.0145303 0.0173527 0.0206398 0.024407 0.028654 0.0333406 0.0383417 0.0435211 0.0486686 0.0534959 0.0577547 0.0611379 0.0633544 0.0642502 0.0637039 0.0617362 0.0584933 0.054185 0.0490903 0.0435182 0.0377739 0.0321398 0.0268369 0.0220392 0.0178258 0.0141934 0.0110929 0.00840911 0.00601436 0.00378827 0.00162117 -0.000563639 -0.00282202 -0.00517099 -0.00760351 -0.0101077 -0.0126261 -0.015099 -0.0174832 -0.0196966 -0.0216846 -0.0233973 -0.0247639 -0.0257597 -0.026375 -0.0265661 -0.0263304 -0.025679 -0.0246304 -0.0231824 -0.0213322 -0.01915 -0.0167068 -0.0139906 -0.0110632 -0.00800094 -0.00481884 -0.00158891 0.00159543 0.00472469 0.00774984 0.0105877 0.0131673 0.0154409 0.0173808 0.0189333 0.0200283 0.0206621 0.0207939 0.0203641 0.019363 0.0177631 0.0155323 0.0126888 0.00921992 0.00512757 0.000453738 -0.0047661 -0.0104794 -0.0165933 -0.0229882 -0.0295155 -0.0359843 -0.0421576 -0.0477998 -0.0526742 -0.0565434 -0.0592545 -0.0607063 -0.0608611 -0.0597995 -0.057658 -0.0546491 -0.051046 -0.0471322 -0.043209 -0.0395192 -0.0362356 -0.0334844 -0.0312274 -0.0294029 -0.0279076 -0.0265603 -0.0252536 -0.0238958 -0.0223865 -0.0207162 -0.0188901 -0.0169447 -0.014967 -0.0130182 -0.0112007 -0.00953825 -0.00806343 -0.00680916 -0.00576186 -0.00491041 -0.00424652 -0.00373557 -0.00333646 -0.00304029 -0.00282365 -0.002681 -0.00257269 -0.00250519 -0.00246406 -0.00243387 -0.00241576 -0.00240897 -0.00240606 -0.00239002 -0.00238263 -0.00236722 -0.00236101 -0.00233795 -0.00232658 -0.00232248 -0.00230285 -0.00229999 -0.00228175 -0.00228702 -0.00227584 -0.0022684 -0.00227535 -0.00226588 -0.00227047 -0.00225264 -0.00225849 -0.0022586 -0.00225139 -0.00225245 -0.00223872 -0.00224842 -0.00223647 -0.00223339 
0 5.09202e-05 0.000102732 0.000153509 0.000201951 0.000250721 0.000305233 0.000354848 0.000409663 0.000462841 0.000516451 0.000568058 0.000619799 0.000688186 0.000743686 0.000805113 0.000870635 0.000948693 0.00102954 0.00109157 0.00117917 0.00127047 0.00136409 0.0014513 0.00154369 0.00165347 0.00174991 0.00185178 0.00196935 0.0020916 0.0022256 0.00238748 0.00258208 0.00282277 0.00310347 0.00348321 0.00395283 0.00453052 0.00527487 0.00619003 0.00732692 0.00869491 0.0103669 0.0123594 0.0147049 0.0174565 0.020647 0.0242879 0.0284101 0.0330088 0.0380009 0.0432818 0.0486714 0.0539443 0.0587889 0.0629454 0.0660802 0.0679389 0.0683339 0.0671905 0.0645399 0.060537 0.0554481 0.0495829 0.0432791 0.036902 0.0307653 0.025079 0.0200767 0.0157962 0.0122404 0.00935369 0.00700386 0.0050122 0.00327949 0.00162337 -4.48894e-05 -0.00179744 -0.003678 -0.00571373 -0.00786879 -0.0101248 -0.0124334 -0.0147294 -0.0169315 -0.0189926 -0.0208398 -0.0224038 -0.0236586 -0.0245342 -0.0249951 -0.0250539 -0.0246717 -0.023827 -0.022601 -0.0209884 -0.0189976 -0.0166733 -0.0140578 -0.0111986 -0.00817752 -0.00502464 -0.00183393 0.00134087 0.00443666 0.0073513 0.010031 0.0124805 0.014591 0.016312 0.0176246 0.0184685 0.0188017 0.0186171 0.0178712 0.016558 0.0146717 0.0121889 0.00911249 0.00545374 0.00123537 -0.00353146 -0.00879075 -0.0144897 -0.0205518 -0.0268638 -0.0332478 -0.0395615 -0.0455359 -0.0509488 -0.0555735 -0.0591823 -0.0615973 -0.0627771 -0.0626507 -0.0613286 -0.0589707 -0.0557884 -0.0520593 -0.0481018 -0.0441899 -0.0405755 -0.0374464 -0.0348825 -0.0328674 -0.0313052 -0.0300789 -0.0289856 -0.0279091 -0.0267169 -0.0253375 -0.0237181 -0.0218912 -0.019898 -0.0178012 -0.0156977 -0.0136796 -0.0117835 -0.0100633 -0.00856881 -0.00727442 -0.00620582 -0.00532394 -0.00463607 -0.00408734 -0.00365926 -0.00335862 -0.00312933 -0.00296465 -0.00285481 -0.00278469 -0.00273365 -0.00269389 -0.00267157 -0.00266713 -0.00264678 -0.00263827 -0.00262835 -0.00261058 -0.00259773 -0.00258251 -0.00258553 -0.00256566 -0.00254997 -0.00254688 -0.00254109 -0.0025318 -0.00251159 -0.00251272 -0.00251239 -0.00250042 -0.00248728 -0.00248477 -0.00249161 -0.00248547 -0.00247525 -0.00247305 -0.00247818 -0.00247753 -0.00247105 
0 5.49691e-05 0.000116353 0.000168734 0.000225155 0.000274156 0.000333691 0.000388967 0.000443006 0.000503454 0.00055708 0.000619799 0.000682051 0.000758724 0.000826377 0.000889672 0.000968841 0.00105759 0.00114715 0.00121581 0.00130688 0.00141037 0.001508 0.00159657 0.00169375 0.00181365 0.00192249 0.00203777 0.00216889 0.0023182 0.00248755 0.00269721 0.00295737 0.00326614 0.00364553 0.00414292 0.00476242 0.00551535 0.00645415 0.00760164 0.00899598 0.0106537 0.0126394 0.0149622 0.0176435 0.0207438 0.0242762 0.0282565 0.032694 0.0375734 0.0428071 0.0482625 0.0537555 0.0590349 0.0637733 0.0676959 0.0704803 0.0718603 0.0716818 0.0698765 0.0664986 0.0617325 0.0558728 0.0492624 0.0422848 0.0353342 0.0287495 0.0227719 0.01762 0.0133454 0.00993387 0.00731567 0.0053407 0.00382579 0.00262558 0.00155412 0.000481029 -0.000695751 -0.00204356 -0.00359729 -0.00534937 -0.00726685 -0.00930675 -0.0114145 -0.0135151 -0.015554 -0.0174601 -0.0191448 -0.0205694 -0.0216651 -0.0223746 -0.0226883 -0.0225841 -0.0220453 -0.0211027 -0.0197387 -0.0179942 -0.015923 -0.013537 -0.0108867 -0.00806095 -0.00509187 -0.00208373 0.000877488 0.00374786 0.00645059 0.00890769 0.0110865 0.0129067 0.0143384 0.0153491 0.0158768 0.0158998 0.0154118 0.0143719 0.0127912 0.0106701 0.00799771 0.00478815 0.00104588 -0.00322397 -0.00799242 -0.0132135 -0.0188296 -0.0247568 -0.030878 -0.0370405 -0.0430867 -0.048775 -0.0538827 -0.0581852 -0.0614532 -0.0635284 -0.0643571 -0.0639013 -0.0622791 -0.0596656 -0.056289 -0.052436 -0.0484251 -0.0445391 -0.0410261 -0.038064 -0.0357392 -0.0340066 -0.0327683 -0.0318807 -0.0311207 -0.0303438 -0.0294129 -0.0282256 -0.0267415 -0.0249865 -0.0229984 -0.0208484 -0.018624 -0.0164307 -0.0143142 -0.0123474 -0.0105956 -0.00905121 -0.00773169 -0.00662744 -0.00573606 -0.00501291 -0.00444401 -0.00401775 -0.00369005 -0.00343765 -0.00326615 -0.00315389 -0.00306872 -0.00300277 -0.0029628 -0.00294594 -0.0029205 -0.00290706 -0.00289023 -0.00286885 -0.00284725 -0.00283594 -0.00283565 -0.00281116 -0.00279582 -0.00279365 -0.00279805 -0.00278213 -0.00276 -0.00276259 -0.00276352 -0.00275542 -0.0027345 -0.00273448 -0.00273983 -0.00272985 -0.00271746 -0.0027112 -0.00272239 -0.00271867 -0.00271078 
0 5.09086e-05 0.000115488 0.000168146 0.000232638 0.000285528 0.00035407 0.00042155 0.000482037 0.000555293 0.000614086 0.000688186 0.000758724 0.000838697 0.000914918 0.000976417 0.00106445 0.00115841 0.00125302 0.00133142 0.00142879 0.00154956 0.00165662 0.00175334 0.00185961 0.00199032 0.00211506 0.00224631 0.00239589 0.00257816 0.00279299 0.00306158 0.00340026 0.00379532 0.00429577 0.00493493 0.00573233 0.00669463 0.00786291 0.00927922 0.0109623 0.0129368 0.0152476 0.0179007 0.0209083 0.0243345 0.0281806 0.0324647 0.0371752 0.0422783 0.0476799 0.0532158 0.0586982 0.0638531 0.068356 0.0719197 0.0742468 0.0750684 0.0742597 0.071761 0.0676482 0.0621345 0.0555403 0.0482447 0.0406675 0.0332261 0.0262707 0.0200708 0.0148218 0.0105977 0.00737151 0.00506651 0.00351364 0.00252181 0.00189205 0.00143317 0.000976337 0.000402756 -0.000370773 -0.0013836 -0.00265389 -0.00415064 -0.00584354 -0.00768341 -0.00959467 -0.011514 -0.0133719 -0.0150776 -0.0165795 -0.0178178 -0.0187302 -0.0192893 -0.0194618 -0.0192325 -0.0186065 -0.0175703 -0.0161568 -0.0144187 -0.0123676 -0.0100725 -0.00761573 -0.00503052 -0.00239559 0.00019651 0.0027004 0.00503712 0.00713156 0.00893437 0.0103841 0.011446 0.0120894 0.0122666 0.0119739 0.0112009 0.00991782 0.00813926 0.00586447 0.00308338 -0.000184457 -0.00393259 -0.00816273 -0.0128385 -0.0179286 -0.0233791 -0.029105 -0.0349818 -0.0408718 -0.0465926 -0.0519287 -0.0566582 -0.0605682 -0.0634355 -0.0651243 -0.0655608 -0.0647408 -0.0627793 -0.0598714 -0.0562638 -0.052261 -0.0481812 -0.0443167 -0.0409064 -0.0381169 -0.0360353 -0.0345992 -0.0337135 -0.03321 -0.0328559 -0.0324677 -0.0318957 -0.0309978 -0.0297381 -0.0281288 -0.0262085 -0.0240564 -0.0217575 -0.0194259 -0.0171208 -0.0149308 -0.0129292 -0.0111321 -0.00954608 -0.00819554 -0.00706876 -0.00613961 -0.00539876 -0.00481683 -0.00436296 -0.00399965 -0.00374409 -0.00356948 -0.00343602 -0.00333305 -0.00326819 -0.00323179 -0.0032009 -0.0031837 -0.00316368 -0.00314416 -0.0031177 -0.00311161 -0.00310324 -0.00306999 -0.00304794 -0.00303897 -0.00304729 -0.00302285 -0.00299985 -0.00300389 -0.00300876 -0.00300951 -0.00298928 -0.00299686 -0.00300464 -0.00299546 -0.00298324 -0.00297211 -0.00298231 -0.00296885 -0.00295208 
0 6.00746e-05 0.000121623 0.000197967 0.000254243 0.000322552 0.000389856 0.000458701 0.000533246 0.00059598 0.000674048 0.000743686 0.000826377 0.000914918 0.000990308 0.00107098 0.00115666 0.00126581 0.00136178 0.0014476 0.00155731 0.00168452 0.00180512 0.00190963 0.0020281 0.00217366 0.00232607 0.00247829 0.00266767 0.00288756 0.00316518 0.00351336 0.00393452 0.00445701 0.00508855 0.00590781 0.00690983 0.00810527 0.00954171 0.011242 0.0132358 0.0155394 0.0181745 0.0211474 0.0244772 0.0281897 0.0323299 0.0368616 0.0417803 0.0470348 0.0524932 0.0580088 0.0633619 0.0682741 0.072435 0.0755512 0.0773236 0.0775413 0.0760491 0.0728438 0.0680189 0.0618017 0.0545484 0.0466664 0.0385796 0.0307342 0.0234931 0.0171177 0.0118348 0.00770257 0.00470053 0.00273807 0.0016386 0.00116218 0.00111895 0.00126743 0.00142953 0.0014758 0.0013111 0.000861893 0.000133833 -0.000880746 -0.00216098 -0.00364675 -0.00526998 -0.00697835 -0.00868291 -0.0103109 -0.0118135 -0.01311 -0.0141518 -0.0149212 -0.0153568 -0.0154118 -0.0151217 -0.0144813 -0.0134822 -0.0121634 -0.0105892 -0.00880046 -0.00685356 -0.00480575 -0.00273151 -0.000666459 0.00132011 0.00312948 0.00470984 0.00604403 0.00704289 0.00766115 0.0078986 0.0077283 0.0071252 0.00609878 0.00463195 0.00271623 0.000364201 -0.0024341 -0.00568051 -0.00935661 -0.0134498 -0.0179634 -0.0228477 -0.0280591 -0.0335239 -0.0391211 -0.0446848 -0.0500618 -0.05501 -0.0593227 -0.0627941 -0.0652253 -0.0664686 -0.0664911 -0.0652737 -0.0629458 -0.0597213 -0.055851 -0.0516551 -0.0474777 -0.0435982 -0.0402611 -0.0376451 -0.0357864 -0.0346624 -0.0341428 -0.0340483 -0.0341436 -0.0342145 -0.0340628 -0.0335576 -0.032607 -0.0312302 -0.0294691 -0.0273742 -0.0250719 -0.022647 -0.0201917 -0.0178065 -0.0155714 -0.013512 -0.0116638 -0.0100337 -0.00864927 -0.00748742 -0.00653125 -0.00577955 -0.00515756 -0.00467071 -0.00430722 -0.00404852 -0.00385623 -0.00370303 -0.00360259 -0.00354023 -0.00349576 -0.00346747 -0.00344715 -0.00341576 -0.00339875 -0.00338814 -0.00337887 -0.0033467 -0.00331027 -0.00331328 -0.00330778 -0.00329134 -0.00326345 -0.00326045 -0.00327373 -0.00325723 -0.00324731 -0.00324081 -0.0032499 -0.00324375 -0.00322303 -0.00322639 -0.00322422 -0.0032222 -0.00320193 
0 6.47701e-05 0.000147964 0.000218329 0.0002978 0.000359126 0.00043258 0.000510175 0.000576023 0.000656661 0.00072205 0.000805113 0.000889672 0.000976417 0.00107098 0.00115108 0.00126243 0.00137464 0.00147929 0.00158176 0.00169304 0.00183328 0.00195735 0.00206972 0.00220271 0.00236472 0.00254509 0.00274336 0.0029685 0.00325888 0.0036135 0.00405547 0.00460692 0.00525424 0.00607639 0.00708545 0.00832044 0.00978521 0.0114962 0.0135096 0.0158204 0.0184529 0.0214094 0.0246949 0.0283098 0.0323071 0.0366706 0.0414035 0.0464532 0.0517413 0.0571628 0.0625277 0.067636 0.0722058 0.0759364 0.0785172 0.0797059 0.0792506 0.0770777 0.0731729 0.0676637 0.0608193 0.0529964 0.0446103 0.0361265 0.0279692 0.0205037 0.0140535 0.00877683 0.00478594 0.00204165 0.000430761 -0.000249016 -0.000201113 0.00029258 0.00104143 0.00182868 0.00250557 0.00295197 0.00311811 0.00294016 0.00244206 0.00164712 0.000594129 -0.00066744 -0.00205737 -0.00352287 -0.00499342 -0.00639746 -0.0076912 -0.00881101 -0.00969336 -0.0103249 -0.0107039 -0.0107675 -0.0105162 -0.0100013 -0.0092563 -0.00827012 -0.00710357 -0.00581137 -0.00443359 -0.00301474 -0.00165449 -0.000381958 0.000781107 0.00176667 0.00248451 0.00293279 0.00309046 0.0029138 0.00238224 0.00150355 0.000259084 -0.00135447 -0.00333382 -0.00569746 -0.0084447 -0.0115729 -0.0150894 -0.019008 -0.0232861 -0.0279182 -0.0328508 -0.0380067 -0.0432615 -0.0484974 -0.0534851 -0.0580447 -0.0619394 -0.0649627 -0.0669249 -0.0677294 -0.0672834 -0.0656535 -0.0629394 -0.059355 -0.0551878 -0.0507641 -0.0464216 -0.0424861 -0.0391921 -0.036694 -0.0350669 -0.0342246 -0.0340687 -0.0343852 -0.0349412 -0.0354877 -0.0358292 -0.0357643 -0.0352273 -0.0341828 -0.0326597 -0.0307359 -0.0284897 -0.0260432 -0.0234906 -0.0209458 -0.018495 -0.0161998 -0.014067 -0.0121675 -0.0104955 -0.00906968 -0.00789243 -0.0069139 -0.00612682 -0.00547939 -0.00499162 -0.00463384 -0.00435428 -0.00414032 -0.00398549 -0.0038779 -0.00381128 -0.00376344 -0.00372546 -0.00369643 -0.00366682 -0.0036709 -0.00365763 -0.00362839 -0.00360498 -0.00359215 -0.00360101 -0.00356925 -0.00354407 -0.00353613 -0.00352965 -0.0035212 -0.00348822 -0.00348747 -0.00348674 -0.00347847 -0.00347122 -0.00346194 -0.00347751 -0.00346879 -0.00346099 
0 7.44353e-05 0.000147805 0.00024121 0.000306407 0.00038634 0.000459404 0.000540544 0.00062865 0.000700061 0.000791659 0.000870635 0.000968841 0.00106445 0.00115666 0.00126243 0.00137064 0.00149623 0.00160363 0.00171619 0.00183963 0.00198204 0.00211555 0.00224262 0.00239315 0.00257514 0.00279844 0.00303276 0.00332881 0.00368468 0.00414299 0.00471367 0.00539497 0.00623604 0.00724892 0.00850079 0.00999556 0.0117442 0.0137686 0.0160951 0.018728 0.0216883 0.0249463 0.0285104 0.0323988 0.0365989 0.0411535 0.045991 0.0510758 0.0563134 0.0615698 0.0666904 0.071455 0.075583 0.0788014 0.0808024 0.0813301 0.0802235 0.0773643 0.0728067 0.0666919 0.0592947 0.050982 0.0422014 0.0333947 0.0250168 0.0174425 0.010969 0.00578372 0.00196827 -0.000519718 -0.00180066 -0.00206451 -0.00156358 -0.000529181 0.000790746 0.00217996 0.0034776 0.00455639 0.00531378 0.00573934 0.00580081 0.00551773 0.00494137 0.00412245 0.00310316 0.0019605 0.000732596 -0.000508655 -0.00170724 -0.00281826 -0.00380718 -0.00461468 -0.00521891 -0.00563342 -0.00588598 -0.00592905 -0.00576708 -0.00546377 -0.00503936 -0.00449518 -0.00391621 -0.0033305 -0.00274937 -0.00224149 -0.00187971 -0.00166168 -0.00159918 -0.00172522 -0.00209525 -0.00271056 -0.00357913 -0.00472225 -0.0061498 -0.00784887 -0.00985352 -0.0121546 -0.0147753 -0.0177463 -0.0210677 -0.0247286 -0.0287539 -0.0330922 -0.0377066 -0.0425291 -0.0474429 -0.052293 -0.0569102 -0.0610654 -0.0645433 -0.0671332 -0.0686564 -0.0689918 -0.0680985 -0.0660184 -0.0628771 -0.0589117 -0.0544024 -0.0497023 -0.0451664 -0.0411163 -0.0377993 -0.0353936 -0.0339123 -0.0333338 -0.0335014 -0.0342053 -0.0352177 -0.0362647 -0.0371067 -0.0375656 -0.0374998 -0.0368706 -0.0357 -0.03401 -0.0319292 -0.0295253 -0.0269405 -0.0242915 -0.0216685 -0.0191496 -0.0167752 -0.0145885 -0.0126361 -0.0109395 -0.00949324 -0.00829563 -0.00728263 -0.00646994 -0.00582508 -0.00533523 -0.00495895 -0.00465384 -0.00443224 -0.0042676 -0.00416526 -0.00408938 -0.00403648 -0.00398618 -0.00396006 -0.00395058 -0.00393587 -0.0039124 -0.00387733 -0.00387699 -0.00386283 -0.00384437 -0.00381624 -0.00380065 -0.00380485 -0.00377794 -0.00376527 -0.00374877 -0.00375182 -0.0037492 -0.00373071 -0.00373635 -0.00372867 -0.00373318 -0.00372088 
0 7.55483e-05 0.000158794 0.000241583 0.000321994 0.000399367 0.000481315 0.000574073 0.000664395 0.000757107 0.000850004 0.000948693 0.00105759 0.00115841 0.00126581 0.00137464 0.00149623 0.0016217 0.00173365 0.0018575 0.00198444 0.00213165 0.00227751 0.00242534 0.00260837 0.0028249 0.00309356 0.00339973 0.00376125 0.00421813 0.0047896 0.0054969 0.00635277 0.00738295 0.00864699 0.0101607 0.011951 0.0140218 0.0163675 0.0190175 0.0219637 0.025218 0.0287453 0.0325501 0.0366355 0.0410056 0.0456455 0.0505127 0.0555383 0.06061 0.0656197 0.0704007 0.0747372 0.0783643 0.0810146 0.0823791 0.0822558 0.0804704 0.0769766 0.0718266 0.0651822 0.0573392 0.0486562 0.0395689 0.0305571 0.0220486 0.0144208 0.0080075 0.00294142 -0.00067715 -0.00289554 -0.00385526 -0.00375503 -0.00280618 -0.00129507 0.000563029 0.00253347 0.00443493 0.00611321 0.00749018 0.00850075 0.00913183 0.00940886 0.00935916 0.00900122 0.00840918 0.00762971 0.00669471 0.00568785 0.00463901 0.00358493 0.00258332 0.00162964 0.000717953 -7.1571e-05 -0.000757106 -0.00136285 -0.0018846 -0.00231836 -0.00268763 -0.00299685 -0.00329361 -0.00358146 -0.0039143 -0.00431624 -0.00476873 -0.00529696 -0.00597684 -0.00676781 -0.00767836 -0.00873982 -0.00994965 -0.011323 -0.0128958 -0.0146524 -0.0166276 -0.0188502 -0.0213219 -0.0240787 -0.0271514 -0.0305523 -0.0342771 -0.0383138 -0.0426062 -0.0470828 -0.0516291 -0.0561202 -0.0603414 -0.0641135 -0.0671947 -0.0693621 -0.0704435 -0.0703356 -0.0689619 -0.0664309 -0.0628582 -0.0584812 -0.0536216 -0.0486205 -0.0438324 -0.039613 -0.0362087 -0.033791 -0.0324164 -0.032021 -0.0324746 -0.0335405 -0.0349872 -0.0365231 -0.0378966 -0.0388903 -0.0393653 -0.0392288 -0.038478 -0.0371406 -0.035288 -0.0330191 -0.0304717 -0.0277754 -0.0250332 -0.022347 -0.0197524 -0.0173239 -0.0150948 -0.0131167 -0.0114017 -0.00992175 -0.00867527 -0.00764089 -0.00681072 -0.00616814 -0.005662 -0.00526509 -0.00495802 -0.00472787 -0.00457951 -0.00446337 -0.0043771 -0.00430748 -0.00425791 -0.00423852 -0.0042099 -0.00418421 -0.00415613 -0.0041409 -0.00413279 -0.00410891 -0.00409049 -0.00407807 -0.00407435 -0.00406455 -0.00404504 -0.00403789 -0.00403405 -0.00402868 -0.00401816 -0.00400602 -0.00400307 -0.00399401 -0.00398546 
