0 0 0 0 0 0 0 0 0 0 0 0 0 0 0 0 0 0 0 0 0 0 0 0 0 0 0 0 0 0 0 0 0 0 0 0 0 0 0 0 0 0 0 0 0 0 0 0 0 0 0 0 0 0 0 0 0 0 0 0 0 0 0 0 0 0 0 0 0 0 0 0 0 0 0 0 0 0 0 0 0 0 0 0 0 0 0 0 0 0 0 0 0 0 0 0 0 0 0 0 0 0 0 0 0 0 0 0 0 0 0 0 0 0 0 0 0 0 0 0 0 0 0 0 0 0 0 0 0 0 0 0 0 0 0 0 0 0 0 0 0 0 0 0 0 0 0 0 0 0 0 0 0 0 0 0 0 0 0 0 0 0 0 0 0 0 0 0 0 0 0 0 0 0 0 0 0 0 0 0 0 0 0 0 0 0 0 0 0 0 0 0 0 0 0 0 0 0 0 0 
0 0.000183927 0.000375372 0.000591535 0.000812155 0.00105234 0.00131711 0.00161352 0.00195501 0.00230864 0.00267174 0.00301848 0.00332412 0.00357778 0.00372703 0.00377275 0.00369626 0.00349496 0.00319722 0.00280236 0.00238061 0.00196738 0.00160143 0.00132689 0.00114898 0.00111236 0.00121367 0.00144043 0.00177856 0.00220271 0.00268458 0.00319276 0.00368186 0.0041322 0.00453777 0.00485493 0.00509273 0.00522591 0.00526598 0.00520962 0.00503886 0.00477409 0.00441194 0.00396252 0.00341007 0.00278629 0.00208472 0.00132227 0.000504137 -0.000354001 -0.00122902 -0.00211679 -0.00300456 -0.00387451 -0.00469355 -0.00548898 -0.00620868 -0.00685665 -0.00742811 -0.00791608 -0.00830878 -0.0086163 -0.0088242 -0.00894033 -0.00897028 -0.00889753 -0.00875884 -0.00854099 -0.00825492 -0.00790412 -0.00751752 -0.00707474 -0.00661366 -0.00613434 -0.00565834 -0.00516875 -0.00469674 -0.00424526 -0.0038145 -0.00340583 -0.00304296 -0.00270061 -0.00237683 -0.0020981 -0.0018517 -0.00162627 -0.001424 -0.00124809 -0.00109223 -0.000970859 -0.000853315 -0.000753068 -0.000675407 -0.000616157 -0.000552516 -0.000515306 -0.000479804 -0.000452128 -0.000429822 -0.000420099 -0.000398616 -0.000394336 -0.000383684 -0.000373162 -0.000361658 -0.000356855 -0.000330054 -0.000313541 -0.000290905 -0.000256532 -0.000206979 -0.000159364 -9.24153e-05 -2.16234e-05 7.30136e-05 0.000189971 0.00031258 0.000445338 0.000620808 0.000816553 0.00102398 0.00126932 0.00154335 0.00184233 0.00217459 0.00255238 0.00294839 0.00337398 0.00382341 0.00430811 0.00478883 0.00529077 0.00579129 0.00627769 0.00673513 0.00718684 0.00758569 0.00794382 0.00825313 0.0084958 0.00867105 0.00877281 0.00879539 0.00873809 0.00859843 0.00835391 0.0080406 0.00762599 0.00712632 0.00654721 0.00590498 0.00518666 0.00441473 0.00360147 0.00275009 0.00187562 0.000979759 8.94472e-05 -0.000802759 -0.00168243 -0.0025608 -0.00340468 -0.00423539 -0.00505068 -0.0058313 -0.00659102 -0.0073068 -0.0079939 -0.00863291 -0.00920078 -0.0096865 -0.0100775 -0.0103356 -0.0104466 -0.0103883 -0.0101567 -0.00977407 -0.00922128 -0.00855001 -0.00778542 -0.00697169 -0.00616644 -0.00538671 -0.00470497 -0.00414358 -0.00372093 -0.00344088 -0.00327098 -0.00321369 -0.00323731 -0.00331634 -0.00342544 -0.00352769 -0.0036203 -0.00368632 -0.00372348 -0.00373505 -0.00371533 -0.00367921 -0.00362193 
0 0.000375372 0.000785281 0.00120925 0.00167614 0.00215452 0.00268642 0.00329371 0.00395484 0.00467935 0.00538823 0.00607939 0.0066985 0.0071819 0.00750308 0.007579 0.00743551 0.00704808 0.00644359 0.00568675 0.00483836 0.00402565 0.00330021 0.00273684 0.00237841 0.00227948 0.00245236 0.00287331 0.00351523 0.00431574 0.00525576 0.006222 0.00716835 0.00804592 0.00880331 0.00943215 0.00986835 0.0101205 0.0101952 0.0100667 0.0097263 0.00920115 0.0084761 0.00758204 0.00651124 0.0052688 0.00392417 0.00244159 0.000853982 -0.000794435 -0.0024932 -0.00421776 -0.0059308 -0.00761031 -0.00921379 -0.0107309 -0.0121502 -0.0134194 -0.014542 -0.0155091 -0.0163 -0.0168937 -0.0173161 -0.0175695 -0.0176306 -0.0175224 -0.0172736 -0.0168577 -0.0162997 -0.0156535 -0.0148982 -0.0140607 -0.0131814 -0.0122562 -0.0113028 -0.0103662 -0.00944797 -0.00855767 -0.00770648 -0.00690537 -0.00616044 -0.00546844 -0.00484831 -0.00429549 -0.0037726 -0.00330202 -0.00292071 -0.00257206 -0.00224591 -0.00198034 -0.0017588 -0.00155647 -0.00139832 -0.00126162 -0.00114309 -0.00105909 -0.000991781 -0.000923511 -0.000885265 -0.000854027 -0.000817712 -0.000796681 -0.000783293 -0.000751612 -0.000730489 -0.000707346 -0.000667025 -0.000623901 -0.000570899 -0.000485493 -0.0004051 -0.000307751 -0.000156524 1.26587e-05 0.000180529 0.000401979 0.000671019 0.000969042 0.00130749 0.00169173 0.00212682 0.00262446 0.0031769 0.00379103 0.00446622 0.00519123 0.00598728 0.00684098 0.00773243 0.00866823 0.00962795 0.0105821 0.0115512 0.0125003 0.0133973 0.0142484 0.015029 0.0157041 0.0162766 0.0167439 0.0170712 0.0172445 0.0172711 0.0171428 0.0168198 0.0163402 0.0157001 0.0148784 0.0139001 0.0127723 0.011502 0.0101155 0.00861176 0.00702397 0.00539777 0.00369162 0.0019674 0.000241951 -0.0014947 -0.00321604 -0.0049187 -0.00658491 -0.00820549 -0.00979662 -0.0113498 -0.0128248 -0.0142588 -0.0156171 -0.0168853 -0.0180273 -0.0189949 -0.01978 -0.0203082 -0.0205431 -0.0204431 -0.020023 -0.0192744 -0.0182232 -0.0169182 -0.0154213 -0.0138516 -0.0122513 -0.0107414 -0.00939541 -0.00828783 -0.00747386 -0.00690536 -0.00659192 -0.00647344 -0.00652177 -0.00668834 -0.00689047 -0.00710648 -0.00728215 -0.00741701 -0.00749915 -0.0075188 -0.00749776 -0.00742502 -0.00732028 
0 0.000591535 0.00120925 0.00188559 0.00258254 0.00332911 0.00414385 0.00504944 0.00606932 0.00713172 0.00821138 0.00924285 0.0101573 0.0109063 0.0113645 0.0115084 0.0112954 0.0107184 0.00984271 0.00869528 0.00744809 0.00621884 0.00511838 0.00426355 0.00369081 0.00350589 0.00371157 0.00427483 0.00515428 0.00628008 0.0075755 0.0089452 0.0102723 0.0114962 0.012585 0.0134401 0.0140597 0.014392 0.014458 0.0142467 0.0137236 0.0129336 0.0118774 0.0105812 0.00901867 0.00725957 0.00530686 0.00319361 0.000939023 -0.00141524 -0.00381768 -0.0062532 -0.00869067 -0.0110847 -0.0133614 -0.0155676 -0.0175938 -0.0194322 -0.0210691 -0.0224839 -0.0236446 -0.0245637 -0.0252137 -0.0256087 -0.0257555 -0.0256278 -0.0253034 -0.0247579 -0.0240182 -0.0231025 -0.0220688 -0.0208853 -0.0196337 -0.0183205 -0.0169932 -0.0156272 -0.0142889 -0.0129916 -0.0117402 -0.0105445 -0.00945633 -0.00842797 -0.00746049 -0.00660874 -0.00584522 -0.00514941 -0.00452937 -0.00398364 -0.00349945 -0.00310754 -0.00274363 -0.00242917 -0.00217811 -0.00197719 -0.00178022 -0.00164778 -0.00152926 -0.00143243 -0.00135587 -0.00130884 -0.00124192 -0.00121223 -0.00117231 -0.00112982 -0.0010858 -0.00105134 -0.000968315 -0.00090054 -0.000814502 -0.000693712 -0.000536166 -0.000372034 -0.000154457 8.49387e-05 0.000384104 0.000747619 0.0011422 0.00157775 0.00212207 0.00273159 0.00338959 0.00415051 0.00499433 0.00591203 0.00691987 0.00803702 0.00920735 0.0104484 0.0117452 0.0131147 0.0144752 0.0158689 0.0172502 0.0185845 0.0198373 0.0210498 0.0221228 0.0230693 0.0238702 0.0244849 0.0249032 0.0251087 0.0250906 0.0248458 0.024364 0.0236098 0.0226567 0.0214425 0.0200048 0.018364 0.0165546 0.0145577 0.0124203 0.0101742 0.00783235 0.00542074 0.0029526 0.000486286 -0.00199214 -0.00445276 -0.00691111 -0.00929985 -0.011658 -0.0139827 -0.0162321 -0.0184239 -0.0205155 -0.022528 -0.0244125 -0.0261064 -0.0275716 -0.0287656 -0.0295885 -0.0299887 -0.029906 -0.0293298 -0.0283003 -0.0267905 -0.0249204 -0.0227728 -0.0204768 -0.0181817 -0.0159689 -0.0140214 -0.0124198 -0.0112184 -0.0104199 -0.00995258 -0.00980225 -0.00988801 -0.0101336 -0.0104608 -0.0107765 -0.0110588 -0.0112673 -0.0113923 -0.0114405 -0.0114048 -0.0113155 -0.0111628 
0 0.000812155 0.00167614 0.00258254 0.00355392 0.00456915 0.0056806 0.00692445 0.00828153 0.00973248 0.0111731 0.0125605 0.0138004 0.0147835 0.0154241 0.0156079 0.0153348 0.0145826 0.0134034 0.0119036 0.0102281 0.00858222 0.0070935 0.00589815 0.00508275 0.0047461 0.00491143 0.00554205 0.00658294 0.00793363 0.00952665 0.0111924 0.0128238 0.0143307 0.0156318 0.0166799 0.0173944 0.0177682 0.0178091 0.0174894 0.0167943 0.0157646 0.0143972 0.0127323 0.0107678 0.00853206 0.00610627 0.00347016 0.000667396 -0.00224134 -0.00522424 -0.00824962 -0.0112665 -0.014232 -0.0170846 -0.0198118 -0.0223736 -0.0247042 -0.0267946 -0.0286214 -0.0301499 -0.03135 -0.032241 -0.032824 -0.0330751 -0.0330145 -0.0326889 -0.032072 -0.0311991 -0.0301363 -0.0288809 -0.0274613 -0.0259374 -0.0243181 -0.0226333 -0.020934 -0.0192423 -0.017579 -0.0159604 -0.0144115 -0.0129527 -0.0115805 -0.010319 -0.00917839 -0.00811562 -0.00715351 -0.00633065 -0.00559013 -0.00491486 -0.00434736 -0.00385828 -0.00342469 -0.00306931 -0.00276579 -0.00250069 -0.00229855 -0.00213041 -0.00197822 -0.00186973 -0.00178201 -0.00169244 -0.00162841 -0.00157179 -0.00149642 -0.00142844 -0.00135561 -0.00125074 -0.00113657 -0.000998134 -0.000810154 -0.000606309 -0.000366998 -4.48576e-05 0.000318609 0.000714763 0.0012026 0.00177458 0.00241299 0.00314522 0.00396962 0.00489005 0.00592619 0.007068 0.0083128 0.00966153 0.0111011 0.0126379 0.0142531 0.0159215 0.0176419 0.0193744 0.0210907 0.0227982 0.0244469 0.0259922 0.0274401 0.0287397 0.029849 0.0307624 0.031464 0.031907 0.0320737 0.0319664 0.0315754 0.0308609 0.0298611 0.0285892 0.0270212 0.0251919 0.0231226 0.0208332 0.0183488 0.0156851 0.0128875 0.0100059 0.00700686 0.0039592 0.000893748 -0.00219814 -0.00528601 -0.0083628 -0.0113959 -0.0143836 -0.017341 -0.0202479 -0.0230615 -0.0258071 -0.0284447 -0.0309335 -0.0332021 -0.0351709 -0.0367941 -0.0379456 -0.0385455 -0.0385203 -0.0378714 -0.0365977 -0.0347323 -0.0323719 -0.0296416 -0.0267344 -0.0237793 -0.0209718 -0.0184772 -0.0164338 -0.0149269 -0.0139108 -0.0133648 -0.0132028 -0.0133527 -0.0137144 -0.0141557 -0.0146064 -0.0149879 -0.015281 -0.0154659 -0.0155336 -0.0155107 -0.0153978 -0.015214 
0 0.00105234 0.00215452 0.00332911 0.00456915 0.00588779 0.00732347 0.00891292 0.0106554 0.0124872 0.0143257 0.0160807 0.0176428 0.018893 0.0196901 0.0199389 0.0195948 0.0186511 0.0171773 0.0152832 0.0131752 0.0110705 0.00914911 0.00757559 0.00645875 0.00591497 0.00597387 0.00659406 0.00770533 0.00920134 0.0109663 0.0128394 0.0146687 0.0163497 0.0178022 0.0189369 0.0197001 0.0200603 0.0200263 0.0195839 0.0187178 0.0174665 0.0158489 0.0138943 0.0116041 0.00903263 0.00622503 0.00320227 9.41097e-07 -0.00332313 -0.00672035 -0.0101603 -0.0136023 -0.0169905 -0.0202618 -0.0234148 -0.0263752 -0.0290972 -0.0315599 -0.033734 -0.0355805 -0.0370824 -0.0382275 -0.0390161 -0.0394379 -0.0394928 -0.0392322 -0.0386475 -0.0377656 -0.0366294 -0.0352728 -0.0337062 -0.0319939 -0.0301626 -0.0282505 -0.0262763 -0.0242892 -0.0223179 -0.0203797 -0.0185022 -0.016725 -0.0150333 -0.0134433 -0.011992 -0.01066 -0.00944458 -0.00836114 -0.0073913 -0.00652612 -0.00578646 -0.00513105 -0.00455683 -0.00407709 -0.00367126 -0.00331213 -0.00302766 -0.00278642 -0.00257983 -0.00241453 -0.00228118 -0.00215043 -0.00204911 -0.00194995 -0.00184234 -0.00173376 -0.00161827 -0.00146182 -0.00129467 -0.00109609 -0.000843697 -0.000546292 -0.000207289 0.000210013 0.000687466 0.00124274 0.00189905 0.00263992 0.00347124 0.00443629 0.00551538 0.00669978 0.00801977 0.00946166 0.0110134 0.0126805 0.0144584 0.0163134 0.0182365 0.0202097 0.0222243 0.0242246 0.0262071 0.0281436 0.0299863 0.031699 0.0332872 0.0346815 0.0358579 0.0367987 0.0374705 0.0378445 0.0379044 0.0376464 0.037065 0.0361423 0.0348837 0.0333297 0.0314556 0.0292931 0.0268761 0.0242326 0.0213704 0.018325 0.0151372 0.0118344 0.00842373 0.00494218 0.00143296 -0.00210724 -0.00566028 -0.00921958 -0.0127466 -0.0162574 -0.0197566 -0.0232141 -0.0266137 -0.0299385 -0.0331696 -0.0362434 -0.0390688 -0.0415628 -0.0436381 -0.045156 -0.0460086 -0.0461096 -0.0454391 -0.0440114 -0.0418517 -0.0390878 -0.0358762 -0.0324233 -0.0289313 -0.0255999 -0.0226557 -0.0202576 -0.0184908 -0.0173425 -0.0167473 -0.0166313 -0.0168865 -0.0173851 -0.0179908 -0.018587 -0.0191051 -0.0195007 -0.0197558 -0.0198707 -0.0198566 -0.0197393 -0.0195248 
0 0.00131711 0.00268642 0.00414385 0.0056806 0.00732347 0.00910744 0.0110683 0.0132052 0.015438 0.0176799 0.019809 0.0216967 0.0232004 0.024152 0.0244485 0.0240209 0.0228742 0.0210847 0.0187888 0.0162243 0.0136327 0.0112394 0.00923143 0.00775254 0.00692409 0.00678738 0.00730379 0.00838844 0.0099266 0.0117663 0.0137399 0.0156702 0.0174335 0.0189391 0.0200868 0.0208282 0.0211296 0.0209955 0.0204214 0.019402 0.0179676 0.0161527 0.01398 0.0114662 0.00866731 0.00561756 0.00235518 -0.0010878 -0.00466052 -0.00831055 -0.012005 -0.0157043 -0.0193495 -0.0228883 -0.0263051 -0.0295335 -0.0325326 -0.0352718 -0.0377194 -0.0398354 -0.0416008 -0.0429966 -0.0440168 -0.0446532 -0.0449015 -0.0447927 -0.0443309 -0.0435376 -0.0424462 -0.0410975 -0.0395062 -0.037723 -0.0357844 -0.0337286 -0.031579 -0.0293865 -0.0271824 -0.0249884 -0.0228369 -0.0207662 -0.0187805 -0.0168973 -0.0151472 -0.0135275 -0.0120407 -0.0106953 -0.00948616 -0.00840495 -0.00745902 -0.00662222 -0.00589157 -0.00526547 -0.00472981 -0.00426295 -0.00387628 -0.00354644 -0.00326586 -0.00302955 -0.00283072 -0.00264722 -0.00248919 -0.00233497 -0.00217736 -0.00201254 -0.00183469 -0.00161915 -0.00137869 -0.00109623 -0.000758334 -0.000360152 9.97828e-05 0.000645275 0.00127135 0.0019969 0.00283574 0.00378415 0.00484928 0.00605822 0.0073981 0.00886328 0.0104706 0.0122086 0.0140585 0.0160177 0.0180789 0.0202063 0.0223855 0.0245981 0.0268201 0.0290036 0.0311403 0.0331939 0.0351213 0.0368899 0.0384865 0.0398544 0.0409702 0.0418142 0.0423569 0.0425762 0.0424589 0.0420012 0.0411986 0.0400486 0.0385544 0.0367524 0.0346354 0.0322263 0.0295612 0.0266685 0.0235568 0.0202654 0.0168327 0.013276 0.00961831 0.00588043 0.00209837 -0.00172472 -0.0055842 -0.00946903 -0.0133542 -0.0172557 -0.0211758 -0.0250894 -0.0289857 -0.0328339 -0.0366113 -0.0402388 -0.0436107 -0.0466264 -0.0491614 -0.0510662 -0.0522031 -0.0524764 -0.0518482 -0.050332 -0.0479681 -0.0448944 -0.041301 -0.0374134 -0.0334819 -0.0297383 -0.0264409 -0.0237754 -0.0218322 -0.0206141 -0.0200388 -0.0200205 -0.0204269 -0.0211051 -0.0219041 -0.0226833 -0.0233651 -0.0238921 -0.0242449 -0.0244293 -0.024456 -0.0243581 -0.024142 
0 0.00161352 0.00329371 0.00504944 0.00692445 0.00891292 0.0110683 0.0134263 0.0159499 0.0185985 0.021227 0.0237186 0.0259204 0.0276382 0.0287347 0.0290416 0.0285112 0.0271451 0.0250088 0.0223068 0.0192539 0.0161488 0.0132447 0.0107456 0.00884778 0.00765924 0.00723936 0.00755746 0.00851738 0.00998434 0.0118029 0.0137638 0.0157014 0.0174688 0.0189376 0.0200511 0.0207144 0.0209286 0.0206838 0.0199768 0.0188279 0.0172581 0.0153051 0.0129927 0.0103688 0.00744512 0.00429845 0.000937885 -0.00259452 -0.00624621 -0.00998463 -0.0137706 -0.0175563 -0.0212936 -0.0249587 -0.028476 -0.0318473 -0.0350015 -0.0379106 -0.0405451 -0.0428764 -0.0448553 -0.0464903 -0.0477588 -0.0486333 -0.0491389 -0.0492603 -0.0490119 -0.0484034 -0.0474846 -0.0462479 -0.0447539 -0.0430194 -0.0410919 -0.038984 -0.0367724 -0.0344692 -0.0321133 -0.029738 -0.0273882 -0.0250684 -0.0228251 -0.0206908 -0.0186652 -0.0167558 -0.0149891 -0.0133841 -0.0119215 -0.0106009 -0.00941642 -0.00838321 -0.00747017 -0.00667443 -0.00597718 -0.00538763 -0.00487182 -0.0044366 -0.00405507 -0.00373367 -0.00344322 -0.00319308 -0.00295181 -0.00272949 -0.00249712 -0.00226023 -0.00199286 -0.0017073 -0.00136854 -0.000980452 -0.000526169 -1.36783e-05 0.00059377 0.00129877 0.00211344 0.00302642 0.00407006 0.0052606 0.00659203 0.00804977 0.00965567 0.0114131 0.0132952 0.0153052 0.0174282 0.0196444 0.0219211 0.0242673 0.0266337 0.0290037 0.0313322 0.0336153 0.0357857 0.0378419 0.039736 0.0414412 0.0429073 0.0441373 0.0450731 0.0457063 0.0460341 0.046021 0.045664 0.044971 0.0439369 0.0425504 0.0408632 0.0388508 0.0365559 0.0339861 0.0311733 0.0281344 0.0249088 0.0215065 0.0179672 0.0143231 0.0105644 0.00673853 0.00284402 -0.00110485 -0.00511771 -0.00917211 -0.0132867 -0.0174474 -0.0216667 -0.0259445 -0.0302306 -0.0345353 -0.0387854 -0.0429071 -0.0467895 -0.0502936 -0.0532748 -0.0555694 -0.0570098 -0.0574906 -0.0569668 -0.0554194 -0.0529441 -0.0496545 -0.045778 -0.0415787 -0.0373032 -0.0332714 -0.0297191 -0.0268735 -0.0248439 -0.0236087 -0.0231264 -0.0232524 -0.0238564 -0.0247655 -0.0257898 -0.0268064 -0.0276905 -0.0283974 -0.0288988 -0.0291896 -0.0293085 -0.0292621 -0.0290847 
0 0.00195501 0.00395484 0.00606932 0.00828153 0.0106554 0.0132052 0.0159499 0.0188933 0.0219153 0.0249331 0.0277574 0.0302198 0.0321428 0.033307 0.0336102 0.0329333 0.031304 0.0288187 0.0256563 0.0221088 0.0184491 0.0149872 0.0119581 0.00957473 0.00795987 0.00718205 0.00721247 0.0079466 0.00926462 0.0109383 0.012816 0.0146767 0.0163668 0.017782 0.0187949 0.0193842 0.0195041 0.0191479 0.018336 0.0170931 0.0154284 0.0134118 0.0110491 0.00838565 0.00548225 0.00232773 -0.000995789 -0.00447177 -0.00806812 -0.0117394 -0.0154472 -0.0191721 -0.0228585 -0.0264808 -0.0300039 -0.0333707 -0.0365661 -0.0395463 -0.042283 -0.0447388 -0.0469142 -0.048758 -0.0502517 -0.0513989 -0.0521803 -0.0525753 -0.0526216 -0.0523121 -0.0516336 -0.0506416 -0.0493459 -0.0477651 -0.0459532 -0.0439491 -0.0417582 -0.0394386 -0.0370262 -0.0345605 -0.0320685 -0.0295945 -0.0271636 -0.02479 -0.0225017 -0.0203579 -0.0183456 -0.0164468 -0.0147072 -0.0131452 -0.0117255 -0.0104492 -0.00932331 -0.00832773 -0.00745979 -0.00670545 -0.00604081 -0.00546452 -0.00497083 -0.00452686 -0.00413184 -0.00377953 -0.00344361 -0.00311471 -0.00279546 -0.0024561 -0.00208752 -0.00168614 -0.00123232 -0.000717048 -0.000133809 0.000553908 0.00134243 0.00221746 0.00322669 0.00439532 0.00569011 0.00711424 0.00870085 0.0104422 0.0123285 0.0143433 0.0164826 0.0187315 0.0210701 0.0234774 0.0259469 0.0284177 0.0308757 0.0333048 0.0356589 0.0379012 0.0400247 0.0419614 0.0436882 0.0451962 0.0464404 0.0474 0.0480705 0.0484274 0.0484465 0.0481473 0.0475193 0.0465658 0.0452888 0.0437216 0.0418429 0.039687 0.0372783 0.0346205 0.0317523 0.0286972 0.0254636 0.0220893 0.0185975 0.0149723 0.0112823 0.00749368 0.00362715 -0.000303568 -0.00432878 -0.00843735 -0.0126397 -0.0169547 -0.0213758 -0.0258881 -0.0305051 -0.0351478 -0.0397969 -0.0443433 -0.0486572 -0.0526126 -0.0560002 -0.0586647 -0.0604127 -0.0611275 -0.0607292 -0.0592279 -0.0566918 -0.0532764 -0.0492238 -0.0447844 -0.0403043 -0.0360587 -0.0323608 -0.0294289 -0.0273615 -0.0262068 -0.0258475 -0.0261882 -0.0270436 -0.0282201 -0.0295497 -0.0308369 -0.0319966 -0.032938 -0.033638 -0.0341107 -0.0343574 -0.0344314 -0.0343347 
0 0.00230864 0.00467935 0.00713172 0.00973248 0.0124872 0.015438 0.0185985 0.0219153 0.0253343 0.0286888 0.031816 0.0345163 0.0365564 0.0377754 0.0379881 0.0371227 0.0351944 0.032291 0.0286647 0.0245666 0.0203287 0.016275 0.0126617 0.00974487 0.00764217 0.00642865 0.00609659 0.00653985 0.00761044 0.00910898 0.0108217 0.012567 0.0141666 0.0154685 0.0164091 0.0169057 0.016954 0.0165321 0.0156561 0.01437 0.0126888 0.01066 0.00830733 0.00571023 0.00286846 -0.000160766 -0.00334751 -0.00666103 -0.0100678 -0.0135512 -0.0170774 -0.0206029 -0.0241024 -0.0275819 -0.0309406 -0.0342122 -0.0373471 -0.0403073 -0.0430665 -0.0456068 -0.0478823 -0.0498924 -0.0516023 -0.0529906 -0.0540728 -0.0547865 -0.0551557 -0.0551689 -0.0548429 -0.0541575 -0.0531712 -0.0518677 -0.0502908 -0.0484418 -0.046407 -0.0441877 -0.041819 -0.0393505 -0.0368265 -0.0342392 -0.031671 -0.0291598 -0.0266887 -0.0242999 -0.0220308 -0.0198956 -0.0179068 -0.0160744 -0.014373 -0.012857 -0.0114998 -0.0102784 -0.00918719 -0.00825043 -0.00740228 -0.00666571 -0.0060128 -0.00543114 -0.00489211 -0.00441889 -0.00394808 -0.00350155 -0.00305243 -0.00258773 -0.00207867 -0.00155485 -0.000945331 -0.000261541 0.000500759 0.001357 0.00235452 0.00346725 0.00473019 0.00612644 0.0076664 0.00938105 0.011258 0.0132406 0.0153659 0.0176367 0.0199882 0.0224285 0.0249407 0.0274792 0.0300066 0.0325394 0.0350107 0.0373991 0.0396468 0.0417672 0.0436803 0.0453832 0.0468507 0.0480691 0.0489688 0.0495982 0.0499137 0.0499104 0.0496086 0.0489964 0.04808 0.0468729 0.0453764 0.0436072 0.0416136 0.0393517 0.0369003 0.0342529 0.0314243 0.028432 0.0253177 0.0220767 0.0187307 0.0152913 0.0117598 0.00815042 0.00442908 0.000615733 -0.0033185 -0.00736589 -0.0115749 -0.0159289 -0.0204373 -0.0251182 -0.0299304 -0.0348603 -0.0398167 -0.0447074 -0.0494064 -0.0537316 -0.0574805 -0.0604718 -0.0624992 -0.0634346 -0.0631911 -0.0617443 -0.0592171 -0.0557345 -0.0515619 -0.0469955 -0.0423521 -0.0380093 -0.0342336 -0.0312798 -0.0292765 -0.0282274 -0.0280882 -0.0286834 -0.0298438 -0.0313638 -0.0330246 -0.034675 -0.0361541 -0.0374007 -0.0383783 -0.0390773 -0.0395439 -0.0397789 -0.039831 
0 0.00267174 0.00538823 0.00821138 0.0111731 0.0143257 0.0176799 0.021227 0.0249331 0.0286888 0.0323645 0.0357459 0.0386123 0.0407411 0.0419188 0.0420039 0.0408857 0.0385934 0.0352463 0.0310834 0.0264083 0.0215447 0.0168532 0.0126269 0.00913564 0.00650966 0.00483368 0.0041004 0.00420598 0.00501038 0.00626846 0.00780635 0.00940957 0.0108946 0.0121223 0.0129804 0.0134335 0.0134445 0.0129916 0.0121038 0.0108322 0.00918456 0.00722535 0.0049719 0.00249541 -0.000168773 -0.00302267 -0.00599246 -0.00905808 -0.0122 -0.0154016 -0.0186265 -0.0218601 -0.0250821 -0.0282953 -0.0314413 -0.0345101 -0.0374933 -0.0403504 -0.0430583 -0.0455912 -0.0479473 -0.0500782 -0.0519519 -0.0535683 -0.0549132 -0.055924 -0.0566389 -0.0570339 -0.0570746 -0.0567771 -0.0561581 -0.0552025 -0.0539464 -0.0524104 -0.0506155 -0.0485893 -0.0463638 -0.0439965 -0.0415108 -0.0389347 -0.0363239 -0.0337022 -0.0310785 -0.028539 -0.0260857 -0.0237061 -0.0214564 -0.0193751 -0.0174212 -0.0156313 -0.0140082 -0.0125332 -0.0112095 -0.0100426 -0.00898083 -0.00803999 -0.00720517 -0.00644138 -0.00573587 -0.00509678 -0.00446981 -0.00386006 -0.00325858 -0.00263148 -0.00195773 -0.00125154 -0.000460709 0.000415251 0.0013844 0.00248377 0.00372402 0.00507119 0.0065884 0.00827775 0.010097 0.012056 0.0141791 0.0164158 0.018772 0.0212291 0.0237464 0.0263098 0.0289068 0.0314904 0.0340379 0.0365096 0.0388715 0.0411001 0.0431484 0.0450057 0.0466397 0.0480047 0.0490994 0.04993 0.0504416 0.0506677 0.050607 0.0502432 0.0495799 0.0486531 0.0474589 0.0460123 0.0443247 0.0424375 0.0403462 0.0380552 0.0356207 0.0330402 0.0303302 0.0275053 0.0245868 0.0215784 0.0184819 0.0152778 0.0120128 0.00864249 0.00514936 0.00154616 -0.00220761 -0.00611848 -0.0102316 -0.0145517 -0.0190772 -0.0238185 -0.0287772 -0.0338781 -0.0390646 -0.0442219 -0.0492089 -0.0538488 -0.0578924 -0.0611614 -0.0634357 -0.0645702 -0.0644571 -0.0630876 -0.0605679 -0.0570558 -0.0528191 -0.0481556 -0.0434479 -0.0390479 -0.0352737 -0.0323676 -0.0304584 -0.0295982 -0.0296959 -0.0306088 -0.032126 -0.0340263 -0.0361042 -0.0381561 -0.0400435 -0.0416654 -0.0429851 -0.0440025 -0.0447319 -0.0452072 -0.0454532 
0 0.00301848 0.00607939 0.00924285 0.0125605 0.0160807 0.019809 0.0237186 0.0277574 0.031816 0.0357459 0.0393201 0.042293 0.044427 0.0455078 0.0453857 0.0439574 0.0412525 0.0374108 0.0326884 0.0274041 0.0218993 0.0165542 0.0116962 0.00760822 0.00443993 0.00227551 0.00112152 0.000881018 0.00140126 0.00244005 0.00380597 0.00528869 0.00669049 0.00785779 0.00867967 0.00911968 0.00913938 0.00871666 0.00788125 0.00668555 0.00514733 0.00331388 0.00121788 -0.001069 -0.00351409 -0.00611448 -0.00880439 -0.0115621 -0.0143753 -0.0172366 -0.0201168 -0.0229961 -0.0258742 -0.0287568 -0.0315964 -0.0343944 -0.0371554 -0.039842 -0.0424325 -0.0449061 -0.0472571 -0.0494447 -0.0514364 -0.0532319 -0.0548104 -0.0561089 -0.0571437 -0.0578964 -0.0583286 -0.0584425 -0.0582441 -0.0577133 -0.0568575 -0.055691 -0.0542393 -0.0525186 -0.0505478 -0.0483823 -0.0460425 -0.0435506 -0.040975 -0.038348 -0.0356708 -0.0330153 -0.0304067 -0.02785 -0.0253961 -0.0230722 -0.0208581 -0.018801 -0.0169098 -0.0151619 -0.0135687 -0.0121394 -0.0108314 -0.00965217 -0.00858981 -0.00760866 -0.00669703 -0.00585445 -0.00503219 -0.00422695 -0.00342793 -0.00259807 -0.00172038 -0.000798331 0.000219894 0.00133894 0.00255745 0.00391336 0.00542252 0.00705685 0.00885282 0.0108057 0.0128849 0.015105 0.0174628 0.0198988 0.0224227 0.0250206 0.0276386 0.030259 0.0328658 0.0354008 0.03784 0.0401587 0.0423184 0.0442842 0.0460233 0.0475276 0.0487702 0.049723 0.0503997 0.0507995 0.0508836 0.050691 0.0502315 0.0494952 0.0485007 0.0472831 0.0458437 0.0441976 0.0423622 0.0403829 0.0382594 0.0359953 0.0336422 0.0312007 0.0286675 0.0260581 0.0233908 0.0206601 0.0178565 0.0149628 0.0120071 0.00894111 0.00573439 0.00238912 -0.00112766 -0.00484317 -0.00880301 -0.013015 -0.0174821 -0.0222236 -0.02724 -0.0324563 -0.0377999 -0.0431523 -0.0483645 -0.0532323 -0.0575008 -0.0609715 -0.063426 -0.0647045 -0.0646886 -0.0633727 -0.0608655 -0.0573375 -0.0530581 -0.0483472 -0.043605 -0.0392059 -0.0354752 -0.0326577 -0.0308977 -0.0302503 -0.0306339 -0.0318899 -0.0337971 -0.0361235 -0.0386464 -0.0411572 -0.0434949 -0.0455522 -0.0472831 -0.0486783 -0.0497518 -0.050527 -0.051036 
0 0.00332412 0.0066985 0.0101573 0.0138004 0.0176428 0.0216967 0.0259204 0.0302198 0.0345163 0.0386123 0.042293 0.0452902 0.047338 0.0482525 0.0478482 0.0460573 0.0429022 0.0385345 0.0332421 0.0273371 0.0211951 0.0152033 0.00972349 0.00504968 0.00135478 -0.00128225 -0.00284097 -0.00340716 -0.00316117 -0.00231096 -0.0010954 0.000300052 0.00166396 0.00281319 0.00366369 0.00414428 0.00423188 0.00389979 0.00317558 0.00211014 0.000743733 -0.000904098 -0.00278033 -0.00481103 -0.00699152 -0.00928141 -0.0116527 -0.0140681 -0.016519 -0.0190044 -0.0215096 -0.0240032 -0.026507 -0.0290342 -0.0315291 -0.0340214 -0.0365064 -0.0389632 -0.0413698 -0.0437287 -0.0460098 -0.0481985 -0.0502559 -0.0521695 -0.0539243 -0.0554675 -0.0567895 -0.0578728 -0.0586922 -0.0592102 -0.059441 -0.059359 -0.0589567 -0.058222 -0.0571961 -0.055862 -0.0542378 -0.0523666 -0.0502795 -0.047976 -0.0455289 -0.0429755 -0.0403273 -0.0376339 -0.0349397 -0.0322636 -0.0296465 -0.0271143 -0.0246704 -0.0223617 -0.0201966 -0.0181666 -0.0162843 -0.0145657 -0.0129753 -0.0115203 -0.0101854 -0.00894759 -0.0077853 -0.00669578 -0.00563232 -0.00459065 -0.00354655 -0.00247095 -0.00134046 -0.000155835 0.00113319 0.00253165 0.00404274 0.00568737 0.0074835 0.00941261 0.0114902 0.0136996 0.0160221 0.0184679 0.0210101 0.0235972 0.026234 0.0289054 0.0315383 0.0341245 0.036642 0.0390354 0.0412616 0.0433263 0.0451738 0.0467774 0.0481187 0.0492074 0.0499966 0.050497 0.0507218 0.0506685 0.05032 0.0497261 0.0488892 0.0478093 0.0465248 0.0450524 0.0434152 0.041626 0.0397113 0.0376971 0.0356092 0.0334236 0.0311983 0.028936 0.0266159 0.0242534 0.0218681 0.0194364 0.0169382 0.0143786 0.011736 0.00899554 0.00609959 0.00304108 -0.000204172 -0.00368697 -0.00745799 -0.0115203 -0.0158863 -0.0205883 -0.0255961 -0.0308703 -0.0362945 -0.0417623 -0.0471211 -0.0521274 -0.0565461 -0.0601432 -0.0627112 -0.0640737 -0.0641115 -0.0628143 -0.0603049 -0.0567571 -0.0524419 -0.0477135 -0.0429574 -0.0385954 -0.0349308 -0.0322202 -0.03063 -0.030194 -0.0308747 -0.0324714 -0.0347741 -0.0375447 -0.0405291 -0.0435391 -0.0463659 -0.0489115 -0.0511127 -0.052938 -0.0544158 -0.0555358 -0.0563534 
0 0.00357778 0.0071819 0.0109063 0.0147835 0.018893 0.0232004 0.0276382 0.0321428 0.0365564 0.0407411 0.044427 0.047338 0.0492343 0.0498725 0.0491371 0.0469267 0.0432844 0.0383977 0.0325246 0.0260311 0.019281 0.01268 0.00662154 0.00140303 -0.0027873 -0.00584927 -0.0077751 -0.00863992 -0.00860504 -0.00792395 -0.00678754 -0.00542837 -0.00405696 -0.00283495 -0.00190788 -0.00130308 -0.00107808 -0.0012531 -0.00180051 -0.00266565 -0.00382341 -0.00522943 -0.00683406 -0.00859703 -0.0104521 -0.0124231 -0.0144483 -0.0164997 -0.0185823 -0.0206937 -0.0228048 -0.024924 -0.0270606 -0.0292014 -0.0313696 -0.0335262 -0.0357072 -0.0378983 -0.0400855 -0.0422507 -0.0444229 -0.0465432 -0.0485901 -0.0505698 -0.0524367 -0.0541546 -0.0557134 -0.0570991 -0.0582407 -0.0591521 -0.0597949 -0.0601553 -0.0602025 -0.0599646 -0.0593929 -0.0585059 -0.0573074 -0.0558291 -0.0540629 -0.0520635 -0.0498546 -0.0474575 -0.0449078 -0.0422801 -0.0395925 -0.0368519 -0.0341173 -0.0314346 -0.0288161 -0.0262726 -0.0238436 -0.0215341 -0.0193655 -0.0173285 -0.0154306 -0.0136582 -0.0120173 -0.0104698 -0.00901621 -0.00762304 -0.00627594 -0.0049377 -0.00360376 -0.00222784 -0.000801848 0.000707018 0.00230471 0.00401495 0.0058419 0.00781466 0.00990695 0.0121138 0.0144504 0.0169152 0.0194555 0.0220562 0.0247209 0.0274144 0.0300964 0.032733 0.0353052 0.0377592 0.0400769 0.0422167 0.0441609 0.0458513 0.0473005 0.0484713 0.049368 0.0499689 0.0503016 0.0503289 0.0500908 0.0495948 0.0488519 0.0478706 0.0467027 0.0453433 0.0438035 0.0421492 0.0403802 0.03851 0.0365722 0.034606 0.0325745 0.0305306 0.0284674 0.026398 0.0243146 0.0222163 0.0201033 0.0179736 0.015791 0.0135361 0.0112318 0.00879636 0.00621431 0.00345221 0.000475427 -0.0027721 -0.00633215 -0.0102341 -0.0144834 -0.0190946 -0.0240826 -0.0293405 -0.0348007 -0.0403265 -0.0457419 -0.0508294 -0.0553107 -0.0589647 -0.0615791 -0.0629637 -0.0630007 -0.0616978 -0.0591497 -0.0555704 -0.0512229 -0.0464577 -0.0417185 -0.0373709 -0.0337779 -0.0311731 -0.0297159 -0.0295016 -0.0304292 -0.0323617 -0.0350461 -0.0382331 -0.0417018 -0.0451867 -0.0485324 -0.0515827 -0.0542714 -0.0565812 -0.0584729 -0.0599928 -0.0611406 
0 0.00372703 0.00750308 0.0113645 0.0154241 0.0196901 0.024152 0.0287347 0.033307 0.0377754 0.0419188 0.0455078 0.0482525 0.0498725 0.050192 0.0490369 0.0463703 0.0422319 0.0368072 0.0303959 0.0233398 0.0160386 0.00889735 0.00232847 -0.0033721 -0.00797603 -0.0114084 -0.013635 -0.0147207 -0.0148702 -0.0142552 -0.0131582 -0.0117619 -0.0102921 -0.00895623 -0.0078452 -0.00705683 -0.00662142 -0.00656247 -0.00685983 -0.00748243 -0.00835899 -0.00949647 -0.0108137 -0.0122588 -0.013822 -0.0154424 -0.0171253 -0.0188248 -0.0205475 -0.0222843 -0.0240465 -0.0257997 -0.0275763 -0.0293767 -0.031187 -0.0330258 -0.0349007 -0.0368119 -0.0387397 -0.0407138 -0.0426884 -0.0446797 -0.0466643 -0.0486241 -0.0505299 -0.0523769 -0.0540978 -0.0556864 -0.0571245 -0.0583586 -0.0593755 -0.0601575 -0.0606634 -0.0608642 -0.0607799 -0.0603792 -0.0596629 -0.0586238 -0.0572922 -0.0556554 -0.053757 -0.0516325 -0.0493226 -0.0468156 -0.0441848 -0.0414804 -0.0387332 -0.035945 -0.0331753 -0.0304497 -0.0278002 -0.0252293 -0.0227621 -0.0204071 -0.018182 -0.0160702 -0.0140743 -0.0121802 -0.0103771 -0.0086337 -0.00693846 -0.00525716 -0.00356663 -0.00183754 -5.98821e-05 0.00180025 0.00375345 0.00581759 0.00798272 0.0102577 0.0126423 0.0151484 0.0177246 0.0203603 0.0230558 0.0258039 0.0285288 0.0312176 0.033842 0.036382 0.0387726 0.0410015 0.0430264 0.0448214 0.0463456 0.0476239 0.0486171 0.0493081 0.0497115 0.0498387 0.0496683 0.0492437 0.0485843 0.0476758 0.0465642 0.0452688 0.043813 0.0422187 0.040534 0.0387526 0.0369247 0.035045 0.0331477 0.0312392 0.0293449 0.0274492 0.0255721 0.0237235 0.021869 0.0200244 0.0181866 0.0163382 0.0144411 0.0125142 0.0104873 0.00836016 0.00606515 0.00356228 0.000839654 -0.00218874 -0.00555759 -0.00929015 -0.0134085 -0.0179424 -0.0228453 -0.0280917 -0.0335343 -0.0390633 -0.0445054 -0.0495838 -0.0540864 -0.0577308 -0.0603305 -0.0616882 -0.061686 -0.0603301 -0.0577277 -0.0540848 -0.0496732 -0.0448793 -0.0401014 -0.0357738 -0.0322077 -0.0296646 -0.0283303 -0.0282479 -0.0294043 -0.0315953 -0.0346093 -0.0381929 -0.0420737 -0.046044 -0.0498658 -0.0534192 -0.0566091 -0.0593767 -0.0617225 -0.0636183 -0.0651119 
0 0.00377275 0.007579 0.0115084 0.0156079 0.0199389 0.0244485 0.0290416 0.0336102 0.0379881 0.0420039 0.0453857 0.0478482 0.0491371 0.0490369 0.0474338 0.0442771 0.0396327 0.033706 0.0267785 0.0192206 0.0114329 0.00382795 -0.00317011 -0.00925281 -0.0141959 -0.0178902 -0.0203269 -0.0215669 -0.0217884 -0.0212046 -0.0200494 -0.0185518 -0.0169317 -0.0153784 -0.0140306 -0.0129719 -0.012254 -0.0119011 -0.0119008 -0.0122129 -0.0127976 -0.013619 -0.0146115 -0.0157536 -0.0169847 -0.018289 -0.0196488 -0.0210211 -0.0224162 -0.0238238 -0.0252309 -0.0266558 -0.0281055 -0.0295629 -0.031075 -0.0326088 -0.0341835 -0.0358115 -0.0374834 -0.039206 -0.0409882 -0.0428101 -0.0446658 -0.0465474 -0.0484184 -0.0502819 -0.0520944 -0.053845 -0.0554804 -0.0569849 -0.0583145 -0.059448 -0.0603459 -0.0610158 -0.0613914 -0.0614659 -0.06124 -0.060692 -0.0598136 -0.0586419 -0.0571604 -0.0553751 -0.0533425 -0.0510896 -0.0486497 -0.0460475 -0.0433206 -0.0405143 -0.0376856 -0.0348241 -0.0319753 -0.0291726 -0.0264416 -0.023774 -0.0212104 -0.0187348 -0.0163619 -0.0140753 -0.011876 -0.00972298 -0.00762261 -0.00552934 -0.00343182 -0.00129679 0.000882123 0.00314691 0.00547471 0.00789139 0.0104032 0.0130075 0.015664 0.0183921 0.0211667 0.023975 0.0267773 0.0295377 0.0322346 0.034864 0.0373512 0.0396574 0.0417829 0.0436753 0.045307 0.0466821 0.0477752 0.0485513 0.0490444 0.0492409 0.0491596 0.0487991 0.0481919 0.047337 0.0462707 0.0450075 0.0436019 0.0420481 0.0403968 0.0386671 0.0368723 0.03505 0.0332216 0.0313866 0.0295779 0.0277989 0.0260308 0.0243181 0.0226283 0.0209763 0.0193616 0.0177661 0.0161789 0.0145959 0.0129682 0.0112922 0.00953541 0.00764603 0.00559891 0.00333377 0.000815836 -0.00201899 -0.00521434 -0.0088062 -0.0128136 -0.017249 -0.0220937 -0.0272759 -0.0326894 -0.0381967 -0.0436003 -0.0486613 -0.0531226 -0.0567258 -0.0592698 -0.0605517 -0.0604701 -0.0590297 -0.0563282 -0.0525923 -0.0480977 -0.0432265 -0.0384103 -0.0340383 -0.0304623 -0.0279318 -0.0266231 -0.0266321 -0.0278943 -0.0302726 -0.0335306 -0.0374064 -0.0416615 -0.0460167 -0.0502865 -0.0542938 -0.0579352 -0.0611606 -0.0638992 -0.0661755 -0.067977 
0 0.00369626 0.00743551 0.0112954 0.0153348 0.0195948 0.0240209 0.0285112 0.0329333 0.0371227 0.0408857 0.0439574 0.0460573 0.0469267 0.0463703 0.0442771 0.0406247 0.0354959 0.0290968 0.0217172 0.0137278 0.00553764 -0.00243309 -0.00976222 -0.0161404 -0.0213229 -0.0252042 -0.0277672 -0.0290728 -0.0293047 -0.0286477 -0.0273632 -0.0256794 -0.023823 -0.0219982 -0.0203393 -0.0189584 -0.017908 -0.0172076 -0.0168524 -0.0168206 -0.0170614 -0.0175501 -0.0182167 -0.0190404 -0.0199726 -0.0209667 -0.0220195 -0.0230921 -0.0241902 -0.0252932 -0.0264069 -0.0275375 -0.0286889 -0.0298486 -0.0310585 -0.0323052 -0.0336023 -0.0349626 -0.0363805 -0.037876 -0.0394254 -0.0410412 -0.0427314 -0.0444782 -0.0462549 -0.0480871 -0.049909 -0.0517122 -0.0534734 -0.0551625 -0.0567366 -0.0581717 -0.0594227 -0.0604695 -0.0612679 -0.0618045 -0.0620699 -0.0620123 -0.0616338 -0.060941 -0.0599126 -0.0585609 -0.0569335 -0.054998 -0.0528034 -0.0504044 -0.0478239 -0.0450726 -0.0422267 -0.0392923 -0.0363172 -0.0333275 -0.0303514 -0.0273917 -0.0244994 -0.0216573 -0.0188829 -0.016171 -0.0135275 -0.0109164 -0.00835116 -0.00579057 -0.00322543 -0.000633546 0.00198419 0.00466945 0.00739809 0.0101879 0.0130288 0.0159151 0.0188224 0.021768 0.0246832 0.0275576 0.0303846 0.0331232 0.0357065 0.0381457 0.0403803 0.0423813 0.0441429 0.0456327 0.0468132 0.0477065 0.0482971 0.0485823 0.0485828 0.0482954 0.0477427 0.0469373 0.0459096 0.0446914 0.0433083 0.0417668 0.0401386 0.0384135 0.0366316 0.0348302 0.0330259 0.0312179 0.0294454 0.0276983 0.025999 0.0243457 0.0227407 0.0212058 0.0197099 0.0182622 0.0168571 0.01548 0.0141101 0.012745 0.011341 0.00989352 0.0083406 0.00665646 0.00480229 0.00271155 0.000355305 -0.00233321 -0.00539192 -0.00886364 -0.0127775 -0.0171418 -0.021922 -0.027069 -0.032452 -0.0379286 -0.0432925 -0.0482899 -0.0526846 -0.0561984 -0.0586352 -0.0598017 -0.0595997 -0.0580383 -0.0552127 -0.0513506 -0.0467409 -0.0417711 -0.0368619 -0.0324122 -0.0287629 -0.0261736 -0.0248254 -0.0248096 -0.0260897 -0.0285278 -0.0319077 -0.035968 -0.0404574 -0.0451073 -0.0497088 -0.0540848 -0.0581106 -0.0617106 -0.0648103 -0.0674035 -0.0694794 
0 0.00349496 0.00704808 0.0107184 0.0145826 0.0186511 0.0228742 0.0271451 0.031304 0.0351944 0.0385934 0.0412525 0.0429022 0.0432844 0.0422319 0.0396327 0.0354959 0.0299183 0.0231021 0.0153435 0.00700423 -0.00149764 -0.00973824 -0.017303 -0.0238808 -0.0292124 -0.0331927 -0.0357978 -0.037093 -0.0372641 -0.0364704 -0.0349952 -0.0330658 -0.0309148 -0.0287592 -0.0267295 -0.0249708 -0.0235378 -0.0224521 -0.0217122 -0.0213132 -0.0211949 -0.0213334 -0.0216617 -0.022155 -0.0227858 -0.0234809 -0.0242493 -0.0250535 -0.025891 -0.0267266 -0.0275791 -0.0284498 -0.0293387 -0.0302442 -0.0311918 -0.0321896 -0.033232 -0.0343379 -0.035506 -0.036774 -0.0380962 -0.039507 -0.0410149 -0.0425931 -0.0442259 -0.0459529 -0.0477174 -0.0495054 -0.0513144 -0.0530997 -0.0548287 -0.0564684 -0.0579953 -0.0593639 -0.0605372 -0.0614812 -0.0621916 -0.0625966 -0.0627112 -0.0625184 -0.0619837 -0.0610996 -0.0599146 -0.0583815 -0.0565389 -0.0544267 -0.0520589 -0.0494496 -0.0466764 -0.0437455 -0.040697 -0.0375693 -0.034393 -0.0311791 -0.0279708 -0.0247664 -0.0215818 -0.0184255 -0.0153013 -0.0121925 -0.00911093 -0.00603631 -0.00296077 0.000122683 0.00321451 0.0063355 0.0094644 0.0126117 0.0157696 0.0189157 0.0220255 0.0251119 0.0281085 0.0309954 0.0337594 0.0363572 0.0387276 0.0408945 0.0427941 0.0444039 0.0457229 0.0467451 0.0474338 0.0478329 0.04792 0.0477116 0.0472229 0.0464815 0.0455023 0.0443173 0.0429445 0.0414355 0.0398036 0.0380698 0.036305 0.0344996 0.032674 0.0308705 0.0291046 0.027352 0.0256699 0.024043 0.0224838 0.0209765 0.0195441 0.0181785 0.0168625 0.0155969 0.0143793 0.0131922 0.0120047 0.0108121 0.00957717 0.00829417 0.00688251 0.00534643 0.00363028 0.00166752 -0.000576566 -0.00316662 -0.00614062 -0.00954592 -0.0134142 -0.0177468 -0.0224899 -0.0276162 -0.032972 -0.0384104 -0.0437189 -0.0486335 -0.0529348 -0.0563289 -0.0586219 -0.0596344 -0.0592759 -0.0575571 -0.0545775 -0.0505614 -0.0458121 -0.0407184 -0.0356791 -0.0311038 -0.0273173 -0.0245901 -0.023106 -0.0229457 -0.0241115 -0.0264645 -0.0298188 -0.0339198 -0.038502 -0.0433188 -0.0481309 -0.052765 -0.0570723 -0.060946 -0.0643155 -0.0671349 -0.0694013 
0 0.00319722 0.00644359 0.00984271 0.0134034 0.0171773 0.0210847 0.0250088 0.0288187 0.032291 0.0352463 0.0374108 0.0385345 0.0383977 0.0368072 0.033706 0.0290968 0.0231021 0.0159301 0.00786152 -0.000741549 -0.00945931 -0.0178711 -0.0255831 -0.0322596 -0.0376793 -0.0416807 -0.0442669 -0.0455099 -0.045541 -0.0445822 -0.0428461 -0.0406193 -0.0381341 -0.0355874 -0.0331584 -0.0309812 -0.0291318 -0.0276314 -0.0264947 -0.0256927 -0.0252245 -0.025006 -0.0249982 -0.0251923 -0.0255164 -0.0259397 -0.0264356 -0.0269879 -0.0275786 -0.0281946 -0.0288064 -0.0294652 -0.0301386 -0.030811 -0.0315385 -0.0323091 -0.03312 -0.0339898 -0.034944 -0.0359686 -0.037083 -0.0382784 -0.0395835 -0.0409748 -0.0424529 -0.0440222 -0.0456762 -0.047393 -0.0491525 -0.050952 -0.0527533 -0.0545151 -0.0562115 -0.0578361 -0.0592962 -0.0605845 -0.0616802 -0.0625274 -0.0630821 -0.0633726 -0.0633316 -0.0629443 -0.0622156 -0.061145 -0.0597203 -0.0579695 -0.0558865 -0.0535159 -0.050898 -0.048047 -0.0449912 -0.0417908 -0.0384659 -0.0350371 -0.0315378 -0.0279876 -0.0243989 -0.0207894 -0.0171674 -0.013538 -0.00991279 -0.00629302 -0.00268196 0.000911482 0.00448954 0.00805067 0.0115738 0.0150535 0.0184945 0.0218602 0.0251235 0.0282701 0.0312715 0.0340889 0.0367014 0.0390498 0.0411338 0.0429442 0.0444349 0.0455814 0.0464388 0.0469583 0.0471439 0.0470385 0.0466534 0.04596 0.045037 0.0438985 0.0425588 0.0410497 0.0394319 0.0377126 0.0359176 0.0340928 0.0322673 0.030439 0.0286324 0.0268867 0.0251802 0.0235405 0.0219657 0.0204721 0.0190527 0.0177029 0.016416 0.0152225 0.0140659 0.0129456 0.0118903 0.0108405 0.00978511 0.00871781 0.00761417 0.00643026 0.00514105 0.00368991 0.00206411 0.000184443 -0.00201536 -0.00455257 -0.00749552 -0.0108872 -0.0147583 -0.0190884 -0.0238533 -0.028969 -0.0343294 -0.039743 -0.0449763 -0.0498196 -0.053986 -0.0572424 -0.0593614 -0.0601839 -0.0596471 -0.0577422 -0.0545817 -0.0503869 -0.045471 -0.0402057 -0.0350019 -0.0302241 -0.0262311 -0.0232818 -0.0215461 -0.0211497 -0.0220524 -0.0241939 -0.027373 -0.0313447 -0.0358823 -0.0406848 -0.0455722 -0.0503151 -0.0547583 -0.058798 -0.0622977 -0.0652565 -0.0676067 
