0 0 0 0 0 0 0 0 0 0 0 0 0 0 0 0 0 0 0 0 0 0 0 0 0 0 0 0 0 0 0 0 0 0 0 0 0 0 0 0 0 0 0 0 0 0 0 0 0 0 0 0 0 0 0 0 0 0 0 0 0 0 0 0 0 0 0 0 0 0 0 0 0 0 0 0 0 0 0 0 0 0 0 0 0 0 0 0 0 0 0 0 0 0 0 0 0 0 0 0 0 0 0 0 0 0 0 0 0 0 0 0 0 0 0 0 0 0 0 0 0 0 0 0 0 0 0 0 0 0 0 0 0 0 0 0 0 0 0 0 0 0 0 0 0 0 0 0 0 0 0 0 0 0 0 0 0 0 0 0 0 0 0 0 0 0 0 0 0 0 0 0 0 0 0 0 0 0 0 0 0 0 0 0 0 0 0 0 0 0 0 0 0 0 0 0 0 0 0 0 
0 1.32305e-05 1.51842e-05 2.46929e-05 3.18168e-05 4.57757e-05 4.80746e-05 4.42788e-05 5.04297e-05 5.20242e-05 5.84952e-05 5.78473e-05 6.08082e-05 6.9531e-05 7.17243e-05 8.3649e-05 9.29511e-05 0.000105611 0.000122695 0.000138673 0.000160576 0.000169347 0.00017814 0.000194686 0.000206318 0.000211803 0.000207071 0.000205248 0.000206606 0.000195861 0.000184966 0.000173698 0.000157247 0.00015055 0.000145177 0.00014943 0.000152339 0.000161926 0.000196755 0.000240175 0.000302382 0.000385064 0.000497603 0.000638538 0.000825801 0.00105503 0.00131705 0.00159846 0.00188331 0.00215919 0.00238781 0.00255928 0.0026503 0.00264194 0.00253057 0.00234909 0.00209535 0.00182219 0.00156723 0.00135889 0.00124386 0.00124519 0.00138413 0.00166779 0.00208822 0.0026257 0.00326204 0.00393984 0.00465113 0.00533927 0.00597445 0.00653092 0.00698303 0.00729228 0.00746639 0.00747755 0.00732417 0.00701257 0.00655127 0.00594565 0.0052229 0.00440928 0.00352128 0.00259202 0.00165089 0.000714787 -0.000193278 -0.00102652 -0.00178217 -0.00243174 -0.00295332 -0.00333687 -0.00359338 -0.00370992 -0.00370295 -0.00355733 -0.00329775 -0.00293887 -0.00249603 -0.00196651 -0.00138223 -0.000751029 -0.00012249 0.000493058 0.00107975 0.0016222 0.00208491 0.00246441 0.00272699 0.00288136 0.00290775 0.00278826 0.00251998 0.00212184 0.00157539 0.000908214 0.000142296 -0.000707636 -0.00162456 -0.00257396 -0.00354063 -0.00450188 -0.00542179 -0.00627997 -0.00706418 -0.00775115 -0.0083255 -0.00880512 -0.00916365 -0.00941308 -0.00956217 -0.0096044 -0.00953155 -0.00936786 -0.00907644 -0.00867348 -0.00815198 -0.00751297 -0.00676593 -0.00593518 -0.00503578 -0.00410741 -0.00317223 -0.00227212 -0.00144445 -0.000705446 -0.000103788 0.000355216 0.000666766 0.000837952 0.000882806 0.000850255 0.000754311 0.000627244 0.000493789 0.00037174 0.000268521 0.000192388 0.000147759 0.00012004 0.000101784 8.01807e-05 6.86239e-05 4.40731e-05 1.86224e-05 -5.79505e-06 -4.43728e-05 -8.36755e-05 -0.00012293 -0.000150354 -0.000173158 -0.000201223 -0.00022142 -0.000237327 -0.000253685 -0.000257536 -0.000261893 -0.000265092 -0.000270335 -0.000274827 -0.000266402 -0.000272165 -0.000278473 -0.000278733 -0.000274015 -0.000263013 -0.000267104 -0.000263736 -0.000259074 -0.000257325 -0.000252323 -0.000255587 -0.000248057 -0.000247108 -0.000248036 -0.000247122 -0.000253434 -0.00024952 -0.000252815 -0.000251308 
0 1.51842e-05 2.73644e-05 2.36846e-05 5.13906e-05 6.50435e-05 7.5598e-05 7.91356e-05 8.4784e-05 0.000112572 0.000116771 0.000132927 0.000142187 0.000157768 0.000176059 0.000184946 0.000209763 0.000220965 0.000245246 0.000271 0.000300574 0.000317604 0.000333481 0.000366338 0.000394428 0.000412017 0.000401763 0.000413235 0.000407447 0.000397358 0.000377733 0.000347247 0.000331847 0.000299696 0.000301976 0.000302555 0.000304982 0.000333082 0.000396325 0.000491539 0.000623827 0.000793935 0.00102406 0.0013182 0.00167604 0.00214439 0.0026466 0.00319998 0.00376834 0.00430393 0.00477213 0.00512101 0.00531049 0.00530619 0.00509985 0.00472588 0.00424029 0.00368269 0.00317738 0.00276997 0.00253707 0.0025395 0.00282133 0.0033701 0.00419694 0.00526521 0.00650033 0.00784691 0.00923905 0.0105806 0.011815 0.0129044 0.013759 0.0143729 0.0147046 0.0147187 0.014415 0.0138087 0.0128847 0.0117107 0.010306 0.00871609 0.00699117 0.00518777 0.00334016 0.00152278 -0.000221359 -0.00184586 -0.00331481 -0.00456575 -0.00558871 -0.00637326 -0.00688082 -0.00710494 -0.00709171 -0.00683522 -0.00635224 -0.00566699 -0.00478569 -0.00376191 -0.00265973 -0.00147713 -0.000258332 0.000938184 0.00207698 0.00310312 0.00397983 0.00470947 0.00523386 0.00551101 0.00553392 0.00529293 0.00476628 0.00396721 0.0029097 0.00162646 0.000128627 -0.00152817 -0.00330643 -0.00516121 -0.00704435 -0.00889735 -0.0107023 -0.0123837 -0.0139232 -0.0152834 -0.0164366 -0.0173725 -0.0181068 -0.0186124 -0.0189261 -0.0190354 -0.0189315 -0.0186167 -0.0180816 -0.0173015 -0.0162841 -0.0150412 -0.013571 -0.0119204 -0.010142 -0.00828611 -0.00640835 -0.00462312 -0.00295182 -0.00148696 -0.000285419 0.000633494 0.0012613 0.00160399 0.00172338 0.00166162 0.00149156 0.00125564 0.000984165 0.00075638 0.000539538 0.000386595 0.000294045 0.000234989 0.00019219 0.000161196 0.00012687 9.17739e-05 4.45158e-05 -8.87075e-06 -6.61872e-05 -0.000160115 -0.000225432 -0.000290399 -0.000343429 -0.000399766 -0.000453075 -0.000486988 -0.000523304 -0.000535596 -0.000544249 -0.000546424 -0.000560501 -0.000552223 -0.000538991 -0.000535438 -0.000539284 -0.00054509 -0.000520693 -0.000519816 -0.000517611 -0.000522627 -0.000520049 -0.000508537 -0.000518676 -0.00050941 -0.000511406 -0.000504003 -0.000502009 -0.000509388 -0.000502631 -0.000511306 -0.000502568 -0.00050278 
0 2.46929e-05 2.36846e-05 3.66386e-05 5.12795e-05 8.52141e-05 9.85293e-05 0.000103451 0.000134144 0.00015883 0.00018945 0.000203229 0.000223692 0.000256124 0.000272754 0.000303851 0.000325326 0.000347138 0.00037628 0.000403739 0.000445327 0.000461736 0.000482623 0.00052854 0.0005673 0.000591501 0.000591523 0.000599845 0.000613518 0.000596623 0.000573313 0.000543297 0.0004997 0.00047355 0.000454767 0.000459601 0.000467966 0.000504779 0.00061367 0.00076051 0.000963646 0.00122819 0.00157593 0.00200597 0.00256035 0.0032348 0.0040013 0.00482788 0.00567147 0.00649029 0.00718578 0.00771491 0.0080104 0.0080148 0.00771704 0.00719672 0.00646893 0.00567181 0.00492313 0.00431327 0.0039704 0.00396768 0.00436332 0.00517366 0.0063761 0.00791396 0.00972267 0.0116558 0.0136681 0.01561 0.0173927 0.0189422 0.0201827 0.0210234 0.0214728 0.0214692 0.021011 0.0201168 0.018809 0.0171095 0.0150854 0.0128071 0.0103268 0.00773433 0.00511233 0.0025155 8.14779e-06 -0.00229919 -0.00439323 -0.00620548 -0.00768233 -0.0087966 -0.00956011 -0.00993817 -0.00996305 -0.00960273 -0.00891842 -0.00795658 -0.00676053 -0.00534158 -0.00378138 -0.00210217 -0.000417519 0.00123793 0.00282124 0.00428233 0.00552791 0.00653528 0.00721855 0.00758746 0.00759959 0.00721612 0.00643379 0.00529634 0.0037675 0.0019107 -0.000221274 -0.00258793 -0.00513941 -0.00778783 -0.010486 -0.0131701 -0.0157529 -0.0181792 -0.0204145 -0.0223994 -0.0240926 -0.0255233 -0.0266298 -0.0274304 -0.0279448 -0.0281551 -0.0280423 -0.0276538 -0.0269041 -0.0258158 -0.0243679 -0.0225572 -0.0204055 -0.0179775 -0.015328 -0.0125686 -0.00977994 -0.00709009 -0.0046073 -0.00239703 -0.000586264 0.000802603 0.00175846 0.00230123 0.00248108 0.00242197 0.0021768 0.00183224 0.00145769 0.0011075 0.000803436 0.00057292 0.000428755 0.000335548 0.000272084 0.000211016 0.000176288 0.00011845 5.93891e-05 3.64141e-07 -9.62867e-05 -0.000206946 -0.000322412 -0.00041736 -0.000505082 -0.000605001 -0.000683341 -0.000744496 -0.000797688 -0.000814862 -0.000826899 -0.000833225 -0.000841689 -0.00083962 -0.000805209 -0.000801389 -0.000803628 -0.000796959 -0.000781725 -0.000761143 -0.000776411 -0.000776601 -0.000770849 -0.000770397 -0.000766357 -0.000779888 -0.000770689 -0.000771544 -0.000772445 -0.000765821 -0.000772253 -0.000760088 -0.000763018 -0.000754309 
0 3.18168e-05 5.13906e-05 5.12795e-05 8.93853e-05 0.000118011 0.00013985 0.000154034 0.000176568 0.000223304 0.000241112 0.000267155 0.000289725 0.000324392 0.000361569 0.00038895 0.000430455 0.000456072 0.000497127 0.000542478 0.000594422 0.00062745 0.000660623 0.000717978 0.000768128 0.000797612 0.00078759 0.00080305 0.000798895 0.000781312 0.000747234 0.000697855 0.000664573 0.000618358 0.000618101 0.000625185 0.000641551 0.000704754 0.000838554 0.00103715 0.00130997 0.00166389 0.00213305 0.00272924 0.00346361 0.00438915 0.00540655 0.00651572 0.00765295 0.00873399 0.00967666 0.0103881 0.0107875 0.0108099 0.0104444 0.00975574 0.00884031 0.00780106 0.00683982 0.00606404 0.00561399 0.00559801 0.00609404 0.007095 0.00860544 0.0105603 0.012835 0.015311 0.0178653 0.0203239 0.0225693 0.0245156 0.026024 0.0270619 0.0275781 0.0275272 0.0269148 0.0257719 0.0240935 0.02197 0.019445 0.0165953 0.0135039 0.0102731 0.00697948 0.00374064 0.000637214 -0.00224709 -0.00485947 -0.00711041 -0.00897461 -0.0104289 -0.0114179 -0.0119207 -0.0119922 -0.0116227 -0.0108454 -0.00970839 -0.00824264 -0.00653006 -0.00467062 -0.00267845 -0.000631217 0.00138527 0.0033067 0.00504026 0.00651145 0.00770278 0.00851977 0.00890484 0.00884389 0.00832231 0.0073176 0.00585459 0.00394625 0.00164107 -0.0010337 -0.0039978 -0.00718473 -0.0105089 -0.0138882 -0.0172284 -0.0204823 -0.0235457 -0.0263852 -0.028941 -0.0311668 -0.0330428 -0.0345657 -0.035693 -0.0364597 -0.0368387 -0.0368092 -0.0363729 -0.0354986 -0.0341493 -0.0323241 -0.0300291 -0.0272669 -0.0241154 -0.0206672 -0.0170321 -0.0133333 -0.00977001 -0.00643319 -0.00348595 -0.00104815 0.000830508 0.00213338 0.00287903 0.00316981 0.00310567 0.00281122 0.00237816 0.00188046 0.00143672 0.0010282 0.000729247 0.000539485 0.000416646 0.000328886 0.000262022 0.00019798 0.000130665 4.89497e-05 -4.21068e-05 -0.000150177 -0.00030912 -0.000438247 -0.000563067 -0.000672997 -0.000787017 -0.000890686 -0.000963387 -0.0010307 -0.0010596 -0.00107995 -0.00109353 -0.00111828 -0.0011094 -0.0010838 -0.00107288 -0.00107478 -0.00107724 -0.00104517 -0.00104134 -0.00104332 -0.00104952 -0.00104184 -0.00102485 -0.00103446 -0.00102785 -0.00103155 -0.00102418 -0.00102041 -0.00102371 -0.00101235 -0.0010186 -0.00101079 -0.00101173 
0 4.57757e-05 6.50435e-05 8.52141e-05 0.000118011 0.000162565 0.000187175 0.000202358 0.000237089 0.000273651 0.000303968 0.000323076 0.000351186 0.000395303 0.000433938 0.000479981 0.00052477 0.000569173 0.000625675 0.000687291 0.000756751 0.000800993 0.000842509 0.000905074 0.000956448 0.000981805 0.000976367 0.00097957 0.000982285 0.000955216 0.00091495 0.000866845 0.000818114 0.00078775 0.00078419 0.000807174 0.000843682 0.000927642 0.00110157 0.00134976 0.00168749 0.00213389 0.00272215 0.00346809 0.00441341 0.00556441 0.00686629 0.00826941 0.00970045 0.0110703 0.0122501 0.0131435 0.0136525 0.0136978 0.0132732 0.0124719 0.0113723 0.0101495 0.00899352 0.00805362 0.0075001 0.0074543 0.00800076 0.00916261 0.0109177 0.0131903 0.015862 0.0187544 0.0217408 0.0246171 0.0272318 0.0294647 0.031195 0.0323323 0.0328624 0.0327405 0.0319771 0.0306073 0.0286639 0.0261971 0.0232835 0.0200122 0.0164665 0.0127617 0.00900845 0.00530115 0.00173582 -0.00156833 -0.00456624 -0.00717655 -0.00933953 -0.0110237 -0.0122158 -0.0128854 -0.0130582 -0.0127154 -0.0119145 -0.0107163 -0.00917109 -0.00732821 -0.005286 -0.00309242 -0.000867229 0.00131551 0.00338987 0.00527266 0.00685864 0.00810013 0.00890478 0.0092533 0.00910913 0.00843541 0.00722804 0.00552224 0.00330276 0.000629711 -0.00243816 -0.00584025 -0.00950116 -0.0133153 -0.0172034 -0.0210741 -0.0248325 -0.0284036 -0.031742 -0.0347823 -0.0374756 -0.0398196 -0.041753 -0.0432581 -0.0443351 -0.0449457 -0.0450579 -0.0446855 -0.0437512 -0.0422435 -0.0401392 -0.0374283 -0.0341336 -0.0303355 -0.0261327 -0.0216772 -0.0171246 -0.0126836 -0.00853007 -0.00482236 -0.00173789 0.000654011 0.00232976 0.00331711 0.0037147 0.00368207 0.00334178 0.00282492 0.00224458 0.00169652 0.00121849 0.000857289 0.000624345 0.00047441 0.00036849 0.00027813 0.000205228 0.000114828 1.72051e-05 -8.68127e-05 -0.00022855 -0.000397162 -0.000560975 -0.000702699 -0.000832684 -0.000969333 -0.00108435 -0.0011767 -0.00125375 -0.00129327 -0.00132309 -0.00134969 -0.00137874 -0.00138368 -0.0013574 -0.00135365 -0.00136028 -0.00135662 -0.00133454 -0.00131486 -0.00132134 -0.00131746 -0.00130228 -0.00128964 -0.00128402 -0.00129005 -0.00128413 -0.00128158 -0.00127929 -0.00127408 -0.0012759 -0.00127001 -0.00127261 -0.00126907 
0 4.80746e-05 7.5598e-05 9.85293e-05 0.00013985 0.000187175 0.000219479 0.000244103 0.000282264 0.000328908 0.000365505 0.000396294 0.000434971 0.000486487 0.000537155 0.000587314 0.000638886 0.000690465 0.000754008 0.000826346 0.000900557 0.000954196 0.00100359 0.00106782 0.00112304 0.0011501 0.00114844 0.00115305 0.00115184 0.00112589 0.00108216 0.00103068 0.000987149 0.00096206 0.000972674 0.00101012 0.00106949 0.00118574 0.00139575 0.00170015 0.00211322 0.00266007 0.00337809 0.00429442 0.00544313 0.00683448 0.0084053 0.0100963 0.0118215 0.0134675 0.0148974 0.015987 0.0166216 0.0167165 0.0162672 0.0153603 0.0141147 0.0127128 0.0113732 0.0102778 0.00960872 0.00950983 0.0100773 0.011336 0.0132658 0.0157818 0.0187377 0.0219506 0.0252459 0.0284081 0.0312645 0.0336797 0.0355233 0.0367189 0.0372345 0.03704 0.0361494 0.0346039 0.0324433 0.0297397 0.0265735 0.023037 0.0192244 0.0152489 0.0112178 0.00723809 0.00341124 -0.000158131 -0.0034031 -0.00624049 -0.00861657 -0.0104977 -0.0118519 -0.0126613 -0.0129544 -0.012732 -0.0120317 -0.0109033 -0.00939509 -0.00757783 -0.00554782 -0.00336614 -0.00113654 0.00104739 0.00310196 0.00493324 0.00645474 0.00761814 0.00834094 0.00857788 0.00829779 0.00747229 0.00609179 0.00417946 0.00174451 -0.00116244 -0.00448644 -0.00815885 -0.0121016 -0.0162179 -0.0204225 -0.0246248 -0.0287419 -0.0326925 -0.0364235 -0.0398705 -0.0429825 -0.0457343 -0.0480788 -0.0499779 -0.0514155 -0.0523413 -0.0527084 -0.0524913 -0.0516215 -0.0500557 -0.0477671 -0.0447434 -0.0410046 -0.0366353 -0.031756 -0.0265323 -0.0211617 -0.0158866 -0.0109187 -0.00647067 -0.00273538 0.000186004 0.00225966 0.00351819 0.00407886 0.00410829 0.00376569 0.00320066 0.00254709 0.00191955 0.0013689 0.000950825 0.000674709 0.000496999 0.000372569 0.000272608 0.000183731 8.44749e-05 -2.5289e-05 -0.000147352 -0.000303521 -0.000492168 -0.000673382 -0.000836196 -0.000987413 -0.00113974 -0.00127566 -0.00138777 -0.00148003 -0.00153739 -0.00157912 -0.00161665 -0.00165104 -0.00165594 -0.00163515 -0.00162815 -0.00163365 -0.00162974 -0.00160552 -0.00158785 -0.00158726 -0.00158369 -0.00156941 -0.00155563 -0.0015527 -0.00155338 -0.00154975 -0.00154441 -0.0015393 -0.00153514 -0.00153341 -0.00153201 -0.00153122 -0.00152857 
0 4.42788e-05 7.91356e-05 0.000103451 0.000154034 0.000202358 0.000244103 0.000280977 0.000323378 0.000383974 0.000429696 0.000477698 0.00052932 0.000588341 0.000652854 0.000706821 0.000766234 0.00082332 0.000889962 0.000966674 0.0010368 0.00109458 0.00114782 0.00120957 0.00126647 0.00129649 0.00130309 0.00131391 0.00131314 0.0012964 0.00125709 0.00120784 0.00117414 0.00115424 0.00117819 0.00122826 0.00131342 0.00146895 0.00172205 0.00209342 0.00259397 0.00325357 0.0041109 0.0052065 0.00656239 0.00819495 0.0100342 0.0120137 0.0140353 0.0159604 0.01765 0.0189495 0.0197296 0.0199016 0.0194606 0.0184772 0.0171113 0.0155434 0.0140185 0.0127529 0.0119413 0.0117537 0.0122971 0.0135977 0.0156316 0.0183007 0.0214274 0.024832 0.028293 0.0316009 0.0345704 0.03706 0.038935 0.0401383 0.0406157 0.0403557 0.039373 0.0377131 0.0354212 0.0325899 0.0293029 0.0256562 0.0217561 0.0177079 0.013606 0.00955789 0.00566219 0.00199912 -0.00134336 -0.00428734 -0.00678199 -0.0087949 -0.0102828 -0.0112439 -0.0116927 -0.0116497 -0.011137 -0.0102032 -0.0088903 -0.00727832 -0.00544552 -0.00347455 -0.00145009 0.000522731 0.00236153 0.00397033 0.00528057 0.00623194 0.00676507 0.00681499 0.006358 0.0053711 0.00384196 0.00177778 -0.000783532 -0.00380408 -0.00723141 -0.0109943 -0.0150216 -0.0192409 -0.0235698 -0.0279268 -0.0322445 -0.0364369 -0.0404432 -0.0442012 -0.0476608 -0.0507704 -0.0535039 -0.0558028 -0.0576352 -0.0589404 -0.0596559 -0.0597035 -0.0590208 -0.0575183 -0.0551579 -0.0519209 -0.0478263 -0.042963 -0.0374792 -0.031554 -0.0254271 -0.01937 -0.0136257 -0.00846083 -0.00407682 -0.000611272 0.00188874 0.00345649 0.0042243 0.00435586 0.00404891 0.00346802 0.00276655 0.0020778 0.00146625 0.000996709 0.000675812 0.000467421 0.000322613 0.000215642 0.00011486 1.72151e-05 -9.28253e-05 -0.00022212 -0.000380263 -0.000579952 -0.000773326 -0.000958632 -0.00113486 -0.00130577 -0.00146625 -0.00160047 -0.00170786 -0.00178374 -0.00183689 -0.00188324 -0.00192071 -0.00192395 -0.00191134 -0.00190015 -0.00190253 -0.00189843 -0.00187238 -0.00185946 -0.00185066 -0.00184927 -0.00183891 -0.00182538 -0.00182758 -0.00182147 -0.00182151 -0.00181392 -0.0018081 -0.00180796 -0.00180103 -0.00180362 -0.0017946 -0.00178947 
0 5.04297e-05 8.4784e-05 0.000134144 0.000176568 0.000237089 0.000282264 0.000323378 0.000380337 0.000432112 0.00049818 0.000547964 0.000609419 0.000677253 0.000743227 0.000816728 0.000878926 0.000953017 0.00102811 0.00111003 0.00118324 0.00124758 0.00130654 0.00136804 0.00142146 0.00144593 0.00146414 0.00145972 0.00146691 0.00144784 0.00141453 0.00138308 0.00134709 0.00135929 0.00138838 0.00146389 0.00158648 0.00178246 0.00209198 0.00253497 0.00312713 0.00391115 0.00491912 0.00619409 0.00778669 0.00965219 0.0117838 0.0140622 0.0163837 0.0186089 0.0205618 0.0220825 0.0230253 0.0232906 0.0228692 0.0218464 0.0203559 0.0186449 0.0169302 0.015475 0.0144978 0.0141835 0.014634 0.0159114 0.0179566 0.0206551 0.0238437 0.0272947 0.0307881 0.0341193 0.037095 0.0395544 0.0414139 0.0425643 0.0429876 0.0426742 0.0416409 0.0399259 0.0376228 0.0347797 0.0315137 0.0279214 0.0241028 0.0201497 0.016175 0.0122432 0.00844669 0.00487071 0.00159047 -0.00134885 -0.00387142 -0.00593457 -0.0075375 -0.00867424 -0.0093202 -0.00950096 -0.00925419 -0.00862375 -0.0076674 -0.00643458 -0.00498447 -0.00341586 -0.00181577 -0.000262636 0.00116388 0.00239858 0.00336634 0.00397786 0.00419485 0.00398986 0.00331848 0.00214664 0.000487327 -0.00165147 -0.00424979 -0.00727147 -0.0106457 -0.0143394 -0.0182875 -0.0224281 -0.0267014 -0.0310573 -0.0353968 -0.0396836 -0.0438385 -0.0478012 -0.0515187 -0.0549562 -0.0580369 -0.0607425 -0.0629956 -0.0647274 -0.0658522 -0.0662719 -0.0658629 -0.0645412 -0.0622249 -0.0588735 -0.0545288 -0.049272 -0.0432637 -0.0367218 -0.0299188 -0.0231213 -0.016663 -0.0107952 -0.00577156 -0.00175282 0.00119822 0.00311848 0.00411931 0.00440573 0.00416403 0.0035932 0.00288379 0.00213699 0.00149253 0.000976974 0.000615362 0.000379911 0.000220157 9.77359e-05 -7.67676e-07 -0.000104855 -0.000211371 -0.000336077 -0.000507767 -0.00068929 -0.000901346 -0.00109166 -0.00128167 -0.00146788 -0.0016345 -0.0017897 -0.00190454 -0.00199708 -0.00206485 -0.00212615 -0.00216635 -0.00218671 -0.0021823 -0.00217993 -0.00218337 -0.00217198 -0.00216215 -0.00213691 -0.00213407 -0.00212538 -0.00211419 -0.00210996 -0.00209562 -0.00210087 -0.00208778 -0.00208368 -0.00207913 -0.00207003 -0.00207654 -0.00206463 -0.00206525 -0.00205438 
0 5.20242e-05 0.000112572 0.00015883 0.000223304 0.000273651 0.000328908 0.000383974 0.000432112 0.000499658 0.00055564 0.000621178 0.000684729 0.000749977 0.000833337 0.000907483 0.000990041 0.00107421 0.00116023 0.00125328 0.00132874 0.0014039 0.00147584 0.0015331 0.00158361 0.00160674 0.00161489 0.00161352 0.00159659 0.00158574 0.00155842 0.00153076 0.00153094 0.00155479 0.00162689 0.00173355 0.00190254 0.00216048 0.00252405 0.00304108 0.00373535 0.00464274 0.0058077 0.00729379 0.00910698 0.0112528 0.0136692 0.016262 0.0189072 0.0214263 0.0236619 0.0254168 0.0265237 0.026893 0.0265118 0.0254238 0.0238433 0.0219657 0.020062 0.018415 0.017244 0.0167526 0.0170618 0.0182037 0.020145 0.0227649 0.0258606 0.0292548 0.0326733 0.0359259 0.0388207 0.0412053 0.0429614 0.0440528 0.0444111 0.044057 0.0430169 0.0413445 0.0391007 0.0363936 0.0333062 0.0299192 0.0263416 0.0226562 0.0189314 0.015268 0.0117467 0.0083935 0.0053027 0.00251576 5.55778e-05 -0.0020449 -0.00372927 -0.00500655 -0.00586766 -0.00636275 -0.0064842 -0.00626549 -0.00576008 -0.00505132 -0.00417508 -0.00322301 -0.00221788 -0.00124034 -0.000370993 0.000307571 0.0007633 0.000926757 0.000775378 0.00022629 -0.000728205 -0.00207809 -0.00383331 -0.0060106 -0.00854321 -0.0114335 -0.0146559 -0.0181528 -0.0218823 -0.025815 -0.0298842 -0.0340459 -0.0382706 -0.0424931 -0.0466574 -0.0507189 -0.0546294 -0.0583048 -0.0617331 -0.0648297 -0.0675163 -0.0697105 -0.0713049 -0.072127 -0.0720917 -0.0710297 -0.0688534 -0.0655215 -0.0610416 -0.0555035 -0.0490924 -0.0420228 -0.0346071 -0.0271612 -0.0200058 -0.0134899 -0.00784106 -0.00326632 0.00014966 0.00244171 0.00373685 0.00419905 0.00407364 0.00355843 0.00284554 0.00209427 0.00141381 0.000876253 0.000487286 0.000231269 6.09075e-05 -5.80993e-05 -0.000171263 -0.000267038 -0.000375688 -0.000513146 -0.000667997 -0.000857862 -0.00104972 -0.00124466 -0.00143516 -0.00161024 -0.0017893 -0.00194632 -0.0020735 -0.00218491 -0.00227101 -0.0023492 -0.00240615 -0.00243596 -0.00246082 -0.00246303 -0.00246718 -0.00246519 -0.00244775 -0.00244035 -0.00241942 -0.0024139 -0.00240387 -0.00238486 -0.00238089 -0.00236265 -0.00236305 -0.00235177 -0.00234371 -0.00234671 -0.00233476 -0.00234155 -0.00232843 -0.00232653 
0 5.84952e-05 0.000116771 0.00018945 0.000241112 0.000303968 0.000365505 0.000429696 0.00049818 0.00055564 0.000633829 0.000702054 0.000775068 0.000849423 0.000931305 0.00102466 0.00110875 0.00120524 0.00129715 0.00139014 0.00146516 0.00154362 0.00161334 0.00166698 0.00170751 0.00172417 0.00174827 0.0017334 0.00173307 0.00172518 0.00171584 0.00172114 0.00173045 0.0018036 0.00189596 0.00204742 0.0022749 0.00259337 0.00303247 0.00363813 0.00443866 0.00548841 0.00682379 0.00850535 0.0105784 0.0129767 0.015709 0.0186267 0.0215959 0.0244388 0.0269565 0.028945 0.0302281 0.0307015 0.0303463 0.0292338 0.0275292 0.0255054 0.0233958 0.021517 0.0201114 0.0193915 0.0194596 0.0203958 0.022131 0.0245375 0.0274544 0.0306599 0.0339048 0.037009 0.0397727 0.042019 0.043688 0.0446785 0.0449783 0.0446152 0.0436285 0.0420619 0.0400278 0.037563 0.0347729 0.0317286 0.0285242 0.0252201 0.0219123 0.018646 0.0154897 0.0124808 0.00968747 0.00710396 0.00478476 0.00276449 0.00102717 -0.000433631 -0.001552 -0.00237135 -0.00291705 -0.00321833 -0.00332756 -0.0032785 -0.00308431 -0.00284163 -0.00258326 -0.00235711 -0.00221937 -0.00219779 -0.0023376 -0.00274335 -0.00340383 -0.00433275 -0.00556273 -0.00710679 -0.00894109 -0.0110844 -0.0135088 -0.0162198 -0.0191764 -0.0223769 -0.0257836 -0.0293781 -0.0331193 -0.0369966 -0.0409435 -0.0449698 -0.0490162 -0.0530578 -0.0570535 -0.0609491 -0.0646576 -0.0681374 -0.0712517 -0.0739043 -0.0759675 -0.0772622 -0.0776306 -0.0769241 -0.0749969 -0.0717735 -0.0672806 -0.0615803 -0.054863 -0.0473801 -0.0394642 -0.031425 -0.0236791 -0.0165398 -0.010302 -0.00518652 -0.00129546 0.00139966 0.0029972 0.00369785 0.00372026 0.00329513 0.00264674 0.00189536 0.00123144 0.000678988 0.000271179 3.41705e-06 -0.000170374 -0.000293465 -0.000389198 -0.000480152 -0.000574254 -0.000695347 -0.000854195 -0.0010088 -0.00120758 -0.00139264 -0.00158336 -0.0017667 -0.00194162 -0.00211743 -0.00225107 -0.00238062 -0.0024856 -0.00257748 -0.00263979 -0.00269143 -0.00272902 -0.00274631 -0.00275238 -0.00274413 -0.00274464 -0.00272291 -0.00270978 -0.00269387 -0.00268154 -0.00267268 -0.00264965 -0.0026474 -0.00263533 -0.00263247 -0.00262805 -0.00261936 -0.00262168 -0.00260833 -0.00260836 -0.00260146 
0 5.78473e-05 0.000132927 0.000203229 0.000267155 0.000323076 0.000396294 0.000477698 0.000547964 0.000621178 0.000702054 0.000792355 0.000877722 0.000959432 0.00105526 0.0011511 0.0012441 0.00133983 0.00143019 0.00151823 0.00158723 0.00166054 0.00173143 0.00177516 0.00181096 0.00183505 0.00186187 0.00186537 0.00186099 0.00187385 0.0018873 0.0019138 0.00196671 0.00206595 0.00220665 0.00240313 0.00269101 0.0030856 0.00360605 0.00430976 0.00524491 0.00645339 0.00798319 0.00990417 0.0122262 0.0149213 0.0179533 0.0211965 0.0244963 0.027648 0.0304536 0.032687 0.0341442 0.0347281 0.0344106 0.0332353 0.0314186 0.0292013 0.0268575 0.0247127 0.0230171 0.0219879 0.0217504 0.022362 0.0237859 0.0258987 0.0285275 0.0314839 0.034499 0.03739 0.0399662 0.0420619 0.0435955 0.0445248 0.0448153 0.0445089 0.0436521 0.0422983 0.0405224 0.0384047 0.03602 0.0334227 0.0307004 0.0279058 0.0250861 0.0223084 0.0196206 0.0170202 0.0145743 0.0122821 0.0101452 0.00818902 0.00643164 0.00485537 0.00348043 0.00225419 0.00119411 0.000300685 -0.000471078 -0.00115995 -0.00176359 -0.00235709 -0.00293326 -0.00352555 -0.00419425 -0.00496992 -0.00585013 -0.00688324 -0.00805322 -0.00940836 -0.0109589 -0.0126823 -0.0145854 -0.0166983 -0.0189736 -0.021441 -0.0241022 -0.0269373 -0.0299408 -0.0331188 -0.0364378 -0.0399003 -0.0435032 -0.0472358 -0.0510729 -0.0550077 -0.0590079 -0.0630003 -0.0669429 -0.0707419 -0.0742573 -0.0773714 -0.0799231 -0.0816869 -0.0825141 -0.0821981 -0.0805787 -0.0775729 -0.0731641 -0.0674165 -0.0605201 -0.0527288 -0.044398 -0.0358838 -0.0275973 -0.0199248 -0.013148 -0.00751959 -0.00316281 -5.22163e-05 0.00190477 0.00287656 0.00310885 0.00282919 0.00225649 0.0015612 0.000906305 0.000359675 -5.63345e-05 -0.000331322 -0.00049845 -0.000604392 -0.000685216 -0.000747158 -0.000820798 -0.000930479 -0.00105918 -0.00120406 -0.0013757 -0.00155804 -0.00174501 -0.00192036 -0.00210683 -0.00228391 -0.00243372 -0.00257947 -0.00270126 -0.00280297 -0.00287149 -0.00293027 -0.00298662 -0.00301078 -0.00301903 -0.00302167 -0.00302394 -0.00301895 -0.00299868 -0.00298661 -0.00297709 -0.00296106 -0.00294758 -0.00292979 -0.00292402 -0.00291294 -0.00290314 -0.00290014 -0.00288783 -0.00288651 -0.00287978 -0.00288317 
0 6.08082e-05 0.000142187 0.000223692 0.000289725 0.000351186 0.000434971 0.00052932 0.000609419 0.000684729 0.000775068 0.000877722 0.000974986 0.00106624 0.00116765 0.00127205 0.00137095 0.00146974 0.00156273 0.00164809 0.00171464 0.00178484 0.00184839 0.00188403 0.00190997 0.00193563 0.00197225 0.00198383 0.00199373 0.00202529 0.00206977 0.00213308 0.00222176 0.00236274 0.00254539 0.00279541 0.00315349 0.00363308 0.0042553 0.00508133 0.00616665 0.00755855 0.00930396 0.0114698 0.0140703 0.0170654 0.020423 0.0240083 0.0276462 0.0311186 0.0342054 0.0366642 0.0382838 0.0389578 0.0386534 0.0374207 0.0354626 0.0330374 0.0304212 0.0279456 0.0258828 0.0244608 0.0238141 0.0240233 0.0250553 0.0267915 0.029075 0.0317088 0.0344353 0.0370759 0.039445 0.0413822 0.0428236 0.043723 0.0440626 0.0438865 0.0432414 0.0421736 0.040759 0.0390578 0.0371399 0.0350568 0.0328841 0.0306579 0.0284141 0.0261881 0.0240033 0.0218523 0.0197823 0.0177784 0.0158473 0.0140036 0.0122268 0.010493 0.00883804 0.0072204 0.00564268 0.00411175 0.00260679 0.00112402 -0.000317267 -0.00177677 -0.0032483 -0.00474631 -0.00629719 -0.00789147 -0.00952046 -0.0112277 -0.012974 -0.0147696 -0.0166311 -0.018551 -0.0205333 -0.0226098 -0.0247506 -0.0269827 -0.0293133 -0.0317469 -0.0342992 -0.0370011 -0.0398491 -0.0428667 -0.0460586 -0.049439 -0.0529973 -0.0567418 -0.0606543 -0.0646788 -0.0687614 -0.0728116 -0.0766708 -0.0801984 -0.0832079 -0.0854514 -0.086738 -0.0868467 -0.0855838 -0.0828433 -0.0785993 -0.0728992 -0.0659285 -0.0579537 -0.0493338 -0.0404445 -0.0317291 -0.0235839 -0.0163237 -0.0102176 -0.00540531 -0.00187818 0.000441847 0.00171809 0.00218774 0.00208778 0.00164203 0.00102747 0.00042385 -0.000100809 -0.00051135 -0.000783728 -0.000941829 -0.00102962 -0.00107964 -0.0011077 -0.00114611 -0.00122186 -0.00131882 -0.00142846 -0.00157763 -0.00174558 -0.00192337 -0.00209539 -0.00227657 -0.00245372 -0.00260699 -0.00276162 -0.00289749 -0.00300689 -0.00308402 -0.00315799 -0.00323126 -0.00327098 -0.00328688 -0.00329839 -0.00331265 -0.00331199 -0.00329446 -0.00328008 -0.00327011 -0.00325594 -0.00324086 -0.00322599 -0.003217 -0.00320559 -0.00319574 -0.00319042 -0.00317855 -0.00317064 -0.00316433 -0.00316616 
0 6.9531e-05 0.000157768 0.000256124 0.000324392 0.000395303 0.000486487 0.000588341 0.000677253 0.000749977 0.000849423 0.000959432 0.00106624 0.00116505 0.00126764 0.00138051 0.00148356 0.00158569 0.00168172 0.00176682 0.00183742 0.00191067 0.00197228 0.00200757 0.00202815 0.00205471 0.00209674 0.00210851 0.0021287 0.00217127 0.00224445 0.00234911 0.0024802 0.00267819 0.00291992 0.00324607 0.00369389 0.00427527 0.00501633 0.0059794 0.00722819 0.0088198 0.0108026 0.0132334 0.0161382 0.0194556 0.0231586 0.0270972 0.0310745 0.0348622 0.0382123 0.0408717 0.0426259 0.0433577 0.0430286 0.041706 0.0395658 0.0368914 0.0339568 0.0310964 0.0286042 0.0267179 0.0255842 0.0253109 0.0258741 0.0271667 0.0290548 0.0313268 0.033748 0.0361345 0.0383113 0.0401234 0.0415275 0.042464 0.0429334 0.0429655 0.0426042 0.0418836 0.0408868 0.039656 0.0382596 0.0367421 0.0351574 0.0335217 0.0318644 0.0301953 0.0285179 0.0268259 0.0251372 0.0234211 0.0216766 0.0199132 0.0180948 0.016203 0.0142624 0.0122449 0.0101484 0.00799591 0.00577627 0.00350269 0.00119698 -0.00115769 -0.00354056 -0.00593768 -0.00835964 -0.0107706 -0.0131506 -0.0155163 -0.017829 -0.0200744 -0.022272 -0.0244149 -0.0265 -0.0285535 -0.0305726 -0.0325813 -0.0345964 -0.0366473 -0.0387614 -0.040985 -0.0433464 -0.0458942 -0.0486456 -0.0516441 -0.0548882 -0.0583964 -0.0621571 -0.0661402 -0.0702775 -0.074497 -0.0786273 -0.082508 -0.085923 -0.0886129 -0.0903335 -0.090862 -0.0899748 -0.0875452 -0.0835384 -0.0779827 -0.0710474 -0.0630057 -0.05421 -0.0450508 -0.0360036 -0.0274635 -0.0197885 -0.0132547 -0.00801724 -0.00408693 -0.00140241 0.000198766 0.000932822 0.00104581 0.000764259 0.000265772 -0.000252027 -0.000726406 -0.00110434 -0.00135407 -0.00148963 -0.00155202 -0.00156581 -0.00156153 -0.00156569 -0.0016033 -0.0016645 -0.00172698 -0.00184054 -0.00197517 -0.00212629 -0.00228204 -0.00244322 -0.00261105 -0.00276222 -0.00292314 -0.00307435 -0.00319579 -0.00328738 -0.00338152 -0.0034705 -0.00352748 -0.00355298 -0.00357308 -0.00360215 -0.00360501 -0.00359554 -0.00357992 -0.00357066 -0.00356194 -0.0035426 -0.00353281 -0.00351441 -0.00350062 -0.00348959 -0.00347924 -0.00347236 -0.00345527 -0.00345329 -0.00345296 
0 7.17243e-05 0.000176059 0.000272754 0.000361569 0.000433938 0.000537155 0.000652854 0.000743227 0.000833337 0.000931305 0.00105526 0.00116765 0.00126764 0.00137664 0.00148796 0.00159729 0.00169674 0.00178926 0.00186934 0.00194311 0.00201085 0.00207629 0.0021065 0.00212741 0.00216656 0.00220448 0.00224588 0.00227019 0.00234401 0.00245523 0.002597 0.00279725 0.00304144 0.00336613 0.00377882 0.00432785 0.00502969 0.00590714 0.00702015 0.00845814 0.0102632 0.0124999 0.0152299 0.0184364 0.0221158 0.0261658 0.030464 0.0347822 0.0388635 0.0424488 0.0452778 0.0471198 0.0478658 0.0474802 0.0460051 0.0436578 0.0406717 0.037365 0.0340634 0.0310819 0.0286602 0.0270007 0.0261814 0.0262253 0.0270433 0.0284866 0.0303795 0.0325007 0.0346564 0.0366876 0.0384665 0.0398942 0.0409609 0.0416309 0.041931 0.0418992 0.0415928 0.0410382 0.0403255 0.0394814 0.0385422 0.037536 0.0364895 0.0353777 0.0342312 0.0330339 0.0317622 0.0304058 0.0289596 0.0273717 0.0256329 0.0237414 0.0216918 0.0194604 0.0170425 0.014458 0.0117257 0.0088348 0.00580916 0.00268101 -0.000530705 -0.00378537 -0.00703269 -0.0102575 -0.0134359 -0.0165338 -0.0195105 -0.0223498 -0.0250532 -0.0276068 -0.029975 -0.0321873 -0.0342561 -0.0361836 -0.0380019 -0.0397657 -0.0414788 -0.0432074 -0.045003 -0.0469143 -0.048991 -0.0513211 -0.0539153 -0.0568249 -0.0600716 -0.0636544 -0.0675285 -0.0716771 -0.0759724 -0.0802813 -0.0844244 -0.0881632 -0.0912197 -0.0933473 -0.0942666 -0.0937548 -0.0916746 -0.0879416 -0.0826025 -0.0757981 -0.0677928 -0.058929 -0.0496337 -0.0403397 -0.0315138 -0.0234955 -0.0165916 -0.010975 -0.00667214 -0.00362796 -0.00171123 -0.000691853 -0.000335626 -0.000435008 -0.000757748 -0.00117149 -0.00155316 -0.0018695 -0.0020777 -0.00217171 -0.00218993 -0.00216174 -0.00210467 -0.00206422 -0.00205803 -0.00205449 -0.00208308 -0.00213262 -0.00223636 -0.00235611 -0.00248286 -0.00263566 -0.00277758 -0.00293337 -0.00309411 -0.0032554 -0.00338907 -0.00349579 -0.00360535 -0.00371249 -0.00378173 -0.00381706 -0.00385135 -0.00388095 -0.00390293 -0.00388978 -0.00387929 -0.00387068 -0.0038552 -0.00385008 -0.00382746 -0.00381804 -0.00379784 -0.00378592 -0.00378559 -0.00376525 -0.0037591 -0.00374332 -0.003745 
0 8.3649e-05 0.000184946 0.000303851 0.00038895 0.000479981 0.000587314 0.000706821 0.000816728 0.000907483 0.00102466 0.0011511 0.00127205 0.00138051 0.00148796 0.00160539 0.00171455 0.00180921 0.0018943 0.00196543 0.00203122 0.00210022 0.00214905 0.00218463 0.00220629 0.00225103 0.00231734 0.0023692 0.00244319 0.00254563 0.00270547 0.00291302 0.00316392 0.00348819 0.00388629 0.00439865 0.00506032 0.00588965 0.00691709 0.00821722 0.00985708 0.0119178 0.0144497 0.017486 0.0210522 0.0250776 0.0294946 0.0341387 0.038763 0.0431093 0.0468894 0.0498262 0.0517223 0.0524346 0.0519247 0.0502791 0.0476392 0.044297 0.0405538 0.036743 0.0332089 0.0302214 0.0279694 0.0265938 0.0260975 0.02641 0.0274239 0.0289426 0.0307848 0.0327706 0.0347358 0.0365371 0.0381069 0.0393642 0.0403017 0.0409319 0.0412902 0.0414076 0.0413599 0.0411655 0.0408588 0.0404737 0.0400172 0.0394802 0.0388824 0.0381963 0.037394 0.0364726 0.0353927 0.0341112 0.0326234 0.0309138 0.0289293 0.0266658 0.0241473 0.0213851 0.0183526 0.0150672 0.0115612 0.00787004 0.00401852 7.12171e-05 -0.00393167 -0.00794369 -0.0119092 -0.0157531 -0.0194553 -0.0230044 -0.0263653 -0.0294764 -0.0323404 -0.0349637 -0.0373274 -0.0394394 -0.0413444 -0.0430567 -0.044613 -0.0460825 -0.0475054 -0.0489438 -0.0504778 -0.0521742 -0.0540912 -0.0563207 -0.0589019 -0.0618744 -0.0652485 -0.0690118 -0.0730859 -0.0774007 -0.0817998 -0.0860967 -0.0900588 -0.0934194 -0.0958655 -0.0971446 -0.0969949 -0.0952379 -0.0918132 -0.0867242 -0.0801078 -0.0722308 -0.0634156 -0.0540748 -0.0446856 -0.035653 -0.0273914 -0.0201923 -0.0142351 -0.00959268 -0.00621572 -0.00396954 -0.00266706 -0.00206091 -0.00193237 -0.00208906 -0.00234472 -0.00262489 -0.00285325 -0.00298839 -0.00302574 -0.00297842 -0.00287679 -0.00275745 -0.00265089 -0.00257272 -0.00252001 -0.00247655 -0.00248805 -0.0025412 -0.00262584 -0.00273833 -0.00285346 -0.00298886 -0.00312765 -0.00328569 -0.00344916 -0.00358209 -0.00370072 -0.00382176 -0.00393745 -0.00402392 -0.00407343 -0.0041148 -0.00416288 -0.00418583 -0.00419451 -0.0041846 -0.00417498 -0.00416971 -0.00414874 -0.00414014 -0.00411245 -0.00409551 -0.00408604 -0.00407345 -0.00407087 -0.00404571 -0.00404581 -0.00404216 
0 9.29511e-05 0.000209763 0.000325326 0.000430455 0.00052477 0.000638886 0.000766234 0.000878926 0.000990041 0.00110875 0.0012441 0.00137095 0.00148356 0.00159729 0.00171455 0.00182568 0.00191911 0.00199552 0.00205753 0.00212502 0.00217943 0.00223112 0.00225965 0.00229048 0.00235731 0.00242717 0.00252846 0.00262494 0.00277787 0.0029905 0.00325061 0.00358959 0.00397912 0.00448081 0.00510499 0.00589079 0.00686675 0.00807247 0.00957144 0.011465 0.0138088 0.016669 0.0200759 0.0239942 0.0284123 0.0331747 0.0381372 0.0430328 0.0475841 0.0514924 0.0544958 0.056375 0.0569979 0.0563266 0.0544109 0.0514424 0.0476596 0.0434152 0.0390496 0.0349293 0.0313209 0.0284852 0.026515 0.0254681 0.0253047 0.0259016 0.0271041 0.028752 0.0306356 0.0325985 0.03452 0.0362594 0.0377897 0.0390662 0.0400905 0.0408802 0.0414876 0.0419108 0.042221 0.0424154 0.0425258 0.0425324 0.0424575 0.0422578 0.0419324 0.0414417 0.0407707 0.0398527 0.0386963 0.037239 0.0354542 0.0333525 0.0309451 0.0281584 0.0250272 0.0215771 0.0178328 0.0138126 0.00957026 0.00513714 0.000593348 -0.0040221 -0.00862403 -0.0131567 -0.0175857 -0.0218611 -0.0258729 -0.0296306 -0.0331167 -0.0362992 -0.0391477 -0.0416897 -0.0439051 -0.0458386 -0.0475068 -0.0489782 -0.050282 -0.0515042 -0.0526974 -0.0539559 -0.0553382 -0.0569693 -0.0588859 -0.061184 -0.0639014 -0.0670623 -0.0706457 -0.0746345 -0.0788946 -0.0833188 -0.0877056 -0.091804 -0.0953533 -0.098052 -0.0995972 -0.0997449 -0.0983064 -0.0951601 -0.0903472 -0.0839637 -0.0762682 -0.0675761 -0.0583198 -0.0489102 -0.0398154 -0.0314009 -0.0239815 -0.0177525 -0.0128006 -0.00909955 -0.00654623 -0.00495237 -0.00408954 -0.0037551 -0.00370184 -0.00381895 -0.00395865 -0.00407374 -0.00411835 -0.00406471 -0.00393194 -0.0037483 -0.00354362 -0.00336265 -0.00321231 -0.00307445 -0.002985 -0.00291669 -0.00292469 -0.00296449 -0.00303176 -0.00312716 -0.00321955 -0.00335248 -0.00349278 -0.00364527 -0.00377776 -0.00389524 -0.00402172 -0.00414481 -0.00424451 -0.00431365 -0.00437425 -0.00442815 -0.00447437 -0.00449019 -0.00449549 -0.00449159 -0.004482 -0.00447329 -0.00444863 -0.00442821 -0.00440329 -0.00438989 -0.00438313 -0.00436454 -0.00435348 -0.00434307 -0.00434566 
0 0.000105611 0.000220965 0.000347138 0.000456072 0.000569173 0.000690465 0.00082332 0.000953017 0.00107421 0.00120524 0.00133983 0.00146974 0.00158569 0.00169674 0.00180921 0.00191911 0.00200832 0.00208128 0.00214306 0.00220774 0.0022694 0.00231174 0.00235176 0.0023952 0.00247408 0.00257291 0.00269505 0.00284605 0.00304203 0.00331303 0.00364987 0.00406411 0.00454954 0.00515503 0.00590752 0.00683993 0.00798808 0.00939634 0.0111489 0.0133163 0.0159864 0.0192077 0.0229803 0.0272872 0.0320663 0.0371726 0.0424263 0.0475491 0.0522586 0.0562449 0.0592284 0.0610264 0.0614777 0.0605467 0.0583147 0.0549315 0.0506707 0.0458875 0.0409341 0.0361946 0.0319709 0.0285172 0.0259803 0.0244137 0.0238064 0.0240604 0.0250191 0.0265317 0.0283992 0.0304453 0.0325347 0.0345416 0.0363929 0.0380498 0.0395067 0.0407632 0.0418373 0.0427528 0.0435213 0.0441413 0.0446528 0.0450331 0.0452793 0.0453887 0.0453149 0.045012 0.0444754 0.0436337 0.0424748 0.0409901 0.0391421 0.0368998 0.0342642 0.0312227 0.0278174 0.0240356 0.0198963 0.0154769 0.0108266 0.00596964 0.00100862 -0.00402201 -0.00907456 -0.014056 -0.0188927 -0.0235455 -0.0279479 -0.032077 -0.0358661 -0.0392914 -0.0423722 -0.0450979 -0.047451 -0.0494895 -0.0512106 -0.0526595 -0.0539169 -0.0550427 -0.0561061 -0.0572211 -0.0584442 -0.0598663 -0.0615761 -0.0636495 -0.0661417 -0.0691011 -0.072529 -0.0763812 -0.0805655 -0.0849585 -0.0893501 -0.0935049 -0.0971643 -0.100003 -0.101738 -0.102114 -0.100912 -0.0980319 -0.0934769 -0.0873451 -0.0798817 -0.0713889 -0.0622789 -0.052973 -0.043888 -0.035425 -0.0278779 -0.0214417 -0.0162495 -0.0122751 -0.00943411 -0.00757168 -0.00646089 -0.00589063 -0.00564475 -0.00557689 -0.00557207 -0.0055523 -0.00547787 -0.0053267 -0.00508753 -0.00480292 -0.00450347 -0.00422627 -0.0039763 -0.00375702 -0.00357931 -0.00344482 -0.00338057 -0.00336398 -0.00339082 -0.00343102 -0.00349686 -0.00359722 -0.00371989 -0.00385796 -0.00398099 -0.00410445 -0.00422985 -0.00435699 -0.00446855 -0.00455362 -0.00462384 -0.00468847 -0.00473919 -0.00477218 -0.00478604 -0.00478986 -0.00479547 -0.00478683 -0.00477783 -0.00475523 -0.00473865 -0.00472792 -0.00470968 -0.00469585 -0.00466828 -0.00466007 -0.00465077 
