0 0 0 0 0 0 0 0 0 0 0 0 0 0 0 0 0 0 0 0 0 0 0 0 0 0 0 0 0 0 0 0 0 0 0 0 0 0 0 0 0 0 0 0 0 0 0 0 0 0 0 0 0 0 0 0 0 0 0 0 0 0 0 0 0 0 0 0 0 0 0 0 0 0 0 0 0 0 0 0 0 0 0 0 0 0 0 0 0 0 0 0 0 0 0 0 0 0 0 0 0 0 0 0 0 0 0 0 0 0 0 0 0 0 0 0 0 0 0 0 0 0 0 0 0 0 0 0 0 0 0 0 0 0 0 0 0 0 0 0 0 0 0 0 0 0 0 0 0 0 0 0 0 0 0 0 0 0 0 0 0 0 0 0 0 0 0 0 0 0 0 0 0 0 0 0 0 0 0 0 0 0 0 0 0 0 0 0 0 0 0 0 0 0 0 0 0 0 0 0 
0 9.63912e-05 0.000200694 0.000309254 0.000405917 0.000494125 0.000576076 0.000671392 0.000777665 0.000893512 0.00102259 0.00117233 0.00136392 0.00158273 0.00183286 0.00208948 0.0023448 0.00257957 0.00274917 0.00285166 0.00284425 0.00273351 0.00249917 0.00214187 0.00171131 0.00122621 0.000746959 0.000295785 -8.31462e-05 -0.000349782 -0.000488136 -0.000494915 -0.000360521 -9.22631e-05 0.000285986 0.000760744 0.00127815 0.00185286 0.00243488 0.00300249 0.00355596 0.00406358 0.00453319 0.00493503 0.00527026 0.00553781 0.00573358 0.00583328 0.00586225 0.00580418 0.00565269 0.00541401 0.00508222 0.00466938 0.00416056 0.00357473 0.00290704 0.0021755 0.00136899 0.000513338 -0.000377867 -0.00129367 -0.00222508 -0.00313184 -0.00401193 -0.00486379 -0.00564026 -0.00634799 -0.00697893 -0.00751108 -0.00793721 -0.00828018 -0.0085112 -0.00864598 -0.00868212 -0.00862715 -0.00847601 -0.00825125 -0.00795731 -0.00760303 -0.00718752 -0.00674113 -0.00626604 -0.00576758 -0.00527695 -0.00479776 -0.00431306 -0.00385414 -0.00344149 -0.00304795 -0.00268081 -0.00235174 -0.00205527 -0.00178745 -0.00155222 -0.00133225 -0.0011402 -0.000971241 -0.000813686 -0.000665959 -0.000538368 -0.000407806 -0.000281323 -0.000159184 -3.26348e-05 0.000106625 0.000249946 0.000413118 0.000586339 0.000776661 0.00100303 0.0012574 0.00151998 0.00182484 0.00217669 0.00255136 0.00295628 0.00339901 0.00386519 0.00435353 0.00486308 0.00537305 0.00588015 0.00636842 0.00683859 0.00727354 0.00766459 0.00799792 0.00827499 0.00846679 0.00859376 0.00863453 0.00858039 0.0084334 0.00819666 0.00784356 0.00740477 0.00687755 0.0062539 0.00555509 0.00479338 0.00397238 0.00310195 0.00221693 0.00131478 0.000414304 -0.000476265 -0.00133116 -0.00216442 -0.00294889 -0.00368969 -0.00437298 -0.00499741 -0.00557738 -0.00609112 -0.00655125 -0.00697039 -0.00734612 -0.00766877 -0.00797157 -0.00823202 -0.00847518 -0.00868381 -0.00885433 -0.00900381 -0.00908511 -0.00909832 -0.00901995 -0.0088377 -0.00853062 -0.00809529 -0.00753193 -0.00687062 -0.00612207 -0.00530922 -0.00449289 -0.0036946 -0.00297935 -0.00235925 -0.0018721 -0.00153919 -0.0013372 -0.00125938 -0.00126169 -0.00133769 -0.00145368 -0.00158114 -0.00169314 -0.00177085 -0.00181871 -0.00182537 -0.00180458 -0.00174977 -0.00167949 -0.00159703 -0.00150234 -0.00141172 -0.00131774 -0.00124169 -0.00117142 
0 0.000200694 0.000411021 0.000632317 0.000826194 0.001007 0.0011738 0.00136179 0.001578 0.0017997 0.00205922 0.00235207 0.00272487 0.00316852 0.00365232 0.00418024 0.00468852 0.00516135 0.00552427 0.00571844 0.00573442 0.00550835 0.0050482 0.00435475 0.00348195 0.00253961 0.00157555 0.000682842 -6.41697e-05 -0.000602903 -0.000876804 -0.000892602 -0.000633296 -0.000105349 0.000650792 0.00157223 0.00261513 0.00373396 0.0048738 0.0059926 0.00704334 0.00803325 0.00892485 0.00968951 0.0103292 0.0108434 0.0111971 0.0113925 0.011427 0.0112864 0.0109929 0.0104969 0.00984608 0.00903305 0.00803094 0.00686771 0.00557351 0.00412169 0.00255521 0.000905086 -0.000829736 -0.00259582 -0.00439198 -0.00615892 -0.00787844 -0.00951272 -0.0110435 -0.0124166 -0.0136516 -0.0147082 -0.0155798 -0.0162475 -0.0167259 -0.0170058 -0.0170835 -0.0169923 -0.0167387 -0.01631 -0.0157349 -0.0150645 -0.0142674 -0.0134041 -0.0124951 -0.0115464 -0.010563 -0.00961679 -0.008684 -0.00780419 -0.00695519 -0.00616324 -0.00543609 -0.00479747 -0.00418166 -0.00363915 -0.00315701 -0.00272713 -0.00232399 -0.00198328 -0.00165319 -0.00136179 -0.00108555 -0.000825745 -0.000559907 -0.000316304 -3.79272e-05 0.000239707 0.000532387 0.000853894 0.00123575 0.0016248 0.00207172 0.00256667 0.00313484 0.00375863 0.00444766 0.00517422 0.00600416 0.00688178 0.00779498 0.00875069 0.00974894 0.010721 0.0117084 0.0126746 0.0135754 0.0144001 0.015154 0.0157939 0.016305 0.0166876 0.016915 0.0169654 0.0168308 0.0165374 0.0160341 0.0153486 0.0144834 0.0134398 0.0122133 0.0108619 0.00936639 0.00778187 0.00611301 0.00438564 0.00264729 0.000896435 -0.000841726 -0.00251275 -0.00412111 -0.005673 -0.00710349 -0.0084478 -0.00968637 -0.0108227 -0.0118481 -0.012768 -0.0135996 -0.0143517 -0.0150203 -0.0156206 -0.0161865 -0.0166911 -0.0171387 -0.0175254 -0.0178395 -0.0180375 -0.0180855 -0.0179475 -0.0175995 -0.0170098 -0.0161417 -0.0150444 -0.0137291 -0.0122402 -0.0106459 -0.00900503 -0.00744389 -0.0060167 -0.0047901 -0.00384016 -0.0031669 -0.00278307 -0.00261915 -0.00262334 -0.00277177 -0.00298726 -0.00323399 -0.00344276 -0.00358728 -0.0036734 -0.00368181 -0.00363345 -0.00352875 -0.00338709 -0.00322705 -0.00304635 -0.00286343 -0.00268995 -0.00253708 -0.00240563 
0 0.000309254 0.000632317 0.000964423 0.00126419 0.00153478 0.00178742 0.00206974 0.00238163 0.00272028 0.0030997 0.00354497 0.00411033 0.00476841 0.00551878 0.0063022 0.00708319 0.00780203 0.0083402 0.00866582 0.00867665 0.00836667 0.00769173 0.00665952 0.00539488 0.00397639 0.00255902 0.00122798 0.000108174 -0.000687363 -0.00110355 -0.00112725 -0.000736631 4.59094e-05 0.00115197 0.0025243 0.00402822 0.00566618 0.00731401 0.00890655 0.0104293 0.011816 0.0130732 0.0141367 0.0150093 0.0156898 0.0161653 0.0163857 0.0164 0.0161743 0.0156944 0.0149661 0.0139853 0.0127761 0.0113087 0.00962941 0.00773805 0.00567371 0.0034244 0.00105119 -0.00141196 -0.00393414 -0.00649272 -0.00899565 -0.0114331 -0.0137947 -0.0159768 -0.0179799 -0.0197831 -0.0213305 -0.0225982 -0.023625 -0.0243512 -0.0248031 -0.024975 -0.0248885 -0.0245361 -0.0239662 -0.0231981 -0.0222588 -0.0211475 -0.0199375 -0.0186402 -0.0172704 -0.0158974 -0.0145399 -0.0131653 -0.0118456 -0.0106264 -0.00945974 -0.00836428 -0.00736893 -0.00645948 -0.00563384 -0.00489857 -0.00421665 -0.00361013 -0.0030706 -0.00256739 -0.00209712 -0.00167605 -0.00125511 -0.000844318 -0.000444079 -2.87586e-05 0.000418107 0.000882895 0.00140144 0.00195972 0.00257022 0.00327715 0.00406344 0.00489182 0.00582995 0.00688539 0.00800305 0.00920159 0.0104874 0.0118255 0.0132114 0.0146396 0.0160562 0.0174554 0.018799 0.0200784 0.0212531 0.0223016 0.0231847 0.0238973 0.0243775 0.0246592 0.0246935 0.0244619 0.0239725 0.0232278 0.0221813 0.0209018 0.0193882 0.0176281 0.0156761 0.013559 0.0112913 0.00889809 0.00645573 0.0039671 0.0014738 -0.00099981 -0.0033907 -0.0057222 -0.0079366 -0.0100307 -0.0119767 -0.0137709 -0.0154405 -0.0169416 -0.0183042 -0.0195594 -0.020706 -0.0217272 -0.022694 -0.023568 -0.0243929 -0.0251298 -0.0257656 -0.0263209 -0.0266809 -0.0268236 -0.0266832 -0.0262178 -0.0253715 -0.0241301 -0.0225076 -0.0205797 -0.0183909 -0.01602 -0.0136252 -0.011296 -0.00919624 -0.00738209 -0.005956 -0.00496959 -0.00437256 -0.00412895 -0.00412765 -0.00433395 -0.00465377 -0.00500385 -0.0053069 -0.00551263 -0.00562736 -0.00562949 -0.00555046 -0.00538509 -0.00517702 -0.00493891 -0.004674 -0.00441648 -0.00415958 -0.00394917 -0.00375827 
0 0.000405917 0.000826194 0.00126419 0.00166079 0.00202875 0.00238004 0.00276539 0.00320026 0.00366125 0.00419033 0.00480218 0.00556307 0.00646352 0.00745941 0.00852713 0.00957112 0.0105302 0.011272 0.0116933 0.0117394 0.0113248 0.0104422 0.00910741 0.00743367 0.0055964 0.00372734 0.001988 0.000527141 -0.000525394 -0.00107693 -0.00111493 -0.000621318 0.000382684 0.0018164 0.00356437 0.0055218 0.0076028 0.0096977 0.0117206 0.0136032 0.0153289 0.0168538 0.0181305 0.0191613 0.0199474 0.0204479 0.0206569 0.0205788 0.020198 0.0195292 0.0185271 0.0172403 0.0156703 0.0137877 0.0116348 0.00925297 0.00663027 0.00381749 0.000867021 -0.00220308 -0.00533066 -0.00849682 -0.0116194 -0.0146675 -0.0175934 -0.0203474 -0.0228663 -0.0251528 -0.027147 -0.0288246 -0.0301628 -0.0311597 -0.0318045 -0.0320917 -0.0320608 -0.0317225 -0.0310751 -0.0301623 -0.0290471 -0.0277099 -0.0262308 -0.0246444 -0.0229639 -0.0212178 -0.0194881 -0.0177588 -0.0160865 -0.014467 -0.0129239 -0.0114805 -0.0101681 -0.00892391 -0.00779751 -0.00678185 -0.00585924 -0.00500709 -0.00425351 -0.00354093 -0.00288971 -0.00227661 -0.00168796 -0.00110046 -0.000534357 7.34089e-05 0.000697038 0.00135349 0.00207109 0.00288006 0.00373469 0.0046933 0.00574921 0.00691805 0.00819269 0.00957687 0.0110338 0.0126241 0.0142888 0.0159988 0.0177573 0.019553 0.0213039 0.0230412 0.0247166 0.0262701 0.0276784 0.0289329 0.029974 0.0307756 0.0313218 0.0315828 0.0315246 0.0311379 0.0304507 0.029418 0.0280644 0.0264136 0.0244725 0.0222446 0.0198031 0.0171463 0.0143335 0.0113834 0.00834234 0.00526635 0.00216653 -0.000915183 -0.00390431 -0.00680252 -0.00959792 -0.0122185 -0.0146889 -0.016992 -0.0191319 -0.0210962 -0.0228976 -0.0245677 -0.0261178 -0.0275447 -0.0288818 -0.0301584 -0.0313498 -0.0324441 -0.0334249 -0.0342613 -0.0348647 -0.0351617 -0.0350794 -0.034559 -0.0335362 -0.031967 -0.0299106 -0.0274178 -0.0245724 -0.0215019 -0.0183504 -0.0153208 -0.0125508 -0.0101657 -0.00829587 -0.00696848 -0.00618153 -0.00583118 -0.00581676 -0.00607208 -0.00646829 -0.0069162 -0.00729887 -0.00756453 -0.00770997 -0.00771513 -0.00761046 -0.00740429 -0.00713506 -0.00682795 -0.00648947 -0.00614728 -0.00581922 -0.00553304 -0.00528069 
0 0.000494125 0.001007 0.00153478 0.00202875 0.00249214 0.00295 0.00345164 0.0040124 0.00462683 0.0053209 0.00613339 0.00712235 0.00827462 0.00955598 0.0109001 0.0122219 0.0134195 0.0143398 0.0148774 0.0149258 0.014425 0.013342 0.0117083 0.00967504 0.00741703 0.00513383 0.00300234 0.00120814 -8.45469e-05 -0.000776923 -0.000838552 -0.000254369 0.00093828 0.00263891 0.0047226 0.00703523 0.00949123 0.0119475 0.0142975 0.016481 0.0184423 0.0201514 0.0215526 0.0226435 0.0234252 0.023878 0.0239771 0.0237501 0.0231841 0.0222735 0.0210124 0.0194207 0.0175147 0.0152782 0.0127543 0.00996807 0.00694439 0.00370451 0.000307856 -0.0032045 -0.00678793 -0.0104062 -0.0139741 -0.0174616 -0.0208355 -0.0240121 -0.0269555 -0.0296398 -0.0320042 -0.0340131 -0.0356678 -0.0369306 -0.0377999 -0.0382694 -0.0383613 -0.0380795 -0.0374547 -0.0365238 -0.0353264 -0.0338713 -0.0322313 -0.0304389 -0.0285185 -0.0265299 -0.0245167 -0.0224721 -0.020461 -0.0185223 -0.0166482 -0.0148636 -0.0131999 -0.0116429 -0.0102076 -0.00889669 -0.00768569 -0.0065781 -0.00557207 -0.00463196 -0.00375364 -0.00293229 -0.00213173 -0.00134375 -0.000564856 0.000242015 0.00108766 0.00197685 0.00294179 0.00398933 0.00512187 0.00637891 0.0077497 0.00921831 0.0108173 0.0125448 0.0143559 0.0162662 0.0182555 0.0202865 0.0223494 0.0244254 0.0264519 0.0284193 0.030286 0.032014 0.0335632 0.0349064 0.0359929 0.0367978 0.0372815 0.0374439 0.0372468 0.036679 0.0357551 0.0344668 0.032807 0.0308281 0.0285414 0.0259526 0.0231212 0.0200752 0.0168458 0.0134677 0.010006 0.00649184 0.00295994 -0.000549488 -0.00397325 -0.0073118 -0.010527 -0.0135853 -0.0164745 -0.019192 -0.0217492 -0.0241241 -0.0263417 -0.0284351 -0.0304103 -0.0322638 -0.0340428 -0.0357431 -0.0373681 -0.0388827 -0.0402602 -0.0414683 -0.0423846 -0.0429248 -0.0429921 -0.0425044 -0.0413807 -0.0395866 -0.0371601 -0.0341872 -0.0307644 -0.0270395 -0.0232202 -0.0195096 -0.0161151 -0.0131821 -0.0108579 -0.00920697 -0.00819606 -0.00773677 -0.00769855 -0.00798809 -0.00846688 -0.00900371 -0.00947508 -0.00980911 -0.00999118 -0.0100074 -0.00988426 -0.00963844 -0.00931582 -0.00894022 -0.00852739 -0.00810894 -0.00770254 -0.00734714 -0.00702884 
0 0.000576076 0.0011738 0.00178742 0.00238004 0.00295 0.00352824 0.00415942 0.00486606 0.00565108 0.00653663 0.00757307 0.0088068 0.0102311 0.0118028 0.013438 0.0150403 0.0164765 0.0175848 0.0182331 0.0182972 0.0177105 0.0164368 0.0145271 0.0121466 0.00949796 0.00681679 0.00431349 0.00220184 0.000667431 -0.000179151 -0.000291032 0.000337424 0.00165849 0.0035581 0.00588923 0.00848327 0.0112175 0.0139404 0.0165262 0.0189028 0.0210045 0.0227948 0.0242261 0.0252906 0.0259892 0.0263115 0.0262419 0.0258045 0.0250038 0.0238335 0.0223076 0.02044 0.0182503 0.0157367 0.0129326 0.00986343 0.00656048 0.00304548 -0.000629519 -0.00441706 -0.00828268 -0.0121777 -0.0160344 -0.0198104 -0.0234694 -0.0269338 -0.0301696 -0.0331389 -0.0357921 -0.0380871 -0.0400144 -0.0415374 -0.0426465 -0.0433366 -0.0436183 -0.0434952 -0.0429911 -0.0421401 -0.0409723 -0.0395173 -0.0378294 -0.035948 -0.0339009 -0.0317485 -0.0295281 -0.0272618 -0.0249952 -0.0227728 -0.0205987 -0.0185071 -0.0165202 -0.0146456 -0.0128888 -0.0112624 -0.00974814 -0.00835125 -0.00705854 -0.00585181 -0.00471398 -0.0036394 -0.00259213 -0.00156315 -0.000532312 0.000523219 0.00162628 0.00278434 0.00403016 0.00536622 0.0068064 0.00836885 0.0100557 0.0118497 0.0137704 0.0158031 0.0179222 0.020119 0.0223788 0.0246603 0.0269463 0.0292066 0.0313978 0.0334887 0.0354431 0.037218 0.0387738 0.0400779 0.041091 0.0417847 0.0421272 0.0421131 0.0417148 0.0409297 0.0397663 0.0382313 0.0363213 0.0340818 0.0315276 0.0286775 0.0255763 0.0222673 0.0187746 0.0151401 0.0114212 0.00764805 0.00385738 9.1604e-05 -0.00360138 -0.00721128 -0.0107037 -0.0140592 -0.0172583 -0.0203078 -0.0232115 -0.0259576 -0.0285673 -0.0310699 -0.033472 -0.0357772 -0.0380215 -0.0402001 -0.0423097 -0.044308 -0.0461571 -0.0477975 -0.0491029 -0.0499603 -0.0502556 -0.049884 -0.0487511 -0.0468215 -0.0441252 -0.0407592 -0.036842 -0.0325491 -0.0281229 -0.0238011 -0.0198277 -0.0163897 -0.0136482 -0.0116853 -0.010466 -0.00989407 -0.00983018 -0.0101464 -0.0106926 -0.0113099 -0.011862 -0.0122652 -0.0124879 -0.0125234 -0.0123912 -0.0121184 -0.0117521 -0.0113182 -0.010841 -0.0103513 -0.00987461 -0.00944722 -0.00906198 
0 0.000671392 0.00136179 0.00206974 0.00276539 0.00345164 0.00415942 0.00492811 0.00579572 0.00675973 0.00785957 0.0091388 0.0106324 0.0123515 0.0142172 0.0161637 0.0180505 0.0197291 0.0210407 0.0217937 0.0218948 0.0212235 0.0197716 0.0176098 0.0148867 0.0118716 0.00879191 0.00591898 0.00348592 0.00168753 0.000658041 0.000456422 0.00107433 0.00245701 0.0044836 0.00696371 0.00975771 0.0126618 0.0155455 0.0182704 0.0207245 0.0228721 0.0246406 0.0260091 0.0269631 0.027509 0.0276287 0.0273522 0.0266697 0.0256109 0.024192 0.0224107 0.0203082 0.0178917 0.0151806 0.0121881 0.00896568 0.00550698 0.00186868 -0.0019201 -0.00582351 -0.00980023 -0.0137963 -0.017778 -0.0216886 -0.0254678 -0.0290928 -0.0324923 -0.0356358 -0.0384856 -0.0410096 -0.0431524 -0.0449233 -0.0462809 -0.047222 -0.047745 -0.0478677 -0.0475764 -0.0469064 -0.0458886 -0.0445543 -0.0429324 -0.0410777 -0.0390264 -0.0368049 -0.0344696 -0.0320727 -0.0296392 -0.0271855 -0.0247655 -0.0224083 -0.0201347 -0.0179465 -0.0158723 -0.0139156 -0.0120856 -0.0103626 -0.00875193 -0.00723344 -0.00579984 -0.00441825 -0.00308282 -0.00176042 -0.000435622 0.000925614 0.00232766 0.00380087 0.00535835 0.00702747 0.00879807 0.0106782 0.0126738 0.0147993 0.0170192 0.0193177 0.0216919 0.0241302 0.0265867 0.0290356 0.0314555 0.0338038 0.0360414 0.0381386 0.0400634 0.0417521 0.0431849 0.0443318 0.0451614 0.0456344 0.0457653 0.0455086 0.0448684 0.0438485 0.042462 0.0406951 0.038596 0.0361645 0.0334281 0.0304232 0.027182 0.0237369 0.0201317 0.0164054 0.0125829 0.00872658 0.00484567 0.000989707 -0.00281547 -0.00653709 -0.0101807 -0.0136985 -0.0171022 -0.0203938 -0.0235586 -0.0266191 -0.0295775 -0.0324577 -0.0352719 -0.0380396 -0.040752 -0.0434486 -0.0460736 -0.0486033 -0.0509877 -0.053112 -0.05488 -0.0561252 -0.0567234 -0.0565455 -0.0554901 -0.053505 -0.0506373 -0.0469649 -0.0426431 -0.0378855 -0.0329282 -0.028091 -0.023605 -0.0197253 -0.0166235 -0.0143721 -0.0129756 -0.0122967 -0.0122144 -0.0125594 -0.0131637 -0.01386 -0.014488 -0.0149622 -0.0152296 -0.01529 -0.0151557 -0.0148662 -0.0144623 -0.0139792 -0.0134492 -0.0128981 -0.0123697 -0.01188 -0.0114416 
0 0.000777665 0.001578 0.00238163 0.00320026 0.0040124 0.00486606 0.00579572 0.00682541 0.00800005 0.00932372 0.0108717 0.0126542 0.0146663 0.0168652 0.0191115 0.021301 0.02323 0.0247233 0.025613 0.0257199 0.0249846 0.0233582 0.0209346 0.0179037 0.0144979 0.0110299 0.00776959 0.00498402 0.00289261 0.00163255 0.00128009 0.00183109 0.00320472 0.00526082 0.00782991 0.010699 0.013692 0.0166358 0.0193797 0.0218398 0.023922 0.0255868 0.0268159 0.0275904 0.0279106 0.0278086 0.0272759 0.0263484 0.0250554 0.0233865 0.0214088 0.0191129 0.0165257 0.0136905 0.0106199 0.00732233 0.00385721 0.000222356 -0.00355203 -0.00741144 -0.0113467 -0.0152976 -0.0192338 -0.0231083 -0.0268927 -0.0305205 -0.0339766 -0.037197 -0.040154 -0.0428023 -0.0451385 -0.0471127 -0.0487092 -0.0499262 -0.0507344 -0.0511229 -0.0511265 -0.0507489 -0.0499757 -0.0488707 -0.0474414 -0.04572 -0.0437519 -0.0416033 -0.0392722 -0.0368188 -0.0342669 -0.0316928 -0.0291036 -0.0265269 -0.0239742 -0.0215216 -0.0191436 -0.0168635 -0.0146817 -0.0126246 -0.0106544 -0.00879404 -0.00700121 -0.00527847 -0.00358742 -0.00192422 -0.000237661 0.0014584 0.00322178 0.00505602 0.00697689 0.00896901 0.0110908 0.0133108 0.0156306 0.0180193 0.0204992 0.0230418 0.0256374 0.0282126 0.0307864 0.0333215 0.0357709 0.0380915 0.0402828 0.0422572 0.0439981 0.045495 0.0467012 0.047577 0.0481245 0.0483211 0.0481434 0.0476103 0.046716 0.0454653 0.0438499 0.0419169 0.0396537 0.0370995 0.0342813 0.0312319 0.0279586 0.0245302 0.0209454 0.0172549 0.0135048 0.00969818 0.00588485 0.00209194 -0.00168159 -0.0054045 -0.00904597 -0.0126378 -0.0161317 -0.0195522 -0.0229058 -0.0261905 -0.0294346 -0.0326507 -0.0358468 -0.0390435 -0.0422492 -0.0454399 -0.0486149 -0.0517085 -0.0546472 -0.0573262 -0.0595937 -0.0612927 -0.0622595 -0.0623422 -0.0614298 -0.059485 -0.0565146 -0.0526371 -0.0480164 -0.0428733 -0.0375202 -0.0322339 -0.0273399 -0.0230955 -0.0196751 -0.0172058 -0.0156364 -0.0148878 -0.0147983 -0.0151746 -0.0158552 -0.0166237 -0.0173426 -0.0178949 -0.0182179 -0.0183178 -0.0181962 -0.0179045 -0.0174809 -0.0169643 -0.016396 -0.0158059 -0.0152346 -0.014702 -0.0142179 
0 0.000893512 0.0017997 0.00272028 0.00366125 0.00462683 0.00565108 0.00675973 0.00800005 0.00939902 0.0109997 0.0128419 0.0149289 0.0172744 0.0197825 0.022361 0.0248337 0.0269998 0.028689 0.0296607 0.0297959 0.0289561 0.0271423 0.0244666 0.0210866 0.0173126 0.0134255 0.00976202 0.0066041 0.00417146 0.0026264 0.0020626 0.00245702 0.00373098 0.00574348 0.00827398 0.0111648 0.0141388 0.0170554 0.0197587 0.0221135 0.0240741 0.0255624 0.0265919 0.0271449 0.0272346 0.0268673 0.0261063 0.0249355 0.0234074 0.0215538 0.0194018 0.0169827 0.0143074 0.0114304 0.00834107 0.00509261 0.00167745 -0.00184429 -0.00546872 -0.00917115 -0.0129286 -0.0166834 -0.0204557 -0.0241848 -0.0278072 -0.0313416 -0.0347214 -0.0379061 -0.0408824 -0.0436272 -0.046063 -0.0482104 -0.0500166 -0.051482 -0.0525708 -0.0533014 -0.053638 -0.0535857 -0.0531446 -0.0523642 -0.051217 -0.0497528 -0.0480129 -0.0459998 -0.043753 -0.0413686 -0.0388417 -0.0361832 -0.0334733 -0.0307454 -0.0280109 -0.0253012 -0.0226387 -0.020037 -0.0175314 -0.0151039 -0.0127577 -0.010501 -0.00832165 -0.0061837 -0.00409675 -0.00202308 6.54625e-05 0.00218166 0.00433486 0.00656059 0.00885437 0.0112376 0.0137033 0.016225 0.0188189 0.021502 0.0242033 0.0268973 0.0296114 0.0322921 0.0348947 0.0374028 0.0397764 0.0419592 0.0439524 0.0457003 0.0471863 0.0483637 0.049231 0.049761 0.0499637 0.0498068 0.0493313 0.0484887 0.0473175 0.0458313 0.044036 0.0419387 0.0396049 0.0370032 0.0341734 0.031171 0.0279895 0.024669 0.0212448 0.0177454 0.0141636 0.0105569 0.00692143 0.00329707 -0.000332068 -0.00391546 -0.00747633 -0.0109958 -0.0144863 -0.0179553 -0.0213883 -0.0248359 -0.0282917 -0.0317712 -0.035294 -0.0388965 -0.042534 -0.0462434 -0.0499482 -0.053611 -0.0571412 -0.0603631 -0.0631743 -0.0653505 -0.0667236 -0.0671219 -0.0664274 -0.0645835 -0.0616201 -0.057622 -0.0527939 -0.0473963 -0.0417084 -0.0361071 -0.030876 -0.0263443 -0.022697 -0.0200275 -0.0183569 -0.0175479 -0.0174754 -0.0179105 -0.0186627 -0.0195365 -0.0203554 -0.0210139 -0.0214265 -0.0215947 -0.0215237 -0.021262 -0.0208458 -0.0203215 -0.0197376 -0.0191224 -0.0185273 -0.0179554 -0.0174336 
0 0.00102259 0.00205922 0.0030997 0.00419033 0.0053209 0.00653663 0.00785957 0.00932372 0.0109997 0.0128976 0.0150724 0.0175066 0.0201865 0.0230474 0.0259344 0.0286921 0.0310792 0.0329045 0.0339542 0.034043 0.0330829 0.0310532 0.0280839 0.0243656 0.0201789 0.0158643 0.0117639 0.00818625 0.00536748 0.003483 0.00263161 0.00280592 0.00390225 0.00576368 0.00819546 0.0109757 0.0138598 0.0166672 0.0192398 0.0214623 0.0232459 0.0245351 0.025348 0.0256672 0.0255002 0.0249006 0.0239001 0.022529 0.0208305 0.0188248 0.0165803 0.014097 0.0113945 0.00854301 0.0055389 0.00239464 -0.000846015 -0.00417029 -0.00757225 -0.0110216 -0.0145072 -0.0179853 -0.0214682 -0.0249192 -0.0283074 -0.0316245 -0.0348473 -0.037923 -0.0408378 -0.0435626 -0.0460707 -0.0483316 -0.0503157 -0.0520192 -0.0533895 -0.0544133 -0.0551038 -0.0554364 -0.0553784 -0.0549802 -0.0542084 -0.0530769 -0.0516323 -0.0498996 -0.0478749 -0.0456287 -0.0431702 -0.0405573 -0.0378332 -0.035014 -0.0321149 -0.0292182 -0.0263167 -0.0234273 -0.0205794 -0.0177915 -0.0150462 -0.0123739 -0.00974853 -0.00716324 -0.00460936 -0.00207444 0.000479566 0.00303711 0.00563763 0.00829164 0.0109867 0.0137182 0.0165262 0.0193634 0.0222222 0.0250901 0.0279487 0.0307701 0.03355 0.0362035 0.0387323 0.0411189 0.0433021 0.0452424 0.0469579 0.048367 0.049468 0.0502734 0.0507556 0.0508903 0.0507093 0.0501994 0.0493683 0.048232 0.0468154 0.0451291 0.0431719 0.0409911 0.0386069 0.0360233 0.0332797 0.0304139 0.0274091 0.0243112 0.0211267 0.0178819 0.0145872 0.0112484 0.0078952 0.00453831 0.00114689 -0.0022333 -0.00560173 -0.00899491 -0.0123875 -0.0157989 -0.0192455 -0.0227536 -0.026348 -0.0300315 -0.0338257 -0.0377643 -0.0418138 -0.0459598 -0.0501678 -0.0543655 -0.0584362 -0.0622186 -0.0655522 -0.068229 -0.0700368 -0.0707866 -0.0703562 -0.0686886 -0.0657893 -0.0617667 -0.0568344 -0.0512599 -0.0453754 -0.0395245 -0.0340651 -0.0293226 -0.0254881 -0.0226964 -0.0209326 -0.0201179 -0.0200912 -0.0206138 -0.0214937 -0.0224987 -0.0234733 -0.0242765 -0.0248211 -0.0251035 -0.0251187 -0.0249246 -0.0245476 -0.024044 -0.02347 -0.022858 -0.0222571 -0.0216698 -0.0211257 
0 0.00117233 0.00235207 0.00354497 0.00480218 0.00613339 0.00757307 0.0091388 0.0108717 0.0128419 0.0150724 0.0175963 0.0203863 0.0234152 0.026605 0.0297997 0.0328101 0.0353872 0.037324 0.038393 0.0384108 0.0372778 0.034994 0.0317016 0.0275983 0.0229802 0.0182014 0.0136309 0.00959616 0.00634144 0.00405437 0.00284613 0.00270675 0.00353041 0.00515532 0.00738094 0.00998531 0.0127031 0.0153456 0.0177548 0.0198018 0.0213971 0.0224867 0.0230919 0.0232044 0.0228345 0.0220352 0.0208588 0.0193332 0.0175041 0.0154141 0.0131263 0.0106484 0.0080019 0.00525032 0.00238938 -0.00056671 -0.0035885 -0.00665141 -0.00975441 -0.0128855 -0.016031 -0.0191599 -0.0223009 -0.0254222 -0.0284915 -0.0315247 -0.0345021 -0.0373836 -0.0401666 -0.0428311 -0.0453349 -0.0476557 -0.049764 -0.0516501 -0.0532632 -0.0545918 -0.0556241 -0.0563237 -0.0566649 -0.0566821 -0.0563297 -0.0556121 -0.0545591 -0.053166 -0.0514369 -0.0494448 -0.0471861 -0.0446878 -0.0420085 -0.0391787 -0.0362142 -0.0331747 -0.0300694 -0.0269222 -0.0237694 -0.0206211 -0.017474 -0.0143581 -0.0112633 -0.0081835 -0.00512554 -0.00207906 0.000978559 0.00403126 0.00709605 0.010184 0.013282 0.0163867 0.0195073 0.0226018 0.0256729 0.0287117 0.0316671 0.0345096 0.0372468 0.0398067 0.0421697 0.0443234 0.046216 0.0478157 0.0491479 0.0501582 0.050844 0.0512171 0.0512693 0.0509916 0.0504215 0.0495571 0.0484155 0.0470058 0.0453653 0.0435134 0.0414563 0.0392375 0.0368878 0.034394 0.0317918 0.02912 0.0263558 0.0235294 0.0206552 0.0177408 0.014778 0.0117787 0.00875824 0.00571949 0.00263334 -0.00046369 -0.00358281 -0.00676069 -0.0099927 -0.013293 -0.0166825 -0.0202009 -0.0238643 -0.027678 -0.0316723 -0.0358786 -0.0402583 -0.0447948 -0.0494406 -0.0541174 -0.0586878 -0.0629692 -0.0667952 -0.0699372 -0.0721634 -0.0732726 -0.0731326 -0.0716776 -0.068907 -0.0649251 -0.0599622 -0.0543046 -0.0482921 -0.042296 -0.0366896 -0.031818 -0.0278863 -0.0250246 -0.0232431 -0.0224642 -0.0225265 -0.0231832 -0.0242186 -0.0254058 -0.026572 -0.0275681 -0.028297 -0.0287426 -0.0289036 -0.028827 -0.0285425 -0.0281082 -0.0275863 -0.0270162 -0.0264394 -0.0258624 -0.0253166 
0 0.00136392 0.00272487 0.00411033 0.00556307 0.00712235 0.0088068 0.0106324 0.0126542 0.0149289 0.0175066 0.0203863 0.0235329 0.0269081 0.0304072 0.0338877 0.0371129 0.0398373 0.0418376 0.0428679 0.0427668 0.0414107 0.0388318 0.0351772 0.0306473 0.0255623 0.0202754 0.0151873 0.0106409 0.00689285 0.00414229 0.00251277 0.00199088 0.0024724 0.003795 0.00574348 0.00811058 0.0106081 0.013047 0.0152719 0.0171365 0.0185585 0.0194784 0.019914 0.019865 0.0193496 0.0184085 0.0171242 0.0155154 0.0136288 0.0115309 0.00926279 0.00685152 0.00431947 0.00172291 -0.000939709 -0.00364364 -0.00638974 -0.00913936 -0.0119009 -0.0146795 -0.0174538 -0.0202046 -0.0229668 -0.0257218 -0.0284354 -0.0311501 -0.0338388 -0.0364792 -0.0390677 -0.0416052 -0.0440361 -0.0463588 -0.0485393 -0.0505581 -0.0523637 -0.0539505 -0.055287 -0.0563349 -0.0570736 -0.0575075 -0.0575879 -0.0573107 -0.056696 -0.0557124 -0.0543654 -0.0527011 -0.0507223 -0.0484318 -0.0458949 -0.0431321 -0.0401712 -0.0370483 -0.0337991 -0.0304373 -0.0270085 -0.0235135 -0.0199755 -0.0164101 -0.0128334 -0.00923556 -0.00564794 -0.00205977 0.00152035 0.00508851 0.00863123 0.01216 0.0156471 0.0191017 0.0225033 0.0258244 0.0290514 0.0321842 0.0351552 0.0379465 0.0405514 0.0429201 0.0450163 0.0468455 0.0483705 0.0495706 0.0504626 0.0510272 0.0512657 0.0511914 0.0508182 0.0501452 0.0492072 0.0480126 0.0465982 0.0449641 0.0431633 0.0412112 0.0391237 0.0369248 0.0346643 0.0323121 0.0299037 0.0274694 0.0249869 0.0224611 0.0199202 0.0173571 0.0147487 0.0121232 0.00947045 0.00678667 0.00404445 0.00126725 -0.00157351 -0.00449495 -0.00752418 -0.0106644 -0.0139403 -0.0174105 -0.0210782 -0.0249575 -0.0290837 -0.0334827 -0.0381097 -0.0429568 -0.0479544 -0.0530276 -0.0580227 -0.0627346 -0.0669971 -0.0705535 -0.0731602 -0.0746042 -0.0747446 -0.0735049 -0.0708868 -0.0669878 -0.0620513 -0.0563843 -0.0503199 -0.0442677 -0.0385983 -0.0336748 -0.0297195 -0.0268465 -0.0251069 -0.0244114 -0.0246088 -0.025449 -0.0266878 -0.0281132 -0.0295248 -0.0307719 -0.0317458 -0.0324138 -0.0327816 -0.0328786 -0.0327426 -0.0324324 -0.0320157 -0.0315392 -0.0310348 -0.0305145 -0.0300099 
0 0.00158273 0.00316852 0.00476841 0.00646352 0.00827462 0.0102311 0.0123515 0.0146663 0.0172744 0.0201865 0.0234152 0.0269081 0.0305838 0.0343779 0.0380749 0.0414699 0.0442882 0.0462716 0.0472275 0.046925 0.0453076 0.0423866 0.0383113 0.0333305 0.027723 0.0218973 0.0162487 0.0111403 0.00684881 0.00358796 0.00146937 0.000513507 0.000601742 0.00156012 0.0032196 0.00529724 0.00757506 0.00981159 0.0118486 0.0135652 0.0148371 0.015632 0.0159525 0.0158092 0.0152032 0.0142204 0.0128857 0.0112732 0.00941434 0.00736148 0.00518542 0.00289813 0.000529818 -0.00187372 -0.00428206 -0.00672797 -0.00915035 -0.0115672 -0.0139753 -0.0163794 -0.0187631 -0.0211444 -0.0235164 -0.025886 -0.0282594 -0.0306239 -0.033002 -0.0353724 -0.037733 -0.0400652 -0.0423859 -0.0446346 -0.0468161 -0.0488982 -0.05085 -0.0526145 -0.0542063 -0.0555673 -0.056665 -0.0574786 -0.0579915 -0.0581559 -0.057974 -0.0574405 -0.0565373 -0.0552554 -0.0536052 -0.0516197 -0.0493141 -0.046699 -0.043799 -0.040675 -0.0373398 -0.0338191 -0.0301379 -0.026337 -0.0224222 -0.0184294 -0.0143665 -0.0102668 -0.00614017 -0.00201676 0.00209516 0.00615989 0.0101831 0.0141377 0.0180025 0.0217534 0.0253992 0.0289016 0.0322301 0.0353526 0.0382604 0.0409279 0.0433154 0.0453871 0.0471498 0.0485963 0.0496905 0.0504515 0.0508889 0.050992 0.0507675 0.0502756 0.0494959 0.0484561 0.0471893 0.0457362 0.0440832 0.0423048 0.0404115 0.0384245 0.0363554 0.0342566 0.0321096 0.0299402 0.0277624 0.0255757 0.0233807 0.0211769 0.0189689 0.0167497 0.0145244 0.0122566 0.00998508 0.00766267 0.00527581 0.00282141 0.000296829 -0.00236298 -0.00515077 -0.00808629 -0.0112245 -0.0145789 -0.0181977 -0.0220795 -0.026267 -0.0307723 -0.0355871 -0.0406441 -0.0459262 -0.0513138 -0.0566331 -0.0617162 -0.0663142 -0.0702149 -0.073133 -0.074853 -0.0752341 -0.0741932 -0.0717164 -0.0679266 -0.063057 -0.0574147 -0.0513833 -0.0453212 -0.0396753 -0.0347698 -0.0308403 -0.0280397 -0.0263709 -0.02582 -0.0261874 -0.0272424 -0.0287426 -0.0304373 -0.0321579 -0.0337099 -0.0349936 -0.0359638 -0.0366086 -0.0369634 -0.0370507 -0.0369401 -0.0366997 -0.0363772 -0.0360029 -0.0355882 -0.0351704 
0 0.00183286 0.00365232 0.00551878 0.00745941 0.00955598 0.0118028 0.0142172 0.0168652 0.0197825 0.0230474 0.026605 0.0304072 0.0343779 0.0383755 0.0422544 0.0457283 0.0485539 0.0504681 0.051232 0.0506918 0.0487302 0.0454142 0.0408889 0.0353938 0.029253 0.0228533 0.0166186 0.0109229 0.00606401 0.00224907 -0.000371863 -0.00180829 -0.00214652 -0.00154587 -0.000225448 0.00160066 0.00365255 0.00571148 0.00761436 0.00920536 0.0103849 0.0111155 0.0113773 0.0111974 0.0106023 0.00961646 0.00833685 0.00678622 0.00500972 0.00309013 0.00105296 -0.00106028 -0.00320808 -0.00537395 -0.00753454 -0.00966909 -0.0117945 -0.0138781 -0.0159276 -0.0179644 -0.0199785 -0.0219758 -0.0239815 -0.0259987 -0.0280103 -0.0300476 -0.0321066 -0.0341818 -0.0362791 -0.0384146 -0.040543 -0.0426708 -0.0447873 -0.0468543 -0.0488494 -0.0507651 -0.052539 -0.0541312 -0.0555301 -0.0566904 -0.0575745 -0.0581612 -0.0584273 -0.0583215 -0.0578407 -0.0569868 -0.0557572 -0.0541114 -0.0520778 -0.049685 -0.0469576 -0.0438867 -0.0405211 -0.0368875 -0.033027 -0.0289497 -0.0247021 -0.0203043 -0.0158037 -0.0112183 -0.00659837 -0.00196279 0.00264208 0.00719814 0.0116538 0.0159944 0.0201912 0.0242316 0.0280519 0.0316421 0.0349889 0.0380741 0.0408321 0.0432578 0.0453468 0.0470971 0.0484711 0.049481 0.0501378 0.0504453 0.050411 0.0500798 0.0494552 0.0485464 0.047407 0.0460642 0.0445378 0.0428722 0.0411021 0.0392288 0.0373024 0.0353412 0.03336 0.0313701 0.0294009 0.0274319 0.0254762 0.023549 0.0216415 0.019738 0.0178624 0.0159927 0.014097 0.0121993 0.010268 0.00828253 0.00623997 0.00411408 0.00187751 -0.000481745 -0.00302017 -0.00574243 -0.00867906 -0.0119021 -0.0154072 -0.0192328 -0.0234208 -0.0279731 -0.0328784 -0.0381013 -0.0435664 -0.0491757 -0.0547511 -0.0600727 -0.0649405 -0.0690749 -0.0722197 -0.0741529 -0.074714 -0.0738278 -0.0714831 -0.0677961 -0.063005 -0.057439 -0.0514479 -0.0454586 -0.0398669 -0.0350249 -0.0311882 -0.0284625 -0.0269369 -0.0265334 -0.027103 -0.0284145 -0.0301882 -0.0322267 -0.0342901 -0.0362219 -0.0378939 -0.0392358 -0.0402567 -0.0409408 -0.0413423 -0.0415115 -0.0415197 -0.0414282 -0.0412423 -0.0409993 -0.0407222 
0 0.00208948 0.00418024 0.0063022 0.00852713 0.0109001 0.013438 0.0161637 0.0191115 0.022361 0.0259344 0.0297997 0.0338877 0.0380749 0.0422544 0.0462101 0.0496986 0.0524501 0.0541784 0.0546976 0.0538041 0.0514498 0.0476853 0.0426554 0.0366405 0.0299364 0.0229631 0.0161403 0.0098507 0.00441365 5.92715e-05 -0.00308715 -0.00498956 -0.00574486 -0.00551726 -0.00448374 -0.00292775 -0.00105933 0.000861307 0.00265969 0.00419909 0.00535241 0.00608796 0.00637415 0.00623947 0.00569349 0.00480974 0.00362079 0.00220293 0.000595147 -0.00114586 -0.00297818 -0.00486411 -0.00677016 -0.00868527 -0.0105552 -0.0124139 -0.0142142 -0.0159792 -0.0177085 -0.01941 -0.0210743 -0.022747 -0.0243974 -0.0260558 -0.0277522 -0.0294627 -0.0312175 -0.0330176 -0.0348596 -0.0367312 -0.0386659 -0.0406231 -0.0426207 -0.0446144 -0.046611 -0.0485471 -0.0504194 -0.0521873 -0.0538225 -0.0552457 -0.0564628 -0.0574076 -0.0580432 -0.0583578 -0.0583295 -0.0578845 -0.057031 -0.0557761 -0.0540985 -0.0519836 -0.0494444 -0.0465049 -0.0431892 -0.0395184 -0.0355144 -0.0312303 -0.0267026 -0.0219728 -0.0170807 -0.0120839 -0.00701713 -0.00193782 0.00310754 0.00807236 0.0129242 0.0176047 0.0220736 0.0262929 0.0302394 0.0338821 0.0371734 0.040084 0.042631 0.0448042 0.0465531 0.0479027 0.0488697 0.0494546 0.0496662 0.0495521 0.0490973 0.0483536 0.0473429 0.0461213 0.0446972 0.043127 0.0414204 0.039642 0.0377828 0.0359132 0.0340281 0.0321452 0.0302769 0.0284512 0.0266387 0.0248837 0.0231777 0.0214966 0.0198673 0.018261 0.0166742 0.0150982 0.0135324 0.0119334 0.0103259 0.00864892 0.00691172 0.00507483 0.0031286 0.00103085 -0.00124224 -0.0037216 -0.0064642 -0.00949519 -0.0128697 -0.0166056 -0.0207468 -0.0252862 -0.0302371 -0.0355204 -0.0410989 -0.0468361 -0.0525452 -0.0580448 -0.0630541 -0.0673445 -0.0706294 -0.0726867 -0.0733663 -0.0725789 -0.0703198 -0.0667232 -0.0620112 -0.0565111 -0.05061 -0.0446868 -0.0391913 -0.0344347 -0.0306836 -0.0280872 -0.0266841 -0.0264697 -0.0272564 -0.0288359 -0.030945 -0.0333384 -0.0358167 -0.0381763 -0.0402989 -0.0421016 -0.0435571 -0.0446677 -0.0454556 -0.0459874 -0.0463295 -0.0465327 -0.0466191 -0.0466084 -0.046541 
0 0.0023448 0.00468852 0.00708319 0.00957112 0.0122219 0.0150403 0.0180505 0.021301 0.0248337 0.0286921 0.0328101 0.0371129 0.0414699 0.0457283 0.0496986 0.053104 0.0556894 0.0571713 0.0573475 0.0560591 0.0532498 0.0489964 0.0434458 0.0368825 0.0296235 0.0220868 0.0146946 0.00783814 0.00185824 -0.00302105 -0.00665042 -0.00900922 -0.0101662 -0.0102706 -0.00952424 -0.00817595 -0.00645708 -0.00461853 -0.00284916 -0.00130346 -0.000105167 0.000714611 0.00109868 0.0010818 0.000689588 -3.94331e-05 -0.00104559 -0.00227699 -0.0036807 -0.00519549 -0.00679389 -0.00843059 -0.0100599 -0.0116964 -0.0132949 -0.0148612 -0.0163823 -0.0178629 -0.0192999 -0.0206967 -0.0220618 -0.0234258 -0.0247764 -0.0261374 -0.0275328 -0.0289488 -0.0304133 -0.0319308 -0.0335135 -0.0351604 -0.0368722 -0.0386393 -0.0404751 -0.0423349 -0.0442403 -0.0461636 -0.0480572 -0.0498955 -0.0516614 -0.0532758 -0.0547283 -0.0559728 -0.0569452 -0.0576097 -0.0579418 -0.0578919 -0.0574474 -0.0565681 -0.0552186 -0.0534077 -0.0511345 -0.0483794 -0.0451604 -0.0415117 -0.0374594 -0.0330469 -0.0283212 -0.0233355 -0.0181471 -0.0128198 -0.00740647 -0.00197039 0.00342877 0.00873004 0.0138728 0.0187963 0.0234609 0.0278098 0.0317846 0.0353671 0.0385416 0.041274 0.0435573 0.0453951 0.0467855 0.047765 0.0483349 0.0485002 0.0483094 0.0477986 0.0469692 0.0459001 0.0446127 0.0431276 0.0415035 0.0397942 0.0379976 0.0361774 0.0343412 0.0325113 0.0307009 0.0289339 0.0272159 0.0255606 0.0239513 0.0224136 0.0209301 0.0194892 0.0181086 0.0167641 0.0154445 0.0141396 0.0128343 0.0115102 0.0101592 0.00874578 0.00728502 0.0057177 0.00402945 0.00219527 0.000163445 -0.00210123 -0.00463696 -0.00749762 -0.0107148 -0.0143343 -0.018393 -0.0228771 -0.0278089 -0.0331152 -0.0387281 -0.0445139 -0.0502882 -0.055843 -0.060918 -0.0652522 -0.0685854 -0.0706939 -0.0714117 -0.0706632 -0.0684424 -0.06489 -0.0602232 -0.0547772 -0.0489344 -0.0430972 -0.0376888 -0.0330266 -0.0293865 -0.0269059 -0.0256607 -0.0256202 -0.0266321 -0.0284942 -0.0309321 -0.0337218 -0.0366266 -0.0394621 -0.04209 -0.0444062 -0.0463803 -0.0479806 -0.0492417 -0.0502135 -0.05096 -0.0515364 -0.0519526 -0.0522452 -0.0524436 
0 0.00257957 0.00516135 0.00780203 0.0105302 0.0134195 0.0164765 0.0197291 0.02323 0.0269998 0.0310792 0.0353872 0.0398373 0.0442882 0.0485539 0.0524501 0.0556894 0.0580252 0.0591818 0.0589495 0.0572085 0.0539104 0.0491507 0.0430814 0.0359864 0.0282022 0.0201388 0.012221 0.00484266 -0.00163597 -0.00698552 -0.0110482 -0.0138039 -0.0153052 -0.0156878 -0.0151701 -0.0139817 -0.0123631 -0.0105535 -0.0087571 -0.00713973 -0.00582007 -0.00484354 -0.00427956 -0.0041055 -0.00428364 -0.00479267 -0.00556522 -0.00655922 -0.00770894 -0.00896176 -0.0103005 -0.0116731 -0.0130351 -0.0144015 -0.0157372 -0.0170277 -0.0182784 -0.0194917 -0.0206726 -0.0218117 -0.0229275 -0.0240394 -0.0251325 -0.0262298 -0.0273624 -0.0285223 -0.02973 -0.0309987 -0.0323359 -0.0337469 -0.0352282 -0.0367957 -0.0384498 -0.040154 -0.0419263 -0.0437522 -0.0455796 -0.0474101 -0.0492208 -0.0509321 -0.0525276 -0.0539671 -0.0551776 -0.0561287 -0.056781 -0.0570629 -0.0569516 -0.0564126 -0.0553994 -0.0538933 -0.0518805 -0.0493395 -0.0462847 -0.0427351 -0.0387153 -0.0342681 -0.029452 -0.0243249 -0.0189543 -0.0134086 -0.00776139 -0.00208536 0.00354451 0.00906009 0.0143848 0.0194467 0.0241867 0.0285507 0.0324826 0.0359582 0.0389507 0.0414423 0.0434473 0.0449736 0.0460184 0.0466297 0.0468278 0.046628 0.0460965 0.0452686 0.0441517 0.0428307 0.0413473 0.0397119 0.0379943 0.0362346 0.034428 0.0326267 0.0308574 0.0291225 0.0274393 0.025822 0.0242762 0.0227999 0.0213885 0.0200631 0.0188006 0.0175833 0.0164256 0.0153042 0.014198 0.0131107 0.0120254 0.0109319 0.00980399 0.0086226 0.00739125 0.00604976 0.00457765 0.00296431 0.00114578 -0.000922334 -0.0032697 -0.00596204 -0.00902829 -0.012528 -0.0164838 -0.0208858 -0.0257536 -0.0310242 -0.0366073 -0.0423713 -0.0481366 -0.0536771 -0.0587376 -0.0630388 -0.0663404 -0.0684155 -0.0690956 -0.0683115 -0.0660701 -0.0625147 -0.057859 -0.0524426 -0.0466446 -0.0408805 -0.0355464 -0.0309643 -0.0274132 -0.025033 -0.0239207 -0.0240346 -0.0252534 -0.0273832 -0.0301522 -0.0333395 -0.0366906 -0.0400271 -0.0431938 -0.0460698 -0.0486068 -0.050755 -0.0525456 -0.0540174 -0.0552282 -0.0562301 -0.0570345 -0.0576817 -0.0581976 
0 0.00274917 0.00552427 0.0083402 0.011272 0.0143398 0.0175848 0.0210407 0.0247233 0.028689 0.0329045 0.037324 0.0418376 0.0462716 0.0504681 0.0541784 0.0571713 0.0591818 0.0599375 0.0592663 0.0570331 0.0532484 0.0479942 0.0414325 0.0338544 0.0255989 0.0170759 0.00870821 0.000889847 -0.00601811 -0.0117502 -0.0161886 -0.019269 -0.0210495 -0.0216623 -0.0212904 -0.020207 -0.0186102 -0.0167561 -0.0148664 -0.0131092 -0.0116041 -0.0104211 -0.00961767 -0.00918783 -0.00911124 -0.00932744 -0.00983145 -0.0105499 -0.0114195 -0.0124062 -0.0134833 -0.0145897 -0.0156978 -0.0168113 -0.0178895 -0.018949 -0.019952 -0.0209325 -0.0218882 -0.0228036 -0.02369 -0.0245965 -0.0254755 -0.0263532 -0.0272767 -0.0282153 -0.0291904 -0.0302303 -0.031347 -0.0325202 -0.0337897 -0.0351465 -0.0365962 -0.0381089 -0.0397254 -0.0413955 -0.0431044 -0.0448505 -0.0466117 -0.0483082 -0.0499537 -0.0514888 -0.0528361 -0.0539701 -0.0548534 -0.0553897 -0.055542 -0.055286 -0.0545614 -0.0533283 -0.0515635 -0.0492602 -0.0464093 -0.043025 -0.0391238 -0.0347585 -0.0299725 -0.0248382 -0.0194176 -0.0137996 -0.00805807 -0.00228841 0.00343273 0.00900991 0.0143743 0.019439 0.0241391 0.0284074 0.0322132 0.0355217 0.0383009 0.0405381 0.0422722 0.043506 0.0442359 0.044528 0.0444237 0.0439381 0.0431344 0.0420817 0.0407846 0.0393221 0.0377375 0.0360622 0.0343244 0.0325866 0.0308385 0.0291273 0.0274563 0.025862 0.0243243 0.0228692 0.0215027 0.0202205 0.018993 0.0178634 0.0167957 0.015755 0.014784 0.0138496 0.0129213 0.0120108 0.0111218 0.0101983 0.00925916 0.00826734 0.00722092 0.00606856 0.00478617 0.00334735 0.00170964 -0.000189041 -0.00239045 -0.00491495 -0.00784845 -0.0112212 -0.0150586 -0.0193637 -0.0241517 -0.029352 -0.0348798 -0.0405812 -0.0462746 -0.0517541 -0.0567101 -0.0609132 -0.0641055 -0.0660685 -0.0666519 -0.0657687 -0.0634593 -0.0598587 -0.0551805 -0.0497587 -0.0439927 -0.0382697 -0.0329962 -0.0284745 -0.0249763 -0.0226835 -0.0216476 -0.0218845 -0.0232595 -0.0256023 -0.0286766 -0.0322111 -0.0360031 -0.0398288 -0.0435403 -0.0470067 -0.0501243 -0.0528718 -0.0552285 -0.0572449 -0.0589637 -0.0604155 -0.0616473 -0.0626678 -0.0635274 
