0 0 0 0 0 0 0 0 0 0 0 0 0 0 0 0 0 0 0 0 0 0 0 0 0 0 0 0 0 0 0 0 0 0 0 0 0 0 0 0 0 0 0 0 0 0 0 0 0 0 0 0 0 0 0 0 0 0 0 0 0 0 0 0 0 0 0 0 0 0 0 0 0 0 0 0 0 0 0 0 0 0 0 0 0 0 0 0 0 0 0 0 0 0 0 0 0 0 0 0 0 0 0 0 0 0 0 0 0 0 0 0 0 0 0 0 0 0 0 0 0 0 0 0 0 0 0 0 0 0 0 0 0 0 0 0 0 0 0 0 0 0 0 0 0 0 0 0 0 0 0 0 0 0 0 0 0 0 0 0 0 0 0 0 0 0 0 0 0 0 0 0 0 0 0 0 0 0 0 0 0 0 0 0 0 0 0 0 0 0 0 0 0 0 0 0 0 0 0 0 
0 0.000178293 0.000343789 0.000510528 0.000668336 0.000846385 0.00102597 0.00120845 0.0014069 0.0016169 0.00187297 0.00214435 0.00242538 0.00269707 0.00292992 0.00312794 0.00323699 0.00324854 0.00314517 0.00292128 0.00260676 0.00220258 0.00176219 0.00133003 0.00094433 0.000644728 0.000445591 0.000377703 0.000455008 0.000667943 0.000999897 0.00143465 0.00194642 0.0025015 0.00306525 0.00360621 0.00411683 0.00457098 0.00494555 0.00524381 0.00545666 0.00557803 0.00560304 0.00552839 0.0053615 0.00510754 0.00474603 0.00430232 0.00378195 0.00316635 0.00248357 0.00172979 0.000920052 6.76431e-05 -0.00082084 -0.00172463 -0.00261594 -0.00350721 -0.0043657 -0.0051665 -0.00592013 -0.00660016 -0.00719393 -0.00769715 -0.00811866 -0.00843768 -0.00866243 -0.00879126 -0.00883182 -0.00876877 -0.00863137 -0.00841811 -0.00813034 -0.00778511 -0.00739142 -0.00694836 -0.00648136 -0.00600476 -0.00551397 -0.00503173 -0.00455787 -0.00410344 -0.00367 -0.00327508 -0.00290816 -0.00257167 -0.00225195 -0.00198379 -0.0017448 -0.00152266 -0.0013212 -0.00116396 -0.00101351 -0.000888721 -0.000782409 -0.000692297 -0.000611798 -0.000558597 -0.000499225 -0.00045557 -0.000421296 -0.000389422 -0.000350437 -0.000326989 -0.000287506 -0.00024961 -0.000205704 -0.000149928 -7.65807e-05 -1.25985e-05 8.29223e-05 0.000198421 0.000324546 0.000458861 0.00063046 0.000821487 0.00104401 0.00128281 0.00155599 0.00186298 0.00220679 0.00257703 0.00298816 0.00342049 0.00387976 0.00436573 0.00486548 0.00537075 0.00587432 0.00636229 0.00682815 0.00727002 0.00766437 0.00801492 0.00830264 0.00852774 0.00867236 0.00874497 0.00873506 0.00863599 0.00843748 0.00816115 0.00778092 0.00730375 0.00675793 0.00612532 0.00541646 0.0046547 0.00384147 0.00298465 0.00210932 0.00121249 0.000327459 -0.000553099 -0.00142317 -0.00225649 -0.00306181 -0.00384033 -0.0045802 -0.005278 -0.00594171 -0.00656902 -0.00716474 -0.00771873 -0.00823487 -0.00871878 -0.00915126 -0.00951731 -0.00980827 -0.0100084 -0.010091 -0.0100396 -0.0098391 -0.00949584 -0.00901453 -0.00839187 -0.00767135 -0.00687727 -0.00605186 -0.00523955 -0.00446537 -0.00379913 -0.003254 -0.00284502 -0.00257148 -0.00240297 -0.0023453 -0.0023524 -0.0024045 -0.00247822 -0.00254552 -0.00261076 -0.00264569 -0.00265863 -0.00265217 -0.00263215 -0.00261083 -0.00257164 -0.00252248 -0.00246296 
0 0.000343789 0.000675069 0.000988167 0.00131386 0.00166319 0.00202734 0.00241193 0.0028074 0.00325993 0.0037735 0.00433176 0.00491197 0.00544545 0.00593795 0.00631812 0.00654546 0.00657543 0.00635332 0.00593007 0.00528289 0.00448717 0.0036106 0.00273585 0.00197915 0.00136754 0.000972532 0.000833412 0.000976561 0.0013849 0.00203433 0.00286552 0.00385876 0.00493652 0.00600953 0.00707859 0.00804853 0.00893368 0.00966267 0.0102222 0.0106364 0.0108578 0.0108924 0.0107382 0.010412 0.00988894 0.00919358 0.00830315 0.0072692 0.00606999 0.00471785 0.003253 0.00168562 3.30496e-05 -0.00169685 -0.00342908 -0.00518316 -0.00690468 -0.00856764 -0.0101326 -0.0116006 -0.0129227 -0.0141071 -0.0151138 -0.0159377 -0.0165946 -0.0170386 -0.0172991 -0.017395 -0.0173114 -0.0170394 -0.0166499 -0.0160986 -0.0154278 -0.0146645 -0.0138402 -0.0129324 -0.0119969 -0.0110452 -0.0101024 -0.00916271 -0.00827949 -0.00744001 -0.00662891 -0.00587945 -0.00521987 -0.00460596 -0.00404095 -0.00354428 -0.00309861 -0.00271454 -0.00237894 -0.00207171 -0.00181106 -0.00160862 -0.00141402 -0.00125391 -0.0011312 -0.00102025 -0.000919664 -0.000852606 -0.000772391 -0.000701415 -0.000642231 -0.000566602 -0.000470196 -0.000387153 -0.000273441 -0.000132198 2.78962e-05 0.000217484 0.000436931 0.000680391 0.000990101 0.00134255 0.0017097 0.00214329 0.00265474 0.00321154 0.00381906 0.00450754 0.00524889 0.00605047 0.00690828 0.00783485 0.0087712 0.00973319 0.0107151 0.0116975 0.0126241 0.0135457 0.0143879 0.0151337 0.0157939 0.0163567 0.0167612 0.017043 0.0171711 0.01712 0.016902 0.0165041 0.0159379 0.0151857 0.0142674 0.013178 0.0119552 0.0105735 0.00909175 0.00751593 0.00587864 0.00417243 0.00245362 0.000740381 -0.000985225 -0.00266462 -0.00430153 -0.00587584 -0.00739732 -0.00884612 -0.0102337 -0.0115292 -0.012791 -0.0139759 -0.0150747 -0.0161289 -0.0170839 -0.0179685 -0.0187145 -0.0193145 -0.0197437 -0.0199432 -0.0198674 -0.0195069 -0.0188523 -0.0179059 -0.0167041 -0.0152645 -0.013709 -0.0120746 -0.0104545 -0.00894266 -0.00760156 -0.00653618 -0.00572089 -0.00517263 -0.00485502 -0.00472956 -0.00476209 -0.00486984 -0.00502536 -0.0051773 -0.00530877 -0.0053926 -0.00541908 -0.00540638 -0.00536428 -0.0053092 -0.00522356 -0.00511278 -0.00498443 
0 0.000510528 0.000988167 0.00147058 0.00194614 0.0024779 0.00303115 0.00360771 0.00423717 0.0049201 0.00572659 0.00658656 0.0074695 0.00831425 0.00904544 0.00964615 0.00998579 0.0100255 0.00971773 0.00905889 0.00811671 0.0069211 0.00561307 0.00432265 0.00317011 0.00225995 0.00164889 0.0014161 0.0015983 0.00217177 0.00308586 0.00428804 0.00570441 0.00723787 0.00878885 0.0102779 0.0116696 0.0129024 0.0139151 0.0147071 0.0152619 0.0155569 0.0155804 0.0153245 0.0148073 0.0140378 0.0129794 0.0116869 0.0101824 0.00843349 0.00650086 0.00439123 0.0021401 -0.000219432 -0.00266883 -0.00515337 -0.00761666 -0.0100745 -0.0124536 -0.0146952 -0.0168123 -0.0187432 -0.0204526 -0.0219219 -0.0231619 -0.0241287 -0.0248268 -0.0252572 -0.0254357 -0.0253314 -0.0250053 -0.0244673 -0.0237192 -0.0228037 -0.0217474 -0.0205554 -0.0192811 -0.017963 -0.0165996 -0.0152401 -0.0138905 -0.0125823 -0.0113236 -0.0101506 -0.00905315 -0.00803921 -0.00708118 -0.00625068 -0.00550844 -0.00482417 -0.00420873 -0.0037056 -0.00323827 -0.00284258 -0.00250567 -0.00221385 -0.00195753 -0.00176879 -0.00157766 -0.00142462 -0.00129995 -0.0011807 -0.00105049 -0.000951818 -0.000818501 -0.0006817 -0.000530279 -0.000344271 -0.00011351 0.000111014 0.000413137 0.000773104 0.00116972 0.00160785 0.00214389 0.00274125 0.0034276 0.004177 0.00501861 0.00595274 0.00698503 0.00808983 0.00929057 0.0105466 0.0118652 0.0132372 0.0146338 0.0160354 0.0174204 0.0187522 0.0200199 0.0212074 0.0222605 0.0231827 0.0239311 0.0244916 0.024831 0.0249597 0.0248525 0.0244952 0.0238713 0.0230248 0.0219069 0.0205382 0.0189809 0.0172063 0.0152368 0.0131296 0.0108917 0.00854463 0.00613881 0.00368046 0.00123812 -0.00120165 -0.00361863 -0.00595516 -0.00822631 -0.0104332 -0.0125467 -0.0145594 -0.0164837 -0.018323 -0.0200804 -0.0217348 -0.0232982 -0.0247754 -0.0261217 -0.0272905 -0.0282505 -0.0289505 -0.0293119 -0.0292754 -0.0287994 -0.0278877 -0.0265499 -0.024792 -0.0227206 -0.0204255 -0.018025 -0.0156499 -0.0133956 -0.0114412 -0.00984777 -0.00865377 -0.00785761 -0.00738779 -0.00723716 -0.00728989 -0.00747644 -0.00772502 -0.00795887 -0.00817064 -0.00829168 -0.0083355 -0.00831141 -0.00824006 -0.0081496 -0.00800736 -0.0078345 -0.00763226 
0 0.000668336 0.00131386 0.00194614 0.0026015 0.00330902 0.00406165 0.00486325 0.00571781 0.00668135 0.00777161 0.00894947 0.0101576 0.0112892 0.0123048 0.0130992 0.013574 0.0136455 0.0132374 0.0123989 0.0111409 0.00957628 0.00784896 0.00612499 0.00459657 0.00335762 0.00252304 0.00217511 0.00235772 0.0030432 0.00417557 0.0056576 0.00742063 0.00932953 0.011239 0.013102 0.0147991 0.0163095 0.0175389 0.018465 0.0191046 0.019405 0.0193644 0.0189823 0.0182829 0.0172455 0.0158909 0.0142171 0.0122861 0.0100817 0.00763412 0.00499673 0.00219781 -0.000734435 -0.00377908 -0.00684232 -0.00992502 -0.0129698 -0.0159257 -0.0187341 -0.0213873 -0.0238175 -0.0260117 -0.0279166 -0.0295186 -0.0308162 -0.0317571 -0.0323684 -0.032671 -0.0326458 -0.0322983 -0.0317061 -0.0308345 -0.0297387 -0.0284612 -0.027043 -0.0254781 -0.0238351 -0.022137 -0.0204239 -0.0187007 -0.017035 -0.0154242 -0.0138648 -0.0123989 -0.0110628 -0.00981316 -0.00866721 -0.00764082 -0.00671287 -0.005897 -0.00518385 -0.00453808 -0.00398195 -0.0035229 -0.00310368 -0.00274649 -0.00245646 -0.00219345 -0.00195915 -0.00177228 -0.00157886 -0.001396 -0.0012297 -0.00103752 -0.000817448 -0.000599726 -0.000332486 -1.38365e-05 0.000341587 0.000760544 0.00124515 0.00178953 0.00244029 0.0031838 0.00398822 0.00491191 0.00596328 0.00710962 0.00835472 0.00972554 0.0111841 0.012735 0.0143644 0.0160747 0.0177994 0.0195435 0.0212919 0.0230123 0.0246377 0.0262069 0.0276344 0.0288848 0.0299625 0.0308397 0.0314452 0.0318025 0.0318795 0.0316432 0.0311035 0.0302508 0.0291072 0.0276534 0.0259186 0.023919 0.0216926 0.0192251 0.0165931 0.013813 0.0109221 0.00792996 0.00490108 0.0018684 -0.00118181 -0.00418374 -0.00712292 -0.00998005 -0.0127641 -0.0154477 -0.0180366 -0.0205081 -0.0229198 -0.0252286 -0.0274201 -0.0295339 -0.0315141 -0.0333623 -0.0349839 -0.0363402 -0.0373677 -0.0379563 -0.0380166 -0.037509 -0.0364144 -0.0347377 -0.03253 -0.0298652 -0.0269271 -0.0238308 -0.02075 -0.0178582 -0.0153095 -0.0132597 -0.0117109 -0.0106751 -0.010091 -0.00989122 -0.00998669 -0.0102439 -0.0105847 -0.0109184 -0.0112003 -0.0113786 -0.0114398 -0.01141 -0.0113164 -0.0111828 -0.0109904 -0.0107507 -0.0104786 
0 0.000846385 0.00166319 0.0024779 0.00330902 0.00420984 0.00517075 0.00619219 0.00730359 0.00853824 0.00993807 0.0114429 0.0129772 0.0144361 0.0157229 0.0167452 0.0173569 0.0174614 0.0169886 0.0159517 0.0144147 0.0124815 0.010341 0.00820071 0.00626642 0.00468927 0.00359106 0.00307777 0.00320053 0.00393254 0.00519647 0.006895 0.00891348 0.0111 0.0132994 0.0154058 0.0173311 0.0190042 0.0203461 0.0213361 0.0219694 0.0222148 0.0220646 0.0215203 0.0206065 0.0193277 0.0176789 0.0156997 0.0134292 0.0108607 0.00803789 0.00500003 0.00178491 -0.0015711 -0.00503652 -0.00854071 -0.0120429 -0.0155205 -0.0189065 -0.0221403 -0.0252065 -0.0280454 -0.0306127 -0.0328725 -0.0348127 -0.0364013 -0.0376111 -0.0384485 -0.0389211 -0.0390095 -0.038749 -0.0381759 -0.0372901 -0.0361367 -0.0347554 -0.0331727 -0.0314277 -0.0295716 -0.0276286 -0.0256409 -0.0236305 -0.0216437 -0.0197003 -0.0178258 -0.0160436 -0.0143705 -0.0127944 -0.0113599 -0.0100606 -0.008871 -0.00780516 -0.00687763 -0.00604277 -0.00531527 -0.00469014 -0.00413652 -0.00365508 -0.00325343 -0.00288463 -0.00256023 -0.00227951 -0.00200717 -0.00173853 -0.0014876 -0.00120927 -0.000908889 -0.000587748 -0.000213257 0.000220393 0.000694373 0.00125991 0.00191663 0.00265062 0.00348699 0.00445104 0.00552148 0.00672227 0.00804745 0.0094941 0.0110637 0.0127576 0.0145472 0.0164301 0.0183792 0.0203848 0.0224152 0.0244454 0.0264512 0.0283967 0.0302348 0.0319589 0.0335234 0.0348783 0.0360131 0.0368903 0.0374681 0.0377343 0.0376809 0.0372847 0.0365385 0.0354429 0.0340248 0.0322659 0.0301938 0.027856 0.0252585 0.0224186 0.0193976 0.0162169 0.012906 0.00950117 0.00604246 0.00257668 -0.000896768 -0.00434309 -0.00772044 -0.0110305 -0.0142755 -0.0174314 -0.0204945 -0.0234687 -0.0263768 -0.0292038 -0.0319327 -0.0345743 -0.037105 -0.0394731 -0.0415952 -0.0434031 -0.0448043 -0.0456738 -0.0459022 -0.0454272 -0.0442284 -0.0423136 -0.039727 -0.0365944 -0.0330899 -0.0293916 -0.0257044 -0.0222262 -0.0191797 -0.0167063 -0.0148561 -0.0136251 -0.0129403 -0.0127341 -0.0128698 -0.0132149 -0.0136528 -0.0140796 -0.0144403 -0.0146656 -0.0147524 -0.0147202 -0.0146077 -0.0144425 -0.0142064 -0.0139188 -0.0135937 
0 0.00102597 0.00202734 0.00303115 0.00406165 0.00517075 0.00635907 0.00762804 0.00901689 0.0105557 0.0122786 0.0141258 0.0159997 0.0177883 0.0193618 0.0206083 0.0213644 0.0215089 0.020973 0.0197523 0.0179331 0.0156373 0.0130811 0.0105095 0.00815128 0.00620041 0.00479848 0.00406712 0.00406148 0.00475701 0.00606466 0.00787514 0.0100437 0.0124006 0.0147791 0.0170378 0.0190892 0.0208353 0.0222072 0.0231771 0.0237329 0.0238621 0.0235567 0.0228304 0.0217065 0.0202026 0.018316 0.0160948 0.013567 0.0107451 0.00766743 0.00437208 0.000899278 -0.00271835 -0.00644003 -0.0102132 -0.0139839 -0.01773 -0.0213856 -0.0248973 -0.0282354 -0.0313546 -0.0342009 -0.036743 -0.0389597 -0.0408118 -0.0422794 -0.0433568 -0.044044 -0.0443262 -0.0442319 -0.0437768 -0.0429799 -0.0418727 -0.0404982 -0.0388807 -0.0370664 -0.0350951 -0.0330036 -0.03083 -0.0286115 -0.0263845 -0.0241781 -0.0220229 -0.019948 -0.0179722 -0.0161024 -0.0143717 -0.0127807 -0.0113215 -0.0100029 -0.0088332 -0.00778277 -0.00685725 -0.00604674 -0.00533201 -0.00470249 -0.004158 -0.00366438 -0.00322343 -0.00282367 -0.00244377 -0.00207047 -0.00170675 -0.0013193 -0.000907545 -0.000461053 4.20137e-05 0.000614725 0.00125097 0.0019871 0.00282927 0.00377738 0.00484616 0.0060548 0.00739375 0.00887312 0.0104893 0.0122368 0.0141093 0.0160957 0.0181754 0.0203334 0.0225463 0.0247884 0.0270341 0.0292492 0.0314086 0.0334711 0.0354028 0.0371707 0.0387422 0.040069 0.0411344 0.0419038 0.0423506 0.0424525 0.0422079 0.0416019 0.040627 0.0392961 0.0376281 0.035621 0.0332972 0.0307044 0.0278468 0.0247567 0.0214791 0.0180475 0.0144847 0.0108324 0.00712326 0.00339541 -0.000339143 -0.00405996 -0.00772644 -0.0113446 -0.014915 -0.0184265 -0.0218717 -0.0252695 -0.0286254 -0.0319347 -0.0351808 -0.0383526 -0.0414312 -0.0443368 -0.0469844 -0.0492768 -0.0510963 -0.0523002 -0.0527602 -0.0523944 -0.0511728 -0.049104 -0.0462405 -0.042734 -0.0387693 -0.0345705 -0.0303717 -0.0264105 -0.0229419 -0.0201195 -0.0180224 -0.016637 -0.0158926 -0.0156987 -0.0158994 -0.016348 -0.0168995 -0.017441 -0.017894 -0.0181893 -0.0183197 -0.0183049 -0.0181896 -0.0180005 -0.0177319 -0.0174018 -0.0170325 
0 0.00120845 0.00241193 0.00360771 0.00486325 0.00619219 0.00762804 0.00918127 0.0108704 0.012759 0.0148246 0.0170382 0.0192753 0.0213936 0.0232745 0.0247302 0.0256273 0.0258044 0.0251815 0.0237785 0.0216504 0.0189851 0.015999 0.0129677 0.0101629 0.00779087 0.00603688 0.00502485 0.00481427 0.00538206 0.00664446 0.0084579 0.0106728 0.0130969 0.0155379 0.0178654 0.0199375 0.0216757 0.023008 0.0238897 0.0243246 0.0243012 0.0238189 0.0229074 0.0215925 0.0198807 0.0178214 0.0154207 0.0127214 0.00976054 0.0065442 0.00313035 -0.00044924 -0.00417145 -0.00799198 -0.011854 -0.0157429 -0.0195893 -0.0233566 -0.0270044 -0.0304808 -0.0337495 -0.0367753 -0.0395164 -0.0419325 -0.0440157 -0.0457204 -0.0470424 -0.0479724 -0.0485146 -0.0486465 -0.0484078 -0.0478032 -0.0468518 -0.0455918 -0.0440702 -0.0422964 -0.0403174 -0.0381869 -0.0359294 -0.0335863 -0.0312046 -0.028818 -0.026437 -0.0241129 -0.0218769 -0.0197534 -0.017731 -0.015848 -0.0141148 -0.0125408 -0.0110995 -0.00981087 -0.00865632 -0.00763824 -0.006726 -0.00592239 -0.00519765 -0.00455644 -0.0039637 -0.00341952 -0.0028959 -0.00239542 -0.00188387 -0.00136342 -0.000801642 -0.000203165 0.00046108 0.00119818 0.00204298 0.00297886 0.0040324 0.00521665 0.00655743 0.00802718 0.00963767 0.011392 0.0133027 0.01533 0.017468 0.0197081 0.0220286 0.0243917 0.0267937 0.0291997 0.0315579 0.0338536 0.0360573 0.0381222 0.04001 0.0417067 0.0431511 0.0443246 0.0452023 0.0457693 0.0459837 0.0458601 0.0453762 0.0445275 0.0433225 0.0417797 0.0398949 0.0376985 0.035213 0.0324457 0.0294492 0.0262343 0.0228378 0.0193029 0.0156556 0.0119091 0.00812517 0.0043036 0.000464224 -0.00335876 -0.00717237 -0.0109586 -0.0147262 -0.0184795 -0.0222178 -0.025946 -0.0296904 -0.0334256 -0.0371437 -0.0408336 -0.0444335 -0.047885 -0.0510691 -0.0538671 -0.0561405 -0.057723 -0.0584678 -0.0582817 -0.0571145 -0.0549699 -0.0519353 -0.0481408 -0.0438242 -0.0392223 -0.0345998 -0.030261 -0.0264371 -0.023348 -0.0210629 -0.0195753 -0.0188323 -0.0186852 -0.0190021 -0.0195899 -0.0202926 -0.0209898 -0.0215624 -0.0219652 -0.0221647 -0.0221931 -0.0220954 -0.021892 -0.0216065 -0.021243 -0.0208432 
0 0.0014069 0.0028074 0.00423717 0.00571781 0.00730359 0.00901689 0.0108704 0.0129178 0.0151578 0.0176103 0.0202025 0.0227998 0.0252803 0.0274306 0.0291089 0.0301131 0.030287 0.029574 0.0279272 0.0254902 0.022416 0.0189717 0.0154669 0.0121607 0.00933494 0.00717005 0.00580929 0.00531599 0.00567604 0.00678312 0.00851875 0.0106716 0.0130516 0.0154847 0.0177546 0.0197901 0.0214381 0.0226649 0.0234354 0.0237153 0.0235327 0.0228873 0.0218101 0.0203181 0.0184694 0.0162609 0.013768 0.010989 0.00797127 0.00474597 0.00133524 -0.00222831 -0.005913 -0.00966513 -0.0134924 -0.0173071 -0.0211097 -0.0248471 -0.0284866 -0.0319725 -0.035296 -0.0383796 -0.0412201 -0.0437883 -0.0460275 -0.0479502 -0.0495189 -0.050706 -0.0515067 -0.0519482 -0.0519794 -0.0516571 -0.050973 -0.049955 -0.0486018 -0.0469926 -0.0451346 -0.0430729 -0.0408324 -0.0384842 -0.0360251 -0.0335135 -0.0310088 -0.028527 -0.0260662 -0.0236913 -0.0214335 -0.0192944 -0.0172904 -0.0154234 -0.0137139 -0.0121681 -0.0107666 -0.00948764 -0.00835714 -0.00733678 -0.00641042 -0.00556922 -0.00480155 -0.00406753 -0.00338171 -0.00270335 -0.00201761 -0.00131777 -0.000591309 0.000211977 0.00107816 0.00202848 0.003084 0.00426517 0.00558231 0.00704331 0.0086275 0.0103675 0.0122813 0.014316 0.0164609 0.0187329 0.0211102 0.0235425 0.0260367 0.0285472 0.0310477 0.0334895 0.0358834 0.0381581 0.040284 0.0422179 0.043963 0.0454289 0.0466428 0.0475664 0.0481665 0.0484245 0.048368 0.0479462 0.0471871 0.0461046 0.0446772 0.0429394 0.040894 0.0385666 0.035969 0.0331535 0.0301054 0.0268961 0.0235195 0.0200216 0.0164141 0.0127453 0.00901496 0.005246 0.0014706 -0.0023408 -0.00615129 -0.00998792 -0.0138434 -0.0177364 -0.0216565 -0.0256494 -0.0296774 -0.0337706 -0.0379148 -0.042045 -0.0461606 -0.0501166 -0.0538317 -0.0571438 -0.059876 -0.0618627 -0.0629376 -0.0629756 -0.0619257 -0.0597941 -0.056648 -0.0526856 -0.0480917 -0.0431843 -0.0382505 -0.0335947 -0.0295346 -0.026231 -0.0238357 -0.0223212 -0.0216173 -0.0215995 -0.0220638 -0.0228504 -0.0237548 -0.02464 -0.0253922 -0.0259318 -0.0262519 -0.0263624 -0.0263112 -0.0261304 -0.0258423 -0.0254756 -0.0250628 
0 0.0016169 0.00325993 0.0049201 0.00668135 0.00853824 0.0105557 0.012759 0.0151578 0.017805 0.0206319 0.023605 0.0265694 0.0293555 0.0317886 0.0336226 0.0347089 0.0348558 0.0339867 0.0321056 0.0292978 0.0258012 0.0218716 0.0178385 0.0140091 0.0106665 0.00803888 0.0062704 0.00542606 0.00548693 0.0063739 0.0079139 0.0099177 0.0121721 0.0144754 0.016659 0.0185651 0.0200927 0.0211942 0.0218174 0.0219502 0.0216171 0.0208231 0.0196194 0.0180255 0.0160672 0.0138215 0.0112896 0.00850331 0.00553044 0.00237094 -0.000931736 -0.00434976 -0.00787154 -0.0114491 -0.0150713 -0.0187258 -0.022343 -0.0259129 -0.0294196 -0.0328004 -0.0360387 -0.0391106 -0.041985 -0.0446092 -0.0469745 -0.0490579 -0.0508262 -0.0522582 -0.0533701 -0.0541113 -0.0544803 -0.0544954 -0.0541395 -0.0534296 -0.052402 -0.051056 -0.0494142 -0.0475311 -0.0454253 -0.0431506 -0.0407372 -0.03823 -0.0356517 -0.0330454 -0.0304532 -0.0279343 -0.0254535 -0.0230593 -0.0208067 -0.0186954 -0.0166962 -0.0148687 -0.0131851 -0.0116438 -0.010246 -0.00897692 -0.00779507 -0.00673269 -0.00573645 -0.00478534 -0.00387814 -0.00299934 -0.00209162 -0.00117972 -0.000218242 0.000812324 0.00191666 0.00311471 0.00446265 0.00590902 0.00748425 0.00922592 0.0111248 0.0131358 0.0152899 0.0175621 0.0199545 0.0224305 0.0249642 0.0275303 0.0301176 0.0326702 0.0351819 0.0376031 0.039886 0.0420107 0.0439456 0.0456495 0.0471102 0.0482914 0.0491628 0.0497353 0.0499818 0.049906 0.0495091 0.0487977 0.047762 0.0464208 0.0447916 0.0428966 0.0407258 0.0383347 0.0357364 0.0329189 0.0299441 0.0268328 0.0235813 0.02024 0.0168202 0.0133259 0.00979131 0.00619272 0.00255855 -0.00110284 -0.00483185 -0.00860738 -0.0124413 -0.0163699 -0.0203937 -0.0245335 -0.028791 -0.0331617 -0.0376413 -0.0421827 -0.0467105 -0.0511415 -0.0553371 -0.0591229 -0.0623093 -0.0646959 -0.0661101 -0.0664079 -0.0655156 -0.0634342 -0.060272 -0.0561853 -0.0514283 -0.0463097 -0.0411488 -0.0363176 -0.0320759 -0.0286754 -0.0262313 -0.0247408 -0.0241562 -0.0242817 -0.0249665 -0.0259844 -0.0271382 -0.0282781 -0.0292433 -0.0299959 -0.0304826 -0.0307343 -0.0307886 -0.0306664 -0.0304334 -0.030095 -0.029712 
0 0.00187297 0.0037735 0.00572659 0.00777161 0.00993807 0.0122786 0.0148246 0.0176103 0.0206319 0.0238448 0.0271739 0.0304662 0.0335559 0.0361986 0.0381742 0.039282 0.0393448 0.038298 0.03611 0.0329231 0.0289593 0.0245116 0.0199296 0.0155224 0.0116223 0.00847056 0.00622308 0.00495195 0.00464921 0.00522142 0.00651728 0.00830237 0.0103664 0.0125193 0.0145398 0.0163082 0.017684 0.0186403 0.0191356 0.0191367 0.0186833 0.017794 0.0165113 0.01485 0.0128729 0.0106206 0.00814077 0.00543985 0.00258294 -0.000408423 -0.00351504 -0.00671826 -0.00999066 -0.0132852 -0.0166344 -0.0199829 -0.0233146 -0.0266192 -0.0298883 -0.0330664 -0.0361555 -0.0391062 -0.0419174 -0.0445493 -0.0469629 -0.0491705 -0.0511219 -0.0527772 -0.0541429 -0.0552086 -0.0559154 -0.056303 -0.0563408 -0.0560272 -0.0553524 -0.0543631 -0.0530559 -0.0514612 -0.0495941 -0.0475222 -0.0452365 -0.0427979 -0.0402694 -0.0376662 -0.0349966 -0.0323458 -0.0297248 -0.0271564 -0.0246845 -0.0223083 -0.0200435 -0.0179394 -0.015969 -0.0141188 -0.0124302 -0.0108695 -0.00940731 -0.00806187 -0.00680091 -0.00558069 -0.0044205 -0.00327627 -0.0021077 -0.000928498 0.000294446 0.0016157 0.00301174 0.00450343 0.00613464 0.00788855 0.00977527 0.0118106 0.013959 0.0162268 0.0186408 0.0211277 0.0236728 0.0262854 0.0289286 0.0315449 0.0341417 0.0366572 0.0390623 0.0413124 0.0434072 0.0452853 0.0469198 0.0482834 0.0493893 0.0501665 0.0506524 0.0508445 0.0507107 0.0502586 0.0495337 0.0485041 0.0471974 0.0456479 0.0438494 0.041834 0.0396014 0.0371983 0.0346348 0.0319282 0.0290899 0.0261748 0.0231479 0.0200455 0.016877 0.0136583 0.0103789 0.0070351 0.0036546 0.000200632 -0.00333785 -0.00697537 -0.0107133 -0.0145954 -0.018628 -0.0228469 -0.0272238 -0.0317907 -0.0365382 -0.0413859 -0.0462913 -0.0511154 -0.0557377 -0.0599504 -0.0635311 -0.0662836 -0.0680143 -0.0685589 -0.067838 -0.0658536 -0.062706 -0.0585893 -0.0537303 -0.0484889 -0.0432095 -0.0382598 -0.0339562 -0.0305123 -0.0280977 -0.026707 -0.0262728 -0.0266245 -0.0275557 -0.028864 -0.0303195 -0.0317488 -0.0330015 -0.0340067 -0.0347344 -0.0351907 -0.0354098 -0.0354273 -0.035302 -0.0350706 -0.0347751 
0 0.00214435 0.00433176 0.00658656 0.00894947 0.0114429 0.0141258 0.0170382 0.0202025 0.023605 0.0271739 0.0308272 0.0344092 0.0377295 0.0405343 0.0425733 0.0436426 0.0435694 0.0422813 0.0397614 0.0361492 0.0316903 0.0266936 0.0215193 0.0165032 0.0119994 0.00827624 0.00550222 0.00375358 0.00302549 0.0032362 0.00421935 0.00574099 0.00758229 0.00954588 0.0114161 0.0130444 0.0142992 0.0151459 0.0155417 0.0154542 0.0149252 0.0139842 0.0126792 0.0110278 0.00908922 0.00692054 0.00455386 0.00200258 -0.000670443 -0.00343876 -0.00628885 -0.00920333 -0.0121604 -0.0151234 -0.018125 -0.0211311 -0.0241184 -0.0270888 -0.0300452 -0.0329476 -0.0357949 -0.0385671 -0.0412565 -0.0438217 -0.0462316 -0.0484956 -0.0505613 -0.0523964 -0.0540042 -0.0553558 -0.056396 -0.057147 -0.0575769 -0.0576749 -0.057432 -0.0568627 -0.0559569 -0.0547314 -0.053203 -0.0514206 -0.0493843 -0.0471384 -0.0447357 -0.0421944 -0.0395505 -0.0368755 -0.0341684 -0.0314582 -0.0288121 -0.0262295 -0.0237203 -0.0213362 -0.0190688 -0.0169109 -0.0149028 -0.0130156 -0.0112288 -0.00956171 -0.00798224 -0.00644696 -0.00497269 -0.0035161 -0.00203418 -0.000534044 0.00101482 0.00266028 0.00438258 0.00620823 0.00817016 0.0102374 0.0124163 0.0147364 0.0171533 0.0196506 0.0222451 0.024887 0.0275527 0.0302368 0.0328914 0.0354692 0.0379666 0.0403317 0.0425317 0.044528 0.0463057 0.0478258 0.0490708 0.0500272 0.0507064 0.0510596 0.0511163 0.0508902 0.0503642 0.049553 0.0485046 0.0471993 0.0456595 0.0439226 0.0420016 0.039918 0.0376823 0.0353383 0.0328918 0.0303429 0.0277141 0.0250424 0.0222923 0.0194905 0.016642 0.0137489 0.0107906 0.00775823 0.00466905 0.00149038 -0.00180977 -0.00523948 -0.00881037 -0.012576 -0.0165545 -0.0207757 -0.0252209 -0.0299184 -0.0348553 -0.03995 -0.0451332 -0.0502767 -0.0552362 -0.0597892 -0.0636994 -0.0667542 -0.068754 -0.0695173 -0.0689535 -0.0670668 -0.0639671 -0.0598474 -0.0549556 -0.0496614 -0.0443376 -0.0393666 -0.0350619 -0.0316581 -0.0293247 -0.0280759 -0.0278408 -0.0284397 -0.0296682 -0.0313043 -0.0331126 -0.0348985 -0.0364998 -0.0378447 -0.0388905 -0.0396363 -0.0401045 -0.0403331 -0.040394 -0.0403297 -0.0401823 
0 0.00242538 0.00491197 0.0074695 0.0101576 0.0129772 0.0159997 0.0192753 0.0227998 0.0265694 0.0304662 0.0344092 0.0382364 0.0417214 0.0446278 0.0466531 0.0476106 0.0473305 0.0457269 0.0428241 0.0387351 0.0337455 0.0281711 0.0223766 0.0167342 0.0116021 0.00728039 0.00394928 0.00169242 0.000506208 0.000331728 0.000977917 0.00222884 0.00385326 0.00563275 0.00738108 0.00889405 0.0100714 0.0108562 0.011204 0.0110924 0.0105529 0.00962435 0.00835522 0.00677645 0.0049264 0.00290047 0.000699086 -0.00164295 -0.0040726 -0.00656751 -0.00911608 -0.0117033 -0.0143108 -0.0169196 -0.0195348 -0.0221702 -0.0247788 -0.0273845 -0.0299937 -0.0325865 -0.035143 -0.037682 -0.0401844 -0.0426123 -0.0449609 -0.0472199 -0.0493447 -0.0513024 -0.0531003 -0.0546805 -0.056023 -0.0571128 -0.0579275 -0.0584319 -0.0586341 -0.0585074 -0.0580527 -0.0572655 -0.0561612 -0.0547511 -0.0530536 -0.0510986 -0.0489249 -0.0465484 -0.0440188 -0.0413937 -0.0386739 -0.0358994 -0.033134 -0.0303873 -0.0276661 -0.025029 -0.0224742 -0.0200106 -0.0176627 -0.0154263 -0.01328 -0.0112488 -0.00929567 -0.00739629 -0.00554592 -0.00371845 -0.00186467 7.23142e-06 0.00193629 0.00394701 0.00603511 0.00821454 0.0105173 0.0129022 0.0153739 0.0179499 0.020597 0.0232815 0.0260094 0.0287443 0.0314537 0.0341163 0.0366877 0.039136 0.0414327 0.0435399 0.0454245 0.04707 0.048442 0.0495382 0.0503354 0.05084 0.0510484 0.0509641 0.0505872 0.0499558 0.0490589 0.0479217 0.0465753 0.0450391 0.0433197 0.0414553 0.0394793 0.0373912 0.03521 0.032974 0.0306926 0.0283389 0.0259664 0.0235674 0.0211243 0.0186453 0.0161386 0.0135862 0.0109775 0.00829047 0.00552529 0.00266566 -0.000359769 -0.00353948 -0.00690608 -0.0105114 -0.0143895 -0.0185502 -0.0230053 -0.0277635 -0.0328114 -0.0380831 -0.0434595 -0.0488475 -0.054058 -0.0588647 -0.0630245 -0.0663052 -0.0685074 -0.0694408 -0.069004 -0.0672028 -0.0641619 -0.0600529 -0.0551654 -0.0498567 -0.0445291 -0.0395857 -0.0353154 -0.0320004 -0.0297848 -0.0287137 -0.0287179 -0.0295967 -0.0311715 -0.0331821 -0.0353985 -0.0376055 -0.0396208 -0.041382 -0.0428201 -0.0439338 -0.0447311 -0.0452475 -0.0455731 -0.0457453 -0.0458114 
0 0.00269707 0.00544545 0.00831425 0.0112892 0.0144361 0.0177883 0.0213936 0.0252803 0.0293555 0.0335559 0.0377295 0.0417214 0.0453208 0.0482185 0.0501715 0.0509291 0.050361 0.0483959 0.0450337 0.0404478 0.03489 0.0287171 0.0223009 0.016025 0.0102714 0.00535758 0.00147242 -0.00129244 -0.0029168 -0.00349428 -0.00316136 -0.00217609 -0.000758745 0.000888223 0.00252312 0.00398865 0.00514043 0.00592086 0.00629476 0.00623062 0.00574633 0.00490994 0.00374507 0.0022859 0.000611832 -0.00124852 -0.00322934 -0.00531979 -0.00748311 -0.00967289 -0.0118896 -0.0141384 -0.0163808 -0.0186105 -0.0208618 -0.0230993 -0.0253366 -0.0275783 -0.0298317 -0.0320866 -0.034352 -0.0366117 -0.0388751 -0.0411298 -0.0433451 -0.0455293 -0.0476529 -0.049675 -0.0515727 -0.0533462 -0.054927 -0.0563068 -0.0574668 -0.0583733 -0.058978 -0.0593021 -0.0593195 -0.0590046 -0.0583607 -0.0574076 -0.0561236 -0.0545315 -0.0526834 -0.0505902 -0.0482635 -0.0457533 -0.0431135 -0.0403658 -0.0375454 -0.0346726 -0.031797 -0.028945 -0.0261327 -0.0233643 -0.0206827 -0.0180781 -0.0155561 -0.0131112 -0.010743 -0.00841933 -0.00614295 -0.00387323 -0.00159606 0.00070738 0.00304946 0.00546884 0.00794946 0.0105011 0.013123 0.0158223 0.0185794 0.0213789 0.0241854 0.0270081 0.0298235 0.0325725 0.035221 0.0377719 0.0401758 0.0423787 0.0443762 0.0461384 0.0476223 0.0488205 0.0497524 0.0503742 0.0506899 0.0507211 0.0504771 0.0499374 0.0491636 0.0481601 0.0469304 0.0455069 0.0439401 0.0422197 0.040386 0.0384774 0.0364961 0.0344615 0.0323935 0.0303073 0.0282037 0.026098 0.0239729 0.0218605 0.0197322 0.0175743 0.015403 0.0132075 0.010938 0.00859952 0.00618156 0.00361941 0.00090234 -0.00202049 -0.00516639 -0.0085823 -0.0123208 -0.0163923 -0.0207948 -0.0255606 -0.0306631 -0.0360113 -0.04153 -0.0470568 -0.0524349 -0.057414 -0.0617277 -0.0651663 -0.0674963 -0.0685383 -0.0681832 -0.0664431 -0.0634272 -0.0593415 -0.0544524 -0.049149 -0.0438543 -0.0389383 -0.0347579 -0.0315358 -0.0294688 -0.0286028 -0.0288411 -0.0300459 -0.0319668 -0.0343932 -0.0370578 -0.0397208 -0.042232 -0.0444597 -0.0463775 -0.0479337 -0.0491304 -0.050025 -0.0506697 -0.0511542 -0.0514822 
0 0.00292992 0.00593795 0.00904544 0.0123048 0.0157229 0.0193618 0.0232745 0.0274306 0.0317886 0.0361986 0.0405343 0.0446278 0.0482185 0.0510567 0.0528209 0.0533146 0.0524025 0.0499975 0.0461714 0.0410458 0.0349246 0.028162 0.0211303 0.0142538 0.0079097 0.00242983 -0.00197209 -0.00520126 -0.00724895 -0.00816286 -0.00813758 -0.00737205 -0.0061085 -0.004586 -0.00298061 -0.00153375 -0.000337605 0.00051338 0.000974256 0.00102725 0.00068506 -3.24555e-06 -0.00100011 -0.00224978 -0.0037295 -0.00533954 -0.0070789 -0.00889833 -0.0107659 -0.0126477 -0.0145437 -0.0164349 -0.0183132 -0.020197 -0.0220555 -0.0239435 -0.0258202 -0.0277071 -0.0296114 -0.0315494 -0.0334844 -0.0354737 -0.0374886 -0.0395137 -0.0415661 -0.0436197 -0.045657 -0.0476636 -0.0496328 -0.0514992 -0.0532678 -0.0548797 -0.0563263 -0.057551 -0.0585712 -0.0593169 -0.0597811 -0.059934 -0.0597889 -0.0592953 -0.0584903 -0.0573624 -0.0559082 -0.0541383 -0.0521196 -0.0498609 -0.0473778 -0.0447066 -0.0419035 -0.0390053 -0.0360265 -0.032996 -0.0299521 -0.0269255 -0.0239145 -0.0209437 -0.0180181 -0.0151457 -0.012313 -0.00952419 -0.00675367 -0.00400161 -0.00124389 0.00153161 0.00434226 0.00717613 0.0100544 0.0129794 0.0159414 0.0189137 0.0218914 0.0248718 0.0278304 0.0307148 0.0334929 0.0361739 0.0387072 0.0410444 0.043156 0.0450418 0.0466442 0.047976 0.0490105 0.0497543 0.050171 0.0503077 0.0501479 0.0497269 0.0490297 0.0481163 0.0469657 0.0456325 0.0441392 0.0425174 0.0407776 0.0389751 0.0371027 0.0351835 0.0332701 0.0313338 0.0294075 0.027501 0.0256164 0.0237231 0.0218763 0.0200255 0.0181914 0.0163509 0.0145039 0.0126239 0.0106894 0.00867431 0.00655027 0.00430225 0.00184801 -0.000808774 -0.00372739 -0.00694876 -0.0105292 -0.0144665 -0.0187995 -0.0235193 -0.0286015 -0.0339938 -0.0395409 -0.0451564 -0.0506106 -0.0556676 -0.0600759 -0.063578 -0.0659672 -0.0670516 -0.0667195 -0.064989 -0.0619821 -0.0578763 -0.052999 -0.047703 -0.042433 -0.0375883 -0.0334675 -0.0303763 -0.0284491 -0.0277706 -0.0282677 -0.0297553 -0.0320553 -0.0348862 -0.0380087 -0.041173 -0.0441844 -0.0469538 -0.0493839 -0.0514449 -0.0531167 -0.054433 -0.055487 -0.0563202 -0.0569706 
0 0.00312794 0.00631812 0.00964615 0.0130992 0.0167452 0.0206083 0.0247302 0.0291089 0.0336226 0.0381742 0.0425733 0.0466531 0.0501715 0.0528209 0.0543468 0.054503 0.0531852 0.05033 0.0459956 0.0403553 0.0336849 0.0263643 0.018773 0.0113483 0.00446944 -0.00151188 -0.00638113 -0.0100306 -0.0124228 -0.0136519 -0.0138482 -0.0132504 -0.0120894 -0.0105931 -0.00899157 -0.00747682 -0.00618052 -0.00520288 -0.00458467 -0.00434025 -0.00448459 -0.00494213 -0.00570777 -0.00672265 -0.00792604 -0.00928937 -0.0107476 -0.0122706 -0.0138388 -0.0154123 -0.016983 -0.0185587 -0.020106 -0.0216509 -0.0231843 -0.0247129 -0.026252 -0.0278104 -0.0293937 -0.0310124 -0.0326724 -0.0343736 -0.0361156 -0.0379104 -0.0397592 -0.0416379 -0.0435628 -0.0455039 -0.0474293 -0.0493381 -0.0512038 -0.0529744 -0.054646 -0.0561674 -0.0574947 -0.0586129 -0.0594965 -0.0601075 -0.0604303 -0.0604351 -0.0601119 -0.0594491 -0.0584502 -0.0571322 -0.0554858 -0.0535104 -0.0512752 -0.0488109 -0.0461107 -0.0432246 -0.0402072 -0.0370724 -0.0338546 -0.0305845 -0.0272701 -0.0239434 -0.0206216 -0.0172937 -0.013976 -0.0106819 -0.00738885 -0.00410059 -0.00082708 0.00245086 0.00573423 0.00901324 0.0122994 0.0155746 0.0188189 0.0220503 0.0252397 0.0283278 0.0313144 0.0341935 0.0369051 0.039414 0.0416962 0.0437283 0.0454943 0.0469693 0.0481334 0.0489944 0.0495343 0.0497678 0.0497189 0.0493813 0.0487657 0.0479168 0.0468341 0.0455586 0.0441293 0.0425597 0.0408766 0.0391234 0.0373078 0.0354663 0.0336183 0.03178 0.0299577 0.02816 0.0263993 0.0246738 0.0229853 0.0213452 0.0197371 0.018152 0.0165981 0.0150308 0.0134632 0.0118693 0.0102115 0.00848049 0.00664189 0.00463727 0.00245234 2.28592e-05 -0.00268942 -0.00571389 -0.00912755 -0.012925 -0.0171435 -0.0217878 -0.0268236 -0.0321801 -0.037747 -0.0433622 -0.0488332 -0.0539053 -0.0583076 -0.0618137 -0.0641754 -0.0652341 -0.0648723 -0.0631116 -0.0600664 -0.0559382 -0.0510418 -0.0457491 -0.0405099 -0.0356946 -0.0316593 -0.0286543 -0.0268599 -0.026354 -0.02705 -0.0288279 -0.0314438 -0.0346701 -0.0382335 -0.0418698 -0.0454165 -0.0487125 -0.0516995 -0.0542945 -0.056472 -0.0582801 -0.0597623 -0.0610063 -0.0620033 
0 0.00323699 0.00654546 0.00998579 0.013574 0.0173569 0.0213644 0.0256273 0.0301131 0.0347089 0.039282 0.0436426 0.0476106 0.0509291 0.0533146 0.054503 0.054267 0.0525088 0.0491778 0.0443608 0.03823 0.0310667 0.0232522 0.0151711 0.00727373 -5.34759e-05 -0.00646346 -0.0117178 -0.0157017 -0.0183784 -0.0198282 -0.0201981 -0.0196978 -0.0185662 -0.0170467 -0.0153571 -0.0137069 -0.0122274 -0.0110384 -0.0101928 -0.00970396 -0.00958346 -0.00977822 -0.0102719 -0.0109956 -0.0119092 -0.0129737 -0.0141402 -0.0153711 -0.0166461 -0.0179327 -0.0192212 -0.0204955 -0.0217444 -0.0230008 -0.0242298 -0.0254639 -0.0267112 -0.027973 -0.0292572 -0.0305853 -0.0319556 -0.0333935 -0.0348844 -0.0364411 -0.038078 -0.0397598 -0.041508 -0.0433202 -0.045171 -0.0470407 -0.0489281 -0.0507766 -0.0525769 -0.0542829 -0.055881 -0.0573164 -0.0585523 -0.0595598 -0.0603215 -0.0607766 -0.0609401 -0.0607805 -0.0602547 -0.0593762 -0.0581636 -0.0565878 -0.0546813 -0.0524646 -0.0499446 -0.0471798 -0.0442022 -0.0410123 -0.0376656 -0.034206 -0.0306241 -0.0269607 -0.0232443 -0.0194695 -0.0156591 -0.0118445 -0.00800713 -0.00417436 -0.000366719 0.00342958 0.00719869 0.0109058 0.014576 0.0181905 0.0217071 0.0251282 0.0284347 0.0315804 0.0345586 0.0373291 0.0398357 0.042095 0.0440776 0.0457326 0.0470677 0.0480926 0.0487712 0.0491399 0.0492007 0.0489585 0.0484251 0.0476424 0.046622 0.0454068 0.0440026 0.0424701 0.0408176 0.039076 0.0372906 0.0354892 0.033662 0.0318615 0.0300861 0.0283369 0.0266435 0.0249997 0.0234176 0.0218908 0.0204143 0.0189908 0.0176179 0.0162603 0.014947 0.013634 0.0123107 0.0109567 0.00954273 0.00804498 0.0064261 0.00464687 0.00267608 0.000459749 -0.00205871 -0.00490913 -0.00816288 -0.0118291 -0.0159503 -0.0205133 -0.0254812 -0.0307929 -0.0363153 -0.0418956 -0.0473184 -0.0523355 -0.0566862 -0.0601193 -0.0624018 -0.0633762 -0.062932 -0.0610964 -0.057981 -0.0537957 -0.0488714 -0.0435711 -0.0383411 -0.0335561 -0.0295593 -0.0266196 -0.0249029 -0.0245002 -0.0253475 -0.0273223 -0.0302095 -0.0337607 -0.0377124 -0.041801 -0.0458401 -0.0496747 -0.0532039 -0.0563422 -0.0590476 -0.0613456 -0.0632881 -0.0649321 -0.0662833 
0 0.00324854 0.00657543 0.0100255 0.0136455 0.0174614 0.0215089 0.0258044 0.030287 0.0348558 0.0393448 0.0435694 0.0473305 0.050361 0.0524025 0.0531852 0.0525088 0.0502797 0.0464662 0.0411805 0.0345977 0.027005 0.018775 0.0103007 0.00203393 -0.00563499 -0.0123681 -0.0179122 -0.0221393 -0.0250147 -0.026604 -0.0270655 -0.0265822 -0.0253986 -0.0237734 -0.0219209 -0.0200635 -0.0183353 -0.016874 -0.0157421 -0.0149546 -0.0145192 -0.0144078 -0.014598 -0.015015 -0.0156314 -0.0163987 -0.0172784 -0.0182207 -0.0192078 -0.0202191 -0.021244 -0.0222532 -0.0232477 -0.0242578 -0.0252301 -0.0262065 -0.0271933 -0.028197 -0.0292213 -0.030294 -0.0314104 -0.0325995 -0.0338412 -0.0351589 -0.036577 -0.0380561 -0.039621 -0.0412739 -0.042994 -0.0447592 -0.0465924 -0.0484416 -0.050298 -0.052112 -0.0538812 -0.0555394 -0.0570557 -0.0584022 -0.0595498 -0.0604174 -0.0610209 -0.0613221 -0.0612689 -0.060866 -0.0601098 -0.0589532 -0.0574264 -0.0555453 -0.0532908 -0.0507119 -0.0478381 -0.0446727 -0.0412643 -0.0376598 -0.0338479 -0.0298835 -0.0257978 -0.0215965 -0.0173093 -0.012987 -0.00861787 -0.00425026 8.35188e-05 0.00437983 0.00861666 0.0127416 0.0167721 0.020674 0.0244079 0.0279721 0.0313385 0.0344489 0.0373123 0.039896 0.0421436 0.0440751 0.0456738 0.0469003 0.047782 0.0483415 0.0485379 0.04842 0.0480077 0.0473163 0.0463605 0.0452009 0.0438427 0.0423323 0.0406849 0.0389745 0.0371937 0.0353763 0.0335625 0.0317704 0.0299807 0.0282571 0.0265914 0.0249717 0.0234299 0.0219537 0.0205491 0.0192064 0.017927 0.0167056 0.0155428 0.0143867 0.0132744 0.0121637 0.0110317 0.00986679 0.00865159 0.0073497 0.00591726 0.00432789 0.00253393 0.000488074 -0.00187769 -0.00458869 -0.00770825 -0.0112614 -0.0152912 -0.0197739 -0.0246704 -0.029927 -0.0353915 -0.0409112 -0.0462517 -0.0511732 -0.0554237 -0.0587358 -0.0608947 -0.061746 -0.0611923 -0.059257 -0.0560514 -0.0517909 -0.046815 -0.041481 -0.0362222 -0.0314225 -0.0274126 -0.0244766 -0.0227695 -0.0223919 -0.0233089 -0.0253963 -0.028469 -0.0322616 -0.0365217 -0.0409914 -0.0454606 -0.0497789 -0.0538045 -0.0574496 -0.0606562 -0.0634246 -0.0658079 -0.0678307 -0.0695122 
0 0.00314517 0.00635332 0.00971773 0.0132374 0.0169886 0.020973 0.0251815 0.029574 0.0339867 0.038298 0.0422813 0.0457269 0.0483959 0.0499975 0.05033 0.0491778 0.0464662 0.0421979 0.0364717 0.0295045 0.0215596 0.0130035 0.00423828 -0.00428799 -0.0121943 -0.0191308 -0.0248577 -0.0292317 -0.0321936 -0.033855 -0.0343136 -0.0337829 -0.0324906 -0.0306798 -0.0286171 -0.0264782 -0.0244402 -0.0226457 -0.0211734 -0.0200334 -0.019258 -0.0188051 -0.0186662 -0.018779 -0.0190713 -0.019557 -0.0201536 -0.0208251 -0.0215506 -0.0223201 -0.0230954 -0.0238749 -0.0246443 -0.0254206 -0.0261945 -0.0269476 -0.0277234 -0.0285153 -0.029327 -0.0301584 -0.0310657 -0.03202 -0.0330305 -0.0341316 -0.0353317 -0.0365949 -0.0379649 -0.0394426 -0.0409886 -0.0426286 -0.044351 -0.0461318 -0.0479519 -0.0498058 -0.0516403 -0.0534403 -0.0551506 -0.0567563 -0.0581902 -0.05942 -0.0604102 -0.061125 -0.0615026 -0.0615639 -0.0612544 -0.0605303 -0.0594145 -0.0579169 -0.0559841 -0.0536539 -0.0509561 -0.0478887 -0.0444848 -0.040787 -0.0368036 -0.0325859 -0.028176 -0.023587 -0.0188699 -0.0140774 -0.00922435 -0.00436027 0.00046056 0.00522079 0.00987829 0.0143844 0.0187306 0.0228679 0.0267526 0.030389 0.0337417 0.0367402 0.0394071 0.0417301 0.0436651 0.04521 0.0463903 0.0471776 0.047608 0.0476857 0.0474301 0.0468628 0.0460288 0.0449339 0.0436427 0.0421671 0.0405587 0.0388452 0.0370636 0.0352414 0.0334199 0.0315915 0.0298008 0.0280671 0.0263721 0.0247491 0.0232128 0.0217487 0.0203478 0.01905 0.0178205 0.0166525 0.0155426 0.0145108 0.0134968 0.012513 0.0115622 0.0106077 0.00963618 0.00862827 0.0075659 0.00641554 0.00513534 0.0036705 0.00202795 9.70322e-05 -0.00215711 -0.00476515 -0.00779621 -0.0112777 -0.0152424 -0.0196699 -0.0245149 -0.0297013 -0.0351208 -0.0405472 -0.0457925 -0.0506037 -0.0547154 -0.0578953 -0.059894 -0.0605963 -0.0599068 -0.0578417 -0.0545168 -0.0501644 -0.0451065 -0.0397169 -0.0344049 -0.0295383 -0.025486 -0.0224769 -0.0207096 -0.0202706 -0.0211359 -0.0232422 -0.0263596 -0.0302834 -0.0347376 -0.0394686 -0.0442906 -0.0489836 -0.0534387 -0.0575163 -0.061154 -0.0643538 -0.0671045 -0.0694667 -0.0714158 
