0 0 0 0 0 0 0 0 0 0 0 0 0 0 0 0 0 0 0 0 0 0 0 0 0 0 0 0 0 0 0 0 0 0 0 0 0 0 0 0 0 0 0 0 0 0 0 0 0 0 0 0 0 0 0 0 0 0 0 0 0 0 0 0 0 0 0 0 0 0 0 0 0 0 0 0 0 0 0 0 0 0 0 0 0 0 0 0 0 0 0 0 0 0 0 0 0 0 0 0 0 0 0 0 0 0 0 0 0 0 0 0 0 0 0 0 0 0 0 0 0 0 0 0 0 0 0 0 0 0 0 0 0 0 0 0 0 0 0 0 0 0 0 0 0 0 0 0 0 0 0 0 0 0 0 0 0 0 0 0 0 0 0 0 0 0 0 0 0 0 0 0 0 0 0 0 0 0 0 0 0 0 0 0 0 0 0 0 0 0 0 0 0 0 0 0 0 0 0 0 
0 6.40456e-05 0.000118615 0.000168487 0.000223009 0.000283773 0.000348702 0.000406518 0.000464835 0.000537453 0.000627974 0.00073946 0.000863057 0.00101038 0.00119944 0.00142567 0.00168628 0.00195683 0.00222083 0.00246798 0.00265059 0.00275658 0.00275486 0.0026314 0.00239419 0.00201969 0.00156528 0.00105544 0.000534131 4.97011e-05 -0.000382773 -0.000699098 -0.000895232 -0.000957997 -0.000881997 -0.000670379 -0.000342077 7.83275e-05 0.00056115 0.00108901 0.00164754 0.00219179 0.00273655 0.003258 0.00375611 0.00421302 0.00463111 0.00500561 0.00532144 0.00557705 0.00575697 0.00588016 0.00591108 0.00586313 0.0057345 0.00552096 0.00520327 0.00481026 0.00432351 0.00374704 0.00309869 0.00236691 0.00157701 0.000724405 -0.000172536 -0.00109815 -0.00202406 -0.00296118 -0.00385256 -0.00470788 -0.00550714 -0.00623404 -0.00686408 -0.00740978 -0.00784962 -0.00818239 -0.00841295 -0.00854885 -0.00857967 -0.00850553 -0.00835553 -0.0081194 -0.00780768 -0.00744069 -0.00703064 -0.00655948 -0.00607632 -0.00558136 -0.00508687 -0.00459019 -0.00411462 -0.00365246 -0.00323728 -0.00283485 -0.00245918 -0.0021139 -0.00180496 -0.00149787 -0.001225 -0.000958691 -0.000705961 -0.000459267 -0.000224006 3.07112e-05 0.000269117 0.000521598 0.000790615 0.00108224 0.00137892 0.00171265 0.0020642 0.00246147 0.00288367 0.00332759 0.00379356 0.00430512 0.00481216 0.00532579 0.00584058 0.00633999 0.0068034 0.00724664 0.00764081 0.00797112 0.00823604 0.00843409 0.00854886 0.00856891 0.0085082 0.00834138 0.00806627 0.007693 0.00723153 0.00665254 0.00600462 0.00527227 0.00446943 0.00361223 0.00272935 0.00181261 0.000901168 -8.8484e-06 -0.000895424 -0.00174635 -0.0025651 -0.00332439 -0.00402524 -0.00466574 -0.00524706 -0.00574566 -0.00619344 -0.00657322 -0.00689469 -0.00715431 -0.00737558 -0.00755445 -0.00769896 -0.00782563 -0.00793293 -0.00804307 -0.00812752 -0.00820531 -0.00826362 -0.00827957 -0.00823152 -0.00811014 -0.00788783 -0.00755433 -0.00709856 -0.00652097 -0.00586331 -0.00511139 -0.00432251 -0.00352831 -0.00276921 -0.00209923 -0.00152502 -0.0010985 -0.000819427 -0.000674352 -0.0006458 -0.000699868 -0.000822057 -0.000980074 -0.00113757 -0.00127628 -0.00138106 -0.00144423 -0.00146763 -0.00144872 -0.00140528 -0.00134387 -0.00126185 -0.00116702 -0.00106091 -0.000962673 -0.00087581 -0.000791479 -0.000714167 -0.00064279 
0 0.000118615 0.000227484 0.000320638 0.000432177 0.000552 0.000682164 0.000802558 0.000922811 0.00107335 0.00126179 0.00149021 0.00174477 0.00205187 0.00242774 0.00289081 0.00340457 0.00394022 0.00447101 0.00494056 0.00531723 0.0055122 0.00551128 0.00527867 0.00479127 0.00407581 0.00316148 0.00215752 0.00112865 0.000153011 -0.000694155 -0.00133021 -0.00171879 -0.00183901 -0.00168134 -0.00126642 -0.000596536 0.000228266 0.00119175 0.00225099 0.00333952 0.00444038 0.00550547 0.00653264 0.00750744 0.00838704 0.00917724 0.0098939 0.0104769 0.0109471 0.0112953 0.0114951 0.0115523 0.0114365 0.0111613 0.0107234 0.0101 0.00930331 0.00835429 0.00722411 0.00593153 0.00450561 0.00295402 0.0012863 -0.000453268 -0.00222865 -0.00404405 -0.00584414 -0.00758169 -0.00925212 -0.010811 -0.0122086 -0.0134607 -0.0145358 -0.0154068 -0.0160872 -0.0165619 -0.0168235 -0.016895 -0.0167872 -0.0165034 -0.0160579 -0.0154672 -0.0147621 -0.013948 -0.0130637 -0.0121433 -0.0111742 -0.0101756 -0.00922406 -0.0082997 -0.00738728 -0.00653115 -0.0057389 -0.00498711 -0.00429879 -0.0036529 -0.00304024 -0.00248005 -0.00195047 -0.00142228 -0.00092526 -0.000438364 6.12747e-05 0.000562714 0.00108107 0.00163602 0.00220106 0.00281655 0.00350599 0.00422677 0.00498399 0.00582874 0.00672757 0.00766119 0.00863219 0.00962725 0.0106286 0.0116272 0.0125894 0.0135041 0.0143413 0.0150819 0.0157231 0.0162364 0.0165959 0.0168021 0.0168263 0.0166614 0.0163201 0.0157739 0.015031 0.0141061 0.0129899 0.0117011 0.0102814 0.00873295 0.00708145 0.00536433 0.00361002 0.001828 5.61295e-05 -0.00165609 -0.00332197 -0.00491331 -0.00638858 -0.00776235 -0.00903093 -0.010155 -0.0111614 -0.0120335 -0.0127855 -0.0134339 -0.013959 -0.0144155 -0.0148095 -0.0151285 -0.015412 -0.0156811 -0.0159116 -0.0161293 -0.0163068 -0.0164436 -0.0165071 -0.016426 -0.0162009 -0.0157751 -0.0151197 -0.0142149 -0.0130883 -0.0117667 -0.0102937 -0.00872575 -0.00714288 -0.00565272 -0.00429567 -0.00316435 -0.00229728 -0.00172463 -0.00142906 -0.00134507 -0.00144706 -0.00167489 -0.00198021 -0.00229094 -0.00256676 -0.00277628 -0.00291193 -0.00296296 -0.00293341 -0.00286017 -0.00273476 -0.00258681 -0.00239356 -0.00218591 -0.00199499 -0.00180719 -0.00164752 -0.00147548 -0.00133429 
0 0.000168487 0.000320638 0.000462574 0.000623721 0.000807641 0.00100761 0.00119682 0.00139174 0.00163012 0.00192181 0.0022737 0.00266566 0.00312672 0.00370119 0.00438116 0.00515221 0.00595095 0.00673061 0.00745028 0.00799251 0.00830447 0.00830542 0.00795318 0.00725467 0.00617197 0.0048397 0.00334765 0.00182094 0.000392774 -0.000868241 -0.00180195 -0.00237648 -0.00255607 -0.00232582 -0.0016969 -0.000720515 0.000525418 0.00195893 0.0035212 0.00515525 0.00675117 0.00831776 0.00980027 0.0111879 0.0124362 0.0135512 0.0145255 0.0153248 0.0159485 0.016368 0.0166186 0.0166288 0.0164189 0.015987 0.0153198 0.014374 0.0132092 0.0117932 0.0101337 0.00827368 0.00620167 0.00397486 0.00159246 -0.000897684 -0.00345308 -0.00601405 -0.00859054 -0.0110602 -0.0134363 -0.0156704 -0.0177173 -0.0195218 -0.0210978 -0.0223928 -0.0233982 -0.024118 -0.0245651 -0.0247188 -0.0245822 -0.0242186 -0.023614 -0.0227959 -0.0218159 -0.0207026 -0.0194292 -0.0181023 -0.0167268 -0.0153326 -0.0139271 -0.0125577 -0.011214 -0.00997243 -0.00876895 -0.0076309 -0.00657295 -0.00560534 -0.00465868 -0.0037983 -0.00296605 -0.00216935 -0.00139431 -0.000644566 0.000146494 0.000909787 0.00171059 0.0025603 0.00346768 0.004403 0.00543267 0.00651386 0.00769926 0.00895006 0.0102519 0.0116024 0.0130449 0.0144738 0.0159056 0.0173266 0.0186945 0.0199634 0.0211574 0.0222094 0.0230819 0.0237648 0.0242463 0.0244885 0.0244644 0.0242002 0.0236474 0.0228024 0.0216929 0.0203445 0.018704 0.0168755 0.0148376 0.0126203 0.0102635 0.00783162 0.00531521 0.00279623 0.000277765 -0.00218561 -0.00456476 -0.00685685 -0.00899509 -0.010978 -0.0128 -0.014455 -0.0158999 -0.0172002 -0.0183271 -0.019304 -0.0201287 -0.0208581 -0.0214894 -0.0220382 -0.0225432 -0.023005 -0.0234592 -0.0238463 -0.0241943 -0.024468 -0.0246035 -0.024537 -0.0242365 -0.0236311 -0.0226867 -0.0213758 -0.0197094 -0.0177822 -0.0155878 -0.0132674 -0.0109233 -0.00867842 -0.00667389 -0.00495952 -0.00366303 -0.00279671 -0.00232546 -0.0021947 -0.00231661 -0.00263948 -0.00307339 -0.00351823 -0.00391865 -0.00422919 -0.0044285 -0.00451389 -0.00448238 -0.00437693 -0.00421172 -0.00398655 -0.00371466 -0.00340968 -0.00311924 -0.00285332 -0.00259484 -0.00234771 -0.00212635 
0 0.000223009 0.000432177 0.000623721 0.000845571 0.00109265 0.00135852 0.00161612 0.00188205 0.00220316 0.00259833 0.0030706 0.00360439 0.00423881 0.00500701 0.00592826 0.00695019 0.00801224 0.00905656 0.00998946 0.0107246 0.0111261 0.0111351 0.0106897 0.00975777 0.00837227 0.00661924 0.00467629 0.00268759 0.000807769 -0.000821913 -0.00204564 -0.00278912 -0.00301059 -0.00269447 -0.00187244 -0.00057901 0.00103608 0.00290528 0.00494038 0.00702896 0.00910344 0.0110931 0.0129724 0.0147099 0.0162478 0.0175894 0.0187517 0.0196677 0.0203581 0.0208136 0.0210136 0.0209491 0.0205917 0.0199558 0.0190316 0.0177897 0.0162518 0.0144394 0.0123276 0.00994923 0.00734316 0.00453827 0.00155312 -0.00154619 -0.00470395 -0.00790801 -0.0110925 -0.01418 -0.0171569 -0.0199619 -0.0225223 -0.0248354 -0.0268588 -0.0285459 -0.0298947 -0.0308856 -0.0315062 -0.0317754 -0.0317073 -0.031322 -0.0306356 -0.0296797 -0.0285044 -0.0271291 -0.0255989 -0.0239758 -0.0222538 -0.0204655 -0.018701 -0.0169554 -0.0152183 -0.013554 -0.0119695 -0.0104509 -0.00902879 -0.00768489 -0.00640136 -0.00520691 -0.00406777 -0.00294976 -0.00187737 -0.000822871 0.000253513 0.00133688 0.00245665 0.00363911 0.00486112 0.00616214 0.00757424 0.00904347 0.0105804 0.0122286 0.0139444 0.0157006 0.017502 0.0193116 0.0211075 0.022872 0.0245561 0.0261296 0.0275586 0.0288021 0.029841 0.0306345 0.0311474 0.0313644 0.0312519 0.0308059 0.0300355 0.0289146 0.0274656 0.0257136 0.0236499 0.0213185 0.0187694 0.0160141 0.0130933 0.0100649 0.00696168 0.00381524 0.000677241 -0.00238331 -0.00536675 -0.008231 -0.0109159 -0.0134275 -0.015759 -0.0178645 -0.0197637 -0.0214548 -0.0229534 -0.0242823 -0.0254303 -0.026471 -0.0274136 -0.0282525 -0.0290367 -0.0297906 -0.0304889 -0.0311398 -0.0317087 -0.0321721 -0.0324596 -0.0324603 -0.0321445 -0.0314188 -0.0302286 -0.0285429 -0.0264015 -0.0238675 -0.0210154 -0.0179678 -0.0148805 -0.0119406 -0.00926733 -0.0070126 -0.00527264 -0.00409746 -0.0034526 -0.0032368 -0.00337868 -0.00377322 -0.00431905 -0.00488864 -0.00540161 -0.00580055 -0.00606098 -0.00616763 -0.00612807 -0.00599414 -0.00576916 -0.00548386 -0.00512372 -0.00473306 -0.00436155 -0.00400731 -0.00368718 -0.0033591 -0.00307962 
0 0.000283773 0.000552 0.000807641 0.00109265 0.00140787 0.00174152 0.00207085 0.00241363 0.00282163 0.00331727 0.00390913 0.00458724 0.00538909 0.0063639 0.00751353 0.00879713 0.0101309 0.0114352 0.0126134 0.0135243 0.014043 0.0140636 0.0135181 0.0123869 0.0106841 0.00855412 0.00617816 0.00375029 0.00146541 -0.000514181 -0.00199806 -0.00289514 -0.00315595 -0.00276458 -0.00175027 -0.000189896 0.00178061 0.00404057 0.00648109 0.00898611 0.0114365 0.0137797 0.0159635 0.0179514 0.0196934 0.0211886 0.0224345 0.0233938 0.0240668 0.0244432 0.0245335 0.0243011 0.0237463 0.0228785 0.021685 0.0201381 0.0182763 0.0160973 0.0136033 0.0108327 0.007807 0.0045719 0.00114782 -0.00240752 -0.00603663 -0.00969293 -0.0133406 -0.0168828 -0.0203015 -0.0235424 -0.0265417 -0.0292534 -0.0316547 -0.0336926 -0.0353456 -0.0366026 -0.0374597 -0.0379051 -0.0379457 -0.0376248 -0.0369493 -0.0359524 -0.0346899 -0.0331924 -0.0314753 -0.0296233 -0.0276563 -0.0256087 -0.0235231 -0.0214318 -0.0193451 -0.0173278 -0.0153613 -0.0134605 -0.0116534 -0.00994168 -0.00828994 -0.006734 -0.00523631 -0.00378231 -0.0023672 -0.00097245 0.000450678 0.00187464 0.00334518 0.00488555 0.00649225 0.00816424 0.00994029 0.0117863 0.013722 0.0157343 0.0177926 0.0198851 0.0220231 0.0241336 0.0262038 0.0282133 0.0301111 0.0318537 0.0334293 0.0347771 0.0358555 0.0366394 0.0371032 0.0372149 0.0369512 0.0363223 0.0353086 0.0339069 0.0321498 0.0300637 0.0276344 0.0249348 0.0219848 0.0188106 0.0154613 0.0119994 0.0084465 0.00486286 0.001285 -0.00222801 -0.00564914 -0.00895075 -0.0120704 -0.0150001 -0.0177332 -0.020246 -0.0225244 -0.0246033 -0.02648 -0.0281721 -0.0296884 -0.031085 -0.0323734 -0.0335649 -0.0346998 -0.0357932 -0.0368463 -0.0378222 -0.0387064 -0.0394473 -0.0399484 -0.0401025 -0.0398382 -0.039056 -0.0376875 -0.0356986 -0.0331231 -0.0300551 -0.0265689 -0.0228364 -0.0190469 -0.0154096 -0.0121159 -0.00931449 -0.0071528 -0.00567765 -0.00484445 -0.00455654 -0.00469712 -0.0051547 -0.00579209 -0.00646268 -0.00706836 -0.00753792 -0.00783821 -0.00795571 -0.00790157 -0.00772612 -0.00745116 -0.0070932 -0.00666141 -0.00619572 -0.00574816 -0.00533356 -0.00494689 -0.00457109 -0.00424188 
0 0.000348702 0.000682164 0.00100761 0.00135852 0.00174152 0.00214297 0.00254813 0.00297506 0.00347535 0.0040797 0.00479805 0.00563333 0.00662155 0.00781299 0.0092069 0.0107564 0.0123672 0.0139373 0.0153492 0.0164396 0.017066 0.0171007 0.0164667 0.0151414 0.0131565 0.0106727 0.00789682 0.00506102 0.00239081 8.95546e-05 -0.00164134 -0.00268349 -0.00297986 -0.00251863 -0.00133734 0.000460373 0.00273005 0.00531939 0.00809507 0.0109242 0.0136744 0.0162777 0.0186743 0.0208178 0.022666 0.0242109 0.0254453 0.0263495 0.0269161 0.0271449 0.0270451 0.0265908 0.0257891 0.0246506 0.0231701 0.0213378 0.0191831 0.0167104 0.013929 0.0108693 0.00755736 0.00403362 0.000326298 -0.00351255 -0.00742982 -0.0113772 -0.0153132 -0.0191578 -0.0228742 -0.0264107 -0.0297081 -0.0327173 -0.0354099 -0.0377386 -0.0396709 -0.0411912 -0.0422888 -0.0429508 -0.0431824 -0.0430128 -0.0424496 -0.0415236 -0.0402815 -0.0387595 -0.0369839 -0.0350203 -0.0328984 -0.0306576 -0.0283399 -0.0259819 -0.0236033 -0.0212538 -0.0189374 -0.0166751 -0.0144887 -0.0123853 -0.0103486 -0.00839838 -0.00651002 -0.00466977 -0.00286632 -0.00108081 0.000724084 0.00254312 0.00440866 0.00633809 0.00833549 0.0104015 0.0125546 0.0147708 0.0170566 0.0193963 0.0217647 0.0241418 0.0265206 0.0288456 0.0310955 0.0332427 0.03524 0.0370408 0.0386242 0.0399395 0.0409468 0.0416216 0.041941 0.0418746 0.0414102 0.0405564 0.0393024 0.037654 0.0356401 0.0332827 0.0305872 0.0276127 0.0243869 0.020942 0.0173254 0.0135928 0.00977337 0.00592104 0.00207809 -0.00170666 -0.00540138 -0.00897739 -0.0123885 -0.0156202 -0.0186647 -0.0215046 -0.0241243 -0.026552 -0.0287901 -0.0308493 -0.0327511 -0.0345366 -0.0362226 -0.0378256 -0.0393759 -0.0408875 -0.0423581 -0.0437455 -0.0450237 -0.0461227 -0.0469283 -0.0473211 -0.0471938 -0.0464374 -0.0449659 -0.0427443 -0.0398097 -0.036262 -0.0322113 -0.027852 -0.0234125 -0.0191334 -0.0152461 -0.0119321 -0.00935562 -0.00757433 -0.00654345 -0.00615887 -0.00628301 -0.00678068 -0.00748888 -0.00824584 -0.00893053 -0.00946142 -0.00979569 -0.00991922 -0.00985113 -0.0096371 -0.0093121 -0.00889076 -0.0083934 -0.00786478 -0.00735434 -0.00688388 -0.00644282 -0.00602418 -0.00565418 
0 0.000406518 0.000802558 0.00119682 0.00161612 0.00207085 0.00254813 0.00304236 0.00357233 0.00418309 0.00491613 0.00577773 0.0067884 0.00798522 0.00940179 0.0110544 0.0128701 0.0147591 0.0166003 0.0182313 0.0195074 0.0202312 0.0202832 0.0195735 0.0180567 0.0158256 0.0130077 0.00986457 0.00665059 0.00361112 0.00101011 -0.00096574 -0.00216032 -0.00250966 -0.00200527 -0.000704626 0.00128714 0.00378886 0.00664228 0.00968457 0.0127445 0.0157186 0.0184835 0.0209958 0.0231955 0.0250496 0.0265397 0.0276712 0.0284241 0.0287975 0.0288154 0.0284516 0.0277376 0.0266594 0.0252369 0.0234741 0.021391 0.01898 0.0162858 0.0133084 0.010061 0.00659746 0.00292721 -0.000909331 -0.00486742 -0.00889475 -0.0129746 -0.0170195 -0.0210052 -0.0248662 -0.0285584 -0.0320153 -0.0352197 -0.0381085 -0.0406519 -0.0428198 -0.0445882 -0.0459252 -0.0468347 -0.047323 -0.0473757 -0.0470183 -0.0462739 -0.0451696 -0.0437265 -0.0420153 -0.040053 -0.0378803 -0.035529 -0.0330737 -0.0305247 -0.0279219 -0.0252806 -0.0226611 -0.0200617 -0.0175119 -0.0150049 -0.0125743 -0.0101968 -0.00788544 -0.00560664 -0.0033683 -0.00113421 0.00109292 0.00335898 0.00565573 0.00800681 0.0103994 0.0128691 0.0153905 0.0179617 0.0205485 0.0231726 0.0257956 0.0283909 0.0309133 0.0333658 0.0356912 0.0378579 0.0398269 0.0415694 0.0430269 0.0441829 0.0450116 0.0454793 0.045565 0.0452617 0.0445648 0.0434609 0.0419796 0.0401179 0.0378985 0.0353363 0.0324815 0.029333 0.0259635 0.0223931 0.0186658 0.0148206 0.0109177 0.00696542 0.00303132 -0.000849444 -0.00466407 -0.00836298 -0.0119284 -0.0153433 -0.0185986 -0.0216657 -0.0245694 -0.027285 -0.0298494 -0.0322625 -0.0345477 -0.0367363 -0.0388545 -0.0409124 -0.0429325 -0.0449388 -0.0468882 -0.0487777 -0.0505272 -0.0520619 -0.0532575 -0.0539653 -0.0540562 -0.0534074 -0.0519156 -0.049545 -0.0463459 -0.0423926 -0.0378688 -0.0329583 -0.027935 -0.0230845 -0.0186386 -0.014857 -0.0118794 -0.00979185 -0.00855922 -0.00805348 -0.00814637 -0.00865832 -0.00941511 -0.010243 -0.0109947 -0.0115819 -0.0119523 -0.0120872 -0.0120162 -0.0117786 -0.0114118 -0.0109461 -0.0103946 -0.00981566 -0.0092525 -0.00872292 -0.00823351 -0.00776536 -0.00735434 
0 0.000464835 0.000922811 0.00139174 0.00188205 0.00241363 0.00297506 0.00357233 0.00422313 0.00497135 0.00584933 0.00687819 0.00808934 0.00950532 0.0111783 0.0130826 0.0151777 0.0173475 0.0194411 0.021313 0.0227414 0.0235802 0.0236481 0.0228541 0.0211878 0.0186991 0.0155952 0.0121031 0.00852551 0.00514849 0.00224199 2.07758e-05 -0.00134614 -0.00178707 -0.00129729 7.71907e-05 0.00216508 0.00484075 0.0078743 0.0110846 0.0143175 0.0173987 0.0202487 0.0227795 0.0249346 0.0266986 0.0280585 0.028984 0.0295202 0.0296415 0.0293676 0.0287288 0.0277143 0.0263613 0.0246764 0.0226711 0.0203636 0.0177822 0.0149207 0.0118248 0.00851234 0.00500056 0.00131539 -0.00249924 -0.0064274 -0.0104372 -0.0144583 -0.0184727 -0.0224358 -0.0262844 -0.0299857 -0.0335131 -0.0367838 -0.0397823 -0.0424747 -0.0448146 -0.046785 -0.0483802 -0.0495595 -0.0503158 -0.0506543 -0.050581 -0.0501019 -0.0492352 -0.0480162 -0.0464562 -0.0445839 -0.0424702 -0.0401547 -0.0376279 -0.0349534 -0.0321922 -0.0293579 -0.0264675 -0.0235649 -0.0206599 -0.0177825 -0.0149378 -0.0121195 -0.00933446 -0.0065952 -0.00386564 -0.00114362 0.00157622 0.00430883 0.00706588 0.0098486 0.0126799 0.0155275 0.0183798 0.0212613 0.0241544 0.0269937 0.0297782 0.0324983 0.0351127 0.0375778 0.0398637 0.041935 0.0437591 0.045299 0.0465374 0.0474473 0.0479858 0.0481594 0.0479643 0.0473801 0.0464178 0.0450948 0.0433886 0.0413413 0.0389728 0.0362977 0.0333503 0.0301742 0.0267774 0.0232117 0.0195179 0.0157251 0.0118691 0.00799397 0.00412557 0.000274439 -0.00350425 -0.00720528 -0.0108102 -0.0142908 -0.0176357 -0.0208619 -0.0239345 -0.0268904 -0.0297302 -0.0324527 -0.0351127 -0.0377015 -0.0402524 -0.0427965 -0.0453334 -0.0478584 -0.0503776 -0.0528054 -0.0551002 -0.0571399 -0.0587723 -0.0598739 -0.0602475 -0.0597793 -0.0583537 -0.0559333 -0.0525487 -0.0483135 -0.0433932 -0.0380333 -0.0325235 -0.0271504 -0.0222421 -0.0180162 -0.0146829 -0.0123092 -0.0108616 -0.0102482 -0.0102805 -0.0107982 -0.0115864 -0.0124682 -0.013284 -0.0139254 -0.0143347 -0.0144936 -0.0144332 -0.0141807 -0.013794 -0.013285 -0.0127033 -0.0120853 -0.0114714 -0.0109006 -0.0103475 -0.00984491 -0.00938565 
0 0.000537453 0.00107335 0.00163012 0.00220316 0.00282163 0.00347535 0.00418309 0.00497135 0.00585969 0.00690255 0.00811142 0.00953852 0.0112124 0.0131427 0.0153388 0.0177118 0.0201651 0.0225312 0.024603 0.0262111 0.0271294 0.0272134 0.0263549 0.0245128 0.02182 0.0184207 0.0146056 0.010683 0.0069541 0.00374618 0.00125673 -0.000319557 -0.000895313 -0.000468473 0.000881558 0.00301401 0.00574048 0.00885657 0.0121506 0.0154205 0.0185475 0.0213795 0.0238484 0.0258888 0.027492 0.0286299 0.0293127 0.0295624 0.0293868 0.0288353 0.0278838 0.026602 0.0249937 0.0230715 0.0208599 0.0184138 0.015702 0.0127812 0.00966751 0.00635889 0.00290986 -0.000686701 -0.00438122 -0.00815297 -0.0119752 -0.0158391 -0.0196637 -0.0234771 -0.0271985 -0.0307995 -0.0342364 -0.037499 -0.0405201 -0.0432845 -0.0457595 -0.047916 -0.0497061 -0.0511359 -0.0522047 -0.0528555 -0.0531099 -0.0529705 -0.0524202 -0.0514688 -0.0501907 -0.0485484 -0.0465906 -0.0443451 -0.0418725 -0.0391902 -0.0363557 -0.0333463 -0.0302606 -0.027106 -0.0238965 -0.0206343 -0.0173914 -0.0141173 -0.0108605 -0.00760405 -0.00435787 -0.00110403 0.00211328 0.00536593 0.00860564 0.0118345 0.0150491 0.0182819 0.0214656 0.024624 0.0276986 0.0307037 0.0336106 0.0363807 0.0389359 0.0413214 0.0434654 0.0453289 0.046902 0.0481711 0.049071 0.049631 0.0498465 0.0496926 0.0491701 0.0482935 0.0470747 0.045501 0.0436234 0.041452 0.0389977 0.0362716 0.0333563 0.0302121 0.0269162 0.0234927 0.0199634 0.0163388 0.0126842 0.00897943 0.00528427 0.00160496 -0.00204592 -0.00562319 -0.00914893 -0.0125983 -0.0159564 -0.0192214 -0.0224244 -0.0255224 -0.0285705 -0.031567 -0.0345483 -0.0375182 -0.0405078 -0.0435348 -0.0465914 -0.0496806 -0.0527479 -0.0557725 -0.0586305 -0.0612053 -0.0633462 -0.0648773 -0.0656063 -0.0653898 -0.0641049 -0.0617129 -0.0582542 -0.0538075 -0.0486191 -0.0429073 -0.0369982 -0.03123 -0.0258999 -0.0213283 -0.0176718 -0.0150367 -0.0134133 -0.0126736 -0.0126711 -0.0131824 -0.0140021 -0.0149438 -0.0158187 -0.0165219 -0.0169759 -0.0171646 -0.0171218 -0.0168683 -0.016459 -0.0159277 -0.0153183 -0.0146773 -0.0140336 -0.0134169 -0.0128309 -0.0122885 -0.0117988 
0 0.000627974 0.00126179 0.00192181 0.00259833 0.00331727 0.0040797 0.00491613 0.00584933 0.00690255 0.00811714 0.00952776 0.0111919 0.0131256 0.0153485 0.0178254 0.0204965 0.0232402 0.0258634 0.0281693 0.0299229 0.0309399 0.0310287 0.0300785 0.028082 0.0251395 0.0214596 0.0173071 0.0130233 0.00894702 0.00540741 0.00262401 0.000799466 2.69326e-05 0.000307647 0.00157137 0.00362846 0.00633533 0.00943683 0.0127057 0.0159528 0.0190064 0.0217479 0.0240762 0.0259328 0.0273198 0.0282232 0.0286224 0.0285895 0.0281226 0.0272638 0.0260402 0.0244933 0.0226664 0.0205656 0.0182219 0.015676 0.0129353 0.0100067 0.00694057 0.00374436 0.000439272 -0.00297249 -0.00643739 -0.00996162 -0.0135364 -0.0171088 -0.0206606 -0.024204 -0.0276753 -0.0310597 -0.0343549 -0.0374983 -0.0404652 -0.0432341 -0.0457688 -0.0480403 -0.0500301 -0.0517018 -0.0530388 -0.0540025 -0.0546041 -0.0548247 -0.0546422 -0.0540686 -0.0531154 -0.0517527 -0.0500512 -0.0480361 -0.0456876 -0.0430562 -0.0402181 -0.0371594 -0.0339271 -0.0305605 -0.027067 -0.0234813 -0.0198424 -0.016125 -0.0123728 -0.00861297 -0.00482858 -0.00103614 0.00272322 0.00647578 0.0101938 0.0138615 0.0174911 0.0210511 0.0244985 0.0278759 0.0311358 0.0342149 0.0371165 0.0398275 0.0422791 0.0444726 0.0463682 0.0479347 0.0491699 0.0500689 0.0506056 0.0507979 0.0506284 0.0501139 0.0492671 0.0480998 0.0466318 0.0448798 0.0428481 0.0405881 0.0381091 0.0354259 0.0325968 0.0296203 0.0265075 0.0233047 0.020028 0.0166736 0.0132867 0.00987416 0.0064527 0.00301311 -0.00039836 -0.00378144 -0.0071455 -0.0104659 -0.0137297 -0.0169725 -0.020185 -0.0233771 -0.0265725 -0.0297756 -0.0330402 -0.0363393 -0.0397134 -0.0431902 -0.0467466 -0.0503597 -0.0540113 -0.0576116 -0.0610613 -0.0642024 -0.0668604 -0.0688746 -0.0699971 -0.0700897 -0.0690208 -0.0667446 -0.0632841 -0.0587474 -0.0533635 -0.047403 -0.0411986 -0.0350944 -0.0294641 -0.0245928 -0.020695 -0.0178607 -0.0160869 -0.0152806 -0.0152445 -0.0157749 -0.0166346 -0.0176343 -0.0185825 -0.019349 -0.0198601 -0.0200944 -0.0200819 -0.0198391 -0.0194284 -0.0188815 -0.018267 -0.0176171 -0.0169544 -0.0163182 -0.0157008 -0.0151456 -0.014634 
0 0.00073946 0.00149021 0.0022737 0.0030706 0.00390913 0.00479805 0.00577773 0.00687819 0.00811142 0.00952776 0.0111653 0.0130906 0.0153213 0.0178484 0.0206361 0.0236056 0.0266337 0.0295115 0.0320113 0.0339008 0.0349711 0.0350364 0.0339781 0.031792 0.0286021 0.0246158 0.0201146 0.0154522 0.0109932 0.00708501 0.00396395 0.00183481 0.000807557 0.000882214 0.00196981 0.00388849 0.0064683 0.00945957 0.0126161 0.0157341 0.0186503 0.021232 0.0233715 0.0250153 0.0261667 0.0268103 0.0269442 0.0266332 0.0259011 0.0247933 0.0233343 0.0215851 0.0195908 0.0173577 0.0149291 0.0123563 0.00963682 0.00678918 0.00385162 0.000827728 -0.00226455 -0.00542442 -0.00860738 -0.0118148 -0.0150502 -0.0182803 -0.0214867 -0.0246957 -0.0278591 -0.030961 -0.0340044 -0.0369592 -0.0397969 -0.0425001 -0.045042 -0.0473865 -0.0494969 -0.0513555 -0.0529436 -0.0542039 -0.0551371 -0.0557217 -0.0559143 -0.0557189 -0.0551508 -0.054161 -0.0527811 -0.0510299 -0.0489036 -0.0464385 -0.043682 -0.0406176 -0.0373089 -0.0337948 -0.0300764 -0.0261876 -0.0221832 -0.0180486 -0.0138331 -0.00957032 -0.00526507 -0.000949432 0.00332553 0.00757884 0.0117626 0.0158428 0.019826 0.0236904 0.0273791 0.0309083 0.0342328 0.0373158 0.0401554 0.0427177 0.0449429 0.0468589 0.0484339 0.0496392 0.0504918 0.0509934 0.0511192 0.0509097 0.0503736 0.0495163 0.0483587 0.0469286 0.0452476 0.0433343 0.0412201 0.0389439 0.0365071 0.0339281 0.0312616 0.0284902 0.0256325 0.0227254 0.0197654 0.0167433 0.0136966 0.0106208 0.00752851 0.0044128 0.00130127 -0.00180331 -0.00492648 -0.00805172 -0.0111666 -0.0143092 -0.0174848 -0.0206886 -0.0239545 -0.0273006 -0.0307651 -0.0343337 -0.0380402 -0.0419089 -0.0459113 -0.050016 -0.0541911 -0.0583512 -0.0623659 -0.0660641 -0.069264 -0.0717694 -0.0733269 -0.0737701 -0.0729663 -0.0708639 -0.0674789 -0.0629254 -0.0574516 -0.0513423 -0.0449431 -0.0386251 -0.0327717 -0.0276995 -0.0236182 -0.0206325 -0.0187579 -0.0178976 -0.017864 -0.0184273 -0.0193509 -0.0204355 -0.0214768 -0.0223392 -0.0229363 -0.0232509 -0.0233011 -0.0231005 -0.0227132 -0.0221819 -0.021583 -0.0209458 -0.0202857 -0.0196385 -0.0190104 -0.0184453 -0.0179231 
0 0.000863057 0.00174477 0.00266566 0.00360439 0.00458724 0.00563333 0.0067884 0.00808934 0.00953852 0.0111919 0.0130906 0.0153043 0.0178538 0.0206951 0.0237965 0.0270554 0.0303469 0.0334544 0.0361128 0.0381033 0.0391833 0.0391821 0.0379774 0.0355633 0.0320949 0.0277689 0.0228918 0.017822 0.0129459 0.00862593 0.00511647 0.00262205 0.00126734 0.00105733 0.00188264 0.00358534 0.00595754 0.00876652 0.0117491 0.0146805 0.0174128 0.0197917 0.0217149 0.0231323 0.0240495 0.0244497 0.0243548 0.023808 0.0228597 0.0215571 0.0199197 0.0180316 0.0159327 0.0136385 0.0111929 0.00865544 0.00601175 0.00329816 0.000539153 -0.00225857 -0.00508101 -0.00793105 -0.0107821 -0.0136345 -0.0164939 -0.0193503 -0.0221756 -0.0250072 -0.0278153 -0.0305927 -0.0333374 -0.0360518 -0.0386964 -0.0412629 -0.043736 -0.0460853 -0.0482618 -0.050256 -0.0520385 -0.0535456 -0.0547702 -0.0556898 -0.0562511 -0.0564372 -0.0562568 -0.0556566 -0.0546464 -0.0532252 -0.0513905 -0.0491535 -0.0465495 -0.0435619 -0.0402514 -0.0366439 -0.0327556 -0.0286185 -0.0242977 -0.0197901 -0.0151576 -0.0104361 -0.00565782 -0.00086007 0.00389061 0.00859823 0.0132004 0.0176586 0.0219515 0.0260581 0.0299173 0.0335328 0.036854 0.03986 0.0425408 0.0448714 0.0468096 0.0483936 0.0495964 0.0504034 0.0508467 0.0509417 0.0506697 0.0500779 0.0491941 0.0480203 0.046592 0.0449511 0.0431203 0.0411105 0.0389751 0.0367334 0.0343916 0.0319692 0.0295136 0.0269885 0.0244226 0.0218341 0.0192138 0.0165526 0.0138813 0.0111828 0.0084618 0.00571296 0.00293892 0.000150672 -0.00268836 -0.00556637 -0.0084792 -0.0114579 -0.0145333 -0.0176823 -0.020951 -0.0243686 -0.0279522 -0.0317098 -0.0356677 -0.0398483 -0.0442243 -0.0487628 -0.0534067 -0.0580839 -0.0626228 -0.0668453 -0.070563 -0.0735392 -0.075531 -0.0763388 -0.0758331 -0.073952 -0.0707076 -0.0662141 -0.0607374 -0.0545694 -0.0480679 -0.0416329 -0.0356427 -0.0304518 -0.0262543 -0.0231759 -0.0212482 -0.0203682 -0.0203686 -0.0209915 -0.0220101 -0.0232108 -0.0243819 -0.0253829 -0.0261144 -0.0265619 -0.0267278 -0.0266228 -0.0263044 -0.0258322 -0.0252813 -0.0246827 -0.0240475 -0.0234038 -0.0227815 -0.0222138 -0.0216899 
0 0.00101038 0.00205187 0.00312672 0.00423881 0.00538909 0.00662155 0.00798522 0.00950532 0.0112124 0.0131256 0.0153213 0.0178538 0.0207244 0.0239044 0.0272981 0.0308387 0.0343624 0.0376392 0.040425 0.0424326 0.0434758 0.0433457 0.0419329 0.0392696 0.0354667 0.0307836 0.0254973 0.0199851 0.0146598 0.00987703 0.00592126 0.00300386 0.00125014 0.000668323 0.00117033 0.00255842 0.00466502 0.00722412 0.00997017 0.0126995 0.0152128 0.0173904 0.0191084 0.0203219 0.0210272 0.0212393 0.0209474 0.0202315 0.0191399 0.0176973 0.0159797 0.0140244 0.0118962 0.00961689 0.00723329 0.00477189 0.00228109 -0.000259272 -0.00280366 -0.00533038 -0.00785989 -0.0103805 -0.0128712 -0.0153482 -0.0178344 -0.020284 -0.0227346 -0.0251816 -0.0276247 -0.0300508 -0.0324978 -0.0349211 -0.0373319 -0.0397155 -0.0420596 -0.0443273 -0.0465142 -0.0485765 -0.0504708 -0.0521661 -0.0536342 -0.0548299 -0.0557108 -0.0562691 -0.05645 -0.0562238 -0.0555874 -0.0545435 -0.0530281 -0.0510639 -0.0486626 -0.0458392 -0.0425848 -0.038953 -0.0349546 -0.0306551 -0.0260762 -0.0212733 -0.0162844 -0.0111902 -0.00600635 -0.000808781 0.0043622 0.00943934 0.0143917 0.019153 0.0237058 0.0279676 0.0319185 0.035538 0.038805 0.0416501 0.0440976 0.04614 0.0477702 0.0489758 0.0497868 0.0502021 0.0502455 0.0499383 0.0493116 0.0483863 0.0471879 0.0457633 0.0441396 0.0423542 0.0404344 0.0384205 0.0363118 0.0341617 0.0319644 0.0297436 0.0275016 0.0252641 0.0229935 0.02073 0.0184625 0.0161768 0.013873 0.0115709 0.00922987 0.00684301 0.00443866 0.00197151 -0.000560451 -0.0031607 -0.00583381 -0.00862576 -0.0115266 -0.0145798 -0.0177857 -0.0211938 -0.0248351 -0.0287021 -0.0328364 -0.0372568 -0.041934 -0.0468164 -0.0518752 -0.0569714 -0.061969 -0.0666537 -0.0708136 -0.0742253 -0.0766061 -0.0777635 -0.0775582 -0.0759182 -0.072846 -0.0684848 -0.063065 -0.0569254 -0.0504189 -0.0439393 -0.0379233 -0.0326679 -0.0284288 -0.0253159 -0.0233636 -0.0225199 -0.0225696 -0.0232992 -0.0244542 -0.025811 -0.0271731 -0.0283621 -0.0292955 -0.0299367 -0.030278 -0.0303303 -0.0301371 -0.0297742 -0.0293165 -0.0287921 -0.0282122 -0.0276044 -0.0270075 -0.0264616 -0.0259509 
0 0.00119944 0.00242774 0.00370119 0.00500701 0.0063639 0.00781299 0.00940179 0.0111783 0.0131427 0.0153485 0.0178484 0.0206951 0.0239044 0.0273838 0.0310819 0.034862 0.0385736 0.0419925 0.0448092 0.0468061 0.0477192 0.047396 0.0457329 0.0427378 0.0385847 0.0334823 0.0277537 0.0217692 0.0159475 0.010657 0.00621192 0.00280733 0.000594569 -0.000408258 -0.000326088 0.000724611 0.00248632 0.00475471 0.00725384 0.00974224 0.0120656 0.0140556 0.0156051 0.0166658 0.0172308 0.0172874 0.016896 0.0160675 0.0148949 0.0134175 0.0116755 0.00974507 0.00766737 0.00547382 0.00320153 0.000909547 -0.00141326 -0.00371924 -0.00600676 -0.00826009 -0.0104862 -0.0126644 -0.0148185 -0.0169334 -0.0190199 -0.0211057 -0.0231774 -0.0252513 -0.0273447 -0.0294501 -0.0315525 -0.0336965 -0.0358471 -0.0380073 -0.0401718 -0.0423291 -0.0444232 -0.0464624 -0.0484073 -0.0502176 -0.0518399 -0.0532553 -0.0544022 -0.0552401 -0.0557455 -0.0558932 -0.0556143 -0.0548828 -0.0537032 -0.0520568 -0.0499081 -0.0472572 -0.0441319 -0.0405539 -0.0365468 -0.0321459 -0.0274125 -0.0224043 -0.017178 -0.0117881 -0.00630943 -0.000806821 0.00465853 0.01003 0.0152333 0.0202015 0.0248806 0.0292363 0.0332158 0.0367605 0.0398556 0.0425149 0.0447201 0.0464447 0.0477172 0.0485658 0.0490036 0.0490412 0.0487284 0.0480824 0.0471337 0.045924 0.0445208 0.0429212 0.041177 0.0393307 0.0374094 0.0354172 0.0334242 0.0314106 0.0293883 0.0273796 0.0253929 0.0234072 0.0214529 0.0195184 0.0175847 0.0156583 0.0137221 0.011771 0.00978629 0.00777197 0.00569369 0.00356599 0.00134455 -0.000969791 -0.00339275 -0.00594147 -0.00866373 -0.011549 -0.0146419 -0.018001 -0.0216161 -0.025544 -0.0297889 -0.0343693 -0.0392622 -0.0444261 -0.0497736 -0.0552268 -0.0605759 -0.0656262 -0.0701715 -0.073915 -0.0766423 -0.0780989 -0.0781624 -0.0767537 -0.0738738 -0.0696581 -0.0643598 -0.0582973 -0.0518409 -0.0454169 -0.0394063 -0.0341851 -0.0299475 -0.0268515 -0.0249488 -0.0241527 -0.0243253 -0.0251899 -0.0265339 -0.0281104 -0.029702 -0.0311546 -0.032345 -0.0332479 -0.0338306 -0.0341011 -0.0340988 -0.0339047 -0.0335916 -0.0331898 -0.0327127 -0.0321814 -0.0316583 -0.0311665 -0.0307065 
0 0.00142567 0.00289081 0.00438116 0.00592826 0.00751353 0.0092069 0.0110544 0.0130826 0.0153388 0.0178254 0.0206361 0.0237965 0.0272981 0.0310819 0.0350162 0.0390067 0.0428545 0.0463265 0.0491465 0.0510268 0.0517672 0.0511799 0.0491864 0.0458289 0.0412406 0.0356827 0.029461 0.0229605 0.016611 0.0107838 0.00580306 0.00188967 -0.000821347 -0.00230562 -0.00264728 -0.00200586 -0.000583969 0.00137944 0.00361767 0.00590978 0.00805211 0.00989522 0.0113291 0.0122963 0.0127735 0.0127872 0.0123481 0.0115108 0.0103479 0.00888157 0.00720586 0.0053564 0.00338454 0.00134363 -0.000736075 -0.00284228 -0.00491989 -0.00698284 -0.00900884 -0.0109696 -0.0128914 -0.0147524 -0.0165673 -0.0183453 -0.0201024 -0.0218275 -0.023561 -0.0252861 -0.0270353 -0.0288048 -0.030623 -0.0324692 -0.0343522 -0.0362724 -0.0382207 -0.0401767 -0.0421544 -0.044115 -0.0460056 -0.0478283 -0.0495297 -0.0510596 -0.0523865 -0.0534722 -0.0542271 -0.0546386 -0.054658 -0.0542621 -0.0533863 -0.0520084 -0.0501015 -0.047699 -0.0447521 -0.0412892 -0.0373418 -0.0329716 -0.0281927 -0.0231022 -0.0177424 -0.0122062 -0.00655285 -0.000874942 0.00477776 0.0102843 0.0156057 0.0206646 0.0253949 0.0297054 0.033597 0.0370146 0.03995 0.0423622 0.0442708 0.0456928 0.0466693 0.0471722 0.0472663 0.0469894 0.0463662 0.0454393 0.044283 0.0428986 0.041336 0.0396567 0.0378842 0.0360501 0.0341866 0.0323162 0.0304396 0.0285881 0.0267665 0.0249929 0.023243 0.0215512 0.0198805 0.018238 0.0166188 0.0150153 0.0133955 0.0117822 0.0101236 0.00841898 0.00667082 0.00483522 0.00291858 0.000901821 -0.00124949 -0.00355625 -0.00603827 -0.00875471 -0.0117041 -0.0149524 -0.0185197 -0.0224294 -0.0267154 -0.0313822 -0.0364102 -0.0417515 -0.0473333 -0.0530185 -0.0586393 -0.0639699 -0.0687761 -0.0727946 -0.0757662 -0.0774661 -0.0777521 -0.0765375 -0.0738301 -0.0697738 -0.0645942 -0.0586394 -0.0522796 -0.0459279 -0.0400112 -0.0348432 -0.0306794 -0.0276607 -0.0258312 -0.0251615 -0.0254624 -0.0265223 -0.0280947 -0.029926 -0.0318209 -0.033576 -0.035103 -0.0363323 -0.0372252 -0.037794 -0.0380514 -0.0381022 -0.0379986 -0.0377806 -0.0374658 -0.0370711 -0.0366738 -0.0362876 -0.0359222 
0 0.00168628 0.00340457 0.00515221 0.00695019 0.00879713 0.0107564 0.0128701 0.0151777 0.0177118 0.0204965 0.0236056 0.0270554 0.0308387 0.034862 0.0390067 0.0431353 0.0470446 0.0505032 0.0532109 0.0549117 0.0553764 0.0544486 0.0520697 0.0482769 0.0432285 0.0371704 0.0304292 0.0233947 0.016494 0.0101044 0.00457786 0.000130542 -0.00308732 -0.00504448 -0.00583235 -0.00556663 -0.0044921 -0.00282099 -0.000815087 0.00128923 0.00329934 0.00504621 0.00642459 0.00737181 0.00785391 0.00787739 0.00749099 0.00671325 0.00562908 0.00427322 0.00272632 0.00102965 -0.000773091 -0.00262325 -0.00449624 -0.00636287 -0.00819985 -0.00998669 -0.0117263 -0.0134055 -0.015043 -0.0166043 -0.0181341 -0.0196166 -0.0210529 -0.0224744 -0.0239002 -0.0253148 -0.0267616 -0.0282405 -0.0297472 -0.0313083 -0.0329189 -0.0345883 -0.0363027 -0.0380583 -0.0398394 -0.0416353 -0.0434096 -0.0451721 -0.0468472 -0.0484058 -0.0498112 -0.0510078 -0.0519252 -0.0525611 -0.0528107 -0.0526282 -0.051998 -0.0508879 -0.0492302 -0.0470447 -0.0443074 -0.0410366 -0.0372577 -0.0330063 -0.0283127 -0.0232768 -0.0179444 -0.0123956 -0.00672553 -0.00102869 0.00463566 0.010148 0.015441 0.0204339 0.0250575 0.0292537 0.0329995 0.0362122 0.0389063 0.0410924 0.0427559 0.043892 0.0445743 0.0447992 0.0446275 0.0441076 0.0432788 0.0421734 0.0408762 0.0394008 0.037813 0.0361402 0.034413 0.032655 0.0309017 0.0291605 0.0274662 0.0258078 0.0241992 0.0226552 0.0211491 0.0196999 0.0183058 0.0169386 0.0155899 0.0142694 0.0129262 0.01158 0.0102021 0.00879321 0.0073234 0.00578276 0.00415024 0.00240583 0.00050854 -0.00154931 -0.00381096 -0.00632076 -0.00909946 -0.0122132 -0.0156704 -0.0195309 -0.0238015 -0.0284868 -0.0335741 -0.0390181 -0.0447176 -0.0505583 -0.0563437 -0.0618549 -0.0668503 -0.0710316 -0.0741777 -0.0760339 -0.0764637 -0.0753844 -0.0728071 -0.0688788 -0.0638258 -0.0579869 -0.0517455 -0.0455193 -0.039705 -0.0346453 -0.0305728 -0.0276543 -0.0259401 -0.0253913 -0.0258662 -0.0271332 -0.0289663 -0.0311016 -0.0333322 -0.0354662 -0.0373857 -0.0390181 -0.040303 -0.0412455 -0.0418579 -0.0422316 -0.0424199 -0.04246 -0.0423758 -0.0421877 -0.0419729 -0.0417456 -0.0415193 
0 0.00195683 0.00394022 0.00595095 0.00801224 0.0101309 0.0123672 0.0147591 0.0173475 0.0201651 0.0232402 0.0266337 0.0303469 0.0343624 0.0385736 0.0428545 0.0470446 0.0509276 0.0542728 0.0567825 0.058211 0.0583253 0.0569876 0.0541607 0.0498884 0.0443396 0.0377567 0.0304829 0.0229125 0.0154667 0.00853108 0.00246672 -0.00249631 -0.00620835 -0.0086298 -0.00983893 -0.00993496 -0.00916763 -0.00774618 -0.00592401 -0.00394553 -0.00200981 -0.000301369 0.00108301 0.002071 0.00262229 0.00273873 0.0024757 0.00184326 0.00091361 -0.000270408 -0.00163192 -0.00312736 -0.00472122 -0.00634128 -0.00797168 -0.00958611 -0.0111701 -0.0126936 -0.0141662 -0.0155795 -0.0169432 -0.0182286 -0.0194876 -0.0207097 -0.0218827 -0.0230472 -0.024209 -0.0253551 -0.0265224 -0.027729 -0.028965 -0.0302595 -0.0316033 -0.0330148 -0.0344733 -0.0359883 -0.0375547 -0.0391554 -0.0407509 -0.0423619 -0.0439206 -0.0454007 -0.0467819 -0.0479973 -0.0489686 -0.0496883 -0.0500667 -0.0500461 -0.0496023 -0.0486816 -0.0472336 -0.0452772 -0.0427841 -0.0397488 -0.0362086 -0.0321884 -0.0277179 -0.0228808 -0.0177345 -0.0123534 -0.00684667 -0.0013044 0.00419254 0.00952637 0.0146253 0.019421 0.0238245 0.0277877 0.0312944 0.0342794 0.0367401 0.0386873 0.0401057 0.0410173 0.0414908 0.0415208 0.04117 0.0405077 0.0395701 0.0384017 0.0370883 0.0356301 0.0340855 0.0324921 0.0308774 0.0292553 0.0276656 0.0261032 0.0245986 0.0231393 0.0217504 0.0204313 0.0191581 0.0179389 0.0167769 0.0156301 0.0145063 0.0134165 0.0123105 0.0112006 0.0100676 0.00890502 0.00767614 0.00638165 0.00499827 0.00350227 0.00184214 1.87394e-05 -0.00202544 -0.00433558 -0.00693925 -0.00989205 -0.0132143 -0.0169728 -0.021172 -0.0258172 -0.0309012 -0.0363817 -0.0421356 -0.0480488 -0.0539154 -0.0595139 -0.0645888 -0.0688406 -0.0720587 -0.073988 -0.074488 -0.0734799 -0.0709871 -0.0671503 -0.0621973 -0.0564608 -0.050334 -0.0442316 -0.0385323 -0.0335845 -0.0296184 -0.0268118 -0.0252173 -0.0248018 -0.025449 -0.0269378 -0.0290458 -0.0315073 -0.0341152 -0.0366761 -0.0390557 -0.0411616 -0.0429173 -0.0443181 -0.0453692 -0.0461497 -0.0467056 -0.0470773 -0.0472953 -0.0473839 -0.047417 -0.0474077 -0.0473749 
0 0.00222083 0.00447101 0.00673061 0.00905656 0.0114352 0.0139373 0.0166003 0.0194411 0.0225312 0.0258634 0.0295115 0.0334544 0.0376392 0.0419925 0.0463265 0.0505032 0.0542728 0.0573969 0.0596279 0.0606771 0.060369 0.0585547 0.0552255 0.0504567 0.0443926 0.037301 0.0295172 0.0214421 0.0134848 0.00604526 -0.000530582 -0.00596894 -0.0101374 -0.0129947 -0.0145687 -0.0150038 -0.0144901 -0.0132751 -0.0115942 -0.00967807 -0.00775672 -0.00601213 -0.00454285 -0.00343241 -0.00274533 -0.00245098 -0.00254194 -0.00296302 -0.00367584 -0.00463485 -0.00574911 -0.00699339 -0.00833974 -0.00971059 -0.0110803 -0.0124589 -0.0137846 -0.0150635 -0.0162873 -0.0174587 -0.0185759 -0.0196347 -0.0206549 -0.0216471 -0.0226018 -0.023535 -0.0244764 -0.0254062 -0.0263483 -0.0273122 -0.0283212 -0.0293563 -0.030446 -0.031603 -0.0328144 -0.0340635 -0.0353919 -0.0367525 -0.0381206 -0.0395162 -0.0408957 -0.0422032 -0.0434411 -0.0445541 -0.0454658 -0.0461516 -0.0465437 -0.0465868 -0.0462405 -0.0454525 -0.0441816 -0.0424441 -0.0401978 -0.0374414 -0.0342046 -0.030516 -0.0263874 -0.0219012 -0.017107 -0.0120893 -0.00694002 -0.00175619 0.00338557 0.0083589 0.0131044 0.0175536 0.0216299 0.0252736 0.0284783 0.0311918 0.0334109 0.0351313 0.0363523 0.0371093 0.0374524 0.0373802 0.036969 0.0362942 0.0353629 0.0342395 0.0330044 0.0316568 0.0302294 0.0287985 0.0273522 0.0259109 0.0245117 0.0231704 0.0218655 0.020628 0.0194573 0.0183458 0.0172682 0.0162592 0.015287 0.0143319 0.0134097 0.0125093 0.0115987 0.0106866 0.00975889 0.00879411 0.00778507 0.00668809 0.0055187 0.00422718 0.00276821 0.00114039 -0.00069648 -0.00282403 -0.00525111 -0.00802841 -0.0112204 -0.0148533 -0.0189659 -0.0235428 -0.0285841 -0.0340387 -0.0397908 -0.0456869 -0.0515564 -0.0571554 -0.0622036 -0.0664489 -0.0696325 -0.071551 -0.072037 -0.0710236 -0.0685565 -0.0647656 -0.0598759 -0.0542235 -0.048202 -0.0422034 -0.0366222 -0.0317591 -0.0278927 -0.025182 -0.0236806 -0.0233996 -0.0241932 -0.025911 -0.0282968 -0.0310958 -0.0341168 -0.037131 -0.0400247 -0.042653 -0.0449401 -0.0468712 -0.0484299 -0.0496964 -0.0506911 -0.0514678 -0.0520606 -0.0524934 -0.0528392 -0.0531021 -0.0533129 
