0 0 0 0 0 0 0 0 0 0 0 0 0 0 0 0 0 0 0 0 0 0 0 0 0 0 0 0 0 0 0 0 0 0 0 0 0 0 0 0 0 0 0 0 0 0 0 0 0 0 0 0 0 0 0 0 0 0 0 0 0 0 0 0 0 0 0 0 0 0 0 0 0 0 0 0 0 0 0 0 0 0 0 0 0 0 0 0 0 0 0 0 0 0 0 0 0 0 0 0 0 0 0 0 0 0 0 0 0 0 0 0 0 0 0 0 0 0 0 0 0 0 0 0 0 0 0 0 0 0 0 0 0 0 0 0 0 0 0 0 0 0 0 0 0 0 0 0 0 0 0 0 0 0 0 0 0 0 0 0 0 0 0 0 0 0 0 0 0 0 0 0 0 0 0 0 0 0 0 0 0 0 0 0 0 0 0 0 0 0 0 0 0 0 0 0 0 0 0 0 
0 -2.78344e-06 6.94633e-06 1.1088e-05 1.82422e-05 1.58067e-05 2.76502e-05 4.52357e-05 5.32014e-05 6.27787e-05 6.97945e-05 9.13453e-05 0.000103065 0.000108103 0.000116776 0.000129703 0.000145912 0.000150426 0.00015928 0.000168405 0.000181938 0.000187412 0.000194221 0.000197124 0.000191776 0.000192776 0.000183843 0.000180915 0.00015694 0.00014024 0.000134737 0.000126229 0.000130653 0.000134236 0.000161603 0.000200088 0.000256541 0.000337686 0.000438045 0.000551776 0.000704332 0.000887486 0.00109875 0.00133742 0.00157646 0.00182328 0.00202692 0.00218991 0.00228145 0.00226742 0.0021408 0.00190344 0.00155506 0.00112632 0.000656385 0.000173514 -0.000273488 -0.000659166 -0.000935061 -0.00109442 -0.00110853 -0.0009781 -0.000701472 -0.00030324 0.000209954 0.000813682 0.00148032 0.00219631 0.00294924 0.00370762 0.00445972 0.00520271 0.00589003 0.00652868 0.0071041 0.00759076 0.00798417 0.00829037 0.00846641 0.00853011 0.00846966 0.00827436 0.00794829 0.00751181 0.00695227 0.00629931 0.00557315 0.00479977 0.00400011 0.00321435 0.00245409 0.00173967 0.00109847 0.000551448 8.94853e-05 -0.000265747 -0.000502168 -0.000637199 -0.000692422 -0.000662055 -0.000558522 -0.000418691 -0.000287293 -0.000170992 -8.62105e-05 -7.24304e-05 -0.000152624 -0.000317708 -0.000586406 -0.000965393 -0.00144473 -0.00200866 -0.00265935 -0.00337213 -0.00412776 -0.00490404 -0.00567837 -0.00640111 -0.00706775 -0.00765077 -0.0081261 -0.00848921 -0.0087497 -0.00887849 -0.00891085 -0.00884875 -0.00869518 -0.00847265 -0.00820492 -0.00788029 -0.00754146 -0.00719674 -0.00685413 -0.0065343 -0.00624564 -0.00597406 -0.00571458 -0.00545734 -0.00516769 -0.00483303 -0.00443738 -0.00397226 -0.00342532 -0.00282773 -0.00217643 -0.00151109 -0.000852838 -0.000241756 0.000293124 0.000728073 0.00103951 0.00121661 0.00128319 0.00124732 0.00112674 0.000978357 0.000793759 0.000614333 0.000445931 0.000307529 0.000205011 0.000131452 8.9545e-05 6.89138e-05 4.90398e-05 3.43292e-05 3.10673e-05 1.29569e-05 -2.89732e-06 -3.77166e-05 -7.04431e-05 -0.000110017 -0.000151565 -0.000177312 -0.000212367 -0.000243474 -0.000274792 -0.000287885 -0.000296567 -0.000303484 -0.000306403 -0.000301925 -0.000292219 -0.000290344 -0.000282968 -0.000285533 -0.000283191 -0.000284062 -0.000281869 -0.000277825 -0.00028987 -0.000292862 -0.000298302 -0.00029476 -0.000296013 -0.000300678 -0.000288542 -0.000282677 -0.000275223 -0.000280189 
0 6.94633e-06 2.16977e-05 5.08477e-05 5.3198e-05 5.98036e-05 7.74352e-05 0.000101498 0.000121499 0.000119894 0.000139127 0.000168346 0.00018943 0.000202957 0.000213703 0.000247971 0.000277345 0.000291929 0.000313738 0.0003356 0.000364447 0.000382954 0.00039166 0.000401521 0.00038959 0.000381745 0.000375382 0.000351272 0.000320117 0.000283118 0.00027284 0.000273644 0.000270019 0.000296615 0.000342097 0.000418058 0.000528343 0.000677638 0.0008678 0.00109292 0.00138556 0.00175301 0.00218474 0.00265274 0.00315741 0.00363968 0.00405805 0.00438601 0.00455869 0.00453335 0.00427968 0.00379877 0.00310977 0.00226124 0.00131426 0.000376774 -0.000521618 -0.00127235 -0.0018082 -0.00211658 -0.00213905 -0.00186389 -0.00132582 -0.000528064 0.000501083 0.001694 0.00303989 0.00446988 0.00596235 0.00746186 0.00894821 0.0103794 0.0117368 0.0129769 0.0140957 0.0150434 0.015815 0.0163822 0.0167286 0.0168427 0.0167091 0.0163203 0.0156855 0.0148078 0.0137152 0.0124594 0.011057 0.00956833 0.00803492 0.00650382 0.00502012 0.00364992 0.0023986 0.00131212 0.000415326 -0.000267184 -0.000775036 -0.00107983 -0.00118528 -0.001139 -0.0010271 -0.000829527 -0.000597067 -0.000399056 -0.000305812 -0.000317646 -0.000486519 -0.000837628 -0.00139758 -0.00213696 -0.00307822 -0.00419815 -0.00547099 -0.00685565 -0.00832569 -0.0098135 -0.0112902 -0.0127012 -0.0139967 -0.0151299 -0.0160688 -0.0167943 -0.0172939 -0.0175711 -0.0176449 -0.0175299 -0.0172362 -0.0168203 -0.0162831 -0.015675 -0.0150269 -0.0143692 -0.0137168 -0.0131107 -0.0125283 -0.0119985 -0.0114742 -0.0109454 -0.0103741 -0.0097036 -0.00891213 -0.00799117 -0.0069024 -0.00569456 -0.00440905 -0.00305827 -0.00174619 -0.000519477 0.000559949 0.00143569 0.00205716 0.00242721 0.00255243 0.00247762 0.00224387 0.00192339 0.0015679 0.00119928 0.000869544 0.000603543 0.0004052 0.00026401 0.000191684 0.000141914 0.000103117 7.3234e-05 4.66941e-05 2.55916e-05 -2.47164e-05 -8.01831e-05 -0.000142525 -0.000222497 -0.00028756 -0.000346637 -0.000405126 -0.000467501 -0.000528988 -0.000555777 -0.000576423 -0.000600046 -0.000608942 -0.000613518 -0.00060286 -0.000598652 -0.000598022 -0.000589008 -0.000594727 -0.00058577 -0.000574705 -0.000569364 -0.000567074 -0.000580187 -0.000567198 -0.000561862 -0.000565549 -0.000566249 -0.000566988 -0.000545971 -0.000554012 -0.000563163 
0 1.1088e-05 5.08477e-05 7.76092e-05 0.000101982 0.000102033 0.000129953 0.000167718 0.000179866 0.000190291 0.000200219 0.000246035 0.000273999 0.000289069 0.000316136 0.000359913 0.000411688 0.000437292 0.000472076 0.000508292 0.000552418 0.000572977 0.000589304 0.000591234 0.00057031 0.000562914 0.000537242 0.000525363 0.000470933 0.000435917 0.000432339 0.000425524 0.000445186 0.000466658 0.000543286 0.000651691 0.000808696 0.00103192 0.00131247 0.00164165 0.00208336 0.00262555 0.00326017 0.00397757 0.00471068 0.00545468 0.00608049 0.00657251 0.006842 0.00679757 0.00641393 0.00569871 0.00466436 0.00339882 0.00201641 0.000611162 -0.000687539 -0.00179389 -0.00258174 -0.00302243 -0.00304021 -0.00263151 -0.00179688 -0.000596065 0.000942669 0.00274601 0.00473465 0.00685487 0.0090606 0.0112638 0.0134265 0.0155325 0.0174756 0.0192649 0.0208669 0.0222186 0.0233035 0.0241261 0.0245868 0.024719 0.0244976 0.0239052 0.0229594 0.0217151 0.0201577 0.0183612 0.0163763 0.0142683 0.0120882 0.00993145 0.00783453 0.00585494 0.00406173 0.0025121 0.00119353 0.000156279 -0.00058054 -0.00105965 -0.00133478 -0.00140335 -0.00130349 -0.00111559 -0.000941945 -0.000803562 -0.000743173 -0.000851893 -0.00119203 -0.0017548 -0.00259034 -0.00371387 -0.00510378 -0.00671883 -0.00855151 -0.0105342 -0.0126159 -0.0147377 -0.0168448 -0.0188257 -0.020665 -0.0222937 -0.0236497 -0.0247106 -0.0254839 -0.0258996 -0.0260327 -0.0258917 -0.0254935 -0.0249036 -0.0241846 -0.0233249 -0.0224252 -0.0215072 -0.0205883 -0.0197153 -0.0189019 -0.0181179 -0.0173475 -0.0165646 -0.0156861 -0.0146735 -0.0134828 -0.0120884 -0.0104574 -0.00866306 -0.00671196 -0.00470432 -0.00271607 -0.000862464 0.000765447 0.00208919 0.00303783 0.00358451 0.00378571 0.00367657 0.00331988 0.00286535 0.00231955 0.00178735 0.00129781 0.000900147 0.000607418 0.000400895 0.000281768 0.000215703 0.000152567 0.000101445 7.57235e-05 1.95359e-05 -3.49562e-05 -0.000130381 -0.000222467 -0.00033072 -0.000440077 -0.000512807 -0.000604957 -0.000689639 -0.000773187 -0.000814148 -0.000847132 -0.000882376 -0.000910888 -0.000922299 -0.000916994 -0.000921384 -0.000907828 -0.000908716 -0.000897813 -0.000889761 -0.000871965 -0.000849402 -0.000859451 -0.000850522 -0.00084442 -0.00082608 -0.000829207 -0.000846786 -0.000831397 -0.000828202 -0.000825392 -0.00084764 
0 1.82422e-05 5.3198e-05 0.000101982 0.000117384 0.000132616 0.000166008 0.000209748 0.000241469 0.000247107 0.000279386 0.000332612 0.000374271 0.000402374 0.000432048 0.000493792 0.000551901 0.000585795 0.000627049 0.000670937 0.000721714 0.000754655 0.000769423 0.00077876 0.000756794 0.000739117 0.000721596 0.000683397 0.000630925 0.000578615 0.000569313 0.000578452 0.000590884 0.000644872 0.000741347 0.000892706 0.00110911 0.0014027 0.00177448 0.00222508 0.00280628 0.00353258 0.00438566 0.00532181 0.00631653 0.00727778 0.00811291 0.00875934 0.00910154 0.00904871 0.00854927 0.00760387 0.00625435 0.00459721 0.00276302 0.000934011 -0.000789678 -0.00222759 -0.00324661 -0.00379909 -0.00379204 -0.00320383 -0.00208401 -0.000462912 0.00159547 0.00397325 0.0066093 0.00938984 0.0122528 0.0151016 0.01789 0.020556 0.0230508 0.0253175 0.0273341 0.0290238 0.0303679 0.0313263 0.0318639 0.0319733 0.0316411 0.0308658 0.0296737 0.0280869 0.0261491 0.0239382 0.0214924 0.0188975 0.0162218 0.0135449 0.0109404 0.00850359 0.00626591 0.00429394 0.0026204 0.00127823 0.000223412 -0.000524794 -0.000981375 -0.00121384 -0.00133348 -0.00133538 -0.00129491 -0.00130603 -0.0014605 -0.00178159 -0.00234351 -0.00318455 -0.00434801 -0.00581044 -0.00759164 -0.00965686 -0.0119635 -0.0144427 -0.0170399 -0.0196581 -0.0222433 -0.0247114 -0.0269931 -0.0290181 -0.03073 -0.0320929 -0.0330801 -0.033677 -0.0339087 -0.0337944 -0.0333561 -0.0326809 -0.0317973 -0.0307778 -0.0296877 -0.0285748 -0.0274641 -0.0264075 -0.0253809 -0.0244014 -0.0234058 -0.0223636 -0.021205 -0.0198426 -0.0182353 -0.0163592 -0.0141691 -0.0117419 -0.00914743 -0.00644405 -0.00379927 -0.00132497 0.000857041 0.00263311 0.00391244 0.0046839 0.00497288 0.00485545 0.00442138 0.00380922 0.00311264 0.00239662 0.00174906 0.00122022 0.000821015 0.000538799 0.000376767 0.000268306 0.000181121 0.000112105 5.54391e-05 1.3594e-06 -8.81548e-05 -0.000192867 -0.000309679 -0.00045183 -0.000576187 -0.000687255 -0.000798963 -0.000915004 -0.00102304 -0.00107817 -0.00112185 -0.00116933 -0.00120066 -0.00121979 -0.00121498 -0.00121235 -0.00120666 -0.00119268 -0.00119418 -0.00118098 -0.00116293 -0.00115147 -0.00114775 -0.00115517 -0.00113015 -0.00111457 -0.00112095 -0.00113028 -0.00113098 -0.00110485 -0.00111301 -0.00112706 
0 1.58067e-05 5.98036e-05 0.000102033 0.000132616 0.000148903 0.00019315 0.000252116 0.000290055 0.000318804 0.000358912 0.00042991 0.0004839 0.000518804 0.000562678 0.000629782 0.000699386 0.000741141 0.000785322 0.000833134 0.000886564 0.000917231 0.000936879 0.00094134 0.000921368 0.000907855 0.000880716 0.000850699 0.000785409 0.00073679 0.000730362 0.000737386 0.000771002 0.00083092 0.000959043 0.00115039 0.00142284 0.00179585 0.00226658 0.0028372 0.00357188 0.00447363 0.00552468 0.00669227 0.00790327 0.00909644 0.0101269 0.0109221 0.0113514 0.0112891 0.0106795 0.00952633 0.00787059 0.00583834 0.00360484 0.00134897 -0.000742613 -0.00249466 -0.00373005 -0.00436837 -0.00431085 -0.00354248 -0.00209221 -4.22993e-05 0.00252495 0.00548154 0.00870474 0.0120882 0.0155473 0.0189703 0.0222956 0.0254764 0.0284088 0.0310642 0.0333951 0.0353242 0.0368219 0.0378754 0.0384117 0.0384559 0.0380031 0.0370561 0.0356471 0.0338327 0.0316275 0.0291096 0.0263413 0.0234059 0.0203761 0.0173573 0.0144143 0.0116231 0.00905316 0.00676473 0.00476143 0.00308525 0.00173859 0.000688362 -0.000110686 -0.000679243 -0.00107663 -0.00137401 -0.00167338 -0.00202399 -0.00248417 -0.00313429 -0.00404211 -0.0052183 -0.00671146 -0.00853261 -0.0106703 -0.0130878 -0.0157606 -0.018613 -0.0215791 -0.0245764 -0.027529 -0.0303251 -0.032921 -0.0352405 -0.0372178 -0.0388193 -0.0400296 -0.0407901 -0.0411487 -0.0411138 -0.0407082 -0.0400101 -0.039088 -0.0379751 -0.0367792 -0.035547 -0.03431 -0.0331172 -0.0319686 -0.0308301 -0.0296568 -0.0283943 -0.026941 -0.0252251 -0.0231895 -0.0208026 -0.0180416 -0.0149942 -0.0117206 -0.00834906 -0.00502848 -0.00192652 0.000809246 0.00304555 0.00467594 0.00566828 0.0060769 0.00597392 0.00547232 0.00475427 0.00389777 0.0030272 0.00222061 0.001549 0.00103616 0.000670345 0.000444082 0.000302291 0.000188296 0.00010053 4.03079e-05 -3.81674e-05 -0.000131174 -0.000262756 -0.000404853 -0.000568938 -0.000729325 -0.000860085 -0.0010031 -0.00114257 -0.00126879 -0.00134161 -0.00139535 -0.00144802 -0.00148828 -0.00150701 -0.00150388 -0.00150168 -0.00148667 -0.00147992 -0.00147298 -0.00146615 -0.00145167 -0.0014394 -0.00145177 -0.00145191 -0.00143939 -0.00142047 -0.00142607 -0.0014429 -0.00142905 -0.00140878 -0.00139834 -0.00140741 
0 2.76502e-05 7.74352e-05 0.000129953 0.000166008 0.00019315 0.000242246 0.000305206 0.000352448 0.000388994 0.000440931 0.000516166 0.000578686 0.000622888 0.000675772 0.000752341 0.000830462 0.000884514 0.000934829 0.00098874 0.00104305 0.00107949 0.0011 0.0011063 0.00109144 0.00107522 0.00105023 0.00101081 0.000948599 0.000901122 0.000897788 0.000920325 0.000968647 0.00105616 0.00121211 0.00144475 0.00177187 0.00221285 0.00277108 0.00346242 0.00433932 0.00541749 0.00667384 0.00806196 0.0095086 0.0109167 0.0121461 0.0130855 0.0135895 0.0135216 0.0128122 0.0114596 0.00952474 0.00714821 0.00453198 0.00189736 -0.000540143 -0.00256115 -0.00397116 -0.00465704 -0.00452182 -0.00354484 -0.00177564 0.000695097 0.00375173 0.00724311 0.0110247 0.0149657 0.0189545 0.0228772 0.0266568 0.0302279 0.0335028 0.0364314 0.0389614 0.0410243 0.0425889 0.0436363 0.0441311 0.0440896 0.0435211 0.0424401 0.0408834 0.0388981 0.0365245 0.033835 0.0308954 0.0277848 0.0245813 0.0213746 0.0182385 0.0152449 0.0124511 0.00990549 0.00762745 0.00563986 0.00393636 0.0025018 0.00131035 0.000317603 -0.000540809 -0.00131224 -0.00206948 -0.00288126 -0.0038099 -0.00491309 -0.00624367 -0.00782738 -0.00969646 -0.0118568 -0.0143024 -0.0170087 -0.0199421 -0.02304 -0.0262361 -0.029451 -0.0326082 -0.035616 -0.03841 -0.0409187 -0.0430804 -0.0448589 -0.0462283 -0.0471548 -0.0476587 -0.0477485 -0.0474476 -0.0468228 -0.0459358 -0.0448446 -0.0436423 -0.0423864 -0.0411166 -0.0398713 -0.0386451 -0.0374022 -0.0360835 -0.0346167 -0.0328994 -0.0308407 -0.0283808 -0.025485 -0.022148 -0.0184564 -0.0145077 -0.0104427 -0.00644656 -0.00270968 0.000593288 0.00330183 0.00529799 0.00654462 0.00708881 0.00702092 0.00648062 0.00565102 0.00465934 0.0036328 0.00267768 0.00187324 0.00124876 0.00080154 0.000513094 0.000324582 0.000180708 7.07558e-05 -1.27338e-05 -0.000102335 -0.000213109 -0.000354094 -0.000513306 -0.000692698 -0.000865374 -0.00101935 -0.00117859 -0.00134024 -0.00148366 -0.00157803 -0.00164952 -0.00171519 -0.0017672 -0.00179567 -0.00180224 -0.0018027 -0.00179419 -0.00178781 -0.00178313 -0.00177335 -0.00175515 -0.00174194 -0.00174601 -0.00174511 -0.00172757 -0.00170886 -0.0017115 -0.00172193 -0.00171143 -0.00169029 -0.00168546 -0.00169508 
0 4.52357e-05 0.000101498 0.000167718 0.000209748 0.000252116 0.000305206 0.000367515 0.000422231 0.000462049 0.000523043 0.000595567 0.000663854 0.000718993 0.000781412 0.000868159 0.000954197 0.00102392 0.00108317 0.00114451 0.00119869 0.00123995 0.0012571 0.00126057 0.00124756 0.00122497 0.00120474 0.00115837 0.00111161 0.00107626 0.00108415 0.00113194 0.00119932 0.00132166 0.00150549 0.00177956 0.00215999 0.00266437 0.00330574 0.00411537 0.00512919 0.00637748 0.00783458 0.00943766 0.0111209 0.0127413 0.0141734 0.0152577 0.0158348 0.0157623 0.0149564 0.0134119 0.0112151 0.00852383 0.00556211 0.00259826 -0.000133653 -0.00236958 -0.00390953 -0.00460702 -0.0043736 -0.00318173 -0.00110435 0.00176479 0.0052762 0.00925576 0.0135446 0.0179833 0.0224339 0.0267788 0.0309236 0.034774 0.0382715 0.0413418 0.0439423 0.0460266 0.0475729 0.0485539 0.0489802 0.0488479 0.0481799 0.0470016 0.0453572 0.0432817 0.0408448 0.0381085 0.0351402 0.0320119 0.0288017 0.0255693 0.0223851 0.0193103 0.0163849 0.0136432 0.0111224 0.00883068 0.00675113 0.00488177 0.00321214 0.00168934 0.000254343 -0.0011183 -0.00247166 -0.00387749 -0.00539154 -0.00704294 -0.00887203 -0.0109183 -0.0131937 -0.0156957 -0.0184224 -0.0213554 -0.0244524 -0.0276734 -0.0309624 -0.0342525 -0.0374733 -0.040563 -0.0434386 -0.0460391 -0.0483084 -0.0502059 -0.0516899 -0.0527604 -0.0534058 -0.053645 -0.0535045 -0.053039 -0.0522903 -0.0513402 -0.0502453 -0.0490707 -0.0478597 -0.0466391 -0.0453959 -0.0441012 -0.042678 -0.0410377 -0.039082 -0.0366993 -0.0338289 -0.0304335 -0.0265273 -0.0221891 -0.0175604 -0.012788 -0.00810074 -0.00370834 0.000181567 0.00338162 0.00576167 0.00728338 0.00798092 0.00796814 0.00741241 0.00648813 0.00538236 0.00421587 0.00312673 0.00219812 0.00146572 0.000936062 0.000580959 0.00033765 0.000159507 2.33703e-05 -9.02274e-05 -0.000190889 -0.000322101 -0.000468272 -0.000641393 -0.000830177 -0.0010067 -0.00117951 -0.00134591 -0.00152158 -0.00167533 -0.00179075 -0.00188258 -0.00196592 -0.00203494 -0.00208109 -0.00210482 -0.00211262 -0.00211633 -0.00210995 -0.00210776 -0.00209063 -0.00206487 -0.00204747 -0.00203557 -0.00203227 -0.00200715 -0.00199103 -0.00199144 -0.0019938 -0.00199111 -0.00197092 -0.00197676 -0.00198773 
0 5.32014e-05 0.000121499 0.000179866 0.000241469 0.000290055 0.000352448 0.000422231 0.000479294 0.000542761 0.000606983 0.000687773 0.000765289 0.000832309 0.000911352 0.000998062 0.00108773 0.00116609 0.00122832 0.00129106 0.0013451 0.00138076 0.00140154 0.00139414 0.00138275 0.00136456 0.0013359 0.00130859 0.00126838 0.00126027 0.00128677 0.00134851 0.00145628 0.00160138 0.00182614 0.00214518 0.00258157 0.00315681 0.00389078 0.00481668 0.00598002 0.00739495 0.00904046 0.0108694 0.0127582 0.0145981 0.0162167 0.0174356 0.018088 0.0180089 0.0171116 0.0154013 0.0129637 0.0099886 0.0067407 0.00347379 0.000513858 -0.00189574 -0.00352858 -0.00420684 -0.00385401 -0.00246242 -7.70731e-05 0.00315624 0.00707352 0.0115026 0.0162265 0.0210907 0.0259273 0.030604 0.0350011 0.0390423 0.0426298 0.0457309 0.0482964 0.0503117 0.0517563 0.0526474 0.0529701 0.0527477 0.0520075 0.0507767 0.0490955 0.0470357 0.044642 0.0419712 0.0391067 0.0360986 0.0330042 0.0298813 0.0267721 0.0236984 0.0207186 0.0178518 0.0151092 0.0124977 0.0100518 0.00772775 0.00548892 0.00333397 0.00127434 -0.000774844 -0.00285151 -0.0049635 -0.00712178 -0.00939413 -0.011796 -0.0143377 -0.0170237 -0.0198771 -0.0228617 -0.025961 -0.0291553 -0.0324102 -0.035678 -0.0389345 -0.0421129 -0.0451499 -0.048002 -0.0506059 -0.0529017 -0.0548519 -0.0564303 -0.0576056 -0.0583939 -0.0588061 -0.0588742 -0.0586259 -0.0581295 -0.0574084 -0.056534 -0.0555495 -0.0544933 -0.0533748 -0.0522063 -0.050911 -0.0494384 -0.0476781 -0.0455055 -0.0428317 -0.0395718 -0.0356833 -0.0312128 -0.0262403 -0.0209049 -0.0154364 -0.0100351 -0.00497289 -0.000485156 0.0032282 0.00602222 0.00783838 0.00873234 0.0088117 0.00826468 0.00729647 0.00608115 0.00480553 0.00358858 0.00253403 0.00169407 0.00107377 0.00063593 0.000336287 0.000114387 -5.59001e-05 -0.00018727 -0.00031954 -0.000449559 -0.000611211 -0.000793368 -0.000979637 -0.00117266 -0.00134828 -0.00153041 -0.0017106 -0.00186891 -0.0020043 -0.00211111 -0.002206 -0.00229102 -0.00234783 -0.00238607 -0.00240466 -0.00240949 -0.00241794 -0.00240851 -0.00239686 -0.00237353 -0.00235017 -0.00234631 -0.00232777 -0.00231642 -0.00229733 -0.00229109 -0.00229447 -0.00227701 -0.00227478 -0.00226883 -0.00228076 
0 6.27787e-05 0.000119894 0.000190291 0.000247107 0.000318804 0.000388994 0.000462049 0.000542761 0.000615635 0.000704661 0.000788828 0.00088039 0.00096872 0.00105522 0.00114363 0.00122538 0.00130273 0.00136246 0.00142133 0.00146353 0.00150627 0.00151762 0.00151616 0.00151274 0.00149231 0.00148878 0.00145381 0.00145077 0.00145804 0.00149619 0.00159178 0.0017128 0.00190904 0.00216642 0.002537 0.00303934 0.0036886 0.00451508 0.00557834 0.00688382 0.00847399 0.0103217 0.0123442 0.0144635 0.0164817 0.0182798 0.0196227 0.0203308 0.0202521 0.01929 0.0174326 0.0148062 0.0116054 0.00809344 0.00460365 0.00143109 -0.00110749 -0.00279746 -0.00343727 -0.00296481 -0.00135234 0.00129488 0.00486435 0.00915089 0.0139457 0.0190491 0.0242579 0.029373 0.0342714 0.0388248 0.042908 0.0465114 0.049553 0.0520121 0.0538991 0.0552166 0.0559412 0.0561564 0.0558433 0.0550487 0.0538152 0.0521981 0.0502132 0.0479614 0.0454793 0.0428239 0.0400273 0.0371538 0.0342023 0.0312219 0.0282397 0.0252642 0.0222918 0.0193768 0.0164893 0.0136146 0.0107775 0.00799917 0.00522209 0.00242176 -0.000389931 -0.00318203 -0.00601285 -0.00891177 -0.0118554 -0.0148351 -0.0178988 -0.0210146 -0.024176 -0.0273829 -0.0306304 -0.0338722 -0.0371136 -0.0403135 -0.0434483 -0.0464772 -0.0494001 -0.0521295 -0.0546397 -0.0568894 -0.0588409 -0.0604413 -0.0617369 -0.0626719 -0.0632801 -0.0635929 -0.063629 -0.0634052 -0.0630126 -0.0624375 -0.0617351 -0.0609392 -0.060033 -0.0589978 -0.057798 -0.056335 -0.054492 -0.0521705 -0.0492298 -0.0456026 -0.0412454 -0.0362175 -0.0305926 -0.0245844 -0.0183882 -0.0122928 -0.00655847 -0.00145626 0.00278438 0.00601636 0.00818372 0.00930661 0.00952585 0.00904759 0.00803782 0.00676923 0.00537876 0.00404712 0.00287343 0.00191454 0.0011969 0.000675383 0.000300272 3.67803e-05 -0.000162277 -0.000332932 -0.000462002 -0.000618076 -0.000769735 -0.000957624 -0.0011503 -0.00133302 -0.00153615 -0.00171647 -0.00190786 -0.00207175 -0.00221947 -0.00234176 -0.00244289 -0.00253207 -0.00259918 -0.00264664 -0.00266796 -0.00269025 -0.00269582 -0.00270284 -0.00269233 -0.00267855 -0.00267185 -0.00265389 -0.00265189 -0.0026329 -0.00262508 -0.00261608 -0.00259989 -0.00259605 -0.00257677 -0.00257785 -0.00257169 
0 6.97945e-05 0.000139127 0.000200219 0.000279386 0.000358912 0.000440931 0.000523043 0.000606983 0.000704661 0.000796513 0.000888295 0.0009868 0.00108685 0.00118561 0.00126934 0.0013466 0.00142738 0.00148794 0.00154174 0.00158347 0.00161489 0.00163496 0.00162696 0.00163079 0.00162841 0.00162348 0.00162594 0.00163884 0.00168479 0.0017497 0.00186037 0.0020275 0.00224898 0.00255067 0.00296855 0.00353029 0.00425559 0.00518865 0.00637514 0.00784415 0.00960325 0.0116326 0.0138717 0.0161734 0.0183925 0.0203526 0.021815 0.022594 0.0225236 0.0215032 0.0195445 0.0167573 0.0133714 0.00968363 0.0059965 0.00269509 6.19571e-05 -0.00166362 -0.00225893 -0.00166235 0.000121188 0.00303052 0.00688884 0.0114809 0.0165939 0.0219708 0.0274086 0.0326991 0.0377039 0.0422858 0.0463596 0.0498696 0.0527877 0.0550908 0.0568108 0.0579483 0.0585392 0.0586212 0.0582236 0.0574035 0.0562105 0.0546892 0.0529002 0.0508818 0.0486531 0.04627 0.0437469 0.0411155 0.0383918 0.0355916 0.0327069 0.0297584 0.0267331 0.0236363 0.0204523 0.0172221 0.0139192 0.010522 0.00706747 0.00361618 9.97097e-05 -0.00347474 -0.00706835 -0.0106548 -0.0142534 -0.0178359 -0.0213974 -0.0249088 -0.0283859 -0.0318013 -0.0351508 -0.0384278 -0.0416288 -0.0447262 -0.0477269 -0.0505903 -0.0532993 -0.0558395 -0.0581895 -0.0603237 -0.0622216 -0.0638593 -0.0652276 -0.0663149 -0.0671313 -0.0677064 -0.0680373 -0.0681709 -0.0681265 -0.0679206 -0.0675775 -0.0671139 -0.0664969 -0.0657151 -0.0646757 -0.0632999 -0.0614514 -0.058997 -0.0558371 -0.0518731 -0.0470707 -0.0415145 -0.0352876 -0.0285908 -0.021712 -0.0148999 -0.00848318 -0.00276108 0.00203468 0.0057332 0.00826284 0.00966252 0.0100603 0.00966907 0.00869305 0.00736769 0.00591246 0.00447476 0.00318135 0.00211412 0.00129062 0.000676009 0.00023693 -7.17041e-05 -0.00030169 -0.000482898 -0.000641708 -0.000788943 -0.000955127 -0.00114384 -0.00132479 -0.00152001 -0.00171348 -0.00190624 -0.0020909 -0.00225562 -0.00242063 -0.00255412 -0.00266749 -0.00276865 -0.00284751 -0.00290981 -0.00294633 -0.00297302 -0.00299579 -0.00299694 -0.00299593 -0.00299177 -0.0029833 -0.00297615 -0.00295546 -0.00295229 -0.00294212 -0.00292726 -0.00291571 -0.00289724 -0.00289852 -0.00288075 -0.00286929 
0 9.13453e-05 0.000168346 0.000246035 0.000332612 0.00042991 0.000516166 0.000595567 0.000687773 0.000788828 0.000888295 0.000975262 0.00107442 0.00118502 0.00128888 0.00137211 0.00144916 0.00153385 0.0016017 0.00165655 0.00169223 0.00173171 0.00174998 0.00175368 0.00176687 0.0017699 0.00178612 0.00179393 0.00184282 0.00191417 0.00200427 0.0021539 0.00235453 0.00263233 0.00298151 0.00345449 0.00408155 0.00488282 0.00590961 0.00722924 0.00884435 0.0107772 0.0130036 0.0154386 0.0179567 0.0203565 0.0224803 0.0240606 0.0248989 0.0248399 0.0237885 0.0217437 0.0188469 0.0153324 0.0114945 0.0076879 0.00427822 0.0015905 -0.000136818 -0.000676213 2.82e-05 0.00198212 0.00507971 0.00916357 0.0139897 0.0193121 0.0248817 0.0304615 0.0358222 0.0408359 0.045371 0.0493228 0.0526976 0.0554479 0.0575677 0.059103 0.0600744 0.0604965 0.0604737 0.0600261 0.0592226 0.0581212 0.0567733 0.0551898 0.0534316 0.0515029 0.0494265 0.0471946 0.0448393 0.0423348 0.0396963 0.0369216 0.0339986 0.0308995 0.0276541 0.0242194 0.0206019 0.0168331 0.0129374 0.008904 0.00476457 0.00053823 -0.00370581 -0.00796494 -0.0122273 -0.0164426 -0.0205582 -0.0245886 -0.028481 -0.0322319 -0.0358404 -0.0393076 -0.0426119 -0.045777 -0.0487756 -0.0516138 -0.0542791 -0.0567949 -0.0591259 -0.0612884 -0.0632802 -0.0650938 -0.0667056 -0.0681544 -0.0693837 -0.0704122 -0.0712596 -0.0719142 -0.0723928 -0.0727546 -0.0729637 -0.0730445 -0.0729991 -0.0727612 -0.072286 -0.0714946 -0.0702663 -0.0684605 -0.06596 -0.0626283 -0.0583836 -0.0531928 -0.0471434 -0.0403277 -0.0329921 -0.0254133 -0.0179074 -0.0108046 -0.00443818 0.000931085 0.00512886 0.00807219 0.0097792 0.0103959 0.0101399 0.00920176 0.00787702 0.0063636 0.00485099 0.00346702 0.00229868 0.00138074 0.000675469 0.0001563 -0.000205791 -0.000475299 -0.000694699 -0.000862172 -0.00102702 -0.00118374 -0.0013625 -0.00153097 -0.00170212 -0.00189735 -0.00207563 -0.00225576 -0.00242212 -0.0025972 -0.00275134 -0.00287802 -0.00299393 -0.00309223 -0.00317321 -0.00322825 -0.00327646 -0.00330592 -0.0033176 -0.00331632 -0.00331605 -0.00331159 -0.00328779 -0.00326529 -0.00325034 -0.0032417 -0.00322154 -0.00319931 -0.00319553 -0.00319709 -0.00319076 -0.00317459 
0 0.000103065 0.00018943 0.000273999 0.000374271 0.0004839 0.000578686 0.000663854 0.000765289 0.00088039 0.0009868 0.00107442 0.00117375 0.00129 0.00139682 0.00147859 0.0015537 0.00164155 0.00171375 0.00176404 0.00179608 0.00183056 0.00185306 0.00186184 0.00188199 0.00189947 0.00192873 0.00196669 0.00204965 0.00216221 0.00229161 0.00247809 0.0027268 0.00305396 0.0034579 0.00399036 0.0046875 0.00557445 0.00671234 0.00816347 0.00993715 0.0120402 0.0144508 0.0170842 0.0197943 0.022381 0.0246606 0.0263605 0.0272699 0.0272355 0.0261643 0.024068 0.0210909 0.0174864 0.0135599 0.00967323 0.00621064 0.00349848 0.00178344 0.00129133 0.00208479 0.00415346 0.0073951 0.0116293 0.0165995 0.0220413 0.0276925 0.0333025 0.0386485 0.043596 0.04802 0.0518274 0.0550205 0.057569 0.059483 0.0608218 0.0616249 0.061933 0.0618443 0.0613959 0.0606553 0.0596782 0.0585074 0.0571585 0.0556634 0.0540163 0.0522238 0.0502708 0.0481641 0.0458718 0.0433838 0.0406862 0.0377583 0.0345779 0.0311619 0.0274869 0.0235662 0.019415 0.0150413 0.010481 0.00579421 0.000992422 -0.00386299 -0.00871751 -0.0135307 -0.0182516 -0.0228319 -0.0272638 -0.0314976 -0.0355197 -0.039323 -0.0428987 -0.0462389 -0.0493665 -0.0522745 -0.0549796 -0.0574839 -0.0598109 -0.0619586 -0.0639538 -0.0658104 -0.0675354 -0.0691247 -0.070609 -0.0719539 -0.0731753 -0.0742877 -0.075274 -0.0761436 -0.0769296 -0.0775924 -0.0781383 -0.0785489 -0.0787453 -0.0786564 -0.0781812 -0.0771783 -0.0754947 -0.0729983 -0.0695597 -0.065089 -0.0595654 -0.0530771 -0.0457317 -0.0377839 -0.0295431 -0.0213437 -0.0135514 -0.00653181 -0.000563146 0.00415939 0.00754258 0.00960104 0.0104817 0.0103993 0.00956337 0.00826879 0.00674398 0.00518049 0.00372019 0.00246503 0.00145008 0.000653379 5.68407e-05 -0.000363264 -0.000675004 -0.000923405 -0.00111399 -0.00128574 -0.00144607 -0.00161516 -0.0017683 -0.0019286 -0.00210992 -0.00227954 -0.00244365 -0.0026045 -0.00278382 -0.00294753 -0.00308676 -0.00321348 -0.00332707 -0.00342331 -0.00349612 -0.00355908 -0.00359938 -0.00361589 -0.00362093 -0.00362835 -0.0036263 -0.00360198 -0.00357624 -0.00356684 -0.00356167 -0.00353932 -0.00351477 -0.00351093 -0.00351802 -0.00350692 -0.00348384 
0 0.000108103 0.000202957 0.000289069 0.000402374 0.000518804 0.000622888 0.000718993 0.000832309 0.00096872 0.00108685 0.00118502 0.00129 0.00141165 0.00152042 0.00159785 0.00166554 0.00174703 0.00181425 0.0018524 0.00187968 0.00190584 0.00193912 0.00195904 0.00199259 0.00203592 0.00208157 0.0021627 0.00227813 0.00243347 0.00260446 0.00282363 0.00312472 0.00349957 0.00396705 0.00456683 0.00534339 0.00632884 0.00759329 0.00918529 0.0111312 0.0134149 0.0160131 0.0188482 0.0217381 0.0245042 0.0269202 0.0287271 0.0297055 0.0297068 0.0286415 0.0265382 0.023532 0.0198856 0.0159188 0.0119816 0.0084888 0.00575795 0.00405556 0.0035951 0.0044526 0.00658762 0.00991115 0.0142102 0.0192268 0.0246904 0.030326 0.0358803 0.0411417 0.0459644 0.0502261 0.0538618 0.0568495 0.0591936 0.0609126 0.0620784 0.0627394 0.0629767 0.0628603 0.0624559 0.0618146 0.0609854 0.0599868 0.0588505 0.0575769 0.0561663 0.0546109 0.0528913 0.050979 0.0488466 0.0464611 0.0437995 0.0408399 0.0375732 0.0339955 0.0300992 0.025911 0.0214468 0.0167046 0.0117399 0.00662413 0.0013774 -0.00393747 -0.00923459 -0.0144646 -0.0195824 -0.0245355 -0.0292888 -0.0338051 -0.0380618 -0.0420415 -0.0457263 -0.0491219 -0.0522359 -0.0550816 -0.0576872 -0.0600773 -0.0622685 -0.0642945 -0.0661722 -0.0679271 -0.0695749 -0.0711447 -0.0726479 -0.0740973 -0.0754978 -0.0768639 -0.0781732 -0.0794405 -0.0806544 -0.081794 -0.0828349 -0.0837378 -0.0844136 -0.0847692 -0.0846704 -0.0839651 -0.0824827 -0.0800638 -0.0765917 -0.0719581 -0.0661591 -0.05928 -0.0514571 -0.0429408 -0.0340867 -0.0252287 -0.0167742 -0.00910822 -0.00252528 0.00275599 0.00662612 0.00909687 0.0103021 0.0104449 0.00976596 0.00853548 0.00703245 0.00543873 0.00391855 0.00258824 0.00148097 0.000595637 -7.57474e-05 -0.000557206 -0.000913637 -0.00118647 -0.00140425 -0.00157551 -0.00174079 -0.00189593 -0.0020331 -0.00218943 -0.00235455 -0.00252212 -0.00266898 -0.00282128 -0.00299529 -0.00315577 -0.00329746 -0.00342444 -0.0035429 -0.00364655 -0.00373402 -0.00380877 -0.00386531 -0.00389082 -0.00391359 -0.00393885 -0.00394608 -0.00393283 -0.00390555 -0.00390675 -0.00390173 -0.00387465 -0.00384702 -0.00383358 -0.00384567 -0.00382549 -0.00379868 
0 0.000116776 0.000213703 0.000316136 0.000432048 0.000562678 0.000675772 0.000781412 0.000911352 0.00105522 0.00118561 0.00128888 0.00139682 0.00152042 0.00162821 0.00169942 0.001764 0.00183432 0.00189813 0.00193293 0.00194944 0.00198662 0.00201929 0.00206514 0.00211746 0.00218009 0.00227046 0.00237847 0.00254865 0.00274034 0.0029519 0.00321738 0.00355429 0.00398616 0.00451319 0.00518192 0.0060434 0.00714227 0.00853577 0.0102977 0.0124162 0.0148941 0.0176954 0.0207096 0.0237946 0.0267169 0.0292649 0.0311793 0.0322327 0.0322848 0.0312683 0.0291858 0.0262043 0.022569 0.0185843 0.0146489 0.0111287 0.00838167 0.00667998 0.00622124 0.00708154 0.00924239 0.0125563 0.0168402 0.0218206 0.0272056 0.0327417 0.0381703 0.0432748 0.0479196 0.0519975 0.055421 0.058212 0.0603645 0.0619183 0.0629491 0.0635382 0.063729 0.0636321 0.063291 0.0627478 0.0620436 0.0612128 0.0602347 0.0591346 0.0579058 0.0565163 0.0549344 0.0531444 0.0510888 0.0487367 0.0460735 0.0430658 0.0396963 0.0359845 0.0319214 0.0275017 0.022779 0.0178043 0.0125918 0.007172 0.00163461 -0.00393493 -0.00950178 -0.0150244 -0.0204129 -0.0256126 -0.0306011 -0.035326 -0.0397501 -0.0438692 -0.0476633 -0.051117 -0.0542609 -0.0571054 -0.0596689 -0.0619969 -0.0641355 -0.066086 -0.0679 -0.069608 -0.0712293 -0.0727915 -0.0743521 -0.0758965 -0.0774629 -0.079063 -0.0806852 -0.0823136 -0.083966 -0.0855754 -0.0871171 -0.0885374 -0.0897265 -0.0905582 -0.0909029 -0.090556 -0.0893322 -0.0870779 -0.0836246 -0.0788973 -0.0728905 -0.065683 -0.0574383 -0.0484393 -0.0390082 -0.0295572 -0.0204767 -0.0121738 -0.00498369 0.000879286 0.0052788 0.00820553 0.00979226 0.0102269 0.00973818 0.00864062 0.0071757 0.00558293 0.00402539 0.00262128 0.0014376 0.000470742 -0.000269453 -0.000802256 -0.00119264 -0.00149368 -0.00171498 -0.0019035 -0.00205817 -0.00220044 -0.00233237 -0.0024654 -0.00263302 -0.00277925 -0.00291596 -0.00305638 -0.00321149 -0.00337174 -0.0035072 -0.00363693 -0.00376 -0.00387092 -0.0039716 -0.00406247 -0.00412671 -0.00416986 -0.00420385 -0.00424328 -0.00426666 -0.00425169 -0.00424204 -0.00424088 -0.00424442 -0.00421834 -0.0041786 -0.00417326 -0.00416862 -0.00415581 -0.0041208 
0 0.000129703 0.000247971 0.000359913 0.000493792 0.000629782 0.000752341 0.000868159 0.000998062 0.00114363 0.00126934 0.00137211 0.00147859 0.00159785 0.00169942 0.00177204 0.00182901 0.00190203 0.00196856 0.00200454 0.00204078 0.00207242 0.00213499 0.0021953 0.00226687 0.00236612 0.0024675 0.00263441 0.00282783 0.0030651 0.00332693 0.00362779 0.00402864 0.00451049 0.00511088 0.00585982 0.00681429 0.00802986 0.00958304 0.0114994 0.0138171 0.016491 0.0194815 0.0227027 0.0259491 0.0290485 0.031726 0.0337523 0.0348998 0.0350329 0.0340688 0.0320556 0.0291174 0.0255073 0.0215569 0.0176153 0.014098 0.0113335 0.00961219 0.00911306 0.00993996 0.0120182 0.0152639 0.0194367 0.024283 0.0295276 0.034894 0.0401245 0.0450419 0.0494779 0.0533296 0.0565725 0.0591641 0.0611549 0.0625933 0.0635508 0.0640866 0.0643091 0.0642376 0.0639552 0.0634898 0.0628871 0.0621401 0.0612964 0.0603128 0.0591791 0.057857 0.0563378 0.0545494 0.0524905 0.0501165 0.0474017 0.0443166 0.0408715 0.037029 0.0328276 0.0282973 0.0234526 0.0182989 0.0129387 0.00743926 0.00182676 -0.00388457 -0.00958457 -0.0152056 -0.0207073 -0.0260494 -0.0311477 -0.0359875 -0.0405218 -0.0447302 -0.0485956 -0.0521403 -0.0553386 -0.0582343 -0.0608397 -0.0631941 -0.0653076 -0.0672632 -0.0690732 -0.0707905 -0.0724398 -0.0740798 -0.0756991 -0.0773734 -0.0791056 -0.0809207 -0.0828224 -0.0848239 -0.0868667 -0.088951 -0.091002 -0.0929363 -0.0946577 -0.0960111 -0.0968151 -0.0968775 -0.0959854 -0.0939309 -0.0905941 -0.0858457 -0.0797097 -0.0722569 -0.0636815 -0.0542411 -0.0443278 -0.0343124 -0.0246492 -0.0157473 -0.00794412 -0.00150024 0.00344655 0.00687772 0.00889321 0.00966024 0.00945059 0.00850553 0.00715189 0.00558945 0.00401726 0.00257612 0.00131634 0.000283287 -0.000516713 -0.0011043 -0.00153116 -0.00184371 -0.00209508 -0.00227127 -0.00243305 -0.00255336 -0.0026587 -0.00278783 -0.00291346 -0.00305651 -0.00316576 -0.00329148 -0.00343808 -0.00358381 -0.00372972 -0.00385946 -0.00399068 -0.0041127 -0.00422655 -0.00432655 -0.00440443 -0.00445407 -0.00450373 -0.00455254 -0.00457751 -0.00457616 -0.00456031 -0.00457076 -0.00457017 -0.00454398 -0.00451197 -0.00449383 -0.00450127 -0.00448114 -0.00445538 
0 0.000145912 0.000277345 0.000411688 0.000551901 0.000699386 0.000830462 0.000954197 0.00108773 0.00122538 0.0013466 0.00144916 0.0015537 0.00166554 0.001764 0.00182901 0.00189263 0.00195897 0.00202985 0.00208034 0.0021182 0.00217752 0.00224629 0.0023429 0.002441 0.00255891 0.00270657 0.00289273 0.00313266 0.00340025 0.00370731 0.00406848 0.00452374 0.00508163 0.00577102 0.00661738 0.00768412 0.00904452 0.0107463 0.012853 0.0153492 0.0182252 0.0214229 0.024821 0.0282642 0.0315249 0.034343 0.0364925 0.0377441 0.0379584 0.0370859 0.0351329 0.0322655 0.0287058 0.0247713 0.0208573 0.0173249 0.0145319 0.0127735 0.0122059 0.0129185 0.0148791 0.0179413 0.0219169 0.0265529 0.0315727 0.0367152 0.0417362 0.0464333 0.0506536 0.0543085 0.0573537 0.0597927 0.0616713 0.0630391 0.0639586 0.0645068 0.0647307 0.0646943 0.0644584 0.0640455 0.063493 0.0628183 0.0620001 0.0610349 0.0599086 0.0585735 0.0570021 0.0551616 0.0530212 0.0505525 0.0477392 0.0445691 0.0410359 0.037133 0.0328788 0.0282758 0.0233803 0.0182694 0.0129513 0.007434 0.00182998 -0.00379756 -0.00943302 -0.0150298 -0.0205152 -0.0258358 -0.0309346 -0.0357807 -0.0403381 -0.0445915 -0.0485286 -0.0521389 -0.0554293 -0.0584162 -0.0610995 -0.0635267 -0.0657379 -0.0677552 -0.0696343 -0.0714267 -0.0731613 -0.0748919 -0.0766564 -0.0784793 -0.080399 -0.0824392 -0.0846181 -0.0869409 -0.0893924 -0.091932 -0.0944861 -0.0969564 -0.0992107 -0.101077 -0.102372 -0.102867 -0.102339 -0.100588 -0.0974264 -0.0927633 -0.0865926 -0.0789788 -0.0701398 -0.060361 -0.0499978 -0.039504 -0.0293075 -0.0198286 -0.0114524 -0.00441835 0.001096 0.00505687 0.00754762 0.00871665 0.00881375 0.00811911 0.00690461 0.00543522 0.00390089 0.00243534 0.00113958 4.23129e-05 -0.000816962 -0.00146059 -0.00192756 -0.00226921 -0.00252465 -0.00271509 -0.00285672 -0.00295498 -0.0030455 -0.00313519 -0.00325035 -0.00335687 -0.00345549 -0.00356601 -0.00368867 -0.00383462 -0.00396884 -0.00410237 -0.00423117 -0.00435786 -0.00448298 -0.00459137 -0.00467505 -0.0047387 -0.0047975 -0.00485311 -0.00488894 -0.00488774 -0.00488833 -0.00489228 -0.00489622 -0.00487595 -0.00484119 -0.0048355 -0.00482863 -0.00482167 -0.00479725 
0 0.000150426 0.000291929 0.000437292 0.000585795 0.000741141 0.000884514 0.00102392 0.00116609 0.00130273 0.00142738 0.00153385 0.00164155 0.00174703 0.00183432 0.00190203 0.00195897 0.00202445 0.0020922 0.0021463 0.00220223 0.00226364 0.00235926 0.00247793 0.0026054 0.00276169 0.00293887 0.00318089 0.00345824 0.00377546 0.00414212 0.00456077 0.00508542 0.00571511 0.00649546 0.00745143 0.00864487 0.0101584 0.01205 0.0143438 0.0170516 0.0201364 0.0235323 0.0271271 0.0307405 0.0341718 0.0371333 0.0394102 0.0407788 0.0411011 0.0403094 0.0384446 0.0356445 0.0321311 0.0282401 0.0243388 0.0207995 0.0179653 0.0161264 0.0154267 0.0159705 0.0177028 0.0205267 0.0242338 0.0285924 0.0333464 0.0382242 0.0429823 0.0474539 0.0514661 0.0549365 0.0578568 0.0601879 0.0619885 0.0633133 0.0642109 0.0647418 0.0649918 0.0649752 0.0647606 0.0643645 0.0638206 0.0631132 0.0622652 0.0612403 0.0600172 0.058561 0.0568744 0.054891 0.0526197 0.0500344 0.0471096 0.0438362 0.040236 0.0362827 0.0320392 0.0275199 0.022729 0.0177002 0.0125045 0.00717481 0.00177014 -0.00370582 -0.00918022 -0.0145786 -0.0198726 -0.0250449 -0.0300174 -0.0347896 -0.0393111 -0.0435512 -0.0475044 -0.0511776 -0.0545377 -0.0576309 -0.0604495 -0.0630189 -0.0653566 -0.0675237 -0.0695402 -0.0714702 -0.0733481 -0.0752377 -0.0771488 -0.0791622 -0.081296 -0.0835819 -0.0860554 -0.0887298 -0.091556 -0.0945377 -0.0975745 -0.100547 -0.103335 -0.105733 -0.107524 -0.108485 -0.108368 -0.106941 -0.104041 -0.0995348 -0.0934225 -0.0857573 -0.0767634 -0.0667182 -0.0560121 -0.0450894 -0.03442 -0.0244255 -0.0154956 -0.0079051 -0.00182347 0.00269451 0.00569979 0.00732139 0.00781287 0.00740669 0.00641007 0.00507222 0.00360478 0.00215947 0.000836021 -0.000293231 -0.00119428 -0.00188106 -0.00237597 -0.00272999 -0.0030017 -0.00318702 -0.00332711 -0.00340952 -0.00348246 -0.00356241 -0.00364144 -0.00373361 -0.00380766 -0.00389676 -0.00400083 -0.00412239 -0.00425137 -0.0043683 -0.00448618 -0.00460779 -0.0047309 -0.00484339 -0.00493156 -0.00500552 -0.00507643 -0.00513926 -0.00518536 -0.00520308 -0.00521659 -0.00523103 -0.00523794 -0.00522693 -0.00520354 -0.00519362 -0.0051842 -0.00516974 -0.005146 
