0 0 0 0 0 0 0 0 0 0 0 0 0 0 0 0 0 0 0 0 0 0 0 0 0 0 0 0 0 0 0 0 0 0 0 0 0 0 0 0 0 0 0 0 0 0 0 0 0 0 0 0 0 0 0 0 0 0 0 0 0 0 0 0 0 0 0 0 0 0 0 0 0 0 0 0 0 0 0 0 0 0 0 0 0 0 0 0 0 0 0 0 0 0 0 0 0 0 0 0 0 0 0 0 0 0 0 0 0 0 0 0 0 0 0 0 0 0 0 0 0 0 0 0 0 0 0 0 0 0 0 0 0 0 0 0 0 0 0 0 0 0 0 0 0 0 0 0 0 0 0 0 0 0 0 0 0 0 0 0 0 0 0 0 0 0 0 0 0 0 0 0 0 0 0 0 0 0 0 0 0 0 0 0 0 0 0 0 0 0 0 0 0 0 0 0 0 0 0 0 
0 0.000523276 0.00106852 0.00162012 0.00220058 0.00276922 0.00332668 0.00385143 0.00430021 0.00466637 0.0048996 0.00500616 0.00498158 0.00482781 0.00458266 0.0042652 0.00393207 0.00362005 0.00335018 0.00314583 0.00301626 0.00297171 0.00301081 0.00310638 0.00323193 0.00336992 0.00348818 0.00356602 0.00357165 0.00348708 0.00331878 0.00305297 0.00268688 0.00222481 0.00167634 0.00105695 0.000371845 -0.000374469 -0.00116041 -0.00196268 -0.00278607 -0.00360799 -0.00441012 -0.00518565 -0.00590749 -0.00658926 -0.00720874 -0.00774561 -0.0082177 -0.00861443 -0.00891729 -0.00913896 -0.00927604 -0.00932522 -0.00930415 -0.00919201 -0.00901636 -0.00877955 -0.00847285 -0.00811145 -0.00771921 -0.00728936 -0.00683064 -0.00636621 -0.00589626 -0.00542356 -0.00495403 -0.00451752 -0.00409168 -0.00369076 -0.00332181 -0.00298062 -0.00265314 -0.00237094 -0.00211357 -0.00187868 -0.00167092 -0.00148759 -0.00131951 -0.00117678 -0.00105934 -0.000956735 -0.00086154 -0.000777361 -0.000725318 -0.000677581 -0.00062704 -0.000590124 -0.000574077 -0.000546324 -0.000531527 -0.000520686 -0.000510144 -0.000499572 -0.000503265 -0.000491328 -0.000489809 -0.000490565 -0.00048893 -0.000481142 -0.000489888 -0.000483405 -0.000482212 -0.000484474 -0.000486747 -0.000478564 -0.000486696 -0.000482612 -0.000481475 -0.000483886 -0.000484029 -0.000470883 -0.000478075 -0.000475524 -0.00045953 -0.000443853 -0.000438251 -0.000417898 -0.00038926 -0.000349451 -0.000308402 -0.00026117 -0.000196256 -0.000118533 -2.93597e-05 7.81077e-05 0.000200153 0.000331345 0.000495461 0.000675425 0.0008798 0.00110919 0.00136687 0.00164177 0.00195847 0.00230216 0.00267618 0.00307232 0.00350204 0.00395055 0.0044087 0.00488948 0.0053814 0.005858 0.00632796 0.00679226 0.0072131 0.00760967 0.007966 0.00827397 0.00853138 0.00872249 0.00884615 0.00891227 0.00889425 0.00879543 0.00863309 0.00838213 0.00805026 0.00763515 0.00714138 0.00657565 0.00593109 0.0052147 0.00444162 0.00361579 0.00273008 0.00180003 0.000835177 -0.000159177 -0.0011737 -0.00220896 -0.00323964 -0.00424674 -0.00522379 -0.00614487 -0.00698191 -0.00770478 -0.00828335 -0.0087094 -0.00897123 -0.00905126 -0.00897127 -0.00874214 -0.00840356 -0.00799679 -0.00754003 -0.00710472 -0.00671794 -0.00642842 -0.0062577 -0.00618094 -0.00621616 -0.0063188 -0.00648721 -0.00669199 -0.00688438 -0.00706371 -0.00717876 -0.00724331 
0 0.00106852 0.00215516 0.0032937 0.00444006 0.00558878 0.00670206 0.00772486 0.00862871 0.00932143 0.00977908 0.00997104 0.00988875 0.00957669 0.00904935 0.00840225 0.00771224 0.00705766 0.0064996 0.00606171 0.00578042 0.00567271 0.00573319 0.00590336 0.00615408 0.00640603 0.00663887 0.00678878 0.00677657 0.00662872 0.00627586 0.00576536 0.00505939 0.00415115 0.00310439 0.00189715 0.000569446 -0.000874866 -0.0023932 -0.00395834 -0.00553183 -0.00713001 -0.00868365 -0.0101713 -0.0115995 -0.0129174 -0.014135 -0.0151934 -0.0161203 -0.0168887 -0.0175061 -0.0179412 -0.0182221 -0.0183554 -0.018312 -0.0181143 -0.0177844 -0.0173325 -0.016739 -0.0160778 -0.0153131 -0.0144915 -0.0136133 -0.0127026 -0.0117805 -0.0108764 -0.0099651 -0.0090929 -0.00826976 -0.00746156 -0.00671807 -0.00603989 -0.00541439 -0.00482435 -0.00430919 -0.00383312 -0.00341316 -0.00303013 -0.00272078 -0.00242728 -0.00216293 -0.00194303 -0.00178199 -0.00161566 -0.00148306 -0.00137391 -0.0012877 -0.00121959 -0.00117006 -0.00110973 -0.00108049 -0.00106419 -0.00103501 -0.00101518 -0.00101624 -0.000999827 -0.000990179 -0.000995414 -0.000986559 -0.000978181 -0.000987331 -0.000981203 -0.000973963 -0.000983434 -0.00098024 -0.000970395 -0.000982696 -0.000980872 -0.000968452 -0.000972709 -0.000976887 -0.000961235 -0.000957135 -0.000939192 -0.000921352 -0.000906727 -0.00087378 -0.00080394 -0.000762615 -0.000702066 -0.000606439 -0.000480795 -0.000362747 -0.000201934 -1.9553e-05 0.000200197 0.00043483 0.000737279 0.00106686 0.00142423 0.0018315 0.00231702 0.00282336 0.00339579 0.00404253 0.00472015 0.00545423 0.00625296 0.00709866 0.00797439 0.00889565 0.00981545 0.010765 0.0116858 0.0125953 0.013472 0.0143063 0.0150524 0.0157267 0.0163163 0.0167851 0.0171356 0.0173642 0.0174719 0.0174062 0.0172134 0.0168488 0.0163471 0.0156809 0.0148473 0.013887 0.0127811 0.0115248 0.0101371 0.00864381 0.00702489 0.00532839 0.00351061 0.00164295 -0.000274646 -0.00226543 -0.00426333 -0.00628784 -0.00826139 -0.0101775 -0.0119964 -0.0136461 -0.0150695 -0.0162152 -0.017057 -0.0175644 -0.0177376 -0.0175659 -0.0171266 -0.016465 -0.0156544 -0.0147836 -0.0139133 -0.0131776 -0.0126203 -0.0122881 -0.01218 -0.0122498 -0.0124971 -0.0128533 -0.013278 -0.0137073 -0.0140656 -0.0143391 -0.0144843 
0 0.00162012 0.0032937 0.00498976 0.00673949 0.00845289 0.0101099 0.0116446 0.0129481 0.0139741 0.0146057 0.0148427 0.0146777 0.0141315 0.0132994 0.0122605 0.0111685 0.0101359 0.00923667 0.00853449 0.00806513 0.007855 0.00789549 0.00811367 0.0084322 0.00879006 0.00910177 0.00930035 0.00929938 0.00905613 0.00857366 0.00782886 0.00681196 0.00553296 0.00402532 0.00232207 0.000443174 -0.00159787 -0.00374694 -0.00594703 -0.00820039 -0.0104583 -0.0126714 -0.0148152 -0.0168343 -0.0187433 -0.0204935 -0.0220319 -0.0233911 -0.0245451 -0.0254512 -0.0261281 -0.0265712 -0.0267764 -0.0267723 -0.0265252 -0.0260937 -0.0254869 -0.0246883 -0.0237391 -0.0226877 -0.0215294 -0.0202844 -0.0190043 -0.0176988 -0.0163759 -0.0150515 -0.0137933 -0.0125642 -0.0113894 -0.0102949 -0.00927414 -0.00830113 -0.00743735 -0.00665053 -0.00593138 -0.0052897 -0.00471909 -0.00420465 -0.00375847 -0.00338073 -0.00305311 -0.00275775 -0.00249574 -0.00231203 -0.00215066 -0.00199292 -0.00187304 -0.0018026 -0.00171524 -0.00166071 -0.00162106 -0.00158288 -0.00155026 -0.00154928 -0.00151862 -0.00150943 -0.00150901 -0.00150176 -0.00148437 -0.00150068 -0.00148683 -0.00148214 -0.00148763 -0.00149022 -0.00147252 -0.0014879 -0.00147848 -0.00147155 -0.00147363 -0.00146825 -0.00143418 -0.00143837 -0.00141957 -0.00136876 -0.00131704 -0.00127797 -0.00120011 -0.00110149 -0.00097359 -0.000830473 -0.000663634 -0.000452992 -0.00020115 8.89637e-05 0.000431817 0.000819714 0.00125055 0.00176677 0.00233629 0.00297834 0.00369869 0.00449389 0.0053485 0.00630949 0.00734132 0.00844685 0.00961214 0.0108514 0.0121303 0.0134298 0.014769 0.0161228 0.0174307 0.0187089 0.0199536 0.0210868 0.0221353 0.0230691 0.0238653 0.0245111 0.0249708 0.0252424 0.0253407 0.0252066 0.0248523 0.0243095 0.0235345 0.0225399 0.0213262 0.0199098 0.0183058 0.0164985 0.0145075 0.0123672 0.0100815 0.00764051 0.00506944 0.0023974 -0.000364664 -0.00320041 -0.00610058 -0.00900706 -0.0118655 -0.0146495 -0.0172874 -0.019695 -0.0217805 -0.0234613 -0.0247012 -0.0254626 -0.0257072 -0.0254801 -0.02483 -0.0238633 -0.0226967 -0.0214085 -0.0201794 -0.0191131 -0.018336 -0.0179072 -0.0177785 -0.0179694 -0.0183792 -0.0189783 -0.0196804 -0.0203596 -0.0209792 -0.0214211 -0.0217026 
0 0.00220058 0.00444006 0.00673949 0.00905468 0.0113403 0.0135262 0.0155158 0.0172191 0.0185012 0.0192838 0.0195223 0.0192107 0.0184137 0.0172037 0.0157385 0.0141859 0.0127002 0.0113998 0.0103541 0.00962592 0.00924996 0.00921031 0.00941406 0.00978214 0.0101926 0.0105742 0.0108168 0.0108005 0.0105206 0.00990893 0.00899893 0.00775321 0.00617133 0.00432869 0.00222536 -9.23113e-05 -0.00260608 -0.00525186 -0.00797894 -0.0107426 -0.0135387 -0.0162818 -0.0189325 -0.0214786 -0.0238678 -0.0260838 -0.0280527 -0.0297965 -0.0312794 -0.032491 -0.0333994 -0.0340282 -0.0343837 -0.0344401 -0.0342148 -0.0337471 -0.0330519 -0.0321137 -0.0310158 -0.0297435 -0.0283432 -0.0268265 -0.025234 -0.0235974 -0.0219507 -0.0202828 -0.018657 -0.0170838 -0.0155423 -0.0140922 -0.0127406 -0.011475 -0.0102922 -0.00922737 -0.00824817 -0.00737046 -0.00657707 -0.00589853 -0.00527882 -0.00472707 -0.00425672 -0.00387417 -0.00351636 -0.00322435 -0.0029782 -0.00277174 -0.00260644 -0.00247976 -0.00235148 -0.00226908 -0.00221179 -0.00214863 -0.00210201 -0.00208568 -0.00205203 -0.00203119 -0.00202925 -0.00201383 -0.00199908 -0.00200762 -0.00199738 -0.00198758 -0.00199635 -0.0019917 -0.00197753 -0.00198931 -0.0019822 -0.00196301 -0.00196063 -0.00195335 -0.001918 -0.00189499 -0.00185055 -0.00179327 -0.00173122 -0.00164279 -0.00150226 -0.00137415 -0.00121003 -0.000991252 -0.000723155 -0.000436171 -7.97192e-05 0.00032899 0.00080731 0.00133889 0.00197456 0.00268312 0.00346122 0.00433644 0.00533532 0.00640113 0.00757215 0.00886092 0.0102151 0.0116532 0.0131784 0.0147691 0.0163959 0.0180628 0.0197257 0.0214 0.0230145 0.0245824 0.0260789 0.0274704 0.0287102 0.0298055 0.0307317 0.0314437 0.0319332 0.0321951 0.0322266 0.0319667 0.0314586 0.0306741 0.029638 0.0283288 0.0267515 0.0249537 0.0229229 0.0206517 0.0181654 0.0154974 0.0126312 0.00960359 0.00638347 0.00304579 -0.000404945 -0.00398518 -0.00762529 -0.0113134 -0.0149491 -0.0184967 -0.0218762 -0.0249612 -0.027637 -0.0298031 -0.0313985 -0.032369 -0.0326966 -0.032393 -0.0315696 -0.0303352 -0.0288332 -0.0272199 -0.0256538 -0.024343 -0.0234036 -0.0229125 -0.0228593 -0.023187 -0.0238485 -0.0247394 -0.0257586 -0.0267784 -0.0276751 -0.0283773 -0.0288328 
0 0.00276922 0.00558878 0.00845289 0.0113403 0.0141641 0.0168451 0.0192724 0.0213074 0.0228205 0.0236892 0.0238707 0.0233648 0.0222334 0.020599 0.0186339 0.0165556 0.0145555 0.0127787 0.0113265 0.010274 0.00966177 0.00947039 0.00960459 0.00995028 0.01039 0.0108078 0.0110831 0.0110941 0.0107869 0.0101294 0.00911236 0.00771655 0.00595113 0.00387051 0.00150643 -0.00110515 -0.00393608 -0.00692193 -0.00999982 -0.0131427 -0.0163111 -0.019439 -0.0224802 -0.0253972 -0.0281645 -0.0307384 -0.0330594 -0.0351339 -0.0369331 -0.0384191 -0.0395813 -0.0404215 -0.0409409 -0.0411362 -0.0410059 -0.040591 -0.0399062 -0.0389462 -0.0377624 -0.0363866 -0.0348398 -0.0331456 -0.0313501 -0.0294833 -0.0275638 -0.0256129 -0.0236901 -0.0217979 -0.0199468 -0.0181803 -0.0165048 -0.0149144 -0.0134398 -0.0120868 -0.0108422 -0.00971344 -0.00869555 -0.00778986 -0.00698306 -0.00627472 -0.00565951 -0.00512207 -0.00464615 -0.00425935 -0.00392943 -0.00363698 -0.00340055 -0.00321823 -0.00305017 -0.00292425 -0.00282909 -0.00274291 -0.00267727 -0.00264058 -0.00259501 -0.00256572 -0.00255292 -0.00253405 -0.00251597 -0.00251891 -0.00250682 -0.00249729 -0.00250061 -0.0024959 -0.00248121 -0.00248496 -0.00247293 -0.00245316 -0.00244055 -0.00241522 -0.00236569 -0.00232723 -0.00226416 -0.00216805 -0.00206048 -0.00193502 -0.00176007 -0.00155647 -0.00130978 -0.00101351 -0.000665413 -0.000260855 0.000218367 0.000771033 0.00140716 0.00212379 0.00294076 0.00386719 0.00489102 0.00602847 0.00728984 0.00864969 0.010114 0.0117007 0.0133746 0.0151284 0.0169563 0.0188446 0.02076 0.0226869 0.0246146 0.0265212 0.0283497 0.0301006 0.0317545 0.0332573 0.0345918 0.0357443 0.0366861 0.0373866 0.0378202 0.0379862 0.0378812 0.0374614 0.0367456 0.0357452 0.0344519 0.0328629 0.0309899 0.0288612 0.0264836 0.0238468 0.020974 0.0178947 0.0146054 0.0111088 0.00740933 0.00354919 -0.000461222 -0.00461583 -0.00887754 -0.0131889 -0.0174681 -0.0216547 -0.0256464 -0.0293059 -0.0324881 -0.0350722 -0.0369775 -0.0381399 -0.0385257 -0.0381723 -0.0371856 -0.0357143 -0.0339341 -0.0320225 -0.0302063 -0.028697 -0.0276615 -0.0271838 -0.0272429 -0.0277987 -0.0287533 -0.0300047 -0.0314107 -0.0328069 -0.0340678 -0.0350682 -0.035767 
0 0.00332668 0.00670206 0.0101099 0.0135262 0.0168451 0.0199678 0.0227664 0.025069 0.0267359 0.027623 0.0276786 0.0269106 0.0253868 0.0232663 0.0207469 0.0180832 0.0155033 0.0131832 0.0112561 0.00981227 0.00890007 0.00849657 0.00850832 0.00879725 0.00923818 0.00968411 0.00999817 0.0100583 0.00977539 0.00913213 0.00809255 0.00664943 0.00481648 0.0026301 0.000141629 -0.00262134 -0.00561704 -0.00878525 -0.0120591 -0.0154128 -0.0187915 -0.0221444 -0.0254215 -0.0285769 -0.0315936 -0.0344132 -0.0369947 -0.039321 -0.0413731 -0.0431051 -0.0445117 -0.0455826 -0.0463123 -0.046701 -0.0467413 -0.0464645 -0.0458827 -0.0450062 -0.043859 -0.0424912 -0.0409106 -0.0391489 -0.0372488 -0.0352446 -0.0331519 -0.031009 -0.0288596 -0.0267138 -0.0246005 -0.0225516 -0.0205852 -0.0187032 -0.0169408 -0.0152964 -0.0137769 -0.0123829 -0.0111234 -0.00998376 -0.00896728 -0.00806616 -0.00727775 -0.00657957 -0.00597214 -0.00545752 -0.00501672 -0.00463128 -0.00431337 -0.00405355 -0.00383007 -0.00364991 -0.00350792 -0.00338906 -0.00329576 -0.00322885 -0.00316913 -0.00312611 -0.00309755 -0.00307199 -0.0030507 -0.00304268 -0.00302943 -0.00301902 -0.00301453 -0.0030064 -0.00299235 -0.0029842 -0.00296503 -0.00293814 -0.00290896 -0.00286387 -0.0027978 -0.00272527 -0.00262886 -0.00249547 -0.00233782 -0.00214958 -0.00191475 -0.00162974 -0.00129483 -0.000897482 -0.000435571 0.000106503 0.000729807 0.00144879 0.00226538 0.00319151 0.00422761 0.00539164 0.00667096 0.0080774 0.00960792 0.0112564 0.0130092 0.0148727 0.0168248 0.0188443 0.0209219 0.0230422 0.0251735 0.0272861 0.0293794 0.0314102 0.0333436 0.0351631 0.0368515 0.0383541 0.0396601 0.0407461 0.0415873 0.0421618 0.0424451 0.0424403 0.0421381 0.0415196 0.0405833 0.0393598 0.0378309 0.0360045 0.0338962 0.0315221 0.0288946 0.0260052 0.0228709 0.019511 0.0159319 0.0121153 0.00808581 0.00385935 -0.00055053 -0.00512663 -0.00985011 -0.0146396 -0.0194256 -0.0241216 -0.0286084 -0.0327336 -0.0363292 -0.0392558 -0.0414109 -0.0427216 -0.0431481 -0.0427426 -0.0416129 -0.0399378 -0.037919 -0.0357681 -0.0337551 -0.0321093 -0.0310326 -0.0306151 -0.0308429 -0.0316707 -0.0329736 -0.0346345 -0.0364768 -0.0383083 -0.0399808 -0.0413419 -0.0423368 
0 0.00385143 0.00772486 0.0116446 0.0155158 0.0192724 0.0227664 0.0258406 0.0283375 0.0300509 0.0308753 0.0307198 0.0296024 0.0276272 0.024948 0.0218272 0.0185286 0.0153187 0.0124141 0.00996877 0.00809366 0.00684493 0.00619513 0.00604722 0.00627039 0.00669207 0.00717452 0.00754883 0.00767841 0.00749066 0.00691276 0.00593948 0.0045504 0.00275354 0.000597265 -0.00188435 -0.00465419 -0.00766046 -0.0108482 -0.0141714 -0.0175616 -0.0210005 -0.0244244 -0.0277753 -0.0310443 -0.0341674 -0.0371156 -0.0398571 -0.0423523 -0.0445797 -0.0465272 -0.0481484 -0.0494486 -0.0504248 -0.0510391 -0.0513184 -0.0512602 -0.0508722 -0.05017 -0.0491872 -0.0479258 -0.046427 -0.0447168 -0.0428194 -0.0407749 -0.0386207 -0.0363828 -0.0340814 -0.031773 -0.0294611 -0.0271821 -0.0249683 -0.0228478 -0.0208041 -0.018886 -0.0170944 -0.0154325 -0.0139056 -0.0125327 -0.0112849 -0.0101587 -0.00916295 -0.00829862 -0.00753863 -0.00686259 -0.00628342 -0.00579664 -0.00538205 -0.00502034 -0.00472518 -0.00447889 -0.00428042 -0.00411398 -0.00398477 -0.00387609 -0.00379952 -0.00373293 -0.00368599 -0.00364641 -0.00362291 -0.00359597 -0.00358307 -0.00356631 -0.00355454 -0.00353556 -0.00352235 -0.0034956 -0.00346836 -0.00342331 -0.00336945 -0.00329848 -0.0032129 -0.00308698 -0.0029378 -0.002763 -0.00254869 -0.00227184 -0.00194518 -0.00157195 -0.00113416 -0.000606156 9.93541e-06 0.000702292 0.00150301 0.00241802 0.00344567 0.00459432 0.00589237 0.00730382 0.0088457 0.0105208 0.0123268 0.0142328 0.0162561 0.0183635 0.0205379 0.0227625 0.02503 0.0273007 0.0295535 0.0317733 0.0339139 0.035959 0.0378819 0.039651 0.0412355 0.0426303 0.0437749 0.0446752 0.0453156 0.0456583 0.0457115 0.0454737 0.0449249 0.044072 0.0429249 0.0414709 0.039747 0.0377344 0.0354491 0.0329202 0.0301337 0.0270988 0.0238242 0.0203158 0.0165703 0.0125932 0.00837082 0.00393092 -0.000718904 -0.00558273 -0.0106038 -0.0157399 -0.0208968 -0.0259718 -0.0308408 -0.0353222 -0.0392394 -0.0424348 -0.0447816 -0.0461925 -0.0466465 -0.0461721 -0.0449151 -0.0430574 -0.0408184 -0.0384818 -0.0362964 -0.0345662 -0.0334837 -0.0331491 -0.0335938 -0.0347066 -0.0364041 -0.0385 -0.0408024 -0.0431187 -0.04522 -0.0469977 -0.048322 
0 0.00430021 0.00862871 0.0129481 0.0172191 0.0213074 0.025069 0.0283375 0.0308922 0.0325767 0.0332227 0.0327635 0.0312293 0.0287095 0.0254328 0.0216537 0.0176837 0.0138208 0.0103031 0.00732491 0.00501175 0.0034141 0.00250794 0.00221059 0.0023469 0.00278343 0.0033104 0.00376862 0.00404081 0.00397049 0.00355955 0.00271991 0.00146877 -0.000169654 -0.0021991 -0.00454107 -0.00717856 -0.0100512 -0.0131175 -0.0163142 -0.0196227 -0.0229583 -0.0263066 -0.0296198 -0.0328377 -0.035959 -0.0389165 -0.0417119 -0.044288 -0.0466478 -0.0487314 -0.0505509 -0.052069 -0.0532627 -0.0541473 -0.0547025 -0.054921 -0.0548051 -0.0543869 -0.0536227 -0.052594 -0.0512801 -0.049724 -0.0479528 -0.045998 -0.0438629 -0.0416226 -0.039286 -0.0368775 -0.0344615 -0.0320389 -0.0296384 -0.0272835 -0.0250299 -0.0228592 -0.0208131 -0.0188852 -0.0171127 -0.0154489 -0.0139531 -0.0126109 -0.0114067 -0.0103017 -0.00935382 -0.00851955 -0.0077968 -0.00716015 -0.00661534 -0.00614757 -0.00577066 -0.00543646 -0.00515665 -0.00493702 -0.00475865 -0.00460199 -0.00449026 -0.00439921 -0.00432147 -0.00426854 -0.00422955 -0.00418779 -0.00416336 -0.00414217 -0.00411219 -0.00408718 -0.00406263 -0.00401322 -0.00396384 -0.00390553 -0.00381728 -0.0037 -0.00357159 -0.00340052 -0.00319877 -0.00293971 -0.00262901 -0.00226996 -0.00186573 -0.00134398 -0.000751534 -8.14412e-05 0.000681953 0.00158726 0.00258896 0.00373047 0.00499541 0.00641086 0.00793621 0.00961731 0.0114356 0.0133769 0.0154101 0.0175691 0.0197992 0.0220853 0.0244418 0.0268111 0.0291707 0.0315066 0.0337938 0.0359781 0.038084 0.0400265 0.0418182 0.0434114 0.044792 0.0459235 0.0468199 0.0474404 0.0477777 0.0478403 0.047602 0.0470784 0.0462557 0.0451701 0.0437857 0.0421608 0.0402606 0.0381132 0.0357336 0.033104 0.0302516 0.0271708 0.0238613 0.020315 0.0165508 0.012513 0.00825282 0.00372461 -0.001056 -0.00604909 -0.0112752 -0.0166158 -0.0220289 -0.0273788 -0.0325102 -0.0372573 -0.041411 -0.0447994 -0.0472776 -0.0487512 -0.0491811 -0.0486385 -0.0472323 -0.0451902 -0.0427596 -0.0402222 -0.0379175 -0.0361004 -0.0350282 -0.0348047 -0.0354365 -0.0368738 -0.0389414 -0.0414817 -0.0442587 -0.0470324 -0.0496073 -0.0517821 -0.0534657 
0 0.00466637 0.00932143 0.0139741 0.0185012 0.0228205 0.0267359 0.0300509 0.0325767 0.0340848 0.0344638 0.0336137 0.0315742 0.0284801 0.024548 0.0200963 0.0154384 0.0109042 0.00676887 0.00325381 0.000496681 -0.00143888 -0.00258232 -0.0030268 -0.00291674 -0.00245649 -0.00182734 -0.00122528 -0.000790292 -0.000635275 -0.000844331 -0.00145171 -0.00246247 -0.00386162 -0.00563433 -0.00773213 -0.0101278 -0.0127507 -0.0155643 -0.0185413 -0.0216014 -0.0247237 -0.0278683 -0.0309907 -0.0340796 -0.0370756 -0.0399528 -0.0427165 -0.0452977 -0.0476829 -0.049873 -0.0518224 -0.0535235 -0.0549552 -0.0560871 -0.056934 -0.0574603 -0.0576584 -0.0575563 -0.0571427 -0.0564121 -0.0553881 -0.0540974 -0.0525459 -0.0507587 -0.0487841 -0.0466558 -0.0443624 -0.041975 -0.0395228 -0.0370135 -0.0344991 -0.0320262 -0.0295774 -0.0271982 -0.0249196 -0.0227482 -0.0207068 -0.0188088 -0.0170541 -0.0154389 -0.0139701 -0.0126641 -0.0115135 -0.0104596 -0.00953648 -0.00875655 -0.00807272 -0.00746179 -0.00696447 -0.00653192 -0.006165 -0.00586786 -0.00562242 -0.00540393 -0.00525121 -0.00511897 -0.00500663 -0.00492574 -0.0048693 -0.00480131 -0.00476452 -0.0047273 -0.00467991 -0.0046336 -0.00459448 -0.004518 -0.00444206 -0.00434488 -0.00421157 -0.00405339 -0.00387588 -0.00361993 -0.00332985 -0.00300638 -0.00260323 -0.00210572 -0.0015507 -0.000905469 -0.000160735 0.000702844 0.00169127 0.00279924 0.00403632 0.00541997 0.00693848 0.008605 0.0104197 0.0123451 0.0143982 0.0165656 0.0188186 0.0211535 0.0235585 0.0259747 0.0284051 0.030824 0.0332011 0.0355008 0.0377082 0.039794 0.0417116 0.0434391 0.0449846 0.0462967 0.0473532 0.0481759 0.0487197 0.0489838 0.0489786 0.0486867 0.0481351 0.0473198 0.0462255 0.0449024 0.0433375 0.0415245 0.0395052 0.0372733 0.034837 0.0322072 0.029363 0.0263272 0.0230803 0.0195982 0.0158832 0.0119164 0.00768739 0.00317572 -0.00161459 -0.00667852 -0.0119746 -0.0174572 -0.0230359 -0.0285665 -0.0338938 -0.0388121 -0.0431236 -0.046629 -0.049166 -0.05063 -0.0510045 -0.0503351 -0.0487703 -0.0465312 -0.0438819 -0.0411761 -0.038713 -0.0368266 -0.0357452 -0.0355895 -0.0364169 -0.0381019 -0.0405345 -0.0434726 -0.0466737 -0.0499072 -0.0528865 -0.0554731 -0.0574856 
0 0.0048996 0.00977908 0.0146057 0.0192838 0.0236892 0.027623 0.0308753 0.0332227 0.0344638 0.0344626 0.0331383 0.0305391 0.0268063 0.0222024 0.0170559 0.01171 0.00651926 0.00178567 -0.00224223 -0.00540573 -0.00765181 -0.00900443 -0.00954983 -0.00945699 -0.00891125 -0.00814376 -0.00734605 -0.00665555 -0.00623014 -0.00612925 -0.00643081 -0.00712446 -0.00818719 -0.00962793 -0.0113878 -0.0134369 -0.0157085 -0.0181743 -0.0208009 -0.0235426 -0.0263412 -0.0291861 -0.0320474 -0.0348865 -0.0376762 -0.0403855 -0.0430305 -0.0455448 -0.0479236 -0.0501394 -0.0521839 -0.0540236 -0.0556248 -0.0569924 -0.0581167 -0.0589524 -0.05949 -0.0597553 -0.059694 -0.0593348 -0.0586677 -0.0577195 -0.0564923 -0.0549974 -0.0532556 -0.0513236 -0.0491894 -0.0469006 -0.0445164 -0.042031 -0.0394813 -0.0369122 -0.0343581 -0.0318285 -0.0293677 -0.0269867 -0.0247219 -0.0225534 -0.0205395 -0.0186829 -0.0169679 -0.015387 -0.0139893 -0.0127223 -0.0116018 -0.0106203 -0.00975329 -0.00898936 -0.00836049 -0.00780141 -0.00731859 -0.0069285 -0.00660148 -0.00631063 -0.00609425 -0.00591147 -0.00575215 -0.00563582 -0.00554552 -0.00544984 -0.00538561 -0.00532558 -0.00525027 -0.0051801 -0.00510938 -0.00499566 -0.00487867 -0.00474097 -0.00455019 -0.00432048 -0.00406836 -0.00373713 -0.00335369 -0.00290387 -0.00236464 -0.00173873 -0.00104047 -0.000195237 0.000761776 0.00182849 0.00303012 0.0043959 0.00588596 0.0075309 0.00931309 0.0112398 0.0132769 0.0154383 0.0177136 0.020069 0.0224668 0.024931 0.0274106 0.029863 0.0323056 0.0346856 0.0369624 0.0391177 0.0411359 0.0429724 0.0446229 0.0460356 0.0472366 0.0481777 0.0488458 0.0492566 0.0494142 0.0492935 0.0489115 0.0482847 0.0474133 0.0463054 0.044958 0.0434289 0.0416919 0.0397702 0.0376685 0.0354074 0.0329883 0.0303913 0.0276233 0.0246909 0.021566 0.018213 0.0146323 0.0107791 0.00666032 0.0022165 -0.00254692 -0.00759925 -0.0129371 -0.0184775 -0.0241506 -0.0297925 -0.03522 -0.0402411 -0.0446328 -0.0481856 -0.0507214 -0.0521278 -0.0523868 -0.0515626 -0.0497908 -0.0473172 -0.0444337 -0.0415025 -0.0388753 -0.0368626 -0.0357242 -0.035595 -0.0365216 -0.0384142 -0.0411092 -0.0443737 -0.0479358 -0.0515301 -0.0548865 -0.057803 -0.0601153 
0 0.00500616 0.00997104 0.0148427 0.0195223 0.0238707 0.0276786 0.0307198 0.0327635 0.0336137 0.0331383 0.0312679 0.0280576 0.0236702 0.0183899 0.012564 0.00655613 0.000738219 -0.00456028 -0.00906514 -0.0126041 -0.0151209 -0.0166392 -0.0172468 -0.0171121 -0.0164375 -0.0154696 -0.0144114 -0.0134131 -0.0126366 -0.0121643 -0.0120774 -0.0123702 -0.0130233 -0.0140488 -0.0153994 -0.0170382 -0.0188988 -0.0209549 -0.0231783 -0.0255222 -0.0279329 -0.0304044 -0.0329223 -0.0354504 -0.0379635 -0.0404401 -0.0428956 -0.0452721 -0.0475586 -0.049739 -0.0518072 -0.0537288 -0.0554654 -0.0570223 -0.0583817 -0.0594975 -0.0603545 -0.060973 -0.0613005 -0.0613419 -0.0610814 -0.0605348 -0.0596945 -0.0585605 -0.0571589 -0.0555268 -0.0536497 -0.0515662 -0.0493351 -0.0469522 -0.0444605 -0.041903 -0.039311 -0.0366949 -0.0341044 -0.0315619 -0.0291043 -0.0267237 -0.0244711 -0.0223547 -0.0203729 -0.0185395 -0.0168875 -0.015369 -0.0140056 -0.0128075 -0.0117405 -0.0107933 -0.00999094 -0.00928447 -0.00866992 -0.00816309 -0.00772971 -0.00735121 -0.00705375 -0.00680411 -0.00658499 -0.00641767 -0.00627935 -0.00614584 -0.00604149 -0.00594533 -0.00583206 -0.00572376 -0.00560771 -0.00544977 -0.0052759 -0.00507482 -0.00481304 -0.00450716 -0.00415791 -0.00371802 -0.0032118 -0.00263227 -0.00193898 -0.00113462 -0.000237982 0.000807513 0.00198697 0.00329753 0.00475793 0.0063815 0.00813112 0.0100287 0.0120603 0.014224 0.0164804 0.0188321 0.0212626 0.0237406 0.0262275 0.0287406 0.031223 0.0336293 0.0359671 0.0381966 0.0402719 0.0421794 0.0439058 0.0454104 0.0466837 0.0476965 0.0484771 0.0489886 0.0492267 0.049213 0.0489586 0.0484406 0.0476851 0.0467185 0.0455479 0.0441778 0.0426166 0.0409172 0.0390584 0.0370561 0.0349203 0.0326751 0.0303131 0.0278093 0.0251651 0.0223811 0.0194167 0.0162254 0.0127981 0.0090928 0.00509965 0.000754472 -0.0039423 -0.00895973 -0.0142891 -0.0198561 -0.0255766 -0.0312754 -0.0367542 -0.0418112 -0.0462182 -0.0497494 -0.0522155 -0.0535019 -0.0535934 -0.0525595 -0.0505407 -0.0477909 -0.0446283 -0.0414336 -0.0385776 -0.0363789 -0.0351012 -0.0348985 -0.035826 -0.0378012 -0.0406477 -0.0441177 -0.0479239 -0.0517812 -0.055408 -0.058578 -0.0611144 
0 0.00498158 0.00988875 0.0146777 0.0192107 0.0233648 0.0269106 0.0296024 0.0312293 0.0315742 0.0305391 0.0280576 0.0241928 0.0191422 0.0131883 0.00670984 8.19389e-05 -0.00631085 -0.0121139 -0.0170321 -0.020891 -0.0236218 -0.0252534 -0.0258869 -0.0256613 -0.0248291 -0.0236139 -0.0222423 -0.0208943 -0.0196965 -0.0188039 -0.0182628 -0.0180941 -0.0182896 -0.0188422 -0.0197322 -0.0209097 -0.0223131 -0.0239099 -0.0256982 -0.0275964 -0.0295923 -0.0316581 -0.0337837 -0.0359614 -0.038139 -0.040326 -0.0425268 -0.0447082 -0.0468312 -0.0489232 -0.0509428 -0.052874 -0.0546878 -0.0563664 -0.0579058 -0.0592583 -0.0604024 -0.0613315 -0.0620379 -0.0624613 -0.0626183 -0.0625021 -0.0620964 -0.061378 -0.0603926 -0.0591359 -0.0575973 -0.0558235 -0.0538435 -0.0516628 -0.0493185 -0.0468683 -0.0443107 -0.0416944 -0.0390493 -0.0364168 -0.0338061 -0.031265 -0.0288076 -0.026461 -0.0242228 -0.0221465 -0.0202258 -0.0184458 -0.0168217 -0.0153846 -0.0140872 -0.0129298 -0.0119241 -0.0110455 -0.0102748 -0.00962341 -0.00906161 -0.00857688 -0.00817815 -0.0078406 -0.00754753 -0.00730988 -0.00710768 -0.00692052 -0.00676069 -0.00660988 -0.00644698 -0.00628249 -0.00610356 -0.00588617 -0.00564028 -0.00535468 -0.00500236 -0.00459908 -0.00412918 -0.00355879 -0.00289826 -0.00215655 -0.00127949 -0.000270834 0.000861807 0.00213091 0.00356143 0.00513421 0.00686562 0.00873461 0.0107483 0.0128837 0.0151411 0.0174919 0.0199302 0.022411 0.0249373 0.0274677 0.0299725 0.0324319 0.0348221 0.0370873 0.0392144 0.0411923 0.0429669 0.0445233 0.0458556 0.0469556 0.0477726 0.0483406 0.0486592 0.0487127 0.0484977 0.0480628 0.0473925 0.0464973 0.0454043 0.0441243 0.0426956 0.0411019 0.0393713 0.0375405 0.0356177 0.0335745 0.0314615 0.0292737 0.0269941 0.0246153 0.0221052 0.0194773 0.0166758 0.0136508 0.0103709 0.00682286 0.00294449 -0.0012989 -0.00591678 -0.0109006 -0.0161895 -0.0217627 -0.0274864 -0.0331885 -0.03867 -0.0437001 -0.0480653 -0.0515175 -0.0538596 -0.0549753 -0.0548552 -0.0535576 -0.0512465 -0.0481686 -0.0446665 -0.0411535 -0.0379825 -0.0355164 -0.0339968 -0.0335988 -0.0344049 -0.0363067 -0.0391618 -0.0426814 -0.0465792 -0.0505687 -0.0543253 -0.0576444 -0.0603026 
0 0.00482781 0.00957669 0.0141315 0.0184137 0.0222334 0.0253868 0.0276272 0.0287095 0.0284801 0.0268063 0.0236702 0.0191422 0.0134211 0.00682488 -0.000272615 -0.00747163 -0.0143815 -0.0206227 -0.0259037 -0.0300158 -0.0329126 -0.0346159 -0.0352103 -0.0348856 -0.0338355 -0.0323497 -0.0306385 -0.0288794 -0.0272588 -0.0258844 -0.0248602 -0.0241984 -0.0238919 -0.0239458 -0.0243474 -0.0250291 -0.0259534 -0.0270893 -0.0283952 -0.0298649 -0.0314174 -0.0330612 -0.0347972 -0.0365794 -0.0384018 -0.0402641 -0.0421602 -0.0440793 -0.0460084 -0.0479179 -0.0498356 -0.0517116 -0.0535143 -0.0552563 -0.0569091 -0.0584274 -0.0597979 -0.0610118 -0.0620169 -0.0628099 -0.0633624 -0.0636641 -0.0636965 -0.0634489 -0.0629009 -0.0620721 -0.0609619 -0.0595648 -0.057922 -0.0560511 -0.0539574 -0.0516728 -0.0492633 -0.0467295 -0.044111 -0.0414513 -0.0387853 -0.0361114 -0.0334948 -0.0309672 -0.0285347 -0.0261989 -0.024009 -0.0219784 -0.0201078 -0.0183905 -0.0168346 -0.0154459 -0.014219 -0.0131307 -0.0121733 -0.0113493 -0.0106367 -0.0100208 -0.00949457 -0.00904743 -0.00866008 -0.00833165 -0.00804291 -0.00778504 -0.00754795 -0.00732264 -0.00709071 -0.00685313 -0.00659011 -0.00629116 -0.00595239 -0.00556487 -0.00510345 -0.00456507 -0.00394479 -0.00322764 -0.00239585 -0.00143171 -0.000336253 0.000887045 0.00225769 0.00380712 0.00550302 0.00733003 0.00930391 0.0114361 0.0136726 0.0160138 0.0184511 0.0209533 0.0234735 0.0260327 0.0285837 0.0310764 0.0334917 0.035821 0.0380003 0.0400128 0.0418518 0.0434722 0.0448498 0.0459822 0.0468643 0.0474742 0.0478298 0.0479172 0.0477583 0.0473548 0.0467119 0.0458507 0.0448123 0.0435803 0.0421739 0.0406544 0.0390026 0.037239 0.035396 0.0334922 0.0315276 0.029516 0.0274411 0.0253322 0.0231689 0.0208945 0.0185349 0.0160463 0.0133878 0.0105088 0.0073684 0.00393582 0.000171497 -0.00398697 -0.00854706 -0.0134666 -0.0187433 -0.0242841 -0.029992 -0.0356756 -0.0411024 -0.0460772 -0.0503376 -0.0536549 -0.0558167 -0.0567064 -0.0563114 -0.054703 -0.0520356 -0.0485721 -0.0446838 -0.0407619 -0.0372206 -0.0343741 -0.0325042 -0.0318003 -0.0323122 -0.034014 -0.0366848 -0.0400893 -0.0439202 -0.0478487 -0.0516143 -0.054912 -0.0575822 
0 0.00458266 0.00904935 0.0132994 0.0172037 0.020599 0.0232663 0.024948 0.0254328 0.024548 0.0222024 0.0183899 0.0131883 0.00682488 -0.00038511 -0.00805535 -0.0157709 -0.0231396 -0.0297716 -0.035349 -0.0396887 -0.0427054 -0.044436 -0.0449866 -0.0444967 -0.0432376 -0.0414414 -0.0393568 -0.0372008 -0.0351054 -0.0332661 -0.0317351 -0.0305599 -0.0297517 -0.0292925 -0.0291884 -0.0293808 -0.0298284 -0.0304891 -0.0313581 -0.0323648 -0.0334995 -0.034731 -0.0360524 -0.0374605 -0.0389179 -0.0404402 -0.042014 -0.0436523 -0.0453027 -0.0470121 -0.0487442 -0.0504883 -0.0522371 -0.0539595 -0.05564 -0.0572565 -0.0587801 -0.0601727 -0.0614598 -0.0625477 -0.0634533 -0.0641423 -0.0645918 -0.0647664 -0.0646935 -0.0643273 -0.0636678 -0.0627219 -0.0614862 -0.0599771 -0.0582113 -0.0562363 -0.0540406 -0.0516772 -0.0491704 -0.0465761 -0.0438897 -0.0412026 -0.0385012 -0.0358224 -0.0331914 -0.0306854 -0.0282708 -0.0259855 -0.0238315 -0.0218572 -0.0200434 -0.0183988 -0.0169024 -0.0155859 -0.0144181 -0.0133919 -0.0124904 -0.0117166 -0.0110375 -0.0104544 -0.00994591 -0.00950127 -0.00910264 -0.00874861 -0.00841156 -0.00808866 -0.00776384 -0.00742667 -0.00705721 -0.00665919 -0.00619965 -0.00567541 -0.00507502 -0.00439387 -0.00358928 -0.00267267 -0.00162387 -0.000452936 0.000882235 0.0023757 0.00403381 0.00580825 0.00775637 0.00985204 0.0120805 0.0143953 0.0168306 0.0193196 0.0218713 0.0244402 0.0270198 0.0295411 0.0320031 0.0343634 0.0366039 0.0386724 0.0405609 0.0422339 0.0436541 0.0448426 0.0457663 0.0464181 0.0468022 0.0469385 0.0467766 0.0463959 0.0457738 0.0449326 0.0438884 0.0426767 0.0412918 0.0397731 0.0381359 0.0363998 0.0346094 0.0327416 0.0308431 0.0289112 0.0269703 0.0249832 0.0229891 0.0209688 0.0188977 0.0167602 0.0145157 0.012154 0.00961525 0.0068509 0.00380739 0.000480718 -0.00321982 -0.00730973 -0.011809 -0.0167145 -0.0219449 -0.0274826 -0.0331579 -0.038788 -0.044157 -0.0490097 -0.0531252 -0.0562437 -0.0581574 -0.058761 -0.0580332 -0.0560443 -0.0529707 -0.0490656 -0.0447167 -0.0403407 -0.0363215 -0.03302 -0.0306886 -0.0295355 -0.029642 -0.0309449 -0.033287 -0.0363888 -0.0399595 -0.0436864 -0.047255 -0.0504159 -0.0529511 
0 0.0042652 0.00840225 0.0122605 0.0157385 0.0186339 0.0207469 0.0218272 0.0216537 0.0200963 0.0170559 0.012564 0.00670984 -0.000272615 -0.00805535 -0.0162527 -0.0244394 -0.0322168 -0.0391781 -0.0450235 -0.0495373 -0.0526531 -0.0543996 -0.0548678 -0.0542442 -0.0527468 -0.0506539 -0.0482057 -0.045622 -0.043086 -0.0407587 -0.0387334 -0.0370618 -0.035761 -0.0348128 -0.0342325 -0.0339435 -0.0339312 -0.0341533 -0.0345671 -0.0351663 -0.0358907 -0.0367334 -0.0376835 -0.0387152 -0.0398187 -0.041007 -0.042251 -0.0435798 -0.0449726 -0.0464216 -0.047941 -0.0494998 -0.0511004 -0.052727 -0.0543648 -0.0559896 -0.0575866 -0.0591136 -0.0605569 -0.0618757 -0.0630608 -0.0640715 -0.064883 -0.0654848 -0.0658315 -0.0659037 -0.0657119 -0.065229 -0.0644418 -0.0633825 -0.062025 -0.0603895 -0.0585107 -0.0564148 -0.0541195 -0.0516717 -0.0490881 -0.0464194 -0.0436916 -0.0409543 -0.0382408 -0.0355609 -0.0329359 -0.0304416 -0.0280726 -0.0258226 -0.0237318 -0.0218195 -0.020064 -0.0184841 -0.0170715 -0.0158076 -0.0146966 -0.0137273 -0.012865 -0.0121112 -0.0114544 -0.0108625 -0.010328 -0.00984597 -0.00938319 -0.0089323 -0.00848976 -0.0080248 -0.00752241 -0.00698546 -0.00638225 -0.00569681 -0.00492603 -0.00404217 -0.00303024 -0.00190349 -0.000619812 0.000834317 0.00242604 0.0041609 0.00607514 0.00813441 0.010324 0.0126295 0.0150381 0.0175316 0.020094 0.0226757 0.0252692 0.0278266 0.0303214 0.0327343 0.0350262 0.0371426 0.0390856 0.0408051 0.0422829 0.0435205 0.0444926 0.0451817 0.0456012 0.0457441 0.0456179 0.0452429 0.0446241 0.0437894 0.0427371 0.041505 0.0401087 0.0385724 0.0369248 0.0351942 0.0333802 0.0315333 0.0296456 0.0277318 0.0258269 0.0239112 0.0220075 0.0201047 0.0181893 0.0162599 0.0142963 0.0122468 0.0101191 0.0078508 0.00540455 0.00273481 -0.000228276 -0.00349787 -0.00714978 -0.01121 -0.0156941 -0.0205762 -0.025812 -0.0313171 -0.0369508 -0.0425136 -0.0477648 -0.0524773 -0.0563828 -0.0592515 -0.0608668 -0.0611235 -0.0600053 -0.0575829 -0.05404 -0.0496401 -0.0447823 -0.0398675 -0.0353143 -0.0314535 -0.0285607 -0.026852 -0.0263899 -0.0271689 -0.0289932 -0.0316293 -0.0347809 -0.0381163 -0.0413675 -0.044227 -0.046523 
0 0.00393207 0.00771224 0.0111685 0.0141859 0.0165556 0.0180832 0.0185286 0.0176837 0.0154384 0.01171 0.00655613 8.19389e-05 -0.00747163 -0.0157709 -0.0244394 -0.0330388 -0.0411698 -0.0484264 -0.0545022 -0.0591872 -0.0623954 -0.064156 -0.0645611 -0.0637965 -0.0620897 -0.0597104 -0.0569151 -0.0539413 -0.0509829 -0.0482089 -0.045719 -0.0435781 -0.041817 -0.0404181 -0.0393909 -0.0386739 -0.0382512 -0.038077 -0.0381021 -0.0383144 -0.0386663 -0.0391465 -0.0397363 -0.0404194 -0.0411954 -0.0420646 -0.0429982 -0.0440242 -0.0451265 -0.0463068 -0.0475714 -0.0489027 -0.05032 -0.0517955 -0.0533116 -0.0548674 -0.0564446 -0.058002 -0.0595382 -0.0610086 -0.0623977 -0.0636588 -0.0647616 -0.0657008 -0.0664327 -0.0669222 -0.0671744 -0.067154 -0.066829 -0.0662219 -0.0653151 -0.0641164 -0.0626297 -0.0608754 -0.058876 -0.0566632 -0.0542561 -0.051724 -0.0490703 -0.0463279 -0.0435611 -0.0408009 -0.0380508 -0.0353793 -0.0327932 -0.0303074 -0.0279711 -0.0257934 -0.023754 -0.0218973 -0.0202199 -0.0186953 -0.0173342 -0.0161333 -0.0150531 -0.0140963 -0.0132509 -0.0124794 -0.0117747 -0.0111318 -0.0105105 -0.00990303 -0.00930511 -0.00868025 -0.00801341 -0.00730698 -0.00651762 -0.00563164 -0.00465502 -0.00355041 -0.00229221 -0.000907287 0.000634364 0.00234544 0.00420162 0.00620875 0.00837597 0.010646 0.0130313 0.0155272 0.0180826 0.0206663 0.0232812 0.0258662 0.0284042 0.0308601 0.033198 0.0353763 0.0373692 0.0391447 0.0407003 0.0419851 0.0429977 0.0437436 0.0441949 0.0443606 0.0442692 0.0439094 0.043294 0.0424512 0.0413874 0.0401421 0.0387174 0.0371567 0.0354872 0.0337175 0.0318721 0.0299943 0.0280773 0.0261581 0.0242412 0.022335 0.0204604 0.0185916 0.0167457 0.0149164 0.0130853 0.0112415 0.00936877 0.00742215 0.00538983 0.00320549 0.000833568 -0.00177302 -0.00468335 -0.00792058 -0.0115537 -0.0155993 -0.0200736 -0.0249543 -0.0301826 -0.0356634 -0.0412415 -0.0467098 -0.0518274 -0.0563452 -0.0599989 -0.0625592 -0.0638174 -0.0636778 -0.0621164 -0.0592154 -0.0551618 -0.0502283 -0.0448157 -0.0393172 -0.0341552 -0.0296613 -0.0261143 -0.023735 -0.0225944 -0.0227 -0.0238745 -0.0258962 -0.0284789 -0.031298 -0.0340865 -0.0365445 -0.038499 
0 0.00362005 0.00705766 0.0101359 0.0127002 0.0145555 0.0155033 0.0153187 0.0138208 0.0109042 0.00651926 0.000738219 -0.00631085 -0.0143815 -0.0231396 -0.0322168 -0.0411698 -0.0495961 -0.0571045 -0.0633711 -0.0682118 -0.0715109 -0.0732976 -0.0736779 -0.0728105 -0.0709568 -0.0683493 -0.0652644 -0.0619606 -0.0586263 -0.0554588 -0.0525516 -0.0499922 -0.0478234 -0.0460331 -0.0446105 -0.0435203 -0.0427361 -0.0422067 -0.0418981 -0.0417642 -0.0417976 -0.0419653 -0.0422375 -0.0426101 -0.0430836 -0.0436508 -0.0442899 -0.0450308 -0.0458501 -0.046776 -0.0477785 -0.0488633 -0.0500593 -0.0513345 -0.0526737 -0.0540991 -0.0555896 -0.0570958 -0.0586369 -0.0601573 -0.0616562 -0.0630806 -0.0644069 -0.0656121 -0.0666656 -0.0675095 -0.0681506 -0.0685587 -0.06869 -0.068545 -0.0681059 -0.0673738 -0.066322 -0.0649819 -0.0633644 -0.0614849 -0.0593423 -0.0570282 -0.0545298 -0.0518866 -0.0491564 -0.0463842 -0.0435614 -0.0407757 -0.0380324 -0.0353575 -0.0327933 -0.0303656 -0.0280572 -0.025924 -0.0239616 -0.0221541 -0.0205143 -0.0190473 -0.0177116 -0.0165125 -0.0154363 -0.014448 -0.0135352 -0.0126915 -0.0118741 -0.0110746 -0.0102819 -0.00945894 -0.00858721 -0.00766856 -0.00665441 -0.00553251 -0.00430478 -0.00294206 -0.00141719 0.000238399 0.0020574 0.00403354 0.00614369 0.0083862 0.0107736 0.0132274 0.015769 0.0183789 0.0210035 0.0235988 0.0261901 0.028687 0.0310682 0.0333039 0.0353745 0.0372161 0.0388254 0.0401784 0.041266 0.0420468 0.0425478 0.0427768 0.0427009 0.0423546 0.0417607 0.0409172 0.0398405 0.0385821 0.0371334 0.0355537 0.0338327 0.0320193 0.0301473 0.0282214 0.0262555 0.0243058 0.0223608 0.0204201 0.0185208 0.0166495 0.0148245 0.0130196 0.0112525 0.00950728 0.0077736 0.006017 0.00422225 0.00237057 0.000405986 -0.00171106 -0.00402704 -0.00658766 -0.00946039 -0.0126812 -0.0163129 -0.0203574 -0.0248271 -0.0297117 -0.034912 -0.040347 -0.0458294 -0.0511564 -0.0560983 -0.0603678 -0.0637289 -0.0659366 -0.0668016 -0.066232 -0.0641944 -0.060786 -0.0561948 -0.0507035 -0.0447047 -0.0385937 -0.0327761 -0.0276001 -0.0233362 -0.0202039 -0.0182989 -0.0176161 -0.0180303 -0.019317 -0.02121 -0.0234104 -0.0256291 -0.0276113 -0.0291572 
0 0.00335018 0.0064996 0.00923667 0.0113998 0.0127787 0.0131832 0.0124141 0.0103031 0.00676887 0.00178567 -0.00456028 -0.0121139 -0.0206227 -0.0297716 -0.0391781 -0.0484264 -0.0571045 -0.0648136 -0.0712732 -0.0762503 -0.0796638 -0.0815157 -0.0818893 -0.0810023 -0.07904 -0.0762857 -0.0729962 -0.0694222 -0.0658138 -0.0623175 -0.0590712 -0.0561646 -0.0536511 -0.0515229 -0.0497788 -0.0483664 -0.0472789 -0.0464758 -0.0458672 -0.0454715 -0.045229 -0.04513 -0.0451431 -0.0452454 -0.0454524 -0.0457611 -0.0461394 -0.0465987 -0.0471793 -0.047834 -0.0485902 -0.0494375 -0.0503985 -0.0514554 -0.0526037 -0.0538437 -0.0551795 -0.0565924 -0.0580382 -0.0595412 -0.0610654 -0.0625674 -0.0640119 -0.0654236 -0.066704 -0.0678357 -0.0688158 -0.069599 -0.0701317 -0.0704286 -0.0704561 -0.0701752 -0.0695973 -0.0687151 -0.0675339 -0.0660397 -0.064277 -0.0622549 -0.060001 -0.0575427 -0.0549646 -0.0522411 -0.0494268 -0.0465917 -0.0437736 -0.0409476 -0.0382015 -0.035551 -0.0330125 -0.0306018 -0.0283546 -0.0262481 -0.0243162 -0.0225439 -0.0209213 -0.0194351 -0.0180889 -0.0168359 -0.0156761 -0.0145824 -0.0135304 -0.012491 -0.0114623 -0.0103933 -0.00927761 -0.00809205 -0.00681544 -0.00541769 -0.00391045 -0.0022478 -0.000447181 0.00148746 0.00356864 0.005815 0.00814663 0.0105863 0.0131295 0.0157407 0.018359 0.0210013 0.0236025 0.0261462 0.0285834 0.0308895 0.0330096 0.0349302 0.0366087 0.0380414 0.0391872 0.0400421 0.040614 0.0408775 0.0408446 0.0405459 0.0399774 0.0391275 0.0380748 0.0368057 0.0353411 0.033716 0.0319902 0.0301392 0.0282103 0.026244 0.0242555 0.0222444 0.0202458 0.018282 0.0163404 0.0144484 0.01258 0.0107832 0.00903219 0.00730745 0.00562045 0.00397949 0.00232721 0.000656503 -0.00104552 -0.00283467 -0.00471612 -0.00678805 -0.00906089 -0.0115824 -0.014428 -0.0176416 -0.0212558 -0.025289 -0.0297449 -0.0345855 -0.039758 -0.0450932 -0.0504518 -0.0556127 -0.060315 -0.0643187 -0.0673266 -0.0691451 -0.0695859 -0.0685437 -0.0660125 -0.0620751 -0.0569371 -0.0508872 -0.0443009 -0.0375661 -0.0310912 -0.0252061 -0.0202008 -0.0162845 -0.0135509 -0.0120373 -0.011607 -0.012088 -0.0132189 -0.0147042 -0.0163007 -0.0177242 -0.0188207 
