0 0 0 0 0 0 0 0 0 0 0 0 0 0 0 0 0 0 0 0 0 0 0 0 0 0 0 0 0 0 0 0 0 0 0 0 0 0 0 0 0 0 0 0 0 0 0 0 0 0 0 0 0 0 0 0 0 0 0 0 0 0 0 0 0 0 0 0 0 0 0 0 0 0 0 0 0 0 0 0 0 0 0 0 0 0 0 0 0 0 0 0 0 0 0 0 0 0 0 0 0 0 0 0 0 0 0 0 0 0 0 0 0 0 0 0 0 0 0 0 0 0 0 0 0 0 0 0 0 0 0 0 0 0 0 0 0 0 0 0 0 0 0 0 0 0 0 0 0 0 0 0 0 0 0 0 0 0 0 0 0 0 0 0 0 0 0 0 0 0 0 0 0 0 0 0 0 0 0 0 0 0 0 0 0 0 0 0 0 0 0 0 0 0 0 0 0 0 0 0 
0 0.000471076 0.000954276 0.00146088 0.00198601 0.00253015 0.00307336 0.00359335 0.00406358 0.00444526 0.00472844 0.0048859 0.00491413 0.00481469 0.00459187 0.00430094 0.00396728 0.00364245 0.0033523 0.00310967 0.002958 0.00288968 0.00291611 0.00301343 0.00315675 0.00333782 0.00351662 0.00366692 0.00375594 0.00377268 0.00370507 0.00354479 0.00327858 0.00290912 0.00245701 0.00191139 0.00128795 0.000594509 -0.000155879 -0.000937519 -0.00175689 -0.00259634 -0.00342325 -0.00423771 -0.00502758 -0.00576943 -0.00646361 -0.00708691 -0.00764144 -0.00813472 -0.00853034 -0.00884475 -0.00908379 -0.00922741 -0.00928422 -0.00926429 -0.00916539 -0.00899423 -0.00875423 -0.00844921 -0.00809923 -0.0076986 -0.0072649 -0.00680984 -0.0063463 -0.00586907 -0.00539145 -0.00493193 -0.00448747 -0.00405498 -0.00365984 -0.00329687 -0.0029399 -0.00262315 -0.00234332 -0.00208123 -0.00184401 -0.00164781 -0.00145827 -0.00128986 -0.00115025 -0.0010386 -0.000929881 -0.000834844 -0.000758808 -0.000705705 -0.000651845 -0.000608344 -0.000575291 -0.000550194 -0.000529971 -0.000517344 -0.00050031 -0.000492256 -0.000490043 -0.000481808 -0.000475735 -0.000478775 -0.000473677 -0.00046997 -0.000473842 -0.000471173 -0.000466876 -0.000472259 -0.000470604 -0.000466322 -0.00046938 -0.000470474 -0.000466123 -0.000467145 -0.000462272 -0.000458741 -0.000457662 -0.000449039 -0.000428422 -0.000417989 -0.000403636 -0.00037598 -0.000330204 -0.000290582 -0.000245144 -0.00018041 -9.43068e-05 -1.2286e-05 9.70633e-05 0.000225055 0.000358374 0.000512977 0.000708935 0.00091163 0.00113759 0.0014002 0.00168619 0.00199558 0.00234408 0.00272578 0.00312536 0.00355023 0.00400284 0.00447307 0.00494552 0.00543632 0.0059209 0.00638983 0.00684266 0.00726736 0.00765903 0.00801324 0.00830821 0.00855488 0.00874718 0.00885288 0.00889797 0.00887417 0.00876414 0.00857873 0.00831154 0.00796399 0.00753957 0.00702625 0.00643767 0.00578908 0.00506411 0.00427681 0.00343828 0.00255132 0.00162625 0.000657977 -0.000335287 -0.00134197 -0.00235649 -0.00337767 -0.00438368 -0.00535251 -0.00627238 -0.0071114 -0.00785984 -0.00846865 -0.00891835 -0.00920545 -0.00931133 -0.00925668 -0.00903529 -0.00868264 -0.00824218 -0.00774668 -0.00724867 -0.00678105 -0.0063912 -0.00611312 -0.00595403 -0.00590554 -0.00594765 -0.00605835 -0.00622239 -0.00641296 -0.00659591 -0.00674726 -0.00684046 -0.00687731 
0 0.000954276 0.00193436 0.00295329 0.00401466 0.00510459 0.00619126 0.00723197 0.00815801 0.00891971 0.0094659 0.00976516 0.00980968 0.00957797 0.00912944 0.00851469 0.00782971 0.00716515 0.00654163 0.00605492 0.00570813 0.00555354 0.00559053 0.00574614 0.00603675 0.00636697 0.00671512 0.00700626 0.00716427 0.00719332 0.00705116 0.00672628 0.00620211 0.00548923 0.00459363 0.00355522 0.00233647 0.000991517 -0.00044547 -0.00197863 -0.00354615 -0.00516851 -0.00676517 -0.00833468 -0.00985472 -0.011311 -0.0126547 -0.0138767 -0.0149829 -0.0159297 -0.0167254 -0.017346 -0.017822 -0.0181197 -0.0182657 -0.0182272 -0.0180598 -0.0177439 -0.0172721 -0.0167065 -0.0160456 -0.0152808 -0.0144475 -0.013588 -0.0126618 -0.0117449 -0.0108221 -0.00992645 -0.00904579 -0.00821067 -0.00740775 -0.00667093 -0.00597745 -0.0053518 -0.00477759 -0.00424734 -0.00377691 -0.00335588 -0.00298369 -0.0026608 -0.00237998 -0.00211054 -0.00190161 -0.00172647 -0.0015806 -0.0014355 -0.00133179 -0.00124749 -0.00119131 -0.0011181 -0.0010813 -0.00104947 -0.00102608 -0.000996514 -0.000997035 -0.000972998 -0.000969957 -0.000965678 -0.000963333 -0.000947953 -0.000962757 -0.000950145 -0.000950292 -0.000950416 -0.000954875 -0.00094075 -0.000956026 -0.000944837 -0.000941217 -0.000938793 -0.000945279 -0.000918731 -0.000910459 -0.000891533 -0.000879438 -0.000833763 -0.000784443 -0.00072505 -0.000671088 -0.000570753 -0.000457705 -0.000320398 -0.000168303 1.52711e-05 0.000230899 0.000487162 0.000773028 0.00110437 0.00147969 0.00188431 0.0023616 0.00288649 0.00346901 0.00410139 0.00479939 0.00553341 0.00634889 0.00718354 0.00807675 0.00900147 0.0099322 0.0108593 0.0118079 0.0127147 0.0135769 0.0144093 0.0151582 0.0158245 0.0163808 0.0168516 0.0171837 0.0173956 0.0174559 0.0173852 0.0171566 0.0167635 0.0162129 0.0155203 0.0146755 0.0136549 0.0125261 0.0112396 0.00984229 0.00831429 0.00667622 0.00497 0.00317143 0.00129784 -0.000624545 -0.0025771 -0.00456311 -0.0065427 -0.0085276 -0.0104268 -0.0122284 -0.0139014 -0.0153528 -0.0165716 -0.017454 -0.018016 -0.0182439 -0.0181231 -0.0177049 -0.0170113 -0.0161472 -0.0151844 -0.0142057 -0.0133001 -0.0125471 -0.0120178 -0.0117272 -0.0116602 -0.0117683 -0.0120209 -0.0123718 -0.0127722 -0.0131628 -0.0134739 -0.0136843 -0.0137727 
0 0.00146088 0.00295329 0.0045068 0.0061092 0.00775212 0.00938009 0.0109242 0.0123032 0.0134118 0.0142067 0.0146189 0.0146337 0.0142564 0.0135168 0.0125572 0.0114731 0.0104066 0.00943932 0.00862805 0.00807615 0.00778484 0.00777362 0.00797728 0.00833278 0.00879511 0.0092633 0.00965506 0.00987922 0.0099045 0.00969485 0.00922859 0.0084751 0.00744311 0.00618078 0.00467464 0.00295664 0.00105369 -0.000995917 -0.00313709 -0.00537159 -0.00766197 -0.00992904 -0.0121663 -0.0143454 -0.0164116 -0.0183535 -0.0201176 -0.0217051 -0.0231184 -0.0242814 -0.0252185 -0.0259425 -0.0264095 -0.0266353 -0.0266404 -0.0264286 -0.0260131 -0.0254014 -0.0246146 -0.023693 -0.0226293 -0.0214651 -0.0202329 -0.018957 -0.017638 -0.0163052 -0.015003 -0.0137289 -0.012483 -0.0113208 -0.0102373 -0.00918285 -0.00822862 -0.00737167 -0.00657226 -0.00584825 -0.00522878 -0.00464772 -0.00412995 -0.00369148 -0.00332559 -0.00298675 -0.00269013 -0.00244722 -0.00226077 -0.0020872 -0.00194479 -0.00183373 -0.00174332 -0.00167318 -0.00162381 -0.00157014 -0.0015379 -0.00152361 -0.00149694 -0.00147847 -0.00148017 -0.00146632 -0.00145508 -0.00146267 -0.00145483 -0.0014449 -0.0014551 -0.00145098 -0.00143952 -0.00144561 -0.0014444 -0.00143129 -0.00142816 -0.00141264 -0.00139368 -0.00137865 -0.00134377 -0.00128176 -0.00123225 -0.00116931 -0.00107097 -0.000931388 -0.00079171 -0.000630363 -0.000417235 -0.000150708 0.000124856 0.000470931 0.000873593 0.00130526 0.00180397 0.00240727 0.00304695 0.00375897 0.00456922 0.00544829 0.00639561 0.00744151 0.00856764 0.00974392 0.0109763 0.0122703 0.0135987 0.014926 0.0162783 0.017609 0.0188865 0.0201074 0.0212472 0.0222876 0.0232126 0.0239759 0.0245971 0.0250535 0.0252808 0.0253252 0.0251727 0.0247843 0.024182 0.0233567 0.0223181 0.0210719 0.0195967 0.0179316 0.0161044 0.014088 0.0119083 0.00959152 0.00714681 0.00459084 0.00191285 -0.000844492 -0.00365371 -0.0065025 -0.00937838 -0.0122304 -0.0149908 -0.0176202 -0.020036 -0.022187 -0.0239519 -0.025263 -0.0261024 -0.0264283 -0.0262803 -0.0256607 -0.0246637 -0.0234132 -0.0220151 -0.020614 -0.0193165 -0.018256 -0.0175269 -0.0171527 -0.0171077 -0.0173316 -0.0177617 -0.0183431 -0.0189971 -0.0196258 -0.0201508 -0.0205065 -0.02069 
0 0.00198601 0.00401466 0.0061092 0.00826818 0.0104597 0.0126204 0.0146595 0.0164532 0.0178945 0.0188891 0.0193736 0.0193246 0.0187307 0.0176832 0.0163071 0.0147771 0.0132632 0.0118541 0.0106907 0.00983034 0.00934198 0.00922568 0.00938447 0.00978996 0.0103148 0.0108779 0.0113529 0.0116171 0.0116438 0.0113761 0.0107857 0.00984777 0.00857701 0.00699831 0.00515385 0.00302296 0.000671918 -0.0018439 -0.00450515 -0.00724869 -0.0100713 -0.012873 -0.0156384 -0.018335 -0.0209293 -0.0233585 -0.0255933 -0.0276316 -0.0294218 -0.0309447 -0.0321784 -0.0331477 -0.0338112 -0.0341908 -0.0342628 -0.0340834 -0.0336396 -0.0329297 -0.0320253 -0.03094 -0.0296681 -0.0282581 -0.0267644 -0.0251615 -0.0235254 -0.0218598 -0.0202109 -0.0185733 -0.0169827 -0.0154481 -0.0140047 -0.0126305 -0.0113663 -0.0101998 -0.0091178 -0.00814164 -0.00726778 -0.00648352 -0.00579169 -0.00518573 -0.00463372 -0.00417167 -0.00377707 -0.00344345 -0.00314052 -0.0028972 -0.00269814 -0.00254605 -0.00239413 -0.00229199 -0.00221019 -0.00214287 -0.00208196 -0.00205832 -0.00201436 -0.00199522 -0.00198309 -0.00197071 -0.0019492 -0.00196088 -0.00194498 -0.00194015 -0.00194078 -0.00194154 -0.00192339 -0.00193498 -0.00191906 -0.00190488 -0.00189287 -0.00188199 -0.00183371 -0.00179826 -0.00174457 -0.00168203 -0.00158012 -0.001462 -0.00131714 -0.00115576 -0.000934776 -0.000679023 -0.000372389 -2.15386e-05 0.000384954 0.000861962 0.00141749 0.00203764 0.00274637 0.00354996 0.00442405 0.00541493 0.00650538 0.00769377 0.00896922 0.0103483 0.011797 0.0133428 0.0149257 0.0165767 0.0182579 0.0199299 0.0215858 0.023234 0.0248004 0.0262758 0.0276646 0.0289042 0.0299822 0.0308623 0.0315632 0.0320267 0.0322502 0.0322129 0.0319308 0.0313692 0.030526 0.0294148 0.0280562 0.0264433 0.0245577 0.0224739 0.0201588 0.0176484 0.0149309 0.0120349 0.00900225 0.00581037 0.00247322 -0.000971561 -0.00449621 -0.00809519 -0.011723 -0.0153582 -0.0188795 -0.0222384 -0.0253582 -0.0281032 -0.030394 -0.0320884 -0.0331736 -0.0336221 -0.0334278 -0.0326575 -0.0313883 -0.0297938 -0.0280245 -0.0262445 -0.0246224 -0.0233139 -0.0224441 -0.0220468 -0.0220875 -0.0224849 -0.0231628 -0.0240332 -0.0249938 -0.025925 -0.0267057 -0.0272721 -0.0275959 
0 0.00253015 0.00510459 0.00775212 0.0104597 0.0131908 0.0158622 0.0183572 0.020536 0.0222538 0.0234064 0.0239096 0.0237302 0.0228802 0.0214473 0.0196115 0.0175704 0.0155302 0.0136375 0.0120263 0.0108119 0.010049 0.00974228 0.00980918 0.0101694 0.0107145 0.0113166 0.0118364 0.0121434 0.0121788 0.0118862 0.0112287 0.0101758 0.00873945 0.00696198 0.00486186 0.00245919 -0.000196861 -0.00304814 -0.00604769 -0.00916283 -0.0123567 -0.0155459 -0.0187017 -0.0217918 -0.0247644 -0.0275751 -0.0301778 -0.032562 -0.0346965 -0.0365291 -0.0380524 -0.0392725 -0.0401537 -0.0406995 -0.0409175 -0.0408291 -0.0404387 -0.0397526 -0.0388146 -0.037653 -0.0362743 -0.0347219 -0.0330414 -0.031247 -0.0293703 -0.0274407 -0.0255038 -0.0235698 -0.0216601 -0.0198174 -0.0180555 -0.0163579 -0.0147734 -0.0133091 -0.0119445 -0.0106988 -0.00958248 -0.0085655 -0.00765435 -0.00685746 -0.00615796 -0.00554111 -0.00500185 -0.00454446 -0.00415616 -0.00382214 -0.00354245 -0.00331485 -0.00311902 -0.00296696 -0.00284682 -0.00274205 -0.00266228 -0.00261148 -0.00255768 -0.00252091 -0.00250189 -0.00247885 -0.00245842 -0.00245789 -0.00244459 -0.00243354 -0.00243476 -0.002428 -0.00241181 -0.00241036 -0.00239567 -0.00237068 -0.00234662 -0.00231133 -0.00225586 -0.00219589 -0.00211003 -0.00199581 -0.00186188 -0.00170054 -0.0014924 -0.00123896 -0.000944441 -0.000602203 -0.000187911 0.000296651 0.000843037 0.00148298 0.00221704 0.00303007 0.00395405 0.00500424 0.0061456 0.00740287 0.0087848 0.0102697 0.0118516 0.0135428 0.015318 0.017159 0.0190454 0.0209798 0.0229277 0.0248529 0.0267535 0.0286036 0.0303512 0.0319823 0.0334796 0.0348069 0.0359361 0.0368344 0.0375061 0.0379145 0.038026 0.0378533 0.037397 0.0366282 0.0355563 0.0341895 0.0325455 0.0306234 0.0284171 0.0259734 0.023302 0.020401 0.0172794 0.0139641 0.010473 0.00680396 0.00295583 -0.00103227 -0.00513086 -0.00932536 -0.0135824 -0.0178441 -0.0220057 -0.0259902 -0.02969 -0.0329778 -0.0357091 -0.037758 -0.0390751 -0.0396222 -0.0394147 -0.0385024 -0.0370102 -0.035125 -0.0330364 -0.0309529 -0.029071 -0.027587 -0.0266421 -0.0262809 -0.0264632 -0.0270956 -0.0280778 -0.0293004 -0.0306316 -0.0319218 -0.0330339 -0.033875 -0.034413 
0 0.00307336 0.00619126 0.00938009 0.0126204 0.0158622 0.0190048 0.0219074 0.0244108 0.026345 0.0275864 0.0280394 0.0276633 0.0264892 0.0246177 0.0222624 0.0196548 0.0170291 0.0145844 0.0124663 0.0108245 0.00971901 0.00915369 0.00906221 0.00932914 0.00984809 0.0104589 0.0110074 0.0113569 0.0114181 0.0111351 0.0104605 0.00936667 0.00786186 0.00599034 0.00376384 0.00122217 -0.00159488 -0.00462838 -0.00781854 -0.0111433 -0.0145432 -0.0179574 -0.0213422 -0.0246679 -0.0278801 -0.0309389 -0.0337978 -0.0364339 -0.0388237 -0.0409096 -0.0426873 -0.0441456 -0.0452627 -0.0460218 -0.0464413 -0.0465199 -0.0462679 -0.0456976 -0.044835 -0.0437117 -0.0423418 -0.0407612 -0.0390046 -0.0371105 -0.0350919 -0.0329961 -0.0308572 -0.0286997 -0.0265403 -0.0244312 -0.0223826 -0.0204015 -0.0185233 -0.0167648 -0.0151163 -0.0135933 -0.0122119 -0.010951 -0.00981328 -0.00880188 -0.0079131 -0.00712126 -0.00643 -0.00583231 -0.00532357 -0.00487965 -0.00450807 -0.00419412 -0.00393385 -0.00371744 -0.003546 -0.00339882 -0.003288 -0.00320091 -0.00313035 -0.00307365 -0.00303925 -0.0030044 -0.00298105 -0.00296592 -0.00295235 -0.00293599 -0.00293119 -0.00291692 -0.00290093 -0.00288354 -0.00286126 -0.0028227 -0.00278131 -0.0027191 -0.00264098 -0.00254213 -0.00241834 -0.00225352 -0.0020634 -0.00183181 -0.00154929 -0.00120476 -0.000811615 -0.00034889 0.00019646 0.000828648 0.00154196 0.00236708 0.00330313 0.00434348 0.00550864 0.00680866 0.00822299 0.00975686 0.0114238 0.013195 0.0150637 0.0170267 0.0190706 0.0211559 0.0232813 0.0254249 0.0275568 0.0296421 0.0316748 0.0336158 0.0354314 0.0370989 0.0385906 0.0398839 0.0409408 0.0417425 0.0422787 0.042533 0.0424669 0.0421028 0.0414332 0.0404439 0.0391432 0.0375438 0.0356608 0.0334951 0.0310553 0.0283609 0.025442 0.0222791 0.0188889 0.0152926 0.0114957 0.00750291 0.00330871 -0.00105609 -0.00556611 -0.0102002 -0.014933 -0.0196827 -0.0243568 -0.0288496 -0.0330313 -0.0367664 -0.0398705 -0.0422219 -0.0437367 -0.0443744 -0.044155 -0.0431298 -0.0414538 -0.0393269 -0.0369777 -0.0346488 -0.0325722 -0.0309746 -0.030013 -0.0297436 -0.0301226 -0.0310475 -0.0323942 -0.0340297 -0.0357923 -0.0375035 -0.0390068 -0.0401859 -0.0409977 
0 0.00359335 0.00723197 0.0109242 0.0146595 0.0183572 0.0219074 0.0251515 0.0278951 0.0299732 0.0312164 0.0315391 0.0308965 0.0293177 0.0269618 0.0240238 0.0208017 0.0175488 0.0144883 0.0118357 0.00970623 0.00821549 0.00735092 0.0070438 0.00719729 0.00764958 0.00825343 0.00882746 0.00922546 0.00934187 0.00911216 0.00847624 0.00741787 0.00594692 0.00407452 0.001859 -0.000696526 -0.00353123 -0.00658311 -0.00982371 -0.0131877 -0.0166345 -0.0201156 -0.0235742 -0.0269757 -0.0302948 -0.0334582 -0.0364524 -0.0392468 -0.0417866 -0.0440689 -0.0460531 -0.0477236 -0.0490722 -0.0500805 -0.050731 -0.0510465 -0.0510154 -0.0506425 -0.0499647 -0.0489908 -0.0477407 -0.0462438 -0.0445411 -0.0426397 -0.0405947 -0.0384374 -0.0361923 -0.0338892 -0.0315755 -0.0292579 -0.0269723 -0.0247626 -0.0226301 -0.0205907 -0.0186714 -0.016883 -0.0152162 -0.013701 -0.0123277 -0.0110873 -0.00996219 -0.00897859 -0.00811855 -0.0073647 -0.00669233 -0.0061254 -0.00564229 -0.00523233 -0.00487776 -0.00458824 -0.00434598 -0.00415328 -0.00399074 -0.00386325 -0.0037615 -0.00368558 -0.00362091 -0.00357651 -0.00353925 -0.00351171 -0.00348797 -0.00347094 -0.00344782 -0.00342908 -0.00340358 -0.0033728 -0.00332733 -0.00327401 -0.00320129 -0.00311486 -0.0029921 -0.00284228 -0.00266348 -0.00245297 -0.00217588 -0.00184976 -0.00147158 -0.00103681 -0.000506486 0.000108581 0.000811467 0.00160658 0.00252954 0.00356281 0.00472114 0.00601799 0.00744861 0.00899571 0.0106831 0.0125007 0.0144247 0.0164575 0.0185801 0.0207689 0.0230067 0.0252874 0.0275666 0.0298323 0.0320542 0.0342032 0.0362418 0.0381662 0.0399289 0.0414987 0.0428714 0.044004 0.0448702 0.0454696 0.0457835 0.0457865 0.0454992 0.0448915 0.0439806 0.0427741 0.0412551 0.039457 0.0373911 0.035051 0.0324558 0.029627 0.0265534 0.0232615 0.0197366 0.0159903 0.0120447 0.00787091 0.00348767 -0.00109802 -0.00586644 -0.010798 -0.0158509 -0.0209606 -0.0260161 -0.0308936 -0.0354669 -0.0395376 -0.0429535 -0.0455445 -0.0472127 -0.0479311 -0.0476798 -0.0465664 -0.0447297 -0.042399 -0.0398421 -0.0373147 -0.0351048 -0.0334466 -0.0325177 -0.0323845 -0.0330021 -0.0342606 -0.0360155 -0.0381021 -0.0403337 -0.0425108 -0.0444461 -0.0460172 -0.0471508 
0 0.00406358 0.00815801 0.0123032 0.0164532 0.020536 0.0244108 0.0278951 0.0308001 0.0329089 0.0340748 0.0341795 0.0331791 0.0311533 0.0282281 0.0246829 0.0207999 0.0168689 0.0131923 0.00994228 0.00733172 0.00542585 0.00423152 0.00372093 0.00371943 0.00412071 0.00471217 0.00531811 0.00579963 0.00600885 0.00588135 0.00535817 0.00441508 0.00305192 0.00130879 -0.000817893 -0.00324678 -0.00596074 -0.00891184 -0.0120248 -0.0152961 -0.0186359 -0.0220333 -0.0254229 -0.0287803 -0.0320457 -0.0352061 -0.0382208 -0.041045 -0.0436813 -0.0460726 -0.0482156 -0.0500683 -0.0516338 -0.0528613 -0.0537923 -0.0543695 -0.0546124 -0.0545402 -0.0541228 -0.0533861 -0.0523643 -0.0510676 -0.049502 -0.0477497 -0.045779 -0.043659 -0.0414023 -0.0390655 -0.0366538 -0.0342326 -0.0317997 -0.0294007 -0.0270446 -0.0247793 -0.0226168 -0.0205631 -0.0186467 -0.0168641 -0.0152162 -0.0137168 -0.0123909 -0.0111784 -0.0100981 -0.00914082 -0.00832817 -0.00760497 -0.00698071 -0.00643036 -0.00599245 -0.00560153 -0.00527968 -0.00500691 -0.00479827 -0.00460586 -0.0044751 -0.00435426 -0.00426607 -0.00419135 -0.00414808 -0.00408795 -0.004062 -0.00402484 -0.00399426 -0.00395153 -0.00392123 -0.00385294 -0.00379709 -0.00370961 -0.00360087 -0.00345248 -0.00330193 -0.0030883 -0.00283677 -0.00251967 -0.00217214 -0.00174952 -0.0012483 -0.000641666 2.27125e-05 0.000797576 0.00168967 0.00270955 0.00384753 0.00512571 0.00653546 0.00808269 0.00977033 0.0115939 0.0135523 0.0156028 0.0177685 0.0200114 0.0223263 0.02468 0.027078 0.0294372 0.0317947 0.0340816 0.0362817 0.0383749 0.0403382 0.0421064 0.0436933 0.0450638 0.0461723 0.0470441 0.047632 0.0479455 0.0479542 0.0476838 0.0470977 0.0462378 0.0450824 0.0436522 0.0419584 0.040006 0.0378043 0.0353592 0.032702 0.0297963 0.0267041 0.0233766 0.0198401 0.0160932 0.0121063 0.00790034 0.00345475 -0.00122569 -0.00612709 -0.0112203 -0.016489 -0.0218191 -0.0271482 -0.0323163 -0.0371521 -0.0415063 -0.0451289 -0.0479081 -0.0496916 -0.0504286 -0.0501553 -0.0489247 -0.0469471 -0.0444383 -0.0416913 -0.0390185 -0.0367045 -0.0350276 -0.0341622 -0.034184 -0.0350586 -0.0366664 -0.038844 -0.0413988 -0.0441149 -0.046769 -0.0491624 -0.0511426 -0.0526268 
0 0.00444526 0.00891971 0.0134118 0.0178945 0.0222538 0.026345 0.0299732 0.0329089 0.0349637 0.0359375 0.0357336 0.0343153 0.0317499 0.0282442 0.0240347 0.0194727 0.0148661 0.0105223 0.00670869 0.00357821 0.00126368 -0.000241922 -0.000979673 -0.00108105 -0.000726672 -0.000104897 0.00058343 0.00118679 0.00154563 0.00158679 0.00123338 0.00048045 -0.00066794 -0.00222205 -0.00411706 -0.0063341 -0.00882108 -0.0115311 -0.0144346 -0.0174687 -0.0205787 -0.0237617 -0.0269536 -0.0301184 -0.033247 -0.0362785 -0.0392185 -0.0420157 -0.0446297 -0.047074 -0.0493068 -0.0512889 -0.0530306 -0.054502 -0.0556778 -0.0565488 -0.0571 -0.0573393 -0.0572557 -0.0568504 -0.056142 -0.0551369 -0.0538479 -0.0522947 -0.0505153 -0.0485492 -0.0463969 -0.0441052 -0.0417274 -0.0392549 -0.0367302 -0.0342331 -0.0317433 -0.0292823 -0.0269121 -0.0246353 -0.0224522 -0.0204169 -0.0185299 -0.0167766 -0.0151585 -0.0137053 -0.0124163 -0.0112568 -0.0102148 -0.00931483 -0.00853316 -0.0078496 -0.0072674 -0.00676461 -0.00633491 -0.00598928 -0.00569435 -0.0054386 -0.00524782 -0.00509057 -0.00495028 -0.00485197 -0.00477458 -0.00469395 -0.0046403 -0.00459266 -0.00452726 -0.00447018 -0.00441159 -0.00431828 -0.00421405 -0.0040939 -0.00393178 -0.00373888 -0.00350519 -0.00320987 -0.00287331 -0.00248233 -0.00199343 -0.00142209 -0.000781429 -4.37258e-05 0.000825594 0.00182066 0.00292754 0.00416288 0.00556055 0.00708696 0.00875014 0.010578 0.0125276 0.0145714 0.0167552 0.019036 0.0213739 0.0237829 0.026231 0.0286681 0.0310923 0.0334833 0.0358022 0.0380109 0.0400907 0.0420191 0.0437501 0.0452717 0.0465779 0.0476292 0.048422 0.0489402 0.0491735 0.0491409 0.0488165 0.0482097 0.0473594 0.046233 0.0448428 0.0432312 0.0413727 0.0393047 0.0370265 0.0345424 0.0318836 0.029028 0.0259698 0.0227276 0.0192786 0.015606 0.0117105 0.00755642 0.00316144 -0.00150584 -0.00643995 -0.0116114 -0.0169836 -0.0224717 -0.0279818 -0.0333438 -0.0383926 -0.0429041 -0.0466923 -0.0495757 -0.0514059 -0.0521467 -0.0517832 -0.0504475 -0.0483076 -0.0456178 -0.0427015 -0.0398722 -0.0374769 -0.0357782 -0.0349743 -0.0351478 -0.0362633 -0.0382066 -0.0407911 -0.0437963 -0.0469793 -0.0500993 -0.052934 -0.0553226 -0.0571526 
0 0.00472844 0.0094659 0.0142067 0.0188891 0.0234064 0.0275864 0.0312164 0.0340748 0.0359375 0.0366265 0.0360236 0.0341036 0.0309721 0.0268234 0.0219528 0.0167002 0.0114092 0.00643967 0.00204973 -0.00154846 -0.00425113 -0.00604697 -0.00696016 -0.00715613 -0.0067999 -0.00611394 -0.00529933 -0.0045109 -0.00392829 -0.00364585 -0.0037333 -0.00420845 -0.00507488 -0.00632776 -0.00793992 -0.00984441 -0.0120106 -0.0144039 -0.0169736 -0.0196846 -0.0224716 -0.0253447 -0.028249 -0.0311543 -0.0340285 -0.0368587 -0.0396334 -0.0422983 -0.0448476 -0.0472691 -0.0495361 -0.0516024 -0.0534745 -0.0551138 -0.0565282 -0.0576632 -0.0585205 -0.0591118 -0.059385 -0.0593385 -0.0590005 -0.0583599 -0.0574055 -0.0561878 -0.0546962 -0.0529721 -0.0510147 -0.0488831 -0.0466045 -0.0442037 -0.0417022 -0.0391668 -0.0365892 -0.0340166 -0.0314972 -0.0290351 -0.0266522 -0.0243808 -0.02223 -0.0202148 -0.0183625 -0.0166522 -0.0150971 -0.0136861 -0.0124406 -0.0113367 -0.0103579 -0.00948915 -0.0087651 -0.0081233 -0.00757116 -0.00711097 -0.00672795 -0.00638483 -0.00612849 -0.00590444 -0.00571405 -0.00556688 -0.0054555 -0.00533216 -0.00525064 -0.00516811 -0.00507436 -0.00497844 -0.00488659 -0.00474388 -0.00459943 -0.00442125 -0.00419189 -0.00391555 -0.00361256 -0.00322031 -0.002764 -0.00223092 -0.00161734 -0.00089577 -6.80247e-05 0.000891497 0.00196296 0.00317531 0.00452873 0.00603271 0.00768719 0.0094788 0.0113995 0.0134631 0.0156412 0.0179105 0.0202878 0.0227145 0.025177 0.0276646 0.0301551 0.0325964 0.0349873 0.037271 0.039449 0.0414599 0.0432948 0.0449457 0.046372 0.0475352 0.0484664 0.0491334 0.0495122 0.0496357 0.049489 0.0490894 0.0484156 0.0475005 0.0463559 0.0449903 0.0433979 0.0416253 0.0396721 0.0375447 0.0352461 0.0327891 0.0301999 0.0274321 0.0245078 0.0214067 0.018121 0.0146174 0.0108586 0.00683886 0.00254333 -0.00206103 -0.00697239 -0.0121588 -0.0175831 -0.0231449 -0.0287653 -0.0342544 -0.0394143 -0.0440425 -0.0479043 -0.0508397 -0.0526726 -0.0533441 -0.05288 -0.0513833 -0.0490657 -0.0461806 -0.0430662 -0.0400842 -0.0375761 -0.0358347 -0.0350528 -0.0353224 -0.0366259 -0.0388371 -0.0417639 -0.0451561 -0.0487484 -0.0522851 -0.0555265 -0.0582949 -0.060455 
0 0.0048859 0.00976516 0.0146189 0.0193736 0.0239096 0.0280394 0.0315391 0.0341795 0.0357336 0.0360236 0.0349336 0.0324532 0.0287057 0.023908 0.0183725 0.0124505 0.00651345 0.000943831 -0.00396991 -0.00800407 -0.0110513 -0.0130885 -0.0141431 -0.0143758 -0.0139702 -0.0131602 -0.0121534 -0.0111194 -0.010247 -0.00965138 -0.00940583 -0.00953024 -0.0100333 -0.0109177 -0.012157 -0.0136838 -0.0154653 -0.0174732 -0.0196599 -0.021983 -0.0243853 -0.0268786 -0.0294225 -0.0319864 -0.0345472 -0.0371026 -0.0396439 -0.0421194 -0.0445237 -0.0468521 -0.0490818 -0.0511686 -0.0531151 -0.0548931 -0.0564944 -0.0578644 -0.0590006 -0.0599103 -0.060539 -0.0608779 -0.0609409 -0.06071 -0.0601605 -0.0593259 -0.0582017 -0.0568163 -0.0551616 -0.0532866 -0.0512179 -0.0489686 -0.0465708 -0.0440915 -0.041528 -0.0389152 -0.0363085 -0.0337177 -0.0311706 -0.0287056 -0.0263432 -0.0240891 -0.0219731 -0.0200002 -0.0181918 -0.016528 -0.0150288 -0.0136872 -0.0124921 -0.0114273 -0.0105173 -0.00970887 -0.00900896 -0.00842011 -0.00791929 -0.00747506 -0.00712672 -0.00682541 -0.00656502 -0.0063572 -0.00618869 -0.00601772 -0.0058872 -0.00575946 -0.00561819 -0.0054753 -0.00532983 -0.00513111 -0.00491889 -0.00466919 -0.00435912 -0.00398999 -0.00357447 -0.0030611 -0.00247167 -0.00178825 -0.000994547 -7.53794e-05 0.000956536 0.00213464 0.00345307 0.00492502 0.0065374 0.00830134 0.0102118 0.0122527 0.0144126 0.0166985 0.0190661 0.0214933 0.0239932 0.0265124 0.0290225 0.0315141 0.0339563 0.0362948 0.0385278 0.0406132 0.0425403 0.0442547 0.0457527 0.0470273 0.0480475 0.0487895 0.0492915 0.0495299 0.0494867 0.0491953 0.0486584 0.0478903 0.0468815 0.0456717 0.0442786 0.0427071 0.0409545 0.0390689 0.0370542 0.0349113 0.0326429 0.0302658 0.0277939 0.0251765 0.02242 0.0195049 0.0164127 0.0130966 0.00951337 0.00565253 0.00149221 -0.00301041 -0.00786077 -0.0130241 -0.0184541 -0.0240548 -0.0297333 -0.0352916 -0.0405119 -0.045181 -0.0490644 -0.0519856 -0.0537642 -0.0543297 -0.0537147 -0.0520324 -0.0494988 -0.0463825 -0.0430371 -0.0398497 -0.0371796 -0.0353267 -0.0344894 -0.0347698 -0.036164 -0.0385488 -0.0417191 -0.0454037 -0.0493161 -0.0531846 -0.0567573 -0.0598375 -0.0622705 
0 0.00491413 0.00980968 0.0146337 0.0193246 0.0237302 0.0276633 0.0308965 0.0331791 0.0343153 0.0341036 0.0324532 0.0293703 0.0249733 0.0195368 0.0133472 0.0067937 0.000266859 -0.00585659 -0.0112199 -0.015637 -0.0189652 -0.0211817 -0.0223371 -0.0225521 -0.0220604 -0.0210798 -0.0198299 -0.0184993 -0.0172778 -0.0162998 -0.0156543 -0.0153616 -0.0154306 -0.0158956 -0.0166919 -0.0177928 -0.0191409 -0.020708 -0.0224746 -0.0243651 -0.0263528 -0.0284346 -0.0305891 -0.0327684 -0.034983 -0.0372068 -0.0394527 -0.041686 -0.0438765 -0.0460549 -0.0481835 -0.0502287 -0.0521785 -0.0540392 -0.0557534 -0.0573104 -0.0586853 -0.0598695 -0.0608267 -0.0615342 -0.0619871 -0.0621686 -0.0620652 -0.0616518 -0.0609624 -0.0599845 -0.0587167 -0.0571781 -0.0554242 -0.0534255 -0.051233 -0.0489016 -0.0464421 -0.0438686 -0.041254 -0.0386163 -0.0359667 -0.0333587 -0.0308247 -0.0283738 -0.0260149 -0.023799 -0.0217328 -0.019814 -0.0180412 -0.0164496 -0.0150087 -0.013726 -0.0125911 -0.0115964 -0.010718 -0.00997766 -0.00932641 -0.00876756 -0.00829764 -0.00790367 -0.00754946 -0.0072667 -0.00701466 -0.00678652 -0.00658134 -0.00639517 -0.00618469 -0.00598194 -0.00575601 -0.00549286 -0.00518744 -0.00484835 -0.00443026 -0.00395428 -0.00339344 -0.00273666 -0.00197596 -0.00111781 -0.000109196 0.00103174 0.00230426 0.0037204 0.00531107 0.00704583 0.00891781 0.0109335 0.0130939 0.0153542 0.0177119 0.0201719 0.0226758 0.0252006 0.0277526 0.0302903 0.0327498 0.0351515 0.037445 0.0395864 0.0415524 0.0433496 0.0449154 0.046242 0.0473246 0.0481592 0.0487159 0.0490087 0.0490521 0.0488367 0.0483775 0.0476749 0.0467703 0.0456635 0.0443619 0.0428878 0.041297 0.0395557 0.0376931 0.0357515 0.0337213 0.0316152 0.0294222 0.0271608 0.0248243 0.0223845 0.0197969 0.0170818 0.0141845 0.0110487 0.00764855 0.00393608 -9.07108e-05 -0.00449119 -0.00927253 -0.0143981 -0.0198031 -0.025415 -0.0311046 -0.0366779 -0.0419147 -0.0465571 -0.0504176 -0.0532636 -0.0549317 -0.055351 -0.0545266 -0.0526228 -0.0498226 -0.046428 -0.0428086 -0.0393522 -0.0364583 -0.0344097 -0.0334224 -0.0336064 -0.034963 -0.0373876 -0.0406576 -0.0444932 -0.0485919 -0.0526674 -0.0564619 -0.0597571 -0.062382 
0 0.00481469 0.00957797 0.0142564 0.0187307 0.0228802 0.0264892 0.0293177 0.0311533 0.0317499 0.0309721 0.0287057 0.0249733 0.0199493 0.0138567 0.00706624 -7.64359e-05 -0.00715129 -0.013736 -0.0195201 -0.024235 -0.0277918 -0.030141 -0.0313246 -0.0314963 -0.0308601 -0.0296655 -0.02813 -0.0264603 -0.0248388 -0.0234462 -0.0223435 -0.0215851 -0.0211972 -0.0211655 -0.0215077 -0.0221291 -0.0230092 -0.0241273 -0.0254306 -0.0268805 -0.0284425 -0.0300987 -0.0318408 -0.033645 -0.0354656 -0.0373511 -0.0392682 -0.0411973 -0.0431487 -0.0451113 -0.0470748 -0.0490162 -0.0509176 -0.0527611 -0.0545486 -0.0562147 -0.0577606 -0.0591751 -0.0604109 -0.0614323 -0.0622511 -0.0628341 -0.0631415 -0.0631903 -0.0629564 -0.0624233 -0.0615923 -0.0604869 -0.0590939 -0.0574501 -0.0555692 -0.0534741 -0.0511897 -0.0487665 -0.0462279 -0.0436079 -0.0409465 -0.0382701 -0.0356033 -0.0329862 -0.0304631 -0.0280333 -0.0257108 -0.0235241 -0.0215112 -0.0196522 -0.017947 -0.0164033 -0.015039 -0.0138194 -0.0127443 -0.011803 -0.0109907 -0.0102793 -0.00967443 -0.00914623 -0.00869181 -0.00829553 -0.00795116 -0.0076302 -0.00734151 -0.00705863 -0.00677536 -0.00647585 -0.00615801 -0.00579351 -0.00539145 -0.00492462 -0.00438125 -0.00374985 -0.00303834 -0.00220419 -0.0012403 -0.000144258 0.00107546 0.00245447 0.00399742 0.00569858 0.00753348 0.00951638 0.0116453 0.0139017 0.016256 0.0187004 0.0212142 0.0237626 0.0263315 0.0288943 0.0314128 0.0338464 0.0361844 0.0383792 0.0404155 0.0422593 0.0438871 0.045271 0.0464176 0.0472911 0.0478986 0.0482559 0.0483452 0.0481639 0.04775 0.047114 0.0462346 0.0451728 0.043939 0.042538 0.0409886 0.0393313 0.0375686 0.0357318 0.0338207 0.031853 0.0298705 0.0278252 0.0257318 0.0236018 0.0214125 0.0191216 0.0167214 0.014168 0.0114405 0.00847906 0.00520874 0.00164595 -0.00227959 -0.00659264 -0.0113059 -0.0163915 -0.0217722 -0.0273685 -0.0330482 -0.0386103 -0.0437982 -0.0483975 -0.0521539 -0.0548768 -0.0563841 -0.0565752 -0.0555201 -0.0533139 -0.0502071 -0.0464834 -0.0425162 -0.0387473 -0.0355302 -0.0331998 -0.0319512 -0.0319076 -0.0330988 -0.0354035 -0.03862 -0.042444 -0.0465676 -0.0506995 -0.0545655 -0.0579424 -0.0606385 
0 0.00459187 0.00912944 0.0135168 0.0176832 0.0214473 0.0246177 0.0269618 0.0282281 0.0282442 0.0268234 0.023908 0.0195368 0.0138567 0.00717304 -0.000209378 -0.00788386 -0.0154291 -0.0224517 -0.0285595 -0.0335507 -0.037279 -0.039704 -0.0408981 -0.0409654 -0.0401584 -0.038708 -0.0368446 -0.0347986 -0.0327608 -0.0309048 -0.0293339 -0.0280908 -0.0271991 -0.0266915 -0.0265197 -0.0266658 -0.0270753 -0.0277197 -0.0285812 -0.0295881 -0.0307255 -0.0319642 -0.033307 -0.0347026 -0.0361698 -0.0376917 -0.0392677 -0.0409022 -0.0425604 -0.0442709 -0.0460188 -0.0477891 -0.0495582 -0.0513574 -0.053108 -0.0548247 -0.0564746 -0.0580233 -0.0594624 -0.0607599 -0.0618823 -0.0628104 -0.0635302 -0.0639785 -0.0641889 -0.0641157 -0.0637639 -0.0631038 -0.0621703 -0.0609293 -0.059417 -0.0576503 -0.0556702 -0.0534671 -0.0510946 -0.0485941 -0.0459795 -0.0433008 -0.0406071 -0.0379126 -0.0352219 -0.0326133 -0.0301 -0.0277069 -0.0254188 -0.0232903 -0.0213212 -0.0195354 -0.0178885 -0.0164245 -0.0151132 -0.0139649 -0.0129387 -0.0120588 -0.0112712 -0.0106 -0.00999952 -0.00947867 -0.00899588 -0.00857531 -0.0081593 -0.0077706 -0.00736862 -0.0069646 -0.00651393 -0.00604025 -0.00548642 -0.00487716 -0.00417433 -0.00337985 -0.002444 -0.00140477 -0.000220148 0.00110368 0.00260917 0.0042576 0.00605453 0.00798949 0.0101036 0.0123358 0.0146703 0.0171038 0.0196233 0.0221809 0.0247716 0.0273672 0.0299109 0.0323875 0.0347672 0.03703 0.0391109 0.0410163 0.0426976 0.0441432 0.0453196 0.0462678 0.0469207 0.0473092 0.0474339 0.0472949 0.0468945 0.0462763 0.0454321 0.044387 0.0431743 0.0417773 0.040266 0.0386324 0.0369048 0.0351033 0.0332719 0.0313796 0.0294681 0.0275416 0.0256023 0.0236511 0.0216686 0.0196669 0.0176092 0.0154787 0.01321 0.0108119 0.00821823 0.00536911 0.00223273 -0.00124527 -0.00508498 -0.00933496 -0.0140085 -0.0190661 -0.0244265 -0.0300197 -0.035671 -0.0411867 -0.0463172 -0.0507909 -0.0544198 -0.0569452 -0.0582175 -0.0581545 -0.056769 -0.0542381 -0.05075 -0.0466324 -0.0422776 -0.0380925 -0.0344959 -0.0317701 -0.0301463 -0.0297575 -0.0306182 -0.0326568 -0.0356355 -0.0392726 -0.0432505 -0.0472596 -0.0510463 -0.0543492 -0.0569897 
0 0.00430094 0.00851469 0.0125572 0.0163071 0.0196115 0.0222624 0.0240238 0.0246829 0.0240347 0.0219528 0.0183725 0.0133472 0.00706624 -0.000209378 -0.00811438 -0.0162725 -0.0242494 -0.031622 -0.0380378 -0.0432366 -0.0471011 -0.049578 -0.0507339 -0.0506951 -0.0496939 -0.0479735 -0.0457729 -0.0433415 -0.04086 -0.0385435 -0.036474 -0.0347325 -0.0333599 -0.0323462 -0.0317074 -0.0313784 -0.0313315 -0.0315362 -0.0319519 -0.0325336 -0.0332698 -0.0341121 -0.0350665 -0.0361085 -0.0372063 -0.0383928 -0.0396301 -0.0409384 -0.0423107 -0.0437473 -0.0452433 -0.0468013 -0.0483984 -0.0500368 -0.0517001 -0.0533713 -0.0550374 -0.0566594 -0.0582316 -0.0597005 -0.0610564 -0.0622659 -0.0633028 -0.0641407 -0.064765 -0.0651192 -0.0652175 -0.0650367 -0.0645487 -0.0637783 -0.0627217 -0.0613573 -0.059721 -0.0578469 -0.055737 -0.0534409 -0.050986 -0.0484068 -0.0457255 -0.0429992 -0.0402682 -0.0375596 -0.0348695 -0.0322697 -0.0297835 -0.0274174 -0.0251856 -0.0231198 -0.0212066 -0.0194772 -0.0179148 -0.0165043 -0.0152507 -0.0141561 -0.0131685 -0.0123009 -0.0115375 -0.0108444 -0.0102097 -0.00963961 -0.00908197 -0.00854119 -0.00800887 -0.00745102 -0.0068482 -0.00621592 -0.00550272 -0.00469956 -0.00380164 -0.00278901 -0.00163651 -0.000355319 0.00109603 0.00270108 0.00444664 0.00634897 0.00842729 0.0106259 0.0129402 0.0153579 0.0178746 0.0204483 0.0230531 0.0256599 0.0282489 0.0307609 0.0331937 0.0355134 0.0376557 0.0396058 0.0413553 0.042853 0.0440967 0.0450896 0.0457908 0.0462173 0.0463678 0.0462524 0.0458793 0.0452728 0.0444319 0.0433935 0.0421578 0.0407693 0.0392382 0.0375972 0.0358759 0.0340797 0.0322396 0.0303738 0.0284901 0.0266047 0.0247359 0.0228602 0.0210177 0.0191595 0.0172913 0.0154084 0.0134668 0.0114506 0.00931836 0.00702926 0.00454162 0.00179735 -0.0012744 -0.00467954 -0.00849298 -0.0127228 -0.0173798 -0.0224359 -0.0277899 -0.033366 -0.0389779 -0.0444259 -0.0494433 -0.0537822 -0.0572063 -0.0594919 -0.0604797 -0.0600767 -0.0583403 -0.0553956 -0.0514874 -0.046927 -0.0421066 -0.0374652 -0.0333794 -0.0301727 -0.0280565 -0.0271762 -0.0275714 -0.0291575 -0.0317313 -0.0349993 -0.0386519 -0.0423844 -0.0459273 -0.0490288 -0.0514919 
0 0.00396728 0.00782971 0.0114731 0.0147771 0.0175704 0.0196548 0.0208017 0.0207999 0.0194727 0.0167002 0.0124505 0.0067937 -7.64359e-05 -0.00788386 -0.0162725 -0.0248527 -0.0331928 -0.0408731 -0.0475357 -0.0529204 -0.0568957 -0.059408 -0.060526 -0.0603762 -0.0591843 -0.0571983 -0.054666 -0.0518539 -0.0489562 -0.0461853 -0.043648 -0.0414332 -0.0395911 -0.0381143 -0.0370145 -0.0362447 -0.0357772 -0.035573 -0.0355885 -0.0357863 -0.0361471 -0.0366225 -0.0372118 -0.0378967 -0.0386613 -0.0395204 -0.0404382 -0.0414442 -0.0425251 -0.0436747 -0.0449004 -0.0462079 -0.0475879 -0.0490431 -0.0505507 -0.0521141 -0.0537177 -0.055315 -0.0569198 -0.0584916 -0.0599996 -0.0614133 -0.0627084 -0.0638467 -0.0648093 -0.06555 -0.0660761 -0.0663453 -0.0663217 -0.0660194 -0.0654235 -0.0645108 -0.0633127 -0.0618356 -0.0600723 -0.0580691 -0.0558488 -0.0534502 -0.0509037 -0.0482468 -0.0455129 -0.0427494 -0.0399755 -0.037253 -0.0345863 -0.0319977 -0.0295355 -0.0272244 -0.0250365 -0.0230256 -0.0211892 -0.0195057 -0.0179878 -0.0166433 -0.0154135 -0.0143202 -0.0133483 -0.0124517 -0.0116229 -0.0108724 -0.0101332 -0.00941135 -0.00870316 -0.00796304 -0.00716948 -0.00634196 -0.00541718 -0.00439053 -0.00326535 -0.00200392 -0.000580205 0.000965759 0.00267549 0.00455303 0.00657547 0.00873248 0.0110316 0.0134306 0.0159336 0.0185075 0.0211232 0.0237481 0.0263601 0.0289227 0.0314124 0.0337671 0.0359718 0.0379996 0.039799 0.0413644 0.0426876 0.0437216 0.0444695 0.0449484 0.0451327 0.0450481 0.0446971 0.0440991 0.0432639 0.0422104 0.0409632 0.0395671 0.0380112 0.036348 0.0345994 0.0327756 0.0309103 0.0290193 0.0271257 0.0252445 0.0233746 0.0215278 0.0197207 0.017919 0.0161519 0.0143895 0.0126269 0.0108483 0.00901167 0.00709862 0.00506383 0.00285765 0.000435747 -0.00225477 -0.00527806 -0.00865794 -0.012461 -0.0166891 -0.0213511 -0.0264099 -0.0317663 -0.0373222 -0.0428773 -0.048227 -0.053103 -0.0572504 -0.0604311 -0.0624218 -0.0630723 -0.0623003 -0.0601536 -0.0567683 -0.0523873 -0.0473332 -0.0420035 -0.0368215 -0.0321751 -0.0283792 -0.0256582 -0.0241683 -0.0239507 -0.0249465 -0.0269541 -0.0296998 -0.0328783 -0.0361819 -0.0393502 -0.0421184 -0.0442983 
0 0.00364245 0.00716515 0.0104066 0.0132632 0.0155302 0.0170291 0.0175488 0.0168689 0.0148661 0.0114092 0.00651345 0.000266859 -0.00715129 -0.0154291 -0.0242494 -0.0331928 -0.0418366 -0.0497804 -0.0566439 -0.0621925 -0.0662621 -0.0688083 -0.0699038 -0.0696701 -0.0683298 -0.066125 -0.0633129 -0.060164 -0.0568987 -0.0537056 -0.0507355 -0.0480812 -0.045799 -0.0439077 -0.0423839 -0.0412218 -0.0403781 -0.0398051 -0.0394617 -0.0393147 -0.0393405 -0.0394945 -0.0397677 -0.040131 -0.0406021 -0.0411517 -0.0417659 -0.0424792 -0.0432752 -0.0441493 -0.0451106 -0.0461647 -0.0473042 -0.0485436 -0.0498413 -0.0512404 -0.0527162 -0.0542242 -0.0557803 -0.0573653 -0.0589281 -0.0604484 -0.0619183 -0.0632829 -0.0645214 -0.0655843 -0.0664776 -0.0671391 -0.0675523 -0.0677061 -0.0675836 -0.0671423 -0.0664114 -0.0653734 -0.0640295 -0.0624067 -0.0605179 -0.0583897 -0.0560557 -0.0535533 -0.0509164 -0.0481909 -0.0453961 -0.0426039 -0.039817 -0.0370709 -0.0344131 -0.0318756 -0.0294285 -0.027149 -0.0250286 -0.0230566 -0.021245 -0.0196193 -0.0181101 -0.0167533 -0.0155248 -0.0143872 -0.0133215 -0.0123487 -0.0113851 -0.0104465 -0.00951549 -0.00855245 -0.00752357 -0.0064596 -0.00528011 -0.00399134 -0.00259321 -0.0010586 0.000650528 0.0024768 0.00446267 0.00659935 0.00886657 0.0112431 0.0137385 0.0162963 0.018918 0.0215649 0.0242041 0.0268028 0.0293327 0.0317469 0.0340182 0.0361049 0.0379813 0.0396307 0.041003 0.0421078 0.0429301 0.0434573 0.0436859 0.0436492 0.0433216 0.0427407 0.0419044 0.0408577 0.0396102 0.0381761 0.0365984 0.0349174 0.0331164 0.0312478 0.0293604 0.0274269 0.0254957 0.0235762 0.0216833 0.0198182 0.0179896 0.0161963 0.0144619 0.012752 0.011064 0.00940522 0.00774004 0.00604939 0.00429509 0.00246327 0.000495712 -0.00164955 -0.00403067 -0.00669768 -0.00969305 -0.0130848 -0.0168987 -0.0211464 -0.025824 -0.0308814 -0.0362288 -0.0417379 -0.0472036 -0.0524145 -0.0571129 -0.061022 -0.0639196 -0.0655695 -0.0658365 -0.0646589 -0.0620537 -0.0581958 -0.0533018 -0.0477177 -0.0418458 -0.0360743 -0.0308193 -0.0263643 -0.0229589 -0.0207637 -0.0198156 -0.0200944 -0.0213949 -0.02348 -0.0260518 -0.0288017 -0.0314866 -0.0338256 -0.0356467 
0 0.0033523 0.00654163 0.00943932 0.0118541 0.0136375 0.0145844 0.0144883 0.0131923 0.0105223 0.00643967 0.000943831 -0.00585659 -0.013736 -0.0224517 -0.031622 -0.0408731 -0.0497804 -0.0579236 -0.0649841 -0.0706702 -0.0748428 -0.0774487 -0.0785443 -0.0782755 -0.076839 -0.0744714 -0.0714426 -0.0680331 -0.0644526 -0.0609291 -0.057584 -0.0545513 -0.0519077 -0.049628 -0.0477525 -0.0462336 -0.0450561 -0.0441715 -0.0435181 -0.043074 -0.0428222 -0.0427036 -0.0426898 -0.0427998 -0.0429884 -0.0432781 -0.0436293 -0.0440663 -0.0446059 -0.0452249 -0.0459231 -0.0467265 -0.0476442 -0.0486328 -0.0497302 -0.0509272 -0.0522225 -0.0535845 -0.0550329 -0.0565338 -0.0580778 -0.0596304 -0.0611622 -0.0626733 -0.0641003 -0.0654049 -0.0665799 -0.067599 -0.0683736 -0.0689431 -0.0692642 -0.0692922 -0.0690119 -0.0684559 -0.0675734 -0.0663772 -0.064889 -0.063132 -0.0610946 -0.0588252 -0.0563895 -0.0537955 -0.0510601 -0.0482587 -0.0454381 -0.0425952 -0.0397944 -0.0370552 -0.0344 -0.0318629 -0.0294716 -0.0271944 -0.0250882 -0.0231415 -0.0213336 -0.019661 -0.0181427 -0.0167075 -0.015373 -0.0141139 -0.0128923 -0.0116777 -0.0104867 -0.00923985 -0.00794102 -0.00657741 -0.0051161 -0.00351952 -0.00182255 2.28258e-05 0.00200653 0.00412044 0.00637071 0.00875717 0.0112149 0.0137688 0.0164106 0.019073 0.0217187 0.0243565 0.0269402 0.0294053 0.0317335 0.0338991 0.035857 0.0375548 0.0390216 0.0402112 0.0410901 0.0416697 0.041987 0.0419725 0.0416818 0.0411377 0.0403322 0.0392698 0.0380224 0.0365868 0.034984 0.0332567 0.0314323 0.0295399 0.0275854 0.0256156 0.0236385 0.0216877 0.019739 0.0178359 0.0159861 0.0141811 0.0124059 0.0107037 0.00905457 0.00742247 0.00583776 0.00425681 0.00268614 0.00107391 -0.000611371 -0.00238834 -0.00429597 -0.00641933 -0.00878326 -0.011431 -0.01444 -0.0178234 -0.02166 -0.0259169 -0.0305861 -0.035636 -0.0409472 -0.0463817 -0.0517295 -0.0567671 -0.0612349 -0.064879 -0.0674289 -0.0687027 -0.0685543 -0.0669156 -0.0638521 -0.059472 -0.0540607 -0.047934 -0.0414792 -0.0351197 -0.0291955 -0.024055 -0.0199162 -0.0169446 -0.0152199 -0.0146806 -0.0152018 -0.0165295 -0.0183915 -0.0205094 -0.0226006 -0.0244431 -0.0258299 
