0 0 0 0 0 0 0 0 0 0 0 0 0 0 0 0 0 0 0 0 0 0 0 0 0 0 0 0 0 0 0 0 0 0 0 0 0 0 0 0 0 0 0 0 0 0 0 0 0 0 0 0 0 0 0 0 0 0 0 0 0 0 0 0 0 0 0 0 0 0 0 0 0 0 0 0 0 0 0 0 0 0 0 0 0 0 0 0 0 0 0 0 0 0 0 0 0 0 0 0 0 0 0 0 0 0 0 0 0 0 0 0 0 0 0 0 0 0 0 0 0 0 0 0 0 0 0 0 0 0 0 0 0 0 0 0 0 0 0 0 0 0 0 0 0 0 0 0 0 0 0 0 0 0 0 0 0 0 0 0 0 0 0 0 0 0 0 0 0 0 0 0 0 0 0 0 0 0 0 0 0 0 0 0 0 0 0 0 0 0 0 0 0 0 0 0 0 0 0 0 
0 0.000142612 0.000287679 0.000415196 0.000554838 0.000678166 0.000806213 0.000938018 0.00107042 0.00123205 0.00140001 0.00160341 0.00183315 0.00208751 0.00235668 0.00259731 0.00280314 0.00294265 0.00300519 0.00295971 0.00279208 0.00250907 0.00213351 0.00170225 0.00123671 0.000796049 0.000409543 0.000123589 -4.6511e-05 -9.29747e-05 1.2761e-05 0.000251228 0.000612112 0.00106604 0.00159044 0.00216092 0.0027466 0.0033096 0.00384884 0.00434617 0.00477193 0.0051378 0.00541733 0.005625 0.00574636 0.00576525 0.00570463 0.00555243 0.00529637 0.00495424 0.00452663 0.00400737 0.00341238 0.00273283 0.00199075 0.00118835 0.000327451 -0.000562895 -0.0014684 -0.00238426 -0.00328937 -0.00415704 -0.00498532 -0.005761 -0.00645867 -0.00706735 -0.00759809 -0.00802698 -0.00835201 -0.00859147 -0.00872862 -0.00876104 -0.00870948 -0.00856996 -0.00834528 -0.00805995 -0.00771095 -0.00730618 -0.00686083 -0.00639047 -0.00590406 -0.00541248 -0.00492592 -0.00445559 -0.0039946 -0.00356327 -0.00317799 -0.00281329 -0.00246671 -0.00216895 -0.00190589 -0.00166005 -0.00144691 -0.00126024 -0.00109259 -0.000953025 -0.000830222 -0.000715842 -0.000625574 -0.000545667 -0.00046534 -0.000397709 -0.00033554 -0.000263376 -0.00019358 -0.000118382 -2.9236e-05 6.38363e-05 0.000173422 0.000311152 0.000452671 0.000608423 0.00080698 0.00102972 0.00126669 0.00153825 0.00184719 0.00218859 0.00256633 0.00297235 0.00341008 0.0038748 0.00436043 0.00486478 0.00537607 0.00587507 0.00636727 0.00683527 0.00726805 0.00766538 0.00800812 0.0082832 0.00849776 0.00863473 0.00868524 0.00865823 0.00853818 0.00831772 0.00800148 0.00759688 0.00709374 0.00650196 0.00584023 0.00510736 0.00430406 0.00346568 0.00259588 0.00169748 0.000804599 -8.50904e-05 -0.000954382 -0.00179736 -0.00261347 -0.00338361 -0.00410649 -0.00479945 -0.00543372 -0.00601842 -0.00657033 -0.00707131 -0.00753963 -0.00796195 -0.00835142 -0.00870989 -0.00902098 -0.00928016 -0.00948801 -0.00962163 -0.00965602 -0.00958216 -0.00937644 -0.00904677 -0.00857172 -0.00796862 -0.00726625 -0.00648694 -0.00566844 -0.00484086 -0.00406218 -0.00336722 -0.0027938 -0.00234514 -0.00203697 -0.0018613 -0.00178594 -0.00179794 -0.00184679 -0.0019385 -0.00203407 -0.00210981 -0.00216108 -0.00216247 -0.00215703 -0.00212496 -0.00208019 -0.00202256 -0.00194128 -0.00187714 -0.00180676 -0.00174986 
0 0.000287679 0.000560113 0.000836266 0.00109436 0.00135083 0.00160761 0.00185998 0.00214711 0.00245674 0.002814 0.00322812 0.00369157 0.00422277 0.00475499 0.00525199 0.00566394 0.00594196 0.00606888 0.00597274 0.00563486 0.005071 0.00432012 0.00345456 0.00253928 0.00164725 0.000891971 0.000320199 -2.4606e-05 -9.39361e-05 9.69797e-05 0.000589868 0.00130053 0.00219141 0.00323232 0.00433629 0.00547563 0.00656671 0.00760418 0.00855259 0.00938457 0.0100634 0.0106045 0.0109901 0.0111911 0.011224 0.0110728 0.0107604 0.0102512 0.00957458 0.00871663 0.00771098 0.00652258 0.00518981 0.00375096 0.00217738 0.000518093 -0.00119866 -0.0029542 -0.00473651 -0.00647224 -0.00817814 -0.00977398 -0.0112754 -0.01264 -0.0138434 -0.0148787 -0.0157476 -0.0164031 -0.0168657 -0.0171542 -0.0172386 -0.0171516 -0.0168965 -0.0164962 -0.0159285 -0.0152578 -0.0144882 -0.0136467 -0.0127224 -0.0117977 -0.0108319 -0.00987031 -0.00894262 -0.00807087 -0.00720627 -0.00641543 -0.00568054 -0.00501906 -0.00441555 -0.00386937 -0.00336551 -0.00295033 -0.00257098 -0.00222654 -0.0019349 -0.00169031 -0.00145624 -0.00126815 -0.00109696 -0.00093542 -0.000792128 -0.000658758 -0.00050309 -0.000364185 -0.000209489 -2.14655e-05 0.000184852 0.000397227 0.00066497 0.000961507 0.00130944 0.00169605 0.0021263 0.00261079 0.00319505 0.00380378 0.00447672 0.00522703 0.00604938 0.00689853 0.00783096 0.00878263 0.00975641 0.0107297 0.0117246 0.0126706 0.0135726 0.0144072 0.0151698 0.0158018 0.0163368 0.0167478 0.0169848 0.0170681 0.016991 0.0167203 0.0162636 0.0156483 0.0148251 0.0138467 0.0126848 0.0113853 0.00995151 0.00841082 0.00677325 0.0051019 0.00337323 0.00162655 -9.15105e-05 -0.00178837 -0.00343606 -0.00502614 -0.00651769 -0.00794887 -0.00928382 -0.0105401 -0.0116968 -0.0127751 -0.0137828 -0.0147082 -0.0155543 -0.0163434 -0.0170786 -0.017713 -0.0182798 -0.0187155 -0.0190234 -0.0191371 -0.0190048 -0.0186459 -0.0179997 -0.0170821 -0.0159056 -0.0145162 -0.0129844 -0.0113619 -0.00971982 -0.00817316 -0.00679294 -0.00564093 -0.00475881 -0.0041343 -0.00378856 -0.00364615 -0.00365607 -0.00377608 -0.00394061 -0.00413891 -0.00428977 -0.00437357 -0.00439549 -0.00435856 -0.0043061 -0.0042118 -0.00408672 -0.00394741 -0.00379945 -0.00368037 -0.00356094 
0 0.000415196 0.000836266 0.00121972 0.00162376 0.00199907 0.00238785 0.00279322 0.00321752 0.00371997 0.00426213 0.00490258 0.00562296 0.0064147 0.00723666 0.0079809 0.0086094 0.00903845 0.00922759 0.00909111 0.00859123 0.00774753 0.00662848 0.00534111 0.00396439 0.00265763 0.00152249 0.000681007 0.000183722 5.86227e-05 0.000363792 0.00105752 0.00209427 0.00339141 0.00488088 0.00648436 0.00811686 0.00967741 0.0111525 0.0124955 0.0136369 0.014593 0.0153123 0.0158217 0.0160868 0.0160767 0.0158358 0.0153428 0.0145687 0.0135528 0.0123007 0.0108056 0.00910022 0.00717758 0.00509275 0.00285153 0.000469571 -0.00198683 -0.00448153 -0.00699996 -0.00948923 -0.0118912 -0.0141902 -0.016356 -0.0183261 -0.0200672 -0.0215966 -0.0228578 -0.0238371 -0.0245689 -0.0250208 -0.0251822 -0.0251004 -0.0247716 -0.0242079 -0.0234601 -0.0225351 -0.0214535 -0.0202515 -0.0189659 -0.0176274 -0.0162575 -0.0148855 -0.0135431 -0.0122216 -0.0109636 -0.00981372 -0.00872333 -0.00769046 -0.00678061 -0.00596616 -0.00521205 -0.00455197 -0.00396891 -0.00344509 -0.00300038 -0.00260734 -0.00224494 -0.00194486 -0.00167595 -0.00141201 -0.00118016 -0.000961372 -0.000720796 -0.00048386 -0.000231473 5.9206e-05 0.000367474 0.000721504 0.00114981 0.00160417 0.00210957 0.00272599 0.00341453 0.00415771 0.00500081 0.00594135 0.0069691 0.00809226 0.00928898 0.0105577 0.0118913 0.0132685 0.0146793 0.016095 0.0174758 0.0188208 0.0200918 0.0212603 0.0223195 0.0232178 0.0239289 0.0244582 0.0247625 0.0248228 0.0246577 0.0242304 0.0235302 0.0225743 0.0213772 0.0199276 0.0182504 0.0163914 0.0143518 0.0121398 0.00983004 0.00743972 0.00497368 0.00250801 4.77745e-05 -0.00236912 -0.00472566 -0.0070118 -0.0091812 -0.011233 -0.0131961 -0.0150133 -0.0167022 -0.018303 -0.0197838 -0.0211819 -0.0224734 -0.0236898 -0.0248314 -0.0258535 -0.0267411 -0.0274772 -0.0279985 -0.0282289 -0.0281275 -0.0276364 -0.026756 -0.0254405 -0.0237336 -0.0217138 -0.0194546 -0.0170643 -0.0146421 -0.0123532 -0.0103083 -0.00861266 -0.00729262 -0.00638199 -0.00586059 -0.00564016 -0.00566649 -0.00581636 -0.00607668 -0.00635205 -0.00657131 -0.00671148 -0.00672343 -0.00669685 -0.00660226 -0.00646651 -0.00629067 -0.00606229 -0.00586716 -0.00566547 -0.00549524 
0 0.000554838 0.00109436 0.00162376 0.00213992 0.0026548 0.00317923 0.0037197 0.00432142 0.00499287 0.00575743 0.00663685 0.00762126 0.00871228 0.00981414 0.0108351 0.0116852 0.0122703 0.0125326 0.0123597 0.0117075 0.010606 0.00913669 0.00743584 0.00563654 0.00389718 0.0024073 0.0012798 0.000597671 0.000430001 0.000780428 0.00166972 0.00298115 0.0046257 0.00652313 0.00853826 0.0105851 0.0125361 0.0143592 0.0159976 0.0173988 0.0185206 0.0193692 0.0199307 0.0201677 0.0200906 0.0196971 0.0190045 0.0179766 0.0166495 0.0150197 0.0131233 0.0109373 0.00850962 0.00589867 0.00308685 0.000133107 -0.00290945 -0.00600905 -0.00914182 -0.0122185 -0.0152313 -0.0180922 -0.0207992 -0.0232885 -0.025518 -0.0274737 -0.0291351 -0.0304431 -0.0314169 -0.0320657 -0.032358 -0.0323334 -0.0320017 -0.0313919 -0.0304982 -0.029394 -0.0281003 -0.0266546 -0.0250637 -0.0234217 -0.0217018 -0.019961 -0.0182474 -0.0165874 -0.0149495 -0.0134136 -0.0119651 -0.0106265 -0.00939936 -0.00827855 -0.00724767 -0.00635869 -0.00555541 -0.00482921 -0.00419993 -0.00365302 -0.00314539 -0.00271229 -0.00231672 -0.00194239 -0.00159932 -0.00127121 -0.000917791 -0.000577483 -0.000210885 0.000208551 0.000664339 0.00115453 0.00173758 0.00238467 0.00312301 0.0039536 0.00487599 0.00590121 0.0070782 0.00832892 0.00968538 0.0111609 0.0127372 0.0143639 0.0160877 0.0178354 0.0195973 0.0213446 0.0230822 0.0247319 0.0262827 0.0276996 0.0289637 0.0300018 0.0308337 0.0314249 0.0317111 0.031706 0.0314056 0.0307712 0.0298134 0.0285681 0.0269976 0.0251557 0.0230311 0.0206837 0.0181257 0.0153902 0.0125111 0.00955797 0.00651421 0.00343875 0.000389474 -0.00262903 -0.00557995 -0.00844182 -0.0111632 -0.0137765 -0.0162531 -0.0185965 -0.0207921 -0.0228735 -0.0248482 -0.0267101 -0.0284636 -0.0301375 -0.0317273 -0.0331684 -0.0344695 -0.0355473 -0.036359 -0.0367913 -0.036755 -0.0362352 -0.0351562 -0.0335191 -0.0313577 -0.0287605 -0.025852 -0.0227485 -0.0196 -0.0166136 -0.0139413 -0.0117085 -0.0099863 -0.00878118 -0.00809609 -0.00781382 -0.00783396 -0.00805667 -0.00838394 -0.00875401 -0.00904677 -0.00921673 -0.00925974 -0.0092022 -0.00908926 -0.0089046 -0.00865925 -0.00837937 -0.00809643 -0.00784619 -0.00760891 
0 0.000678166 0.00135083 0.00199907 0.0026548 0.00330488 0.00397583 0.00468656 0.00546305 0.00634746 0.007341 0.00847896 0.00975128 0.0111328 0.0125362 0.0138305 0.0149134 0.0156696 0.0160099 0.0158161 0.0150321 0.0136883 0.0118907 0.00980008 0.0075782 0.00543959 0.00358006 0.00216363 0.00128916 0.00101976 0.00139709 0.00239239 0.00390925 0.00582694 0.00803042 0.0103826 0.0127532 0.0150075 0.0170911 0.0189405 0.0204844 0.021705 0.0225792 0.0231136 0.0232794 0.023067 0.0225033 0.0215877 0.0203002 0.0186746 0.0167273 0.0144711 0.0119234 0.00910883 0.00608338 0.00285652 -0.000532642 -0.00401975 -0.00756168 -0.0111296 -0.0146586 -0.0180973 -0.0214008 -0.0245365 -0.0274373 -0.0300564 -0.0323856 -0.0343751 -0.0359896 -0.037241 -0.0381107 -0.0385784 -0.0386786 -0.0384198 -0.0378225 -0.0369197 -0.0357486 -0.034338 -0.0327271 -0.0309553 -0.0290773 -0.0271109 -0.0250989 -0.0230863 -0.021087 -0.0191311 -0.0172741 -0.0154992 -0.0138179 -0.0122757 -0.010862 -0.00955945 -0.00839605 -0.00735065 -0.00640758 -0.00557975 -0.00484131 -0.00416697 -0.00357341 -0.0030313 -0.00251438 -0.00203505 -0.00157073 -0.00108932 -0.000604796 -9.35735e-05 0.000471791 0.00108208 0.00176056 0.00253932 0.00339422 0.00434936 0.00544185 0.00664922 0.00796651 0.00942645 0.0110056 0.012698 0.0145061 0.0164021 0.0183621 0.0203854 0.0224331 0.0244816 0.0264983 0.028452 0.0303059 0.0320254 0.0335754 0.0349303 0.0360305 0.0368587 0.0373972 0.0376004 0.0374586 0.0369815 0.0361382 0.0349314 0.0333882 0.031515 0.0293273 0.026851 0.0241351 0.0211935 0.018052 0.0147705 0.0113897 0.00791908 0.00442424 0.000939588 -0.00250635 -0.00589014 -0.00918669 -0.0123548 -0.0154018 -0.0183323 -0.0211182 -0.0237673 -0.0263156 -0.028756 -0.0311028 -0.0333488 -0.0355178 -0.0375958 -0.0395227 -0.0412652 -0.0427587 -0.0439111 -0.0445987 -0.0447278 -0.0442293 -0.0430555 -0.0411755 -0.0386406 -0.0355608 -0.0320713 -0.0283339 -0.0245341 -0.0209136 -0.0176673 -0.0149514 -0.0128448 -0.011381 -0.0105337 -0.0101844 -0.0102143 -0.0104817 -0.0108978 -0.0113477 -0.0117166 -0.0119451 -0.0120073 -0.0119614 -0.01182 -0.0115974 -0.0112993 -0.0109447 -0.0105997 -0.0102685 -0.00996429 
0 0.000806213 0.00160761 0.00238785 0.00317923 0.00397583 0.00480596 0.00569851 0.00667631 0.00778819 0.00904125 0.0104628 0.0120458 0.0137418 0.0154562 0.0170383 0.0183595 0.0192893 0.0197064 0.0194921 0.0185815 0.0170093 0.0148984 0.0124293 0.00980237 0.00726177 0.00503053 0.00330162 0.00219781 0.00179146 0.00213195 0.00317343 0.00481876 0.00692506 0.00934683 0.0119333 0.0145222 0.0169782 0.0192182 0.0211747 0.0227758 0.0239995 0.0248238 0.0252536 0.0252743 0.0248798 0.0241041 0.022949 0.0214162 0.0195294 0.0173182 0.0147905 0.011974 0.00889384 0.00559496 0.00210309 -0.00155091 -0.00530716 -0.00912388 -0.0129631 -0.0167741 -0.0204909 -0.024081 -0.0274971 -0.0306833 -0.033593 -0.0362078 -0.0384764 -0.0403681 -0.0418779 -0.042985 -0.043677 -0.0439688 -0.043872 -0.0433966 -0.0425793 -0.0414476 -0.0400398 -0.0383884 -0.0365427 -0.0345398 -0.0324187 -0.0302175 -0.0279856 -0.0257394 -0.0235216 -0.0213704 -0.0192981 -0.0173182 -0.0154712 -0.0137532 -0.012165 -0.0107198 -0.00941174 -0.00822461 -0.00716369 -0.00620654 -0.00533636 -0.00454959 -0.00382558 -0.00313904 -0.00249014 -0.00185538 -0.00121267 -0.000556096 0.000133159 0.000880987 0.00168767 0.00257911 0.00357637 0.00467744 0.00589456 0.0072563 0.00874718 0.0103684 0.0121275 0.0140141 0.0160075 0.0181063 0.0202799 0.0225103 0.0247717 0.0270376 0.029271 0.0314455 0.033519 0.0354612 0.037227 0.0387855 0.0401008 0.0411331 0.0418553 0.0422513 0.0422891 0.0419561 0.0412606 0.0401881 0.0387445 0.03695 0.034827 0.0323796 0.0296474 0.0266674 0.0234648 0.0200659 0.0165316 0.0128912 0.00917086 0.00542203 0.00167757 -0.0020309 -0.00568648 -0.00926063 -0.0127304 -0.0160934 -0.0193637 -0.0225157 -0.0255636 -0.0285333 -0.0314234 -0.0342424 -0.0369864 -0.0396673 -0.0422601 -0.0447101 -0.0469522 -0.0489159 -0.0504766 -0.0514967 -0.0518626 -0.051477 -0.050288 -0.0482604 -0.0454514 -0.0419834 -0.0380131 -0.0337331 -0.0293709 -0.0251928 -0.0214356 -0.0182817 -0.0158305 -0.0141302 -0.013138 -0.0127372 -0.0127829 -0.0131163 -0.0136254 -0.0141678 -0.0146241 -0.0149164 -0.0150197 -0.0149863 -0.0148287 -0.0145714 -0.0142223 -0.0138084 -0.0133971 -0.0129976 -0.0126261 
0 0.000938018 0.00185998 0.00279322 0.0037197 0.00468656 0.00569851 0.00678819 0.00800467 0.0093601 0.0109085 0.0126399 0.0145533 0.0165889 0.0186181 0.0205005 0.0220616 0.0231619 0.0236503 0.0234075 0.0223645 0.0205651 0.0181411 0.0152882 0.0122625 0.00930222 0.00669275 0.00462347 0.00324808 0.00267121 0.00290014 0.00392439 0.0056093 0.00780726 0.0103531 0.0130628 0.0157631 0.0183176 0.0206113 0.0225704 0.0241484 0.0252803 0.0259917 0.0262567 0.0260776 0.0254818 0.0244724 0.0230806 0.0213252 0.0192221 0.0167993 0.0140948 0.0111024 0.00787824 0.00444702 0.000830348 -0.00292679 -0.00678443 -0.0107092 -0.0146562 -0.0185687 -0.022417 -0.026136 -0.0296888 -0.033033 -0.0361282 -0.0389242 -0.0414081 -0.0435333 -0.0452715 -0.0466239 -0.0475735 -0.0481069 -0.0482428 -0.047994 -0.0473561 -0.0463779 -0.0450912 -0.0435244 -0.0417085 -0.0397029 -0.0375309 -0.0352376 -0.0328678 -0.0304726 -0.0280598 -0.0256677 -0.0233406 -0.0211125 -0.0189784 -0.0169624 -0.015084 -0.0133536 -0.0117598 -0.0103024 -0.00897311 -0.00776695 -0.00666342 -0.00564671 -0.00469975 -0.00381 -0.00295198 -0.00210911 -0.00126307 -0.000398763 0.000509031 0.00147847 0.00252933 0.00366662 0.0049135 0.00629143 0.0078081 0.00944525 0.0112202 0.0131412 0.015197 0.0173515 0.0196058 0.0219437 0.0243415 0.0267572 0.0291829 0.0315732 0.0338884 0.0361001 0.0381885 0.0400859 0.0417684 0.0432096 0.044364 0.045203 0.0457234 0.0458914 0.0456868 0.045122 0.0441833 0.0428759 0.0412146 0.0392214 0.0368958 0.0342798 0.0313902 0.0282601 0.0249248 0.0214228 0.0177791 0.0140453 0.0102476 0.00640458 0.00257704 -0.00123359 -0.00500482 -0.00870977 -0.0123416 -0.0159125 -0.0194019 -0.0228356 -0.026209 -0.0295304 -0.0328347 -0.0360914 -0.0393219 -0.042516 -0.045638 -0.0486298 -0.0514188 -0.0538884 -0.0559143 -0.0573367 -0.058001 -0.0578235 -0.0566955 -0.0546187 -0.0516364 -0.047874 -0.043527 -0.0387996 -0.0339715 -0.0293252 -0.0251372 -0.0216073 -0.0188732 -0.0169722 -0.0158675 -0.0154409 -0.0155114 -0.0159397 -0.0165437 -0.0171961 -0.017754 -0.0181175 -0.0182943 -0.0182766 -0.018129 -0.0178503 -0.0174608 -0.0170175 -0.0165383 -0.0160929 -0.0156559 
0 0.00107042 0.00214711 0.00321752 0.00432142 0.00546305 0.00667631 0.00800467 0.00946428 0.0111185 0.0129752 0.0150462 0.0173194 0.0196927 0.0220588 0.0242327 0.0260336 0.0272986 0.0278437 0.027557 0.0263746 0.0243298 0.0215806 0.0183382 0.014874 0.0114976 0.00845981 0.00601879 0.0043398 0.00350781 0.00359004 0.00449178 0.00613147 0.00832986 0.010883 0.013621 0.0163318 0.0188826 0.0211399 0.0230292 0.0244794 0.0254844 0.0260117 0.0260744 0.0256975 0.0248773 0.0236631 0.022062 0.0201184 0.017845 0.0152984 0.0124664 0.00941853 0.00616053 0.0027028 -0.000890874 -0.00461747 -0.00843953 -0.0123134 -0.0161943 -0.0200787 -0.0238728 -0.0275921 -0.0311585 -0.0345412 -0.0377014 -0.040611 -0.0432132 -0.0455111 -0.0474712 -0.0490547 -0.0502644 -0.0510799 -0.0515048 -0.0515215 -0.0511839 -0.0504685 -0.0494061 -0.0480171 -0.0463746 -0.0444549 -0.0423522 -0.0400858 -0.0376912 -0.0351857 -0.0326702 -0.0301357 -0.0276295 -0.0251572 -0.022776 -0.0205006 -0.0183567 -0.0163138 -0.0144224 -0.0126746 -0.0110579 -0.00955486 -0.00818089 -0.00689067 -0.00568575 -0.00453951 -0.00343135 -0.00233481 -0.00124893 -0.000117618 0.0010553 0.00228787 0.00360649 0.00505079 0.0065934 0.00826552 0.0100603 0.0120074 0.0140848 0.0162819 0.0185578 0.0209659 0.0234405 0.0259552 0.0284815 0.0310254 0.0334936 0.0359067 0.0382061 0.0403602 0.0423007 0.0440424 0.0455214 0.0467222 0.0476083 0.0481857 0.0484022 0.0482651 0.047792 0.0469544 0.0457671 0.0442498 0.0424039 0.0402287 0.0377951 0.0350709 0.0321279 0.0289731 0.0256401 0.022153 0.0185674 0.0148742 0.0111391 0.00737902 0.00359529 -0.000165104 -0.00391289 -0.00762568 -0.0113164 -0.0149598 -0.0185948 -0.0221977 -0.0258048 -0.0294222 -0.0330539 -0.0367168 -0.0404006 -0.0440874 -0.0477306 -0.0512835 -0.0546117 -0.0576306 -0.0601479 -0.0620042 -0.0630504 -0.0631125 -0.0621441 -0.060091 -0.057018 -0.0530688 -0.0484264 -0.0433589 -0.0381644 -0.0331464 -0.0286165 -0.0248001 -0.021839 -0.0198064 -0.0186272 -0.0182009 -0.0183453 -0.0188662 -0.019613 -0.0203835 -0.0210632 -0.0215466 -0.0217945 -0.0218515 -0.0217161 -0.0214429 -0.0210509 -0.020573 -0.0200822 -0.0195822 -0.0191097 
0 0.00123205 0.00245674 0.00371997 0.00499287 0.00634746 0.00778819 0.0093601 0.0111185 0.0130676 0.0152732 0.0177037 0.0203421 0.023082 0.0257703 0.0282403 0.0302673 0.0316735 0.0322535 0.0318998 0.0305445 0.0282428 0.0251468 0.0214807 0.0175785 0.0137183 0.0102346 0.0073594 0.00529338 0.00416921 0.00398353 0.00470796 0.00620563 0.00830466 0.0107913 0.0134546 0.0160856 0.0185552 0.020702 0.0224432 0.0237538 0.0245632 0.0249119 0.0247679 0.0241725 0.0231706 0.0217656 0.0200009 0.0179343 0.0155736 0.0129519 0.0101135 0.00706383 0.00385917 0.000493407 -0.00298671 -0.00655535 -0.0101964 -0.0138933 -0.0175998 -0.0212888 -0.0249435 -0.0285181 -0.0319655 -0.0352746 -0.0384246 -0.0413383 -0.0440252 -0.0464504 -0.0485592 -0.0503493 -0.0518215 -0.0529214 -0.0536627 -0.0540342 -0.0540185 -0.0536305 -0.0528921 -0.0518158 -0.0504217 -0.0487334 -0.0467975 -0.0446462 -0.0423111 -0.0398648 -0.0373214 -0.0346876 -0.0320487 -0.0294531 -0.0268715 -0.0243514 -0.0219385 -0.0196284 -0.0174356 -0.0153783 -0.0134325 -0.0116173 -0.00992751 -0.00832441 -0.00680277 -0.00536251 -0.00394771 -0.00254846 -0.0011559 0.000273329 0.00176172 0.00331213 0.00496692 0.00671887 0.00857103 0.0105687 0.0126982 0.014907 0.0172354 0.0196871 0.0222072 0.0247773 0.0273895 0.0300034 0.0326018 0.0351462 0.0375934 0.0399138 0.0420614 0.0440107 0.0457402 0.0472012 0.0483717 0.0492457 0.0497808 0.0499969 0.0498877 0.0494325 0.0486463 0.0475497 0.0461163 0.0443941 0.0423988 0.0401371 0.0376277 0.0349106 0.0319999 0.0289096 0.0256852 0.0223573 0.018928 0.0154234 0.0118881 0.00829602 0.00469524 0.00107801 -0.00254171 -0.00615284 -0.00977906 -0.0134226 -0.0170701 -0.020775 -0.0245408 -0.0283549 -0.0322757 -0.0362634 -0.0403493 -0.0444875 -0.0486237 -0.0527023 -0.0565913 -0.0601358 -0.063163 -0.0654849 -0.066901 -0.0672783 -0.0664838 -0.0645281 -0.0614481 -0.0573797 -0.0525576 -0.0472397 -0.0417811 -0.0364908 -0.0317078 -0.0276763 -0.0245737 -0.022454 -0.0212614 -0.0208906 -0.021132 -0.0218213 -0.0227207 -0.0236662 -0.0245084 -0.0251281 -0.0255245 -0.0256555 -0.025595 -0.0253548 -0.0249756 -0.0245293 -0.0240153 -0.0235208 -0.0230212 
0 0.00140001 0.002814 0.00426213 0.00575743 0.007341 0.00904125 0.0109085 0.0129752 0.0152732 0.0178359 0.0206425 0.0236533 0.0267346 0.029736 0.0324647 0.034687 0.0362003 0.0367827 0.036323 0.0347736 0.0321766 0.0287045 0.0245972 0.0201967 0.0158448 0.0118477 0.00849321 0.00599342 0.00447248 0.00396735 0.00439663 0.00565912 0.0075683 0.00988813 0.012407 0.0149047 0.0172382 0.0192426 0.0208284 0.0219502 0.0225905 0.0227434 0.0224119 0.0216532 0.0204951 0.0189666 0.0171017 0.0149636 0.0125687 0.00996425 0.00715945 0.00421662 0.00115146 -0.00204945 -0.0053185 -0.00865103 -0.0120419 -0.0154618 -0.0188747 -0.0222912 -0.025665 -0.0290069 -0.0322559 -0.0354065 -0.0384394 -0.0413039 -0.0439749 -0.0464557 -0.0486952 -0.0506604 -0.0523528 -0.053729 -0.0547807 -0.0554811 -0.0558523 -0.0558586 -0.0554993 -0.0547844 -0.0537534 -0.0523717 -0.0507198 -0.0488124 -0.0466606 -0.0443078 -0.0418368 -0.0392342 -0.0365666 -0.0338563 -0.0311314 -0.0284373 -0.0258137 -0.0232291 -0.0207434 -0.0183748 -0.0161032 -0.0139356 -0.011895 -0.00993291 -0.00805683 -0.00625425 -0.00448248 -0.00272311 -0.000975743 0.000824894 0.00267626 0.00458238 0.00658651 0.00870532 0.0108995 0.0132077 0.0156155 0.018112 0.0206936 0.0233398 0.0259916 0.028693 0.0313856 0.0340155 0.0365664 0.0390295 0.0413114 0.0434299 0.0453378 0.0469967 0.0483664 0.0494641 0.0502505 0.0507255 0.0508721 0.050719 0.0502343 0.0494323 0.0483565 0.0469963 0.0453555 0.043484 0.0413876 0.0390631 0.0365748 0.0339154 0.0311291 0.0282126 0.0251959 0.0221003 0.0189365 0.0156927 0.0124309 0.0091287 0.00578024 0.00241379 -0.000984782 -0.00441609 -0.00790832 -0.0114476 -0.0150583 -0.0187652 -0.0226013 -0.0265597 -0.0306714 -0.0349441 -0.0393735 -0.0439097 -0.0484916 -0.0530559 -0.0574363 -0.0614814 -0.0649768 -0.0677301 -0.0695408 -0.0702101 -0.0696484 -0.067825 -0.0647904 -0.0606924 -0.0557528 -0.050288 -0.044656 -0.0391896 -0.0342475 -0.0300933 -0.0269148 -0.0247814 -0.0236242 -0.0233456 -0.0237446 -0.0246154 -0.025735 -0.0268913 -0.0279475 -0.028786 -0.0293624 -0.0296642 -0.0297152 -0.0295672 -0.0292644 -0.0288592 -0.0283923 -0.0279004 -0.0274102 
0 0.00160341 0.00322812 0.00490258 0.00663685 0.00847896 0.0104628 0.0126399 0.0150462 0.0177037 0.0206425 0.023829 0.0272006 0.030613 0.0338947 0.0368435 0.0392125 0.0407736 0.0413001 0.0406807 0.0388785 0.0359485 0.0320628 0.0274788 0.0225615 0.0176664 0.0131251 0.0092356 0.00623255 0.0042601 0.00334584 0.00342028 0.00437486 0.00602303 0.00812154 0.0104395 0.0127574 0.0149243 0.0167686 0.018192 0.0191578 0.0196424 0.0196471 0.019173 0.0182832 0.0170214 0.015414 0.0135044 0.0113631 0.00901213 0.00648545 0.00380608 0.00102411 -0.00184022 -0.00479946 -0.00779582 -0.0108214 -0.0138805 -0.01696 -0.0200301 -0.0230977 -0.0261459 -0.0291745 -0.0321393 -0.0350497 -0.0378996 -0.040634 -0.0432441 -0.045723 -0.0480176 -0.0501015 -0.0519767 -0.0535943 -0.0549389 -0.0559803 -0.0567173 -0.0571173 -0.057175 -0.056892 -0.056277 -0.0552987 -0.0540122 -0.052428 -0.0505546 -0.0484426 -0.0461383 -0.0436326 -0.0410034 -0.0382911 -0.0354987 -0.0326738 -0.0298648 -0.0270626 -0.0243123 -0.0216387 -0.0190279 -0.0165024 -0.0140795 -0.0117231 -0.0094387 -0.00722414 -0.00503342 -0.00285534 -0.000686502 0.00152513 0.00378665 0.00609587 0.0084884 0.0109631 0.013497 0.016123 0.0188161 0.0215398 0.0243086 0.0271063 0.0298672 0.0326023 0.0352714 0.0378213 0.0402379 0.0425012 0.0445352 0.0463428 0.0478936 0.0491624 0.0501287 0.0508018 0.0511582 0.0512047 0.0509361 0.0503903 0.0495526 0.0484367 0.0470849 0.0455019 0.043688 0.0417034 0.0395615 0.0372586 0.0348423 0.0323209 0.0297134 0.0270173 0.0242627 0.0214627 0.0186105 0.0156975 0.0127684 0.00979182 0.00676165 0.00369276 0.000575996 -0.00260483 -0.00588345 -0.00925644 -0.0127474 -0.0164016 -0.0202464 -0.0242743 -0.028522 -0.0329944 -0.0376868 -0.0425397 -0.0474878 -0.0524566 -0.0572706 -0.0617456 -0.0656623 -0.0688107 -0.0709689 -0.0719331 -0.0715944 -0.069932 -0.0669905 -0.0629144 -0.0579436 -0.0524089 -0.0466878 -0.0411288 -0.0361004 -0.0318902 -0.0286995 -0.0265996 -0.0255329 -0.0253987 -0.0259999 -0.0271169 -0.0285004 -0.029934 -0.0312677 -0.0323815 -0.0332181 -0.033742 -0.03398 -0.0339839 -0.0338105 -0.0335166 -0.0331348 -0.0327102 -0.0322703 
0 0.00183315 0.00369157 0.00562296 0.00762126 0.00975128 0.0120458 0.0145533 0.0173194 0.0203421 0.0236533 0.0272006 0.0309007 0.0346046 0.038113 0.041222 0.0436726 0.0452138 0.0456216 0.0447836 0.0426714 0.0393607 0.0350185 0.0299202 0.0244549 0.018978 0.0138624 0.00940223 0.00585385 0.00338738 0.00200683 0.00167614 0.00226552 0.0035979 0.00543248 0.00751814 0.00964235 0.0116412 0.0133408 0.0146271 0.0154776 0.0158469 0.0157577 0.0152042 0.014247 0.0129518 0.0113316 0.00944317 0.00735545 0.00510504 0.00270632 0.000215015 -0.00235068 -0.00495834 -0.00761882 -0.0103004 -0.0129842 -0.0156798 -0.018386 -0.0210834 -0.0237609 -0.0264502 -0.0291238 -0.0317675 -0.0343906 -0.037 -0.0395353 -0.0420155 -0.0444229 -0.0467108 -0.0488601 -0.0508621 -0.0526679 -0.0542531 -0.0556023 -0.0566815 -0.0574709 -0.0579463 -0.0581095 -0.0579322 -0.0574126 -0.0565597 -0.0553844 -0.0538737 -0.0520906 -0.0500423 -0.0477421 -0.0452441 -0.0426058 -0.0398143 -0.0369318 -0.0339957 -0.0310237 -0.0280394 -0.0250841 -0.0221468 -0.0192622 -0.0164353 -0.0136561 -0.0109219 -0.00824421 -0.00557957 -0.00292979 -0.000281937 0.00238818 0.00509657 0.0078323 0.0106294 0.0134654 0.0163343 0.0192467 0.0221889 0.0251039 0.0280142 0.0308879 0.0336779 0.0363579 0.0389172 0.0412908 0.0434715 0.0454222 0.0471154 0.0485279 0.0496564 0.0504752 0.0509932 0.0512012 0.0511116 0.0507289 0.0500618 0.0491402 0.0479754 0.0465785 0.0449902 0.0432391 0.0413158 0.0392806 0.0371478 0.0349228 0.0326201 0.0302849 0.0278963 0.0254612 0.0230006 0.0205225 0.0179984 0.0154415 0.0128694 0.0102466 0.0075769 0.00484271 0.00204677 -0.000847662 -0.00387153 -0.00704019 -0.0103617 -0.0139116 -0.0177023 -0.0217329 -0.0260518 -0.0306493 -0.0355283 -0.0406165 -0.0458468 -0.0511255 -0.0562834 -0.0610968 -0.0653569 -0.0688347 -0.0712828 -0.0725127 -0.0723765 -0.0708753 -0.0680421 -0.0640155 -0.0590626 -0.0535148 -0.0477709 -0.0421934 -0.0371531 -0.0329576 -0.0298192 -0.0278039 -0.0268764 -0.0269284 -0.0277677 -0.0291731 -0.0308588 -0.0326216 -0.0342899 -0.0357412 -0.0369145 -0.0377352 -0.038247 -0.0384852 -0.0385185 -0.0384141 -0.0381809 -0.0378913 -0.0375573 
0 0.00208751 0.00422277 0.0064147 0.00871228 0.0111328 0.0137418 0.0165889 0.0196927 0.023082 0.0267346 0.030613 0.0346046 0.0385414 0.0422221 0.0454213 0.047879 0.0493249 0.0495475 0.0484166 0.0459475 0.0421972 0.0373579 0.0317258 0.0256602 0.0195982 0.013862 0.00880877 0.00470069 0.00168844 -0.000159621 -0.000932921 -0.000722895 0.000282521 0.00183793 0.00369077 0.00563731 0.00747805 0.00906119 0.0102692 0.0110315 0.0113724 0.0112409 0.0106796 0.00974153 0.00847137 0.00691403 0.00512036 0.00314754 0.00104454 -0.00115184 -0.0034372 -0.00573292 -0.00805475 -0.0103976 -0.0127352 -0.0150557 -0.0173859 -0.0197064 -0.0220116 -0.0243227 -0.0266256 -0.0289407 -0.0312527 -0.0335703 -0.0358859 -0.0382061 -0.0404912 -0.042761 -0.0449887 -0.0471397 -0.0491899 -0.0511304 -0.0529072 -0.054491 -0.0558808 -0.0570294 -0.0578974 -0.0584775 -0.058763 -0.0587038 -0.0583186 -0.0576021 -0.0565425 -0.0551331 -0.0534284 -0.0514324 -0.0491739 -0.0466651 -0.0439621 -0.0410991 -0.0381146 -0.0350096 -0.0318425 -0.0286346 -0.0254046 -0.0221574 -0.0189269 -0.0157012 -0.0124983 -0.00930799 -0.00613385 -0.00296388 0.000194054 0.00336939 0.00654388 0.00972341 0.0129103 0.0161154 0.0192992 0.0224627 0.0255831 0.0286602 0.0316493 0.0345165 0.0372243 0.0397847 0.042133 0.0442336 0.0460752 0.0476532 0.0489132 0.0498776 0.0505451 0.0508949 0.0509258 0.0506835 0.0501607 0.0493613 0.0483325 0.0470898 0.0456375 0.0440169 0.0422779 0.0404062 0.0384494 0.0364301 0.0343628 0.0322466 0.0301245 0.0279811 0.0258361 0.0236808 0.021518 0.0193559 0.0171786 0.0149735 0.0127521 0.0105067 0.00817772 0.00579649 0.00332516 0.000725879 -0.00203026 -0.00495422 -0.00809753 -0.0114904 -0.0151746 -0.0191709 -0.023473 -0.0281416 -0.0331195 -0.0383578 -0.043786 -0.0492887 -0.0546866 -0.0597633 -0.0642767 -0.0679938 -0.0706807 -0.0720875 -0.0721316 -0.0707499 -0.0680052 -0.0640488 -0.0591179 -0.0536076 -0.0478801 -0.0423363 -0.0373421 -0.0332137 -0.0301699 -0.028285 -0.0275314 -0.0278012 -0.0289243 -0.0306369 -0.0326842 -0.0348164 -0.036874 -0.0387388 -0.0402926 -0.0415083 -0.0423579 -0.042918 -0.0432527 -0.0433976 -0.0434208 -0.0433226 -0.0431776 
0 0.00235668 0.00475499 0.00723666 0.00981414 0.0125362 0.0154562 0.0186181 0.0220588 0.0257703 0.029736 0.0338947 0.038113 0.0422221 0.0460018 0.049214 0.0516006 0.052873 0.0528298 0.0513609 0.0484606 0.0442433 0.038876 0.0326718 0.0260256 0.0193275 0.0129889 0.00732869 0.00263706 -0.00089657 -0.0032489 -0.00444123 -0.00460605 -0.00391953 -0.00261691 -0.000961094 0.00083119 0.00256954 0.00408723 0.0052522 0.0060307 0.00637415 0.00629429 0.00580556 0.00494469 0.0037866 0.0023607 0.000719238 -0.00107136 -0.00295942 -0.00494478 -0.00695135 -0.00898471 -0.0110163 -0.0130279 -0.0150321 -0.0170065 -0.0189583 -0.0209086 -0.0228582 -0.024786 -0.0267508 -0.0287118 -0.0306894 -0.0326905 -0.0347297 -0.0367785 -0.0388619 -0.0409598 -0.0430506 -0.0451264 -0.0471749 -0.0491636 -0.0510544 -0.0528443 -0.0544622 -0.055894 -0.0571131 -0.0581025 -0.0587926 -0.059206 -0.0592882 -0.0590342 -0.0584263 -0.0574988 -0.0562014 -0.0545595 -0.0525859 -0.0503422 -0.047814 -0.0450393 -0.0420468 -0.0389028 -0.0356037 -0.0321891 -0.0286756 -0.0251035 -0.0214691 -0.017804 -0.0141061 -0.0104018 -0.00668563 -0.00297933 0.000723945 0.00439677 0.00805425 0.0116796 0.0152681 0.018783 0.0222472 0.025631 0.0289124 0.032034 0.035009 0.0378008 0.040385 0.0426877 0.0447322 0.0464852 0.0479371 0.0490545 0.0498761 0.050355 0.050525 0.0503948 0.049993 0.0493024 0.048377 0.0472217 0.0458717 0.0443543 0.0427105 0.0409534 0.0391076 0.0372149 0.0352743 0.0333175 0.0313631 0.0294211 0.0274678 0.025562 0.0236566 0.0217663 0.0199035 0.0180581 0.0161974 0.0143456 0.0124661 0.0105414 0.00856768 0.00649656 0.00433616 0.0020313 -0.000451313 -0.00314135 -0.00606297 -0.00929262 -0.0128393 -0.0167312 -0.0210022 -0.0256514 -0.0306725 -0.0359939 -0.04154 -0.0471843 -0.0527508 -0.0579863 -0.0626697 -0.0665456 -0.0693507 -0.0708955 -0.0710214 -0.0697216 -0.0670393 -0.0631115 -0.0582337 -0.0527503 -0.04707 -0.0415895 -0.0366666 -0.0326402 -0.0297177 -0.0279807 -0.0274258 -0.0279387 -0.0293525 -0.031417 -0.0338373 -0.036394 -0.0388953 -0.0412136 -0.0432465 -0.0449018 -0.0461961 -0.047159 -0.0478628 -0.0483667 -0.048683 -0.0488764 -0.0489688 
0 0.00259731 0.00525199 0.0079809 0.0108351 0.0138305 0.0170383 0.0205005 0.0242327 0.0282403 0.0324647 0.0368435 0.041222 0.0454213 0.049214 0.0523514 0.0545685 0.0555827 0.0552129 0.0533323 0.0499837 0.0452559 0.0393494 0.0325921 0.0253403 0.0180595 0.0111128 0.00487884 -0.000351065 -0.00441065 -0.00721254 -0.00881796 -0.00932946 -0.00892817 -0.00784666 -0.0063471 -0.00463409 -0.0029445 -0.00142288 -0.000202942 0.000625144 0.00107508 0.00109441 0.000742673 4.65751e-05 -0.000940907 -0.0021696 -0.00358625 -0.00515093 -0.00680736 -0.00852123 -0.0102727 -0.0120113 -0.0137479 -0.0154494 -0.0171357 -0.0187819 -0.0204162 -0.022026 -0.0236244 -0.0252283 -0.0268432 -0.0284751 -0.0301508 -0.0318646 -0.0336023 -0.0354086 -0.0372435 -0.0391245 -0.0410546 -0.0430198 -0.0449809 -0.0469554 -0.0488852 -0.0507614 -0.0525501 -0.0542232 -0.0557279 -0.0570341 -0.0581083 -0.0589315 -0.0594567 -0.0596694 -0.0595527 -0.0590574 -0.0581944 -0.0569879 -0.0554098 -0.0534469 -0.0511605 -0.0485644 -0.0456798 -0.0425314 -0.039158 -0.0355809 -0.031849 -0.0279629 -0.023957 -0.0198574 -0.0156929 -0.0114658 -0.00722662 -0.00298151 0.00124571 0.00543567 0.00955321 0.0136008 0.017544 0.0213811 0.0250785 0.0286025 0.0319357 0.0350863 0.0379799 0.0405838 0.0429057 0.0449268 0.0466078 0.0479527 0.048953 0.0496087 0.0499387 0.049948 0.0496607 0.0490819 0.0482371 0.0471621 0.0458948 0.0444384 0.042862 0.0411629 0.0393782 0.0375448 0.0356929 0.0338132 0.0319644 0.0301222 0.0283052 0.0265275 0.0247914 0.0230939 0.0214428 0.0198302 0.0182417 0.0166802 0.0151206 0.0135675 0.0119828 0.0103775 0.00869168 0.0069271 0.00504455 0.00300352 0.000776316 -0.00167089 -0.00439255 -0.00742296 -0.0108032 -0.0145874 -0.0187582 -0.0233801 -0.0283872 -0.0337365 -0.0393435 -0.0450518 -0.0506877 -0.0560059 -0.0607575 -0.0646883 -0.0675539 -0.0691212 -0.0692958 -0.0680078 -0.0653353 -0.0614334 -0.0565618 -0.0511234 -0.0454816 -0.0400693 -0.0352376 -0.0313127 -0.0285149 -0.0269257 -0.0265586 -0.0273066 -0.0290168 -0.0314195 -0.0342487 -0.0372507 -0.0402386 -0.0430798 -0.0456269 -0.0478211 -0.0496156 -0.0510625 -0.0522201 -0.0531199 -0.0538216 -0.0543323 -0.0547217 
0 0.00280314 0.00566394 0.0086094 0.0116852 0.0149134 0.0183595 0.0220616 0.0260336 0.0302673 0.034687 0.0392125 0.0436726 0.047879 0.0516006 0.0545685 0.0565309 0.057208 0.0564329 0.0541056 0.0502586 0.0450189 0.0385839 0.03129 0.023504 0.0156701 0.00819351 0.00144294 -0.00427844 -0.00879233 -0.012011 -0.0139681 -0.0147722 -0.0146031 -0.0136868 -0.0122757 -0.0105986 -0.00888665 -0.00729943 -0.00597376 -0.0049953 -0.00438832 -0.0041827 -0.00432824 -0.00481181 -0.0055783 -0.00656807 -0.00773675 -0.00903525 -0.0104173 -0.0118568 -0.0133112 -0.0147701 -0.0162275 -0.0176368 -0.01903 -0.0203876 -0.0217151 -0.023023 -0.0243261 -0.0256303 -0.0269536 -0.0282881 -0.0296693 -0.0310965 -0.0325649 -0.034111 -0.0357197 -0.0373883 -0.0391197 -0.040915 -0.0427554 -0.0446437 -0.0465451 -0.0484601 -0.050327 -0.0521275 -0.0538393 -0.0554146 -0.0567961 -0.0579847 -0.058904 -0.0595248 -0.0598439 -0.0598211 -0.0594134 -0.0586303 -0.0574433 -0.0558575 -0.0538926 -0.0515337 -0.0487962 -0.0457341 -0.0423571 -0.0386813 -0.0347601 -0.0306163 -0.0262771 -0.0217894 -0.0171834 -0.0124846 -0.00774866 -0.00300362 0.00171966 0.0063724 0.0109273 0.0153671 0.0196351 0.0237077 0.0275802 0.0312036 0.0345427 0.0375879 0.0403048 0.0426778 0.0447096 0.0463523 0.047617 0.0485332 0.0490841 0.0492714 0.0491513 0.0487053 0.0479708 0.0469957 0.0458048 0.0444105 0.0428758 0.0412124 0.0394707 0.0376675 0.035845 0.0340183 0.0321979 0.0303985 0.0286557 0.0269476 0.0252976 0.0237188 0.0221863 0.0207133 0.0192911 0.0179151 0.0165789 0.0152681 0.0139648 0.0126754 0.011342 0.00997742 0.00855141 0.00702945 0.00539173 0.00359911 0.00160976 -0.000615575 -0.0031344 -0.00598668 -0.00920832 -0.0128597 -0.0169373 -0.0214727 -0.0264274 -0.0317511 -0.0373473 -0.0430562 -0.0486921 -0.0540098 -0.0587537 -0.0626618 -0.0654887 -0.0670297 -0.0671687 -0.065853 -0.0631604 -0.0592444 -0.0543879 -0.0489624 -0.0433543 -0.037993 -0.0332258 -0.0293856 -0.0266798 -0.0252134 -0.0250092 -0.02597 -0.0279498 -0.0306848 -0.0339094 -0.0373705 -0.0408639 -0.0442412 -0.0473507 -0.0501062 -0.0524613 -0.0544409 -0.0560946 -0.0574579 -0.0585718 -0.059463 -0.0601815 
0 0.00294265 0.00594196 0.00903845 0.0122703 0.0156696 0.0192893 0.0231619 0.0272986 0.0316735 0.0362003 0.0407736 0.0452138 0.0493249 0.052873 0.0555827 0.057208 0.0574862 0.0562645 0.0534708 0.0491305 0.0433957 0.0364712 0.0286938 0.0204398 0.0121332 0.00421029 -0.00296568 -0.00908782 -0.0139715 -0.0175288 -0.0197687 -0.0208046 -0.0208103 -0.0200049 -0.018626 -0.0169192 -0.0151168 -0.0133915 -0.0118863 -0.0106897 -0.00985957 -0.00940709 -0.00929337 -0.00950882 -0.0100056 -0.0107199 -0.0116101 -0.0126307 -0.0137395 -0.0149075 -0.016078 -0.0172638 -0.0184463 -0.0195831 -0.0207079 -0.0218128 -0.0228871 -0.0239411 -0.0249887 -0.0260337 -0.027095 -0.0281649 -0.0292906 -0.0304629 -0.0316808 -0.0329759 -0.0343499 -0.0357933 -0.0373217 -0.0389382 -0.0406279 -0.0423841 -0.0441908 -0.0460573 -0.0479261 -0.0497863 -0.0516172 -0.0533612 -0.054962 -0.0564298 -0.0576755 -0.0586634 -0.0593751 -0.0597611 -0.0597705 -0.059419 -0.0586499 -0.0574488 -0.0558221 -0.0537567 -0.0512441 -0.0483268 -0.0450017 -0.0412945 -0.0372549 -0.0329158 -0.0283055 -0.0234909 -0.0185088 -0.0134048 -0.00824002 -0.00306143 0.00209356 0.00715344 0.012081 0.0168393 0.0213698 0.025629 0.0296021 0.0332294 0.0364954 0.039389 0.0418762 0.0439439 0.0456249 0.0468793 0.0477325 0.0482165 0.0483246 0.0480674 0.0475271 0.0466871 0.0455878 0.0442869 0.0428153 0.0411875 0.0394783 0.0377023 0.0358904 0.0340605 0.0322514 0.0304758 0.0287343 0.0270538 0.0254516 0.0239023 0.0224219 0.0210326 0.019696 0.01843 0.0172218 0.016063 0.0149393 0.013833 0.0127364 0.0116535 0.010528 0.00936951 0.00816477 0.00685259 0.00542072 0.00383226 0.00204211 2.39911e-06 -0.00234048 -0.00502859 -0.00810261 -0.0116257 -0.0156066 -0.0200483 -0.0249319 -0.0301971 -0.0357373 -0.0413861 -0.0469545 -0.052202 -0.056867 -0.0606857 -0.0634137 -0.0648709 -0.064923 -0.0635318 -0.0607754 -0.0568135 -0.0519421 -0.0465083 -0.040917 -0.0355885 -0.0308716 -0.0270908 -0.0244478 -0.023067 -0.0229796 -0.0241025 -0.0262927 -0.0293046 -0.0328758 -0.0367585 -0.0407335 -0.044633 -0.0483041 -0.0516328 -0.0545696 -0.0571094 -0.0592883 -0.0611436 -0.0626982 -0.0639953 -0.065065 
0 0.00300519 0.00606888 0.00922759 0.0125326 0.0160099 0.0197064 0.0236503 0.0278437 0.0322535 0.0367827 0.0413001 0.0456216 0.0495475 0.0528298 0.0552129 0.0564329 0.0562645 0.0545809 0.0513045 0.0465058 0.0403053 0.0329519 0.0247789 0.016131 0.00747101 -0.00081 -0.00830805 -0.0147271 -0.0198979 -0.0236923 -0.0261319 -0.0273124 -0.0274094 -0.0266349 -0.0252288 -0.0234194 -0.0214757 -0.0195603 -0.0178071 -0.0163536 -0.0152253 -0.0144759 -0.0140567 -0.0139597 -0.0141572 -0.0145838 -0.0151773 -0.0159146 -0.0167588 -0.0176419 -0.0185614 -0.0194868 -0.0204207 -0.0213211 -0.0222103 -0.0230786 -0.0239394 -0.0247728 -0.0255962 -0.0264444 -0.0272839 -0.0281359 -0.0290404 -0.0299932 -0.0309704 -0.0320525 -0.0332025 -0.0344295 -0.035752 -0.0371821 -0.0386865 -0.040288 -0.0419715 -0.0437277 -0.0455295 -0.0473686 -0.0492229 -0.0510307 -0.0527753 -0.0544215 -0.0559001 -0.0571648 -0.0582116 -0.0589373 -0.0593223 -0.0593545 -0.0589858 -0.0581475 -0.0568723 -0.055116 -0.0528731 -0.0501362 -0.0469331 -0.0432626 -0.0391903 -0.0347278 -0.0299426 -0.0248841 -0.0196258 -0.0142013 -0.00870737 -0.00318206 0.00229914 0.00768255 0.0128862 0.0178767 0.0225671 0.0269368 0.0309232 0.0344882 0.0376046 0.040301 0.0425106 0.0442549 0.045564 0.0464463 0.0468882 0.0469628 0.0466673 0.046039 0.0451262 0.0439682 0.0425903 0.0410563 0.0393951 0.0376461 0.0358504 0.0340297 0.0322233 0.0304313 0.0286887 0.0270096 0.0253967 0.0238427 0.0224037 0.0210223 0.0197191 0.0185087 0.0173719 0.0162721 0.0152478 0.0142697 0.0133096 0.0123746 0.0114564 0.0105373 0.00957894 0.00859825 0.00754782 0.00641485 0.00514101 0.00371313 0.0020853 0.000194134 -0.00201808 -0.00456875 -0.00752389 -0.0109477 -0.0148193 -0.0191797 -0.0239696 -0.0291559 -0.0346189 -0.0401736 -0.0456412 -0.0507829 -0.055322 -0.0589981 -0.061589 -0.0628948 -0.0628275 -0.0613131 -0.0584554 -0.0544378 -0.0495132 -0.0440678 -0.0384657 -0.0331427 -0.0284501 -0.0246776 -0.022054 -0.0206991 -0.020664 -0.0218794 -0.0242044 -0.0274133 -0.0312629 -0.0354958 -0.039891 -0.0442647 -0.0484437 -0.0523241 -0.0558123 -0.0589013 -0.0616044 -0.0639382 -0.0659501 -0.0676444 -0.0690728 
