0 0 0 0 0 0 0 0 0 0 0 0 0 0 0 0 0 0 0 0 0 0 0 0 0 0 0 0 0 0 0 0 0 0 0 0 0 0 0 0 0 0 0 0 0 0 0 0 0 0 0 0 0 0 0 0 0 0 0 0 0 0 0 0 0 0 0 0 0 0 0 0 0 0 0 0 0 0 0 0 0 0 0 0 0 0 0 0 0 0 0 0 0 0 0 0 0 0 0 0 0 0 0 0 0 0 0 0 0 0 0 0 0 0 0 0 0 0 0 0 0 0 0 0 0 0 0 0 0 0 0 0 0 0 0 0 0 0 0 0 0 0 0 0 0 0 0 0 0 0 0 0 0 0 0 0 0 0 0 0 0 0 0 0 0 0 0 0 0 0 0 0 0 0 0 0 0 0 0 0 0 0 0 0 0 0 0 0 0 0 0 0 0 0 0 0 0 0 0 0 
0 0.000546698 0.00106004 0.00148393 0.00178715 0.00194313 0.00193935 0.00175668 0.00140878 0.000931484 0.000335019 -0.000347959 -0.00108514 -0.00182959 -0.00254781 -0.00319967 -0.00373391 -0.00415589 -0.00445973 -0.0046552 -0.00473774 -0.00471018 -0.00458932 -0.00437277 -0.00410428 -0.00379718 -0.00348007 -0.00316606 -0.0028487 -0.0025399 -0.00224484 -0.00198652 -0.00175911 -0.00156204 -0.00139849 -0.00125004 -0.00110601 -0.000986047 -0.000887482 -0.000817244 -0.000756959 -0.00069723 -0.000640643 -0.000584889 -0.000552625 -0.000519581 -0.000499354 -0.000480915 -0.000453508 -0.000418652 -0.000389684 -0.000366582 -0.000355158 -0.000346071 -0.000326737 -0.000306117 -0.000286606 -0.000276019 -0.000263109 -0.000258522 -0.000248132 -0.000240129 -0.000221654 -0.000203107 -0.000180328 -0.000175289 -0.000176575 -0.000173995 -0.000171853 -0.00017048 -0.000164811 -0.00017022 -0.0001834 -0.000209405 -0.000255688 -0.000294216 -0.000356117 -0.000445996 -0.000550808 -0.000677328 -0.000835999 -0.00100225 -0.00119262 -0.00138009 -0.00156458 -0.00172748 -0.00185657 -0.00193321 -0.00194812 -0.0018503 -0.00164179 -0.00130297 -0.000838968 -0.000271201 0.000353813 0.00102076 0.00166875 0.00225653 0.00273785 0.00307702 0.00322231 0.0031796 0.00294369 0.00253835 0.00200282 0.00140129 0.000761137 0.000149884 -0.000397822 -0.000858924 -0.0012214 -0.00146297 -0.00161446 -0.00166679 -0.00164225 -0.00155395 -0.00142039 -0.00124998 -0.00106963 -0.000875431 -0.000707533 -0.000550767 -0.000408834 -0.000292255 -0.000190447 -9.21272e-05 -3.17382e-05 1.272e-05 4.59184e-05 7.58916e-05 0.000108338 0.000128594 0.00014077 0.000156431 0.000165097 0.000162607 0.000164078 0.000163381 0.00017529 0.000191843 0.000209923 0.000213569 0.000220288 0.000221678 0.000235553 0.000251922 0.000268913 0.000278408 0.000286266 0.000294193 0.000302862 0.000321395 0.000352428 0.000382609 0.000404968 0.000425249 0.000434613 0.000470434 0.000510679 0.000552497 0.00059058 0.000628682 0.000679296 0.000742931 0.000832323 0.000939912 0.00105888 0.00119337 0.00134297 0.00152067 0.00174858 0.00200164 0.00227952 0.00257001 0.00287713 0.00319135 0.00350006 0.0038085 0.00406759 0.00425633 0.0043419 0.00431141 0.00415626 0.00385492 0.00340022 0.00276606 0.00196044 0.000991 -0.000120396 -0.00133349 -0.0026223 -0.00396022 -0.00532464 -0.00666815 -0.00794918 -0.00913002 -0.0101565 -0.0109926 -0.0116217 -0.0120439 
0 0.00106004 0.00204499 0.00286993 0.00344029 0.00374318 0.00372423 0.00336836 0.00269559 0.00175467 0.000596988 -0.000752859 -0.00218113 -0.00363032 -0.00502091 -0.00628066 -0.00734311 -0.00817009 -0.00879336 -0.00917436 -0.00933969 -0.00929122 -0.00905767 -0.00866963 -0.00815838 -0.00758405 -0.00696164 -0.00633857 -0.0057121 -0.00510127 -0.00452823 -0.00401763 -0.00355382 -0.00314518 -0.00280311 -0.00250127 -0.00223555 -0.00199838 -0.00181798 -0.00166077 -0.00153131 -0.00141432 -0.00129943 -0.00120941 -0.00113415 -0.00105855 -0.00099756 -0.00094704 -0.000895152 -0.000845359 -0.000791145 -0.000758404 -0.000717872 -0.00068993 -0.000652769 -0.000607239 -0.000586147 -0.000558781 -0.000525021 -0.000502759 -0.000469627 -0.000446151 -0.00043278 -0.000401612 -0.000378997 -0.000353851 -0.000341179 -0.000338016 -0.000330395 -0.000312802 -0.000309891 -0.000334463 -0.000376862 -0.000417014 -0.000483533 -0.000588511 -0.000730073 -0.000899727 -0.00110454 -0.00135888 -0.00165216 -0.00199033 -0.00237326 -0.00276129 -0.00313018 -0.00346662 -0.00372947 -0.00388401 -0.0038807 -0.00368441 -0.00325639 -0.0025766 -0.00167004 -0.000568762 0.000694137 0.00201597 0.00331804 0.00451729 0.00548866 0.00614521 0.00644898 0.00634134 0.00584737 0.00504084 0.00398536 0.00277768 0.00153705 0.000325226 -0.000781221 -0.00171481 -0.00244195 -0.00295108 -0.00323907 -0.00333384 -0.00327405 -0.00309904 -0.00282218 -0.00248477 -0.00212464 -0.00176026 -0.00141711 -0.00110981 -0.000830603 -0.000577188 -0.000357384 -0.000194022 -7.18705e-05 3.86286e-05 0.000117777 0.000175837 0.000221783 0.000258597 0.000285231 0.00030288 0.000320597 0.000344851 0.000353411 0.00036763 0.000373246 0.000391729 0.000418145 0.000424949 0.000438627 0.000459339 0.000473082 0.000504827 0.00052583 0.000540714 0.00057715 0.000601146 0.000631358 0.00066009 0.000700759 0.000745438 0.000789864 0.000829751 0.000871869 0.000930943 0.00101385 0.00109002 0.00117114 0.00127605 0.00138726 0.00153019 0.0016957 0.00189815 0.00213195 0.00240864 0.00272045 0.00308997 0.00353324 0.00403508 0.00457802 0.00515941 0.0057853 0.00640035 0.00701389 0.00758246 0.00806957 0.00840945 0.00855349 0.00848352 0.00814216 0.00753056 0.00659374 0.00532869 0.00373352 0.0018237 -0.000352473 -0.00274919 -0.00528511 -0.00793223 -0.0106184 -0.0132592 -0.0157764 -0.0180899 -0.020117 -0.0217695 -0.023031 -0.0238813 
0 0.00148393 0.00286993 0.00400811 0.00481001 0.00521075 0.00518018 0.00467045 0.00370895 0.00237581 0.000701137 -0.00121796 -0.00327063 -0.00532599 -0.00730567 -0.0091249 -0.0106644 -0.0119174 -0.0128434 -0.0134389 -0.0136961 -0.0136459 -0.0133537 -0.0128225 -0.0121399 -0.0113219 -0.0104294 -0.00951414 -0.00859074 -0.00770753 -0.00687561 -0.0061279 -0.00543476 -0.00480368 -0.0042722 -0.00381837 -0.00341386 -0.00307863 -0.00278349 -0.00253822 -0.00232083 -0.0021324 -0.00198133 -0.00184363 -0.00174238 -0.0016123 -0.00150218 -0.00141496 -0.00133834 -0.00126592 -0.00120571 -0.00114136 -0.00108498 -0.00103248 -0.000969706 -0.000920919 -0.000882004 -0.000849665 -0.000791069 -0.000741472 -0.000688147 -0.000665321 -0.000641043 -0.000620053 -0.000575514 -0.000549215 -0.000523005 -0.000488852 -0.000471095 -0.000474283 -0.000480163 -0.000513772 -0.000559222 -0.00062915 -0.000752568 -0.0008766 -0.00107608 -0.0013558 -0.0016754 -0.00204716 -0.00249861 -0.00298346 -0.00354742 -0.00412543 -0.00470127 -0.00521069 -0.00560204 -0.00581507 -0.00581901 -0.00549696 -0.00485477 -0.00384916 -0.00249234 -0.000832741 0.00101932 0.00300963 0.00496722 0.00675284 0.0082104 0.00921684 0.00963251 0.00946918 0.00873555 0.00751816 0.00593854 0.00416988 0.00229654 0.000488322 -0.00115612 -0.00255943 -0.00366904 -0.00441535 -0.00486142 -0.00499734 -0.00489688 -0.00461543 -0.00421387 -0.00372216 -0.00320174 -0.00264164 -0.00213614 -0.00165759 -0.00122389 -0.000868271 -0.000567067 -0.000289716 -0.000104861 4.52901e-05 0.000167157 0.000269672 0.000357303 0.000395329 0.00040729 0.00043934 0.000478081 0.000508973 0.000546698 0.000560365 0.000578525 0.000595295 0.000621384 0.000631663 0.000665439 0.000689332 0.000727346 0.000756891 0.000785602 0.000814627 0.000865748 0.000924961 0.000968932 0.00100568 0.00105269 0.00110635 0.0011713 0.00125628 0.00131985 0.00142769 0.00153012 0.0016395 0.00176907 0.00193117 0.00213064 0.00234365 0.00259488 0.00289063 0.00324557 0.00368073 0.00417708 0.0047401 0.0054073 0.00612962 0.00692661 0.00778414 0.00869883 0.00961219 0.0104675 0.0112672 0.0119096 0.012357 0.01253 0.0123754 0.0118429 0.0108706 0.00944928 0.007542 0.00518234 0.00238511 -0.000811566 -0.0043174 -0.0080566 -0.0119395 -0.0158788 -0.0197347 -0.0233954 -0.026769 -0.0297231 -0.032161 -0.0340279 -0.0352998 
0 0.00178715 0.00344029 0.00481001 0.00574636 0.00622148 0.006158 0.00552313 0.0043391 0.00267502 0.000610884 -0.0017852 -0.00431743 -0.00687458 -0.00934542 -0.0116309 -0.0136233 -0.0152438 -0.0164942 -0.0172973 -0.0176869 -0.0176926 -0.0173793 -0.0167915 -0.0159686 -0.0149822 -0.013865 -0.0127065 -0.0115334 -0.0103945 -0.00932144 -0.00833963 -0.00741621 -0.00657248 -0.00584887 -0.00522245 -0.00468189 -0.00420341 -0.00380836 -0.00345081 -0.00314578 -0.00288631 -0.00266039 -0.00248344 -0.00232872 -0.00216423 -0.00202258 -0.00190974 -0.00180896 -0.00171688 -0.00161734 -0.00154046 -0.0014511 -0.00138124 -0.00130467 -0.00122648 -0.00118634 -0.00113788 -0.00107283 -0.00101972 -0.000953178 -0.00090526 -0.000874067 -0.000819381 -0.000771909 -0.000723391 -0.000693878 -0.000678174 -0.000661883 -0.000637712 -0.000639686 -0.000686183 -0.000761261 -0.000841674 -0.00097437 -0.00117581 -0.00145503 -0.00180117 -0.00221933 -0.00272872 -0.00331815 -0.00399073 -0.00474497 -0.00551248 -0.00624748 -0.00691183 -0.00742848 -0.00772623 -0.00771395 -0.00731183 -0.00645187 -0.00509828 -0.00328999 -0.00109325 0.0014071 0.00403102 0.00661266 0.00897691 0.0108957 0.0121976 0.0127876 0.0125761 0.0116042 0.0100027 0.00791077 0.00552113 0.0030508 0.000644569 -0.00154778 -0.00340089 -0.0048451 -0.00585187 -0.0064265 -0.00661785 -0.0065007 -0.00615116 -0.00560872 -0.00494537 -0.00423214 -0.00350695 -0.00282297 -0.00220491 -0.00164751 -0.00115123 -0.000725416 -0.000396889 -0.000150177 6.49111e-05 0.000226877 0.000350367 0.000446754 0.000517851 0.000565527 0.000601446 0.000637791 0.000682426 0.000705652 0.000731254 0.000744694 0.000777557 0.000824084 0.000847223 0.000884951 0.000931566 0.000966998 0.0010186 0.00105184 0.00108162 0.00115346 0.00121759 0.00128713 0.00134593 0.00141721 0.00150008 0.00159759 0.00170198 0.00180839 0.00193388 0.00208281 0.00222743 0.00240173 0.00263744 0.00290133 0.00321099 0.00355341 0.0039633 0.00445316 0.00504627 0.0057193 0.00648493 0.00735804 0.00831413 0.00934321 0.0104488 0.0116251 0.0127631 0.013838 0.0147796 0.0155335 0.0160158 0.0161489 0.0158759 0.0150846 0.0137528 0.0118153 0.00929032 0.00619661 0.00255544 -0.00157771 -0.00613217 -0.0109701 -0.0160053 -0.0210845 -0.0260415 -0.0307383 -0.0350523 -0.0388538 -0.0419986 -0.0444329 -0.0460915 
0 0.00194313 0.00374318 0.00521075 0.00622148 0.0067007 0.00659848 0.00585281 0.00448968 0.0025995 0.000239254 -0.00246661 -0.00535806 -0.00827712 -0.0111262 -0.0137965 -0.0161384 -0.0181003 -0.019619 -0.0206605 -0.0212185 -0.0213349 -0.0210816 -0.0204715 -0.0195908 -0.0184818 -0.0172223 -0.0158895 -0.0145144 -0.0131582 -0.0118537 -0.0106454 -0.00951308 -0.00847085 -0.00756202 -0.00676196 -0.00604328 -0.00542646 -0.00489473 -0.0044456 -0.00405284 -0.00370853 -0.00341508 -0.00315878 -0.00295645 -0.0027485 -0.00257549 -0.00243315 -0.00229601 -0.00215612 -0.00203049 -0.00191947 -0.00182869 -0.00174794 -0.00164942 -0.00155489 -0.00147759 -0.00141401 -0.00133716 -0.00127431 -0.001204 -0.00115203 -0.00109104 -0.00102649 -0.000951854 -0.000908998 -0.000881048 -0.000848209 -0.000823779 -0.000812745 -0.000812341 -0.00085815 -0.000938359 -0.00106015 -0.00125327 -0.0014781 -0.00180759 -0.00225334 -0.0027839 -0.00341661 -0.00417233 -0.00500391 -0.00593515 -0.00688403 -0.00780733 -0.00862487 -0.009258 -0.00961309 -0.0096087 -0.00909107 -0.00801892 -0.00633702 -0.00407324 -0.00131707 0.00176713 0.00503593 0.00824122 0.0111544 0.0135292 0.0151623 0.0158662 0.0156123 0.0144215 0.0124271 0.00982446 0.00687591 0.00377857 0.000784826 -0.0019283 -0.00422689 -0.00602766 -0.00726149 -0.00799068 -0.00823521 -0.0080931 -0.00764771 -0.00698299 -0.00616474 -0.00528324 -0.00436569 -0.00352299 -0.00274499 -0.00204534 -0.0014509 -0.000939282 -0.000493022 -0.000173692 7.61748e-05 0.000269226 0.000427344 0.000564677 0.00065016 0.000703321 0.000763246 0.000815376 0.000849639 0.000882471 0.000902596 0.000940607 0.000991545 0.00104874 0.00107704 0.00111765 0.00115507 0.00121425 0.00127848 0.0013377 0.00138864 0.00145895 0.00153634 0.00160921 0.00168911 0.00179091 0.00190351 0.00202417 0.00215676 0.00227662 0.00245254 0.00264473 0.00285207 0.00309011 0.00337828 0.00372388 0.00411696 0.00458319 0.00513271 0.00577749 0.00653503 0.00738469 0.00834076 0.00943629 0.010614 0.0118719 0.0131898 0.0145506 0.0158665 0.0170612 0.0181021 0.0188734 0.0193114 0.0193205 0.018823 0.0177361 0.0159847 0.0135503 0.0104162 0.00662964 0.00221488 -0.00278207 -0.00825037 -0.0140679 -0.0200922 -0.0261637 -0.0320759 -0.0376673 -0.0428113 -0.0473435 -0.0511257 -0.0540599 -0.0560696 
0 0.00193935 0.00372423 0.00518018 0.006158 0.00659848 0.00642444 0.00558654 0.00411107 0.00208015 -0.000423438 -0.00330539 -0.00638905 -0.00954131 -0.0126454 -0.0155746 -0.0181872 -0.0203953 -0.0221656 -0.0234346 -0.0242036 -0.0244929 -0.0243493 -0.0238065 -0.0229288 -0.0217981 -0.0204789 -0.0190491 -0.0175378 -0.0160003 -0.0144938 -0.0130747 -0.0117392 -0.0105076 -0.00940946 -0.00842075 -0.00753214 -0.00675093 -0.00609525 -0.00553166 -0.00504325 -0.00461078 -0.00422586 -0.0038997 -0.00362464 -0.00336759 -0.00314998 -0.00296718 -0.00279318 -0.00262364 -0.00246335 -0.00233603 -0.00222133 -0.00212146 -0.00200623 -0.00188571 -0.00179242 -0.00170526 -0.00161191 -0.00153161 -0.00144585 -0.00137418 -0.00130968 -0.00123096 -0.0011564 -0.0010965 -0.0010569 -0.00102375 -0.000991638 -0.000962073 -0.000965724 -0.00102693 -0.00113281 -0.00127314 -0.00148735 -0.00178502 -0.00219511 -0.00271719 -0.00334887 -0.00410762 -0.00499522 -0.00600133 -0.00711597 -0.0082575 -0.00935593 -0.0103331 -0.0110836 -0.011498 -0.0114546 -0.0108253 -0.00952572 -0.00751159 -0.00482206 -0.00155631 0.00213203 0.00601739 0.00983802 0.0133148 0.0161402 0.0180608 0.0189039 0.0185847 0.0171539 0.0147817 0.0116955 0.00817881 0.00451674 0.000956754 -0.00228431 -0.0050338 -0.00718168 -0.00867482 -0.00953501 -0.00982417 -0.00964949 -0.00912034 -0.00832122 -0.00734698 -0.0062941 -0.00522399 -0.00421512 -0.00329401 -0.00246522 -0.00173585 -0.00110914 -0.0005995 -0.000211891 0.000101465 0.000341053 0.000525905 0.000671643 0.000777995 0.000853842 0.000920671 0.000981425 0.00103711 0.00107591 0.00111126 0.00114868 0.0012059 0.00126832 0.00130406 0.00134589 0.00139762 0.0014611 0.00154375 0.00161618 0.00168168 0.00177238 0.00186111 0.00195527 0.00205475 0.00217729 0.00231457 0.00246103 0.00261166 0.00277145 0.00298139 0.00323776 0.00351507 0.0038288 0.00420212 0.00462964 0.00513446 0.0057268 0.00642746 0.00723588 0.00815849 0.00918111 0.0103295 0.0116256 0.0130221 0.0144788 0.0159677 0.0174606 0.0188613 0.0201163 0.02115 0.0218642 0.0221563 0.0219358 0.0211361 0.0196681 0.0174883 0.0145456 0.0108432 0.00641109 0.00128541 -0.0044646 -0.0107294 -0.0173546 -0.0242031 -0.0310852 -0.0377871 -0.0441302 -0.0499615 -0.0551137 -0.0594186 -0.0627704 -0.0650624 
0 0.00175668 0.00336836 0.00467045 0.00552313 0.00585281 0.00558654 0.0046797 0.00316116 0.00110748 -0.00140805 -0.00430089 -0.00742703 -0.0106578 -0.0138742 -0.0169397 -0.0197149 -0.022114 -0.0240963 -0.0256013 -0.0266049 -0.0271093 -0.0271416 -0.026736 -0.025956 -0.0248822 -0.0235801 -0.0221164 -0.0205288 -0.018876 -0.0172273 -0.0156399 -0.0141261 -0.0127084 -0.0114176 -0.0102434 -0.00918002 -0.00823726 -0.00742536 -0.00671963 -0.0061031 -0.00556345 -0.00509426 -0.00469629 -0.00435085 -0.00403085 -0.0037514 -0.00351767 -0.00330852 -0.00311238 -0.00292892 -0.00276908 -0.00262338 -0.00249122 -0.00235618 -0.00222697 -0.00212201 -0.0020195 -0.00190687 -0.00179842 -0.00169575 -0.00161321 -0.00154236 -0.00146143 -0.00137826 -0.00130418 -0.00124453 -0.00119341 -0.00115474 -0.00113453 -0.00115082 -0.00121932 -0.00133417 -0.00149784 -0.00174211 -0.00208689 -0.00256473 -0.0031822 -0.00392935 -0.00481538 -0.00584429 -0.00700916 -0.00829131 -0.00961619 -0.0108949 -0.012026 -0.012886 -0.0133471 -0.01327 -0.0125165 -0.0109909 -0.00865059 -0.00553328 -0.00175384 0.00250726 0.00699837 0.0114166 0.0154286 0.0186885 0.0208993 0.0218572 0.0214777 0.0198225 0.0170807 0.0135223 0.00946754 0.00523709 0.0011211 -0.00262891 -0.00581687 -0.00830984 -0.0100457 -0.0110437 -0.011379 -0.011172 -0.0105533 -0.0096332 -0.00851944 -0.00730844 -0.00607645 -0.00490259 -0.00382477 -0.002859 -0.00201861 -0.00130171 -0.000714619 -0.000258135 0.000104766 0.000391199 0.000618505 0.000793686 0.00091235 0.00099178 0.00106333 0.00113611 0.00120699 0.00126407 0.00131103 0.00135536 0.00141228 0.00147301 0.00152219 0.00158039 0.00165134 0.00173115 0.0018187 0.00189634 0.00197601 0.00208418 0.00220253 0.00232233 0.00244294 0.00258014 0.00273796 0.00291769 0.00311252 0.00332659 0.00358742 0.00389474 0.00423526 0.00462828 0.00509539 0.00563652 0.00626541 0.00699658 0.00784946 0.00882855 0.00993232 0.0111453 0.0124849 0.0139602 0.0155254 0.017128 0.0187283 0.0202795 0.0216926 0.0229051 0.023839 0.0243905 0.0244481 0.0239206 0.022744 0.020854 0.0182102 0.0147687 0.010523 0.00549835 -0.000257521 -0.00665904 -0.0135759 -0.0208512 -0.028337 -0.0358448 -0.0431582 -0.0500857 -0.0564561 -0.0620824 -0.0667864 -0.0704409 -0.0729315 
0 0.00140878 0.00269559 0.00370895 0.0043391 0.00448968 0.00411107 0.00316116 0.00166596 -0.000310586 -0.00272496 -0.00549114 -0.00851753 -0.0116725 -0.0148502 -0.0179216 -0.0207545 -0.0232813 -0.0254273 -0.0271473 -0.0283812 -0.0291232 -0.0293887 -0.0291976 -0.0286104 -0.0276749 -0.026464 -0.0250331 -0.0234406 -0.0217506 -0.0200292 -0.0183212 -0.016655 -0.0150612 -0.0135834 -0.0122332 -0.010998 -0.00989464 -0.00890662 -0.00803981 -0.00727422 -0.00660942 -0.00604606 -0.00556014 -0.00513566 -0.00474539 -0.00440157 -0.00411464 -0.00386668 -0.00363547 -0.00342467 -0.00322188 -0.00304435 -0.00287639 -0.00271658 -0.00257725 -0.0024526 -0.00233754 -0.0022141 -0.00208705 -0.00197245 -0.00187568 -0.00178105 -0.0016883 -0.00158594 -0.00150364 -0.00143588 -0.00137608 -0.00133268 -0.00131835 -0.00133746 -0.00140958 -0.00153294 -0.00172457 -0.0020065 -0.00239486 -0.00293499 -0.00364273 -0.0045012 -0.00551668 -0.0067034 -0.00803534 -0.00948568 -0.0109789 -0.0124171 -0.0136793 -0.0146382 -0.0151441 -0.015046 -0.014174 -0.0124278 -0.00975993 -0.00620787 -0.00190624 0.00291591 0.00799555 0.0129775 0.0174827 0.0211429 0.0236327 0.0247031 0.0242842 0.0224298 0.0193352 0.0153115 0.0107264 0.00592426 0.00126171 -0.00297782 -0.00657895 -0.00939492 -0.0113532 -0.0124911 -0.0128842 -0.0126656 -0.0119706 -0.010935 -0.00967437 -0.00829827 -0.00689727 -0.00556819 -0.00434433 -0.00324916 -0.00230265 -0.00149782 -0.000825333 -0.000298953 0.000110742 0.000438664 0.000700695 0.000906742 0.00104693 0.00114291 0.0012288 0.0013103 0.00137968 0.0014453 0.00149377 0.00155144 0.00161728 0.00168604 0.0017546 0.00182983 0.00191296 0.00201126 0.00210123 0.0021872 0.00228198 0.00239959 0.00254649 0.00269145 0.00284155 0.00300427 0.00319162 0.00341066 0.00365965 0.00393343 0.00425712 0.00461713 0.00502708 0.00550879 0.00608263 0.00676397 0.00753622 0.00842174 0.0094294 0.0105787 0.011866 0.0132739 0.014795 0.0164181 0.0180941 0.0197775 0.0214216 0.0229585 0.0243082 0.0253759 0.0261019 0.0263759 0.0261051 0.0252003 0.0235912 0.021244 0.0181059 0.0141658 0.00940377 0.00385262 -0.00243215 -0.00935891 -0.0167747 -0.0245352 -0.0324725 -0.0404154 -0.048153 -0.0554867 -0.0622312 -0.0681754 -0.073142 -0.0769801 -0.0795819 
0 0.000931484 0.00175467 0.00237581 0.00267502 0.0025995 0.00208015 0.00110748 -0.000310586 -0.0021555 -0.0043693 -0.00692166 -0.00970836 -0.0126532 -0.01565 -0.0185906 -0.0213942 -0.0239486 -0.0262077 -0.0280788 -0.0295208 -0.0305108 -0.0310378 -0.0311383 -0.0308043 -0.0300954 -0.0290516 -0.0277377 -0.0262275 -0.0245735 -0.0228426 -0.0210651 -0.0192832 -0.0175522 -0.0159118 -0.0143883 -0.0129925 -0.0117065 -0.0105579 -0.0095239 -0.00861328 -0.00781754 -0.00712216 -0.00653198 -0.00599924 -0.00553572 -0.00512555 -0.00477318 -0.0044637 -0.00418574 -0.00392311 -0.00369726 -0.00348928 -0.00329607 -0.00311505 -0.0029395 -0.00278917 -0.00264548 -0.00251184 -0.00237727 -0.00225335 -0.00212856 -0.00201896 -0.00189602 -0.00179345 -0.00169802 -0.00162607 -0.00157524 -0.00152575 -0.00148575 -0.00150535 -0.0015853 -0.00173567 -0.00195583 -0.00226262 -0.00272732 -0.0033391 -0.00411058 -0.00507322 -0.00622732 -0.00755171 -0.00906456 -0.0106857 -0.0123468 -0.0139279 -0.0153199 -0.0163678 -0.0169166 -0.0167665 -0.015782 -0.0138072 -0.0108103 -0.00684071 -0.00205363 0.00333735 0.00897017 0.014491 0.0194803 0.0235229 0.0262511 0.0274521 0.0269823 0.0249248 0.0214996 0.0170395 0.0119226 0.00659754 0.00140833 -0.00331284 -0.00731826 -0.0104397 -0.0126376 -0.0139014 -0.0143546 -0.0141213 -0.0133626 -0.0122063 -0.0107976 -0.00925241 -0.00771062 -0.00622037 -0.00486775 -0.00366404 -0.0025935 -0.00167493 -0.000939642 -0.000337211 0.000133884 0.000502683 0.000788588 0.000999908 0.00117255 0.00130832 0.00140847 0.00149707 0.00157878 0.00163543 0.00169961 0.00176092 0.00184497 0.00192918 0.00201181 0.0020857 0.00217987 0.00227779 0.00239164 0.00250014 0.00261862 0.00275752 0.00290912 0.00307788 0.00325513 0.00345276 0.00368168 0.00394347 0.00422982 0.00457362 0.00495351 0.00540395 0.00591131 0.00650244 0.00720766 0.00802183 0.0089604 0.010007 0.0111845 0.0125054 0.0139618 0.0155427 0.0172222 0.0189495 0.0206955 0.0223925 0.0240049 0.0254529 0.0266366 0.0274802 0.027875 0.0277754 0.0270769 0.025718 0.0236401 0.0207865 0.0171511 0.0126974 0.00746027 0.00145726 -0.00524517 -0.0125391 -0.0203033 -0.0283646 -0.0365796 -0.04476 -0.0527249 -0.0602782 -0.0672072 -0.0733166 -0.078401 -0.0823239 -0.0849636 
0 0.000335019 0.000596988 0.000701137 0.000610884 0.000239254 -0.000423438 -0.00140805 -0.00272496 -0.0043693 -0.00633977 -0.00856191 -0.0110192 -0.0136218 -0.0163151 -0.0190276 -0.0216768 -0.0241969 -0.0264661 -0.0284501 -0.0300671 -0.0312975 -0.0321194 -0.0325193 -0.0325031 -0.0320697 -0.0312817 -0.0301756 -0.0288246 -0.027277 -0.0255935 -0.0238025 -0.0219788 -0.0201651 -0.0184011 -0.0167284 -0.0151475 -0.0137002 -0.0123661 -0.0111848 -0.0101222 -0.00917125 -0.0083399 -0.00760583 -0.0069657 -0.00641498 -0.0059265 -0.00549505 -0.00511129 -0.00475974 -0.00446269 -0.00418821 -0.00396702 -0.00374535 -0.00353266 -0.0033385 -0.00314521 -0.00297591 -0.00282349 -0.00266431 -0.00252694 -0.00239572 -0.00225678 -0.00213664 -0.00201567 -0.00192297 -0.00183868 -0.00176096 -0.00169724 -0.00167735 -0.00169503 -0.00177234 -0.00192755 -0.00219246 -0.00255828 -0.00305596 -0.00372655 -0.00460543 -0.00567835 -0.00694579 -0.00842403 -0.0100791 -0.0118555 -0.0136863 -0.0154395 -0.0169574 -0.0180879 -0.0186445 -0.018445 -0.0173023 -0.0150995 -0.0117919 -0.00742194 -0.00215427 0.00372869 0.00991252 0.0159632 0.0214131 0.0258281 0.0288177 0.0300834 0.0295559 0.0273028 0.023549 0.0186712 0.0131047 0.00725889 0.00157268 -0.00360484 -0.00801161 -0.0114655 -0.0138802 -0.0152906 -0.0157909 -0.0155345 -0.0146822 -0.013417 -0.0118861 -0.0102091 -0.00850988 -0.00688696 -0.00538628 -0.00404195 -0.00287878 -0.00188566 -0.00104532 -0.000366114 0.000145703 0.000551196 0.000872218 0.00112522 0.00130653 0.00144656 0.00156854 0.00168049 0.00176453 0.00184637 0.00191039 0.00199655 0.00208532 0.00217072 0.00226456 0.00234721 0.00243848 0.00256086 0.00268385 0.00282704 0.00298522 0.00313262 0.00331108 0.00348764 0.0036975 0.00393702 0.0042144 0.00452396 0.004868 0.00526471 0.00573623 0.00627951 0.00691919 0.00765002 0.00847826 0.0094468 0.0105299 0.0117605 0.0131179 0.0146135 0.0162237 0.0179371 0.0197183 0.0215081 0.0232583 0.024909 0.0264023 0.0276473 0.0285824 0.029082 0.0290884 0.0285198 0.0273294 0.0254652 0.0228631 0.0195125 0.0153548 0.0104309 0.00475024 -0.00162619 -0.00862642 -0.0161642 -0.0240996 -0.0323175 -0.0406274 -0.048876 -0.056882 -0.0644526 -0.0713887 -0.0774751 -0.0825506 -0.0864441 -0.0890591 
0 -0.000347959 -0.000752859 -0.00121796 -0.0017852 -0.00246661 -0.00330539 -0.00430089 -0.00549114 -0.00692166 -0.00856191 -0.0104094 -0.0124293 -0.0146166 -0.0169201 -0.019295 -0.0217174 -0.0240744 -0.0263019 -0.0283217 -0.0300877 -0.0315459 -0.0326334 -0.0333542 -0.0336562 -0.0335648 -0.0330987 -0.0322798 -0.0311645 -0.0297854 -0.0282124 -0.0264867 -0.0246815 -0.0228516 -0.0210085 -0.0192037 -0.0174847 -0.0158606 -0.0143731 -0.0130147 -0.0117869 -0.0106755 -0.00967811 -0.00881078 -0.0080373 -0.00738411 -0.00680468 -0.0062871 -0.00582948 -0.00543038 -0.00506858 -0.00475469 -0.00447221 -0.00420489 -0.00396695 -0.00374454 -0.00353879 -0.00334408 -0.00316811 -0.00298905 -0.00283076 -0.00267253 -0.00253558 -0.00239188 -0.00226741 -0.00214079 -0.00203342 -0.0019616 -0.00190052 -0.00186137 -0.00189453 -0.00198427 -0.00215477 -0.00242287 -0.00280237 -0.00338743 -0.00414838 -0.00509611 -0.00627616 -0.00767822 -0.00927646 -0.0110978 -0.0130371 -0.0150227 -0.0169086 -0.0185494 -0.0197504 -0.0203232 -0.0200404 -0.0187618 -0.016323 -0.0126996 -0.00794542 -0.00223826 0.00417158 0.010859 0.0173985 0.0232872 0.0280389 0.0312258 0.0326052 0.0320209 0.0295763 0.0255261 0.0202594 0.0142141 0.00790834 0.00174708 -0.00387607 -0.00866741 -0.012418 -0.0150706 -0.0166044 -0.0171608 -0.0168847 -0.015976 -0.0146024 -0.0129365 -0.0111133 -0.00929534 -0.00751745 -0.00588812 -0.00443379 -0.00313882 -0.00203816 -0.00116042 -0.000428137 0.00014777 0.000610685 0.000971963 0.00123162 0.00144648 0.00161686 0.00173625 0.00184593 0.00195179 0.00203839 0.00213281 0.00221422 0.00230726 0.00240047 0.00251067 0.00261303 0.00273631 0.00286328 0.00300357 0.00315398 0.00332696 0.00350789 0.00370644 0.00393199 0.00418287 0.00447086 0.00480488 0.00517772 0.00558711 0.00608039 0.00663071 0.00729306 0.00806285 0.00893797 0.00992848 0.0110394 0.0122982 0.0136953 0.0152335 0.016891 0.0186223 0.0204204 0.0222417 0.0240139 0.0257079 0.0272284 0.0285103 0.0294613 0.0300196 0.0301148 0.0296399 0.0285734 0.0268421 0.0244269 0.0212976 0.0174189 0.0127963 0.00742624 0.0013831 -0.0052887 -0.0124998 -0.0201429 -0.0281364 -0.0363374 -0.0446033 -0.0527479 -0.0606191 -0.0680311 -0.0747706 -0.0806815 -0.0855892 -0.0893636 -0.0918821 
0 -0.00108514 -0.00218113 -0.00327063 -0.00431743 -0.00535806 -0.00638905 -0.00742703 -0.00851753 -0.00970836 -0.0110192 -0.0124293 -0.0139949 -0.0157116 -0.0175654 -0.0195387 -0.0216122 -0.0237341 -0.025807 -0.0278089 -0.0296599 -0.0312881 -0.0326171 -0.0336175 -0.0342603 -0.0345249 -0.0344259 -0.0339477 -0.0331286 -0.0319983 -0.0306253 -0.0290413 -0.0273343 -0.0255372 -0.0236689 -0.0218001 -0.019971 -0.0182295 -0.0165688 -0.0150397 -0.0136332 -0.0123523 -0.0112103 -0.0101895 -0.00927708 -0.00848995 -0.00778956 -0.00716987 -0.00663335 -0.00615971 -0.00574454 -0.00535077 -0.00501264 -0.00469276 -0.00441779 -0.00418034 -0.00394387 -0.00372217 -0.00352014 -0.00331199 -0.0031351 -0.00297042 -0.00280637 -0.00265811 -0.00251028 -0.00237469 -0.00224772 -0.00215144 -0.00208518 -0.00207495 -0.00210933 -0.00219657 -0.00237434 -0.00268448 -0.00311561 -0.00372671 -0.0045399 -0.00559375 -0.00689019 -0.00842059 -0.0101825 -0.0121456 -0.0142252 -0.0163519 -0.0183702 -0.0201007 -0.021359 -0.0219301 -0.0215963 -0.0201677 -0.0175058 -0.0135698 -0.00841892 -0.00225045 0.00461836 0.0117931 0.0187814 0.0250525 0.0301088 0.033513 0.0349549 0.0343344 0.0317332 0.027405 0.0217642 0.0153009 0.00851038 0.00188745 -0.00415039 -0.00929282 -0.0133311 -0.0161779 -0.0178547 -0.0184769 -0.0182073 -0.0172332 -0.0157645 -0.0139829 -0.0120266 -0.0100483 -0.00813761 -0.00636865 -0.00478657 -0.00341481 -0.0022514 -0.00127963 -0.000472507 0.000149335 0.000651433 0.00105448 0.00136671 0.00159714 0.001773 0.00190756 0.00203299 0.00214022 0.0022496 0.00235006 0.00245756 0.0025544 0.00265081 0.00277685 0.00290338 0.00304555 0.00320208 0.00334786 0.00351482 0.00371081 0.0039077 0.00415428 0.00441887 0.004723 0.005059 0.00544492 0.00588631 0.00639594 0.00699559 0.00767318 0.00844548 0.00934912 0.0103752 0.0115212 0.0128174 0.0142388 0.0158089 0.017495 0.019278 0.0210999 0.0229384 0.0247402 0.0264282 0.0279692 0.0292763 0.0302588 0.0308191 0.0309331 0.0305201 0.0295291 0.0279069 0.0256149 0.0226336 0.0189432 0.0145635 0.00947801 0.00374586 -0.00259334 -0.00946789 -0.0167817 -0.0244369 -0.0323354 -0.0403912 -0.0484343 -0.0563157 -0.0638809 -0.0709513 -0.0773443 -0.082914 -0.0875513 -0.0911084 -0.0934845 
0 -0.00182959 -0.00363032 -0.00532599 -0.00687458 -0.00827712 -0.00954131 -0.0106578 -0.0116725 -0.0126532 -0.0136218 -0.0146166 -0.0157116 -0.0169512 -0.0183232 -0.0198295 -0.021495 -0.0232793 -0.0251289 -0.0270119 -0.0288617 -0.0305845 -0.032091 -0.0333552 -0.0343215 -0.0349541 -0.0352332 -0.03513 -0.0346688 -0.0338674 -0.0327711 -0.0314051 -0.0298429 -0.0281349 -0.0263027 -0.0244263 -0.0225605 -0.0207251 -0.0189384 -0.0172476 -0.01568 -0.0142424 -0.0129392 -0.0117587 -0.010684 -0.00974508 -0.00891171 -0.00817189 -0.00753048 -0.00697391 -0.00647549 -0.00601978 -0.00561767 -0.00524772 -0.00492982 -0.00464666 -0.00437141 -0.0041166 -0.00388984 -0.00366653 -0.00346425 -0.00326564 -0.00307916 -0.00290625 -0.00275196 -0.0026061 -0.00247521 -0.00238012 -0.00230321 -0.00226559 -0.00229762 -0.00239774 -0.00260101 -0.00293782 -0.00341278 -0.00409704 -0.00498555 -0.00610641 -0.00750241 -0.00916332 -0.0110639 -0.0131849 -0.0154181 -0.0176739 -0.0197999 -0.0216202 -0.0229244 -0.0234876 -0.0230709 -0.0214915 -0.0185974 -0.0143556 -0.00883674 -0.00225109 0.00508037 0.0127024 0.0201058 0.0267365 0.0320649 0.0356384 0.0371646 0.0365049 0.0337498 0.029169 0.0231859 0.0163098 0.00909612 0.0020473 -0.0043874 -0.00987273 -0.0141842 -0.0172401 -0.019048 -0.0197367 -0.0194696 -0.0184525 -0.0168902 -0.0149775 -0.012883 -0.0107775 -0.0087356 -0.00685434 -0.00517261 -0.0036878 -0.0024227 -0.00138136 -0.000511249 0.000174227 0.000721687 0.0011471 0.001464 0.00172568 0.00194261 0.00210456 0.00224455 0.00236446 0.00247478 0.00258894 0.00270091 0.00281187 0.00292732 0.00306805 0.00320934 0.00336636 0.00353316 0.00370344 0.00389926 0.00412693 0.004363 0.00464096 0.00495767 0.00531511 0.00571305 0.00616601 0.00668579 0.00729735 0.00802589 0.00883647 0.00975449 0.010807 0.0119934 0.0133189 0.0147893 0.0163862 0.0180942 0.0198865 0.0217325 0.0235778 0.0253994 0.0271184 0.0286446 0.0299463 0.0309422 0.031543 0.0316564 0.0312578 0.0302973 0.0287238 0.0265195 0.0236455 0.020094 0.0158682 0.0109942 0.00550875 -0.000532334 -0.00706863 -0.0140482 -0.0213714 -0.0289246 -0.0366324 -0.0443973 -0.052082 -0.0595379 -0.06664 -0.0732275 -0.0791291 -0.0842515 -0.0885012 -0.0917651 -0.0939374 
0 -0.00254781 -0.00502091 -0.00730567 -0.00934542 -0.0111262 -0.0126454 -0.0138742 -0.0148502 -0.01565 -0.0163151 -0.0169201 -0.0175654 -0.0183232 -0.0191959 -0.0202113 -0.0214273 -0.0228286 -0.0243831 -0.0260634 -0.0278168 -0.0295489 -0.0311731 -0.0326511 -0.0339036 -0.0348682 -0.035505 -0.0357849 -0.0357168 -0.0352985 -0.0345426 -0.0334624 -0.0321249 -0.030586 -0.0288702 -0.0270529 -0.0251936 -0.0233098 -0.0214333 -0.01962 -0.0179118 -0.0163182 -0.014846 -0.013495 -0.012261 -0.0111732 -0.0101997 -0.00932053 -0.00854579 -0.00787524 -0.00728385 -0.00675883 -0.00629621 -0.00587359 -0.00550119 -0.00516244 -0.00483909 -0.00454597 -0.00429076 -0.0040463 -0.00381671 -0.00358941 -0.00337762 -0.00318692 -0.00302497 -0.00287 -0.00272429 -0.00261106 -0.00252397 -0.00248276 -0.00251184 -0.00261327 -0.00283459 -0.00320802 -0.00373402 -0.00447302 -0.00543218 -0.0066437 -0.00814647 -0.00992755 -0.0119568 -0.0142083 -0.016577 -0.0189654 -0.0212107 -0.0231158 -0.0244516 -0.0249827 -0.0244644 -0.0227131 -0.0195841 -0.0150466 -0.00918069 -0.00220879 0.00553329 0.0135695 0.0213633 0.0283332 0.033921 0.0376541 0.0392313 0.038516 0.0356094 0.0307952 0.0245097 0.0172798 0.00968013 0.00223697 -0.00457297 -0.0103922 -0.0149819 -0.0182469 -0.0201916 -0.0209435 -0.0206715 -0.0195972 -0.0179465 -0.0159302 -0.0137252 -0.0114992 -0.00933303 -0.00732624 -0.00552833 -0.00394757 -0.0026008 -0.00148188 -0.000545543 0.000193281 0.000777907 0.00123454 0.00157871 0.00186215 0.00209928 0.0022844 0.00244495 0.00258107 0.00270151 0.00282848 0.00295369 0.00307899 0.00321168 0.00336665 0.00352273 0.0036923 0.00387376 0.00407424 0.00431445 0.00459037 0.00487285 0.00518754 0.00554943 0.005967 0.00644645 0.00699529 0.0076213 0.00835138 0.00920943 0.0101638 0.0112409 0.0124624 0.0138206 0.0153135 0.0169376 0.0186744 0.0204922 0.0223525 0.0242101 0.0260154 0.0277426 0.0292994 0.0305808 0.0315477 0.0321341 0.0322654 0.0318692 0.0309217 0.0293824 0.0272085 0.024404 0.0209537 0.0168633 0.0121494 0.00684511 0.00101717 -0.0052602 -0.0119174 -0.0189121 -0.0261505 -0.033516 -0.0409349 -0.0483052 -0.0555009 -0.0623938 -0.0688932 -0.0748693 -0.0801779 -0.0847565 -0.088536 -0.0914267 -0.0933408 
0 -0.00319967 -0.00628066 -0.0091249 -0.0116309 -0.0137965 -0.0155746 -0.0169397 -0.0179216 -0.0185906 -0.0190276 -0.019295 -0.0195387 -0.0198295 -0.0202113 -0.0207453 -0.0214952 -0.0224907 -0.0236825 -0.0250824 -0.026645 -0.0282964 -0.0299629 -0.0315728 -0.0330483 -0.0342912 -0.0352601 -0.035919 -0.0362514 -0.0362337 -0.0358548 -0.0351181 -0.0340908 -0.0328039 -0.0312809 -0.0295903 -0.0277871 -0.0259253 -0.0240144 -0.022134 -0.0203118 -0.0185681 -0.016932 -0.0154072 -0.0140186 -0.0127788 -0.0116569 -0.0106325 -0.00972257 -0.00892413 -0.00823281 -0.0076058 -0.007058 -0.00656023 -0.0061189 -0.00572709 -0.00535385 -0.00501975 -0.00472952 -0.00445514 -0.00419653 -0.00395169 -0.00371048 -0.00350459 -0.00331097 -0.00313153 -0.00296423 -0.00283295 -0.00274444 -0.00272119 -0.00274942 -0.00285537 -0.00308359 -0.00347939 -0.00405644 -0.00484737 -0.00588319 -0.00719773 -0.00880181 -0.0106931 -0.0128599 -0.0152342 -0.0177324 -0.020242 -0.0225904 -0.0245556 -0.0259111 -0.026394 -0.025774 -0.0238454 -0.0204897 -0.0156666 -0.0094687 -0.00211999 0.00599936 0.0144229 0.0225638 0.0298229 0.0356265 0.0395048 0.0411186 0.0403672 0.0373335 0.0323095 0.0257422 0.018194 0.0102291 0.0024274 -0.00472704 -0.0108528 -0.0157085 -0.0191694 -0.0212579 -0.0220778 -0.0218205 -0.0206985 -0.0189667 -0.0168501 -0.0145392 -0.0121848 -0.00990954 -0.00778089 -0.00585878 -0.0041845 -0.00276528 -0.00157378 -0.000588443 0.000200372 0.000830811 0.00132781 0.00172022 0.00202667 0.00227755 0.00247747 0.00264522 0.00278637 0.00292988 0.00306973 0.00322096 0.00335763 0.0035049 0.00367777 0.00386036 0.00405249 0.00426233 0.00448478 0.00476016 0.00507722 0.00540567 0.0057821 0.00620562 0.00670891 0.0072894 0.00795419 0.00870835 0.00957723 0.0105667 0.0116746 0.0129088 0.0143076 0.0158442 0.0174895 0.0192452 0.0210693 0.022955 0.0248343 0.0266494 0.0283445 0.0298811 0.0311748 0.0321222 0.032673 0.0327803 0.0323774 0.0314183 0.0298957 0.027759 0.0249956 0.0215948 0.0175902 0.0130039 0.0078612 0.00221741 -0.00387976 -0.0103111 -0.0170225 -0.0239507 -0.0310103 -0.0381029 -0.0451336 -0.0520241 -0.0586257 -0.0648547 -0.0706468 -0.0759126 -0.0805553 -0.0845127 -0.0877603 -0.0902098 -0.0918204 
0 -0.00373391 -0.00734311 -0.0106644 -0.0136233 -0.0161384 -0.0181872 -0.0197149 -0.0207545 -0.0213942 -0.0216768 -0.0217174 -0.0216122 -0.021495 -0.0214273 -0.0214952 -0.0217998 -0.0223408 -0.0231351 -0.0241726 -0.0254643 -0.0269452 -0.0285404 -0.0301886 -0.0317886 -0.0332562 -0.0345209 -0.0355352 -0.0362524 -0.0366372 -0.0366529 -0.0363242 -0.0356635 -0.0347032 -0.0334432 -0.0319395 -0.0302867 -0.0284973 -0.0266367 -0.024729 -0.0228385 -0.0209925 -0.0192155 -0.0175425 -0.0159921 -0.0145789 -0.0132935 -0.0121147 -0.011058 -0.0101373 -0.00930247 -0.00856675 -0.00789757 -0.00731507 -0.00680902 -0.00635167 -0.0059266 -0.00553917 -0.00519244 -0.00488562 -0.00459521 -0.00431655 -0.00406755 -0.00382824 -0.00361446 -0.00339995 -0.00321219 -0.00307475 -0.00299037 -0.00294897 -0.00299351 -0.0031162 -0.00336502 -0.00377627 -0.00439342 -0.00525362 -0.006368 -0.00775087 -0.00946429 -0.0114895 -0.0137749 -0.0162847 -0.0189098 -0.0215089 -0.0239255 -0.025944 -0.0272975 -0.0277361 -0.0270047 -0.0249142 -0.0213267 -0.0162212 -0.00969717 -0.0020029 0.00649049 0.0152446 0.0236827 0.0311864 0.0371694 0.0411461 0.0428205 0.042038 0.0388996 0.0337 0.0268912 0.0190275 0.0107433 0.00260482 -0.00486681 -0.0112768 -0.0163631 -0.0200175 -0.0222381 -0.0231453 -0.0229082 -0.0217737 -0.019979 -0.0177534 -0.0153232 -0.012859 -0.0104508 -0.00821177 -0.00620313 -0.00442808 -0.00292116 -0.00167431 -0.000640883 0.000209806 0.000894963 0.00143652 0.00184391 0.00218895 0.00246805 0.00268228 0.00285367 0.00301494 0.00316902 0.00334705 0.00350774 0.00366485 0.00382805 0.00401071 0.0042223 0.00445399 0.00469457 0.0049632 0.00527073 0.00562082 0.00601688 0.00645136 0.00697743 0.00757549 0.00826692 0.00904966 0.00993579 0.0109541 0.0121088 0.0133745 0.0147826 0.016339 0.018027 0.0198138 0.0216457 0.0235287 0.0254025 0.0272375 0.0289389 0.0304433 0.0317078 0.0326415 0.0331729 0.0332515 0.0328369 0.0318703 0.0303255 0.0281921 0.0254686 0.0221167 0.0181661 0.0136417 0.00860106 0.00310413 -0.00282124 -0.00907807 -0.0156028 -0.022287 -0.0290788 -0.0358833 -0.0425919 -0.0491539 -0.0554483 -0.0613859 -0.0668673 -0.0718794 -0.0763761 -0.0802802 -0.0835858 -0.0862452 -0.0882378 -0.0895259 
0 -0.00415589 -0.00817009 -0.0119174 -0.0152438 -0.0181003 -0.0203953 -0.022114 -0.0232813 -0.0239486 -0.0241969 -0.0240744 -0.0237341 -0.0232793 -0.0228286 -0.0224907 -0.0223408 -0.0224432 -0.0227924 -0.0234445 -0.0243997 -0.0256177 -0.0270465 -0.02861 -0.0302488 -0.031859 -0.0333557 -0.0346708 -0.0357334 -0.0364993 -0.0369324 -0.037019 -0.0367738 -0.0361749 -0.035242 -0.0340249 -0.0325792 -0.0309626 -0.0291847 -0.0273218 -0.0254224 -0.0235286 -0.0216728 -0.0198713 -0.0181694 -0.0165867 -0.0151254 -0.0137858 -0.0125804 -0.0114947 -0.0105295 -0.00964742 -0.00886816 -0.00819226 -0.00759871 -0.00706957 -0.00657436 -0.00612081 -0.00572231 -0.00536201 -0.00502504 -0.00471689 -0.00441753 -0.00416709 -0.00393194 -0.00371389 -0.00351263 -0.00334179 -0.00323582 -0.00321131 -0.00323481 -0.00336255 -0.0036407 -0.00410636 -0.00478319 -0.00567422 -0.0068448 -0.00833969 -0.0101518 -0.0122832 -0.0147123 -0.0173254 -0.0200464 -0.0227448 -0.0252343 -0.0272723 -0.028624 -0.0289972 -0.0281543 -0.0258803 -0.0220662 -0.01668 -0.00984937 -0.00182438 0.00696429 0.0160204 0.0247172 0.0324288 0.0385648 0.0426512 0.0443324 0.0435226 0.0402944 0.0349442 0.0279278 0.0198294 0.011243 0.00280417 -0.00496541 -0.0116368 -0.0169566 -0.0207861 -0.0231465 -0.0241321 -0.0239419 -0.0227795 -0.0209221 -0.0186231 -0.0160954 -0.0134943 -0.0109885 -0.00863629 -0.00650764 -0.00466725 -0.00310113 -0.00176251 -0.000652924 0.000253156 0.000966222 0.00152551 0.00198377 0.00233778 0.002632 0.00288534 0.00309187 0.00327021 0.00345024 0.00362407 0.0038152 0.00398495 0.00416478 0.00437104 0.004609 0.00487299 0.00516284 0.00547619 0.00584322 0.0062545 0.00671216 0.00724378 0.00785729 0.008579 0.00939047 0.0102987 0.0113282 0.0125092 0.0138326 0.0152907 0.016859 0.0185578 0.0203622 0.0222238 0.0241159 0.0259795 0.0277957 0.029487 0.0309794 0.0322131 0.033115 0.0336217 0.0336669 0.0332162 0.0322491 0.0307047 0.0285622 0.0258292 0.0225063 0.0186183 0.0141584 0.00919094 0.00377311 -0.00202908 -0.00813418 -0.0144957 -0.0209994 -0.0275906 -0.0341682 -0.0406307 -0.0468966 -0.0528745 -0.0585207 -0.0637127 -0.06842 -0.0726225 -0.0763034 -0.0794554 -0.0820509 -0.0841249 -0.0856356 -0.0866128 
