0 0 0 0 0 0 0 0 0 0 0 0 0 0 0 0 0 0 0 0 0 0 0 0 0 0 0 0 0 0 0 0 0 0 0 0 0 0 0 0 0 0 0 0 0 0 0 0 0 0 0 0 0 0 0 0 0 0 0 0 0 0 0 0 0 0 0 0 0 0 0 0 0 0 0 0 0 0 0 0 0 0 0 0 0 0 0 0 0 0 0 0 0 0 0 0 0 0 0 0 0 0 0 0 0 0 0 0 0 0 0 0 0 0 0 0 0 0 0 0 0 0 0 0 0 0 0 0 0 0 0 0 0 0 0 0 0 0 0 0 0 0 0 0 0 0 0 0 0 0 0 0 0 0 0 0 0 0 0 0 0 0 0 0 0 0 0 0 0 0 0 0 0 0 0 0 0 0 0 0 0 0 0 0 0 0 0 0 0 0 0 0 0 0 0 0 0 0 0 0 
0 -0.00160953 -0.00316342 -0.00460331 -0.00590569 -0.00705351 -0.00802837 -0.00878804 -0.00932068 -0.00962744 -0.00971512 -0.00960969 -0.0093397 -0.00892739 -0.00838993 -0.00776738 -0.00709639 -0.00640603 -0.00570942 -0.00502496 -0.00435985 -0.00373843 -0.00318169 -0.00269784 -0.0022946 -0.00194787 -0.0016482 -0.0013812 -0.00116682 -0.000996884 -0.00085641 -0.000744952 -0.000646807 -0.000560162 -0.000488766 -0.00044781 -0.000420889 -0.000397673 -0.000367872 -0.000341486 -0.000321212 -0.000315479 -0.000310755 -0.000297735 -0.000289217 -0.000267084 -0.000247458 -0.000235578 -0.00023174 -0.000228545 -0.000218955 -0.000204125 -0.000193315 -0.000186557 -0.000189052 -0.000185867 -0.000185301 -0.000186506 -0.000172195 -0.000169153 -0.000174146 -0.000193797 -0.000228253 -0.000260317 -0.000301232 -0.00036633 -0.000440638 -0.000538486 -0.000659667 -0.000802281 -0.000959384 -0.00112631 -0.0013062 -0.00149229 -0.00166964 -0.00182815 -0.0019518 -0.00201027 -0.00198577 -0.00187902 -0.00168506 -0.0014018 -0.00105338 -0.000647337 -0.000206372 0.000238617 0.000663547 0.00104479 0.00135822 0.00158555 0.00170584 0.00173235 0.00167075 0.00154441 0.00139396 0.00122905 0.00105875 0.000912628 0.000778557 0.000672543 0.000618358 0.000604839 0.000638386 0.000730661 0.000855614 0.00101731 0.00120688 0.00139287 0.00155245 0.00165925 0.00167958 0.00160632 0.00143592 0.00118016 0.000844149 0.000445854 1.2202e-05 -0.00043193 -0.000852601 -0.00120896 -0.00149303 -0.00169129 -0.00179613 -0.00181177 -0.00175539 -0.00164488 -0.00149682 -0.00133083 -0.00115337 -0.000960746 -0.000772724 -0.000608841 -0.000472342 -0.000353683 -0.000241152 -0.000154247 -8.22226e-05 -2.27209e-05 1.77368e-05 4.78065e-05 6.4798e-05 7.04325e-05 9.11514e-05 0.000107048 0.000123754 0.000135832 0.000133726 0.000136151 0.000143693 0.000152957 0.000162288 0.000169508 0.000172326 0.0001712 0.000169345 0.000180155 0.000193745 0.000215632 0.000222183 0.000219912 0.000227112 0.000241489 0.00025672 0.000265964 0.000264781 0.000248598 0.000232278 0.000211998 0.000191112 0.000149511 8.26529e-05 -1.69299e-05 -0.000132164 -0.000257092 -0.000418512 -0.000616273 -0.000860509 -0.00114855 -0.00147951 -0.00183227 -0.00220117 -0.0025859 -0.00296412 -0.00329945 -0.00356054 -0.00372281 -0.00377077 -0.00370256 -0.00350032 -0.00315051 -0.00262613 -0.00193652 -0.00110559 -0.00018708 0.000760937 0.00170436 0.00258966 0.00338527 0.00403564 0.00450049 
0 -0.00316342 -0.00622831 -0.00909019 -0.0116759 -0.0139531 -0.015872 -0.0173686 -0.018429 -0.0190529 -0.0192494 -0.0190553 -0.018529 -0.0177242 -0.0166804 -0.0154739 -0.0141689 -0.012805 -0.0114297 -0.0100697 -0.00876875 -0.00755487 -0.00645497 -0.00549117 -0.0046509 -0.00394751 -0.00333044 -0.00280611 -0.00237957 -0.00202057 -0.00173137 -0.00148352 -0.00130175 -0.00113653 -0.00100372 -0.00091565 -0.000841308 -0.000785954 -0.000729952 -0.000684189 -0.0006508 -0.000626466 -0.00059762 -0.000571288 -0.000548727 -0.000536329 -0.000502453 -0.0004874 -0.000473081 -0.000453577 -0.000441763 -0.000418464 -0.000404612 -0.000393 -0.000383068 -0.000361964 -0.000359265 -0.000354087 -0.000359652 -0.000362626 -0.000378658 -0.000404324 -0.000462057 -0.000531617 -0.000614026 -0.00072242 -0.000883948 -0.0010901 -0.00132116 -0.00158976 -0.00189716 -0.00226481 -0.00263677 -0.00299706 -0.00334581 -0.00365149 -0.00386344 -0.00399325 -0.00395282 -0.00374842 -0.00336977 -0.00282252 -0.0021203 -0.00130236 -0.000397705 0.000492869 0.00135359 0.00210358 0.00270492 0.00314596 0.00340079 0.00344659 0.00334815 0.00311275 0.00280057 0.0024641 0.00213334 0.00181658 0.00155578 0.00135563 0.00123756 0.00121336 0.00130412 0.00147491 0.001733 0.00206053 0.00241624 0.00277023 0.00309981 0.00330218 0.00336188 0.00323548 0.00289417 0.00236442 0.00168706 0.000868709 3.50521e-06 -0.0008797 -0.00169648 -0.00240186 -0.00296289 -0.00335454 -0.00356157 -0.00363071 -0.00351968 -0.00330087 -0.0030084 -0.002657 -0.00227522 -0.00191068 -0.00155044 -0.00122743 -0.000936719 -0.000694708 -0.000494016 -0.000319948 -0.000174433 -6.95717e-05 6.9554e-06 8.04007e-05 0.000129065 0.00016602 0.000187919 0.000214451 0.0002316 0.000250348 0.000254783 0.000269347 0.000283801 0.000303879 0.000304758 0.000322434 0.00034108 0.000350531 0.000370887 0.000377121 0.000399885 0.000426771 0.000441809 0.000450221 0.000469679 0.000489945 0.000509311 0.000512719 0.000523076 0.000506991 0.000482054 0.000443614 0.000370104 0.000285209 0.000139375 -4.60892e-05 -0.000276976 -0.000547494 -0.000883018 -0.00130006 -0.0017749 -0.0023397 -0.0029832 -0.00367831 -0.00440705 -0.00515051 -0.0058705 -0.00650319 -0.00699941 -0.00731752 -0.00741304 -0.00726807 -0.0068523 -0.00613573 -0.00510221 -0.00375361 -0.00214719 -0.000364871 0.00149065 0.00333268 0.00507381 0.00661343 0.00787564 0.00876834 
0 -0.00460331 -0.00909019 -0.013299 -0.0171238 -0.0204793 -0.023304 -0.0255136 -0.0271035 -0.0280776 -0.0284289 -0.0282005 -0.0274723 -0.0263294 -0.0248411 -0.0231097 -0.021212 -0.0192137 -0.0171701 -0.0151662 -0.0132478 -0.0114668 -0.00984529 -0.00838423 -0.00711523 -0.00601913 -0.00509692 -0.00430702 -0.00366234 -0.00311664 -0.00264255 -0.00226905 -0.00197896 -0.00174738 -0.00154934 -0.00140227 -0.00127827 -0.0011819 -0.00110136 -0.00104599 -0.000992775 -0.00094778 -0.000892902 -0.000834897 -0.000819838 -0.00079391 -0.000767449 -0.000738331 -0.000709836 -0.000681705 -0.000654459 -0.000629473 -0.000614852 -0.000593292 -0.000574231 -0.000537045 -0.000524166 -0.000541611 -0.000539186 -0.000559108 -0.000580782 -0.000620888 -0.00069534 -0.000779885 -0.000907275 -0.00110991 -0.00134248 -0.00163123 -0.00197851 -0.00239157 -0.00286272 -0.00338227 -0.00394027 -0.0045025 -0.00502152 -0.00546786 -0.00580459 -0.00596534 -0.00590205 -0.0056082 -0.00505683 -0.00423069 -0.00318497 -0.00195004 -0.00060495 0.000743922 0.00201648 0.00314007 0.00405195 0.00471172 0.00507138 0.00516266 0.00500385 0.00465286 0.00421199 0.00371552 0.00319696 0.00273944 0.00233055 0.00201938 0.00186725 0.00184811 0.00197037 0.00225056 0.00262107 0.00308794 0.00362735 0.00416381 0.00463512 0.00495966 0.00503834 0.00483373 0.00432388 0.00353938 0.00250714 0.00129174 -1.28066e-05 -0.00132513 -0.00255001 -0.00358682 -0.00441926 -0.00501612 -0.00535287 -0.00543107 -0.00527995 -0.00494742 -0.00448875 -0.0039709 -0.00342875 -0.00286476 -0.00232111 -0.00183959 -0.00142338 -0.00105496 -0.000717876 -0.000466883 -0.000274225 -0.000120438 -9.18539e-07 0.000111371 0.000197489 0.000243096 0.000298385 0.000322164 0.00034479 0.000370746 0.000380403 0.000407562 0.000435536 0.0004499 0.000456951 0.000475217 0.000508389 0.000544888 0.000567425 0.000589542 0.000598418 0.000633054 0.000655644 0.000676653 0.000714385 0.000741586 0.000750981 0.000754687 0.000764321 0.000754422 0.000725289 0.000644121 0.000528684 0.000366621 0.00016305 -0.000113249 -0.000454899 -0.000867289 -0.00140121 -0.00202473 -0.00274234 -0.00356264 -0.00450884 -0.00553487 -0.00660309 -0.00767864 -0.00869304 -0.00957328 -0.0102655 -0.0107091 -0.0108317 -0.0105874 -0.00992112 -0.00882651 -0.00728288 -0.00533366 -0.00302836 -0.000475183 0.0021897 0.00485617 0.00735198 0.00955958 0.0113337 0.0125874 
0 -0.00590569 -0.0116759 -0.0171238 -0.0220882 -0.0264608 -0.0301424 -0.0330449 -0.0351673 -0.036512 -0.0370694 -0.0368791 -0.0360358 -0.0346478 -0.0327981 -0.0306121 -0.0281909 -0.025609 -0.0229705 -0.0203594 -0.0178646 -0.015528 -0.0133773 -0.0114393 -0.00971535 -0.00824563 -0.00697653 -0.00590779 -0.00502723 -0.00427308 -0.00364332 -0.00311618 -0.00272647 -0.00239368 -0.00211789 -0.00191025 -0.0017321 -0.00159891 -0.0014878 -0.00140448 -0.00133882 -0.0012807 -0.00121422 -0.00115602 -0.00111382 -0.00108472 -0.00102302 -0.000983132 -0.000945377 -0.000902732 -0.000873012 -0.000833045 -0.000809313 -0.000789732 -0.000769412 -0.000729676 -0.000717647 -0.000708721 -0.000714836 -0.000722474 -0.000751649 -0.000804205 -0.00091372 -0.00105186 -0.00122429 -0.00145445 -0.00177733 -0.00218243 -0.00264416 -0.00318222 -0.00379875 -0.00451703 -0.00525449 -0.0059772 -0.00667284 -0.00728167 -0.00771476 -0.0079603 -0.00787898 -0.00746835 -0.00671304 -0.00562243 -0.00422977 -0.00260683 -0.000823152 0.000950192 0.00265459 0.00415007 0.00535776 0.00624013 0.00674743 0.00685255 0.00665507 0.00619266 0.00558044 0.0049151 0.0042574 0.00363838 0.00312276 0.00273066 0.0025045 0.00246453 0.00264165 0.00298866 0.00350249 0.00414899 0.00485572 0.00555536 0.00618585 0.00657629 0.00667293 0.00640035 0.00571542 0.00466256 0.00331181 0.0016981 -2.14774e-05 -0.00177069 -0.00339557 -0.00479788 -0.00591168 -0.00668739 -0.00710166 -0.00722212 -0.00700658 -0.0065721 -0.00598807 -0.00529411 -0.00454526 -0.00381516 -0.00310092 -0.00245664 -0.00187885 -0.00138877 -0.000976773 -0.000627502 -0.000341962 -0.000131773 2.46853e-05 0.000166694 0.000264601 0.0003345 0.000380882 0.000429828 0.000466976 0.000505966 0.000523043 0.000554202 0.000585212 0.000617335 0.000619752 0.00064542 0.000678099 0.000703723 0.000742652 0.000758884 0.000793472 0.000838622 0.000873305 0.000904894 0.000950293 0.0009837 0.000999788 0.000992082 0.000999729 0.000972169 0.000916901 0.000813513 0.000639881 0.000438398 0.000147833 -0.000218002 -0.000682682 -0.00125275 -0.00196355 -0.00281752 -0.00376823 -0.00486184 -0.00609294 -0.00741624 -0.00878225 -0.0101314 -0.011388 -0.0124597 -0.013287 -0.0138003 -0.0138994 -0.0135142 -0.0125843 -0.0110994 -0.00908634 -0.0065879 -0.00368565 -0.000485548 0.00286292 0.00619951 0.00933303 0.0120647 0.0142526 0.0157766 
0 -0.00705351 -0.0139531 -0.0204793 -0.0264608 -0.0317527 -0.0362423 -0.039818 -0.0424695 -0.044203 -0.0450104 -0.0449396 -0.0440893 -0.0425637 -0.040454 -0.0379009 -0.0350316 -0.0319643 -0.0288046 -0.0256717 -0.0226362 -0.0197667 -0.0171098 -0.014691 -0.0125513 -0.0106765 -0.00905774 -0.00766364 -0.00651187 -0.0055491 -0.00473258 -0.00406901 -0.00353476 -0.00309176 -0.00272302 -0.00244922 -0.00222992 -0.00205419 -0.00189884 -0.00177707 -0.00167521 -0.00160115 -0.00152868 -0.00145225 -0.00140629 -0.00134136 -0.00127381 -0.00122265 -0.00118739 -0.00115063 -0.00110407 -0.0010489 -0.00100974 -0.000978611 -0.000960125 -0.000923767 -0.000906885 -0.000910489 -0.000894762 -0.000908166 -0.000945457 -0.00102464 -0.00115836 -0.00131699 -0.00153145 -0.00184557 -0.002232 -0.00271884 -0.00330575 -0.00399635 -0.00477595 -0.00563396 -0.0065421 -0.00745681 -0.00832092 -0.00907538 -0.0096406 -0.00991556 -0.00980901 -0.00930122 -0.00836588 -0.0069987 -0.00527365 -0.00325207 -0.00105177 0.00116531 0.00327285 0.0051431 0.00666663 0.00777073 0.00838563 0.00853817 0.00828012 0.00770882 0.00697319 0.00615608 0.00532257 0.00457242 0.00391888 0.00342612 0.00316804 0.00313583 0.00334317 0.00379618 0.00442275 0.00520782 0.00609383 0.00696965 0.00772447 0.00821647 0.0083101 0.00794124 0.00708111 0.00577777 0.00408517 0.00209525 -4.89867e-05 -0.0022151 -0.00424427 -0.00597948 -0.00736028 -0.0083316 -0.00886458 -0.0089808 -0.00872528 -0.00818552 -0.00744902 -0.00660145 -0.00569772 -0.00476633 -0.00386425 -0.00305848 -0.0023608 -0.00175379 -0.00121434 -0.000786594 -0.000444486 -0.000174282 3.25104e-05 0.000204189 0.00032428 0.000394278 0.000474969 0.000535688 0.000593864 0.000641427 0.000655281 0.000682923 0.000721096 0.000758518 0.000788029 0.000822863 0.000859578 0.000892822 0.000921588 0.000961853 0.00100333 0.00106752 0.00110452 0.00112962 0.00117483 0.00121626 0.00123968 0.00124249 0.00123112 0.00117568 0.00108454 0.000932181 0.000727945 0.000450865 8.00082e-05 -0.000415866 -0.00102249 -0.0017442 -0.00264151 -0.00369414 -0.00489636 -0.00624574 -0.0077403 -0.00930861 -0.0108964 -0.0124521 -0.0138831 -0.015087 -0.0159836 -0.0164874 -0.016494 -0.015928 -0.0147229 -0.0128886 -0.0104499 -0.00748994 -0.00409096 -0.000382261 0.0034735 0.00731149 0.010889 0.0140098 0.016482 0.0182016 
0 -0.00802837 -0.015872 -0.023304 -0.0301424 -0.0362423 -0.0414679 -0.0456881 -0.0488678 -0.0510099 -0.0521192 -0.0522514 -0.0514983 -0.0499541 -0.0477047 -0.0449033 -0.0417097 -0.0382602 -0.0346889 -0.0311011 -0.0275904 -0.0242287 -0.0210844 -0.0182105 -0.0156276 -0.0133495 -0.0113407 -0.00960797 -0.00816282 -0.00695442 -0.00594651 -0.00510668 -0.00443168 -0.00386216 -0.00339597 -0.0030435 -0.00275958 -0.00252953 -0.00232934 -0.00216565 -0.00203611 -0.00193426 -0.00183938 -0.00175372 -0.00168615 -0.00162075 -0.00153895 -0.00148193 -0.00143806 -0.00138912 -0.00133716 -0.00127457 -0.00122668 -0.00118998 -0.00115659 -0.00110939 -0.00108745 -0.0010809 -0.00108586 -0.00110624 -0.00115475 -0.00124347 -0.00139731 -0.00159627 -0.00185595 -0.00221051 -0.00268308 -0.00327329 -0.00396767 -0.00478148 -0.0057147 -0.00676594 -0.00785981 -0.00894048 -0.00996499 -0.0108537 -0.0115016 -0.0118355 -0.0117179 -0.0111151 -0.0100039 -0.00838969 -0.00632747 -0.00391305 -0.00127694 0.00137258 0.00389548 0.00611951 0.00792383 0.00923459 0.00998795 0.0101773 0.0098971 0.00923871 0.00835594 0.00737711 0.00639575 0.00548731 0.00472245 0.00415418 0.00384325 0.00381259 0.00408191 0.0046147 0.00537475 0.0063144 0.00734661 0.00836481 0.00924968 0.00980714 0.00991419 0.00947216 0.00843665 0.00685887 0.00482814 0.00244167 -0.000113761 -0.00268816 -0.0050843 -0.00714892 -0.00878872 -0.00993715 -0.0105694 -0.0107337 -0.0104372 -0.00980011 -0.00892674 -0.00789784 -0.0067947 -0.00569471 -0.00463414 -0.00367416 -0.00282398 -0.0020929 -0.00147113 -0.000955794 -0.000540072 -0.000220736 2.69739e-05 0.000237194 0.00038971 0.000494169 0.000574891 0.000647069 0.000708014 0.000759442 0.000783878 0.000818534 0.000863305 0.000911497 0.000942897 0.000987524 0.0010347 0.00107561 0.00112315 0.00116424 0.00122097 0.00128692 0.00133026 0.0013611 0.001405 0.00144585 0.00146901 0.00146286 0.00143814 0.00135594 0.00122398 0.00102994 0.000760256 0.00041515 -6.62871e-05 -0.00069025 -0.00145197 -0.00235091 -0.00343078 -0.00470148 -0.00613162 -0.00772529 -0.00944007 -0.011197 -0.0129394 -0.0146151 -0.0161406 -0.0173956 -0.0182789 -0.0186911 -0.0185326 -0.0177413 -0.01627 -0.0141248 -0.0113458 -0.00801265 -0.00423896 -0.000173733 0.00401012 0.00813096 0.0119634 0.0152903 0.0179326 0.0197648 
0 -0.00878804 -0.0173686 -0.0255136 -0.0330449 -0.039818 -0.0456881 -0.0505109 -0.0542249 -0.0568218 -0.0583077 -0.0587343 -0.0581834 -0.0567375 -0.0544874 -0.0515869 -0.0482046 -0.0444909 -0.0405859 -0.0366155 -0.0326875 -0.0288913 -0.0253032 -0.0219794 -0.0189574 -0.0162553 -0.0138646 -0.0117902 -0.0100359 -0.00855503 -0.00730698 -0.00627199 -0.00543303 -0.00473649 -0.00416085 -0.00370413 -0.0033333 -0.00303406 -0.00278943 -0.00259538 -0.00243627 -0.00229919 -0.00217093 -0.00206072 -0.00198175 -0.00190829 -0.00182323 -0.00174789 -0.00168184 -0.00161623 -0.00155348 -0.00149188 -0.00144351 -0.00139978 -0.00135175 -0.00129492 -0.00126521 -0.00126327 -0.00127408 -0.00130254 -0.00135754 -0.00145685 -0.00162258 -0.0018522 -0.00216708 -0.00259764 -0.00314988 -0.00382833 -0.00463465 -0.00558203 -0.00666777 -0.0078776 -0.00914716 -0.0104094 -0.0115978 -0.0126228 -0.0133733 -0.0137422 -0.0136051 -0.0129099 -0.0116257 -0.00975654 -0.00736838 -0.0045703 -0.0015254 0.00154766 0.00446579 0.00704699 0.00914801 0.0106722 0.011551 0.0117895 0.0114751 0.0107311 0.00972477 0.00859846 0.00746259 0.00641559 0.00553225 0.00488488 0.00454027 0.00452331 0.00484242 0.00546823 0.00634787 0.0074259 0.00861001 0.00977437 0.010766 0.0113878 0.0114819 0.0109418 0.00972754 0.00789104 0.00552754 0.00276754 -0.000193677 -0.00316475 -0.00593156 -0.00831444 -0.0102061 -0.0115363 -0.0122772 -0.0124595 -0.0121235 -0.011385 -0.010367 -0.00917695 -0.00790688 -0.006631 -0.0054048 -0.00429061 -0.00330368 -0.00244272 -0.00170436 -0.00110184 -0.000626862 -0.000261446 2.85876e-05 0.000272387 0.000457321 0.000586296 0.000684664 0.000762164 0.000827646 0.00088412 0.000924485 0.000974018 0.00102924 0.00107636 0.00110782 0.00115069 0.00120674 0.00126699 0.00132606 0.00137525 0.00142788 0.00149076 0.00154242 0.00158882 0.00164105 0.00167682 0.00168031 0.0016517 0.00159921 0.00149337 0.00132246 0.00106611 0.000716948 0.00026939 -0.000317708 -0.00106511 -0.00197368 -0.00305193 -0.00433272 -0.00580896 -0.00744874 -0.00923596 -0.0111239 -0.0130263 -0.0148736 -0.0166066 -0.0181382 -0.0193507 -0.0201315 -0.0203752 -0.0199944 -0.0189443 -0.0172042 -0.0147905 -0.011745 -0.00815122 -0.00413608 0.000125016 0.00444594 0.00864662 0.0125221 0.0158812 0.0185534 0.0204092 
0 -0.00932068 -0.018429 -0.0271035 -0.0351673 -0.0424695 -0.0488678 -0.0542249 -0.0584626 -0.0615514 -0.0634788 -0.0642777 -0.0640193 -0.0627858 -0.060681 -0.0578451 -0.0544313 -0.0505882 -0.0464579 -0.0421992 -0.0379365 -0.0337749 -0.0297891 -0.0260349 -0.0225801 -0.0194503 -0.0166743 -0.0142439 -0.0121532 -0.0103677 -0.00884732 -0.00759432 -0.00656638 -0.00572158 -0.00501588 -0.00443702 -0.00396752 -0.00358726 -0.00328495 -0.00304716 -0.00285083 -0.0026808 -0.00252729 -0.00239488 -0.00229897 -0.00220271 -0.00210769 -0.00201309 -0.00193065 -0.00185489 -0.00177878 -0.00171114 -0.00165528 -0.00160605 -0.0015544 -0.00150093 -0.00146379 -0.00145766 -0.00145795 -0.00148635 -0.00154846 -0.00166979 -0.00186088 -0.00212598 -0.00248781 -0.00298283 -0.00360906 -0.00438163 -0.00530869 -0.00639138 -0.00762844 -0.00898645 -0.0104193 -0.0118529 -0.0132012 -0.0143659 -0.0152302 -0.0156364 -0.0154784 -0.0146799 -0.0132129 -0.0110884 -0.00838778 -0.00522569 -0.00179591 0.00168663 0.00499139 0.00792866 0.0103293 0.0120715 0.0130791 0.0133734 0.0130267 0.0121988 0.011072 0.00980468 0.00852496 0.00735692 0.00636903 0.00565048 0.00527295 0.00526466 0.00562623 0.00634521 0.00734698 0.008566 0.00990082 0.0112016 0.0122799 0.0129464 0.0130069 0.0123545 0.0109568 0.00886634 0.00618231 0.00306963 -0.000281556 -0.00363762 -0.00677475 -0.00947963 -0.0116216 -0.0131215 -0.0139568 -0.0141412 -0.0137665 -0.0129369 -0.0117886 -0.0104489 -0.00901743 -0.00756358 -0.00617054 -0.00489611 -0.00377326 -0.00279316 -0.00194981 -0.00126194 -0.000715653 -0.000288351 4.87517e-05 0.000317651 0.000522306 0.000663848 0.00078055 0.00087087 0.000953343 0.00101989 0.0010728 0.00112838 0.00119025 0.00123974 0.00128263 0.00132721 0.0013862 0.00145488 0.00151549 0.00157721 0.00163418 0.00170191 0.00176199 0.00181726 0.00186978 0.00189711 0.0018787 0.00182332 0.00172943 0.00158641 0.00136554 0.00103712 0.000600277 3.32322e-05 -0.000671394 -0.00155179 -0.00261325 -0.00387742 -0.00536373 -0.00703368 -0.00885273 -0.0107796 -0.0127787 -0.0147678 -0.0166609 -0.0183782 -0.0198202 -0.0208834 -0.0214663 -0.0214751 -0.020839 -0.0195228 -0.0175286 -0.0148922 -0.0116644 -0.00793958 -0.00384437 0.000435691 0.00471083 0.00880802 0.012546 0.0157747 0.0183411 0.0201252 
0 -0.00962744 -0.0190529 -0.0280776 -0.036512 -0.044203 -0.0510099 -0.0568218 -0.0615514 -0.065141 -0.0675513 -0.0687915 -0.0689148 -0.068012 -0.066191 -0.0635686 -0.0602797 -0.0564501 -0.052246 -0.047816 -0.0433212 -0.038864 -0.0345266 -0.0303961 -0.0265274 -0.0229975 -0.0198112 -0.0169979 -0.0145377 -0.0124138 -0.0106146 -0.00910331 -0.00785879 -0.00682133 -0.00596408 -0.0052597 -0.00468884 -0.00421877 -0.00383741 -0.00352233 -0.00327656 -0.00306876 -0.00289044 -0.00274538 -0.00260803 -0.00249552 -0.0023795 -0.00228308 -0.00220015 -0.00211804 -0.0020334 -0.00194887 -0.0018726 -0.00181718 -0.00175938 -0.0017116 -0.00167564 -0.00164749 -0.00165624 -0.0016818 -0.00175999 -0.00190368 -0.0021226 -0.00242826 -0.00283273 -0.00335859 -0.00406647 -0.00494192 -0.00598311 -0.00719468 -0.00857903 -0.0101063 -0.0117004 -0.0132856 -0.0147887 -0.0160864 -0.0170286 -0.0174852 -0.0173085 -0.0164089 -0.0147684 -0.0124135 -0.00940145 -0.00588876 -0.00206957 0.0018082 0.0055029 0.00878165 0.0114635 0.0134125 0.0145648 0.0149057 0.0145539 0.0136631 0.0124164 0.0110128 0.00961163 0.00830555 0.00722856 0.00645481 0.00604034 0.00604406 0.00647218 0.00726537 0.00839371 0.0097529 0.0112134 0.0126253 0.0137907 0.0144724 0.0145002 0.0137379 0.0121524 0.00979334 0.00679452 0.00332206 -0.0004007 -0.00412987 -0.00760197 -0.0106159 -0.0130003 -0.0146612 -0.0155792 -0.015799 -0.015382 -0.0144674 -0.0132047 -0.0117098 -0.0100967 -0.00847849 -0.00692662 -0.00549942 -0.00423069 -0.00313549 -0.00222082 -0.00144589 -0.000819662 -0.000329213 5.68584e-05 0.00035623 0.000578732 0.00074959 0.000867119 0.000983322 0.00107965 0.00115326 0.00121462 0.0012657 0.00132686 0.00139201 0.00145166 0.00151707 0.00158482 0.00164879 0.00171855 0.00177912 0.00186118 0.00193225 0.00199556 0.00204326 0.00207356 0.00208653 0.00205797 0.00197972 0.00184516 0.00164215 0.00134516 0.000942456 0.000401525 -0.000277287 -0.00113512 -0.00217123 -0.00340872 -0.00486454 -0.00652311 -0.00836563 -0.0103151 -0.0123424 -0.0143854 -0.0163827 -0.0182404 -0.0198521 -0.0211198 -0.0219431 -0.0222491 -0.0219705 -0.0210613 -0.0194924 -0.0172847 -0.0144814 -0.0111684 -0.00744128 -0.00343734 0.0006806 0.00474266 0.00857428 0.0120392 0.0149937 0.0173366 0.0189511 
0 -0.00971512 -0.0192494 -0.0284289 -0.0370694 -0.0450104 -0.0521192 -0.0583077 -0.0634788 -0.0675513 -0.0704726 -0.0722211 -0.0728373 -0.0723865 -0.0709785 -0.0687009 -0.0656649 -0.0620115 -0.0578704 -0.0534145 -0.0487742 -0.0440905 -0.0394707 -0.0350048 -0.0307959 -0.0268663 -0.0232869 -0.020065 -0.0172171 -0.0147537 -0.0126345 -0.0108526 -0.00933422 -0.0080784 -0.00704322 -0.00619276 -0.00550814 -0.00493371 -0.00445499 -0.00406278 -0.0037479 -0.00349418 -0.00328387 -0.00309905 -0.00294268 -0.00279131 -0.00267569 -0.00256423 -0.00246911 -0.00238217 -0.00228226 -0.00218976 -0.00210492 -0.00203022 -0.00196036 -0.00191011 -0.00186385 -0.00185181 -0.00185145 -0.00189242 -0.00198226 -0.0021454 -0.00237648 -0.00270524 -0.00315964 -0.00377579 -0.00454348 -0.00549384 -0.00665276 -0.00800329 -0.00954035 -0.0112039 -0.0129643 -0.0147303 -0.0163723 -0.0177764 -0.0188164 -0.0192777 -0.0190823 -0.0181114 -0.01632 -0.0137249 -0.0104218 -0.0065506 -0.00236279 0.00191132 0.00596316 0.00957724 0.012542 0.0146984 0.0159692 0.0163927 0.0160293 0.0150859 0.0137588 0.0122372 0.0106885 0.00927823 0.00809411 0.00725573 0.00683834 0.0068765 0.00734996 0.00825183 0.00948154 0.0109485 0.0125328 0.014052 0.0152627 0.0159757 0.0159479 0.0150593 0.0132834 0.0106728 0.00734564 0.00352876 -0.000569919 -0.00464261 -0.00844629 -0.0117298 -0.0143277 -0.0161573 -0.0171934 -0.0174185 -0.0169867 -0.0159871 -0.0145803 -0.0129379 -0.0111804 -0.00938635 -0.00767357 -0.00609568 -0.00471121 -0.00350004 -0.00245663 -0.00160538 -0.000925338 -0.000381241 5.48144e-05 0.00038861 0.000646556 0.000833537 0.000988371 0.00110582 0.00121091 0.00128653 0.00135613 0.00141691 0.00148479 0.00155036 0.00163137 0.00170358 0.00178084 0.00186023 0.0019212 0.00200318 0.00208063 0.00215848 0.00221898 0.00225292 0.002262 0.0022503 0.00219985 0.00210059 0.0019104 0.00163765 0.00125147 0.000743054 0.000111111 -0.000710093 -0.00170906 -0.00292735 -0.00434688 -0.0059683 -0.00777679 -0.00972056 -0.0117766 -0.0138522 -0.0158944 -0.0178269 -0.0195532 -0.0209816 -0.0219992 -0.0225325 -0.0225135 -0.0219111 -0.0207151 -0.0189122 -0.0165376 -0.0136494 -0.010343 -0.00674302 -0.0029752 0.000821545 0.00451232 0.00795354 0.0110161 0.0135988 0.0156074 0.0169736 
0 -0.00960969 -0.0190553 -0.0282005 -0.0368791 -0.0449396 -0.0522514 -0.0587343 -0.0642777 -0.0687915 -0.0722211 -0.0745378 -0.0757336 -0.0758512 -0.0749679 -0.0731501 -0.0705112 -0.0671658 -0.0632572 -0.0588929 -0.054232 -0.0494173 -0.0445847 -0.0398692 -0.0353329 -0.0310593 -0.0270811 -0.0234722 -0.0202387 -0.0173994 -0.0149497 -0.0128385 -0.011042 -0.00953677 -0.00829571 -0.00726208 -0.00641879 -0.00571534 -0.00514365 -0.00466487 -0.00428914 -0.00397148 -0.00370754 -0.00349956 -0.00330034 -0.00314552 -0.00299973 -0.00286357 -0.00273534 -0.00262103 -0.0025179 -0.00242836 -0.00233738 -0.00226018 -0.00217268 -0.00211411 -0.00206881 -0.00203722 -0.002061 -0.00209882 -0.00219075 -0.00235693 -0.00261307 -0.00299187 -0.00350582 -0.00415949 -0.00502533 -0.00608233 -0.00733681 -0.00879513 -0.0104718 -0.0123108 -0.0142329 -0.0161393 -0.0179266 -0.0194507 -0.0205477 -0.0210636 -0.0208516 -0.0197804 -0.0178243 -0.0150171 -0.0114174 -0.00722455 -0.00267431 0.00196103 0.00637726 0.0103052 0.0135346 0.0158955 0.0173282 0.0178145 0.0174768 0.0164922 0.0150607 0.0134183 0.0117728 0.0102405 0.00899368 0.00811865 0.00767192 0.00772241 0.00826955 0.00923964 0.0105963 0.0121956 0.0138802 0.0154686 0.0167282 0.0174093 0.0173222 0.0163114 0.0143475 0.011471 0.00784457 0.00368441 -0.00075628 -0.00517622 -0.00927783 -0.0128443 -0.0156664 -0.017637 -0.0187403 -0.0190118 -0.0185399 -0.0174632 -0.0159528 -0.0141569 -0.0122199 -0.0102819 -0.00843633 -0.0067193 -0.00517565 -0.00383203 -0.00271323 -0.00176462 -0.00100287 -0.000403982 6.50355e-05 0.000425676 0.000710406 0.000943799 0.00109671 0.0012339 0.00133769 0.00142023 0.00151474 0.00159227 0.00167166 0.00174466 0.00181397 0.00188468 0.0019644 0.00204684 0.00213535 0.00221056 0.00230049 0.00236063 0.00242109 0.00245776 0.00244804 0.002408 0.00231314 0.00215497 0.00190287 0.00155328 0.00107159 0.000463571 -0.000305805 -0.00125479 -0.00242168 -0.0037956 -0.00538364 -0.00716317 -0.00907077 -0.0111001 -0.0131876 -0.0152755 -0.0172522 -0.0190488 -0.0205693 -0.0217229 -0.0224381 -0.0226381 -0.0222796 -0.0213458 -0.0198649 -0.0178555 -0.0153785 -0.0124938 -0.00931214 -0.00594964 -0.00254127 0.000809956 0.00401133 0.00693795 0.009513 0.0116326 0.0132521 0.0143196 
0 -0.0093397 -0.018529 -0.0274723 -0.0360358 -0.0440893 -0.0514983 -0.0581834 -0.0640193 -0.0689148 -0.0728373 -0.0757336 -0.07757 -0.0783276 -0.0780675 -0.0768306 -0.0747062 -0.0718181 -0.0682552 -0.0641382 -0.0595888 -0.0547805 -0.0498569 -0.0449441 -0.0401577 -0.0355546 -0.03124 -0.0272582 -0.023633 -0.0204004 -0.0175567 -0.0151036 -0.0129888 -0.0112185 -0.00973736 -0.00848179 -0.00745117 -0.00660354 -0.00591599 -0.00534988 -0.00488103 -0.00448592 -0.00416198 -0.00389995 -0.00367895 -0.00348587 -0.00333032 -0.00316939 -0.003019 -0.00289378 -0.00277846 -0.00267955 -0.00258348 -0.00248876 -0.00239632 -0.00233864 -0.00228512 -0.00226234 -0.00226882 -0.0023161 -0.00242309 -0.00261168 -0.0028832 -0.00328584 -0.00384701 -0.00458772 -0.00551068 -0.00664878 -0.00803047 -0.00962992 -0.0114387 -0.0133898 -0.0154514 -0.0175234 -0.0194482 -0.0210861 -0.0222808 -0.0228007 -0.0225551 -0.0214017 -0.0192872 -0.0162478 -0.0123877 -0.00788293 -0.0030099 0.00197527 0.00672639 0.0109821 0.0144928 0.0170667 0.018625 0.0191986 0.0188668 0.0178523 0.0163676 0.0146383 0.0128738 0.0112597 0.00992609 0.00900223 0.00856327 0.00865236 0.00924501 0.0103151 0.0117608 0.0134552 0.0152435 0.0169116 0.0181849 0.0188509 0.0186647 0.0174964 0.0153258 0.0122076 0.00828701 0.00381835 -0.000956219 -0.00568985 -0.0101058 -0.0139305 -0.0169539 -0.0190798 -0.0202774 -0.0205388 -0.0200402 -0.0188885 -0.0172597 -0.0153476 -0.013289 -0.01119 -0.00917771 -0.00730561 -0.00564771 -0.00419665 -0.00295404 -0.00193171 -0.00111164 -0.000454686 6.76498e-05 0.000462255 0.00077211 0.00101447 0.00120426 0.00134981 0.0014692 0.0015603 0.00166336 0.00175422 0.00183948 0.00191669 0.00200212 0.00207704 0.00216433 0.00226346 0.00235144 0.00244677 0.00251893 0.00256813 0.00261476 0.00264153 0.00262063 0.00254509 0.00239677 0.00217096 0.00183698 0.00140656 0.000829487 9.16644e-05 -0.00081911 -0.00195114 -0.00327226 -0.00480124 -0.00652694 -0.0084226 -0.0104234 -0.0124728 -0.0145515 -0.0165532 -0.018392 -0.0199836 -0.0212277 -0.0220585 -0.02241 -0.0222564 -0.021557 -0.0203198 -0.0185937 -0.0164295 -0.0139226 -0.0111436 -0.00819515 -0.00518426 -0.00222748 0.000593075 0.00321399 0.00554916 0.00755313 0.00917212 0.0103737 0.0111421 
0 -0.00892739 -0.0177242 -0.0263294 -0.0346478 -0.0425637 -0.0499541 -0.0567375 -0.0627858 -0.068012 -0.0723865 -0.0758512 -0.0783276 -0.0797738 -0.0802167 -0.0796675 -0.0781856 -0.0758572 -0.0727777 -0.0690348 -0.0647615 -0.0601066 -0.055202 -0.0501935 -0.0452008 -0.040345 -0.0357192 -0.0313923 -0.0273813 -0.0237387 -0.0205047 -0.0176737 -0.0152214 -0.0131416 -0.0113868 -0.00989048 -0.00865294 -0.00763287 -0.00680347 -0.00610721 -0.00553761 -0.00506026 -0.00467192 -0.00436187 -0.0040803 -0.00385218 -0.00366476 -0.00349286 -0.00333268 -0.00319297 -0.0030618 -0.00294285 -0.00282572 -0.00272577 -0.00263093 -0.0025707 -0.00251058 -0.00246403 -0.00247499 -0.00252813 -0.00265313 -0.00286603 -0.00317455 -0.00361566 -0.0042141 -0.00498505 -0.00598853 -0.00722955 -0.00871506 -0.0104314 -0.0123798 -0.0144883 -0.0166964 -0.0188984 -0.0209501 -0.0226887 -0.0239339 -0.0244893 -0.0242183 -0.0229715 -0.0207107 -0.0174783 -0.0133588 -0.00856423 -0.00336297 0.0019579 0.00704521 0.0115955 0.0153572 0.0181307 0.0198462 0.0205063 0.0202225 0.0191949 0.0176457 0.0158286 0.0139838 0.0122812 0.0108991 0.00994889 0.00950016 0.00960958 0.0102678 0.0114108 0.012964 0.0147644 0.0166287 0.0183324 0.0196106 0.0202172 0.0199381 0.0186246 0.0162536 0.0128733 0.00866143 0.00387672 -0.00120453 -0.00623975 -0.0109182 -0.0149875 -0.018212 -0.0204699 -0.0217354 -0.0220363 -0.0215102 -0.020296 -0.0185745 -0.0165251 -0.0143032 -0.012056 -0.00990678 -0.00789812 -0.00609785 -0.004536 -0.0032276 -0.00212675 -0.00122517 -0.000493178 8.18325e-05 0.000512183 0.00084481 0.00111188 0.00130456 0.00147097 0.00160393 0.00171064 0.00182496 0.00191389 0.00199864 0.00208773 0.00218948 0.002286 0.00238222 0.00247518 0.0025675 0.0026561 0.00273653 0.00277429 0.00280656 0.00280901 0.00274765 0.00262808 0.00242524 0.00213063 0.00171538 0.00118433 0.000492187 -0.000373349 -0.00144531 -0.00274077 -0.00423294 -0.00589564 -0.00773397 -0.00971799 -0.0117599 -0.0138098 -0.0158042 -0.0176568 -0.0192701 -0.0205867 -0.0215133 -0.021978 -0.0219476 -0.0214183 -0.0203968 -0.0189057 -0.0170056 -0.0147683 -0.0123138 -0.00972882 -0.00710981 -0.00453879 -0.00210861 0.000125895 0.00212138 0.00381571 0.00521636 0.0063113 0.00710644 0.00759377 
0 -0.00838993 -0.0166804 -0.0248411 -0.0327981 -0.040454 -0.0477047 -0.0544874 -0.060681 -0.066191 -0.0709785 -0.0749679 -0.0780675 -0.0802167 -0.0814174 -0.0816357 -0.0808782 -0.0792091 -0.0767121 -0.0734733 -0.069604 -0.0652321 -0.0604752 -0.0554827 -0.0504006 -0.045366 -0.040489 -0.0358465 -0.0314801 -0.027461 -0.0238414 -0.0206187 -0.0177817 -0.0153461 -0.0132816 -0.011522 -0.0100533 -0.00883173 -0.00782069 -0.00697396 -0.00628229 -0.0057143 -0.00525161 -0.00487034 -0.00452562 -0.00424467 -0.00402432 -0.00383155 -0.00365275 -0.00349373 -0.00334444 -0.00320601 -0.00307519 -0.00296085 -0.00285992 -0.00279374 -0.00273073 -0.00268432 -0.00269606 -0.00275852 -0.00289588 -0.00312051 -0.00344692 -0.00392251 -0.00457807 -0.00542149 -0.00649218 -0.00781442 -0.0094066 -0.0112505 -0.0133283 -0.0155721 -0.0179226 -0.0202665 -0.0224357 -0.0242615 -0.0255582 -0.0261261 -0.0258269 -0.0245098 -0.0221143 -0.0186819 -0.0143162 -0.00923921 -0.00373367 0.00189617 0.00729016 0.0121291 0.0161424 0.0191194 0.0209834 0.0217434 0.0215106 0.0204893 0.0189109 0.0170328 0.0151076 0.0133327 0.0118935 0.0109163 0.0104792 0.0106282 0.0113469 0.0125708 0.0142063 0.016085 0.0180115 0.0197429 0.0210032 0.0215433 0.0211467 0.0196703 0.0170922 0.0134674 0.00897681 0.00389017 -0.00149128 -0.00681001 -0.0117444 -0.0160267 -0.0194222 -0.0218131 -0.0231615 -0.0234929 -0.0229488 -0.0216721 -0.0198459 -0.0176715 -0.0153146 -0.0129263 -0.0106329 -0.00849261 -0.00657234 -0.00489632 -0.00347626 -0.00229044 -0.00132436 -0.000539779 8.1082e-05 0.000550586 0.000914452 0.00120721 0.00142632 0.00160876 0.00175267 0.00187103 0.00199375 0.00209164 0.00217871 0.002276 0.00239086 0.00250236 0.00260605 0.00269725 0.00278297 0.00286902 0.00294353 0.00297461 0.00298739 0.00295229 0.00283834 0.00265552 0.00239235 0.00202764 0.00152231 0.000867739 3.22854e-05 -0.000983246 -0.00220416 -0.00364823 -0.00528005 -0.00706002 -0.00897888 -0.0109944 -0.0130193 -0.0149959 -0.0168564 -0.0184992 -0.0198356 -0.0208259 -0.0213988 -0.021495 -0.0210904 -0.0202127 -0.0189037 -0.0172209 -0.0152317 -0.0130153 -0.0107011 -0.00838327 -0.00615734 -0.00408616 -0.00223196 -0.000616676 0.00073689 0.00179122 0.00259299 0.00318013 0.00358845 0.00381847 
0 -0.00776738 -0.0154739 -0.0231097 -0.0306121 -0.0379009 -0.0449033 -0.0515869 -0.0578451 -0.0635686 -0.0687009 -0.0731501 -0.0768306 -0.0796675 -0.0816357 -0.0826578 -0.082689 -0.0817792 -0.0799781 -0.0773671 -0.0740191 -0.0700536 -0.0655841 -0.0607455 -0.0557008 -0.0505707 -0.0455029 -0.0405879 -0.0359085 -0.0315485 -0.0275512 -0.0239314 -0.0206891 -0.0178731 -0.0154642 -0.0134001 -0.0116565 -0.0101993 -0.0089823 -0.00797175 -0.00713633 -0.00645418 -0.00589891 -0.00543533 -0.00503717 -0.00470065 -0.00443696 -0.00419795 -0.0039787 -0.00379284 -0.00363089 -0.00348366 -0.00334677 -0.00321458 -0.00310375 -0.00302732 -0.00295977 -0.00292308 -0.00293237 -0.00300033 -0.00313712 -0.00336726 -0.00371676 -0.00423504 -0.00494608 -0.00586681 -0.00700745 -0.00841499 -0.0101083 -0.0120679 -0.0142698 -0.0166461 -0.0191307 -0.021604 -0.0238805 -0.0257888 -0.0271442 -0.0277255 -0.0273951 -0.0260002 -0.0234675 -0.019841 -0.0152519 -0.00991274 -0.00412697 0.00179279 0.00747312 0.0125842 0.0168349 0.0200167 0.0220362 0.0229171 0.0227522 0.0217517 0.0201554 0.0182303 0.0162376 0.014415 0.0129346 0.0119404 0.0115164 0.0117004 0.01247 0.013776 0.0154892 0.0174396 0.0194121 0.0211468 0.0223581 0.0228114 0.0222801 0.0206372 0.017851 0.0139886 0.00922952 0.00386063 -0.00180194 -0.00738143 -0.0125627 -0.01705 -0.0206089 -0.0231184 -0.024536 -0.0248847 -0.024327 -0.022999 -0.021082 -0.0187912 -0.0163049 -0.0137834 -0.0113583 -0.00908934 -0.007045 -0.00525277 -0.00371845 -0.00244937 -0.00141232 -0.000574934 8.35024e-05 0.000584744 0.000981564 0.00130015 0.00155415 0.00174675 0.00189939 0.00202799 0.00216159 0.00228136 0.00238236 0.00248658 0.00260177 0.00270824 0.00280927 0.00290535 0.00299219 0.00308456 0.00314052 0.00315502 0.00313806 0.00306513 0.00290388 0.00265073 0.00230899 0.00185264 0.00124096 0.000454126 -0.00052976 -0.00170168 -0.00306255 -0.00463735 -0.00637422 -0.00824488 -0.0102138 -0.0122177 -0.0141713 -0.0160043 -0.0176757 -0.0190628 -0.02009 -0.0207162 -0.0209029 -0.0206274 -0.0198784 -0.0187095 -0.0171763 -0.0153719 -0.0133775 -0.0112806 -0.00920118 -0.00722465 -0.00543768 -0.00389693 -0.00263872 -0.00165122 -0.000927635 -0.00047276 -0.000220299 -9.34133e-05 -4.24764e-05 -5.07161e-05 
0 -0.00709639 -0.0141689 -0.021212 -0.0281909 -0.0350316 -0.0417097 -0.0482046 -0.0544313 -0.0602797 -0.0656649 -0.0705112 -0.0747062 -0.0781856 -0.0808782 -0.082689 -0.0835569 -0.0834738 -0.082483 -0.0805918 -0.0778846 -0.0744541 -0.070411 -0.0658869 -0.0609919 -0.0558932 -0.0507152 -0.0456068 -0.0406627 -0.0359727 -0.0316131 -0.0275925 -0.0239599 -0.0207516 -0.0179642 -0.0155516 -0.0134946 -0.0117703 -0.0103377 -0.00912941 -0.00812604 -0.0072925 -0.00661168 -0.00606118 -0.00558431 -0.00520102 -0.00487668 -0.00459366 -0.00433947 -0.00412666 -0.00395127 -0.00379387 -0.00363525 -0.00349202 -0.00336862 -0.00327712 -0.003209 -0.00315743 -0.00317748 -0.00325141 -0.00339929 -0.00364446 -0.0040254 -0.00457888 -0.00533603 -0.00629478 -0.00752182 -0.00902777 -0.0108164 -0.0128876 -0.0152077 -0.0177123 -0.0203175 -0.0228993 -0.0252915 -0.0272889 -0.0286737 -0.0292779 -0.0289041 -0.0274114 -0.0247498 -0.0209616 -0.0161581 -0.0105951 -0.00454659 0.00164283 0.00760677 0.0129746 0.0174587 0.0208345 0.0230208 0.0240115 0.023939 0.0229808 0.0213867 0.0194344 0.0174109 0.0155338 0.0140317 0.0130315 0.0126194 0.0128359 0.0136725 0.0150321 0.0168168 0.0188241 0.0208213 0.0225357 0.0236987 0.024036 0.0233623 0.0215353 0.0185366 0.0144273 0.00941563 0.00378227 -0.00212392 -0.00795362 -0.0133434 -0.0180276 -0.0217582 -0.024379 -0.0258469 -0.0262341 -0.0256434 -0.0242624 -0.0222791 -0.0198847 -0.0172717 -0.0146234 -0.0120681 -0.00967732 -0.00749713 -0.00559014 -0.00398396 -0.00263224 -0.00152367 -0.000621647 8.45779e-05 0.000625541 0.00105185 0.00140266 0.00166536 0.00188131 0.00203989 0.00218196 0.00232715 0.00245629 0.0025738 0.00269132 0.00280909 0.00292252 0.00302444 0.00311874 0.00321996 0.00329598 0.0033383 0.00331016 0.0032493 0.00313469 0.00292405 0.00261163 0.00217978 0.0016109 0.000877513 -4.65336e-05 -0.00117021 -0.002483 -0.00399579 -0.00568231 -0.00751676 -0.00943057 -0.0114027 -0.0133548 -0.015176 -0.0168252 -0.0182284 -0.0193216 -0.0200049 -0.0202521 -0.0200546 -0.019413 -0.0183766 -0.0169863 -0.0153259 -0.0134846 -0.0115668 -0.0096779 -0.00791466 -0.00634902 -0.00503599 -0.0040313 -0.00335532 -0.0029702 -0.00283446 -0.00291427 -0.0031304 -0.00339889 -0.00366257 -0.00388996 
0 -0.00640603 -0.012805 -0.0192137 -0.025609 -0.0319643 -0.0382602 -0.0444909 -0.0505882 -0.0564501 -0.0620115 -0.0671658 -0.0718181 -0.0758572 -0.0792091 -0.0817792 -0.0834738 -0.0842756 -0.0841291 -0.0830565 -0.0810815 -0.0783063 -0.0748272 -0.0707202 -0.0661302 -0.0611729 -0.056034 -0.0508275 -0.0456823 -0.0407155 -0.0360107 -0.0316334 -0.0276185 -0.0240133 -0.0208223 -0.0180295 -0.0156253 -0.0136082 -0.011903 -0.0104784 -0.00926642 -0.00826784 -0.00745151 -0.00676707 -0.00620783 -0.00573231 -0.00535535 -0.00502705 -0.0047394 -0.00449562 -0.00428986 -0.00409826 -0.00393025 -0.00376591 -0.00364205 -0.00353914 -0.00344995 -0.0034027 -0.00340341 -0.003496 -0.00367239 -0.00394579 -0.00434587 -0.00492967 -0.00572256 -0.00676211 -0.00803658 -0.00962095 -0.0115288 -0.013727 -0.0161527 -0.0187686 -0.0214938 -0.0242021 -0.0266844 -0.0287449 -0.0301784 -0.030763 -0.030343 -0.0287887 -0.0260072 -0.0220444 -0.0170687 -0.0112806 -0.00499629 0.00144054 0.00765387 0.0132792 0.0179847 0.0215633 0.0239004 0.0250309 0.0250446 0.0241492 0.0225882 0.020642 0.0185833 0.0166991 0.0151692 0.0141651 0.0137779 0.0140378 0.0149086 0.016341 0.0181671 0.0202089 0.0222158 0.0239069 0.0249826 0.025208 0.0243632 0.0223459 0.0191193 0.0147849 0.00952963 0.00365063 -0.00249717 -0.00853119 -0.0141371 -0.0189854 -0.0228445 -0.0255817 -0.0271309 -0.0275277 -0.0269338 -0.025509 -0.0234381 -0.0209472 -0.0182311 -0.0154614 -0.0127607 -0.010235 -0.00795545 -0.00595876 -0.00423593 -0.00281737 -0.00164147 -0.000681122 9.11569e-05 0.00068718 0.00114684 0.00150013 0.00179624 0.00201492 0.00219817 0.00236089 0.00251021 0.0026544 0.00276984 0.00289347 0.00302598 0.00315152 0.00325999 0.00335555 0.00343061 0.00350091 0.00349997 0.00345005 0.00333781 0.00316146 0.00289512 0.00249724 0.00197463 0.00128382 0.000415134 -0.000649337 -0.00190373 -0.00334902 -0.0049752 -0.00677232 -0.00865264 -0.0105734 -0.0124817 -0.0143109 -0.0159765 -0.0173801 -0.0184997 -0.0192391 -0.0195694 -0.019452 -0.0189008 -0.0179616 -0.0166827 -0.0151637 -0.0134617 -0.0116852 -0.00993089 -0.00831538 -0.00693084 -0.00581536 -0.00500314 -0.00452318 -0.00438727 -0.00454301 -0.00492241 -0.00545414 -0.00605543 -0.00664434 -0.00717207 -0.00758593 
