0 0 0 0 0 0 0 0 0 0 0 0 0 0 0 0 0 0 0 0 0 0 0 0 0 0 0 0 0 0 0 0 0 0 0 0 0 0 0 0 0 0 0 0 0 0 0 0 0 0 0 0 0 0 0 0 0 0 0 0 0 0 0 0 0 0 0 0 0 0 0 0 0 0 0 0 0 0 0 0 0 0 0 0 0 0 0 0 0 0 0 0 0 0 0 0 0 0 0 0 0 0 0 0 0 0 0 0 0 0 0 0 0 0 0 0 0 0 0 0 0 0 0 0 0 0 0 0 0 0 0 0 0 0 0 0 0 0 0 0 0 0 0 0 0 0 0 0 0 0 0 0 0 0 0 0 0 0 0 0 0 0 0 0 0 0 0 0 0 0 0 0 0 0 0 0 0 0 0 0 0 0 0 0 0 0 0 0 0 0 0 0 0 0 0 0 0 0 0 0 
0 -0.000399215 -0.000818684 -0.00127002 -0.00173686 -0.00223508 -0.0027371 -0.00323559 -0.00372093 -0.00418533 -0.00461585 -0.00497631 -0.0052642 -0.00545659 -0.00555638 -0.00556921 -0.00549945 -0.00535024 -0.00511532 -0.00480823 -0.00444859 -0.00407 -0.0036971 -0.00333239 -0.00297802 -0.0026451 -0.00232941 -0.00204446 -0.00180195 -0.00160414 -0.00143122 -0.00126919 -0.00113208 -0.00100939 -0.000909962 -0.000832627 -0.000770503 -0.000714839 -0.000659568 -0.000606338 -0.000562429 -0.000538385 -0.000521715 -0.000497374 -0.000462547 -0.000431924 -0.000399877 -0.000376781 -0.00036462 -0.00034845 -0.000334585 -0.000314958 -0.000290713 -0.000278222 -0.000274325 -0.000270957 -0.000260766 -0.000239939 -0.000221571 -0.000202708 -0.00019412 -0.000190493 -0.000181867 -0.000182699 -0.000177788 -0.000170596 -0.000169529 -0.000164131 -0.000174533 -0.000204938 -0.000226597 -0.000252382 -0.000290538 -0.000352057 -0.000442709 -0.000548383 -0.000672275 -0.000822264 -0.000981653 -0.00114867 -0.00132799 -0.00150096 -0.0016598 -0.00180656 -0.00191453 -0.00195276 -0.00191498 -0.00177976 -0.00154962 -0.00124108 -0.000861283 -0.00042584 4.79843e-05 0.000553303 0.00105447 0.0015388 0.00198293 0.00235485 0.00264963 0.00285599 0.00295053 0.0029501 0.00284416 0.00263205 0.00233131 0.00194567 0.00148742 0.000987412 0.000458765 -6.25111e-05 -0.000553227 -0.000988957 -0.00133907 -0.00159276 -0.00174884 -0.00180092 -0.00177819 -0.00169964 -0.00156949 -0.00140351 -0.00121962 -0.00101846 -0.000818446 -0.000644513 -0.000491477 -0.000357554 -0.000249913 -0.00016095 -8.99348e-05 -2.97928e-05 2.65922e-05 5.77867e-05 8.26025e-05 0.000106718 0.000116417 0.000130136 0.000148585 0.000160998 0.000175991 0.000174127 0.000166782 0.000171237 0.000179556 0.000194596 0.000208446 0.000218729 0.000225687 0.000229995 0.000237959 0.000250527 0.000267961 0.000287265 0.000289903 0.000289539 0.00029977 0.000318885 0.000349563 0.000377078 0.0003955 0.000413428 0.000439 0.000466566 0.000505612 0.000551315 0.00059574 0.000635376 0.000683604 0.000757199 0.000848972 0.000964939 0.001088 0.00122243 0.00138178 0.00156803 0.00178603 0.00203371 0.00229842 0.00255835 0.00280877 0.00306011 0.00329498 0.00347902 0.00359371 0.00360038 0.00348028 0.00321045 0.00278489 0.00218515 0.00138135 0.000385947 -0.000801546 -0.00213136 -0.00356444 -0.00503907 -0.00649557 -0.00789346 -0.00916674 -0.0102848 -0.011176 -0.0117973 
0 -0.000818684 -0.00167931 -0.00257202 -0.00351047 -0.0044827 -0.00547966 -0.00646247 -0.00741265 -0.00832555 -0.00914503 -0.00984703 -0.0103968 -0.0107821 -0.0109885 -0.0110162 -0.0108839 -0.0105828 -0.0101328 -0.00954957 -0.0088723 -0.00815077 -0.00742231 -0.00669418 -0.00599052 -0.0053266 -0.00471306 -0.00414933 -0.00365518 -0.00324777 -0.00287087 -0.0025534 -0.00227427 -0.0020457 -0.00184965 -0.00167931 -0.00155282 -0.00142603 -0.00132922 -0.00122687 -0.00113686 -0.00107321 -0.0010189 -0.00095655 -0.000903321 -0.00085354 -0.000814798 -0.000773412 -0.000737407 -0.000709849 -0.000669941 -0.000648796 -0.000602025 -0.000573412 -0.000554116 -0.000534216 -0.000504703 -0.000483152 -0.000454991 -0.00044147 -0.000425443 -0.000397538 -0.000376247 -0.000365984 -0.000358746 -0.00034421 -0.00034161 -0.000339993 -0.000364831 -0.000385566 -0.000433493 -0.000503384 -0.00060333 -0.000718748 -0.000885003 -0.00108976 -0.00134021 -0.00160706 -0.00193154 -0.00228411 -0.00264682 -0.00300977 -0.00334828 -0.00361546 -0.0038043 -0.00387001 -0.0037888 -0.00353132 -0.00309304 -0.00249134 -0.00173158 -0.000850157 0.000109528 0.00112453 0.00213921 0.00309836 0.0039746 0.0047145 0.00529754 0.00569898 0.00590499 0.00590862 0.00569985 0.00528384 0.00468262 0.00389404 0.00297379 0.00196402 0.000904904 -0.000128215 -0.00108755 -0.00193988 -0.00263566 -0.00315692 -0.0034841 -0.00361501 -0.0035798 -0.00339102 -0.00311488 -0.00278124 -0.0024001 -0.00200823 -0.00164251 -0.00128686 -0.000986228 -0.000728403 -0.000509606 -0.000305651 -0.000153475 -4.18212e-05 3.35754e-05 0.000112502 0.000170988 0.000217576 0.000234083 0.000259193 0.000279203 0.000300941 0.000314567 0.000326834 0.000335714 0.000348981 0.000373031 0.00038564 0.000400428 0.000418161 0.000435229 0.000449322 0.000476503 0.000482023 0.000522029 0.000552013 0.000576742 0.000600984 0.000628997 0.000669587 0.000711988 0.000751343 0.000788936 0.000832145 0.000889994 0.000952602 0.00101092 0.00110951 0.00119452 0.00129835 0.00141311 0.00155632 0.00173787 0.00194151 0.00218825 0.00245801 0.00278763 0.00316391 0.00358737 0.00406698 0.00458645 0.00510414 0.00561257 0.00610823 0.0065547 0.00689665 0.00708675 0.00708778 0.00682286 0.00627292 0.00540014 0.00417527 0.00256931 0.000576863 -0.00175219 -0.00437426 -0.00717984 -0.0100739 -0.0129434 -0.0156785 -0.0181887 -0.0203562 -0.0220936 -0.0232886 
0 -0.00127002 -0.00257202 -0.00392698 -0.00530186 -0.0067448 -0.00820042 -0.00964372 -0.0110363 -0.012344 -0.0135283 -0.0145161 -0.0153173 -0.0158827 -0.0162003 -0.0162589 -0.0160619 -0.015633 -0.0149891 -0.0141774 -0.0132336 -0.0122103 -0.0111509 -0.0100766 -0.00902784 -0.0080586 -0.00715698 -0.00633108 -0.00559196 -0.00495057 -0.0043828 -0.00388197 -0.00348205 -0.00313567 -0.00283434 -0.00256893 -0.00234344 -0.00215814 -0.00200625 -0.001869 -0.00173826 -0.00163077 -0.00153297 -0.00143735 -0.00135244 -0.00130074 -0.00123987 -0.00117431 -0.00111504 -0.00104998 -0.00100932 -0.000973103 -0.000921454 -0.00087848 -0.000836522 -0.000792095 -0.000748654 -0.000707125 -0.000688037 -0.000664304 -0.000643641 -0.000611427 -0.000560803 -0.000542559 -0.000528671 -0.000518963 -0.000522117 -0.000506001 -0.000522728 -0.000591407 -0.000657611 -0.000753867 -0.000894159 -0.00109055 -0.00134892 -0.00163906 -0.00198103 -0.00240801 -0.00289229 -0.00342213 -0.00398894 -0.00452814 -0.00500408 -0.00541557 -0.00570216 -0.00579425 -0.0056764 -0.00529113 -0.00463266 -0.00373252 -0.00260231 -0.00128657 0.000157011 0.00168976 0.00320459 0.00464995 0.00596101 0.00705643 0.00792414 0.00853561 0.0088331 0.00884665 0.00854281 0.0079136 0.0070016 0.00582377 0.00443147 0.00292033 0.0013449 -0.000191917 -0.00162723 -0.00290329 -0.0039442 -0.00472038 -0.0052166 -0.00540531 -0.00534897 -0.00509714 -0.00467818 -0.00415503 -0.00359121 -0.00300447 -0.00244026 -0.00194596 -0.0015005 -0.0010946 -0.000749452 -0.000460871 -0.000240246 -6.99311e-05 7.72839e-05 0.000167402 0.000248922 0.000329728 0.000365098 0.000393186 0.000419073 0.000434212 0.000472659 0.000493744 0.000511704 0.000547833 0.000568682 0.000583235 0.000593011 0.000613905 0.000650104 0.000687713 0.000720551 0.000741976 0.000771391 0.000821772 0.000859791 0.000904621 0.000962068 0.00101133 0.00106695 0.00111946 0.00117792 0.0012601 0.00136153 0.00144667 0.00154029 0.00165994 0.0018064 0.00197283 0.00216619 0.00240059 0.00265657 0.00297008 0.00333142 0.00376059 0.00427224 0.00484015 0.00546197 0.00614906 0.00689685 0.00765794 0.00840036 0.00911137 0.00972365 0.0101556 0.0103787 0.0103084 0.00987816 0.00900476 0.00765434 0.00578899 0.00336221 0.000427064 -0.00300143 -0.00680478 -0.0108875 -0.015095 -0.0192623 -0.023255 -0.0268773 -0.0300174 -0.0324888 -0.0341928 
0 -0.00173686 -0.00351047 -0.00530186 -0.00712708 -0.00899157 -0.0108854 -0.0127456 -0.0145266 -0.0162011 -0.0176853 -0.0189471 -0.0199563 -0.0206907 -0.0211105 -0.0211926 -0.0209578 -0.0204176 -0.019627 -0.018627 -0.0174621 -0.0161839 -0.0148399 -0.0134622 -0.012121 -0.0108635 -0.00970081 -0.00861656 -0.00763197 -0.00677803 -0.00599486 -0.00533277 -0.00476842 -0.0042977 -0.00387966 -0.00350264 -0.00320095 -0.00292885 -0.00272477 -0.0025302 -0.00235278 -0.00220757 -0.00207486 -0.00193992 -0.0018328 -0.00174329 -0.00166425 -0.0015716 -0.00148245 -0.00141006 -0.00133606 -0.00129432 -0.00121813 -0.00116209 -0.00111618 -0.00106846 -0.00100908 -0.000963705 -0.000914103 -0.000882674 -0.000846424 -0.000791513 -0.000746214 -0.000724926 -0.00071219 -0.000692954 -0.000691662 -0.000691919 -0.00073361 -0.000780954 -0.00087258 -0.00100878 -0.00120463 -0.00144632 -0.00178174 -0.00219102 -0.00268365 -0.00322553 -0.00386806 -0.00456721 -0.00529071 -0.00600974 -0.00667569 -0.00721299 -0.0075903 -0.00772334 -0.00756106 -0.00704769 -0.006174 -0.00497046 -0.00345705 -0.00170221 0.00021392 0.0022363 0.00425678 0.00617405 0.0079215 0.00939893 0.0105617 0.0113616 0.0117653 0.0117636 0.0113393 0.0105018 0.00929287 0.00772387 0.00589018 0.00388097 0.00178148 -0.00027072 -0.00217817 -0.00386732 -0.00524687 -0.00627626 -0.00692199 -0.0071818 -0.00711248 -0.00675183 -0.00620877 -0.0055458 -0.00479489 -0.00401924 -0.00328398 -0.00258232 -0.00197781 -0.00145633 -0.00101383 -0.000617725 -0.000316616 -9.32507e-05 6.65193e-05 0.00021809 0.000337352 0.000434502 0.000480653 0.000531213 0.000571497 0.000609263 0.000636944 0.000661297 0.000682728 0.000714153 0.000756476 0.000779103 0.000804484 0.000840252 0.000884227 0.000927097 0.000979118 0.000993171 0.00105043 0.00110289 0.00115657 0.00121676 0.0012819 0.00135611 0.00142901 0.00150288 0.00158849 0.00169759 0.00183005 0.00195745 0.00207449 0.00225459 0.00244084 0.0026768 0.00294576 0.00326069 0.00363067 0.00404862 0.00455794 0.00514283 0.00584124 0.00660819 0.00742711 0.00831902 0.00927568 0.0102391 0.0111733 0.0120356 0.0127406 0.0131993 0.0133583 0.0131599 0.0124747 0.0112344 0.00936625 0.00683501 0.00362732 -0.00022449 -0.00463193 -0.00951646 -0.0147199 -0.0200845 -0.0254086 -0.0304772 -0.0350918 -0.0390351 -0.0421431 -0.0442606 
0 -0.00223508 -0.0044827 -0.0067448 -0.00899157 -0.0112757 -0.0135477 -0.0157627 -0.0178691 -0.0198229 -0.0215693 -0.0230352 -0.024223 -0.0250801 -0.0255779 -0.0256975 -0.025451 -0.0248714 -0.0239938 -0.022871 -0.0215432 -0.0200693 -0.0185056 -0.0168954 -0.0153009 -0.0137892 -0.0123557 -0.0110142 -0.00979474 -0.00871879 -0.00775349 -0.00689262 -0.00616533 -0.00553282 -0.00498449 -0.00451033 -0.00411015 -0.0037663 -0.00347369 -0.00321153 -0.00298146 -0.0028003 -0.00264011 -0.00247919 -0.0023253 -0.00220525 -0.00208551 -0.00197155 -0.0018746 -0.00177916 -0.00170108 -0.00162496 -0.00153055 -0.00145791 -0.001403 -0.00134886 -0.00128444 -0.00120924 -0.00114754 -0.00108937 -0.00104664 -0.00100134 -0.000946284 -0.000920519 -0.000894789 -0.000868217 -0.000861442 -0.000853473 -0.000898281 -0.00100212 -0.00111457 -0.00126747 -0.00149069 -0.00180715 -0.0022331 -0.00273956 -0.0033373 -0.00404605 -0.00484256 -0.00570498 -0.00661297 -0.00749633 -0.00829917 -0.00898947 -0.00947361 -0.0096416 -0.00944032 -0.00879351 -0.00769218 -0.00618527 -0.00430486 -0.00212576 0.000262691 0.00278627 0.00530021 0.00770178 0.00988508 0.0117256 0.0131757 0.0141791 0.0146678 0.0146594 0.0141257 0.0130691 0.0115485 0.00959964 0.00731164 0.00481498 0.00221337 -0.000336446 -0.0027174 -0.00482584 -0.00654181 -0.00781142 -0.00860738 -0.00891526 -0.00882282 -0.00841163 -0.00774626 -0.00691438 -0.00599155 -0.00502261 -0.00407975 -0.00322816 -0.00247357 -0.00181209 -0.00125452 -0.000787649 -0.000419634 -0.000126745 0.000116906 0.000286583 0.00042278 0.000538005 0.000599062 0.000657249 0.00071681 0.000765001 0.000819025 0.000841564 0.000854372 0.000894389 0.000936504 0.000979867 0.00101793 0.00106053 0.00111039 0.00116051 0.00121197 0.00125711 0.00132228 0.00140285 0.00146188 0.00152201 0.00160136 0.00169049 0.00180037 0.00190958 0.00202119 0.00215445 0.00231401 0.00247234 0.00265512 0.00288459 0.00314524 0.00343753 0.00377967 0.00419908 0.00468289 0.00525463 0.00590327 0.00664844 0.0075106 0.00845614 0.00946825 0.0105497 0.0116838 0.0128023 0.0138551 0.0147988 0.0155308 0.0159395 0.0159754 0.0155396 0.0145291 0.012837 0.0104105 0.00721734 0.00323981 -0.00143659 -0.00675124 -0.0125606 -0.0187303 -0.0250619 -0.0313227 -0.0372825 -0.0426604 -0.0472598 -0.0508445 -0.0532888 
0 -0.0027371 -0.00547966 -0.00820042 -0.0108854 -0.0135477 -0.0161583 -0.0186605 -0.0210153 -0.0231942 -0.0251283 -0.026763 -0.0280691 -0.0290122 -0.029564 -0.0297183 -0.0294994 -0.0289233 -0.0280216 -0.0268333 -0.0254071 -0.0238118 -0.022108 -0.0203355 -0.0185547 -0.0168165 -0.0151441 -0.0135593 -0.0121106 -0.0108255 -0.0096511 -0.00860109 -0.0076781 -0.00688219 -0.00619505 -0.00560427 -0.0051104 -0.00466878 -0.00428967 -0.0039457 -0.00364975 -0.00341497 -0.00320939 -0.00300521 -0.00282089 -0.0026648 -0.00252731 -0.00239571 -0.00227863 -0.00217374 -0.00207003 -0.00197692 -0.0018602 -0.00176568 -0.00169368 -0.0016257 -0.00154612 -0.00146891 -0.0013946 -0.00133555 -0.00128164 -0.00121702 -0.00115631 -0.00111784 -0.00108403 -0.001049 -0.00103581 -0.00103921 -0.00109576 -0.00118943 -0.0013296 -0.00153003 -0.00181265 -0.00218508 -0.00268112 -0.00328586 -0.00400554 -0.00483129 -0.00578486 -0.00682705 -0.00791275 -0.00898143 -0.00995956 -0.0107643 -0.0113184 -0.0115108 -0.0112622 -0.0104979 -0.00920113 -0.00740698 -0.00515703 -0.00254235 0.000327331 0.00334852 0.00636545 0.00923608 0.0118402 0.0140446 0.0157753 0.0169642 0.017556 0.0175379 0.0168896 0.0156227 0.0137931 0.0114489 0.00871076 0.00572043 0.00261756 -0.000417714 -0.00324071 -0.00573342 -0.00777478 -0.00929626 -0.0102547 -0.0106476 -0.0105484 -0.0100375 -0.00923714 -0.00824793 -0.00714188 -0.0059977 -0.00489599 -0.00387022 -0.00296777 -0.0021847 -0.0015163 -0.000941091 -0.00048674 -0.000138171 0.000127831 0.000344719 0.000514354 0.000644387 0.000718265 0.000787105 0.000852713 0.00091329 0.000964725 0.00100007 0.00102955 0.00107664 0.00113477 0.00118184 0.0012263 0.00127494 0.00132967 0.00138726 0.00145263 0.00150564 0.00159597 0.0016912 0.00177509 0.00185713 0.00195096 0.00206562 0.00219729 0.00233291 0.00247167 0.00262945 0.00281749 0.00302406 0.00326244 0.00357095 0.00390375 0.0042787 0.00470936 0.00523007 0.00585108 0.00656321 0.00737021 0.00826666 0.00928536 0.0103994 0.0115869 0.0128404 0.0141152 0.0153289 0.016428 0.0173629 0.0180304 0.0183093 0.0181147 0.0173524 0.0159027 0.0136912 0.0106689 0.00681546 0.00213661 -0.0032979 -0.00938076 -0.0159798 -0.0229184 -0.0299927 -0.0369565 -0.0435412 -0.0494763 -0.0545167 -0.0584489 -0.0611176 
0 -0.00323559 -0.00646247 -0.00964372 -0.0127456 -0.0157627 -0.0186605 -0.0213943 -0.02394 -0.0262747 -0.0283415 -0.0300823 -0.031465 -0.0324616 -0.0330568 -0.0332572 -0.0330845 -0.0325483 -0.0316658 -0.0304712 -0.0290175 -0.0273735 -0.0255949 -0.0237197 -0.0218003 -0.019892 -0.0180288 -0.016246 -0.0145936 -0.013094 -0.0117156 -0.0104668 -0.00936121 -0.00839522 -0.0075509 -0.00681675 -0.0061897 -0.00564237 -0.00517188 -0.00475533 -0.00439341 -0.00409086 -0.00382303 -0.00357256 -0.00335343 -0.00317082 -0.00300377 -0.00283839 -0.00268383 -0.0025473 -0.00242785 -0.00232118 -0.00219996 -0.00208845 -0.00199147 -0.00189787 -0.00180228 -0.00171501 -0.0016386 -0.00157213 -0.00150483 -0.00142481 -0.00134888 -0.00129845 -0.00126391 -0.00123545 -0.00122256 -0.00122744 -0.00128422 -0.0013937 -0.00155746 -0.00179266 -0.00212639 -0.0025729 -0.00314827 -0.00384404 -0.0046698 -0.00563418 -0.00674393 -0.00796106 -0.00922739 -0.0104661 -0.0115927 -0.0125233 -0.0131593 -0.0133803 -0.0130887 -0.0122042 -0.0107026 -0.00861875 -0.00600653 -0.00296623 0.000378368 0.00389246 0.00740297 0.0107436 0.0137673 0.0163299 0.0183391 0.0197155 0.0203989 0.0203666 0.0196018 0.0181184 0.0159753 0.0132444 0.0100604 0.00658748 0.00299861 -0.000511076 -0.00377393 -0.00665015 -0.00900752 -0.0107651 -0.0118748 -0.0123384 -0.0122315 -0.0116546 -0.010731 -0.00958051 -0.00829914 -0.00697842 -0.00570384 -0.00452568 -0.00347708 -0.0025585 -0.0017683 -0.00110196 -0.000573548 -0.000165705 0.000148132 0.000396165 0.00059507 0.000751592 0.000854449 0.000936088 0.00100577 0.00106859 0.00112614 0.00117407 0.00122099 0.00128263 0.00134567 0.00139402 0.0014376 0.00149335 0.00156601 0.00164746 0.00172658 0.00179241 0.00188081 0.00198222 0.00208437 0.00219241 0.00231331 0.00244836 0.00259731 0.00275469 0.00292801 0.00313224 0.00336995 0.00362815 0.00392416 0.00429048 0.00470683 0.00518119 0.00572846 0.00637559 0.00713266 0.00799702 0.00896462 0.0100331 0.0112152 0.0124848 0.0138153 0.0151854 0.0165363 0.0177747 0.0188361 0.0196637 0.0201563 0.020189 0.0196595 0.018464 0.016499 0.0137086 0.0100708 0.00558219 0.000261429 -0.00581772 -0.0125391 -0.019748 -0.0272529 -0.0348301 -0.042229 -0.0491828 -0.055424 -0.0607143 -0.0648382 -0.067638 
0 -0.00372093 -0.00741265 -0.0110363 -0.0145266 -0.0178691 -0.0210153 -0.02394 -0.0266274 -0.0290536 -0.0311878 -0.0329702 -0.0343865 -0.0354133 -0.0360471 -0.0362982 -0.0361768 -0.0356991 -0.0348737 -0.0337356 -0.032331 -0.0307129 -0.0289239 -0.0270055 -0.0250083 -0.0229989 -0.0210081 -0.0190762 -0.017244 -0.0155306 -0.0139522 -0.0125055 -0.0112245 -0.0100818 -0.00906329 -0.00816432 -0.00737876 -0.00671401 -0.00613906 -0.00564091 -0.00520218 -0.00482101 -0.00448376 -0.0041843 -0.0039223 -0.00370577 -0.00349879 -0.00329641 -0.00310662 -0.00293531 -0.00279952 -0.00266848 -0.00254036 -0.00241459 -0.00230125 -0.00219146 -0.00208551 -0.0019794 -0.00189144 -0.00180482 -0.00172022 -0.00163278 -0.00154829 -0.00149087 -0.00145124 -0.00142409 -0.00141131 -0.0014241 -0.00148404 -0.00161588 -0.00179659 -0.00205888 -0.00243158 -0.00294613 -0.00360379 -0.00440515 -0.00534913 -0.00646222 -0.00771597 -0.00908713 -0.0105185 -0.0119182 -0.0131928 -0.0142606 -0.0149856 -0.0152374 -0.0149021 -0.0138918 -0.0121792 -0.00980143 -0.00682939 -0.00337183 0.0004341 0.00442744 0.00841965 0.0122281 0.0156733 0.018599 0.0208881 0.0224502 0.0232137 0.0231545 0.0222611 0.0205551 0.0181001 0.0149957 0.01138 0.0074394 0.00337427 -0.000604725 -0.00430513 -0.00755967 -0.0102241 -0.0122028 -0.0134512 -0.0139746 -0.0138548 -0.0132228 -0.0121933 -0.0109005 -0.0094627 -0.00796986 -0.00650903 -0.00516867 -0.00396568 -0.00291643 -0.00201632 -0.00127111 -0.000672267 -0.000205089 0.000167174 0.000447978 0.000678257 0.000857112 0.000986031 0.00108226 0.00116644 0.00123683 0.00130343 0.00135409 0.00140603 0.00147547 0.00154226 0.00160453 0.00165966 0.00172796 0.00181579 0.00191491 0.0020021 0.00208888 0.00217668 0.00228927 0.00240719 0.00253818 0.00268822 0.00284657 0.00301903 0.00320327 0.00341566 0.00367433 0.0039728 0.00429278 0.00465821 0.0050819 0.0055923 0.00617975 0.00686452 0.00765622 0.00855142 0.00956798 0.0106912 0.0119354 0.0132776 0.0146823 0.0161117 0.0175309 0.0188812 0.0200694 0.0210122 0.0216357 0.0218355 0.0214943 0.0205154 0.0187931 0.0162571 0.0128565 0.0086008 0.00350722 -0.00238819 -0.00899391 -0.0162007 -0.0238237 -0.0316738 -0.0395086 -0.0470807 -0.054148 -0.0604543 -0.0657968 -0.0699561 -0.0727862 
0 -0.00418533 -0.00832555 -0.012344 -0.0162011 -0.0198229 -0.0231942 -0.0262747 -0.0290536 -0.0315206 -0.0336436 -0.0354192 -0.0368201 -0.0378595 -0.0385243 -0.0388197 -0.0387583 -0.0383526 -0.0376277 -0.036605 -0.0353169 -0.0337922 -0.0320609 -0.0301634 -0.0281668 -0.0261123 -0.024053 -0.0220085 -0.0200215 -0.0181291 -0.0163516 -0.0147305 -0.0132524 -0.0119285 -0.0107306 -0.00965954 -0.00872608 -0.00791805 -0.00722026 -0.00660832 -0.00607334 -0.00560844 -0.00520251 -0.00483949 -0.00453003 -0.0042494 -0.00400707 -0.00377892 -0.00356472 -0.00338251 -0.00320884 -0.00304827 -0.00289322 -0.00274777 -0.00262349 -0.00250578 -0.00238125 -0.00226496 -0.00214582 -0.00205004 -0.00195429 -0.00185742 -0.00178047 -0.00170962 -0.00165335 -0.00161046 -0.00158554 -0.00161572 -0.00169877 -0.00182419 -0.00203628 -0.00233753 -0.00275549 -0.0033175 -0.00404823 -0.00495671 -0.00603631 -0.00726796 -0.00867096 -0.0102023 -0.0117845 -0.0133489 -0.0147952 -0.0159754 -0.0167755 -0.017057 -0.0166681 -0.0155329 -0.0136247 -0.0109609 -0.00763425 -0.00376488 0.000498275 0.0049639 0.00944027 0.0137072 0.017565 0.0208507 0.023413 0.0251468 0.0259972 0.0259058 0.0248779 0.0229499 0.0201833 0.0166991 0.0126614 0.00826143 0.00373424 -0.000699541 -0.00481776 -0.00842797 -0.0113924 -0.013593 -0.0149729 -0.0155691 -0.0154503 -0.0147381 -0.0136083 -0.01219 -0.0105899 -0.00893248 -0.00731603 -0.00579508 -0.00444238 -0.00327494 -0.00227917 -0.00144163 -0.0007593 -0.000224611 0.000180429 0.000519817 0.000779996 0.000964146 0.00110391 0.00121216 0.00131098 0.00140766 0.00147535 0.00153745 0.00159703 0.00165757 0.00173942 0.00181284 0.00189039 0.00197309 0.00206259 0.00216085 0.00226024 0.00236184 0.00248643 0.00261518 0.00275936 0.00291049 0.00307397 0.00326818 0.0034718 0.00369915 0.00395774 0.00426312 0.00461608 0.00501673 0.00546482 0.00599211 0.00660474 0.00732349 0.00815169 0.0090867 0.0101427 0.0112979 0.0125782 0.0139645 0.0154329 0.0169315 0.0184026 0.0198056 0.021072 0.0221215 0.0228577 0.0231779 0.0229755 0.0221531 0.0206144 0.0183032 0.0151491 0.0111398 0.00628377 0.000622504 -0.00575942 -0.0127863 -0.0202968 -0.0281429 -0.0361022 -0.0439524 -0.051463 -0.0583938 -0.0645632 -0.0697483 -0.0738 -0.0765475 
0 -0.00461585 -0.00914503 -0.0135283 -0.0176853 -0.0215693 -0.0251283 -0.0283415 -0.0311878 -0.0336436 -0.0357314 -0.0374494 -0.0388188 -0.0398431 -0.0405215 -0.0408584 -0.0408531 -0.0405413 -0.0399396 -0.0390625 -0.0379272 -0.0365414 -0.0349265 -0.0331316 -0.0311934 -0.0291672 -0.0270751 -0.02497 -0.0228895 -0.0208555 -0.0189426 -0.017133 -0.015474 -0.0139486 -0.0125708 -0.0113445 -0.0102417 -0.00928943 -0.00843129 -0.00768637 -0.00704287 -0.00648586 -0.0059999 -0.00557405 -0.00518382 -0.00484708 -0.00454711 -0.00428981 -0.0040583 -0.00383824 -0.00364593 -0.0034395 -0.00326511 -0.00309943 -0.00295309 -0.0028124 -0.00267972 -0.00253397 -0.0024125 -0.00229688 -0.0021926 -0.00210108 -0.00200847 -0.00192293 -0.00185555 -0.00180953 -0.00177966 -0.00180254 -0.00187875 -0.00205404 -0.00228789 -0.00261868 -0.00308196 -0.0037252 -0.00452958 -0.00551702 -0.00668314 -0.00807197 -0.00961956 -0.0113131 -0.0130792 -0.0148014 -0.0163665 -0.0176756 -0.0185462 -0.0188363 -0.0184021 -0.0171509 -0.0150427 -0.0121084 -0.00844214 -0.00416506 0.000555375 0.00549758 0.010446 0.0151679 0.0194288 0.0230552 0.0258808 0.0277928 0.0287136 0.0285952 0.0274403 0.0252865 0.0222027 0.0183442 0.0138778 0.00902708 0.00405392 -0.000805743 -0.00531969 -0.00927884 -0.0125234 -0.0149333 -0.016461 -0.0171219 -0.016996 -0.0162544 -0.0150151 -0.0134395 -0.0116899 -0.00987439 -0.00808428 -0.00644539 -0.004958 -0.0036553 -0.00253121 -0.00161111 -0.000857824 -0.000255674 0.000232012 0.000586282 0.00086554 0.00106988 0.00123469 0.00135334 0.00146219 0.00156302 0.00165762 0.0017305 0.00179905 0.0018737 0.0019491 0.00204129 0.00212778 0.00222091 0.00231966 0.00242608 0.00252655 0.00266724 0.00280216 0.00296719 0.00313073 0.00329663 0.00348722 0.00370426 0.00395837 0.0042397 0.00455393 0.00491314 0.00532324 0.00579965 0.00636908 0.0070036 0.00776121 0.00860827 0.00957784 0.0106721 0.0118769 0.0132054 0.0146156 0.0161229 0.0176603 0.0191889 0.020649 0.0219613 0.023061 0.0238667 0.0242782 0.0241852 0.0234803 0.0220803 0.0199197 0.0169511 0.0131712 0.00855524 0.00314452 -0.00300389 -0.00978957 -0.0170802 -0.0247451 -0.0325902 -0.0404437 -0.0480824 -0.0553005 -0.0619131 -0.0677306 -0.0726118 -0.076393 -0.078963 
0 -0.00497631 -0.00984703 -0.0145161 -0.0189471 -0.0230352 -0.026763 -0.0300823 -0.0329702 -0.0354192 -0.0374494 -0.0391212 -0.0404337 -0.0414254 -0.0420968 -0.0424585 -0.0425175 -0.0422996 -0.0418242 -0.0410922 -0.0401141 -0.038896 -0.0374565 -0.0358194 -0.0340224 -0.0320681 -0.0300191 -0.0279158 -0.025802 -0.023708 -0.0216711 -0.0197292 -0.0178777 -0.016172 -0.0146171 -0.0132129 -0.0119458 -0.0108151 -0.00980037 -0.00891125 -0.00814208 -0.00747099 -0.00688663 -0.00636815 -0.00591881 -0.00550295 -0.00515416 -0.00484554 -0.0045591 -0.00430952 -0.00407183 -0.00384768 -0.00365324 -0.00346403 -0.00329098 -0.00312946 -0.00297355 -0.00283526 -0.00269378 -0.00257413 -0.00244374 -0.00231817 -0.0022202 -0.0021274 -0.00205912 -0.00201878 -0.00199226 -0.00203163 -0.00211681 -0.00225839 -0.00252359 -0.00291285 -0.00343692 -0.00412523 -0.0050005 -0.00608708 -0.00738477 -0.0088777 -0.0105743 -0.012429 -0.0143426 -0.0162247 -0.0179569 -0.0193503 -0.0202752 -0.0205862 -0.0200993 -0.0187327 -0.0164492 -0.0132396 -0.00922634 -0.00454637 0.000618872 0.00602079 0.0114333 0.0165951 0.021252 0.0252223 0.028307 0.0303806 0.0313773 0.031221 0.0299263 0.027548 0.0241561 0.0199267 0.0150494 0.0097597 0.00434879 -0.000935578 -0.00583033 -0.0101012 -0.0136152 -0.0162282 -0.0178829 -0.0186295 -0.018524 -0.0177022 -0.0163697 -0.0146769 -0.0127735 -0.0108097 -0.0088911 -0.00708166 -0.00545237 -0.00402966 -0.0028078 -0.00177994 -0.000935398 -0.000278352 0.000215169 0.000626271 0.000947614 0.00118135 0.00137695 0.00151741 0.00163553 0.00174407 0.00182195 0.00190945 0.00200434 0.0020852 0.00218484 0.00227574 0.00237578 0.00248175 0.00259438 0.00271736 0.00284392 0.00299074 0.00315161 0.00331849 0.00351232 0.00371516 0.00393379 0.0042002 0.00448849 0.00482689 0.00520742 0.00563631 0.00612273 0.00670147 0.00737736 0.0081533 0.00904128 0.0100404 0.0111572 0.012393 0.013766 0.015229 0.0167772 0.0183552 0.0199134 0.0214109 0.0227812 0.0239373 0.0247766 0.0252305 0.025196 0.0245695 0.0232653 0.021227 0.018388 0.0147528 0.0103264 0.00514224 -0.000757555 -0.00729778 -0.0143391 -0.0217676 -0.0293878 -0.0370606 -0.0445922 -0.0518149 -0.0585656 -0.0646657 -0.0700058 -0.0744143 -0.0778245 -0.08012 
0 -0.0052642 -0.0103968 -0.0153173 -0.0199563 -0.024223 -0.0280691 -0.031465 -0.0343865 -0.0368201 -0.0388188 -0.0404337 -0.0416862 -0.0426178 -0.0432621 -0.0436461 -0.0437688 -0.0436523 -0.0433037 -0.0427161 -0.0419088 -0.0408836 -0.0396486 -0.0382192 -0.03659 -0.0347798 -0.0328239 -0.0307898 -0.0287034 -0.026575 -0.0244834 -0.0224271 -0.0204517 -0.0185835 -0.0168552 -0.0152716 -0.0138089 -0.012509 -0.0113321 -0.0102984 -0.00939093 -0.00858244 -0.00787408 -0.00726831 -0.00673358 -0.00625599 -0.00582905 -0.0054524 -0.00510906 -0.00480176 -0.00454035 -0.00428702 -0.00407629 -0.00386471 -0.0036594 -0.00346634 -0.00330011 -0.00313565 -0.00298773 -0.00284193 -0.00269361 -0.00256323 -0.00244726 -0.00234142 -0.00227078 -0.00223237 -0.00220707 -0.00224029 -0.00232519 -0.00251194 -0.00279197 -0.00319715 -0.00376044 -0.00452534 -0.0054795 -0.00665635 -0.00805737 -0.00970818 -0.0115429 -0.0135387 -0.0156074 -0.0176254 -0.0194672 -0.0209888 -0.0219899 -0.0223101 -0.0217749 -0.0202862 -0.0177952 -0.0143208 -0.00997966 -0.00491159 0.000682662 0.00653332 0.0123972 0.0179938 0.0230435 0.0273464 0.0306866 0.0329244 0.0339778 0.0337774 0.0323419 0.0297328 0.0260338 0.0214445 0.0161683 0.01046 0.00463078 -0.00105274 -0.00631923 -0.0109207 -0.0146872 -0.0174811 -0.0192571 -0.020051 -0.0199422 -0.0191112 -0.0177024 -0.0158869 -0.0138536 -0.0117388 -0.00964776 -0.00771018 -0.00594472 -0.00439146 -0.00305235 -0.00195237 -0.00105068 -0.000327361 0.000251936 0.000688694 0.00103291 0.0012944 0.00152053 0.00168169 0.00180915 0.00191899 0.00201561 0.00211086 0.0022151 0.00231294 0.00241007 0.0025177 0.00262271 0.00274178 0.00287507 0.00302225 0.00316879 0.00334744 0.00350701 0.00369215 0.00390633 0.00414741 0.00442365 0.00473198 0.00507426 0.00546697 0.00592401 0.00644917 0.00704467 0.00773976 0.00854822 0.00944274 0.0104831 0.0116351 0.012914 0.0143102 0.0158079 0.017394 0.0190096 0.0206199 0.022132 0.0235134 0.0247054 0.0255913 0.0260752 0.0260739 0.0254931 0.0242443 0.0222733 0.0195534 0.0160394 0.0117386 0.00670742 0.000996034 -0.00530911 -0.0121141 -0.0192821 -0.0266671 -0.0341 -0.0414129 -0.0484626 -0.0551037 -0.0612172 -0.0666861 -0.0713985 -0.0752527 -0.0781855 -0.0801525 
0 -0.00545659 -0.0107821 -0.0158827 -0.0206907 -0.0250801 -0.0290122 -0.0324616 -0.0354133 -0.0378595 -0.0398431 -0.0414254 -0.0426178 -0.0434879 -0.0440972 -0.0444877 -0.0446588 -0.0446234 -0.0443859 -0.0439427 -0.04331 -0.042487 -0.0414721 -0.0402602 -0.0388502 -0.0372334 -0.0354516 -0.0335441 -0.0315253 -0.0294189 -0.0273001 -0.0252026 -0.0231375 -0.0211492 -0.0192683 -0.0175096 -0.0158744 -0.0144006 -0.013063 -0.0118684 -0.0107986 -0.00983319 -0.00898648 -0.00825954 -0.00763209 -0.00706004 -0.00656162 -0.00612415 -0.00572767 -0.00537859 -0.00506548 -0.00477203 -0.00452303 -0.00428115 -0.00404999 -0.00383666 -0.00364408 -0.00346376 -0.00328762 -0.00312908 -0.00296999 -0.00283098 -0.00271201 -0.00259185 -0.0024957 -0.00243958 -0.00241331 -0.00246187 -0.00256323 -0.00274521 -0.0030522 -0.00350181 -0.00410964 -0.00491806 -0.00594961 -0.00723139 -0.00876001 -0.0105231 -0.0124893 -0.0146226 -0.0168311 -0.0190006 -0.0209936 -0.0226056 -0.0236565 -0.0239783 -0.0233805 -0.0217679 -0.0190973 -0.0153635 -0.0106985 -0.00525443 0.000755827 0.00704708 0.0133523 0.0193729 0.0248061 0.0294323 0.0330156 0.0354062 0.0365158 0.0362705 0.0346903 0.0318498 0.0278474 0.0229027 0.0172372 0.0111272 0.00489728 -0.00117177 -0.00678743 -0.0116818 -0.0156953 -0.018673 -0.0205667 -0.0214289 -0.0213333 -0.0204429 -0.0189563 -0.0170427 -0.0148869 -0.0126412 -0.0104194 -0.00832353 -0.00641727 -0.0047463 -0.00331896 -0.00212777 -0.00114106 -0.000352464 0.000266296 0.000759106 0.00113937 0.00141799 0.0016513 0.00182326 0.00196927 0.00210013 0.00220712 0.00231807 0.00243432 0.00253164 0.00264101 0.00275781 0.00288577 0.00302198 0.00316498 0.0033195 0.00348676 0.0036873 0.00388581 0.00410041 0.00435619 0.0046445 0.00496733 0.00533472 0.00573073 0.00619477 0.00673727 0.00736528 0.00808405 0.00892178 0.00987234 0.0109184 0.012104 0.0134194 0.0148587 0.0163912 0.017993 0.0196223 0.02125 0.0228107 0.0242134 0.0254056 0.0263163 0.0268319 0.0268508 0.0263087 0.02511 0.0231802 0.0204975 0.0170735 0.0128859 0.00796663 0.00238524 -0.00376666 -0.010377 -0.0173238 -0.0244564 -0.031646 -0.038715 -0.0455317 -0.0519592 -0.0578931 -0.0632581 -0.0679729 -0.0719814 -0.0751957 -0.0776154 -0.0792204 
0 -0.00555638 -0.0109885 -0.0162003 -0.0211105 -0.0255779 -0.029564 -0.0330568 -0.0360471 -0.0385243 -0.0405215 -0.0420968 -0.0432621 -0.0440972 -0.0446815 -0.0450662 -0.0452587 -0.0452752 -0.045131 -0.0448212 -0.0443527 -0.0437142 -0.0428991 -0.0419033 -0.0407252 -0.0393467 -0.0377869 -0.0360628 -0.0341768 -0.0321615 -0.0300937 -0.0280098 -0.025908 -0.0238367 -0.0218399 -0.0199406 -0.0181492 -0.0165002 -0.0149861 -0.0136163 -0.0123826 -0.0112655 -0.0102761 -0.00941325 -0.00865672 -0.00796982 -0.00737822 -0.00686946 -0.00641223 -0.00600216 -0.00562535 -0.00528012 -0.00498793 -0.00471762 -0.00445984 -0.00422066 -0.00400061 -0.00379253 -0.0035905 -0.00341346 -0.00324685 -0.00310377 -0.00297584 -0.00284151 -0.00273213 -0.00266574 -0.00263581 -0.00268033 -0.00279269 -0.00299626 -0.00333324 -0.00381997 -0.00448086 -0.00535215 -0.0064552 -0.0078163 -0.00944879 -0.0113379 -0.0134474 -0.0157293 -0.0180853 -0.0203893 -0.0224955 -0.0241937 -0.0252919 -0.0256079 -0.0249522 -0.0232215 -0.020366 -0.0163844 -0.0114059 -0.00559299 0.000823773 0.00754263 0.014275 0.0207022 0.0265066 0.0314434 0.0352639 0.0378015 0.0389587 0.038663 0.0369394 0.0338701 0.0295734 0.0242801 0.0182359 0.0117357 0.00512022 -0.00131062 -0.00725313 -0.0124309 -0.0166692 -0.0198167 -0.0218264 -0.022751 -0.0226742 -0.0217581 -0.0201994 -0.0181769 -0.0158931 -0.0135142 -0.0111651 -0.0089475 -0.00692348 -0.00513119 -0.00359333 -0.00230883 -0.00124665 -0.000386375 0.000293701 0.000828551 0.00123159 0.00153306 0.00178592 0.00197925 0.00214144 0.00228954 0.00241651 0.00254608 0.00267325 0.00277626 0.00289093 0.0030212 0.00317094 0.00333008 0.00349042 0.00365525 0.0038409 0.00406572 0.00430273 0.00455925 0.0048583 0.00518947 0.00555925 0.00598513 0.00646194 0.00702685 0.00768229 0.00842503 0.0092663 0.0102438 0.0113471 0.0125563 0.013896 0.0153609 0.0169348 0.0185768 0.0202427 0.021877 0.0234493 0.0248872 0.0260971 0.0270104 0.0275428 0.0275762 0.0270263 0.0258516 0.0239755 0.0213341 0.0179286 0.013803 0.00897205 0.00349663 -0.00253656 -0.0090118 -0.0157985 -0.0227498 -0.029705 -0.0365415 -0.0431047 -0.0492955 -0.055002 -0.0601452 -0.0646815 -0.068575 -0.071816 -0.0743624 -0.076254 -0.0774999 
0 -0.00556921 -0.0110162 -0.0162589 -0.0211926 -0.0256975 -0.0297183 -0.0332572 -0.0362982 -0.0388197 -0.0408584 -0.0424585 -0.0436461 -0.0444877 -0.0450662 -0.045437 -0.045625 -0.0456645 -0.0455883 -0.0453857 -0.045053 -0.0445721 -0.0439374 -0.043158 -0.0422115 -0.0410901 -0.0397743 -0.0382806 -0.0365986 -0.0347463 -0.0328036 -0.0307746 -0.0286874 -0.0265802 -0.0245198 -0.0225268 -0.0206012 -0.0187873 -0.0170954 -0.0155503 -0.0141529 -0.0128802 -0.0117349 -0.0107275 -0.00982245 -0.00901757 -0.00831292 -0.00770961 -0.00717192 -0.0066793 -0.00623947 -0.00584041 -0.00550121 -0.00519234 -0.00489693 -0.00462574 -0.00439047 -0.00415908 -0.00394378 -0.00373455 -0.00354007 -0.00337568 -0.00322608 -0.00308416 -0.00297674 -0.002912 -0.00289022 -0.00292944 -0.00303623 -0.00325984 -0.00361666 -0.00414078 -0.00485428 -0.00578747 -0.00695828 -0.00840743 -0.0101437 -0.0121679 -0.0144109 -0.0168287 -0.019326 -0.0217578 -0.0239581 -0.0257404 -0.0268756 -0.0271765 -0.0264679 -0.0246258 -0.0215837 -0.0173626 -0.0120752 -0.00590026 0.000907642 0.00803772 0.0151809 0.0219976 0.0281594 0.0333926 0.037439 0.0401163 0.0413146 0.0409681 0.0391021 0.0358077 0.0312258 0.0255942 0.0191858 0.0123113 0.00532145 -0.00145449 -0.00770302 -0.0131495 -0.0175887 -0.0208897 -0.0230153 -0.0240015 -0.0239426 -0.023017 -0.0213913 -0.01927 -0.0168741 -0.0143714 -0.0118895 -0.00955508 -0.0074105 -0.00550594 -0.0038599 -0.00248392 -0.00134918 -0.000429068 0.000310499 0.000874829 0.00131196 0.00165375 0.0019394 0.00216458 0.0023414 0.00248818 0.00262175 0.0027563 0.00289681 0.0030277 0.00315521 0.00330849 0.00347159 0.00364923 0.00383126 0.00401864 0.0042308 0.00448756 0.0047526 0.00505519 0.00540079 0.00579004 0.00623144 0.00672695 0.00730539 0.00798467 0.00877231 0.00964781 0.0106226 0.0117395 0.013001 0.0143724 0.0158694 0.0174587 0.0191222 0.0208192 0.0224842 0.0240759 0.0255202 0.0267548 0.0276694 0.0281993 0.0282601 0.0277234 0.0265312 0.0246546 0.0220573 0.0186953 0.0145886 0.00980017 0.00438622 -0.00156477 -0.00793271 -0.0145939 -0.0214058 -0.0282129 -0.0348583 -0.0412057 -0.0471508 -0.0526101 -0.0575228 -0.0618237 -0.0654916 -0.0685441 -0.0709959 -0.0728844 -0.0742578 -0.075165 
0 -0.00549945 -0.0108839 -0.0160619 -0.0209578 -0.025451 -0.0294994 -0.0330845 -0.0361768 -0.0387583 -0.0408531 -0.0425175 -0.0437688 -0.0446588 -0.0452587 -0.045625 -0.0458059 -0.0458588 -0.0458203 -0.0456945 -0.0454587 -0.0451099 -0.044649 -0.0440622 -0.0433449 -0.0424476 -0.0413868 -0.0401451 -0.0387069 -0.0370872 -0.0353015 -0.033402 -0.0313781 -0.0293092 -0.027243 -0.0251928 -0.023181 -0.0212326 -0.0193978 -0.0176961 -0.016128 -0.0146834 -0.0133761 -0.0122037 -0.0111665 -0.0102184 -0.00939086 -0.00866582 -0.00801967 -0.00745181 -0.00693787 -0.00649067 -0.00609318 -0.00572531 -0.00537729 -0.00507246 -0.0047993 -0.00456081 -0.00431274 -0.00408006 -0.00385906 -0.00366396 -0.00350081 -0.00335269 -0.00322992 -0.00315875 -0.00313928 -0.00318275 -0.00330421 -0.00351501 -0.00390255 -0.00447087 -0.0052277 -0.00620386 -0.00745819 -0.00900518 -0.0108676 -0.0129943 -0.0153719 -0.017918 -0.0205313 -0.0230842 -0.0254063 -0.0272423 -0.0284107 -0.0287019 -0.0279216 -0.0259521 -0.0227419 -0.0182787 -0.0126943 -0.00618334 0.000998125 0.00852997 0.016065 0.02326 0.0297659 0.0352773 0.0395341 0.0423429 0.0435767 0.0431812 0.041177 0.0376586 0.0327966 0.0268407 0.0200782 0.0128524 0.00551838 -0.00158731 -0.00813099 -0.0138177 -0.0184626 -0.0219151 -0.0241322 -0.025178 -0.0251524 -0.0241862 -0.0225136 -0.0203243 -0.0178226 -0.0152023 -0.0126149 -0.0101365 -0.00787008 -0.00585078 -0.00412387 -0.00266116 -0.00144361 -0.000456541 0.000314888 0.00094021 0.00141476 0.00178968 0.00209697 0.00234443 0.00254322 0.00270192 0.0028329 0.00298058 0.0031388 0.00328595 0.00344489 0.00360236 0.00378433 0.00397257 0.00417399 0.004394 0.00465476 0.0049427 0.0052592 0.00559362 0.00599582 0.00646276 0.00698954 0.00759468 0.00827332 0.00907652 0.00999749 0.011022 0.0121582 0.0134372 0.0148481 0.0163815 0.0179992 0.0196915 0.0214015 0.0230811 0.0246868 0.0261345 0.0273846 0.0283072 0.0288221 0.0288587 0.0283394 0.027174 0.0252854 0.0226815 0.0193447 0.0152741 0.010516 0.00514318 -0.000758792 -0.00706911 -0.0136513 -0.0203503 -0.0270337 -0.0335511 -0.0397501 -0.0455166 -0.0507457 -0.0554134 -0.059471 -0.0628987 -0.0657031 -0.0679212 -0.0696333 -0.0708873 -0.0717899 -0.0723797 
0 -0.00535024 -0.0105828 -0.015633 -0.0204176 -0.0248714 -0.0289233 -0.0325483 -0.0356991 -0.0383526 -0.0405413 -0.0422996 -0.0436523 -0.0446234 -0.0452752 -0.0456645 -0.0458588 -0.0459141 -0.0458907 -0.0457883 -0.0456137 -0.0453687 -0.0450446 -0.0446396 -0.0440967 -0.043426 -0.0425998 -0.0416237 -0.0404581 -0.0390814 -0.0375319 -0.0358037 -0.0339415 -0.0319689 -0.0299451 -0.0278928 -0.0258369 -0.0238173 -0.0218823 -0.0200396 -0.0183061 -0.0166861 -0.0152014 -0.0138814 -0.0126726 -0.0115915 -0.0106096 -0.0097506 -0.00899796 -0.00832416 -0.00773361 -0.00721291 -0.0067436 -0.00631781 -0.00591625 -0.00555751 -0.00525383 -0.0049599 -0.00469286 -0.0044269 -0.00419754 -0.00400106 -0.00381509 -0.00364097 -0.00350708 -0.0034166 -0.00339444 -0.00343088 -0.00355798 -0.00381686 -0.0042136 -0.00479393 -0.00560457 -0.00666455 -0.00799048 -0.00962785 -0.0115809 -0.0138402 -0.0163306 -0.0189945 -0.0217397 -0.0244106 -0.0268014 -0.0287295 -0.0299221 -0.0301688 -0.0293173 -0.0272275 -0.0238172 -0.0191423 -0.0132819 -0.00644062 0.00109499 0.00899818 0.0169177 0.0244659 0.0312994 0.0370822 0.0415443 0.0444702 0.0457357 0.0452797 0.0431335 0.0394015 0.034276 0.0280014 0.0209152 0.0133553 0.00568864 -0.00171257 -0.00852053 -0.0144664 -0.0192894 -0.0228844 -0.0252133 -0.0263007 -0.0262723 -0.0253183 -0.0235896 -0.0213226 -0.0187379 -0.0160182 -0.0133037 -0.0107266 -0.00834406 -0.00621706 -0.00437027 -0.00282796 -0.00156012 -0.000508624 0.000357333 0.00101794 0.00152255 0.00192259 0.00224466 0.00251772 0.00272945 0.00290659 0.00307661 0.0032426 0.00340793 0.00357769 0.00373093 0.00391746 0.0041107 0.00432533 0.00455672 0.00481011 0.00511243 0.0054559 0.00581705 0.00622154 0.00668381 0.00723293 0.00787576 0.00858416 0.00940332 0.0103254 0.0113862 0.0125667 0.013875 0.0153225 0.0168868 0.0185338 0.0202421 0.0219753 0.0236823 0.025299 0.0267419 0.0279778 0.0289017 0.0294325 0.029449 0.0288977 0.0277303 0.0258622 0.0232694 0.0199291 0.0158766 0.0111356 0.00578984 -6.70296e-05 -0.00632971 -0.0128668 -0.0195176 -0.0261191 -0.0325291 -0.0386135 -0.0442599 -0.0493465 -0.0538233 -0.0576486 -0.0608348 -0.0633878 -0.0653477 -0.0668059 -0.0678265 -0.0685308 -0.0689918 -0.0692956 
