0 0 0 0 0 0 0 0 0 0 0 0 0 0 0 0 0 0 0 0 0 0 0 0 0 0 0 0 0 0 0 0 0 0 0 0 0 0 0 0 0 0 0 0 0 0 0 0 0 0 0 0 0 0 0 0 0 0 0 0 0 0 0 0 0 0 0 0 0 0 0 0 0 0 0 0 0 0 0 0 0 0 0 0 0 0 0 0 0 0 0 0 0 0 0 0 0 0 0 0 0 0 0 0 0 0 0 0 0 0 0 0 0 0 0 0 0 0 0 0 0 0 0 0 0 0 0 0 0 0 0 0 0 0 0 0 0 0 0 0 0 0 0 0 0 0 0 0 0 0 0 0 0 0 0 0 0 0 0 0 0 0 0 0 0 0 0 0 0 0 0 0 0 0 0 0 0 0 0 0 0 0 0 0 0 0 0 0 0 0 0 0 0 0 0 0 0 0 0 0 
0 -0.00194231 -0.00380291 -0.00552692 -0.00704526 -0.00833059 -0.00934134 -0.0100762 -0.0105186 -0.0106664 -0.0105526 -0.0102053 -0.00969432 -0.00905811 -0.00834335 -0.00756967 -0.00675685 -0.00594339 -0.00515564 -0.00444251 -0.00380803 -0.00324519 -0.00274978 -0.00231944 -0.00195609 -0.00165077 -0.00140817 -0.00121175 -0.00103395 -0.000881467 -0.000760602 -0.000669572 -0.000604293 -0.000553462 -0.000511828 -0.000468395 -0.000432105 -0.000407518 -0.000391521 -0.000385436 -0.000366354 -0.000336678 -0.000314082 -0.000301978 -0.00029507 -0.000290085 -0.000282623 -0.000268444 -0.000254231 -0.00024208 -0.000237927 -0.000236553 -0.000234445 -0.000218365 -0.000198118 -0.000189066 -0.000181075 -0.000179678 -0.000183426 -0.000182769 -0.000187203 -0.000190779 -0.000190953 -0.000214123 -0.000243546 -0.000282498 -0.000332021 -0.000393954 -0.000475516 -0.000577996 -0.000706808 -0.000868998 -0.00104142 -0.00121957 -0.00140104 -0.00157803 -0.00173994 -0.00186953 -0.00196327 -0.00199486 -0.00194197 -0.00180134 -0.00156774 -0.00124077 -0.000851948 -0.000416952 3.76869e-05 0.000488414 0.000896787 0.00124581 0.00151377 0.00168323 0.00175378 0.00174392 0.00164703 0.00150424 0.00133989 0.00117078 0.00103019 0.000937863 0.000883801 0.000897337 0.000965676 0.00108002 0.00123607 0.0014069 0.00155541 0.00167339 0.00172363 0.00169285 0.00156903 0.00134965 0.00103251 0.000644062 0.000212599 -0.000231926 -0.000665218 -0.00104409 -0.00136374 -0.00160213 -0.00174187 -0.00179903 -0.00178869 -0.00171296 -0.00159074 -0.0014249 -0.00123277 -0.00103136 -0.000839541 -0.000678305 -0.000532095 -0.000397111 -0.000283589 -0.000193025 -0.000119682 -5.56795e-05 -3.14582e-06 2.42874e-05 5.00355e-05 7.09291e-05 9.38328e-05 0.000116798 0.000124461 0.000123767 0.000125569 0.000124571 0.000132923 0.000145969 0.000155514 0.000166622 0.000171211 0.000170587 0.000176001 0.0001944 0.000212131 0.000222722 0.00022292 0.000223578 0.000233162 0.000253059 0.000272903 0.000284473 0.000298378 0.000304055 0.00031164 0.000332477 0.000350566 0.000356843 0.000344032 0.000319907 0.000292466 0.000259392 0.000215986 0.000145862 5.15593e-05 -6.3236e-05 -0.000203734 -0.000351113 -0.000521103 -0.000731417 -0.000982591 -0.00125701 -0.00152661 -0.00179606 -0.00203474 -0.00224071 -0.00240301 -0.00249463 -0.00250179 -0.00240829 -0.00224309 -0.0019952 -0.0016754 -0.00128724 -0.000838881 -0.000368548 9.42127e-05 0.000487571 0.000799381 0.00101021 
0 -0.00380291 -0.00746064 -0.0108375 -0.0138466 -0.0163795 -0.0183946 -0.0198558 -0.0207418 -0.0210723 -0.0208793 -0.02026 -0.0192843 -0.0180583 -0.0166503 -0.0151165 -0.0135281 -0.0119242 -0.0103873 -0.00895822 -0.00767794 -0.00653415 -0.0055317 -0.00468173 -0.00395659 -0.00334537 -0.00284501 -0.00243851 -0.00208544 -0.00179637 -0.0015631 -0.00138737 -0.00123331 -0.00112254 -0.00103153 -0.000949092 -0.000892292 -0.000825896 -0.000792179 -0.000756088 -0.000724948 -0.000681401 -0.000647509 -0.000629483 -0.000600818 -0.000573845 -0.000555567 -0.000528678 -0.000507914 -0.000489058 -0.000458036 -0.000453947 -0.00043183 -0.000416865 -0.000393875 -0.000386051 -0.000377867 -0.000367904 -0.000358081 -0.000351232 -0.000354548 -0.000374958 -0.000390097 -0.000412793 -0.000474245 -0.000557256 -0.000674769 -0.000799352 -0.000962386 -0.0011805 -0.00145302 -0.00173166 -0.00205947 -0.00241931 -0.00279688 -0.00316776 -0.00350969 -0.00376768 -0.00394337 -0.00398279 -0.00387927 -0.00359937 -0.00311884 -0.00248334 -0.00172239 -0.000844741 5.54968e-05 0.000949042 0.00179361 0.00248732 0.00301381 0.0033578 0.00349295 0.00345945 0.00328935 0.00300393 0.00267276 0.00234041 0.00205773 0.00185855 0.00177055 0.00179669 0.00192994 0.00216275 0.00247116 0.00279332 0.00310868 0.00334464 0.00343824 0.00338247 0.00312936 0.00266282 0.00204394 0.00127426 0.000407765 -0.000461175 -0.00131642 -0.002093 -0.00272828 -0.00320766 -0.00350853 -0.0036252 -0.00359473 -0.00342211 -0.00316376 -0.0028275 -0.00245121 -0.00207568 -0.00172593 -0.00137437 -0.00107029 -0.000804018 -0.000575667 -0.00037832 -0.00023149 -0.000103772 -1.70209e-05 6.11509e-05 0.00011837 0.000149864 0.000184615 0.000217627 0.000234447 0.000251026 0.000265938 0.000279464 0.000298759 0.000301686 0.000320247 0.000327062 0.000351999 0.000357227 0.000365599 0.00039131 0.000413105 0.000428365 0.000447507 0.000457145 0.000484722 0.00051539 0.000532026 0.000560932 0.000581157 0.000613603 0.000621704 0.000649535 0.000670742 0.000672605 0.000663725 0.000631294 0.00058662 0.000517696 0.000420392 0.000278839 0.000106091 -0.00011752 -0.000387482 -0.000704723 -0.00105704 -0.00148377 -0.00198006 -0.00250141 -0.00304247 -0.00356386 -0.00404693 -0.00443907 -0.00474073 -0.00491262 -0.00491201 -0.00474674 -0.00441283 -0.00393012 -0.0032889 -0.00252391 -0.00166401 -0.000755784 0.000115244 0.000885247 0.00148906 0.00191091 
0 -0.00552692 -0.0108375 -0.0157842 -0.0201803 -0.0239272 -0.0268987 -0.029075 -0.0304228 -0.0309603 -0.0307839 -0.0299587 -0.0286273 -0.0268725 -0.0248303 -0.0226012 -0.0202821 -0.0179749 -0.0157239 -0.013624 -0.0116977 -0.00996756 -0.0084604 -0.00717566 -0.00608691 -0.00514586 -0.00436354 -0.00372535 -0.00318506 -0.00275269 -0.00241282 -0.00213022 -0.00189174 -0.00169718 -0.00155749 -0.00144378 -0.0013514 -0.00126503 -0.00118238 -0.00112996 -0.00107759 -0.00102695 -0.000994632 -0.000962943 -0.00091357 -0.000863137 -0.000825765 -0.000795512 -0.000770823 -0.000735916 -0.00069963 -0.000667155 -0.000647926 -0.000620527 -0.00059741 -0.000595607 -0.000574726 -0.000547776 -0.000528925 -0.00051326 -0.000530845 -0.000559212 -0.000577294 -0.00064027 -0.000717298 -0.000827676 -0.000986364 -0.00119568 -0.00146353 -0.00178134 -0.00215586 -0.00260602 -0.00309443 -0.00362211 -0.00418276 -0.00474279 -0.00525259 -0.0056494 -0.00591369 -0.00598016 -0.00580077 -0.00537092 -0.00467712 -0.00372127 -0.00257731 -0.0012867 7.27106e-05 0.00142564 0.00265933 0.00370814 0.00450838 0.00501308 0.00522317 0.00519009 0.0049099 0.00449036 0.00400527 0.00350843 0.00309335 0.00281646 0.00266219 0.00270137 0.00290411 0.00324521 0.00370749 0.00421298 0.00465992 0.00500833 0.00515292 0.00504974 0.0046637 0.00399005 0.00303809 0.00188313 0.000608808 -0.0007003 -0.00197973 -0.0031186 -0.00408905 -0.00482278 -0.00526003 -0.00542968 -0.00537428 -0.00511737 -0.00472844 -0.00423396 -0.00368359 -0.00311586 -0.0025662 -0.00207627 -0.00161674 -0.00119151 -0.000839156 -0.000568351 -0.000357966 -0.000172234 -9.81786e-06 9.5256e-05 0.000183981 0.000239975 0.000283714 0.000325387 0.000344094 0.000365691 0.000404921 0.000429165 0.000451629 0.000463389 0.0004674 0.000494 0.000525758 0.000544576 0.000558133 0.000582065 0.000603483 0.000630087 0.00066105 0.00069979 0.000741145 0.000777315 0.000801187 0.000824142 0.000879011 0.00092184 0.000946054 0.000973002 0.000984614 0.000988162 0.000975747 0.000943932 0.000878594 0.00076138 0.000597411 0.000377601 0.00011806 -0.000197663 -0.000613453 -0.00109324 -0.00164645 -0.00228324 -0.0029915 -0.00374487 -0.00450306 -0.00527579 -0.00596254 -0.00652655 -0.00694049 -0.00716026 -0.00716814 -0.00691896 -0.00645455 -0.0057345 -0.00479807 -0.00369098 -0.00246263 -0.00120627 2.33102e-05 0.00109699 0.00197921 0.00259333 
0 -0.00704526 -0.0138466 -0.0201803 -0.0258688 -0.0307116 -0.034604 -0.0374785 -0.0393102 -0.0401464 -0.0400539 -0.0391627 -0.0375632 -0.0354056 -0.0328336 -0.0299953 -0.0270499 -0.0240806 -0.021193 -0.0184463 -0.0159135 -0.0136173 -0.0115961 -0.00986926 -0.00838105 -0.00709788 -0.00602141 -0.00513733 -0.00439152 -0.00378994 -0.00330363 -0.00291482 -0.00257065 -0.00230971 -0.00210924 -0.00194676 -0.00183002 -0.00169879 -0.00160722 -0.00151975 -0.00144915 -0.00137243 -0.0013134 -0.00127051 -0.00120575 -0.00114504 -0.00110717 -0.00106625 -0.00103366 -0.000997416 -0.000940482 -0.000919355 -0.000877293 -0.000843554 -0.000800643 -0.000781719 -0.000761638 -0.000739555 -0.000720008 -0.000708987 -0.000720223 -0.000759169 -0.000793167 -0.00084611 -0.000961211 -0.0011199 -0.00134144 -0.00159445 -0.00192617 -0.00236036 -0.00289517 -0.00346389 -0.00411881 -0.004834 -0.00558083 -0.00631337 -0.00698337 -0.0074972 -0.00784268 -0.00792655 -0.00771797 -0.00715953 -0.006214 -0.00495025 -0.00343157 -0.00169609 9.78251e-05 0.00187571 0.00354126 0.00492437 0.00597615 0.00666092 0.00694209 0.00688596 0.00655144 0.00599763 0.00535004 0.00470062 0.00414854 0.00376214 0.00358891 0.00364271 0.0039103 0.00437189 0.0049777 0.00561645 0.00622574 0.00667735 0.00685401 0.00672394 0.00620805 0.0052824 0.00403837 0.00250436 0.000787996 -0.00094595 -0.00263977 -0.00417016 -0.00542973 -0.00637739 -0.00697011 -0.00720587 -0.00714622 -0.00681186 -0.00629935 -0.00563542 -0.00489011 -0.00413892 -0.00342993 -0.00273748 -0.0021299 -0.00159722 -0.00114487 -0.000762757 -0.000470044 -0.000219475 -3.74016e-05 0.0001173 0.000232518 0.000303396 0.000372555 0.00043433 0.000467336 0.000497312 0.000527607 0.000555516 0.000589077 0.00059715 0.000625412 0.000646919 0.000699138 0.000723948 0.000747461 0.000789193 0.000823637 0.000854796 0.000898161 0.000932386 0.000986319 0.00103583 0.00106338 0.00111559 0.00117072 0.00124141 0.00126666 0.00130344 0.00132075 0.00131035 0.00128661 0.00122402 0.00112334 0.00095861 0.000729609 0.000430276 8.55271e-05 -0.000345698 -0.000885516 -0.00153713 -0.00226789 -0.00310367 -0.00401907 -0.00495866 -0.00592879 -0.00688052 -0.00775375 -0.00844571 -0.00894618 -0.00921093 -0.00919197 -0.00888735 -0.00827368 -0.00736197 -0.0061627 -0.00476878 -0.00326058 -0.00171565 -0.000238269 0.00109185 0.00217961 0.00295858 
0 -0.00833059 -0.0163795 -0.0239272 -0.0307116 -0.0365533 -0.0412806 -0.0448467 -0.0472161 -0.0484137 -0.0485391 -0.0476713 -0.0459614 -0.0435365 -0.0405913 -0.0372968 -0.0338148 -0.0302874 -0.0268008 -0.0234774 -0.0203738 -0.0175329 -0.0149976 -0.0127829 -0.0108663 -0.00921206 -0.00783122 -0.00669261 -0.00572353 -0.00492332 -0.00428089 -0.00376016 -0.00333333 -0.00298792 -0.00271757 -0.00248964 -0.00230694 -0.00215318 -0.00202738 -0.00193403 -0.00183511 -0.00173055 -0.00165146 -0.00159091 -0.00152215 -0.00145762 -0.00140232 -0.00134479 -0.00128897 -0.00123034 -0.00118115 -0.00114736 -0.00111594 -0.00106191 -0.00100272 -0.000973432 -0.000942853 -0.000917769 -0.000904513 -0.00089041 -0.000906226 -0.000937904 -0.000972917 -0.00107119 -0.00121267 -0.00140588 -0.00166619 -0.0019968 -0.00242216 -0.0029501 -0.00358964 -0.00434152 -0.00516643 -0.00604961 -0.00696833 -0.00787285 -0.00869313 -0.0093432 -0.0097781 -0.00989699 -0.00962063 -0.00891596 -0.00775868 -0.00617752 -0.00427701 -0.00214035 0.000100208 0.00231975 0.00435854 0.0060895 0.00741461 0.00826379 0.00863087 0.00858109 0.00814651 0.00746943 0.00667882 0.00587829 0.00520569 0.00474783 0.00451593 0.00458323 0.00492124 0.00548956 0.00624164 0.00705287 0.00777909 0.00832223 0.00853579 0.00834496 0.00769176 0.00656265 0.00499112 0.00307798 0.000960173 -0.00121277 -0.0033206 -0.00520191 -0.00677837 -0.00796115 -0.00868011 -0.00896897 -0.00889068 -0.0084897 -0.00785685 -0.0070406 -0.00611842 -0.00516656 -0.00425076 -0.00342369 -0.00267203 -0.00199436 -0.0014222 -0.00096121 -0.000592568 -0.000277872 -2.33033e-05 0.000148783 0.000283958 0.000382317 0.000473077 0.000557415 0.000599231 0.000626248 0.000661561 0.00069013 0.00073021 0.000765143 0.000793629 0.000834823 0.00087588 0.000900272 0.000928901 0.000981581 0.00103513 0.00108291 0.00112461 0.0011677 0.00122634 0.00129289 0.00135049 0.00140515 0.00147726 0.00153003 0.00156184 0.00160562 0.00163115 0.0016245 0.00157117 0.00147427 0.00133179 0.00112608 0.000845384 0.000469303 1.311e-05 -0.000542005 -0.00123514 -0.00203274 -0.00293589 -0.00395237 -0.00504948 -0.00617651 -0.00729018 -0.00838923 -0.00936439 -0.0101532 -0.0107163 -0.0109968 -0.010962 -0.0105649 -0.00983823 -0.00875332 -0.0073701 -0.00577646 -0.00406202 -0.00233701 -0.000669054 0.000810779 0.00204601 0.00292306 
0 -0.00934134 -0.0183946 -0.0268987 -0.034604 -0.0412806 -0.0467778 -0.0510185 -0.0539615 -0.0556201 -0.0560518 -0.0553631 -0.0536799 -0.0511732 -0.0480302 -0.0444302 -0.0405557 -0.0365507 -0.0325626 -0.0287126 -0.0250883 -0.0217276 -0.0186758 -0.0159715 -0.0136044 -0.011565 -0.00985531 -0.00843128 -0.00721574 -0.00620153 -0.00537699 -0.00471885 -0.00417267 -0.00373514 -0.00337629 -0.00307281 -0.0028345 -0.00262845 -0.00247672 -0.00234756 -0.00222606 -0.00210106 -0.00200145 -0.00192631 -0.00184151 -0.00175989 -0.0016925 -0.0016204 -0.00155114 -0.00148203 -0.00141156 -0.00137237 -0.00132404 -0.00126965 -0.00120924 -0.00117447 -0.00114418 -0.00111511 -0.00108971 -0.00107268 -0.00108425 -0.00112602 -0.00117944 -0.00127787 -0.00145061 -0.00169248 -0.00201696 -0.00241355 -0.00292253 -0.00356537 -0.00433977 -0.00520323 -0.00617616 -0.00723715 -0.00834594 -0.00943609 -0.0104238 -0.0111967 -0.0117002 -0.011824 -0.011497 -0.0106548 -0.00926579 -0.00739442 -0.00513716 -0.00258575 8.02395e-05 0.00272062 0.00517129 0.00723651 0.00881322 0.00983735 0.0102839 0.0102246 0.00974051 0.00894881 0.0080129 0.00707459 0.00627814 0.00572588 0.00547602 0.00556182 0.00596585 0.0066482 0.00753133 0.00847107 0.00933627 0.00996454 0.0101983 0.00995738 0.00915737 0.0077794 0.0059074 0.00362803 0.001099 -0.00148108 -0.00398218 -0.00623567 -0.00810736 -0.00951187 -0.0103859 -0.0107382 -0.0106396 -0.0101485 -0.00938101 -0.00840351 -0.00731006 -0.00619715 -0.00512915 -0.00411735 -0.00320799 -0.00240364 -0.0017195 -0.00115199 -0.000700732 -0.000326144 -3.91216e-05 0.000182169 0.000345993 0.000460382 0.000564767 0.000657387 0.000714821 0.000759091 0.000803881 0.000847997 0.000897831 0.000929936 0.00096791 0.00100537 0.00105834 0.00109055 0.00112716 0.0011882 0.00125034 0.00130716 0.00136317 0.0014132 0.00148434 0.00156227 0.00162764 0.00170065 0.00176865 0.00182732 0.00185301 0.00189342 0.00191709 0.00189466 0.00181893 0.00168165 0.00149624 0.00124559 0.000907398 0.000453381 -0.000109379 -0.000802302 -0.00163358 -0.00258316 -0.00363462 -0.00481033 -0.00607289 -0.00734432 -0.0085868 -0.00975912 -0.0107974 -0.011627 -0.0122181 -0.0125033 -0.0124183 -0.0119462 -0.0110999 -0.00990626 -0.00841186 -0.00671104 -0.00489595 -0.00306049 -0.00130885 0.000252007 0.00153042 0.00243755 
0 -0.0100762 -0.0198558 -0.029075 -0.0374785 -0.0448467 -0.0510185 -0.0559035 -0.0594388 -0.0616073 -0.0624532 -0.0620687 -0.0605873 -0.058174 -0.0550127 -0.0512821 -0.0471663 -0.0428374 -0.0384607 -0.0341782 -0.0300842 -0.0262354 -0.0226928 -0.0195085 -0.0166901 -0.0142351 -0.012145 -0.0103833 -0.00888703 -0.00763851 -0.00661818 -0.005785 -0.00509244 -0.00452916 -0.0040756 -0.00370429 -0.00340388 -0.00314694 -0.00293966 -0.00276932 -0.00262024 -0.00248412 -0.002373 -0.00227575 -0.00216625 -0.00206211 -0.00197898 -0.00190565 -0.00183399 -0.00175493 -0.0016725 -0.00161026 -0.00155152 -0.00149094 -0.00143243 -0.00139182 -0.00135035 -0.00130551 -0.00126942 -0.00125234 -0.00127297 -0.00132464 -0.00139552 -0.00151466 -0.00170497 -0.00197492 -0.00234464 -0.00281872 -0.0034223 -0.00416914 -0.00505845 -0.00606856 -0.00719812 -0.00842668 -0.00971048 -0.0109736 -0.0121125 -0.0130121 -0.0135883 -0.0137274 -0.0133389 -0.0123591 -0.0107603 -0.00859961 -0.00598365 -0.00303761 5.55969e-05 0.00311534 0.00594417 0.00834145 0.0101769 0.011371 0.0119088 0.0118565 0.0113092 0.0104135 0.0093498 0.00828404 0.00738036 0.00675422 0.0064712 0.00657214 0.00704249 0.00783001 0.00884269 0.00992149 0.0108986 0.0115963 0.0118446 0.0115338 0.0105836 0.0089776 0.00679132 0.00414487 0.00122264 -0.00176714 -0.00465192 -0.00724977 -0.00941488 -0.0110403 -0.0120524 -0.0124628 -0.012344 -0.0117796 -0.0108875 -0.00976087 -0.00850171 -0.00721203 -0.00596559 -0.00479696 -0.00373515 -0.0027925 -0.00199373 -0.00134409 -0.000825542 -0.000395711 -5.23888e-05 0.000212392 0.00040969 0.000551597 0.00066794 0.000763527 0.000826133 0.000880091 0.000939357 0.000997955 0.00105137 0.00108604 0.00112072 0.001169 0.00123406 0.00128703 0.00133665 0.00139668 0.00145829 0.00152191 0.00159345 0.00166838 0.00175506 0.00183773 0.0019065 0.00198175 0.00206431 0.00213358 0.00216903 0.00219469 0.00219328 0.0021461 0.00204291 0.00187517 0.00163964 0.00132004 0.000895228 0.000346502 -0.000325927 -0.00114251 -0.00211055 -0.00320159 -0.00439483 -0.00569743 -0.00707134 -0.00844193 -0.0097558 -0.0109699 -0.0120205 -0.0128513 -0.0134267 -0.0136788 -0.0135424 -0.0129988 -0.0120807 -0.0108296 -0.00930649 -0.00758957 -0.00576127 -0.00391652 -0.00216237 -0.000620006 0.000622896 0.00148862 
0 -0.0105186 -0.0207418 -0.0304228 -0.0393102 -0.0472161 -0.0539615 -0.0594388 -0.0635595 -0.0662786 -0.0676374 -0.0676975 -0.0665909 -0.0644493 -0.0614465 -0.0577615 -0.0535755 -0.0490852 -0.0444494 -0.0398286 -0.0353255 -0.0310337 -0.0270391 -0.0233989 -0.0201338 -0.017243 -0.0147369 -0.0126001 -0.0107929 -0.00928257 -0.00803649 -0.00699397 -0.0061289 -0.00541821 -0.00485517 -0.00440386 -0.00402666 -0.00371239 -0.00344176 -0.0032274 -0.00304101 -0.00288096 -0.00274645 -0.00262118 -0.00249338 -0.00237475 -0.00227623 -0.00219588 -0.00211513 -0.00202506 -0.00194109 -0.00186128 -0.00179524 -0.00171882 -0.00165006 -0.0015957 -0.00154627 -0.00149864 -0.00146382 -0.00144884 -0.00147267 -0.00152468 -0.00160695 -0.00175253 -0.00196882 -0.00227787 -0.00269018 -0.00322917 -0.00391449 -0.00476341 -0.00577164 -0.00694116 -0.00823245 -0.0096282 -0.0110785 -0.0124988 -0.0137724 -0.0147914 -0.015439 -0.0156022 -0.0151613 -0.0140479 -0.0122425 -0.00979183 -0.00682048 -0.0034925 1.38209e-05 0.00347991 0.00667295 0.00939841 0.0114912 0.0128554 0.0134895 0.0134543 0.0128534 0.011869 0.0106905 0.00950766 0.00850429 0.00781288 0.00750047 0.00762114 0.00815796 0.00904513 0.010176 0.0113839 0.0124573 0.0132115 0.0134631 0.0130709 0.0119631 0.0101324 0.00763518 0.00463004 0.00132212 -0.00207531 -0.0053388 -0.00826759 -0.0107091 -0.0125351 -0.013674 -0.014146 -0.0140183 -0.0133969 -0.0123904 -0.0111164 -0.00968842 -0.00821623 -0.00678349 -0.00546143 -0.00425625 -0.00319153 -0.00228643 -0.00154874 -0.000948304 -0.000458903 -6.07535e-05 0.000236305 0.000460882 0.000631427 0.000767631 0.000878491 0.000955107 0.00101468 0.00107716 0.00113916 0.00119445 0.00124315 0.00128322 0.00134745 0.00141638 0.00148413 0.00154716 0.00161349 0.00168356 0.00175682 0.00183546 0.00192749 0.00202341 0.00211172 0.002189 0.00226333 0.00235735 0.00243009 0.00247583 0.00248349 0.00244973 0.00236907 0.00222913 0.00202634 0.00173433 0.0013338 0.000808013 0.000156201 -0.000623735 -0.00154917 -0.0026398 -0.00385977 -0.0051842 -0.00658532 -0.00802193 -0.00943943 -0.010778 -0.0120053 -0.0130394 -0.0138364 -0.0143486 -0.0145271 -0.0143319 -0.0137427 -0.0128086 -0.0115613 -0.010077 -0.00841903 -0.00666369 -0.00490919 -0.0032497 -0.00181544 -0.000676003 0.000100286 
0 -0.0106664 -0.0210723 -0.0309603 -0.0401464 -0.0484137 -0.0556201 -0.0616073 -0.0662786 -0.0695888 -0.0715296 -0.0721768 -0.0715863 -0.0698937 -0.0672288 -0.0637702 -0.0597071 -0.0552063 -0.0504579 -0.0455978 -0.040776 -0.0361104 -0.031705 -0.0276326 -0.0239184 -0.0205887 -0.01766 -0.0151304 -0.0129817 -0.0111713 -0.00965315 -0.0083884 -0.00732782 -0.00646338 -0.00575754 -0.00518424 -0.00471124 -0.00431305 -0.00399614 -0.00372672 -0.00349883 -0.0032995 -0.00312736 -0.00298006 -0.00284518 -0.00271537 -0.00259988 -0.00248977 -0.00238309 -0.0022837 -0.00218807 -0.00211316 -0.00202871 -0.0019438 -0.00186257 -0.0017913 -0.00174315 -0.00170342 -0.00166558 -0.00165356 -0.00166385 -0.00171402 -0.00181549 -0.00196831 -0.00222668 -0.00258873 -0.00305965 -0.00365667 -0.00441671 -0.00537302 -0.00651788 -0.007808 -0.00925675 -0.0108225 -0.0124377 -0.0140121 -0.0154304 -0.0165622 -0.0172779 -0.0174495 -0.0169624 -0.015716 -0.0136917 -0.0109706 -0.00766732 -0.00395698 -6.27224e-05 0.00378451 0.00735586 0.0103947 0.012733 0.0142831 0.0150167 0.0149941 0.0143752 0.0133099 0.0120215 0.0107412 0.00964601 0.00888036 0.00856554 0.00870667 0.00930342 0.0102946 0.0115337 0.0128363 0.0140098 0.014803 0.0150328 0.0145597 0.0132884 0.0112079 0.00842326 0.00507412 0.00138008 -0.00239833 -0.00602437 -0.00929332 -0.0119962 -0.0140105 -0.0152828 -0.0158119 -0.0156745 -0.0149851 -0.0138679 -0.0124503 -0.0108559 -0.00921719 -0.00763223 -0.00613204 -0.00478387 -0.00360666 -0.00259745 -0.00175156 -0.00105822 -0.000501014 -7.18523e-05 0.000269151 0.000514811 0.000704045 0.000863975 0.000991405 0.00109344 0.00116737 0.00122593 0.00129264 0.00135573 0.00141385 0.0014813 0.00154397 0.00161558 0.00167934 0.00174744 0.0018294 0.00191932 0.00200862 0.0020966 0.00218711 0.00228876 0.00238863 0.00247754 0.00256773 0.00264134 0.00270637 0.00273495 0.00272479 0.00267102 0.00255363 0.00237579 0.00211732 0.00176363 0.00128689 0.000668755 -8.43293e-05 -0.000974652 -0.00201899 -0.00321244 -0.00454727 -0.0059701 -0.00744139 -0.00891299 -0.0103277 -0.0116653 -0.0128537 -0.0138514 -0.0145759 -0.0149903 -0.0150773 -0.0148099 -0.0142228 -0.0133131 -0.0121441 -0.0107536 -0.0092181 -0.0076237 -0.00604078 -0.0045865 -0.00332281 -0.00234521 -0.00167766 
0 -0.0105526 -0.0208793 -0.0307839 -0.0400539 -0.0485391 -0.0560518 -0.0624532 -0.0676374 -0.0715296 -0.0741287 -0.0754231 -0.0754853 -0.0743771 -0.0722253 -0.0691888 -0.0654136 -0.0610873 -0.0563583 -0.0514118 -0.0463933 -0.0414519 -0.0367034 -0.0322211 -0.0280762 -0.0243166 -0.0209642 -0.0180251 -0.0154914 -0.0133229 -0.0115013 -0.00996779 -0.00871089 -0.00765333 -0.0067799 -0.00606199 -0.00545531 -0.00498417 -0.00458611 -0.0042698 -0.00398488 -0.00374307 -0.00353914 -0.00336252 -0.00321445 -0.00307413 -0.00292884 -0.00279978 -0.00267272 -0.00255134 -0.00246065 -0.00235733 -0.00227469 -0.00217611 -0.00209436 -0.00201787 -0.00195811 -0.00190441 -0.00186578 -0.00184844 -0.00186607 -0.00191379 -0.00202237 -0.00221738 -0.00249162 -0.00288358 -0.00340214 -0.00409103 -0.00495015 -0.00599774 -0.00722911 -0.0086828 -0.0102762 -0.0119902 -0.0137684 -0.0155062 -0.0170567 -0.0183119 -0.019087 -0.0192671 -0.0187028 -0.0173219 -0.0151199 -0.0121333 -0.00850011 -0.00444721 -0.000157885 0.00407866 0.00797428 0.0113291 0.0139265 0.0156432 0.0164929 0.0165207 0.0158576 0.0147342 0.0133655 0.0119871 0.0108171 0.0100157 0.00966759 0.00983505 0.0105016 0.0115736 0.0129123 0.0143298 0.0155524 0.016369 0.0165802 0.0159934 0.0145497 0.0122552 0.00915334 0.00546025 0.00142003 -0.00273889 -0.00671248 -0.0102768 -0.0132503 -0.0154703 -0.0168624 -0.0174455 -0.0172842 -0.0165342 -0.0152977 -0.0137464 -0.0120131 -0.0102116 -0.00844228 -0.00681985 -0.00532643 -0.00400556 -0.00287127 -0.00194394 -0.00118094 -0.000570039 -6.87831e-05 0.000297905 0.000574326 0.00079542 0.000966752 0.00110514 0.00121567 0.00130061 0.00137734 0.00145308 0.00151803 0.00159711 0.0016603 0.00174498 0.00180621 0.00187962 0.00195706 0.0020445 0.00215288 0.00225999 0.00235336 0.00245813 0.00255923 0.00266697 0.00278086 0.00286509 0.00294217 0.00296813 0.00298392 0.00294756 0.0028689 0.00272835 0.00249005 0.00216736 0.00172966 0.00117138 0.000467627 -0.000384936 -0.00139857 -0.00255946 -0.00385771 -0.00525779 -0.00674062 -0.00823998 -0.0097108 -0.011117 -0.0123975 -0.0135277 -0.0144272 -0.0150629 -0.0153733 -0.015364 -0.0150635 -0.014479 -0.0136567 -0.0125972 -0.0113669 -0.0100207 -0.00864563 -0.0073327 -0.00613217 -0.00511991 -0.00432109 -0.00378502 
0 -0.0102053 -0.02026 -0.0299587 -0.0391627 -0.0476713 -0.0553631 -0.0620687 -0.0676975 -0.0721768 -0.0754231 -0.0774422 -0.0782182 -0.0778314 -0.0763444 -0.0738841 -0.0705803 -0.0665685 -0.0620408 -0.057152 -0.0520843 -0.0469817 -0.0419679 -0.037145 -0.032612 -0.0284481 -0.0246784 -0.0213069 -0.0183559 -0.0158019 -0.0136206 -0.0117959 -0.0102701 -0.00899894 -0.00793015 -0.00705255 -0.00632739 -0.00573581 -0.00525828 -0.00485263 -0.00451237 -0.00422868 -0.00398115 -0.00376286 -0.00358222 -0.00341089 -0.0032573 -0.0031184 -0.00298817 -0.00286568 -0.002744 -0.00263246 -0.00252047 -0.00242434 -0.00234173 -0.00224976 -0.00217782 -0.00211724 -0.00206175 -0.00205529 -0.00207621 -0.0021438 -0.00227608 -0.00245845 -0.00275882 -0.00319651 -0.00377263 -0.00451703 -0.0054556 -0.0066166 -0.00798497 -0.00953284 -0.0112729 -0.0131559 -0.0150971 -0.0169811 -0.0186697 -0.0200124 -0.0208361 -0.0210099 -0.0204041 -0.018903 -0.0165017 -0.013274 -0.00934257 -0.00492618 -0.000278324 0.00431474 0.00857654 0.0122238 0.0150487 0.016955 0.01791 0.0179716 0.0173329 0.016166 0.0147191 0.0132763 0.012034 0.0111705 0.0108385 0.0110329 0.0117499 0.0129126 0.0143299 0.0158011 0.0170974 0.0179274 0.0180868 0.0174053 0.0157805 0.013218 0.0098362 0.00581708 0.00141089 -0.0030886 -0.00738893 -0.0112625 -0.0144686 -0.0168572 -0.0183831 -0.0190309 -0.0188723 -0.0180513 -0.0167088 -0.015017 -0.013126 -0.0111791 -0.00928271 -0.00747471 -0.00583284 -0.00440046 -0.00317146 -0.00214173 -0.00129669 -0.000631369 -0.000110228 0.00031795 0.000638713 0.000887757 0.00107722 0.00121152 0.00133638 0.00143564 0.00152014 0.00161205 0.00168537 0.00175616 0.00183716 0.00191397 0.00200239 0.00209715 0.00219412 0.00229266 0.00239779 0.00250817 0.0026154 0.00273091 0.00284414 0.00295466 0.00306306 0.0031603 0.00321647 0.00324714 0.00323907 0.0031737 0.00305919 0.00286209 0.00257086 0.00216242 0.00163674 0.000981021 0.00018221 -0.00076737 -0.00188847 -0.00315906 -0.0045245 -0.00597139 -0.00746274 -0.00895379 -0.0104081 -0.0117687 -0.0129974 -0.0140081 -0.0147967 -0.0153134 -0.0155316 -0.0154728 -0.0151459 -0.0146156 -0.0138691 -0.0129738 -0.0119453 -0.0108501 -0.00977257 -0.00875477 -0.00787658 -0.00711943 -0.00654492 -0.00614931 
0 -0.00969432 -0.0192843 -0.0286273 -0.0375632 -0.0459614 -0.0536799 -0.0605873 -0.0665909 -0.0715863 -0.0754853 -0.0782182 -0.0797858 -0.0801993 -0.0794953 -0.0777547 -0.075058 -0.0715496 -0.0673799 -0.0627234 -0.0577405 -0.0525917 -0.0474199 -0.0423406 -0.0374848 -0.0329477 -0.0287594 -0.0249577 -0.0215882 -0.0186358 -0.0160891 -0.0139087 -0.0120883 -0.0105472 -0.00926528 -0.00821515 -0.00732777 -0.00660921 -0.00599664 -0.00550107 -0.00508985 -0.00475944 -0.00447009 -0.00420302 -0.00398139 -0.00378599 -0.00360334 -0.00345214 -0.00330716 -0.00316166 -0.0030357 -0.00289444 -0.00277959 -0.00267068 -0.00258191 -0.00248017 -0.00239376 -0.00231957 -0.00226953 -0.00225916 -0.00228573 -0.00235231 -0.00249707 -0.00272921 -0.00305249 -0.00351438 -0.00413372 -0.00495699 -0.00598134 -0.00722865 -0.0086961 -0.0104213 -0.0123158 -0.0143369 -0.016416 -0.0184318 -0.0202279 -0.021681 -0.0225655 -0.0227492 -0.0220729 -0.0204485 -0.0178776 -0.0144024 -0.0101682 -0.00543822 -0.000433944 0.00451001 0.0090713 0.0130166 0.0160993 0.0181811 0.0192649 0.0193957 0.0187392 0.0175464 0.0160632 0.0145631 0.0132823 0.0124042 0.0120432 0.0122562 0.0130289 0.014252 0.0157504 0.0173086 0.0186227 0.0194398 0.0195423 0.0187189 0.0169086 0.0141303 0.0104496 0.00610817 0.00137818 -0.00347381 -0.00809622 -0.0122379 -0.015679 -0.0182442 -0.0198701 -0.0205646 -0.0203962 -0.01954 -0.0181058 -0.0162963 -0.0142684 -0.0121483 -0.0100602 -0.00812993 -0.00636008 -0.00480309 -0.00346062 -0.00235033 -0.00143561 -0.000705272 -0.000107373 0.000349395 0.000701363 0.000983056 0.00118966 0.00134173 0.00147257 0.00158128 0.00168033 0.00177945 0.00185783 0.00194797 0.00202705 0.00212376 0.00220948 0.00232276 0.00243511 0.0025356 0.00264569 0.00276017 0.00287862 0.00301961 0.0031418 0.00325033 0.0033547 0.0034247 0.00347855 0.0034867 0.00347219 0.00336961 0.00319812 0.00294798 0.00258738 0.00211999 0.00150742 0.000750618 -0.000155525 -0.00120815 -0.00242297 -0.00376549 -0.00518474 -0.00665008 -0.00814418 -0.00960285 -0.0110004 -0.0123015 -0.0134277 -0.0143258 -0.0149693 -0.0153767 -0.0155238 -0.0154372 -0.0151444 -0.0146654 -0.0140426 -0.0133167 -0.0125439 -0.0117566 -0.011006 -0.0103312 -0.00975226 -0.0092822 -0.00892424 -0.00869272 
0 -0.00905811 -0.0180583 -0.0268725 -0.0354056 -0.0435365 -0.0511732 -0.058174 -0.0644493 -0.0698937 -0.0743771 -0.0778314 -0.0801993 -0.0814704 -0.0816194 -0.0806889 -0.0787428 -0.0758826 -0.0722466 -0.0679688 -0.0632153 -0.0581562 -0.0529531 -0.0477352 -0.0426421 -0.0377814 -0.0332135 -0.0290024 -0.0252237 -0.02187 -0.0189167 -0.0163619 -0.0141915 -0.0123578 -0.0108184 -0.00954748 -0.00847883 -0.00759244 -0.00685112 -0.00623786 -0.00573719 -0.005333 -0.0049813 -0.00466692 -0.00441554 -0.00419002 -0.00398171 -0.00379482 -0.00362396 -0.00346733 -0.00332435 -0.00317996 -0.00304256 -0.00292009 -0.00281575 -0.00270376 -0.0026199 -0.00255865 -0.00250533 -0.00249119 -0.00250285 -0.00256952 -0.00272715 -0.00297097 -0.00333656 -0.00385579 -0.00453303 -0.00541061 -0.0065129 -0.00786724 -0.00946121 -0.0112918 -0.0133233 -0.0154939 -0.0177154 -0.019861 -0.0217824 -0.0233183 -0.0242514 -0.02443 -0.0237017 -0.0219554 -0.0191993 -0.015497 -0.0109948 -0.00594789 -0.00062643 0.00463959 0.00952605 0.0137485 0.0170599 0.0193358 0.0205458 0.0207494 0.0201415 0.0189445 0.0174237 0.0158855 0.0145587 0.0136482 0.0133055 0.0135541 0.0143747 0.0156646 0.0172126 0.0187942 0.020129 0.0209208 0.0209391 0.0199908 0.0179868 0.0149533 0.0110032 0.00636293 0.0013051 -0.00386017 -0.00878789 -0.0132069 -0.0168628 -0.0195798 -0.021314 -0.0220612 -0.021896 -0.0209804 -0.0194584 -0.0175279 -0.015361 -0.013104 -0.0108852 -0.0087894 -0.00688093 -0.00521515 -0.00377851 -0.00256147 -0.00154867 -0.000748577 -0.000118973 0.000375383 0.000753204 0.00105336 0.00128328 0.00145649 0.00161999 0.00174888 0.00185259 0.00195236 0.00203633 0.00213452 0.00223956 0.00233848 0.00243441 0.00254905 0.00266969 0.00278761 0.00291198 0.00304349 0.00317399 0.00331742 0.0034392 0.00354469 0.00364136 0.00370633 0.00372973 0.00371977 0.00367069 0.00352954 0.00330424 0.00298195 0.00255656 0.00201221 0.00132122 0.000464596 -0.000546612 -0.00169426 -0.00298003 -0.00436446 -0.00579902 -0.00727505 -0.00876016 -0.0101786 -0.0115004 -0.0126947 -0.0137115 -0.0144797 -0.0150113 -0.0153222 -0.0154187 -0.0153357 -0.0150855 -0.014708 -0.0142191 -0.0137048 -0.013205 -0.0127473 -0.0123503 -0.0120025 -0.0117338 -0.0115229 -0.0113953 -0.011327 
0 -0.00834335 -0.0166503 -0.0248303 -0.0328336 -0.0405913 -0.0480302 -0.0550127 -0.0614465 -0.0672288 -0.0722253 -0.0763444 -0.0794953 -0.0816194 -0.0826515 -0.0826033 -0.081514 -0.0794451 -0.0764902 -0.072754 -0.0683942 -0.0635858 -0.0584954 -0.053257 -0.0480195 -0.0429134 -0.0380231 -0.0334399 -0.0292538 -0.0254755 -0.0220992 -0.0191454 -0.0166129 -0.0144475 -0.0126061 -0.0110687 -0.0097821 -0.00871926 -0.00783195 -0.00708958 -0.00647551 -0.00597547 -0.00555061 -0.00518531 -0.00489526 -0.00463621 -0.00438885 -0.0041647 -0.00396671 -0.00379384 -0.00363943 -0.00348292 -0.00333111 -0.00319622 -0.00307805 -0.00295454 -0.00285805 -0.0027877 -0.00273226 -0.00271445 -0.00272602 -0.00279828 -0.00297104 -0.00324035 -0.0036298 -0.00417863 -0.00491253 -0.00586861 -0.0070583 -0.00849962 -0.0101964 -0.0121549 -0.0143246 -0.0166323 -0.0189902 -0.0212639 -0.023296 -0.0249138 -0.0258882 -0.0260529 -0.0252589 -0.0234043 -0.0204916 -0.016578 -0.0118162 -0.00647314 -0.000838787 0.00473472 0.00990729 0.0143926 0.0179391 0.0204072 0.021764 0.0220663 0.0215042 0.0203195 0.0187916 0.0172298 0.0158838 0.014966 0.0146272 0.0149042 0.015771 0.0171077 0.0186987 0.0203012 0.0216194 0.0223588 0.0222809 0.0211866 0.0189918 0.0157235 0.0114988 0.00655877 0.00119457 -0.00427066 -0.00947758 -0.0141382 -0.0179966 -0.0208736 -0.0227127 -0.0235085 -0.0233409 -0.0223746 -0.0207651 -0.0187234 -0.0164319 -0.0140347 -0.0116707 -0.00944018 -0.00740323 -0.00561077 -0.00406191 -0.00275472 -0.00167398 -0.000811931 -0.000128285 0.000407024 0.000819818 0.00114831 0.00139795 0.00158644 0.0017595 0.00190083 0.00201598 0.00212209 0.00221551 0.00232679 0.00244802 0.00255876 0.00266093 0.00277949 0.00290654 0.00303561 0.00317705 0.00332535 0.00346857 0.0036108 0.00372423 0.00382574 0.00392598 0.00399032 0.00399492 0.0039486 0.00385403 0.00366962 0.00339579 0.00301412 0.00251089 0.00187568 0.00108598 0.00013059 -0.000972372 -0.00220206 -0.00354773 -0.00496212 -0.00639877 -0.00786207 -0.00931974 -0.0106824 -0.0119081 -0.0129771 -0.0138614 -0.0145154 -0.0149608 -0.0152143 -0.0152864 -0.0152172 -0.0150334 -0.014778 -0.0144702 -0.0141874 -0.0139667 -0.0138248 -0.0137563 -0.0137275 -0.0137466 -0.0137925 -0.0138772 -0.0139658 
0 -0.00756967 -0.0151165 -0.0226012 -0.0299953 -0.0372968 -0.0444302 -0.0512821 -0.0577615 -0.0637702 -0.0691888 -0.0738841 -0.0777547 -0.0806889 -0.0826033 -0.0834758 -0.0833058 -0.0821192 -0.0799579 -0.0769127 -0.0731139 -0.0687206 -0.0638874 -0.0587568 -0.053497 -0.04826 -0.04314 -0.0382447 -0.0336753 -0.0294756 -0.0256783 -0.0223102 -0.019392 -0.0168542 -0.014674 -0.0128384 -0.0113013 -0.0100345 -0.00896444 -0.00806915 -0.00732274 -0.00671135 -0.00619452 -0.00575284 -0.00539576 -0.00509191 -0.00480784 -0.00456087 -0.00434362 -0.00414618 -0.00397127 -0.00378917 -0.00362842 -0.00348609 -0.00335681 -0.00321995 -0.00310232 -0.00301346 -0.00295874 -0.00294108 -0.00296767 -0.00305469 -0.00323637 -0.00352746 -0.00393601 -0.00451747 -0.0053066 -0.00633459 -0.00760809 -0.00914076 -0.0109364 -0.0130222 -0.0153221 -0.0177668 -0.0202612 -0.0226568 -0.0247822 -0.0264658 -0.0274672 -0.0276172 -0.026761 -0.0248057 -0.021747 -0.0176363 -0.0126355 -0.00702375 -0.00109636 0.00477459 0.0102245 0.0149704 0.0187478 0.0213979 0.0229002 0.0233157 0.0228176 0.0216774 0.0201748 0.01861 0.0172611 0.0163503 0.016014 0.016318 0.0172213 0.0185823 0.0201938 0.0218015 0.0230845 0.0237622 0.0235793 0.0223224 0.0199217 0.0164146 0.0119169 0.00669361 0.00104827 -0.00469608 -0.0101633 -0.0150455 -0.0190899 -0.0221141 -0.0240524 -0.0249061 -0.0247466 -0.023741 -0.0220464 -0.0198916 -0.0174781 -0.014951 -0.0124443 -0.0100853 -0.00791867 -0.00600714 -0.00435394 -0.0029582 -0.00180713 -0.000887431 -0.000149542 0.000425685 0.000886552 0.00125352 0.00152285 0.00172497 0.0018973 0.00204719 0.00217914 0.00229908 0.00240818 0.00253219 0.00265519 0.0027785 0.00289159 0.00303239 0.00317954 0.00331881 0.00346501 0.00361327 0.00376243 0.00390786 0.00401789 0.00411311 0.00420811 0.00425958 0.00425105 0.00416761 0.0040286 0.00379321 0.00346136 0.00301737 0.00242704 0.00169242 0.000791454 -0.000258044 -0.00143018 -0.00271235 -0.00409713 -0.00553377 -0.00697053 -0.00840104 -0.00980263 -0.0110882 -0.0122126 -0.0131667 -0.0139249 -0.0144867 -0.0148694 -0.0151011 -0.0151796 -0.0151423 -0.015047 -0.0149327 -0.0148433 -0.0148073 -0.0148585 -0.0149974 -0.015211 -0.0154735 -0.0157537 -0.0160413 -0.0163062 -0.0165252 
0 -0.00675685 -0.0135281 -0.0202821 -0.0270499 -0.0338148 -0.0405557 -0.0471663 -0.0535755 -0.0597071 -0.0654136 -0.0705803 -0.075058 -0.0787428 -0.081514 -0.0833058 -0.0840865 -0.0838241 -0.0825539 -0.0803242 -0.077237 -0.0734097 -0.0689759 -0.0640942 -0.058951 -0.053698 -0.0484527 -0.043322 -0.0384352 -0.0338725 -0.029668 -0.0258969 -0.0225507 -0.0196253 -0.0170818 -0.0149153 -0.0130962 -0.0115554 -0.0102682 -0.00918143 -0.00829165 -0.00755766 -0.0069304 -0.00639262 -0.00595758 -0.00558892 -0.00527342 -0.00498976 -0.00474026 -0.00451726 -0.00429798 -0.00410378 -0.00392068 -0.00377386 -0.00363185 -0.00348374 -0.00335321 -0.00326427 -0.00319847 -0.00318232 -0.00320513 -0.00330483 -0.0035071 -0.0038083 -0.00425538 -0.00488365 -0.00572364 -0.00680567 -0.00816005 -0.0097915 -0.0117155 -0.013899 -0.016332 -0.0189097 -0.0215147 -0.0240085 -0.0262384 -0.0279748 -0.0290137 -0.0291483 -0.0282368 -0.0261739 -0.022959 -0.0186637 -0.0134543 -0.0075833 -0.00140503 0.00472789 0.0104609 0.0154528 0.0194495 0.0223087 0.02396 0.0244856 0.0240916 0.0230103 0.0215446 0.0200194 0.0186859 0.0177759 0.0174669 0.0177874 0.0187015 0.020089 0.021705 0.0232785 0.0245259 0.0251176 0.0247902 0.0233723 0.0207622 0.0170017 0.0122641 0.0067837 0.00086111 -0.00513199 -0.0108477 -0.0159535 -0.020172 -0.0233227 -0.0253479 -0.0262446 -0.0261019 -0.0250498 -0.0233011 -0.0210545 -0.018516 -0.0158602 -0.0132357 -0.0107183 -0.00842801 -0.00640719 -0.00466773 -0.00317907 -0.00194061 -0.000947566 -0.000171105 0.000457242 0.000954384 0.00134674 0.00164341 0.00185992 0.00205329 0.00221747 0.00236322 0.0024976 0.00262539 0.00275254 0.00289253 0.00300756 0.00314214 0.00329477 0.00346186 0.00362073 0.00376384 0.00391233 0.00406634 0.00421614 0.00433642 0.00442658 0.00449202 0.00451921 0.00446469 0.00436151 0.00417423 0.00389202 0.00349449 0.0029636 0.00230007 0.00146745 0.000480336 -0.000654265 -0.0018863 -0.00320548 -0.00461565 -0.00606931 -0.00750544 -0.00890501 -0.0102283 -0.0114199 -0.0124454 -0.0132944 -0.0139669 -0.0144443 -0.0147902 -0.0150108 -0.0151236 -0.0151603 -0.0151694 -0.0152337 -0.0153571 -0.015581 -0.0158802 -0.0162614 -0.0167179 -0.0172099 -0.0177299 -0.0182062 -0.018626 -0.0189356 
0 -0.00594339 -0.0119242 -0.0179749 -0.0240806 -0.0302874 -0.0365507 -0.0428374 -0.0490852 -0.0552063 -0.0610873 -0.0665685 -0.0715496 -0.0758826 -0.0794451 -0.0821192 -0.0838241 -0.0845206 -0.084195 -0.0828791 -0.080619 -0.0774963 -0.0736217 -0.0691569 -0.0642715 -0.0591332 -0.0538564 -0.0485968 -0.0434862 -0.038615 -0.0340567 -0.0298594 -0.0261002 -0.0227582 -0.0198395 -0.0173183 -0.0151588 -0.0133269 -0.0117721 -0.0104779 -0.00941134 -0.0085234 -0.00776776 -0.00713123 -0.00660141 -0.00617342 -0.0057882 -0.00545757 -0.00516739 -0.00490625 -0.0046747 -0.00444547 -0.00424698 -0.00407366 -0.00391094 -0.00376105 -0.00363101 -0.00352999 -0.00347519 -0.0034356 -0.0034532 -0.00354976 -0.00376234 -0.00411255 -0.00458821 -0.00523982 -0.00613573 -0.00729648 -0.00872987 -0.0104448 -0.0124625 -0.0147935 -0.0173389 -0.0200177 -0.022731 -0.0253304 -0.0276313 -0.0294419 -0.0305085 -0.0306262 -0.0296428 -0.0274867 -0.0241374 -0.0196643 -0.0142419 -0.0081562 -0.0017291 0.00464945 0.0106031 0.0158307 0.020065 0.0231115 0.0249476 0.0256334 0.0253311 0.024336 0.0229462 0.0214442 0.0201457 0.0192767 0.0189696 0.0193157 0.0202634 0.0216377 0.0232398 0.0247809 0.0259256 0.0263989 0.0259365 0.0243248 0.0215144 0.017547 0.0125596 0.00682179 0.000660166 -0.00558682 -0.0115303 -0.016825 -0.021202 -0.0244865 -0.026589 -0.0275244 -0.0273765 -0.026309 -0.024495 -0.0221676 -0.0195386 -0.0167607 -0.0139763 -0.0113502 -0.00894338 -0.0068077 -0.00495603 -0.00338206 -0.00207865 -0.00101333 -0.000158553 0.000497807 0.00102001 0.0014336 0.00174699 0.00200479 0.00221141 0.00240231 0.00256538 0.00270042 0.00283333 0.00297705 0.00311965 0.00326556 0.00340003 0.00356389 0.00374033 0.00390658 0.00407099 0.00422264 0.00438593 0.00453533 0.00465387 0.00473797 0.00478607 0.00477038 0.00469194 0.00454077 0.00432317 0.00398969 0.00351173 0.00289689 0.00212904 0.00122689 0.00015884 -0.00103908 -0.00233274 -0.00369973 -0.005127 -0.0065826 -0.0080081 -0.00936691 -0.0106167 -0.0117133 -0.0126397 -0.0134144 -0.0140161 -0.0144625 -0.0147734 -0.0150031 -0.0151708 -0.0153027 -0.0154681 -0.0156936 -0.0160375 -0.0164701 -0.016995 -0.0175876 -0.0182304 -0.0189234 -0.0196007 -0.0202434 -0.020763 -0.0211499 
