0 0 0 0 0 0 0 0 0 0 0 0 0 0 0 0 0 0 0 0 0 0 0 0 0 0 0 0 0 0 0 0 0 0 0 0 0 0 0 0 0 0 0 0 0 0 0 0 0 0 0 0 0 0 0 0 0 0 0 0 0 0 0 0 0 0 0 0 0 0 0 0 0 0 0 0 0 0 0 0 0 0 0 0 0 0 0 0 0 0 0 0 0 0 0 0 0 0 0 0 0 0 0 0 0 0 0 0 0 0 0 0 0 0 0 0 0 0 0 0 0 0 0 0 0 0 0 0 0 0 0 0 0 0 0 0 0 0 0 0 0 0 0 0 0 0 0 0 0 0 0 0 0 0 0 0 0 0 0 0 0 0 0 0 0 0 0 0 0 0 0 0 0 0 0 0 0 0 0 0 0 0 0 0 0 0 0 0 0 0 0 0 0 0 0 0 0 0 0 0 
0 1.45125e-05 1.62911e-05 2.13694e-05 2.40469e-05 3.61468e-05 3.29699e-05 3.13878e-05 3.80169e-05 3.75322e-05 3.72213e-05 2.58699e-05 3.46854e-05 4.35492e-05 4.61808e-05 5.22195e-05 5.46706e-05 6.9768e-05 7.1855e-05 7.89506e-05 8.93993e-05 9.46053e-05 0.000104728 0.000106046 0.000110904 0.000112152 0.000119076 0.000135852 0.000145552 0.000153618 0.000169426 0.000193155 0.000217303 0.00024188 0.00027267 0.000313276 0.000358294 0.000415756 0.000485371 0.000560486 0.000659318 0.000787241 0.000940211 0.0011226 0.00134328 0.00161017 0.00193164 0.00231206 0.00275975 0.00326836 0.00383249 0.00447177 0.00515825 0.00588302 0.00663376 0.00736507 0.00805286 0.00866411 0.00915066 0.00947504 0.0095914 0.00946262 0.00907645 0.00841527 0.00751771 0.00641089 0.00514188 0.00377947 0.00237556 0.000974113 -0.000360842 -0.00160458 -0.00272884 -0.00369977 -0.00450951 -0.00515283 -0.00562456 -0.00593351 -0.00610916 -0.0061591 -0.00610899 -0.0059824 -0.00578657 -0.00552346 -0.00522749 -0.00488274 -0.00450268 -0.00411428 -0.00372783 -0.00334278 -0.00298736 -0.00264856 -0.00234377 -0.00206524 -0.00179133 -0.00151979 -0.00127673 -0.00104742 -0.000841651 -0.000652155 -0.000482256 -0.000320901 -0.000159274 1.06061e-05 0.000180791 0.000385869 0.000607762 0.000829034 0.00105574 0.00129691 0.00154344 0.00182011 0.00210355 0.00239625 0.00270109 0.00299243 0.00323728 0.00344444 0.00357936 0.00363096 0.003595 0.00346459 0.00322427 0.00288542 0.00244033 0.00189144 0.00125919 0.000571682 -0.000154598 -0.000874796 -0.00155773 -0.00220126 -0.00277702 -0.00328725 -0.00374819 -0.00415116 -0.00450333 -0.00482687 -0.00510364 -0.00535205 -0.00556614 -0.00573591 -0.00585318 -0.00590051 -0.00586738 -0.0057489 -0.00553314 -0.00523869 -0.00486919 -0.00443155 -0.00396899 -0.00349312 -0.00303054 -0.00260759 -0.00222839 -0.00188955 -0.00159583 -0.00134617 -0.00113545 -0.000958414 -0.000810053 -0.000686983 -0.000578234 -0.000492928 -0.000432816 -0.000380746 -0.000334669 -0.000299437 -0.00027068 -0.000250014 -0.000237275 -0.000226085 -0.000216716 -0.000202735 -0.000201992 -0.000202727 -0.000193392 -0.000192945 -0.000192431 -0.000202998 -0.000204223 -0.000203998 -0.000212453 -0.0002118 -0.000219119 -0.000216685 -0.000216086 -0.000212987 -0.000206973 -0.000209772 -0.00020033 -0.000194866 -0.000189907 -0.000190964 -0.000191482 -0.000185357 -0.000191624 -0.000197991 -0.000203028 -0.000200801 
0 1.62911e-05 1.85537e-05 1.28251e-05 2.70202e-05 4.23961e-05 4.29658e-05 4.77797e-05 6.00345e-05 8.18283e-05 7.84682e-05 7.6345e-05 9.2553e-05 0.000106788 0.00011957 0.000111463 0.000128654 0.000139979 0.000145388 0.000157526 0.000162105 0.000186207 0.000190292 0.000207067 0.000216253 0.000219671 0.000243151 0.000267973 0.00029258 0.000306692 0.000336761 0.000384261 0.000435896 0.000478624 0.000553418 0.00062733 0.000728011 0.000853978 0.00099018 0.00116851 0.00136152 0.00163479 0.00194514 0.00230896 0.00275385 0.00328614 0.00392127 0.00468761 0.00557786 0.00658674 0.00772352 0.00897123 0.0103387 0.0117559 0.0132231 0.0146556 0.0159982 0.0171796 0.0181326 0.0187436 0.0189469 0.01868 0.0178818 0.0165729 0.0147949 0.0126094 0.0101097 0.00743514 0.00464719 0.00189698 -0.000741128 -0.00318488 -0.00537358 -0.00725175 -0.00882944 -0.0100636 -0.0109938 -0.0116241 -0.011985 -0.012109 -0.0120334 -0.0117843 -0.0114044 -0.0109072 -0.010314 -0.00964775 -0.00893534 -0.00820113 -0.00744389 -0.00671183 -0.00602192 -0.00535881 -0.00472275 -0.004133 -0.00357229 -0.00307511 -0.00260102 -0.00213907 -0.00172407 -0.00135337 -0.000977542 -0.000642858 -0.000308426 5.54283e-05 0.000433404 0.000812997 0.00122494 0.00165495 0.00213333 0.00263469 0.0031487 0.00368979 0.00426514 0.00484363 0.00541652 0.00595013 0.00642662 0.00680588 0.00704622 0.00713985 0.00705572 0.00677221 0.00628244 0.0055769 0.0046517 0.00355115 0.00228263 0.000925102 -0.00048376 -0.00187625 -0.00320955 -0.00443695 -0.00556481 -0.00654654 -0.00742865 -0.00819691 -0.00887359 -0.00947494 -0.0100252 -0.0105063 -0.0109339 -0.0112896 -0.011528 -0.0116356 -0.0115895 -0.0113665 -0.0109599 -0.0104132 -0.00969215 -0.00886863 -0.00796184 -0.00703097 -0.00611842 -0.00526794 -0.00450076 -0.00382074 -0.00321849 -0.00271875 -0.00230183 -0.00193749 -0.00166087 -0.00140013 -0.00119125 -0.00101537 -0.000883201 -0.000779625 -0.000677407 -0.000604689 -0.000547574 -0.00050437 -0.000477575 -0.00046325 -0.000434295 -0.000422689 -0.000413966 -0.000421237 -0.00041171 -0.000397832 -0.000411642 -0.000410255 -0.000416165 -0.000404777 -0.000407246 -0.000410561 -0.000406341 -0.00041188 -0.00040393 -0.000403847 -0.000402212 -0.000409375 -0.000409096 -0.00040148 -0.000404524 -0.000410309 -0.000411052 -0.000400358 -0.000402196 -0.000410634 -0.000409683 -0.000398343 
0 2.13694e-05 1.28251e-05 1.92285e-05 2.89627e-05 6.09188e-05 5.79255e-05 6.05115e-05 8.88668e-05 0.000107715 0.000125484 0.000116109 0.0001472 0.000172283 0.000177352 0.000186646 0.000191825 0.000224134 0.000224419 0.000233045 0.000249369 0.000260389 0.000286336 0.000300006 0.000323709 0.000339176 0.000367641 0.000414532 0.000443281 0.000465781 0.000509827 0.000577968 0.000651341 0.000731077 0.000834645 0.000970552 0.00112862 0.00132612 0.00156025 0.00181872 0.0021414 0.00254827 0.00302798 0.00359338 0.00427172 0.00508493 0.00605716 0.00720014 0.0085306 0.0100295 0.0116832 0.0135311 0.0155092 0.0175852 0.0197223 0.0218001 0.0237411 0.0254464 0.0267805 0.0276299 0.0278711 0.0274097 0.0262118 0.0242498 0.0216233 0.0184133 0.0147491 0.0108158 0.00676068 0.00272543 -0.0011095 -0.00465361 -0.00782211 -0.010534 -0.0127817 -0.0145705 -0.015909 -0.0168277 -0.0173931 -0.0176172 -0.0175473 -0.0172351 -0.0167055 -0.0159815 -0.0151608 -0.0142288 -0.0132228 -0.0122006 -0.0111697 -0.0101188 -0.00910283 -0.00809929 -0.00716083 -0.00629237 -0.00546091 -0.00467221 -0.00397253 -0.00331357 -0.00270097 -0.00210685 -0.00153244 -0.000969436 -0.000411148 0.000147675 0.00068431 0.00127986 0.00191522 0.00256818 0.00326623 0.00402588 0.00481498 0.00566627 0.0065083 0.00733062 0.00813979 0.00888363 0.00950048 0.0100108 0.0103305 0.0104181 0.0102432 0.00977043 0.00896247 0.00785216 0.00644311 0.00476921 0.00290059 0.000919068 -0.00112653 -0.00313032 -0.00501939 -0.00678241 -0.00835341 -0.0097311 -0.0109557 -0.0120145 -0.0129385 -0.0137925 -0.014552 -0.0152598 -0.0159019 -0.0164418 -0.0168423 -0.0170485 -0.0170261 -0.0167559 -0.0162125 -0.0154411 -0.0144484 -0.0132577 -0.0119703 -0.0106231 -0.009288 -0.00803883 -0.00689592 -0.00586293 -0.00495746 -0.0041868 -0.00353949 -0.0029996 -0.00255312 -0.0021792 -0.00185067 -0.00158491 -0.00138528 -0.00121128 -0.00105762 -0.000937376 -0.000842235 -0.000773707 -0.00073105 -0.000697607 -0.000669586 -0.000637865 -0.000639527 -0.000646689 -0.000626765 -0.000621103 -0.000613849 -0.000625549 -0.000613947 -0.000597541 -0.000603497 -0.000594004 -0.000605986 -0.000601521 -0.000603753 -0.000603964 -0.000601819 -0.000621817 -0.000614455 -0.000614459 -0.00061485 -0.000625582 -0.000627333 -0.000607641 -0.000612506 -0.00061662 -0.000616861 -0.000597174 
0 2.40469e-05 2.70202e-05 2.89627e-05 5.82149e-05 8.74558e-05 8.94182e-05 9.41018e-05 0.000116637 0.000153619 0.000159791 0.000162682 0.000190963 0.000214808 0.000230811 0.000225033 0.000254412 0.000283155 0.000297516 0.000316304 0.000327611 0.000363141 0.000380801 0.000413336 0.000439197 0.000456942 0.000501152 0.000551584 0.000599566 0.000638054 0.000705535 0.000805971 0.000917077 0.00102409 0.00118144 0.00135565 0.00157861 0.00185191 0.00215883 0.00253764 0.00297112 0.00354492 0.00421235 0.00499614 0.00593822 0.00705411 0.008365 0.00990434 0.0116605 0.0136179 0.0157843 0.0181454 0.0206991 0.0233504 0.026074 0.0287265 0.0311926 0.0333311 0.0349982 0.036 0.0362083 0.0355206 0.0338585 0.0312591 0.0278142 0.0236417 0.0189108 0.0138572 0.00862474 0.00346542 -0.00145372 -0.00597875 -0.00999664 -0.0134209 -0.0162693 -0.0185127 -0.0202199 -0.0214185 -0.0221628 -0.0224949 -0.022466 -0.0221181 -0.0215132 -0.0206866 -0.0196926 -0.0185706 -0.0173652 -0.0161124 -0.0148068 -0.0135019 -0.0122249 -0.0109591 -0.00972407 -0.0085596 -0.00745285 -0.00644944 -0.00550415 -0.00458896 -0.00373559 -0.00293093 -0.00211551 -0.00134618 -0.000580158 0.000212151 0.00100822 0.00180825 0.00265544 0.00354132 0.00451296 0.00553934 0.00659101 0.00767331 0.00876943 0.00982536 0.0108227 0.0117116 0.0124606 0.0130196 0.0133172 0.0133211 0.0129742 0.0122337 0.0110857 0.00953707 0.00761012 0.00539416 0.00294196 0.000384751 -0.00220471 -0.00471804 -0.00708355 -0.00923624 -0.0111673 -0.0128209 -0.0142644 -0.0154981 -0.0165781 -0.0175643 -0.0185061 -0.0193993 -0.0202565 -0.0210276 -0.0216208 -0.0219813 -0.0220503 -0.021783 -0.0211667 -0.0202613 -0.0190368 -0.0175905 -0.0159739 -0.0142781 -0.0125807 -0.0109617 -0.00946314 -0.0081002 -0.00687739 -0.00583432 -0.0049507 -0.00419012 -0.00358529 -0.00304226 -0.0025926 -0.00221636 -0.0019234 -0.00168544 -0.00146635 -0.00130038 -0.00116911 -0.00106873 -0.00100066 -0.000953311 -0.000894006 -0.00086084 -0.000844536 -0.000851341 -0.000833639 -0.000812625 -0.000826194 -0.000826177 -0.000830358 -0.000813698 -0.000816237 -0.000819024 -0.000815659 -0.000821824 -0.000812196 -0.000810804 -0.000809313 -0.000820221 -0.00081824 -0.000807617 -0.000812943 -0.000824326 -0.000824218 -0.000806724 -0.000807679 -0.000819389 -0.000819232 -0.000801175 
0 3.61468e-05 4.23961e-05 6.09188e-05 8.74558e-05 0.000126468 0.000127748 0.000128067 0.000155495 0.000180398 0.000195589 0.000190951 0.000224025 0.000255436 0.000268317 0.000282731 0.000308449 0.000356855 0.000376757 0.000398806 0.000425775 0.000455294 0.000492061 0.000522256 0.000556488 0.000584171 0.000632206 0.000700702 0.000761337 0.000821635 0.00091638 0.00104886 0.00119458 0.00135374 0.00155341 0.00180119 0.0020964 0.00245398 0.0028714 0.00335379 0.00394169 0.00467921 0.00555629 0.00658969 0.00781496 0.0092534 0.0109271 0.0128443 0.0150083 0.0173931 0.0199908 0.0228286 0.025855 0.029011 0.0322313 0.0353543 0.0382361 0.0407118 0.0425809 0.043655 0.0437636 0.0427876 0.0406776 0.0374458 0.0332264 0.0281665 0.0224697 0.0164005 0.0101818 0.00404898 -0.00175901 -0.00708663 -0.0118106 -0.0158383 -0.0191652 -0.0218077 -0.0238057 -0.0252147 -0.0261184 -0.026559 -0.0265969 -0.0262967 -0.0256971 -0.0248336 -0.0237922 -0.0225785 -0.0212328 -0.0198169 -0.0183439 -0.0168281 -0.0153236 -0.0138242 -0.0123753 -0.01099 -0.00964087 -0.00834574 -0.00713232 -0.00596747 -0.00486329 -0.00379874 -0.00275849 -0.00174334 -0.000731468 0.000292924 0.0013165 0.002398 0.00353156 0.00469185 0.00590257 0.00716496 0.00844961 0.00977119 0.0110642 0.0122936 0.0134441 0.0144427 0.0152174 0.0157496 0.0159479 0.0157583 0.015142 0.0140592 0.0124904 0.0104768 0.00805435 0.00530063 0.00232467 -0.000746399 -0.0038152 -0.00674717 -0.00944737 -0.0118784 -0.0139858 -0.0157686 -0.0172902 -0.0185755 -0.0197002 -0.0207653 -0.0218 -0.0228499 -0.0239046 -0.0248952 -0.0257294 -0.0263031 -0.0265358 -0.0263713 -0.0257804 -0.0248084 -0.0234678 -0.0218152 -0.0199627 -0.0179856 -0.0159818 -0.0140494 -0.0122286 -0.0105408 -0.0090136 -0.00767622 -0.00652416 -0.00554277 -0.00472323 -0.00402441 -0.0034249 -0.0029336 -0.00254894 -0.00222512 -0.00194517 -0.00171939 -0.00153901 -0.00139979 -0.00130009 -0.00122063 -0.00114864 -0.00109025 -0.0010711 -0.00106624 -0.001037 -0.00101967 -0.00101651 -0.00103078 -0.00103014 -0.00102246 -0.00103288 -0.00103141 -0.0010416 -0.00103933 -0.0010367 -0.00103138 -0.00102562 -0.00103559 -0.00101987 -0.00100734 -0.00100336 -0.00101411 -0.00101317 -0.000993522 -0.0010002 -0.00101258 -0.00102079 -0.0010077 
0 3.29699e-05 4.29658e-05 5.79255e-05 8.94182e-05 0.000127748 0.000139919 0.000150123 0.000183047 0.00021915 0.000237114 0.000246222 0.000281475 0.000318068 0.000338323 0.000351814 0.000383644 0.000426942 0.000452825 0.00047759 0.00050672 0.000546405 0.000586766 0.000627738 0.000668493 0.000707986 0.000770782 0.000852835 0.000935762 0.00102471 0.00115138 0.00132124 0.00151228 0.00172275 0.00198567 0.00230455 0.00269048 0.00315286 0.00369053 0.00432331 0.00508316 0.00602298 0.00713561 0.00843531 0.00995608 0.0117172 0.0137338 0.0160161 0.0185545 0.0213255 0.0243262 0.0275621 0.0309969 0.0345534 0.0381465 0.0416098 0.0447719 0.0474434 0.0494126 0.050459 0.0504018 0.0491138 0.0465341 0.0427032 0.0377626 0.0318967 0.0253507 0.0184202 0.0113617 0.0044531 -0.00206411 -0.00801221 -0.0132617 -0.0177304 -0.0214186 -0.0243436 -0.0265656 -0.0281514 -0.0291858 -0.0297351 -0.0298695 -0.0296528 -0.0291321 -0.0283406 -0.0273294 -0.0261183 -0.0247448 -0.0232557 -0.0216724 -0.0200376 -0.0183937 -0.0167398 -0.015101 -0.0134972 -0.0119194 -0.0103897 -0.00890942 -0.00746601 -0.00608215 -0.00475044 -0.00344568 -0.00217381 -0.000901326 0.000398827 0.00172035 0.00308279 0.00449116 0.00592886 0.00740962 0.00891408 0.0104128 0.0119064 0.0133565 0.014714 0.0159388 0.0169557 0.0176924 0.018093 0.0180776 0.0175996 0.0166243 0.0151258 0.0131045 0.0105989 0.00766429 0.00440198 0.000933824 -0.00258682 -0.00602916 -0.00925077 -0.0121508 -0.014678 -0.0168101 -0.0185579 -0.0200038 -0.0212103 -0.0222765 -0.0233133 -0.0243877 -0.0255365 -0.0267553 -0.0279669 -0.0290506 -0.0298841 -0.0303568 -0.030385 -0.0299321 -0.0290229 -0.027667 -0.0259367 -0.0239315 -0.0217517 -0.0195049 -0.0172943 -0.0151774 -0.0131865 -0.0113568 -0.0097296 -0.00830853 -0.00708324 -0.00605039 -0.00515975 -0.00440038 -0.00377091 -0.0032658 -0.00284583 -0.00248443 -0.00219025 -0.00195344 -0.00176776 -0.00162984 -0.00152073 -0.00142349 -0.0013527 -0.00131902 -0.00130346 -0.00127064 -0.00124323 -0.00123876 -0.00124421 -0.00124374 -0.00123485 -0.00123676 -0.00123532 -0.00123623 -0.00123516 -0.0012303 -0.00122708 -0.00122851 -0.00123792 -0.0012304 -0.00121895 -0.00121966 -0.00123222 -0.00123154 -0.00121591 -0.00121779 -0.00122751 -0.00122809 -0.00121144 
0 3.13878e-05 4.77797e-05 6.05115e-05 9.41018e-05 0.000128067 0.000150123 0.000171445 0.000209348 0.000253945 0.000276022 0.000300553 0.000338257 0.000380822 0.000410099 0.000426189 0.00046297 0.00049977 0.00053126 0.000557731 0.000588441 0.000635719 0.000680522 0.00073405 0.000785874 0.000844695 0.000927618 0.00102711 0.0011356 0.00125686 0.0014184 0.00162787 0.00187011 0.00214344 0.00248098 0.0028872 0.00338181 0.00397019 0.00465437 0.00546569 0.00642958 0.00759813 0.00897043 0.0105556 0.0123808 0.0144618 0.0168073 0.0194262 0.0222993 0.0254073 0.0287507 0.0323114 0.0360632 0.0399134 0.0437537 0.0474197 0.0507205 0.0534526 0.0554004 0.0563267 0.0560428 0.054415 0.0513744 0.0469836 0.0413883 0.0348122 0.0275403 0.0198942 0.0121675 0.00466639 -0.00237007 -0.00875112 -0.0143496 -0.0191 -0.0230073 -0.0261003 -0.0284577 -0.0301643 -0.031307 -0.0319725 -0.0322318 -0.0321412 -0.031747 -0.0310858 -0.0301797 -0.0290629 -0.0277656 -0.0263194 -0.0247451 -0.0230887 -0.0213727 -0.0196156 -0.0178327 -0.0160484 -0.0142678 -0.0125174 -0.0107893 -0.00909065 -0.00743252 -0.00581366 -0.0042077 -0.00262609 -0.00104355 0.000558432 0.00218735 0.00383934 0.00552844 0.00724068 0.00897657 0.0107085 0.0124122 0.0140572 0.0156148 0.0170237 0.0182281 0.0191569 0.0197455 0.0199138 0.0196007 0.0187592 0.0173576 0.0153842 0.0128627 0.00983759 0.00639181 0.00264871 -0.00125129 -0.00513556 -0.00884116 -0.0122208 -0.0151701 -0.0176312 -0.0196168 -0.0211651 -0.0223814 -0.0233748 -0.0242707 -0.0251874 -0.026225 -0.0274136 -0.0287531 -0.0301631 -0.0315048 -0.0326385 -0.0334245 -0.0337472 -0.0335518 -0.0328285 -0.031581 -0.0298857 -0.0278287 -0.0255333 -0.0231167 -0.0206862 -0.0183172 -0.0160548 -0.0139422 -0.0120306 -0.0103353 -0.00885463 -0.00758795 -0.00648658 -0.00554674 -0.00475829 -0.00411108 -0.00357369 -0.00311409 -0.00273485 -0.00242771 -0.00218473 -0.00199883 -0.00185249 -0.0017261 -0.00163861 -0.00158619 -0.0015552 -0.001518 -0.00148027 -0.00146978 -0.00146204 -0.00145617 -0.00144344 -0.00143519 -0.00143478 -0.00143022 -0.00143247 -0.00142818 -0.00142786 -0.00143643 -0.00144491 -0.0014462 -0.00143784 -0.00144151 -0.00145184 -0.0014491 -0.00143715 -0.00143388 -0.00144024 -0.00143455 -0.00141766 
0 3.80169e-05 6.00345e-05 8.88668e-05 0.000116637 0.000155495 0.000183047 0.000209348 0.00025268 0.000283119 0.000316626 0.000339452 0.000377649 0.00042397 0.000450884 0.000489061 0.000519196 0.000568423 0.000608293 0.000640876 0.000689791 0.000732415 0.000797928 0.000854623 0.000921347 0.00100353 0.00110132 0.00122659 0.00136175 0.00152384 0.00173136 0.00199062 0.00229254 0.00265281 0.00306687 0.00358508 0.00419818 0.00492527 0.00578847 0.00678678 0.00799531 0.00940861 0.0110626 0.0129522 0.0150871 0.0174821 0.0201473 0.0230656 0.0262321 0.0296252 0.0332235 0.037034 0.0409809 0.0450076 0.0489657 0.0527008 0.0560123 0.0587003 0.0605153 0.0612477 0.0606819 0.0586716 0.0551839 0.0502637 0.0440879 0.0369141 0.029057 0.0208412 0.0126324 0.00469703 -0.00268149 -0.00932479 -0.0151111 -0.0199954 -0.0239688 -0.0271235 -0.0295207 -0.0312785 -0.0325005 -0.0332715 -0.0336569 -0.0337225 -0.0334903 -0.0329951 -0.0322745 -0.0313396 -0.0302062 -0.0289044 -0.0274619 -0.0258706 -0.0241583 -0.0223557 -0.0204945 -0.0185838 -0.0166493 -0.0146884 -0.012744 -0.0108152 -0.00888827 -0.00695536 -0.00504164 -0.00311109 -0.00117903 0.000748796 0.00267884 0.00463985 0.00661019 0.00858999 0.0105493 0.0124816 0.0143553 0.0161274 0.0177221 0.0190966 0.0201929 0.0209414 0.0212628 0.0211107 0.0204247 0.019146 0.0172642 0.0147776 0.0117163 0.00816207 0.00422871 3.7332e-05 -0.00421042 -0.00835368 -0.0122039 -0.0156087 -0.018456 -0.0207248 -0.0224038 -0.0236103 -0.0244502 -0.0250868 -0.0256763 -0.0263742 -0.0272719 -0.0284457 -0.0298685 -0.0314539 -0.0330719 -0.0345379 -0.0356927 -0.0363962 -0.0365603 -0.0361255 -0.0351216 -0.0335636 -0.0315782 -0.0292685 -0.0267703 -0.0242023 -0.0216442 -0.0191557 -0.0168009 -0.0146186 -0.0126456 -0.0109085 -0.00936736 -0.00804362 -0.00688589 -0.00591387 -0.00510558 -0.00442255 -0.00385557 -0.003374 -0.00298299 -0.00267153 -0.00242495 -0.00222206 -0.0020638 -0.00193498 -0.00186025 -0.0018012 -0.00175143 -0.00171749 -0.00168736 -0.001687 -0.00167038 -0.00166343 -0.00165667 -0.00165188 -0.00166027 -0.00165327 -0.00165497 -0.00164846 -0.00165137 -0.00165672 -0.00164998 -0.00164812 -0.00164491 -0.00165089 -0.00164782 -0.00163857 -0.00163983 -0.00164186 -0.00164058 -0.00162988 
0 3.75322e-05 8.18283e-05 0.000107715 0.000153619 0.000180398 0.00021915 0.000253945 0.000283119 0.000325243 0.000346476 0.000389307 0.00041833 0.000459345 0.000502782 0.000534163 0.000587927 0.000627018 0.000686469 0.000735057 0.000785479 0.000852779 0.000915052 0.000993343 0.00106929 0.00117021 0.00129481 0.00144016 0.0016148 0.00183012 0.00209368 0.00241616 0.00280259 0.00324868 0.00378192 0.00441003 0.00517113 0.00606753 0.00711361 0.00835565 0.00980978 0.0115031 0.0134503 0.0156437 0.0180847 0.0207816 0.0237223 0.0269138 0.0303138 0.0339125 0.0377057 0.0416323 0.0456777 0.0497432 0.053687 0.0573714 0.0605904 0.0631207 0.0647447 0.065203 0.0643017 0.0619021 0.0579507 0.0525559 0.045885 0.0382258 0.0299229 0.021316 0.0127518 0.00456427 -0.00301274 -0.00977252 -0.0155954 -0.020458 -0.0243947 -0.0274763 -0.0298301 -0.0315824 -0.0328199 -0.0336519 -0.0341522 -0.0343534 -0.0343069 -0.0340505 -0.033555 -0.0328675 -0.031997 -0.0309162 -0.0296387 -0.0282049 -0.0265994 -0.0248562 -0.0229746 -0.0209894 -0.0189478 -0.0168666 -0.014721 -0.012546 -0.0103399 -0.00811818 -0.00587325 -0.00361716 -0.00135301 0.000917054 0.00320688 0.00546081 0.00769318 0.00991286 0.0120934 0.0141915 0.0161728 0.0179564 0.0195292 0.0208131 0.0217129 0.0221868 0.0221923 0.0216277 0.0204776 0.0187091 0.0162959 0.0132657 0.00968064 0.00561147 0.00121 -0.00334616 -0.00787617 -0.0121739 -0.0160397 -0.0193396 -0.0219791 -0.0239037 -0.0251858 -0.0259197 -0.0262536 -0.0264041 -0.0265664 -0.0269051 -0.0275938 -0.0286714 -0.0301337 -0.0318943 -0.0337743 -0.0355974 -0.0371622 -0.038296 -0.0388944 -0.0388633 -0.0381859 -0.0369158 -0.0351014 -0.0328924 -0.030418 -0.0277853 -0.02511 -0.0224582 -0.0198942 -0.017476 -0.0152464 -0.0132287 -0.0114288 -0.00983035 -0.00844731 -0.00726152 -0.00625736 -0.00542393 -0.00471745 -0.00412642 -0.00363747 -0.00324219 -0.00292023 -0.00265717 -0.00243932 -0.00227814 -0.00215398 -0.00206324 -0.00200476 -0.00194992 -0.0019297 -0.0019078 -0.00190173 -0.00189493 -0.00188016 -0.00189049 -0.00188285 -0.00188862 -0.00187815 -0.00186992 -0.00187176 -0.00185927 -0.00186295 -0.00185215 -0.00185379 -0.00185043 -0.00184371 -0.00184671 -0.00184059 -0.00184934 -0.0018448 -0.00184607 
0 3.72213e-05 7.84682e-05 0.000125484 0.000159791 0.000195589 0.000237114 0.000276022 0.000316626 0.000346476 0.000393823 0.000437105 0.000474399 0.000521043 0.000561372 0.000621611 0.000661568 0.000713061 0.000773183 0.000824838 0.00089329 0.000951229 0.00103831 0.00112156 0.0012196 0.00135285 0.00150446 0.00169211 0.00191413 0.0021891 0.00252012 0.00291226 0.00338051 0.00394958 0.00459634 0.0053887 0.00632266 0.00741948 0.00871248 0.0101994 0.0119498 0.0139203 0.0161597 0.0186497 0.0213728 0.0243299 0.0275207 0.0309098 0.0344784 0.0382086 0.0420654 0.0460324 0.0500366 0.0540355 0.0578632 0.0613919 0.0644134 0.0667183 0.0680412 0.0681761 0.0669084 0.0640973 0.0597473 0.0539393 0.0468673 0.0388421 0.0302157 0.021318 0.0125696 0.00424253 -0.00337541 -0.0101026 -0.0158353 -0.0205772 -0.0243453 -0.0272885 -0.0295025 -0.0311466 -0.0323349 -0.0331773 -0.0337422 -0.0340874 -0.0342306 -0.0341994 -0.0339877 -0.0335949 -0.0330006 -0.0321939 -0.0311976 -0.0299735 -0.0285245 -0.0269041 -0.0251252 -0.0231755 -0.0210987 -0.0188771 -0.016564 -0.0141899 -0.0117379 -0.00921933 -0.00669064 -0.00410551 -0.00150812 0.00107572 0.00365601 0.00622694 0.00874287 0.0111992 0.0135201 0.0156963 0.0177076 0.0194777 0.0209278 0.0220167 0.0226658 0.0228187 0.0224083 0.0213884 0.0197418 0.0174296 0.0144674 0.010894 0.00678077 0.002245 -0.00253858 -0.00740861 -0.0121131 -0.0164725 -0.020268 -0.0233626 -0.025661 -0.0271653 -0.0279081 -0.0280769 -0.027814 -0.0273832 -0.0270189 -0.0269347 -0.0272946 -0.0282106 -0.0296492 -0.0315191 -0.0336611 -0.0358355 -0.0378314 -0.0394499 -0.0405456 -0.0409793 -0.0407565 -0.0398444 -0.038337 -0.0363341 -0.033975 -0.031378 -0.0286526 -0.0258906 -0.0231744 -0.0205496 -0.0180815 -0.0158217 -0.0137348 -0.0118925 -0.0102521 -0.00883787 -0.0076262 -0.00659488 -0.00573847 -0.0050021 -0.00439466 -0.00390078 -0.00349215 -0.00315433 -0.00289279 -0.00267651 -0.00251774 -0.00238402 -0.00229604 -0.00223414 -0.0021755 -0.00215321 -0.00212402 -0.00211543 -0.00209985 -0.00209539 -0.00210248 -0.00209293 -0.00209554 -0.00208786 -0.00208648 -0.00208015 -0.00207528 -0.00208002 -0.00207467 -0.00206874 -0.00206364 -0.00206507 -0.00206408 -0.00205838 -0.00205788 -0.00206142 
0 2.58699e-05 7.6345e-05 0.000116109 0.000162682 0.000190951 0.000246222 0.000300553 0.000339452 0.000389307 0.000437105 0.00050553 0.000544247 0.000588514 0.000644166 0.000697483 0.000750103 0.000786541 0.000853429 0.000915845 0.000984872 0.00106492 0.00115808 0.00127032 0.00139414 0.00156192 0.00175794 0.00199073 0.00227286 0.00262327 0.00303104 0.00350768 0.00408584 0.00477324 0.00558126 0.00653537 0.00767426 0.00900496 0.0105489 0.0123355 0.0143765 0.0166486 0.0191758 0.0219386 0.02491 0.0280878 0.0314478 0.0349795 0.0386311 0.0423951 0.046251 0.0501341 0.0540227 0.0578491 0.0614636 0.0647473 0.0674979 0.0694834 0.0704762 0.0702389 0.0685907 0.0654064 0.0606816 0.0545359 0.0471565 0.0388586 0.0300116 0.0209616 0.0121045 0.00377115 -0.00379114 -0.0103892 -0.0159293 -0.0204324 -0.0239671 -0.0266572 -0.0286587 -0.0301371 -0.0312028 -0.0319848 -0.0325753 -0.0330037 -0.0333135 -0.0335217 -0.0335688 -0.033468 -0.0331986 -0.0326976 -0.0319777 -0.0310448 -0.0298667 -0.0284643 -0.0268196 -0.0249408 -0.0228833 -0.0206407 -0.0182171 -0.0156674 -0.0129986 -0.0102454 -0.00744295 -0.00458552 -0.00170565 0.00117585 0.00406164 0.00687916 0.00959797 0.0122154 0.014662 0.0168909 0.0188597 0.0204826 0.0217449 0.0225876 0.0229039 0.0226667 0.0218317 0.0203161 0.0181345 0.015284 0.0117743 0.00768627 0.00311386 -0.00182931 -0.00694451 -0.0120239 -0.0168418 -0.0211696 -0.0247902 -0.0275782 -0.0294581 -0.0304192 -0.0305725 -0.0300876 -0.0291555 -0.0280772 -0.0271178 -0.0265116 -0.0264895 -0.0271506 -0.0284915 -0.0304306 -0.0327699 -0.0352799 -0.0377048 -0.0398198 -0.041452 -0.0424351 -0.0427234 -0.0423039 -0.041193 -0.0395107 -0.0373771 -0.0348939 -0.032205 -0.0294074 -0.0265936 -0.0238254 -0.021173 -0.0186821 -0.0163586 -0.0142427 -0.0123514 -0.0106792 -0.0092173 -0.00797418 -0.00691811 -0.00602274 -0.00527405 -0.00466178 -0.00415108 -0.00373126 -0.0033993 -0.00313588 -0.00291915 -0.0027433 -0.0026294 -0.00253423 -0.00246516 -0.00240917 -0.0023753 -0.00235376 -0.00232335 -0.00231933 -0.00230397 -0.00230055 -0.0022957 -0.00229726 -0.00230282 -0.00229009 -0.00230084 -0.00230397 -0.0023086 -0.00229925 -0.00229499 -0.00230639 -0.0022939 -0.00228508 -0.0022729 -0.00227829 
0 3.46854e-05 9.2553e-05 0.0001472 0.000190963 0.000224025 0.000281475 0.000338257 0.000377649 0.00041833 0.000474399 0.000544247 0.000586946 0.000632077 0.000693541 0.000764406 0.000820152 0.000867885 0.000943869 0.00102171 0.00110738 0.00119852 0.00131521 0.00145281 0.00161242 0.00182211 0.00206449 0.00235167 0.00270141 0.00313029 0.00362881 0.00420651 0.00490716 0.00575203 0.00673593 0.0078995 0.00926915 0.0108571 0.0126842 0.0147612 0.0170989 0.0196524 0.0224436 0.0254525 0.0286398 0.0319878 0.0354732 0.0390624 0.0427122 0.0464146 0.0501447 0.0538584 0.0575268 0.0611017 0.0644397 0.0674175 0.0698366 0.071472 0.072086 0.0714737 0.0694614 0.0659325 0.0609043 0.0544868 0.0468712 0.0383839 0.0293985 0.0202716 0.0114222 0.0031658 -0.00424298 -0.0106273 -0.0159112 -0.0201294 -0.0233546 -0.0257407 -0.0274492 -0.0286687 -0.0295399 -0.0302048 -0.0307562 -0.0312303 -0.0316522 -0.0320272 -0.032304 -0.0324744 -0.0325027 -0.0323351 -0.0319688 -0.0313592 -0.0304654 -0.029313 -0.0278831 -0.0261588 -0.0241833 -0.0219506 -0.0194943 -0.0168668 -0.0140683 -0.0111321 -0.00811498 -0.00501332 -0.0018855 0.00122384 0.00430717 0.00730939 0.0101815 0.0128989 0.0153699 0.0175559 0.0194246 0.0208852 0.0218904 0.0223997 0.0223347 0.0216689 0.0203608 0.0183568 0.0156726 0.01231 0.00830278 0.00374711 -0.00123996 -0.006512 -0.011856 -0.0170626 -0.0218847 -0.0260984 -0.0294824 -0.0319053 -0.0332964 -0.0336723 -0.0331524 -0.0319557 -0.0303034 -0.028527 -0.0269274 -0.0257667 -0.0252894 -0.0256332 -0.0268019 -0.028724 -0.0312149 -0.0340142 -0.0368502 -0.0394668 -0.041648 -0.0432008 -0.0440618 -0.0441795 -0.0435663 -0.0423079 -0.0405087 -0.0382645 -0.0357109 -0.0329647 -0.0301259 -0.0272642 -0.0244643 -0.0217831 -0.01923 -0.0168746 -0.014728 -0.0127974 -0.011081 -0.00959245 -0.00832145 -0.00723164 -0.00631718 -0.00556125 -0.00492428 -0.00439912 -0.00398407 -0.00364672 -0.00336604 -0.00313463 -0.00297756 -0.00285383 -0.00275105 -0.00267676 -0.00262663 -0.00259882 -0.00256863 -0.00255712 -0.00254354 -0.00253211 -0.00253111 -0.00253549 -0.00253665 -0.0025216 -0.00252326 -0.00252789 -0.00252366 -0.00250859 -0.0025056 -0.00251839 -0.00251034 -0.00249501 -0.00248901 -0.00250127 
0 4.35492e-05 0.000106788 0.000172283 0.000214808 0.000255436 0.000318068 0.000380822 0.00042397 0.000459345 0.000521043 0.000588514 0.000632077 0.000675394 0.000739986 0.000822863 0.000883916 0.000946596 0.00103596 0.00113594 0.00124362 0.00135462 0.00150101 0.00167188 0.00187472 0.00212912 0.00242257 0.00277104 0.00319838 0.00372123 0.00433155 0.00503961 0.00589465 0.00692664 0.00812064 0.00951996 0.0111424 0.0130019 0.0151152 0.0174784 0.0200952 0.0229097 0.0259355 0.0291509 0.0325048 0.0359623 0.0394957 0.0430576 0.0466146 0.0501625 0.0536787 0.0571389 0.0605112 0.0637611 0.0667595 0.06938 0.0714353 0.072708 0.072959 0.072001 0.0696631 0.0658342 0.0605428 0.0538958 0.0461001 0.0374897 0.0284453 0.0193324 0.0105691 0.00245994 -0.00474096 -0.0108694 -0.0158566 -0.0197436 -0.0226146 -0.024643 -0.0260082 -0.0269161 -0.0275306 -0.0280014 -0.0284281 -0.0288574 -0.0293122 -0.0297881 -0.030242 -0.0306474 -0.0309555 -0.0311014 -0.0310653 -0.030784 -0.0302111 -0.0293425 -0.0281542 -0.0266287 -0.0248085 -0.0226825 -0.0202834 -0.0176514 -0.0148 -0.0117669 -0.00862169 -0.00537197 -0.00208847 0.00117407 0.00438066 0.00747112 0.010383 0.0130922 0.0155099 0.0175888 0.0192794 0.0205032 0.0212063 0.0213567 0.0208879 0.0197792 0.0179989 0.0155201 0.0123594 0.00853551 0.00410091 -0.000835968 -0.00614426 -0.0116539 -0.0171412 -0.0223852 -0.0271296 -0.0311502 -0.0342313 -0.0362411 -0.037113 -0.0368811 -0.0356725 -0.0337357 -0.0313294 -0.0288161 -0.026534 -0.0247807 -0.0238119 -0.0237927 -0.0247351 -0.0265756 -0.0291417 -0.0321604 -0.0353488 -0.0384272 -0.0411405 -0.0432733 -0.0447345 -0.0454414 -0.0453959 -0.0446491 -0.0432844 -0.041385 -0.0390736 -0.0364758 -0.0336953 -0.030811 -0.0279188 -0.0250861 -0.0223365 -0.0197594 -0.0173688 -0.0151819 -0.0132059 -0.0114616 -0.0099556 -0.00865219 -0.00754915 -0.00662388 -0.00583669 -0.00518202 -0.00465974 -0.00422851 -0.00386767 -0.00357153 -0.00336274 -0.00320567 -0.00307036 -0.00297578 -0.00290858 -0.00287011 -0.0028374 -0.00281542 -0.00279774 -0.00277544 -0.00277112 -0.00277196 -0.00276426 -0.0027455 -0.0027404 -0.00274804 -0.00273956 -0.00272251 -0.00272263 -0.0027374 -0.00273398 -0.00271413 -0.00271193 -0.0027272 
0 4.61808e-05 0.00011957 0.000177352 0.000230811 0.000268317 0.000338323 0.000410099 0.000450884 0.000502782 0.000561372 0.000644166 0.000693541 0.000739986 0.00082086 0.000898963 0.000980043 0.00104448 0.00114598 0.00126571 0.00138218 0.00152474 0.00169237 0.00190967 0.00216477 0.00247373 0.00283694 0.00326431 0.00378773 0.00442741 0.00516821 0.00603058 0.00707266 0.00830537 0.00975298 0.0114047 0.0133071 0.0154573 0.0178498 0.0205025 0.0233645 0.0264134 0.02963 0.0329935 0.0364428 0.0399349 0.0434135 0.0468594 0.0502279 0.0535277 0.0567657 0.0598943 0.0629251 0.0658002 0.0684222 0.0706611 0.0723512 0.0732571 0.0731834 0.0719101 0.0692865 0.0652162 0.0597055 0.0528865 0.044976 0.0363031 0.0272553 0.0182263 0.00958067 0.00166994 -0.00529108 -0.0111335 -0.0157976 -0.0193167 -0.0218235 -0.0234573 -0.0244499 -0.0250058 -0.0253028 -0.0254981 -0.0257195 -0.0260026 -0.0263968 -0.0268999 -0.0274542 -0.0280286 -0.0285732 -0.0289906 -0.0292271 -0.029247 -0.0289857 -0.0284119 -0.027495 -0.0262313 -0.0246287 -0.0226916 -0.0204241 -0.017874 -0.0150674 -0.0120575 -0.00888918 -0.0056195 -0.00230657 0.000984566 0.00420796 0.00727414 0.0101291 0.0127186 0.0149834 0.0168637 0.0183001 0.0192194 0.0196018 0.0193907 0.0185177 0.0169792 0.0147642 0.0118446 0.00825864 0.00405426 -0.000723406 -0.00594226 -0.0114621 -0.0171093 -0.0226548 -0.0278398 -0.0324462 -0.0362095 -0.0389384 -0.040501 -0.0408437 -0.0399841 -0.0381068 -0.0354278 -0.0322738 -0.0290254 -0.0260538 -0.0236844 -0.0222101 -0.0217786 -0.0224382 -0.024133 -0.0266785 -0.0298393 -0.0333046 -0.0367863 -0.0399967 -0.0427063 -0.0447608 -0.0460963 -0.0466488 -0.0464754 -0.0456229 -0.0441509 -0.0421837 -0.0398296 -0.037194 -0.03437 -0.0314558 -0.0285176 -0.0256346 -0.0228576 -0.0202601 -0.0178315 -0.0155968 -0.0136006 -0.0118314 -0.0102991 -0.00897887 -0.00785792 -0.00690132 -0.00610343 -0.00545627 -0.0049287 -0.00447267 -0.00410488 -0.0038328 -0.00361589 -0.0034478 -0.00330252 -0.00321333 -0.00314639 -0.00309677 -0.00307047 -0.00303209 -0.00301626 -0.00300178 -0.00300518 -0.00299685 -0.00297149 -0.00297694 -0.00297869 -0.00297612 -0.00295423 -0.00295177 -0.00297084 -0.0029604 -0.00294581 -0.0029379 -0.00295503 
0 5.22195e-05 0.000111463 0.000186646 0.000225033 0.000282731 0.000351814 0.000426189 0.000489061 0.000534163 0.000621611 0.000697483 0.000764406 0.000822863 0.000898963 0.00100028 0.00107357 0.00116195 0.00126722 0.00140198 0.00154802 0.00170894 0.00192291 0.00218423 0.00250503 0.00288411 0.00333097 0.00385733 0.00450552 0.00527478 0.00617578 0.00722172 0.00845978 0.00993925 0.0116294 0.0135692 0.0157489 0.0181805 0.0208631 0.0237648 0.0268618 0.0301022 0.0334587 0.0369037 0.0403704 0.0437857 0.0471325 0.050349 0.0534533 0.0564507 0.0593346 0.0621174 0.0647639 0.0672472 0.0694877 0.0713519 0.0726767 0.0732661 0.0728727 0.0713301 0.0684629 0.0641821 0.0585207 0.0515928 0.0436245 0.0349545 0.0259525 0.0170076 0.00851959 0.000792072 -0.00591919 -0.0114603 -0.0157838 -0.0189433 -0.0210435 -0.0222925 -0.0228894 -0.0230489 -0.0229793 -0.0228496 -0.0227686 -0.0228374 -0.0230828 -0.0234998 -0.0240714 -0.0247311 -0.0253914 -0.0260006 -0.0264878 -0.0267537 -0.0267535 -0.0264681 -0.0258621 -0.0248941 -0.0235567 -0.0218515 -0.0198063 -0.0174459 -0.0148067 -0.0119349 -0.0088977 -0.00574372 -0.00254492 0.000627362 0.00370088 0.00661619 0.00929927 0.0116833 0.0136874 0.015263 0.016381 0.0169897 0.0170083 0.0164076 0.0151703 0.0132525 0.0106421 0.00736743 0.00345054 -0.0010586 -0.00606191 -0.011461 -0.0170995 -0.02278 -0.0282819 -0.033364 -0.0377486 -0.041215 -0.0435551 -0.0446379 -0.0444189 -0.0429622 -0.0404093 -0.0370413 -0.0331842 -0.0292278 -0.0255828 -0.0226062 -0.0205796 -0.0197045 -0.0200249 -0.0214826 -0.0239468 -0.0271439 -0.0308038 -0.0346171 -0.0382696 -0.0415132 -0.0441751 -0.0461168 -0.0473116 -0.0477408 -0.0474414 -0.0464817 -0.0449289 -0.0429176 -0.0405298 -0.0378603 -0.0350095 -0.032059 -0.0290806 -0.0261796 -0.0233884 -0.0207443 -0.0182727 -0.0160018 -0.0139809 -0.0121843 -0.0106311 -0.0092889 -0.0081371 -0.00717532 -0.00639009 -0.00573944 -0.00518595 -0.00472944 -0.00437138 -0.00409792 -0.00385919 -0.00367998 -0.00353963 -0.00344214 -0.00337861 -0.00332085 -0.00328927 -0.00325043 -0.00324463 -0.00324174 -0.00322498 -0.00321476 -0.00320726 -0.0032281 -0.00321629 -0.00319849 -0.00319785 -0.00320325 -0.0032054 -0.00317612 -0.00317641 -0.00318418 
0 5.46706e-05 0.000128654 0.000191825 0.000254412 0.000308449 0.000383644 0.00046297 0.000519196 0.000587927 0.000661568 0.000750103 0.000820152 0.000883916 0.000980043 0.00107357 0.00117554 0.00127111 0.00139893 0.00156648 0.00174078 0.00195817 0.00221394 0.00253983 0.0029336 0.00338892 0.00393123 0.00457364 0.00535122 0.00628231 0.00736015 0.0086177 0.0101016 0.0118214 0.0138046 0.0160114 0.0184712 0.0211747 0.0240986 0.0272381 0.0305096 0.0338938 0.0373282 0.0407739 0.044159 0.0474277 0.0505268 0.0534612 0.0562359 0.0588712 0.0613944 0.0637822 0.0660467 0.068138 0.070005 0.0715172 0.0725316 0.0728102 0.0721688 0.070383 0.0673074 0.0628811 0.0571075 0.0501204 0.0421578 0.0335208 0.0245822 0.0157641 0.00740131 -0.000129586 -0.00660634 -0.0118667 -0.0158683 -0.0186485 -0.0203767 -0.0212036 -0.0213872 -0.0211351 -0.0206644 -0.0201427 -0.019726 -0.0194918 -0.0195 -0.019749 -0.020209 -0.0208185 -0.0215194 -0.0222179 -0.0228206 -0.0232957 -0.0235724 -0.0235567 -0.0232118 -0.0225394 -0.0215023 -0.0201133 -0.0183698 -0.0162999 -0.0139468 -0.0113685 -0.00859985 -0.00573338 -0.00281811 7.09818e-05 0.00285902 0.00546458 0.00782548 0.00985754 0.0115379 0.0127926 0.0135383 0.0137408 0.0133929 0.0124384 0.0108437 0.00859824 0.00570055 0.00216079 -0.00198883 -0.00667275 -0.0118171 -0.0172888 -0.0229379 -0.0285724 -0.0339718 -0.0388507 -0.0429875 -0.0461005 -0.0480151 -0.0486033 -0.0478394 -0.0457735 -0.0426189 -0.0385946 -0.0340882 -0.0294825 -0.0251913 -0.0216027 -0.0190325 -0.0176628 -0.0175933 -0.0187736 -0.0210499 -0.0242182 -0.0279706 -0.0320169 -0.0360325 -0.0397607 -0.0429666 -0.0455344 -0.0473516 -0.048412 -0.0487129 -0.0482975 -0.0472488 -0.0456563 -0.0436104 -0.0411998 -0.0385099 -0.0356155 -0.0326419 -0.0296423 -0.0267232 -0.0238932 -0.0211978 -0.0186958 -0.0164007 -0.0143574 -0.0125451 -0.0109566 -0.00958482 -0.0084231 -0.00746161 -0.00666748 -0.00598394 -0.00542677 -0.00497696 -0.00461858 -0.00433431 -0.00408908 -0.00391756 -0.0037805 -0.00368725 -0.00362011 -0.00355573 -0.00352433 -0.003499 -0.00349293 -0.00347457 -0.00345224 -0.00345806 -0.00346115 -0.00345979 -0.00343887 -0.00343321 -0.0034438 -0.00343309 -0.00342062 -0.0034109 -0.00341965 
0 6.9768e-05 0.000139979 0.000224134 0.000283155 0.000356855 0.000426942 0.00049977 0.000568423 0.000627018 0.000713061 0.000786541 0.000867885 0.000946596 0.00104448 0.00116195 0.00127111 0.00140443 0.00155864 0.00176184 0.00198955 0.00225579 0.0025757 0.00296728 0.00344413 0.0039919 0.00464582 0.00541673 0.00635674 0.00745845 0.00874786 0.0102495 0.011987 0.013996 0.0162511 0.0187529 0.021478 0.0244269 0.0275796 0.0308872 0.0342804 0.0377226 0.0411382 0.044486 0.0477057 0.0507256 0.0535418 0.0561247 0.0585364 0.0607886 0.0628984 0.0648941 0.0667643 0.0684823 0.0700169 0.0712323 0.0719662 0.072012 0.0711359 0.0691611 0.0659292 0.0613945 0.0555703 0.0485767 0.0406364 0.0320594 0.0232009 0.014484 0.00628184 -0.00106581 -0.00731092 -0.0122991 -0.0159985 -0.0184608 -0.0198087 -0.0202488 -0.0200065 -0.0193022 -0.0183883 -0.0174583 -0.0166372 -0.0160585 -0.0157517 -0.0157156 -0.0159556 -0.0164076 -0.0169942 -0.017689 -0.0183811 -0.0189738 -0.0194037 -0.0196147 -0.0195549 -0.0191872 -0.0184664 -0.0174225 -0.0160611 -0.0143933 -0.012462 -0.0103119 -0.00797746 -0.00555113 -0.00308529 -0.000653265 0.00166209 0.0038056 0.00572752 0.00733492 0.0085775 0.00938785 0.00973281 0.00957818 0.00885525 0.00753235 0.00564158 0.003137 2.3653e-05 -0.0036627 -0.00791729 -0.0126836 -0.0178471 -0.0233166 -0.0289077 -0.0344066 -0.0396024 -0.0442331 -0.0480336 -0.0507796 -0.0522721 -0.0523825 -0.0510916 -0.0484786 -0.0447248 -0.0401085 -0.0350076 -0.0298014 -0.0249252 -0.0207697 -0.0176458 -0.0157774 -0.0152782 -0.0161046 -0.0181558 -0.0211969 -0.0249638 -0.0291467 -0.0334224 -0.0375315 -0.0412295 -0.0443478 -0.0467943 -0.0484879 -0.0494078 -0.0496001 -0.049088 -0.0479851 -0.046351 -0.0442735 -0.0418261 -0.0390879 -0.0361767 -0.033181 -0.0301774 -0.0272219 -0.0243596 -0.021633 -0.0191105 -0.0168029 -0.0147351 -0.0128842 -0.0112654 -0.00988198 -0.00871457 -0.0077416 -0.0069123 -0.00622943 -0.00566579 -0.00522385 -0.0048582 -0.00456384 -0.0043337 -0.0041592 -0.00404055 -0.00393604 -0.00386638 -0.00380721 -0.00377949 -0.00375842 -0.00372824 -0.00371309 -0.00369792 -0.00370508 -0.00369133 -0.00367684 -0.00367357 -0.00367124 -0.00367392 -0.00365557 -0.00365726 -0.00365919 
