0 0 0 0 0 0 0 0 0 0 0 0 0 0 0 0 0 0 0 0 0 0 0 0 0 0 0 0 0 0 0 0 0 0 0 0 0 0 0 0 0 0 0 0 0 0 0 0 0 0 0 0 0 0 0 0 0 0 0 0 0 0 0 0 0 0 0 0 0 0 0 0 0 0 0 0 0 0 0 0 0 0 0 0 0 0 0 0 0 0 0 0 0 0 0 0 0 0 0 0 0 0 0 0 0 0 0 0 0 0 0 0 0 0 0 0 0 0 0 0 0 0 0 0 0 0 0 0 0 0 0 0 0 0 0 0 0 0 0 0 0 0 0 0 0 0 0 0 0 0 0 0 0 0 0 0 0 0 0 0 0 0 0 0 0 0 0 0 0 0 0 0 0 0 0 0 0 0 0 0 0 0 0 0 0 0 0 0 0 0 0 0 0 0 0 0 0 0 0 0 
0 -5.5164e-06 -4.88075e-06 1.85064e-06 -1.15851e-06 -5.5737e-07 5.33936e-06 9.15446e-06 1.26901e-05 1.72216e-05 3.11102e-05 3.90511e-05 4.13099e-05 4.65074e-05 5.38346e-05 6.47849e-05 7.64096e-05 9.28906e-05 0.000115814 0.00014842 0.000196243 0.000260965 0.000338306 0.000446443 0.000577642 0.0007304 0.000911969 0.00112618 0.00139215 0.00168153 0.00202404 0.00241824 0.00286015 0.00335175 0.0038649 0.00440558 0.00493885 0.00546428 0.00595938 0.00639617 0.00676551 0.00705966 0.00724531 0.00730689 0.00722478 0.00698451 0.00659234 0.00604072 0.00536336 0.00455481 0.00366023 0.00270434 0.00170902 0.000693594 -0.000308261 -0.00127645 -0.00217383 -0.00295548 -0.00361114 -0.00411942 -0.00447909 -0.00468599 -0.00475317 -0.00466542 -0.00445211 -0.00411067 -0.00367744 -0.00317285 -0.00264066 -0.00211998 -0.00165362 -0.00127208 -0.00101304 -0.000875562 -0.000869258 -0.000991099 -0.00120476 -0.00150439 -0.00185208 -0.00220099 -0.00251673 -0.00277273 -0.00293162 -0.00300573 -0.00297504 -0.00286859 -0.00270991 -0.00251526 -0.00227417 -0.00202123 -0.00176082 -0.00151303 -0.00126616 -0.0010523 -0.000868518 -0.000716433 -0.000591615 -0.000511524 -0.000434771 -0.000376291 -0.000334876 -0.000308718 -0.00029413 -0.000325462 -0.000377163 -0.000458851 -0.000564032 -0.000696082 -0.000833455 -0.000993535 -0.00116611 -0.00135237 -0.00152201 -0.00169483 -0.00183964 -0.00192007 -0.00190763 -0.00180221 -0.00157168 -0.00124313 -0.000810515 -0.000294251 0.000273394 0.000875572 0.00150323 0.00210474 0.00267026 0.00317245 0.00358431 0.00391695 0.00417658 0.00438353 0.00456365 0.00473658 0.00489747 0.00505368 0.00518339 0.00528912 0.00534249 0.00534526 0.00526223 0.005078 0.00476297 0.00431531 0.00372027 0.00299564 0.00215973 0.00122984 0.000238277 -0.000777598 -0.0017952 -0.00279434 -0.00373102 -0.00460776 -0.00537109 -0.00600463 -0.00648551 -0.00681311 -0.00699081 -0.00702198 -0.0069228 -0.00671079 -0.00639582 -0.00600802 -0.0055657 -0.00506165 -0.0045423 -0.00401172 -0.00350649 -0.00302708 -0.0025856 -0.00219757 -0.00184562 -0.00155067 -0.0012938 -0.0010713 -0.000881961 -0.000727609 -0.000600472 -0.000486576 -0.000391361 -0.000323997 -0.000273662 -0.000230638 -0.000202369 -0.000183087 -0.000174359 -0.000164058 -0.000160182 -0.000162305 -0.00016148 -0.000165317 -0.000163397 -0.000164681 -0.000164261 -0.000163115 -0.000164374 -0.000158544 -0.000158974 -0.000156145 
0 -4.88075e-06 1.17562e-05 1.81815e-05 2.51264e-05 1.86932e-05 3.26683e-05 3.83183e-05 3.24712e-05 3.97948e-05 4.79502e-05 6.13771e-05 5.91925e-05 6.84779e-05 8.80316e-05 0.000111285 0.000143389 0.000185943 0.000242841 0.000321612 0.000429305 0.000561485 0.000728228 0.000935326 0.00120328 0.00150441 0.0018628 0.00230396 0.00282211 0.0034215 0.00409765 0.00488862 0.00577057 0.00673091 0.00775279 0.00880411 0.00985393 0.0108816 0.0118459 0.0126931 0.0134095 0.0139566 0.0143075 0.0143985 0.0142161 0.0137458 0.0129624 0.0119052 0.0105799 0.0090051 0.00725269 0.00536853 0.00340062 0.00141201 -0.00056134 -0.00244098 -0.00418007 -0.00571102 -0.00698191 -0.00800146 -0.00872857 -0.00916033 -0.00931606 -0.00916897 -0.00874787 -0.00810569 -0.00725835 -0.00628563 -0.00526056 -0.00424313 -0.0033224 -0.00257727 -0.00205356 -0.00178695 -0.00179514 -0.00204354 -0.00249472 -0.00309862 -0.00376717 -0.0044344 -0.00505842 -0.00554508 -0.00586667 -0.00601967 -0.00598835 -0.00579796 -0.00547297 -0.00502591 -0.00454561 -0.00404738 -0.00351572 -0.00300987 -0.00255635 -0.00212947 -0.00176572 -0.00147026 -0.0012176 -0.00100951 -0.000854889 -0.00074126 -0.000663517 -0.000624409 -0.000637767 -0.000684944 -0.000771224 -0.000926165 -0.00112873 -0.00136106 -0.00166139 -0.00199298 -0.00233012 -0.00270791 -0.00309358 -0.00341766 -0.00366979 -0.00380158 -0.00377771 -0.00356848 -0.00313228 -0.00247428 -0.00162977 -0.000600174 0.000559692 0.00179233 0.00304635 0.00426209 0.00538199 0.00637104 0.0071991 0.00785993 0.00837919 0.00879877 0.00914468 0.00946188 0.00977117 0.0100433 0.0102933 0.0104885 0.0105789 0.0105612 0.0103742 0.0099587 0.00931818 0.0084061 0.00723002 0.005823 0.00419006 0.0023836 0.000446709 -0.00155361 -0.00355716 -0.00551942 -0.00737532 -0.00907827 -0.010589 -0.0118256 -0.012776 -0.0134376 -0.0137961 -0.0138792 -0.0137011 -0.013295 -0.0126899 -0.0119414 -0.0110732 -0.0101085 -0.00908293 -0.00805748 -0.00706086 -0.00610634 -0.00523661 -0.00444099 -0.00374221 -0.00313444 -0.00261328 -0.00216189 -0.00177227 -0.00146279 -0.00120638 -0.000982287 -0.000800228 -0.000671165 -0.000572087 -0.00049409 -0.000428892 -0.000396349 -0.000369299 -0.000345278 -0.000336267 -0.000322859 -0.00032724 -0.000316007 -0.000317582 -0.000315213 -0.00031006 -0.000319801 -0.000310248 -0.000316705 -0.000310002 -0.000315586 
0 1.85064e-06 1.81815e-05 3.90837e-05 3.37147e-05 3.56148e-05 5.2773e-05 6.15907e-05 6.09828e-05 5.87639e-05 7.69617e-05 8.71851e-05 8.95006e-05 0.000106197 0.00013369 0.000172912 0.000220673 0.00028924 0.000385339 0.000514179 0.000686003 0.000901819 0.00115349 0.00148575 0.00188571 0.00235131 0.00290478 0.00356309 0.0043692 0.00525871 0.00629355 0.00747023 0.00877183 0.0101946 0.0116715 0.0132085 0.0147227 0.0162041 0.0175896 0.0187999 0.0198025 0.0205694 0.0210185 0.0211094 0.0208036 0.0200758 0.0189422 0.0173882 0.01548 0.013201 0.0106577 0.00792346 0.00507362 0.00218152 -0.00065302 -0.00336862 -0.0058795 -0.00808581 -0.00996518 -0.0114675 -0.0125707 -0.0132473 -0.0135123 -0.0133269 -0.0127677 -0.0118501 -0.0106705 -0.00929033 -0.00781837 -0.00635584 -0.00502307 -0.00392266 -0.00317284 -0.00279684 -0.00282275 -0.00322642 -0.0038964 -0.00478504 -0.00577879 -0.00675746 -0.00764113 -0.00836531 -0.00884141 -0.00908301 -0.00902823 -0.00873 -0.00824013 -0.00760736 -0.00684041 -0.00604607 -0.00525673 -0.00452986 -0.00383657 -0.00323183 -0.00269729 -0.00222935 -0.00182186 -0.00152691 -0.00126964 -0.00109275 -0.000993642 -0.00095642 -0.00095713 -0.0010561 -0.00119242 -0.00139592 -0.00166787 -0.0020317 -0.0024521 -0.00296109 -0.00351769 -0.00410175 -0.00462194 -0.00510441 -0.00547901 -0.00566692 -0.00560684 -0.00529255 -0.0046376 -0.00368331 -0.00240461 -0.000846399 0.000897513 0.00275497 0.00466661 0.00648502 0.00816847 0.00965101 0.0108739 0.0118656 0.0126417 0.0132477 0.0137441 0.0141842 0.0145722 0.014936 0.0152359 0.0154696 0.0155545 0.0154732 0.0151285 0.0144777 0.0134674 0.012106 0.0103734 0.00831391 0.00595962 0.00334162 0.000534217 -0.00236392 -0.00527667 -0.00813072 -0.0108055 -0.0132918 -0.0154648 -0.0172799 -0.018685 -0.0196751 -0.0202494 -0.0204097 -0.0201904 -0.019635 -0.0187788 -0.0177075 -0.0164748 -0.0150748 -0.013618 -0.0121231 -0.0106742 -0.00927734 -0.00796926 -0.00679312 -0.00572228 -0.00480944 -0.00401379 -0.00332352 -0.00273663 -0.00225907 -0.00187046 -0.00153323 -0.00125711 -0.00105858 -0.000905414 -0.000773027 -0.000677418 -0.000610205 -0.000570794 -0.00053045 -0.000506214 -0.000495253 -0.000481236 -0.000478981 -0.000468933 -0.000468448 -0.00046701 -0.000467301 -0.000473117 -0.000464937 -0.000469971 -0.00047375 
0 -1.15851e-06 2.51264e-05 3.37147e-05 3.77512e-05 3.22642e-05 5.95746e-05 7.67274e-05 7.34591e-05 8.32696e-05 9.96283e-05 0.000124938 0.000134814 0.000164801 0.000211857 0.000267561 0.000340017 0.000439851 0.000575354 0.000756608 0.000993474 0.00128097 0.00163725 0.00208051 0.00263928 0.00328131 0.00404271 0.00496478 0.00604452 0.00727486 0.0086509 0.0102121 0.0119173 0.0137393 0.0156435 0.0175866 0.0195141 0.0213877 0.0231295 0.0246395 0.0258769 0.0267737 0.0272755 0.0272943 0.0268162 0.0258326 0.0243243 0.022341 0.0198944 0.0170041 0.0137799 0.0103111 0.00669373 0.003046 -0.000550999 -0.00397674 -0.00715546 -0.009986 -0.0123959 -0.0143746 -0.0158474 -0.0167827 -0.0171891 -0.0170278 -0.0163538 -0.0152572 -0.0137914 -0.0120824 -0.0102535 -0.00841859 -0.0067344 -0.00535649 -0.00439491 -0.00392642 -0.00398528 -0.00451354 -0.00541981 -0.00659964 -0.00789097 -0.00916638 -0.0103381 -0.0112612 -0.0118735 -0.0121605 -0.0120879 -0.0116929 -0.0110239 -0.0101246 -0.00913179 -0.00810215 -0.00704155 -0.00604155 -0.00513794 -0.00430429 -0.00358104 -0.00297317 -0.00245001 -0.00202157 -0.00169639 -0.00146462 -0.0013182 -0.0012554 -0.0012856 -0.00138654 -0.00155886 -0.00184458 -0.00222405 -0.00268389 -0.00326982 -0.00393541 -0.00463445 -0.00539052 -0.0061339 -0.00676145 -0.00723297 -0.00746387 -0.00738956 -0.00695615 -0.00608563 -0.00477893 -0.0030761 -0.000997305 0.00135116 0.00384892 0.00638307 0.00882082 0.0110573 0.0130232 0.0146656 0.0159768 0.0169943 0.0177768 0.0183753 0.0188653 0.0192906 0.0196361 0.0199266 0.0201171 0.0201233 0.0199137 0.0193789 0.0184289 0.0170636 0.0152405 0.0129806 0.0103382 0.00732184 0.00399742 0.000433084 -0.00325521 -0.00695537 -0.0105695 -0.0139781 -0.0171062 -0.0198824 -0.0221944 -0.0240189 -0.0253464 -0.0261473 -0.0264438 -0.0262475 -0.0256058 -0.024572 -0.0232473 -0.0216888 -0.0199424 -0.0180815 -0.0161971 -0.0143409 -0.0125369 -0.0108504 -0.0092855 -0.00788135 -0.00664534 -0.0055708 -0.00463219 -0.00382159 -0.00316386 -0.00261827 -0.00214984 -0.00176674 -0.00148192 -0.00125707 -0.0010743 -0.000927528 -0.000839428 -0.000773918 -0.000719545 -0.000690035 -0.00066149 -0.00065776 -0.000640415 -0.000639429 -0.000634977 -0.000627968 -0.000638395 -0.000627058 -0.000633039 -0.000623435 -0.000631737 
0 -5.5737e-07 1.86932e-05 3.56148e-05 3.22642e-05 3.59146e-05 6.40851e-05 8.63549e-05 9.40961e-05 0.000105652 0.000138447 0.000170821 0.000195594 0.000239784 0.000302374 0.000381572 0.000481591 0.000618319 0.000804582 0.00104664 0.00135753 0.00174209 0.00220686 0.00280047 0.00352243 0.00436744 0.00536334 0.00654079 0.00792963 0.00947245 0.0112055 0.0131255 0.0151972 0.0173945 0.0196503 0.0219478 0.0242029 0.0263768 0.028377 0.0300892 0.0314524 0.0324126 0.0328784 0.0327921 0.0321245 0.0308649 0.0290323 0.0266362 0.0237337 0.0203308 0.016551 0.0125028 0.00829523 0.00403698 -0.000150391 -0.00417156 -0.00792006 -0.0112731 -0.0141755 -0.0165649 -0.0183842 -0.0195868 -0.0201678 -0.0200865 -0.0194168 -0.0182088 -0.0165737 -0.0146211 -0.0125049 -0.0103825 -0.00843735 -0.00684053 -0.00575346 -0.00524082 -0.0053406 -0.00601074 -0.00711831 -0.00856018 -0.0101622 -0.0117436 -0.0131644 -0.0142958 -0.0150237 -0.0153374 -0.0151919 -0.014657 -0.0138136 -0.0127362 -0.0114849 -0.0101756 -0.00885945 -0.00761373 -0.00644262 -0.00539928 -0.00448903 -0.00371288 -0.0030605 -0.00256282 -0.00215454 -0.00185748 -0.00166795 -0.00157544 -0.00157218 -0.00170747 -0.00194059 -0.00229758 -0.00277281 -0.0033735 -0.00407436 -0.00488605 -0.00576588 -0.00668906 -0.00755699 -0.0083422 -0.00894564 -0.0092435 -0.00913235 -0.0085619 -0.00743761 -0.00578981 -0.00362467 -0.00101218 0.00191268 0.00502449 0.0082018 0.011251 0.0140652 0.0165347 0.0185733 0.0201901 0.0214133 0.0223107 0.0229693 0.0234712 0.023849 0.0241338 0.0243062 0.0243521 0.0241836 0.0237599 0.0229631 0.0217187 0.0199763 0.0177342 0.0149925 0.0118107 0.00822905 0.00429675 0.000108268 -0.00420883 -0.0085394 -0.0127699 -0.0167565 -0.0204493 -0.0237186 -0.0264876 -0.0287014 -0.0303453 -0.0314016 -0.0318625 -0.0317483 -0.0311 -0.0299724 -0.0284789 -0.0266992 -0.0246678 -0.0225093 -0.0202848 -0.0180825 -0.0159254 -0.0138664 -0.0119553 -0.0101977 -0.0086482 -0.00728036 -0.00607854 -0.00504471 -0.00418801 -0.00347867 -0.00286939 -0.00236579 -0.00198015 -0.00167341 -0.00141896 -0.0012257 -0.00109155 -0.00100085 -0.000924636 -0.000875022 -0.000844883 -0.000825306 -0.00081649 -0.000806913 -0.000802378 -0.000798135 -0.000797736 -0.000796389 -0.00078854 -0.000786222 -0.000788724 
0 5.33936e-06 3.26683e-05 5.2773e-05 5.95746e-05 6.40851e-05 9.11739e-05 0.000112842 0.000118638 0.000134404 0.000167594 0.000207033 0.0002423 0.000301244 0.000389014 0.000502877 0.000649495 0.000844551 0.00109977 0.00142443 0.00183079 0.00232444 0.00292691 0.00367337 0.00458135 0.00564058 0.00688057 0.00833871 0.0100199 0.0118922 0.0139545 0.0162103 0.0186148 0.0211246 0.0236853 0.0262524 0.0287533 0.0311264 0.03327 0.0350671 0.0364529 0.0373638 0.0377295 0.0374816 0.0366008 0.0350851 0.0329437 0.0302134 0.0269335 0.0231406 0.0189524 0.0144845 0.00984604 0.00515371 0.000515671 -0.00394961 -0.0081309 -0.0119034 -0.0151869 -0.0179301 -0.0200648 -0.0215424 -0.0223423 -0.0224238 -0.0218268 -0.020621 -0.018899 -0.0168026 -0.0145053 -0.0121929 -0.0100759 -0.00835916 -0.00720256 -0.00669895 -0.00688497 -0.00770747 -0.00904267 -0.0107508 -0.0126299 -0.0144835 -0.016145 -0.0174436 -0.0182688 -0.0185916 -0.0183921 -0.0177309 -0.0166927 -0.0153668 -0.0138709 -0.0123026 -0.0107157 -0.0091983 -0.00779374 -0.00652671 -0.00542601 -0.00449689 -0.00372105 -0.00310145 -0.00261527 -0.00225684 -0.00201925 -0.00190045 -0.00190722 -0.00204966 -0.00232295 -0.0027514 -0.00332394 -0.00403164 -0.00487658 -0.00583297 -0.00685962 -0.00793859 -0.00898427 -0.00990282 -0.0105908 -0.0109163 -0.0107647 -0.010049 -0.00868128 -0.00666992 -0.0040567 -0.000916381 0.00260725 0.00635465 0.0101639 0.0138366 0.0172163 0.0201699 0.0225999 0.0244875 0.0258747 0.0268431 0.027494 0.0279266 0.0281963 0.0283186 0.0282976 0.0281015 0.0276616 0.0269327 0.0258123 0.0242155 0.0221066 0.0194628 0.0162987 0.0126726 0.00862514 0.00422577 -0.00043075 -0.0052151 -0.0100066 -0.0146876 -0.0191303 -0.0232501 -0.026937 -0.0300838 -0.0326389 -0.034581 -0.0358836 -0.0365452 -0.0365724 -0.0360002 -0.0348865 -0.0333384 -0.0314354 -0.0292397 -0.026858 -0.0243855 -0.0218975 -0.0194342 -0.0170572 -0.0148071 -0.0127247 -0.0108485 -0.00917754 -0.00769825 -0.00641625 -0.0053462 -0.00445179 -0.00369034 -0.00305962 -0.00256473 -0.00216814 -0.00184344 -0.00158885 -0.00140758 -0.00127339 -0.00116584 -0.00109041 -0.00103708 -0.0010072 -0.000984452 -0.000971058 -0.00095893 -0.000951188 -0.000953548 -0.00094822 -0.000946996 -0.000942864 -0.000948586 
0 9.15446e-06 3.83183e-05 6.15907e-05 7.67274e-05 8.63549e-05 0.000112842 0.000136212 0.000147039 0.000171608 0.00021141 0.000261741 0.000314992 0.000395248 0.00051434 0.000669828 0.000870119 0.00112977 0.00146313 0.00188286 0.00240118 0.00302721 0.00378953 0.00471576 0.00583013 0.00712754 0.00863292 0.0103804 0.0123569 0.0145431 0.0169139 0.0194676 0.0221574 0.0249253 0.0277198 0.0304731 0.0331183 0.0355725 0.0377334 0.0394934 0.0407891 0.041562 0.0417569 0.041309 0.0402003 0.038434 0.0360212 0.033014 0.0294488 0.02539 0.0209423 0.0162212 0.0113284 0.00637338 0.0014564 -0.00329813 -0.00777125 -0.0118426 -0.0154196 -0.0184521 -0.0208692 -0.0226187 -0.0236567 -0.0239452 -0.0234936 -0.0223748 -0.0206749 -0.0185497 -0.0161848 -0.0137911 -0.0116007 -0.0098448 -0.00869568 -0.00826826 -0.00859566 -0.00961416 -0.0111974 -0.01317 -0.0153137 -0.0174124 -0.019276 -0.0207199 -0.0216332 -0.0219604 -0.0216974 -0.0208985 -0.0196598 -0.0180828 -0.0163107 -0.0144499 -0.0125877 -0.0108106 -0.0091787 -0.00770387 -0.00641588 -0.00531636 -0.00439632 -0.00364596 -0.00306665 -0.00264156 -0.00236572 -0.00223307 -0.00225178 -0.0024113 -0.00272332 -0.00320146 -0.00384691 -0.00465156 -0.0056275 -0.00673591 -0.00793337 -0.00917106 -0.0103643 -0.0113914 -0.0121417 -0.0124714 -0.012254 -0.0113781 -0.00976707 -0.00740326 -0.00433962 -0.000664361 0.00346342 0.00785355 0.0122994 0.0165862 0.0205123 0.0239207 0.0267041 0.0288264 0.0303345 0.0313196 0.0318971 0.0321794 0.0322419 0.032105 0.0317867 0.0312526 0.030457 0.0293491 0.0278493 0.0258762 0.0233999 0.0203914 0.0168722 0.0128917 0.0084975 0.00376702 -0.00120104 -0.00628247 -0.01136 -0.016321 -0.0210617 -0.0254797 -0.0294757 -0.032928 -0.0357773 -0.0379907 -0.0395406 -0.0404244 -0.0406441 -0.0402261 -0.0392278 -0.0377386 -0.0358311 -0.0335824 -0.031083 -0.0284472 -0.0257458 -0.0230383 -0.0203895 -0.017843 -0.0154606 -0.0132748 -0.0113035 -0.00954163 -0.00800132 -0.00669687 -0.00559555 -0.00466033 -0.00388267 -0.00325824 -0.00275361 -0.00234121 -0.0020109 -0.00176552 -0.00157676 -0.00143074 -0.00132354 -0.00124598 -0.00119925 -0.00116242 -0.00114177 -0.00112283 -0.00111222 -0.00111346 -0.00110696 -0.00110728 -0.00110289 -0.00110838 
0 1.26901e-05 3.24712e-05 6.09828e-05 7.34591e-05 9.40961e-05 0.000118638 0.000147039 0.000175543 0.000212099 0.000272164 0.000339964 0.000426345 0.000541406 0.000701745 0.000909542 0.0011715 0.00150133 0.00192119 0.00244473 0.00308615 0.00386709 0.00480365 0.00594208 0.00728097 0.00884319 0.010638 0.0126746 0.0149549 0.0174254 0.0200835 0.0228878 0.0258023 0.028765 0.0317 0.0345449 0.0372189 0.0396339 0.0416941 0.0433118 0.0444191 0.0449864 0.0449418 0.0442582 0.0429043 0.0408851 0.0382488 0.035022 0.0312754 0.0270751 0.0225107 0.0176921 0.0127146 0.00765932 0.0026456 -0.00223677 -0.0068556 -0.0110983 -0.0148932 -0.0181525 -0.0208201 -0.0228261 -0.0240978 -0.0246 -0.0243435 -0.0233659 -0.0217917 -0.0197542 -0.0174444 -0.0150927 -0.0129447 -0.0112363 -0.0101823 -0.00989957 -0.0104193 -0.0116856 -0.0135413 -0.0157876 -0.0182034 -0.020543 -0.0225819 -0.0241633 -0.025146 -0.0254644 -0.0251149 -0.0241572 -0.0227007 -0.0208866 -0.0188196 -0.0166544 -0.0145218 -0.0124901 -0.0106004 -0.00891738 -0.00743647 -0.00615383 -0.00507992 -0.00421865 -0.00353418 -0.0030355 -0.00272078 -0.00257289 -0.00257721 -0.00276275 -0.00311691 -0.00363882 -0.00435041 -0.00526602 -0.00634589 -0.0075892 -0.00895447 -0.0103429 -0.0116462 -0.0127771 -0.0135778 -0.0138969 -0.0135888 -0.0125367 -0.0106616 -0.00794868 -0.00442013 -0.000203854 0.00452101 0.00954259 0.0146163 0.0194811 0.0239199 0.0277459 0.0308351 0.0331589 0.0347467 0.0356907 0.0361237 0.0361641 0.035896 0.0353966 0.0346673 0.0337118 0.0324991 0.0309679 0.0290542 0.0267031 0.0238553 0.0205235 0.0167167 0.0124728 0.00786256 0.00293857 -0.00218822 -0.00740575 -0.0126086 -0.0176914 -0.0225635 -0.0271476 -0.0313181 -0.0349914 -0.0380771 -0.0405303 -0.0423358 -0.0434634 -0.043926 -0.0437354 -0.0429422 -0.0416133 -0.0398171 -0.0376156 -0.0351139 -0.0324 -0.0295715 -0.0266989 -0.023835 -0.0210612 -0.018413 -0.0159544 -0.0136953 -0.0116509 -0.00984554 -0.00827955 -0.00694425 -0.00580407 -0.00484995 -0.00406875 -0.00343399 -0.00291132 -0.00249481 -0.00216652 -0.00191787 -0.00172741 -0.00158147 -0.0014844 -0.00140796 -0.00136307 -0.00132557 -0.00130193 -0.00129086 -0.00127977 -0.00128043 -0.00126782 -0.00126925 -0.00126721 
0 1.72216e-05 3.97948e-05 5.87639e-05 8.32696e-05 0.000105652 0.000134404 0.000171608 0.000212099 0.000269895 0.000340141 0.000434792 0.000558674 0.000716854 0.000930671 0.00120274 0.00154182 0.00196573 0.00248947 0.00314207 0.00393533 0.0048868 0.00604105 0.0073985 0.00899684 0.0108318 0.0129112 0.0152462 0.0177818 0.0205304 0.0234162 0.0264242 0.0295035 0.0325663 0.0355623 0.0383793 0.04097 0.0432319 0.0450832 0.0464604 0.0473132 0.0475883 0.0472697 0.0463072 0.0446969 0.0424665 0.0396406 0.0363016 0.0324711 0.0282512 0.0237022 0.0189216 0.0139905 0.00900668 0.00403492 -0.000809429 -0.00542612 -0.00973811 -0.0136375 -0.0170654 -0.0199322 -0.0221564 -0.0236466 -0.0243825 -0.0243263 -0.023571 -0.022183 -0.0203298 -0.0181922 -0.0159988 -0.0140029 -0.0124759 -0.0116021 -0.0115448 -0.0123281 -0.0138689 -0.01604 -0.0185953 -0.0212849 -0.0238708 -0.0261184 -0.0278108 -0.0288409 -0.0291154 -0.0286711 -0.0275483 -0.0258639 -0.0237588 -0.0214383 -0.0190028 -0.0165761 -0.0142442 -0.0121146 -0.0101759 -0.00847845 -0.00703013 -0.00582648 -0.00481855 -0.00405752 -0.00348967 -0.00310646 -0.00291052 -0.00292646 -0.00309879 -0.00348339 -0.00407527 -0.00487739 -0.00586691 -0.00707765 -0.00843522 -0.00990011 -0.0113948 -0.012847 -0.0140557 -0.014884 -0.0151706 -0.0147709 -0.0135237 -0.0113731 -0.00825972 -0.004275 0.000466011 0.00578211 0.0114124 0.0170585 0.0224777 0.0273819 0.0315752 0.0349418 0.0374032 0.0390099 0.0398536 0.0400574 0.039758 0.0390886 0.0381077 0.0369014 0.0354521 0.0337698 0.0317856 0.0294555 0.0267081 0.0235334 0.019909 0.015887 0.0114952 0.00677979 0.00181606 -0.00332326 -0.00853839 -0.0137258 -0.0187889 -0.0236778 -0.0282705 -0.0325193 -0.0363015 -0.0395557 -0.0422244 -0.0442662 -0.0456685 -0.0464116 -0.0465062 -0.0459978 -0.0449235 -0.0433292 -0.0413039 -0.0388863 -0.0362129 -0.0333436 -0.0303769 -0.0273859 -0.0244159 -0.0215683 -0.018852 -0.0163272 -0.0140121 -0.0119288 -0.0100984 -0.00850307 -0.00713881 -0.00598655 -0.0050257 -0.00423936 -0.0035955 -0.00306902 -0.00265469 -0.00232557 -0.00207875 -0.00188826 -0.00174601 -0.00164969 -0.00157126 -0.0015241 -0.00148783 -0.00146687 -0.00145678 -0.0014416 -0.00143888 -0.00143 -0.00142883 
0 3.11102e-05 4.79502e-05 7.69617e-05 9.96283e-05 0.000138447 0.000167594 0.00021141 0.000272164 0.000340141 0.000433329 0.000552744 0.000722061 0.000931166 0.00120387 0.00155094 0.00198746 0.00252133 0.00318192 0.00399135 0.00496392 0.00613555 0.00751772 0.00914609 0.0110027 0.0131194 0.0154811 0.0180614 0.0208478 0.0237939 0.0268757 0.030017 0.0331771 0.0362722 0.039213 0.0419121 0.0443088 0.0463127 0.0478617 0.0489198 0.0494255 0.049374 0.0487152 0.0474719 0.0456287 0.0432145 0.0403035 0.0369173 0.0331162 0.0289786 0.0245504 0.0199212 0.0151768 0.0103698 0.00559815 0.000906177 -0.0035977 -0.00784801 -0.0117736 -0.0152625 -0.018247 -0.0206371 -0.0223208 -0.0232758 -0.0234855 -0.0229683 -0.0218453 -0.0202407 -0.0183429 -0.0163995 -0.014679 -0.0134232 -0.0128652 -0.013135 -0.014248 -0.0161393 -0.0186501 -0.0215287 -0.0245413 -0.027401 -0.0298287 -0.031656 -0.0327299 -0.0329554 -0.0323741 -0.0310625 -0.0291583 -0.0268364 -0.0242107 -0.0214519 -0.0187378 -0.0161299 -0.013694 -0.0115226 -0.00961517 -0.00796769 -0.0066029 -0.00550283 -0.00462479 -0.00396685 -0.00353043 -0.00329693 -0.00325771 -0.00345042 -0.00387435 -0.00450578 -0.0053727 -0.00647973 -0.00776262 -0.00921941 -0.0108151 -0.0124114 -0.0139007 -0.015173 -0.0160309 -0.0162911 -0.0157664 -0.0143007 -0.0118409 -0.00835821 -0.00389696 0.00136516 0.00721755 0.0134029 0.0196006 0.0255144 0.0308526 0.035375 0.0389311 0.0414682 0.0430041 0.0436497 0.0435543 0.0428643 0.0417109 0.0402306 0.0384675 0.0364768 0.0342799 0.0318134 0.0290526 0.0259607 0.0224805 0.0186501 0.0144959 0.010036 0.00534906 0.000455509 -0.00456173 -0.00963768 -0.0146886 -0.0196273 -0.0243998 -0.0289301 -0.0331262 -0.0369458 -0.0402966 -0.0431184 -0.0453928 -0.0470543 -0.0481049 -0.0485281 -0.0483604 -0.0476147 -0.0463311 -0.0445629 -0.0423687 -0.0398206 -0.0370136 -0.0340435 -0.0309659 -0.0278869 -0.0248533 -0.0219357 -0.0191674 -0.0165975 -0.0142617 -0.0121556 -0.0103049 -0.00869873 -0.00732926 -0.00616746 -0.00520662 -0.00441326 -0.00376731 -0.00323799 -0.00282043 -0.00249768 -0.00223878 -0.00205365 -0.00190433 -0.0018076 -0.00172889 -0.00168034 -0.00165281 -0.00162145 -0.00161631 -0.00159768 -0.00160055 -0.00159197 
0 3.90511e-05 6.13771e-05 8.71851e-05 0.000124938 0.000170821 0.000207033 0.000261741 0.000339964 0.000434792 0.000552744 0.000712416 0.000936633 0.00120928 0.00155588 0.00199688 0.00254563 0.00322042 0.0040349 0.00502801 0.00621034 0.00760789 0.00925682 0.0111412 0.0132776 0.0156626 0.0182813 0.0211076 0.0240822 0.0272147 0.030415 0.0336236 0.0367813 0.0397903 0.0425854 0.0450549 0.0471668 0.0488375 0.0500181 0.0506919 0.0508214 0.0503782 0.0493804 0.047841 0.0457816 0.043249 0.0402863 0.036949 0.0332506 0.0292842 0.0250784 0.0207058 0.0162322 0.011727 0.00722499 0.0027941 -0.00148999 -0.00558979 -0.00940733 -0.0128637 -0.0158813 -0.0183676 -0.0202097 -0.0213843 -0.0218227 -0.0215802 -0.0207209 -0.0194038 -0.0178192 -0.0162136 -0.0148527 -0.0139985 -0.0138338 -0.0145157 -0.0160509 -0.0183517 -0.0212805 -0.0245525 -0.0278956 -0.0310344 -0.0336855 -0.0356249 -0.0367356 -0.036924 -0.0362543 -0.0347803 -0.0326396 -0.0300113 -0.0271069 -0.024054 -0.0210154 -0.0180889 -0.0153999 -0.0129636 -0.0108257 -0.00899511 -0.00746981 -0.00619495 -0.00521383 -0.00447236 -0.0039588 -0.00367599 -0.00364384 -0.00381416 -0.00424292 -0.004918 -0.00584507 -0.00700069 -0.00839364 -0.00994663 -0.0116101 -0.0132769 -0.0148633 -0.0161556 -0.0169762 -0.0171429 -0.0164814 -0.0148047 -0.0120577 -0.00818192 -0.00328864 0.0024561 0.00883767 0.0155459 0.0222219 0.028578 0.0342654 0.0390324 0.0427293 0.0452516 0.0466442 0.0470233 0.0465446 0.0453849 0.0437224 0.0416715 0.0393493 0.0367903 0.0340551 0.0311003 0.0279263 0.0244977 0.0207969 0.0168216 0.0126223 0.0082053 0.00361919 -0.00108901 -0.00588629 -0.0107222 -0.0155287 -0.0202367 -0.0248168 -0.0291595 -0.0332392 -0.0369896 -0.0403587 -0.0432895 -0.0457412 -0.0476689 -0.0490306 -0.0498102 -0.0500248 -0.04966 -0.0487388 -0.0473269 -0.0454246 -0.0431249 -0.0404807 -0.0375973 -0.0345489 -0.0314091 -0.0282851 -0.0252003 -0.0222353 -0.0194435 -0.0168534 -0.0144871 -0.0123598 -0.0105004 -0.0088904 -0.00750208 -0.00634085 -0.00537732 -0.00458286 -0.00393067 -0.00340153 -0.00298776 -0.00265414 -0.00239969 -0.00220776 -0.00206456 -0.00196283 -0.00189167 -0.00184492 -0.00180696 -0.00178479 -0.00177463 -0.00176765 -0.00175839 
0 4.13099e-05 5.91925e-05 8.95006e-05 0.000134814 0.000195594 0.0002423 0.000314992 0.000426345 0.000558674 0.000722061 0.000936633 0.00123151 0.00158537 0.00202124 0.00256747 0.00324722 0.00407035 0.00506213 0.00625696 0.00766719 0.00932366 0.0112369 0.013404 0.0158073 0.0184552 0.0213177 0.0243418 0.0274868 0.0307263 0.0339869 0.0371712 0.0402206 0.0430506 0.0455873 0.0477424 0.0494876 0.0507544 0.051512 0.051764 0.0514763 0.0506562 0.0493195 0.0475284 0.0453037 0.0426874 0.0397379 0.03648 0.0329461 0.0292168 0.0253125 0.0212842 0.0171867 0.0130498 0.00891528 0.00481188 0.000815719 -0.00304122 -0.00668331 -0.0100188 -0.0129847 -0.0154945 -0.0174287 -0.0187503 -0.0194026 -0.0193967 -0.0188238 -0.0178272 -0.0166014 -0.0153956 -0.0144801 -0.0140867 -0.0144186 -0.0156062 -0.0176458 -0.0204471 -0.0238464 -0.0275468 -0.0312769 -0.0347295 -0.0376047 -0.0397063 -0.040895 -0.0410696 -0.0402922 -0.0386458 -0.0362835 -0.0333993 -0.0301711 -0.0267821 -0.0234324 -0.0202152 -0.0172282 -0.0145392 -0.0121671 -0.0101119 -0.00838946 -0.00697109 -0.00584722 -0.0049984 -0.00442049 -0.00409537 -0.00401828 -0.00419069 -0.00462889 -0.00531356 -0.00626742 -0.00748458 -0.00892613 -0.010554 -0.012311 -0.0140472 -0.0156427 -0.0169288 -0.0177049 -0.0177749 -0.0169397 -0.0150242 -0.0119793 -0.00776276 -0.00245733 0.00373764 0.0105765 0.0177394 0.0248406 0.0315514 0.037512 0.0424444 0.0461777 0.0486235 0.0498046 0.0498555 0.0489493 0.0472838 0.0450546 0.0424285 0.0395123 0.0363908 0.0331324 0.0297177 0.0261713 0.0224836 0.01862 0.0145945 0.0104283 0.00611265 0.00170689 -0.00276678 -0.00726913 -0.0117773 -0.0162463 -0.0206333 -0.0249166 -0.0290187 -0.032899 -0.0365359 -0.0398697 -0.0428493 -0.0454493 -0.0475985 -0.0492626 -0.0504009 -0.0510103 -0.0510542 -0.050546 -0.049531 -0.0480117 -0.046035 -0.0436573 -0.0409659 -0.0380241 -0.0349326 -0.0317718 -0.0286009 -0.0254903 -0.022515 -0.0197102 -0.0170881 -0.014697 -0.0125687 -0.0106991 -0.00906068 -0.0076682 -0.00650256 -0.00553566 -0.00473309 -0.00407985 -0.00355867 -0.00313558 -0.00281229 -0.00255674 -0.00237009 -0.0022272 -0.00212895 -0.00206074 -0.00200019 -0.00197261 -0.00195179 -0.00194428 -0.00192676 
0 4.65074e-05 6.84779e-05 0.000106197 0.000164801 0.000239784 0.000301244 0.000395248 0.000541406 0.000716854 0.000931166 0.00120928 0.00158537 0.00203667 0.00258294 0.00326208 0.00409883 0.00510487 0.00630415 0.00773155 0.00939713 0.0113226 0.0135078 0.0159407 0.0185968 0.0214765 0.0245416 0.0277223 0.0309735 0.0342553 0.037486 0.0405535 0.0433963 0.0459472 0.0481395 0.049906 0.0512222 0.0520408 0.0523454 0.0521571 0.0514616 0.05028 0.0486498 0.0466475 0.0443012 0.0416487 0.0387479 0.0356209 0.0323079 0.0288755 0.0253351 0.0217076 0.0180272 0.0143097 0.0105834 0.00687015 0.00322979 -0.000315407 -0.00370439 -0.00685065 -0.00969606 -0.01215 -0.0140989 -0.015494 -0.0162864 -0.016482 -0.0161761 -0.0155109 -0.0146797 -0.0139229 -0.0135034 -0.0136428 -0.0145351 -0.0162984 -0.0189183 -0.0222909 -0.026229 -0.0304239 -0.0345834 -0.0383959 -0.0415547 -0.0438522 -0.0451415 -0.045336 -0.0444887 -0.0426893 -0.0400983 -0.0369396 -0.0334165 -0.0297248 -0.0260564 -0.0225269 -0.0192385 -0.0162648 -0.0136306 -0.0113478 -0.00942298 -0.00783481 -0.00656977 -0.00560825 -0.00493606 -0.00454278 -0.0044204 -0.00456921 -0.00499787 -0.00569593 -0.006672 -0.00791979 -0.00939981 -0.0110697 -0.0128581 -0.0146284 -0.0162427 -0.0175104 -0.0182098 -0.0181466 -0.0171252 -0.014979 -0.0116461 -0.00709986 -0.00143182 0.00514949 0.0123846 0.0199247 0.0273607 0.0343304 0.0404611 0.0454623 0.0491581 0.0514587 0.0523863 0.0520777 0.0507133 0.0485122 0.0456996 0.0424782 0.0389853 0.0353355 0.0316046 0.027796 0.0239417 0.0200492 0.0160895 0.0120753 0.00801027 0.00387392 -0.000291945 -0.00446877 -0.00862993 -0.0127635 -0.0168425 -0.0208511 -0.0247796 -0.0285759 -0.0322108 -0.0356794 -0.0389275 -0.0419101 -0.0446014 -0.0469341 -0.0488668 -0.0503511 -0.0513562 -0.051823 -0.051752 -0.051173 -0.0500837 -0.0485043 -0.0464791 -0.0440734 -0.041343 -0.0383844 -0.0352735 -0.0320777 -0.0288771 -0.0257614 -0.0227695 -0.019921 -0.0172775 -0.0148873 -0.0127527 -0.0108549 -0.00921574 -0.00782618 -0.00666216 -0.00568692 -0.00488759 -0.00423984 -0.00371203 -0.00330136 -0.00297139 -0.00272228 -0.00252928 -0.00239427 -0.00229664 -0.00221352 -0.00217041 -0.00214064 -0.00212509 -0.00210015 
0 5.38346e-05 8.80316e-05 0.00013369 0.000211857 0.000302374 0.000389014 0.00051434 0.000701745 0.000930671 0.00120387 0.00155588 0.00202124 0.00258294 0.00325808 0.00409459 0.00511151 0.0063326 0.00776744 0.00945492 0.0114006 0.0136022 0.0160675 0.0187477 0.0216402 0.0247138 0.0279254 0.0312033 0.0344716 0.0377103 0.0408048 0.0436602 0.0462101 0.0484023 0.0501919 0.0515195 0.0523662 0.052708 0.0525449 0.0519126 0.0508359 0.0493239 0.0474592 0.0452962 0.0428794 0.0402478 0.0374378 0.0344975 0.031452 0.0283544 0.0252055 0.0220001 0.0187476 0.0154791 0.0121854 0.00890505 0.00566337 0.00247043 -0.000608525 -0.00350498 -0.00615136 -0.00845589 -0.010327 -0.0117202 -0.0125828 -0.0129487 -0.0128815 -0.0125332 -0.0120915 -0.0117912 -0.011883 -0.0126026 -0.0141074 -0.0165095 -0.0197774 -0.0237787 -0.028311 -0.033064 -0.0377105 -0.0419391 -0.0454448 -0.0479825 -0.0494127 -0.0496581 -0.0487686 -0.0468488 -0.0440769 -0.0406709 -0.0368772 -0.0328868 -0.0288885 -0.0250289 -0.0214371 -0.0181572 -0.0152457 -0.0127254 -0.0105907 -0.00880735 -0.00739221 -0.00630098 -0.0055122 -0.0050249 -0.00484684 -0.00494351 -0.00534291 -0.00604122 -0.00702794 -0.00827767 -0.00978538 -0.0114747 -0.013261 -0.015023 -0.0166218 -0.0178324 -0.0184477 -0.0182533 -0.0170532 -0.0146863 -0.0110867 -0.00623634 -0.000262478 0.00663379 0.014179 0.0219938 0.0296611 0.0367968 0.0430032 0.0479842 0.0515659 0.0536462 0.0542742 0.053583 0.0517602 0.0490394 0.0456767 0.0418799 0.0378513 0.0337137 0.0295665 0.0254369 0.0213544 0.017325 0.0133428 0.00939393 0.00548428 0.00158824 -0.00229062 -0.00611843 -0.00990508 -0.0136379 -0.0173057 -0.0209122 -0.0244624 -0.0279131 -0.0312777 -0.0345359 -0.0376588 -0.0406016 -0.043321 -0.0457826 -0.0479248 -0.0497153 -0.0510952 -0.0519872 -0.0523701 -0.0522607 -0.0516336 -0.0505064 -0.0488934 -0.046843 -0.0444123 -0.0416616 -0.0386893 -0.0355365 -0.0323152 -0.029118 -0.0259858 -0.0229623 -0.0200977 -0.0174688 -0.0150746 -0.0129143 -0.011015 -0.00937962 -0.00799002 -0.00681507 -0.00584017 -0.0050422 -0.00439242 -0.00387333 -0.00345929 -0.0031285 -0.00287799 -0.00269569 -0.00255914 -0.00245282 -0.00238091 -0.00234387 -0.00231172 -0.00228182 
0 6.47849e-05 0.000111285 0.000172912 0.000267561 0.000381572 0.000502877 0.000669828 0.000909542 0.00120274 0.00155094 0.00199688 0.00256747 0.00326208 0.00409459 0.00510837 0.00634132 0.00779097 0.00948883 0.0114438 0.0136632 0.0161462 0.0188517 0.0217739 0.024854 0.0280825 0.0313923 0.0346823 0.0379131 0.0409986 0.0438781 0.046432 0.0486096 0.0503892 0.0517178 0.0525707 0.052925 0.052778 0.0521586 0.0511221 0.049691 0.0479248 0.045862 0.043596 0.0411593 0.0385804 0.0359222 0.0331957 0.0304495 0.0277002 0.02494 0.0221455 0.0193379 0.0165042 0.0136772 0.0108414 0.00801358 0.00521519 0.00247895 -0.000105239 -0.00247098 -0.00454798 -0.00626232 -0.00756034 -0.00844641 -0.00889619 -0.00902017 -0.00894229 -0.00885612 -0.0089975 -0.00962421 -0.0109217 -0.0130785 -0.0161499 -0.0200943 -0.0247792 -0.0299614 -0.0353236 -0.0405375 -0.045246 -0.0491237 -0.0519617 -0.0535879 -0.0539371 -0.053052 -0.0510732 -0.0481733 -0.0445909 -0.040524 -0.0362286 -0.0319166 -0.0277435 -0.023804 -0.0202337 -0.0170489 -0.0142638 -0.0118857 -0.00992369 -0.00830819 -0.00705443 -0.0061475 -0.00556379 -0.00527007 -0.00531538 -0.00566575 -0.00631907 -0.00728011 -0.00854775 -0.010033 -0.0117144 -0.0134955 -0.0152335 -0.0167467 -0.017878 -0.01839 -0.0180754 -0.0167097 -0.0141483 -0.01032 -0.00524797 0.000982692 0.00812784 0.015878 0.0238644 0.031661 0.0388422 0.0450352 0.0499244 0.0533122 0.0551452 0.055438 0.0543497 0.0520842 0.048884 0.045005 0.0407196 0.0361997 0.0316471 0.0271502 0.0227651 0.0185249 0.0144411 0.0104823 0.00666199 0.00294537 -0.000688099 -0.00422876 -0.00769575 -0.0110779 -0.0143995 -0.0176588 -0.0208695 -0.0240262 -0.0271371 -0.0301853 -0.0332102 -0.0361664 -0.0390154 -0.0417304 -0.0442468 -0.0465465 -0.0485789 -0.0502809 -0.0515685 -0.0524007 -0.0527552 -0.0526254 -0.0519709 -0.0508224 -0.0491977 -0.0471297 -0.044702 -0.0419395 -0.0389377 -0.035771 -0.0325537 -0.0293491 -0.0261819 -0.0231468 -0.0202932 -0.0176534 -0.0152348 -0.013065 -0.0111708 -0.00953486 -0.00813481 -0.00696025 -0.00598531 -0.0051888 -0.00454771 -0.00402381 -0.00360789 -0.00328051 -0.00304249 -0.002861 -0.00271424 -0.00261995 -0.00255532 -0.00251424 -0.00247435 
0 7.64096e-05 0.000143389 0.000220673 0.000340017 0.000481591 0.000649495 0.000870119 0.0011715 0.00154182 0.00198746 0.00254563 0.00324722 0.00409883 0.00511151 0.00634132 0.00780042 0.00951666 0.0114775 0.0137031 0.0161951 0.0189157 0.0218606 0.0249558 0.0281972 0.0315172 0.0348456 0.0380975 0.0411784 0.044054 0.0466186 0.0488037 0.0505557 0.051861 0.0526945 0.053044 0.0528897 0.0522734 0.051238 0.049839 0.0481456 0.0461606 0.0439899 0.0416661 0.0392552 0.036794 0.0343006 0.0318206 0.0293716 0.0269543 0.0245666 0.0221818 0.0197885 0.0174183 0.0150282 0.0126455 0.0102421 0.00783965 0.00549279 0.00326587 0.00122238 -0.00056238 -0.00205369 -0.00320801 -0.00399883 -0.00447017 -0.00468817 -0.00481283 -0.00504567 -0.00562162 -0.00675245 -0.0086601 -0.0114507 -0.0151899 -0.0198303 -0.0252148 -0.0310808 -0.037118 -0.0429243 -0.0481584 -0.0525016 -0.0556803 -0.0575497 -0.058084 -0.0573029 -0.0553273 -0.0523424 -0.0485808 -0.0443161 -0.0397722 -0.0351443 -0.0306427 -0.0264184 -0.022526 -0.0190357 -0.0159901 -0.0133676 -0.0111467 -0.0093485 -0.00792805 -0.00684709 -0.00611832 -0.00574365 -0.0056781 -0.00594175 -0.00654799 -0.00746401 -0.00866252 -0.0101388 -0.011796 -0.013514 -0.0151885 -0.0166577 -0.017695 -0.01809 -0.0176266 -0.0161171 -0.0134226 -0.00943486 -0.00417503 0.00220633 0.00949114 0.0173661 0.0254103 0.0332157 0.0403474 0.0464263 0.051152 0.0543378 0.0558843 0.0558593 0.0543892 0.0517002 0.0480554 0.0437474 0.0390225 0.0341365 0.0292498 0.0244859 0.0199273 0.015596 0.0115044 0.00764619 0.00398212 0.000488635 -0.00284809 -0.00607108 -0.0091487 -0.0121371 -0.0150453 -0.0178994 -0.0207237 -0.0235149 -0.0262678 -0.029021 -0.031773 -0.0345331 -0.0372689 -0.0399142 -0.0424647 -0.0448479 -0.0470593 -0.0490143 -0.050636 -0.0518728 -0.0526849 -0.0530344 -0.0528883 -0.052231 -0.0510727 -0.049457 -0.0473996 -0.0449697 -0.0421888 -0.0391738 -0.0360168 -0.0327824 -0.0295466 -0.0263617 -0.0233295 -0.0204625 -0.0177998 -0.0153714 -0.0132073 -0.0113147 -0.00967233 -0.00827375 -0.00709804 -0.00613221 -0.0053386 -0.00469589 -0.00416729 -0.00375732 -0.00344467 -0.00319986 -0.0030146 -0.00287354 -0.0027928 -0.00272651 -0.00268322 
0 9.28906e-05 0.000185943 0.00028924 0.000439851 0.000618319 0.000844551 0.00112977 0.00150133 0.00196573 0.00252133 0.00322042 0.00407035 0.00510487 0.0063326 0.00779097 0.00951666 0.011493 0.0137366 0.0162257 0.0189656 0.0219254 0.0250462 0.0283023 0.0316256 0.0349712 0.0382431 0.0413388 0.0442049 0.0467538 0.0489408 0.0506914 0.051968 0.0527753 0.0530927 0.0529353 0.0523041 0.0512541 0.0498587 0.048178 0.046257 0.04415 0.0419085 0.0396024 0.0372834 0.0349708 0.0326907 0.0304526 0.028288 0.0261876 0.0241477 0.02214 0.0201683 0.0182039 0.0162538 0.0142948 0.0123019 0.0103177 0.0083685 0.00652009 0.00484252 0.00337926 0.00216275 0.0012467 0.000599105 0.000214179 -3.69e-05 -0.000306153 -0.000801613 -0.00175403 -0.00337658 -0.00582925 -0.00925416 -0.0136602 -0.0189888 -0.0250767 -0.0316292 -0.0383201 -0.0447628 -0.0505673 -0.0554019 -0.0590293 -0.061262 -0.0620437 -0.0613965 -0.0594832 -0.0564858 -0.0526469 -0.0481989 -0.0434304 -0.0385654 -0.0337965 -0.0292396 -0.0250483 -0.0212621 -0.0179129 -0.0150104 -0.0125702 -0.0105233 -0.0088861 -0.00763966 -0.0067612 -0.00621332 -0.00604193 -0.00620846 -0.00671096 -0.00754166 -0.00869252 -0.010074 -0.0116563 -0.0133298 -0.0149555 -0.0163276 -0.0172799 -0.0175849 -0.0170316 -0.0153996 -0.0125681 -0.00846421 -0.00314245 0.00330083 0.0106197 0.0184716 0.0264687 0.0341919 0.0411856 0.0470973 0.0516182 0.0545434 0.0558292 0.0554938 0.0536867 0.0506439 0.0466352 0.0419591 0.0369228 0.0317407 0.0266338 0.0217006 0.017038 0.0126832 0.00864742 0.00491424 0.00145854 -0.00178812 -0.00483782 -0.00771999 -0.0104534 -0.0130487 -0.015561 -0.0180279 -0.020483 -0.0229219 -0.0253673 -0.0278181 -0.0303147 -0.0328569 -0.035427 -0.0379867 -0.0404961 -0.0429313 -0.0452541 -0.0473957 -0.0492927 -0.0508825 -0.0521055 -0.0529302 -0.0532747 -0.0531244 -0.052464 -0.0513132 -0.0497093 -0.0476471 -0.045195 -0.0424131 -0.0393954 -0.0362291 -0.0329662 -0.0297119 -0.0265297 -0.0234789 -0.0206019 -0.0179239 -0.0155029 -0.0133395 -0.0114429 -0.00980115 -0.00840148 -0.00724072 -0.00627483 -0.00548526 -0.00483707 -0.00432232 -0.0039217 -0.00360316 -0.00335828 -0.00317554 -0.00305421 -0.00296699 -0.00291003 
