0 0 0 0 0 0 0 0 0 0 0 0 0 0 0 0 0 0 0 0 0 0 0 0 0 0 0 0 0 0 0 0 0 0 0 0 0 0 0 0 0 0 0 0 0 0 0 0 0 0 0 0 0 0 0 0 0 0 0 0 0 0 0 0 0 0 0 0 0 0 0 0 0 0 0 0 0 0 0 0 0 0 0 0 0 0 0 0 0 0 0 0 0 0 0 0 0 0 0 0 0 0 0 0 0 0 0 0 0 0 0 0 0 0 0 0 0 0 0 0 0 0 0 0 0 0 0 0 0 0 0 0 0 0 0 0 0 0 0 0 0 0 0 0 0 0 0 0 0 0 0 0 0 0 0 0 0 0 0 0 0 0 0 0 0 0 0 0 0 0 0 0 0 0 0 0 0 0 0 0 0 0 0 0 0 0 0 0 0 0 0 0 0 0 0 0 0 0 0 0 
0 0.000679194 0.00131905 0.00188011 0.00231346 0.00259458 0.00269173 0.00258761 0.00229522 0.00183954 0.00125238 0.000554369 -0.000211345 -0.00100815 -0.00180478 -0.00255231 -0.00320553 -0.00374195 -0.00416256 -0.00446159 -0.00463671 -0.00470237 -0.00466594 -0.00452143 -0.00429687 -0.0040173 -0.00371459 -0.00340163 -0.00308569 -0.00277998 -0.00247078 -0.00219094 -0.00193177 -0.00171103 -0.00152928 -0.00136334 -0.00121202 -0.00106775 -0.000959017 -0.000871086 -0.000800546 -0.000743781 -0.000689571 -0.000632909 -0.000587631 -0.000543446 -0.000515356 -0.000495822 -0.000469734 -0.000438711 -0.00040056 -0.000379237 -0.000357692 -0.000348134 -0.000336282 -0.000322153 -0.000303981 -0.000288801 -0.000265476 -0.000253574 -0.000247959 -0.000239523 -0.000228363 -0.00020789 -0.000184196 -0.000173466 -0.000178554 -0.000175667 -0.000177644 -0.000168518 -0.000166993 -0.000166413 -0.000166766 -0.000177153 -0.000218528 -0.000262743 -0.000325721 -0.000398753 -0.000493136 -0.000605288 -0.000741402 -0.000903745 -0.00109139 -0.00127988 -0.00147609 -0.00166052 -0.00181042 -0.00191316 -0.00194923 -0.00188376 -0.00170049 -0.0013943 -0.000957133 -0.00040588 0.000220218 0.000889575 0.00155599 0.00215357 0.00264701 0.00298692 0.00313301 0.00308121 0.00283411 0.00240887 0.00186528 0.00124945 0.000614501 1.60741e-05 -0.000511808 -0.000951169 -0.00128154 -0.0014962 -0.00160732 -0.00162453 -0.00156087 -0.00144837 -0.00130701 -0.00113521 -0.000960523 -0.000788682 -0.00062633 -0.000478085 -0.000350729 -0.000233576 -0.000133161 -4.70553e-05 -2.39342e-06 2.97966e-05 5.74568e-05 8.83773e-05 0.000113962 0.000140465 0.000152984 0.000167176 0.000166386 0.000168056 0.000173283 0.000182206 0.000190348 0.000204921 0.000213716 0.000216004 0.000223644 0.000230461 0.000249799 0.000273049 0.000286799 0.000289192 0.000298803 0.000302791 0.000325139 0.000345746 0.000371565 0.000394346 0.00041421 0.00043487 0.000456215 0.000497029 0.000545929 0.000587008 0.000625299 0.000668285 0.000722232 0.000810918 0.00090744 0.00102327 0.00114882 0.00129645 0.00147193 0.0016792 0.00193861 0.00221365 0.00250489 0.00280591 0.00311971 0.00344068 0.00375145 0.00403026 0.00424555 0.00437403 0.00439454 0.00429001 0.0040537 0.00367508 0.00312438 0.00240296 0.00152056 0.000499258 -0.000637006 -0.00185029 -0.00310248 -0.00438972 -0.00567785 -0.00692791 -0.00809896 -0.00915857 -0.0100723 -0.010803 -0.0113576 -0.0117287 
0 0.00131905 0.0025686 0.00364448 0.00448619 0.00501336 0.00519983 0.00499755 0.00443111 0.00355471 0.00240262 0.00104395 -0.000456288 -0.00200459 -0.00354735 -0.00499861 -0.00627196 -0.00733405 -0.00817702 -0.00878064 -0.0091384 -0.0092759 -0.00921148 -0.0089543 -0.00853308 -0.0080188 -0.00743086 -0.00681226 -0.00618214 -0.00555833 -0.0049623 -0.00439993 -0.00389718 -0.00344505 -0.00306652 -0.00273652 -0.00243423 -0.00217117 -0.0019615 -0.00178263 -0.00162699 -0.00149716 -0.00137887 -0.00128089 -0.00118732 -0.00111064 -0.00103971 -0.000986959 -0.000939871 -0.000876194 -0.000826681 -0.000787826 -0.00074296 -0.000710424 -0.000671823 -0.000632798 -0.000612178 -0.00057685 -0.000543747 -0.000510002 -0.000485466 -0.000468439 -0.000440611 -0.000415506 -0.0003892 -0.000363842 -0.000353549 -0.000334895 -0.000321593 -0.000316421 -0.000298444 -0.00031208 -0.000348676 -0.000382667 -0.000432277 -0.000512437 -0.000630948 -0.00079015 -0.000970747 -0.00119547 -0.0014799 -0.00180623 -0.00217063 -0.00256894 -0.00295191 -0.00329926 -0.00361211 -0.00382421 -0.00388133 -0.00375749 -0.00338853 -0.00275599 -0.00189301 -0.000808963 0.00043816 0.00176692 0.00309529 0.004313 0.00530587 0.00598096 0.00626849 0.00614984 0.00563553 0.0047976 0.00372263 0.0024997 0.0012479 5.42213e-05 -0.00102343 -0.00189729 -0.00255064 -0.00298987 -0.0031989 -0.00322489 -0.00312307 -0.00289894 -0.00259693 -0.00226598 -0.00191042 -0.0015548 -0.00123578 -0.000947247 -0.000684214 -0.000463542 -0.000274692 -0.000124266 -4.16537e-06 9.62776e-05 0.000154266 0.000195951 0.000254695 0.000284224 0.000301019 0.000317671 0.000327108 0.00035303 0.000372059 0.000376102 0.000391573 0.000406262 0.000424171 0.000442007 0.000451585 0.00047274 0.000492247 0.000524252 0.00054827 0.000562524 0.000592972 0.000624287 0.000655063 0.000697347 0.000731208 0.000774492 0.000828743 0.000870113 0.000920708 0.000986791 0.00107246 0.00115656 0.00124945 0.00135511 0.00148771 0.00165447 0.00185177 0.00207296 0.00233394 0.00264861 0.00299558 0.00341543 0.00390157 0.00444249 0.00501546 0.00561939 0.00625194 0.00687704 0.00747595 0.00799876 0.00839958 0.00863593 0.00866104 0.00843341 0.00794489 0.00716039 0.00605502 0.00461489 0.00287729 0.00087532 -0.0013653 -0.003747 -0.006233 -0.00876555 -0.0113077 -0.0137642 -0.0160593 -0.0181569 -0.0199533 -0.0214214 -0.0225234 -0.0232759 
0 0.00188011 0.00364448 0.00517152 0.00633536 0.00707546 0.00732465 0.00704265 0.00625382 0.00500716 0.00337218 0.0014156 -0.000730449 -0.00294785 -0.00515217 -0.00723068 -0.00908076 -0.0106461 -0.0119086 -0.0128268 -0.0133771 -0.0136012 -0.013539 -0.0131968 -0.012645 -0.0119306 -0.0111092 -0.0102108 -0.00927862 -0.00837795 -0.00749648 -0.00669953 -0.00594596 -0.00526595 -0.0046789 -0.00415836 -0.00371455 -0.00332033 -0.0030126 -0.00273437 -0.00248065 -0.00226902 -0.002094 -0.0019425 -0.00182349 -0.00169207 -0.0015788 -0.00148492 -0.00139611 -0.00132195 -0.0012482 -0.00120523 -0.00113651 -0.00107395 -0.00100398 -0.000946768 -0.000903377 -0.000874233 -0.000816361 -0.00076779 -0.00072736 -0.000689454 -0.00066268 -0.000628586 -0.00058438 -0.000553241 -0.000538091 -0.00049312 -0.000468781 -0.000444188 -0.000460962 -0.000493612 -0.000523624 -0.000561737 -0.000661362 -0.000772014 -0.000944871 -0.00116749 -0.00146139 -0.00181224 -0.00222921 -0.00271403 -0.00326566 -0.00382981 -0.00441626 -0.00496938 -0.00542235 -0.00572516 -0.00581574 -0.00560369 -0.00504443 -0.00412583 -0.00283251 -0.00120644 0.000650531 0.00264614 0.0046424 0.00644454 0.00792682 0.00893762 0.00936042 0.0091845 0.00842964 0.0071623 0.00555196 0.00373374 0.0018575 7.66863e-05 -0.00150805 -0.0028307 -0.00382685 -0.00447322 -0.00479929 -0.00484248 -0.0046533 -0.00431999 -0.0038997 -0.00339373 -0.0028669 -0.00234072 -0.00184438 -0.00139991 -0.00102861 -0.00070278 -0.000423881 -0.000174745 -1.31523e-05 0.000121902 0.000233982 0.000329101 0.000386628 0.000427942 0.000440043 0.000475649 0.000496628 0.000530751 0.00056164 0.000579888 0.000586063 0.000612329 0.000641338 0.000667527 0.000701254 0.000715832 0.000742326 0.000777159 0.00080793 0.000839298 0.000904308 0.000949239 0.00101046 0.00104637 0.0010931 0.00115563 0.00123667 0.00132343 0.00139551 0.00149407 0.00161223 0.00173829 0.00189413 0.0020801 0.00228405 0.00254644 0.00281979 0.00316022 0.00356646 0.0040559 0.00461002 0.00522187 0.00594622 0.00672355 0.00757126 0.0084674 0.00938836 0.0102893 0.0111171 0.0118285 0.0123621 0.0126631 0.0126614 0.012289 0.0115155 0.0103167 0.00864106 0.0065106 0.00395833 0.00102631 -0.00224398 -0.00575811 -0.00940671 -0.0131457 -0.0168659 -0.0204549 -0.023813 -0.0268667 -0.0295243 -0.0316815 -0.0333337 -0.0344521 
0 0.00231346 0.00448619 0.00633536 0.00775457 0.00863251 0.00893152 0.00858471 0.00761527 0.006086 0.00404781 0.00161923 -0.00106082 -0.00382395 -0.00657617 -0.00919148 -0.0115432 -0.0135659 -0.0152204 -0.0164425 -0.0172046 -0.017553 -0.0175359 -0.0171838 -0.0165445 -0.0157098 -0.0147009 -0.0135822 -0.012411 -0.0112484 -0.0101387 -0.00908896 -0.00811473 -0.00720453 -0.00640634 -0.00570632 -0.00508774 -0.00455622 -0.00411842 -0.00372581 -0.00337151 -0.00307539 -0.00282597 -0.00262813 -0.00244644 -0.00228342 -0.00212635 -0.00199907 -0.00188865 -0.00176771 -0.00167262 -0.00159635 -0.00150565 -0.00142793 -0.00134437 -0.00126912 -0.00122816 -0.00117092 -0.00110894 -0.0010407 -0.000983654 -0.000937698 -0.000883452 -0.000835736 -0.000788581 -0.000744581 -0.000720986 -0.000682376 -0.000653327 -0.000638464 -0.000617032 -0.000644492 -0.00070627 -0.000770693 -0.000871496 -0.00103228 -0.00126969 -0.00158589 -0.00195732 -0.00241359 -0.00297703 -0.00362627 -0.00435 -0.00513068 -0.00589194 -0.00658923 -0.00720001 -0.00761077 -0.00771739 -0.007454 -0.00671089 -0.00545544 -0.00373351 -0.00157872 0.000895069 0.00353019 0.00615805 0.00855931 0.0105177 0.0118481 0.0124162 0.0121818 0.0111704 0.00951163 0.007381 0.00496005 0.0024758 0.00010509 -0.00202545 -0.00376473 -0.00506668 -0.00593444 -0.00635446 -0.00641013 -0.00619895 -0.00575802 -0.00516868 -0.0045109 -0.0038075 -0.00310575 -0.00246396 -0.00188479 -0.00136637 -0.000928043 -0.000555398 -0.000255601 -1.90181e-05 0.000174995 0.000299969 0.000393363 0.000498673 0.000558328 0.000594589 0.000631958 0.000659795 0.000709834 0.000745307 0.000754429 0.000776094 0.00080452 0.000843927 0.000887706 0.000920472 0.000963359 0.00100163 0.00105624 0.00110089 0.00113862 0.00120675 0.00127502 0.00133908 0.0014102 0.00147338 0.00156352 0.00168486 0.00179433 0.0019092 0.00203827 0.00219625 0.00236789 0.00257874 0.00282951 0.00312402 0.00346804 0.00385964 0.00431721 0.00487793 0.00555359 0.00629143 0.00712858 0.00806387 0.00909032 0.0101861 0.0113385 0.012513 0.0136279 0.0146374 0.0154712 0.0160714 0.0163716 0.0162818 0.0157113 0.0146277 0.0129835 0.0107565 0.00795457 0.00464062 0.000852975 -0.00338218 -0.00791994 -0.0126675 -0.0175 -0.0223122 -0.0269366 -0.0312525 -0.0351997 -0.0386224 -0.0414499 -0.0436034 -0.0450774 
0 0.00259458 0.00501336 0.00707546 0.00863251 0.00960108 0.00991197 0.00951228 0.00841721 0.00667816 0.00437213 0.0016057 -0.00144509 -0.00461407 -0.00778961 -0.0108322 -0.0136041 -0.0160173 -0.0180182 -0.0195361 -0.0205325 -0.0210562 -0.0211553 -0.0208428 -0.0201947 -0.0192791 -0.0181624 -0.0168942 -0.015541 -0.0141868 -0.0128432 -0.011578 -0.0103693 -0.00925255 -0.00826026 -0.00736879 -0.0065804 -0.00587818 -0.00529951 -0.00479091 -0.00434206 -0.00396547 -0.00364464 -0.00336137 -0.00312068 -0.0028918 -0.00270175 -0.00254719 -0.00239752 -0.00224886 -0.00210508 -0.00200272 -0.00189431 -0.00180331 -0.00170621 -0.00161505 -0.00153495 -0.0014642 -0.00137343 -0.0012991 -0.00124091 -0.00118282 -0.00112243 -0.00104948 -0.000970567 -0.000918895 -0.000898236 -0.000854313 -0.000825591 -0.000793775 -0.000794243 -0.000821163 -0.000863985 -0.000937683 -0.00109791 -0.00130476 -0.00160185 -0.00198021 -0.00245756 -0.00303385 -0.003728 -0.00453804 -0.00544965 -0.00639649 -0.00735394 -0.00824448 -0.00898077 -0.00946987 -0.00960301 -0.00924946 -0.00831946 -0.00678042 -0.00462976 -0.0019386 0.00113394 0.00441569 0.00767869 0.0106319 0.0130494 0.0146975 0.0153996 0.0151179 0.0138825 0.0118143 0.00916149 0.0061589 0.00306329 0.000120253 -0.00249833 -0.0046682 -0.00630134 -0.00737189 -0.00791333 -0.0079928 -0.00769976 -0.00715064 -0.00644019 -0.00560938 -0.00474054 -0.0038797 -0.00307293 -0.0023452 -0.00171571 -0.00116378 -0.000690899 -0.000291608 -1.76922e-05 0.000193648 0.000359366 0.000502991 0.000617649 0.00070686 0.000756814 0.000812683 0.000842298 0.000881078 0.00091922 0.000949547 0.000980011 0.00103089 0.0010789 0.0011173 0.0011592 0.00119613 0.00125817 0.00133486 0.00139655 0.00144426 0.00152012 0.00158881 0.00168583 0.00177444 0.00187297 0.00198676 0.00211989 0.00226048 0.00240274 0.00258855 0.00280767 0.00304142 0.00331455 0.00363721 0.00401245 0.00447844 0.00499302 0.0056053 0.00632493 0.00716765 0.00810722 0.00914301 0.0103177 0.0115666 0.0128852 0.0142394 0.0155855 0.0168532 0.0179655 0.0188545 0.0194407 0.0196506 0.0193886 0.01856 0.0171214 0.0150372 0.0122654 0.0088411 0.00481862 0.000243009 -0.00484121 -0.010305 -0.0159975 -0.0218082 -0.0275709 -0.0331101 -0.0382889 -0.0430091 -0.0471405 -0.0505507 -0.0531841 -0.0549794 
0 0.00269173 0.00519983 0.00732465 0.00893152 0.00991197 0.0102076 0.00975705 0.00857461 0.00672184 0.00426769 0.00133187 -0.00192853 -0.00534523 -0.00880036 -0.012144 -0.0152215 -0.0179344 -0.0202216 -0.0220104 -0.0232641 -0.0240142 -0.0242885 -0.0241007 -0.0235072 -0.0226066 -0.0214571 -0.0201239 -0.0186681 -0.0171551 -0.0156336 -0.0141516 -0.0127423 -0.0114286 -0.0102477 -0.00917805 -0.00820491 -0.00733783 -0.00660349 -0.00596516 -0.00540705 -0.00493079 -0.00451402 -0.0041503 -0.00382592 -0.00354405 -0.00330548 -0.00311217 -0.00293203 -0.00274236 -0.00257233 -0.00243696 -0.00230721 -0.00219377 -0.00207533 -0.00195903 -0.00186384 -0.00176449 -0.0016627 -0.00156956 -0.00149466 -0.00142599 -0.00134894 -0.00126775 -0.00118699 -0.00112055 -0.0010774 -0.00102323 -0.000979118 -0.000948193 -0.000934897 -0.000971583 -0.00104759 -0.00115065 -0.00131807 -0.00156705 -0.00192132 -0.0023835 -0.00294838 -0.00363921 -0.00447745 -0.00545137 -0.00653575 -0.00768341 -0.00881537 -0.00985664 -0.0107323 -0.0113085 -0.0114425 -0.0110118 -0.00988972 -0.00803147 -0.00546869 -0.00227559 0.00138219 0.00528073 0.00915577 0.0126834 0.015558 0.0175063 0.0183359 0.0179849 0.0165002 0.0140537 0.0109083 0.0073437 0.0036736 0.000166843 -0.00297003 -0.00555527 -0.00749896 -0.00878464 -0.00942515 -0.00951984 -0.00919098 -0.00853815 -0.00767295 -0.00668886 -0.00564892 -0.00462011 -0.00366446 -0.00280412 -0.00204523 -0.00139141 -0.000833333 -0.000375231 -2.02713e-05 0.000257842 0.000457384 0.00061339 0.000754117 0.000850747 0.000912974 0.000968699 0.00101198 0.00106962 0.00111894 0.00115226 0.00119453 0.00124872 0.00130418 0.00135303 0.00139335 0.001445 0.0015142 0.00160481 0.00168241 0.00174659 0.00183269 0.00192669 0.00203804 0.00216063 0.00228348 0.00242344 0.00258461 0.00274707 0.00293327 0.0031672 0.00345044 0.00375834 0.00410841 0.00451548 0.00500139 0.00558847 0.00626152 0.0070327 0.00792165 0.0089375 0.0100529 0.0112963 0.0126706 0.0141292 0.0156246 0.0171217 0.0185773 0.0199144 0.0210601 0.0219193 0.0224035 0.0224281 0.0219012 0.0207399 0.0189099 0.0163685 0.0130833 0.00907344 0.0044047 -0.00087154 -0.00670092 -0.0129325 -0.019427 -0.0260379 -0.0326034 -0.0389191 -0.0448303 -0.0502295 -0.0549534 -0.058885 -0.0619224 -0.0640017 
0 0.00258761 0.00499755 0.00704265 0.00858471 0.00951228 0.00975705 0.00926535 0.00805267 0.00618263 0.00372257 0.000775798 -0.00252328 -0.00602633 -0.00960733 -0.0131102 -0.0163755 -0.0192998 -0.0218164 -0.0238553 -0.0253714 -0.026373 -0.0268687 -0.0268649 -0.0264153 -0.0256121 -0.0245213 -0.0232015 -0.0217127 -0.0201192 -0.0184792 -0.0168486 -0.0152707 -0.0137778 -0.0124043 -0.0111426 -0.00998566 -0.00894949 -0.00805143 -0.00726336 -0.0065678 -0.00596822 -0.00545092 -0.00500349 -0.00460787 -0.00425762 -0.003954 -0.00369905 -0.00346974 -0.00324923 -0.00305559 -0.00289229 -0.00273523 -0.00258522 -0.00243712 -0.00230192 -0.00219205 -0.00208412 -0.00196871 -0.00185501 -0.00175615 -0.00166799 -0.00158126 -0.00149455 -0.00140852 -0.00133409 -0.00127177 -0.00120085 -0.00114111 -0.00110826 -0.00110966 -0.00115782 -0.00123968 -0.00135788 -0.00154944 -0.00183829 -0.00224841 -0.00278986 -0.00346125 -0.00427708 -0.00525234 -0.00637946 -0.00762998 -0.00895151 -0.0102638 -0.0114747 -0.0124772 -0.0131237 -0.0132555 -0.0127263 -0.0114092 -0.00925258 -0.0062817 -0.00258898 0.001638 0.00614349 0.0106129 0.014678 0.0179851 0.0202229 0.0211735 0.0207639 0.0190518 0.0162318 0.0126021 0.00849383 0.00425734 0.000204566 -0.00341942 -0.00641795 -0.00867872 -0.0101701 -0.0109185 -0.0110289 -0.0106413 -0.00988831 -0.00889586 -0.00776227 -0.00656245 -0.00537132 -0.00425533 -0.00325145 -0.00237444 -0.00162254 -0.000981684 -0.000453709 -3.93223e-05 0.000285804 0.000533986 0.000727965 0.000883299 0.000986981 0.00105722 0.00112216 0.0011845 0.00125557 0.00131676 0.00135787 0.00140072 0.00145745 0.00152359 0.00159014 0.00165069 0.00171479 0.00179148 0.00188381 0.00197102 0.00205857 0.00216903 0.00229191 0.0024242 0.00256125 0.0027035 0.00287252 0.00307278 0.00328651 0.00352524 0.0038122 0.0041533 0.0045379 0.00498091 0.0054963 0.00610469 0.00682249 0.00764445 0.00858144 0.00965099 0.010852 0.0121611 0.0135931 0.0151428 0.0167585 0.0183794 0.0199587 0.0214445 0.0227637 0.0238355 0.0245615 0.0248451 0.0245979 0.0237347 0.0221897 0.0199369 0.0169394 0.013164 0.00862311 0.00337815 -0.00250931 -0.00896028 -0.0158241 -0.0229543 -0.0302039 -0.0374047 -0.0443466 -0.050859 -0.0568056 -0.062017 -0.0663578 -0.069715 -0.0720044 
0 0.00229522 0.00443111 0.00625382 0.00761527 0.00841721 0.00857461 0.00805267 0.00686596 0.00506696 0.00272024 -0.000102088 -0.00328571 -0.00671312 -0.0102542 -0.0137611 -0.0170875 -0.0201306 -0.0228144 -0.0250665 -0.0268282 -0.028085 -0.0288352 -0.0290777 -0.0288638 -0.0282476 -0.0273008 -0.026068 -0.0246166 -0.0230233 -0.0213389 -0.0196318 -0.0179271 -0.0162789 -0.0147212 -0.0132694 -0.011937 -0.0107316 -0.00966143 -0.0087057 -0.00785181 -0.00710994 -0.0064805 -0.00593629 -0.00546491 -0.00503446 -0.00465989 -0.00433659 -0.00404816 -0.00379278 -0.00356205 -0.00336186 -0.0031728 -0.00298737 -0.00281446 -0.0026656 -0.0025349 -0.00241852 -0.00228524 -0.00215537 -0.00203646 -0.00192532 -0.00182384 -0.00172077 -0.0016205 -0.00153982 -0.00146837 -0.0013942 -0.00133159 -0.0012889 -0.00129617 -0.00134117 -0.00141987 -0.00155524 -0.00178338 -0.00211706 -0.00258991 -0.00320693 -0.00398163 -0.00491811 -0.00602845 -0.00731189 -0.00873491 -0.0102203 -0.011701 -0.0130682 -0.0141795 -0.0148896 -0.015025 -0.0143975 -0.0128858 -0.0104326 -0.00704763 -0.00285659 0.00192421 0.00701335 0.0120459 0.0166109 0.0203234 0.0228361 0.0239053 0.0234479 0.0215303 0.0183543 0.0142562 0.00961862 0.00482271 0.00023243 -0.00385884 -0.00725416 -0.00981647 -0.011499 -0.0123595 -0.0124995 -0.0120604 -0.0112146 -0.0100982 -0.00880781 -0.00745149 -0.00610809 -0.00484116 -0.00369872 -0.00270422 -0.00184605 -0.00111995 -0.000516578 -4.97813e-05 0.000309273 0.000595035 0.000824654 0.00099532 0.00112552 0.0012155 0.00129477 0.0013705 0.00144243 0.00150743 0.00155856 0.00160344 0.00166904 0.00174637 0.00182634 0.0019107 0.00198837 0.0020827 0.00218206 0.00228016 0.00238762 0.00251679 0.00266141 0.00281987 0.00297311 0.0031459 0.00335293 0.00359952 0.00387965 0.00417982 0.00452941 0.0049323 0.00540005 0.00594885 0.00659307 0.00734133 0.00820536 0.00917697 0.0102832 0.0115355 0.012924 0.0144284 0.0160219 0.0177039 0.0194104 0.0210922 0.0226876 0.0241279 0.0253397 0.0262277 0.0267094 0.0266928 0.0260959 0.0248397 0.0228718 0.020167 0.0167055 0.0124573 0.00744006 0.00170259 -0.00468702 -0.0116243 -0.018975 -0.0265753 -0.0342932 -0.0419502 -0.0493506 -0.056314 -0.0626668 -0.0682463 -0.0728806 -0.0764639 -0.0788875 
0 0.00183954 0.00355471 0.00500716 0.006086 0.00667816 0.00672184 0.00618263 0.00506696 0.00341531 0.00126198 -0.00132258 -0.0042632 -0.0074609 -0.0107994 -0.0141602 -0.0174214 -0.0204844 -0.023263 -0.025668 -0.0276417 -0.0291457 -0.0301667 -0.0307177 -0.030797 -0.0304572 -0.0297227 -0.0286569 -0.02733 -0.0257998 -0.0241578 -0.0224132 -0.0206419 -0.018876 -0.0171682 -0.015561 -0.0140563 -0.0126891 -0.0114407 -0.0103161 -0.00930826 -0.00841967 -0.0076496 -0.00699084 -0.00639923 -0.00588767 -0.00543398 -0.0050414 -0.00469889 -0.00438137 -0.00410865 -0.00385743 -0.00363877 -0.00342841 -0.00323469 -0.00305418 -0.00289962 -0.00273946 -0.00259511 -0.00245146 -0.00231997 -0.00220002 -0.00207283 -0.00194669 -0.00183681 -0.00173906 -0.00165155 -0.00158632 -0.00151596 -0.00147632 -0.00145614 -0.00149415 -0.00159796 -0.00176807 -0.00201175 -0.00240602 -0.0029399 -0.00363864 -0.00449532 -0.00554601 -0.00680019 -0.00824532 -0.0098305 -0.0115054 -0.0131377 -0.0146271 -0.015849 -0.0166165 -0.0167255 -0.0160095 -0.0143059 -0.0115386 -0.00776002 -0.00309837 0.00222739 0.00786937 0.0134305 0.0184903 0.022585 0.0253474 0.0265346 0.0260248 0.0238937 0.0203934 0.0158528 0.0107011 0.00538387 0.000280206 -0.00428415 -0.00805286 -0.0108988 -0.0127902 -0.0137535 -0.0139191 -0.0134599 -0.0125216 -0.0112547 -0.00982231 -0.00830663 -0.00681139 -0.00541248 -0.00415161 -0.00303098 -0.00206717 -0.00124633 -0.000589355 -4.71693e-05 0.000366417 0.000675496 0.00091387 0.00112115 0.00127334 0.00139663 0.00147869 0.00156206 0.00163973 0.00170615 0.00176456 0.00183437 0.00190954 0.00199686 0.00208474 0.00216203 0.00226035 0.00236542 0.00248603 0.00260767 0.00273637 0.00287309 0.00304443 0.00321662 0.00341557 0.00362643 0.00387667 0.00417078 0.00449519 0.00487116 0.0052941 0.00578921 0.00636747 0.00703872 0.00782108 0.00873243 0.00974958 0.0109032 0.0121779 0.0136059 0.0151664 0.0168212 0.0185558 0.020302 0.0220472 0.0237101 0.0252389 0.0265553 0.0275593 0.0281719 0.0283041 0.0278969 0.0268776 0.0251776 0.0227539 0.0195804 0.0156424 0.0109463 0.00550198 -0.000634522 -0.00739904 -0.0146865 -0.0223569 -0.0302772 -0.0382791 -0.0462162 -0.0538959 -0.061135 -0.0677538 -0.0735526 -0.078382 -0.0820897 -0.0845895 
0 0.00125238 0.00240262 0.00337218 0.00404781 0.00437213 0.00426769 0.00372257 0.00272024 0.00126198 -0.000617151 -0.00288086 -0.00545977 -0.00829653 -0.0112956 -0.0143785 -0.0174573 -0.0204406 -0.0232193 -0.0257132 -0.0278516 -0.0295841 -0.0308914 -0.0317543 -0.0321816 -0.0321489 -0.0317116 -0.0309001 -0.0297781 -0.0284139 -0.0268514 -0.0251561 -0.0233617 -0.0215497 -0.0197515 -0.0180102 -0.0163566 -0.0148146 -0.0133878 -0.0121008 -0.0109408 -0.00989824 -0.00898159 -0.00816158 -0.0074536 -0.00682395 -0.00629075 -0.00582124 -0.00539636 -0.00502584 -0.0046885 -0.00439119 -0.00414238 -0.00390126 -0.00367814 -0.00347254 -0.00326371 -0.00308473 -0.00290715 -0.00275282 -0.00261063 -0.00247359 -0.00234076 -0.00219921 -0.00206336 -0.00195769 -0.00185682 -0.00177086 -0.00169134 -0.0016348 -0.00164353 -0.00168786 -0.00178047 -0.0019704 -0.00227656 -0.00270642 -0.00329521 -0.00405978 -0.00502984 -0.00620492 -0.00758992 -0.0091808 -0.0109355 -0.0127502 -0.0145534 -0.016204 -0.0175061 -0.0182981 -0.0183854 -0.0175309 -0.0156235 -0.012589 -0.00842747 -0.00330642 0.00251485 0.0086992 0.0147853 0.020293 0.0247546 0.027764 0.0290363 0.0284709 0.0261528 0.0223196 0.0173589 0.0117484 0.00592554 0.000336796 -0.00464667 -0.00880366 -0.0119597 -0.0140364 -0.0151252 -0.0153239 -0.0147946 -0.0137639 -0.0123961 -0.0108101 -0.00915407 -0.0075175 -0.00597181 -0.00457424 -0.00335464 -0.00229631 -0.00139722 -0.000642765 -5.41706e-05 0.000389553 0.000752799 0.00104571 0.00125319 0.00142448 0.00155401 0.00165606 0.00175399 0.00182768 0.00190684 0.00199229 0.00207221 0.00216567 0.00226049 0.00234486 0.00243918 0.00253089 0.00265929 0.00279569 0.00294421 0.00310384 0.00326251 0.00344791 0.00366061 0.00388772 0.0041579 0.00445812 0.00478844 0.00517926 0.00561886 0.00614811 0.00675986 0.00747395 0.00828435 0.00921171 0.0102733 0.0114686 0.0127976 0.0142621 0.01585 0.0175367 0.0193155 0.0211124 0.0228984 0.0246016 0.0261743 0.0275419 0.0286202 0.0293329 0.0295717 0.0292871 0.0284169 0.0269161 0.0247331 0.0218364 0.0181916 0.0138011 0.00868189 0.00287479 -0.00357627 -0.0106053 -0.0180959 -0.0259571 -0.0340271 -0.0421713 -0.050212 -0.0579956 -0.0653446 -0.0720425 -0.0779323 -0.0828107 -0.0865664 -0.0890743 
0 0.000554369 0.00104395 0.0014156 0.00161923 0.0016057 0.00133187 0.000775798 -0.000102088 -0.00132258 -0.00288086 -0.00474372 -0.00687849 -0.00925749 -0.0118165 -0.0145174 -0.0173046 -0.0200887 -0.0227713 -0.0252649 -0.0275195 -0.0294541 -0.0310192 -0.0322052 -0.0329626 -0.0332945 -0.0332021 -0.0327292 -0.0319082 -0.0307614 -0.0293803 -0.0277788 -0.0260584 -0.0242624 -0.0224259 -0.0206024 -0.0188132 -0.0171207 -0.0155217 -0.0140621 -0.0127383 -0.0115285 -0.0104385 -0.00947785 -0.00862058 -0.00788691 -0.00724416 -0.00667507 -0.00617369 -0.00572523 -0.00533577 -0.00497509 -0.00467158 -0.00438484 -0.00412854 -0.00389161 -0.00367829 -0.00346487 -0.00327797 -0.00309478 -0.00291839 -0.00276069 -0.00260665 -0.00245741 -0.00232908 -0.00220073 -0.0020687 -0.00197884 -0.00188807 -0.0018401 -0.00182587 -0.00187485 -0.002004 -0.00221849 -0.00251627 -0.00299969 -0.00365587 -0.00451555 -0.00557624 -0.00687023 -0.00839287 -0.0101303 -0.0120263 -0.0140181 -0.0159532 -0.0177061 -0.0191064 -0.0199383 -0.0199684 -0.0190075 -0.016894 -0.0135428 -0.00901541 -0.0034721 0.00284289 0.00951648 0.0160723 0.0220278 0.0268272 0.0300459 0.0314164 0.0307911 0.0282729 0.0241597 0.0188177 0.012753 0.00647325 0.000416546 -0.005017 -0.00952654 -0.0129495 -0.0152321 -0.0164138 -0.0166377 -0.0161036 -0.0149959 -0.0134891 -0.0117811 -0.00997897 -0.00819748 -0.0065203 -0.00500353 -0.00365554 -0.00250006 -0.00152605 -0.000744844 -8.14592e-05 0.000436981 0.000835811 0.00113833 0.00138138 0.00156341 0.00171566 0.00181596 0.00193048 0.00203315 0.00212371 0.00221188 0.00230141 0.00238916 0.00249445 0.00260517 0.0027146 0.0028485 0.00298406 0.00313282 0.00329731 0.00348085 0.00366472 0.00389245 0.00412859 0.00441212 0.00473199 0.00509653 0.00550438 0.00596571 0.00651261 0.00714083 0.0078783 0.00873345 0.00969081 0.0107707 0.011998 0.0133503 0.0148683 0.0164971 0.0182256 0.0200114 0.0218327 0.0236572 0.0253865 0.0269996 0.0283921 0.0294992 0.0302504 0.0305621 0.0303721 0.0296089 0.0282382 0.0262168 0.0235189 0.0201391 0.016041 0.0112293 0.00574822 -0.000363384 -0.00704689 -0.0142348 -0.0218224 -0.0297228 -0.0378196 -0.0459427 -0.0539438 -0.0616674 -0.0689402 -0.075563 -0.0813604 -0.0861821 -0.0898746 -0.0923399 
0 -0.000211345 -0.000456288 -0.000730449 -0.00106082 -0.00144509 -0.00192853 -0.00252328 -0.00328571 -0.0042632 -0.00545977 -0.00687849 -0.00851412 -0.0103801 -0.0124393 -0.0146813 -0.0170765 -0.0195606 -0.0220382 -0.0244564 -0.0267559 -0.0288347 -0.030623 -0.032078 -0.0331743 -0.0338604 -0.0341584 -0.0340676 -0.0335925 -0.032757 -0.031613 -0.0302212 -0.0286362 -0.0269244 -0.0251063 -0.0232419 -0.0213831 -0.0195811 -0.0178394 -0.0162187 -0.0147229 -0.0133412 -0.0120968 -0.0109756 -0.00998764 -0.00910303 -0.00832884 -0.00763771 -0.00703048 -0.00651568 -0.00605529 -0.00562752 -0.0052592 -0.00491233 -0.00460944 -0.0043476 -0.00409519 -0.00386948 -0.003649 -0.0034413 -0.00323817 -0.00305466 -0.0028876 -0.00272352 -0.00256845 -0.00243012 -0.00228737 -0.00217886 -0.00208535 -0.0020318 -0.0020412 -0.00208923 -0.00220038 -0.00242982 -0.00279063 -0.003312 -0.00402601 -0.00496084 -0.00613964 -0.00756142 -0.00921796 -0.0110914 -0.0131366 -0.0152477 -0.0173262 -0.0192078 -0.0206668 -0.0215049 -0.0215004 -0.0204 -0.0180838 -0.0144653 -0.00956594 -0.00358316 0.00318562 0.0103356 0.0173332 0.0236506 0.0287442 0.0321689 0.0336164 0.0329623 0.0303006 0.0259061 0.0201931 0.0137115 0.00696645 0.000469349 -0.0053423 -0.0101955 -0.0138954 -0.0163508 -0.0176588 -0.0179288 -0.0173503 -0.0161683 -0.0145743 -0.012728 -0.0107934 -0.00887272 -0.00705511 -0.005404 -0.0039553 -0.00270996 -0.00166211 -0.000791575 -9.30466e-05 0.000448508 0.000896716 0.00125626 0.00151568 0.00172217 0.00188568 0.00201142 0.0021401 0.00224003 0.0023424 0.0024494 0.00254481 0.00264333 0.00275818 0.00288181 0.00302886 0.00317631 0.00333618 0.00348972 0.00366875 0.00388135 0.00410509 0.00437192 0.00466158 0.00497974 0.00535755 0.00578729 0.00627395 0.00685523 0.00751518 0.0082759 0.00913895 0.0101381 0.011259 0.012515 0.0139127 0.015433 0.0170942 0.0188628 0.0206911 0.022528 0.0243632 0.0261188 0.0277379 0.0291526 0.0302856 0.0310474 0.0313717 0.0312159 0.0305151 0.0292403 0.0273375 0.0247783 0.0215566 0.0176915 0.0131608 0.00797953 0.00219683 -0.00413841 -0.0109753 -0.0182342 -0.0258025 -0.0336307 -0.0415968 -0.049564 -0.0573651 -0.0648686 -0.0719079 -0.0782767 -0.0838552 -0.0884824 -0.092044 -0.0944121 
0 -0.00100815 -0.00200459 -0.00294785 -0.00382395 -0.00461407 -0.00534523 -0.00602633 -0.00671312 -0.0074609 -0.00829653 -0.00925749 -0.0103801 -0.0117119 -0.0132349 -0.0149569 -0.0168803 -0.0189637 -0.0211482 -0.0233916 -0.0256461 -0.0277883 -0.0297289 -0.0314299 -0.0328356 -0.0338918 -0.0345769 -0.0348841 -0.0347965 -0.0343175 -0.0335045 -0.0323829 -0.031011 -0.0294375 -0.0276991 -0.0258722 -0.0240114 -0.0221613 -0.0203203 -0.0185568 -0.0169032 -0.0153582 -0.0139454 -0.0126668 -0.0115119 -0.0104762 -0.00955387 -0.00873128 -0.00801512 -0.00740216 -0.00685723 -0.00635078 -0.00591194 -0.00551162 -0.00516114 -0.0048489 -0.00455679 -0.00428438 -0.00403918 -0.00380922 -0.00358215 -0.00337385 -0.00317881 -0.00299136 -0.00282542 -0.00266769 -0.00251201 -0.00240262 -0.00230265 -0.00223523 -0.00221651 -0.00226249 -0.00240706 -0.00267444 -0.00306637 -0.00364543 -0.00442485 -0.00543434 -0.00669589 -0.00822989 -0.0100229 -0.0120466 -0.0142398 -0.0165005 -0.0186892 -0.0206476 -0.0221621 -0.0230075 -0.0229371 -0.0217165 -0.019194 -0.015281 -0.0100335 -0.00365582 0.00354899 0.0111233 0.0185193 0.0251937 0.0305594 0.0341552 0.03568 0.0349828 0.0321662 0.0275324 0.021495 0.014621 0.00746833 0.000557821 -0.00564376 -0.0108145 -0.0147602 -0.017406 -0.018823 -0.0191441 -0.0185699 -0.017324 -0.0156065 -0.0136269 -0.0115505 -0.00950021 -0.00756972 -0.00581686 -0.00425977 -0.00291411 -0.00178125 -0.000853192 -8.56731e-05 0.00051663 0.000990181 0.00135657 0.00164032 0.00187479 0.00207129 0.00221452 0.00235386 0.00246662 0.00257325 0.00269081 0.00280549 0.00291856 0.00304641 0.00318181 0.00333534 0.00350697 0.00368295 0.0038633 0.00407377 0.00432006 0.00458367 0.0048966 0.00523546 0.0056206 0.00606764 0.00657682 0.00716103 0.00785408 0.00865469 0.00955248 0.0105615 0.0117141 0.0130061 0.0144491 0.0160277 0.0176994 0.0194809 0.0213271 0.0231938 0.0250268 0.0267951 0.0284214 0.029819 0.0309491 0.0317284 0.0320761 0.0319321 0.031253 0.030012 0.0281847 0.0257383 0.0226423 0.0189065 0.0145723 0.00963306 0.00412475 -0.0018926 -0.00837563 -0.0152812 -0.0225222 -0.0299834 -0.0376193 -0.045333 -0.0529913 -0.0604476 -0.0675795 -0.0742294 -0.0802155 -0.0854369 -0.0897764 -0.0931167 -0.0953416 
0 -0.00180478 -0.00354735 -0.00515217 -0.00657617 -0.00778961 -0.00880036 -0.00960733 -0.0102542 -0.0107994 -0.0112956 -0.0118165 -0.0124393 -0.0132349 -0.0142057 -0.0153784 -0.0167872 -0.01842 -0.0202433 -0.0222286 -0.0243334 -0.0264374 -0.0284515 -0.0303346 -0.0320088 -0.0333934 -0.0344406 -0.0351382 -0.0354595 -0.0353912 -0.0349671 -0.0341886 -0.0330996 -0.0317433 -0.0301668 -0.0284485 -0.0266428 -0.0247871 -0.0228896 -0.0210295 -0.019255 -0.0175683 -0.0159911 -0.0145398 -0.0132136 -0.0120198 -0.0109485 -0.00998433 -0.0091336 -0.00839504 -0.0077417 -0.00714921 -0.00664088 -0.006186 -0.00577797 -0.00540192 -0.00504993 -0.00472795 -0.00445167 -0.00419972 -0.00395189 -0.00372074 -0.00350097 -0.003291 -0.00310498 -0.00292921 -0.00275979 -0.00263297 -0.00252082 -0.00244825 -0.00242745 -0.00247587 -0.00263216 -0.00292843 -0.00336745 -0.00399759 -0.00483598 -0.00592362 -0.00728537 -0.00893522 -0.0108527 -0.0130039 -0.0153261 -0.0177174 -0.0200292 -0.0220803 -0.0236371 -0.0244593 -0.0242976 -0.0229241 -0.0201892 -0.0160091 -0.0104431 -0.00369967 0.00389799 0.0118695 0.0196411 0.0266369 0.0322497 0.036001 0.0375782 0.0368343 0.0338756 0.0290152 0.022687 0.0154727 0.00795362 0.000674479 -0.00588054 -0.0113672 -0.0155746 -0.0184163 -0.0199524 -0.0203183 -0.0197243 -0.0184098 -0.0165961 -0.0145037 -0.0123055 -0.0101311 -0.0080788 -0.00621051 -0.00455136 -0.00311819 -0.00190623 -0.00090875 -8.86674e-05 0.000558253 0.00107083 0.00146947 0.00177729 0.00202794 0.00224326 0.00240969 0.00256218 0.00268436 0.00280107 0.00293614 0.00307582 0.00321153 0.00335562 0.00350178 0.00366262 0.00384796 0.00404535 0.00426289 0.00452128 0.00481538 0.0051258 0.00548237 0.00587757 0.00634152 0.00688357 0.00749589 0.00818938 0.00900249 0.00994486 0.0110007 0.0121799 0.0135028 0.0149646 0.0165705 0.0182942 0.0200848 0.0219447 0.0238213 0.0256635 0.0274206 0.0290509 0.0304662 0.0315655 0.0323165 0.0326557 0.0325214 0.0318624 0.030635 0.0288264 0.0264299 0.0234347 0.0198241 0.0156203 0.0108688 0.00557717 -0.000201156 -0.0063894 -0.0129456 -0.0198391 -0.0269835 -0.0342624 -0.0416242 -0.048983 -0.0562141 -0.0631939 -0.0698196 -0.075953 -0.0814396 -0.0861995 -0.0901488 -0.0931816 -0.0951987 
0 -0.00255231 -0.00499861 -0.00723068 -0.00919148 -0.0108322 -0.012144 -0.0131102 -0.0137611 -0.0141602 -0.0143785 -0.0145174 -0.0146813 -0.0149569 -0.0153784 -0.0159989 -0.016878 -0.0180332 -0.0194359 -0.0210836 -0.0229354 -0.0249 -0.0269036 -0.028881 -0.0307574 -0.0324014 -0.033776 -0.034848 -0.0355781 -0.0359441 -0.0359252 -0.0355437 -0.0348037 -0.0337549 -0.03243 -0.0308895 -0.0291983 -0.0273892 -0.0254945 -0.0235972 -0.0217422 -0.0199352 -0.0182091 -0.0165835 -0.015103 -0.0137498 -0.0125304 -0.0114181 -0.0104163 -0.00954252 -0.00876045 -0.00806132 -0.00745725 -0.00692276 -0.00644233 -0.00601001 -0.00559913 -0.00524336 -0.00492443 -0.0046358 -0.00435307 -0.0040868 -0.00384364 -0.00361854 -0.0034051 -0.00320659 -0.00301837 -0.00286547 -0.00275228 -0.00267559 -0.00266548 -0.00272027 -0.00287894 -0.00318856 -0.00367344 -0.00434102 -0.00525034 -0.00642576 -0.00789764 -0.00965977 -0.0116965 -0.0139651 -0.016413 -0.0189097 -0.021328 -0.0234569 -0.0250374 -0.0258275 -0.0255835 -0.0240484 -0.0210962 -0.0166565 -0.0107752 -0.00367983 0.00426765 0.0125962 0.0207015 0.0279644 0.0337901 0.037681 0.039295 0.0385146 0.0354434 0.0303803 0.0237969 0.0162846 0.00842146 0.000797542 -0.00608055 -0.0118662 -0.0163201 -0.0193341 -0.0209923 -0.0214172 -0.0208145 -0.0194486 -0.0175596 -0.0153534 -0.0130409 -0.0107448 -0.00857047 -0.00657813 -0.0048134 -0.00329226 -0.00202202 -0.000958902 -0.000101284 0.000588466 0.00114957 0.00159307 0.00192335 0.00219733 0.00241923 0.00260865 0.00277403 0.00290823 0.00304444 0.00319495 0.00334527 0.00349767 0.00365641 0.00382388 0.00402148 0.00423041 0.00446421 0.00471201 0.00500967 0.00534912 0.00571528 0.00612536 0.00659984 0.00715354 0.00781623 0.00855836 0.00938438 0.0103423 0.0114255 0.0126488 0.0139999 0.015495 0.0171168 0.0188535 0.0206717 0.0225363 0.0244229 0.0262855 0.0280388 0.0296329 0.0310351 0.0321383 0.0328725 0.0331696 0.0330087 0.0323399 0.0311266 0.0293454 0.0269668 0.0240156 0.0204849 0.0163916 0.011773 0.00666851 0.0010954 -0.00488807 -0.0111908 -0.0177583 -0.024567 -0.0315353 -0.0385529 -0.0455663 -0.0524797 -0.0591882 -0.0655793 -0.0715857 -0.0770997 -0.0819918 -0.0862124 -0.0896834 -0.0923366 -0.0940867 
0 -0.00320553 -0.00627196 -0.00908076 -0.0115432 -0.0136041 -0.0152215 -0.0163755 -0.0170875 -0.0174214 -0.0174573 -0.0173046 -0.0170765 -0.0168803 -0.0167872 -0.016878 -0.0172411 -0.0178879 -0.0188328 -0.0200635 -0.0215809 -0.0233176 -0.0251989 -0.0271817 -0.0291372 -0.0309812 -0.0326226 -0.0340383 -0.0351634 -0.0359302 -0.036339 -0.0363665 -0.0360439 -0.0353686 -0.0343641 -0.0330792 -0.0315749 -0.0298926 -0.0280859 -0.0262109 -0.0243283 -0.0224491 -0.0205998 -0.0188509 -0.0172039 -0.0156985 -0.0143034 -0.0130248 -0.0118779 -0.0108566 -0.0099423 -0.00911811 -0.00838504 -0.00774934 -0.00718753 -0.00667769 -0.00622538 -0.00580334 -0.00544037 -0.00509797 -0.0047703 -0.00446973 -0.00419999 -0.00395049 -0.00372441 -0.00348756 -0.00327241 -0.00311008 -0.00299085 -0.00291892 -0.00289432 -0.00295572 -0.00314548 -0.00347825 -0.00397568 -0.00470949 -0.00568806 -0.0069485 -0.0085132 -0.0103925 -0.0125494 -0.0149454 -0.0174965 -0.0201104 -0.0225976 -0.0247613 -0.026363 -0.0271246 -0.0267688 -0.0251038 -0.0219417 -0.0172218 -0.0110416 -0.00362375 0.0046746 0.0133031 0.0216755 0.0291695 0.0351591 0.0391448 0.0408187 0.0400172 0.0368467 0.0316319 0.0248294 0.0170193 0.00886042 0.000923351 -0.00627132 -0.0123126 -0.0169706 -0.0201767 -0.0219416 -0.0224325 -0.0218652 -0.0204686 -0.0184876 -0.0161869 -0.0137467 -0.011331 -0.00903711 -0.00694151 -0.0050728 -0.00346134 -0.00211141 -0.0010189 -0.000104385 0.000647639 0.00124472 0.00170969 0.00208018 0.00237517 0.00262444 0.00282416 0.00299876 0.00316354 0.00331424 0.00348005 0.00364841 0.00381035 0.00398323 0.0041816 0.00440326 0.00466848 0.00492898 0.00521812 0.00555168 0.00593658 0.00637583 0.00687201 0.00743704 0.00810717 0.00887939 0.00975261 0.0107346 0.011839 0.0131011 0.0144805 0.0160033 0.0176527 0.0194128 0.0212554 0.0231297 0.0250049 0.0268618 0.0286305 0.0302231 0.0315768 0.03264 0.0333632 0.0336429 0.0334606 0.0327617 0.0315298 0.0297502 0.0273924 0.0244767 0.0209904 0.0169705 0.0124331 0.00744321 0.0020472 -0.00374201 -0.0098582 -0.0162146 -0.02274 -0.0293981 -0.0361098 -0.0427854 -0.0493567 -0.0557475 -0.06184 -0.0675597 -0.0728581 -0.0776648 -0.0819026 -0.085511 -0.0884616 -0.0906806 -0.092139 
0 -0.00374195 -0.00733405 -0.0106461 -0.0135659 -0.0160173 -0.0179344 -0.0192998 -0.0201306 -0.0204844 -0.0204406 -0.0200887 -0.0195606 -0.0189637 -0.01842 -0.0180332 -0.0178879 -0.0180353 -0.0184783 -0.0192658 -0.0203864 -0.0218118 -0.0234859 -0.0253333 -0.0272888 -0.02922 -0.0310747 -0.0327702 -0.0342247 -0.035382 -0.0361854 -0.0366586 -0.0367651 -0.0365027 -0.035874 -0.0349131 -0.0336859 -0.0322207 -0.0305656 -0.0287843 -0.0269272 -0.025031 -0.0231384 -0.0212799 -0.019515 -0.0178356 -0.0162679 -0.0148228 -0.0135136 -0.0123468 -0.0112845 -0.010321 -0.00946196 -0.00871319 -0.00804935 -0.00746133 -0.00691223 -0.00643458 -0.00600009 -0.00560328 -0.00523484 -0.00489289 -0.00458714 -0.00431591 -0.0040484 -0.00380151 -0.00357994 -0.00338054 -0.00324585 -0.00315682 -0.00314092 -0.00320671 -0.00339784 -0.00376895 -0.00435197 -0.00511729 -0.00614877 -0.00748104 -0.00914852 -0.0111307 -0.0134073 -0.0159129 -0.018578 -0.021265 -0.0238364 -0.0260483 -0.0276322 -0.0283252 -0.0278782 -0.0260345 -0.0226603 -0.0177096 -0.0112422 -0.00351027 0.0050575 0.0139657 0.0225844 0.0302436 0.0363716 0.0404601 0.042142 0.0413249 0.0380937 0.0327281 0.0257384 0.0177161 0.00927491 0.00106469 -0.00638042 -0.0126776 -0.0175632 -0.0209254 -0.0228321 -0.0234061 -0.0228449 -0.0214128 -0.0193833 -0.0169747 -0.0144275 -0.011894 -0.0094928 -0.00728594 -0.00533151 -0.00364487 -0.00222938 -0.00102891 -6.89847e-05 0.000708688 0.0013425 0.0018478 0.00223173 0.00254785 0.00280693 0.00305242 0.00325189 0.00342177 0.00359637 0.00377908 0.00396888 0.00415948 0.004349 0.00456566 0.00482731 0.00511081 0.00542962 0.00576544 0.00615929 0.00661659 0.00714417 0.00773847 0.00842696 0.00920953 0.010111 0.0111176 0.0122468 0.0135339 0.0149599 0.016523 0.0181891 0.0199606 0.0218216 0.0237239 0.0256096 0.0274434 0.0291763 0.0307655 0.0321032 0.0331272 0.0337971 0.0340413 0.0338366 0.033114 0.0318728 0.0300789 0.0277184 0.0248151 0.0213654 0.017414 0.0129585 0.00804491 0.00274483 -0.00289564 -0.0088278 -0.0150086 -0.0213459 -0.0277687 -0.0342192 -0.0406102 -0.0468674 -0.0529254 -0.058712 -0.0641347 -0.069125 -0.0736632 -0.0777144 -0.0812349 -0.0841983 -0.0865769 -0.088347 -0.0894963 
