0 0 0 0 0 0 0 0 0 0 0 0 0 0 0 0 0 0 0 0 0 0 0 0 0 0 0 0 0 0 0 0 0 0 0 0 0 0 0 0 0 0 0 0 0 0 0 0 0 0 0 0 0 0 0 0 0 0 0 0 0 0 0 0 0 0 0 0 0 0 0 0 0 0 0 0 0 0 0 0 0 0 0 0 0 0 0 0 0 0 0 0 0 0 0 0 0 0 0 0 0 0 0 0 0 0 0 0 0 0 0 0 0 0 0 0 0 0 0 0 0 0 0 0 0 0 0 0 0 0 0 0 0 0 0 0 0 0 0 0 0 0 0 0 0 0 0 0 0 0 0 0 0 0 0 0 0 0 0 0 0 0 0 0 0 0 0 0 0 0 0 0 0 0 0 0 0 0 0 0 0 0 0 0 0 0 0 0 0 0 0 0 0 0 0 0 0 0 0 0 
0 -4.58309e-06 -2.41929e-06 3.24305e-06 2.71455e-06 3.04783e-06 8.7942e-06 1.33654e-05 1.62685e-05 2.1766e-05 3.17579e-05 4.14066e-05 4.28755e-05 4.61679e-05 4.8837e-05 5.16614e-05 5.79802e-05 5.79008e-05 6.01943e-05 5.75748e-05 6.42778e-05 7.48363e-05 8.21318e-05 0.000107334 0.00014041 0.000186859 0.000236206 0.000304779 0.000402683 0.000512167 0.000643946 0.000798204 0.000982422 0.00119922 0.00145506 0.00175332 0.00209524 0.00249057 0.00294362 0.0034406 0.00396294 0.00451161 0.00506194 0.00559198 0.00608898 0.00652736 0.00689514 0.00718146 0.00737249 0.00744829 0.00738218 0.00716821 0.00680779 0.00629221 0.00565584 0.00491291 0.00407805 0.00320522 0.00231267 0.00143318 0.000602033 -0.000165474 -0.000848646 -0.00142886 -0.00191046 -0.00229325 -0.00261118 -0.00288869 -0.00315467 -0.00343732 -0.00373167 -0.00403295 -0.00433078 -0.00459964 -0.00482519 -0.0050028 -0.00511088 -0.00514672 -0.0050974 -0.00495952 -0.00472979 -0.00442907 -0.00406413 -0.00366013 -0.00324926 -0.00285807 -0.00247972 -0.00213648 -0.00183164 -0.00156484 -0.0013257 -0.00110948 -0.00091642 -0.000764019 -0.000636241 -0.000534459 -0.000456941 -0.000394746 -0.000334823 -0.000280635 -0.000228333 -0.000183076 -0.000137292 -0.000107051 -9.46954e-05 -9.24808e-05 -0.000102521 -0.000133261 -0.000162774 -0.000200854 -0.000254195 -0.000332614 -0.000437736 -0.000561595 -0.000686215 -0.000820906 -0.000935229 -0.00100202 -0.00100423 -0.000933886 -0.00076134 -0.000481887 -8.51012e-05 0.000434045 0.00107549 0.00181152 0.00263003 0.0034814 0.00430964 0.00507354 0.0057188 0.00619786 0.00650041 0.0066023 0.00650176 0.00621771 0.00574985 0.00512429 0.00435774 0.00347453 0.00250715 0.00148004 0.000423804 -0.000633158 -0.00169129 -0.00271449 -0.00368784 -0.00459127 -0.00537462 -0.00602263 -0.00652262 -0.00686087 -0.00704536 -0.00708734 -0.00699391 -0.00678499 -0.00647993 -0.00610109 -0.0056559 -0.00515927 -0.00463954 -0.0041107 -0.00359457 -0.00311078 -0.00266282 -0.00225089 -0.00189367 -0.00158933 -0.00132909 -0.00110683 -0.000915883 -0.000763053 -0.000629125 -0.000523914 -0.000438661 -0.000363332 -0.000311746 -0.000271357 -0.000243269 -0.000212886 -0.000191655 -0.000186507 -0.00017782 -0.000168959 -0.00016371 -0.000166234 -0.000169443 -0.000166786 -0.000167998 -0.000172418 -0.000172919 -0.000174774 -0.000174766 -0.000178078 -0.000179059 -0.000175508 -0.000175668 -0.000170869 -0.000171789 -0.000171036 
0 -2.41929e-06 1.08621e-05 2.10409e-05 2.52488e-05 2.38237e-05 3.50794e-05 4.22924e-05 4.14083e-05 4.55972e-05 5.62629e-05 6.73206e-05 6.76072e-05 7.23229e-05 7.5929e-05 8.67976e-05 9.45045e-05 0.000106121 0.000113463 0.000119556 0.000148736 0.000167521 0.000203394 0.000243258 0.000319204 0.00041002 0.000499847 0.000647405 0.000821433 0.00104963 0.00130306 0.00161319 0.00199209 0.00242889 0.00295708 0.00356413 0.00425363 0.00504622 0.00594422 0.00691001 0.0079425 0.00899589 0.0100795 0.0111164 0.0120878 0.0129648 0.0136774 0.0142403 0.014599 0.0147219 0.0145644 0.0141278 0.0133911 0.0123899 0.0111359 0.00968702 0.00806731 0.00635242 0.00461459 0.00290012 0.00127896 -0.000207907 -0.0015242 -0.00266944 -0.00360176 -0.00438223 -0.00503134 -0.00560119 -0.00614701 -0.00672619 -0.0073061 -0.00793191 -0.00854874 -0.00911721 -0.00962252 -0.0100164 -0.0102509 -0.010336 -0.0102341 -0.00994225 -0.00949153 -0.00888011 -0.00816192 -0.00738467 -0.00657793 -0.00576701 -0.00502055 -0.00433531 -0.00370962 -0.00313648 -0.00265066 -0.00222444 -0.00187382 -0.0015678 -0.00131244 -0.00110249 -0.00093984 -0.000779781 -0.000667196 -0.000561534 -0.000457095 -0.000367158 -0.000308812 -0.000241655 -0.000212134 -0.000197692 -0.000207461 -0.000233324 -0.000298391 -0.000391331 -0.000533481 -0.000687985 -0.000879968 -0.00110898 -0.0013728 -0.0016095 -0.00181123 -0.00194644 -0.00196909 -0.00182581 -0.00150361 -0.000946063 -0.000147023 0.000894282 0.00218565 0.00366438 0.00527022 0.00693941 0.0085612 0.0100357 0.0113038 0.0122427 0.0128313 0.0130267 0.0128219 0.012226 0.0112999 0.0100408 0.0085259 0.00679056 0.00488998 0.00286779 0.000803953 -0.00128599 -0.0033563 -0.00535462 -0.00726397 -0.00900964 -0.0105448 -0.0118146 -0.0128059 -0.0134942 -0.013893 -0.0139948 -0.0138532 -0.01345 -0.0128667 -0.0121318 -0.0112496 -0.0102885 -0.00926247 -0.00823138 -0.00722264 -0.00627388 -0.0053913 -0.00458507 -0.00386316 -0.00326007 -0.00272358 -0.00226297 -0.0018761 -0.00154024 -0.00127785 -0.00104615 -0.000875711 -0.000723963 -0.000611485 -0.000541503 -0.000477855 -0.00042846 -0.000389124 -0.000382336 -0.00037117 -0.000354893 -0.000345203 -0.000350358 -0.000351837 -0.000344685 -0.000344922 -0.000344907 -0.000348622 -0.000340468 -0.000342338 -0.000343684 -0.000342686 -0.000344687 -0.000338627 -0.000343643 -0.000340158 -0.000343295 
0 3.24305e-06 2.10409e-05 4.00404e-05 4.07171e-05 4.27308e-05 5.91906e-05 7.03809e-05 6.99705e-05 7.05672e-05 8.03627e-05 9.28003e-05 9.13778e-05 9.89754e-05 0.000108454 0.000119137 0.000139694 0.00015128 0.000174984 0.000194266 0.000237743 0.000287023 0.000326359 0.000405696 0.00050926 0.000648538 0.000800689 0.00100944 0.00129773 0.00163013 0.00203101 0.00250904 0.00308586 0.00376676 0.0045683 0.00549188 0.00653648 0.00771932 0.00904404 0.0104711 0.0119555 0.0134985 0.0150469 0.0165432 0.0179487 0.0191906 0.0202191 0.0209963 0.0214758 0.0216063 0.0213289 0.0206419 0.0195604 0.0180763 0.0162711 0.0141801 0.0118398 0.00938382 0.00687698 0.00441423 0.00209721 -2.89064e-05 -0.00191844 -0.00354067 -0.0049136 -0.00605167 -0.00703473 -0.00791981 -0.00877558 -0.00967145 -0.0106032 -0.0115724 -0.0125558 -0.0134841 -0.0143024 -0.0149639 -0.0153876 -0.0155473 -0.0154114 -0.0149866 -0.0142931 -0.0133997 -0.012341 -0.0111787 -0.00998405 -0.00881273 -0.00765838 -0.00658279 -0.00561332 -0.00476592 -0.00403071 -0.00339379 -0.00284652 -0.00240769 -0.00202766 -0.00170256 -0.00143106 -0.00119913 -0.000994243 -0.000827558 -0.000688546 -0.000581244 -0.000476549 -0.00039388 -0.000338291 -0.000296047 -0.000285466 -0.000340542 -0.000426022 -0.000563004 -0.000758683 -0.00101587 -0.00132522 -0.0016595 -0.00198139 -0.00231738 -0.00261005 -0.00279624 -0.00282248 -0.0026399 -0.00215271 -0.00132252 -0.000119283 0.00145707 0.00337927 0.00555264 0.00791883 0.0103473 0.0126946 0.0148521 0.0166775 0.0180335 0.0188694 0.0191118 0.0187523 0.0178473 0.0164244 0.0145655 0.0123322 0.00979053 0.00701971 0.00408144 0.00106026 -0.00196631 -0.00497709 -0.00787427 -0.010615 -0.0131482 -0.0153605 -0.0172182 -0.0186904 -0.019737 -0.0203638 -0.0205813 -0.020401 -0.0198667 -0.0190392 -0.0179847 -0.0167345 -0.0153386 -0.0138718 -0.0123754 -0.0109073 -0.00951738 -0.00821617 -0.00700862 -0.00594037 -0.00501396 -0.00420555 -0.00350408 -0.00289765 -0.00240143 -0.00197488 -0.00163445 -0.00135874 -0.00112049 -0.000951859 -0.000825384 -0.000737984 -0.000654427 -0.000600035 -0.000588239 -0.00056886 -0.00054634 -0.000530278 -0.000531862 -0.000532286 -0.000518522 -0.000514648 -0.000519405 -0.000516338 -0.000514266 -0.000509312 -0.000513122 -0.000515257 -0.000511005 -0.000515583 -0.000510693 -0.000515432 -0.000514292 
0 2.71455e-06 2.52488e-05 4.07171e-05 4.34398e-05 4.42518e-05 6.72853e-05 8.63914e-05 8.95742e-05 9.49143e-05 0.000110687 0.000128537 0.000135077 0.0001491 0.000162019 0.000180906 0.000194692 0.000214836 0.000236384 0.00026405 0.000327717 0.000383461 0.000463067 0.00056397 0.000727904 0.000929449 0.00114723 0.00146047 0.00184007 0.00231479 0.00285852 0.00351728 0.00431483 0.00524104 0.00633649 0.00758401 0.00898147 0.0105507 0.0122849 0.0141212 0.016042 0.0179895 0.0199617 0.021848 0.0236016 0.0251559 0.0263974 0.0273188 0.0278395 0.0279086 0.0274704 0.0265403 0.0251086 0.0232267 0.0209248 0.0182788 0.0153334 0.0122186 0.0090639 0.0059732 0.00307088 0.000427625 -0.00190998 -0.00395156 -0.00566767 -0.00715353 -0.00846166 -0.00967281 -0.0108733 -0.0121481 -0.0134611 -0.0148644 -0.0162776 -0.0176188 -0.018829 -0.0198046 -0.0204419 -0.020726 -0.0206026 -0.0200767 -0.0192083 -0.0180299 -0.0166336 -0.0151049 -0.0135063 -0.0118917 -0.0103623 -0.00894002 -0.00763888 -0.00646519 -0.00546623 -0.00460306 -0.00388532 -0.0032691 -0.00274545 -0.00230227 -0.00194005 -0.00160388 -0.00134733 -0.00112371 -0.000922306 -0.000755513 -0.000634077 -0.000507915 -0.000431988 -0.000379452 -0.000369926 -0.000406689 -0.000518514 -0.000698504 -0.000971164 -0.00128291 -0.00165399 -0.00207542 -0.00253259 -0.00294845 -0.00329999 -0.00352854 -0.00355149 -0.00327009 -0.00262519 -0.00152093 6.33536e-05 0.00212177 0.00463481 0.00747897 0.0105342 0.0136676 0.0166886 0.0194251 0.021746 0.023444 0.0244517 0.0246889 0.0241462 0.0228681 0.0209693 0.0184979 0.0155899 0.0123182 0.00877044 0.00501948 0.0011847 -0.00268621 -0.00651202 -0.0101956 -0.0136918 -0.0168924 -0.0197189 -0.022098 -0.0240072 -0.0254022 -0.0262846 -0.0266332 -0.0265021 -0.0258803 -0.0248903 -0.0235965 -0.0220293 -0.0202952 -0.0184367 -0.0165435 -0.014668 -0.0128714 -0.0111704 -0.00958658 -0.0081499 -0.00690993 -0.0058049 -0.00484595 -0.00403117 -0.00333512 -0.002775 -0.00229595 -0.00192276 -0.00159774 -0.00134917 -0.00117795 -0.00103367 -0.000917867 -0.000829682 -0.000796119 -0.000763292 -0.000726562 -0.000704634 -0.000706475 -0.000704878 -0.000691168 -0.000688984 -0.000691328 -0.000696635 -0.000687025 -0.00068659 -0.000686439 -0.000685392 -0.000688676 -0.000683731 -0.000688599 -0.000684479 -0.000686082 
0 3.04783e-06 2.38237e-05 4.27308e-05 4.42518e-05 4.89815e-05 7.51981e-05 9.96913e-05 0.000109141 0.000119945 0.000141335 0.000165929 0.000177117 0.000195513 0.000216212 0.000236093 0.000261331 0.000281771 0.000316068 0.000357441 0.000432283 0.00052087 0.000619038 0.000774055 0.000987066 0.00125873 0.00156928 0.00197279 0.00248957 0.00310059 0.00382456 0.0046872 0.00571672 0.00691643 0.00830577 0.00987665 0.0116238 0.0135569 0.0156647 0.0178867 0.0201656 0.0224818 0.0247773 0.0269658 0.0289776 0.0307146 0.0320888 0.0330515 0.033541 0.0335018 0.0328817 0.0316921 0.0299577 0.0276933 0.0249805 0.0218741 0.0184378 0.0148342 0.0111876 0.00763203 0.0043033 0.0012682 -0.0014282 -0.00377411 -0.00579721 -0.00755774 -0.00916212 -0.0107047 -0.0122862 -0.0139876 -0.0157977 -0.0177016 -0.0196297 -0.0214651 -0.0231073 -0.0244536 -0.0253882 -0.0258565 -0.025811 -0.0252537 -0.0242244 -0.0228061 -0.0210816 -0.019158 -0.0171517 -0.0151554 -0.0132168 -0.0114095 -0.00977097 -0.00831622 -0.00704377 -0.0059328 -0.00497877 -0.00418562 -0.00351153 -0.00294656 -0.00248032 -0.00208054 -0.00173801 -0.00144416 -0.00118475 -0.000967272 -0.000775645 -0.000619038 -0.000515263 -0.00044949 -0.00043652 -0.000501001 -0.000621667 -0.000814842 -0.00109711 -0.00146699 -0.00192225 -0.00243121 -0.00294788 -0.00345624 -0.00388077 -0.00412734 -0.00410902 -0.00373726 -0.00290164 -0.0015323 0.000408754 0.00292042 0.0059547 0.00938122 0.0130731 0.0168364 0.020446 0.0237079 0.0264127 0.0283591 0.0294516 0.0296063 0.0288239 0.0271909 0.0248 0.0217762 0.0182428 0.0143062 0.0100744 0.00563585 0.00110223 -0.00343919 -0.00793149 -0.0122601 -0.016357 -0.0201388 -0.0234798 -0.0263273 -0.028642 -0.0303747 -0.0315154 -0.0320545 -0.0320016 -0.0313938 -0.030322 -0.0288747 -0.0271086 -0.0251055 -0.0229573 -0.020732 -0.0185071 -0.0163479 -0.0142786 -0.0123248 -0.0105463 -0.00897111 -0.00757491 -0.00635415 -0.00530211 -0.00442292 -0.00368243 -0.00307377 -0.00257253 -0.00214374 -0.00181581 -0.00156689 -0.00137577 -0.00120815 -0.00108665 -0.00102377 -0.000968179 -0.000918364 -0.000886984 -0.000883346 -0.000879731 -0.000863635 -0.000858726 -0.000865108 -0.000868034 -0.000867168 -0.000864469 -0.000866111 -0.000866426 -0.000864316 -0.000866425 -0.000861648 -0.000861183 -0.000857442 
0 8.7942e-06 3.50794e-05 5.91906e-05 6.72853e-05 7.51981e-05 0.000100439 0.000124273 0.000133965 0.000145326 0.000168007 0.00019136 0.00020485 0.000223407 0.000247859 0.000277892 0.000311302 0.000350081 0.000400793 0.000469318 0.000574776 0.000698129 0.000850248 0.00105846 0.0013427 0.00169194 0.00209713 0.00261443 0.00325683 0.00402922 0.00493941 0.00602369 0.0073091 0.00879526 0.010496 0.0123957 0.0144814 0.0167561 0.019196 0.0217334 0.0243155 0.0268985 0.029434 0.0318212 0.0339769 0.0358035 0.0371998 0.0381215 0.0385079 0.0383059 0.0374752 0.0360317 0.0339977 0.0314176 0.02836 0.024902 0.021127 0.0171893 0.0132355 0.00939861 0.00580486 0.00252709 -0.000396641 -0.00296878 -0.00521056 -0.00721486 -0.00909434 -0.0109679 -0.0129536 -0.0151321 -0.0174819 -0.0199747 -0.0224997 -0.0249142 -0.0270913 -0.0288933 -0.0301895 -0.0309127 -0.0310046 -0.0304596 -0.0293286 -0.027692 -0.025667 -0.0233883 -0.0209861 -0.0185726 -0.0162485 -0.0140775 -0.0120892 -0.0103003 -0.00873111 -0.00736224 -0.00619091 -0.00519967 -0.0043626 -0.00366349 -0.00308486 -0.00258476 -0.00216444 -0.00179686 -0.00146678 -0.00118215 -0.000942676 -0.000739756 -0.000600355 -0.000513719 -0.000490384 -0.000541404 -0.000669394 -0.000882373 -0.0011964 -0.00159476 -0.00208433 -0.00264956 -0.00324891 -0.00381758 -0.00427995 -0.0045365 -0.00447957 -0.0039981 -0.00299147 -0.00137379 0.000891363 0.00380119 0.00730386 0.0112575 0.0154933 0.0197927 0.0238923 0.0275482 0.030534 0.0326278 0.0337205 0.0337422 0.0327042 0.0306986 0.0278568 0.024308 0.0202103 0.0156932 0.0108804 0.00588237 0.000817939 -0.00423711 -0.00921235 -0.0140142 -0.0185743 -0.0227922 -0.0265576 -0.0297969 -0.0324675 -0.0345216 -0.0359391 -0.0366998 -0.0368137 -0.0363011 -0.0352583 -0.0337688 -0.0318951 -0.0297351 -0.0273751 -0.0249054 -0.0224066 -0.0199483 -0.0175638 -0.0152881 -0.0131802 -0.0112834 -0.00957866 -0.00807165 -0.00676526 -0.00565381 -0.0047235 -0.00394568 -0.00330368 -0.00276105 -0.00233384 -0.00201092 -0.00175329 -0.00153917 -0.00137842 -0.00128075 -0.00120336 -0.00113652 -0.00109513 -0.00108241 -0.00107189 -0.00105246 -0.00104202 -0.00104216 -0.00104326 -0.00103912 -0.00103699 -0.00103665 -0.00103497 -0.0010336 -0.00103256 -0.00103176 -0.00103157 -0.00103234 
0 1.33654e-05 4.22924e-05 7.03809e-05 8.63914e-05 9.96913e-05 0.000124273 0.000147359 0.000159005 0.000172976 0.000196913 0.000220162 0.000237117 0.00025683 0.000286458 0.000326942 0.000372866 0.000432291 0.000505793 0.000608516 0.000750188 0.000919414 0.00113298 0.0014069 0.00176982 0.0022088 0.00272956 0.00338057 0.00417669 0.00513576 0.00626182 0.00759256 0.00915067 0.0109346 0.0129454 0.0151615 0.0175635 0.0201428 0.0228644 0.0256574 0.0284661 0.0312292 0.0338944 0.0363599 0.0385318 0.0403193 0.0416277 0.0424155 0.0426307 0.0422241 0.0411669 0.0394739 0.0371733 0.0343322 0.0310199 0.0273303 0.0233674 0.0192699 0.0151903 0.011252 0.00756384 0.00419593 0.0011767 -0.00150679 -0.00388599 -0.00607537 -0.00820089 -0.0104041 -0.0128131 -0.0154994 -0.0184403 -0.0215779 -0.0247716 -0.027852 -0.0306562 -0.0330106 -0.0347645 -0.0358202 -0.0361117 -0.0356305 -0.034441 -0.0326354 -0.0303584 -0.0277666 -0.0250082 -0.0222081 -0.0194915 -0.0169284 -0.0145677 -0.0124375 -0.0105623 -0.00892684 -0.00752717 -0.00633387 -0.0053251 -0.004474 -0.00375759 -0.00313813 -0.0026155 -0.00216157 -0.00176344 -0.00141839 -0.00112778 -0.000876363 -0.000686048 -0.00055607 -0.000499537 -0.000524264 -0.000645842 -0.000865784 -0.00119882 -0.00162804 -0.00215081 -0.00274681 -0.00337992 -0.00397249 -0.00445103 -0.00470721 -0.00461696 -0.00404914 -0.00289679 -0.00106 0.00149766 0.00476578 0.00867252 0.0130667 0.0177433 0.02246 0.0269285 0.0308681 0.0340291 0.0361846 0.0372072 0.0370437 0.0357218 0.0333454 0.0300749 0.0260568 0.0214705 0.0164686 0.0111911 0.00576875 0.000322633 -0.00507804 -0.010362 -0.0154665 -0.0203286 -0.0248496 -0.0289321 -0.0324882 -0.0354651 -0.0378154 -0.0395078 -0.0405177 -0.0408496 -0.0405174 -0.039606 -0.0381878 -0.0363278 -0.0341214 -0.0316539 -0.0290279 -0.0263308 -0.0236362 -0.0209883 -0.0184328 -0.0160277 -0.0138238 -0.0118175 -0.0100204 -0.00844514 -0.00708547 -0.00594064 -0.00497472 -0.00417026 -0.00349694 -0.00295475 -0.00253724 -0.00219897 -0.0019249 -0.00171624 -0.00157422 -0.00146698 -0.0013773 -0.00131747 -0.00128725 -0.00126461 -0.00124074 -0.00122493 -0.00121898 -0.0012175 -0.00121125 -0.0012096 -0.00120957 -0.00120933 -0.00120981 -0.00120649 -0.0012068 -0.00120544 -0.00120747 
0 1.62685e-05 4.14083e-05 6.99705e-05 8.95742e-05 0.000109141 0.000133965 0.000159005 0.000178377 0.000200895 0.00022928 0.00026034 0.000286572 0.000313942 0.000354741 0.000401561 0.000466913 0.00053896 0.000639685 0.000777143 0.000951658 0.00118273 0.00145439 0.00181955 0.00226986 0.00282101 0.00349284 0.00429757 0.00529375 0.00646077 0.00783787 0.00943613 0.0112727 0.0133567 0.0156598 0.0181648 0.0208493 0.0236851 0.0266283 0.0296181 0.0325621 0.0354242 0.0380998 0.0405224 0.042589 0.0442044 0.0453234 0.0458813 0.0458555 0.0452019 0.0439065 0.0419746 0.0394709 0.0364394 0.0329901 0.0291993 0.0251856 0.0210853 0.0170283 0.0131416 0.00952028 0.00621796 0.0032433 0.000590337 -0.00184251 -0.00414484 -0.00648524 -0.00901321 -0.011856 -0.0150616 -0.0186372 -0.0224534 -0.0263759 -0.0302007 -0.0337072 -0.0366971 -0.0389983 -0.0404597 -0.0410236 -0.0406861 -0.0394997 -0.0376026 -0.0351363 -0.0322702 -0.0291835 -0.0260374 -0.0229232 -0.0199601 -0.0172246 -0.014764 -0.0125699 -0.0106605 -0.00900613 -0.00760138 -0.00639944 -0.00537694 -0.00449769 -0.00375993 -0.0031109 -0.00255798 -0.00208144 -0.00167102 -0.00130254 -0.0010035 -0.000750302 -0.00056547 -0.00045402 -0.000446393 -0.000536314 -0.000746595 -0.00106487 -0.00151437 -0.00206472 -0.00268168 -0.00330736 -0.00391495 -0.00439806 -0.00463846 -0.00450926 -0.00388255 -0.002606 -0.000598561 0.00219429 0.00575884 0.00998509 0.0147159 0.01973 0.0247414 0.0294544 0.0335814 0.0368185 0.0389684 0.039871 0.0394838 0.0378509 0.0351137 0.031423 0.027002 0.0220133 0.0166428 0.0110405 0.00534548 -0.000341221 -0.00592786 -0.0113756 -0.016637 -0.0216464 -0.0263465 -0.0306218 -0.0344056 -0.0376236 -0.0402308 -0.0421815 -0.0434647 -0.0440461 -0.0439782 -0.0432909 -0.0420541 -0.0403396 -0.0381973 -0.0357434 -0.033056 -0.0302433 -0.0273803 -0.0245249 -0.0217307 -0.0190721 -0.0165781 -0.0142917 -0.0122136 -0.0103596 -0.00875536 -0.00736582 -0.00620445 -0.00521207 -0.00438801 -0.0037172 -0.00317204 -0.00274025 -0.0023797 -0.00210842 -0.00190629 -0.00175408 -0.00163517 -0.0015477 -0.00149385 -0.0014575 -0.00142978 -0.00141066 -0.0014035 -0.00139649 -0.00139379 -0.00138768 -0.00138758 -0.00138879 -0.00138539 -0.00138644 -0.00138019 -0.00138274 -0.00138242 
0 2.1766e-05 4.55972e-05 7.05672e-05 9.49143e-05 0.000119945 0.000145326 0.000172976 0.000200895 0.000227863 0.000262318 0.000295695 0.000336752 0.000376034 0.000425704 0.000495038 0.000570629 0.000678049 0.000805216 0.000986813 0.00121658 0.00150062 0.00187305 0.00232345 0.00289654 0.00358164 0.00441628 0.00542421 0.00661913 0.00803853 0.00967534 0.0115531 0.0136758 0.0160412 0.0186179 0.0213825 0.0242997 0.0273405 0.0304429 0.0335302 0.0365414 0.0393701 0.0419601 0.0442221 0.0460638 0.0474274 0.0482564 0.0485205 0.0481995 0.0472607 0.0457168 0.043589 0.0409182 0.0378149 0.034327 0.0305606 0.0266368 0.0226503 0.0187529 0.0150603 0.0116399 0.0085482 0.00576819 0.00323576 0.000866634 -0.00150264 -0.00401788 -0.00684526 -0.0101091 -0.0138539 -0.0180527 -0.0225973 -0.027288 -0.0318995 -0.0361801 -0.0398728 -0.0427715 -0.0447255 -0.0456517 -0.045539 -0.0444675 -0.0425443 -0.0399497 -0.0368786 -0.0335002 -0.0299845 -0.0265276 -0.0232175 -0.020125 -0.0173051 -0.0147955 -0.0125938 -0.010685 -0.00902334 -0.00760667 -0.00639577 -0.00535751 -0.00446469 -0.00370159 -0.00303391 -0.00245135 -0.00193362 -0.0014928 -0.00110833 -0.000785013 -0.000539904 -0.000380143 -0.00030011 -0.00034423 -0.000514314 -0.000820766 -0.00124608 -0.00177164 -0.0023874 -0.00305948 -0.00366633 -0.00413644 -0.00436818 -0.00421263 -0.00351717 -0.00216567 -3.52695e-05 0.00291721 0.00666871 0.01112 0.0160934 0.0213215 0.0265237 0.0313879 0.0355814 0.0388339 0.0409143 0.0416592 0.041039 0.0391121 0.0360117 0.0319715 0.0271926 0.0219004 0.0162854 0.0104918 0.00466324 -0.00110655 -0.00676299 -0.0122363 -0.0175189 -0.0225633 -0.0272871 -0.0316511 -0.0355541 -0.0389379 -0.0417612 -0.0439653 -0.0455195 -0.0464141 -0.0466513 -0.0462759 -0.045323 -0.0438424 -0.0419026 -0.0395593 -0.0369298 -0.0340985 -0.031148 -0.0281548 -0.0251874 -0.0223066 -0.0195709 -0.0170174 -0.0146662 -0.0125487 -0.0106623 -0.00903645 -0.00763057 -0.00643589 -0.00543901 -0.00460342 -0.00393032 -0.00336699 -0.00291982 -0.00256454 -0.00228849 -0.00208551 -0.00192374 -0.00180768 -0.00172391 -0.00166902 -0.00163414 -0.00160921 -0.00159305 -0.0015847 -0.00157457 -0.00156998 -0.00156615 -0.00156489 -0.00156652 -0.00155995 -0.00156177 -0.00155737 -0.00155856 
0 3.17579e-05 5.62629e-05 8.03627e-05 0.000110687 0.000141335 0.000168007 0.000196913 0.00022928 0.000262318 0.000291285 0.000330583 0.000377834 0.000428506 0.000496694 0.000578756 0.000696283 0.000834261 0.00101917 0.00126268 0.00155359 0.00193657 0.00239524 0.00297962 0.00367447 0.00451435 0.00554635 0.00675065 0.00819526 0.00986096 0.0117844 0.013948 0.0163445 0.0189821 0.0218031 0.0247831 0.0278908 0.0310663 0.0342396 0.0373503 0.040289 0.0430025 0.0453725 0.04737 0.0489071 0.0499208 0.050415 0.0503336 0.0496851 0.0484581 0.0466857 0.0443811 0.0416364 0.0385059 0.0350884 0.0314499 0.0277153 0.0239856 0.0203789 0.0170075 0.0139299 0.011161 0.00865409 0.00635678 0.0040907 0.00173925 -0.000891754 -0.00397538 -0.00763322 -0.0118831 -0.0167399 -0.0220005 -0.0274789 -0.0329083 -0.0379763 -0.0424119 -0.0459987 -0.04852 -0.0498978 -0.0501163 -0.0492207 -0.0473629 -0.0447108 -0.0414713 -0.037866 -0.0341086 -0.0303212 -0.0266566 -0.023231 -0.020108 -0.0172664 -0.0147575 -0.0125485 -0.0106378 -0.00899064 -0.00757849 -0.00634886 -0.00531588 -0.00439166 -0.00358794 -0.00288346 -0.00225637 -0.00168586 -0.00121516 -0.000794463 -0.000467805 -0.000226756 -9.33977e-05 -7.00357e-05 -0.000179884 -0.000400788 -0.000793149 -0.00131559 -0.00192537 -0.00256168 -0.00319172 -0.00368926 -0.00392636 -0.00375909 -0.00305272 -0.00164728 0.000540004 0.00357371 0.00743468 0.0119881 0.0170727 0.0224234 0.0277144 0.0326301 0.0368458 0.0400266 0.0419964 0.0425641 0.0417122 0.0395165 0.0361466 0.0318011 0.0267775 0.0212654 0.0154935 0.00961828 0.00377102 -0.0019814 -0.00756164 -0.0129486 -0.018135 -0.0230678 -0.0277291 -0.0320522 -0.0359936 -0.039478 -0.0424721 -0.0449054 -0.0467537 -0.0479571 -0.0485617 -0.0485414 -0.0479339 -0.0467963 -0.0451302 -0.0430312 -0.0405593 -0.0378164 -0.0348775 -0.0318292 -0.0287519 -0.0257227 -0.0227751 -0.0199982 -0.0173976 -0.0150036 -0.012859 -0.0109427 -0.00929217 -0.00785134 -0.00664862 -0.00564155 -0.00479505 -0.00411271 -0.00354962 -0.0031085 -0.00274886 -0.0024753 -0.00226954 -0.00210781 -0.0019888 -0.00190567 -0.00185236 -0.00181376 -0.00178852 -0.00177116 -0.00176237 -0.00175278 -0.00174918 -0.00174845 -0.00174526 -0.00174526 -0.00174059 -0.00173971 -0.00173499 
0 4.14066e-05 6.73206e-05 9.28003e-05 0.000128537 0.000165929 0.00019136 0.000220162 0.00026034 0.000295695 0.000330583 0.000370041 0.000432143 0.000499855 0.000583085 0.000700036 0.000845574 0.00104132 0.00128012 0.00159501 0.00197566 0.00244803 0.0030453 0.00375944 0.00462294 0.00564922 0.00689349 0.0083481 0.0100333 0.0119772 0.0141749 0.016613 0.0192708 0.0221463 0.0251782 0.0283374 0.031568 0.0348069 0.0379651 0.0409679 0.0437498 0.0462045 0.0482754 0.0499208 0.0510749 0.0517068 0.0518095 0.0513582 0.050371 0.0488554 0.0468738 0.0444603 0.041674 0.0386215 0.03534 0.0319206 0.0284841 0.0251019 0.0218937 0.0189557 0.0163053 0.0139488 0.0118141 0.00979474 0.00773248 0.00544626 0.00275617 -0.000527523 -0.00452582 -0.00926321 -0.0147066 -0.0206774 -0.0269237 -0.0331587 -0.0390461 -0.0442693 -0.048567 -0.0517281 -0.053632 -0.0542448 -0.0536268 -0.0519054 -0.0492801 -0.0459864 -0.0422306 -0.038236 -0.0342163 -0.0302897 -0.0265513 -0.0230833 -0.0199258 -0.0171142 -0.0146309 -0.0124467 -0.0105609 -0.00892704 -0.00749907 -0.00626628 -0.00517839 -0.00421397 -0.00336241 -0.00258956 -0.00190132 -0.00129778 -0.00075833 -0.000318926 1.80962e-05 0.000259725 0.000366358 0.000329921 0.000153148 -0.000173585 -0.000624684 -0.00120182 -0.00187187 -0.00251615 -0.00303633 -0.00332073 -0.00319828 -0.00251484 -0.00113934 0.00104006 0.00407158 0.00792634 0.0124981 0.0176052 0.0229633 0.0282567 0.0331562 0.0372987 0.0403893 0.0422164 0.0426105 0.0415654 0.0391692 0.0355778 0.0310473 0.0258404 0.0202023 0.0143652 0.00848921 0.00271312 -0.0029074 -0.00832994 -0.0135217 -0.0185077 -0.0232587 -0.0277353 -0.0319478 -0.0358288 -0.0393361 -0.0424445 -0.0450775 -0.0471913 -0.0487403 -0.049714 -0.0500939 -0.0498863 -0.0491259 -0.0478367 -0.0460497 -0.043853 -0.0413061 -0.0384822 -0.0354782 -0.0323796 -0.029256 -0.026165 -0.023192 -0.0203646 -0.0177271 -0.0153021 -0.0131266 -0.0111938 -0.00950558 -0.00807742 -0.00685765 -0.00583866 -0.00498856 -0.00430763 -0.00375075 -0.00328951 -0.00293655 -0.00266339 -0.00245565 -0.00229016 -0.00217391 -0.00209485 -0.00203468 -0.00199259 -0.00196759 -0.00195088 -0.00193958 -0.00193119 -0.00192552 -0.00192308 -0.00191836 -0.00192173 -0.0019179 -0.00191491 
0 4.28755e-05 6.76072e-05 9.13778e-05 0.000135077 0.000177117 0.00020485 0.000237117 0.000286572 0.000336752 0.000377834 0.000432143 0.000511624 0.000604211 0.000716719 0.000863723 0.00105966 0.00130588 0.00161606 0.00201039 0.00248362 0.00307606 0.00380404 0.0046855 0.00573013 0.00697498 0.00847189 0.0101923 0.0121617 0.0143858 0.016867 0.0195688 0.022459 0.0255325 0.0287212 0.0319817 0.0352564 0.0384577 0.0414938 0.0443029 0.0468111 0.0489431 0.0506284 0.0518563 0.0525769 0.0527669 0.0524501 0.0516139 0.0502945 0.0485308 0.0463964 0.0439219 0.0411799 0.0382464 0.0351792 0.0320557 0.0289916 0.0260541 0.0233297 0.0208876 0.0187324 0.0168359 0.0151112 0.0134467 0.0116363 0.0094981 0.00682054 0.00339691 -0.000892192 -0.00605603 -0.0120624 -0.0186843 -0.0256597 -0.0326736 -0.0393542 -0.045362 -0.050414 -0.0542501 -0.0567321 -0.0578154 -0.057544 -0.0560592 -0.0535617 -0.0502934 -0.0464894 -0.0423869 -0.0381658 -0.033983 -0.0299797 -0.0262444 -0.0227954 -0.0196945 -0.0169284 -0.014482 -0.0123421 -0.0104677 -0.00880953 -0.00737065 -0.00608005 -0.00493026 -0.00390597 -0.00297207 -0.00212091 -0.00137072 -0.000683492 -0.000101733 0.000373505 0.000733648 0.000949954 0.0010111 0.000928799 0.000655761 0.000223873 -0.000337327 -0.000989892 -0.00166646 -0.00225301 -0.00261935 -0.00259297 -0.00201639 -0.00073861 0.001344 0.00428824 0.00806397 0.0125496 0.0175751 0.0228631 0.0280859 0.032911 0.036975 0.0399526 0.04165 0.0418947 0.0406915 0.0381484 0.034437 0.0297996 0.0245308 0.0188593 0.0130328 0.00722965 0.00158281 -0.00385274 -0.00903476 -0.0139636 -0.0186756 -0.0231563 -0.0274059 -0.0314305 -0.0351976 -0.0386658 -0.0418195 -0.0445909 -0.0469345 -0.0487901 -0.0501445 -0.0509374 -0.0511617 -0.0508438 -0.0499749 -0.0485926 -0.0467458 -0.0444852 -0.04187 -0.0389951 -0.0359541 -0.032817 -0.0296428 -0.0265381 -0.0235365 -0.0206856 -0.0180291 -0.0155893 -0.0133935 -0.0114388 -0.00975924 -0.00830959 -0.00706904 -0.00603938 -0.00519921 -0.00450958 -0.00392942 -0.00347311 -0.00312382 -0.00284754 -0.0026288 -0.00246798 -0.00235535 -0.00226975 -0.0022072 -0.00217014 -0.00214696 -0.00213208 -0.00212226 -0.00211418 -0.0021079 -0.00210339 -0.00210592 -0.00210234 -0.00209605 
0 4.61679e-05 7.23229e-05 9.89754e-05 0.0001491 0.000195513 0.000223407 0.00025683 0.000313942 0.000376034 0.000428506 0.000499855 0.000604211 0.000730295 0.00088071 0.00107268 0.00132617 0.00163999 0.0020335 0.00252367 0.00311378 0.00384511 0.00473538 0.00580733 0.00706751 0.00856064 0.0103273 0.0123296 0.0145784 0.0170733 0.0198126 0.0227459 0.0258308 0.029051 0.0323343 0.0356233 0.0388498 0.0419161 0.0447324 0.0472489 0.0494047 0.0511379 0.0523871 0.0531547 0.0534119 0.0531517 0.0524167 0.0512169 0.0496037 0.0476381 0.0453992 0.0429204 0.040271 0.0375192 0.0347263 0.0319647 0.0293337 0.0268877 0.0246819 0.0227646 0.0211278 0.0197255 0.0184577 0.0171888 0.0156839 0.0137359 0.0111131 0.00760314 0.00309012 -0.00243141 -0.00891201 -0.0161166 -0.0237627 -0.031509 -0.0389534 -0.045723 -0.0515008 -0.0560111 -0.0590965 -0.060704 -0.0608667 -0.0597204 -0.0574593 -0.0543207 -0.050542 -0.046381 -0.0420404 -0.0376944 -0.0334876 -0.0295202 -0.0258279 -0.0224747 -0.0194466 -0.0167346 -0.0143302 -0.0122003 -0.0102993 -0.00862714 -0.00711532 -0.0057536 -0.00452329 -0.00339267 -0.00235245 -0.00141965 -0.000559573 0.000189743 0.000827335 0.00134165 0.00169963 0.00187559 0.001877 0.00166286 0.00125866 0.000685632 -1.2593e-05 -0.000760481 -0.00143815 -0.00192241 -0.00204373 -0.0016405 -0.000551386 0.00133619 0.00409109 0.00769018 0.0120202 0.0169035 0.0220627 0.0271667 0.0318799 0.0358392 0.0387203 0.0403219 0.0404793 0.0391957 0.0365862 0.0328321 0.0281801 0.0229312 0.0173183 0.011589 0.00592911 0.000468459 -0.0047361 -0.00964391 -0.0142717 -0.0186642 -0.0228306 -0.0267964 -0.0305834 -0.034178 -0.0375492 -0.0406872 -0.0435373 -0.0460563 -0.0481861 -0.0498964 -0.0511022 -0.0517746 -0.0519203 -0.0515176 -0.0505915 -0.0491699 -0.0472832 -0.0449749 -0.0423323 -0.0394443 -0.0363771 -0.0331955 -0.0300147 -0.0268848 -0.0238601 -0.0209954 -0.0183155 -0.0158592 -0.0136392 -0.0116944 -0.00999055 -0.00850843 -0.00726592 -0.00624205 -0.00539327 -0.00467684 -0.00410406 -0.00366154 -0.00330735 -0.00302384 -0.00281042 -0.0026574 -0.00254183 -0.00245495 -0.00239717 -0.0023579 -0.00233141 -0.00231458 -0.00230081 -0.002289 -0.0022834 -0.00228651 -0.00228541 -0.00228002 
0 4.8837e-05 7.5929e-05 0.000108454 0.000162019 0.000216212 0.000247859 0.000286458 0.000354741 0.000425704 0.000496694 0.000583085 0.000716719 0.00088071 0.00107305 0.00132779 0.0016442 0.00205177 0.00254507 0.0031549 0.00389606 0.004787 0.00588185 0.00716306 0.00867108 0.0104303 0.0124653 0.014753 0.0172579 0.0200083 0.022972 0.0260995 0.0293358 0.0326418 0.0359454 0.0391802 0.0422588 0.0450947 0.0476056 0.0497417 0.0514865 0.0527516 0.0535257 0.053799 0.0535751 0.0528814 0.0517584 0.0502509 0.0484129 0.046313 0.044026 0.0416027 0.03908 0.0365603 0.0340755 0.031712 0.0295473 0.0276137 0.025947 0.0245788 0.0234781 0.0225908 0.0218052 0.0209324 0.019755 0.0180117 0.0154773 0.0119375 0.00727947 0.0014758 -0.0053775 -0.0130854 -0.0213204 -0.0297189 -0.0378608 -0.0453421 -0.0518036 -0.0569813 -0.0606867 -0.062851 -0.0635098 -0.0627692 -0.0608207 -0.0579046 -0.0542543 -0.0501191 -0.045755 -0.0413303 -0.0369913 -0.0328483 -0.0289754 -0.0254015 -0.0221402 -0.0191771 -0.0165209 -0.0141298 -0.0119821 -0.0100483 -0.008297 -0.00669201 -0.0052273 -0.00386347 -0.00260851 -0.00145004 -0.000388574 0.000564189 0.00138481 0.00207274 0.00258098 0.00289095 0.00296733 0.00280337 0.00240841 0.00179667 0.00100201 0.000142564 -0.00068594 -0.00135825 -0.00169774 -0.00153252 -0.000712419 0.000907976 0.00339779 0.00674108 0.0108552 0.0155444 0.0205315 0.0254952 0.0300896 0.0339411 0.0367646 0.0383174 0.038466 0.0371987 0.0346262 0.0309185 0.0263518 0.0211883 0.0157052 0.0101332 0.00466222 -0.000575287 -0.00551823 -0.0101392 -0.0144452 -0.0184934 -0.0223248 -0.0259658 -0.0294916 -0.0328768 -0.0361182 -0.039198 -0.0420737 -0.0447004 -0.0470492 -0.0490524 -0.0506391 -0.0517488 -0.052355 -0.0524513 -0.0520103 -0.051072 -0.0496267 -0.0477094 -0.0453956 -0.0427584 -0.0398515 -0.0367532 -0.0335636 -0.0303622 -0.0272156 -0.0241678 -0.0212838 -0.018572 -0.0160977 -0.0138835 -0.011909 -0.0101811 -0.00869615 -0.00747272 -0.00643766 -0.00556538 -0.00486001 -0.00429846 -0.00385182 -0.00348343 -0.00320275 -0.0029952 -0.00283929 -0.00272341 -0.0026407 -0.00258234 -0.00254529 -0.00252299 -0.00250577 -0.00249077 -0.00247983 -0.00248108 -0.00247435 -0.00246473 
0 5.16614e-05 8.67976e-05 0.000119137 0.000180906 0.000236093 0.000277892 0.000326942 0.000401561 0.000495038 0.000578756 0.000700036 0.000863723 0.00107268 0.00132779 0.00163915 0.00205329 0.0025508 0.00317261 0.00392183 0.00482479 0.00592677 0.00722891 0.00877145 0.0105381 0.0125783 0.0148933 0.0174383 0.0202008 0.0231658 0.0263204 0.0295932 0.0329178 0.0362341 0.0394788 0.042555 0.0454022 0.0479158 0.0500364 0.0517475 0.0529977 0.0537749 0.0540307 0.0538016 0.0531197 0.0520213 0.0505734 0.0488273 0.046826 0.0446596 0.0423877 0.040052 0.0377307 0.0354575 0.0333203 0.0313688 0.0296625 0.0282415 0.027119 0.0262936 0.0257504 0.0253861 0.0250675 0.0246067 0.0237314 0.0222079 0.0197892 0.0162671 0.0115232 0.00554346 -0.00161203 -0.00970135 -0.0184181 -0.0273694 -0.0361118 -0.0442199 -0.0513405 -0.0571527 -0.0614702 -0.0642118 -0.0653781 -0.0650816 -0.063507 -0.0608716 -0.0574446 -0.0534847 -0.049183 -0.0447512 -0.0403719 -0.0361429 -0.0321166 -0.0283678 -0.0249118 -0.0217466 -0.0188549 -0.0162224 -0.0138149 -0.0116199 -0.00959706 -0.00773133 -0.00599575 -0.00437799 -0.00286134 -0.00145462 -0.000148468 0.00103064 0.00206934 0.00293214 0.00358513 0.00399767 0.00416518 0.00403508 0.00360149 0.00291337 0.00202194 0.000971591 -0.000101207 -0.00103789 -0.00167612 -0.00182913 -0.00132254 -2.9086e-05 0.00214526 0.00520372 0.00904061 0.0134955 0.0182962 0.02311 0.0275887 0.0313873 0.0341786 0.0357623 0.0359864 0.0348321 0.0323948 0.0288496 0.024424 0.019428 0.0141122 0.00872846 0.00348649 -0.00150645 -0.0061768 -0.0104951 -0.0144941 -0.0182121 -0.0216951 -0.025032 -0.0282547 -0.0314155 -0.0344929 -0.03747 -0.040322 -0.0430044 -0.0454872 -0.0477282 -0.049629 -0.05113 -0.0521949 -0.052764 -0.0528473 -0.0524067 -0.0514523 -0.0499939 -0.0480825 -0.0457872 -0.0431392 -0.04021 -0.0371 -0.0338992 -0.0306784 -0.0275174 -0.0244444 -0.0215303 -0.018812 -0.0163359 -0.0141057 -0.0121014 -0.0103808 -0.00891178 -0.0076728 -0.00661903 -0.00574799 -0.00505725 -0.00448547 -0.004027 -0.00366107 -0.00338704 -0.00318212 -0.00302447 -0.00291027 -0.00282433 -0.00276929 -0.00273606 -0.00271191 -0.00269018 -0.00267756 -0.00267321 -0.00266624 -0.00265364 
0 5.79802e-05 9.45045e-05 0.000139694 0.000194692 0.000261331 0.000311302 0.000372866 0.000466913 0.000570629 0.000696283 0.000845574 0.00105966 0.00132617 0.0016442 0.00205329 0.00255274 0.00318507 0.00393785 0.0048464 0.00594941 0.0072559 0.00882157 0.0106136 0.0126692 0.0149941 0.0175706 0.020383 0.0233631 0.0265272 0.0298204 0.0331741 0.0365115 0.0397505 0.042826 0.0456627 0.0481716 0.0502897 0.0519687 0.0531797 0.0539335 0.0541726 0.0539306 0.0532246 0.0521222 0.0506936 0.0489839 0.0470561 0.0449615 0.0427782 0.0405644 0.0383956 0.0362893 0.034329 0.0325439 0.0310037 0.0297534 0.0288219 0.0282137 0.0279291 0.0279028 0.0280362 0.028182 0.0280873 0.0275362 0.026235 0.0239492 0.0204809 0.0157123 0.00959181 0.0022575 -0.0061233 -0.0151983 -0.0245713 -0.0338073 -0.0424709 -0.0501491 -0.0565564 -0.061458 -0.0647434 -0.0664236 -0.0665921 -0.0654293 -0.0631629 -0.060035 -0.0562808 -0.0521679 -0.047868 -0.0435132 -0.0392328 -0.0351587 -0.0312975 -0.0276931 -0.0243499 -0.0212673 -0.0184075 -0.0157713 -0.0133024 -0.0110096 -0.00885269 -0.00683225 -0.00492033 -0.00312356 -0.00142049 0.00014342 0.00157699 0.00282343 0.00386389 0.00466145 0.00518468 0.00536493 0.00523488 0.00477279 0.00396967 0.00285841 0.00156588 0.000197863 -0.00108556 -0.00209445 -0.00262226 -0.00249585 -0.00155409 0.000278218 0.00300275 0.00656555 0.0107728 0.0153739 0.0200604 0.0244735 0.0282477 0.0311115 0.0327852 0.0331677 0.0322142 0.0299997 0.0266794 0.0225062 0.017715 0.0126277 0.00747288 0.00246321 -0.00226865 -0.00666431 -0.0107104 -0.0144199 -0.0178377 -0.0210271 -0.0240429 -0.0269875 -0.0298805 -0.0327581 -0.035594 -0.0383718 -0.0410513 -0.0436246 -0.0460167 -0.0481743 -0.050016 -0.0514738 -0.0525254 -0.0530957 -0.0531798 -0.052733 -0.0517653 -0.0503195 -0.0484304 -0.0461251 -0.0434675 -0.0405249 -0.0374112 -0.0342066 -0.0309721 -0.0277945 -0.0246959 -0.02178 -0.0190631 -0.0165634 -0.0143088 -0.0123035 -0.0105904 -0.00910739 -0.00784661 -0.00679974 -0.0059397 -0.00524621 -0.00466747 -0.00420952 -0.0038528 -0.0035778 -0.00337129 -0.00320706 -0.00308934 -0.00300631 -0.00295396 -0.00291758 -0.00288654 -0.00287182 -0.00286469 -0.00285913 -0.0028485 
0 5.79008e-05 0.000106121 0.00015128 0.000214836 0.000281771 0.000350081 0.000432291 0.00053896 0.000678049 0.000834261 0.00104132 0.00130588 0.00163999 0.00205177 0.0025508 0.00318507 0.00394765 0.00487408 0.00597321 0.00728891 0.00885571 0.0106689 0.0127463 0.0150717 0.0176669 0.0204953 0.0235247 0.0267067 0.0300118 0.0333864 0.0367479 0.0400104 0.0430728 0.0458972 0.048385 0.0504942 0.0521491 0.0533294 0.0540393 0.0542522 0.0539952 0.0532746 0.0521487 0.0507012 0.0490012 0.0470963 0.0450559 0.0429165 0.0407831 0.0386982 0.0367197 0.0348977 0.033236 0.0318138 0.0306741 0.0298557 0.0293941 0.0292863 0.0294833 0.0299401 0.0305174 0.0310588 0.0313265 0.031065 0.0299979 0.0278694 0.0244814 0.0197106 0.0135354 0.00605856 -0.00250146 -0.0118248 -0.0215057 -0.0311084 -0.0401846 -0.0483482 -0.0552476 -0.0606596 -0.0644644 -0.0666444 -0.0672866 -0.0665706 -0.0646912 -0.0619248 -0.0584948 -0.054598 -0.0504509 -0.0462366 -0.0420481 -0.0379764 -0.0340728 -0.0303895 -0.0269275 -0.0236703 -0.0206189 -0.0177605 -0.0150499 -0.0124933 -0.0100561 -0.00771519 -0.00548913 -0.00338021 -0.00138526 0.000450283 0.00212108 0.00359064 0.004806 0.00572548 0.00631465 0.00653288 0.00635215 0.0057305 0.00472452 0.00339218 0.00178582 4.39519e-05 -0.0016293 -0.0030576 -0.0040052 -0.00428311 -0.00373925 -0.00227209 0.000138826 0.00340315 0.00738089 0.0118229 0.0164234 0.0208232 0.0246775 0.0276555 0.0295144 0.0301181 0.0294238 0.0274973 0.0244974 0.0206263 0.0161438 0.0113296 0.00642526 0.00166421 -0.00283591 -0.00698524 -0.0107765 -0.0142352 -0.0173908 -0.0203005 -0.0230607 -0.0257129 -0.0283535 -0.0310025 -0.0336501 -0.0363098 -0.0389389 -0.0415299 -0.0440267 -0.0463642 -0.0484728 -0.0502887 -0.0517456 -0.0528084 -0.0533861 -0.0534588 -0.0530095 -0.0520534 -0.0506313 -0.0487408 -0.0464385 -0.0437677 -0.0408374 -0.0377232 -0.0345089 -0.0312557 -0.0280463 -0.0249542 -0.0220206 -0.0192868 -0.0167597 -0.0144997 -0.0125021 -0.0107711 -0.00928034 -0.00801828 -0.00698283 -0.00612304 -0.00542263 -0.00484676 -0.00439345 -0.00404006 -0.00376407 -0.00355175 -0.0033911 -0.00327965 -0.00320161 -0.00314583 -0.0031035 -0.00308059 -0.00306744 -0.0030585 -0.00304701 
