0 0 0 0 0 0 0 0 0 0 0 0 0 0 0 0 0 0 0 0 0 0 0 0 0 0 0 0 0 0 0 0 0 0 0 0 0 0 0 0 0 0 0 0 0 0 0 0 0 0 0 0 0 0 0 0 0 0 0 0 0 0 0 0 0 0 0 0 0 0 0 0 0 0 0 0 0 0 0 0 0 0 0 0 0 0 0 0 0 0 0 0 0 0 0 0 0 0 0 0 0 0 0 0 0 0 0 0 0 0 0 0 0 0 0 0 0 0 0 0 0 0 0 0 0 0 0 0 0 0 0 0 0 0 0 0 0 0 0 0 0 0 0 0 0 0 0 0 0 0 0 0 0 0 0 0 0 0 0 0 0 0 0 0 0 0 0 0 0 0 0 0 0 0 0 0 0 0 0 0 0 0 0 0 0 0 0 0 0 0 0 0 0 0 0 0 0 0 0 0 
0 9.0098e-06 9.78529e-06 1.08824e-05 2.04514e-05 2.56534e-05 2.73948e-05 3.17124e-05 4.86494e-05 6.50799e-05 8.43568e-05 0.00011921 0.000170691 0.000234793 0.000309502 0.000418891 0.000549625 0.000704298 0.000882802 0.00110024 0.0013622 0.00165744 0.00201085 0.00240646 0.00285609 0.00334424 0.00386292 0.00440036 0.0049308 0.00545132 0.00592256 0.00633207 0.00667036 0.00692227 0.00705356 0.00705016 0.00689236 0.00658102 0.00610538 0.00548077 0.0047348 0.00387196 0.00295233 0.00197401 0.000969443 -3.47097e-05 -0.00100398 -0.00190328 -0.00270959 -0.00339689 -0.0039503 -0.00437138 -0.00465694 -0.00481483 -0.00487845 -0.0048281 -0.00469316 -0.00447844 -0.00420688 -0.00390318 -0.00359806 -0.00329127 -0.00299082 -0.00269518 -0.00240012 -0.00210859 -0.00182279 -0.001541 -0.00125416 -0.00096658 -0.000659799 -0.000344232 -1.2661e-05 0.000313035 0.000622868 0.000885779 0.00107611 0.00115874 0.00113582 0.000988358 0.000734843 0.000378964 -5.11916e-05 -0.000514078 -0.000979631 -0.00143495 -0.00182512 -0.00212616 -0.00232914 -0.00243576 -0.0024514 -0.00238935 -0.00227028 -0.00211088 -0.00191644 -0.00171826 -0.00153133 -0.00135867 -0.00122932 -0.00114895 -0.00111075 -0.00112915 -0.00119159 -0.00128374 -0.00141305 -0.00156367 -0.00172148 -0.00188371 -0.00202861 -0.00213591 -0.00217912 -0.00213873 -0.00200146 -0.00175427 -0.00141216 -0.00100928 -0.00053751 -2.83494e-05 0.000476479 0.00095161 0.00137433 0.00170837 0.00194997 0.00207646 0.00211057 0.0020728 0.00199476 0.00189147 0.00179545 0.00170773 0.00164512 0.00160736 0.00161614 0.00166687 0.00177077 0.00191661 0.00209479 0.00229653 0.00252037 0.00276799 0.00303737 0.00333115 0.00363857 0.00394598 0.00423474 0.00449681 0.00468434 0.00480662 0.00483232 0.00475165 0.00456116 0.00423944 0.00376671 0.00315389 0.00240595 0.00155358 0.000624183 -0.000359045 -0.00135484 -0.00235725 -0.00330594 -0.00419656 -0.00499941 -0.00567937 -0.00621416 -0.00658858 -0.0068033 -0.00686777 -0.00680084 -0.006614 -0.00632513 -0.00594649 -0.00551602 -0.00502523 -0.00450508 -0.00398026 -0.00347025 -0.00299156 -0.00254239 -0.00215146 -0.00180497 -0.00150921 -0.00125339 -0.00103313 -0.000846241 -0.00068989 -0.000565559 -0.000457172 -0.000371161 -0.000302894 -0.000253095 -0.000208366 -0.000178751 -0.000166191 -0.00015514 -0.000144579 -0.000134549 -0.000140127 -0.000142083 -0.000142183 
0 9.78529e-06 8.73597e-06 6.43958e-06 2.60228e-05 3.51153e-05 4.32549e-05 5.70647e-05 9.37268e-05 0.000137483 0.000178419 0.000261655 0.000367512 0.000502157 0.000659313 0.000870504 0.0011428 0.00144162 0.0018102 0.00224525 0.00276795 0.00337198 0.00406407 0.00487013 0.00575273 0.0067248 0.00774853 0.00879193 0.00983909 0.0108398 0.0117625 0.0125523 0.0132007 0.0136786 0.0139162 0.0138877 0.0135723 0.0129523 0.0120268 0.0108172 0.0093507 0.00767821 0.00585447 0.00393618 0.0019573 -1.71764e-05 -0.00190411 -0.00366199 -0.00523777 -0.00658633 -0.00769157 -0.00854355 -0.0091188 -0.0094653 -0.00959038 -0.00951898 -0.00927441 -0.00887847 -0.00838102 -0.00781135 -0.00721633 -0.00661855 -0.00600961 -0.00540904 -0.00483325 -0.00424839 -0.00370194 -0.00315088 -0.00257786 -0.00199117 -0.0013702 -0.000707156 -4.81659e-05 0.000616428 0.00123382 0.00174448 0.00211631 0.00230148 0.00225165 0.00195922 0.00144746 0.000741708 -9.92061e-05 -0.00103111 -0.00198343 -0.00286383 -0.00361128 -0.0042348 -0.00465661 -0.00487131 -0.00491315 -0.00479095 -0.00452283 -0.00419577 -0.00380839 -0.00341456 -0.00304474 -0.00272389 -0.00246901 -0.00230886 -0.0022248 -0.0022516 -0.00235528 -0.00254482 -0.00280598 -0.00311167 -0.00343934 -0.00378597 -0.00406025 -0.00426065 -0.00434241 -0.00424568 -0.00396181 -0.00350917 -0.00283956 -0.00200368 -0.00105838 -5.99879e-05 0.000949704 0.00190254 0.00274506 0.00341461 0.00388566 0.00415873 0.00424549 0.00416844 0.0040012 0.00379691 0.00357819 0.00341016 0.00328929 0.00323152 0.00327019 0.00339149 0.00358383 0.00387637 0.00420618 0.00459767 0.00504944 0.00554459 0.00608976 0.00667834 0.0072693 0.00785907 0.00841253 0.00889615 0.00926767 0.00948235 0.00952012 0.00933691 0.00893026 0.00827158 0.00733505 0.006123 0.00467665 0.00301614 0.00119976 -0.000715261 -0.00269054 -0.0046525 -0.00653106 -0.00828038 -0.00985394 -0.0111925 -0.0122471 -0.0129914 -0.0134351 -0.013576 -0.0134612 -0.0131122 -0.012542 -0.0118211 -0.010969 -0.0100239 -0.00900997 -0.00797977 -0.00699091 -0.00603096 -0.00514928 -0.00435426 -0.00365448 -0.00305383 -0.00252663 -0.00208613 -0.00170283 -0.00139139 -0.00113952 -0.000922563 -0.000753688 -0.000621642 -0.000526471 -0.000442743 -0.000383112 -0.000356339 -0.000333213 -0.000308109 -0.000290748 -0.000292363 -0.000291064 -0.000280568 
0 1.08824e-05 6.43958e-06 4.61687e-06 2.78756e-05 4.68189e-05 6.21958e-05 9.06777e-05 0.000155344 0.000224144 0.000304743 0.000430854 0.000604009 0.000811912 0.00105046 0.00138027 0.00177704 0.0022484 0.00280182 0.00347369 0.00427586 0.00517986 0.00624096 0.00742396 0.00874622 0.0101658 0.0116535 0.0131762 0.0146729 0.01613 0.0174489 0.0185843 0.0195018 0.0201532 0.0204498 0.020361 0.0198509 0.0189283 0.0175705 0.0158093 0.0137021 0.0112612 0.00863262 0.00583464 0.00296569 0.000114963 -0.00261852 -0.00515218 -0.00743739 -0.00941757 -0.0110533 -0.012332 -0.0132283 -0.013756 -0.0139972 -0.013926 -0.0136247 -0.0131137 -0.0124428 -0.011657 -0.0108213 -0.00993948 -0.00904597 -0.00816393 -0.00730277 -0.00646924 -0.00565809 -0.00483988 -0.00397678 -0.0030775 -0.00211172 -0.0011217 -0.000110552 0.000866017 0.0017807 0.00255725 0.00312642 0.00338993 0.00333175 0.00289811 0.00213446 0.00106696 -0.000212442 -0.00158369 -0.00295743 -0.00428696 -0.00543664 -0.00634468 -0.00697365 -0.00731411 -0.00737163 -0.0071778 -0.00679429 -0.00628725 -0.0056935 -0.005107 -0.00457108 -0.00409095 -0.00372609 -0.00348516 -0.00335266 -0.00337391 -0.00353115 -0.00380095 -0.00419879 -0.00467468 -0.00517422 -0.00567007 -0.00609163 -0.00638561 -0.00648844 -0.00635235 -0.00594386 -0.00522811 -0.00422875 -0.00302577 -0.00161422 -8.83447e-05 0.00142881 0.00285058 0.00410581 0.00510196 0.0058282 0.00623351 0.00636882 0.00628146 0.00605177 0.00573147 0.00541912 0.00514873 0.00497836 0.00491381 0.00499545 0.00519213 0.00551078 0.00592457 0.00641751 0.00698877 0.00764738 0.00839125 0.00919757 0.0100486 0.0109 0.0117198 0.012473 0.013145 0.0136219 0.0139053 0.0139037 0.0135814 0.0129334 0.011923 0.0105191 0.00875576 0.00664606 0.0042506 0.00162698 -0.00116688 -0.0040212 -0.00689026 -0.009607 -0.0121414 -0.0144179 -0.0163542 -0.0178991 -0.0190153 -0.0196987 -0.0199608 -0.0198393 -0.01936 -0.0185708 -0.0175213 -0.0163135 -0.0149414 -0.0134826 -0.0120013 -0.0105484 -0.00916176 -0.00784453 -0.00666777 -0.0056089 -0.00469006 -0.00389206 -0.00320767 -0.00262898 -0.00214641 -0.00175834 -0.00142571 -0.00116529 -0.000966881 -0.000824163 -0.000697803 -0.000607374 -0.000559378 -0.000518839 -0.000482104 -0.000450908 -0.000453463 -0.000440414 -0.000420273 
0 2.04514e-05 2.60228e-05 2.78756e-05 6.45313e-05 9.01825e-05 0.000115928 0.000157698 0.000239832 0.000339566 0.000446221 0.000627368 0.000861455 0.00115266 0.00149582 0.00194213 0.00250419 0.00314286 0.00391989 0.00483982 0.00592637 0.00716248 0.00855817 0.0101376 0.011847 0.0136862 0.0155949 0.0175227 0.019436 0.0212614 0.0229264 0.0243337 0.0254455 0.0262005 0.0264932 0.0262891 0.025575 0.024339 0.0225823 0.0203331 0.017631 0.0145481 0.0111867 0.00764669 0.00401191 0.000404057 -0.00304164 -0.00625641 -0.00917247 -0.0117223 -0.0138703 -0.0155797 -0.0167985 -0.0175807 -0.017953 -0.0179596 -0.0176548 -0.0170802 -0.0163055 -0.0153726 -0.0143467 -0.0132643 -0.0121315 -0.0109951 -0.00988932 -0.00877729 -0.00770743 -0.00661113 -0.0054506 -0.00423778 -0.00295346 -0.0016063 -0.000267642 0.0010547 0.00227923 0.0033037 0.00405325 0.00443057 0.00434708 0.00377724 0.00276255 0.00136043 -0.000313718 -0.00214957 -0.00401204 -0.00574445 -0.00722952 -0.00844877 -0.00928615 -0.00972335 -0.00980764 -0.0095621 -0.00903736 -0.00837372 -0.00760175 -0.00681999 -0.00609253 -0.0054622 -0.00496521 -0.00464198 -0.00447443 -0.00451177 -0.00471359 -0.00508597 -0.00560667 -0.00622081 -0.00687921 -0.00755181 -0.0080958 -0.00848107 -0.00862755 -0.00843566 -0.00788028 -0.00697092 -0.0056509 -0.0040021 -0.00212075 -0.000119933 0.00189315 0.00378908 0.00545993 0.00679424 0.00774751 0.00831528 0.00852203 0.00841699 0.00812019 0.00772926 0.00731366 0.00698593 0.0067702 0.00670025 0.00682202 0.00710414 0.00752155 0.00809629 0.00874782 0.00950947 0.0103846 0.0113427 0.0123737 0.0134426 0.0144773 0.0154633 0.0163578 0.0171172 0.0176675 0.0179322 0.0178526 0.0173541 0.0164314 0.0150552 0.0132026 0.0108974 0.00819883 0.00514112 0.00180352 -0.00172785 -0.00537221 -0.00899669 -0.0124599 -0.0156752 -0.0185653 -0.0210426 -0.0230368 -0.0245086 -0.0254562 -0.0258669 -0.0257898 -0.0252513 -0.0242838 -0.0230044 -0.021475 -0.0197595 -0.0179118 -0.0160188 -0.014169 -0.0123588 -0.0106592 -0.00909757 -0.0076934 -0.00646264 -0.00537929 -0.00446175 -0.0036702 -0.00301801 -0.00248042 -0.0020193 -0.00165303 -0.00136767 -0.00115572 -0.00097153 -0.000832817 -0.00075148 -0.000688511 -0.000633632 -0.000599223 -0.000598554 -0.000588488 -0.000566668 
0 2.56534e-05 3.51153e-05 4.68189e-05 9.01825e-05 0.000131087 0.00017088 0.000236725 0.000352422 0.000487644 0.000649448 0.000884814 0.00119905 0.00158151 0.00203516 0.00262507 0.00334049 0.00418416 0.00518149 0.00637064 0.0077601 0.00931511 0.0110715 0.0129982 0.0150854 0.0172853 0.0195497 0.0218305 0.0240596 0.0261893 0.0280964 0.0296913 0.0309128 0.0316881 0.0319147 0.0315622 0.0306124 0.0290793 0.0269499 0.0242594 0.0210723 0.0174351 0.013511 0.00936733 0.00512695 0.000916779 -0.00313032 -0.00691631 -0.0103745 -0.0134313 -0.0160295 -0.0181317 -0.0196957 -0.0207399 -0.0213402 -0.0214923 -0.0212764 -0.0207298 -0.0199188 -0.0189056 -0.0177714 -0.0165374 -0.0152385 -0.0139099 -0.01257 -0.0112242 -0.00987922 -0.00849829 -0.00704187 -0.00551644 -0.00389587 -0.00222118 -0.000521603 0.0011331 0.00267183 0.00397146 0.00491473 0.00536617 0.00526982 0.00457078 0.00332234 0.00158592 -0.000498336 -0.00275778 -0.00503687 -0.00720669 -0.0090815 -0.0105642 -0.011583 -0.0121245 -0.0122147 -0.0119071 -0.0112902 -0.0104697 -0.00951218 -0.00854099 -0.00763254 -0.00682731 -0.00620629 -0.00580026 -0.00560142 -0.0056521 -0.00592223 -0.00637916 -0.00701875 -0.00777706 -0.00858387 -0.00938803 -0.0100784 -0.0105659 -0.0107443 -0.01052 -0.00983605 -0.00865755 -0.00700686 -0.00498964 -0.00265849 -0.000154041 0.00235194 0.00471206 0.00679805 0.00847375 0.00969256 0.0104049 0.0106704 0.0105724 0.0102404 0.00977823 0.00931481 0.00892546 0.00868201 0.00861267 0.0087695 0.00912808 0.00968369 0.0104042 0.0112442 0.0121914 0.0132437 0.0143832 0.015579 0.0167968 0.0179707 0.0190581 0.0200124 0.0207964 0.0212908 0.0214621 0.0212103 0.0204835 0.0192717 0.0175398 0.0152638 0.012488 0.00925332 0.00563267 0.00170424 -0.00245011 -0.00670418 -0.0109569 -0.0150101 -0.0187898 -0.0221992 -0.0251378 -0.0275383 -0.0293527 -0.0305644 -0.0311682 -0.0311913 -0.0306557 -0.0296169 -0.0281665 -0.0264277 -0.0244333 -0.0222782 -0.0200558 -0.0178439 -0.0156872 -0.0136163 -0.0117071 -0.00995986 -0.00840542 -0.00703465 -0.0058481 -0.00483508 -0.00398614 -0.00328565 -0.00268778 -0.0022045 -0.00182664 -0.00153709 -0.00129065 -0.00110428 -0.000984672 -0.000893715 -0.000818928 -0.000767444 -0.000760067 -0.000741562 -0.000717008 
0 2.73948e-05 4.32549e-05 6.21958e-05 0.000115928 0.00017088 0.000235033 0.000334943 0.00048932 0.000679816 0.000905416 0.00121985 0.00162385 0.00211572 0.00270564 0.00344642 0.00434912 0.0054015 0.00664709 0.00811045 0.00979815 0.0116812 0.0137621 0.0160299 0.0184414 0.0209594 0.0235218 0.0260687 0.028537 0.0308473 0.0328864 0.0345482 0.0357695 0.0364779 0.0365809 0.0360452 0.0348677 0.0330511 0.0305991 0.0275484 0.0239624 0.0199255 0.0155715 0.0110008 0.00631856 0.00165619 -0.0028449 -0.0070833 -0.0109775 -0.0144455 -0.0174339 -0.0198991 -0.0218015 -0.0231705 -0.0240437 -0.0244373 -0.0243972 -0.0239666 -0.0232175 -0.0222211 -0.0210561 -0.0197615 -0.0183553 -0.0168759 -0.01535 -0.013778 -0.0121866 -0.0105384 -0.0087962 -0.00695922 -0.00501 -0.00297301 -0.000911424 0.00110666 0.00296897 0.00452833 0.00564942 0.0061968 0.00607636 0.00525255 0.00377697 0.00173696 -0.000715866 -0.00339952 -0.00612017 -0.00867751 -0.0108893 -0.0126551 -0.0138697 -0.0145079 -0.0146154 -0.0142495 -0.0135067 -0.0125265 -0.0113964 -0.0102391 -0.00915186 -0.00820124 -0.00745832 -0.00696779 -0.00673464 -0.0067893 -0.00710249 -0.00765168 -0.00840866 -0.00930426 -0.0102686 -0.011229 -0.0120442 -0.0126151 -0.0128213 -0.0125404 -0.0117146 -0.0103233 -0.00836409 -0.00593701 -0.00316013 -0.000191246 0.00279407 0.00562178 0.00812811 0.0101584 0.0116334 0.0125245 0.0128761 0.0127875 0.0124165 0.0119075 0.0113899 0.0109753 0.0107228 0.0106762 0.0108834 0.0113296 0.0119993 0.0128709 0.0138729 0.0149871 0.016197 0.0174683 0.018777 0.0200812 0.0213119 0.0224238 0.0233604 0.0240583 0.024423 0.0243903 0.0238945 0.0228865 0.0213587 0.0192822 0.0166324 0.0134438 0.00977727 0.00570485 0.00131875 -0.00328556 -0.00800248 -0.0126993 -0.01721 -0.0214305 -0.0252608 -0.0285949 -0.0313495 -0.0334748 -0.0349488 -0.0357604 -0.0359318 -0.0354812 -0.0344542 -0.0329597 -0.0310991 -0.0289401 -0.0265686 -0.0240896 -0.021596 -0.0191244 -0.0167363 -0.0144884 -0.0124114 -0.0105353 -0.00886065 -0.00740093 -0.00614144 -0.00508504 -0.00420462 -0.00345992 -0.00285251 -0.00237029 -0.00199241 -0.00167637 -0.00143508 -0.00126944 -0.00114274 -0.00103702 -0.000962399 -0.000932851 -0.000903354 -0.000872268 
0 3.17124e-05 5.70647e-05 9.06777e-05 0.000157698 0.000236725 0.000334943 0.000477175 0.000677715 0.000930535 0.00123632 0.00164046 0.00214966 0.00276568 0.00350949 0.00442378 0.00553091 0.00682075 0.00833155 0.0100816 0.0120679 0.0142648 0.0166524 0.01922 0.0219128 0.0246872 0.0274739 0.0302018 0.0328028 0.0351804 0.0372292 0.0388456 0.0399682 0.0405298 0.0404535 0.039704 0.0382843 0.0361972 0.0334614 0.0301222 0.0262497 0.0219487 0.0173302 0.0125008 0.00755039 0.00260488 -0.00219758 -0.00674923 -0.0109593 -0.0147472 -0.0180597 -0.0208517 -0.0230907 -0.0247979 -0.0259886 -0.0266818 -0.0268988 -0.0266835 -0.0261004 -0.0252223 -0.0241183 -0.0228326 -0.0213848 -0.0198149 -0.0181557 -0.0164169 -0.0146181 -0.0127257 -0.0107057 -0.00854935 -0.00625752 -0.00385983 -0.00143712 0.000928163 0.00310313 0.00492647 0.0062355 0.0068821 0.00675188 0.00581444 0.00411632 0.00177127 -0.00104337 -0.00411788 -0.00723353 -0.0101616 -0.0127087 -0.0147409 -0.0161458 -0.0168898 -0.0170139 -0.0165873 -0.0157232 -0.0145741 -0.0132646 -0.0119284 -0.0106774 -0.00959303 -0.00874082 -0.00816763 -0.00789195 -0.00793577 -0.00828357 -0.00891605 -0.00979199 -0.0108362 -0.0119611 -0.0130646 -0.0139988 -0.0146405 -0.0148578 -0.0145214 -0.0135592 -0.0119468 -0.00969199 -0.00688776 -0.00367621 -0.000232216 0.00323975 0.00653082 0.00944842 0.0118292 0.0135716 0.0146524 0.0151145 0.0150744 0.0146999 0.0141617 0.0136064 0.0131682 0.0129184 0.0129139 0.0131904 0.0137384 0.0145292 0.0155295 0.0166668 0.0179096 0.0192303 0.0205882 0.0219505 0.0232662 0.0244677 0.0255026 0.0263142 0.0268271 0.0269637 0.0266508 0.0258443 0.0245113 0.0226485 0.0202359 0.0172546 0.0137295 0.00972718 0.00532457 0.000620552 -0.00428266 -0.00928877 -0.0142601 -0.0190608 -0.0235767 -0.0277083 -0.0313464 -0.034396 -0.0367997 -0.0385279 -0.0395691 -0.0399363 -0.0396439 -0.0387303 -0.0372959 -0.035427 -0.0332061 -0.0307175 -0.0280726 -0.0253685 -0.0226525 -0.0199959 -0.0174522 -0.0150726 -0.012889 -0.0109171 -0.00917368 -0.0076544 -0.00636572 -0.00528031 -0.00436657 -0.00361371 -0.00300895 -0.00252417 -0.00212486 -0.00181611 -0.00159222 -0.0014206 -0.00127912 -0.00117708 -0.00111984 -0.0010758 -0.0010377 
0 4.86494e-05 9.37268e-05 0.000155344 0.000239832 0.000352422 0.00048932 0.000677715 0.000930403 0.00124698 0.00164783 0.00214897 0.00278249 0.00354282 0.00446324 0.00558438 0.00691413 0.00847595 0.0102635 0.0123078 0.0145863 0.0170682 0.0197397 0.0225497 0.0254734 0.0284289 0.0313527 0.0341688 0.036784 0.0391188 0.041057 0.0425246 0.0434592 0.0438004 0.0434923 0.0425032 0.0408294 0.0384973 0.0355303 0.0319843 0.0279476 0.0235052 0.0187788 0.013841 0.00878944 0.00373648 -0.00120241 -0.00591229 -0.0103106 -0.0143317 -0.0179101 -0.0209981 -0.0235723 -0.0256108 -0.0271466 -0.0281702 -0.028707 -0.0287939 -0.0284732 -0.0278127 -0.0268699 -0.0256721 -0.0242654 -0.0226835 -0.0209521 -0.0191145 -0.0171456 -0.0150335 -0.0127487 -0.0102791 -0.00764283 -0.00490485 -0.00212448 0.000568267 0.00304417 0.00513286 0.00663963 0.00738559 0.0072663 0.00623033 0.00432718 0.00169168 -0.0014763 -0.00492337 -0.00840077 -0.0116871 -0.0145577 -0.0168202 -0.0183965 -0.0192456 -0.0193802 -0.0188943 -0.0179324 -0.0166232 -0.0151394 -0.0136296 -0.0122153 -0.0109829 -0.0100207 -0.00936587 -0.00905307 -0.00909185 -0.00948782 -0.0101968 -0.011182 -0.0123653 -0.0136366 -0.0148593 -0.0159135 -0.0166247 -0.0168458 -0.0164632 -0.0153798 -0.0135346 -0.0109841 -0.00781976 -0.00417479 -0.00025313 0.00369664 0.0074416 0.0107631 0.013489 0.0155152 0.0167977 0.0173979 0.0174479 0.0171107 0.0165655 0.0160032 0.0155433 0.0153047 0.0153474 0.0156961 0.0163429 0.0172557 0.0183537 0.0195998 0.0209276 0.0223039 0.0236954 0.0250401 0.0262789 0.0273531 0.0281961 0.028766 0.0290043 0.028827 0.0281921 0.0270378 0.0253597 0.0231539 0.0204122 0.0171333 0.0133485 0.00910842 0.00450791 -0.000366328 -0.00542215 -0.010546 -0.0156383 -0.0205632 -0.0252287 -0.0295356 -0.033376 -0.036656 -0.0393032 -0.0412749 -0.0425653 -0.0431688 -0.0430967 -0.0423931 -0.0411125 -0.0393543 -0.037174 -0.0346723 -0.0319574 -0.0291134 -0.0262325 -0.0233581 -0.0205756 -0.0179322 -0.0154684 -0.0132211 -0.011193 -0.00941257 -0.00787064 -0.00655677 -0.00544749 -0.00452094 -0.0037685 -0.00315189 -0.00264843 -0.00225154 -0.00194925 -0.00171752 -0.00153434 -0.00140174 -0.00131774 -0.00125937 -0.00121903 
0 6.50799e-05 0.000137483 0.000224144 0.000339566 0.000487644 0.000679816 0.000930535 0.00124698 0.00165469 0.00215711 0.00278933 0.00356223 0.00449633 0.00562914 0.00696791 0.0085597 0.0103844 0.0124654 0.014787 0.0173284 0.0200805 0.0229696 0.025993 0.0290626 0.0321267 0.0350979 0.0378833 0.0404181 0.0425822 0.0443134 0.0455352 0.0461986 0.0462554 0.0456731 0.0444161 0.0425123 0.0399689 0.0368504 0.033209 0.0291047 0.0246689 0.0199382 0.0150385 0.0100291 0.00501641 0.000103467 -0.00462638 -0.0090984 -0.0132518 -0.0170341 -0.0203766 -0.0232396 -0.025624 -0.0274908 -0.0288898 -0.0297972 -0.0302495 -0.030274 -0.0299228 -0.0292171 -0.0282155 -0.0269357 -0.0254184 -0.0237046 -0.0218039 -0.0197187 -0.0174254 -0.0149064 -0.0121523 -0.00921511 -0.00612838 -0.00301742 1.95896e-05 0.00280082 0.00513767 0.00682192 0.00768964 0.00756861 0.0064488 0.00436491 0.00148281 -0.00198958 -0.00580061 -0.00966511 -0.0132655 -0.0164062 -0.0189071 -0.0206375 -0.0215501 -0.0216988 -0.0211719 -0.0201011 -0.0186606 -0.0170309 -0.0153418 -0.0137442 -0.0123713 -0.0112812 -0.0105416 -0.0102065 -0.0102589 -0.0106948 -0.011497 -0.0125812 -0.0138668 -0.0152617 -0.0166154 -0.0177652 -0.0185458 -0.0187973 -0.0183564 -0.0171276 -0.0150888 -0.0122492 -0.0086818 -0.0046145 -0.000258472 0.00414807 0.00834371 0.0120782 0.0151729 0.0174778 0.0190019 0.0197705 0.0199212 0.0196359 0.0191316 0.0185678 0.0181313 0.0179084 0.017994 0.0184019 0.0191307 0.0201163 0.0213018 0.0226022 0.0239666 0.0253454 0.0266833 0.0279314 0.0290081 0.0298539 0.0304155 0.0306604 0.0305222 0.0299912 0.0289695 0.0274567 0.0254289 0.0228847 0.0198423 0.0163221 0.012347 0.00799479 0.00332589 -0.00157835 -0.00662288 -0.0117471 -0.0168008 -0.0217327 -0.0264145 -0.0307727 -0.0347207 -0.0381506 -0.0409951 -0.0431997 -0.0447424 -0.0456142 -0.0458226 -0.0453872 -0.0443755 -0.0428123 -0.0407997 -0.0383926 -0.0356989 -0.0328216 -0.0298261 -0.0268186 -0.0238353 -0.020974 -0.0182637 -0.0157459 -0.0134532 -0.0113952 -0.00959632 -0.00803226 -0.00670512 -0.00558725 -0.00466215 -0.00389998 -0.00327771 -0.00277964 -0.00238575 -0.00208129 -0.00184536 -0.00167498 -0.00155081 -0.00146937 -0.00141629 
0 8.43568e-05 0.000178419 0.000304743 0.000446221 0.000649448 0.000905416 0.00123632 0.00164783 0.00215711 0.0028068 0.00358101 0.00453336 0.0056687 0.00702977 0.00862599 0.0104602 0.0125724 0.0149136 0.0174971 0.02028 0.0232398 0.0263311 0.0294752 0.0326402 0.0357147 0.0386277 0.0412919 0.0436173 0.04553 0.046955 0.0478574 0.0481873 0.0479083 0.0470132 0.0454963 0.043367 0.0406806 0.0374846 0.0338306 0.0297911 0.0254378 0.020849 0.0160922 0.0112541 0.00641666 0.00164023 -0.00299758 -0.00743369 -0.0116355 -0.015523 -0.0190349 -0.0221519 -0.0248193 -0.0270483 -0.0288273 -0.030147 -0.0310192 -0.0314417 -0.0314551 -0.0310831 -0.0303409 -0.0292841 -0.0279244 -0.0262789 -0.0244043 -0.0222518 -0.0198323 -0.0171415 -0.0141592 -0.0109342 -0.00755265 -0.00409381 -0.000737146 0.00233911 0.00492997 0.00679477 0.00772999 0.00762655 0.00643788 0.00420101 0.00108554 -0.00267527 -0.0067891 -0.0109471 -0.0148793 -0.0183188 -0.021002 -0.0228615 -0.0238601 -0.0239993 -0.0234119 -0.0222676 -0.0206864 -0.0188917 -0.0170466 -0.0152929 -0.013761 -0.0125596 -0.0117439 -0.0113711 -0.0114257 -0.0119179 -0.0127818 -0.0139546 -0.0153649 -0.016879 -0.0183235 -0.0195868 -0.0204345 -0.0206779 -0.0201937 -0.0188416 -0.0165471 -0.0134095 -0.00952375 -0.00505915 -0.000253941 0.0046107 0.00924996 0.0134008 0.0168737 0.0195205 0.0212831 0.0222285 0.0225115 0.0223125 0.0218493 0.021342 0.0209244 0.0207428 0.0208696 0.0213116 0.0220782 0.0231172 0.0243129 0.025632 0.0269661 0.0282545 0.0294663 0.0305159 0.0313405 0.0318946 0.0321063 0.0319552 0.0314069 0.0304288 0.0290024 0.0270924 0.0247195 0.0218775 0.0185867 0.0148948 0.0108344 0.00645908 0.0018465 -0.00295597 -0.00788738 -0.0128563 -0.0177868 -0.0225904 -0.0271826 -0.0314867 -0.0354285 -0.0389321 -0.0419152 -0.0443215 -0.0461235 -0.0472844 -0.0478035 -0.0477122 -0.0470123 -0.0457597 -0.0439978 -0.041799 -0.0392475 -0.0364116 -0.033421 -0.0303247 -0.0272218 -0.0241822 -0.0212521 -0.018499 -0.0159317 -0.0136152 -0.011539 -0.00971755 -0.00815666 -0.00682459 -0.00571552 -0.00478641 -0.00403611 -0.00342349 -0.00292554 -0.00253557 -0.00223359 -0.0020094 -0.00183271 -0.00171299 -0.00163701 
0 0.00011921 0.000261655 0.000430854 0.000627368 0.000884814 0.00121985 0.00164046 0.00214897 0.00278933 0.00358101 0.00453429 0.00567513 0.00704048 0.00866413 0.0105172 0.0126341 0.0150057 0.0176185 0.0204343 0.0234161 0.0265576 0.029757 0.0329772 0.0361245 0.0391214 0.0418789 0.0443052 0.0463479 0.0479112 0.0489701 0.0494913 0.0494362 0.0487878 0.0475728 0.0457927 0.0434945 0.0407068 0.0375066 0.0339303 0.0300141 0.0258666 0.0214919 0.017 0.0124388 0.00787156 0.00333871 -0.00111027 -0.00542163 -0.00955771 -0.0134651 -0.0170785 -0.0203726 -0.0233241 -0.0258688 -0.0280326 -0.0297583 -0.0310495 -0.0318975 -0.0323351 -0.0323462 -0.0319688 -0.0312105 -0.0300767 -0.0285954 -0.0267902 -0.0246503 -0.0221805 -0.0193779 -0.016223 -0.0127842 -0.00911385 -0.0053637 -0.00169282 0.00166066 0.00446739 0.00648247 0.00752415 0.00741759 0.00616012 0.00378588 0.000486945 -0.00350808 -0.00791047 -0.0123788 -0.0165529 -0.0202056 -0.0231001 -0.0251034 -0.0261587 -0.0263104 -0.0256724 -0.0244011 -0.0226804 -0.0207419 -0.0187307 -0.0168237 -0.0151851 -0.0138786 -0.0129804 -0.0125676 -0.0126062 -0.0131076 -0.0140481 -0.0153205 -0.0168347 -0.0184748 -0.0200463 -0.0213787 -0.0222599 -0.0225014 -0.0219309 -0.020428 -0.0179599 -0.0145612 -0.0103012 -0.00543946 -0.000221906 0.00508229 0.0101734 0.0147583 0.0186296 0.0215958 0.0236511 0.0248186 0.0252511 0.0251513 0.024773 0.0243066 0.023949 0.0238001 0.0239547 0.0244094 0.025173 0.0261786 0.0273459 0.0285946 0.029832 0.0309724 0.0319568 0.0327266 0.0332097 0.0333797 0.0331845 0.032604 0.0315943 0.0301843 0.0283148 0.0260266 0.0233291 0.0202253 0.0167557 0.0129703 0.00889376 0.00459615 0.000122977 -0.00448572 -0.00917423 -0.0139092 -0.01858 -0.0231773 -0.0275817 -0.0317381 -0.0355991 -0.0390868 -0.0421466 -0.0447175 -0.046756 -0.0482141 -0.0490766 -0.0493466 -0.0490339 -0.0481286 -0.0467126 -0.0448085 -0.0424841 -0.0398148 -0.0368898 -0.0338179 -0.0306498 -0.0275024 -0.0244144 -0.0214537 -0.0186685 -0.0160955 -0.0137631 -0.0116723 -0.00985671 -0.00828977 -0.00695504 -0.00583356 -0.00491842 -0.00416733 -0.00354451 -0.00305061 -0.00267017 -0.00238058 -0.00214781 -0.00199096 -0.00189714 
0 0.000170691 0.000367512 0.000604009 0.000861455 0.00119905 0.00162385 0.00214966 0.00278249 0.00356223 0.00453336 0.00567513 0.00703911 0.00865293 0.0105413 0.0126724 0.0150458 0.017685 0.0205327 0.0235563 0.0267042 0.0299534 0.0332143 0.0364008 0.0394493 0.0422587 0.0447554 0.0468632 0.0485299 0.0496944 0.0503359 0.050444 0.049989 0.0489736 0.0474493 0.0454516 0.0430088 0.040176 0.0370129 0.0335556 0.0298478 0.0259578 0.0219087 0.0177613 0.0135623 0.00934565 0.00512269 0.000935175 -0.00316272 -0.0071589 -0.0109962 -0.0146319 -0.0180553 -0.0212086 -0.0240433 -0.026539 -0.0286466 -0.0303531 -0.0316366 -0.0325107 -0.0329574 -0.0329734 -0.0325808 -0.03176 -0.0305204 -0.0288967 -0.0268515 -0.0243949 -0.0215363 -0.018259 -0.0146353 -0.010762 -0.00677362 -0.00287273 0.000703461 0.00371267 0.00588734 0.00700646 0.00693013 0.0056236 0.00312321 -0.000369505 -0.00458651 -0.00921307 -0.0138959 -0.0183126 -0.0221838 -0.0252287 -0.0273405 -0.0284678 -0.028611 -0.0279108 -0.0265465 -0.0246852 -0.0225845 -0.0204309 -0.018389 -0.0166182 -0.0152122 -0.0142426 -0.0137769 -0.0138019 -0.0143326 -0.015321 -0.0166755 -0.0183089 -0.020059 -0.0217161 -0.0231244 -0.0240355 -0.0242422 -0.0236051 -0.0219729 -0.0192826 -0.0156118 -0.0110489 -0.00580483 -0.000146432 0.00562153 0.0111586 0.0161603 0.0204139 0.0237379 0.026083 0.0275029 0.028147 0.0282079 0.0279274 0.0275263 0.0271815 0.0270392 0.0271836 0.0276112 0.0283301 0.0292697 0.0303233 0.0314331 0.0324806 0.0333713 0.0340588 0.0344621 0.034536 0.0342686 0.033617 0.0325707 0.0311097 0.0292468 0.0269767 0.0243293 0.0213506 0.0180511 0.01447 0.0106682 0.00665991 0.00249695 -0.00177126 -0.00611882 -0.0105083 -0.0148957 -0.0192356 -0.0235114 -0.0276453 -0.0315822 -0.035284 -0.0387021 -0.0417797 -0.0444709 -0.0467217 -0.0484656 -0.0496713 -0.0503321 -0.0504134 -0.0499144 -0.0488833 -0.0473475 -0.0453471 -0.0429262 -0.0401946 -0.0372211 -0.0340917 -0.0309034 -0.0277133 -0.024606 -0.0216233 -0.0188329 -0.0162425 -0.0138868 -0.0118048 -0.00997802 -0.00840053 -0.00705291 -0.00595068 -0.00503519 -0.00427042 -0.00365896 -0.00318406 -0.00281796 -0.00251973 -0.00232098 -0.00220611 
0 0.000234793 0.000502157 0.000811912 0.00115266 0.00158151 0.00211572 0.00276568 0.00354282 0.00449633 0.0056687 0.00704048 0.00865293 0.0105356 0.0126983 0.0150978 0.0177253 0.0205963 0.0236487 0.0268277 0.0300779 0.0333649 0.0365896 0.0396564 0.0425005 0.0450332 0.0471895 0.048907 0.050147 0.0508657 0.0510584 0.0507323 0.0498739 0.0485109 0.0467185 0.0445462 0.0420219 0.0391944 0.036125 0.0328487 0.0294025 0.0258387 0.0221625 0.0184104 0.0146139 0.0107866 0.00692596 0.00306318 -0.000760509 -0.00454378 -0.00825115 -0.0118504 -0.0153285 -0.0186219 -0.0216675 -0.0244374 -0.026884 -0.0289791 -0.0306898 -0.0320066 -0.0328929 -0.0333374 -0.0333496 -0.0329 -0.0319835 -0.0306106 -0.0287382 -0.0263709 -0.0235216 -0.0201925 -0.0164655 -0.0124493 -0.00829443 -0.0042142 -0.000463675 0.00269584 0.00499063 0.00618641 0.00612739 0.00477628 0.0021825 -0.00144952 -0.00584869 -0.0106888 -0.015587 -0.0201912 -0.0242165 -0.0273903 -0.0295838 -0.0307397 -0.0308724 -0.0301208 -0.0286642 -0.0266893 -0.0244519 -0.0221438 -0.0199491 -0.0180431 -0.0165261 -0.0154802 -0.0149766 -0.0150013 -0.015561 -0.0166077 -0.0180362 -0.0197458 -0.0215763 -0.0233133 -0.0247753 -0.0257118 -0.0259028 -0.0251864 -0.0234142 -0.0205284 -0.016586 -0.01168 -0.00604582 2.65681e-05 0.00622465 0.0121996 0.0176303 0.0222811 0.0259665 0.0286393 0.0303466 0.0312228 0.0314591 0.0312934 0.0309461 0.0306074 0.0304329 0.0305161 0.0308631 0.0314707 0.0322611 0.033126 0.0339974 0.0347618 0.0353248 0.035637 0.0356246 0.0352468 0.0345033 0.0333697 0.0318468 0.0299367 0.0276649 0.0250395 0.0221042 0.0189095 0.0154758 0.0118533 0.00810241 0.00423311 0.000280754 -0.00372058 -0.00775264 -0.011784 -0.0157804 -0.0197238 -0.0236254 -0.0274316 -0.0310992 -0.0346015 -0.037898 -0.0409435 -0.0436986 -0.0461075 -0.0480993 -0.0496321 -0.0506801 -0.0511831 -0.0511192 -0.0505234 -0.0494105 -0.0477981 -0.0457156 -0.0432536 -0.0404749 -0.0374595 -0.034304 -0.0310774 -0.0278702 -0.0247438 -0.0217642 -0.018948 -0.0163426 -0.0139998 -0.0119136 -0.0100781 -0.00849144 -0.00717351 -0.00606969 -0.00514043 -0.00439004 -0.00380398 -0.00334306 -0.00297041 -0.002718 -0.00257389 
0 0.000309502 0.000659313 0.00105046 0.00149582 0.00203516 0.00270564 0.00350949 0.00446324 0.00562914 0.00702977 0.00866413 0.0105413 0.0126983 0.0151291 0.0177755 0.0206358 0.0236928 0.0269023 0.0301744 0.0334553 0.0367025 0.0397966 0.0426592 0.0452073 0.047388 0.0491403 0.050414 0.0511897 0.0514333 0.0511665 0.0504113 0.0491764 0.0475102 0.0455027 0.0432016 0.0406453 0.0378644 0.034933 0.0318866 0.0287434 0.0255487 0.02227 0.0189383 0.0155643 0.0121484 0.00868134 0.00517849 0.00166223 -0.00186241 -0.00538463 -0.00887569 -0.012312 -0.0156537 -0.0188187 -0.0217964 -0.0245323 -0.0269791 -0.0290877 -0.0308238 -0.0321302 -0.0330069 -0.0334395 -0.033395 -0.0328561 -0.0317913 -0.0301666 -0.0279735 -0.0252239 -0.0219357 -0.0181972 -0.0141108 -0.00986342 -0.00566569 -0.00179939 0.0014529 0.00380957 0.0050436 0.00497828 0.00358591 0.000917249 -0.00282724 -0.00736928 -0.0123709 -0.0174452 -0.0222052 -0.0263538 -0.0296289 -0.0318717 -0.033028 -0.0331412 -0.0323378 -0.0307879 -0.028708 -0.0263401 -0.0238804 -0.0215341 -0.0194931 -0.0178594 -0.0167362 -0.016196 -0.0162245 -0.0168076 -0.0179052 -0.0193972 -0.0211663 -0.0230587 -0.0248637 -0.0263611 -0.0273122 -0.0274864 -0.0266833 -0.0247563 -0.0216641 -0.0174441 -0.0122053 -0.00620294 0.000272519 0.00689597 0.0133069 0.0191745 0.0242446 0.0283144 0.0313398 0.033345 0.0344574 0.0348709 0.0348224 0.0345177 0.0341751 0.0339358 0.033907 0.0341057 0.0345199 0.0350674 0.0356573 0.0361942 0.0365877 0.0367482 0.0366207 0.0361577 0.0353157 0.0340974 0.0324942 0.030511 0.0281696 0.0255287 0.022597 0.019448 0.0161146 0.0126225 0.00902996 0.00539011 0.00171645 -0.00196764 -0.00565517 -0.009335 -0.0129786 -0.0165707 -0.0200917 -0.0235915 -0.0270288 -0.0303837 -0.0336454 -0.0367745 -0.0397427 -0.0425084 -0.0450161 -0.0472006 -0.0490188 -0.050425 -0.0513503 -0.0517335 -0.0516049 -0.0509546 -0.0497819 -0.048113 -0.0459959 -0.0435065 -0.0406913 -0.0376524 -0.0344622 -0.0312106 -0.0279926 -0.0248573 -0.0218499 -0.019018 -0.0164286 -0.0140894 -0.0119916 -0.0101595 -0.00860703 -0.0072955 -0.00618234 -0.0052732 -0.00455769 -0.00398448 -0.00352497 -0.00320332 -0.00301469 
0 0.000418891 0.000870504 0.00138027 0.00194213 0.00262507 0.00344642 0.00442378 0.00558438 0.00696791 0.00862599 0.0105172 0.0126724 0.0150978 0.0177755 0.0206654 0.0237119 0.0269357 0.0302364 0.0335426 0.0367855 0.0398909 0.0427838 0.0453366 0.0475243 0.0492823 0.0505747 0.0513729 0.0516472 0.0514127 0.0506956 0.0495421 0.047983 0.0460772 0.0439042 0.0415383 0.0389805 0.0363016 0.0335458 0.0307517 0.0279474 0.0251057 0.0222397 0.0193224 0.0163812 0.013397 0.010343 0.00721648 0.00403859 0.000792287 -0.00249448 -0.00580983 -0.00914586 -0.0124354 -0.0156575 -0.0187548 -0.021699 -0.0244216 -0.026864 -0.028959 -0.0306773 -0.0319661 -0.0328273 -0.033206 -0.0330512 -0.0323396 -0.0310189 -0.0290757 -0.0265255 -0.0233847 -0.0197121 -0.0156612 -0.0113852 -0.00715622 -0.00325473 1.97945e-05 0.00238563 0.00358084 0.00349456 0.00205033 -0.000686463 -0.00453189 -0.00918499 -0.0143017 -0.0194776 -0.0243675 -0.0286139 -0.0319412 -0.0342154 -0.0353907 -0.0354633 -0.034584 -0.0329445 -0.0307395 -0.0282169 -0.0256281 -0.0231565 -0.0209788 -0.0192486 -0.0180584 -0.0174527 -0.0174613 -0.0180647 -0.0191833 -0.0207263 -0.0225778 -0.0245317 -0.0263777 -0.0279068 -0.0288488 -0.0289514 -0.0280519 -0.0259806 -0.0226626 -0.0181629 -0.0126299 -0.0062644 0.000614179 0.00766707 0.014513 0.0208186 0.0263088 0.0308031 0.0341765 0.0364857 0.0378382 0.0384224 0.0384604 0.0381979 0.0378061 0.0374762 0.0372791 0.0372469 0.0373699 0.0375834 0.0377898 0.037928 0.0378881 0.0375901 0.0369967 0.036042 0.0347261 0.033044 0.0309994 0.0286011 0.025903 0.0229379 0.0197929 0.0164966 0.0131064 0.00963759 0.00612933 0.00264537 -0.000797593 -0.00419256 -0.00753332 -0.0108297 -0.0140791 -0.0172402 -0.0203619 -0.0234419 -0.0265041 -0.0295272 -0.0325064 -0.0354417 -0.0382869 -0.0410185 -0.0435723 -0.0458884 -0.0479292 -0.0496503 -0.0509493 -0.0517818 -0.0521115 -0.0519432 -0.0512494 -0.0500266 -0.0483398 -0.0461989 -0.0436905 -0.0408579 -0.0377914 -0.0345888 -0.0313292 -0.0281087 -0.0249442 -0.0219272 -0.0191129 -0.0165213 -0.014166 -0.0120646 -0.010261 -0.00870933 -0.00738646 -0.00629648 -0.00542643 -0.00473374 -0.0041784 -0.00378851 -0.00355229 
0 0.000549625 0.0011428 0.00177704 0.00250419 0.00334049 0.00434912 0.00553091 0.00691413 0.0085597 0.0104602 0.0126341 0.0150458 0.0177253 0.0206358 0.0237119 0.0269374 0.0302471 0.0335952 0.0368539 0.0399656 0.0428611 0.0454376 0.0476326 0.0493789 0.0506711 0.0514694 0.0517572 0.0515347 0.0508321 0.0497049 0.0482129 0.0463942 0.0443102 0.0420482 0.0396475 0.037164 0.0346157 0.032071 0.0295551 0.0270572 0.0245778 0.0220828 0.0195789 0.017065 0.0145049 0.0118628 0.0091268 0.00628197 0.00335869 0.000336911 -0.00276848 -0.00593355 -0.00914539 -0.0123324 -0.0154724 -0.0185225 -0.0214132 -0.0240923 -0.0264965 -0.0285538 -0.0302493 -0.0315139 -0.0322994 -0.0325543 -0.0322074 -0.0312324 -0.0296067 -0.0273143 -0.024387 -0.0208933 -0.016947 -0.0127678 -0.00860444 -0.00476298 -0.00155723 0.000731378 0.0018836 0.00171271 0.000181556 -0.00262929 -0.0065426 -0.0112839 -0.0164871 -0.0217603 -0.0266939 -0.0309737 -0.034365 -0.0366642 -0.0377981 -0.0378397 -0.0368864 -0.0351121 -0.032784 -0.0301367 -0.0273904 -0.0247877 -0.0225163 -0.0206874 -0.0194083 -0.0187511 -0.0187215 -0.0192985 -0.0204508 -0.0220562 -0.0239447 -0.025954 -0.0278586 -0.0293741 -0.030272 -0.03032 -0.0292756 -0.0270188 -0.0235148 -0.018764 -0.0128957 -0.00617021 0.00110313 0.00856163 0.015844 0.0225972 0.0285124 0.0333799 0.0371285 0.0397471 0.0413361 0.0420792 0.0421989 0.0419109 0.0414434 0.0409356 0.0404921 0.0401557 0.0399 0.0396816 0.0394494 0.0391079 0.0385925 0.0378217 0.0367185 0.0352784 0.0334791 0.0313472 0.0289116 0.0261797 0.0231977 0.0200355 0.016736 0.0133881 0.0100081 0.00661687 0.00326165 -3.49146e-05 -0.00322725 -0.0063149 -0.00930898 -0.0122179 -0.0150465 -0.0178065 -0.0205079 -0.0232063 -0.0258948 -0.0285795 -0.0312758 -0.033971 -0.0366711 -0.0393222 -0.0418744 -0.0442695 -0.0464736 -0.0484331 -0.050068 -0.0512915 -0.0520755 -0.0523842 -0.052175 -0.051454 -0.0502135 -0.0485145 -0.046369 -0.0438404 -0.0409973 -0.0379128 -0.0347133 -0.0314431 -0.0281932 -0.0250223 -0.0220099 -0.0191936 -0.0165743 -0.0142209 -0.0121423 -0.0103426 -0.00879003 -0.00749387 -0.00645613 -0.00561698 -0.0049659 -0.00449383 -0.00420759 
0 0.000704298 0.00144162 0.0022484 0.00314286 0.00418416 0.0054015 0.00682075 0.00847595 0.0103844 0.0125724 0.0150057 0.017685 0.0205963 0.0236928 0.0269357 0.0302471 0.0335988 0.0368826 0.0400071 0.0429018 0.0454755 0.0476886 0.0494422 0.0507252 0.0515164 0.0518013 0.0515912 0.0508877 0.0497671 0.0482928 0.0465228 0.0445113 0.0423178 0.040007 0.0376539 0.0352685 0.0329105 0.030594 0.0283407 0.0261595 0.0239933 0.0218693 0.0197475 0.0176304 0.0154635 0.0132049 0.0108286 0.00833928 0.00573408 0.00301162 0.000158463 -0.00281918 -0.00586584 -0.00896575 -0.0120526 -0.0151119 -0.0180831 -0.0209222 -0.0235319 -0.0258825 -0.0278912 -0.029513 -0.0306865 -0.0313283 -0.0313728 -0.0307714 -0.0294791 -0.027492 -0.0248421 -0.021576 -0.0178663 -0.0138834 -0.00991578 -0.00624698 -0.00319267 -0.00103676 -4.11896e-05 -0.000313204 -0.00194904 -0.00486177 -0.00888054 -0.0136894 -0.018935 -0.0242306 -0.0292281 -0.0335395 -0.0369137 -0.0391853 -0.0402993 -0.0402614 -0.0392077 -0.0373392 -0.0348858 -0.0320837 -0.029222 -0.0264942 -0.0240689 -0.0221307 -0.020781 -0.0200488 -0.0199978 -0.020589 -0.0217324 -0.0233476 -0.0252878 -0.0273188 -0.0292229 -0.0307378 -0.0315923 -0.031526 -0.0303579 -0.0279335 -0.0241792 -0.0191363 -0.0129871 -0.00591626 0.00175073 0.00964082 0.017346 0.0245074 0.0308111 0.0360823 0.0401571 0.0430697 0.0448962 0.0457943 0.0459529 0.0456162 0.0449631 0.0442072 0.0434299 0.0426983 0.0420011 0.0413024 0.0405507 0.0396921 0.0386508 0.0373654 0.0357792 0.0338548 0.0316247 0.0290992 0.0263331 0.0233432 0.020187 0.01689 0.0135535 0.0102044 0.00689658 0.00364953 0.000483516 -0.00256923 -0.00548195 -0.00826168 -0.0109137 -0.0134509 -0.0158973 -0.0182467 -0.0205806 -0.0228943 -0.0252408 -0.0276082 -0.030002 -0.032459 -0.0349626 -0.0374964 -0.0399991 -0.0424201 -0.0447281 -0.046871 -0.0487635 -0.0503478 -0.0515386 -0.0523146 -0.0526053 -0.0523793 -0.0516461 -0.0503966 -0.0486894 -0.0465216 -0.0439699 -0.0411063 -0.0380148 -0.0347944 -0.0314992 -0.0282395 -0.0250749 -0.0220573 -0.019224 -0.0166173 -0.0142881 -0.0122265 -0.0104361 -0.00892276 -0.00768249 -0.00668936 -0.00591089 -0.0053528 -0.00500055 
0 0.000882802 0.0018102 0.00280182 0.00391989 0.00518149 0.00664709 0.00833155 0.0102635 0.0124654 0.0149136 0.0176185 0.0205327 0.0236487 0.0269023 0.0302364 0.0335952 0.0368826 0.0400323 0.0429279 0.0455112 0.047706 0.0494705 0.0507586 0.0515353 0.0518146 0.0515948 0.0509098 0.0497841 0.0483112 0.0465536 0.0445727 0.0424215 0.0401636 0.0378746 0.0355946 0.0333741 0.031218 0.0291441 0.0271641 0.025269 0.0234249 0.021629 0.0198546 0.0180826 0.0162533 0.0143346 0.0123125 0.0101548 0.00789013 0.00546982 0.0028817 0.00014899 -0.00270086 -0.00562634 -0.00859029 -0.0115823 -0.0145508 -0.0174532 -0.0201989 -0.0227254 -0.0249887 -0.0268978 -0.0284006 -0.0294039 -0.0298056 -0.0295572 -0.0286201 -0.0269679 -0.0246513 -0.0217262 -0.0183253 -0.0146466 -0.0109626 -0.00756208 -0.00476738 -0.00286242 -0.00206774 -0.00254458 -0.00435004 -0.00737444 -0.0114639 -0.0163492 -0.021653 -0.0269955 -0.0319808 -0.0362648 -0.0396229 -0.0418485 -0.0428679 -0.0427619 -0.0416227 -0.0396361 -0.0370691 -0.0341449 -0.0311126 -0.0282299 -0.0256819 -0.0236276 -0.0221776 -0.0213946 -0.0213051 -0.0218713 -0.0230303 -0.0246699 -0.0265914 -0.0286135 -0.0305085 -0.0319697 -0.032751 -0.0326046 -0.0312717 -0.0286398 -0.024663 -0.0193471 -0.0128556 -0.00542718 0.00261188 0.0108651 0.0189663 0.0265412 0.0332357 0.0388465 0.0432495 0.0464208 0.0484339 0.0494316 0.0495933 0.0491415 0.0482816 0.0471952 0.046007 0.0448085 0.0435883 0.0423427 0.041042 0.0396205 0.0380396 0.0362532 0.0341849 0.0318485 0.0292456 0.0264059 0.0233931 0.020229 0.0169651 0.013645 0.0103278 0.00706551 0.00388174 0.000807732 -0.00212232 -0.0049134 -0.0075195 -0.00997641 -0.0123009 -0.0144994 -0.0165924 -0.0186025 -0.0205819 -0.0225679 -0.0245941 -0.0266629 -0.0287823 -0.0309724 -0.0332646 -0.0356246 -0.0380268 -0.0404241 -0.0427823 -0.0450448 -0.0471444 -0.0490131 -0.0505692 -0.0517683 -0.0525272 -0.0528076 -0.0525631 -0.0518129 -0.0505616 -0.0488189 -0.0466376 -0.0440627 -0.0411932 -0.0380821 -0.0348387 -0.0315445 -0.0282788 -0.0251135 -0.022084 -0.0192664 -0.0166807 -0.0143668 -0.0123298 -0.0105809 -0.00913122 -0.00795205 -0.00704459 -0.0063805 -0.00596038 
