0 0 0 0 0 0 0 0 0 0 0 0 0 0 0 0 0 0 0 0 0 0 0 0 0 0 0 0 0 0 0 0 0 0 0 0 0 0 0 0 0 0 0 0 0 0 0 0 0 0 0 0 0 0 0 0 0 0 0 0 0 0 0 0 0 0 0 0 0 0 0 0 0 0 0 0 0 0 0 0 0 0 0 0 0 0 0 0 0 0 0 0 0 0 0 0 0 0 0 0 0 0 0 0 0 0 0 0 0 0 0 0 0 0 0 0 0 0 0 0 0 0 0 0 0 0 0 0 0 0 0 0 0 0 0 0 0 0 0 0 0 0 0 0 0 0 0 0 0 0 0 0 0 0 0 0 0 0 0 0 0 0 0 0 0 0 0 0 0 0 0 0 0 0 0 0 0 0 0 0 0 0 0 0 0 0 0 0 0 0 0 0 0 0 0 0 0 0 0 0 
0 -1.94962e-06 4.50227e-06 4.18695e-06 1.2968e-05 1.01636e-05 1.86684e-05 2.42625e-05 2.41626e-05 3.16575e-05 3.52357e-05 4.87188e-05 4.57874e-05 4.53659e-05 5.11032e-05 5.6557e-05 5.99797e-05 5.68066e-05 6.76744e-05 7.64573e-05 8.14924e-05 8.23297e-05 9.2673e-05 0.000102519 0.000107622 0.000112614 0.000115902 0.000126468 0.000132258 0.000150467 0.000164077 0.000183039 0.000220198 0.000270169 0.000332869 0.000402528 0.000494096 0.00060459 0.000730641 0.000873361 0.00104421 0.00122973 0.00145745 0.0017271 0.00203421 0.00239389 0.00279916 0.00326985 0.00378694 0.00434669 0.00494148 0.00554338 0.00614609 0.00675461 0.00733412 0.0078823 0.00837707 0.00877617 0.00905835 0.00917782 0.00910046 0.00878929 0.00822598 0.0074089 0.00635563 0.00509825 0.00369651 0.00219519 0.000658486 -0.000851592 -0.00228122 -0.00357856 -0.00469431 -0.00559944 -0.00628511 -0.00674367 -0.00699328 -0.00706649 -0.00698157 -0.00676604 -0.00646294 -0.00607907 -0.00564565 -0.00519073 -0.00471733 -0.00425025 -0.00381536 -0.00339401 -0.00300078 -0.00264772 -0.00232428 -0.00202241 -0.00174187 -0.0014886 -0.00127716 -0.00108912 -0.000921801 -0.000777087 -0.000637144 -0.000500839 -0.000377265 -0.000248541 -0.00012313 -5.3129e-06 0.00011635 0.000236907 0.00035574 0.000492982 0.000648779 0.000827519 0.00101437 0.00119939 0.00140161 0.00161597 0.00181627 0.00202428 0.00223004 0.00241164 0.00257338 0.00270195 0.002775 0.00280677 0.00278451 0.00270467 0.00258245 0.00242137 0.00221786 0.00198624 0.00172743 0.00143591 0.00111688 0.000771276 0.000383602 -4.99335e-05 -0.000532785 -0.00109063 -0.00171451 -0.00240023 -0.00313327 -0.0038752 -0.00458236 -0.00521888 -0.00573929 -0.00613263 -0.00637576 -0.0064783 -0.00644869 -0.0062806 -0.00600776 -0.00564418 -0.00520487 -0.00473197 -0.00424399 -0.00374738 -0.00327786 -0.00283374 -0.00243784 -0.00208621 -0.00178169 -0.0015216 -0.00128636 -0.0010883 -0.000923559 -0.000781619 -0.000656135 -0.000554217 -0.000462448 -0.000392944 -0.00033886 -0.000299865 -0.000264594 -0.000231186 -0.000218424 -0.000208437 -0.000202737 -0.000196622 -0.000199176 -0.000199919 -0.000200412 -0.000198576 -0.000195291 -0.000193511 -0.00019085 -0.000198824 -0.000191306 -0.000187552 -0.000184846 -0.000189625 -0.00019508 -0.000187928 -0.000199296 -0.00020273 -0.000207192 -0.000201196 -0.000199285 -0.000210685 -0.000203697 -0.000201387 -0.000192547 -0.000194968 
0 4.50227e-06 1.05484e-05 2.77365e-05 2.98389e-05 3.53773e-05 4.57847e-05 5.12578e-05 5.79528e-05 5.52824e-05 7.17361e-05 8.56664e-05 8.44805e-05 8.87701e-05 9.70184e-05 0.000119598 0.000121166 0.000120319 0.00013849 0.000151716 0.000159175 0.000158468 0.000172375 0.000194489 0.000201436 0.000212857 0.000230529 0.000245778 0.00028059 0.000311962 0.000354041 0.000401016 0.00046757 0.000582921 0.000691149 0.000837749 0.00101451 0.00123043 0.00148563 0.00177156 0.00211297 0.00249801 0.00295792 0.00350535 0.00413962 0.00484749 0.00567331 0.00659082 0.00760617 0.00870171 0.00985348 0.0110312 0.0122186 0.013411 0.0145603 0.0156465 0.0166003 0.0173882 0.0179073 0.0181218 0.0179511 0.0173265 0.0162146 0.0146281 0.0125541 0.0100957 0.00734347 0.00437632 0.00135689 -0.00161785 -0.00443652 -0.00698444 -0.00917527 -0.0109775 -0.0123207 -0.0132441 -0.01375 -0.0139023 -0.0137395 -0.0133482 -0.012755 -0.0120268 -0.0111928 -0.0103131 -0.00939546 -0.00850162 -0.00762512 -0.00679784 -0.00604143 -0.00533598 -0.00465547 -0.00406724 -0.00354 -0.00304992 -0.00261484 -0.0022275 -0.00187191 -0.00156944 -0.00128297 -0.0010115 -0.000756825 -0.000500278 -0.000252229 -2.12662e-05 0.000228297 0.000477024 0.000745949 0.00105237 0.00136221 0.00168059 0.00206089 0.00245417 0.00285286 0.00326136 0.00367945 0.00408443 0.00448125 0.00482974 0.00513765 0.00535942 0.00549701 0.00551894 0.00544391 0.00526098 0.0049982 0.00464216 0.00424057 0.00376305 0.00325163 0.00269098 0.0020791 0.00141053 0.000680715 -0.000163473 -0.00109958 -0.00216966 -0.00338684 -0.00470485 -0.00611774 -0.00756013 -0.00894344 -0.010193 -0.0112577 -0.0120493 -0.0125755 -0.0128099 -0.0127712 -0.0124583 -0.0119316 -0.0112119 -0.0103626 -0.00943767 -0.00848209 -0.00753096 -0.00659846 -0.00574029 -0.0049505 -0.00424678 -0.00363459 -0.00310258 -0.00261781 -0.00221794 -0.00187145 -0.00158135 -0.00133073 -0.00110823 -0.000938725 -0.000781878 -0.000682055 -0.000603918 -0.000529874 -0.000477969 -0.000444849 -0.000432267 -0.000416471 -0.000399795 -0.000400054 -0.000398179 -0.000393323 -0.000395834 -0.000386128 -0.000387079 -0.000388515 -0.000397799 -0.000400543 -0.000384008 -0.000391416 -0.000396603 -0.000397806 -0.000389113 -0.000386092 -0.000401723 -0.000392914 -0.000383118 -0.000382271 -0.000392187 -0.000398532 -0.00038266 -0.000386113 -0.000393107 
0 4.18695e-06 2.77365e-05 3.19334e-05 5.08372e-05 4.59701e-05 6.71982e-05 8.24023e-05 8.27555e-05 9.65019e-05 0.000103657 0.000133231 0.000128656 0.000132939 0.000153962 0.000174955 0.000185461 0.000179091 0.00020457 0.000224983 0.000234843 0.000234108 0.000257816 0.000282942 0.00029788 0.000315808 0.000335787 0.000378734 0.000419531 0.000493024 0.000560598 0.000641529 0.000765404 0.000921722 0.00110559 0.00131162 0.00157833 0.00190497 0.00228681 0.00272788 0.00325828 0.0038494 0.00456574 0.00540672 0.00635679 0.00744234 0.00864799 0.0100126 0.0114934 0.0130819 0.0147604 0.0164674 0.0181865 0.0199233 0.0215844 0.0231431 0.0245259 0.0256189 0.0263541 0.0266217 0.0263357 0.0254034 0.0237768 0.0214456 0.0184445 0.014857 0.0108379 0.00651961 0.00209324 -0.00225819 -0.00637103 -0.0100961 -0.0133019 -0.0159151 -0.0179104 -0.019275 -0.0200516 -0.0203217 -0.0201369 -0.0195779 -0.0187598 -0.0177203 -0.0165444 -0.0153049 -0.01401 -0.0127157 -0.0114775 -0.0102607 -0.00911076 -0.00806507 -0.00710928 -0.00623222 -0.00542659 -0.00469299 -0.00405442 -0.00346305 -0.00291611 -0.00242804 -0.00196794 -0.00153952 -0.00116255 -0.000784628 -0.000411773 -4.21663e-05 0.000356242 0.000768471 0.00118343 0.00163741 0.00212296 0.00265236 0.00320245 0.0037563 0.00435835 0.00499486 0.00559662 0.0061969 0.00676232 0.00723695 0.00763006 0.00791156 0.00803371 0.00802571 0.00785772 0.00752145 0.00705853 0.00648802 0.0058227 0.00510811 0.00435732 0.00355519 0.0027021 0.00178264 0.000748565 -0.000421599 -0.00173561 -0.00325169 -0.00494969 -0.00681859 -0.00882872 -0.0108932 -0.0129024 -0.0147578 -0.0163328 -0.0175681 -0.0183882 -0.0187942 -0.0187963 -0.0183841 -0.0176495 -0.0166428 -0.0154224 -0.0141013 -0.0127342 -0.011342 -0.0100073 -0.00873359 -0.0075741 -0.00652563 -0.00559892 -0.00478887 -0.0040522 -0.00342341 -0.00289339 -0.00243862 -0.00204232 -0.00171716 -0.00143405 -0.00121585 -0.00104988 -0.000929993 -0.000825822 -0.000733778 -0.000693456 -0.000661051 -0.000635277 -0.000606568 -0.000600097 -0.000594806 -0.000594427 -0.000594323 -0.000590677 -0.000590008 -0.000587309 -0.000608087 -0.000594827 -0.00058825 -0.000586312 -0.000597213 -0.000601374 -0.000572403 -0.000584789 -0.000585999 -0.000590086 -0.000572565 -0.000567234 -0.000592969 -0.000580918 -0.000580574 -0.0005721 -0.00059292 
0 1.2968e-05 2.98389e-05 5.08372e-05 5.60195e-05 6.54725e-05 8.69336e-05 0.000103804 0.000116504 0.000118283 0.000141523 0.0001659 0.000168827 0.000180469 0.000202242 0.000238545 0.000245481 0.000245969 0.000277016 0.00030365 0.000318777 0.000322684 0.000348841 0.000388283 0.000407955 0.000434362 0.000472237 0.000515455 0.000588237 0.00066858 0.000769207 0.000887563 0.00104928 0.00128599 0.00153115 0.00183821 0.00221175 0.00266594 0.00320142 0.00381298 0.00453555 0.00535921 0.00633198 0.00747069 0.00876562 0.0101972 0.0118108 0.013577 0.0154912 0.0175292 0.0196568 0.0218258 0.0240121 0.0261989 0.0282995 0.0302583 0.0319564 0.0333113 0.0341703 0.0344565 0.0340456 0.0328213 0.030719 0.0277395 0.0238716 0.0192687 0.0140992 0.00853254 0.00285299 -0.00273014 -0.00800614 -0.0127737 -0.0168843 -0.0202748 -0.0228542 -0.0246649 -0.0257236 -0.0261265 -0.0259449 -0.025317 -0.0243188 -0.0230611 -0.0216154 -0.0200773 -0.0184652 -0.016863 -0.0152745 -0.0137384 -0.012296 -0.0109378 -0.0096416 -0.00849267 -0.00745194 -0.00648303 -0.00560394 -0.00479709 -0.00404274 -0.00337181 -0.00274255 -0.00215527 -0.00161062 -0.00107371 -0.00054787 -3.2994e-05 0.000521016 0.00108794 0.00168806 0.00234104 0.0030007 0.00367671 0.00443484 0.00521677 0.00601445 0.0068229 0.0076184 0.00836319 0.00904449 0.00959851 0.0100316 0.0102877 0.010361 0.0102193 0.00988024 0.00933403 0.00862955 0.00777504 0.00685197 0.00585904 0.00486431 0.00385275 0.00281062 0.00170847 0.000505373 -0.000886764 -0.00246119 -0.0042855 -0.0063779 -0.00868215 -0.0111851 -0.0137874 -0.0163476 -0.0187348 -0.0208312 -0.0224826 -0.023651 -0.0242791 -0.0243751 -0.0239413 -0.0230761 -0.0218393 -0.0203418 -0.0186908 -0.0169651 -0.0152187 -0.0134898 -0.0118547 -0.0103239 -0.00892942 -0.00768813 -0.00658755 -0.00558883 -0.00474274 -0.00401482 -0.00339966 -0.00287036 -0.00241092 -0.0020415 -0.00171783 -0.00148825 -0.00130718 -0.00114531 -0.0010255 -0.000948529 -0.000906575 -0.000864159 -0.000822885 -0.000809159 -0.000798561 -0.000791458 -0.000794622 -0.000782692 -0.000780715 -0.000779885 -0.000792411 -0.000792647 -0.000773541 -0.00078615 -0.000798506 -0.000798549 -0.000779243 -0.000775007 -0.000796074 -0.000789138 -0.000775314 -0.000774147 -0.000787454 -0.000789644 -0.000767904 -0.000771601 -0.000788531 
0 1.01636e-05 3.53773e-05 4.59701e-05 6.54725e-05 7.22223e-05 0.000101941 0.000128887 0.00014074 0.00015877 0.000178856 0.000214458 0.000220275 0.000232279 0.00026071 0.00029058 0.000302852 0.000304279 0.000341213 0.000377685 0.000399778 0.000410023 0.000446785 0.000491229 0.000525277 0.000563757 0.000610056 0.00068024 0.000762323 0.000880031 0.00101157 0.00117598 0.00140772 0.00170495 0.00204851 0.00244727 0.00293994 0.00353485 0.00423053 0.00503265 0.00597513 0.00704332 0.0082992 0.00974755 0.0113661 0.0131615 0.0151267 0.017279 0.0195781 0.0220046 0.0245271 0.0270806 0.0296368 0.032181 0.0346046 0.0368423 0.0387834 0.0402902 0.0412444 0.0415129 0.0409658 0.039467 0.0369366 0.0333484 0.0287381 0.0232394 0.01707 0.0104517 0.00368009 -0.00297092 -0.00925133 -0.014941 -0.0198606 -0.0239099 -0.027039 -0.0292473 -0.0305864 -0.0311612 -0.0310584 -0.030401 -0.0293292 -0.0279272 -0.0263046 -0.0245579 -0.0227201 -0.0208627 -0.0190398 -0.0172407 -0.015515 -0.0138938 -0.0123684 -0.0109471 -0.00962408 -0.00839855 -0.00729438 -0.00627075 -0.00532042 -0.00445225 -0.00363004 -0.00285027 -0.00212531 -0.00140565 -0.000695359 9.12036e-06 0.000742164 0.00149439 0.00226419 0.00308799 0.00395483 0.00487394 0.00583068 0.00679456 0.0077847 0.00877786 0.00970168 0.0105582 0.0113039 0.0118739 0.012263 0.0124317 0.0123389 0.0120032 0.0114115 0.0105718 0.00954723 0.00838508 0.00714396 0.00589265 0.00467638 0.00349148 0.00232807 0.00114319 -0.000143097 -0.00160474 -0.00328671 -0.0052763 -0.00758255 -0.0101926 -0.0130697 -0.0161042 -0.01914 -0.0220241 -0.0245794 -0.0266722 -0.0281917 -0.0290941 -0.0293664 -0.0290038 -0.0281103 -0.0267673 -0.0250808 -0.0231946 -0.0211957 -0.0191313 -0.0170891 -0.0151071 -0.0132451 -0.0115248 -0.00997 -0.00857784 -0.00731425 -0.00622007 -0.00528475 -0.00448369 -0.00379219 -0.00320882 -0.00271032 -0.0023029 -0.00198342 -0.00173272 -0.00151664 -0.00134008 -0.00123452 -0.00116028 -0.0011013 -0.00104828 -0.00102477 -0.00101064 -0.00100487 -0.00100253 -0.000992303 -0.000984079 -0.000978092 -0.000992339 -0.000979282 -0.000967298 -0.000970394 -0.00098634 -0.000990162 -0.000965967 -0.000978533 -0.000993284 -0.00100085 -0.000985679 -0.000983295 -0.00100431 -0.00099161 -0.000979036 -0.000967653 -0.000983688 
0 1.86684e-05 4.57847e-05 6.71982e-05 8.69336e-05 0.000101941 0.000130141 0.000156838 0.000171688 0.000187519 0.000214028 0.000247691 0.000261745 0.000278915 0.000310353 0.000344934 0.000361155 0.000372316 0.000412784 0.000454713 0.000480329 0.000497056 0.000535641 0.000589155 0.000636265 0.000691673 0.000763121 0.000857098 0.000978258 0.00113082 0.00131349 0.00153967 0.00184009 0.00222218 0.00265912 0.00317233 0.0037946 0.00454208 0.00541803 0.00643008 0.00760448 0.00894455 0.0104914 0.012253 0.0142052 0.0163335 0.0186422 0.0211239 0.0237495 0.0264913 0.0293093 0.0321458 0.0349695 0.0377482 0.0403889 0.0428068 0.0448814 0.0464799 0.0474558 0.0476718 0.0469764 0.0452179 0.0423026 0.0382043 0.0329579 0.0267248 0.0197367 0.0122506 0.00459248 -0.0029367 -0.0100594 -0.0165232 -0.0221317 -0.026769 -0.0303663 -0.032936 -0.0345379 -0.0352856 -0.035292 -0.0346995 -0.0336353 -0.0322043 -0.0305103 -0.0286499 -0.0266745 -0.0246613 -0.0226555 -0.0206794 -0.0187714 -0.0169392 -0.0151776 -0.0135223 -0.0119675 -0.0105056 -0.00915599 -0.00790258 -0.00673419 -0.00565429 -0.00462784 -0.0036424 -0.00269575 -0.0017595 -0.000836981 7.52173e-05 0.00100817 0.00195982 0.00294574 0.00398982 0.00507252 0.00619699 0.00736868 0.00854279 0.00970113 0.0108169 0.0118404 0.0127452 0.0134906 0.0140134 0.0142901 0.0142745 0.0139376 0.0132838 0.0123323 0.0111177 0.00971807 0.00820269 0.00665747 0.0051496 0.00373937 0.00243302 0.0012138 3.19272e-05 -0.00120226 -0.00259521 -0.00422483 -0.00619799 -0.00856443 -0.0113181 -0.0144281 -0.0177791 -0.0211974 -0.0245018 -0.0275002 -0.0300159 -0.0319298 -0.0331657 -0.0336902 -0.0335024 -0.0326878 -0.0313383 -0.029579 -0.0275539 -0.025366 -0.0230826 -0.0207793 -0.0185218 -0.0163613 -0.0143374 -0.0124799 -0.0107872 -0.00924547 -0.00789151 -0.00672075 -0.00571464 -0.00484814 -0.00410846 -0.00348377 -0.00296262 -0.00255118 -0.00221971 -0.00193623 -0.00171097 -0.00155752 -0.00145195 -0.00136582 -0.00129442 -0.00125403 -0.00122865 -0.00121514 -0.00120748 -0.00119396 -0.0011845 -0.00118326 -0.00119553 -0.00118979 -0.00117678 -0.00118112 -0.00119389 -0.00119212 -0.00117241 -0.00117546 -0.00119008 -0.00118968 -0.00117281 -0.00117043 -0.00118542 -0.00118175 -0.0011686 -0.00116585 -0.00118142 
0 2.42625e-05 5.12578e-05 8.24023e-05 0.000103804 0.000128887 0.000156838 0.000183651 0.00020305 0.00022017 0.000253219 0.000283716 0.00030567 0.000327309 0.000361219 0.00039951 0.000421262 0.000443826 0.000485264 0.000531184 0.000561813 0.000588894 0.000632228 0.000694607 0.000756902 0.000830545 0.00092987 0.00105528 0.00122484 0.00142693 0.0016758 0.00198032 0.00236421 0.00284105 0.00338547 0.0040275 0.00479557 0.0057142 0.006792 0.00803821 0.00946745 0.011098 0.0129458 0.0150171 0.0172862 0.0197219 0.0223334 0.0250928 0.0279803 0.0309579 0.0339767 0.0369882 0.0399587 0.042845 0.0455782 0.0480626 0.0501772 0.0517926 0.0527405 0.0528735 0.0520193 0.0500182 0.0467674 0.042243 0.0364892 0.029683 0.0220612 0.0139073 0.00555789 -0.00266505 -0.010459 -0.0175456 -0.0237116 -0.0288255 -0.0328102 -0.0356895 -0.037535 -0.0384663 -0.0386175 -0.0381408 -0.0371551 -0.0357827 -0.0341201 -0.0322558 -0.0302548 -0.0281886 -0.026092 -0.0240092 -0.0219718 -0.0199868 -0.0180574 -0.0162177 -0.014463 -0.0127902 -0.0112109 -0.00972479 -0.00831885 -0.00699253 -0.00572587 -0.00450733 -0.00332378 -0.00216019 -0.00100755 0.000144192 0.00131655 0.00251044 0.00374349 0.00502626 0.00634307 0.0076831 0.00904822 0.0103953 0.0116876 0.0128926 0.0139712 0.0148684 0.0155414 0.0159316 0.0159973 0.0156952 0.0150133 0.0139513 0.0125577 0.0108965 0.00906443 0.00716176 0.00530116 0.00355699 0.0019981 0.000636962 -0.000551808 -0.00162878 -0.002693 -0.00387615 -0.00529565 -0.00708031 -0.00932657 -0.0120546 -0.0152436 -0.0187815 -0.0224832 -0.026137 -0.0295329 -0.0324577 -0.0347788 -0.0363913 -0.0372412 -0.0373277 -0.0367085 -0.0354776 -0.0337679 -0.0317158 -0.0294365 -0.0270183 -0.0245286 -0.0220565 -0.0196486 -0.0173596 -0.0152224 -0.0132393 -0.0114193 -0.00979295 -0.00836729 -0.00713272 -0.00606781 -0.00515156 -0.00438114 -0.00373288 -0.00321495 -0.00279037 -0.00243122 -0.00214694 -0.00193447 -0.00178405 -0.0016601 -0.00156232 -0.00149716 -0.00145647 -0.00143273 -0.00141839 -0.0014026 -0.00139216 -0.00139507 -0.0014025 -0.00140184 -0.00138802 -0.00139104 -0.00139896 -0.00139213 -0.00137892 -0.00137347 -0.00138538 -0.00137863 -0.00136337 -0.00136261 -0.00137218 -0.00137735 -0.00136489 -0.00136799 -0.00137878 
0 2.41626e-05 5.79528e-05 8.27555e-05 0.000116504 0.00014074 0.000171688 0.00020305 0.000224006 0.000259105 0.000290344 0.000326552 0.00035461 0.000379951 0.000421568 0.00045639 0.000488692 0.000519239 0.000559213 0.000608392 0.000647363 0.000688862 0.000748157 0.00081871 0.000905317 0.00100258 0.00112627 0.00129916 0.00150623 0.00177513 0.00209019 0.00247964 0.00296876 0.00354222 0.004231 0.00502391 0.00597316 0.00709783 0.00840592 0.00991111 0.011617 0.0135374 0.0156843 0.0180479 0.0205935 0.0233144 0.0261658 0.0291545 0.0322311 0.0353547 0.0384771 0.0415496 0.0445389 0.0474136 0.0501145 0.0525495 0.0546237 0.0561657 0.057046 0.0570672 0.0560551 0.0538481 0.0503378 0.0454753 0.0393553 0.0321181 0.0240197 0.0153787 0.00651033 -0.00222476 -0.0105016 -0.0180411 -0.0246191 -0.0300737 -0.0343746 -0.0375088 -0.0395784 -0.0406989 -0.0410239 -0.0406788 -0.0398304 -0.0385745 -0.0370268 -0.0352577 -0.0333444 -0.0313185 -0.0292501 -0.0271462 -0.0250366 -0.0229617 -0.0209524 -0.0189727 -0.0170514 -0.0152055 -0.013429 -0.0117091 -0.0100601 -0.00846739 -0.00693464 -0.0054521 -0.00401533 -0.00260089 -0.00119054 0.000234582 0.00167598 0.00315743 0.00466203 0.00618533 0.00773762 0.00930813 0.0108315 0.0123039 0.0136989 0.0149646 0.0160271 0.0168531 0.0173657 0.0175218 0.0172663 0.0165865 0.0154552 0.0139258 0.012033 0.00987798 0.00757329 0.00526971 0.00306716 0.00110982 -0.000557256 -0.00190556 -0.00296334 -0.00381087 -0.00458459 -0.00540966 -0.00647374 -0.00792905 -0.00988935 -0.0124448 -0.0155646 -0.0191501 -0.0230198 -0.0269422 -0.0306593 -0.0339792 -0.0366976 -0.0387195 -0.0399606 -0.040408 -0.0400954 -0.0391151 -0.0375755 -0.0356186 -0.0333583 -0.0308818 -0.0282966 -0.0256585 -0.0230616 -0.02055 -0.0181622 -0.0159158 -0.0138359 -0.0119384 -0.0102602 -0.00878427 -0.00749885 -0.00639773 -0.00544347 -0.00466051 -0.00400379 -0.00346549 -0.00301959 -0.00265021 -0.00237542 -0.00216033 -0.00199364 -0.00186398 -0.00176699 -0.00170666 -0.00166907 -0.00163869 -0.00161963 -0.00160139 -0.00159929 -0.0016024 -0.00159225 -0.00158949 -0.00158414 -0.00159357 -0.00159187 -0.00158173 -0.00158852 -0.0015872 -0.00159032 -0.00157731 -0.00157463 -0.00158555 -0.0015792 -0.00157877 -0.00157009 -0.00157523 
0 3.16575e-05 5.52824e-05 9.65019e-05 0.000118283 0.00015877 0.000187519 0.00022017 0.000259105 0.000290468 0.000336197 0.000363347 0.000401704 0.000435272 0.000475513 0.00051755 0.000553079 0.000596058 0.000635046 0.00068624 0.000734446 0.000799717 0.000868463 0.000964074 0.00107553 0.00120528 0.00137835 0.00158509 0.00186724 0.00218789 0.00258902 0.00307831 0.00366711 0.00438185 0.00521649 0.00620648 0.00736609 0.008723 0.0102894 0.0120718 0.0140492 0.0162662 0.018685 0.0213073 0.0241114 0.0270424 0.0301069 0.0332375 0.0364226 0.0396006 0.0427111 0.04573 0.0486374 0.0513805 0.0539557 0.056263 0.0581922 0.059624 0.0603697 0.0602648 0.0591124 0.0567507 0.0530525 0.0479868 0.0415998 0.034074 0.0256435 0.0166445 0.00742718 -0.00164347 -0.0102383 -0.0180546 -0.024884 -0.03059 -0.035098 -0.0384435 -0.0407088 -0.0419993 -0.0424809 -0.0423178 -0.0416172 -0.0405367 -0.0391634 -0.0375624 -0.0358094 -0.0339421 -0.0319634 -0.0299494 -0.0279037 -0.0258255 -0.0237397 -0.0216919 -0.0196788 -0.0176931 -0.01572 -0.0137991 -0.0119147 -0.0100657 -0.00826851 -0.00651671 -0.00477323 -0.00306303 -0.00135584 0.000368436 0.00210903 0.00386562 0.00565867 0.00745393 0.00923161 0.0109577 0.0126438 0.0142508 0.015697 0.0169283 0.017926 0.0185775 0.0188368 0.0186644 0.0180039 0.0168454 0.0152254 0.0131465 0.0107158 0.00804974 0.00526962 0.0025428 3.89292e-05 -0.00212927 -0.00385922 -0.0051147 -0.00594827 -0.0064554 -0.00678698 -0.00713823 -0.00772141 -0.00870726 -0.010281 -0.0125188 -0.0154331 -0.0189344 -0.0228476 -0.0269215 -0.030919 -0.0345699 -0.0377028 -0.040156 -0.0418312 -0.0427196 -0.0428068 -0.0421754 -0.0409376 -0.0391905 -0.0370525 -0.0346441 -0.0320205 -0.0293145 -0.0265758 -0.0238899 -0.0212979 -0.0188147 -0.016497 -0.0143513 -0.0124123 -0.0106896 -0.00917502 -0.00784324 -0.00670934 -0.0057377 -0.00493439 -0.00425792 -0.00369478 -0.00324543 -0.00287325 -0.00259811 -0.0023734 -0.00220484 -0.00207355 -0.00198409 -0.00192344 -0.0018761 -0.00184277 -0.00181762 -0.00181216 -0.0017971 -0.00179654 -0.00178572 -0.00178843 -0.0017926 -0.00178852 -0.00179868 -0.00178952 -0.00180102 -0.00179473 -0.0017948 -0.00179751 -0.00178839 -0.00179697 -0.0017797 -0.00178246 -0.00177286 
0 3.52357e-05 7.17361e-05 0.000103657 0.000141523 0.000178856 0.000214028 0.000253219 0.000290344 0.000336197 0.000373167 0.000406528 0.000448579 0.00048582 0.000530992 0.000567158 0.000612699 0.000666302 0.00070805 0.000765903 0.000830695 0.00091347 0.00100921 0.00111818 0.00126983 0.00144413 0.00166076 0.00194444 0.00228395 0.00270541 0.00320239 0.00381107 0.00454615 0.00539745 0.006426 0.00761638 0.00900445 0.0106072 0.0124344 0.0144895 0.0167515 0.0192366 0.0219209 0.0247784 0.0277748 0.0308941 0.0340654 0.0372711 0.0404621 0.0435822 0.0465849 0.0494554 0.0521736 0.0547205 0.0570845 0.0591824 0.0609384 0.0621836 0.0627948 0.062559 0.0612852 0.0588136 0.0550096 0.0497954 0.0432748 0.0355696 0.0269383 0.0177476 0.00832193 -0.000946327 -0.00970758 -0.0176831 -0.0246609 -0.0304781 -0.0351229 -0.0385875 -0.0409825 -0.0424153 -0.0430631 -0.0430466 -0.0425382 -0.0416511 -0.040491 -0.0391071 -0.0375872 -0.0359228 -0.0341652 -0.0323188 -0.0303821 -0.0283954 -0.0264 -0.0243261 -0.0222219 -0.0201292 -0.0180286 -0.0159262 -0.0138482 -0.0117658 -0.00970092 -0.00764687 -0.00559874 -0.00356095 -0.00151672 0.00054104 0.00258393 0.004646 0.00669655 0.00870582 0.0107018 0.0126509 0.014446 0.0160903 0.0175307 0.0186927 0.0195055 0.0199113 0.019829 0.0192465 0.0181041 0.0164259 0.0142287 0.0115942 0.00860029 0.005403 0.00214652 -0.000954662 -0.00375092 -0.00604544 -0.0077667 -0.00886284 -0.0093821 -0.00945361 -0.00927296 -0.00903385 -0.00902551 -0.00944876 -0.0104873 -0.012302 -0.0148843 -0.0181744 -0.0220198 -0.0261684 -0.0303425 -0.0343165 -0.0378249 -0.0407223 -0.0428755 -0.0442446 -0.0448044 -0.0446193 -0.0437672 -0.0423434 -0.0404499 -0.0381896 -0.035667 -0.0329557 -0.0301724 -0.0273791 -0.0246247 -0.0219524 -0.0194188 -0.0170268 -0.0148342 -0.0128473 -0.0110732 -0.00951429 -0.00814631 -0.00699906 -0.00601139 -0.00518276 -0.00450096 -0.00392861 -0.00346838 -0.00309549 -0.00280744 -0.00258786 -0.00240955 -0.00228979 -0.00220201 -0.00213178 -0.00209031 -0.00205682 -0.00204299 -0.00202373 -0.00201044 -0.00201176 -0.00200071 -0.00199978 -0.00199709 -0.00199994 -0.00200119 -0.00199032 -0.00199534 -0.00199741 -0.00199682 -0.00199246 -0.0019852 -0.00199038 -0.0019839 -0.00197816 
0 4.87188e-05 8.56664e-05 0.000133231 0.0001659 0.000214458 0.000247691 0.000283716 0.000326552 0.000363347 0.000406528 0.000435148 0.000485761 0.00053367 0.000579947 0.000623507 0.000679393 0.000749177 0.000801494 0.00086771 0.000946587 0.00105521 0.00116415 0.00130512 0.00149365 0.00172095 0.002009 0.00235527 0.00279709 0.0033102 0.0039335 0.00468612 0.00557067 0.0066113 0.00783846 0.0092712 0.0109112 0.0127744 0.0148717 0.0172009 0.0197187 0.0224621 0.0253679 0.0284146 0.0315748 0.0347883 0.0380187 0.0411886 0.0442808 0.0472373 0.0500198 0.0526404 0.0551044 0.0573765 0.0594845 0.0613462 0.0628707 0.0639374 0.0643835 0.0640243 0.0626558 0.0601151 0.0562466 0.0509902 0.0443989 0.036631 0.0279257 0.0186514 0.00915569 -0.000174476 -0.00900067 -0.017023 -0.0240408 -0.029912 -0.0345828 -0.0380894 -0.0405363 -0.0420352 -0.0427782 -0.0429246 -0.0425887 -0.0419207 -0.0409969 -0.0398621 -0.0385932 -0.0371995 -0.0356795 -0.0340888 -0.0323932 -0.0305788 -0.0286659 -0.0266663 -0.0245923 -0.0224573 -0.0202457 -0.018014 -0.0157547 -0.0134545 -0.0111406 -0.00880886 -0.00642766 -0.00405367 -0.00167373 0.000711543 0.00307111 0.00540535 0.00772598 0.00998182 0.01216 0.0142049 0.016085 0.0177558 0.0191133 0.0200833 0.0206511 0.0207129 0.0202283 0.0191828 0.0175235 0.0152732 0.0124986 0.00924678 0.00567354 0.00196003 -0.00172855 -0.00516209 -0.00814055 -0.010507 -0.0121475 -0.0130116 -0.0131684 -0.0127498 -0.0119683 -0.01108 -0.0103964 -0.01015 -0.0105897 -0.0118639 -0.0140138 -0.01699 -0.0206591 -0.024772 -0.029077 -0.0332916 -0.0371723 -0.0405049 -0.0431374 -0.0450177 -0.0460804 -0.0463825 -0.0459958 -0.0449786 -0.0434258 -0.0414522 -0.0391101 -0.0365235 -0.0337658 -0.0309316 -0.028077 -0.0252508 -0.0225385 -0.0199376 -0.0175052 -0.0152703 -0.0132457 -0.011428 -0.0098389 -0.00846261 -0.00728414 -0.00627834 -0.00544382 -0.00475504 -0.00416699 -0.00370065 -0.00332379 -0.00303494 -0.00279917 -0.0026272 -0.00250009 -0.00239954 -0.00233809 -0.00229694 -0.00227726 -0.0022476 -0.00224366 -0.00224217 -0.00223514 -0.00222255 -0.00221288 -0.00222335 -0.00220625 -0.00219684 -0.0021881 -0.00219496 -0.00219446 -0.00217526 -0.00218236 -0.00218324 -0.00219361 -0.00218585 
0 4.57874e-05 8.44805e-05 0.000128656 0.000168827 0.000220275 0.000261745 0.00030567 0.00035461 0.000401704 0.000448579 0.000485761 0.000544516 0.000600497 0.000647424 0.000690549 0.000752581 0.000833322 0.000895401 0.000972951 0.00107605 0.00121132 0.00135651 0.00153202 0.00177401 0.00206647 0.00242412 0.00286004 0.00339533 0.00403332 0.00479667 0.00571398 0.00678655 0.0080303 0.00949418 0.0111831 0.0130909 0.0152241 0.0175903 0.0201777 0.0229465 0.0259064 0.029 0.0321834 0.0354202 0.0386584 0.0418296 0.0448727 0.0477678 0.0504724 0.0529687 0.0552854 0.0574301 0.0593917 0.0611927 0.062776 0.0640673 0.0649404 0.0652516 0.0647981 0.0633659 0.0607866 0.0568995 0.0516287 0.0450482 0.0372957 0.0286151 0.0193712 0.00990174 0.000589613 -0.00821195 -0.0162093 -0.0231904 -0.0290054 -0.0336217 -0.0370797 -0.0394988 -0.0410112 -0.041812 -0.042049 -0.0418584 -0.0413752 -0.0406743 -0.0397969 -0.0388142 -0.0377148 -0.0365006 -0.0351876 -0.0337397 -0.032162 -0.0304679 -0.0286122 -0.0266173 -0.0245154 -0.022286 -0.0199602 -0.0175534 -0.0150547 -0.012497 -0.00988997 -0.00722922 -0.00455463 -0.00186153 0.000837183 0.00349901 0.006125 0.00868602 0.0111267 0.0134479 0.0155874 0.0174582 0.0190296 0.020224 0.0209646 0.0212123 0.0208868 0.0199425 0.0183805 0.0161624 0.0133271 0.00995037 0.00612234 0.00200482 -0.00219052 -0.00626253 -0.00995628 -0.0130626 -0.0154035 -0.0168789 -0.0174474 -0.0171799 -0.0162301 -0.0148247 -0.0132388 -0.0118217 -0.0108485 -0.0105932 -0.011259 -0.0128974 -0.0154828 -0.0188982 -0.0229009 -0.0272331 -0.0316264 -0.0358 -0.039529 -0.0426368 -0.0450317 -0.0466362 -0.047477 -0.0476046 -0.0470632 -0.0459334 -0.044315 -0.0422687 -0.0398865 -0.0372604 -0.0344729 -0.0315877 -0.0286805 -0.0258358 -0.0230649 -0.0204268 -0.0179599 -0.0156874 -0.0136218 -0.0117823 -0.0101746 -0.00876939 -0.00756187 -0.00655666 -0.00571203 -0.0049946 -0.00440503 -0.00393157 -0.0035596 -0.0032538 -0.00302623 -0.0028498 -0.00271235 -0.00262277 -0.00256089 -0.00251876 -0.00247294 -0.00245801 -0.00245705 -0.00244388 -0.00242506 -0.00241843 -0.00243251 -0.00242461 -0.00241192 -0.00241098 -0.00242261 -0.00242106 -0.00240181 -0.00240144 -0.0024077 -0.00240791 -0.00239204 
0 4.53659e-05 8.87701e-05 0.000132939 0.000180469 0.000232279 0.000278915 0.000327309 0.000379951 0.000435272 0.00048582 0.00053367 0.000600497 0.000665417 0.000716444 0.000764824 0.000836536 0.000927243 0.00100257 0.00109405 0.00122515 0.0013938 0.00158373 0.00180929 0.00211666 0.00249071 0.00293619 0.0034768 0.0041247 0.0049032 0.00582625 0.00692685 0.00820762 0.00968079 0.0114021 0.0133652 0.0155532 0.0179592 0.0205855 0.0234105 0.0263961 0.0295254 0.0327434 0.035989 0.0392178 0.0423828 0.0453997 0.0482236 0.0508372 0.0532201 0.0553736 0.0573388 0.0591304 0.0607569 0.0622399 0.0635477 0.0646167 0.0653203 0.065519 0.0649953 0.0635297 0.0609448 0.0570809 0.0518548 0.0453411 0.0376646 0.0290679 0.0199044 0.0105178 0.00129054 -0.00741394 -0.0153027 -0.0221628 -0.0278501 -0.0323446 -0.0356945 -0.0380258 -0.0394842 -0.0402693 -0.0405328 -0.0404255 -0.0400752 -0.0395611 -0.038922 -0.0382126 -0.0374083 -0.0365091 -0.0355081 -0.0343623 -0.0330616 -0.0316148 -0.0299735 -0.0281511 -0.0261576 -0.0239697 -0.0216085 -0.0191021 -0.0164517 -0.0136992 -0.0108642 -0.00796012 -0.00502276 -0.00206029 0.000907972 0.00383269 0.00670362 0.00946982 0.0120619 0.0144549 0.016589 0.0183801 0.0197986 0.0207664 0.0212084 0.0210796 0.0203194 0.0188822 0.0167773 0.0139894 0.0105766 0.00662835 0.0022685 -0.00232671 -0.00692284 -0.0112937 -0.0151701 -0.0183308 -0.0205856 -0.0218368 -0.0220506 -0.0213072 -0.0197792 -0.0177123 -0.0154078 -0.0132376 -0.0115167 -0.0105433 -0.0105571 -0.0116325 -0.013766 -0.0168536 -0.020668 -0.0249497 -0.0294394 -0.0338377 -0.0379081 -0.0414559 -0.0443525 -0.0465052 -0.0479082 -0.0485862 -0.0485686 -0.0479228 -0.0467326 -0.0450621 -0.0429766 -0.0405719 -0.0379178 -0.035085 -0.0321687 -0.0292537 -0.0263674 -0.0235678 -0.020902 -0.0184014 -0.0160938 -0.0139999 -0.0121406 -0.0104857 -0.00905006 -0.00784496 -0.0068236 -0.00595793 -0.00523308 -0.00464855 -0.00417796 -0.00378979 -0.00349008 -0.00325114 -0.00306461 -0.00293569 -0.00284443 -0.00277205 -0.0027073 -0.00267943 -0.0026769 -0.00266049 -0.00263866 -0.00263627 -0.00265278 -0.00265197 -0.00263568 -0.00263769 -0.0026497 -0.00264559 -0.00262691 -0.00262124 -0.00263111 -0.00262347 -0.002602 
0 5.11032e-05 9.70184e-05 0.000153962 0.000202242 0.00026071 0.000310353 0.000361219 0.000421568 0.000475513 0.000530992 0.000579947 0.000647424 0.000716444 0.0007709 0.000831157 0.000916959 0.00102049 0.0011197 0.00123646 0.00140328 0.00162185 0.00185936 0.00215578 0.00253408 0.00300098 0.00355856 0.00420975 0.00500779 0.0059423 0.00706108 0.00837737 0.00988687 0.0116236 0.013604 0.0158417 0.0182943 0.0209477 0.0238004 0.0268291 0.0299784 0.0332301 0.0365006 0.0397268 0.0428694 0.045853 0.0486379 0.0511572 0.0534236 0.0554352 0.0572088 0.0587908 0.0602228 0.0615069 0.0626899 0.0637583 0.0646318 0.0652197 0.0653343 0.0647698 0.0632977 0.0607324 0.0569088 0.0517744 0.0453489 0.0377862 0.0293111 0.0202553 0.0109904 0.00189833 -0.00666473 -0.0143878 -0.0210634 -0.0265805 -0.0308921 -0.034083 -0.0362713 -0.0376136 -0.0383008 -0.0385287 -0.0384191 -0.0381322 -0.0377399 -0.03729 -0.0368036 -0.0362813 -0.035672 -0.0349855 -0.0341705 -0.0331886 -0.0320097 -0.0306379 -0.0290378 -0.0271955 -0.0251005 -0.022794 -0.020267 -0.0175462 -0.0146755 -0.0116872 -0.00858541 -0.00543752 -0.00226127 0.000914281 0.00404202 0.00705943 0.00993919 0.0126088 0.0150057 0.017049 0.0187101 0.0199184 0.0205944 0.0206758 0.0201421 0.0189083 0.016969 0.0143204 0.0109825 0.00702183 0.00257289 -0.00225418 -0.00723118 -0.0121291 -0.0167016 -0.0206822 -0.0238096 -0.0259251 -0.0268945 -0.0267018 -0.0254483 -0.0233149 -0.0205657 -0.0175487 -0.0146291 -0.0121557 -0.010471 -0.00980038 -0.010282 -0.0119208 -0.0146264 -0.0181886 -0.0223665 -0.0268639 -0.0314204 -0.0357557 -0.0396775 -0.043039 -0.0457171 -0.0476825 -0.0489323 -0.0494682 -0.0493477 -0.0486527 -0.047415 -0.0457264 -0.0436304 -0.0412079 -0.0385249 -0.0356743 -0.0327553 -0.029805 -0.0268807 -0.0240475 -0.0213458 -0.0188056 -0.0164813 -0.0143586 -0.0124562 -0.0107758 -0.00933912 -0.008124 -0.00706963 -0.00619453 -0.00547025 -0.00488218 -0.00440186 -0.00401462 -0.00370877 -0.00346781 -0.00329543 -0.00317354 -0.00307024 -0.00298245 -0.00294306 -0.00292422 -0.00290364 -0.00287068 -0.00286131 -0.00287715 -0.00286518 -0.00285268 -0.00284534 -0.00285911 -0.00285705 -0.0028346 -0.00283963 -0.00284265 -0.00284313 -0.00281955 
0 5.6557e-05 0.000119598 0.000174955 0.000238545 0.00029058 0.000344934 0.00039951 0.00045639 0.00051755 0.000567158 0.000623507 0.000690549 0.000764824 0.000831157 0.000909203 0.00101147 0.00113761 0.00126559 0.00141707 0.00163546 0.00189509 0.00220833 0.00256823 0.00303697 0.00361224 0.00428098 0.00509069 0.00603311 0.00717458 0.00850935 0.0100648 0.011844 0.013843 0.0161028 0.0185994 0.021297 0.024172 0.0272168 0.0303883 0.033662 0.0369447 0.0401944 0.0433196 0.0462675 0.0490136 0.0514694 0.0536357 0.0555026 0.0570979 0.0584605 0.0596554 0.0607106 0.0616947 0.0626157 0.0634849 0.0642396 0.0647363 0.064814 0.0642354 0.0627762 0.0602417 0.0564931 0.0514321 0.045126 0.0376768 0.0293324 0.0204189 0.0113112 0.00237956 -0.00598791 -0.0135199 -0.0199987 -0.0252951 -0.0294051 -0.0323867 -0.0343614 -0.0355182 -0.036053 -0.0361359 -0.0359663 -0.0356605 -0.0353092 -0.0349613 -0.0346439 -0.0343231 -0.0339961 -0.0335934 -0.0330763 -0.0324131 -0.0315744 -0.0304653 -0.0290905 -0.027453 -0.0255435 -0.0233365 -0.0208889 -0.0182062 -0.0153121 -0.0122364 -0.00905047 -0.00576719 -0.00244957 0.000841859 0.00404381 0.00713603 0.010018 0.0126325 0.0149358 0.0168738 0.0183207 0.0192398 0.0195819 0.019293 0.0183029 0.016607 0.0141668 0.0110105 0.00717722 0.00275115 -0.00215214 -0.00733201 -0.0126034 -0.0177096 -0.022378 -0.0263478 -0.0293795 -0.0312664 -0.0319138 -0.0313039 -0.0295196 -0.0267848 -0.0233731 -0.0196455 -0.015995 -0.0128072 -0.0104009 -0.00907229 -0.00893915 -0.0100542 -0.0123371 -0.0156067 -0.0196025 -0.0240712 -0.0286928 -0.0332201 -0.0374444 -0.0411823 -0.0443399 -0.046834 -0.0486383 -0.0497443 -0.0501856 -0.0500068 -0.049287 -0.0480362 -0.0463443 -0.0442392 -0.0417857 -0.039099 -0.0362405 -0.0332922 -0.0303034 -0.0273473 -0.0244799 -0.0217572 -0.0192025 -0.0168558 -0.0146936 -0.0127654 -0.0110909 -0.00963294 -0.00839001 -0.00731462 -0.00643698 -0.00570781 -0.00511004 -0.00462918 -0.00423226 -0.00392817 -0.00369978 -0.00353639 -0.00339693 -0.00328824 -0.00322338 -0.00319452 -0.00315717 -0.00311747 -0.00310387 -0.00310101 -0.00309473 -0.00306385 -0.00306089 -0.00306688 -0.00306091 -0.00305174 -0.00304336 -0.00306329 -0.00305623 -0.00304509 
0 5.99797e-05 0.000121166 0.000185461 0.000245481 0.000302852 0.000361155 0.000421262 0.000488692 0.000553079 0.000612699 0.000679393 0.000752581 0.000836536 0.000916959 0.00101147 0.00113932 0.00128244 0.00144959 0.00164405 0.00190724 0.00223533 0.00260872 0.00307093 0.00363397 0.00433197 0.00515639 0.00611772 0.00726773 0.00861487 0.0101996 0.0120144 0.0140536 0.0163356 0.0188525 0.0215974 0.0245224 0.0275925 0.0307863 0.0340669 0.0373678 0.0406203 0.0437398 0.0466603 0.0493501 0.0517512 0.0538441 0.0556005 0.0570344 0.0581963 0.0591462 0.0599487 0.0606868 0.0613981 0.0621242 0.062867 0.0635257 0.0639951 0.0640536 0.0634812 0.0620598 0.0595787 0.0558856 0.0509338 0.0447115 0.0373787 0.0291726 0.020401 0.0114627 0.00273318 -0.00544103 -0.0127592 -0.0190102 -0.0240947 -0.0279629 -0.0306967 -0.0324203 -0.0333285 -0.0336153 -0.0335172 -0.033187 -0.0327754 -0.0323778 -0.0320559 -0.0317973 -0.0316226 -0.0314736 -0.0313165 -0.0310931 -0.0307182 -0.0301196 -0.0293147 -0.0282367 -0.0268378 -0.0251328 -0.023144 -0.0208457 -0.018272 -0.0154587 -0.0124428 -0.00925545 -0.00597477 -0.00266572 0.000616671 0.0038103 0.00681207 0.00959092 0.0120923 0.0142101 0.0158682 0.0170575 0.0176779 0.0176556 0.016947 0.0155284 0.0133669 0.0104867 0.00688344 0.00263027 -0.00218389 -0.00740877 -0.0128786 -0.0183368 -0.0235392 -0.0282032 -0.0320763 -0.0349002 -0.0365209 -0.0368062 -0.035753 -0.0334644 -0.0301406 -0.0260813 -0.0216869 -0.0173409 -0.0134584 -0.0104043 -0.00841811 -0.00769559 -0.00827661 -0.0100976 -0.0130149 -0.0167935 -0.0211361 -0.0257807 -0.0304217 -0.0348572 -0.0389133 -0.0424621 -0.0454317 -0.0477619 -0.0494212 -0.0504244 -0.0508044 -0.0505975 -0.0498593 -0.0486061 -0.0468908 -0.0447671 -0.0423171 -0.0396264 -0.0367613 -0.033782 -0.0307693 -0.0277915 -0.0249074 -0.0221743 -0.0195912 -0.0171978 -0.0150195 -0.0130834 -0.011398 -0.00991516 -0.00864857 -0.00757914 -0.00668907 -0.00596284 -0.00535196 -0.00485772 -0.00446067 -0.00415845 -0.00393561 -0.00374753 -0.00360634 -0.00351496 -0.00345746 -0.00340992 -0.00336136 -0.00334166 -0.00333895 -0.00332385 -0.00330587 -0.0032947 -0.0033021 -0.00329904 -0.00328307 -0.00328286 -0.00328391 -0.00328483 -0.00327139 
0 5.68066e-05 0.000120319 0.000179091 0.000245969 0.000304279 0.000372316 0.000443826 0.000519239 0.000596058 0.000666302 0.000749177 0.000833322 0.000927243 0.00102049 0.00113761 0.00128244 0.001454 0.0016581 0.00190399 0.00223466 0.00262533 0.00310505 0.00367032 0.00436324 0.00520972 0.00619545 0.00736651 0.00871968 0.0103202 0.0121617 0.0142381 0.0165497 0.0190859 0.0218492 0.0248088 0.0279194 0.0311399 0.0344323 0.0377335 0.0410057 0.0441177 0.0470294 0.049669 0.0520035 0.0540214 0.0556762 0.0569945 0.0579813 0.0587163 0.0592844 0.0597733 0.0602405 0.0607724 0.0613613 0.0620102 0.0626321 0.063083 0.0631588 0.0626251 0.0612575 0.0588289 0.0552106 0.0503169 0.044189 0.0369559 0.0288778 0.0202576 0.01149 0.00292896 -0.00504389 -0.012161 -0.0181919 -0.0230151 -0.0266196 -0.0290745 -0.0305056 -0.0311397 -0.031167 -0.0307927 -0.0302369 -0.0296246 -0.0290724 -0.0286587 -0.0283933 -0.0282618 -0.0282367 -0.0282165 -0.0281654 -0.0280208 -0.0277169 -0.0271723 -0.0263621 -0.0252577 -0.0238535 -0.0220955 -0.0200292 -0.0176737 -0.015046 -0.0121868 -0.00919065 -0.00606815 -0.00291011 0.000204539 0.00320887 0.00604887 0.00860825 0.0108369 0.0126631 0.0140425 0.0148741 0.0151011 0.0146896 0.0136077 0.0117802 0.00922835 0.00594455 0.00196632 -0.00261447 -0.00770047 -0.0131588 -0.0187573 -0.0242931 -0.0295034 -0.0340795 -0.0377785 -0.0403558 -0.0416254 -0.0415045 -0.0399968 -0.0371875 -0.033315 -0.0286664 -0.0236459 -0.0186579 -0.0141456 -0.0104541 -0.00787944 -0.00658354 -0.00664125 -0.00798972 -0.0105159 -0.0139905 -0.0181596 -0.0227285 -0.0274225 -0.0320175 -0.036311 -0.040206 -0.0435835 -0.0463803 -0.0485562 -0.0501007 -0.0510122 -0.0513582 -0.0511295 -0.0503787 -0.0491168 -0.0473914 -0.0452877 -0.0428419 -0.0401542 -0.0372642 -0.0342576 -0.0312209 -0.0282317 -0.0253302 -0.0225605 -0.0199366 -0.0175199 -0.0153341 -0.0133842 -0.0116778 -0.0101739 -0.00890731 -0.00783554 -0.00695187 -0.00621181 -0.0055911 -0.00509776 -0.00470158 -0.00439965 -0.00414996 -0.00396306 -0.00382887 -0.00373946 -0.00366865 -0.00361228 -0.00358744 -0.00357394 -0.00356885 -0.00355007 -0.00354716 -0.0035498 -0.00354498 -0.00353709 -0.00352233 -0.0035242 -0.0035127 -0.00350247 
