0 0 0 0 0 0 0 0 0 0 0 0 0 0 0 0 0 0 0 0 0 0 0 0 0 0 0 0 0 0 0 0 0 0 0 0 0 0 0 0 0 0 0 0 0 0 0 0 0 0 0 0 0 0 0 0 0 0 0 0 0 0 0 0 0 0 0 0 0 0 0 0 0 0 0 0 0 0 0 0 0 0 0 0 0 0 0 0 0 0 0 0 0 0 0 0 0 0 0 0 0 0 0 0 0 0 0 0 0 0 0 0 0 0 0 0 0 0 0 0 0 0 0 0 0 0 0 0 0 0 0 0 0 0 0 0 0 0 0 0 0 0 0 0 0 0 0 0 0 0 0 0 0 0 0 0 0 0 0 0 0 0 0 0 0 0 0 0 0 0 0 0 0 0 0 0 0 0 0 0 0 0 0 0 0 0 0 0 0 0 0 0 0 0 0 0 0 0 0 0 
0 -0.000169463 -0.000375135 -0.000634576 -0.000942774 -0.00131854 -0.00173516 -0.00218033 -0.0026456 -0.00313268 -0.00362649 -0.00408454 -0.00450049 -0.00483263 -0.00506947 -0.00520675 -0.00525628 -0.00522223 -0.0050846 -0.00487011 -0.00458086 -0.00424842 -0.00389659 -0.00354326 -0.00320427 -0.0028693 -0.00255127 -0.0022468 -0.0019761 -0.00175008 -0.00155316 -0.00138127 -0.00123006 -0.00109444 -0.000973776 -0.000879191 -0.000814334 -0.000760391 -0.000703406 -0.000649088 -0.000598078 -0.000561828 -0.000539262 -0.000513124 -0.000484853 -0.000454542 -0.000420027 -0.000388952 -0.000371702 -0.000362743 -0.000353662 -0.000336062 -0.000314824 -0.000294 -0.000280837 -0.000275668 -0.000259656 -0.000248434 -0.00023444 -0.000212908 -0.000199165 -0.000188236 -0.000182568 -0.000189372 -0.000183538 -0.000174555 -0.000167038 -0.000156753 -0.000160315 -0.000175404 -0.000202218 -0.000231801 -0.000263919 -0.000315438 -0.00039373 -0.000485318 -0.000596994 -0.000727859 -0.000883755 -0.00104731 -0.00122016 -0.00139853 -0.00157149 -0.00172916 -0.00186529 -0.00194441 -0.001947 -0.00185697 -0.00167749 -0.00140619 -0.00105394 -0.000637794 -0.000160011 0.000368473 0.000906471 0.0014458 0.00195445 0.00238717 0.00273724 0.00298183 0.00308817 0.00307409 0.00293342 0.00266592 0.00230596 0.00186649 0.00135856 0.000822646 0.000276547 -0.000253419 -0.00073345 -0.0011356 -0.00144793 -0.0016594 -0.00176816 -0.00178546 -0.00173784 -0.00162567 -0.00147452 -0.00130161 -0.00111087 -0.000913301 -0.000729282 -0.00056071 -0.00041954 -0.000296164 -0.000199688 -0.000117645 -4.0755e-05 1.84145e-05 5.23929e-05 7.50068e-05 9.21912e-05 0.000114339 0.000128183 0.000141674 0.000160835 0.000171162 0.000179551 0.000178189 0.000172074 0.000180501 0.000193111 0.000202901 0.000214754 0.000213958 0.000218475 0.000231567 0.000246615 0.000264105 0.000281934 0.000292624 0.000295587 0.000299546 0.000311036 0.000335718 0.000365822 0.000390025 0.000402678 0.000423193 0.000459123 0.000499756 0.000546572 0.000591899 0.000631888 0.00068029 0.000743504 0.000827916 0.000937202 0.00105789 0.0011889 0.00133522 0.00152126 0.00174319 0.00198623 0.00225933 0.00253596 0.00281454 0.0030851 0.00334741 0.00358365 0.00375038 0.00383207 0.0037877 0.00361383 0.00329176 0.00280285 0.00213406 0.0012632 0.000199875 -0.00104841 -0.00242619 -0.00388618 -0.00538334 -0.00686026 -0.00826474 -0.00954058 -0.0106491 -0.0115263 -0.012127 
0 -0.000375135 -0.000817098 -0.00133993 -0.00196032 -0.00269055 -0.00351234 -0.00438874 -0.00530331 -0.00626215 -0.00720587 -0.00809198 -0.00888021 -0.0095313 -0.0100041 -0.0102803 -0.0103954 -0.010317 -0.0100637 -0.00964671 -0.00910753 -0.00848282 -0.00779763 -0.0071135 -0.00642052 -0.00576082 -0.0051261 -0.00453253 -0.00400435 -0.00354264 -0.00314196 -0.00278491 -0.0024853 -0.00222762 -0.00199597 -0.00180106 -0.00165862 -0.00152086 -0.00140819 -0.00129302 -0.00119925 -0.00112556 -0.0010568 -0.0010041 -0.000936512 -0.000898601 -0.000848596 -0.000798002 -0.000760903 -0.000729713 -0.000691765 -0.00066342 -0.000620148 -0.00059173 -0.000570777 -0.000545757 -0.000520749 -0.000489607 -0.000476566 -0.000451051 -0.000432842 -0.00040423 -0.000382952 -0.000369688 -0.000371519 -0.000348954 -0.000336607 -0.000332172 -0.000350403 -0.000375397 -0.000406878 -0.000450624 -0.000543043 -0.000659612 -0.00078787 -0.000970181 -0.00119003 -0.00144546 -0.00175253 -0.00209183 -0.00244417 -0.00281464 -0.00315353 -0.00347735 -0.00372173 -0.00385114 -0.00385619 -0.00369982 -0.0033416 -0.00283654 -0.00213668 -0.00127735 -0.00030417 0.000750601 0.00185255 0.00290903 0.0039052 0.00477071 0.00546598 0.00593541 0.00617544 0.00614815 0.00586773 0.00535148 0.00463833 0.00372752 0.00271565 0.0016262 0.000520024 -0.000517717 -0.00143996 -0.00224785 -0.00285399 -0.00329009 -0.00353996 -0.00359122 -0.00347929 -0.00325858 -0.0029396 -0.0025905 -0.00220291 -0.00181902 -0.00145669 -0.00112204 -0.000841367 -0.000617927 -0.000401485 -0.000220633 -9.16746e-05 8.59443e-06 8.41165e-05 0.000145427 0.000193813 0.000231124 0.000251491 0.000281976 0.000291116 0.000309293 0.000328186 0.000341296 0.000344581 0.000367165 0.000378334 0.000405727 0.000417809 0.000432535 0.000450467 0.000471575 0.000497316 0.000510883 0.000539696 0.000572232 0.000596894 0.0006249 0.000660325 0.000691341 0.000753848 0.000786505 0.000826272 0.000871516 0.000933035 0.00100571 0.00107628 0.00117072 0.00126474 0.00138148 0.00151993 0.00168641 0.0018895 0.00213494 0.0023953 0.00270904 0.00308102 0.00351265 0.00398874 0.00450639 0.00506826 0.00561451 0.00616137 0.00666853 0.00710925 0.00742189 0.00755154 0.00745947 0.00709181 0.00643419 0.00543353 0.00407311 0.00233269 0.000217108 -0.00223817 -0.00495093 -0.00782078 -0.0107654 -0.0136711 -0.0164255 -0.018926 -0.0210863 -0.0227925 -0.0239556 
0 -0.000634576 -0.00133993 -0.00215374 -0.00306798 -0.00414438 -0.00533893 -0.00662518 -0.00796922 -0.00934935 -0.0107083 -0.0119483 -0.0130755 -0.0140075 -0.0147068 -0.0151364 -0.0153028 -0.0152121 -0.014839 -0.014271 -0.0135216 -0.0126481 -0.0116846 -0.0106717 -0.00966532 -0.00867706 -0.00775694 -0.00689368 -0.00611338 -0.00542392 -0.00479661 -0.00424708 -0.0037896 -0.00340488 -0.00306138 -0.00276166 -0.00251616 -0.00230323 -0.00211471 -0.00196388 -0.00182993 -0.00171403 -0.00160933 -0.00149795 -0.00140689 -0.00134571 -0.00128587 -0.00121838 -0.00115656 -0.00109727 -0.00104293 -0.000989428 -0.000944624 -0.000902179 -0.000863572 -0.000827212 -0.000764625 -0.000729468 -0.000711576 -0.000684062 -0.000663291 -0.000623929 -0.000577116 -0.000558144 -0.000527146 -0.00051011 -0.000512026 -0.000508139 -0.00052552 -0.000558745 -0.000616935 -0.000693268 -0.000796816 -0.000962673 -0.00119672 -0.00146459 -0.00178282 -0.00216092 -0.00262248 -0.00312764 -0.00366916 -0.0042219 -0.00474099 -0.0051967 -0.00556872 -0.00577621 -0.00577592 -0.00552476 -0.00501682 -0.00423629 -0.00319439 -0.00193202 -0.000470071 0.00114003 0.0027727 0.00437986 0.00587271 0.00713873 0.00816126 0.00888388 0.0092239 0.00920811 0.00880958 0.00802123 0.00692897 0.00558019 0.00403308 0.00241211 0.000785659 -0.000767531 -0.00216453 -0.00334415 -0.00427465 -0.00492741 -0.00528582 -0.00536389 -0.00522251 -0.00487574 -0.00440189 -0.00386753 -0.00329648 -0.00272156 -0.00218729 -0.00169344 -0.00126701 -0.000891873 -0.00059383 -0.000352192 -0.000142463 1.83253e-05 0.00012527 0.000214621 0.000293748 0.000370072 0.000401851 0.000412397 0.000431978 0.000448689 0.000486101 0.000515383 0.000529545 0.000561023 0.000583349 0.000596516 0.000625613 0.000642553 0.000677552 0.000719639 0.000743758 0.00076321 0.000798642 0.000848814 0.000902845 0.000955791 0.00100049 0.0010503 0.0011125 0.00117946 0.00124349 0.00132992 0.00143268 0.00152335 0.00162941 0.0017634 0.00192327 0.00211933 0.00233707 0.00258251 0.00288515 0.00324376 0.00366454 0.00414778 0.00472214 0.00536233 0.00604208 0.00680657 0.00760801 0.00842564 0.00920582 0.00991802 0.0105121 0.0108957 0.0110414 0.010844 0.010266 0.00923359 0.00769224 0.0056281 0.0030179 -9.67044e-05 -0.00369356 -0.00764177 -0.0118238 -0.0161136 -0.0203423 -0.0243482 -0.0279683 -0.031089 -0.0335402 -0.0352095 
0 -0.000942774 -0.00196032 -0.00306798 -0.00429312 -0.00568297 -0.00723341 -0.00889234 -0.0106164 -0.0123799 -0.0140745 -0.0156356 -0.01703 -0.0182106 -0.0191047 -0.0196583 -0.019898 -0.0197831 -0.0193553 -0.018661 -0.017761 -0.0166944 -0.0154844 -0.0142205 -0.0129194 -0.0116644 -0.0104671 -0.00934561 -0.00832278 -0.00739319 -0.00655382 -0.00580441 -0.00518014 -0.0046553 -0.00418561 -0.0037722 -0.00343824 -0.00313069 -0.00288535 -0.00266584 -0.00248632 -0.00233025 -0.00217434 -0.00204041 -0.00190288 -0.00182132 -0.00172873 -0.00162905 -0.00154295 -0.00146647 -0.00138756 -0.00132889 -0.00125669 -0.0012043 -0.00115917 -0.00110335 -0.00104165 -0.000977865 -0.00094487 -0.000898705 -0.000862493 -0.000809236 -0.00076536 -0.000737347 -0.000730669 -0.000694931 -0.000676129 -0.000671405 -0.000701605 -0.000745876 -0.00080875 -0.000902371 -0.00108021 -0.00131395 -0.00158608 -0.00195 -0.00238655 -0.00289592 -0.00350343 -0.00417594 -0.00488053 -0.0056143 -0.00629769 -0.0069353 -0.00742364 -0.00768814 -0.00769316 -0.00737234 -0.00666543 -0.00564273 -0.00424816 -0.00254235 -0.000603373 0.00150052 0.00368715 0.00580162 0.00778625 0.00950939 0.0108895 0.0118259 0.0122914 0.0122322 0.0116678 0.0106321 0.00920003 0.00739635 0.0053781 0.00321605 0.00102799 -0.00103523 -0.00287621 -0.00446851 -0.00567988 -0.00654088 -0.00702731 -0.00713062 -0.00691646 -0.00647614 -0.00585224 -0.00515762 -0.00439587 -0.00363674 -0.00291721 -0.00225225 -0.0016859 -0.00122245 -0.000796109 -0.000442823 -0.000181458 1.92363e-05 0.000168908 0.000291734 0.000391889 0.000470874 0.000517747 0.000570642 0.000594458 0.000630614 0.000669701 0.000698437 0.000710082 0.000746523 0.000766857 0.000808018 0.000834478 0.000868855 0.000914427 0.000964787 0.00101173 0.00103569 0.0010832 0.00114562 0.00120636 0.00127136 0.00133714 0.00139229 0.00149348 0.0015696 0.0016701 0.00178792 0.00192286 0.00206115 0.00220037 0.00239364 0.0026155 0.00288739 0.00319171 0.00353412 0.00394443 0.00444651 0.00501208 0.00568297 0.00645014 0.00729618 0.00819785 0.00916884 0.0102122 0.011231 0.0122083 0.0130572 0.0137225 0.0141182 0.0141746 0.0138198 0.0129481 0.0114996 0.00938774 0.00660884 0.00317156 -0.000888224 -0.00550994 -0.0105692 -0.0159113 -0.021388 -0.0267873 -0.0318878 -0.0364932 -0.0404412 -0.043537 -0.0456402 
0 -0.00131854 -0.00269055 -0.00414438 -0.00568297 -0.0073952 -0.00925634 -0.0112277 -0.013258 -0.0153002 -0.0172683 -0.0190574 -0.0206718 -0.0220294 -0.0230694 -0.0237382 -0.0240383 -0.0239709 -0.0235239 -0.0227885 -0.0217877 -0.0205772 -0.0192005 -0.0177255 -0.0162218 -0.0147236 -0.0132852 -0.0119112 -0.0106427 -0.00949513 -0.00844631 -0.00750791 -0.00670091 -0.00600396 -0.00538462 -0.00485056 -0.00441113 -0.00403029 -0.00369308 -0.00340637 -0.00315694 -0.00294706 -0.00276465 -0.0025884 -0.00242973 -0.0023018 -0.00217144 -0.00204149 -0.00193735 -0.00185164 -0.00177124 -0.00168271 -0.00159249 -0.00151005 -0.00144551 -0.00139032 -0.00131028 -0.00124544 -0.00119213 -0.00112535 -0.00107275 -0.00101547 -0.000964892 -0.0009448 -0.000909566 -0.000872266 -0.000851264 -0.000838014 -0.000865333 -0.000928411 -0.00102821 -0.00115972 -0.00134379 -0.00161749 -0.0019885 -0.00243913 -0.00298099 -0.00362389 -0.00438474 -0.00521565 -0.00609682 -0.00699776 -0.0078565 -0.00863024 -0.00925405 -0.00960659 -0.00960742 -0.00918465 -0.00831653 -0.00700529 -0.00526803 -0.00316772 -0.000756839 0.0018803 0.00458393 0.00724539 0.00972688 0.0118594 0.013568 0.01475 0.0153033 0.0152368 0.0145381 0.0132278 0.011421 0.00919758 0.00666703 0.00399142 0.00129516 -0.00128003 -0.00359775 -0.00555752 -0.00708417 -0.00814369 -0.00872131 -0.00884504 -0.00860433 -0.00805439 -0.00729597 -0.00642706 -0.00548813 -0.00453688 -0.00363864 -0.00281572 -0.00210677 -0.0014995 -0.000998233 -0.000583743 -0.000233123 3.88667e-05 0.00022689 0.000368887 0.000484976 0.00058938 0.000652322 0.000700711 0.000753749 0.000798054 0.000846672 0.000872818 0.000883581 0.00092637 0.000972272 0.00101578 0.00106176 0.00108835 0.00113349 0.00119766 0.00125565 0.00131116 0.00137811 0.00145103 0.00151977 0.0015915 0.00166849 0.0017635 0.0018834 0.00200076 0.00211571 0.00226096 0.00243864 0.00262158 0.00283129 0.00308078 0.00336785 0.00370921 0.00410106 0.00455742 0.00511045 0.00575624 0.0064885 0.00731894 0.00827451 0.00932294 0.0104236 0.0116051 0.0128115 0.0139922 0.0150748 0.0159948 0.016672 0.0169918 0.0169022 0.0162806 0.0150545 0.0131235 0.0104179 0.00693861 0.00269941 -0.00222634 -0.00778317 -0.0138084 -0.0201456 -0.0266164 -0.0329792 -0.0389811 -0.0443791 -0.0489919 -0.0525911 -0.055032 
0 -0.00173516 -0.00351234 -0.00533893 -0.00723341 -0.00925634 -0.0114006 -0.0136165 -0.0158638 -0.0181071 -0.0202512 -0.0222152 -0.0239647 -0.0254391 -0.0265691 -0.0273148 -0.0276964 -0.0276885 -0.0272976 -0.0265648 -0.0255335 -0.0242526 -0.0227727 -0.0211827 -0.0195226 -0.0178481 -0.0161911 -0.0145882 -0.0130953 -0.0117322 -0.0104889 -0.00935941 -0.00836416 -0.00748947 -0.00671192 -0.00604382 -0.00549352 -0.00500483 -0.00457634 -0.00419265 -0.00386654 -0.00359504 -0.00335798 -0.00314949 -0.00295223 -0.00279532 -0.00263608 -0.00248095 -0.00235462 -0.00224934 -0.00214282 -0.00203651 -0.00191915 -0.00182047 -0.00174356 -0.00167077 -0.00158898 -0.00150907 -0.00144715 -0.00137531 -0.00131137 -0.00123946 -0.00117851 -0.00113787 -0.0011054 -0.00105677 -0.00102682 -0.00102271 -0.0010632 -0.00113427 -0.00123925 -0.00139214 -0.00163675 -0.00197166 -0.00239147 -0.0029265 -0.00357473 -0.00434323 -0.00524954 -0.00625326 -0.00731256 -0.00839628 -0.00942218 -0.0103494 -0.0110683 -0.0114662 -0.0114631 -0.0109732 -0.00993955 -0.00839293 -0.00631614 -0.00377907 -0.000878607 0.0022717 0.00552137 0.00868832 0.0116364 0.0141906 0.0162277 0.0176209 0.0182955 0.0182057 0.0173601 0.0158047 0.0136436 0.0109644 0.00794371 0.0047339 0.00150692 -0.0015471 -0.00428223 -0.00661268 -0.00841905 -0.00968955 -0.0104022 -0.0105689 -0.0102741 -0.00962352 -0.00871478 -0.00767528 -0.00655257 -0.00542687 -0.00435809 -0.00337859 -0.00253408 -0.00182418 -0.00120658 -0.000692755 -0.000286865 2.72909e-05 0.000260617 0.000443836 0.000589353 0.000702303 0.0007763 0.0008424 0.000892381 0.000946527 0.00100008 0.00103731 0.00106245 0.00111544 0.00116942 0.00123291 0.00128162 0.00132214 0.00137443 0.00144292 0.00151509 0.00157961 0.00166221 0.00175339 0.00184134 0.00193553 0.00204097 0.00216013 0.00231582 0.00245316 0.00259666 0.00276611 0.00297496 0.00321382 0.00348407 0.00380964 0.00417494 0.00460325 0.00510155 0.00568946 0.00639161 0.00720165 0.00809022 0.00908875 0.0102136 0.0114438 0.0127355 0.0140733 0.015413 0.0166653 0.0177843 0.0186865 0.0192827 0.0194524 0.0190999 0.0181268 0.0164405 0.0139725 0.0106558 0.00649511 0.00152359 -0.00418934 -0.0105473 -0.0173838 -0.0245157 -0.0317523 -0.0388416 -0.0455053 -0.0514881 -0.0565765 -0.0605396 -0.0632206 
0 -0.00218033 -0.00438874 -0.00662518 -0.00889234 -0.0112277 -0.0136165 -0.0160196 -0.0184134 -0.0207715 -0.0230192 -0.0250752 -0.0268954 -0.0284217 -0.0295983 -0.0304054 -0.0308573 -0.0309322 -0.0306174 -0.0299401 -0.028939 -0.027662 -0.0261642 -0.0245195 -0.0227727 -0.0209716 -0.0191583 -0.017381 -0.0156983 -0.0141356 -0.0126893 -0.0113615 -0.0101739 -0.00911874 -0.00817806 -0.00735967 -0.00666546 -0.00605715 -0.00552493 -0.00506102 -0.00466449 -0.00432472 -0.00402207 -0.00375138 -0.00351148 -0.00331715 -0.0031325 -0.00295112 -0.00279062 -0.00265006 -0.0025183 -0.00239297 -0.00226878 -0.00215834 -0.00206146 -0.0019624 -0.00185625 -0.00176142 -0.00168957 -0.00161689 -0.00154425 -0.00146064 -0.00138155 -0.00132211 -0.00127518 -0.00123044 -0.00120702 -0.00120959 -0.0012496 -0.00132654 -0.00144635 -0.001628 -0.00190911 -0.00230264 -0.00280494 -0.00342809 -0.00417619 -0.00506779 -0.00611561 -0.00728359 -0.00852305 -0.00978263 -0.0109781 -0.0120444 -0.0128702 -0.0133296 -0.0133183 -0.0127437 -0.0115501 -0.0097454 -0.00733492 -0.00438869 -0.00101205 0.00265573 0.0064323 0.0101181 0.0135342 0.0164905 0.0188418 0.020453 0.0212297 0.0211244 0.020139 0.0183253 0.0157976 0.012683 0.00916927 0.00544921 0.00172273 -0.00180651 -0.0049718 -0.00765647 -0.00975102 -0.0112198 -0.0120431 -0.0122448 -0.0119134 -0.0111625 -0.0101151 -0.00890631 -0.00761303 -0.0063174 -0.00508391 -0.00395275 -0.00296175 -0.00211812 -0.00140033 -0.000809291 -0.000337848 2.68004e-05 0.000300879 0.000517141 0.00069631 0.00083655 0.000928964 0.000995264 0.00104777 0.00110659 0.00117145 0.00122485 0.00126827 0.00132598 0.00138288 0.00144264 0.00149659 0.00155215 0.00162445 0.00171064 0.001791 0.00186277 0.00195055 0.00205717 0.00217168 0.00229236 0.00241773 0.0025562 0.0027251 0.00289628 0.00308406 0.00330618 0.00356822 0.0038618 0.00419776 0.00459799 0.00506143 0.0056006 0.00622277 0.00694729 0.00779793 0.00876819 0.00983285 0.0110085 0.0123042 0.0136925 0.0151257 0.0165715 0.0179678 0.0192257 0.0202831 0.0210614 0.0214631 0.0213624 0.0206491 0.0192221 0.0170076 0.0139537 0.0100218 0.00522106 -0.000407788 -0.00678757 -0.0138011 -0.0212632 -0.0289777 -0.0367388 -0.0442964 -0.0513733 -0.0577101 -0.0630834 -0.0672633 -0.0700905 
0 -0.0026456 -0.00530331 -0.00796922 -0.0106164 -0.013258 -0.0158638 -0.0184134 -0.0208982 -0.0232959 -0.0255658 -0.0276259 -0.0294445 -0.030966 -0.0321557 -0.0330068 -0.0335115 -0.0336675 -0.0334397 -0.032863 -0.0319586 -0.0307646 -0.0293287 -0.0276917 -0.0259234 -0.0240583 -0.0221608 -0.0202721 -0.0184397 -0.0166958 -0.0150482 -0.0135262 -0.012152 -0.0109195 -0.00981106 -0.00882722 -0.00796496 -0.00722163 -0.00656984 -0.00601825 -0.00553968 -0.00511932 -0.00474478 -0.00440144 -0.00411576 -0.00387134 -0.00365122 -0.00343635 -0.00323797 -0.00306151 -0.00290766 -0.00275941 -0.00262774 -0.00250281 -0.00238712 -0.00227104 -0.00214332 -0.00203443 -0.00193994 -0.00185315 -0.00176365 -0.00167293 -0.00158679 -0.00152608 -0.00146615 -0.00142255 -0.00139505 -0.00139527 -0.00143363 -0.00151988 -0.00165903 -0.00187551 -0.00218933 -0.00263438 -0.00321929 -0.0039289 -0.00478577 -0.00580949 -0.00699751 -0.00831621 -0.00972147 -0.0111418 -0.0125082 -0.0137161 -0.014659 -0.0151873 -0.0151667 -0.014497 -0.0131378 -0.0110589 -0.00831083 -0.00496454 -0.0011295 0.00303578 0.00731335 0.0115132 0.0154021 0.0187701 0.021442 0.0232713 0.0241273 0.0239854 0.0228437 0.020767 0.0178832 0.0143621 0.0103745 0.00616165 0.0019446 -0.00206133 -0.00566197 -0.00869177 -0.0110691 -0.01272 -0.0136368 -0.0138635 -0.0134992 -0.0126574 -0.0114941 -0.0101304 -0.00867667 -0.00720834 -0.00580355 -0.00451932 -0.00338896 -0.00241315 -0.00160173 -0.000932182 -0.000387548 3.13946e-05 0.000346786 0.00059101 0.00079162 0.000952451 0.00106775 0.00114515 0.00122026 0.00128846 0.00136034 0.00141774 0.00146875 0.00152552 0.00159224 0.00165244 0.00172116 0.00179069 0.001881 0.00198543 0.00207682 0.00216515 0.00226135 0.00238046 0.00251691 0.00266038 0.00280545 0.00297119 0.00315297 0.00336733 0.00360492 0.00389101 0.00421903 0.00457513 0.0049862 0.0054667 0.00604306 0.00671343 0.00747891 0.00835044 0.00934978 0.0104736 0.0117185 0.0130701 0.014525 0.0160343 0.0175477 0.0190335 0.0204089 0.0216015 0.0225067 0.0230532 0.0231363 0.0226391 0.021463 0.0195016 0.0167102 0.0130418 0.00849712 0.00309761 -0.0031047 -0.0100184 -0.0175191 -0.0254072 -0.0334831 -0.0415259 -0.0492937 -0.0565293 -0.0629852 -0.068446 -0.0726938 -0.0755719 
0 -0.00313268 -0.00626215 -0.00934935 -0.0123799 -0.0153002 -0.0181071 -0.0207715 -0.0232959 -0.0256753 -0.0278686 -0.029861 -0.0315951 -0.03307 -0.0342439 -0.0351097 -0.0356632 -0.0358751 -0.0357663 -0.0353177 -0.0345723 -0.0335296 -0.0322113 -0.0306647 -0.0289292 -0.0270835 -0.0251584 -0.0232114 -0.0212744 -0.0193783 -0.0175653 -0.01587 -0.0143158 -0.0129029 -0.0116168 -0.0104578 -0.00943313 -0.00853031 -0.00775109 -0.00706606 -0.00647832 -0.00596541 -0.00550633 -0.00510866 -0.0047599 -0.00445927 -0.00418946 -0.00393902 -0.00371335 -0.00351611 -0.00333029 -0.0031605 -0.00299094 -0.00284359 -0.00271304 -0.00257961 -0.00245813 -0.00233066 -0.00221345 -0.00210934 -0.0020006 -0.0019002 -0.00181916 -0.00174248 -0.00168786 -0.00162478 -0.00157692 -0.00157973 -0.00163164 -0.00173267 -0.00188812 -0.00212857 -0.00249665 -0.00299003 -0.00361696 -0.00441845 -0.00539294 -0.00654714 -0.00787446 -0.00935222 -0.0109138 -0.0124984 -0.0140218 -0.0153814 -0.0164199 -0.0169965 -0.0169671 -0.01622 -0.0146787 -0.0123576 -0.0092765 -0.00551393 -0.00122218 0.00341727 0.00821658 0.0129008 0.0172416 0.0210231 0.0240087 0.0260245 0.0269831 0.0267927 0.0254854 0.0231618 0.0199359 0.0159846 0.011552 0.00684805 0.0021377 -0.00231889 -0.00631571 -0.00969847 -0.0123285 -0.0141602 -0.0151862 -0.0154484 -0.0150391 -0.0141238 -0.0128419 -0.0113348 -0.00971355 -0.00808051 -0.00650902 -0.00506968 -0.00380533 -0.00273756 -0.00181947 -0.00105196 -0.000446506 2.67815e-05 0.000394247 0.000676924 0.000896775 0.00105605 0.00118406 0.00129327 0.0013772 0.00146619 0.00153738 0.00159689 0.0016559 0.00171783 0.00179643 0.0018864 0.00196057 0.002047 0.00213853 0.0022407 0.00235431 0.00246339 0.00258825 0.00272837 0.00288136 0.00304463 0.00322268 0.00342118 0.00365134 0.00390067 0.00419256 0.00452939 0.00491692 0.00536282 0.00586242 0.00645396 0.00715046 0.00795954 0.00888042 0.00991524 0.0110704 0.0123537 0.0137512 0.0152577 0.016826 0.0184028 0.0199418 0.021374 0.0226594 0.0236806 0.0243515 0.0245622 0.0242125 0.0232235 0.0214819 0.0189445 0.0155384 0.0112599 0.00612174 0.000167256 -0.0065122 -0.0138349 -0.0216389 -0.0297581 -0.0379748 -0.0460682 -0.0538096 -0.0609588 -0.0673131 -0.0726579 -0.0768202 -0.0796405 
0 -0.00362649 -0.00720587 -0.0107083 -0.0140745 -0.0172683 -0.0202512 -0.0230192 -0.0255658 -0.0278686 -0.029951 -0.0317951 -0.0334146 -0.0347912 -0.0359146 -0.0367774 -0.0373347 -0.0376204 -0.0376096 -0.037324 -0.0367512 -0.0358867 -0.0347525 -0.0333429 -0.0317425 -0.0299696 -0.0280858 -0.0261293 -0.0241352 -0.0221549 -0.0202239 -0.0183892 -0.0166644 -0.0150583 -0.0135897 -0.0122638 -0.0110652 -0.0100201 -0.00907249 -0.00824908 -0.00752547 -0.00690156 -0.00636867 -0.0058855 -0.00547874 -0.00509691 -0.00476909 -0.0044812 -0.00422598 -0.00399648 -0.00379118 -0.00357476 -0.00338353 -0.00320329 -0.00304418 -0.00290105 -0.00275726 -0.00262733 -0.00249232 -0.00237512 -0.00225272 -0.0021483 -0.00204826 -0.00196605 -0.00187358 -0.00181564 -0.00177466 -0.00177397 -0.00182055 -0.00194065 -0.00212735 -0.00240933 -0.00278745 -0.00332363 -0.00404866 -0.00492336 -0.00598926 -0.00727285 -0.00874293 -0.0103752 -0.0121191 -0.013864 -0.0155482 -0.0170144 -0.0181484 -0.0187782 -0.0187283 -0.0178843 -0.016208 -0.0136217 -0.0102217 -0.00607955 -0.00132776 0.00382638 0.00910758 0.0142972 0.0190795 0.023216 0.0264806 0.0287093 0.029734 0.0295326 0.0280963 0.0255087 0.0219157 0.0175645 0.0126438 0.00747116 0.00231918 -0.00256999 -0.00696638 -0.0106458 -0.0135501 -0.0155602 -0.0166819 -0.0169823 -0.0165668 -0.0155638 -0.014167 -0.0124963 -0.0107244 -0.00892948 -0.00720561 -0.00563822 -0.00424347 -0.00302554 -0.00202818 -0.00119952 -0.000509474 3.14409e-05 0.000448769 0.000757993 0.00100121 0.00119143 0.00133762 0.00143436 0.00154078 0.00162994 0.00171577 0.00178603 0.0018607 0.001932 0.00203261 0.00212043 0.00221798 0.00230634 0.00240263 0.00251389 0.00263191 0.00277769 0.00292701 0.00309144 0.00326693 0.00344964 0.0036541 0.00391028 0.00417495 0.00449531 0.00483242 0.00522645 0.00568966 0.00622591 0.00686069 0.00757406 0.00841033 0.00935681 0.0104301 0.011636 0.012964 0.0143965 0.0159388 0.0175397 0.0191709 0.0207606 0.0222492 0.0235748 0.0246441 0.025405 0.025711 0.0254858 0.0246173 0.0230321 0.0206778 0.0174946 0.0134795 0.00860186 0.00292116 -0.00350226 -0.0105655 -0.0181375 -0.0260799 -0.0342131 -0.0423542 -0.0502748 -0.0577641 -0.0646262 -0.0706728 -0.0757358 -0.0796633 -0.0823288 
0 -0.00408454 -0.00809198 -0.0119483 -0.0156356 -0.0190574 -0.0222152 -0.0250752 -0.0276259 -0.029861 -0.0317951 -0.0335028 -0.0349612 -0.0362152 -0.0372468 -0.0380528 -0.0386142 -0.038927 -0.0390317 -0.0388736 -0.0384716 -0.0378005 -0.03687 -0.0356874 -0.0342682 -0.0326568 -0.0308648 -0.0289606 -0.0269817 -0.0249742 -0.0229837 -0.0210449 -0.0191675 -0.0173916 -0.0157519 -0.014255 -0.0128957 -0.0116689 -0.0105731 -0.0095854 -0.00872642 -0.00798298 -0.0073317 -0.00676503 -0.00626599 -0.00581182 -0.00542068 -0.00507826 -0.00476846 -0.00449245 -0.00423525 -0.00400563 -0.00378605 -0.00359262 -0.00341163 -0.00323024 -0.00307628 -0.00292115 -0.00277081 -0.00264733 -0.00250841 -0.00237941 -0.00226957 -0.00216079 -0.0020874 -0.00202428 -0.00197851 -0.00198715 -0.00204233 -0.00215231 -0.00233922 -0.00264664 -0.00310559 -0.00370718 -0.00447237 -0.0054379 -0.00661641 -0.00801277 -0.00961319 -0.0114036 -0.0133026 -0.0152169 -0.0170537 -0.0186586 -0.0198613 -0.0205139 -0.020447 -0.0195341 -0.0176837 -0.014877 -0.0111519 -0.00659423 -0.00139477 0.00421363 0.0100001 0.0156392 0.0208434 0.0253702 0.0289281 0.03132 0.0324421 0.0321843 0.0305818 0.0277588 0.0238415 0.0190671 0.0137246 0.00808091 0.00245933 -0.00284139 -0.00758642 -0.011589 -0.0147171 -0.0169017 -0.0181415 -0.0184879 -0.0180308 -0.0169581 -0.0154454 -0.0136448 -0.0117183 -0.00978215 -0.00791642 -0.0062009 -0.00467329 -0.00336106 -0.00223682 -0.00129503 -0.000557436 1.60945e-05 0.00047067 0.000828958 0.00110905 0.00131484 0.00148394 0.00161863 0.00171836 0.00181864 0.00190122 0.00198865 0.00208558 0.00216425 0.00226112 0.00236385 0.00245924 0.00257942 0.00269934 0.00282234 0.0029669 0.0031164 0.00328484 0.00346732 0.00366855 0.00388524 0.00413308 0.00442332 0.00474793 0.0051171 0.00553783 0.00600968 0.00655748 0.00721593 0.00797113 0.00883918 0.00982005 0.010917 0.0121463 0.0135165 0.0150029 0.0165804 0.018221 0.0198817 0.0215042 0.023036 0.0244215 0.0255371 0.0263256 0.0266821 0.0265234 0.0257514 0.0242725 0.0220478 0.0190038 0.0151708 0.0105214 0.00509475 -0.00105056 -0.00783983 -0.0151363 -0.0228225 -0.0307081 -0.038669 -0.0465153 -0.0540515 -0.0611007 -0.0674894 -0.0730832 -0.0777119 -0.0812938 -0.0837163 
0 -0.00450049 -0.00888021 -0.0130755 -0.01703 -0.0206718 -0.0239647 -0.0268954 -0.0294445 -0.0315951 -0.0334146 -0.0349612 -0.0362623 -0.037347 -0.038248 -0.0389818 -0.0395101 -0.0398695 -0.0400481 -0.04002 -0.0397684 -0.0392893 -0.0385986 -0.0376533 -0.036479 -0.0350636 -0.0334386 -0.0316586 -0.0297588 -0.027787 -0.0257788 -0.0237759 -0.0217979 -0.0198875 -0.0180998 -0.0164372 -0.0148846 -0.0134894 -0.0122206 -0.0110941 -0.0100894 -0.00920122 -0.00842321 -0.00773061 -0.00714359 -0.00660422 -0.00614231 -0.00573592 -0.00536109 -0.0050216 -0.00473262 -0.00446762 -0.00423849 -0.00401853 -0.00380143 -0.00359321 -0.00340526 -0.00323644 -0.00306845 -0.00292644 -0.00277282 -0.0026363 -0.00250661 -0.0023929 -0.00229144 -0.00223628 -0.00219961 -0.00219869 -0.00224313 -0.00237142 -0.00258763 -0.00292888 -0.00339582 -0.00404259 -0.00490798 -0.00596024 -0.00723952 -0.00876768 -0.0105017 -0.0124261 -0.0144803 -0.016537 -0.0185179 -0.0202363 -0.021543 -0.0222508 -0.0221587 -0.0211341 -0.0191197 -0.0160404 -0.012 -0.00708712 -0.0014694 0.00460771 0.0108449 0.0169631 0.0226 0.0274752 0.031304 0.0338877 0.0350533 0.0347571 0.0330081 0.0299196 0.0256596 0.0205186 0.0147399 0.00867278 0.00263982 -0.00307495 -0.00820695 -0.0125039 -0.0158806 -0.0182146 -0.0195219 -0.0198869 -0.0194248 -0.0182939 -0.0166961 -0.0147666 -0.0127092 -0.010621 -0.00860385 -0.00675778 -0.00509645 -0.00363927 -0.00243624 -0.00143934 -0.0006242 1.695e-05 0.000522643 0.000904088 0.00120715 0.00144953 0.00164366 0.00177817 0.00190194 0.00200371 0.00210093 0.00219934 0.00230972 0.00239898 0.00250532 0.00259939 0.00271186 0.00284476 0.00299082 0.00314358 0.00330269 0.00348004 0.00365958 0.00386462 0.0041016 0.0043628 0.00465728 0.00500094 0.00536159 0.00581038 0.0063204 0.00690796 0.00758129 0.00835663 0.00925405 0.0102583 0.0114019 0.012661 0.0140497 0.0155698 0.0171824 0.0188528 0.0205573 0.0222111 0.0237621 0.0251511 0.026319 0.0271476 0.0275291 0.0274066 0.0266697 0.0252727 0.0231365 0.0202259 0.0165168 0.0120222 0.00679094 0.000863402 -0.00565333 -0.0126765 -0.0200836 -0.0277184 -0.0354119 -0.0430216 -0.0504029 -0.0573803 -0.0638186 -0.0696003 -0.0745975 -0.0786885 -0.0818147 -0.083922 
0 -0.00483263 -0.0095313 -0.0140075 -0.0182106 -0.0220294 -0.0254391 -0.0284217 -0.030966 -0.03307 -0.0347912 -0.0362152 -0.037347 -0.038257 -0.039006 -0.0396322 -0.0401177 -0.0404737 -0.0407116 -0.0407765 -0.0406691 -0.0403837 -0.03992 -0.0392294 -0.0383015 -0.0371355 -0.0357367 -0.0341495 -0.032391 -0.0305008 -0.0285263 -0.0265215 -0.0245037 -0.0225215 -0.0206219 -0.0188069 -0.0170853 -0.0155063 -0.0140775 -0.0127821 -0.0116122 -0.0105615 -0.00962924 -0.00881389 -0.00811464 -0.00748225 -0.00693786 -0.00646086 -0.00602298 -0.00562922 -0.00528251 -0.00497738 -0.00469971 -0.00444522 -0.00420152 -0.00397173 -0.00377406 -0.003583 -0.00338854 -0.00322429 -0.00305565 -0.00290751 -0.00277604 -0.00264748 -0.00254052 -0.00246182 -0.00240836 -0.0024097 -0.00247148 -0.00260913 -0.0028431 -0.00321282 -0.00373223 -0.00442233 -0.00533083 -0.00647184 -0.00787022 -0.0095197 -0.0113858 -0.0134519 -0.0156461 -0.0178545 -0.0199768 -0.0218157 -0.0231881 -0.0239122 -0.02379 -0.0226792 -0.0204943 -0.0171881 -0.012834 -0.00753728 -0.00150143 0.0050102 0.0117091 0.0182569 0.0242967 0.029528 0.0336259 0.0363643 0.0375961 0.0372389 0.0353281 0.032002 0.0274321 0.0219069 0.0157294 0.00923471 0.00277726 -0.00332017 -0.00878128 -0.0133692 -0.0169572 -0.0194477 -0.0208546 -0.0212575 -0.0207715 -0.0195843 -0.0178961 -0.0158574 -0.0136624 -0.0114343 -0.00927725 -0.00729013 -0.00551179 -0.00396678 -0.00266332 -0.00156945 -0.000688658 8.78462e-06 0.000566127 0.000996894 0.00132206 0.00156677 0.00176907 0.00193372 0.00207421 0.00219656 0.00229854 0.00240585 0.00252515 0.00262487 0.0027442 0.00286386 0.00299264 0.00314623 0.00330235 0.00346117 0.00364477 0.00384549 0.00406234 0.00430253 0.00458124 0.00489582 0.00525467 0.00565835 0.00609067 0.00661139 0.00722468 0.0079286 0.00872991 0.00964854 0.0106834 0.0118467 0.0131519 0.0145835 0.0161337 0.0177814 0.0194733 0.0211767 0.0228662 0.024452 0.0258526 0.0270062 0.027856 0.0282738 0.0281748 0.0274814 0.026116 0.0240352 0.0211958 0.0175977 0.0132243 0.00813113 0.00236566 -0.00397426 -0.0107623 -0.0178996 -0.0252598 -0.0327025 -0.0400398 -0.04716 -0.0539262 -0.0602038 -0.0659056 -0.0709545 -0.075266 -0.0787332 -0.0813521 -0.0831018 
0 -0.00506947 -0.0100041 -0.0147068 -0.0191047 -0.0230694 -0.0265691 -0.0295983 -0.0321557 -0.0342439 -0.0359146 -0.0372468 -0.038248 -0.039006 -0.0396117 -0.0401192 -0.040524 -0.0408379 -0.0410842 -0.0412135 -0.0412229 -0.0411025 -0.0408353 -0.040371 -0.0396928 -0.0388017 -0.0376808 -0.0363431 -0.0347868 -0.0330466 -0.0311792 -0.0292371 -0.0272361 -0.0252208 -0.0232443 -0.0213167 -0.0194591 -0.0177244 -0.0161321 -0.014664 -0.0133225 -0.0121111 -0.0110308 -0.0100787 -0.00924115 -0.00848243 -0.007827 -0.00726538 -0.00676109 -0.00630672 -0.00589863 -0.0055342 -0.0052009 -0.00490159 -0.00462461 -0.00437075 -0.00415139 -0.0039339 -0.0037135 -0.00352371 -0.0033436 -0.0031866 -0.00304361 -0.00289601 -0.00277112 -0.00268112 -0.00262583 -0.00262382 -0.00268997 -0.00284536 -0.00310959 -0.00350948 -0.00406275 -0.0048026 -0.00577861 -0.00700384 -0.00850015 -0.0102661 -0.0122676 -0.0144812 -0.016828 -0.0191853 -0.0214292 -0.0233632 -0.0247945 -0.0255336 -0.0253757 -0.0241722 -0.0218257 -0.0182926 -0.0136399 -0.00798571 -0.00154019 0.00541271 0.012559 0.0195312 0.0259527 0.0314939 0.0358282 0.0387171 0.040008 0.0396134 0.0375665 0.0340019 0.0291157 0.0232138 0.0166336 0.00973532 0.00289319 -0.00356099 -0.00933701 -0.0141942 -0.0179897 -0.0206309 -0.0221292 -0.0225725 -0.0220828 -0.0208484 -0.0190665 -0.0169101 -0.0145816 -0.0122218 -0.00994133 -0.0078354 -0.00593777 -0.00428029 -0.00288068 -0.0017106 -0.000758518 7.4808e-06 0.000619887 0.00108957 0.00144167 0.00170907 0.00192626 0.0021059 0.00226103 0.00239965 0.00251623 0.00263702 0.00276572 0.00288003 0.00301165 0.00315062 0.00329921 0.0034692 0.00363476 0.00380286 0.00400825 0.0042463 0.00450982 0.00479488 0.00511348 0.00547279 0.00589243 0.00637114 0.00690027 0.00752652 0.00825778 0.00908636 0.0100257 0.0110982 0.0122972 0.0136274 0.0150887 0.0166657 0.0183424 0.020081 0.0218082 0.0234871 0.0250905 0.0265285 0.0277007 0.0285329 0.0289598 0.0288645 0.0281831 0.0268503 0.0248046 0.0220087 0.0184503 0.0141628 0.00916912 0.00354557 -0.00264804 -0.00928841 -0.0162274 -0.0233456 -0.030518 -0.0376096 -0.0444511 -0.050951 -0.0569958 -0.0624798 -0.0673549 -0.0715931 -0.0751484 -0.0779551 -0.0800448 -0.0814314 
0 -0.00520675 -0.0102803 -0.0151364 -0.0196583 -0.0237382 -0.0273148 -0.0304054 -0.0330068 -0.0351097 -0.0367774 -0.0380528 -0.0389818 -0.0396322 -0.0401192 -0.0405044 -0.040789 -0.0410254 -0.0412281 -0.0413881 -0.0414716 -0.0414716 -0.041366 -0.0410989 -0.0406699 -0.0400538 -0.0392279 -0.0381694 -0.0368682 -0.0353534 -0.0336708 -0.0318533 -0.0299216 -0.0279193 -0.0259183 -0.0239368 -0.0219836 -0.0201259 -0.0183691 -0.0167359 -0.0152245 -0.0138522 -0.0126235 -0.0115164 -0.0105279 -0.00962814 -0.00884557 -0.00817681 -0.00758034 -0.00703819 -0.00656365 -0.0061337 -0.00575723 -0.00541271 -0.00509392 -0.00481013 -0.00455488 -0.00431224 -0.00407024 -0.00385085 -0.0036491 -0.00347039 -0.00330022 -0.00314687 -0.00301129 -0.0029292 -0.00288272 -0.00287425 -0.00292922 -0.00308623 -0.00336536 -0.00380192 -0.00439639 -0.00519662 -0.00625084 -0.00755541 -0.00914633 -0.0110296 -0.013159 -0.0155052 -0.0179983 -0.0204938 -0.022856 -0.0248757 -0.026361 -0.0271073 -0.0269094 -0.0256067 -0.0231065 -0.0193383 -0.0143867 -0.00838482 -0.00154692 0.00582818 0.0133798 0.0207575 0.0275486 0.0333892 0.0379542 0.0409944 0.0423175 0.0418748 0.0396891 0.035891 0.0307082 0.024469 0.0175017 0.0102198 0.00300724 -0.00379428 -0.00987607 -0.0149769 -0.0189711 -0.021752 -0.0233374 -0.0238174 -0.0233291 -0.0220496 -0.0201882 -0.0179251 -0.0154823 -0.012999 -0.0105972 -0.00837809 -0.00636698 -0.0045863 -0.00308559 -0.00183718 -0.000816053 -1.77238e-06 0.000651369 0.00115435 0.00154155 0.00185037 0.00209979 0.00229734 0.00247356 0.00261123 0.00273782 0.00286945 0.0030111 0.00314621 0.0032903 0.00343713 0.00360999 0.00379948 0.003994 0.0041945 0.0044241 0.00470217 0.00500167 0.00533317 0.0057016 0.00612036 0.00661328 0.00718431 0.00782241 0.00858181 0.0094457 0.0104141 0.0115004 0.0127249 0.0141011 0.0155946 0.0172011 0.0188839 0.0206318 0.0224033 0.0241117 0.0257051 0.0271455 0.0283359 0.0291813 0.0296007 0.0295169 0.0288381 0.0274951 0.0254727 0.0227114 0.0192004 0.0149464 0.0100003 0.00445253 -0.00162222 -0.00812017 -0.0149313 -0.0218875 -0.028854 -0.0357118 -0.04231 -0.0485339 -0.0542998 -0.0595421 -0.0641729 -0.068171 -0.0715612 -0.0743273 -0.0764736 -0.0780441 -0.0790876 
0 -0.00525628 -0.0103954 -0.0153028 -0.019898 -0.0240383 -0.0276964 -0.0308573 -0.0335115 -0.0356632 -0.0373347 -0.0386142 -0.0395101 -0.0401177 -0.040524 -0.040789 -0.0409661 -0.0410895 -0.0412408 -0.0413775 -0.0414907 -0.0415662 -0.0415734 -0.0414911 -0.0412722 -0.0409116 -0.0403568 -0.0395822 -0.0385746 -0.0373391 -0.0358981 -0.0342688 -0.0324616 -0.0305481 -0.0285881 -0.0265995 -0.0246102 -0.0226449 -0.0207761 -0.01899 -0.0173239 -0.0157882 -0.014383 -0.0131213 -0.0119714 -0.0109363 -0.0100226 -0.00922477 -0.0085087 -0.00787325 -0.00730752 -0.00682954 -0.0063899 -0.00599111 -0.00561955 -0.00528238 -0.00499521 -0.00472158 -0.00445673 -0.00421433 -0.00399048 -0.00377841 -0.00359355 -0.00341319 -0.00328484 -0.00318867 -0.00313394 -0.00312816 -0.00319235 -0.00334128 -0.00363637 -0.0040937 -0.00474569 -0.00559952 -0.00670068 -0.00810724 -0.00981743 -0.011804 -0.0140574 -0.0165342 -0.0191395 -0.0217673 -0.0242396 -0.0263553 -0.0278859 -0.0286324 -0.0283869 -0.0269853 -0.0242957 -0.020312 -0.0150684 -0.00872362 -0.00152144 0.00622623 0.0141926 0.0219382 0.029078 0.0352217 0.0400098 0.0431603 0.044537 0.0440247 0.0416855 0.0376728 0.0322214 0.0256389 0.0183428 0.0107002 0.00312606 -0.00400371 -0.0103664 -0.015732 -0.0198997 -0.0228126 -0.0244768 -0.0249903 -0.0244893 -0.0231777 -0.0212492 -0.0189158 -0.0163556 -0.0137575 -0.0112427 -0.0088867 -0.00675699 -0.00489621 -0.0032931 -0.00195439 -0.000877555 -1.07564e-05 0.000680342 0.00123741 0.00166184 0.00199014 0.00226036 0.00249543 0.00267418 0.00283001 0.00295657 0.00310586 0.00326725 0.00342532 0.00357971 0.0037456 0.00392293 0.00413907 0.00436528 0.00460303 0.00488457 0.00519146 0.00554069 0.00592007 0.00635655 0.00686583 0.00746203 0.00813179 0.00889934 0.00977748 0.0107976 0.0119243 0.0131696 0.0145646 0.0160867 0.0177386 0.0194527 0.0212091 0.022976 0.0247062 0.0263219 0.0277527 0.0289347 0.029779 0.0301805 0.0300827 0.0294161 0.0280834 0.0260561 0.0232945 0.0198204 0.0156164 0.0107236 0.00522049 -0.000802928 -0.00719904 -0.0138913 -0.0207208 -0.0275518 -0.0342437 -0.0406578 -0.0466789 -0.0521816 -0.0571535 -0.0615351 -0.0652851 -0.0684066 -0.07094 -0.0729422 -0.0744357 -0.0755199 -0.0762339 
0 -0.00522223 -0.010317 -0.0152121 -0.0197831 -0.0239709 -0.0276885 -0.0309322 -0.0336675 -0.0358751 -0.0376204 -0.038927 -0.0398695 -0.0404737 -0.0408379 -0.0410254 -0.0410895 -0.0411303 -0.0411777 -0.0412591 -0.0413377 -0.0414307 -0.0415196 -0.041561 -0.0415224 -0.0413625 -0.0410568 -0.0405639 -0.039862 -0.0389304 -0.0377766 -0.0363849 -0.0347947 -0.0330416 -0.0311874 -0.029254 -0.0272548 -0.0252671 -0.0233109 -0.0214297 -0.01962 -0.0179138 -0.0163423 -0.0149074 -0.0136012 -0.0124218 -0.01136 -0.0104223 -0.00958251 -0.00882703 -0.00818123 -0.00760342 -0.00709864 -0.00662363 -0.00618635 -0.00580671 -0.00546736 -0.00515563 -0.00486471 -0.00458526 -0.0043474 -0.00413178 -0.00391864 -0.00372748 -0.00355531 -0.00344656 -0.00338909 -0.00337325 -0.00343428 -0.00362244 -0.00394704 -0.00443172 -0.00509074 -0.00599735 -0.00718996 -0.00867687 -0.0104749 -0.0125895 -0.0149644 -0.0175561 -0.0202974 -0.0230415 -0.0256066 -0.0277923 -0.0293709 -0.0301109 -0.0298038 -0.0282778 -0.0254296 -0.0212097 -0.0156955 -0.00905008 -0.00149627 0.00664368 0.0149669 0.0230887 0.0305595 0.0369505 0.0419283 0.0452145 0.0465984 0.0460457 0.0435859 0.0393518 0.0336231 0.0267498 0.0191013 0.0111315 0.00324825 -0.0041866 -0.0108339 -0.0164197 -0.0207807 -0.0238206 -0.025557 -0.0260948 -0.0256029 -0.0242659 -0.0222782 -0.0198525 -0.0172016 -0.0144878 -0.0118499 -0.00939763 -0.00716357 -0.00518046 -0.00349961 -0.00211261 -0.000957866 -1.38493e-05 0.000751478 0.00133881 0.00178856 0.00214529 0.00243018 0.00266267 0.00287554 0.00304465 0.00320826 0.0033725 0.00354228 0.00372476 0.00389633 0.00407532 0.0042851 0.00451469 0.00477116 0.00505448 0.00536721 0.00574174 0.00614017 0.00659434 0.0071143 0.00772694 0.00844196 0.0092395 0.0101301 0.0111526 0.0123145 0.0136133 0.0150383 0.0165803 0.0182511 0.0199919 0.021783 0.0235614 0.0252942 0.0269182 0.0283459 0.029516 0.0303474 0.0307472 0.0306211 0.029922 0.0285923 0.0265838 0.0238324 0.0203568 0.0161693 0.0113205 0.00587615 -9.26445e-05 -0.00643876 -0.013062 -0.0197985 -0.0265279 -0.0330941 -0.0393684 -0.0452482 -0.0505842 -0.0553321 -0.0594472 -0.0629474 -0.0658122 -0.0680693 -0.0698083 -0.0710793 -0.0719916 -0.0726142 -0.0730283 
