0 0 0 0 0 0 0 0 0 0 0 0 0 0 0 0 0 0 0 0 0 0 0 0 0 0 0 0 0 0 0 0 0 0 0 0 0 0 0 0 0 0 0 0 0 0 0 0 0 0 0 0 0 0 0 0 0 0 0 0 0 0 0 0 0 0 0 0 0 0 0 0 0 0 0 0 0 0 0 0 0 0 0 0 0 0 0 0 0 0 0 0 0 0 0 0 0 0 0 0 0 0 0 0 0 0 0 0 0 0 0 0 0 0 0 0 0 0 0 0 0 0 0 0 0 0 0 0 0 0 0 0 0 0 0 0 0 0 0 0 0 0 0 0 0 0 0 0 0 0 0 0 0 0 0 0 0 0 0 0 0 0 0 0 0 0 0 0 0 0 0 0 0 0 0 0 0 0 0 0 0 0 0 0 0 0 0 0 0 0 0 0 0 0 0 0 0 0 0 0 
0 5.92077e-06 1.09889e-05 1.17035e-05 2.05901e-05 2.34386e-05 2.72456e-05 2.90051e-05 2.98778e-05 3.54514e-05 3.30659e-05 3.85721e-05 3.70455e-05 3.90427e-05 4.56554e-05 4.87695e-05 5.72852e-05 5.55023e-05 6.93532e-05 8.12645e-05 8.72187e-05 9.36353e-05 9.89681e-05 0.000113766 0.000112301 0.000112673 0.000118155 0.000127936 0.000136808 0.000145697 0.000160488 0.000178578 0.000210404 0.000251974 0.000306899 0.000362402 0.000439775 0.000535514 0.000638163 0.000759347 0.000897494 0.00106411 0.00126111 0.00149615 0.00177581 0.00209912 0.00247494 0.00292381 0.00342116 0.00397051 0.00456667 0.00518217 0.00582484 0.00647645 0.0071243 0.00774872 0.0083186 0.00881026 0.00918206 0.00938438 0.00939158 0.00915023 0.00863819 0.00786868 0.00684446 0.00561114 0.00422941 0.0027481 0.00122718 -0.00026543 -0.00168628 -0.00298744 -0.00412171 -0.0050641 -0.00580514 -0.00632727 -0.00664804 -0.00679484 -0.00677784 -0.00663828 -0.0064084 -0.00609535 -0.00573394 -0.00534309 -0.0049127 -0.00447655 -0.00405061 -0.00363136 -0.00323496 -0.00286785 -0.00252313 -0.00221667 -0.00193348 -0.00166419 -0.00142752 -0.00122625 -0.00103415 -0.000853874 -0.000692747 -0.000547103 -0.000404837 -0.000272421 -0.000146046 -9.81311e-06 0.0001379 0.000275505 0.000422091 0.000594229 0.000776807 0.000965323 0.00117306 0.00138769 0.00161792 0.00186167 0.00210126 0.00234216 0.00258036 0.00277817 0.00293596 0.00304572 0.00308726 0.00306697 0.00298347 0.00282468 0.00260281 0.00231788 0.00196941 0.00157676 0.00115195 0.00070517 0.000250793 -0.000199753 -0.000657307 -0.00112323 -0.00160188 -0.00211483 -0.00266394 -0.00323422 -0.0038342 -0.00442734 -0.00497683 -0.00546972 -0.00586007 -0.00613008 -0.00628055 -0.00629954 -0.00619551 -0.00597988 -0.00565881 -0.00526232 -0.00480075 -0.00431597 -0.0038307 -0.00335018 -0.00290545 -0.00249791 -0.00212956 -0.00181345 -0.00154615 -0.00131179 -0.00111154 -0.000937577 -0.000796379 -0.000675041 -0.000574645 -0.000493619 -0.000417175 -0.000357432 -0.000314925 -0.000284536 -0.000251496 -0.000228507 -0.000211103 -0.000203002 -0.000196525 -0.00019249 -0.000195301 -0.000188991 -0.000196345 -0.000198071 -0.00019825 -0.000196605 -0.000198059 -0.000209939 -0.000204227 -0.000198858 -0.000195655 -0.000198779 -0.000199757 -0.000194431 -0.000198578 -0.000201468 -0.000200675 -0.000195563 -0.000195436 -0.000201014 -0.000201964 -0.000199167 -0.000196247 -0.000196819 
0 1.09889e-05 1.29769e-05 2.11643e-05 2.80928e-05 4.00062e-05 4.47806e-05 4.79814e-05 5.99155e-05 6.40499e-05 7.61478e-05 8.14072e-05 8.73287e-05 9.66595e-05 0.000101569 0.000121919 0.000119884 0.000124993 0.000138364 0.000150502 0.00016577 0.000157348 0.000182926 0.000200721 0.000207988 0.000217458 0.000226512 0.000262109 0.000278799 0.000307067 0.000342689 0.000383027 0.000447728 0.000536337 0.000634294 0.000753094 0.000899696 0.00108711 0.00130548 0.00153596 0.00183662 0.00216933 0.00257787 0.00306247 0.00362373 0.00427467 0.00502439 0.00590089 0.00687909 0.00795719 0.00911214 0.0103401 0.0115926 0.0128891 0.0141694 0.0153928 0.0165066 0.0174591 0.0181541 0.0185328 0.0185223 0.0180224 0.0170261 0.0155038 0.0135011 0.0110853 0.00836936 0.00544561 0.00246363 -0.000497615 -0.00328949 -0.00584889 -0.00808108 -0.00992699 -0.0113641 -0.0123991 -0.0130281 -0.0133267 -0.0133279 -0.013075 -0.0126428 -0.0120539 -0.011347 -0.0105663 -0.00974781 -0.00890679 -0.00807625 -0.00725452 -0.00648803 -0.00576214 -0.00508901 -0.00445727 -0.00389216 -0.00337802 -0.00291834 -0.00246693 -0.00207769 -0.00173561 -0.00141628 -0.00110031 -0.000828095 -0.000539829 -0.000260842 4.85898e-06 0.000267362 0.000578112 0.000895846 0.00123564 0.00158606 0.00198173 0.0023985 0.00284076 0.00329328 0.00377456 0.00424869 0.00472237 0.00514933 0.00552377 0.00583154 0.00603319 0.00609842 0.00604722 0.00583974 0.00548437 0.00501586 0.00441121 0.00371015 0.00294109 0.002111 0.00124554 0.000385658 -0.000499661 -0.00137402 -0.00227773 -0.00320741 -0.00419977 -0.00524673 -0.00636132 -0.00750395 -0.00865974 -0.00973964 -0.0107087 -0.0115011 -0.0120646 -0.0123869 -0.0124612 -0.012287 -0.01187 -0.0112686 -0.0104805 -0.00958472 -0.00863315 -0.00767599 -0.00673325 -0.00586086 -0.00504689 -0.0043241 -0.00368972 -0.00314511 -0.00268425 -0.00225891 -0.00191724 -0.00161773 -0.00136687 -0.00116301 -0.000988168 -0.000833803 -0.000712619 -0.000623786 -0.000566039 -0.000507726 -0.000458368 -0.000442332 -0.000416065 -0.00041509 -0.000404653 -0.000401081 -0.000400038 -0.000393758 -0.000408812 -0.000395242 -0.000389858 -0.000394283 -0.000404531 -0.000406684 -0.000389519 -0.00039365 -0.000400796 -0.000400388 -0.000394034 -0.000394016 -0.000402779 -0.000398129 -0.000388948 -0.000388627 -0.000395884 -0.000399104 -0.000393973 -0.000392371 -0.000395017 
0 1.17035e-05 2.11643e-05 2.11723e-05 4.07708e-05 4.95148e-05 6.10803e-05 7.06225e-05 8.13782e-05 0.000103751 0.000109357 0.000130865 0.000136288 0.000148135 0.000168802 0.000180508 0.000198589 0.000190996 0.000214883 0.000232263 0.000235078 0.000239884 0.000252122 0.000290817 0.000296888 0.000309737 0.000338416 0.000383504 0.000428179 0.000477076 0.000541672 0.000614689 0.00071956 0.000846662 0.00100491 0.0011709 0.00139907 0.0016872 0.00200992 0.00239241 0.00283782 0.00336991 0.0039963 0.00473329 0.0055926 0.00657154 0.00768946 0.00899445 0.0104293 0.0120012 0.0136986 0.0154618 0.0173026 0.0191767 0.0210379 0.022818 0.0244234 0.0257754 0.0267594 0.0272506 0.0271818 0.0264242 0.0249264 0.0227125 0.0197919 0.0162731 0.0123112 0.00804611 0.0036556 -0.000660985 -0.00475456 -0.00848224 -0.0117142 -0.0143869 -0.0164879 -0.0179907 -0.0189457 -0.0194256 -0.0194578 -0.0191365 -0.0185446 -0.0177076 -0.0167189 -0.015637 -0.0144545 -0.0132521 -0.0120708 -0.0109008 -0.00978048 -0.00872471 -0.00772364 -0.00681375 -0.00596851 -0.00516876 -0.00445581 -0.00383066 -0.00323865 -0.0026827 -0.00217717 -0.00171206 -0.00126263 -0.000836034 -0.000423184 1.21156e-05 0.000473693 0.000918707 0.00138626 0.00191614 0.00247791 0.00306609 0.00370515 0.00436493 0.00505542 0.00576368 0.00644041 0.00709606 0.00771785 0.00822497 0.0086158 0.00886422 0.008912 0.00876443 0.00840706 0.00781798 0.00704161 0.00610025 0.00501965 0.0038649 0.00266759 0.00144687 0.00022423 -0.000992175 -0.0022327 -0.00350312 -0.00481068 -0.00620153 -0.00767987 -0.00922214 -0.0108536 -0.0124998 -0.0140708 -0.0155224 -0.0167253 -0.0176106 -0.0181553 -0.0183181 -0.0181098 -0.0175602 -0.0166971 -0.0155998 -0.0143134 -0.0129488 -0.01157 -0.0101974 -0.00890983 -0.00771406 -0.00662327 -0.00567126 -0.00485338 -0.00413281 -0.00350712 -0.00296193 -0.0025079 -0.00211601 -0.00178858 -0.00151982 -0.00127592 -0.00108747 -0.000955322 -0.000865305 -0.000778124 -0.000719391 -0.000679212 -0.000658088 -0.000639713 -0.000622774 -0.000618817 -0.000596219 -0.000605927 -0.000606264 -0.000599241 -0.000586818 -0.000584195 -0.000608058 -0.000596121 -0.000587264 -0.000587408 -0.000600531 -0.000602323 -0.000585864 -0.000591907 -0.000599444 -0.000600172 -0.000589794 -0.000588641 -0.000597847 -0.000595988 -0.000589909 -0.000588087 -0.00059438 
0 2.05901e-05 2.80928e-05 4.07708e-05 5.53832e-05 7.62464e-05 8.7213e-05 9.64728e-05 0.000117081 0.000130092 0.000150477 0.000163687 0.000176593 0.000193993 0.000208462 0.000239923 0.000245228 0.000256397 0.000282133 0.000305567 0.000326919 0.000321626 0.000361515 0.000399753 0.000420101 0.00044253 0.000470529 0.000535222 0.00058271 0.000649165 0.000736055 0.000839911 0.000987283 0.00117688 0.00139122 0.00164505 0.00195986 0.00235492 0.00281436 0.00332263 0.00395395 0.00467566 0.00554269 0.0065607 0.00772897 0.00905692 0.0105573 0.0122638 0.014135 0.0161634 0.0183194 0.0205897 0.0229169 0.0253085 0.0276691 0.029909 0.0319201 0.0335964 0.0347755 0.0353458 0.0351893 0.0341523 0.0322064 0.0293173 0.0255464 0.0210114 0.0159045 0.0104093 0.00478989 -0.000763545 -0.00599424 -0.0107593 -0.0149001 -0.0183265 -0.0210134 -0.0229754 -0.0242282 -0.0248832 -0.0249963 -0.0246457 -0.0239479 -0.0229545 -0.021744 -0.0203958 -0.0189656 -0.0174892 -0.0160124 -0.0145362 -0.0131227 -0.0117621 -0.0104737 -0.00925769 -0.00814551 -0.00711803 -0.00618103 -0.00528029 -0.0044712 -0.00373661 -0.00304762 -0.00237887 -0.00177066 -0.00115177 -0.000546256 4.79297e-05 0.000646626 0.00130663 0.00198568 0.00270451 0.00344854 0.00425953 0.00511288 0.00600348 0.00690443 0.00782241 0.00869697 0.00952308 0.010237 0.0108171 0.0112425 0.0114561 0.0114069 0.0111096 0.0105119 0.00962716 0.00852004 0.00719523 0.00573638 0.00421587 0.00266451 0.00112073 -0.000372216 -0.00186463 -0.00333509 -0.00484416 -0.00640156 -0.00806525 -0.00983871 -0.0117457 -0.0137539 -0.0158348 -0.0178577 -0.0197453 -0.0213628 -0.0225944 -0.0233879 -0.0237058 -0.0235382 -0.0229033 -0.0218882 -0.0205246 -0.0189381 -0.0172299 -0.0154844 -0.013742 -0.0120873 -0.0105195 -0.00908869 -0.00781007 -0.00669238 -0.00572334 -0.00484732 -0.004118 -0.00348721 -0.00295512 -0.0025165 -0.00214227 -0.00181479 -0.00155203 -0.00135482 -0.00121406 -0.00108367 -0.00097917 -0.000926666 -0.000874036 -0.00085516 -0.000828467 -0.000812619 -0.000801801 -0.000795423 -0.000815474 -0.000798401 -0.000786488 -0.00078927 -0.000803209 -0.000803823 -0.000783375 -0.000793048 -0.000807638 -0.000805266 -0.000790292 -0.000787318 -0.000800982 -0.000799208 -0.000789401 -0.000789014 -0.000795292 -0.00079375 -0.000783348 -0.000784805 -0.000793959 
0 2.34386e-05 4.00062e-05 4.95148e-05 7.62464e-05 9.67026e-05 0.000114165 0.000128638 0.000145416 0.000169168 0.000181654 0.000204023 0.000216374 0.000234174 0.000259505 0.000281802 0.000304615 0.000314505 0.000354616 0.000391747 0.00041226 0.000427291 0.000460032 0.000513447 0.000537539 0.000564745 0.000610296 0.000681189 0.000753887 0.000842215 0.000960675 0.00110834 0.00130988 0.00155767 0.00185392 0.00218732 0.0026101 0.00312891 0.00372105 0.00440661 0.00521281 0.00616318 0.00728061 0.00858218 0.0100715 0.0117433 0.0136102 0.0157081 0.0179774 0.0204103 0.0229867 0.0256551 0.0284061 0.0311956 0.0339451 0.0365447 0.0388613 0.0407646 0.0420893 0.0426723 0.0423935 0.0410878 0.0386851 0.0351913 0.0306491 0.0252101 0.0191008 0.0125531 0.00584494 -0.000740356 -0.00695891 -0.0126097 -0.0175196 -0.0215959 -0.0248189 -0.0271756 -0.0287255 -0.0295677 -0.0297661 -0.0294373 -0.0287012 -0.0276176 -0.0262975 -0.0248184 -0.0232016 -0.0215231 -0.0198332 -0.0181328 -0.0164691 -0.0148617 -0.0133168 -0.0118646 -0.0104969 -0.00920093 -0.00800977 -0.0069143 -0.00588242 -0.00490964 -0.00400005 -0.00313977 -0.00231412 -0.00151076 -0.000720836 8.74981e-05 0.00092201 0.00176458 0.00263852 0.00357827 0.00456042 0.00558531 0.00665917 0.00775416 0.00886216 0.0099582 0.0109768 0.0119062 0.0127039 0.0132904 0.0136454 0.0137308 0.0134892 0.012929 0.0120337 0.010805 0.00931026 0.00760107 0.00574986 0.0038622 0.00199863 0.000202485 -0.00149817 -0.00311956 -0.00470691 -0.00630451 -0.00795726 -0.00974113 -0.011687 -0.0138034 -0.0161084 -0.0185294 -0.0209436 -0.023252 -0.0252723 -0.0268705 -0.0279683 -0.0284966 -0.0284434 -0.0278399 -0.0267423 -0.0252457 -0.0234466 -0.0214857 -0.0194542 -0.0173982 -0.0154092 -0.013509 -0.0117363 -0.0101382 -0.00872597 -0.00747208 -0.00636609 -0.00540834 -0.00459713 -0.00390595 -0.00332884 -0.00284498 -0.00241762 -0.00207212 -0.00180768 -0.00160542 -0.00142321 -0.00128391 -0.00118862 -0.00112472 -0.00108112 -0.00104533 -0.00102447 -0.000998255 -0.00100439 -0.00101274 -0.00100619 -0.000993056 -0.000993059 -0.00101402 -0.0010029 -0.000988785 -0.000990835 -0.00100596 -0.0010047 -0.000985305 -0.000987906 -0.000999068 -0.00100271 -0.000994057 -0.000993421 -0.00100139 -0.000997148 -0.000987173 -0.000985152 -0.000992437 
0 2.72456e-05 4.47806e-05 6.10803e-05 8.7213e-05 0.000114165 0.000134521 0.000152665 0.00017542 0.000199614 0.000222134 0.000246227 0.00026808 0.000292494 0.000319326 0.000347261 0.000366391 0.000385075 0.000424343 0.000464141 0.000490322 0.000507172 0.000549395 0.000605685 0.000646041 0.000690167 0.000755361 0.000850714 0.000952598 0.00107601 0.0012362 0.00143731 0.00169968 0.00202174 0.0023972 0.00283352 0.00336896 0.00402008 0.0047738 0.00564093 0.00666409 0.00785891 0.00925383 0.0108599 0.0126708 0.014679 0.016893 0.0193289 0.021944 0.0247169 0.0276222 0.0306239 0.0336892 0.0367801 0.0398038 0.0426377 0.0451425 0.0471716 0.0485437 0.0490918 0.0486604 0.0470789 0.0442691 0.0402219 0.0350075 0.0287986 0.0218467 0.014425 0.00684683 -0.000591247 -0.00760859 -0.0139876 -0.0195428 -0.0241641 -0.0278184 -0.0305122 -0.0323053 -0.0333136 -0.0336324 -0.0333814 -0.032685 -0.0316193 -0.0302773 -0.028738 -0.0270486 -0.0252674 -0.0234421 -0.0215925 -0.0197652 -0.0179749 -0.0162334 -0.0145603 -0.0129678 -0.0114519 -0.0100247 -0.0086728 -0.00740243 -0.00620742 -0.00507186 -0.00397804 -0.0029243 -0.00188427 -0.000856683 0.000172226 0.00121998 0.00230394 0.0034259 0.00459925 0.00581137 0.00706842 0.00835727 0.00965018 0.0109223 0.0121479 0.0132676 0.0142473 0.0150262 0.015542 0.0157573 0.0156211 0.0150909 0.0141776 0.0128782 0.0112272 0.00930716 0.00718583 0.00496397 0.00275295 0.000626798 -0.00135568 -0.00316016 -0.00481603 -0.00636879 -0.00789702 -0.00948121 -0.0112215 -0.0131793 -0.0153925 -0.0178661 -0.0205373 -0.0232725 -0.0259372 -0.0283422 -0.0303213 -0.031765 -0.0325894 -0.0327582 -0.0322879 -0.0312414 -0.0297029 -0.0277987 -0.0256702 -0.0234226 -0.0211247 -0.0188611 -0.0166683 -0.0145968 -0.0126948 -0.0109836 -0.00944994 -0.00807839 -0.00688591 -0.0058609 -0.00498846 -0.00425759 -0.00363808 -0.00310224 -0.00266148 -0.00231607 -0.00204383 -0.00180768 -0.00162127 -0.00149245 -0.00140044 -0.00133971 -0.00129066 -0.00125435 -0.00122472 -0.00121817 -0.00122368 -0.00121164 -0.00119705 -0.00119896 -0.00121366 -0.00120775 -0.00119145 -0.0011945 -0.00120799 -0.00120619 -0.0011916 -0.00119069 -0.00120067 -0.00120045 -0.00119104 -0.00118915 -0.00119487 -0.00119392 -0.00118563 -0.00118551 -0.00119193 
0 2.90051e-05 4.79814e-05 7.06225e-05 9.64728e-05 0.000128638 0.000152665 0.000175299 0.000204138 0.000230755 0.000262822 0.000289022 0.000319329 0.000350415 0.000380996 0.000415493 0.000434908 0.000463172 0.000500165 0.00054011 0.000570084 0.000591012 0.000640762 0.000698939 0.000756757 0.000820632 0.000910729 0.00103623 0.001179 0.00135131 0.00156663 0.00183492 0.00216892 0.00257349 0.00303838 0.00358938 0.00425333 0.00505538 0.00599506 0.00707527 0.00834335 0.00980834 0.0114963 0.0134097 0.0155327 0.0178565 0.0203852 0.0231148 0.02602 0.0290655 0.0322187 0.0354548 0.0387238 0.0419913 0.0451603 0.048105 0.0506865 0.0527446 0.05409 0.0545479 0.0539313 0.0520728 0.0488873 0.0443592 0.0385855 0.0317544 0.0241329 0.0160241 0.0077629 -0.000341785 -0.0079834 -0.0149246 -0.0209724 -0.0260067 -0.0299867 -0.0329407 -0.0349374 -0.0361017 -0.0365584 -0.0364274 -0.0358301 -0.0348578 -0.0335863 -0.0320858 -0.0304193 -0.0286307 -0.0267673 -0.024862 -0.022952 -0.0210511 -0.0191789 -0.0173424 -0.0155613 -0.0138426 -0.012193 -0.0106023 -0.0090904 -0.00764811 -0.00625798 -0.00490715 -0.00360013 -0.00230422 -0.00101479 0.000274919 0.00157913 0.00292665 0.00430984 0.00573321 0.00719052 0.00867907 0.0101681 0.0116329 0.0130334 0.0143351 0.0154858 0.0164365 0.0171164 0.0174737 0.0174528 0.0170005 0.016092 0.0147396 0.0129626 0.0108298 0.00844006 0.00589069 0.00331002 0.000816917 -0.0014993 -0.00357157 -0.00536885 -0.00693073 -0.0083125 -0.00962324 -0.0109818 -0.0125161 -0.0143257 -0.0164843 -0.0189944 -0.0218047 -0.0247783 -0.0277449 -0.0305086 -0.0328753 -0.0347016 -0.0358879 -0.0363715 -0.0361478 -0.0352743 -0.0338209 -0.0319299 -0.0297385 -0.0273641 -0.0248995 -0.0224225 -0.0199882 -0.0176576 -0.0154794 -0.0134837 -0.0116723 -0.0100306 -0.00858655 -0.00732619 -0.00624755 -0.00533542 -0.00455605 -0.00389198 -0.0033406 -0.00290203 -0.00255033 -0.00225569 -0.0020176 -0.0018464 -0.00171785 -0.00162861 -0.00155736 -0.00149887 -0.00146086 -0.00143889 -0.00143638 -0.00141858 -0.00140251 -0.0014051 -0.00141303 -0.00141242 -0.00139689 -0.00139959 -0.00140954 -0.00140773 -0.00139922 -0.00139627 -0.00140361 -0.00139981 -0.00139093 -0.00138936 -0.00139423 -0.00139651 -0.00139036 -0.00138933 -0.00139141 
0 2.98778e-05 5.99155e-05 8.13782e-05 0.000117081 0.000145416 0.00017542 0.000204138 0.000230543 0.000269999 0.00029643 0.000331261 0.000360685 0.00039266 0.000435875 0.00046368 0.000502949 0.000532295 0.000576493 0.000623961 0.000654706 0.000704349 0.000753354 0.000828672 0.000902433 0.000984827 0.00110578 0.00125139 0.00144116 0.00166314 0.00193776 0.00228198 0.00270197 0.00319852 0.00378558 0.00446865 0.00529587 0.00628053 0.0074239 0.00875971 0.0102783 0.0120352 0.0140168 0.0162265 0.0186487 0.0212636 0.0240694 0.0270545 0.0301883 0.0334285 0.03675 0.0400942 0.0434571 0.0467619 0.0499428 0.0528791 0.0554307 0.0574233 0.0586861 0.059002 0.0581802 0.0560653 0.0525349 0.0476146 0.0413909 0.0340731 0.0259382 0.0173199 0.0085365 -3.76985e-05 -0.0081296 -0.0154568 -0.0218305 -0.027137 -0.0313474 -0.0344783 -0.036646 -0.0379574 -0.0385481 -0.0385581 -0.0380947 -0.0372527 -0.0361201 -0.0347588 -0.0332013 -0.03151 -0.0297192 -0.0278601 -0.0259424 -0.0240088 -0.0220632 -0.0201361 -0.0182175 -0.0163251 -0.0144703 -0.0126876 -0.0109319 -0.0092169 -0.00755107 -0.00593829 -0.00433406 -0.00276518 -0.00119789 0.000389495 0.00200982 0.00362705 0.00528146 0.00696648 0.0086753 0.0103668 0.0120335 0.0136262 0.0151216 0.0164493 0.0175587 0.0183858 0.0188872 0.0189767 0.0186071 0.0177501 0.016388 0.0145268 0.0122345 0.00958716 0.00669542 0.00372207 0.000793032 -0.001945 -0.00437653 -0.00643753 -0.00812375 -0.00944453 -0.0105275 -0.0114735 -0.012455 -0.0136296 -0.0151478 -0.0170916 -0.0195196 -0.0223502 -0.0254706 -0.0286833 -0.0317629 -0.0345071 -0.0367389 -0.0383289 -0.0391995 -0.0393339 -0.038736 -0.0375126 -0.0357555 -0.0336205 -0.031226 -0.0286789 -0.0260572 -0.0234454 -0.0208945 -0.0184757 -0.0162218 -0.0141307 -0.0122385 -0.0105235 -0.00902579 -0.00772608 -0.00660995 -0.00565852 -0.00484307 -0.00416208 -0.00361053 -0.00315626 -0.00278171 -0.00248082 -0.00223795 -0.00206999 -0.00193064 -0.00183145 -0.0017534 -0.00169382 -0.00167324 -0.00164747 -0.00163522 -0.00161625 -0.00161245 -0.00162169 -0.00161271 -0.00161005 -0.00160481 -0.00161173 -0.00161302 -0.00160537 -0.00160905 -0.00160937 -0.00160887 -0.00160081 -0.00159739 -0.00160203 -0.00160101 -0.00159922 -0.00159396 -0.00159237 
0 3.54514e-05 6.40499e-05 0.000103751 0.000130092 0.000169168 0.000199614 0.000230755 0.000269999 0.000299269 0.00034354 0.00036778 0.000403934 0.000441005 0.000477263 0.000525198 0.000554369 0.000607159 0.000648254 0.000698468 0.000753181 0.000808772 0.000889911 0.000968192 0.00107224 0.00118643 0.00133345 0.00151967 0.00175365 0.0020346 0.00237745 0.00280565 0.00331983 0.00394279 0.00465812 0.00552429 0.00653678 0.00772792 0.00912013 0.010701 0.0125083 0.0145407 0.0168112 0.0193056 0.0219957 0.0248672 0.0279158 0.0310846 0.0343793 0.0377323 0.0410957 0.0444653 0.0477787 0.0510157 0.0540966 0.056915 0.0593416 0.0612032 0.062302 0.0624549 0.0614242 0.0590637 0.0552749 0.0500356 0.0434741 0.0357995 0.0272892 0.0182939 0.00918269 0.000284529 -0.00806551 -0.0156061 -0.0221602 -0.0276198 -0.03194 -0.0352002 -0.0374781 -0.0388965 -0.039619 -0.0397642 -0.0394384 -0.0387741 -0.0378181 -0.0366312 -0.0352925 -0.0338022 -0.0321692 -0.0304414 -0.0286261 -0.026734 -0.0247935 -0.0228096 -0.0208152 -0.0188306 -0.0168321 -0.0148175 -0.0128356 -0.010889 -0.00895423 -0.00703368 -0.00514138 -0.00324684 -0.00134428 0.000548631 0.0024476 0.00439231 0.00635003 0.00828433 0.0101981 0.0120782 0.0138811 0.0155768 0.0170967 0.0183818 0.0193903 0.0200268 0.020216 0.0199422 0.0191476 0.0177957 0.0159155 0.0135168 0.0106685 0.00749528 0.00412627 0.000725917 -0.00250777 -0.00543529 -0.00792159 -0.00988996 -0.0113336 -0.0123219 -0.0129522 -0.0134063 -0.0138824 -0.0145689 -0.0156538 -0.0172833 -0.0194816 -0.0222303 -0.0254056 -0.0287738 -0.0321337 -0.0352361 -0.0378746 -0.0399112 -0.0412351 -0.0417901 -0.0416012 -0.0406964 -0.0392116 -0.0372511 -0.0349398 -0.032413 -0.0297311 -0.0269993 -0.0242952 -0.0216723 -0.019179 -0.0168504 -0.0146852 -0.0127271 -0.0109689 -0.00943587 -0.00810714 -0.00694949 -0.0059713 -0.00513515 -0.00444442 -0.00386765 -0.003396 -0.00300276 -0.00269436 -0.00245383 -0.00227366 -0.00213662 -0.00202534 -0.00196439 -0.00191046 -0.00188572 -0.00185746 -0.00183896 -0.0018356 -0.0018235 -0.00182918 -0.00181786 -0.00181885 -0.00181808 -0.00181586 -0.00181925 -0.00181267 -0.00181815 -0.00181492 -0.00181331 -0.0018115 -0.0018083 -0.00181021 -0.00180451 -0.00180199 -0.00179642 
0 3.30659e-05 7.61478e-05 0.000109357 0.000150477 0.000181654 0.000222134 0.000262822 0.00029643 0.00034354 0.000378108 0.000419622 0.000454622 0.000492824 0.000544059 0.000578368 0.000631472 0.000678278 0.000728669 0.000786058 0.000840199 0.000929133 0.00100708 0.00110972 0.00123824 0.00138939 0.00159007 0.00182268 0.00213122 0.0024942 0.00292598 0.00345951 0.00409493 0.00484354 0.00573154 0.00677504 0.00800487 0.00942895 0.0110653 0.0129411 0.0150165 0.0173415 0.0198831 0.0226281 0.025551 0.0286297 0.0318405 0.0351342 0.0384909 0.0418487 0.0451773 0.0484301 0.0516196 0.0546798 0.0575714 0.0602017 0.06244 0.0640973 0.0650146 0.0649592 0.0637168 0.0611575 0.0571409 0.0516896 0.0449014 0.0369905 0.0282418 0.0190289 0.00969406 0.000645534 -0.00783791 -0.0154587 -0.022056 -0.0275426 -0.0319025 -0.0351827 -0.0375185 -0.0390054 -0.0398058 -0.0400652 -0.0398862 -0.0393915 -0.0386576 -0.0377284 -0.0366261 -0.0353803 -0.033995 -0.0324903 -0.03084 -0.029089 -0.0272388 -0.0253105 -0.0232912 -0.0212155 -0.0190913 -0.0169687 -0.0147959 -0.0125953 -0.0103848 -0.008187 -0.00595847 -0.00374916 -0.00152634 0.000715103 0.0029734 0.00518943 0.0073982 0.00957396 0.0117113 0.0137423 0.0156434 0.0173573 0.0188484 0.0200185 0.0208172 0.02116 0.0210108 0.0203005 0.018993 0.0170983 0.0146487 0.011667 0.00827485 0.00459172 0.000754845 -0.00300116 -0.00649958 -0.00955641 -0.0120083 -0.0137847 -0.0149126 -0.0154288 -0.015533 -0.0153924 -0.0152614 -0.0153606 -0.015919 -0.017085 -0.0189609 -0.0214993 -0.0246204 -0.0280895 -0.0316659 -0.0351081 -0.038165 -0.0406616 -0.0424743 -0.043533 -0.0437974 -0.0433432 -0.0422213 -0.0405514 -0.0384446 -0.0360286 -0.0333763 -0.0306122 -0.0278078 -0.0250419 -0.0223646 -0.0198044 -0.017421 -0.0151921 -0.0131826 -0.0113922 -0.00980886 -0.00843263 -0.00725082 -0.00624458 -0.00540096 -0.00468924 -0.00410961 -0.00363005 -0.00322727 -0.00292903 -0.002679 -0.00249664 -0.00235387 -0.00225175 -0.00218947 -0.0021249 -0.0020985 -0.0020741 -0.00205764 -0.00204804 -0.00203634 -0.00204135 -0.00202986 -0.00202485 -0.00202581 -0.00202361 -0.00202501 -0.00201689 -0.0020214 -0.00202264 -0.00201937 -0.0020179 -0.00201124 -0.00201391 -0.00200814 -0.00200541 
0 3.85721e-05 8.14072e-05 0.000130865 0.000163687 0.000204023 0.000246227 0.000289022 0.000331261 0.00036778 0.000419622 0.000459428 0.000506434 0.000554486 0.000601747 0.000653351 0.000698723 0.000763679 0.00081426 0.000874212 0.000949723 0.00104488 0.00115214 0.00126874 0.00143852 0.00164372 0.00189752 0.00219889 0.00258458 0.00304043 0.00357864 0.0042324 0.00500186 0.00591889 0.0069834 0.00825403 0.00971531 0.011387 0.0133013 0.0154454 0.0178138 0.0204036 0.0232012 0.026176 0.0292908 0.0325187 0.0358317 0.0391421 0.0424592 0.0457164 0.0488767 0.0519488 0.0549083 0.0577366 0.0603818 0.0627627 0.0647521 0.0661747 0.0668503 0.0665892 0.0651518 0.0624123 0.0582518 0.0526491 0.0457205 0.0376801 0.0288094 0.0194858 0.0100947 0.000993552 -0.0074948 -0.015097 -0.0216595 -0.0270995 -0.0313814 -0.0346089 -0.0368904 -0.0383537 -0.0391898 -0.0395377 -0.0394924 -0.0391944 -0.0386761 -0.0379782 -0.0371571 -0.0362001 -0.0350875 -0.0338553 -0.0324745 -0.0309416 -0.0292587 -0.0274303 -0.0254738 -0.0234169 -0.0212406 -0.0189684 -0.0166338 -0.0142534 -0.0118101 -0.00931938 -0.00679119 -0.00423667 -0.00166438 0.000886894 0.00341964 0.0059398 0.00842217 0.010812 0.013099 0.0152385 0.0171815 0.0188707 0.0202305 0.0211879 0.0217127 0.0217042 0.0211113 0.0199221 0.0180959 0.0156296 0.0125945 0.00902649 0.00506561 0.000883245 -0.00335367 -0.00741644 -0.011072 -0.0141575 -0.0164996 -0.018022 -0.0187474 -0.0187637 -0.0182443 -0.0174369 -0.0166174 -0.0160429 -0.015978 -0.0166197 -0.018053 -0.0202932 -0.0232617 -0.0267195 -0.0304561 -0.0341889 -0.0376442 -0.040619 -0.0429524 -0.0445321 -0.0453307 -0.0453568 -0.0446912 -0.0434021 -0.0415969 -0.039411 -0.0368976 -0.0341926 -0.0313834 -0.0285365 -0.0257169 -0.0229877 -0.0203803 -0.0179302 -0.0156627 -0.0136163 -0.011781 -0.0101532 -0.00875887 -0.00755085 -0.0065273 -0.00565959 -0.00495077 -0.00435596 -0.00386278 -0.00347145 -0.00315637 -0.00291181 -0.00271675 -0.0025863 -0.00247331 -0.00239123 -0.00233959 -0.00231094 -0.00229053 -0.00226251 -0.002263 -0.00226144 -0.00225701 -0.00224531 -0.00224231 -0.00224779 -0.00223728 -0.0022295 -0.0022253 -0.0022279 -0.00222403 -0.00221514 -0.00221336 -0.00221445 -0.0022172 -0.00221723 
0 3.70455e-05 8.73287e-05 0.000136288 0.000176593 0.000216374 0.00026808 0.000319329 0.000360685 0.000403934 0.000454622 0.000506434 0.000557664 0.000609797 0.000663685 0.000714209 0.000773769 0.000844877 0.000910026 0.000983818 0.00107672 0.00120051 0.0013288 0.00147909 0.00169123 0.0019531 0.00226992 0.0026423 0.00311586 0.00368119 0.00434369 0.00514004 0.00607511 0.0071748 0.00846007 0.00996747 0.01169 0.0136315 0.0158199 0.0182492 0.0208838 0.0237222 0.0267361 0.029886 0.0331303 0.0364357 0.039753 0.0430032 0.0461828 0.0492463 0.0521727 0.0549687 0.0576417 0.0601671 0.0625074 0.0645972 0.0663143 0.0674832 0.0679423 0.0674826 0.0658771 0.0629974 0.0587158 0.0530213 0.0460247 0.0379373 0.0290464 0.0197268 0.0103538 0.0013022 -0.00712019 -0.0146312 -0.0210747 -0.0263746 -0.0305133 -0.0335911 -0.0357518 -0.0371342 -0.0379355 -0.0383094 -0.0383568 -0.0382018 -0.0378877 -0.0374385 -0.0368806 -0.0362098 -0.0354097 -0.0344865 -0.0333977 -0.0321421 -0.0307067 -0.0290792 -0.0272506 -0.0252478 -0.0230771 -0.0207707 -0.0183255 -0.0157632 -0.0130995 -0.0103646 -0.00756275 -0.00472906 -0.00186922 0.000988839 0.00382298 0.00659035 0.00927596 0.0118379 0.0142494 0.0164376 0.0183446 0.01991 0.0210743 0.0217586 0.0219256 0.0215021 0.0204553 0.0187566 0.0163769 0.0133405 0.0097234 0.00559234 0.00111931 -0.00350474 -0.00808671 -0.0123634 -0.0161073 -0.0191385 -0.0212841 -0.0224776 -0.0227552 -0.0222036 -0.0210359 -0.0195137 -0.0179488 -0.016641 -0.0158892 -0.0159166 -0.0168485 -0.0187095 -0.0214415 -0.0248242 -0.0286337 -0.032593 -0.0363986 -0.0398163 -0.0426601 -0.0447889 -0.0461403 -0.0467237 -0.0465759 -0.0457555 -0.0443551 -0.042488 -0.040215 -0.0376641 -0.0349264 -0.032075 -0.0291832 -0.0263261 -0.0235595 -0.0209063 -0.0184165 -0.0161236 -0.014027 -0.0121483 -0.0105102 -0.00908224 -0.0078526 -0.00680393 -0.0059409 -0.00521445 -0.00460283 -0.0041108 -0.00370417 -0.0033836 -0.00313137 -0.00294805 -0.00279835 -0.00267764 -0.00260869 -0.00256723 -0.00252961 -0.00249259 -0.00248075 -0.00248294 -0.00247228 -0.0024575 -0.00245656 -0.0024619 -0.00245825 -0.00244692 -0.00244762 -0.0024526 -0.0024494 -0.00244246 -0.00243591 -0.00243777 -0.00243317 -0.00242818 
0 3.90427e-05 9.66595e-05 0.000148135 0.000193993 0.000234174 0.000292494 0.000350415 0.00039266 0.000441005 0.000492824 0.000554486 0.000609797 0.000664849 0.000723742 0.000776918 0.000848914 0.000927131 0.00100763 0.00109866 0.00121647 0.00137532 0.00154034 0.0017409 0.00201032 0.00234277 0.0027332 0.00318817 0.00375812 0.00444271 0.00524585 0.00620326 0.00732883 0.00864312 0.0101793 0.0119524 0.013955 0.0161758 0.0186342 0.0213266 0.0241985 0.0272432 0.0304218 0.0336869 0.0369901 0.0402893 0.0435201 0.0466156 0.0495673 0.0523561 0.0549787 0.0574444 0.059781 0.0619637 0.0639684 0.0657447 0.0671801 0.068107 0.068369 0.067745 0.0660141 0.0630345 0.0586789 0.0529403 0.0459258 0.0378486 0.0289991 0.0197477 0.0104657 0.00153171 -0.00675118 -0.0141011 -0.0203608 -0.0254577 -0.0293915 -0.0322649 -0.0342433 -0.0354822 -0.0361839 -0.0365131 -0.0365807 -0.0364998 -0.0363232 -0.0360749 -0.0357662 -0.0353855 -0.0349015 -0.0342991 -0.0335293 -0.0325773 -0.0314161 -0.0300339 -0.0284131 -0.0265606 -0.02447 -0.0221706 -0.0196662 -0.0169929 -0.0141766 -0.011253 -0.00823307 -0.00516493 -0.00206691 0.00102617 0.00408738 0.00706036 0.00991365 0.0125838 0.0150261 0.0171703 0.0189658 0.0203458 0.0212541 0.021618 0.0213956 0.0205237 0.0189807 0.016746 0.0138159 0.0102345 0.00608419 0.00145917 -0.00344954 -0.00843283 -0.0132709 -0.0176821 -0.0214353 -0.0243394 -0.0262295 -0.0270455 -0.0268321 -0.0256837 -0.0238358 -0.0215704 -0.0192308 -0.0171588 -0.0156891 -0.0150713 -0.0154617 -0.0168966 -0.0193266 -0.0225536 -0.0263498 -0.0304461 -0.0345287 -0.0383393 -0.0416669 -0.0443416 -0.0462659 -0.0474358 -0.0478519 -0.04756 -0.0466379 -0.0451764 -0.0432398 -0.0409404 -0.0383664 -0.0355918 -0.0326978 -0.0297729 -0.0268935 -0.0240829 -0.0214064 -0.0188936 -0.0165546 -0.0144283 -0.0125377 -0.0108678 -0.00940287 -0.00814145 -0.00708958 -0.00620338 -0.00545398 -0.00484386 -0.00433516 -0.00392816 -0.00361007 -0.00336645 -0.00317073 -0.00300724 -0.00291035 -0.0028465 -0.00278524 -0.00273345 -0.00270826 -0.00270958 -0.00269404 -0.00267729 -0.00267789 -0.00268403 -0.00268501 -0.00267167 -0.0026726 -0.00267584 -0.00267164 -0.00266578 -0.00265786 -0.00265976 -0.00265112 -0.00264281 
0 4.56554e-05 0.000101569 0.000168802 0.000208462 0.000259505 0.000319326 0.000380996 0.000435875 0.000477263 0.000544059 0.000601747 0.000663685 0.000723742 0.000779807 0.000854721 0.000926729 0.00102522 0.00111836 0.00122766 0.00138287 0.0015667 0.00178597 0.00203742 0.00237568 0.00279303 0.00327171 0.00383769 0.00453029 0.00536213 0.00634084 0.00749096 0.00883085 0.0103941 0.0121841 0.0142377 0.0165097 0.0189944 0.0217115 0.0246236 0.027708 0.0309061 0.0341901 0.0374981 0.040774 0.0439662 0.0470213 0.0498662 0.0525168 0.0549738 0.0572321 0.0593436 0.0613037 0.0631299 0.0647988 0.0662748 0.0674522 0.0681859 0.0682767 0.0675286 0.0657046 0.0626457 0.05826 0.0525153 0.0455294 0.0375129 0.0287498 0.0195934 0.0104518 0.00165999 -0.00643162 -0.0135678 -0.0195909 -0.0244419 -0.0281181 -0.0307634 -0.0325153 -0.0335568 -0.0340937 -0.0342949 -0.0342854 -0.0342004 -0.0340858 -0.033966 -0.0338656 -0.0337418 -0.0335424 -0.0332443 -0.0328041 -0.0321637 -0.0313031 -0.0301912 -0.0288174 -0.0271668 -0.0252306 -0.0230035 -0.0205343 -0.0178441 -0.0149585 -0.0119127 -0.0087669 -0.00553489 -0.00226613 0.000986588 0.00417467 0.00727019 0.0101911 0.0128742 0.0152565 0.0172851 0.0188972 0.020043 0.0206395 0.0206419 0.0200107 0.0186841 0.0166315 0.0138762 0.0104271 0.00633827 0.00172562 -0.00329559 -0.00853795 -0.0137713 -0.0187554 -0.0232303 -0.0269181 -0.0296377 -0.0312237 -0.0316183 -0.0308637 -0.0291102 -0.0265619 -0.0235647 -0.0204634 -0.0176331 -0.0154355 -0.0141621 -0.0139663 -0.0149395 -0.017017 -0.0200199 -0.0237417 -0.02789 -0.0321681 -0.0363021 -0.0400586 -0.043239 -0.0457435 -0.0474973 -0.048515 -0.0487919 -0.0483984 -0.0474143 -0.0458927 -0.0439346 -0.0416237 -0.0390187 -0.0362063 -0.0332966 -0.0303463 -0.0274363 -0.0245955 -0.0218844 -0.019323 -0.0169475 -0.0148118 -0.0128882 -0.0111778 -0.00968864 -0.00842662 -0.00735669 -0.00645767 -0.00570232 -0.00508179 -0.00457005 -0.00416581 -0.00385777 -0.00358961 -0.00338987 -0.00324685 -0.00315633 -0.00307381 -0.00299453 -0.00296752 -0.00295022 -0.00293525 -0.00290908 -0.00289998 -0.00290877 -0.00289944 -0.0028935 -0.00288667 -0.00289021 -0.0028888 -0.00288019 -0.00288163 -0.00287732 -0.00287424 -0.00286359 
0 4.87695e-05 0.000121919 0.000180508 0.000239923 0.000281802 0.000347261 0.000415493 0.00046368 0.000525198 0.000578368 0.000653351 0.000714209 0.000776918 0.000854721 0.000928072 0.00103349 0.00113446 0.00125539 0.00139661 0.0015795 0.00181639 0.00207598 0.00240025 0.0028112 0.0033203 0.00390936 0.00460506 0.0054427 0.00645473 0.00763426 0.00900638 0.0105998 0.01241 0.0144901 0.0167971 0.0193342 0.022068 0.0249953 0.0281148 0.0313455 0.0346519 0.0379714 0.041239 0.0443977 0.0474034 0.0501765 0.0527139 0.0549932 0.0570573 0.0589354 0.0606412 0.062234 0.0637075 0.0650684 0.0662865 0.0672636 0.0678259 0.0678045 0.0669419 0.0650448 0.0619448 0.0575394 0.0518255 0.0449056 0.0369695 0.0283135 0.0192963 0.0102875 0.00168619 -0.0061966 -0.0130997 -0.0188653 -0.0234326 -0.0268549 -0.0292119 -0.0306957 -0.0314868 -0.0317827 -0.0317718 -0.0316242 -0.0314344 -0.0313028 -0.0312494 -0.0312541 -0.0312954 -0.0313428 -0.0313139 -0.0311533 -0.0308238 -0.0302782 -0.0294636 -0.0283461 -0.0269123 -0.0251725 -0.0231379 -0.0207972 -0.0181738 -0.0153228 -0.0122824 -0.00908486 -0.00580114 -0.00248273 0.000829377 0.00406284 0.00713047 0.00998203 0.0125675 0.0148208 0.0166675 0.0180361 0.0188701 0.0191291 0.0187547 0.0176804 0.015897 0.0133962 0.0101677 0.00625293 0.00175145 -0.00324839 -0.00857717 -0.0140422 -0.019423 -0.0244687 -0.0288862 -0.0324505 -0.0349212 -0.0361556 -0.0360991 -0.0348091 -0.0324215 -0.0292163 -0.0255041 -0.0216729 -0.0181214 -0.0152189 -0.0132697 -0.0124872 -0.0129481 -0.014618 -0.0173602 -0.0209245 -0.025065 -0.0294607 -0.0338324 -0.0379374 -0.0415759 -0.0445901 -0.0469349 -0.0485347 -0.0494035 -0.0495836 -0.0491133 -0.0480834 -0.0465484 -0.0445861 -0.0422522 -0.0396228 -0.036793 -0.0338698 -0.0308897 -0.0279478 -0.0250716 -0.0223061 -0.0197239 -0.0173362 -0.0151766 -0.013214 -0.0114841 -0.00999214 -0.0087172 -0.0076325 -0.00672031 -0.00595274 -0.00532028 -0.004819 -0.00440825 -0.00408053 -0.00380525 -0.00362391 -0.00349252 -0.00337575 -0.00329025 -0.00322955 -0.00321651 -0.00318405 -0.00315556 -0.00314296 -0.00313411 -0.00313386 -0.00311226 -0.0031095 -0.0031051 -0.0030998 -0.00309932 -0.00309215 -0.00309955 -0.00309328 -0.00309142 
0 5.72852e-05 0.000119884 0.000198589 0.000245228 0.000304615 0.000366391 0.000434908 0.000502949 0.000554369 0.000631472 0.000698723 0.000773769 0.000848914 0.000926729 0.00103349 0.00113996 0.00127315 0.00141726 0.00159459 0.00183391 0.00211021 0.00244592 0.00284453 0.00334726 0.0039655 0.00467796 0.00552352 0.00653188 0.0077331 0.00914165 0.0107574 0.0126045 0.014701 0.0170406 0.0196233 0.0224005 0.0253569 0.0284861 0.0317391 0.0350758 0.0384042 0.0416695 0.0448064 0.047763 0.0504837 0.052933 0.0550849 0.0569596 0.0586093 0.0600603 0.0613879 0.0626114 0.063774 0.0648825 0.0658959 0.0667037 0.0671601 0.0670227 0.0660895 0.0641497 0.0610206 0.0566389 0.05097 0.0441135 0.0362707 0.0277284 0.0188355 0.0100119 0.00159227 -0.00606224 -0.0127255 -0.0182387 -0.0225444 -0.0256635 -0.0277285 -0.0288849 -0.0293545 -0.0293531 -0.0290832 -0.0287117 -0.0283672 -0.0281204 -0.0280015 -0.0280294 -0.0281589 -0.0283308 -0.028495 -0.0286002 -0.0285368 -0.0282577 -0.0277164 -0.0268936 -0.0257452 -0.0242611 -0.0224251 -0.0202922 -0.0178665 -0.015176 -0.0122443 -0.00915247 -0.00593604 -0.00268723 0.000519575 0.00360538 0.00654439 0.00924043 0.0116292 0.0136274 0.0151923 0.01626 0.0167767 0.0166483 0.0158599 0.0143817 0.012186 0.00925871 0.00564556 0.00138593 -0.00344227 -0.00871152 -0.0142527 -0.0198667 -0.0253029 -0.0302915 -0.0345889 -0.0379171 -0.04008 -0.0409364 -0.0404264 -0.0385938 -0.0356332 -0.0317685 -0.0273888 -0.0228738 -0.018638 -0.0150702 -0.0124929 -0.0111045 -0.0110444 -0.0122677 -0.0146643 -0.0180303 -0.0220735 -0.0265134 -0.0310483 -0.0354196 -0.0394212 -0.0429099 -0.0457643 -0.0479462 -0.0494028 -0.0501614 -0.0502574 -0.0497501 -0.0486995 -0.047161 -0.0451769 -0.0428162 -0.0401791 -0.0373389 -0.0344004 -0.0314048 -0.0284242 -0.0255169 -0.0227362 -0.0201419 -0.0177354 -0.0155254 -0.0135437 -0.0117985 -0.0102927 -0.009005 -0.00789747 -0.00697355 -0.00619848 -0.00557357 -0.00506698 -0.00463341 -0.00429941 -0.00404132 -0.00386005 -0.00371255 -0.00358713 -0.00352041 -0.00347019 -0.00343917 -0.00340278 -0.0033796 -0.00337983 -0.003364 -0.00335991 -0.00334594 -0.00334386 -0.00334221 -0.00333029 -0.0033335 -0.00332295 -0.00332632 -0.00332019 
0 5.55023e-05 0.000124993 0.000190996 0.000256397 0.000314505 0.000385075 0.000463172 0.000532295 0.000607159 0.000678278 0.000763679 0.000844877 0.000927131 0.00102522 0.00113446 0.00127315 0.00142052 0.00160377 0.00183305 0.00212385 0.00247413 0.00288454 0.00338611 0.00399654 0.00473782 0.00559849 0.00662133 0.00782029 0.00924837 0.0109011 0.0127768 0.0149007 0.0172537 0.0198706 0.0226822 0.0256824 0.028834 0.0321008 0.0354512 0.0387998 0.042068 0.0451825 0.0480875 0.0507446 0.0531212 0.0551631 0.056913 0.0583584 0.0595835 0.0606507 0.0616108 0.0625292 0.0634327 0.0643382 0.0651927 0.0658888 0.0662487 0.0660639 0.0650824 0.0631291 0.060011 0.0556493 0.0500264 0.0432442 0.0354842 0.0270538 0.0183125 0.00963546 0.00140709 -0.00604189 -0.0124832 -0.0177459 -0.021757 -0.0245891 -0.0263168 -0.027137 -0.0272753 -0.0269409 -0.026341 -0.0256888 -0.0250766 -0.0246271 -0.0243715 -0.0243032 -0.0243968 -0.0246285 -0.024891 -0.0251263 -0.0252643 -0.0252471 -0.0249815 -0.0244307 -0.0235608 -0.0223752 -0.0208579 -0.0190107 -0.0168345 -0.0143958 -0.0117287 -0.00889106 -0.00594771 -0.00297077 -8.23107e-06 0.00283727 0.005491 0.00787374 0.00994002 0.0116198 0.01285 0.0135394 0.0136517 0.0131443 0.0119855 0.0101149 0.00755852 0.00431417 0.000400506 -0.00412641 -0.00915642 -0.0145955 -0.0202285 -0.0258656 -0.0312607 -0.0361322 -0.0402095 -0.04327 -0.04507 -0.0455068 -0.0445271 -0.04218 -0.0386462 -0.0342028 -0.029197 -0.0240509 -0.0191942 -0.0150088 -0.011829 -0.0098825 -0.00929112 -0.010041 -0.0120668 -0.0151405 -0.0190263 -0.0234237 -0.0280349 -0.0325923 -0.0368961 -0.0407673 -0.0441093 -0.0468161 -0.0488458 -0.0501885 -0.0508381 -0.0508855 -0.0503444 -0.0492748 -0.0477144 -0.0457145 -0.0433489 -0.0407159 -0.0378773 -0.034921 -0.0318932 -0.0288781 -0.0259589 -0.023158 -0.0205399 -0.018086 -0.0158529 -0.0138522 -0.0120994 -0.0105823 -0.00926655 -0.00815265 -0.00721957 -0.00646014 -0.005825 -0.00530263 -0.0048715 -0.00454319 -0.00429052 -0.00408739 -0.00393406 -0.00381764 -0.00374996 -0.00369184 -0.00365058 -0.00362479 -0.00361331 -0.00361187 -0.00360164 -0.00359902 -0.00359582 -0.00359401 -0.00358828 -0.00357712 -0.00356946 -0.0035604 -0.0035532 
