0 0 0 0 0 0 0 0 0 0 0 0 0 0 0 0 0 0 0 0 0 0 0 0 0 0 0 0 0 0 0 0 0 0 0 0 0 0 0 0 0 0 0 0 0 0 0 0 0 0 0 0 0 0 0 0 0 0 0 0 0 0 0 0 0 0 0 0 0 0 0 0 0 0 0 0 0 0 0 0 0 0 0 0 0 0 0 0 0 0 0 0 0 0 0 0 0 0 0 0 0 0 0 0 0 0 0 0 0 0 0 0 0 0 0 0 0 0 0 0 0 0 0 0 0 0 0 0 0 0 0 0 0 0 0 0 0 0 0 0 0 0 0 0 0 0 0 0 0 0 0 0 0 0 0 0 0 0 0 0 0 0 0 0 0 0 0 0 0 0 0 0 0 0 0 0 0 0 0 0 0 0 0 0 0 0 0 0 0 0 0 0 0 0 0 0 0 0 0 0 
0 -3.5717e-06 -3.02455e-07 3.90579e-06 5.71565e-06 7.77347e-06 1.12586e-05 1.7069e-05 2.35394e-05 3.91938e-05 5.84189e-05 8.46827e-05 0.000116777 0.000159354 0.000218613 0.000292592 0.000392634 0.000502488 0.000638464 0.00080341 0.00100235 0.00123639 0.00150561 0.00183791 0.00221376 0.00263933 0.00311083 0.00362713 0.00416639 0.00470282 0.0052292 0.00572336 0.00616941 0.00654628 0.00684208 0.00702377 0.00709518 0.00702646 0.00680185 0.00641473 0.00586991 0.00519766 0.00439487 0.0035058 0.00254926 0.0015484 0.000540266 -0.000449354 -0.00140097 -0.00226579 -0.00302141 -0.00364269 -0.00412831 -0.00449004 -0.00472341 -0.00485649 -0.00487516 -0.00479653 -0.00464195 -0.00441861 -0.00414372 -0.00384776 -0.00352502 -0.00319782 -0.00287016 -0.00253244 -0.00218465 -0.00182622 -0.00145495 -0.00107522 -0.000701254 -0.000325978 3.94241e-05 0.000381249 0.000680099 0.000906645 0.00102271 0.00102298 0.000882067 0.000616244 0.000259648 -0.000160301 -0.000617292 -0.00107311 -0.00150544 -0.00187211 -0.0021662 -0.00238362 -0.00249906 -0.00250782 -0.00243891 -0.00229772 -0.00210227 -0.00188635 -0.00166985 -0.00145779 -0.00127375 -0.0011281 -0.00101192 -0.000928046 -0.000887405 -0.000882435 -0.000920053 -0.00101054 -0.00114225 -0.00129974 -0.00148344 -0.00167497 -0.00184789 -0.0019921 -0.00209633 -0.00212608 -0.0020789 -0.00195484 -0.00173152 -0.00140163 -0.000989448 -0.000509158 6.41145e-06 0.000532868 0.00102951 0.00145582 0.00179 0.00203174 0.00217082 0.0022297 0.00222022 0.00216899 0.00209614 0.00202213 0.0019604 0.00193555 0.00195607 0.00203159 0.00216036 0.00233708 0.00254204 0.00277222 0.00302929 0.00329986 0.00359979 0.00390799 0.00419687 0.00445556 0.00466065 0.00478764 0.00485077 0.00481315 0.00466986 0.00440382 0.0040007 0.00346091 0.00278149 0.00198364 0.0010882 0.00012384 -0.000867843 -0.00186401 -0.0028543 -0.00378602 -0.00464594 -0.00538846 -0.00599209 -0.00644363 -0.00673772 -0.00687995 -0.00686823 -0.00673615 -0.00650052 -0.00617649 -0.00577052 -0.00531407 -0.00481315 -0.00429438 -0.00377589 -0.00327189 -0.00280472 -0.00237744 -0.00200891 -0.00167515 -0.00138538 -0.00114326 -0.00094175 -0.000769982 -0.000621385 -0.000508695 -0.00041706 -0.000340966 -0.000279723 -0.00024055 -0.000210962 -0.000186479 -0.000169089 -0.000160269 -0.000155978 -0.000147506 -0.000146027 -0.000144411 -0.000144918 -0.000143116 
0 -3.02455e-07 5.41005e-06 1.73077e-05 1.6311e-05 2.49488e-05 3.18627e-05 4.44892e-05 6.01728e-05 8.23846e-05 0.000125145 0.000168715 0.000238283 0.00032394 0.000438802 0.000596795 0.000785838 0.00102401 0.00129649 0.00164214 0.00205817 0.00252841 0.00309424 0.0037492 0.0045128 0.0053515 0.00627519 0.0072914 0.00832865 0.00938069 0.0103979 0.0113624 0.0122343 0.0129684 0.0135393 0.0138895 0.0140036 0.013854 0.0133929 0.0126137 0.0115524 0.0102171 0.00865973 0.00691035 0.00503675 0.00308363 0.00111078 -0.000812744 -0.00265844 -0.0043481 -0.00582762 -0.00705819 -0.0080496 -0.00877384 -0.00927368 -0.00954482 -0.00959498 -0.00945704 -0.00916721 -0.00874613 -0.00823715 -0.00766249 -0.00703999 -0.00640426 -0.00574664 -0.005097 -0.00441245 -0.00371047 -0.00297948 -0.00221966 -0.00144372 -0.000689844 6.51356e-05 0.000739676 0.00132137 0.00176202 0.00198609 0.00196683 0.00171421 0.00121124 0.000512725 -0.000328852 -0.0012508 -0.00216069 -0.00301756 -0.0037807 -0.00438357 -0.00477746 -0.00498994 -0.00501686 -0.00486887 -0.00458132 -0.00422039 -0.0037918 -0.00335712 -0.0029467 -0.00258025 -0.00225392 -0.00201387 -0.00184875 -0.00177268 -0.00177899 -0.00188397 -0.00204953 -0.00229616 -0.00261067 -0.00296928 -0.00332834 -0.00369192 -0.00399068 -0.00419349 -0.00427478 -0.00420463 -0.00391972 -0.00344489 -0.00279707 -0.00197549 -0.00101092 1.26371e-05 0.00104745 0.00201736 0.00286244 0.00356427 0.00405947 0.00435018 0.00448062 0.00446232 0.00433882 0.00419859 0.00403618 0.0039291 0.00389583 0.00394858 0.00410233 0.00437266 0.00470913 0.00512919 0.00558899 0.00609556 0.00663534 0.00721037 0.00779333 0.00834568 0.00883303 0.00922109 0.00947695 0.00957532 0.00949807 0.00918311 0.00863077 0.00781584 0.0067379 0.0053956 0.00383914 0.0020763 0.000189504 -0.00175553 -0.00372226 -0.00564624 -0.00748142 -0.00914915 -0.0106047 -0.011796 -0.0126942 -0.013299 -0.0136065 -0.0136056 -0.0133674 -0.0129115 -0.0122699 -0.0114787 -0.0105628 -0.00959048 -0.0085629 -0.0075489 -0.00656549 -0.00563314 -0.00480245 -0.00405546 -0.00339999 -0.0028186 -0.00233092 -0.00193135 -0.00157471 -0.00127985 -0.00104311 -0.00085656 -0.000700839 -0.000573348 -0.000493225 -0.000429679 -0.000379135 -0.000343312 -0.000324239 -0.000314476 -0.000299001 -0.00029336 -0.000292327 -0.000290865 -0.000286173 
0 3.90579e-06 1.73077e-05 2.9141e-05 3.38247e-05 4.28268e-05 5.97357e-05 8.17588e-05 0.000101577 0.000140812 0.000193595 0.000271792 0.000375986 0.000514695 0.000701255 0.000933621 0.00124126 0.00159409 0.00203084 0.00256159 0.00319484 0.00393023 0.00477096 0.00577819 0.00690439 0.00815334 0.00951428 0.010983 0.0125026 0.0140122 0.0154895 0.0168779 0.0181272 0.0191723 0.0199697 0.0204297 0.0205564 0.0202836 0.019579 0.0184358 0.016873 0.0149579 0.0126836 0.0101537 0.00742954 0.00458871 0.00174198 -0.00103272 -0.0036889 -0.00611864 -0.00827447 -0.0100978 -0.0115744 -0.0127079 -0.0134722 -0.0139211 -0.0140313 -0.013863 -0.0134864 -0.0129289 -0.0122272 -0.0114419 -0.0105556 -0.00962545 -0.00867464 -0.00769768 -0.00669509 -0.00566044 -0.00457363 -0.00343371 -0.00227732 -0.00110791 2.41461e-05 0.00105585 0.0019267 0.00256478 0.00288391 0.00287762 0.00249011 0.00175131 0.000734135 -0.000496979 -0.00186729 -0.00325624 -0.00457485 -0.00569217 -0.00656645 -0.00717847 -0.00748328 -0.00748699 -0.00727304 -0.00686735 -0.00631848 -0.00570136 -0.00506531 -0.00442762 -0.00385467 -0.00338562 -0.00301799 -0.00276736 -0.00266197 -0.00267678 -0.00281756 -0.00309353 -0.00347204 -0.00391691 -0.00443322 -0.0049814 -0.00550242 -0.00595742 -0.00629732 -0.00641612 -0.00628344 -0.00588357 -0.00517395 -0.00415679 -0.00291061 -0.00149011 1.4077e-05 0.00154361 0.0030018 0.00428728 0.00533242 0.00610834 0.00656994 0.00676375 0.00672848 0.0065557 0.00633036 0.00612259 0.00597653 0.00594505 0.0060375 0.00627242 0.00665149 0.00716624 0.00777791 0.00847011 0.00922932 0.0100062 0.0108246 0.0116341 0.0123804 0.0130463 0.0135776 0.0139039 0.0140319 0.0138551 0.0133481 0.0124807 0.0112384 0.00963946 0.00768457 0.00542031 0.00288532 0.000150088 -0.00267571 -0.00551867 -0.00832892 -0.0109677 -0.0133925 -0.0154975 -0.0172338 -0.0185695 -0.019485 -0.0199788 -0.0200329 -0.0197237 -0.0190936 -0.0181878 -0.017039 -0.0157367 -0.0143146 -0.0128418 -0.0113668 -0.00992303 -0.00856432 -0.00730897 -0.00620542 -0.00520545 -0.00433246 -0.00359663 -0.00297857 -0.00244656 -0.00198701 -0.00162998 -0.00133931 -0.00109787 -0.00090247 -0.000769615 -0.000668179 -0.000585636 -0.0005268 -0.00049421 -0.000476191 -0.000451366 -0.000443556 -0.000438226 -0.000438471 -0.000430083 
0 5.71565e-06 1.6311e-05 3.38247e-05 3.3158e-05 5.14688e-05 7.71796e-05 0.000114096 0.00015568 0.000210722 0.000303547 0.000414099 0.000575782 0.000775794 0.00103142 0.00136295 0.0017644 0.00226223 0.00284776 0.003575 0.00444164 0.00542905 0.00659049 0.00792434 0.00943793 0.0110766 0.0128442 0.0147431 0.0166723 0.0186051 0.0204699 0.0222209 0.0237808 0.0250627 0.0260067 0.026521 0.0265831 0.026159 0.0251932 0.0236875 0.0216956 0.0192353 0.016366 0.0131457 0.00968716 0.00608913 0.00247395 -0.00104133 -0.00440384 -0.00750431 -0.0102645 -0.0126237 -0.0145774 -0.0160727 -0.0171437 -0.017788 -0.0180203 -0.0179078 -0.0175215 -0.016897 -0.0160896 -0.015127 -0.0140308 -0.0128595 -0.0116241 -0.0103728 -0.0090584 -0.00769552 -0.00626048 -0.00474798 -0.00318605 -0.00163925 -0.000112015 0.00125929 0.00242287 0.00328745 0.00373115 0.00370799 0.00322021 0.00225367 0.00089707 -0.000750464 -0.00256533 -0.00437914 -0.00608718 -0.00758721 -0.00876363 -0.0095402 -0.00994515 -0.00998413 -0.00969208 -0.00913621 -0.0084223 -0.00758558 -0.00672621 -0.00590264 -0.00515962 -0.0045117 -0.00402544 -0.00369702 -0.00354844 -0.00356925 -0.00377523 -0.00411536 -0.00460385 -0.00521603 -0.00591196 -0.00662261 -0.00733107 -0.00792749 -0.0083418 -0.00850714 -0.00835686 -0.00779499 -0.00684303 -0.00553182 -0.00388836 -0.00198434 3.82502e-05 0.00208105 0.00400965 0.00571155 0.00712888 0.00815639 0.00878045 0.00906475 0.00904926 0.00883342 0.00857294 0.00830085 0.00813585 0.00811392 0.00824941 0.00856445 0.00907908 0.00973298 0.0105393 0.0114325 0.0123992 0.0133981 0.0144149 0.0154007 0.0162977 0.0170634 0.017646 0.0179847 0.0180296 0.0177228 0.0169721 0.0157796 0.0141307 0.0120433 0.00952815 0.00664788 0.00341497 -5.51387e-05 -0.00364725 -0.00727795 -0.0108288 -0.0141963 -0.0172589 -0.0199408 -0.0221694 -0.0239031 -0.0251324 -0.0258339 -0.0259809 -0.0256651 -0.0249234 -0.0238117 -0.0223983 -0.0207505 -0.018977 -0.0171053 -0.0152324 -0.0133887 -0.0116129 -0.00998429 -0.00849877 -0.00716918 -0.00598488 -0.00497664 -0.00413413 -0.00339219 -0.00277301 -0.00227364 -0.00187488 -0.00154209 -0.0012691 -0.00108116 -0.000932762 -0.000816014 -0.000730404 -0.000678711 -0.000646797 -0.000612905 -0.000597054 -0.0005892 -0.000585963 -0.000575868 
0 7.77347e-06 2.49488e-05 4.28268e-05 5.14688e-05 7.26939e-05 0.000111873 0.000163367 0.000221424 0.000308936 0.000430539 0.000595073 0.000809893 0.00108255 0.00142982 0.0018592 0.00239957 0.00303894 0.00381413 0.00475056 0.00585706 0.00713228 0.00859033 0.0102755 0.0121361 0.0141447 0.016284 0.0185408 0.0208383 0.023104 0.025287 0.0273085 0.0290805 0.0305043 0.0315085 0.0319929 0.0319543 0.0313386 0.0301144 0.0282856 0.0258886 0.0229875 0.0195954 0.0158231 0.011772 0.00756191 0.00334083 -0.000778326 -0.00472801 -0.00838366 -0.0116696 -0.0145118 -0.0168827 -0.0187657 -0.0201405 -0.0210473 -0.0214741 -0.0214902 -0.0211746 -0.0205651 -0.0197059 -0.0186584 -0.0174251 -0.016073 -0.0146361 -0.0131225 -0.0115237 -0.00983825 -0.0080504 -0.00616753 -0.00424032 -0.0022988 -0.000407911 0.0013261 0.00280163 0.00389522 0.00446714 0.0044695 0.00384693 0.00263926 0.000961335 -0.00106147 -0.00328856 -0.00553349 -0.00765075 -0.00947309 -0.0109113 -0.0119089 -0.0124213 -0.0124549 -0.0120989 -0.0114168 -0.0105035 -0.00946649 -0.00840125 -0.00736178 -0.00643151 -0.00565911 -0.00505887 -0.00464734 -0.00445604 -0.00446711 -0.00469244 -0.00513242 -0.00575448 -0.00651079 -0.00737662 -0.00827939 -0.00913721 -0.00986749 -0.0103857 -0.0105667 -0.0103485 -0.00968141 -0.00852285 -0.00687761 -0.00482932 -0.00247124 4.86049e-05 0.00260584 0.00503466 0.00717688 0.00892557 0.0102195 0.0110203 0.0113954 0.0114145 0.0112084 0.0109126 0.010627 0.0104382 0.0104216 0.0106023 0.0110064 0.0116356 0.0124575 0.0134244 0.0144938 0.0156324 0.016781 0.0179391 0.0190365 0.0200006 0.0207916 0.0213452 0.0215854 0.0214972 0.0209707 0.0199564 0.0184283 0.0163818 0.0138455 0.0108362 0.00740962 0.00360985 -0.000465196 -0.00467789 -0.00892154 -0.0130978 -0.0170399 -0.0206589 -0.0238331 -0.0264952 -0.0286037 -0.0301308 -0.0310548 -0.0313458 -0.0310807 -0.0303093 -0.0290897 -0.0274845 -0.025607 -0.0235351 -0.0213547 -0.019138 -0.0169313 -0.0147989 -0.0127915 -0.0109627 -0.00928739 -0.00779479 -0.0065091 -0.00541453 -0.00446979 -0.00366583 -0.00302338 -0.00249927 -0.00206177 -0.00170424 -0.00144208 -0.00123954 -0.00107786 -0.00095824 -0.000880623 -0.000827849 -0.000780341 -0.000756689 -0.0007417 -0.000736264 -0.00072399 
0 1.12586e-05 3.18627e-05 5.97357e-05 7.71796e-05 0.000111873 0.00016371 0.000232588 0.000319512 0.000439508 0.000609605 0.00082565 0.00110737 0.0014598 0.00190315 0.00245715 0.00313553 0.00395364 0.00493007 0.00610453 0.00748074 0.00904983 0.0108357 0.0128462 0.0150467 0.017384 0.019841 0.0223983 0.0249688 0.0274846 0.0298731 0.0320533 0.033926 0.035388 0.0363604 0.0367601 0.0365658 0.0357437 0.0342563 0.0321144 0.0293724 0.0260826 0.022298 0.0181118 0.0136421 0.00901047 0.00435479 -0.000208936 -0.00460126 -0.00870288 -0.0124139 -0.0156607 -0.0184167 -0.0206516 -0.0223693 -0.0235774 -0.0242729 -0.0245073 -0.0243453 -0.0238283 -0.0230116 -0.0219456 -0.0206615 -0.0192164 -0.0176363 -0.015938 -0.0140976 -0.0121185 -0.00999798 -0.00775331 -0.00543901 -0.0031175 -0.000849685 0.00123015 0.00300382 0.00432401 0.00502928 0.00503854 0.004323 0.00291183 0.000929092 -0.00146767 -0.00409432 -0.00673834 -0.00922805 -0.0113983 -0.0131111 -0.0142777 -0.0148791 -0.0149295 -0.0144962 -0.0136754 -0.0125927 -0.011354 -0.0100791 -0.00885323 -0.00774834 -0.00681114 -0.00608856 -0.00559907 -0.00536586 -0.0053848 -0.0056619 -0.00617317 -0.00690192 -0.00780919 -0.00883999 -0.00990836 -0.0109353 -0.0118017 -0.0123981 -0.0126135 -0.0123553 -0.0115392 -0.0101472 -0.00820205 -0.00576667 -0.00295131 7.0536e-05 0.00312985 0.00603145 0.00860159 0.0107206 0.0122903 0.0132897 0.0137894 0.0138734 0.0136816 0.0133781 0.0130674 0.0128728 0.0128747 0.0131117 0.0136128 0.0143744 0.0153359 0.0164495 0.0176473 0.0188887 0.0201292 0.0213464 0.0224752 0.0234343 0.0241614 0.0245895 0.0246564 0.0243283 0.023536 0.0222141 0.0203483 0.0179342 0.0149934 0.0115549 0.0076786 0.00341667 -0.00111457 -0.00578107 -0.0104776 -0.0150879 -0.0194743 -0.0235137 -0.0270952 -0.0301344 -0.0325794 -0.0344019 -0.0355645 -0.0360417 -0.0358966 -0.0351751 -0.0339326 -0.0322432 -0.0302107 -0.0279437 -0.0255222 -0.023036 -0.0205384 -0.0180904 -0.0157679 -0.0136062 -0.0116142 -0.00981277 -0.00823779 -0.00688362 -0.00570556 -0.00470801 -0.0038922 -0.00322523 -0.0026674 -0.00221007 -0.00186488 -0.00159444 -0.0013813 -0.00121973 -0.00110964 -0.00103067 -0.000965789 -0.000928168 -0.000903782 -0.000890798 -0.00087529 
0 1.7069e-05 4.44892e-05 8.17588e-05 0.000114096 0.000163367 0.000232588 0.000325287 0.000448425 0.000612971 0.000838425 0.00112152 0.00148259 0.001933 0.00249408 0.00319094 0.0040337 0.00504839 0.00625148 0.00768035 0.00933569 0.0112046 0.013303 0.0156184 0.0181194 0.0207454 0.023472 0.0262646 0.0290354 0.0317063 0.0341932 0.0364124 0.0382645 0.0396536 0.0405013 0.0407457 0.0403548 0.0393042 0.0375607 0.0351419 0.0321124 0.0285299 0.0244704 0.0200192 0.015293 0.0104079 0.00548613 0.000637336 -0.00404848 -0.00845985 -0.0124879 -0.0160631 -0.0191549 -0.0217328 -0.0237991 -0.0253391 -0.0263503 -0.0268656 -0.0269371 -0.0266087 -0.0259327 -0.0249503 -0.0237031 -0.0222364 -0.0205779 -0.0187433 -0.0167129 -0.0144874 -0.0120708 -0.00948945 -0.00680277 -0.00409388 -0.00144946 0.000978636 0.0030412 0.00456972 0.00539887 0.00542691 0.00462945 0.00304129 0.00079199 -0.00194154 -0.00494882 -0.00799349 -0.0108571 -0.0133497 -0.0153102 -0.0166379 -0.0173129 -0.0173602 -0.0168536 -0.0159106 -0.0146677 -0.0132442 -0.0117682 -0.0103443 -0.00905414 -0.00795879 -0.00711463 -0.00654707 -0.00627504 -0.00630195 -0.00662665 -0.00722077 -0.00805978 -0.00910062 -0.0102774 -0.011502 -0.0126825 -0.0136855 -0.014375 -0.0146242 -0.0143174 -0.0133607 -0.0117333 -0.0094657 -0.00663469 -0.00337959 0.000114945 0.00365467 0.00702681 0.0100368 0.0125386 0.0144166 0.0156471 0.0162901 0.0164515 0.0162904 0.0159905 0.0156838 0.0155054 0.0155411 0.0158377 0.01642 0.0172777 0.0183447 0.0195596 0.0208425 0.0221359 0.023397 0.0245869 0.0256443 0.0264899 0.027052 0.0272649 0.0270776 0.0264485 0.0253335 0.0236755 0.0214663 0.0187091 0.0154225 0.0116437 0.0074297 0.00284652 -0.0019856 -0.00693948 -0.011913 -0.0167939 -0.0214672 -0.0258014 -0.0296877 -0.03303 -0.0357659 -0.0378586 -0.039263 -0.0399616 -0.039997 -0.039413 -0.0382561 -0.0365981 -0.0345331 -0.0321755 -0.0296115 -0.0269351 -0.0242116 -0.0215073 -0.0189062 -0.0164439 -0.0141493 -0.012048 -0.010182 -0.008554 -0.00713104 -0.00591798 -0.00490848 -0.00407624 -0.00338066 -0.00281083 -0.00236605 -0.00201444 -0.00173556 -0.00152009 -0.00136688 -0.00125454 -0.00116812 -0.00111127 -0.00107424 -0.00105108 -0.00103218 
0 2.35394e-05 6.01728e-05 0.000101577 0.00015568 0.000221424 0.000319512 0.000448425 0.000616959 0.000843857 0.00113161 0.00150491 0.00196096 0.00253179 0.00323652 0.00409119 0.00512999 0.00635215 0.00780634 0.00949731 0.0114293 0.0135977 0.0159775 0.0185777 0.021331 0.0242029 0.0271457 0.0300977 0.0329906 0.0357105 0.0381875 0.0403275 0.0420437 0.0432562 0.0438932 0.0439085 0.0432799 0.041974 0.0399856 0.0373409 0.0340938 0.0303382 0.0261251 0.0215584 0.0167264 0.011739 0.00671014 0.00173133 -0.00310022 -0.00768108 -0.0119172 -0.0157434 -0.019108 -0.0220081 -0.0243978 -0.026277 -0.0276305 -0.0284794 -0.0288665 -0.0288309 -0.0283947 -0.0276014 -0.0264746 -0.0250531 -0.0233873 -0.0214676 -0.0193105 -0.0168972 -0.0142333 -0.0113527 -0.00833153 -0.00524395 -0.00224702 0.000522845 0.00286879 0.00460078 0.00555446 0.00562476 0.00475006 0.00299847 0.000501261 -0.00254629 -0.00590753 -0.00932489 -0.0125394 -0.0153138 -0.0174922 -0.0189856 -0.0197316 -0.0197667 -0.0191982 -0.0181432 -0.0167269 -0.015123 -0.0134523 -0.0118258 -0.010351 -0.00911763 -0.00815208 -0.00750378 -0.00719381 -0.00722406 -0.00757772 -0.00826035 -0.00921364 -0.01038 -0.0116994 -0.0130863 -0.0143976 -0.0155207 -0.0163021 -0.0165722 -0.0162023 -0.0151248 -0.0132784 -0.0106872 -0.00746647 -0.00377668 0.000189322 0.00420871 0.00805598 0.0115125 0.0143902 0.0165963 0.0180804 0.0188888 0.019154 0.0190596 0.0187788 0.0185105 0.0183616 0.0184376 0.0187865 0.0194234 0.0203221 0.0214474 0.022696 0.0240085 0.0253002 0.0265104 0.027594 0.0284811 0.029101 0.0293947 0.0293035 0.0287828 0.0278111 0.0263272 0.024322 0.0217734 0.0187049 0.0151423 0.0111249 0.0066948 0.00193958 -0.00304597 -0.00813758 -0.0132285 -0.0182384 -0.0230401 -0.0275405 -0.0316131 -0.0351683 -0.0381389 -0.040467 -0.0421107 -0.0430587 -0.0433256 -0.0429586 -0.041992 -0.0404765 -0.0385113 -0.0361709 -0.0335762 -0.0307972 -0.0279195 -0.0250313 -0.0221909 -0.0194758 -0.016898 -0.014515 -0.0123631 -0.0104479 -0.0087731 -0.00731876 -0.00609714 -0.00507478 -0.00422152 -0.0035241 -0.00295988 -0.00251295 -0.00215256 -0.00187119 -0.00166244 -0.00150669 -0.00139193 -0.00130987 -0.00125577 -0.00122019 -0.00119718 
0 3.91938e-05 8.23846e-05 0.000140812 0.000210722 0.000308936 0.000439508 0.000612971 0.000843857 0.00113137 0.00150943 0.00197384 0.00255371 0.00326479 0.00412781 0.00518275 0.00642225 0.00789933 0.00960858 0.0115763 0.0137913 0.0162282 0.0188916 0.0217176 0.0246942 0.0277457 0.030824 0.0338551 0.036747 0.0394137 0.0417575 0.0437081 0.0451906 0.0461416 0.0464915 0.0462362 0.0453205 0.0437621 0.0415509 0.0387266 0.0353699 0.0315217 0.0272957 0.0227304 0.0179287 0.0129901 0.00800087 0.00304674 -0.00177424 -0.00640296 -0.0107361 -0.0147239 -0.0183199 -0.0214718 -0.0241793 -0.026379 -0.0280922 -0.0293212 -0.0300851 -0.0304059 -0.0303069 -0.0297714 -0.0288559 -0.0275792 -0.0259744 -0.0240674 -0.0218484 -0.0193035 -0.0164483 -0.0133233 -0.00999086 -0.00659203 -0.00325922 -0.000181763 0.00243502 0.00437914 0.00547478 0.00556339 0.00464315 0.00274455 5.48354e-06 -0.00334634 -0.00702442 -0.0107561 -0.0142544 -0.0173116 -0.01971 -0.0213233 -0.0221398 -0.0221997 -0.0215541 -0.0203629 -0.018794 -0.016993 -0.015114 -0.0133194 -0.0116866 -0.0102877 -0.00921009 -0.00849007 -0.00812682 -0.00815611 -0.00856086 -0.00929602 -0.0103421 -0.0116574 -0.0131276 -0.0146516 -0.0161121 -0.0173415 -0.0181615 -0.0184496 -0.0180426 -0.0168144 -0.0147438 -0.0118803 -0.0082929 -0.00416411 0.000293971 0.00480759 0.00912306 0.0130145 0.0163004 0.0188229 0.0205714 0.0215817 0.0219952 0.02199 0.0217795 0.0215366 0.0214271 0.0215307 0.0219073 0.0225662 0.0234829 0.0245913 0.0258246 0.0270857 0.0282857 0.0293758 0.0302585 0.0308876 0.0312007 0.0311367 0.0306629 0.0297719 0.028397 0.0265534 0.0241907 0.021326 0.0179927 0.0142153 0.0100507 0.00553314 0.000730971 -0.00425729 -0.00934079 -0.0144277 -0.0194059 -0.0242266 -0.0287466 -0.0328978 -0.0365798 -0.039717 -0.042259 -0.0441383 -0.0453557 -0.0459008 -0.0458083 -0.0451038 -0.0438389 -0.0420576 -0.0398637 -0.0373265 -0.0345438 -0.0316053 -0.0285883 -0.0255964 -0.0226569 -0.0198542 -0.0172123 -0.0147843 -0.0125955 -0.0106435 -0.0089475 -0.00748159 -0.00625069 -0.00521741 -0.00436516 -0.00366829 -0.00310221 -0.00265017 -0.00228954 -0.0020138 -0.00180435 -0.00165019 -0.0015353 -0.00145728 -0.00140374 -0.00137267 
0 5.84189e-05 0.000125145 0.000193595 0.000303547 0.000430539 0.000609605 0.000838425 0.00113161 0.00150943 0.00196804 0.00255848 0.00326772 0.00414231 0.00519986 0.00645975 0.00795917 0.00968725 0.0116888 0.0139307 0.0164097 0.0191177 0.0219993 0.0250374 0.0281555 0.0313204 0.0344484 0.0374387 0.0402356 0.0427227 0.0448357 0.0465018 0.0476669 0.0482861 0.0483057 0.0477234 0.0465269 0.0447127 0.0423226 0.0394011 0.0359904 0.0321753 0.0280061 0.0235605 0.018904 0.0141324 0.00932393 0.00453535 -0.000156602 -0.00469812 -0.00903025 -0.0131008 -0.0168315 -0.0202173 -0.0231847 -0.0257109 -0.0277906 -0.0294087 -0.0305685 -0.0312877 -0.0315462 -0.0313584 -0.0307383 -0.0296966 -0.0282771 -0.0264496 -0.0242452 -0.0216356 -0.0186401 -0.0153213 -0.0117682 -0.00808185 -0.00447837 -0.00111069 0.001761 0.00389461 0.0051063 0.00524957 0.00425097 0.00220807 -0.000724119 -0.00430916 -0.00826255 -0.012291 -0.0160789 -0.0193526 -0.02193 -0.0237041 -0.0245801 -0.0245993 -0.0238878 -0.0225852 -0.020837 -0.0188678 -0.0168127 -0.0148131 -0.0130015 -0.0114872 -0.0102952 -0.00948907 -0.00908722 -0.00910507 -0.00951639 -0.0103396 -0.0115003 -0.0129202 -0.0145213 -0.0162039 -0.0177735 -0.0191029 -0.0200054 -0.020279 -0.0197759 -0.0184314 -0.0161617 -0.012986 -0.00903147 -0.00448975 0.000419802 0.00541778 0.0102335 0.0145953 0.0182629 0.0211415 0.0231787 0.0244066 0.0249895 0.0251211 0.0249735 0.0247945 0.0246928 0.0247918 0.0251628 0.0258057 0.026678 0.0277466 0.0288762 0.0300049 0.0310259 0.0318695 0.0324677 0.0327557 0.0326874 0.0322207 0.031331 0.0300154 0.028255 0.0260215 0.02334 0.0201939 0.0166394 0.0127231 0.00849582 0.00398726 -0.000722655 -0.00558761 -0.0105328 -0.0154665 -0.0203259 -0.0250185 -0.0294725 -0.0335915 -0.0373086 -0.04056 -0.0432662 -0.0453781 -0.0468794 -0.0477296 -0.0479589 -0.047582 -0.046623 -0.0451381 -0.0431627 -0.0408036 -0.0381116 -0.0351925 -0.0321534 -0.029047 -0.0259742 -0.0229754 -0.0201231 -0.0174519 -0.0149853 -0.0127793 -0.0108107 -0.00909958 -0.00762976 -0.00638888 -0.00536155 -0.00449866 -0.00380467 -0.00323792 -0.00278896 -0.00243376 -0.00215672 -0.00195441 -0.00179477 -0.00168725 -0.00160791 -0.00156341 
0 8.46827e-05 0.000168715 0.000271792 0.000414099 0.000595073 0.00082565 0.00112152 0.00150491 0.00197384 0.00255848 0.00327864 0.00415861 0.0052211 0.0064862 0.00799507 0.00973853 0.0117523 0.014019 0.0165263 0.0192551 0.0221771 0.0252671 0.0284363 0.0316546 0.0348467 0.0379269 0.0407923 0.0433748 0.0455999 0.0473907 0.0486976 0.0494848 0.0497232 0.0493656 0.0484539 0.0469548 0.0449226 0.0423928 0.0394154 0.0360459 0.032309 0.0283106 0.0240727 0.0196718 0.0151854 0.0106575 0.00612531 0.00166213 -0.00272018 -0.00695302 -0.0109988 -0.0147979 -0.0183058 -0.021504 -0.0243131 -0.0267437 -0.0287532 -0.0303168 -0.0314322 -0.0321016 -0.0322876 -0.0320308 -0.0313136 -0.0301381 -0.028495 -0.0263852 -0.0237864 -0.020735 -0.0173004 -0.0135563 -0.00966973 -0.00582616 -0.00223508 0.000837083 0.00312755 0.00444244 0.00459245 0.00357115 0.00142962 -0.00167932 -0.00549593 -0.00968826 -0.0139586 -0.0179735 -0.0214823 -0.024232 -0.0260817 -0.0269937 -0.027017 -0.0262186 -0.0247804 -0.0228911 -0.0207394 -0.0184902 -0.0163363 -0.0143703 -0.0126824 -0.0113718 -0.010493 -0.0100402 -0.0100629 -0.0105273 -0.0113903 -0.0126223 -0.01417 -0.0158993 -0.0176977 -0.0194009 -0.0208222 -0.0217487 -0.0220281 -0.0214745 -0.0199627 -0.0174535 -0.0140057 -0.00970187 -0.00474438 0.000636873 0.00611413 0.0113941 0.0162054 0.0203193 0.0235625 0.025917 0.0274033 0.0281859 0.0284472 0.0283927 0.0282321 0.0281366 0.0282038 0.0285221 0.0290947 0.0298776 0.0308026 0.0317641 0.0326588 0.0333906 0.0339149 0.0341345 0.0340245 0.0335398 0.0326338 0.0312975 0.0295574 0.0273682 0.0247869 0.0218052 0.0184463 0.0147604 0.0107823 0.00657641 0.00216838 -0.00237649 -0.0070148 -0.0117127 -0.0164054 -0.0210082 -0.0255014 -0.0297664 -0.0337684 -0.03744 -0.0407201 -0.0435519 -0.0458634 -0.0476444 -0.0488215 -0.0494008 -0.0493874 -0.0488038 -0.0476608 -0.0460171 -0.0439182 -0.0414308 -0.038648 -0.0356565 -0.0325482 -0.0293776 -0.0262593 -0.0232311 -0.0203419 -0.0176352 -0.0151584 -0.0129365 -0.0109522 -0.00923278 -0.00776201 -0.00652414 -0.00548236 -0.00462693 -0.00393465 -0.00337453 -0.00292484 -0.00256893 -0.00230147 -0.00209333 -0.00194587 -0.00183947 -0.00177718 
0 0.000116777 0.000238283 0.000375986 0.000575782 0.000809893 0.00110737 0.00148259 0.00196096 0.00255371 0.00326772 0.00415861 0.00522674 0.00650833 0.00801949 0.00978234 0.0118077 0.014087 0.0166236 0.0193694 0.0223067 0.0254123 0.0286252 0.031874 0.0350914 0.0382215 0.0411595 0.043798 0.0460943 0.0479789 0.0493912 0.0502888 0.0506516 0.0504697 0.0497249 0.0484644 0.0467002 0.0444764 0.0418599 0.0388963 0.0356117 0.0320492 0.0282805 0.0243423 0.0202788 0.0161443 0.0119619 0.00775239 0.00356963 -0.000565065 -0.00461889 -0.00855864 -0.0123241 -0.0159048 -0.019249 -0.0222937 -0.0250242 -0.0273803 -0.0293228 -0.030848 -0.0319305 -0.0325476 -0.0326963 -0.0323446 -0.0314827 -0.0300734 -0.028131 -0.0256338 -0.0226108 -0.0191417 -0.0153148 -0.0112824 -0.00728173 -0.00352404 -0.000306307 0.00209201 0.00347076 0.00365303 0.00258307 0.000344219 -0.00289942 -0.00689017 -0.0113027 -0.0158036 -0.0200326 -0.0236926 -0.0265581 -0.0284977 -0.0294311 -0.0294042 -0.028538 -0.0269939 -0.0249495 -0.022633 -0.0202074 -0.017852 -0.0157116 -0.0138994 -0.0124801 -0.0115158 -0.0110213 -0.011026 -0.0115025 -0.0124402 -0.0137744 -0.0154132 -0.0172489 -0.0191623 -0.020951 -0.0224459 -0.0234313 -0.0236907 -0.0230478 -0.0214028 -0.0186815 -0.0149192 -0.0102431 -0.00487161 0.000943372 0.00688485 0.0126491 0.0179314 0.0224666 0.0261113 0.028807 0.0305673 0.031557 0.0319653 0.0319851 0.0318621 0.0317385 0.0317345 0.0319428 0.0323607 0.0329464 0.0336491 0.0343385 0.034926 0.0353109 0.0354319 0.0352229 0.0346545 0.0337055 0.0323436 0.0305657 0.0283992 0.0258346 0.02292 0.0197036 0.0161975 0.0124537 0.00850884 0.00440335 0.000168062 -0.00413268 -0.00847956 -0.0128555 -0.0172096 -0.0214979 -0.0256876 -0.0297096 -0.033518 -0.0370709 -0.04032 -0.0432007 -0.0456699 -0.0476993 -0.0491997 -0.0501512 -0.0505414 -0.0503698 -0.0496441 -0.0483853 -0.0466416 -0.0444466 -0.0418854 -0.039048 -0.0359927 -0.0328175 -0.0296221 -0.0264763 -0.0234191 -0.0204967 -0.0177925 -0.0153112 -0.0130684 -0.0110823 -0.0093626 -0.00789658 -0.00664022 -0.00560587 -0.00475349 -0.00406295 -0.00349934 -0.00304775 -0.0027063 -0.00243583 -0.00224546 -0.00210459 -0.0020226 
0 0.000159354 0.00032394 0.000514695 0.000775794 0.00108255 0.0014598 0.001933 0.00253179 0.00326479 0.00414231 0.0052211 0.00650833 0.00803235 0.00980438 0.0118373 0.0141326 0.0166742 0.0194518 0.0224113 0.0255255 0.0287617 0.032047 0.035294 0.038431 0.0413993 0.0440928 0.0464143 0.0483358 0.0498107 0.0507869 0.0512314 0.0511446 0.0505374 0.0494191 0.0478515 0.0458622 0.0435032 0.0408458 0.0379345 0.0347894 0.0314481 0.0279778 0.0244009 0.0207347 0.017005 0.013214 0.00937305 0.00552884 0.00169469 -0.00211501 -0.00587914 -0.00955068 -0.013118 -0.0165325 -0.0197303 -0.0226884 -0.0253424 -0.027639 -0.0295574 -0.0310603 -0.0321043 -0.032668 -0.0327086 -0.0321979 -0.0310969 -0.0294076 -0.0271012 -0.0242008 -0.0207831 -0.0169451 -0.0128629 -0.00878783 -0.00495512 -0.00166867 0.0007851 0.00219392 0.00237595 0.0012723 -0.00104967 -0.00442906 -0.00859162 -0.013184 -0.0178535 -0.0222371 -0.0260276 -0.0289816 -0.0309615 -0.0319008 -0.0318434 -0.0308984 -0.0292307 -0.0270347 -0.0245416 -0.021935 -0.0194095 -0.0171086 -0.0151456 -0.0136073 -0.0125601 -0.0120201 -0.0120175 -0.012521 -0.0135033 -0.0149081 -0.0166442 -0.0185862 -0.0205977 -0.0224716 -0.0240179 -0.0250153 -0.025249 -0.024529 -0.0227317 -0.0197853 -0.0157338 -0.0107031 -0.00491204 0.00136383 0.00777883 0.0140084 0.0197434 0.0247158 0.0287616 0.0318098 0.0338658 0.0350774 0.0356258 0.0357105 0.0355783 0.0353902 0.0352688 0.0353052 0.0354962 0.0358005 0.0361715 0.036497 0.0366918 0.036665 0.0363499 0.0356797 0.0346354 0.0332091 0.0313881 0.0291865 0.026638 0.0237461 0.0205748 0.0171859 0.0136048 0.00987845 0.00603476 0.00209886 -0.00190383 -0.00591735 -0.00992999 -0.0139377 -0.017905 -0.0218083 -0.0256393 -0.029353 -0.032922 -0.0363146 -0.0394835 -0.0423706 -0.0449442 -0.0471752 -0.0489671 -0.0502746 -0.0510679 -0.0513256 -0.0510384 -0.0502134 -0.048878 -0.0470543 -0.0448103 -0.042218 -0.0393237 -0.0362242 -0.033033 -0.0298267 -0.0266485 -0.0235575 -0.0206456 -0.0179301 -0.0154303 -0.0131775 -0.0111981 -0.00948467 -0.00800133 -0.00676019 -0.00572827 -0.00488252 -0.00418774 -0.00362723 -0.00319374 -0.00285101 -0.0026017 -0.0024188 -0.00230765 
0 0.000218613 0.000438802 0.000701255 0.00103142 0.00142982 0.00190315 0.00249408 0.00323652 0.00412781 0.00519986 0.0064862 0.00801949 0.00980438 0.0118456 0.0141551 0.0167059 0.0194981 0.0224834 0.0256213 0.0288672 0.0321671 0.0354538 0.0386058 0.0415725 0.044281 0.0466395 0.0485718 0.050053 0.0510688 0.0515703 0.05154 0.0510018 0.0499909 0.0485394 0.0467236 0.0445646 0.042131 0.0394831 0.0366658 0.0337087 0.030624 0.0274875 0.0242906 0.0210354 0.0177255 0.0143506 0.0109163 0.00746069 0.00397237 0.000453046 -0.0030867 -0.00661792 -0.0101001 -0.0135112 -0.0167786 -0.0198837 -0.0227642 -0.0253551 -0.02761 -0.0294941 -0.0309334 -0.0319038 -0.0323535 -0.0322244 -0.0314853 -0.030107 -0.0280585 -0.0253605 -0.0220866 -0.0183325 -0.0143081 -0.010247 -0.00642499 -0.00314486 -0.000701936 0.000679662 0.000802364 -0.000370363 -0.00278958 -0.00628447 -0.0105747 -0.0152987 -0.0200986 -0.0245983 -0.0284916 -0.0315171 -0.0335182 -0.0344434 -0.0343338 -0.0332856 -0.0314834 -0.0291449 -0.0264802 -0.023694 -0.0209987 -0.0185369 -0.0164216 -0.0147712 -0.0136412 -0.0130462 -0.0130229 -0.0135501 -0.0145699 -0.0160366 -0.0178591 -0.0198903 -0.0219783 -0.0239324 -0.0255241 -0.0265157 -0.0267 -0.0258777 -0.023905 -0.0207271 -0.01639 -0.0110116 -0.00482069 0.00189859 0.00878691 0.0154952 0.0216955 0.0271169 0.0315563 0.0349491 0.0372934 0.0387174 0.0393902 0.0395261 0.0393416 0.0390367 0.0387275 0.0385117 0.0383942 0.0383397 0.0382915 0.038177 0.0379036 0.0374031 0.0366141 0.0354602 0.033939 0.0320483 0.0297956 0.0272173 0.0243561 0.0212136 0.0178764 0.0143847 0.0107901 0.00713143 0.0034332 -0.000281899 -0.00399627 -0.00767458 -0.0113106 -0.0149163 -0.0184726 -0.0219575 -0.0254021 -0.0287673 -0.0320647 -0.0352643 -0.0383141 -0.0411679 -0.0437915 -0.0461646 -0.0481954 -0.0498208 -0.0509976 -0.0516874 -0.051851 -0.0514939 -0.0506043 -0.0492092 -0.0473562 -0.0450886 -0.0424564 -0.0395209 -0.0364217 -0.0332225 -0.0299803 -0.026775 -0.0236886 -0.0207728 -0.0180322 -0.0155233 -0.0132805 -0.0113051 -0.00958203 -0.00810929 -0.0068771 -0.00585236 -0.00500817 -0.00432363 -0.00378024 -0.0033529 -0.00302932 -0.00279527 -0.00264585 
0 0.000292592 0.000596795 0.000933621 0.00136295 0.0018592 0.00245715 0.00319094 0.00409119 0.00518275 0.00645975 0.00799507 0.00978234 0.0118373 0.0141551 0.0167129 0.0195207 0.0225125 0.0256776 0.0289378 0.0322442 0.0355462 0.0387262 0.0417103 0.0444067 0.0467792 0.0487401 0.0502257 0.0512354 0.0517587 0.0517702 0.0512729 0.050309 0.0489347 0.047218 0.0451936 0.0429338 0.0404615 0.0378663 0.0351925 0.0324398 0.029658 0.026852 0.024041 0.0211944 0.0183029 0.0153531 0.0123503 0.00928687 0.00617123 0.00296072 -0.000325226 -0.00364353 -0.0069885 -0.0103001 -0.0135619 -0.0167339 -0.0197581 -0.0225559 -0.0250843 -0.0272642 -0.0290664 -0.0304166 -0.0312605 -0.0315328 -0.0311671 -0.0301283 -0.0283947 -0.0259678 -0.0229181 -0.0193703 -0.0154888 -0.0115529 -0.00783269 -0.00464873 -0.00230245 -0.00104117 -0.0010134 -0.00231698 -0.00485562 -0.0084515 -0.0128317 -0.0176661 -0.0225607 -0.0271567 -0.0311032 -0.0341697 -0.0361921 -0.0370846 -0.036876 -0.0357269 -0.0337923 -0.0312832 -0.0284504 -0.0255057 -0.0226195 -0.0199901 -0.0177521 -0.015981 -0.0147482 -0.0141109 -0.0140561 -0.0145704 -0.0156352 -0.0171677 -0.0190401 -0.0211491 -0.0233189 -0.0253183 -0.0269298 -0.0279241 -0.0280259 -0.0270582 -0.0249052 -0.0214984 -0.016857 -0.0111382 -0.00455285 0.00258127 0.00992947 0.0171232 0.0238004 0.0296424 0.0344869 0.0382065 0.0408171 0.0424275 0.0432071 0.0433446 0.0430851 0.0425865 0.0420139 0.0414627 0.0409488 0.0404521 0.0399321 0.0393051 0.0385153 0.0375042 0.036198 0.034572 0.0325903 0.0302779 0.0276539 0.0247656 0.0216478 0.0183533 0.0149117 0.0114117 0.00787061 0.0043281 0.000823697 -0.00264409 -0.00604061 -0.00935201 -0.0125967 -0.0157924 -0.0189259 -0.0220141 -0.0250428 -0.0280567 -0.031042 -0.0340051 -0.036904 -0.0396689 -0.0423033 -0.0447554 -0.0469643 -0.0488547 -0.0503758 -0.0514703 -0.0520966 -0.052209 -0.051805 -0.0508763 -0.0494628 -0.0476048 -0.0452982 -0.0426413 -0.0397074 -0.0366016 -0.03337 -0.030098 -0.0269038 -0.0238078 -0.0208715 -0.0181196 -0.0156183 -0.0133806 -0.0113915 -0.00967659 -0.00820786 -0.0069831 -0.00596322 -0.00512957 -0.00446432 -0.0039325 -0.00353436 -0.0032414 -0.00305648 
0 0.000392634 0.000785838 0.00124126 0.0017644 0.00239957 0.00313553 0.0040337 0.00512999 0.00642225 0.00795917 0.00973853 0.0118077 0.0141326 0.0167059 0.0195207 0.0225256 0.0257085 0.0289819 0.0323062 0.035605 0.0387974 0.0418016 0.0445012 0.0468629 0.0488268 0.0503355 0.0513485 0.0518571 0.0518802 0.0514145 0.0504787 0.0491419 0.0474733 0.0455331 0.0433812 0.041044 0.0385983 0.0361007 0.0335934 0.0310966 0.0286016 0.0261395 0.0236948 0.0212439 0.0187653 0.0162367 0.0136397 0.010977 0.00820781 0.00532223 0.00233323 -0.000748344 -0.00386844 -0.00703238 -0.0102085 -0.0133589 -0.0164331 -0.0193526 -0.0220448 -0.0244798 -0.0265715 -0.0282654 -0.0294814 -0.0301122 -0.0301145 -0.0294276 -0.0280278 -0.0259352 -0.0231982 -0.0199175 -0.0163081 -0.0125937 -0.0090936 -0.00611851 -0.00396817 -0.0028875 -0.00305343 -0.00448936 -0.00715703 -0.0108885 -0.0153951 -0.0203123 -0.025279 -0.029922 -0.033916 -0.0369861 -0.0389564 -0.0397947 -0.039535 -0.0382595 -0.03617 -0.0335113 -0.0304857 -0.0273422 -0.0243073 -0.021525 -0.0191184 -0.0172294 -0.0159133 -0.0151967 -0.0151083 -0.0156389 -0.0167051 -0.0182594 -0.0202131 -0.0223878 -0.0245899 -0.0266332 -0.0282404 -0.0291572 -0.0291808 -0.028097 -0.025739 -0.022069 -0.0171363 -0.0110716 -0.00410101 0.00347526 0.0112722 0.0188971 0.0259976 0.0322768 0.0374805 0.0415141 0.0443719 0.0461407 0.0469768 0.0470917 0.0466663 0.0459288 0.0450159 0.044036 0.043047 0.0420411 0.040973 0.039816 0.0384844 0.0369424 0.035146 0.0330424 0.0306502 0.027975 0.0250503 0.0219307 0.0186523 0.015255 0.0118161 0.00836242 0.00495262 0.00159641 -0.00168954 -0.00487689 -0.00795192 -0.0109039 -0.0137555 -0.0165459 -0.019286 -0.0219704 -0.0246311 -0.0272728 -0.0299425 -0.0326408 -0.0353305 -0.0379849 -0.0405676 -0.0430559 -0.0453832 -0.0474761 -0.0492844 -0.0507483 -0.0517993 -0.052394 -0.0524723 -0.0520383 -0.0511079 -0.0496836 -0.0477969 -0.045467 -0.0428074 -0.0398721 -0.0367272 -0.0334815 -0.0302119 -0.0270145 -0.0239012 -0.0209496 -0.0182095 -0.0157023 -0.0134599 -0.0114676 -0.00975923 -0.00829979 -0.00708084 -0.00607949 -0.00526089 -0.00462476 -0.00412895 -0.00378171 -0.00355459 
0 0.000502488 0.00102401 0.00159409 0.00226223 0.00303894 0.00395364 0.00504839 0.00635215 0.00789933 0.00968725 0.0117523 0.014087 0.0166742 0.0194981 0.0225125 0.0257085 0.0290029 0.0323467 0.0356573 0.0388552 0.0418699 0.0445819 0.0469412 0.0488858 0.0503904 0.0514092 0.051914 0.0519161 0.0514474 0.0505307 0.0492174 0.0475721 0.0456655 0.0435841 0.0413337 0.0390067 0.0366298 0.034284 0.0319943 0.0297408 0.0275535 0.0253991 0.0233011 0.0212207 0.0191223 0.0169745 0.0147696 0.0124627 0.0100569 0.00750574 0.00482749 0.00203816 -0.000853886 -0.00381151 -0.00684672 -0.00989907 -0.0129263 -0.0158548 -0.0186464 -0.0212224 -0.023552 -0.0255207 -0.0270378 -0.0279995 -0.0283384 -0.0279875 -0.0269478 -0.0252111 -0.0228198 -0.0199097 -0.0166376 -0.0132686 -0.0101054 -0.00745305 -0.0055949 -0.00479206 -0.00516839 -0.00683008 -0.00968731 -0.0135622 -0.0181802 -0.0232203 -0.0282597 -0.0329389 -0.036906 -0.0399485 -0.0418853 -0.0426502 -0.0422617 -0.0408799 -0.0386607 -0.0358289 -0.0326261 -0.0293107 -0.0260545 -0.0230865 -0.0205585 -0.0185453 -0.0171114 -0.0163407 -0.0161948 -0.0166866 -0.0177883 -0.0193968 -0.0213634 -0.0235697 -0.0257955 -0.0278193 -0.0293894 -0.0302699 -0.0301745 -0.0289172 -0.0263625 -0.0224579 -0.0172036 -0.010774 -0.00339821 0.00456456 0.012772 0.0208207 0.0283259 0.0349464 0.0404931 0.0447992 0.0478704 0.0497572 0.0506089 0.0506149 0.0499914 0.04892 0.0475988 0.0461338 0.0445986 0.0430237 0.0413843 0.0396553 0.0377892 0.0357454 0.0334631 0.03095 0.0281842 0.0252183 0.0220855 0.0188338 0.0154769 0.0120904 0.00868957 0.00535945 0.00212287 -0.00101327 -0.00402713 -0.00692777 -0.00967418 -0.0122754 -0.0147581 -0.0171633 -0.0195165 -0.0218521 -0.0241456 -0.0264721 -0.0288288 -0.0312489 -0.0337206 -0.0362022 -0.0387081 -0.041171 -0.0435627 -0.0457979 -0.0478254 -0.049591 -0.0510298 -0.0520579 -0.0526219 -0.0526838 -0.0522462 -0.0513088 -0.049858 -0.0479518 -0.0456197 -0.0429509 -0.0399874 -0.0368259 -0.0335772 -0.0303018 -0.0270835 -0.0239598 -0.0210115 -0.0182706 -0.0157646 -0.0135212 -0.0115461 -0.00985062 -0.00841 -0.00721152 -0.00623305 -0.00545563 -0.00486239 -0.00443277 -0.00415693 
0 0.000638464 0.00129649 0.00203084 0.00284776 0.00381413 0.00493007 0.00625148 0.00780634 0.00960858 0.0116888 0.014019 0.0166236 0.0194518 0.0224834 0.0256776 0.0289819 0.0323467 0.035666 0.0388799 0.0418949 0.0446304 0.0470003 0.0489472 0.0504453 0.0514568 0.0519608 0.0519533 0.0514577 0.0505237 0.0492121 0.0475764 0.0456879 0.0436165 0.0414355 0.0391786 0.0369018 0.0346652 0.0325062 0.0304319 0.028433 0.0265131 0.0246554 0.0228727 0.0211254 0.0193664 0.0175628 0.0156942 0.0137426 0.0116727 0.00946455 0.00711641 0.00461523 0.00199995 -0.00072094 -0.00355369 -0.00643685 -0.00934586 -0.0122224 -0.0150075 -0.0176563 -0.0200964 -0.022236 -0.0239734 -0.025195 -0.025841 -0.0258288 -0.0251381 -0.0237747 -0.0217639 -0.0192374 -0.0163886 -0.013448 -0.0107248 -0.00850566 -0.00705406 -0.00661556 -0.00732979 -0.00925039 -0.0123326 -0.0164146 -0.021199 -0.0263295 -0.0314295 -0.0361349 -0.0401102 -0.0431098 -0.0449591 -0.0456331 -0.0451606 -0.0436345 -0.0412528 -0.0382594 -0.0348674 -0.031355 -0.0279374 -0.0247881 -0.0220641 -0.0198969 -0.018359 -0.0175046 -0.0173262 -0.017817 -0.0188965 -0.0204814 -0.0224709 -0.0246861 -0.0268983 -0.0289087 -0.0304233 -0.0311807 -0.0309592 -0.0295398 -0.0267542 -0.0225649 -0.0170063 -0.0102423 -0.0025104 0.00585536 0.0144524 0.0228536 0.0306926 0.037648 0.0434666 0.0480017 0.0512293 0.0531749 0.0539722 0.0538139 0.0528906 0.0514442 0.0496675 0.0476774 0.0455824 0.043414 0.0411639 0.0388545 0.0364447 0.0339135 0.0312267 0.0283596 0.0253248 0.0221535 0.0188944 0.0155932 0.0122521 0.00892949 0.00565504 0.00247554 -0.000550598 -0.00343075 -0.00616818 -0.00875351 -0.0111843 -0.0134612 -0.0156076 -0.0176645 -0.0196733 -0.0216646 -0.0236451 -0.0256646 -0.027745 -0.029903 -0.032133 -0.0344366 -0.0368019 -0.0391983 -0.0415889 -0.043897 -0.0460722 -0.0480658 -0.0498155 -0.0512353 -0.0522465 -0.0528028 -0.0528767 -0.0524341 -0.0514821 -0.0500247 -0.0481042 -0.0457689 -0.043066 -0.0400896 -0.0369102 -0.0336471 -0.0303568 -0.0271195 -0.024004 -0.0210497 -0.01832 -0.015814 -0.0135896 -0.0116358 -0.0099586 -0.00854903 -0.0073789 -0.00645866 -0.00573645 -0.00522383 -0.00488612 
