0 0 0 0 0 0 0 0 0 0 0 0 0 0 0 0 0 0 0 0 0 0 0 0 0 0 0 0 0 0 0 0 0 0 0 0 0 0 0 0 0 0 0 0 0 0 0 0 0 0 0 0 0 0 0 0 0 0 0 0 0 0 0 0 0 0 0 0 0 0 0 0 0 0 0 0 0 0 0 0 0 0 0 0 0 0 0 0 0 0 0 0 0 0 0 0 0 0 0 0 0 0 0 0 0 0 0 0 0 0 0 0 0 0 0 0 0 0 0 0 0 0 0 0 0 0 0 0 0 0 0 0 0 0 0 0 0 0 0 0 0 0 0 0 0 0 0 0 0 0 0 0 0 0 0 0 0 0 0 0 0 0 0 0 0 0 0 0 0 0 0 0 0 0 0 0 0 0 0 0 0 0 0 0 0 0 0 0 0 0 0 0 0 0 0 0 0 0 0 0 
0 4.12154e-06 9.30592e-06 8.15662e-06 1.34005e-05 1.48339e-05 1.80472e-05 2.22515e-05 2.10756e-05 2.44233e-05 2.10122e-05 2.43235e-05 2.41647e-05 2.6515e-05 3.64692e-05 3.7742e-05 4.49812e-05 5.13448e-05 7.50399e-05 9.9407e-05 0.000123227 0.000164107 0.00021476 0.000279274 0.000350656 0.000450588 0.000574495 0.00071942 0.000886095 0.00108986 0.00132921 0.00161354 0.00195114 0.00232881 0.00276483 0.00324019 0.00376742 0.00430518 0.00484416 0.00538182 0.00588145 0.00634023 0.00673283 0.00704749 0.00726585 0.00737446 0.00734821 0.00717198 0.00682068 0.00632391 0.0056751 0.00489691 0.00402598 0.00306736 0.00206458 0.00104594 4.40251e-05 -0.000917021 -0.00179496 -0.00256825 -0.00319734 -0.00367099 -0.00396851 -0.00410873 -0.004099 -0.00396059 -0.00371856 -0.00340245 -0.00304541 -0.00269032 -0.00238957 -0.00217059 -0.00206531 -0.00208048 -0.00219829 -0.00238756 -0.00263388 -0.00287559 -0.00309965 -0.0032818 -0.00339927 -0.00344635 -0.00342587 -0.00331072 -0.00313978 -0.00291586 -0.00264021 -0.00234026 -0.00205057 -0.00177184 -0.00151919 -0.00128387 -0.0010794 -0.000904457 -0.000752634 -0.000622995 -0.000518708 -0.000424214 -0.000352717 -0.000299824 -0.000264234 -0.000246804 -0.000241864 -0.000242282 -0.000263744 -0.00029694 -0.000351467 -0.00043234 -0.000536726 -0.000662276 -0.000815324 -0.000983891 -0.00117388 -0.00134769 -0.00149294 -0.00161722 -0.00169754 -0.00169376 -0.00161828 -0.00143211 -0.00112492 -0.000697871 -0.000152167 0.000496443 0.00119244 0.00192593 0.00264863 0.00333044 0.00395191 0.00450147 0.00495539 0.00532172 0.00559512 0.00577606 0.00587424 0.00589893 0.00584589 0.00571853 0.0055182 0.00521927 0.00482311 0.00430452 0.0036618 0.00289138 0.00201696 0.00105951 5.32463e-05 -0.000985863 -0.00201487 -0.00303128 -0.00399008 -0.00484994 -0.00560108 -0.00620032 -0.00664523 -0.00693296 -0.0070654 -0.00704991 -0.0069141 -0.00667073 -0.00634896 -0.00594018 -0.00548049 -0.00497956 -0.00445278 -0.00394077 -0.00343625 -0.00296257 -0.00252125 -0.00213527 -0.00179542 -0.00149689 -0.00124006 -0.00102569 -0.00084407 -0.000691092 -0.00056913 -0.000461597 -0.000383574 -0.000321219 -0.000279073 -0.000239547 -0.000209744 -0.000200583 -0.000187909 -0.000178135 -0.000165912 -0.000167402 -0.000167659 -0.000161839 -0.000163142 -0.000165675 -0.00016834 -0.000162032 -0.000161124 -0.00016603 -0.000167151 -0.000164747 -0.000160697 -0.000162231 
0 9.30592e-06 7.15091e-06 1.70473e-05 1.29904e-05 2.62932e-05 2.71676e-05 3.40237e-05 4.42174e-05 4.18109e-05 5.66226e-05 5.42955e-05 6.38512e-05 7.02106e-05 8.08366e-05 9.80902e-05 9.4955e-05 0.000119376 0.000152314 0.00019537 0.000246083 0.00031467 0.000430798 0.000554247 0.00070928 0.000915269 0.00116773 0.00147034 0.00181495 0.00223364 0.00272901 0.0033059 0.00398357 0.00474599 0.0055944 0.00654219 0.0075589 0.00861031 0.0096655 0.0107042 0.0116974 0.0125872 0.0133601 0.0139685 0.0143772 0.0145618 0.0144864 0.0141006 0.0134032 0.0124153 0.011142 0.00963843 0.00792792 0.00606904 0.00410569 0.00211158 0.000152841 -0.00171976 -0.00344681 -0.00494453 -0.00619281 -0.00712998 -0.00772355 -0.00802228 -0.00800958 -0.00773909 -0.00727158 -0.00665315 -0.00595874 -0.00530191 -0.00473007 -0.0043423 -0.00416125 -0.00420018 -0.004428 -0.00480975 -0.00527229 -0.00576426 -0.00622547 -0.00660717 -0.00685143 -0.00694644 -0.00687874 -0.00665167 -0.00629192 -0.00580889 -0.00526436 -0.00470746 -0.00412679 -0.0035495 -0.00304132 -0.00257367 -0.00216236 -0.00180918 -0.00149931 -0.00123246 -0.00102528 -0.000843924 -0.0007151 -0.000612167 -0.000529899 -0.000478259 -0.000463948 -0.000467283 -0.000520362 -0.00059242 -0.000702766 -0.000861782 -0.00106412 -0.0013155 -0.00163408 -0.0019564 -0.00229457 -0.00265112 -0.00297852 -0.00322918 -0.0033781 -0.00338116 -0.00320807 -0.00281289 -0.00217862 -0.00131694 -0.000233645 0.00102636 0.00241891 0.00387251 0.00532238 0.00670137 0.00796022 0.00904286 0.0099491 0.0106388 0.0111505 0.011483 0.0116493 0.0116734 0.0115585 0.0112739 0.0108539 0.0102441 0.00942869 0.00840711 0.00713341 0.00562113 0.00390767 0.0020276 3.68431e-05 -0.00199332 -0.00403016 -0.00600806 -0.00787643 -0.0095552 -0.0110097 -0.0121923 -0.0130784 -0.0136639 -0.0139542 -0.0139532 -0.0136966 -0.0132453 -0.0126022 -0.0118117 -0.0109058 -0.0099162 -0.00889252 -0.00787358 -0.00688814 -0.00594922 -0.00507667 -0.00431208 -0.00363739 -0.00303829 -0.00253227 -0.0020943 -0.00173318 -0.00142632 -0.00117033 -0.0009659 -0.000789149 -0.000672543 -0.000574426 -0.000489093 -0.000433206 -0.000395674 -0.00038364 -0.0003505 -0.000335381 -0.000337594 -0.000331843 -0.000329542 -0.000318172 -0.000332492 -0.00033047 -0.000320907 -0.000321824 -0.000323016 -0.000333241 -0.000321262 -0.000323415 -0.000325552 
0 8.15662e-06 1.70473e-05 1.67424e-05 3.11109e-05 3.62666e-05 4.25177e-05 5.22117e-05 5.46243e-05 7.02195e-05 7.36093e-05 8.84598e-05 9.36874e-05 0.000103399 0.000132372 0.000145217 0.000170123 0.000194591 0.000256236 0.000320567 0.000389622 0.000510217 0.000671097 0.000875136 0.00110896 0.00142477 0.00181653 0.00227969 0.00281748 0.00346816 0.00422654 0.00511033 0.00613446 0.00726394 0.0085357 0.00990721 0.0114014 0.0129221 0.0144455 0.0159628 0.017382 0.018676 0.01977 0.0206171 0.0211634 0.0213755 0.0211998 0.0206077 0.0195546 0.0181148 0.0162753 0.0140861 0.0116281 0.00892265 0.00608398 0.00320337 0.000378895 -0.00231981 -0.00478852 -0.00697225 -0.00877902 -0.0101684 -0.0110767 -0.0115341 -0.0115483 -0.0111785 -0.0105077 -0.0096383 -0.00868206 -0.00776508 -0.00701605 -0.00649915 -0.00627881 -0.00636658 -0.00672214 -0.007279 -0.00800187 -0.00874042 -0.00943998 -0.0100145 -0.0103817 -0.010511 -0.0104067 -0.0100222 -0.00946663 -0.00876622 -0.00794148 -0.00706258 -0.00620631 -0.00537449 -0.00460594 -0.0038848 -0.00325038 -0.00270649 -0.00224235 -0.00185577 -0.00154976 -0.00128059 -0.00107393 -0.000913576 -0.00079505 -0.000724002 -0.000693403 -0.000690615 -0.000756978 -0.000870542 -0.00104976 -0.00130016 -0.00161013 -0.001972 -0.00240378 -0.00288149 -0.00342428 -0.00394645 -0.00440574 -0.00479472 -0.00503479 -0.00501064 -0.00473507 -0.00411916 -0.00315121 -0.00184962 -0.000228061 0.00167105 0.00372143 0.005894 0.00806241 0.0101272 0.0120053 0.0136323 0.014935 0.0159293 0.016623 0.0170421 0.0172288 0.0172116 0.0169762 0.0165179 0.0158369 0.0148755 0.0136445 0.0120969 0.0102273 0.00802366 0.00553582 0.00281052 -6.44259e-05 -0.00302985 -0.00596705 -0.0088445 -0.0115436 -0.0139619 -0.0160776 -0.0177955 -0.0191087 -0.0200035 -0.0204717 -0.0205178 -0.0202015 -0.0195609 -0.0186703 -0.0175277 -0.016229 -0.0148091 -0.0133154 -0.0118478 -0.0103973 -0.00902165 -0.00773381 -0.00659407 -0.00558287 -0.00468738 -0.00391079 -0.00325299 -0.0026929 -0.00221898 -0.00183304 -0.00149696 -0.00124126 -0.00103803 -0.00089119 -0.000758978 -0.000659549 -0.000616362 -0.000574548 -0.000542478 -0.000511079 -0.000513654 -0.000510676 -0.000490799 -0.000486339 -0.000490038 -0.000495729 -0.00048149 -0.000478661 -0.000487679 -0.000487827 -0.000482692 -0.000480889 -0.000490451 
0 1.34005e-05 1.29904e-05 3.11109e-05 3.42006e-05 5.45535e-05 5.68859e-05 6.59148e-05 8.14891e-05 8.62561e-05 0.000111543 0.000115412 0.000130395 0.000142893 0.000167525 0.000204214 0.000223525 0.000282272 0.000361809 0.000460356 0.000579189 0.000744972 0.000992654 0.0012714 0.00160835 0.00204099 0.00257096 0.00320429 0.00393901 0.00482122 0.00585661 0.00704889 0.00841743 0.00993169 0.0115878 0.0133912 0.0152968 0.0172419 0.0191796 0.0210784 0.0228762 0.024477 0.0258275 0.0268438 0.027462 0.0276454 0.0273489 0.0265126 0.0251416 0.0232766 0.0209254 0.0181594 0.0150232 0.0116058 0.00800491 0.00435681 0.000787123 -0.00261294 -0.00574613 -0.00849447 -0.0108126 -0.0126028 -0.0137993 -0.0144486 -0.0145295 -0.0141234 -0.0133451 -0.0123022 -0.0111447 -0.0100656 -0.00917004 -0.00860083 -0.00840241 -0.00859022 -0.00911423 -0.00991093 -0.0108655 -0.0118665 -0.0127992 -0.0135566 -0.0140285 -0.0141833 -0.0140041 -0.0135024 -0.0127434 -0.0117657 -0.0106669 -0.00953207 -0.00836627 -0.00721604 -0.00617648 -0.00522109 -0.00437747 -0.00365362 -0.00302813 -0.00249785 -0.00207829 -0.00172086 -0.00145321 -0.00124028 -0.00107298 -0.000964435 -0.000922046 -0.000926133 -0.00102029 -0.00116808 -0.00139566 -0.00171718 -0.0021208 -0.00261278 -0.00321301 -0.00383894 -0.00450192 -0.00518954 -0.00582131 -0.00631421 -0.00659692 -0.00657306 -0.00618219 -0.00534473 -0.00403562 -0.00228293 -0.000112382 0.00239599 0.00514849 0.00802557 0.0108969 0.0136241 0.0160914 0.0181839 0.0198668 0.0210929 0.0219253 0.0223917 0.0225362 0.0224057 0.0220007 0.0212822 0.0202886 0.0189533 0.0172682 0.0152375 0.0128054 0.00998427 0.00682106 0.00336351 -0.000297627 -0.0040464 -0.00779871 -0.0114399 -0.0148648 -0.0179467 -0.0206326 -0.0228542 -0.0245752 -0.025783 -0.0264652 -0.026613 -0.026275 -0.025538 -0.0244316 -0.0230297 -0.0214045 -0.019617 -0.0177494 -0.0158712 -0.0140248 -0.0122383 -0.0105528 -0.00903787 -0.00767678 -0.00645658 -0.00540275 -0.00449174 -0.0037297 -0.00308602 -0.002549 -0.00210865 -0.00173829 -0.00147163 -0.00125394 -0.0010676 -0.000935258 -0.000845414 -0.000796112 -0.000729091 -0.000693206 -0.000689772 -0.00067718 -0.00066455 -0.000644121 -0.000661308 -0.000661396 -0.000650339 -0.000651383 -0.000652728 -0.000660832 -0.000641287 -0.000646568 -0.000653233 
0 1.48339e-05 2.62932e-05 3.62666e-05 5.45535e-05 6.84605e-05 7.80763e-05 8.92552e-05 9.76988e-05 0.000115137 0.000128212 0.00014601 0.000159146 0.000178293 0.000219686 0.000258536 0.000312223 0.000387118 0.000508429 0.000649492 0.000814896 0.00105391 0.00136788 0.00174572 0.00218751 0.00275038 0.00344136 0.00426096 0.00521804 0.00635706 0.0076774 0.00919002 0.0109013 0.012769 0.0148074 0.0169747 0.0192608 0.0215624 0.0238365 0.0260559 0.0281155 0.0299421 0.0314372 0.0325231 0.0331317 0.0332262 0.0327565 0.0316897 0.0300001 0.0277598 0.0249714 0.0216957 0.0180223 0.0140148 0.00981733 0.00557176 0.00141581 -0.0025505 -0.00620163 -0.00944683 -0.0121797 -0.0143212 -0.0157916 -0.0166136 -0.0167967 -0.0164209 -0.0156049 -0.0144924 -0.0132525 -0.0120781 -0.0111477 -0.0105829 -0.0104695 -0.0108224 -0.0115792 -0.0126365 -0.0138928 -0.0151548 -0.0163064 -0.01722 -0.0177832 -0.0179502 -0.0177184 -0.0170655 -0.0161058 -0.0148943 -0.0134954 -0.0120134 -0.0105425 -0.00911903 -0.00780503 -0.0065961 -0.0055313 -0.0046138 -0.00382836 -0.00316879 -0.00263345 -0.00217745 -0.00182245 -0.00154797 -0.00134553 -0.00122002 -0.00116494 -0.00116653 -0.00126557 -0.00144511 -0.0017275 -0.00212436 -0.00262812 -0.00323246 -0.00394781 -0.00473294 -0.00558551 -0.00641344 -0.00714373 -0.00772713 -0.00805597 -0.00798724 -0.0074808 -0.00642377 -0.0047843 -0.00258137 0.0001485 0.00331413 0.00674254 0.0103228 0.0138652 0.0172026 0.020195 0.0227277 0.0247108 0.0261414 0.0270454 0.0274715 0.0274886 0.0271519 0.0264686 0.0254402 0.0240799 0.0223376 0.0202218 0.0177004 0.0147571 0.0113852 0.00763901 0.00357498 -0.000703652 -0.00510089 -0.00948037 -0.0137581 -0.0177818 -0.0214165 -0.0246103 -0.0272662 -0.0293625 -0.0308765 -0.0317837 -0.032073 -0.0317995 -0.031022 -0.0298208 -0.0282349 -0.0263786 -0.024318 -0.0221315 -0.0199284 -0.0177239 -0.0155781 -0.0135299 -0.0116563 -0.00995289 -0.00841582 -0.00706378 -0.00590038 -0.00491117 -0.00407711 -0.00338498 -0.00279611 -0.00232414 -0.00195264 -0.00166564 -0.0014204 -0.0012339 -0.001119 -0.00102641 -0.000947189 -0.000887966 -0.000873825 -0.000859892 -0.000832866 -0.000819546 -0.000824442 -0.000829475 -0.000817081 -0.000814436 -0.000822622 -0.000822234 -0.000809876 -0.000808218 -0.000816531 
0 1.80472e-05 2.71676e-05 4.25177e-05 5.68859e-05 7.80763e-05 9.10156e-05 0.000105124 0.00012217 0.000138792 0.000162649 0.000183064 0.000208724 0.000240884 0.000290446 0.00034988 0.00041906 0.000527797 0.000681958 0.000870539 0.00109968 0.00140842 0.00181427 0.00229674 0.00287195 0.00358888 0.00446315 0.00549806 0.00670449 0.00811783 0.00974326 0.0115779 0.0136185 0.0158272 0.0181911 0.0206862 0.0232672 0.0258489 0.0283731 0.0307952 0.0330215 0.0349504 0.0364889 0.0375518 0.0380739 0.0380198 0.0373491 0.0360208 0.0340366 0.0314501 0.0282915 0.0246315 0.0205518 0.0161435 0.0115368 0.00687748 0.00230337 -0.00207612 -0.00613669 -0.00975354 -0.0128245 -0.0152442 -0.0169412 -0.0179362 -0.0182462 -0.0179553 -0.0171924 -0.0161025 -0.0148733 -0.0137258 -0.0128487 -0.012401 -0.0124698 -0.0130638 -0.0141077 -0.0154806 -0.0170297 -0.0185715 -0.0199547 -0.0210373 -0.0216961 -0.0218786 -0.0215693 -0.0207777 -0.0195927 -0.0180946 -0.0163935 -0.0146082 -0.0128135 -0.0110772 -0.00947876 -0.00802439 -0.00673727 -0.00562314 -0.00466405 -0.00385423 -0.00319204 -0.00264304 -0.00221271 -0.00187808 -0.00162677 -0.00146473 -0.0013908 -0.00139859 -0.00151451 -0.0017256 -0.00205159 -0.00250942 -0.00309559 -0.00381482 -0.00466704 -0.00559405 -0.00657256 -0.00753944 -0.00839744 -0.00905104 -0.00938478 -0.00926758 -0.0086129 -0.00731511 -0.00532839 -0.00267134 0.000605612 0.00438518 0.00849196 0.0127456 0.0169321 0.0208476 0.0243216 0.0272156 0.0294472 0.0309909 0.0318873 0.0321929 0.0319853 0.0313425 0.0303002 0.0288764 0.0271023 0.0249445 0.0223953 0.0194375 0.0160349 0.0121941 0.00796936 0.00342757 -0.00132772 -0.00618517 -0.0110329 -0.0157614 -0.0202305 -0.0243026 -0.0278986 -0.0309361 -0.033373 -0.0351849 -0.0363411 -0.0368246 -0.036677 -0.035965 -0.034748 -0.0330932 -0.0310994 -0.0288495 -0.0264408 -0.0239689 -0.0214808 -0.0190246 -0.0166587 -0.0144573 -0.0124286 -0.0105782 -0.00893267 -0.00749813 -0.00627132 -0.0052313 -0.00435645 -0.00361961 -0.00301236 -0.0025355 -0.00215323 -0.0018342 -0.00159075 -0.00142037 -0.0012938 -0.00117993 -0.00110205 -0.00106866 -0.00104198 -0.00101272 -0.000990504 -0.000993567 -0.000990879 -0.000978812 -0.000975518 -0.000980561 -0.000985265 -0.000972497 -0.000973882 -0.000979954 
0 2.22515e-05 3.40237e-05 5.22117e-05 6.59148e-05 8.92552e-05 0.000105124 0.000121816 0.000144694 0.000163137 0.000193089 0.000219498 0.000257863 0.00030802 0.000374385 0.000460858 0.000561228 0.000712458 0.00091208 0.00115982 0.00146529 0.00185907 0.00236697 0.00297247 0.00370147 0.00459411 0.00567379 0.00694526 0.00842046 0.0101216 0.0120541 0.0142034 0.0165513 0.0190651 0.021712 0.0244743 0.0272831 0.0300635 0.0327439 0.0352614 0.0375317 0.0394419 0.0409073 0.0418469 0.0422063 0.0419515 0.0410495 0.0394616 0.0372071 0.0343296 0.0308871 0.0269563 0.0226165 0.0179711 0.0131336 0.00824267 0.00342554 -0.00120245 -0.00551997 -0.00938655 -0.0126946 -0.0153264 -0.0172188 -0.018378 -0.0188331 -0.018668 -0.0180162 -0.017034 -0.0159241 -0.0149216 -0.0142256 -0.0140085 -0.014354 -0.0152621 -0.0166472 -0.018375 -0.0202594 -0.0221146 -0.0237554 -0.0250231 -0.0257866 -0.0259813 -0.0255835 -0.024633 -0.0232126 -0.0214302 -0.0194179 -0.0173075 -0.0151873 -0.0131451 -0.0112526 -0.00953262 -0.00800405 -0.00667785 -0.0055403 -0.00458212 -0.00379138 -0.00314262 -0.00262588 -0.00222353 -0.00192265 -0.00172402 -0.00162585 -0.00162986 -0.00175174 -0.00199271 -0.0023672 -0.00288943 -0.0035561 -0.00437161 -0.00532932 -0.00638293 -0.00748584 -0.00857309 -0.00953339 -0.0102447 -0.0105744 -0.010387 -0.00955903 -0.00799649 -0.00564894 -0.00253507 0.0012768 0.00564515 0.0103849 0.0152655 0.0200492 0.0244948 0.0283978 0.0315937 0.033994 0.035564 0.0363539 0.0364383 0.0359146 0.0348828 0.0334099 0.031539 0.0293113 0.02672 0.0237495 0.0203879 0.0165948 0.0123822 0.0078008 0.00292796 -0.00213756 -0.00728187 -0.0124155 -0.0174243 -0.0221845 -0.0265661 -0.0304683 -0.0338158 -0.03655 -0.0386393 -0.0400493 -0.0407628 -0.0408085 -0.0402502 -0.0391304 -0.0375248 -0.0355121 -0.0331844 -0.0306481 -0.0279915 -0.0252871 -0.0225813 -0.0199482 -0.0174555 -0.0151277 -0.0129797 -0.0110413 -0.0093265 -0.00784101 -0.00656909 -0.00548674 -0.00457642 -0.00381804 -0.00321475 -0.00272179 -0.0023159 -0.00200119 -0.00176744 -0.00159531 -0.00144616 -0.00134348 -0.00128326 -0.00123919 -0.00120157 -0.00117198 -0.00116789 -0.00115746 -0.00114449 -0.00113908 -0.00114168 -0.00114765 -0.00113834 -0.00114009 -0.00114362 
0 2.10756e-05 4.42174e-05 5.46243e-05 8.14891e-05 9.76988e-05 0.00012217 0.000144694 0.000166142 0.000199964 0.000223665 0.000267495 0.000312238 0.000381121 0.000475299 0.000584173 0.000740092 0.000934795 0.0012008 0.00152506 0.00192346 0.00243421 0.00305787 0.00381904 0.00472484 0.00581729 0.00712294 0.00864307 0.0103925 0.0123802 0.0146018 0.0170446 0.0196706 0.0224433 0.0253381 0.0282966 0.0312692 0.034157 0.0368857 0.0393884 0.0415665 0.0433429 0.0446226 0.0453479 0.0454775 0.0449801 0.0438207 0.0419942 0.0395035 0.0364123 0.0327911 0.0287033 0.0242514 0.0195084 0.014596 0.00963495 0.00474016 2.67678e-05 -0.00437536 -0.00836266 -0.0117873 -0.0145579 -0.0166121 -0.01792 -0.0185354 -0.0185334 -0.0180405 -0.0172424 -0.0163541 -0.0155941 -0.0152029 -0.0153169 -0.0160315 -0.017334 -0.0191335 -0.021266 -0.0235559 -0.0257668 -0.0276998 -0.0291714 -0.0300484 -0.0302473 -0.0297654 -0.0286393 -0.0269834 -0.0249353 -0.0226129 -0.0201519 -0.0177031 -0.0153501 -0.013139 -0.0111325 -0.00935403 -0.00780513 -0.00648157 -0.00537169 -0.00444405 -0.00368549 -0.00307162 -0.00259474 -0.00223955 -0.00200203 -0.00187504 -0.00186826 -0.00198456 -0.00224953 -0.00266683 -0.00324579 -0.00399416 -0.00490215 -0.00593948 -0.00709918 -0.00832125 -0.00949386 -0.0105151 -0.0112694 -0.0115891 -0.0113086 -0.010302 -0.00846227 -0.00574773 -0.0021787 0.00215148 0.00708961 0.0124016 0.0178563 0.0231709 0.0280759 0.0323307 0.03576 0.03823 0.0397445 0.040334 0.0401088 0.0391997 0.0377203 0.0357606 0.0334095 0.0306923 0.027645 0.024271 0.0205361 0.0164403 0.0119727 0.00717603 0.00212849 -0.00307913 -0.008361 -0.0136091 -0.0187501 -0.0236531 -0.0282092 -0.0323181 -0.0358898 -0.0388718 -0.0412141 -0.0428765 -0.0438462 -0.0441468 -0.0438099 -0.0429007 -0.0414525 -0.039547 -0.0372681 -0.0347076 -0.0319738 -0.0291264 -0.0262421 -0.0233941 -0.0206465 -0.0180454 -0.0156172 -0.0133862 -0.0113911 -0.00963006 -0.00810587 -0.00680161 -0.00568787 -0.00477341 -0.00401493 -0.00339992 -0.00289213 -0.00248282 -0.00218116 -0.00193593 -0.0017532 -0.00161036 -0.00151538 -0.0014526 -0.00139407 -0.00136726 -0.00134676 -0.00133797 -0.00132416 -0.00131385 -0.00131859 -0.0013133 -0.00131376 -0.00130651 -0.00130765 
0 2.44233e-05 4.18109e-05 7.02195e-05 8.62561e-05 0.000115137 0.000138792 0.000163137 0.000199964 0.000228412 0.000278723 0.00032286 0.00039149 0.000485568 0.00059897 0.000761348 0.000954046 0.0012239 0.00155408 0.00196921 0.00248917 0.00312016 0.00390114 0.00483139 0.0059504 0.0072725 0.0088253 0.0106138 0.012647 0.0149083 0.0174086 0.0201108 0.0229719 0.025971 0.0290295 0.0321348 0.0351609 0.0380568 0.0407262 0.0430768 0.0450657 0.0465885 0.0475974 0.0480355 0.0478763 0.0470919 0.0456752 0.043604 0.0409449 0.037713 0.0340099 0.0299049 0.0254499 0.0207591 0.0159116 0.011027 0.00620939 0.00157834 -0.00278223 -0.00673078 -0.0101793 -0.0130016 -0.0151492 -0.0165848 -0.0173502 -0.0175197 -0.0172404 -0.0166861 -0.0160831 -0.0156767 -0.0156578 -0.0162051 -0.0173837 -0.019169 -0.0214613 -0.024102 -0.0268282 -0.0294534 -0.0317168 -0.0334207 -0.034423 -0.0346521 -0.0340817 -0.0328239 -0.0309385 -0.0285902 -0.0259605 -0.0231969 -0.0203879 -0.0176762 -0.0151426 -0.0128529 -0.0108086 -0.00903241 -0.0075095 -0.00622198 -0.00514291 -0.00427193 -0.0035601 -0.00300138 -0.00258037 -0.00228825 -0.00212197 -0.00210503 -0.0022214 -0.00249699 -0.00293936 -0.00356465 -0.00436757 -0.00535737 -0.00649925 -0.00774857 -0.00901259 -0.0102562 -0.011346 -0.0121013 -0.0123605 -0.0119921 -0.0107901 -0.00868324 -0.00560939 -0.00160042 0.00322355 0.00866726 0.0145329 0.0204849 0.0262527 0.0315321 0.0360511 0.0395996 0.0420786 0.0434354 0.0437551 0.043161 0.0417984 0.0398194 0.0373474 0.0344736 0.03126 0.0277691 0.0239936 0.0199589 0.0156284 0.0110198 0.00614408 0.00106714 -0.00414987 -0.00940511 -0.0146529 -0.0197696 -0.0246797 -0.0292893 -0.0334737 -0.0371938 -0.0403594 -0.0429237 -0.0448412 -0.0460939 -0.0466794 -0.0466478 -0.046003 -0.0448236 -0.0431262 -0.0409992 -0.0385444 -0.0358139 -0.0329314 -0.0299384 -0.0269408 -0.023993 -0.021157 -0.0184756 -0.0159807 -0.0137047 -0.0116739 -0.00988814 -0.0083319 -0.0070138 -0.00589389 -0.00497695 -0.00420508 -0.00357558 -0.00306897 -0.00265822 -0.00235142 -0.0020985 -0.00191887 -0.00177861 -0.00167922 -0.0016134 -0.00156009 -0.00153853 -0.00151596 -0.00150494 -0.00149545 -0.00148677 -0.00148736 -0.00147925 -0.00147843 -0.00147351 
0 2.10122e-05 5.66226e-05 7.36093e-05 0.000111543 0.000128212 0.000162649 0.000193089 0.000223665 0.000278723 0.000323769 0.000401938 0.000486915 0.000613792 0.000776806 0.000976275 0.00125333 0.00158517 0.00201058 0.00253116 0.00317529 0.00396347 0.0048989 0.0060349 0.00738339 0.00895918 0.0107833 0.0128553 0.0151731 0.0177142 0.0204622 0.0233964 0.0264523 0.0295927 0.0327662 0.0358877 0.0388838 0.0416671 0.0441578 0.0462769 0.0479625 0.0491683 0.0498321 0.0499205 0.0494258 0.0483335 0.0466347 0.0443751 0.0415785 0.0382962 0.0346135 0.0305708 0.0262497 0.0217163 0.0170686 0.0124063 0.00780995 0.00338288 -0.000781148 -0.0046148 -0.00796944 -0.0107647 -0.0129457 -0.0144412 -0.0153206 -0.0156632 -0.0155958 -0.0153287 -0.015086 -0.0150746 -0.0155332 -0.0165867 -0.0183119 -0.020671 -0.0235504 -0.0267397 -0.0300065 -0.0330817 -0.0357082 -0.037676 -0.0388551 -0.0391445 -0.0385508 -0.0371507 -0.0350605 -0.0324637 -0.0295087 -0.0263554 -0.0232109 -0.0201887 -0.0173235 -0.0147194 -0.0124012 -0.0103662 -0.0086244 -0.00716056 -0.00592473 -0.00491533 -0.00408766 -0.00343611 -0.00294258 -0.00259589 -0.00239047 -0.00234132 -0.00243535 -0.00272036 -0.00318752 -0.00383899 -0.00469542 -0.00573582 -0.00690907 -0.00823112 -0.00960411 -0.0108871 -0.0119677 -0.0127016 -0.0128994 -0.0123874 -0.0109948 -0.00862186 -0.00522682 -0.000827566 0.00443956 0.010371 0.0166876 0.023079 0.0292107 0.0347623 0.0394421 0.0430451 0.0454224 0.0465796 0.0465625 0.0455311 0.0436743 0.0411552 0.038135 0.034757 0.031064 0.0271555 0.0230556 0.0187488 0.0142715 0.00960321 0.00474984 -0.00023565 -0.00531662 -0.010441 -0.0155286 -0.020518 -0.0253126 -0.0298446 -0.0340204 -0.0377776 -0.0410663 -0.0438131 -0.0459707 -0.0475178 -0.0484385 -0.0487342 -0.0484453 -0.0475843 -0.0461858 -0.0443169 -0.0420418 -0.0394436 -0.0365979 -0.0335989 -0.0305305 -0.0274502 -0.0244436 -0.0215592 -0.0188272 -0.0163011 -0.0139979 -0.0119382 -0.010124 -0.00854796 -0.00722125 -0.00608884 -0.00515082 -0.00438305 -0.00374771 -0.00324591 -0.00283057 -0.00252494 -0.00227839 -0.00208511 -0.00195258 -0.00184528 -0.0017849 -0.00172439 -0.00169787 -0.00167946 -0.00166111 -0.00165777 -0.00164111 -0.00165074 -0.00164211 -0.00164403 
0 2.43235e-05 5.42955e-05 8.84598e-05 0.000115412 0.00014601 0.000183064 0.000219498 0.000267495 0.00032286 0.000401938 0.000495704 0.000621516 0.000790882 0.000995509 0.00126905 0.00160932 0.00204176 0.00256452 0.00321165 0.00401605 0.00497277 0.00611522 0.00747612 0.00908567 0.0109332 0.0130301 0.0153771 0.0179663 0.020747 0.023717 0.0268297 0.0300181 0.0332493 0.0364222 0.0394918 0.0423288 0.0448987 0.0471185 0.048899 0.0502271 0.0510415 0.0513169 0.0510268 0.0501792 0.048773 0.0468371 0.0444023 0.0415463 0.0382722 0.0346765 0.0308066 0.0266995 0.0224496 0.0181173 0.0137824 0.00950685 0.00538914 0.00147963 -0.00211392 -0.00529775 -0.00796632 -0.0100818 -0.0115873 -0.0125468 -0.013038 -0.0132071 -0.0132393 -0.0133625 -0.0138092 -0.0147718 -0.01641 -0.0187693 -0.0217839 -0.0253148 -0.0291452 -0.0329617 -0.0365433 -0.039594 -0.0418928 -0.0432953 -0.0437128 -0.0431196 -0.0416436 -0.0393577 -0.0364757 -0.0332189 -0.0297672 -0.0262596 -0.0228677 -0.0196735 -0.0167703 -0.0141594 -0.0118668 -0.0098885 -0.00820644 -0.00678655 -0.00563624 -0.00468518 -0.00392823 -0.00334751 -0.00292651 -0.00266151 -0.00258459 -0.00266425 -0.00293496 -0.00339587 -0.00405874 -0.00492438 -0.00600142 -0.00724236 -0.00861107 -0.00998451 -0.0113003 -0.0124073 -0.0130966 -0.0131846 -0.0125367 -0.0109343 -0.00831629 -0.00462171 0.000117407 0.00574979 0.0120478 0.0187651 0.0254951 0.031907 0.0376452 0.042394 0.0459335 0.0481575 0.0490285 0.0486451 0.0471698 0.0447969 0.0417343 0.0381779 0.0342885 0.030157 0.0258976 0.0215211 0.0170566 0.012498 0.00785642 0.00311256 -0.00169376 -0.00655258 -0.0114145 -0.0162576 -0.0209884 -0.0255648 -0.0299328 -0.0339895 -0.0377256 -0.0410653 -0.043951 -0.0463315 -0.0481739 -0.0494321 -0.0501083 -0.0501884 -0.0497189 -0.0486841 -0.0471491 -0.0451769 -0.0427893 -0.0401067 -0.0371845 -0.0341281 -0.0309894 -0.0278632 -0.0248188 -0.0218904 -0.0191302 -0.0165773 -0.0142513 -0.0121637 -0.0103409 -0.00875931 -0.00741112 -0.00626682 -0.00533342 -0.00456307 -0.00392027 -0.0034105 -0.0030062 -0.00269611 -0.00243912 -0.00225224 -0.002122 -0.00202063 -0.00194417 -0.00189116 -0.00186626 -0.00184515 -0.00182716 -0.00181724 -0.00181673 -0.00181607 -0.00181369 
0 2.41647e-05 6.38512e-05 9.36874e-05 0.000130395 0.000159146 0.000208724 0.000257863 0.000312238 0.00039149 0.000486915 0.000621516 0.000785577 0.00100473 0.00127632 0.00162115 0.00206433 0.00260198 0.00325655 0.00405647 0.00503972 0.00620557 0.00757236 0.00918903 0.0110695 0.0131908 0.0155533 0.0181588 0.0209851 0.0239798 0.027115 0.03035 0.0336039 0.0368241 0.0399239 0.0428206 0.0454234 0.0476916 0.0495616 0.0509561 0.0518579 0.0522399 0.0520859 0.0513902 0.0501859 0.0484939 0.0463479 0.0438166 0.0409467 0.0377556 0.0343202 0.0306782 0.0268753 0.0229768 0.0190343 0.0151031 0.0112222 0.00747704 0.00392685 0.000641466 -0.00226507 -0.00472317 -0.0067028 -0.00815023 -0.0091354 -0.00974661 -0.0101133 -0.0104393 -0.0109507 -0.0118639 -0.0133835 -0.0156408 -0.0186661 -0.0223767 -0.0266118 -0.0311181 -0.0355887 -0.039747 -0.0432866 -0.0459733 -0.0476605 -0.048239 -0.0477043 -0.0461705 -0.0437549 -0.0406747 -0.0371384 -0.0333428 -0.0295047 -0.0257825 -0.0222454 -0.0190065 -0.0160965 -0.013524 -0.0112989 -0.00940172 -0.00778816 -0.00645523 -0.00535417 -0.00447373 -0.00379459 -0.00329647 -0.00297242 -0.0028332 -0.00286244 -0.00310184 -0.00354791 -0.00420347 -0.00508446 -0.00617071 -0.00741148 -0.00879714 -0.0102091 -0.0115164 -0.0125785 -0.0132092 -0.0132153 -0.0124283 -0.0106511 -0.00780654 -0.00385745 0.00116559 0.00709961 0.0137043 0.0206861 0.0276504 0.0342256 0.0400428 0.044774 0.0481978 0.0501956 0.050761 0.0499856 0.0480529 0.0451846 0.0416007 0.037536 0.0331869 0.0286642 0.0241034 0.0195366 0.0149666 0.0104167 0.00587073 0.00130783 -0.00324415 -0.00779425 -0.0123273 -0.0168214 -0.0212287 -0.0255138 -0.0296397 -0.0335304 -0.0371617 -0.0404887 -0.043445 -0.0459916 -0.0480943 -0.04969 -0.0507454 -0.0512466 -0.0511992 -0.0505914 -0.0494691 -0.0478631 -0.0457993 -0.0433586 -0.0406193 -0.0376623 -0.034544 -0.0313726 -0.0282232 -0.0251419 -0.0221878 -0.019405 -0.0168239 -0.0144734 -0.0123805 -0.0105457 -0.00894313 -0.00757748 -0.00645142 -0.00550889 -0.00472306 -0.0040774 -0.00357743 -0.00317632 -0.00284679 -0.0026046 -0.0024253 -0.00229826 -0.00218555 -0.00211656 -0.00207754 -0.00204549 -0.00202445 -0.00200161 -0.00200295 -0.00199099 -0.00198363 
0 2.6515e-05 7.02106e-05 0.000103399 0.000142893 0.000178293 0.000240884 0.00030802 0.000381121 0.000485568 0.000613792 0.000790882 0.00100473 0.0012828 0.00162968 0.00206369 0.00261635 0.00328054 0.00408513 0.00506332 0.00625428 0.00765641 0.00928059 0.0111738 0.013336 0.0157316 0.0183483 0.0211878 0.0242188 0.0273788 0.0306245 0.0339076 0.0371429 0.0402637 0.0431867 0.0458218 0.048099 0.0499874 0.0514384 0.0523857 0.0528192 0.0527395 0.0521492 0.0510673 0.0495424 0.0476108 0.045314 0.0427289 0.0398959 0.0368354 0.0336127 0.0302654 0.0268289 0.0233444 0.0198443 0.0163568 0.0129132 0.00959199 0.00645388 0.00355705 0.00100039 -0.00117035 -0.00293581 -0.00426059 -0.00521182 -0.00588565 -0.00641609 -0.00700956 -0.00789366 -0.00927898 -0.0113568 -0.014242 -0.0179489 -0.0223769 -0.0273483 -0.0325846 -0.0377589 -0.0425611 -0.046665 -0.0498094 -0.0518343 -0.0526323 -0.0522117 -0.050686 -0.0481906 -0.044952 -0.0411997 -0.0371365 -0.0329805 -0.0289071 -0.025024 -0.0214514 -0.0182302 -0.0153715 -0.0128837 -0.0107453 -0.00891931 -0.00739653 -0.00613182 -0.00510755 -0.00430402 -0.00369839 -0.00328412 -0.00306753 -0.00303566 -0.00322064 -0.00362569 -0.00425466 -0.00512188 -0.00620495 -0.00744851 -0.0088162 -0.0101963 -0.0114679 -0.012491 -0.0130664 -0.0129942 -0.0120955 -0.0101794 -0.00715626 -0.0029976 0.00224903 0.00840082 0.0152052 0.0223481 0.0294288 0.0360576 0.0418594 0.046497 0.0497465 0.0514902 0.0517296 0.0505687 0.0482066 0.0448803 0.0408328 0.036323 0.0315707 0.0267203 0.0219205 0.0172216 0.0126257 0.00815222 0.00377051 -0.000551468 -0.00480503 -0.0090078 -0.0131651 -0.0172646 -0.0212859 -0.0252192 -0.0290468 -0.0327146 -0.0361986 -0.0394601 -0.0424364 -0.0450983 -0.0474128 -0.0493092 -0.05073 -0.0516467 -0.052039 -0.0518878 -0.0512201 -0.0500451 -0.0483751 -0.0462701 -0.0438047 -0.0410397 -0.038031 -0.0348878 -0.0316974 -0.0285178 -0.0254161 -0.0224438 -0.019639 -0.0170444 -0.0146943 -0.0125977 -0.010733 -0.00912284 -0.0077747 -0.00663427 -0.005673 -0.00487652 -0.00425396 -0.00374673 -0.00332866 -0.0030122 -0.00277517 -0.00260339 -0.00245445 -0.00235784 -0.0022976 -0.00225081 -0.0022186 -0.00218937 -0.0021857 -0.00216959 -0.00215782 
0 3.64692e-05 8.08366e-05 0.000132372 0.000167525 0.000219686 0.000290446 0.000374385 0.000475299 0.00059897 0.000776806 0.000995509 0.00127632 0.00162968 0.00206613 0.00261945 0.00329508 0.00411921 0.00509833 0.0062835 0.00770763 0.00935822 0.0112544 0.0134203 0.0158546 0.0185096 0.0213616 0.0244075 0.0276108 0.0308848 0.0341838 0.0374348 0.0405586 0.0434892 0.046128 0.0484215 0.0502904 0.0517359 0.0527172 0.053176 0.0531282 0.0525868 0.0515852 0.0501618 0.0483694 0.0462493 0.0438622 0.0412608 0.0385142 0.0356262 0.0326553 0.0296458 0.0266008 0.0235571 0.0205225 0.0175059 0.014539 0.0116936 0.00900602 0.0065524 0.00437968 0.00253915 0.00104591 -9.06094e-05 -0.000930888 -0.00158364 -0.00221679 -0.00303058 -0.00425278 -0.00610006 -0.00871818 -0.0122224 -0.0166044 -0.0217516 -0.0274663 -0.0334662 -0.0393721 -0.0448631 -0.0495805 -0.053244 -0.0556723 -0.0567746 -0.0565423 -0.0551087 -0.0526081 -0.0492668 -0.0453407 -0.0410606 -0.0366216 -0.0322325 -0.0280355 -0.0241355 -0.0205828 -0.0174215 -0.0146535 -0.0122564 -0.010206 -0.00848337 -0.00703504 -0.00584159 -0.00488616 -0.00414227 -0.00360229 -0.0032811 -0.00316888 -0.00327988 -0.00362653 -0.00421477 -0.00503202 -0.0060682 -0.00728683 -0.00862121 -0.0099549 -0.0111952 -0.0121776 -0.0126924 -0.0125475 -0.0115669 -0.00954743 -0.00641201 -0.00212138 0.00325668 0.00953046 0.0164262 0.0236332 0.0307183 0.0373044 0.0430096 0.0474978 0.0505374 0.0520274 0.0519432 0.0504214 0.0476666 0.043929 0.0394917 0.0346284 0.0295649 0.0244821 0.0195214 0.0147386 0.0101703 0.0058035 0.00162583 -0.00241471 -0.00633493 -0.0101632 -0.013913 -0.0176003 -0.021201 -0.0247483 -0.0282406 -0.0316391 -0.0349433 -0.0380933 -0.041045 -0.04377 -0.0462379 -0.048378 -0.0501296 -0.05143 -0.0522599 -0.0525716 -0.0523755 -0.0516722 -0.0504393 -0.0487487 -0.0466389 -0.0441646 -0.0413699 -0.0383484 -0.0352006 -0.0319923 -0.0287968 -0.0256792 -0.0226826 -0.0198607 -0.017268 -0.0149008 -0.0127743 -0.0109026 -0.00931149 -0.00795703 -0.00679164 -0.00583624 -0.00506239 -0.00443633 -0.00391107 -0.00349603 -0.00318974 -0.00294526 -0.00275697 -0.00261505 -0.0025249 -0.00245913 -0.00240514 -0.00237799 -0.00236101 -0.00235199 -0.00233863 
0 3.7742e-05 9.80902e-05 0.000145217 0.000204214 0.000258536 0.00034988 0.000460858 0.000584173 0.000761348 0.000976275 0.00126905 0.00162115 0.00206369 0.00261945 0.00329244 0.00413349 0.00512654 0.00631927 0.00774192 0.00941554 0.0113405 0.013506 0.0159434 0.0186314 0.0215184 0.0245721 0.0277835 0.0310884 0.0344191 0.0376763 0.0408088 0.0437347 0.0463678 0.0486671 0.0505274 0.0519512 0.052906 0.0533794 0.0533496 0.0528193 0.0518537 0.0504932 0.0487873 0.0467892 0.0445505 0.0421083 0.0395647 0.0369317 0.0342623 0.0315785 0.0289053 0.0262655 0.0236544 0.0210819 0.0185501 0.0160827 0.0137186 0.0115255 0.00951069 0.00775876 0.00628135 0.00510253 0.00421591 0.00355697 0.00297427 0.00231418 0.00133899 -0.000175835 -0.00241176 -0.00554109 -0.00963316 -0.0146686 -0.0205278 -0.0269902 -0.0337181 -0.0403757 -0.0465527 -0.0519047 -0.0561372 -0.0590616 -0.0605444 -0.0606116 -0.0593343 -0.0569088 -0.0535517 -0.0495094 -0.0450211 -0.040376 -0.0357382 -0.031247 -0.027028 -0.0231776 -0.0196996 -0.0166325 -0.0139676 -0.011675 -0.00970972 -0.00806067 -0.00667723 -0.00553663 -0.0046246 -0.00395003 -0.0034878 -0.00326054 -0.00327857 -0.00354071 -0.00403409 -0.0047898 -0.0057599 -0.00690644 -0.00818883 -0.00952644 -0.0107328 -0.011666 -0.0121396 -0.0119571 -0.0109029 -0.00884055 -0.00564654 -0.00132761 0.00406112 0.0103355 0.0172321 0.0243762 0.0314028 0.0378751 0.0434227 0.0477183 0.050535 0.0517496 0.0513889 0.0495523 0.0464678 0.042415 0.0376726 0.0325491 0.027283 0.0220579 0.0170097 0.012224 0.00770075 0.00348633 -0.000474118 -0.00421177 -0.00777503 -0.0112069 -0.0145541 -0.0178083 -0.021003 -0.0241527 -0.0272789 -0.0303978 -0.0334678 -0.0364806 -0.0393645 -0.0421037 -0.044667 -0.0469946 -0.0490045 -0.050662 -0.0518888 -0.0526643 -0.0529593 -0.0527336 -0.0520012 -0.0507561 -0.0490805 -0.0469733 -0.0444781 -0.0416773 -0.0386512 -0.0354904 -0.0322679 -0.0290537 -0.0259088 -0.0229004 -0.0200748 -0.0174674 -0.015067 -0.0129375 -0.0110858 -0.00948238 -0.00810978 -0.00694468 -0.00601494 -0.00523506 -0.00458962 -0.00407315 -0.00366559 -0.0033617 -0.00310333 -0.00292349 -0.00279083 -0.0026925 -0.0026267 -0.00257312 -0.00255772 -0.00253498 -0.00252467 
0 4.49812e-05 9.4955e-05 0.000170123 0.000223525 0.000312223 0.00041906 0.000561228 0.000740092 0.000954046 0.00125333 0.00160932 0.00206433 0.00261635 0.00329508 0.00413349 0.00513467 0.00634106 0.00776166 0.00944398 0.0113902 0.0135862 0.0160302 0.0187252 0.0216447 0.0247347 0.0279498 0.031257 0.0346042 0.0378803 0.0410178 0.0439278 0.0465556 0.0488388 0.0507023 0.0521157 0.0530413 0.0534919 0.05346 0.0529414 0.0519757 0.050633 0.0489671 0.0470445 0.0449005 0.0425833 0.0401737 0.0377108 0.035265 0.0328402 0.0304505 0.0281283 0.0258659 0.0236741 0.0215561 0.0194892 0.0175058 0.0156344 0.0138977 0.0123645 0.0110431 0.00997207 0.0091644 0.00857268 0.00812305 0.00767461 0.00701597 0.00594234 0.00422413 0.0016505 -0.00190788 -0.00653024 -0.012183 -0.0187158 -0.0258742 -0.0333326 -0.0406841 -0.0475484 -0.0535628 -0.0584104 -0.0618628 -0.063821 -0.0642518 -0.0632465 -0.0609705 -0.057653 -0.0535838 -0.049033 -0.0441984 -0.0393181 -0.0345935 -0.0301174 -0.0259638 -0.0222086 -0.0188567 -0.0158934 -0.0133198 -0.0111075 -0.00920737 -0.00759701 -0.00626276 -0.00517214 -0.00431286 -0.0037007 -0.00333282 -0.00319847 -0.00332453 -0.00372187 -0.00436133 -0.00524859 -0.0063683 -0.00761303 -0.00887761 -0.0100734 -0.0110122 -0.011477 -0.0112729 -0.0102173 -0.00815705 -0.00500958 -0.00073973 0.00456624 0.0107319 0.0174966 0.0245261 0.0313995 0.0377106 0.0430667 0.0471418 0.0497164 0.050701 0.0500923 0.0480343 0.0447377 0.0404624 0.0355328 0.0302405 0.0248395 0.019551 0.0144934 0.00973948 0.00534497 0.00128618 -0.00243176 -0.00586132 -0.00907549 -0.0121213 -0.015061 -0.0179258 -0.0207204 -0.0234963 -0.0262762 -0.0290738 -0.0319061 -0.0347188 -0.0374952 -0.0401996 -0.0427986 -0.0452448 -0.047465 -0.0493991 -0.0509987 -0.052208 -0.0529779 -0.0532656 -0.0530227 -0.0522852 -0.0510645 -0.0493842 -0.0472666 -0.0447581 -0.0419534 -0.0389224 -0.0357514 -0.0325121 -0.0292776 -0.0261234 -0.0231172 -0.0202741 -0.0176349 -0.0152357 -0.0131088 -0.0112502 -0.00961846 -0.00824885 -0.00710302 -0.00616288 -0.00537777 -0.00473348 -0.0042417 -0.0038355 -0.00353044 -0.00328374 -0.0031086 -0.00298168 -0.00287429 -0.00281637 -0.00276148 -0.00273923 -0.00271363 
0 5.13448e-05 0.000119376 0.000194591 0.000282272 0.000387118 0.000527797 0.000712458 0.000934795 0.0012239 0.00158517 0.00204176 0.00260198 0.00328054 0.00411921 0.00512654 0.00634106 0.00777236 0.00945539 0.0114134 0.0136299 0.0161001 0.0188027 0.0217311 0.0248501 0.0280956 0.0314154 0.0347621 0.038051 0.0412085 0.0441187 0.0467295 0.0489922 0.0508362 0.0522436 0.0531397 0.0535633 0.0534999 0.0529717 0.052017 0.0506656 0.0490102 0.0471084 0.0450193 0.0427814 0.0404593 0.0381095 0.0358134 0.0335702 0.0314181 0.0293359 0.0273383 0.0254459 0.0236508 0.0219486 0.020323 0.0187978 0.0173741 0.016121 0.0150483 0.0141965 0.0135607 0.0131435 0.0128753 0.0126827 0.0123854 0.0118024 0.0106872 0.00880867 0.00598304 0.00204972 -0.00303141 -0.00920552 -0.016326 -0.0241228 -0.0322276 -0.0402863 -0.0478329 -0.0545055 -0.0599775 -0.0640108 -0.0664547 -0.0673174 -0.0666411 -0.0646391 -0.0615062 -0.0574995 -0.0528902 -0.0479852 -0.0429705 -0.0380348 -0.0333109 -0.0289271 -0.0248975 -0.0212642 -0.0180268 -0.0151735 -0.0126579 -0.010499 -0.00864401 -0.00707063 -0.00576192 -0.00472015 -0.0038998 -0.00333694 -0.00303402 -0.00300628 -0.00325191 -0.00380505 -0.00461434 -0.00564942 -0.00684426 -0.00813123 -0.00931437 -0.0102399 -0.0107305 -0.0105987 -0.00961564 -0.00766958 -0.00462376 -0.00049584 0.00464555 0.0106371 0.017222 0.0240162 0.0306822 0.0367676 0.0418999 0.0457698 0.0481519 0.0489435 0.0481912 0.0459961 0.042581 0.0382187 0.0331963 0.0278337 0.022388 0.0170901 0.0120653 0.00741257 0.00314754 -0.000704598 -0.00418757 -0.00732281 -0.0102041 -0.0128916 -0.0154661 -0.017953 -0.0204029 -0.0228356 -0.025281 -0.0277897 -0.0303349 -0.03293 -0.0355419 -0.0381572 -0.0407424 -0.0432544 -0.0456113 -0.0477755 -0.0496653 -0.0512577 -0.0524713 -0.0532263 -0.053506 -0.0532613 -0.0525438 -0.0513298 -0.0496436 -0.0475198 -0.0450126 -0.0422113 -0.0391767 -0.035985 -0.0327264 -0.0294846 -0.026328 -0.0233039 -0.0204371 -0.0177978 -0.0154016 -0.0132672 -0.011389 -0.00976335 -0.00840324 -0.00725657 -0.00630852 -0.00552744 -0.00490176 -0.00440645 -0.00400409 -0.00369622 -0.00345966 -0.00328544 -0.00315482 -0.00305642 -0.00299191 -0.00294486 -0.00291552 
