0 0 0 0 0 0 0 0 0 0 0 0 0 0 0 0 0 0 0 0 0 0 0 0 0 0 0 0 0 0 0 0 0 0 0 0 0 0 0 0 0 0 0 0 0 0 0 0 0 0 0 0 0 0 0 0 0 0 0 0 0 0 0 0 0 0 0 0 0 0 0 0 0 0 0 0 0 0 0 0 0 0 0 0 0 0 0 0 0 0 0 0 0 0 0 0 0 0 0 0 0 0 0 0 0 0 0 0 0 0 0 0 0 0 0 0 0 0 0 0 0 0 0 0 0 0 0 0 0 0 0 0 0 0 0 0 0 0 0 0 0 0 0 0 0 0 0 0 0 0 0 0 0 0 0 0 0 0 0 0 0 0 0 0 0 0 0 0 0 0 0 0 0 0 0 0 0 0 0 0 0 0 0 0 0 0 0 0 0 0 0 0 0 0 0 0 0 0 0 0 
0 0.000907818 0.00179304 0.00264562 0.003451 0.00418514 0.00482878 0.00538491 0.00583284 0.00615047 0.00632312 0.0063345 0.00617111 0.00581754 0.00529852 0.00462821 0.00382986 0.00293796 0.00197777 0.000988508 -1.20161e-05 -0.000981852 -0.00188819 -0.00269604 -0.00336584 -0.00390499 -0.0043043 -0.00457122 -0.00471312 -0.00473775 -0.00465858 -0.00447002 -0.0042176 -0.00392896 -0.00361835 -0.00330326 -0.0029843 -0.00267358 -0.00237481 -0.00210178 -0.00185893 -0.00165022 -0.00147658 -0.00132454 -0.00117547 -0.00104383 -0.000934063 -0.00084309 -0.00077518 -0.000716101 -0.000661596 -0.000610566 -0.000565961 -0.000520889 -0.000490587 -0.000466711 -0.000447362 -0.000416973 -0.000380342 -0.000344417 -0.000314576 -0.000304273 -0.000296686 -0.000281573 -0.000265699 -0.00024323 -0.000216599 -0.000203233 -0.000175544 -0.00015903 -0.000148753 -0.000131822 -0.000110868 -9.40592e-05 -7.85124e-05 -8.42095e-05 -8.87088e-05 -0.000103396 -0.000135142 -0.000170719 -0.000207523 -0.000266696 -0.00034499 -0.000435035 -0.000531333 -0.000618954 -0.000681249 -0.000716062 -0.000725786 -0.000710813 -0.000679775 -0.000627716 -0.000571123 -0.000513075 -0.000451135 -0.000399588 -0.000364008 -0.00032516 -0.00031027 -0.000309679 -0.000309934 -0.000321787 -0.000337326 -0.000334675 -0.000338067 -0.000339956 -0.000343426 -0.000357555 -0.000380004 -0.000397343 -0.000406679 -0.000394457 -0.000361907 -0.000304379 -0.000232254 -0.000159861 -9.27611e-05 -3.11746e-05 1.83236e-05 5.51477e-05 9.19114e-05 0.00012033 0.000134179 0.000149067 0.000167812 0.0001699 0.000172999 0.000173328 0.000186596 0.000207359 0.000217057 0.000216607 0.000222972 0.000218711 0.000234002 0.000255134 0.000273374 0.00028991 0.000297581 0.000296026 0.000304323 0.000313678 0.000328563 0.000353099 0.000376754 0.000398022 0.00041341 0.000433609 0.000458818 0.000499711 0.000541345 0.000577905 0.000607876 0.000650611 0.00070629 0.000779827 0.000875163 0.000980635 0.00110155 0.00124265 0.00140032 0.00158963 0.0018232 0.00208484 0.00236833 0.00265951 0.00297003 0.00329147 0.00361743 0.00393573 0.00420337 0.00441201 0.00452912 0.00453878 0.00444103 0.00422336 0.00387425 0.00336457 0.00271123 0.00193272 0.00104411 8.91203e-05 -0.000901138 -0.0018905 -0.0028592 -0.00377642 -0.00460579 -0.0053261 -0.00590586 -0.00633604 -0.00661628 -0.00675847 -0.00678801 -0.00672563 -0.00659445 -0.00640954 -0.00619707 -0.00598981 -0.00580753 -0.00567657 
0 0.00179304 0.00353659 0.00522059 0.00680788 0.00826257 0.00953866 0.0106407 0.0115257 0.0121472 0.0124799 0.012496 0.0121686 0.0114751 0.010458 0.00914198 0.00757907 0.00581569 0.00392805 0.00197047 3.76971e-06 -0.00189345 -0.00367433 -0.0052452 -0.00658235 -0.0076479 -0.00845732 -0.0089973 -0.00927562 -0.00934356 -0.00918923 -0.00885457 -0.00838077 -0.00783392 -0.00723273 -0.00660442 -0.00597254 -0.00536225 -0.00477644 -0.0042457 -0.00376022 -0.00332386 -0.00296909 -0.00263977 -0.00235963 -0.00210429 -0.00190043 -0.00172846 -0.00157766 -0.00145454 -0.00133879 -0.00123726 -0.0011555 -0.00106527 -0.000986275 -0.000936691 -0.000875553 -0.000833196 -0.000774234 -0.000720445 -0.000674196 -0.000641646 -0.000601282 -0.000560199 -0.000515493 -0.000477146 -0.000438293 -0.000406623 -0.000371687 -0.00032945 -0.000289785 -0.000249397 -0.000225385 -0.000196896 -0.000167367 -0.000145618 -0.000167838 -0.000205426 -0.000250592 -0.000313291 -0.00042124 -0.000544764 -0.000707423 -0.000879348 -0.00105073 -0.00119912 -0.00132 -0.00140248 -0.00144902 -0.00142579 -0.00137001 -0.00127038 -0.00113553 -0.000999497 -0.000881698 -0.000772395 -0.00070597 -0.000665891 -0.000647291 -0.000636225 -0.000639229 -0.000641161 -0.00064006 -0.000643954 -0.000662079 -0.000667158 -0.000697808 -0.000738338 -0.000767663 -0.00079151 -0.00079835 -0.000750752 -0.000684801 -0.000586392 -0.00047102 -0.000339409 -0.000200923 -6.39693e-05 4.75874e-05 0.000148514 0.000201093 0.000241018 0.000281826 0.000317373 0.000324242 0.000339938 0.000353497 0.000366456 0.000376665 0.000400857 0.000421454 0.000445897 0.000453423 0.000459825 0.0004836 0.000506093 0.000527104 0.000542638 0.000559495 0.000581193 0.000612165 0.00064029 0.000674764 0.000698325 0.000748721 0.000780456 0.000820319 0.000866461 0.000912948 0.000983359 0.00106744 0.00113679 0.00122536 0.00132899 0.00145125 0.00160741 0.00177489 0.00198954 0.00222627 0.00252238 0.002851 0.00323088 0.00368849 0.00420392 0.00475828 0.00535057 0.00597094 0.00660368 0.00723819 0.00782261 0.00833397 0.00870953 0.00893311 0.0089387 0.00872091 0.00827467 0.00755029 0.00654182 0.00525232 0.00373625 0.00200781 0.000140562 -0.00179777 -0.00374373 -0.00564801 -0.00744809 -0.00907706 -0.010495 -0.0116436 -0.0125164 -0.0130936 -0.0134114 -0.0134942 -0.0133927 -0.013154 -0.0128001 -0.0124066 -0.0120068 -0.0116667 -0.0114129 
0 0.00264562 0.00522059 0.00770048 0.0100435 0.0121843 0.0140649 0.0156778 0.0169577 0.01784 0.0182915 0.0182806 0.0177823 0.0167637 0.015287 0.0133863 0.0111161 0.00856419 0.00580822 0.00296681 0.000111246 -0.00263905 -0.0052035 -0.00750517 -0.00945712 -0.0110642 -0.0122823 -0.013107 -0.0135554 -0.0136708 -0.0135071 -0.0130644 -0.0124406 -0.0116866 -0.0108277 -0.00991799 -0.00899058 -0.00809726 -0.00725108 -0.00646916 -0.00574417 -0.00508511 -0.00451593 -0.00402737 -0.00359012 -0.00322631 -0.00292307 -0.00264976 -0.00241306 -0.0021996 -0.00201749 -0.00187134 -0.00175248 -0.00162246 -0.0015086 -0.00140403 -0.0013219 -0.00124202 -0.00116904 -0.00110101 -0.0010296 -0.000977375 -0.000913801 -0.000834886 -0.000774086 -0.000720016 -0.000665696 -0.000634204 -0.00055409 -0.000488107 -0.000439774 -0.000387615 -0.000338605 -0.000301167 -0.000258859 -0.000254545 -0.000248139 -0.000277198 -0.000368137 -0.000492895 -0.000637779 -0.000835405 -0.00106722 -0.00130959 -0.00155601 -0.00178275 -0.00195968 -0.0020834 -0.00214876 -0.00213766 -0.00205882 -0.00189722 -0.00169996 -0.00149667 -0.00130165 -0.00115838 -0.00107993 -0.0010091 -0.000990509 -0.000989227 -0.000971324 -0.000968861 -0.000976773 -0.000959703 -0.000979021 -0.00101141 -0.00105336 -0.0011099 -0.00116298 -0.00118355 -0.00117293 -0.0011113 -0.00101445 -0.000871272 -0.000695632 -0.000507993 -0.000311087 -0.000107122 7.38094e-05 0.000213846 0.000327354 0.000396656 0.000420105 0.00044818 0.000495127 0.000515007 0.000536399 0.000541992 0.000567276 0.000608786 0.000632751 0.000648205 0.000686325 0.000695152 0.000731536 0.000761206 0.000776418 0.000801624 0.000833477 0.000868654 0.000930716 0.000976795 0.0010108 0.00105452 0.00110743 0.00117541 0.00124546 0.00132322 0.00139551 0.00149184 0.00159755 0.00171608 0.00185275 0.00203538 0.00224017 0.00246617 0.0027306 0.00303409 0.0034086 0.00386539 0.00437401 0.00495059 0.0056234 0.00637051 0.00719396 0.00806611 0.00899147 0.00991769 0.0108066 0.0116279 0.0123018 0.0128209 0.0131032 0.0130809 0.0127291 0.0120132 0.0109191 0.00940306 0.00752115 0.00531671 0.00281222 0.000104538 -0.00272352 -0.00556394 -0.00834397 -0.0109672 -0.013337 -0.0154032 -0.0170968 -0.0183996 -0.0193016 -0.0198185 -0.0199992 -0.0198992 -0.0195897 -0.0191271 -0.0185915 -0.0180666 -0.017605 -0.0172677 
0 0.003451 0.00680788 0.0100435 0.0130888 0.015871 0.0183068 0.0203773 0.0219982 0.0230868 0.0236092 0.0235415 0.0228585 0.0215385 0.0196482 0.0172255 0.0143452 0.0110892 0.00759243 0.00397313 0.00035334 -0.00312953 -0.00639954 -0.00933104 -0.0118822 -0.0139862 -0.0156273 -0.0167635 -0.0174068 -0.0176513 -0.0175102 -0.0170461 -0.0163193 -0.0154127 -0.0143556 -0.013208 -0.0120347 -0.0108972 -0.00980651 -0.00879648 -0.00784616 -0.00696511 -0.00621191 -0.00552665 -0.00494177 -0.00442522 -0.00399851 -0.00362204 -0.00328153 -0.00299296 -0.00274111 -0.00253577 -0.00237222 -0.00219645 -0.00203065 -0.00190342 -0.00177017 -0.00167129 -0.0015611 -0.00146133 -0.00136939 -0.00129413 -0.00120493 -0.00111603 -0.00103151 -0.000961696 -0.000892577 -0.000829806 -0.000750762 -0.000660387 -0.000578365 -0.000502816 -0.000455428 -0.000405791 -0.000356334 -0.000324972 -0.000358248 -0.000423937 -0.000515854 -0.000646902 -0.000853541 -0.00110017 -0.00141387 -0.00174729 -0.002079 -0.00237023 -0.00260652 -0.0027681 -0.00285424 -0.00281828 -0.00271038 -0.00251824 -0.00226611 -0.00200982 -0.00178352 -0.00158532 -0.00146295 -0.00138722 -0.00135375 -0.00133675 -0.00133723 -0.00133726 -0.00133271 -0.00133049 -0.00135154 -0.00136056 -0.00140873 -0.0014767 -0.00153169 -0.00157154 -0.00157546 -0.00148834 -0.00135706 -0.00116424 -0.000935161 -0.000675556 -0.000401477 -0.000130121 9.80794e-05 0.000295716 0.000411864 0.00049436 0.000567171 0.000631394 0.000659259 0.000694237 0.000723015 0.000746063 0.00076439 0.000802545 0.000837895 0.000881765 0.00090971 0.000935235 0.000984545 0.00102766 0.00106274 0.0010925 0.00113131 0.00118363 0.00125283 0.00131061 0.00136736 0.00141166 0.00150089 0.00158079 0.00168052 0.00178818 0.0018901 0.00202221 0.00217731 0.00232864 0.00252668 0.0027664 0.00304097 0.00336418 0.00371434 0.00415254 0.00466389 0.00529678 0.00599812 0.0067785 0.00767057 0.00865169 0.00970823 0.0108386 0.0120141 0.0131796 0.0142895 0.0152651 0.016077 0.0166529 0.0169523 0.0168526 0.0163176 0.0153297 0.0138355 0.0118479 0.00939823 0.0065667 0.00336814 -9.29462e-05 -0.00370263 -0.00733882 -0.0108938 -0.0142463 -0.0172813 -0.0199368 -0.0221362 -0.02387 -0.0251055 -0.0258743 -0.0262039 -0.0261724 -0.0258679 -0.0253561 -0.0247671 -0.0241695 -0.0236596 -0.0232792 
0 0.00418514 0.00826257 0.0121843 0.015871 0.0192246 0.0221501 0.0246076 0.0265017 0.0277414 0.0282959 0.0281477 0.027287 0.0256951 0.0234465 0.0205884 0.0171908 0.0133711 0.00925741 0.00501498 0.000763596 -0.00334251 -0.00719941 -0.0107058 -0.0137612 -0.0163369 -0.0183675 -0.0198258 -0.0207294 -0.0211441 -0.0211266 -0.0206938 -0.0199483 -0.018964 -0.0177855 -0.0164868 -0.0151292 -0.0137791 -0.0124648 -0.011218 -0.0100449 -0.0089665 -0.00801424 -0.00716541 -0.00639467 -0.00572375 -0.00515447 -0.0046566 -0.00422678 -0.00384922 -0.00351949 -0.00324338 -0.00301069 -0.00278285 -0.00258679 -0.00241823 -0.00227109 -0.00212459 -0.00197659 -0.00183774 -0.00171223 -0.00162227 -0.00152983 -0.00142081 -0.00132139 -0.00122273 -0.00112266 -0.00104418 -0.000927471 -0.000825442 -0.000744183 -0.000658471 -0.000577004 -0.0005082 -0.000447593 -0.000439423 -0.000459618 -0.000529934 -0.000666498 -0.000846748 -0.0010703 -0.00137205 -0.00174468 -0.00215256 -0.00256956 -0.00294771 -0.00323807 -0.0034286 -0.0035136 -0.00347687 -0.00334234 -0.00310632 -0.00281947 -0.00252553 -0.00224622 -0.00202424 -0.00188055 -0.00176722 -0.0017223 -0.00171339 -0.00170506 -0.00171476 -0.00172611 -0.00170617 -0.00170999 -0.00172182 -0.00175591 -0.00182199 -0.0018957 -0.00194325 -0.00194365 -0.00185649 -0.0016943 -0.00144812 -0.00114275 -0.000815509 -0.000483189 -0.000158827 0.000121949 0.000347123 0.000525421 0.000649423 0.000722899 0.000787922 0.000851448 0.000882676 0.000907234 0.000920609 0.000960053 0.00102306 0.00106693 0.00109708 0.0011374 0.00115755 0.00121667 0.00128157 0.0013347 0.00138998 0.00144031 0.00148953 0.00156508 0.00163334 0.00170224 0.00178942 0.0018959 0.00201206 0.00212951 0.00225802 0.00239593 0.00257683 0.00278213 0.00299914 0.00324427 0.00355094 0.00391107 0.00433205 0.00482456 0.00539357 0.00606575 0.00685736 0.00773634 0.00871964 0.00983164 0.0110393 0.012326 0.0136626 0.0150371 0.016381 0.0176299 0.0187214 0.019568 0.0201424 0.0203528 0.0201007 0.0193449 0.0180479 0.0161923 0.0137545 0.0108095 0.00742181 0.00362569 -0.000463665 -0.00472941 -0.00902409 -0.0132308 -0.0172076 -0.0208253 -0.0240112 -0.026688 -0.0288347 -0.0304297 -0.031482 -0.0320325 -0.0321533 -0.0319397 -0.0314848 -0.0309143 -0.0303383 -0.0298346 -0.0294658 
0 0.00482878 0.00953866 0.0140649 0.0183068 0.0221501 0.0254823 0.0282459 0.030345 0.0316883 0.0322473 0.0320161 0.0309875 0.0291616 0.0266109 0.0233954 0.0196019 0.0153476 0.0107875 0.00607348 0.00134417 -0.00324823 -0.00759119 -0.0115527 -0.0150495 -0.0180185 -0.0204198 -0.0222163 -0.0234173 -0.0240877 -0.0242474 -0.0239384 -0.0232464 -0.0222685 -0.0210607 -0.0196898 -0.0182202 -0.016715 -0.0152101 -0.0137591 -0.0123818 -0.0111063 -0.00997014 -0.00892791 -0.00798326 -0.00714049 -0.00642412 -0.00580761 -0.00527036 -0.00480122 -0.00438263 -0.00402006 -0.00370984 -0.00341799 -0.00316357 -0.00295812 -0.00276736 -0.0025943 -0.00241577 -0.00224943 -0.00210279 -0.00198443 -0.00186011 -0.00172729 -0.00159636 -0.00147334 -0.00135536 -0.00124959 -0.00112869 -0.00100748 -0.000898968 -0.000796132 -0.000709906 -0.000626948 -0.000554787 -0.000525324 -0.000564282 -0.000659267 -0.000807763 -0.00101321 -0.00129794 -0.00165578 -0.00209468 -0.0025696 -0.00304418 -0.00346913 -0.00381021 -0.00404362 -0.00415816 -0.00412332 -0.00397138 -0.00370529 -0.00336799 -0.00302172 -0.00270931 -0.00245609 -0.00229509 -0.00219533 -0.00215328 -0.00213709 -0.0021287 -0.00212013 -0.00210449 -0.00208099 -0.00207907 -0.00208334 -0.0021252 -0.00219659 -0.00226531 -0.00230828 -0.00229548 -0.00217969 -0.0019841 -0.00170306 -0.00136187 -0.000980702 -0.000580627 -0.000186609 0.000158849 0.000447371 0.000650161 0.000793049 0.000898708 0.000982423 0.00103437 0.00107277 0.00110253 0.00112955 0.00116792 0.00122917 0.00128615 0.00133833 0.00137765 0.00141059 0.00147178 0.00153987 0.00160294 0.00166321 0.0017261 0.00179748 0.00188885 0.00197841 0.00207359 0.0021773 0.00231279 0.00244489 0.00258493 0.00273785 0.00291301 0.00314512 0.0034184 0.00370358 0.00402919 0.00441435 0.00487027 0.00541519 0.00604151 0.00677218 0.0076039 0.0085637 0.00962407 0.0108051 0.0121288 0.0135526 0.0150328 0.0165388 0.0180401 0.0194806 0.0207977 0.0219032 0.0227242 0.0231895 0.0232311 0.0227482 0.0217106 0.0201009 0.017882 0.0150543 0.0116716 0.00781696 0.00353867 -0.00104627 -0.00580713 -0.010605 -0.0153128 -0.0197876 -0.0238959 -0.0275502 -0.0306701 -0.0332279 -0.0351945 -0.0365827 -0.0374236 -0.037794 -0.0377849 -0.0374896 -0.0370484 -0.0365663 -0.0361391 -0.0358197 
0 0.00538491 0.0106407 0.0156778 0.0203773 0.0246076 0.0282459 0.0312197 0.0334411 0.0348284 0.0353598 0.0350341 0.0338517 0.0318294 0.0290423 0.0255712 0.0215126 0.0169911 0.0121558 0.00714986 0.00210857 -0.00282189 -0.00751099 -0.0118235 -0.0156673 -0.0189818 -0.0217284 -0.0238717 -0.0254104 -0.0263819 -0.0267976 -0.0266966 -0.026162 -0.0252896 -0.0241404 -0.0227755 -0.0212624 -0.0196656 -0.0180365 -0.0164298 -0.0148794 -0.0134208 -0.0120878 -0.0108574 -0.00973271 -0.00872528 -0.00785096 -0.00708734 -0.00641231 -0.00581849 -0.00529657 -0.0048504 -0.00446577 -0.00411161 -0.00379444 -0.00352575 -0.00328555 -0.00307174 -0.00286695 -0.00267631 -0.00250367 -0.00234909 -0.00219052 -0.0020279 -0.00187571 -0.00173821 -0.00160902 -0.00147946 -0.00133311 -0.00118518 -0.00105637 -0.000942995 -0.000847736 -0.000760353 -0.000688071 -0.000654381 -0.000685645 -0.000785165 -0.00095836 -0.00120643 -0.00153907 -0.00195289 -0.00244492 -0.00297438 -0.00350114 -0.00397771 -0.00436476 -0.00463641 -0.0047736 -0.00475138 -0.00458511 -0.00429002 -0.00391459 -0.00352878 -0.00318589 -0.00292147 -0.00275542 -0.00266255 -0.0026241 -0.00260842 -0.00259186 -0.0025673 -0.00253036 -0.00248867 -0.00246698 -0.00246672 -0.00250535 -0.00257372 -0.00263801 -0.00266921 -0.00263333 -0.00249687 -0.00227025 -0.001955 -0.00157064 -0.0011392 -0.000680308 -0.000222541 0.0001905 0.000535319 0.000785565 0.000954161 0.00106803 0.00115468 0.0012192 0.00127166 0.00130995 0.00134213 0.00138347 0.00144243 0.00150065 0.00155918 0.00161277 0.00166799 0.00174027 0.0018148 0.00188128 0.00194829 0.00202585 0.00212236 0.00223747 0.00234989 0.00245977 0.00258006 0.00273275 0.00289919 0.00308168 0.00327949 0.00350363 0.00378122 0.00410781 0.00446627 0.00488166 0.00537191 0.00594811 0.00662182 0.00739341 0.00828082 0.00928887 0.0104288 0.0116789 0.0130499 0.0145521 0.0161449 0.0177721 0.0193917 0.0209605 0.022423 0.0237136 0.0247454 0.0254403 0.0257221 0.0255196 0.0247533 0.0234034 0.0214632 0.0189051 0.0157284 0.0119848 0.00775439 0.00310747 -0.00183935 -0.00695338 -0.0121032 -0.0171675 -0.0220109 -0.026506 -0.030553 -0.03407 -0.0370154 -0.0393606 -0.0411152 -0.0423109 -0.0430204 -0.0433235 -0.0433099 -0.0431068 -0.0428186 -0.0425374 -0.0423188 
0 0.00583284 0.0115257 0.0169577 0.0219982 0.0265017 0.030345 0.0334411 0.0357143 0.0370991 0.0375809 0.037159 0.0358464 0.0336777 0.030733 0.0271161 0.0229243 0.018291 0.0133375 0.00820632 0.00301927 -0.00208858 -0.00697165 -0.0115207 -0.0156216 -0.0192356 -0.0222997 -0.0247817 -0.0266722 -0.027971 -0.0287082 -0.0288985 -0.0286238 -0.0279519 -0.0269432 -0.0256605 -0.0241783 -0.0225675 -0.0208945 -0.0191959 -0.0175164 -0.0159014 -0.0143761 -0.0129697 -0.0116638 -0.0104924 -0.00944574 -0.00851114 -0.00767911 -0.00694102 -0.0063051 -0.00576786 -0.00529862 -0.00487329 -0.0044893 -0.004144 -0.00385267 -0.00358331 -0.00334203 -0.00311584 -0.00290798 -0.00271546 -0.00252937 -0.00234046 -0.00217184 -0.00201652 -0.00186899 -0.00171771 -0.00154205 -0.00137098 -0.00122289 -0.00109629 -0.000983898 -0.000892411 -0.000820792 -0.000802183 -0.000833751 -0.000942625 -0.00113858 -0.00141567 -0.00176876 -0.00223034 -0.00277052 -0.00335945 -0.00394765 -0.00448395 -0.00491302 -0.00521203 -0.00535246 -0.00533358 -0.00515195 -0.00484059 -0.00445594 -0.00406029 -0.0037026 -0.00343687 -0.00326278 -0.00316225 -0.00312085 -0.00310931 -0.00308874 -0.00306079 -0.00301608 -0.00295243 -0.00289632 -0.00287358 -0.00288161 -0.00292818 -0.0029872 -0.00301383 -0.00296615 -0.00282258 -0.00256468 -0.00220796 -0.00176501 -0.0012722 -0.000753289 -0.000240255 0.000228675 0.000607044 0.000904348 0.00110866 0.00124198 0.00134141 0.0014307 0.00148877 0.0015321 0.0015616 0.00160568 0.00166274 0.00172239 0.00178053 0.00185152 0.00192416 0.00201154 0.0021022 0.00218012 0.00226135 0.00235251 0.00246525 0.00259824 0.0027312 0.00285535 0.00300309 0.00317174 0.00338266 0.00361419 0.00386856 0.00415545 0.00448815 0.00487082 0.00531374 0.00582646 0.00643982 0.00715467 0.00796533 0.00889435 0.0099379 0.0111343 0.0124637 0.0139096 0.0154595 0.0171011 0.0188017 0.0205107 0.0221735 0.0237423 0.0251492 0.0263168 0.0271783 0.0276436 0.0276672 0.0271599 0.026076 0.0243963 0.0221148 0.0192371 0.0157531 0.0117299 0.00722839 0.00233871 -0.00283118 -0.00815685 -0.0135129 -0.0187922 -0.0238735 -0.0286452 -0.0330022 -0.0368658 -0.0401765 -0.0429109 -0.0450677 -0.0466839 -0.047819 -0.0485375 -0.0489218 -0.0490619 -0.0490613 -0.0489893 -0.0489142 
0 0.00615047 0.0121472 0.01784 0.0230868 0.0277414 0.0316883 0.0348284 0.0370991 0.0384548 0.0388766 0.0383772 0.0369714 0.0347295 0.0317249 0.0280719 0.0238815 0.0192544 0.0143287 0.00920525 0.00402609 -0.00109947 -0.00604824 -0.0106989 -0.0149898 -0.0188252 -0.0221679 -0.0249586 -0.0271779 -0.0288353 -0.0299225 -0.0304868 -0.0305484 -0.0301639 -0.0293877 -0.0282757 -0.0269133 -0.0253753 -0.0237197 -0.0219909 -0.0202302 -0.0184901 -0.0168219 -0.0152389 -0.0137759 -0.0124266 -0.0112026 -0.0101038 -0.0091108 -0.0082327 -0.00746896 -0.00680681 -0.00622637 -0.00571045 -0.00524184 -0.00484034 -0.0044772 -0.00415914 -0.0038622 -0.00358706 -0.00334695 -0.0031209 -0.00290309 -0.00269881 -0.00249304 -0.00230351 -0.00212842 -0.00193745 -0.00176397 -0.00158081 -0.00140607 -0.00126083 -0.00114028 -0.00102914 -0.000955551 -0.000924662 -0.000990526 -0.00112959 -0.00132739 -0.00160974 -0.00200587 -0.00249326 -0.00307848 -0.0037267 -0.00436914 -0.0049452 -0.00541842 -0.0057405 -0.00589062 -0.00586545 -0.00567718 -0.00536965 -0.00498388 -0.00458526 -0.00424081 -0.00396983 -0.003786 -0.00370338 -0.00366198 -0.00364169 -0.0036327 -0.00359266 -0.00351898 -0.00344344 -0.00335404 -0.00328414 -0.00326165 -0.00327826 -0.00331263 -0.00333114 -0.00327821 -0.00311794 -0.00283059 -0.00243064 -0.00194471 -0.00138977 -0.000806097 -0.000241862 0.000269968 0.000706047 0.00102607 0.00126083 0.00144628 0.00157951 0.00165601 0.0017177 0.0017537 0.00179473 0.0018359 0.00188921 0.00196291 0.00204167 0.00210026 0.00218551 0.00227338 0.0023746 0.00248119 0.00257734 0.00268655 0.00281861 0.00295658 0.00310987 0.00327079 0.00344448 0.00366043 0.00390039 0.00417767 0.00448417 0.0048381 0.00524812 0.00572341 0.00626638 0.00690573 0.00764739 0.00850868 0.00948582 0.0105711 0.0117991 0.0131667 0.0146731 0.0162913 0.0179865 0.0197299 0.0214886 0.0232073 0.0248454 0.0263288 0.0275922 0.0285561 0.0291347 0.0292973 0.0289658 0.0281082 0.0266765 0.0246504 0.022049 0.0188615 0.0151398 0.0109153 0.00626346 0.00126867 -0.00398762 -0.00937978 -0.014814 -0.020179 -0.0253817 -0.0303277 -0.0349143 -0.0390719 -0.0427329 -0.0458651 -0.0484685 -0.0505632 -0.0521986 -0.0534209 -0.0542884 -0.0548701 -0.0552276 -0.055432 -0.0555374 
0 0.00632312 0.0124799 0.0182915 0.0236092 0.0282959 0.0322473 0.0353598 0.0375809 0.0388766 0.0392367 0.0386694 0.0372266 0.0349866 0.0320239 0.0284569 0.024373 0.0198943 0.0151067 0.0101412 0.0051077 9.44388e-05 -0.00477458 -0.00944605 -0.0138057 -0.0178073 -0.0213559 -0.0244121 -0.0269622 -0.0289651 -0.0304537 -0.0314142 -0.0318746 -0.0318499 -0.0313937 -0.0305594 -0.0294165 -0.0280227 -0.0264592 -0.024749 -0.0229653 -0.0211735 -0.0193865 -0.0176866 -0.016052 -0.0145406 -0.0131399 -0.0118716 -0.0107317 -0.0096995 -0.00878456 -0.00797841 -0.00725517 -0.00662908 -0.00608458 -0.00559245 -0.00517831 -0.00478138 -0.00442824 -0.00410247 -0.00381936 -0.00355666 -0.00331857 -0.00307344 -0.00283669 -0.00260723 -0.00239513 -0.00218507 -0.00197837 -0.00178705 -0.00161571 -0.00146151 -0.00130832 -0.00119029 -0.00111192 -0.00110157 -0.00114114 -0.00127549 -0.00151392 -0.00184543 -0.00225066 -0.00278698 -0.00339933 -0.0040743 -0.00474926 -0.0053695 -0.00586622 -0.00621673 -0.00638181 -0.00638679 -0.00620174 -0.00588939 -0.00550603 -0.00511174 -0.00476295 -0.00452334 -0.00436503 -0.00429205 -0.0042641 -0.0042581 -0.00422704 -0.00416757 -0.00407152 -0.00394904 -0.0038111 -0.00372342 -0.00366349 -0.00364769 -0.00365913 -0.00364455 -0.00354966 -0.0033729 -0.003058 -0.0026346 -0.00210083 -0.00150432 -0.000877714 -0.000260078 0.000319478 0.0007889 0.00118629 0.0014719 0.00165841 0.00178385 0.00189243 0.00195054 0.00198858 0.00201656 0.00207455 0.00214639 0.0022254 0.00229197 0.0023678 0.00245061 0.0025416 0.00265473 0.00277447 0.00290394 0.00303541 0.00318189 0.00333719 0.00351537 0.00370472 0.00394052 0.00418539 0.00448438 0.00480145 0.00516093 0.00559376 0.00609631 0.00667954 0.00736318 0.00813034 0.00901797 0.0100376 0.0111733 0.0124578 0.0138519 0.0153973 0.0170366 0.018774 0.0205672 0.0223605 0.0241249 0.0257996 0.0273215 0.0286332 0.0296626 0.0303238 0.0305719 0.0303398 0.0296239 0.0283615 0.0265664 0.0242128 0.0212981 0.0178723 0.0139547 0.00962672 0.00492158 -6.56127e-05 -0.00527805 -0.0106289 -0.0160215 -0.021374 -0.0265976 -0.0316231 -0.0363591 -0.0407514 -0.0447293 -0.0482654 -0.0513381 -0.0539629 -0.0561555 -0.0579406 -0.0593664 -0.0604477 -0.0612402 -0.0617717 -0.0621047 
0 0.0063345 0.012496 0.0182806 0.0235415 0.0281477 0.0320161 0.0350341 0.037159 0.0383772 0.0386694 0.0380749 0.0366454 0.0344914 0.0316659 0.0282742 0.0244203 0.0201835 0.0156801 0.0109865 0.0062271 0.00145351 -0.00325014 -0.00780668 -0.0121661 -0.0162204 -0.0199219 -0.0232112 -0.0260621 -0.0284359 -0.0303055 -0.0316894 -0.0325638 -0.0329469 -0.0328855 -0.0324109 -0.0315677 -0.0304114 -0.0290064 -0.0274098 -0.0256883 -0.0239012 -0.0220809 -0.0202683 -0.0185151 -0.0168403 -0.015269 -0.0138352 -0.0125241 -0.0113294 -0.010259 -0.00929365 -0.00843169 -0.007684 -0.0070202 -0.00644148 -0.00592286 -0.00546209 -0.00504502 -0.00466437 -0.00433434 -0.00401816 -0.0037217 -0.00345179 -0.00317779 -0.00292438 -0.0026929 -0.0024461 -0.00223445 -0.0020187 -0.00180815 -0.00164109 -0.001503 -0.00138006 -0.00130067 -0.00126798 -0.0013335 -0.00148611 -0.00171488 -0.00205135 -0.00251699 -0.00307843 -0.00372246 -0.00442824 -0.00512069 -0.00574739 -0.0062824 -0.00666276 -0.00685704 -0.00687357 -0.00670306 -0.00640735 -0.00603624 -0.00565199 -0.00533763 -0.00511459 -0.00497976 -0.0049545 -0.00494938 -0.00493653 -0.00490625 -0.00480898 -0.0046592 -0.00450586 -0.00433037 -0.00418908 -0.00409582 -0.00403769 -0.00400418 -0.0039514 -0.00382639 -0.00361213 -0.00326576 -0.00281055 -0.00226526 -0.00162873 -0.000945004 -0.000270273 0.000365197 0.000912442 0.00132859 0.0016353 0.00186883 0.00202742 0.00211975 0.00218994 0.00223724 0.00229157 0.002338 0.00238532 0.0024658 0.00255552 0.00263258 0.00274457 0.00284769 0.00296901 0.00310951 0.00324235 0.00339717 0.00357639 0.00375636 0.00396962 0.00420569 0.0044684 0.00477316 0.00511368 0.00550187 0.00594257 0.00646752 0.00707751 0.00778389 0.00860005 0.00952306 0.0105575 0.0117327 0.0130464 0.0144946 0.0160801 0.0177673 0.0195229 0.0213367 0.0231622 0.0249467 0.026647 0.028192 0.0295177 0.0305539 0.0312528 0.0315534 0.0313976 0.0307749 0.0296307 0.0279706 0.0258096 0.0231333 0.0199691 0.0163345 0.0123141 0.00793734 0.00326474 -0.00162559 -0.00670846 -0.0119055 -0.0171703 -0.0224118 -0.0275743 -0.0325977 -0.0374101 -0.0419803 -0.0462428 -0.0501695 -0.0537295 -0.0569095 -0.0596963 -0.0620879 -0.0641048 -0.06574 -0.0670034 -0.0679166 -0.0685104 
0 0.00617111 0.0121686 0.0177823 0.0228585 0.027287 0.0309875 0.0338517 0.0358464 0.0369714 0.0372266 0.0366454 0.0353083 0.0333145 0.0307109 0.0275938 0.0240512 0.0201816 0.0160495 0.0117419 0.00734001 0.00287862 -0.00155836 -0.00593609 -0.0101712 -0.0142097 -0.0179809 -0.0214447 -0.0245655 -0.027255 -0.0295028 -0.0312902 -0.0326031 -0.0334334 -0.0338137 -0.0337583 -0.0332876 -0.0324362 -0.0312883 -0.0298817 -0.0282954 -0.0265883 -0.0247684 -0.0229302 -0.0210933 -0.0193147 -0.0175976 -0.0159899 -0.0145024 -0.01313 -0.0118932 -0.0107813 -0.00977421 -0.00889256 -0.00811014 -0.00739994 -0.00678803 -0.00623326 -0.00574537 -0.00529769 -0.00489754 -0.00451413 -0.00417364 -0.00385904 -0.00356383 -0.00328722 -0.00302615 -0.00275296 -0.00249524 -0.00225312 -0.00203485 -0.00185285 -0.00169062 -0.00157358 -0.00150407 -0.00149189 -0.00153488 -0.00167886 -0.00193606 -0.00230284 -0.00276323 -0.00334984 -0.00400781 -0.00473031 -0.00545246 -0.00611948 -0.00667012 -0.00706685 -0.00726974 -0.00730713 -0.00715092 -0.0068786 -0.00654517 -0.00620797 -0.00593177 -0.00576099 -0.00566121 -0.0056469 -0.00565142 -0.00565117 -0.00560893 -0.00550089 -0.00532758 -0.00511814 -0.00487335 -0.004676 -0.00451504 -0.0044009 -0.00432488 -0.00423483 -0.00407271 -0.00383799 -0.00346452 -0.00297918 -0.00237783 -0.00169586 -0.000974806 -0.000259004 0.000423947 0.000997044 0.00148204 0.00184264 0.00208823 0.00225167 0.00238078 0.002463 0.00251928 0.00255956 0.00260918 0.00265948 0.00272715 0.00280179 0.00290109 0.00303123 0.00315978 0.00330199 0.00345287 0.00360965 0.00378203 0.00398418 0.00419822 0.00445115 0.00472663 0.00504654 0.00539272 0.0058141 0.00629009 0.00684077 0.00748625 0.0082097 0.0090349 0.00999684 0.0110748 0.0122867 0.013641 0.0151171 0.0167358 0.0184516 0.020259 0.0220813 0.02392 0.02572 0.0274106 0.02896 0.0302939 0.0313364 0.0320301 0.0323327 0.0322015 0.031622 0.0305611 0.0290069 0.026942 0.0244313 0.0214746 0.018093 0.0143487 0.0102852 0.00595469 0.00138124 -0.00335032 -0.0082255 -0.013208 -0.0182577 -0.0233255 -0.0283597 -0.0333228 -0.0381631 -0.0428659 -0.0473795 -0.0516757 -0.0557105 -0.0594483 -0.0628368 -0.0658452 -0.0684726 -0.0706732 -0.072438 -0.0737541 -0.0746334 
0 0.00581754 0.0114751 0.0167637 0.0215385 0.0256951 0.0291616 0.0318294 0.0336777 0.0347295 0.0349866 0.0344914 0.0333145 0.0315569 0.0292502 0.0264765 0.0233345 0.0198966 0.0162207 0.0123543 0.00836974 0.0042891 0.000177112 -0.00392397 -0.00796756 -0.0118966 -0.015667 -0.0192311 -0.0225373 -0.0254921 -0.0280657 -0.0302466 -0.0319943 -0.0332803 -0.0341196 -0.034516 -0.0344709 -0.0340155 -0.0332078 -0.0320855 -0.0307101 -0.0291385 -0.0274012 -0.0255857 -0.0237418 -0.0219022 -0.0200794 -0.0183317 -0.0166862 -0.0151525 -0.0137569 -0.0124797 -0.0113127 -0.0102736 -0.00933988 -0.00849865 -0.00776046 -0.00710746 -0.00653101 -0.0060066 -0.00553628 -0.00508978 -0.00468745 -0.00432731 -0.00398015 -0.00365568 -0.00335332 -0.00305154 -0.00278371 -0.00252833 -0.00228275 -0.00207862 -0.00190658 -0.00177562 -0.00170095 -0.00169245 -0.00176146 -0.00191994 -0.00216844 -0.00252644 -0.00300434 -0.00360003 -0.00427768 -0.00502401 -0.00576522 -0.00644244 -0.00701332 -0.0074209 -0.00763565 -0.00768534 -0.00756228 -0.00733662 -0.00706119 -0.00678132 -0.00656369 -0.0064331 -0.00637208 -0.00639372 -0.00642295 -0.00642652 -0.00638054 -0.00624402 -0.00602861 -0.00577063 -0.00546902 -0.00519466 -0.00495929 -0.00476956 -0.00462937 -0.00449013 -0.00429855 -0.00403493 -0.00363427 -0.00311297 -0.00248051 -0.00175143 -0.000979623 -0.000220565 0.000497928 0.00111601 0.00162662 0.00202582 0.00232712 0.00253539 0.00267083 0.00275125 0.00280447 0.00285164 0.00289618 0.00294106 0.00301749 0.00310732 0.00321151 0.00334709 0.00348044 0.00363263 0.00380783 0.003988 0.00419481 0.00443153 0.00468267 0.00498106 0.00531501 0.00568956 0.0061068 0.00659865 0.00717148 0.00784112 0.00861816 0.00948322 0.0104546 0.0115733 0.0128257 0.0142163 0.015744 0.0173794 0.019119 0.020934 0.0227919 0.0246343 0.0264463 0.028156 0.0296841 0.0309916 0.0320228 0.0327114 0.0330057 0.03287 0.0322799 0.0312357 0.0297374 0.0277656 0.0253324 0.0225084 0.0193099 0.0157792 0.0119742 0.00795378 0.00373048 -0.000673746 -0.00519063 -0.00981314 -0.0145176 -0.0193004 -0.0241302 -0.0289899 -0.0338543 -0.0386941 -0.0435069 -0.0482453 -0.0528834 -0.0573676 -0.0616399 -0.065614 -0.069229 -0.0724539 -0.0752149 -0.0774697 -0.0791848 -0.0803404 
0 0.00529852 0.010458 0.015287 0.0196482 0.0234465 0.0266109 0.0290423 0.030733 0.0317249 0.0320239 0.0316659 0.0307109 0.0292502 0.0273085 0.0249548 0.0222864 0.0193498 0.0161841 0.012812 0.00929494 0.00565204 0.00192639 -0.00184229 -0.00563436 -0.00939462 -0.013091 -0.0166719 -0.0200793 -0.0232297 -0.0260836 -0.0286256 -0.0307849 -0.0325115 -0.0338069 -0.0346726 -0.0350962 -0.0350921 -0.0346891 -0.0339173 -0.0328263 -0.0314709 -0.0298969 -0.0281802 -0.0263873 -0.0245384 -0.0226606 -0.0208197 -0.0190527 -0.0173758 -0.015814 -0.0143578 -0.0130178 -0.0118174 -0.0107355 -0.00975829 -0.00888133 -0.00810429 -0.00741338 -0.00679516 -0.00624572 -0.00573637 -0.00527407 -0.00485675 -0.00444839 -0.00406582 -0.00371399 -0.00337905 -0.00309224 -0.00282704 -0.00257122 -0.00234858 -0.00216035 -0.0020183 -0.00194326 -0.00192973 -0.00199314 -0.00214812 -0.00240434 -0.0027746 -0.00326947 -0.00387057 -0.00455398 -0.00529934 -0.00604144 -0.00672114 -0.00730123 -0.00772231 -0.0079653 -0.0080475 -0.00797035 -0.00779497 -0.00757697 -0.00736037 -0.00721136 -0.00714411 -0.00714333 -0.00720768 -0.00726564 -0.00727706 -0.00722007 -0.00705157 -0.00678688 -0.00646328 -0.00609335 -0.00574271 -0.00543434 -0.00516972 -0.0049546 -0.00474535 -0.00449836 -0.00418971 -0.00376319 -0.0032161 -0.00255849 -0.00179847 -0.000991596 -0.000191875 0.000566748 0.00123742 0.00179693 0.00224211 0.00257429 0.00280289 0.00294898 0.0030393 0.00309369 0.00314437 0.00319419 0.00325009 0.00333335 0.00342868 0.00353475 0.00367084 0.00380809 0.00397251 0.00417756 0.00440009 0.00465394 0.00493032 0.0052201 0.00556327 0.00596422 0.00641852 0.00693499 0.00752538 0.00820788 0.00899957 0.00991239 0.0109314 0.0120717 0.0133637 0.0147922 0.0163477 0.018023 0.0197876 0.0216173 0.0234839 0.0253309 0.0271156 0.0288151 0.0303518 0.0316368 0.0326248 0.0332775 0.0335504 0.0334058 0.0328134 0.0317581 0.0302512 0.0283214 0.0259604 0.0232106 0.0201416 0.0167778 0.0131661 0.00936443 0.00543812 0.00137474 -0.00281332 -0.00708206 -0.0114275 -0.0158389 -0.0203329 -0.0249026 -0.029563 -0.0343091 -0.039133 -0.0440342 -0.0489665 -0.053899 -0.058777 -0.0635252 -0.0680328 -0.072212 -0.0759979 -0.0792891 -0.0820061 -0.0840949 -0.085506 
0 0.00462821 0.00914198 0.0133863 0.0172255 0.0205884 0.0233954 0.0255712 0.0271161 0.0280719 0.0284569 0.0282742 0.0275938 0.0264765 0.0249548 0.0230847 0.0209313 0.0185435 0.0159107 0.0130757 0.0100681 0.00690783 0.00362368 0.000216807 -0.00326728 -0.00681206 -0.0103602 -0.0138789 -0.0173167 -0.0205881 -0.0236678 -0.0265022 -0.0290162 -0.0311421 -0.032873 -0.0342057 -0.0351151 -0.0355799 -0.0356284 -0.035268 -0.0345483 -0.033513 -0.0321831 -0.0306521 -0.0289608 -0.0271635 -0.02529 -0.0234068 -0.0215613 -0.0197669 -0.0180472 -0.016426 -0.014918 -0.0135559 -0.0123274 -0.0111898 -0.0101691 -0.00924577 -0.00842772 -0.00769969 -0.00704596 -0.00644585 -0.00591253 -0.00542037 -0.00496201 -0.00453089 -0.00413098 -0.00376777 -0.00344044 -0.00314758 -0.00287978 -0.00263988 -0.00243519 -0.00229521 -0.0022131 -0.00220039 -0.00224522 -0.00239031 -0.00265707 -0.00304263 -0.00353231 -0.00414457 -0.00482324 -0.00554939 -0.00628108 -0.00696762 -0.00754815 -0.00799223 -0.00826716 -0.00838765 -0.00835995 -0.00824562 -0.0080972 -0.00796461 -0.00789178 -0.00790486 -0.00797692 -0.00808733 -0.00817941 -0.00820756 -0.00812811 -0.00792554 -0.00760918 -0.00720987 -0.00676264 -0.00633324 -0.00593668 -0.00559019 -0.00529044 -0.00500453 -0.00469012 -0.00432505 -0.00386057 -0.00329237 -0.00260367 -0.00182482 -0.000995907 -0.000157042 0.000648751 0.0013536 0.0019706 0.00246364 0.00282125 0.0030661 0.00323803 0.0033397 0.00341339 0.00346427 0.00351887 0.00357842 0.00365214 0.00374397 0.00387235 0.00401987 0.00418246 0.00437078 0.00459539 0.00486164 0.00515572 0.00547714 0.00582402 0.00622706 0.00670302 0.00726036 0.0078811 0.00860194 0.00941115 0.0103417 0.011403 0.0125802 0.0138956 0.0153646 0.0169529 0.0186474 0.0204268 0.0222641 0.0241492 0.0260107 0.027803 0.029454 0.0309503 0.0322237 0.0331817 0.0337877 0.0340076 0.0338164 0.0332006 0.0321397 0.0306282 0.0287003 0.0263724 0.0236865 0.0206806 0.0174433 0.0139988 0.0103665 0.00662905 0.00281555 -0.00105606 -0.0050047 -0.0090039 -0.0130535 -0.0171762 -0.0213784 -0.0256948 -0.0301484 -0.034767 -0.0395634 -0.0445306 -0.0496274 -0.0548058 -0.0600154 -0.0651669 -0.0701346 -0.0748099 -0.0790942 -0.0828555 -0.0859802 -0.0883888 -0.0900128 
0 0.00382986 0.00757907 0.0111161 0.0143452 0.0171908 0.0196019 0.0215126 0.0229243 0.0238815 0.024373 0.0244203 0.0240512 0.0233345 0.0222864 0.0209313 0.019335 0.0174866 0.015418 0.0131231 0.0106466 0.00799579 0.00515177 0.00215431 -0.0010066 -0.00426104 -0.00759954 -0.0109858 -0.0143661 -0.0176918 -0.0208942 -0.0239385 -0.0267307 -0.0292077 -0.0313488 -0.0331331 -0.034504 -0.035451 -0.0359574 -0.0360659 -0.0357871 -0.0351325 -0.0341466 -0.0328574 -0.0313685 -0.0296949 -0.0278989 -0.0260376 -0.0241569 -0.022285 -0.0204592 -0.018696 -0.0170456 -0.0155241 -0.0141163 -0.0128262 -0.011632 -0.0105717 -0.00961676 -0.00875926 -0.00797482 -0.007265 -0.00662084 -0.00606521 -0.00554509 -0.00506338 -0.00461487 -0.0042005 -0.00383778 -0.00350967 -0.00320104 -0.00294275 -0.00274429 -0.00258551 -0.0024953 -0.00246386 -0.00252321 -0.00266864 -0.00291551 -0.00328492 -0.00379662 -0.00438009 -0.00504867 -0.00576697 -0.00648924 -0.00716184 -0.00776519 -0.00821852 -0.00851999 -0.00866841 -0.00870669 -0.00866747 -0.00861671 -0.00858298 -0.00861503 -0.0087023 -0.00884944 -0.00901323 -0.0091435 -0.00917562 -0.00909158 -0.00885005 -0.00847791 -0.0080056 -0.00748409 -0.00694725 -0.00645248 -0.00600145 -0.00560824 -0.00523561 -0.00486326 -0.00443945 -0.00393536 -0.00331654 -0.00261281 -0.00180533 -0.000944491 -8.23717e-05 0.000737847 0.00150566 0.00214282 0.00266999 0.00308134 0.0033747 0.00355237 0.00367205 0.00375217 0.00383237 0.00388194 0.00392339 0.00399135 0.00409284 0.00422721 0.00440348 0.00459639 0.00481343 0.00507356 0.00535957 0.00570025 0.00607472 0.00649521 0.00698337 0.00756289 0.00821373 0.00896853 0.00980679 0.0107733 0.0118677 0.0130898 0.0144392 0.0159188 0.0175389 0.0192739 0.0210753 0.0229183 0.0247897 0.0266407 0.0284502 0.0300968 0.0315507 0.0327623 0.0336798 0.0342499 0.0344199 0.0341828 0.0335167 0.032416 0.0308853 0.028946 0.0266266 0.0239828 0.0210209 0.0178384 0.0144942 0.0110251 0.00745699 0.00381253 0.000167704 -0.0035094 -0.00719679 -0.0109118 -0.0146722 -0.0185007 -0.0224507 -0.0265337 -0.030813 -0.0353156 -0.0400769 -0.0450944 -0.0503145 -0.0556913 -0.0611578 -0.0666235 -0.0719544 -0.0770273 -0.0817157 -0.0858604 -0.0893146 -0.0919774 -0.0937641 
0 0.00293796 0.00581569 0.00856419 0.0110892 0.0133711 0.0153476 0.0169911 0.018291 0.0192544 0.0198943 0.0201835 0.0201816 0.0198966 0.0193498 0.0185435 0.0174866 0.0162111 0.0146873 0.0129567 0.0110083 0.00885297 0.00647714 0.00387725 0.0011049 -0.00183505 -0.00490369 -0.00809635 -0.01136 -0.0146337 -0.0178737 -0.0210251 -0.0240196 -0.0267917 -0.0292944 -0.0314787 -0.0332967 -0.0346963 -0.035694 -0.036283 -0.0364713 -0.0362546 -0.0356434 -0.0347078 -0.0334912 -0.03204 -0.030399 -0.0286198 -0.026768 -0.0248897 -0.022999 -0.0211528 -0.0193705 -0.017687 -0.0161163 -0.0146404 -0.0132958 -0.0120761 -0.0109748 -0.00997779 -0.00905283 -0.00821408 -0.00747759 -0.0068113 -0.00621988 -0.00566673 -0.00514843 -0.00468858 -0.00427144 -0.00390807 -0.00359382 -0.00330355 -0.00306291 -0.00290471 -0.00281275 -0.00278236 -0.00280822 -0.00293332 -0.00318703 -0.00355779 -0.00402478 -0.00460814 -0.00526649 -0.00595892 -0.00667087 -0.00735198 -0.00792528 -0.00838854 -0.00872208 -0.00892265 -0.00903319 -0.00909401 -0.0091427 -0.00922969 -0.00936431 -0.00955657 -0.00978363 -0.00999401 -0.010152 -0.010206 -0.0101013 -0.00983825 -0.00941603 -0.00886221 -0.00824212 -0.00760517 -0.00699318 -0.0064372 -0.00592694 -0.00546088 -0.00500554 -0.00451742 -0.00397555 -0.00334176 -0.00258368 -0.00175058 -0.000872483 1.98782e-05 0.000868676 0.00163492 0.00232942 0.0029111 0.0033491 0.00365962 0.00388121 0.00402682 0.00412795 0.00419117 0.00425143 0.00431819 0.00438207 0.00447884 0.00463283 0.00481688 0.00504002 0.00529027 0.0055742 0.00592563 0.00631645 0.00676129 0.00727514 0.00786364 0.00855336 0.00933826 0.0102063 0.0111976 0.0123145 0.013583 0.0149883 0.0165004 0.0181347 0.0198772 0.0217094 0.0235859 0.0254546 0.0272867 0.0290528 0.0306804 0.0321119 0.0332736 0.0341325 0.0346485 0.0347672 0.0344795 0.033768 0.0326344 0.0310723 0.0290993 0.0267606 0.0241217 0.0212113 0.0180798 0.014782 0.0113947 0.00796551 0.00448839 0.00101643 -0.00245512 -0.00590017 -0.00933929 -0.0127884 -0.0162659 -0.0198491 -0.0235631 -0.0274764 -0.0316135 -0.0360281 -0.0407591 -0.0457931 -0.0511037 -0.0566125 -0.0622645 -0.0679456 -0.0735284 -0.0788814 -0.0838497 -0.0882656 -0.0919503 -0.0947907 -0.0966862 
