0 0 0 0 0 0 0 0 0 0 0 0 0 0 0 0 0 0 0 0 0 0 0 0 0 0 0 0 0 0 0 0 0 0 0 0 0 0 0 0 0 0 0 0 0 0 0 0 0 0 0 0 0 0 0 0 0 0 0 0 0 0 0 0 0 0 0 0 0 0 0 0 0 0 0 0 0 0 0 0 0 0 0 0 0 0 0 0 0 0 0 0 0 0 0 0 0 0 0 0 0 0 0 0 0 0 0 0 0 0 0 0 0 0 0 0 0 0 0 0 0 0 0 0 0 0 0 0 0 0 0 0 0 0 0 0 0 0 0 0 0 0 0 0 0 0 0 0 0 0 0 0 0 0 0 0 0 0 0 0 0 0 0 0 0 0 0 0 0 0 0 0 0 0 0 0 0 0 0 0 0 0 0 0 0 0 0 0 0 0 0 0 0 0 0 0 0 0 0 0 
0 6.42941e-06 9.50281e-06 6.24359e-06 1.26052e-05 1.22342e-05 1.76143e-05 2.00546e-05 2.24443e-05 2.69051e-05 2.45833e-05 3.52668e-05 4.23632e-05 6.21803e-05 8.7355e-05 0.00011646 0.00016228 0.000218957 0.000307494 0.000404468 0.000522846 0.000672126 0.000845226 0.00104964 0.00128083 0.00156584 0.00189561 0.00226594 0.00268972 0.00316078 0.00367213 0.00420496 0.00474324 0.00526876 0.00576379 0.00621643 0.00660447 0.00689977 0.00709594 0.00717725 0.00711336 0.00689523 0.00651798 0.00598787 0.00532064 0.00453852 0.00366328 0.00271749 0.0017318 0.000737303 -0.000251192 -0.00120676 -0.00208439 -0.00287317 -0.0035342 -0.004058 -0.00445943 -0.00473447 -0.00489275 -0.00494237 -0.00488204 -0.00472715 -0.00448807 -0.00417777 -0.00381675 -0.00339865 -0.00294967 -0.00246632 -0.00195569 -0.00144081 -0.000935018 -0.000456973 -5.68057e-05 0.000251437 0.000437564 0.000484479 0.000403591 0.000204086 -0.000102125 -0.000478573 -0.000893123 -0.00132821 -0.00174758 -0.00211299 -0.00239623 -0.00258357 -0.00266655 -0.00265955 -0.00255469 -0.00238295 -0.00218286 -0.00196292 -0.00172491 -0.00150438 -0.00128761 -0.00108243 -0.00090628 -0.000768467 -0.000657166 -0.00058579 -0.000551836 -0.000557192 -0.00058603 -0.000656582 -0.000757066 -0.000873502 -0.00101487 -0.00119384 -0.00137755 -0.00157886 -0.00178136 -0.00194476 -0.00204697 -0.00208719 -0.00203683 -0.00189225 -0.00164509 -0.0013052 -0.000889605 -0.000414417 0.000113579 0.000656791 0.00117718 0.00165431 0.00205684 0.00235639 0.00256189 0.00268177 0.00273208 0.00276548 0.00279229 0.00283488 0.00291696 0.00303383 0.00318917 0.0034022 0.0036476 0.00392773 0.0042158 0.00448335 0.00471208 0.00488358 0.00498796 0.00501439 0.00494216 0.00476529 0.0044621 0.0040209 0.00345426 0.00274907 0.00192878 0.00102275 5.51367e-05 -0.000943094 -0.00193977 -0.0029194 -0.00385425 -0.00470536 -0.00544326 -0.00604544 -0.00650066 -0.0067971 -0.00694091 -0.00694239 -0.00681115 -0.00657496 -0.00625494 -0.0058508 -0.005383 -0.00487736 -0.00435119 -0.00382776 -0.00331722 -0.00284732 -0.00241965 -0.00203853 -0.00171385 -0.00142206 -0.00117806 -0.000972979 -0.000804262 -0.000660026 -0.0005307 -0.000439916 -0.000362217 -0.000299644 -0.000249828 -0.000216935 -0.000198918 -0.000175818 -0.000166103 -0.000160853 -0.000158863 -0.000154062 -0.000149517 -0.000153709 -0.000152158 -0.000150859 -0.000148438 -0.000149532 
0 9.50281e-06 9.36651e-06 1.17601e-05 1.68693e-05 2.28251e-05 2.81348e-05 3.1411e-05 4.32407e-05 4.72907e-05 5.98486e-05 7.58127e-05 0.000101014 0.000143579 0.000192393 0.000267552 0.000348057 0.000476189 0.000638842 0.000829682 0.00106681 0.00134978 0.00171241 0.00211127 0.00259278 0.00316937 0.00383547 0.00459261 0.00543418 0.00637809 0.00738504 0.00843042 0.00948312 0.0105087 0.011466 0.0123532 0.0130924 0.0136639 0.0140318 0.014163 0.0140338 0.0135766 0.0128411 0.0117957 0.0104881 0.00895896 0.00723648 0.00537108 0.00343577 0.00147443 -0.000459002 -0.00231422 -0.00403664 -0.00555929 -0.00687086 -0.00790977 -0.0087188 -0.0092869 -0.00962321 -0.00973183 -0.00964364 -0.00935026 -0.00889947 -0.00831514 -0.00760158 -0.00678641 -0.00589205 -0.00492469 -0.00391233 -0.00290401 -0.00189564 -0.000974325 -0.000173891 0.00044628 0.000833177 0.00094487 0.00080388 0.000393172 -0.000204902 -0.000963995 -0.00181884 -0.00269381 -0.00350444 -0.00422006 -0.00477687 -0.00515027 -0.00530606 -0.00527468 -0.00509093 -0.00478858 -0.00438143 -0.0039185 -0.00344568 -0.00298 -0.00253207 -0.00215092 -0.00181981 -0.00152389 -0.00131398 -0.00118132 -0.00109447 -0.00109628 -0.00117214 -0.00128673 -0.00147206 -0.00173232 -0.00203597 -0.00238662 -0.00277192 -0.00316172 -0.00351942 -0.00383376 -0.00406548 -0.00415447 -0.00405611 -0.00377406 -0.00328912 -0.00261904 -0.00176375 -0.000782808 0.000270611 0.00134262 0.00239119 0.00332341 0.00412073 0.00472184 0.00514372 0.00539796 0.00553257 0.00559265 0.00565803 0.00573509 0.0058857 0.00610995 0.00642029 0.00682227 0.00731066 0.00784277 0.00838871 0.00890707 0.00933485 0.00966229 0.00985669 0.00988316 0.00971084 0.00933705 0.0086938 0.00782168 0.0066902 0.00531489 0.00372009 0.00194906 5.7441e-05 -0.00189645 -0.00386025 -0.00577593 -0.00760445 -0.00927634 -0.0107061 -0.0119066 -0.0127978 -0.0134025 -0.013705 -0.0137188 -0.0134792 -0.0130184 -0.0123929 -0.0116061 -0.0106943 -0.00971126 -0.00869973 -0.00767239 -0.00668959 -0.00575547 -0.00491023 -0.00415212 -0.00348502 -0.00290923 -0.002396 -0.00198671 -0.0016346 -0.0013362 -0.00108221 -0.000886855 -0.000742169 -0.000609624 -0.000514387 -0.000448076 -0.000405698 -0.000362839 -0.000334775 -0.000324991 -0.000316232 -0.000305328 -0.000296425 -0.000301619 -0.000300831 -0.000298173 -0.000296072 -0.000299967 
0 6.24359e-06 1.17601e-05 6.34839e-06 2.43826e-05 2.54276e-05 3.63214e-05 4.34205e-05 5.7775e-05 8.34325e-05 9.7058e-05 0.000139373 0.000173693 0.000240091 0.000325876 0.000429799 0.000577561 0.000757095 0.00101473 0.00130182 0.00165593 0.00210567 0.00264043 0.00327308 0.00399865 0.00487935 0.0058911 0.00701822 0.00828187 0.00966499 0.0111415 0.012663 0.014188 0.0156681 0.0170552 0.0183111 0.0193688 0.0201514 0.0206365 0.0207858 0.0205317 0.019854 0.0187519 0.0172378 0.0153465 0.0131259 0.0106268 0.00791743 0.00509488 0.00226034 -0.000531019 -0.00320776 -0.00566961 -0.00789602 -0.00980438 -0.0113633 -0.0125953 -0.0134736 -0.0140074 -0.0142161 -0.0141097 -0.0137361 -0.0131285 -0.0123148 -0.0113281 -0.0101493 -0.00884117 -0.00741449 -0.00591116 -0.00440827 -0.002946 -0.00157375 -0.000403914 0.000522169 0.00111735 0.00131577 0.00112047 0.000541346 -0.000379776 -0.00153038 -0.00279531 -0.0040934 -0.00531346 -0.00635585 -0.00715666 -0.00768976 -0.00793813 -0.00793317 -0.00765568 -0.00717269 -0.00657542 -0.00589617 -0.00516139 -0.00447036 -0.00380988 -0.00320868 -0.00270538 -0.00231136 -0.00199648 -0.00178293 -0.00166375 -0.00165172 -0.0017211 -0.00191774 -0.00222245 -0.00259829 -0.00305263 -0.00359865 -0.00415005 -0.00472533 -0.00528588 -0.00574243 -0.00604475 -0.00617844 -0.00606107 -0.00566174 -0.00494055 -0.00391266 -0.00262958 -0.0011571 0.000450908 0.00207615 0.00361289 0.00500631 0.00619007 0.00710337 0.00776547 0.00818797 0.00840241 0.00852905 0.00860929 0.00871633 0.008932 0.00926057 0.00971251 0.010318 0.0110034 0.0117566 0.0125124 0.0132058 0.0137942 0.0142295 0.0144717 0.0144723 0.0141687 0.0135465 0.0125662 0.0112254 0.00956471 0.00755672 0.00524688 0.00269502 -4.34389e-05 -0.00288218 -0.00572627 -0.0085142 -0.011164 -0.0135723 -0.0156645 -0.0173929 -0.0187255 -0.0196308 -0.0201119 -0.020183 -0.0198652 -0.0192309 -0.0183421 -0.0172138 -0.015908 -0.0144989 -0.0130334 -0.0115629 -0.010115 -0.00875393 -0.00749407 -0.00635407 -0.005363 -0.00447129 -0.00371196 -0.0030697 -0.00253461 -0.00207778 -0.00167792 -0.00138832 -0.00114702 -0.000951516 -0.000796218 -0.000690073 -0.000624759 -0.000551996 -0.000514595 -0.000492862 -0.000482256 -0.000466199 -0.00045198 -0.000458439 -0.000452757 -0.000449514 -0.000444384 -0.000450504 
0 1.26052e-05 1.68693e-05 2.43826e-05 3.99218e-05 5.24477e-05 5.93163e-05 6.53352e-05 8.87237e-05 0.000110599 0.00014554 0.000189773 0.00024947 0.000342837 0.000461195 0.000630376 0.000827941 0.0011042 0.00144982 0.00185592 0.00235682 0.00296423 0.00371927 0.00457009 0.00557482 0.00675979 0.00810943 0.0096128 0.0112556 0.0130495 0.0149359 0.0168701 0.0188036 0.0206776 0.0224202 0.024002 0.0252936 0.0262394 0.0267827 0.0268771 0.026488 0.0255395 0.0241022 0.0221469 0.0197351 0.0169222 0.0137548 0.0103217 0.00675729 0.00316125 -0.000370399 -0.00375392 -0.00690627 -0.00974101 -0.0122268 -0.014272 -0.0159128 -0.0171162 -0.0178836 -0.0182241 -0.0181902 -0.0177914 -0.0170976 -0.0161402 -0.0149168 -0.0134525 -0.0117881 -0.0099495 -0.00800341 -0.0060479 -0.00410716 -0.00231623 -0.000753793 0.000475738 0.00126647 0.00153209 0.00128557 0.000510772 -0.000665566 -0.0021604 -0.003835 -0.00554124 -0.00712314 -0.00850245 -0.00957391 -0.0102892 -0.0106 -0.010551 -0.0101907 -0.00958219 -0.00877317 -0.00784933 -0.00689393 -0.00595935 -0.00507186 -0.00430431 -0.00364464 -0.00307614 -0.00265925 -0.0023852 -0.00221477 -0.00220424 -0.0023346 -0.00256828 -0.00294397 -0.00345992 -0.00407213 -0.00477675 -0.0055357 -0.00629955 -0.00700493 -0.00761126 -0.00804799 -0.00821929 -0.00803808 -0.00748707 -0.0065282 -0.00518272 -0.00346987 -0.00149813 0.000623293 0.00277505 0.00485798 0.00672465 0.00832469 0.00956519 0.0104648 0.0110416 0.0113678 0.0115331 0.0116675 0.0118177 0.0120963 0.0125191 0.0131024 0.013845 0.0147103 0.0156228 0.0165252 0.0173497 0.0180101 0.0184823 0.0187045 0.0186064 0.0181252 0.0172478 0.0158968 0.0141397 0.011961 0.00938151 0.00643417 0.00317843 -0.000303378 -0.00390877 -0.00753146 -0.0110633 -0.0144194 -0.0174814 -0.0201278 -0.0223657 -0.0240917 -0.0253201 -0.0260187 -0.0261907 -0.0258757 -0.0251291 -0.0240421 -0.0226398 -0.0209977 -0.0192148 -0.0173634 -0.0154736 -0.0136277 -0.0118481 -0.0101985 -0.0086932 -0.0073501 -0.00616753 -0.00511875 -0.00425554 -0.00351759 -0.00289105 -0.00236082 -0.00194707 -0.0016263 -0.00134395 -0.00113009 -0.00097662 -0.000870516 -0.000773171 -0.000705917 -0.000672719 -0.000648603 -0.000624878 -0.000607434 -0.00060937 -0.000604058 -0.000597605 -0.000593534 -0.000601223 
0 1.22342e-05 2.28251e-05 2.54276e-05 5.24477e-05 6.3941e-05 7.81655e-05 9.25195e-05 0.000120038 0.00016288 0.000204049 0.000277257 0.00035954 0.000488143 0.000657721 0.000873233 0.00115547 0.00150806 0.00196922 0.00250525 0.00315957 0.00396711 0.0049286 0.00604372 0.00732376 0.00882473 0.0105166 0.0123694 0.0143833 0.0165384 0.0187893 0.0210778 0.0233484 0.0255322 0.0275542 0.0293424 0.0307879 0.0317906 0.0323116 0.0323096 0.0317243 0.0305328 0.0287582 0.0264178 0.023559 0.0202415 0.0165297 0.0125227 0.00835656 0.00416656 3.75033e-05 -0.003937 -0.0076437 -0.0110291 -0.0140014 -0.0165007 -0.0185362 -0.020073 -0.0211083 -0.0216595 -0.0217466 -0.0214167 -0.0207138 -0.0196706 -0.0183099 -0.0166258 -0.0146801 -0.0125036 -0.0101644 -0.00777345 -0.0054084 -0.00318332 -0.00125786 0.000258167 0.0012314 0.00156728 0.00126347 0.000344689 -0.00110073 -0.00292092 -0.00494707 -0.00703084 -0.00899911 -0.0106977 -0.0120128 -0.0128818 -0.0132716 -0.0132188 -0.0127438 -0.0119448 -0.0109443 -0.00981553 -0.00862476 -0.00747755 -0.00638612 -0.00539682 -0.0045526 -0.00386708 -0.00333689 -0.00297987 -0.0027871 -0.00277367 -0.00291427 -0.00323139 -0.003715 -0.00432984 -0.00507393 -0.00594992 -0.00687434 -0.00782964 -0.0087458 -0.00950348 -0.0100123 -0.0102053 -0.00997733 -0.00928153 -0.00807595 -0.00638213 -0.0042689 -0.00183397 0.000819345 0.00352653 0.00612836 0.00849943 0.0105262 0.0121147 0.0132717 0.0140251 0.0144492 0.0146993 0.0148757 0.0150807 0.0154224 0.0159193 0.0165864 0.0174391 0.0183987 0.019414 0.0203969 0.0212545 0.0219186 0.0223318 0.0224404 0.022176 0.021466 0.0202848 0.0185893 0.0164 0.0137594 0.0106605 0.0071554 0.00331866 -0.000771355 -0.00499635 -0.00923127 -0.0133739 -0.0173114 -0.020907 -0.0240574 -0.0267122 -0.0288193 -0.030344 -0.0312697 -0.0315931 -0.0313317 -0.0305631 -0.0293652 -0.0277788 -0.0258949 -0.0238259 -0.0216488 -0.0194267 -0.0172126 -0.0150763 -0.0130599 -0.0111992 -0.00953143 -0.00802485 -0.00670873 -0.00558705 -0.00463979 -0.00383179 -0.00314055 -0.0026056 -0.00216418 -0.00179675 -0.00150288 -0.00129084 -0.00114259 -0.00100717 -0.000919138 -0.000863109 -0.000828771 -0.000796014 -0.000773173 -0.000772871 -0.000762305 -0.000754874 -0.000746243 -0.000751416 
0 1.76143e-05 2.81348e-05 3.63214e-05 5.93163e-05 7.81655e-05 9.68687e-05 0.000121757 0.000162816 0.000216442 0.000284659 0.000381827 0.000509385 0.00068695 0.000914717 0.00120566 0.00156695 0.00202721 0.00260202 0.00328442 0.0041121 0.0051167 0.00631637 0.00769278 0.00927452 0.0110925 0.0131179 0.015315 0.0176631 0.0201442 0.0227008 0.0252703 0.0277897 0.0301816 0.0323595 0.0342472 0.0357209 0.0366958 0.0371248 0.0369692 0.0361847 0.0347344 0.0326595 0.0299763 0.0267447 0.0230343 0.0189152 0.0144913 0.00990336 0.00527373 0.000699047 -0.00372257 -0.0078834 -0.011694 -0.0150779 -0.0179641 -0.0203593 -0.0222379 -0.0235881 -0.0244089 -0.0247193 -0.0245373 -0.0239088 -0.0228675 -0.0214266 -0.0196051 -0.0174525 -0.0150081 -0.0123498 -0.00959318 -0.00683196 -0.00422851 -0.00195127 -0.000159253 0.000993504 0.0014012 0.00105748 -1.02974e-05 -0.00167893 -0.0037982 -0.00617963 -0.00862587 -0.0109299 -0.0129281 -0.014478 -0.0154927 -0.0159298 -0.0158336 -0.0152665 -0.0143294 -0.0131303 -0.0117735 -0.0103581 -0.00897307 -0.00766288 -0.00649139 -0.00548266 -0.00464439 -0.00400892 -0.00358193 -0.00334698 -0.00332908 -0.00351041 -0.00387753 -0.00443994 -0.00518092 -0.00607468 -0.00710617 -0.00821485 -0.00934451 -0.0104101 -0.0113082 -0.0119278 -0.0121511 -0.0118623 -0.0110099 -0.0095604 -0.00753751 -0.00500337 -0.00208078 0.00108883 0.00433286 0.0074795 0.0103515 0.0128183 0.0147687 0.0161971 0.0171423 0.0177061 0.0180393 0.0182852 0.0185442 0.0189237 0.0194538 0.0201521 0.0210234 0.0220141 0.0230469 0.0240291 0.0248542 0.0254265 0.0256919 0.025593 0.0250683 0.0240636 0.022555 0.0204996 0.0179328 0.0148736 0.01134 0.0073836 0.00308471 -0.0014608 -0.00613457 -0.0108164 -0.0153977 -0.0197684 -0.0237888 -0.0273379 -0.0303674 -0.0328019 -0.0346158 -0.0357794 -0.0362819 -0.0361449 -0.0354306 -0.034218 -0.0325545 -0.0305343 -0.0282779 -0.0258758 -0.0233903 -0.0208941 -0.0184457 -0.0161071 -0.0139201 -0.0119186 -0.0101024 -0.00848534 -0.0070987 -0.00591334 -0.00490015 -0.00404326 -0.00335639 -0.00279759 -0.00232647 -0.00195066 -0.00167026 -0.00146176 -0.00128643 -0.00115852 -0.00107497 -0.00101698 -0.000968494 -0.000936718 -0.000926711 -0.000914972 -0.000905424 -0.000898787 -0.000903426 
0 2.00546e-05 3.1411e-05 4.34205e-05 6.53352e-05 9.25195e-05 0.000121757 0.000162058 0.000219609 0.000293437 0.000392919 0.000524991 0.00070472 0.000940022 0.00123818 0.00161327 0.00207434 0.00265725 0.00336946 0.00422271 0.00524796 0.00647741 0.00793062 0.00958805 0.0114746 0.0135995 0.0159341 0.0184371 0.0210758 0.0238255 0.0266218 0.0293935 0.0320658 0.034554 0.0367694 0.0386288 0.0400201 0.0408708 0.0411371 0.0407842 0.0397758 0.038079 0.0357333 0.0327707 0.029259 0.0252752 0.0208945 0.0162191 0.0113772 0.00647945 0.00162308 -0.00309238 -0.00756431 -0.0116882 -0.0153932 -0.0186148 -0.0213464 -0.0235676 -0.0252529 -0.0263859 -0.0269723 -0.0270174 -0.0265567 -0.0256176 -0.024204 -0.0223405 -0.020063 -0.0174243 -0.0145137 -0.0114548 -0.00837166 -0.00544906 -0.00287163 -0.000833207 0.000493487 0.000987994 0.000621587 -0.000573817 -0.00246416 -0.00487458 -0.00758736 -0.010366 -0.0129786 -0.0152343 -0.0169772 -0.0181117 -0.0186015 -0.0184781 -0.0178189 -0.0167306 -0.0153333 -0.0137514 -0.012105 -0.0104831 -0.00895683 -0.00759212 -0.00641934 -0.00544936 -0.004714 -0.00421133 -0.00393349 -0.00389702 -0.00409944 -0.0045228 -0.00517469 -0.00603795 -0.00708028 -0.00826808 -0.00954948 -0.0108452 -0.0120597 -0.0130798 -0.0137798 -0.0140223 -0.0136877 -0.0126963 -0.011009 -0.00864713 -0.0056865 -0.0022663 0.00143795 0.00522946 0.00890811 0.0122741 0.0151788 0.0175091 0.0192412 0.0204159 0.021145 0.0215776 0.0218783 0.0221656 0.0225471 0.0230691 0.0237514 0.0245856 0.0255275 0.0264856 0.0273629 0.0280464 0.028433 0.028464 0.0280844 0.027241 0.0258978 0.024033 0.0216239 0.0187045 0.0152893 0.0114094 0.00711563 0.00249272 -0.00235495 -0.00731215 -0.0122698 -0.0171267 -0.0217798 -0.0260954 -0.0299498 -0.0332769 -0.0359969 -0.0380762 -0.0394804 -0.0401952 -0.0402411 -0.0396694 -0.0385454 -0.0369204 -0.0348811 -0.0325442 -0.0300078 -0.0273411 -0.0246261 -0.0219239 -0.0193067 -0.0168256 -0.0145151 -0.012397 -0.0104872 -0.00882382 -0.00738543 -0.00614668 -0.00509955 -0.00424018 -0.00353932 -0.00295146 -0.00247765 -0.00211337 -0.00183106 -0.00160418 -0.00143148 -0.00131311 -0.00122844 -0.00116167 -0.00111756 -0.00109503 -0.00107854 -0.0010648 -0.00105615 -0.00105585 
0 2.24443e-05 4.32407e-05 5.7775e-05 8.87237e-05 0.000120038 0.000162816 0.000219609 0.000292488 0.000400309 0.000529316 0.000711774 0.000946054 0.00124866 0.00163504 0.0021021 0.0026964 0.00341634 0.00430125 0.00535472 0.00660387 0.00809357 0.00980642 0.011764 0.0139436 0.0163557 0.0189657 0.0217215 0.0245981 0.0275415 0.030495 0.0333735 0.0360901 0.0385573 0.0406999 0.0424141 0.0436361 0.0442801 0.0443223 0.043735 0.0424694 0.040544 0.0379567 0.0347898 0.031102 0.0269704 0.0224747 0.017708 0.0127692 0.00777265 0.00279795 -0.00206063 -0.00669456 -0.011032 -0.0149694 -0.0184789 -0.0215171 -0.0240622 -0.0260744 -0.0275388 -0.0284274 -0.0287691 -0.0285657 -0.0278256 -0.0265554 -0.0247482 -0.0224383 -0.019693 -0.0166098 -0.0133176 -0.00999629 -0.00680701 -0.00398745 -0.00174192 -0.000268045 0.000301089 -9.89313e-05 -0.00140206 -0.00350636 -0.00618047 -0.00917899 -0.0122474 -0.0151436 -0.0176246 -0.0195382 -0.0207754 -0.0213113 -0.0211622 -0.0203976 -0.0191381 -0.0175457 -0.0157455 -0.0138584 -0.0120103 -0.0102822 -0.00871433 -0.00736951 -0.00628132 -0.00543412 -0.00484535 -0.00453679 -0.00448581 -0.00469278 -0.0051809 -0.00592311 -0.00688872 -0.00807062 -0.00942152 -0.0108613 -0.0123168 -0.013688 -0.0148207 -0.0155755 -0.0158226 -0.0154335 -0.014298 -0.0123734 -0.00966779 -0.00629282 -0.00238589 0.00186066 0.00621309 0.0104207 0.0143004 0.0176529 0.0203792 0.0224334 0.0238575 0.0247518 0.0252938 0.0256217 0.025908 0.0262512 0.0267174 0.0273264 0.0280672 0.0288687 0.0296559 0.0303158 0.0307359 0.0308423 0.0305565 0.0298389 0.0286441 0.0269427 0.0247092 0.0219704 0.0187232 0.0150269 0.0108942 0.00638279 0.00157742 -0.00342677 -0.0085172 -0.0135918 -0.0185715 -0.0233539 -0.0278196 -0.0318756 -0.0354034 -0.0383676 -0.040687 -0.0423389 -0.043305 -0.0435879 -0.0432436 -0.0423049 -0.040827 -0.0388829 -0.0365729 -0.0339917 -0.0312344 -0.028363 -0.0254771 -0.0226319 -0.0198973 -0.0173186 -0.0149095 -0.0127306 -0.01078 -0.00908067 -0.00760001 -0.00633453 -0.00528732 -0.00441224 -0.00369571 -0.00310329 -0.00263792 -0.00226954 -0.00197424 -0.00175251 -0.00158696 -0.00147049 -0.00137913 -0.00131529 -0.00127631 -0.00124842 -0.00123004 -0.00121638 -0.00121058 
0 2.69051e-05 4.72907e-05 8.34325e-05 0.000110599 0.00016288 0.000216442 0.000293437 0.000400309 0.000533 0.000722863 0.000948848 0.0012608 0.00164461 0.00212536 0.00272531 0.00344916 0.0043532 0.00541948 0.0067015 0.00820606 0.00995055 0.0119523 0.0141821 0.0166541 0.0193234 0.0221689 0.0251441 0.028192 0.0312635 0.034284 0.0371638 0.039812 0.0421478 0.0440937 0.0455821 0.0465309 0.0469097 0.0466743 0.0458008 0.0442893 0.0421306 0.0393722 0.0360764 0.0323136 0.028155 0.023669 0.0189343 0.0140527 0.00909286 0.00415332 -0.000688195 -0.00537374 -0.00978813 -0.0138867 -0.0176096 -0.0208994 -0.0237322 -0.0260594 -0.0278417 -0.029082 -0.0297559 -0.0298731 -0.0294191 -0.0283564 -0.0267026 -0.024459 -0.0217004 -0.0185444 -0.015123 -0.0116144 -0.00824922 -0.00523507 -0.00283541 -0.00126343 -0.00066637 -0.00110689 -0.00254283 -0.00480768 -0.00769998 -0.0109642 -0.0142927 -0.0174127 -0.0201112 -0.0221925 -0.0235256 -0.02407 -0.0238453 -0.022973 -0.0215731 -0.0197675 -0.0177351 -0.0156385 -0.0135547 -0.0116069 -0.00986833 -0.00835888 -0.00710256 -0.00615012 -0.00549309 -0.00513087 -0.00506949 -0.00532358 -0.00584746 -0.00664839 -0.0077339 -0.00904948 -0.0105284 -0.0121433 -0.0137575 -0.0152417 -0.0164846 -0.0173212 -0.0175633 -0.0170829 -0.0157696 -0.0135938 -0.010574 -0.00677914 -0.00238137 0.00238087 0.00727758 0.0120587 0.0164588 0.0202897 0.023423 0.0257991 0.0274625 0.0285363 0.0291497 0.0295088 0.0297601 0.0300131 0.0303597 0.0308214 0.031359 0.031943 0.032452 0.0327909 0.0328698 0.0325951 0.0319306 0.0308278 0.0292484 0.0271797 0.0246006 0.021535 0.0180334 0.0141076 0.00982733 0.0052261 0.000366948 -0.00464438 -0.00972521 -0.0147876 -0.0197459 -0.0245204 -0.0290172 -0.0331345 -0.0367967 -0.0399199 -0.0424585 -0.0443555 -0.0455829 -0.0461582 -0.0460915 -0.045421 -0.0441875 -0.0424451 -0.0402722 -0.0377645 -0.0350013 -0.0320813 -0.0290747 -0.0260729 -0.0231438 -0.0203181 -0.0176707 -0.0152112 -0.0129948 -0.0110172 -0.00927644 -0.00778756 -0.00650909 -0.00545605 -0.0045716 -0.0038484 -0.00326327 -0.00278503 -0.00241745 -0.00211979 -0.00190414 -0.00173868 -0.0016166 -0.00153046 -0.0014648 -0.00142891 -0.00139723 -0.00138253 -0.00136971 
0 2.45833e-05 5.98486e-05 9.7058e-05 0.00014554 0.000204049 0.000284659 0.000392919 0.000529316 0.000722863 0.000961592 0.00127339 0.0016643 0.00214935 0.00275846 0.00348546 0.00439301 0.00547159 0.00676235 0.00828758 0.0100508 0.0120808 0.0143359 0.0168499 0.0195702 0.0224681 0.0255127 0.0286426 0.0318093 0.0349228 0.0379171 0.0406998 0.0431744 0.045269 0.0469387 0.0480885 0.0487102 0.0487433 0.0481801 0.047015 0.0452367 0.0429163 0.0400382 0.0367097 0.0329717 0.0288794 0.0245012 0.0199167 0.0151883 0.0104053 0.0056288 0.000917293 -0.00366628 -0.00807454 -0.0122116 -0.0160645 -0.0195407 -0.0226121 -0.025221 -0.0273446 -0.0289233 -0.0299704 -0.0304416 -0.0302986 -0.0295242 -0.0280928 -0.0260059 -0.0233457 -0.0202153 -0.0167422 -0.0131711 -0.00968727 -0.00657891 -0.00410669 -0.00249955 -0.00190248 -0.00241314 -0.0039413 -0.00638765 -0.00948511 -0.0129623 -0.0165202 -0.0198853 -0.0227547 -0.0249456 -0.0263276 -0.0268816 -0.0266037 -0.0255956 -0.0240008 -0.0220095 -0.0197765 -0.0174426 -0.0151411 -0.012992 -0.011028 -0.00933402 -0.00796823 -0.00689782 -0.00614538 -0.00575719 -0.00567745 -0.00592086 -0.00651696 -0.00741369 -0.00857972 -0.0100103 -0.0116314 -0.0133695 -0.0151221 -0.0167631 -0.0181053 -0.0189664 -0.0191835 -0.0186259 -0.0171471 -0.0147069 -0.011317 -0.00711627 -0.002254 0.00304108 0.00850089 0.0138132 0.0187539 0.0230587 0.0266119 0.029322 0.0312311 0.0324458 0.033147 0.0334814 0.0336607 0.033772 0.0339174 0.0341292 0.0343835 0.0346227 0.0347734 0.0347199 0.0343717 0.0336834 0.0325827 0.0310589 0.0290841 0.0266501 0.0237343 0.0204139 0.0166826 0.0126286 0.00828581 0.00370148 -0.00107036 -0.00596465 -0.0109082 -0.0158305 -0.0206658 -0.0253257 -0.0297326 -0.0338358 -0.037506 -0.0407412 -0.0434347 -0.0455513 -0.0470567 -0.0479306 -0.0481982 -0.047851 -0.0469404 -0.0454986 -0.0435731 -0.041241 -0.038599 -0.0357067 -0.0326835 -0.029591 -0.0265185 -0.0235178 -0.0206372 -0.017955 -0.0154591 -0.0132136 -0.0112092 -0.00946025 -0.0079546 -0.00666845 -0.00560975 -0.00472048 -0.00399517 -0.00340325 -0.00293282 -0.00256289 -0.00226836 -0.0020495 -0.0018846 -0.00176433 -0.00167587 -0.00161624 -0.00157779 -0.00155243 -0.0015356 
0 3.52668e-05 7.58127e-05 0.000139373 0.000189773 0.000277257 0.000381827 0.000524991 0.000711774 0.000948848 0.00127339 0.00165791 0.00215729 0.00276397 0.00351228 0.00442359 0.00551366 0.00682825 0.00835229 0.0101447 0.0121885 0.0144779 0.0170037 0.0197507 0.0227005 0.0257773 0.0289571 0.0321808 0.0353685 0.0384282 0.0412887 0.0438619 0.0460633 0.0478379 0.0491374 0.0499154 0.0501383 0.0498083 0.0489053 0.0474373 0.0454497 0.0429846 0.0400678 0.0367684 0.0331286 0.029194 0.025026 0.0206846 0.0162391 0.0117201 0.00720134 0.00272081 -0.0017034 -0.00598385 -0.0100808 -0.0139587 -0.0175323 -0.0207788 -0.0236436 -0.026067 -0.02801 -0.0294163 -0.0302496 -0.030455 -0.0299881 -0.0288447 -0.0270016 -0.0245244 -0.0215242 -0.0181265 -0.0145634 -0.0110911 -0.00796868 -0.0054982 -0.00391877 -0.0033856 -0.00398101 -0.00565271 -0.00824307 -0.0115287 -0.0152312 -0.0190002 -0.0225244 -0.0255486 -0.0278431 -0.029259 -0.0297646 -0.0293825 -0.0282545 -0.0265206 -0.0243177 -0.0218515 -0.0192973 -0.016754 -0.0143754 -0.0122386 -0.0103774 -0.00884108 -0.00766094 -0.0068383 -0.00638518 -0.00628893 -0.00656929 -0.007192 -0.00813836 -0.00941839 -0.0109702 -0.0127057 -0.0145884 -0.0164639 -0.0181779 -0.0195973 -0.0205159 -0.0207171 -0.0200479 -0.0183684 -0.0156546 -0.0119358 -0.00729809 -0.00194033 0.00386483 0.00985425 0.0157274 0.0211804 0.0259666 0.0299235 0.0329506 0.0350845 0.0364449 0.0371693 0.037468 0.0375153 0.037411 0.0372758 0.0371445 0.0369928 0.036815 0.0365172 0.0360081 0.0352172 0.0340644 0.0325182 0.0305558 0.0281756 0.0253943 0.0222074 0.018677 0.0148388 0.0107236 0.00641433 0.00193811 -0.00267204 -0.00734304 -0.0120479 -0.0167314 -0.0213304 -0.025776 -0.030014 -0.0339864 -0.037621 -0.0408759 -0.0436948 -0.0460117 -0.0477815 -0.0489911 -0.0496058 -0.0496298 -0.0490919 -0.0480139 -0.046418 -0.0443677 -0.0419324 -0.0391885 -0.0362217 -0.0331231 -0.0299786 -0.0268348 -0.0237963 -0.0208915 -0.0181645 -0.0156518 -0.0133824 -0.0113858 -0.00961392 -0.00810441 -0.00682616 -0.00575943 -0.00487198 -0.00413666 -0.00356128 -0.00308301 -0.00270934 -0.0024129 -0.00219414 -0.00203384 -0.00190565 -0.00182734 -0.00176571 -0.00173436 -0.00170894 
0 4.23632e-05 0.000101014 0.000173693 0.00024947 0.00035954 0.000509385 0.00070472 0.000946054 0.0012608 0.0016643 0.00215729 0.00277056 0.00351894 0.00443688 0.00553561 0.00685565 0.00840647 0.010199 0.0122662 0.0145861 0.0171466 0.0199094 0.0228809 0.026007 0.0292102 0.0324554 0.0356757 0.0387875 0.0416848 0.044305 0.0465799 0.048432 0.049818 0.0507111 0.0510583 0.0508723 0.0501536 0.0489135 0.0471794 0.0450016 0.0424573 0.0395423 0.0363307 0.0328536 0.0291474 0.0252669 0.0212648 0.0171672 0.0130009 0.0088099 0.00462132 0.00045738 -0.00363174 -0.00759295 -0.0114173 -0.0150216 -0.0183773 -0.0214241 -0.0241044 -0.026336 -0.0280762 -0.0292604 -0.0298187 -0.0297128 -0.0289078 -0.0273673 -0.0251525 -0.0223604 -0.0191207 -0.0156971 -0.0123284 -0.00930973 -0.00694096 -0.00546605 -0.00504448 -0.00578074 -0.00760848 -0.0103977 -0.0138846 -0.017772 -0.0217148 -0.0253995 -0.0285204 -0.0308605 -0.032286 -0.0327702 -0.0323111 -0.0310341 -0.0290971 -0.0266845 -0.0239953 -0.0211998 -0.018432 -0.0158425 -0.0134891 -0.0114462 -0.0097793 -0.00847756 -0.00755882 -0.00706067 -0.0069377 -0.00720808 -0.00787816 -0.0088995 -0.0102539 -0.0119065 -0.0137644 -0.0157582 -0.0177456 -0.0195661 -0.0210354 -0.0219366 -0.0220715 -0.0212932 -0.0194383 -0.0164568 -0.0123724 -0.00731551 -0.00147911 0.00486046 0.0114004 0.0177934 0.023746 0.0289747 0.0333165 0.0366497 0.0389941 0.0404518 0.0411789 0.0413575 0.0411991 0.0408087 0.0403154 0.0397701 0.0391599 0.0384763 0.0376653 0.0366412 0.0353458 0.0337281 0.0317338 0.0293626 0.0266236 0.0235452 0.0201405 0.0164899 0.0125981 0.00851885 0.00430879 2.19814e-06 -0.00436847 -0.00875559 -0.0131407 -0.0174965 -0.0217794 -0.025932 -0.0299207 -0.033714 -0.0372267 -0.0404579 -0.043334 -0.0458055 -0.0478274 -0.0493548 -0.0503446 -0.0507616 -0.0506338 -0.0499663 -0.0487594 -0.0470597 -0.0449269 -0.0424108 -0.0396056 -0.0365857 -0.0334439 -0.0302464 -0.0270902 -0.0240371 -0.0211007 -0.0183527 -0.0158312 -0.0135654 -0.0115327 -0.00975523 -0.0082459 -0.00696487 -0.0058889 -0.0049972 -0.00428413 -0.00370048 -0.00322678 -0.00285446 -0.00257222 -0.00235891 -0.0021915 -0.00207375 -0.0019886 -0.00193254 -0.0018926 
0 6.21803e-05 0.000143579 0.000240091 0.000342837 0.000488143 0.00068695 0.000940022 0.00124866 0.00164461 0.00214935 0.00276397 0.00351894 0.00443533 0.00554743 0.0068717 0.0084391 0.0102542 0.0123205 0.0146589 0.0172413 0.0200398 0.023014 0.02616 0.0294116 0.0326777 0.0359116 0.0390447 0.0419853 0.0446274 0.0469212 0.0488172 0.0502548 0.0512024 0.0516419 0.051544 0.0509382 0.0498523 0.0483111 0.0463531 0.0440415 0.0414519 0.0385837 0.0354993 0.0322318 0.0288115 0.0252808 0.0216677 0.0179725 0.0141971 0.0103775 0.00653416 0.00268106 -0.00114525 -0.00490828 -0.00860408 -0.0121592 -0.015538 -0.0186838 -0.0215319 -0.0239975 -0.0260223 -0.0275298 -0.0284326 -0.0286788 -0.0282186 -0.027012 -0.0251086 -0.022604 -0.0196296 -0.0164426 -0.013291 -0.0104725 -0.00829289 -0.00700926 -0.00679197 -0.00773975 -0.00978842 -0.0127904 -0.0164812 -0.0205523 -0.0246472 -0.0284451 -0.0316539 -0.0340447 -0.0354705 -0.035892 -0.0353241 -0.0338972 -0.031774 -0.0291373 -0.0262055 -0.0231633 -0.0201589 -0.0173461 -0.0147971 -0.0125763 -0.0107506 -0.0093221 -0.00831264 -0.00774927 -0.00759941 -0.00787162 -0.00856369 -0.0096312 -0.0110629 -0.0128106 -0.0147778 -0.0168786 -0.0189573 -0.0208352 -0.0223289 -0.0232124 -0.0232725 -0.0223434 -0.0202723 -0.0170129 -0.0125898 -0.00711795 -0.000807024 0.0060456 0.0131125 0.0200258 0.026456 0.0321041 0.0367843 0.0403729 0.0428807 0.0443972 0.0450685 0.0450788 0.0446399 0.0438803 0.0429477 0.041911 0.0407757 0.0395425 0.0381734 0.0366001 0.0347862 0.0326923 0.0302757 0.027538 0.0244981 0.0211899 0.0176441 0.0139383 0.0100778 0.00610391 0.00206507 -0.00201058 -0.00609711 -0.010153 -0.0141737 -0.0181472 -0.0220483 -0.0258444 -0.0295285 -0.0330825 -0.0364373 -0.0395883 -0.0424733 -0.0450469 -0.0472691 -0.0490869 -0.0504304 -0.0512479 -0.0515468 -0.0513192 -0.0505486 -0.0492643 -0.0475098 -0.0453193 -0.04277 -0.0399272 -0.0368756 -0.0336926 -0.0304862 -0.0273233 -0.0242259 -0.0212724 -0.0185206 -0.0160022 -0.0137053 -0.0116638 -0.00990189 -0.00838938 -0.00709998 -0.0060207 -0.00514583 -0.00442543 -0.00383587 -0.00336515 -0.00300119 -0.00272008 -0.00249926 -0.00233983 -0.00222458 -0.00214771 -0.00209581 
0 8.7355e-05 0.000192393 0.000325876 0.000461195 0.000657721 0.000914717 0.00123818 0.00163504 0.00212536 0.00275846 0.00351228 0.00443688 0.00554743 0.00687654 0.00845601 0.0102784 0.0123721 0.0147068 0.0173037 0.0201277 0.0231252 0.0262756 0.0295349 0.0328468 0.0360975 0.0392323 0.0421889 0.0448681 0.0471785 0.0490816 0.050544 0.0515239 0.0520017 0.0519594 0.0514173 0.0503995 0.0489799 0.0471826 0.0450481 0.0426616 0.0400685 0.0373011 0.0343914 0.0313786 0.0282818 0.0251264 0.0219099 0.0186302 0.0152611 0.0118438 0.00839232 0.00489384 0.00138777 -0.0021283 -0.00563112 -0.00906269 -0.012378 -0.0155363 -0.0184607 -0.0210939 -0.02334 -0.0251199 -0.0263309 -0.026896 -0.0267665 -0.0259035 -0.0243413 -0.0221771 -0.0195502 -0.0166845 -0.013862 -0.0113569 -0.00948326 -0.00849631 -0.00857409 -0.00979059 -0.0121124 -0.0153525 -0.0192673 -0.0235378 -0.0278009 -0.0317119 -0.0350012 -0.0374165 -0.0388176 -0.0391577 -0.0384688 -0.0368789 -0.0345639 -0.0317005 -0.0285269 -0.0252407 -0.0219902 -0.0189327 -0.0161757 -0.013771 -0.0117777 -0.0102252 -0.00912381 -0.00847684 -0.00828466 -0.00855341 -0.00925785 -0.0103688 -0.0118751 -0.0136984 -0.0157445 -0.0179259 -0.0200727 -0.0219865 -0.0234853 -0.0243272 -0.0242912 -0.0231956 -0.0208943 -0.0173352 -0.0125624 -0.006673 9.30946e-05 0.00742409 0.0149742 0.0223701 0.0292269 0.0352583 0.0402353 0.0440359 0.0466545 0.0481771 0.0487233 0.0485063 0.0477123 0.0465118 0.0450711 0.0434821 0.0417735 0.0399677 0.0380243 0.0359015 0.0335832 0.03103 0.0282366 0.0251928 0.0219276 0.0184699 0.0148626 0.0111587 0.00739444 0.00357697 -0.000230395 -0.00401782 -0.00777351 -0.0114609 -0.0150959 -0.0186711 -0.0221704 -0.0255867 -0.0289389 -0.0322106 -0.0353773 -0.0383953 -0.0412378 -0.0438503 -0.0462035 -0.0482575 -0.0499104 -0.0511153 -0.0518444 -0.0520757 -0.0517753 -0.0509532 -0.0496305 -0.0478424 -0.0456298 -0.0430582 -0.0401896 -0.0371013 -0.0339234 -0.0307025 -0.0275034 -0.0243859 -0.0214364 -0.0186906 -0.0161346 -0.0138367 -0.0118047 -0.0100437 -0.00851647 -0.00721959 -0.0061584 -0.00527219 -0.00455187 -0.00396365 -0.00350292 -0.00314142 -0.00285384 -0.00264723 -0.00249158 -0.00239107 -0.00232345 
0 0.00011646 0.000267552 0.000429799 0.000630376 0.000873233 0.00120566 0.00161327 0.0021021 0.00272531 0.00348546 0.00442359 0.00553561 0.0068717 0.00845601 0.0102894 0.0123985 0.0147489 0.0173564 0.0201892 0.0232166 0.0263877 0.0296453 0.0329663 0.0362482 0.0393962 0.0423395 0.0450207 0.0473538 0.0492642 0.0507152 0.0517032 0.0521955 0.0521793 0.0516786 0.0507017 0.0493412 0.0476387 0.0456461 0.0434081 0.0409828 0.0384494 0.0358174 0.0331218 0.0303907 0.0276293 0.0248407 0.0220297 0.0191468 0.0162053 0.0132045 0.0101494 0.00704198 0.00386184 0.000637228 -0.00261841 -0.00585847 -0.00903441 -0.0121118 -0.0150534 -0.0177553 -0.0201542 -0.022129 -0.0235698 -0.0244107 -0.0245829 -0.0240507 -0.0228527 -0.0210596 -0.0188148 -0.0163596 -0.0139383 -0.0118583 -0.0104087 -0.00982889 -0.010281 -0.0118522 -0.0144744 -0.0180101 -0.0221858 -0.0266718 -0.0311201 -0.0351929 -0.0385482 -0.040969 -0.0423275 -0.0425817 -0.0417631 -0.0399999 -0.0374709 -0.0343997 -0.0309907 -0.027439 -0.0239406 -0.020646 -0.017644 -0.015037 -0.0128865 -0.0111869 -0.00996505 -0.00925126 -0.00901288 -0.00924633 -0.00996674 -0.0111256 -0.012666 -0.014545 -0.0166618 -0.018881 -0.0210561 -0.0230011 -0.0244789 -0.0252521 -0.0250935 -0.0238196 -0.0212832 -0.0174153 -0.0122526 -0.00596951 0.00121347 0.00898647 0.0169718 0.0247642 0.0320059 0.0383519 0.0435784 0.0475375 0.0502031 0.0516451 0.0520172 0.0514884 0.0502893 0.0486044 0.0466043 0.0444221 0.0421171 0.0397085 0.037204 0.0345649 0.0317722 0.0288342 0.0257124 0.0224361 0.0190245 0.0154997 0.0119068 0.00829428 0.00466333 0.00106706 -0.00247924 -0.00594941 -0.0093322 -0.0126434 -0.0158773 -0.0190544 -0.0221594 -0.0251937 -0.0281919 -0.031172 -0.0340987 -0.0369702 -0.0397227 -0.0423309 -0.0447733 -0.0469863 -0.0489083 -0.0504481 -0.0515862 -0.0522701 -0.0524493 -0.052111 -0.0512622 -0.0499167 -0.0481163 -0.045892 -0.0432905 -0.0404005 -0.0373109 -0.0341225 -0.0308649 -0.027643 -0.024539 -0.0215816 -0.0188095 -0.0162444 -0.0139601 -0.0119317 -0.0101536 -0.00863077 -0.00734541 -0.00628791 -0.00540003 -0.00468418 -0.00410637 -0.00364417 -0.00328685 -0.00300694 -0.00281195 -0.00266827 -0.00258188 
0 0.00016228 0.000348057 0.000577561 0.000827941 0.00115547 0.00156695 0.00207434 0.0026964 0.00344916 0.00439301 0.00551366 0.00685565 0.0084391 0.0102784 0.0123985 0.0147594 0.0173833 0.0202246 0.0232677 0.0264692 0.0297448 0.0330716 0.0363604 0.0395365 0.0424893 0.0451484 0.0474752 0.0493911 0.0508404 0.0518069 0.0522826 0.0522719 0.0517839 0.0508333 0.049508 0.0478471 0.045945 0.0438241 0.0415251 0.0391377 0.0366884 0.0342363 0.0317721 0.0293194 0.026878 0.0244519 0.0220101 0.0195435 0.0170121 0.0144263 0.0117792 0.00903734 0.00621632 0.00330031 0.000333478 -0.00265823 -0.00563123 -0.00857963 -0.0114257 -0.0141294 -0.0165616 -0.0186261 -0.0202254 -0.0212691 -0.0216984 -0.0214892 -0.0206356 -0.0192213 -0.0174067 -0.0153802 -0.01345 -0.0118724 -0.0109278 -0.0108422 -0.0117801 -0.0137716 -0.0168039 -0.0206734 -0.0251565 -0.0299117 -0.0345708 -0.0387588 -0.0422174 -0.0446835 -0.0460147 -0.0461612 -0.045211 -0.0432811 -0.0405624 -0.0372484 -0.0335839 -0.0297844 -0.0260316 -0.0224705 -0.0192524 -0.0164324 -0.0140629 -0.0122097 -0.0108834 -0.0100574 -0.0097688 -0.00999741 -0.0106967 -0.0118512 -0.0134316 -0.0153376 -0.017484 -0.0197412 -0.0219359 -0.0238479 -0.0252702 -0.0259542 -0.0256664 -0.0241776 -0.0213677 -0.0171902 -0.0117146 -0.00504554 0.00253695 0.0106954 0.0190432 0.0271996 0.0347303 0.0413343 0.0467195 0.0507524 0.0533903 0.054701 0.0548043 0.0539387 0.0522854 0.0500853 0.0475227 0.0447327 0.0418141 0.0388207 0.0357577 0.0326356 0.0294512 0.0261767 0.022833 0.019398 0.0159152 0.0124019 0.00890482 0.00542838 0.00201402 -0.00135108 -0.00460886 -0.00775026 -0.0107755 -0.0136894 -0.0165337 -0.0193167 -0.0220366 -0.0247057 -0.0273648 -0.0300233 -0.0327175 -0.0353861 -0.0380313 -0.0405999 -0.0430681 -0.0454049 -0.0475059 -0.0493333 -0.0508218 -0.0519226 -0.0525721 -0.052723 -0.0523614 -0.051505 -0.050154 -0.0483481 -0.046101 -0.0434827 -0.0405992 -0.037497 -0.0342784 -0.0310025 -0.0277868 -0.0246756 -0.0216879 -0.0189066 -0.0163503 -0.0140647 -0.0120261 -0.010249 -0.00874335 -0.00746625 -0.00641199 -0.00553362 -0.00482553 -0.00425643 -0.00379956 -0.00345366 -0.00318507 -0.00300165 -0.00288008 
0 0.000218957 0.000476189 0.000757095 0.0011042 0.00150806 0.00202721 0.00265725 0.00341634 0.0043532 0.00547159 0.00682825 0.00840647 0.0102542 0.0123721 0.0147489 0.0173833 0.0202278 0.023287 0.026494 0.0298051 0.0331411 0.0364398 0.0396287 0.0426004 0.0452742 0.0475785 0.0494864 0.0509339 0.0518984 0.0523493 0.0523174 0.0518212 0.0508831 0.049567 0.0479233 0.0460528 0.0439909 0.0417885 0.0394969 0.0371742 0.0348716 0.0326183 0.0303953 0.0282166 0.0260799 0.023977 0.0219051 0.019798 0.0176661 0.0154678 0.0131954 0.0108449 0.00838036 0.00580985 0.00316457 0.000449259 -0.00228931 -0.00502882 -0.00773162 -0.0103051 -0.0126775 -0.0147312 -0.0163862 -0.0175643 -0.0181948 -0.0182397 -0.0177112 -0.0166647 -0.0152696 -0.0137355 -0.0123217 -0.0113054 -0.0109434 -0.0114322 -0.0129138 -0.0154403 -0.0189416 -0.023254 -0.0281053 -0.0331425 -0.0380276 -0.042415 -0.0459579 -0.048457 -0.0497938 -0.0499103 -0.0488565 -0.0467579 -0.0438097 -0.0402731 -0.0363562 -0.0322833 -0.0282732 -0.0244669 -0.0209815 -0.0179365 -0.0153794 -0.0133472 -0.0118651 -0.0109489 -0.010584 -0.0107443 -0.0114195 -0.0125818 -0.0141444 -0.016059 -0.0182281 -0.020481 -0.0226545 -0.0245451 -0.0258747 -0.0264095 -0.0259166 -0.0242099 -0.0211728 -0.0167243 -0.0109067 -0.00392424 0.00398629 0.0124915 0.0211656 0.029583 0.0373401 0.0440772 0.0495391 0.0535679 0.0561045 0.0572103 0.0570337 0.0557668 0.0536468 0.0509269 0.0477917 0.0444208 0.0409242 0.0373612 0.0337883 0.0302361 0.0267001 0.0232031 0.0197052 0.016214 0.0127388 0.00929602 0.00593582 0.00265949 -0.000528572 -0.00360438 -0.00656845 -0.00938791 -0.0120482 -0.0146065 -0.0170655 -0.01948 -0.0218468 -0.024182 -0.0265211 -0.02889 -0.0313095 -0.0337697 -0.0362453 -0.0387233 -0.0411809 -0.0435546 -0.0457991 -0.0478283 -0.0496128 -0.0510804 -0.0521628 -0.0527922 -0.0529269 -0.0525693 -0.0517111 -0.0503651 -0.0485337 -0.0462864 -0.0436722 -0.0407774 -0.0376586 -0.0344144 -0.0311498 -0.0279129 -0.0247822 -0.021783 -0.0190027 -0.0164512 -0.0141487 -0.0121185 -0.0103462 -0.00885125 -0.00757561 -0.00652375 -0.00565813 -0.00495567 -0.0044031 -0.00395665 -0.00363065 -0.0033867 -0.00323711 
0 0.000307494 0.000638842 0.00101473 0.00144982 0.00196922 0.00260202 0.00336946 0.00430125 0.00541948 0.00676235 0.00835229 0.010199 0.0123205 0.0147068 0.0173564 0.0202246 0.023287 0.0265123 0.0298351 0.0331955 0.036497 0.0396883 0.0426673 0.0453467 0.0476626 0.0495509 0.0509953 0.0519499 0.0524036 0.0523527 0.0518255 0.0508823 0.049565 0.0479267 0.0460576 0.0440164 0.041865 0.0396426 0.0374042 0.035212 0.0330766 0.0310367 0.0290539 0.0271341 0.025282 0.0234962 0.0217404 0.019975 0.0181786 0.0163229 0.0144047 0.012409 0.0103121 0.00809291 0.00578269 0.00338106 0.000929367 -0.00156065 -0.00402513 -0.00642397 -0.00865503 -0.0106182 -0.0122481 -0.0134537 -0.0141722 -0.0143981 -0.0141224 -0.0134187 -0.0124609 -0.0114152 -0.0105584 -0.010135 -0.0103843 -0.0114988 -0.0136153 -0.0167352 -0.0207972 -0.0255914 -0.0308652 -0.0362566 -0.0414172 -0.0459901 -0.0496969 -0.0523069 -0.053671 -0.0537331 -0.0525974 -0.0503733 -0.047257 -0.0434931 -0.0393176 -0.0349722 -0.0306827 -0.0265925 -0.0228657 -0.0195915 -0.0168118 -0.0146019 -0.0129736 -0.011902 -0.0114271 -0.0115166 -0.012127 -0.0132476 -0.0148067 -0.0167105 -0.0188651 -0.0210908 -0.0232098 -0.0249975 -0.0261978 -0.0265815 -0.0259184 -0.0239784 -0.0206704 -0.0159534 -0.00989162 -0.00263224 0.00555477 0.0143133 0.0232056 0.0318146 0.0396885 0.0464851 0.0519148 0.0558424 0.0582146 0.0590872 0.0585887 0.0569372 0.0543402 0.051091 0.0474011 0.0434633 0.0394336 0.0353865 0.0313811 0.0274813 0.0236914 0.020017 0.0164554 0.012965 0.00955956 0.00624769 0.00307227 2.25691e-05 -0.00287961 -0.00565404 -0.00829553 -0.0107897 -0.0131292 -0.0153522 -0.0174836 -0.0195599 -0.021602 -0.0236336 -0.0256837 -0.0277718 -0.0299441 -0.0321635 -0.0344512 -0.0367957 -0.0391763 -0.0415536 -0.043859 -0.0460441 -0.0480506 -0.0498218 -0.0512917 -0.0523637 -0.0529834 -0.0531331 -0.0527763 -0.0519183 -0.0505462 -0.0487127 -0.0464574 -0.0438298 -0.0409158 -0.03778 -0.0345375 -0.0312572 -0.0280153 -0.0248726 -0.021881 -0.019098 -0.01654 -0.0142383 -0.0122052 -0.0104429 -0.0089393 -0.00767023 -0.00662378 -0.00577252 -0.00508885 -0.00455104 -0.00414028 -0.00384982 -0.00366602 
