0 0 0 0 0 0 0 0 0 0 0 0 0 0 0 0 0 0 0 0 0 0 0 0 0 0 0 0 0 0 0 0 0 0 0 0 0 0 0 0 0 0 0 0 0 0 0 0 0 0 0 0 0 0 0 0 0 0 0 0 0 0 0 0 0 0 0 0 0 0 0 0 0 0 0 0 0 0 0 0 0 0 0 0 0 0 0 0 0 0 0 0 0 0 0 0 0 0 0 0 0 0 0 0 0 0 0 0 0 0 0 0 0 0 0 0 0 0 0 0 0 0 0 0 0 0 0 0 0 0 0 0 0 0 0 0 0 0 0 0 0 0 0 0 0 0 0 0 0 0 0 0 0 0 0 0 0 0 0 0 0 0 0 0 0 0 0 0 0 0 0 0 0 0 0 0 0 0 0 0 0 0 0 0 0 0 0 0 0 0 0 0 0 0 0 0 0 0 0 0 
0 0.000220459 0.000453255 0.000701079 0.000956441 0.00125134 0.00158298 0.00195688 0.00237189 0.00283513 0.0033448 0.00386594 0.0044022 0.00492402 0.00541512 0.00584989 0.006214 0.00650351 0.00667683 0.0067282 0.00662484 0.00635971 0.00593332 0.00534689 0.00462842 0.00379175 0.00288015 0.00190885 0.000898614 -0.000106357 -0.00107637 -0.00197939 -0.00278436 -0.00345705 -0.0039864 -0.00438334 -0.00465219 -0.00479718 -0.00482772 -0.0047434 -0.00456444 -0.00432225 -0.00403211 -0.00371877 -0.00340311 -0.00309329 -0.00278561 -0.00248358 -0.00219813 -0.00194014 -0.00171584 -0.00152774 -0.00136035 -0.00120483 -0.00107681 -0.000957696 -0.000857956 -0.000780157 -0.000710869 -0.000656389 -0.000608319 -0.000550703 -0.000493275 -0.000436085 -0.000388786 -0.000356953 -0.000326579 -0.000302776 -0.00027068 -0.000240407 -0.000216891 -0.00019973 -0.000191816 -0.000187586 -0.000166755 -0.000150952 -0.000128844 -8.98744e-05 -2.75309e-05 6.0615e-05 0.000176791 0.000324602 0.000515475 0.000726734 0.00093487 0.00112176 0.00125608 0.00129927 0.00123191 0.00104515 0.000721711 0.000272871 -0.000270799 -0.000892248 -0.00156586 -0.00223773 -0.00287651 -0.00343987 -0.00387221 -0.00413913 -0.00423307 -0.00413597 -0.00386421 -0.0034516 -0.00292094 -0.00229801 -0.00163551 -0.00096097 -0.000308673 0.000271653 0.00074934 0.00111647 0.00135374 0.00146303 0.00147362 0.0014108 0.00129539 0.00116497 0.00104023 0.000913964 0.000797323 0.000695157 0.000615882 0.000561586 0.000514859 0.000470753 0.000444869 0.000410799 0.000381405 0.00036424 0.000354499 0.000355481 0.00036535 0.000368897 0.000381741 0.000391126 0.000402903 0.000419583 0.000442925 0.000480343 0.000521957 0.000563238 0.000602964 0.000635953 0.000682324 0.000750778 0.000827839 0.000924435 0.00102609 0.00113856 0.00127877 0.00145013 0.00165155 0.00188991 0.00215807 0.002444 0.00274404 0.00305326 0.00337356 0.0036989 0.0040154 0.00428774 0.00448728 0.00460909 0.00463774 0.00455454 0.00435435 0.00401834 0.0035358 0.00291085 0.00214763 0.0012783 0.00033209 -0.000648119 -0.0016412 -0.00262721 -0.00355186 -0.00440083 -0.0051393 -0.00574326 -0.00618538 -0.00645579 -0.00657956 -0.00655176 -0.00640334 -0.00614576 -0.0057986 -0.0053821 -0.00490768 -0.0044084 -0.00389386 -0.00339535 -0.00292353 -0.0024896 -0.00211058 -0.00178947 -0.00153003 -0.00131861 -0.00116263 -0.00106057 
0 0.000453255 0.000934496 0.00143444 0.00196354 0.00255501 0.00322654 0.00397406 0.004795 0.0057161 0.006705 0.00773187 0.00876903 0.00979012 0.0107537 0.0115978 0.0123218 0.0128673 0.0132058 0.0132838 0.0130676 0.0125471 0.0116958 0.0105611 0.00913852 0.00750182 0.00570258 0.00378328 0.00180349 -0.000173158 -0.00206034 -0.00382258 -0.00539798 -0.00672597 -0.00778399 -0.00859237 -0.0091321 -0.00944276 -0.00951075 -0.0093698 -0.00905563 -0.00860141 -0.00807056 -0.00745053 -0.00682816 -0.00620119 -0.00558098 -0.00498666 -0.00443137 -0.00392125 -0.00348234 -0.00309161 -0.00274423 -0.00243635 -0.00216833 -0.00195011 -0.00174329 -0.00157973 -0.00142471 -0.00129581 -0.00118484 -0.00108524 -0.000972347 -0.000880956 -0.000791361 -0.000717242 -0.000657911 -0.000596422 -0.000526249 -0.000475754 -0.000436997 -0.000400252 -0.000386282 -0.000358932 -0.000342451 -0.000320125 -0.000264366 -0.000180848 -8.00984e-05 0.000110969 0.000360916 0.000681795 0.0010461 0.00144315 0.00184763 0.0022225 0.00247073 0.00257806 0.00245766 0.00207418 0.00143403 0.000559782 -0.00055498 -0.00181528 -0.00316051 -0.00451523 -0.00578784 -0.00686605 -0.00771545 -0.00825601 -0.0084447 -0.00827582 -0.00777214 -0.00693369 -0.00585477 -0.00460654 -0.00326151 -0.00190046 -0.00063142 0.000523022 0.00148411 0.00220006 0.0026653 0.0029104 0.00293031 0.00281839 0.00260834 0.00234922 0.00206819 0.00180465 0.00156979 0.00139329 0.00122402 0.00110668 0.00102707 0.000957455 0.000884372 0.000826208 0.000767727 0.000743052 0.000724914 0.000714063 0.000719976 0.000735653 0.000757788 0.000795737 0.00084141 0.000874665 0.000927774 0.000982288 0.00104972 0.00112896 0.00121375 0.00128614 0.00140117 0.00152331 0.00168458 0.00186852 0.00207625 0.00232168 0.00261304 0.00296095 0.00335778 0.00380828 0.00432564 0.00489004 0.0054788 0.00611371 0.00673411 0.00737622 0.00797788 0.0084923 0.00887766 0.0091002 0.00914589 0.00895976 0.00853458 0.00784646 0.00688248 0.00564531 0.00416656 0.00246187 0.000624153 -0.00130037 -0.00325392 -0.00518039 -0.00700922 -0.00865945 -0.010122 -0.0113092 -0.0121943 -0.0127558 -0.0130145 -0.012992 -0.0127053 -0.0122123 -0.0115321 -0.010714 -0.00978759 -0.00880075 -0.00779158 -0.0068047 -0.00587412 -0.00501605 -0.00426217 -0.0036224 -0.00310023 -0.00267898 -0.00237071 -0.00217287 
0 0.000701079 0.00143444 0.00221335 0.00302122 0.00393504 0.0049502 0.00607538 0.00730563 0.00865534 0.0101137 0.0115946 0.013106 0.0145806 0.015972 0.0172038 0.0182245 0.019005 0.0194392 0.0195117 0.0191541 0.0183567 0.0171204 0.0154485 0.0134 0.0110122 0.00839607 0.00560705 0.00272231 -0.000129591 -0.00286263 -0.00540783 -0.00770008 -0.0096589 -0.0112456 -0.012464 -0.0133048 -0.0137768 -0.0139181 -0.0137532 -0.0133438 -0.0127575 -0.0120143 -0.0111562 -0.0102454 -0.00932569 -0.00841746 -0.0075461 -0.00673372 -0.00599129 -0.00532092 -0.00472927 -0.00419485 -0.00371547 -0.00333221 -0.00299086 -0.0026905 -0.00242638 -0.00217015 -0.00195674 -0.00178685 -0.00162825 -0.00148968 -0.00135256 -0.00122147 -0.00110652 -0.000988203 -0.000891942 -0.000794971 -0.000720237 -0.000668117 -0.000624384 -0.000592691 -0.000562082 -0.000499059 -0.000456778 -0.000402371 -0.000296462 -0.000109508 0.000175063 0.000554794 0.00102443 0.00159178 0.00219516 0.00277905 0.00330199 0.00368498 0.00382641 0.00365397 0.0031184 0.00216223 0.000810001 -0.000851608 -0.00274687 -0.00477524 -0.00677708 -0.00865248 -0.0102868 -0.0115457 -0.0123409 -0.0126416 -0.0123932 -0.0116207 -0.0103984 -0.00879584 -0.00690463 -0.00488793 -0.00285464 -0.000919728 0.000784896 0.00218282 0.00325846 0.00397406 0.00433635 0.00440847 0.00425063 0.00391755 0.00351199 0.0031054 0.00270658 0.00235504 0.0020653 0.00184519 0.0016896 0.00154955 0.00141391 0.00132555 0.00123371 0.00116513 0.00112996 0.00110265 0.00108662 0.00108587 0.00108341 0.00112809 0.00119247 0.00127146 0.00134787 0.00141463 0.0014936 0.00158257 0.00169246 0.00182651 0.00196277 0.00213412 0.00234596 0.00257357 0.00285738 0.00318116 0.00356188 0.0040256 0.00455729 0.00514349 0.00580861 0.00656087 0.00738855 0.00827865 0.00919775 0.0101171 0.0110096 0.0118424 0.012544 0.013054 0.0133517 0.0133767 0.0130625 0.0123911 0.0113345 0.00989 0.00808164 0.00591975 0.00346701 0.000791493 -0.00200091 -0.00484075 -0.00765426 -0.0102905 -0.0127004 -0.0148042 -0.0165442 -0.0178553 -0.0187072 -0.0191453 -0.0191469 -0.0187798 -0.0180809 -0.0171123 -0.0159381 -0.014597 -0.0131739 -0.0117012 -0.0102647 -0.00889892 -0.0076362 -0.00651952 -0.00556104 -0.00477542 -0.00413908 -0.00367802 -0.0033829 
0 0.000956441 0.00196354 0.00302122 0.00414294 0.00538339 0.00676671 0.00827899 0.00991143 0.0116935 0.0135731 0.015493 0.0174134 0.0192902 0.02105 0.0225825 0.0238548 0.0247658 0.0252533 0.0252487 0.0247143 0.0236477 0.0220209 0.0198925 0.0172624 0.0142327 0.0108974 0.00734205 0.00368558 5.79009e-05 -0.00340252 -0.00664093 -0.00957543 -0.0121116 -0.0141974 -0.0158335 -0.0169748 -0.0176693 -0.0179211 -0.0177992 -0.0173713 -0.0166874 -0.0158201 -0.0147573 -0.0136316 -0.0124724 -0.011318 -0.0102071 -0.00916001 -0.00817946 -0.00729638 -0.00648762 -0.00575562 -0.00510939 -0.00455933 -0.00410435 -0.00368274 -0.00332426 -0.00298333 -0.00269257 -0.00244768 -0.00223575 -0.00201851 -0.00183156 -0.00164779 -0.00148513 -0.00134562 -0.00121393 -0.00108112 -0.000986246 -0.000914044 -0.000844004 -0.000800527 -0.000736837 -0.000682519 -0.000622838 -0.000514425 -0.000351264 -0.000131426 0.000250624 0.000757467 0.00139758 0.00212812 0.00291658 0.00370646 0.0044231 0.00490653 0.00509526 0.00484328 0.00408063 0.00280193 0.0010458 -0.00116641 -0.00367372 -0.0063461 -0.00902571 -0.0115373 -0.0136796 -0.0153556 -0.0164225 -0.0167998 -0.0164681 -0.0154636 -0.013813 -0.0116763 -0.00919432 -0.0065221 -0.00382205 -0.00128713 0.00100175 0.00290634 0.00433968 0.00528262 0.00577957 0.00584785 0.00563549 0.00521932 0.00470031 0.00414306 0.00361653 0.00315194 0.00279203 0.00246995 0.00223757 0.00206684 0.00191706 0.00177536 0.00166171 0.00156171 0.0015184 0.00148727 0.00146464 0.00146481 0.00148209 0.00152499 0.00160499 0.00170401 0.00178772 0.00189191 0.00199806 0.00212999 0.00229446 0.00248477 0.00267313 0.00292616 0.00319639 0.00352398 0.00390313 0.00434652 0.00488039 0.00551364 0.00624246 0.00704204 0.00792269 0.00891264 0.00999304 0.0111279 0.0123171 0.0134537 0.0145627 0.0155579 0.0163758 0.0169601 0.0172562 0.0172143 0.0167305 0.0157841 0.0143544 0.0124478 0.0100907 0.00732781 0.00418399 0.0007872 -0.00277824 -0.0064064 -0.0099821 -0.0133617 -0.0164138 -0.0191104 -0.0213327 -0.0230376 -0.0241887 -0.0248029 -0.0248904 -0.0244728 -0.0236373 -0.0224378 -0.0209682 -0.0192917 -0.0174908 -0.0156329 -0.013798 -0.0120464 -0.0104115 -0.00894653 -0.00767883 -0.00662249 -0.00576673 -0.00514008 -0.004737 
0 0.00125134 0.00255501 0.00393504 0.00538339 0.00698426 0.00873633 0.0106302 0.0126532 0.0148137 0.0170832 0.0193628 0.0216397 0.0238368 0.0258757 0.0276434 0.0290587 0.0300534 0.0305085 0.030396 0.0296627 0.0283106 0.0263433 0.0237774 0.0206703 0.0170882 0.0131657 0.00899599 0.00470195 0.000451245 -0.00362941 -0.00745812 -0.0109497 -0.0139991 -0.016544 -0.0185682 -0.020047 -0.0209894 -0.0214362 -0.0214296 -0.0210448 -0.020358 -0.0194084 -0.0182474 -0.0169725 -0.0156447 -0.0142963 -0.0129641 -0.0116821 -0.0104785 -0.0093718 -0.0083717 -0.00745744 -0.00662967 -0.00592655 -0.00530581 -0.00475771 -0.00428363 -0.00384937 -0.00347995 -0.00316609 -0.0028689 -0.00259088 -0.0023306 -0.0020974 -0.00190087 -0.00171978 -0.00155987 -0.00139902 -0.00126499 -0.00116382 -0.0010822 -0.00102312 -0.000959631 -0.000862524 -0.000768208 -0.000638925 -0.000432546 -0.000115098 0.000351929 0.000971503 0.00174657 0.00267146 0.00366916 0.004649 0.00551391 0.00611843 0.00631341 0.00597669 0.00503219 0.00342911 0.00120922 -0.0015187 -0.00462476 -0.00794573 -0.0112567 -0.014367 -0.0170679 -0.019153 -0.0204679 -0.020937 -0.0205073 -0.0192241 -0.017197 -0.0145617 -0.011479 -0.00817244 -0.00482744 -0.0016354 0.001212 0.00357262 0.0053774 0.00657433 0.00718326 0.00729499 0.00703061 0.00650275 0.00585632 0.00519238 0.00454663 0.00396665 0.00348029 0.00309446 0.002814 0.00258704 0.00238774 0.00223854 0.00209577 0.00197962 0.001912 0.00186871 0.00185258 0.00186299 0.00188077 0.00194255 0.00202995 0.00213652 0.00225112 0.002379 0.00253811 0.00272391 0.00293969 0.00318093 0.00343259 0.0037456 0.004126 0.00455973 0.00507512 0.00565938 0.00633622 0.00713934 0.00805389 0.00906035 0.0101708 0.0113887 0.0126899 0.0140456 0.0154116 0.0167306 0.0179666 0.0190609 0.0199239 0.0204837 0.0207046 0.0205088 0.0198079 0.0185711 0.0167778 0.0144402 0.0115999 0.00828733 0.00457233 0.000555475 -0.0036368 -0.00790019 -0.0121138 -0.0160819 -0.019705 -0.0228893 -0.0255537 -0.0276252 -0.0290657 -0.0299035 -0.030107 -0.02973 -0.0288259 -0.0274823 -0.0257994 -0.0238538 -0.0217559 -0.0195679 -0.0173976 -0.0153002 -0.0133265 -0.011539 -0.00997428 -0.00866143 -0.0075899 -0.00680153 -0.00628985 
0 0.00158298 0.00322654 0.0049502 0.00676671 0.00873633 0.0108678 0.0131348 0.0155213 0.0180333 0.020623 0.0232124 0.0257556 0.0281852 0.0304036 0.0322877 0.0337624 0.0347323 0.0351097 0.0348417 0.0338974 0.0322797 0.0299856 0.0270588 0.0235413 0.0195349 0.0151638 0.0105335 0.00577528 0.00104456 -0.00351505 -0.00781634 -0.0117597 -0.0152334 -0.0181742 -0.0205693 -0.0223874 -0.0236449 -0.0243512 -0.0245504 -0.0243072 -0.0236889 -0.0227645 -0.0215759 -0.0202392 -0.0188066 -0.0173126 -0.0158011 -0.014319 -0.0129071 -0.0116065 -0.0104137 -0.00931505 -0.00831174 -0.00742283 -0.00664113 -0.00594108 -0.00533591 -0.00479338 -0.0043249 -0.00391606 -0.00354059 -0.00318109 -0.0028613 -0.0025787 -0.00233891 -0.00212779 -0.00192743 -0.00172682 -0.00156064 -0.00143109 -0.00132526 -0.00124905 -0.00116375 -0.00106469 -0.000945543 -0.000765212 -0.000497598 -0.000115369 0.000457596 0.00121457 0.00215356 0.00323896 0.00440696 0.00556204 0.00657977 0.00727282 0.00749251 0.0070729 0.00591652 0.00399519 0.00135635 -0.00191162 -0.00562426 -0.00957806 -0.0135305 -0.0172304 -0.020415 -0.0228843 -0.0244521 -0.0250074 -0.0245111 -0.0230066 -0.0205848 -0.0174348 -0.0137645 -0.00981359 -0.0058211 -0.00203234 0.00136898 0.00420456 0.00636242 0.00779929 0.00855303 0.00870109 0.00840585 0.00780454 0.00704576 0.00623663 0.00545581 0.00475855 0.00418485 0.00371245 0.00336531 0.00310759 0.00289525 0.00271265 0.00255015 0.00241042 0.00232589 0.00227274 0.00225036 0.00226483 0.00230464 0.00238003 0.00248953 0.00261902 0.00275501 0.00292224 0.00312169 0.00336095 0.00363639 0.00393738 0.00425839 0.00466115 0.00514164 0.00571334 0.00637239 0.007113 0.00795629 0.00892767 0.010027 0.0112344 0.0125493 0.0139682 0.0154525 0.0169584 0.0184545 0.0198646 0.0211703 0.022285 0.0231119 0.0235738 0.0236195 0.0231932 0.0222148 0.0206609 0.0185169 0.0157936 0.012528 0.00876824 0.00457963 9.25678e-05 -0.00457614 -0.00931341 -0.0139881 -0.0184253 -0.0224882 -0.0260976 -0.0291422 -0.0315516 -0.0332844 -0.0343447 -0.034721 -0.0344361 -0.0335573 -0.0321621 -0.0303585 -0.028243 -0.0259243 -0.0234934 -0.0210512 -0.0186689 -0.0164044 -0.0143287 -0.0124965 -0.0109399 -0.00966573 -0.00871478 -0.00809319 
0 0.00195688 0.00397406 0.00607538 0.00827899 0.0106302 0.0131348 0.0157624 0.0184922 0.021314 0.0241769 0.0270056 0.0297384 0.0323027 0.0345904 0.0364839 0.0379039 0.038764 0.0389886 0.038525 0.0373509 0.0354679 0.0328855 0.0296531 0.0258302 0.021527 0.0168628 0.0119431 0.00688952 0.00184588 -0.00304711 -0.00768991 -0.0119741 -0.0157899 -0.0190759 -0.0218137 -0.0239779 -0.0255669 -0.0265793 -0.0270463 -0.0270247 -0.0265786 -0.0257742 -0.0246632 -0.0233468 -0.021884 -0.0203151 -0.0186901 -0.0170646 -0.0154898 -0.0140086 -0.0126263 -0.0113373 -0.0101521 -0.00908705 -0.00814044 -0.00728808 -0.00653206 -0.00585458 -0.00526243 -0.00474738 -0.00428548 -0.00385672 -0.00347247 -0.00312987 -0.00282871 -0.00256188 -0.00231341 -0.00208195 -0.00188937 -0.0017366 -0.00160949 -0.00150256 -0.00138371 -0.0012514 -0.00109644 -0.000881433 -0.000562665 -9.46769e-05 0.000586519 0.00148205 0.00258218 0.00384098 0.00518048 0.00649016 0.00762681 0.00839714 0.00862229 0.00812093 0.00677109 0.00453324 0.00145567 -0.0023432 -0.00665378 -0.0112288 -0.0157906 -0.020049 -0.0237164 -0.0265556 -0.0283633 -0.0290082 -0.0284454 -0.0267148 -0.0239269 -0.0202846 -0.0160329 -0.0114486 -0.00681949 -0.00242536 0.00150827 0.00478962 0.00729713 0.0089878 0.00989573 0.0101112 0.00979633 0.00911422 0.00823333 0.00728784 0.0063758 0.00556289 0.00489241 0.0043557 0.00395428 0.0036484 0.00339748 0.00318347 0.00300316 0.00285699 0.00276508 0.00270901 0.00268263 0.00268877 0.00272984 0.00281592 0.00295106 0.00311535 0.00329353 0.00350011 0.00374122 0.00402937 0.00436717 0.00474592 0.00516892 0.00568046 0.00628468 0.0069934 0.00780149 0.00870896 0.00973235 0.0108905 0.0121774 0.0135723 0.0150655 0.0166448 0.0182657 0.0198758 0.021429 0.0228571 0.0241278 0.0251577 0.0258478 0.0261181 0.0259172 0.0251977 0.0239048 0.0220206 0.0195406 0.016476 0.0128595 0.00874305 0.00420375 -0.000623429 -0.00561684 -0.0106647 -0.0156394 -0.0203847 -0.0247655 -0.028691 -0.0320474 -0.0347506 -0.0367538 -0.0380465 -0.038623 -0.0385002 -0.0377345 -0.0363988 -0.0345907 -0.032414 -0.0299788 -0.0273918 -0.0247583 -0.0221578 -0.0196607 -0.0173441 -0.0152756 -0.0134976 -0.0120334 -0.0109276 -0.0101984 
0 0.00237189 0.004795 0.00730563 0.00991143 0.0126532 0.0155213 0.0184922 0.0215399 0.0246259 0.0277113 0.0307015 0.0335384 0.0361304 0.0383719 0.0401684 0.0414248 0.0420965 0.0420981 0.041402 0.0399829 0.0378426 0.0350233 0.0315563 0.0275446 0.0230736 0.0182631 0.0132102 0.00801842 0.00282861 -0.00224248 -0.00708246 -0.0115888 -0.0156637 -0.0192451 -0.0222947 -0.0247996 -0.0267197 -0.0280694 -0.0288577 -0.0291343 -0.0289619 -0.0283677 -0.0274339 -0.0262192 -0.0248082 -0.0232496 -0.0215945 -0.0198971 -0.0182149 -0.0165756 -0.0150134 -0.0135339 -0.0121605 -0.0109246 -0.00980299 -0.00879665 -0.00787879 -0.00705484 -0.00632719 -0.00569636 -0.0051275 -0.00461984 -0.00414936 -0.00373159 -0.00336229 -0.0030308 -0.00273596 -0.00247779 -0.00225557 -0.00207513 -0.00192445 -0.0017762 -0.00162631 -0.00144515 -0.00124019 -0.000980625 -0.000603342 -3.61266e-05 0.000741301 0.00176612 0.00301281 0.00444439 0.00595773 0.00742475 0.00867342 0.00951781 0.00971722 0.00910215 0.00754183 0.0049816 0.00146881 -0.00282355 -0.00769914 -0.0128749 -0.0180263 -0.0228311 -0.02699 -0.0301915 -0.032225 -0.0329522 -0.03231 -0.0303375 -0.0271987 -0.0230875 -0.0182809 -0.0131017 -0.00786895 -0.00286919 0.00159845 0.00533392 0.00820786 0.0101601 0.0112091 0.0114928 0.011157 0.0103998 0.00940892 0.0083486 0.0073171 0.00639819 0.00561801 0.00501557 0.00455477 0.00419383 0.0039004 0.00366733 0.00346673 0.00332163 0.00322378 0.00316967 0.00314825 0.00315211 0.00319052 0.00328827 0.0034401 0.0036332 0.00386119 0.00410984 0.00440873 0.00475995 0.00517558 0.00565211 0.00620287 0.00683503 0.00758191 0.00842399 0.00938328 0.0104605 0.0116693 0.0130249 0.0144983 0.0160621 0.0176986 0.0193835 0.0210779 0.0227326 0.0242628 0.0256318 0.0267599 0.027596 0.0280472 0.0280403 0.0275397 0.0264894 0.0248645 0.0226463 0.0198444 0.0164801 0.012591 0.00822009 0.00346763 -0.00156138 -0.00672993 -0.0119366 -0.0170645 -0.0219654 -0.0265413 -0.0306665 -0.0342561 -0.0372002 -0.0394462 -0.0409775 -0.0417759 -0.0418752 -0.0413002 -0.0401278 -0.0384318 -0.0363095 -0.0338724 -0.0312266 -0.028492 -0.0257511 -0.0230917 -0.0205946 -0.0183335 -0.0163661 -0.0147323 -0.0134858 -0.0126555 
0 0.00283513 0.0057161 0.00865534 0.0116935 0.0148137 0.0180333 0.021314 0.0246259 0.0279304 0.0311479 0.0342274 0.0370546 0.0395684 0.0416608 0.0432502 0.0442818 0.0446792 0.0444296 0.0434661 0.0418013 0.0394442 0.036431 0.0328398 0.0287301 0.0242203 0.0193836 0.0143219 0.00914114 0.00394681 -0.00114642 -0.00604454 -0.0106579 -0.0149025 -0.0187119 -0.0220391 -0.0248413 -0.0271048 -0.0288021 -0.0299628 -0.0306153 -0.030779 -0.0305 -0.0298147 -0.0287986 -0.0275248 -0.0260544 -0.0244417 -0.022739 -0.0209898 -0.0192529 -0.017543 -0.0159022 -0.0143687 -0.01294 -0.0116479 -0.0104624 -0.00937558 -0.00840276 -0.007533 -0.00676004 -0.00607811 -0.00544819 -0.00488807 -0.00439017 -0.00395091 -0.00357378 -0.00322615 -0.00291933 -0.00265915 -0.00243887 -0.00225045 -0.00207278 -0.00187944 -0.00168018 -0.00142175 -0.00107615 -0.000610213 2.95507e-05 0.000918379 0.00207053 0.00346889 0.00504428 0.00671573 0.00833957 0.0097118 0.0105904 0.0107628 0.0100138 0.0082021 0.00531663 0.00141594 -0.00337471 -0.00879141 -0.0145278 -0.0202651 -0.0256177 -0.0302178 -0.0337776 -0.0360397 -0.0368242 -0.0361004 -0.0339213 -0.0304156 -0.0258459 -0.0205293 -0.0147748 -0.00894553 -0.00339371 0.00161587 0.00583286 0.00906823 0.0112724 0.0124876 0.0128184 0.0124709 0.0116655 0.0105937 0.00941312 0.00826618 0.00723427 0.00637126 0.00566884 0.00512603 0.00473026 0.00443121 0.00416804 0.00396436 0.003805 0.00369836 0.00364394 0.00362229 0.00363711 0.00370662 0.00381595 0.0039904 0.00421339 0.00447326 0.00478911 0.00515334 0.00559221 0.00610692 0.00669147 0.00736826 0.00814705 0.00903048 0.0100453 0.0111656 0.0124186 0.0138148 0.0153368 0.0169697 0.0186663 0.0203918 0.0221237 0.0238221 0.0254245 0.026868 0.0280713 0.0289848 0.0295312 0.029654 0.029309 0.0284456 0.0270456 0.0250771 0.0225329 0.0194364 0.0158245 0.0117374 0.00724058 0.0024014 -0.00266562 -0.00786603 -0.0130933 -0.0182243 -0.0231717 -0.0278 -0.0320367 -0.0357658 -0.0388981 -0.0413748 -0.0431368 -0.0442055 -0.0445612 -0.0442552 -0.0433279 -0.0418412 -0.0398897 -0.0375505 -0.0349578 -0.0322048 -0.0294075 -0.0266583 -0.0240431 -0.0216505 -0.0195362 -0.0177782 -0.0164197 -0.0155128 
0 0.0033448 0.006705 0.0101137 0.0135731 0.0170832 0.020623 0.0241769 0.0277113 0.0311479 0.034439 0.0374896 0.0402252 0.0425541 0.0444002 0.0457249 0.0464407 0.046543 0.0459791 0.0447452 0.0428443 0.0402949 0.0371798 0.0335227 0.0294363 0.0249756 0.0202258 0.015282 0.0102306 0.0051769 0.000186343 -0.00465138 -0.00926323 -0.013587 -0.0175515 -0.0210779 -0.0241584 -0.0267254 -0.0287952 -0.0303499 -0.0314025 -0.0319759 -0.0320533 -0.0317253 -0.0309959 -0.0299551 -0.0286579 -0.0271531 -0.0254938 -0.0237547 -0.0219651 -0.0201842 -0.0184376 -0.0167576 -0.0151743 -0.0136842 -0.0123247 -0.0110594 -0.00992258 -0.00889401 -0.00797534 -0.0071356 -0.00639855 -0.00572712 -0.00514813 -0.00464533 -0.00419448 -0.0037855 -0.00343006 -0.00310358 -0.00282941 -0.00261146 -0.00239162 -0.00217636 -0.00191158 -0.00158947 -0.00119248 -0.000647112 0.000134622 0.00112893 0.00240717 0.0039407 0.00568627 0.00751084 0.00925327 0.0106857 0.0116054 0.0117141 0.0108371 0.00882365 0.00561931 0.00127432 -0.00398385 -0.00993753 -0.0162423 -0.0225097 -0.0283446 -0.0334027 -0.0372816 -0.0397395 -0.0406103 -0.0398185 -0.0374082 -0.0335988 -0.0286006 -0.0227544 -0.0164406 -0.0100453 -0.00390309 0.00160205 0.00623603 0.00983174 0.0123157 0.0136925 0.0141372 0.0138017 0.01294 0.0117672 0.0104912 0.00923255 0.00809024 0.0070914 0.00632894 0.00573957 0.00529038 0.00495172 0.0046962 0.0044812 0.00432687 0.0041987 0.00413259 0.00412302 0.00415296 0.00424179 0.00439346 0.00459713 0.00485324 0.00517512 0.00554196 0.00600036 0.00653636 0.00715819 0.00786214 0.00868202 0.00959501 0.0106629 0.0118485 0.0131643 0.0146019 0.0161534 0.0178135 0.0195446 0.0213174 0.0230869 0.0248043 0.0264286 0.0279092 0.0291415 0.0301167 0.0307134 0.0309101 0.0306511 0.0298997 0.0286503 0.0268657 0.0245623 0.0217205 0.0183764 0.0145815 0.010389 0.00585272 0.0010673 -0.00392368 -0.00901566 -0.0141291 -0.0191607 -0.0240097 -0.0286091 -0.0328277 -0.0366219 -0.03988 -0.0425433 -0.0445595 -0.0458973 -0.0465736 -0.0465768 -0.0459688 -0.0447809 -0.0430856 -0.0409668 -0.0385198 -0.0358608 -0.0330924 -0.0303354 -0.027681 -0.025216 -0.0230248 -0.0211865 -0.019763 -0.0188043 
0 0.00386594 0.00773187 0.0115946 0.015493 0.0193628 0.0232124 0.0270056 0.0307015 0.0342274 0.0374896 0.0404551 0.0429976 0.0450698 0.0466068 0.0475816 0.0479554 0.0476812 0.0467945 0.0452652 0.0431449 0.0404649 0.0372865 0.0336707 0.0296673 0.0253639 0.0208039 0.0160854 0.0112898 0.00647663 0.00169552 -0.00298152 -0.00749747 -0.0118007 -0.015822 -0.0194957 -0.0227821 -0.0256573 -0.0280731 -0.0300237 -0.0314955 -0.0324749 -0.0329836 -0.0330584 -0.0327115 -0.0319932 -0.030954 -0.0296443 -0.0281275 -0.0264607 -0.0247139 -0.0229053 -0.02109 -0.0193094 -0.0175646 -0.015919 -0.0143839 -0.0129471 -0.0116455 -0.0104511 -0.00935806 -0.00837881 -0.00749123 -0.00670774 -0.00602082 -0.00541945 -0.00489469 -0.00441413 -0.00399245 -0.00362081 -0.00329261 -0.0030097 -0.00273291 -0.0024516 -0.00215702 -0.00177709 -0.00128402 -0.000640535 0.000221433 0.00135812 0.00279298 0.0044864 0.00635421 0.0082945 0.0101378 0.0116452 0.0125565 0.0126195 0.0115999 0.00933585 0.00581301 0.00109406 -0.0046579 -0.0111333 -0.0179632 -0.0247626 -0.0310787 -0.0364991 -0.0406828 -0.0433431 -0.0442757 -0.0434317 -0.0408628 -0.0367201 -0.0312928 -0.0249606 -0.0180959 -0.011133 -0.00448777 0.00151709 0.00659868 0.0105395 0.0132814 0.014861 0.0153981 0.0151028 0.014227 0.0129882 0.0115835 0.0101937 0.0089359 0.00787437 0.00702082 0.00635517 0.00587544 0.00552866 0.00523778 0.00501874 0.00485584 0.00473632 0.0046833 0.00467622 0.00472225 0.00484563 0.00501981 0.00526276 0.0055713 0.00594454 0.00640386 0.0069487 0.00760117 0.00835302 0.00919851 0.0101701 0.0112524 0.0124711 0.0138441 0.0153284 0.0169318 0.018632 0.0203812 0.0221749 0.0239684 0.0257127 0.0273516 0.0288287 0.0300759 0.0310316 0.0316555 0.0318886 0.0316792 0.0310034 0.0298447 0.0281754 0.0260195 0.0233878 0.0202909 0.0167666 0.0128688 0.00864615 0.00417148 -0.000491825 -0.00529353 -0.010182 -0.0150814 -0.0198913 -0.0245732 -0.029015 -0.0331507 -0.0369067 -0.0402171 -0.0430281 -0.0452492 -0.0468834 -0.0478752 -0.0482441 -0.0480054 -0.0471859 -0.045851 -0.0440422 -0.0418741 -0.0394112 -0.0367869 -0.0341176 -0.0315032 -0.0290505 -0.026839 -0.0249864 -0.0235325 -0.0225505 
0 0.0044022 0.00876903 0.013106 0.0174134 0.0216397 0.0257556 0.0297384 0.0335384 0.0370546 0.0402252 0.0429976 0.0452887 0.0470367 0.0482115 0.0488152 0.0487926 0.0481524 0.0469199 0.0451277 0.0428253 0.040051 0.0368838 0.0333457 0.0295128 0.025435 0.0211594 0.016765 0.0123024 0.00781065 0.00330899 -0.00113515 -0.0054682 -0.00966495 -0.0136693 -0.0174075 -0.0208658 -0.0239775 -0.0267111 -0.0290199 -0.0308827 -0.0322939 -0.0332406 -0.0337777 -0.0338635 -0.0335369 -0.0328414 -0.0318215 -0.030529 -0.0290341 -0.0273763 -0.0256065 -0.0237775 -0.0219347 -0.0201051 -0.0183265 -0.0166451 -0.0150403 -0.0135601 -0.0121895 -0.0109379 -0.00979801 -0.00878393 -0.00786185 -0.00704204 -0.00631857 -0.00567937 -0.0051162 -0.00464195 -0.00421059 -0.00382475 -0.00348684 -0.00313721 -0.00278712 -0.00239925 -0.00193763 -0.00137677 -0.000639414 0.000363512 0.00161763 0.00317819 0.00500811 0.00703183 0.00910135 0.0110318 0.0125674 0.0134696 0.0134358 0.0122574 0.00976667 0.00592047 0.000782451 -0.00540805 -0.0123685 -0.019705 -0.0269792 -0.033731 -0.0395582 -0.0440298 -0.0468625 -0.0478624 -0.0469477 -0.0441705 -0.0397512 -0.0339441 -0.027143 -0.0197738 -0.0122874 -0.00509674 0.00138399 0.0068745 0.0111712 0.0141993 0.0159687 0.0166389 0.0163865 0.0154824 0.0141656 0.0126788 0.0111945 0.00983609 0.00865783 0.00774178 0.00702603 0.00648294 0.0060806 0.00577837 0.00555731 0.0054185 0.00531566 0.0052826 0.00530295 0.00536249 0.00549593 0.00570185 0.00598652 0.00636238 0.00683458 0.00738722 0.00805082 0.00881964 0.00970366 0.0107071 0.0118571 0.0131119 0.0145128 0.0160353 0.0176681 0.0194001 0.0211951 0.0230065 0.0248021 0.0265511 0.0281957 0.0296686 0.0309125 0.0318636 0.0324462 0.0326716 0.0324575 0.0318018 0.0306903 0.0291066 0.0270508 0.0245368 0.0216238 0.0183276 0.0146968 0.0107812 0.0066178 0.002269 -0.00218937 -0.0067443 -0.0113423 -0.0159314 -0.0204427 -0.0248426 -0.0290704 -0.0330267 -0.0366885 -0.0399904 -0.0428872 -0.0453046 -0.0472018 -0.0485424 -0.0492924 -0.0494709 -0.0490794 -0.0481592 -0.0467587 -0.0449493 -0.0428011 -0.0404209 -0.0379405 -0.0354644 -0.0330994 -0.0309575 -0.029149 -0.0277292 -0.026761 
0 0.00492402 0.00979012 0.0145806 0.0192902 0.0238368 0.0281852 0.0323027 0.0361304 0.0395684 0.0425541 0.0450698 0.0470367 0.0484156 0.0491952 0.0493897 0.0489742 0.047964 0.0464299 0.044417 0.0419865 0.0391797 0.0360636 0.0326702 0.0290567 0.0252726 0.0213426 0.0173224 0.0132398 0.00910882 0.00494001 0.000798491 -0.00327852 -0.00728871 -0.0111946 -0.0149349 -0.018479 -0.0217726 -0.0247598 -0.0273944 -0.0296415 -0.0314746 -0.0328778 -0.0338732 -0.0344126 -0.0345172 -0.0342277 -0.0335778 -0.0326038 -0.0313503 -0.0298666 -0.0282001 -0.0264255 -0.024594 -0.0227244 -0.0208661 -0.0190625 -0.0173106 -0.0156658 -0.0141264 -0.0127029 -0.0114049 -0.0102319 -0.0091648 -0.00820454 -0.00735437 -0.00660616 -0.00595021 -0.00538984 -0.00488523 -0.00442323 -0.004004 -0.00358003 -0.00315708 -0.00269937 -0.00214692 -0.00146765 -0.000609509 0.000502974 0.00188941 0.00358681 0.00555023 0.0076922 0.00987084 0.0118846 0.0134596 0.0143214 0.0141781 0.0128035 0.0100425 0.00587395 0.000373281 -0.00624254 -0.0136559 -0.0214608 -0.0292021 -0.0363854 -0.0425618 -0.0473071 -0.0503071 -0.0513529 -0.0503693 -0.0474201 -0.0427101 -0.0365352 -0.0293097 -0.0214705 -0.0134882 -0.00581482 0.00114539 0.00707534 0.0117373 0.015043 0.0170136 0.0177959 0.0176001 0.0167023 0.0153514 0.0137863 0.0122036 0.0107458 0.00948461 0.00847231 0.00767597 0.00708816 0.00666837 0.00635735 0.00614106 0.0060105 0.00592798 0.0059189 0.00596443 0.00606256 0.00624181 0.0064972 0.0068414 0.0072954 0.00786144 0.00853419 0.00932227 0.0102285 0.0112597 0.012429 0.0137565 0.0151945 0.0167552 0.0184173 0.0201555 0.0219652 0.0238076 0.0256159 0.027357 0.0289816 0.0304291 0.0316356 0.0325533 0.0331271 0.033304 0.0330847 0.0324121 0.0312893 0.0297334 0.027748 0.0253301 0.0225167 0.01937 0.0159338 0.0122632 0.00840328 0.00437787 0.000238967 -0.00395341 -0.00819175 -0.0124407 -0.016657 -0.0207967 -0.0248647 -0.028808 -0.0325524 -0.0360702 -0.0393193 -0.0422604 -0.0448189 -0.0469593 -0.0486201 -0.0497644 -0.0503772 -0.0504453 -0.0499944 -0.049057 -0.0476981 -0.0459576 -0.0439376 -0.0417588 -0.0395252 -0.0373512 -0.0353578 -0.033671 -0.0323384 -0.0314267 
0 0.00541512 0.0107537 0.015972 0.02105 0.0258757 0.0304036 0.0345904 0.0383719 0.0416608 0.0444002 0.0466068 0.0482115 0.0491952 0.0495638 0.0493448 0.0485535 0.0472121 0.045428 0.0432488 0.0407368 0.0379386 0.0349113 0.0317064 0.028358 0.0249108 0.0213639 0.0177473 0.0140737 0.0103381 0.00654895 0.00275787 -0.00101734 -0.00479332 -0.00854311 -0.0122128 -0.0157553 -0.0191408 -0.0223051 -0.0252085 -0.0278011 -0.0300278 -0.0318696 -0.0333131 -0.0343189 -0.0348876 -0.0350519 -0.0348281 -0.0342345 -0.0332951 -0.0320694 -0.0306009 -0.0289713 -0.0272285 -0.0253823 -0.0234967 -0.0216142 -0.0197568 -0.0179747 -0.0162792 -0.0146811 -0.0132133 -0.0118724 -0.0106592 -0.00956214 -0.00858289 -0.00771229 -0.00693905 -0.00626037 -0.00564927 -0.00508966 -0.00457951 -0.00408007 -0.00357133 -0.00302345 -0.00236863 -0.0015695 -0.000577546 0.000664379 0.00219324 0.0040226 0.00612052 0.00838522 0.0106626 0.0127256 0.0142988 0.0150866 0.0148178 0.0132523 0.0102383 0.00575313 -0.000113065 -0.00714897 -0.0150007 -0.0232479 -0.031414 -0.0389863 -0.0454796 -0.0504723 -0.0536233 -0.0547145 -0.0536702 -0.0505646 -0.0455915 -0.039077 -0.031445 -0.0231524 -0.014691 -0.00655281 0.00085469 0.00718677 0.012199 0.0157939 0.0179953 0.018926 0.0188136 0.0179286 0.0165449 0.0149126 0.0132454 0.0116867 0.0103361 0.00923213 0.00836779 0.00773355 0.00729058 0.00697692 0.00677914 0.00666059 0.00659485 0.00660218 0.00667639 0.00682724 0.00707537 0.00740822 0.00783703 0.00838236 0.00904747 0.0098447 0.0107678 0.0118261 0.0130155 0.0143518 0.0158419 0.0174454 0.0191451 0.0209247 0.0227376 0.0245764 0.0263959 0.0281205 0.029721 0.0311385 0.0323095 0.0331739 0.0336958 0.0338359 0.0335741 0.0328933 0.0317609 0.0301752 0.0281858 0.0258238 0.0230946 0.020053 0.0167514 0.0132492 0.00960249 0.00585471 0.00202255 -0.00185007 -0.00572828 -0.00960759 -0.0134727 -0.0172819 -0.0210124 -0.0247021 -0.028311 -0.0318007 -0.0351343 -0.0382907 -0.0412305 -0.0438839 -0.0462243 -0.0481744 -0.0497005 -0.0507536 -0.0513042 -0.0513592 -0.0509366 -0.0500926 -0.0488435 -0.0472827 -0.0455146 -0.043635 -0.0417568 -0.0400051 -0.0385146 -0.0373303 -0.0365185 
0 0.00584989 0.0115978 0.0172038 0.0225825 0.0276434 0.0322877 0.0364839 0.0401684 0.0432502 0.0457249 0.0475816 0.0488152 0.0493897 0.0493448 0.0487405 0.0475954 0.0459905 0.0439983 0.0417086 0.039158 0.0364013 0.0335138 0.030525 0.0274837 0.0243876 0.0212369 0.0180382 0.0147911 0.0114815 0.008107 0.00469021 0.00124188 -0.00226854 -0.00581833 -0.00933991 -0.012819 -0.0162058 -0.0194827 -0.0225824 -0.0254427 -0.0280097 -0.0302316 -0.032105 -0.0335728 -0.0346203 -0.035264 -0.0355054 -0.0353389 -0.0348019 -0.0339121 -0.0327384 -0.0313326 -0.0297312 -0.0279767 -0.0261144 -0.0242191 -0.0223195 -0.0204486 -0.0186274 -0.0168837 -0.0152386 -0.0137417 -0.0123668 -0.0111195 -0.00999665 -0.00898038 -0.00807259 -0.00727255 -0.00653565 -0.00586199 -0.00524427 -0.00463803 -0.00403211 -0.00336867 -0.00260101 -0.0016879 -0.00056043 0.000845236 0.00251764 0.00448961 0.00671898 0.00909797 0.0114422 0.0135273 0.0150647 0.0157782 0.0153618 0.0135974 0.0103359 0.0055371 -0.000707762 -0.00813016 -0.0164015 -0.025073 -0.0336221 -0.0415312 -0.0483258 -0.0535259 -0.0568038 -0.0579502 -0.0568616 -0.0535982 -0.048402 -0.0415719 -0.0335435 -0.0248243 -0.0159238 -0.00732303 0.000501023 0.0072094 0.012566 0.0164566 0.0188856 0.0200015 0.0199996 0.0191587 0.0177518 0.0160618 0.014312 0.0126638 0.0112076 0.0100336 0.00911673 0.00843146 0.00795263 0.00764291 0.00745327 0.00736292 0.00732729 0.00736678 0.0074954 0.00770879 0.00802988 0.00845744 0.00898099 0.00962716 0.0104148 0.0113344 0.0124172 0.0136365 0.0149946 0.0164966 0.0181283 0.0198475 0.0216468 0.0234767 0.0253199 0.0271322 0.0288525 0.0304229 0.0317869 0.0329177 0.0337452 0.0342121 0.0342897 0.033961 0.0332165 0.0320752 0.0304865 0.0284813 0.0261116 0.023422 0.020462 0.0172615 0.0138975 0.0104073 0.00684763 0.00325708 -0.000346255 -0.00392542 -0.00745357 -0.0109549 -0.014417 -0.0178105 -0.0211355 -0.0244173 -0.0276777 -0.0308653 -0.0339856 -0.0370097 -0.0398964 -0.0426074 -0.0450794 -0.0472837 -0.049146 -0.0506265 -0.0516683 -0.052248 -0.0523945 -0.0521111 -0.0514362 -0.050421 -0.0491685 -0.0477591 -0.0462793 -0.0448729 -0.0436438 -0.0426666 -0.0419863 
0 0.006214 0.0123218 0.0182245 0.0238548 0.0290587 0.0337624 0.0379039 0.0414248 0.0442818 0.0464407 0.0479554 0.0487926 0.0489742 0.0485535 0.0475954 0.0461855 0.0443596 0.042245 0.0398904 0.0373538 0.0347022 0.0319798 0.0292553 0.0265148 0.0237694 0.0210012 0.0182088 0.0153909 0.0125102 0.00954813 0.00651546 0.00339686 0.000180915 -0.00311081 -0.00644838 -0.00977992 -0.0131277 -0.0164251 -0.0196325 -0.0226766 -0.0254836 -0.0280442 -0.0302957 -0.0322022 -0.0337137 -0.0348295 -0.0355419 -0.0358559 -0.0357568 -0.0352927 -0.0344759 -0.0333634 -0.0319944 -0.0303932 -0.0286466 -0.0268042 -0.0249174 -0.0230108 -0.0211177 -0.0192543 -0.0174966 -0.0158377 -0.01431 -0.0128945 -0.0115975 -0.0104256 -0.0093812 -0.00843633 -0.00758659 -0.00678932 -0.00602468 -0.00529374 -0.00455389 -0.00377796 -0.00288564 -0.00181525 -0.000531364 0.000996385 0.00284563 0.00497155 0.00732419 0.00977945 0.0121817 0.0142724 0.0157821 0.0163813 0.015818 0.01383 0.010287 0.00516849 -0.00139988 -0.00921567 -0.0178671 -0.0269033 -0.035813 -0.0440565 -0.0510835 -0.0564923 -0.0598984 -0.0610655 -0.0599212 -0.056548 -0.0511108 -0.0439935 -0.0356292 -0.0265155 -0.0171834 -0.00818709 5.77098e-05 0.00715631 0.0128528 0.0170229 0.0197045 0.0209895 0.0211217 0.0203474 0.0189665 0.0172314 0.0153986 0.0136545 0.0121496 0.0108818 0.00988873 0.00916278 0.00866408 0.00833669 0.00816609 0.00809747 0.00812924 0.00824025 0.00842983 0.00872814 0.00913311 0.00964647 0.0102804 0.0110526 0.0119709 0.0130629 0.0142929 0.0156791 0.0171904 0.0188326 0.0205741 0.0223849 0.0242099 0.0260463 0.0278344 0.0295431 0.0311011 0.0324201 0.0334806 0.0342373 0.0346555 0.0346855 0.0342975 0.0334764 0.0322615 0.030637 0.0286361 0.0262562 0.0235738 0.0206525 0.0175167 0.0142502 0.0108833 0.00748153 0.00407364 0.000683786 -0.00265997 -0.00592039 -0.00909234 -0.0121894 -0.0152431 -0.018226 -0.021144 -0.0240481 -0.0269316 -0.0298237 -0.0326923 -0.0355537 -0.0383653 -0.041072 -0.0436558 -0.0460398 -0.0482089 -0.0500766 -0.0515908 -0.0527176 -0.0534369 -0.0537728 -0.0537089 -0.0533196 -0.0526684 -0.0518205 -0.0508577 -0.0498759 -0.0490009 -0.0482751 -0.0477682 
0 0.00650351 0.0128673 0.019005 0.0247658 0.0300534 0.0347323 0.038764 0.0420965 0.0446792 0.046543 0.0476812 0.0481524 0.047964 0.0472121 0.0459905 0.0443596 0.0424191 0.040226 0.0378834 0.0354259 0.0329222 0.0304239 0.0279551 0.0255223 0.0230991 0.0206908 0.0182858 0.0158707 0.013389 0.0108259 0.00815606 0.00538605 0.00249472 -0.000513639 -0.00360077 -0.00677266 -0.00999018 -0.0132445 -0.0164632 -0.0195869 -0.0225768 -0.0253904 -0.0279718 -0.0302603 -0.03219 -0.0337537 -0.0349413 -0.0357236 -0.0361135 -0.0360826 -0.0356902 -0.034953 -0.0338958 -0.0325714 -0.0310184 -0.0293032 -0.0274915 -0.0255974 -0.0236749 -0.0217675 -0.0199055 -0.0181436 -0.0164665 -0.0148916 -0.0134287 -0.0120917 -0.0108901 -0.00980747 -0.00879579 -0.00784875 -0.00694369 -0.00606768 -0.00518507 -0.00424564 -0.00320034 -0.00199072 -0.00053974 0.00118593 0.00317045 0.00541806 0.00789242 0.0104575 0.0129079 0.0149954 0.0164238 0.0169035 0.01614 0.0139202 0.010116 0.00468965 -0.00223568 -0.0103725 -0.0193752 -0.0287639 -0.037985 -0.0465016 -0.0537953 -0.0593678 -0.062867 -0.0640699 -0.0628751 -0.0593438 -0.0537287 -0.046357 -0.0376677 -0.0282055 -0.0185107 -0.00909075 -0.000464864 0.00699094 0.0130308 0.0175133 0.0204382 0.0219368 0.0222027 0.0215078 0.0201386 0.018396 0.016536 0.0147321 0.0131102 0.0117739 0.0107327 0.00994815 0.00940599 0.00908654 0.00894017 0.00892787 0.0090189 0.00919756 0.00949007 0.00988314 0.0103884 0.0110191 0.0117781 0.0126888 0.0137762 0.0150144 0.0164127 0.0179267 0.0195547 0.021298 0.023112 0.0249634 0.0267947 0.02855 0.0302146 0.0317255 0.0330105 0.0340235 0.0346911 0.0350253 0.034983 0.0345398 0.0336769 0.0323914 0.0307132 0.0286696 0.0262795 0.0235982 0.020688 0.0176009 0.0143995 0.0111088 0.00781423 0.00454618 0.0013398 -0.00179887 -0.00485295 -0.00778384 -0.0105901 -0.0132955 -0.015937 -0.0185153 -0.0210613 -0.0235886 -0.0261456 -0.0287236 -0.0313468 -0.0340209 -0.0367134 -0.0394081 -0.04203 -0.0445756 -0.046975 -0.0491869 -0.0511441 -0.0527847 -0.0541078 -0.0550603 -0.0556722 -0.0559548 -0.0559764 -0.0557818 -0.0554078 -0.0549599 -0.0544912 -0.0540873 -0.0537831 
0 0.00667683 0.0132058 0.0194392 0.0252533 0.0305085 0.0351097 0.0389886 0.0420981 0.0444296 0.0459791 0.0467945 0.0469199 0.0464299 0.045428 0.0439983 0.042245 0.040226 0.0380357 0.0357499 0.033424 0.0311198 0.028848 0.0266513 0.0245038 0.0223955 0.0203303 0.0182842 0.0162339 0.0141179 0.0119148 0.00961314 0.00719014 0.0046389 0.00194635 -0.000891003 -0.00383513 -0.00689285 -0.0100171 -0.0131762 -0.0163187 -0.0193985 -0.0223954 -0.0252102 -0.0277993 -0.0300946 -0.0320731 -0.0337073 -0.0349725 -0.0358248 -0.0362716 -0.0363334 -0.0360296 -0.0353738 -0.034386 -0.0331148 -0.0316086 -0.0299447 -0.0281462 -0.0262708 -0.0243471 -0.0224512 -0.0205887 -0.0188013 -0.0170967 -0.0154845 -0.0139918 -0.0126308 -0.0113594 -0.0101857 -0.00907006 -0.00798096 -0.0069447 -0.00590126 -0.0048061 -0.0035878 -0.00217972 -0.000551329 0.00131067 0.00347882 0.00589206 0.00848353 0.0111124 0.0135994 0.0156565 0.0170049 0.0173228 0.0163603 0.0138842 0.00979641 0.0040746 -0.00313472 -0.0116083 -0.0209338 -0.0306264 -0.0401434 -0.0489274 -0.0563938 -0.0621228 -0.065716 -0.0669251 -0.0656806 -0.0620596 -0.0562415 -0.0486305 -0.0396642 -0.0298772 -0.0198277 -0.0100767 -0.00108189 0.00673985 0.0131245 0.0179064 0.0211052 0.0228082 0.0232401 0.0226487 0.0213488 0.0196041 0.0176908 0.0158225 0.0141697 0.0127487 0.0116252 0.0108001 0.0102518 0.00994153 0.00982881 0.00985386 0.0100246 0.0102933 0.0106756 0.0112 0.011842 0.0126145 0.0135236 0.0145774 0.0157997 0.017196 0.0187143 0.0203498 0.0220629 0.0238551 0.0256817 0.027513 0.0292565 0.0308761 0.0323193 0.0335416 0.0344866 0.0351021 0.0353538 0.0352217 0.034698 0.0337664 0.0324252 0.0306913 0.0286192 0.0262059 0.0235282 0.0206193 0.0175592 0.0144122 0.0112026 0.00798603 0.0047995 0.00171095 -0.00126118 -0.00412417 -0.00685911 -0.00945475 -0.0119171 -0.014254 -0.01652 -0.0187265 -0.0209174 -0.0231212 -0.025357 -0.0276625 -0.0300253 -0.03249 -0.0350419 -0.0376592 -0.0403086 -0.0429424 -0.045542 -0.0480374 -0.0503846 -0.0525275 -0.0544176 -0.0560252 -0.0573224 -0.0583351 -0.0590806 -0.0595869 -0.0598869 -0.060018 -0.0600415 -0.0599954 -0.0599376 
