0 0 0 0 0 0 0 0 0 0 0 0 0 0 0 0 0 0 0 0 0 0 0 0 0 0 0 0 0 0 0 0 0 0 0 0 0 0 0 0 0 0 0 0 0 0 0 0 0 0 0 0 0 0 0 0 0 0 0 0 0 0 0 0 0 0 0 0 0 0 0 0 0 0 0 0 0 0 0 0 0 0 0 0 0 0 0 0 0 0 0 0 0 0 0 0 0 0 0 0 0 0 0 0 0 0 0 0 0 0 0 0 0 0 0 0 0 0 0 0 0 0 0 0 0 0 0 0 0 0 0 0 0 0 0 0 0 0 0 0 0 0 0 0 0 0 0 0 0 0 0 0 0 0 0 0 0 0 0 0 0 0 0 0 0 0 0 0 0 0 0 0 0 0 0 0 0 0 0 0 0 0 0 0 0 0 0 0 0 0 0 0 0 0 0 0 0 0 0 0 
0 -0.00132042 -0.00258229 -0.00376129 -0.00482147 -0.00575835 -0.00654935 -0.00719563 -0.00767112 -0.00795261 -0.00805273 -0.00797791 -0.00776939 -0.0074458 -0.00704166 -0.00656696 -0.0060373 -0.00548411 -0.00492766 -0.00440166 -0.00390529 -0.0034392 -0.0029963 -0.00259607 -0.00224221 -0.0019399 -0.00169152 -0.00148663 -0.00130725 -0.00114019 -0.0010129 -0.00090776 -0.000831153 -0.000766116 -0.00070995 -0.000656155 -0.000600993 -0.000563548 -0.000531193 -0.000512355 -0.000488296 -0.000450608 -0.000413627 -0.000393171 -0.000376412 -0.000370371 -0.00035789 -0.000344751 -0.000325897 -0.000305983 -0.000298054 -0.00028585 -0.00028531 -0.000269336 -0.000245009 -0.000227329 -0.000217356 -0.000211713 -0.000216318 -0.000207481 -0.000201655 -0.000194074 -0.000183433 -0.0001739 -0.000169158 -0.000178004 -0.000193099 -0.000208544 -0.000220204 -0.000251325 -0.000306791 -0.000381379 -0.000463889 -0.000570888 -0.000693076 -0.00083499 -0.000988674 -0.00116607 -0.00135031 -0.00153699 -0.00171305 -0.00185981 -0.00194416 -0.00196116 -0.00189651 -0.00175188 -0.00152083 -0.00121408 -0.000839697 -0.000411078 4.16352e-05 0.000483193 0.00090144 0.00126628 0.00156278 0.00179419 0.00195748 0.00205835 0.00212533 0.00217539 0.00221705 0.00225819 0.00228918 0.00227785 0.00221075 0.00207526 0.00185224 0.00154961 0.00118131 0.000746667 0.000277856 -0.000195728 -0.00065025 -0.00105542 -0.00138456 -0.00163045 -0.00178039 -0.00183657 -0.00179926 -0.00169766 -0.00155211 -0.00138463 -0.00120406 -0.0010259 -0.000840858 -0.000662343 -0.000502393 -0.000374596 -0.000256712 -0.000162959 -9.05507e-05 -3.66166e-05 1.02333e-05 4.765e-05 7.80468e-05 9.41042e-05 0.00010626 0.000110671 0.000117924 0.000131148 0.000147488 0.00016638 0.000166574 0.000167045 0.000167413 0.00016883 0.000179199 0.000194224 0.000200795 0.000217125 0.000216611 0.000223171 0.000240118 0.000263845 0.000286648 0.000294395 0.000299506 0.00030527 0.00032467 0.000351098 0.000375018 0.000395395 0.000420731 0.000435293 0.000467703 0.000510261 0.000559029 0.000603101 0.000639944 0.000687093 0.00074432 0.00082847 0.000918289 0.00101765 0.00112259 0.00123691 0.00136351 0.00151825 0.00168959 0.00184844 0.00199196 0.00211369 0.00221377 0.00225908 0.00224107 0.00211665 0.00185676 0.0014554 0.000910068 0.000237168 -0.000575148 -0.00150069 -0.00253236 -0.00363624 -0.00476647 -0.00587651 -0.00689644 -0.00778537 -0.00848194 -0.00896091 
0 -0.00258229 -0.00507042 -0.00738736 -0.00950549 -0.0113557 -0.0129296 -0.0142006 -0.015132 -0.0157059 -0.0159163 -0.0158142 -0.0154224 -0.0148044 -0.0140116 -0.0130751 -0.0120497 -0.0109658 -0.00988221 -0.00883056 -0.00783069 -0.00689193 -0.00600973 -0.00522434 -0.00452969 -0.00392173 -0.00341548 -0.00299117 -0.00263041 -0.00231497 -0.0020626 -0.0018653 -0.00168825 -0.0015494 -0.00142938 -0.00132107 -0.00122957 -0.001141 -0.00107515 -0.00101798 -0.000970626 -0.000912095 -0.000856041 -0.000822289 -0.000784356 -0.000745437 -0.000711329 -0.000678134 -0.000641077 -0.000613891 -0.000578372 -0.00055633 -0.000540567 -0.000517638 -0.000488079 -0.000467557 -0.000450214 -0.000432889 -0.000410776 -0.000388531 -0.000374669 -0.000362293 -0.000359924 -0.000342897 -0.000348889 -0.000358241 -0.000370844 -0.000408932 -0.000463991 -0.000520336 -0.00062389 -0.000751727 -0.000931443 -0.00114441 -0.00137449 -0.00166693 -0.00200831 -0.00235671 -0.00272958 -0.00309632 -0.00342075 -0.00369706 -0.00387592 -0.00392361 -0.00380814 -0.00352296 -0.00306484 -0.00244974 -0.00168482 -0.000831061 7.45717e-05 0.000970208 0.00179707 0.00250502 0.003106 0.00355728 0.00388387 0.00411458 0.00426222 0.0043499 0.00444258 0.00450327 0.00454117 0.00452744 0.00440488 0.00412871 0.00370612 0.00310052 0.0023472 0.00147758 0.000540065 -0.000421875 -0.00132364 -0.00212523 -0.00277444 -0.00325213 -0.00354252 -0.00365659 -0.00360719 -0.00342823 -0.00313295 -0.00278906 -0.00242474 -0.00203527 -0.0016698 -0.00133372 -0.00101192 -0.000746498 -0.000532899 -0.000345943 -0.000198916 -6.10252e-05 2.69376e-05 8.24964e-05 0.000142884 0.000196579 0.000224236 0.000252664 0.000261125 0.000281673 0.000301477 0.000314845 0.000321193 0.000335294 0.000351653 0.000367973 0.000385272 0.000399611 0.000418234 0.000438269 0.000456984 0.000463229 0.000486093 0.000517489 0.000545458 0.000567816 0.000595207 0.000619073 0.000663889 0.000704803 0.000736782 0.000785314 0.000830918 0.000882474 0.000934097 0.00100962 0.00109629 0.00117971 0.00128088 0.00138875 0.00152197 0.00168531 0.00185843 0.00205864 0.00227992 0.00251977 0.00277932 0.00306916 0.00339265 0.00369094 0.00396553 0.0042075 0.00437761 0.00444797 0.00436491 0.00409447 0.00356401 0.00275847 0.00168637 0.000334414 -0.0012662 -0.00310928 -0.00513576 -0.0072982 -0.00951278 -0.0116651 -0.0136665 -0.0153873 -0.0167575 -0.0176898 
0 -0.00376129 -0.00738736 -0.0108133 -0.0139296 -0.0166835 -0.0189935 -0.0208545 -0.0222217 -0.0230663 -0.0234311 -0.0233235 -0.0228139 -0.0219378 -0.0207958 -0.0194501 -0.0179675 -0.0164217 -0.0148435 -0.0133003 -0.011809 -0.010408 -0.00910878 -0.00795618 -0.00693021 -0.00601962 -0.00523509 -0.00457827 -0.004028 -0.00355016 -0.00318405 -0.00286005 -0.00258547 -0.00234414 -0.00215429 -0.00200368 -0.00186155 -0.00174534 -0.00162186 -0.0015298 -0.00145126 -0.00137046 -0.00130146 -0.00125341 -0.00118175 -0.00111823 -0.00105203 -0.00101121 -0.000973839 -0.000928695 -0.000891201 -0.00083237 -0.000808773 -0.000771196 -0.000732876 -0.000711668 -0.000690303 -0.000653522 -0.000627005 -0.000576925 -0.000555925 -0.000550974 -0.000543874 -0.000528037 -0.000512946 -0.000526925 -0.000565383 -0.000622087 -0.00068229 -0.000789461 -0.000949006 -0.00114818 -0.0013752 -0.00168361 -0.00205981 -0.00251314 -0.00300819 -0.00355175 -0.00409401 -0.00462374 -0.00511601 -0.00553267 -0.00579092 -0.00586514 -0.00570157 -0.0052876 -0.00460034 -0.00366955 -0.00252859 -0.00123353 0.000122295 0.0014378 0.00267222 0.00374949 0.00463617 0.00533623 0.00584285 0.00617097 0.00638861 0.0065411 0.00665865 0.00676144 0.00682961 0.00678407 0.00658242 0.00618317 0.00553198 0.00463619 0.00352873 0.0022173 0.000797069 -0.000635602 -0.00199417 -0.00318772 -0.00414496 -0.00485276 -0.00529019 -0.00547015 -0.0053929 -0.00512285 -0.00470373 -0.00419311 -0.00362566 -0.00305761 -0.00248969 -0.00196514 -0.00150953 -0.00114529 -0.000806238 -0.000518132 -0.000282479 -0.000103418 3.66583e-05 0.000137876 0.000221694 0.000281114 0.000339045 0.000377433 0.00040472 0.000424848 0.00044014 0.000467107 0.000472583 0.00050231 0.000537531 0.0005597 0.000578615 0.000596258 0.000605324 0.000659133 0.000684666 0.000714032 0.000743684 0.000774196 0.000812189 0.000844237 0.000895354 0.000947358 0.00100863 0.00106165 0.00110755 0.00117076 0.00126955 0.00134379 0.00143631 0.00153138 0.00164461 0.0017777 0.00193127 0.00212325 0.00232519 0.00256752 0.00281851 0.00311737 0.00346395 0.00384393 0.0042329 0.00465589 0.0051017 0.00552261 0.00591742 0.0062474 0.006473 0.00649821 0.00631165 0.00583561 0.00500775 0.00379941 0.00218325 0.00018469 -0.00221091 -0.00491824 -0.00789211 -0.0110333 -0.0142197 -0.0173273 -0.0201799 -0.0226643 -0.0246199 -0.0259658 
0 -0.00482147 -0.00950549 -0.0139296 -0.0180042 -0.0215779 -0.024592 -0.0270018 -0.0287737 -0.0299092 -0.0304227 -0.0303751 -0.0297826 -0.0287271 -0.0273099 -0.0256195 -0.023765 -0.0218015 -0.0197997 -0.0178078 -0.0158754 -0.0140526 -0.0123581 -0.0108447 -0.00948423 -0.00825601 -0.00719218 -0.00628673 -0.00552439 -0.00487411 -0.00434719 -0.00391111 -0.00351503 -0.00319193 -0.00292849 -0.00271152 -0.00252952 -0.00235214 -0.00219729 -0.00205958 -0.00194789 -0.00183585 -0.00173698 -0.00166686 -0.00158207 -0.00149336 -0.00142052 -0.00136305 -0.00130564 -0.00125565 -0.00118758 -0.00113155 -0.00109017 -0.00104138 -0.000986562 -0.000947237 -0.000911955 -0.000874652 -0.000831083 -0.000787961 -0.000761537 -0.000741559 -0.000733683 -0.000704496 -0.000705864 -0.000719098 -0.000745108 -0.000816449 -0.000921305 -0.0010459 -0.00125424 -0.00151611 -0.00186503 -0.00228301 -0.00275105 -0.00333134 -0.0040013 -0.00469933 -0.00543678 -0.00616293 -0.00681459 -0.00736307 -0.00771704 -0.00780824 -0.00757859 -0.00701231 -0.00610282 -0.00487957 -0.00336845 -0.0016717 0.000125254 0.0019036 0.00355403 0.00498201 0.00618526 0.00710351 0.0077698 0.00823497 0.00853595 0.00872512 0.00890209 0.00902356 0.00909054 0.00904176 0.00877637 0.00821676 0.00735664 0.00614978 0.00465374 0.00292689 0.00106416 -0.000837813 -0.00263086 -0.00422191 -0.00551292 -0.00646302 -0.00704318 -0.00726982 -0.00717162 -0.00681242 -0.00623455 -0.00555296 -0.00482474 -0.00405977 -0.00333174 -0.00265745 -0.00202568 -0.001497 -0.00106029 -0.000684453 -0.000385128 -0.000121608 5.42645e-05 0.000169625 0.000283164 0.000380977 0.000441349 0.000497009 0.000523282 0.000563351 0.000600528 0.00062639 0.000641244 0.00067075 0.000706674 0.000738706 0.000766428 0.000787839 0.000819421 0.000867412 0.000916209 0.000946094 0.000991232 0.00104304 0.00109261 0.00114357 0.00120934 0.00127179 0.00135443 0.00142351 0.00148303 0.00158146 0.00169544 0.00181816 0.00193639 0.00207977 0.00224319 0.0024203 0.00264397 0.00289239 0.00317518 0.00349358 0.00382892 0.00422762 0.00469076 0.00519785 0.00572007 0.0062612 0.00682702 0.00734797 0.00782356 0.00821135 0.00841361 0.00835854 0.00798196 0.00725281 0.00608056 0.00443044 0.00228994 -0.00036696 -0.00348607 -0.00701614 -0.0108348 -0.0148355 -0.0188721 -0.0227627 -0.0263547 -0.0294458 -0.0319066 -0.0335876 
0 -0.00575835 -0.0113557 -0.0166835 -0.0215779 -0.025908 -0.0295516 -0.0324826 -0.0346635 -0.0360831 -0.0367966 -0.036827 -0.0362388 -0.0350873 -0.0334986 -0.031571 -0.0294058 -0.0270997 -0.0247137 -0.0223371 -0.0200179 -0.017814 -0.0157497 -0.0138765 -0.012177 -0.0106476 -0.00931121 -0.00816848 -0.00718639 -0.00632642 -0.0056313 -0.00503833 -0.00453945 -0.00411335 -0.00376231 -0.00346756 -0.00320294 -0.00298514 -0.00278534 -0.00262528 -0.00247817 -0.00232325 -0.00218589 -0.00208717 -0.00198076 -0.00188808 -0.0017952 -0.00172057 -0.00164358 -0.00156269 -0.00149601 -0.00142278 -0.00138289 -0.00131784 -0.00123883 -0.00117823 -0.00113266 -0.00108794 -0.00105771 -0.0010023 -0.000964859 -0.000937136 -0.000909473 -0.000879486 -0.000869378 -0.000898759 -0.000956334 -0.00103856 -0.00113814 -0.00130838 -0.00157244 -0.00191442 -0.00232369 -0.00284164 -0.00345363 -0.00417938 -0.00498634 -0.00586959 -0.00677628 -0.00767281 -0.00850186 -0.00919025 -0.00961731 -0.00972388 -0.00943808 -0.00874038 -0.00761098 -0.00608754 -0.00421924 -0.00209934 0.000135381 0.00233217 0.00439284 0.00619913 0.0076969 0.00887014 0.00972064 0.0102875 0.0106622 0.0109213 0.0111258 0.0112898 0.0113797 0.0112878 0.0109283 0.010229 0.00912842 0.00762821 0.00578119 0.00362889 0.00130461 -0.00104705 -0.00328043 -0.00525574 -0.00685801 -0.00804252 -0.0087725 -0.00906153 -0.00892829 -0.00846875 -0.0077676 -0.00692721 -0.00601124 -0.00508477 -0.00416446 -0.00330007 -0.00252669 -0.00188506 -0.00132046 -0.000850004 -0.00047235 -0.000177419 5.36274e-05 0.000229001 0.000375173 0.000478938 0.000557218 0.000608434 0.00064944 0.000697571 0.000748964 0.000801332 0.000817708 0.000846801 0.000881846 0.000914927 0.000955073 0.000997287 0.00103139 0.00110091 0.00114039 0.00118416 0.0012431 0.00131474 0.00139141 0.00145216 0.00152189 0.00159441 0.00169142 0.00179246 0.00189119 0.00201008 0.00215898 0.00229037 0.00245348 0.0026438 0.00286553 0.00310782 0.00337579 0.00369439 0.0040516 0.00447375 0.0049216 0.00543215 0.00600751 0.00662761 0.0072608 0.00791895 0.00857649 0.0091635 0.00966197 0.010012 0.0101324 0.00990421 0.00929897 0.00824575 0.00667862 0.00456317 0.00186873 -0.00138762 -0.00519324 -0.00942824 -0.0139835 -0.0187025 -0.0234111 -0.0279368 -0.0320676 -0.0356387 -0.0384559 -0.0403915 
0 -0.00654935 -0.0129296 -0.0189935 -0.024592 -0.0295516 -0.0337683 -0.0371874 -0.0397682 -0.0415028 -0.0424255 -0.0425978 -0.0420702 -0.0409273 -0.0392764 -0.0372107 -0.0348388 -0.0322591 -0.0295758 -0.0268821 -0.0242419 -0.021705 -0.0192985 -0.0170793 -0.0150529 -0.0132232 -0.0116198 -0.0102259 -0.00900541 -0.00793286 -0.00703809 -0.00629622 -0.00566248 -0.0051301 -0.0046755 -0.00428167 -0.00394198 -0.0036522 -0.00341097 -0.00320728 -0.00302305 -0.00283568 -0.00266899 -0.00254227 -0.00241801 -0.00229575 -0.00218279 -0.00208012 -0.00197656 -0.00187959 -0.00178546 -0.00170763 -0.00165151 -0.00158114 -0.00149811 -0.00142913 -0.00137128 -0.00131652 -0.00126003 -0.00119764 -0.00114887 -0.00111152 -0.0010854 -0.00105554 -0.00105755 -0.00108884 -0.00114574 -0.00124845 -0.00139239 -0.00159189 -0.00189705 -0.00229456 -0.00280091 -0.00341951 -0.00414362 -0.00501313 -0.00600026 -0.00705011 -0.00813675 -0.00920242 -0.0101719 -0.0109755 -0.0114938 -0.0116275 -0.0112963 -0.010466 -0.00912442 -0.00730769 -0.00507478 -0.00255108 0.000115629 0.00275502 0.00521736 0.00737524 0.00918245 0.010592 0.0116252 0.0123422 0.0128145 0.013127 0.0133748 0.0135472 0.0136187 0.0134961 0.0130558 0.0122006 0.0108859 0.00908538 0.00685991 0.00429262 0.001524 -0.00128336 -0.00393936 -0.00628679 -0.00819438 -0.00959865 -0.0104653 -0.0108102 -0.0106759 -0.0101476 -0.00931227 -0.00830277 -0.00720719 -0.00607782 -0.00498496 -0.00396698 -0.00304133 -0.00225691 -0.00159552 -0.00103826 -0.000585745 -0.000210657 6.56343e-05 0.000267365 0.000443395 0.00058375 0.000679755 0.000750309 0.000796111 0.000851831 0.00090949 0.000955501 0.000983064 0.00102091 0.00106949 0.00111996 0.00117159 0.00121924 0.00126961 0.00133488 0.00138909 0.00143385 0.00150011 0.00158491 0.00167264 0.00175433 0.00183986 0.00193043 0.00205043 0.00217727 0.00230436 0.00245696 0.00262148 0.00278917 0.00298303 0.00322916 0.00351726 0.00382532 0.00416942 0.00455705 0.0050115 0.00553979 0.00610958 0.0067373 0.0074172 0.00813233 0.00886136 0.00960479 0.0103262 0.0109292 0.0113752 0.0116097 0.0115412 0.0110805 0.0101643 0.00873669 0.00672198 0.00409634 0.00086182 -0.00297461 -0.00735658 -0.0121887 -0.017321 -0.0225878 -0.0277981 -0.0327502 -0.0372567 -0.0411165 -0.0441669 -0.0462535 
0 -0.00719563 -0.0142006 -0.0208545 -0.0270018 -0.0324826 -0.0371874 -0.0410506 -0.0440177 -0.0460681 -0.0472375 -0.0475924 -0.047201 -0.0461482 -0.0445303 -0.0424337 -0.0399604 -0.0372239 -0.0343428 -0.0314204 -0.0285257 -0.0257082 -0.0230097 -0.0204882 -0.0181639 -0.016047 -0.0141602 -0.0124941 -0.0110198 -0.00972246 -0.00862276 -0.00769461 -0.00689821 -0.00622163 -0.00564941 -0.00516255 -0.00474406 -0.00438368 -0.0040743 -0.00381061 -0.00357845 -0.00336069 -0.0031702 -0.00301159 -0.00285346 -0.00269827 -0.00256107 -0.00244648 -0.00233911 -0.00223117 -0.00211975 -0.00201771 -0.00193696 -0.00185391 -0.00176695 -0.00169232 -0.00162438 -0.00155324 -0.00147908 -0.00140473 -0.00135043 -0.00131507 -0.00128628 -0.00125307 -0.00124394 -0.00127175 -0.00133959 -0.00145799 -0.00162884 -0.00187558 -0.00223137 -0.00268946 -0.00326425 -0.00397611 -0.00483146 -0.00584791 -0.00699327 -0.00821477 -0.00946767 -0.0106931 -0.0118146 -0.01274 -0.0133385 -0.0134957 -0.0131198 -0.0121628 -0.0106111 -0.00850332 -0.00591726 -0.00299285 9.33054e-05 0.00315037 0.00601098 0.00853623 0.0106545 0.0123219 0.0135514 0.0144043 0.01497 0.0153496 0.0156325 0.0158251 0.0158856 0.0157075 0.015162 0.0141456 0.0125993 0.0105069 0.00792555 0.00495051 0.00174099 -0.00150735 -0.00458116 -0.00729307 -0.00949696 -0.0111174 -0.012122 -0.012526 -0.0123787 -0.0117745 -0.0108224 -0.00965582 -0.00837854 -0.00706664 -0.00579149 -0.004606 -0.00354511 -0.00264001 -0.00186722 -0.00121139 -0.000674018 -0.0002422 8.09202e-05 0.000319594 0.000514588 0.0006699 0.000786894 0.000876242 0.000941092 0.00100255 0.00106044 0.00110728 0.00114331 0.00119411 0.00125769 0.00131913 0.0013723 0.00141815 0.0014732 0.00155247 0.00163008 0.00170018 0.00177912 0.00186853 0.00196302 0.00206146 0.00217176 0.00229336 0.00243483 0.00257984 0.00273064 0.00291381 0.00312304 0.00334294 0.0035898 0.00388471 0.00422692 0.00460599 0.00503175 0.00551283 0.00606439 0.00669032 0.00736812 0.00810419 0.00888878 0.00969513 0.0104989 0.0112902 0.0120163 0.0125752 0.0129035 0.0129414 0.0126085 0.0118249 0.0105307 0.00866307 0.0061589 0.0030068 -0.000768066 -0.00512797 -0.0100047 -0.0152911 -0.0208373 -0.0264665 -0.0319792 -0.0371711 -0.0418514 -0.0458342 -0.0489624 -0.0510976 
0 -0.00767112 -0.015132 -0.0222217 -0.0287737 -0.0346635 -0.0397682 -0.0440177 -0.0473462 -0.0497199 -0.0511803 -0.0517766 -0.0515944 -0.0507048 -0.0492009 -0.0471728 -0.0447132 -0.0419447 -0.038974 -0.0359094 -0.0328252 -0.0297852 -0.0268536 -0.0240817 -0.0214927 -0.0191003 -0.0169225 -0.0149742 -0.0132417 -0.0117166 -0.0104031 -0.00926248 -0.00827928 -0.00743466 -0.00673083 -0.00614279 -0.00563228 -0.00519052 -0.00479717 -0.00446394 -0.00417423 -0.00391708 -0.00369367 -0.00349589 -0.00330251 -0.00312072 -0.0029599 -0.00282925 -0.00271147 -0.00258513 -0.00246193 -0.00233942 -0.00223835 -0.00213799 -0.00203701 -0.00194673 -0.00186597 -0.00178321 -0.00170493 -0.00162502 -0.00156424 -0.00152387 -0.00148352 -0.00145181 -0.00143674 -0.00146594 -0.00154508 -0.00167261 -0.00185986 -0.00215144 -0.00255771 -0.00309261 -0.00375065 -0.00456179 -0.00554068 -0.00668392 -0.00796579 -0.00935503 -0.0107772 -0.0121716 -0.0134553 -0.0145034 -0.0151741 -0.0153438 -0.0149122 -0.0138245 -0.01207 -0.00968719 -0.00677102 -0.00346256 3.5016e-05 0.00350917 0.00677329 0.00967395 0.0121025 0.0140316 0.015463 0.0164569 0.017124 0.0175796 0.0178936 0.0181027 0.0181456 0.0179012 0.0172405 0.0160548 0.0142623 0.0118711 0.00893569 0.00556544 0.0019371 -0.00172612 -0.00520205 -0.00827244 -0.0107772 -0.0126205 -0.0137655 -0.0142257 -0.0140565 -0.0133658 -0.0122951 -0.0109777 -0.00953179 -0.00806164 -0.00661898 -0.00526617 -0.00405883 -0.00301717 -0.00212329 -0.00137631 -0.000760966 -0.000282715 8.72701e-05 0.0003688 0.000588266 0.000760073 0.000897381 0.000995361 0.00107886 0.00115099 0.0012195 0.00127866 0.00132312 0.0013788 0.00144652 0.00151292 0.00157218 0.00162734 0.00169095 0.00178433 0.00187532 0.00196935 0.00206325 0.00216369 0.00227168 0.00238677 0.00251914 0.00267118 0.00283384 0.00299977 0.0031774 0.00338981 0.00365158 0.00393232 0.00424843 0.0046003 0.00500125 0.00546022 0.0059787 0.0065719 0.00722812 0.00794753 0.00872058 0.0095519 0.0104322 0.0113181 0.0121661 0.0129488 0.0135996 0.0140336 0.0141699 0.013937 0.0132642 0.0120702 0.0103192 0.00795023 0.00493096 0.00126198 -0.0030192 -0.00783306 -0.0131061 -0.0187019 -0.0244848 -0.0302762 -0.0358843 -0.0411222 -0.0457898 -0.0497369 -0.0528072 -0.0548986 
0 -0.00795261 -0.0157059 -0.0230663 -0.0299092 -0.0360831 -0.0415028 -0.0460681 -0.0497199 -0.0524376 -0.0542203 -0.0551344 -0.0552198 -0.0545685 -0.0532574 -0.0513869 -0.0490577 -0.0463599 -0.0434052 -0.0402793 -0.0370805 -0.033887 -0.0307808 -0.0278031 -0.0249863 -0.0223399 -0.0199006 -0.0176853 -0.0156983 -0.013946 -0.0123892 -0.0110382 -0.00984554 -0.00882962 -0.00796856 -0.00723689 -0.00661522 -0.00606096 -0.00559381 -0.00518666 -0.00483396 -0.00452326 -0.00425037 -0.00400551 -0.00379148 -0.00358074 -0.00339993 -0.00323022 -0.0030736 -0.00292875 -0.00278016 -0.00266334 -0.0025424 -0.00242783 -0.00231057 -0.00220069 -0.00210429 -0.00202378 -0.00192999 -0.00185308 -0.00177645 -0.00171225 -0.00166325 -0.0016309 -0.00163532 -0.00167495 -0.00175706 -0.0018983 -0.00212327 -0.00243663 -0.00288726 -0.00348583 -0.0042515 -0.00516419 -0.00624967 -0.00751787 -0.00896005 -0.0104952 -0.0120923 -0.013657 -0.01508 -0.0162345 -0.0169845 -0.0171646 -0.0166826 -0.0154694 -0.013524 -0.0108783 -0.0076341 -0.00395861 -5.91249e-05 0.00384051 0.00750038 0.0107613 0.0135167 0.0157015 0.0173369 0.0185018 0.0192842 0.0198055 0.0201658 0.0203731 0.0203711 0.0200602 0.0192811 0.0179048 0.0158785 0.0131848 0.00988373 0.00613051 0.00210146 -0.00196969 -0.00582481 -0.00923687 -0.0120319 -0.01409 -0.0153729 -0.0158833 -0.0157104 -0.0149528 -0.0137576 -0.01229 -0.0106926 -0.00903942 -0.00744017 -0.00593878 -0.00457777 -0.00338243 -0.00238745 -0.00155648 -0.000879976 -0.000328437 8.88973e-05 0.000409829 0.000667431 0.000876859 0.00102343 0.00113239 0.00121561 0.00130014 0.00138744 0.0014526 0.00151869 0.00157476 0.00164152 0.00171612 0.00178962 0.00186237 0.0019557 0.00203913 0.00214197 0.00223367 0.0023408 0.00246619 0.00259389 0.00273603 0.00288299 0.00305449 0.00324408 0.00344513 0.00366442 0.00392376 0.0042146 0.00456175 0.00493417 0.00536383 0.00584669 0.00639201 0.00702216 0.00771876 0.00849685 0.00931612 0.0101906 0.0111097 0.0120579 0.0129848 0.0138299 0.0145323 0.0150271 0.0152411 0.0150925 0.0145141 0.0134141 0.0117501 0.00946621 0.00656082 0.00302018 -0.0011383 -0.00584749 -0.0110407 -0.0165784 -0.022352 -0.028192 -0.0339514 -0.0394652 -0.0445462 -0.0490495 -0.0528015 -0.0557116 -0.0576746 
0 -0.00805273 -0.0159163 -0.0234311 -0.0304227 -0.0367966 -0.0424255 -0.0472375 -0.0511803 -0.0542203 -0.0563676 -0.057619 -0.0580408 -0.0576864 -0.0566469 -0.0550295 -0.0529128 -0.0503916 -0.0475407 -0.044459 -0.0412446 -0.037983 -0.0347657 -0.0316296 -0.028616 -0.0257682 -0.0230999 -0.0206474 -0.0184105 -0.0163992 -0.0146031 -0.0130068 -0.0116236 -0.0104099 -0.00936503 -0.00846667 -0.00768766 -0.00702887 -0.00646478 -0.00598573 -0.00555742 -0.00517772 -0.00484567 -0.00455387 -0.00430058 -0.00407418 -0.00385414 -0.00364897 -0.00346407 -0.00328395 -0.0031345 -0.00299541 -0.00286193 -0.00273082 -0.00259964 -0.00247539 -0.00237013 -0.00226996 -0.00217714 -0.00207869 -0.00198968 -0.00192237 -0.00185812 -0.00182962 -0.00182202 -0.00186949 -0.00198353 -0.00213972 -0.00237225 -0.0027447 -0.00324084 -0.00390085 -0.00471499 -0.00572244 -0.00695384 -0.00836773 -0.00994158 -0.0116554 -0.0133994 -0.0151008 -0.0166666 -0.0179291 -0.0187329 -0.0189376 -0.0184205 -0.0170996 -0.0149656 -0.0120538 -0.00848845 -0.00443927 -0.000148739 0.00413329 0.00818027 0.0118179 0.0148857 0.0173579 0.0192255 0.0205418 0.0214419 0.022057 0.0224375 0.0226519 0.0226158 0.0221973 0.0212705 0.0197146 0.0174311 0.0144486 0.010816 0.00667757 0.00224106 -0.00222278 -0.00645146 -0.010186 -0.0132433 -0.0154956 -0.0169082 -0.0174924 -0.0173115 -0.0164906 -0.0152101 -0.0136045 -0.0118232 -0.0100147 -0.00823115 -0.00655615 -0.00507315 -0.00377923 -0.00266862 -0.00174256 -0.000973607 -0.000385853 9.06416e-05 0.000473832 0.000757632 0.000975619 0.00114771 0.00126339 0.00137046 0.00145563 0.00154157 0.00162719 0.00169975 0.00176954 0.00184258 0.00192251 0.00200804 0.00210174 0.00220216 0.00230658 0.00240288 0.00251419 0.00263317 0.00277645 0.00293767 0.00309894 0.00326699 0.00346072 0.00367449 0.003923 0.00420662 0.00451168 0.00486153 0.0052486 0.00569946 0.00621037 0.0067917 0.007452 0.00817252 0.0089825 0.00985764 0.0107864 0.0117617 0.0127478 0.013722 0.0146244 0.0153946 0.0159537 0.0162146 0.0161274 0.0156071 0.0145851 0.0130048 0.0108015 0.00797134 0.00450705 0.000458349 -0.00413407 -0.00921099 -0.0146496 -0.0203476 -0.0261326 -0.0318786 -0.0374338 -0.0426605 -0.0474353 -0.0515963 -0.0550581 -0.0576998 -0.0594843 
0 -0.00797791 -0.0158142 -0.0233235 -0.0303751 -0.036827 -0.0425978 -0.0475924 -0.0517766 -0.0551344 -0.057619 -0.0592458 -0.0600287 -0.0600428 -0.0593507 -0.0580521 -0.0562312 -0.0539527 -0.0513074 -0.0483749 -0.0452538 -0.0420188 -0.0387601 -0.0355163 -0.0323661 -0.0293501 -0.0265007 -0.0238246 -0.0213383 -0.0190827 -0.0170199 -0.0152043 -0.0135936 -0.0121835 -0.01094 -0.00985347 -0.00892992 -0.00812468 -0.00745334 -0.00686445 -0.0063447 -0.0058944 -0.0055016 -0.00514586 -0.00485197 -0.00457392 -0.00432985 -0.0040947 -0.00388483 -0.00369557 -0.00350641 -0.00335322 -0.00318497 -0.00304045 -0.00290679 -0.00277422 -0.0026446 -0.00253063 -0.00240167 -0.00230646 -0.00221643 -0.00214163 -0.00208208 -0.00204883 -0.0020441 -0.00207845 -0.00217841 -0.00235883 -0.00265286 -0.00304773 -0.0035838 -0.00429906 -0.00522029 -0.00632421 -0.00765278 -0.0091909 -0.0109303 -0.012775 -0.014683 -0.0165396 -0.0182224 -0.0195806 -0.0204698 -0.0206877 -0.0201245 -0.018683 -0.0163653 -0.0132049 -0.0093354 -0.00494882 -0.000282757 0.00440786 0.0088388 0.0128316 0.0162349 0.0189754 0.0210677 0.0225864 0.0236257 0.0243143 0.0247404 0.0249307 0.0248174 0.0243057 0.0232365 0.0214694 0.0189457 0.0156603 0.0116709 0.00717264 0.0023677 -0.00247139 -0.00705003 -0.0111011 -0.0144259 -0.0168744 -0.0184105 -0.0190351 -0.0188643 -0.0180012 -0.0166124 -0.0148709 -0.0129509 -0.0109538 -0.00902297 -0.0072162 -0.00558818 -0.00414256 -0.00293475 -0.00192225 -0.00108547 -0.000403109 0.000117101 0.000515086 0.000816922 0.00106666 0.00125686 0.00140575 0.00152688 0.00162933 0.00172113 0.00179135 0.00188076 0.0019584 0.00204842 0.00214443 0.0022366 0.00233151 0.0024521 0.00255003 0.00268298 0.00281102 0.0029525 0.00311543 0.00328533 0.00347844 0.00367481 0.00390348 0.00415332 0.00444171 0.00477705 0.00515104 0.00555274 0.00603255 0.00655872 0.00717463 0.00786841 0.00863542 0.00947634 0.0103704 0.0113457 0.012352 0.0134021 0.014422 0.0153606 0.0161681 0.0167841 0.0171183 0.0170813 0.0166167 0.0156403 0.0141055 0.0119632 0.00920937 0.00581255 0.00182282 -0.00269799 -0.00767542 -0.0130046 -0.0185905 -0.0242744 -0.0299424 -0.0354339 -0.0406363 -0.0454443 -0.0497447 -0.0534697 -0.056517 -0.0588496 -0.0604103 
0 -0.00776939 -0.0154224 -0.0228139 -0.0297826 -0.0362388 -0.0420702 -0.047201 -0.0515944 -0.0552198 -0.0580408 -0.0600287 -0.0612225 -0.0616558 -0.0613753 -0.0604608 -0.0589822 -0.0570189 -0.0546485 -0.0519509 -0.0490054 -0.0458738 -0.0426459 -0.039376 -0.0361469 -0.0330296 -0.0300281 -0.0271708 -0.0244806 -0.0219995 -0.0197151 -0.0176448 -0.015807 -0.014162 -0.012709 -0.0114409 -0.010342 -0.00938782 -0.0085627 -0.00784753 -0.00722547 -0.00669685 -0.00623297 -0.00580726 -0.0054356 -0.00511337 -0.00482304 -0.00456393 -0.00433818 -0.00411765 -0.00391256 -0.00372053 -0.00352761 -0.0033634 -0.00321528 -0.00306563 -0.00292234 -0.00278422 -0.00265766 -0.002546 -0.00245088 -0.00237575 -0.00230381 -0.00226683 -0.00225029 -0.00228903 -0.00241351 -0.00260167 -0.00290036 -0.00335516 -0.00394953 -0.00473302 -0.00571375 -0.00691717 -0.00837654 -0.0100395 -0.0118885 -0.0138933 -0.0159453 -0.0179444 -0.0197715 -0.0212344 -0.0221616 -0.0223912 -0.0217839 -0.0202375 -0.0177465 -0.0143485 -0.0101851 -0.00545965 -0.00043052 0.00462366 0.00943398 0.0138005 0.0175317 0.020573 0.0229151 0.024606 0.0257804 0.0265681 0.0270211 0.0272048 0.0270348 0.0263874 0.0251401 0.0231622 0.02037 0.0167914 0.0124841 0.00762924 0.00245782 -0.00273499 -0.0076447 -0.0119912 -0.0155637 -0.0182021 -0.019865 -0.0205623 -0.0203746 -0.0194462 -0.0179758 -0.0161167 -0.0140436 -0.0119178 -0.00982268 -0.00785117 -0.00609127 -0.00453778 -0.0032079 -0.00209286 -0.0011692 -0.000456186 0.000116167 0.000573564 0.000903534 0.00116254 0.00137322 0.00153607 0.0016865 0.00179865 0.00189304 0.00198434 0.00207732 0.00217035 0.00226738 0.00236981 0.00247048 0.00257713 0.00269907 0.00282223 0.0029689 0.0031372 0.00330179 0.0034751 0.00366392 0.00387219 0.00411145 0.00438822 0.00468317 0.00501905 0.00540984 0.00584085 0.00633417 0.00690319 0.00754375 0.00825669 0.00904942 0.00993084 0.0108724 0.0118833 0.0129353 0.0140055 0.0150842 0.0160829 0.0169357 0.0175764 0.0179534 0.0179702 0.0175397 0.0166177 0.015119 0.0130033 0.0102739 0.00693846 0.00301588 -0.00145492 -0.00637405 -0.0116387 -0.0171321 -0.0227093 -0.0282609 -0.0336477 -0.0387647 -0.0435005 -0.0477695 -0.0515191 -0.0546906 -0.0572807 -0.0592379 -0.0605566 
0 -0.0074458 -0.0148044 -0.0219378 -0.0287271 -0.0350873 -0.0409273 -0.0461482 -0.0507048 -0.0545685 -0.0576864 -0.0600428 -0.0616558 -0.062545 -0.0627171 -0.0622282 -0.0611514 -0.0595592 -0.057529 -0.055127 -0.052419 -0.0494652 -0.0463538 -0.0431382 -0.0399081 -0.0367257 -0.0336192 -0.030621 -0.0277753 -0.0251249 -0.0226307 -0.0203371 -0.0182564 -0.0163864 -0.0147177 -0.013245 -0.0119591 -0.0108175 -0.00982667 -0.00896382 -0.0082212 -0.00759534 -0.00704621 -0.00654008 -0.00610671 -0.00572465 -0.00538632 -0.00507326 -0.0047969 -0.00454369 -0.00430576 -0.00409716 -0.00388149 -0.00369627 -0.0035309 -0.00336588 -0.00320611 -0.00306427 -0.00292275 -0.00280225 -0.00268591 -0.00258347 -0.00250481 -0.00247639 -0.00247979 -0.00252805 -0.00265273 -0.0028602 -0.00319571 -0.00367061 -0.00430748 -0.00516003 -0.00624323 -0.00754417 -0.00909642 -0.0108723 -0.0128638 -0.0150046 -0.0172146 -0.0193613 -0.0212985 -0.0228434 -0.0238289 -0.0240602 -0.0234042 -0.0217529 -0.0191 -0.0154831 -0.0110492 -0.0060088 -0.000623262 0.00481562 0.0100028 0.0147241 0.0187863 0.0221119 0.024701 0.0266087 0.0279423 0.0288217 0.0293121 0.0294597 0.0291958 0.0284209 0.027001 0.024798 0.0217444 0.0178574 0.0132084 0.00801086 0.00250442 -0.00301283 -0.00822641 -0.0128498 -0.0166612 -0.0194869 -0.0212741 -0.0220242 -0.0218484 -0.0208817 -0.0193159 -0.0173345 -0.0151309 -0.0128477 -0.0106166 -0.00851609 -0.00661255 -0.00491341 -0.0034753 -0.00228049 -0.0012983 -0.000511234 0.000113714 0.000610823 0.000984639 0.00128426 0.00151575 0.00169089 0.00184086 0.00196291 0.00207152 0.00217455 0.00229079 0.00239379 0.00249954 0.00261102 0.00272691 0.00285493 0.00299972 0.00312634 0.00328696 0.00346334 0.00364779 0.00384772 0.00406326 0.00431268 0.00459487 0.00492112 0.00526938 0.00566269 0.00611722 0.00662248 0.00719535 0.00787434 0.0086247 0.00945266 0.010353 0.0113366 0.0123949 0.0135038 0.0146335 0.0157243 0.0167694 0.0176745 0.0183617 0.0187665 0.0188198 0.0184232 0.0175062 0.016045 0.0139709 0.0112555 0.00792261 0.00402695 -0.000395028 -0.00526745 -0.0104829 -0.0159205 -0.021437 -0.0268922 -0.0321622 -0.0371523 -0.0417696 -0.045941 -0.0496076 -0.0527354 -0.0553303 -0.0574109 -0.0589818 -0.0600371 
0 -0.00704166 -0.0140116 -0.0207958 -0.0273099 -0.0334986 -0.0392764 -0.0445303 -0.0492009 -0.0532574 -0.0566469 -0.0593507 -0.0613753 -0.0627171 -0.0633569 -0.0633316 -0.0627081 -0.0615442 -0.0599035 -0.0578439 -0.0554316 -0.0527308 -0.0498199 -0.0467454 -0.0435833 -0.0404021 -0.037245 -0.0341608 -0.0312027 -0.0284035 -0.0257284 -0.0232265 -0.0209291 -0.018838 -0.0169432 -0.0152473 -0.0137529 -0.0124251 -0.0112666 -0.010249 -0.00936315 -0.00860692 -0.00794565 -0.00735159 -0.00684614 -0.00640449 -0.0060035 -0.00562991 -0.00530209 -0.00501477 -0.00475458 -0.00452296 -0.00428234 -0.00406795 -0.00387556 -0.00368815 -0.0035119 -0.00335796 -0.00320849 -0.0030731 -0.0029411 -0.00282248 -0.00273413 -0.0026978 -0.00270119 -0.00275658 -0.0028949 -0.00312158 -0.00348464 -0.00399999 -0.00468577 -0.00558772 -0.00673574 -0.00813285 -0.00980276 -0.0117092 -0.0138334 -0.016112 -0.0184563 -0.0207281 -0.0227725 -0.0243999 -0.0254298 -0.0256723 -0.024979 -0.0232331 -0.0204194 -0.016584 -0.0118794 -0.00653393 -0.000816759 0.00497006 0.0105206 0.0156006 0.0200057 0.0236385 0.026489 0.0286036 0.030093 0.0310702 0.0316007 0.0317209 0.0313666 0.030437 0.0288131 0.0263676 0.0230439 0.0188607 0.0139004 0.00837455 0.00253886 -0.00329693 -0.00880123 -0.0136821 -0.017705 -0.0206951 -0.0225948 -0.0234096 -0.0232442 -0.0222483 -0.0206144 -0.0185295 -0.0161909 -0.0137576 -0.0113713 -0.00912779 -0.00709936 -0.0052961 -0.0037565 -0.00246508 -0.00140462 -0.000555421 0.000125114 0.000671686 0.00108172 0.00140142 0.00164656 0.00183824 0.00200136 0.00213471 0.00225257 0.00237212 0.00250329 0.00261868 0.00272861 0.00284378 0.00297176 0.00312238 0.00328993 0.00343773 0.00361274 0.00380505 0.00401254 0.00424485 0.00450437 0.0047999 0.00512956 0.00549902 0.00590275 0.00637312 0.00692388 0.00753237 0.00820767 0.00899041 0.00985387 0.0107991 0.0118131 0.0128978 0.0140419 0.0152154 0.0163689 0.017431 0.0183741 0.0191027 0.0195378 0.0196174 0.0192656 0.0183766 0.016899 0.0148367 0.0121553 0.00884337 0.00494142 0.000528671 -0.00432579 -0.00951222 -0.0149031 -0.0203694 -0.0257712 -0.0309738 -0.0358606 -0.0403519 -0.0443843 -0.0479231 -0.0509437 -0.0534411 -0.0554519 -0.0570261 -0.0581953 -0.0589758 
0 -0.00656696 -0.0130751 -0.0194501 -0.0256195 -0.031571 -0.0372107 -0.0424337 -0.0471728 -0.0513869 -0.0550295 -0.0580521 -0.0604608 -0.0622282 -0.0633316 -0.0637925 -0.063654 -0.0629546 -0.0617362 -0.0600598 -0.0579968 -0.0556109 -0.0529614 -0.050094 -0.0470669 -0.043967 -0.0408298 -0.037718 -0.0346865 -0.0317632 -0.0289539 -0.026284 -0.0238152 -0.02152 -0.0194029 -0.0174838 -0.015772 -0.0142582 -0.0129149 -0.0117233 -0.0106719 -0.00976362 -0.00897009 -0.00827156 -0.00766638 -0.00715076 -0.00667504 -0.00624411 -0.00586864 -0.00553442 -0.00524164 -0.00496513 -0.00469779 -0.00445924 -0.00424627 -0.00403477 -0.00383367 -0.00364588 -0.0034866 -0.00333721 -0.00320385 -0.00308607 -0.00299323 -0.00294929 -0.00294134 -0.00299069 -0.00313815 -0.00338806 -0.00377639 -0.00433819 -0.0050692 -0.00603086 -0.00725031 -0.00874857 -0.0105295 -0.012557 -0.0147954 -0.0172114 -0.0196787 -0.022068 -0.0242199 -0.0259323 -0.0270026 -0.0272581 -0.0265183 -0.0246719 -0.0216991 -0.0176584 -0.0127037 -0.00707209 -0.00103617 0.00508732 0.0109953 0.0164273 0.0211656 0.025109 0.0282347 0.0305735 0.0322369 0.0333225 0.0338822 0.0339585 0.0334978 0.0323983 0.0305623 0.0278743 0.0242733 0.0197902 0.0145239 0.00868143 0.00253948 -0.00358801 -0.0093629 -0.014488 -0.0187155 -0.0218635 -0.0238626 -0.0247393 -0.0245794 -0.0235565 -0.0218674 -0.0196931 -0.017227 -0.0146675 -0.012136 -0.00975427 -0.00759501 -0.00568153 -0.00403265 -0.00264958 -0.00150411 -0.000596238 0.000140765 0.000727035 0.00116214 0.00149767 0.00176729 0.00198632 0.00218163 0.00233431 0.00245764 0.00258567 0.00271354 0.00284384 0.00296786 0.00309929 0.00324433 0.0034127 0.00358866 0.00376532 0.00395851 0.00418641 0.00442588 0.00468958 0.00499351 0.00533306 0.00572218 0.00614704 0.00661705 0.00717295 0.00782964 0.00855311 0.0093523 0.0102391 0.011222 0.0122821 0.0134122 0.0145971 0.0157949 0.0169858 0.0180881 0.0190549 0.0198239 0.0202965 0.020389 0.0200426 0.0191974 0.017752 0.0156711 0.012978 0.00967746 0.00578452 0.0013677 -0.00348948 -0.00867762 -0.014071 -0.0195111 -0.0248634 -0.030014 -0.0348354 -0.0392485 -0.0431613 -0.0465524 -0.0494179 -0.0517742 -0.0536596 -0.0551088 -0.0562103 -0.0569892 -0.0575034 
0 -0.0060373 -0.0120497 -0.0179675 -0.023765 -0.0294058 -0.0348388 -0.0399604 -0.0447132 -0.0490577 -0.0529128 -0.0562312 -0.0589822 -0.0611514 -0.0627081 -0.063654 -0.0640095 -0.0637843 -0.0630114 -0.0617553 -0.0600796 -0.0580447 -0.0556953 -0.0530746 -0.0502632 -0.047313 -0.0442838 -0.0412073 -0.0381564 -0.0351791 -0.0322748 -0.029505 -0.0268785 -0.0244109 -0.0220932 -0.0199607 -0.0180435 -0.0163152 -0.014768 -0.013382 -0.0121573 -0.0110936 -0.0101579 -0.00932033 -0.00860276 -0.00797538 -0.00742841 -0.00693357 -0.00649429 -0.00611018 -0.00575148 -0.00542895 -0.00512823 -0.0048653 -0.00463368 -0.00440222 -0.00416671 -0.00396292 -0.00377478 -0.00362242 -0.0034798 -0.00334552 -0.00325143 -0.00320174 -0.00319694 -0.00324988 -0.00339095 -0.00366605 -0.00409937 -0.00467957 -0.00546287 -0.00649045 -0.00780164 -0.00938975 -0.0112582 -0.0133928 -0.0157662 -0.0182911 -0.0208953 -0.0234133 -0.0256524 -0.0274288 -0.0285493 -0.0287914 -0.0280027 -0.0260664 -0.022949 -0.018716 -0.0135311 -0.00762477 -0.00128349 0.00517533 0.0114261 0.0171946 0.0222712 0.0265235 0.0299244 0.0325144 0.0343612 0.0355494 0.0361495 0.0361695 0.0355783 0.0343082 0.0322506 0.0293046 0.0254307 0.0206467 0.0150697 0.00892442 0.00249456 -0.00389598 -0.00991664 -0.0152598 -0.0196713 -0.0229753 -0.0250858 -0.0260072 -0.0258713 -0.0248314 -0.0230711 -0.0208079 -0.0182484 -0.0155491 -0.0128986 -0.0104 -0.00811069 -0.00606469 -0.004307 -0.00283394 -0.00163042 -0.000638029 0.000150092 0.00076761 0.00124417 0.00161126 0.00190189 0.00214907 0.00235608 0.0025329 0.00267441 0.0028004 0.00294546 0.00308318 0.00323096 0.00338497 0.00354939 0.00373158 0.00392142 0.00410747 0.00433932 0.00459988 0.00488766 0.00519442 0.00552939 0.00592704 0.00637898 0.00688985 0.00745497 0.0081077 0.00886404 0.00970365 0.0106169 0.011633 0.0127258 0.0138966 0.0151204 0.0163639 0.0175966 0.0187357 0.0197356 0.0205191 0.0210355 0.0211754 0.0208334 0.0199744 0.0185431 0.0164849 0.0137785 0.0104558 0.00655292 0.00212095 -0.0027488 -0.00793693 -0.0133358 -0.018789 -0.0241417 -0.0292559 -0.0340217 -0.0383715 -0.0422159 -0.0455176 -0.0482451 -0.0504409 -0.0521609 -0.0534504 -0.0543971 -0.0550483 -0.0554829 -0.0557461 
0 -0.00548411 -0.0109658 -0.0164217 -0.0218015 -0.0270997 -0.0322591 -0.0372239 -0.0419447 -0.0463599 -0.0503916 -0.0539527 -0.0570189 -0.0595592 -0.0615442 -0.0629546 -0.0637843 -0.0640342 -0.0637315 -0.0629222 -0.0616659 -0.0600066 -0.0579825 -0.0556683 -0.0531108 -0.0503884 -0.0475098 -0.0445394 -0.0415477 -0.0385665 -0.0356489 -0.0327881 -0.0300585 -0.0274438 -0.0249694 -0.022665 -0.0205345 -0.0185965 -0.0168271 -0.0152427 -0.0138444 -0.0126135 -0.0115127 -0.0105363 -0.0096698 -0.00894049 -0.00828599 -0.00770962 -0.00719694 -0.0067348 -0.00633039 -0.00594733 -0.00560995 -0.00531051 -0.00504339 -0.00478196 -0.00453908 -0.00430669 -0.00411914 -0.00393157 -0.00376186 -0.00361379 -0.00350743 -0.00345206 -0.00345285 -0.00351787 -0.00367982 -0.00396296 -0.00439795 -0.00504246 -0.00588413 -0.00696802 -0.0083315 -0.0100129 -0.0119858 -0.0142326 -0.0167028 -0.0193798 -0.022101 -0.0247251 -0.0270632 -0.0289007 -0.0300166 -0.0302619 -0.0294272 -0.0274058 -0.0241558 -0.0197498 -0.014336 -0.00817102 -0.0015404 0.00522303 0.0118132 0.0179228 0.0233339 0.0279076 0.0315967 0.034415 0.0364449 0.0377506 0.0383835 0.0383581 0.0376531 0.0361853 0.0338843 0.0306716 0.0265067 0.0214228 0.0155608 0.00912466 0.00242304 -0.004219 -0.0104539 -0.0159895 -0.0205672 -0.024008 -0.0262154 -0.0272292 -0.0271046 -0.0260378 -0.0242341 -0.0218912 -0.0192067 -0.0164172 -0.0136373 -0.0110102 -0.00860086 -0.00646396 -0.00459694 -0.00302102 -0.00172323 -0.000698848 0.000143565 0.000823522 0.00134957 0.00174603 0.00205758 0.00231606 0.00253906 0.00271996 0.00287092 0.00303254 0.00318656 0.00335546 0.00351109 0.00367746 0.00386081 0.00406636 0.00426923 0.0044972 0.0047428 0.00504985 0.00538254 0.00573643 0.00613812 0.00658867 0.00713037 0.00773498 0.00841621 0.00918697 0.0100521 0.0109979 0.012041 0.0131682 0.0143919 0.0156483 0.0169229 0.018184 0.019366 0.0204215 0.021227 0.0217548 0.021912 0.0216139 0.0207656 0.0193117 0.017245 0.0145316 0.0111956 0.0072739 0.00282353 -0.0020771 -0.00729917 -0.0127086 -0.0181618 -0.0235287 -0.0286537 -0.0334082 -0.0377079 -0.041483 -0.0447143 -0.0473569 -0.049438 -0.0510005 -0.0521177 -0.0528786 -0.053348 -0.0536269 -0.0537573 -0.0538255 
