0 0 0 0 0 0 0 0 0 0 0 0 0 0 0 0 0 0 0 0 0 0 0 0 0 0 0 0 0 0 0 0 0 0 0 0 0 0 0 0 0 0 0 0 0 0 0 0 0 0 0 0 0 0 0 0 0 0 0 0 0 0 0 0 0 0 0 0 0 0 0 0 0 0 0 0 0 0 0 0 0 0 0 0 0 0 0 0 0 0 0 0 0 0 0 0 0 0 0 0 0 0 0 0 0 0 0 0 0 0 0 0 0 0 0 0 0 0 0 0 0 0 0 0 0 0 0 0 0 0 0 0 0 0 0 0 0 0 0 0 0 0 0 0 0 0 0 0 0 0 0 0 0 0 0 0 0 0 0 0 0 0 0 0 0 0 0 0 0 0 0 0 0 0 0 0 0 0 0 0 0 0 0 0 0 0 0 0 0 0 0 0 0 0 0 0 0 0 0 0 
0 5.55556e-05 0.0001197 0.000199216 0.000283434 0.000392372 0.000521463 0.000677202 0.000863288 0.00108479 0.00135164 0.00165642 0.00201421 0.00242059 0.00287762 0.00337437 0.0038967 0.00442581 0.00494413 0.00543886 0.00587986 0.00625628 0.00654917 0.00675257 0.00682302 0.00674945 0.00652369 0.00612788 0.005575 0.00486986 0.00406529 0.00316281 0.00219661 0.00119413 0.000176278 -0.000809468 -0.00173664 -0.00256937 -0.00328607 -0.00386236 -0.00429745 -0.00460311 -0.00479675 -0.00486129 -0.00482762 -0.00469129 -0.00447345 -0.00420829 -0.0039007 -0.00358378 -0.00325993 -0.00294883 -0.00264004 -0.00233954 -0.00205645 -0.0018081 -0.00158938 -0.00141686 -0.00125977 -0.00111374 -0.000983618 -0.000862811 -0.000759588 -0.000675828 -0.000607139 -0.000543884 -0.000499885 -0.00045477 -0.000418286 -0.000388215 -0.0003643 -0.000335607 -0.000313732 -0.000267712 -0.000204426 -0.000102115 4.20428e-05 0.00021286 0.000401769 0.000622873 0.000853904 0.00108434 0.00128669 0.00143849 0.00151774 0.00148422 0.00131926 0.00103686 0.000645232 0.000163192 -0.00036313 -0.000909405 -0.00145604 -0.00197301 -0.00243123 -0.00283603 -0.00316776 -0.00341652 -0.00359189 -0.00369521 -0.0037131 -0.00367198 -0.00356653 -0.00338965 -0.00314513 -0.00283218 -0.00243283 -0.00196505 -0.0014427 -0.000880468 -0.000303848 0.00023881 0.000726402 0.00113612 0.00143949 0.00163705 0.00174349 0.00175723 0.00169246 0.00157501 0.00142748 0.00127461 0.0011142 0.000969811 0.000857407 0.000777178 0.000718325 0.000682193 0.000644788 0.000617363 0.000585416 0.000563382 0.00055325 0.000560676 0.000565922 0.000579698 0.000591553 0.000615178 0.000658121 0.000725682 0.000801261 0.000892354 0.000990379 0.00109068 0.0012201 0.00136664 0.00154507 0.00176138 0.0020101 0.00227911 0.00257312 0.00287206 0.00319587 0.00352539 0.00386148 0.00416625 0.00441202 0.00459788 0.00468961 0.00468769 0.00457555 0.00433708 0.00396322 0.00345589 0.00280001 0.00201787 0.00112766 0.000179555 -0.000809834 -0.00181244 -0.00278504 -0.00371741 -0.00455819 -0.00529187 -0.00588123 -0.00631446 -0.00657844 -0.00668199 -0.00665283 -0.00649509 -0.00622524 -0.0058643 -0.00544477 -0.00496816 -0.00445916 -0.00393964 -0.00343399 -0.00295075 -0.00250081 -0.00210886 -0.00176141 -0.0014636 -0.00120236 -0.000984501 -0.000803738 -0.000649216 -0.000531757 -0.000435126 -0.000368221 -0.000318467 
0 0.0001197 0.000262708 0.000417512 0.000600411 0.000814961 0.00108164 0.00139689 0.00176634 0.0022159 0.00274168 0.00335656 0.00406674 0.00487472 0.00577998 0.00675703 0.00778593 0.00882768 0.0098481 0.010826 0.0116965 0.0124326 0.0130059 0.0133765 0.0134977 0.0133184 0.0128533 0.0120684 0.0109672 0.00959924 0.00800488 0.00624162 0.00433908 0.00236887 0.000388275 -0.00154157 -0.00333982 -0.00497126 -0.00638612 -0.00753805 -0.00841939 -0.00905198 -0.0094387 -0.009588 -0.00952272 -0.00927118 -0.00887157 -0.00835946 -0.00778154 -0.00715058 -0.00650955 -0.00589091 -0.0052837 -0.00470024 -0.00416644 -0.00367075 -0.00324247 -0.00287552 -0.00253531 -0.00223751 -0.00196399 -0.00173269 -0.00153692 -0.00137098 -0.00123188 -0.00111017 -0.00100401 -0.000932201 -0.00085564 -0.000795516 -0.000741483 -0.000676379 -0.000619416 -0.000534707 -0.000392657 -0.000206936 4.91026e-05 0.00039342 0.000793668 0.00124347 0.00170679 0.00216773 0.00258494 0.00289192 0.00300546 0.0029194 0.00260115 0.00203946 0.00126361 0.000341288 -0.000718133 -0.00182609 -0.00291742 -0.00395431 -0.00490055 -0.00569333 -0.00634433 -0.00683375 -0.00717015 -0.00735724 -0.00742515 -0.00735557 -0.00715026 -0.00680393 -0.00631696 -0.00565461 -0.00485866 -0.00392496 -0.00287033 -0.00175464 -0.000645915 0.000442567 0.00141839 0.00223652 0.00287175 0.00330138 0.00349184 0.00350269 0.00337128 0.00313594 0.00283387 0.0025166 0.00220757 0.00195408 0.00173323 0.00155248 0.00143931 0.001355 0.00127851 0.00122544 0.00116536 0.00112128 0.00111448 0.00111007 0.00113378 0.00116704 0.00120456 0.00126704 0.00136029 0.00147665 0.00162496 0.00178638 0.0019847 0.00220928 0.00248057 0.00280158 0.00316046 0.00358369 0.00406922 0.00459808 0.00517349 0.00578258 0.0064053 0.00705367 0.00768761 0.00825865 0.00873053 0.00907534 0.00925376 0.00923784 0.0089965 0.00850267 0.00774403 0.00671928 0.0054339 0.00388555 0.0021514 0.000289613 -0.00165723 -0.0036135 -0.00553257 -0.00733878 -0.00898469 -0.0104102 -0.0115636 -0.0124277 -0.0129595 -0.0131901 -0.013154 -0.0128639 -0.0123514 -0.0116567 -0.0108384 -0.00991323 -0.0089092 -0.00789497 -0.00689641 -0.00594111 -0.0050546 -0.00426044 -0.00357314 -0.00296147 -0.00244244 -0.00200322 -0.00163443 -0.00133336 -0.00108129 -0.000898253 -0.000753623 -0.000660936 
0 0.000199216 0.000417512 0.000671176 0.0009432 0.0012848 0.00169135 0.00217508 0.00274591 0.00342208 0.00422971 0.00515449 0.00622617 0.00742985 0.00876288 0.0101946 0.0116895 0.0131998 0.0146802 0.0160914 0.0173478 0.0184053 0.0192025 0.0197104 0.0198241 0.0195246 0.018809 0.0176425 0.0160527 0.0140485 0.0117493 0.0091683 0.00640188 0.00354349 0.000667755 -0.0021025 -0.00470406 -0.00706434 -0.00913583 -0.0108514 -0.0121885 -0.0131534 -0.0137728 -0.0140127 -0.0139638 -0.0136401 -0.0131007 -0.0124188 -0.0115967 -0.0107058 -0.00977037 -0.00886277 -0.00797922 -0.00713846 -0.00635022 -0.00563407 -0.00497029 -0.00440172 -0.00387624 -0.00340528 -0.00300814 -0.00266372 -0.00237084 -0.00211859 -0.00189439 -0.0016858 -0.00153843 -0.00141179 -0.00131596 -0.00123222 -0.00114636 -0.00103213 -0.000928476 -0.000775109 -0.00058916 -0.000313136 8.01419e-05 0.000575531 0.00115867 0.00185215 0.00257888 0.00328387 0.00387879 0.00429633 0.00447948 0.0043427 0.003847 0.00302298 0.00188746 0.000484083 -0.00107923 -0.00272683 -0.00438581 -0.00595656 -0.00734469 -0.00854391 -0.00950873 -0.0102239 -0.0107262 -0.0110296 -0.0111079 -0.0110142 -0.0107234 -0.0102052 -0.00946192 -0.00849211 -0.00727044 -0.00585634 -0.00429933 -0.00264764 -0.000967639 0.00062996 0.00208659 0.00333488 0.00428791 0.00492132 0.00525031 0.00527627 0.00505207 0.00466989 0.00421565 0.00376803 0.00332483 0.00293153 0.00261004 0.00235646 0.0021548 0.00201803 0.00190044 0.00182893 0.0017578 0.00170796 0.00167978 0.00168761 0.0017015 0.00175629 0.00182809 0.00193845 0.00208861 0.00227926 0.00248076 0.00272916 0.00302791 0.0033743 0.00381799 0.00430841 0.00486062 0.00549047 0.00620122 0.00698057 0.00784222 0.00872534 0.00964978 0.0105573 0.0114442 0.0122309 0.0128645 0.0133405 0.0135619 0.0135026 0.0131043 0.0123268 0.0111651 0.0096437 0.00774142 0.00550889 0.0029888 0.000295906 -0.002523 -0.00538025 -0.00815017 -0.0107839 -0.0131536 -0.0152228 -0.0169101 -0.018186 -0.0190083 -0.0193871 -0.0193804 -0.0189958 -0.0182781 -0.0172895 -0.0161176 -0.0147765 -0.0133333 -0.0118546 -0.0104051 -0.00900803 -0.00769193 -0.00651782 -0.00546492 -0.00455024 -0.00375233 -0.00308573 -0.00253088 -0.00205943 -0.00169262 -0.00139669 -0.00119089 -0.00104777 
0 0.000283434 0.000600411 0.0009432 0.00133631 0.00180132 0.0023698 0.00303902 0.00382132 0.00475734 0.00584992 0.00710905 0.00853768 0.0101267 0.0118639 0.0137071 0.0156196 0.0175415 0.0194136 0.0211902 0.0227595 0.0240575 0.0250208 0.0255769 0.0256502 0.0251834 0.0242122 0.022699 0.0206469 0.0181164 0.0151727 0.0119023 0.00837952 0.00474193 0.00110348 -0.0024234 -0.00572463 -0.0087468 -0.0114185 -0.0136566 -0.0154267 -0.0167403 -0.017593 -0.0179989 -0.0180143 -0.0176985 -0.0171149 -0.0163136 -0.0153462 -0.0142392 -0.0130679 -0.011909 -0.0107683 -0.00967129 -0.00865133 -0.00768932 -0.00682059 -0.00604733 -0.00533191 -0.00470368 -0.00414762 -0.0036764 -0.00327116 -0.00291376 -0.00259919 -0.00232088 -0.0020908 -0.00192911 -0.00178025 -0.00165716 -0.0015361 -0.00138968 -0.00124498 -0.0010503 -0.000763461 -0.000387222 0.0001259 0.000802703 0.0015997 0.00249775 0.00342888 0.00434229 0.00514873 0.00572661 0.00593998 0.00575115 0.00510665 0.00399319 0.00246235 0.000623612 -0.00147087 -0.00366842 -0.00584275 -0.00790637 -0.00977581 -0.0113539 -0.0126407 -0.0136092 -0.0142765 -0.0146562 -0.0147869 -0.014653 -0.014249 -0.0135616 -0.0125848 -0.011273 -0.00967963 -0.00781756 -0.00572874 -0.00352031 -0.00131206 0.000837956 0.00277833 0.00441669 0.00569134 0.00655328 0.00695959 0.00699355 0.00673124 0.00625983 0.00566549 0.00504337 0.00444279 0.00393424 0.00349442 0.0031336 0.00288805 0.00270977 0.0025661 0.00247162 0.00237671 0.00230656 0.00228647 0.00227662 0.00231325 0.00238433 0.00248395 0.00263949 0.00285087 0.00310227 0.00340082 0.00373779 0.00415501 0.00464737 0.00523933 0.00591602 0.00665129 0.00748323 0.00841816 0.00943967 0.0105505 0.0117095 0.0128697 0.0140203 0.0150987 0.016033 0.0167757 0.0172866 0.0174918 0.0173272 0.0167299 0.0156565 0.0141063 0.0121025 0.00966235 0.00679413 0.00360005 0.00016856 -0.00343022 -0.00706332 -0.0106195 -0.0139609 -0.0169927 -0.0196284 -0.0217979 -0.0234717 -0.0245771 -0.0251407 -0.0252007 -0.0247727 -0.0239079 -0.022686 -0.0212122 -0.0195267 -0.0176914 -0.0158175 -0.0139583 -0.012155 -0.0104495 -0.00888831 -0.0074993 -0.00625727 -0.00518897 -0.00428259 -0.00351992 -0.00289052 -0.00237233 -0.00198527 -0.00169142 -0.0015029 
0 0.000392372 0.000814961 0.0012848 0.00180132 0.00242183 0.00316011 0.00402912 0.00504751 0.00624571 0.00764575 0.00923108 0.011012 0.0129639 0.0150673 0.0172785 0.0195494 0.021814 0.0240066 0.0260589 0.0278533 0.0293107 0.0303459 0.030901 0.0308663 0.0302228 0.0289874 0.027134 0.0246846 0.0216655 0.0182006 0.0143409 0.0102105 0.00595048 0.00167933 -0.00245441 -0.00635649 -0.00994039 -0.0131322 -0.0158395 -0.0180211 -0.019678 -0.0208266 -0.0214419 -0.0216129 -0.0213752 -0.0207993 -0.0199653 -0.0188963 -0.0176685 -0.0163368 -0.0149907 -0.0136413 -0.0123194 -0.0110537 -0.00987344 -0.00878176 -0.00781659 -0.00692679 -0.00612033 -0.00541216 -0.00479039 -0.00425156 -0.00378498 -0.00337659 -0.00301152 -0.00272714 -0.00248942 -0.00229291 -0.00212316 -0.0019602 -0.00177261 -0.00158484 -0.001322 -0.000971196 -0.000474083 0.000201427 0.0010396 0.00201222 0.00312362 0.00428406 0.00541213 0.00638437 0.00707713 0.00736707 0.00713238 0.00630835 0.00491843 0.00301291 0.000690317 -0.00189812 -0.0046106 -0.00731742 -0.00987996 -0.012172 -0.014149 -0.015756 -0.0169654 -0.0178087 -0.0183021 -0.0184351 -0.0182578 -0.0177526 -0.0168906 -0.0156683 -0.0140701 -0.0120804 -0.00975973 -0.00717821 -0.00443144 -0.00164559 0.00102017 0.00343581 0.00548375 0.00705334 0.00810398 0.00864803 0.0087198 0.00840201 0.00781796 0.00709019 0.00633191 0.00558036 0.00491066 0.00435836 0.00393043 0.00361524 0.00340016 0.00322679 0.00310815 0.00299736 0.00292029 0.00288925 0.00290849 0.00295536 0.00305372 0.00318525 0.00338203 0.00365523 0.00400279 0.00439912 0.00486752 0.00541505 0.00604383 0.00680061 0.00764325 0.00857981 0.00962918 0.0107902 0.0120397 0.0133738 0.0147213 0.0160748 0.0173728 0.0185809 0.0195991 0.0203594 0.0208379 0.0209311 0.020593 0.019753 0.0183647 0.0164318 0.013991 0.0110418 0.00764025 0.00385816 -0.000178535 -0.00439891 -0.00867616 -0.0128445 -0.016793 -0.0203658 -0.0234969 -0.0261002 -0.0281333 -0.0295346 -0.0303024 -0.0304821 -0.0300783 -0.0291442 -0.0277733 -0.0260848 -0.0241276 -0.0219927 -0.0197824 -0.0175772 -0.0154142 -0.0133398 -0.011428 -0.00968569 -0.00813388 -0.00677079 -0.00561152 -0.00463652 -0.00381862 -0.00316782 -0.00265829 -0.0022927 -0.00204867 
0 0.000521463 0.00108164 0.00169135 0.0023698 0.00316011 0.00409445 0.00518476 0.00645347 0.00793467 0.00963595 0.0115452 0.0136536 0.015937 0.0183657 0.0208904 0.0234556 0.0259902 0.0284152 0.0306503 0.0325699 0.0340822 0.0351083 0.0355719 0.0353915 0.0345337 0.0330283 0.0308587 0.0280401 0.024634 0.0207408 0.0164533 0.0118797 0.00716507 0.00243676 -0.00217076 -0.00654011 -0.0105818 -0.0142055 -0.0173168 -0.0198755 -0.0218887 -0.023352 -0.0242567 -0.0246468 -0.0245703 -0.0240948 -0.0232942 -0.0222258 -0.0209494 -0.0195388 -0.018072 -0.016567 -0.015059 -0.0135973 -0.0122066 -0.0109226 -0.00975805 -0.00867622 -0.00768573 -0.00679339 -0.00600933 -0.00533149 -0.00474674 -0.00424146 -0.00379976 -0.00343188 -0.00313021 -0.00286307 -0.00262818 -0.00240584 -0.00217028 -0.00192424 -0.00160325 -0.00115766 -0.000553804 0.000250912 0.00126304 0.00244426 0.00376106 0.00513066 0.00646031 0.00761465 0.00842796 0.0087344 0.00842688 0.00743837 0.00576983 0.0034949 0.000745024 -0.00234169 -0.00557962 -0.00879583 -0.011845 -0.014594 -0.0169451 -0.0188567 -0.0203027 -0.0213024 -0.0218797 -0.0220586 -0.0218507 -0.0212436 -0.0202163 -0.0187535 -0.0168263 -0.0144589 -0.0116958 -0.00861091 -0.00533782 -0.00203391 0.00115281 0.00404224 0.00648899 0.00838539 0.00966585 0.0103157 0.0104079 0.010051 0.00937591 0.00851623 0.00759728 0.00670209 0.00591348 0.005252 0.00473162 0.00436277 0.00410264 0.00390229 0.00375519 0.00362678 0.00354269 0.00352682 0.00356248 0.00365208 0.00378983 0.00396802 0.00421912 0.00456 0.00499034 0.00550411 0.00610168 0.00679766 0.00759402 0.00851576 0.00954813 0.0106818 0.0119392 0.0133089 0.0147551 0.0162527 0.0177446 0.0191975 0.02058 0.0218285 0.0228425 0.0235464 0.0238881 0.023793 0.0232083 0.0220812 0.0203716 0.0180819 0.0152394 0.0118616 0.00799458 0.00374517 -0.000769361 -0.00546114 -0.0101961 -0.0148305 -0.0192189 -0.0232279 -0.0267599 -0.0297331 -0.0320944 -0.033773 -0.0347713 -0.0351145 -0.0348102 -0.033903 -0.0324875 -0.0306821 -0.0285553 -0.0262001 -0.023735 -0.0212403 -0.0187664 -0.0163717 -0.0141252 -0.0120624 -0.0101939 -0.00854253 -0.00711829 -0.0059117 -0.00490858 -0.00409735 -0.00347287 -0.00301251 -0.00271122 
0 0.000677202 0.00139689 0.00217508 0.00303902 0.00402912 0.00518476 0.00652274 0.00806582 0.00984039 0.0118457 0.0140662 0.0164808 0.0190624 0.0217699 0.0245471 0.0273288 0.0300375 0.0325875 0.034885 0.0368104 0.0382681 0.0391873 0.0394935 0.0391216 0.0380412 0.0362745 0.0338212 0.0307028 0.0269988 0.0228084 0.0182365 0.0133841 0.00838193 0.00335587 -0.0015676 -0.00626551 -0.0106415 -0.0145984 -0.018049 -0.0209544 -0.0233159 -0.0251172 -0.0263461 -0.0270198 -0.0271846 -0.0269033 -0.0262449 -0.025273 -0.0240428 -0.0226327 -0.0211128 -0.0195174 -0.0178859 -0.0162716 -0.014708 -0.0132371 -0.0118696 -0.0105913 -0.00941183 -0.00834456 -0.0074016 -0.00657682 -0.00585527 -0.00522269 -0.00467249 -0.00420963 -0.00382995 -0.003498 -0.00319934 -0.0029072 -0.00260055 -0.00226954 -0.00186638 -0.00133066 -0.000618554 0.000317889 0.00149044 0.0028686 0.00440259 0.00599796 0.0075269 0.00883116 0.00972955 0.0100455 0.00965814 0.00849744 0.00656404 0.00393831 0.000761813 -0.00280367 -0.00655156 -0.0102805 -0.0138127 -0.0169946 -0.0197126 -0.0219176 -0.0235887 -0.0247457 -0.0254164 -0.0256301 -0.0253933 -0.0246937 -0.0235045 -0.0218014 -0.0195592 -0.0168056 -0.0135966 -0.0100278 -0.00624705 -0.00242942 0.00125327 0.00460393 0.00745421 0.0096766 0.0111899 0.011975 0.0121039 0.0116984 0.010917 0.00992756 0.00887169 0.00785041 0.00694206 0.00617615 0.005568 0.0051248 0.00480777 0.00457981 0.00441879 0.00429712 0.00422478 0.00422135 0.00427552 0.00439467 0.0045737 0.00481569 0.00514515 0.00557813 0.00611147 0.00674399 0.00747696 0.00832597 0.009299 0.0104041 0.0116282 0.012955 0.0143962 0.0159361 0.0175355 0.0191501 0.0207247 0.0222132 0.0235868 0.0247754 0.0256834 0.0262314 0.0263566 0.0260007 0.0251163 0.0236668 0.0216261 0.0190003 0.0158112 0.0120829 0.00786499 0.00327372 -0.00157279 -0.00657297 -0.0116022 -0.016532 -0.0212199 -0.025543 -0.02939 -0.0326738 -0.0353217 -0.0372655 -0.0385004 -0.039042 -0.0388992 -0.0381068 -0.0367514 -0.0349377 -0.0327457 -0.0302709 -0.0276341 -0.0249234 -0.0222014 -0.0195364 -0.0169975 -0.0146338 -0.012465 -0.0105245 -0.00882886 -0.0073802 -0.00617321 -0.00519392 -0.00443823 -0.0038812 -0.00351866 
0 0.000863288 0.00176634 0.00274591 0.00382132 0.00504751 0.00645347 0.00806582 0.00990344 0.0119737 0.0142792 0.0167897 0.0194823 0.0223205 0.025252 0.0282136 0.0311263 0.0339064 0.0364679 0.0387041 0.040516 0.0418145 0.0425337 0.0426225 0.0420134 0.0407025 0.0386881 0.0359933 0.0326617 0.0287615 0.0244139 0.0196965 0.0147189 0.009586 0.00441487 -0.000664062 -0.00554814 -0.0101321 -0.014325 -0.01805 -0.0212635 -0.0239449 -0.0260832 -0.0276454 -0.0286541 -0.0291386 -0.02915 -0.028751 -0.027973 -0.0268856 -0.0255555 -0.0240548 -0.0224397 -0.0207538 -0.0190361 -0.0173469 -0.0157067 -0.0141511 -0.0126888 -0.0113248 -0.0100935 -0.00898843 -0.00800362 -0.00712691 -0.00634327 -0.0056562 -0.00508662 -0.00460313 -0.00419756 -0.00382493 -0.00345566 -0.00307123 -0.00264951 -0.00214376 -0.00151021 -0.000668963 0.000421149 0.00175652 0.00331995 0.00505649 0.0068552 0.00856348 0.0100006 0.0109727 0.0113082 0.0108412 0.00949863 0.00729983 0.00432554 0.000710431 -0.00331712 -0.00755067 -0.0117733 -0.0157668 -0.0193518 -0.0224373 -0.0249364 -0.0268337 -0.0281525 -0.0289251 -0.0291568 -0.0288841 -0.0280882 -0.0267336 -0.0247914 -0.0222619 -0.0191338 -0.0154904 -0.0114538 -0.00717151 -0.00282823 0.00133748 0.00513996 0.00838751 0.0109193 0.0126491 0.0135829 0.0137667 0.0133364 0.0124718 0.0113665 0.0101818 0.00902938 0.00798341 0.00710825 0.00641901 0.00589808 0.00553653 0.00529064 0.00512552 0.00502176 0.00497201 0.00497843 0.00506314 0.0052069 0.00543476 0.00575399 0.00617944 0.00672476 0.00738605 0.00814547 0.00902797 0.0100346 0.0111849 0.0124806 0.0138842 0.0153876 0.0169746 0.0186308 0.0203248 0.0220012 0.0235921 0.0250569 0.026329 0.027357 0.0280511 0.0283384 0.028173 0.0274967 0.0262784 0.0244875 0.0221146 0.0191771 0.0157033 0.0117129 0.00727614 0.00247957 -0.00255053 -0.0077078 -0.0128892 -0.0179591 -0.0228148 -0.0273221 -0.0313848 -0.0349048 -0.0377878 -0.0399802 -0.0414535 -0.0422231 -0.0422951 -0.0416968 -0.0405006 -0.0387884 -0.0366396 -0.0341538 -0.0314355 -0.0285909 -0.0256917 -0.0228126 -0.0200337 -0.0173968 -0.0149562 -0.0127357 -0.0107738 -0.00908173 -0.00765362 -0.00649889 -0.00559038 -0.00493219 -0.00449981 
0 0.00108479 0.0022159 0.00342208 0.00475734 0.00624571 0.00793467 0.00984039 0.0119737 0.0143398 0.0169184 0.0196933 0.022619 0.0256581 0.0287471 0.0318136 0.0347659 0.0375211 0.0399823 0.0420551 0.0436557 0.0447046 0.0451667 0.0449677 0.0441022 0.0425366 0.040292 0.0374111 0.033927 0.0299555 0.0255449 0.0208214 0.0158485 0.0107251 0.00557487 0.000485547 -0.00443084 -0.00910058 -0.0134352 -0.0173632 -0.0208306 -0.0238088 -0.0262481 -0.0281683 -0.0295329 -0.0303938 -0.0307783 -0.0306998 -0.0302162 -0.0293501 -0.0281948 -0.0268059 -0.0252545 -0.0235791 -0.0218363 -0.0200543 -0.0183077 -0.0165975 -0.0149702 -0.0134449 -0.0120326 -0.0107536 -0.00960176 -0.00856067 -0.0076261 -0.00681599 -0.00610444 -0.00551535 -0.00499558 -0.00452019 -0.00405794 -0.00359731 -0.00307705 -0.00247983 -0.001704 -0.000720664 0.000518244 0.00203695 0.00380217 0.00570844 0.0076731 0.00953658 0.0111145 0.0121736 0.0124938 0.0119389 0.0104287 0.00794732 0.00460796 0.00059679 -0.00389419 -0.00860473 -0.0132731 -0.0176938 -0.0217029 -0.0251287 -0.0279186 -0.030056 -0.0315309 -0.0323762 -0.0326568 -0.0323402 -0.0314302 -0.0299153 -0.0277505 -0.0249092 -0.021446 -0.017401 -0.0128909 -0.0081085 -0.00327933 0.00138995 0.0056412 0.00925669 0.0120982 0.014063 0.015118 0.0153602 0.0149408 0.0140351 0.0128354 0.0115004 0.0102049 0.00903882 0.00804691 0.00725898 0.00669461 0.00629448 0.00604217 0.00586911 0.00577444 0.00574432 0.00579443 0.00591044 0.00612692 0.0064205 0.00682853 0.00735902 0.00802315 0.00881191 0.00973323 0.0107709 0.0119492 0.0132849 0.0147405 0.0163181 0.0179619 0.0196582 0.0213827 0.0231046 0.0247536 0.0262927 0.0276242 0.0287209 0.0294872 0.0298713 0.0298278 0.0292922 0.0282654 0.0266892 0.0245539 0.0218635 0.0186459 0.014932 0.0107803 0.00622421 0.00137344 -0.00369915 -0.00887627 -0.0140525 -0.0191457 -0.0240104 -0.0285854 -0.0327417 -0.0364042 -0.0394737 -0.0418821 -0.0436106 -0.0446337 -0.0449729 -0.0446408 -0.0436914 -0.0421804 -0.0401879 -0.0377916 -0.0350983 -0.0322033 -0.0292014 -0.0261798 -0.0232025 -0.020352 -0.0176602 -0.0151921 -0.0129742 -0.0110335 -0.00939079 -0.0080306 -0.00697454 -0.0061912 -0.00568794 
0 0.00135164 0.00274168 0.00422971 0.00584992 0.00764575 0.00963595 0.0118457 0.0142792 0.0169184 0.0197528 0.022749 0.025861 0.0290364 0.0322034 0.0352839 0.0381815 0.0408017 0.0430684 0.0448786 0.0461851 0.0469264 0.0470577 0.0465541 0.0453863 0.0435847 0.0411399 0.0381208 0.0345908 0.0306082 0.0262621 0.021617 0.0167714 0.0117949 0.00678933 0.00184219 -0.00298603 -0.00762549 -0.0119991 -0.0160486 -0.0197123 -0.0229272 -0.0256769 -0.027932 -0.0296885 -0.0309483 -0.0317225 -0.0320318 -0.0318858 -0.0313428 -0.0304618 -0.0292832 -0.0278848 -0.0263082 -0.024584 -0.0228024 -0.0209868 -0.0191822 -0.0174343 -0.0157476 -0.01417 -0.0127107 -0.0113802 -0.0101835 -0.00910243 -0.00814631 -0.00731342 -0.00656779 -0.00592288 -0.0053258 -0.00474977 -0.00417892 -0.0035496 -0.00281843 -0.00192992 -0.00078736 0.000632241 0.00231057 0.00423736 0.00634223 0.00849895 0.0105185 0.0121885 0.0132833 0.0136048 0.012949 0.011232 0.00849216 0.00482742 0.000397151 -0.00450777 -0.00965452 -0.0147922 -0.019647 -0.0240175 -0.0277957 -0.0308652 -0.0332105 -0.0348463 -0.0358024 -0.0360847 -0.035731 -0.0347336 -0.0330525 -0.0306513 -0.0275481 -0.0237182 -0.0192562 -0.0143232 -0.00907874 -0.00374284 0.00137677 0.00606269 0.0100777 0.0132201 0.0153979 0.0166265 0.0169534 0.0165305 0.0155585 0.0142632 0.0128352 0.011419 0.0101069 0.00901009 0.00816017 0.00752123 0.0070893 0.00681697 0.00664222 0.0065696 0.00657759 0.00666388 0.00687077 0.00716106 0.00755422 0.00806952 0.00870619 0.0094915 0.0104289 0.0115017 0.0127247 0.0140763 0.0155697 0.0171808 0.0188702 0.0206276 0.0223905 0.0241303 0.0258114 0.0273555 0.0287139 0.0298348 0.0306371 0.0310748 0.0310937 0.0306503 0.0297268 0.0283039 0.0263686 0.0239017 0.0209242 0.0174727 0.0135926 0.00934018 0.00478905 -1.28983e-05 -0.00498798 -0.0100397 -0.0151031 -0.0200642 -0.0248488 -0.0293548 -0.0335079 -0.0372273 -0.0404097 -0.0430203 -0.0449889 -0.0462958 -0.0469372 -0.0469249 -0.0462924 -0.045068 -0.0433228 -0.0411272 -0.0385537 -0.0357088 -0.0326897 -0.029587 -0.0264877 -0.0234559 -0.0205752 -0.0178813 -0.0154317 -0.0132622 -0.011388 -0.00984211 -0.00860684 -0.00770698 -0.00711639 
0 0.00165642 0.00335656 0.00515449 0.00710905 0.00923108 0.0115452 0.0140662 0.0167897 0.0196933 0.022749 0.0259307 0.0291738 0.0324138 0.0355736 0.0385723 0.0413067 0.0436996 0.0456682 0.0471426 0.0480867 0.0484518 0.048225 0.04736 0.0459059 0.0438689 0.0412754 0.0382002 0.0346821 0.0308111 0.0265971 0.0221552 0.0175423 0.0128186 0.00807602 0.00335185 -0.00129224 -0.00581075 -0.0101339 -0.0142095 -0.0179797 -0.0213906 -0.0243866 -0.0269862 -0.0291131 -0.0307801 -0.0319801 -0.0326983 -0.0329776 -0.0328271 -0.0323054 -0.0314225 -0.0302527 -0.0288358 -0.0272338 -0.0254987 -0.0237079 -0.0218619 -0.0200281 -0.0182299 -0.0164964 -0.0148701 -0.0133763 -0.0120115 -0.0107701 -0.00967185 -0.00866723 -0.00778093 -0.00698065 -0.00623514 -0.00551996 -0.00482472 -0.00405243 -0.00319272 -0.00213792 -0.0008491 0.000717074 0.0025845 0.00472228 0.00699606 0.00930657 0.0114598 0.0132342 0.0143632 0.0146166 0.0138398 0.0119511 0.00894712 0.00495262 0.000170353 -0.00516095 -0.0107535 -0.0163034 -0.0215593 -0.0263324 -0.0304226 -0.0337549 -0.0363181 -0.0380912 -0.039113 -0.0394553 -0.0390732 -0.0379716 -0.0361386 -0.0335172 -0.0300991 -0.0259437 -0.0211029 -0.0157252 -0.0100243 -0.00425478 0.00132624 0.00643464 0.0108116 0.0142815 0.0167232 0.0180976 0.0184977 0.0181 0.0171055 0.0157347 0.0141745 0.0126419 0.0112427 0.0100492 0.00910198 0.00841551 0.00793966 0.00766236 0.00749294 0.00744981 0.0075081 0.00767376 0.00794759 0.00835111 0.00884957 0.00948676 0.0102538 0.0111697 0.0122447 0.0134875 0.0148706 0.0163884 0.018032 0.019737 0.0215113 0.0233006 0.0250619 0.0267482 0.028312 0.0296609 0.030776 0.031572 0.0320271 0.0320658 0.0316702 0.0308148 0.0294562 0.0276401 0.0253377 0.0225698 0.0193687 0.0157674 0.0118032 0.00756022 0.00308059 -0.00156356 -0.00634834 -0.0111823 -0.0160069 -0.0207694 -0.0253503 -0.0297202 -0.0337745 -0.0374648 -0.0407077 -0.0434564 -0.0456592 -0.0472413 -0.0482092 -0.0485535 -0.0482838 -0.0474094 -0.0459906 -0.0440774 -0.0417288 -0.0390289 -0.036085 -0.0329933 -0.0298303 -0.0266985 -0.0236639 -0.0207987 -0.0181481 -0.0157638 -0.013689 -0.011939 -0.0105461 -0.00950456 -0.00882592 
0 0.00201421 0.00406674 0.00622617 0.00853768 0.011012 0.0136536 0.0164808 0.0194823 0.022619 0.025861 0.0291738 0.0324831 0.0357106 0.0387744 0.0415925 0.044075 0.0461442 0.0477481 0.0488201 0.0493502 0.0493097 0.0486832 0.0474774 0.0457364 0.0435177 0.0408283 0.0377465 0.0343245 0.030605 0.0266226 0.0224505 0.0181585 0.013773 0.00935285 0.00492807 0.000537317 -0.00377651 -0.00795211 -0.0119632 -0.015766 -0.0192906 -0.0225046 -0.0253788 -0.0278554 -0.0299064 -0.0315189 -0.0326849 -0.0334111 -0.0337122 -0.0336098 -0.0330935 -0.0322357 -0.0310809 -0.0296663 -0.028077 -0.0263516 -0.0245268 -0.0226725 -0.0208152 -0.0189989 -0.0172563 -0.0156116 -0.014081 -0.0126604 -0.0113767 -0.01021 -0.00915032 -0.00820025 -0.00730734 -0.0064398 -0.00557942 -0.00464627 -0.00361192 -0.00240536 -0.000939803 0.000814362 0.00285448 0.00516079 0.00763028 0.010109 0.0123765 0.0141954 0.015319 0.0155308 0.0146394 0.0125532 0.0093065 0.00500696 -0.000154089 -0.00587324 -0.0118697 -0.0178451 -0.0234908 -0.0285929 -0.0329959 -0.0365874 -0.0393485 -0.041279 -0.0424037 -0.0427517 -0.0423293 -0.0411404 -0.0391486 -0.0363098 -0.0326376 -0.0281392 -0.0229055 -0.0171261 -0.010993 -0.00476598 0.0012328 0.00673993 0.0114892 0.0152583 0.0179366 0.0195068 0.0200286 0.0196634 0.0186305 0.0171841 0.0155521 0.0139195 0.0124028 0.0111161 0.0101031 0.00934423 0.00883451 0.00854669 0.00841184 0.0084348 0.00857374 0.00881349 0.00918525 0.00967487 0.0102903 0.0110672 0.0119877 0.0130684 0.0143089 0.0156995 0.0172284 0.0188684 0.0206028 0.0223773 0.024163 0.025935 0.0276166 0.0291644 0.0305269 0.0316103 0.0323892 0.032812 0.0328345 0.0324308 0.0315929 0.030297 0.0285309 0.0263202 0.0236845 0.0206528 0.017283 0.0136069 0.00965286 0.00549151 0.00117989 -0.00324579 -0.00775607 -0.0122804 -0.0167959 -0.0212449 -0.0255673 -0.0297096 -0.0336075 -0.0372075 -0.0404392 -0.0432879 -0.0456706 -0.0475195 -0.0488108 -0.0495297 -0.0496576 -0.0491796 -0.0481475 -0.0465965 -0.0445593 -0.0421071 -0.0393375 -0.0363417 -0.0332076 -0.0300313 -0.026912 -0.0239131 -0.0211019 -0.0185405 -0.0162748 -0.0143539 -0.0127947 -0.0116285 -0.0108573 
0 0.00242059 0.00487472 0.00742985 0.0101267 0.0129639 0.015937 0.0190624 0.0223205 0.0256581 0.0290364 0.0324138 0.0357106 0.0388361 0.0417103 0.0442591 0.0464049 0.0480903 0.0492732 0.0499109 0.0500022 0.0495391 0.0485281 0.0469952 0.0450162 0.0426478 0.0399043 0.036858 0.0335622 0.030057 0.026358 0.0225313 0.0186217 0.0146291 0.0105865 0.00651107 0.00243646 -0.00160089 -0.00556114 -0.00943607 -0.013195 -0.0167688 -0.0201131 -0.0232035 -0.0259695 -0.0283751 -0.0303949 -0.0320011 -0.0331871 -0.0339482 -0.0342891 -0.034194 -0.0337238 -0.0329146 -0.0317942 -0.0304246 -0.0288538 -0.0271228 -0.0253127 -0.0234635 -0.02161 -0.0197854 -0.0180232 -0.0163442 -0.0147624 -0.0133117 -0.0119691 -0.0107352 -0.00960513 -0.00853225 -0.00749077 -0.00645851 -0.00534944 -0.00413129 -0.00272855 -0.00107072 0.000875856 0.00311663 0.00561267 0.00823604 0.010836 0.0131991 0.0150771 0.0162006 0.0163421 0.0153212 0.0130468 0.00954378 0.00493436 -0.000569033 -0.00666437 -0.0130447 -0.0193877 -0.0253911 -0.0308357 -0.0355352 -0.039378 -0.0423406 -0.0444084 -0.0456115 -0.0459929 -0.0455382 -0.0442482 -0.0420996 -0.0390464 -0.0351009 -0.0302958 -0.0247131 -0.018535 -0.0119804 -0.00532932 0.00109371 0.0069944 0.0120899 0.0161603 0.0190843 0.0208301 0.0214691 0.0211758 0.020166 0.0186823 0.0169595 0.0152202 0.0136065 0.0122297 0.0111405 0.0103375 0.00980921 0.00953076 0.00943344 0.0095194 0.00974769 0.0100944 0.0105768 0.0111921 0.0119434 0.0128697 0.0139522 0.0151914 0.0165821 0.0181066 0.019742 0.0214646 0.0232479 0.02503 0.0267816 0.0284555 0.0299721 0.031284 0.0323448 0.0330791 0.0334702 0.0334682 0.0330378 0.0321636 0.0308643 0.0291375 0.0269786 0.0244274 0.0215097 0.0182774 0.0148032 0.0111184 0.0072446 0.00324207 -0.000845644 -0.004992 -0.00917857 -0.0133453 -0.0174808 -0.0215589 -0.0255384 -0.0293956 -0.0330744 -0.0365272 -0.039703 -0.0425902 -0.0451153 -0.0471946 -0.048798 -0.0498931 -0.0504313 -0.0503799 -0.0497728 -0.0486353 -0.0469801 -0.0448596 -0.0423574 -0.0395552 -0.0365386 -0.0334093 -0.0302738 -0.0272105 -0.024296 -0.0216023 -0.0191876 -0.0171101 -0.0154054 -0.0141127 -0.0132514 
0 0.00287762 0.00577998 0.00876288 0.0118639 0.0150673 0.0183657 0.0217699 0.025252 0.0287471 0.0322034 0.0355736 0.0387744 0.0417103 0.0443089 0.0465115 0.0482562 0.0495072 0.0502291 0.0504068 0.0500487 0.0491713 0.0478091 0.045999 0.0438399 0.0413712 0.038619 0.0356494 0.0325176 0.0292684 0.0258904 0.0224417 0.0189369 0.0153619 0.0117309 0.0080494 0.00434407 0.000635413 -0.00306156 -0.00674911 -0.0104 -0.0139501 -0.017344 -0.0205755 -0.0235666 -0.0262756 -0.0286601 -0.0306684 -0.0322895 -0.0335029 -0.034304 -0.034674 -0.0346517 -0.0342566 -0.0335092 -0.0324407 -0.0311132 -0.0295646 -0.0278771 -0.0261015 -0.0242621 -0.0224011 -0.0205648 -0.0187793 -0.0170716 -0.0154737 -0.0139555 -0.0125368 -0.0112073 -0.00993919 -0.00870708 -0.00747951 -0.00616864 -0.00474186 -0.00311621 -0.0012429 0.000906862 0.00333951 0.00601049 0.00878838 0.011518 0.0139712 0.0158871 0.0169926 0.0170486 0.0158834 0.0134098 0.00965313 0.00474934 -0.00106722 -0.00750699 -0.0142424 -0.0209343 -0.0272779 -0.0330434 -0.0380189 -0.0421024 -0.0452603 -0.0474685 -0.0487503 -0.0491578 -0.0486636 -0.047273 -0.0449707 -0.0417137 -0.0375026 -0.0323967 -0.0264771 -0.0199254 -0.0129784 -0.00593021 0.000901043 0.00718575 0.0126262 0.0169965 0.020167 0.0220984 0.0228719 0.0226576 0.0216775 0.0201805 0.018405 0.0165853 0.0148843 0.0134206 0.0122613 0.0114234 0.0108825 0.0106213 0.0105742 0.0107337 0.0110614 0.0115347 0.0121513 0.0129221 0.013831 0.0149119 0.0161452 0.0175201 0.0190305 0.0206588 0.0223636 0.0241226 0.0258931 0.027609 0.0292486 0.0307426 0.0320164 0.0330136 0.033693 0.0340066 0.033955 0.0334927 0.0325989 0.0312574 0.0295098 0.0273789 0.0248723 0.0220477 0.0189266 0.0155736 0.0120618 0.00842313 0.00467966 0.000888463 -0.00292407 -0.00673975 -0.0105579 -0.0143314 -0.0180498 -0.0217184 -0.025309 -0.0288381 -0.0322568 -0.0355254 -0.0386083 -0.0414865 -0.0441029 -0.0463639 -0.0482407 -0.0496862 -0.0506272 -0.0510143 -0.0508591 -0.0501734 -0.0489556 -0.0472376 -0.0450873 -0.0425724 -0.0397666 -0.0367747 -0.0336997 -0.0306412 -0.0276839 -0.0249103 -0.022393 -0.0201941 -0.0183771 -0.0169819 -0.0160507 
0 0.00337437 0.00675703 0.0101946 0.0137071 0.0172785 0.0208904 0.0245471 0.0282136 0.0318136 0.0352839 0.0385723 0.0415925 0.0442591 0.0465115 0.0483054 0.0496098 0.0503822 0.0506258 0.0503292 0.0495302 0.0482755 0.0465953 0.0445786 0.0422771 0.0397647 0.0370505 0.0341998 0.0312925 0.0283205 0.0253035 0.0222353 0.0191412 0.0159954 0.0127866 0.00952307 0.00620503 0.0028386 -0.000569443 -0.00402894 -0.00751358 -0.0109491 -0.0143277 -0.0176046 -0.020754 -0.0236946 -0.0263713 -0.028742 -0.0307606 -0.0324203 -0.0336869 -0.0345334 -0.0349752 -0.0350342 -0.0346969 -0.0340212 -0.0330155 -0.0317452 -0.0302682 -0.0286301 -0.0268718 -0.0250406 -0.023182 -0.0213459 -0.0195536 -0.0178162 -0.0161471 -0.0145296 -0.0129982 -0.0115277 -0.0100921 -0.0086405 -0.00711724 -0.00544549 -0.00359688 -0.00149041 0.000886182 0.00351701 0.00635475 0.00930519 0.0121574 0.014681 0.0166047 0.0176656 0.0176301 0.0163141 0.0136331 0.00964519 0.00447493 -0.00165504 -0.00840923 -0.0154652 -0.0224965 -0.0291616 -0.0352014 -0.0404516 -0.0447685 -0.0480984 -0.050446 -0.0518238 -0.0522319 -0.0517022 -0.0502255 -0.0477626 -0.0442975 -0.0398538 -0.0344443 -0.0281907 -0.0212958 -0.0139806 -0.00654072 0.00065737 0.00730086 0.0130877 0.0177544 0.0211715 0.0233137 0.0242455 0.0241295 0.0231916 0.0216878 0.0198971 0.0180191 0.0162394 0.0147098 0.0135072 0.0126285 0.0120959 0.0118541 0.0118761 0.012126 0.0125678 0.0131691 0.0139492 0.0148715 0.0159563 0.0171915 0.0185558 0.020039 0.0216295 0.0233049 0.025038 0.0267744 0.0284545 0.0300305 0.0314424 0.0326681 0.0336118 0.0342309 0.0344822 0.0343416 0.0338068 0.0328799 0.0315142 0.0297371 0.0275837 0.0250863 0.0223033 0.0192602 0.0160253 0.0126392 0.00917126 0.00564756 0.00209023 -0.00145488 -0.00494653 -0.00840738 -0.0118284 -0.0151934 -0.0185053 -0.0217467 -0.0249578 -0.0281252 -0.0312609 -0.0343142 -0.0372588 -0.0400935 -0.0427343 -0.045128 -0.0472181 -0.0489675 -0.0502863 -0.0511033 -0.0514133 -0.0512037 -0.0504596 -0.0491968 -0.0474644 -0.0453152 -0.0428164 -0.0400499 -0.0371314 -0.0341551 -0.0312289 -0.0284431 -0.0258738 -0.0236137 -0.021719 -0.0202646 -0.0192863 
0 0.0038967 0.00778593 0.0116895 0.0156196 0.0195494 0.0234556 0.0273288 0.0311263 0.0347659 0.0381815 0.0413067 0.044075 0.0464049 0.0482562 0.0496098 0.0504309 0.0507229 0.0504714 0.049727 0.0485289 0.0469376 0.0450218 0.0428279 0.040459 0.0379332 0.0353062 0.0326294 0.0299529 0.0272935 0.0246104 0.021924 0.0192264 0.0165011 0.0137212 0.0108715 0.00793692 0.00492701 0.00182296 -0.00136615 -0.00461562 -0.0078968 -0.0111645 -0.0144356 -0.0176386 -0.0207167 -0.0236104 -0.0262612 -0.0286449 -0.03072 -0.0324263 -0.0337406 -0.0346495 -0.0351631 -0.0353038 -0.0350515 -0.0344572 -0.0335382 -0.0323487 -0.0309465 -0.0293582 -0.0276328 -0.0258363 -0.023993 -0.0221494 -0.0203213 -0.0185021 -0.016731 -0.0150053 -0.013324 -0.0116691 -0.00999184 -0.00822041 -0.0063129 -0.00419965 -0.00185832 0.00074271 0.00361056 0.00667016 0.00975712 0.0127068 0.0152818 0.0172036 0.0182005 0.0180434 0.0165778 0.013733 0.00951546 0.00408053 -0.00231433 -0.00938382 -0.0167601 -0.0240678 -0.0310184 -0.0373513 -0.042833 -0.0473612 -0.05088 -0.0533475 -0.0547846 -0.055236 -0.0546732 -0.0530867 -0.0504829 -0.0468294 -0.0421183 -0.0364413 -0.029894 -0.022639 -0.0149639 -0.0071862 0.00037658 0.00735569 0.0134386 0.0184056 0.022097 0.0244605 0.0255644 0.0255747 0.0247213 0.0232507 0.0214122 0.0194876 0.0176788 0.0161081 0.0148573 0.0139762 0.0134424 0.0132474 0.0133436 0.0136954 0.0142698 0.0150313 0.0159478 0.0170379 0.0182724 0.0196457 0.0211363 0.0226972 0.0243268 0.0260046 0.027682 0.0293197 0.0308387 0.032166 0.0332893 0.0341397 0.0346899 0.034882 0.0346755 0.0340673 0.0330576 0.0316459 0.0298431 0.0276594 0.0251563 0.0223869 0.0193808 0.0162171 0.0129244 0.00958135 0.00622694 0.00287422 -0.000453368 -0.00371692 -0.0068859 -0.00996838 -0.0129875 -0.0159483 -0.0188417 -0.0216971 -0.0245114 -0.0273373 -0.030161 -0.0329661 -0.0357505 -0.0384763 -0.0411123 -0.0435661 -0.045817 -0.0478094 -0.0494544 -0.0506813 -0.0514419 -0.0517189 -0.0514726 -0.0507043 -0.0494448 -0.0477352 -0.0456229 -0.0431846 -0.0405099 -0.0377126 -0.034898 -0.0321682 -0.0296248 -0.0273516 -0.0254479 -0.0239675 -0.022978 
0 0.00442581 0.00882768 0.0131998 0.0175415 0.021814 0.0259902 0.0300375 0.0339064 0.0375211 0.0408017 0.0436996 0.0461442 0.0480903 0.0495072 0.0503822 0.0507229 0.050515 0.0498099 0.0486512 0.0471136 0.045269 0.0431556 0.0408766 0.0384661 0.0359977 0.0335012 0.031016 0.0286003 0.0262099 0.02386 0.0215175 0.0191962 0.0168742 0.0144956 0.0120429 0.00949218 0.00683997 0.0040778 0.00119469 -0.00179673 -0.00485949 -0.00800277 -0.0111719 -0.014359 -0.0174815 -0.0204895 -0.023353 -0.0260158 -0.0284363 -0.0305344 -0.0322786 -0.0336443 -0.0346492 -0.0352635 -0.0355022 -0.035342 -0.0348372 -0.0340215 -0.0329365 -0.0316119 -0.0300917 -0.0284088 -0.0266275 -0.0247923 -0.0229032 -0.0210124 -0.0191044 -0.0172139 -0.0153432 -0.0134684 -0.0115304 -0.00951734 -0.00733408 -0.00496986 -0.00235449 0.000513861 0.00360206 0.00683334 0.0101043 0.0131632 0.0157669 0.0176502 0.0185777 0.0183166 0.016699 0.0136539 0.00923293 0.00357088 -0.00309175 -0.0104209 -0.018062 -0.0256708 -0.0328978 -0.039449 -0.0451665 -0.0499002 -0.0535633 -0.0561663 -0.0577023 -0.0581406 -0.0575395 -0.0558791 -0.0531189 -0.0492709 -0.0443512 -0.0383833 -0.0315199 -0.023965 -0.0159693 -0.00784684 3.36074e-05 0.0073293 0.0137338 0.0189812 0.0229215 0.0255234 0.0268421 0.027007 0.0262379 0.0248007 0.023007 0.0210709 0.019217 0.0176158 0.0163622 0.0154674 0.0149636 0.0147989 0.0149897 0.0154667 0.016187 0.0170994 0.0181835 0.0193974 0.0207686 0.0222464 0.0238146 0.0254298 0.0270521 0.0286562 0.0302088 0.0316482 0.032904 0.0339342 0.034674 0.0351195 0.0352138 0.0349342 0.0342475 0.033167 0.0316845 0.0298384 0.0276218 0.0251027 0.0223339 0.0193654 0.0162628 0.0130353 0.00977022 0.00651289 0.00330898 0.000170463 -0.00289486 -0.00586265 -0.00869174 -0.011413 -0.0140314 -0.0165868 -0.0190925 -0.0215493 -0.0240213 -0.0264959 -0.0290189 -0.0315638 -0.0341398 -0.0367438 -0.0393043 -0.0417894 -0.0441325 -0.0463031 -0.0482199 -0.0497974 -0.0509865 -0.0517286 -0.0519871 -0.0517367 -0.0509894 -0.0497759 -0.0481278 -0.0461019 -0.0437786 -0.0412574 -0.0386518 -0.0360697 -0.033623 -0.0314207 -0.0295549 -0.0281042 -0.0271283 
0 0.00494413 0.0098481 0.0146802 0.0194136 0.0240066 0.0284152 0.0325875 0.0364679 0.0399823 0.0430684 0.0456682 0.0477481 0.0492732 0.0502291 0.0506258 0.0504714 0.0498099 0.0486795 0.0471776 0.0453704 0.0433229 0.0411002 0.0387649 0.0363968 0.0340209 0.0316937 0.0294294 0.0272489 0.0251382 0.0230863 0.0210819 0.01911 0.0171498 0.0151355 0.0130473 0.0108535 0.00856758 0.00614242 0.00357367 0.000869478 -0.00197031 -0.00490823 -0.00793656 -0.0110189 -0.0141121 -0.017169 -0.0201482 -0.0230042 -0.0256819 -0.0280888 -0.030217 -0.0320157 -0.0334754 -0.0345877 -0.0352982 -0.0356224 -0.0355805 -0.0351992 -0.0345074 -0.033517 -0.032253 -0.0307724 -0.0291194 -0.0273642 -0.0255069 -0.0235787 -0.0215974 -0.0195705 -0.0175174 -0.0154328 -0.0132656 -0.0109819 -0.00852561 -0.00586189 -0.002978 0.00013932 0.0034713 0.00691619 0.0103009 0.0134426 0.0160961 0.017976 0.0188261 0.0184314 0.0166466 0.0134295 0.00879157 0.00290417 -0.00397194 -0.011543 -0.0194301 -0.0272516 -0.0347194 -0.0415285 -0.0474571 -0.0523764 -0.0562032 -0.058903 -0.0604908 -0.0609708 -0.0603456 -0.0585788 -0.0556762 -0.0516343 -0.0464594 -0.0402479 -0.0331364 -0.0252769 -0.0169759 -0.00855514 -0.000347391 0.00726372 0.0139532 0.0194928 0.0236999 0.0265324 0.0280403 0.0283749 0.0277646 0.0264475 0.0246793 0.0227572 0.0209159 0.0193079 0.0180352 0.0171599 0.0166829 0.0165927 0.0168728 0.0174625 0.0183258 0.0194012 0.0206221 0.0219754 0.0234414 0.0249749 0.0265679 0.0281493 0.0296919 0.031156 0.032495 0.0336577 0.0345805 0.0352154 0.0355433 0.0355151 0.0351303 0.0343512 0.033165 0.0316209 0.0297124 0.0274791 0.0249469 0.0221645 0.0192045 0.0161368 0.0129925 0.00981242 0.00662924 0.00352046 0.000509395 -0.00238758 -0.00515684 -0.00780521 -0.010303 -0.0126725 -0.0149282 -0.0171171 -0.0192462 -0.0213584 -0.0234862 -0.0256573 -0.0278816 -0.0301614 -0.0325258 -0.0349496 -0.0374203 -0.039872 -0.0422674 -0.0445537 -0.046668 -0.0485432 -0.0500976 -0.0512799 -0.0520255 -0.0522997 -0.0520884 -0.0514085 -0.0502784 -0.0487408 -0.0468557 -0.0447158 -0.0424217 -0.0400846 -0.0378341 -0.0357767 -0.034027 -0.0326532 -0.0317313 
