0 0 0 0 0 0 0 0 0 0 0 0 0 0 0 0 0 0 0 0 0 0 0 0 0 0 0 0 0 0 0 0 0 0 0 0 0 0 0 0 0 0 0 0 0 0 0 0 0 0 0 0 0 0 0 0 0 0 0 0 0 0 0 0 0 0 0 0 0 0 0 0 0 0 0 0 0 0 0 0 0 0 0 0 0 0 0 0 0 0 0 0 0 0 0 0 0 0 0 0 0 0 0 0 0 0 0 0 0 0 0 0 0 0 0 0 0 0 0 0 0 0 0 0 0 0 0 0 0 0 0 0 0 0 0 0 0 0 0 0 0 0 0 0 0 0 0 0 0 0 0 0 0 0 0 0 0 0 0 0 0 0 0 0 0 0 0 0 0 0 0 0 0 0 0 0 0 0 0 0 0 0 0 0 0 0 0 0 0 0 0 0 0 0 0 0 0 0 0 0 
0 -0.001975 -0.00387633 -0.00564279 -0.00720743 -0.00850973 -0.0095143 -0.0102256 -0.0106362 -0.010755 -0.0106125 -0.0102436 -0.00969623 -0.00901681 -0.00826711 -0.00746714 -0.0066401 -0.00581966 -0.00503256 -0.00431736 -0.00368152 -0.00313738 -0.00266582 -0.00225452 -0.00190259 -0.00159891 -0.00136263 -0.00117426 -0.00101674 -0.000880746 -0.000764895 -0.000677616 -0.000606241 -0.000563945 -0.000532281 -0.000491774 -0.000451828 -0.000418282 -0.000399582 -0.000388168 -0.00037373 -0.000350474 -0.00032633 -0.000308086 -0.000296057 -0.000287986 -0.000289585 -0.000282488 -0.000265211 -0.000250463 -0.00023825 -0.000233641 -0.00023126 -0.000221175 -0.000205029 -0.000196349 -0.000183495 -0.000179983 -0.000181156 -0.000189001 -0.000196291 -0.000195025 -0.000190168 -0.000195708 -0.000221286 -0.000261542 -0.000302086 -0.000358631 -0.000440216 -0.000532536 -0.000651093 -0.000784819 -0.000946121 -0.00112661 -0.00130639 -0.00148634 -0.00166315 -0.00180331 -0.00192391 -0.00199345 -0.0019838 -0.00188608 -0.00169634 -0.00141047 -0.00105288 -0.000633374 -0.000183052 0.000275132 0.000707406 0.00108487 0.00138835 0.00161012 0.00173437 0.00176677 0.00171539 0.00159375 0.0014318 0.00127003 0.00112956 0.00103503 0.00100218 0.00102647 0.00110254 0.00122792 0.00137644 0.00152556 0.00165397 0.00173219 0.0017353 0.001657 0.0014811 0.00120858 0.000851982 0.000433879 -1.59723e-05 -0.000459132 -0.000872396 -0.00121989 -0.0014985 -0.00169026 -0.00178524 -0.0018037 -0.00176071 -0.00164797 -0.00150742 -0.00133145 -0.00113147 -0.00093831 -0.000764128 -0.000606369 -0.000469352 -0.000335174 -0.000230694 -0.000147252 -7.71341e-05 -2.87449e-05 4.07589e-06 3.17542e-05 5.58505e-05 8.08958e-05 0.000104719 0.000121494 0.000129587 0.000127793 0.000129819 0.000133715 0.000148041 0.00015757 0.000160967 0.000163088 0.000170046 0.000175491 0.000190394 0.000209939 0.000223174 0.000233132 0.000232293 0.000233535 0.000250983 0.000273445 0.000287048 0.000294148 0.000299134 0.000312632 0.000330181 0.000357019 0.000374858 0.000378043 0.000375828 0.000361556 0.000357679 0.000347783 0.000315335 0.000258734 0.000184007 0.000105158 6.63176e-06 -0.000100614 -0.000229983 -0.000398602 -0.00059387 -0.000808401 -0.00102538 -0.00125067 -0.00147459 -0.0016851 -0.00186763 -0.0019934 -0.00205905 -0.00206341 -0.00201882 -0.00193318 -0.00179983 -0.0016098 -0.00136265 -0.00108818 -0.000818832 -0.000582736 -0.000405592 -0.000289661 
0 -0.00387633 -0.00760116 -0.0110621 -0.0141329 -0.016706 -0.0187082 -0.0201389 -0.0209781 -0.0212446 -0.0210013 -0.0203229 -0.0192864 -0.0179805 -0.0165121 -0.0149297 -0.0132999 -0.0116781 -0.0101392 -0.00871542 -0.00744212 -0.00633292 -0.00536564 -0.004549 -0.00384044 -0.00325367 -0.00276533 -0.00237566 -0.00204911 -0.00176984 -0.00156 -0.00138105 -0.0012399 -0.00113289 -0.00105636 -0.000980224 -0.000912488 -0.000855764 -0.000819067 -0.000779226 -0.000748269 -0.000708034 -0.00067173 -0.000656378 -0.00061505 -0.00059491 -0.00056993 -0.000550972 -0.000523039 -0.000496611 -0.000477727 -0.000460656 -0.000442968 -0.000427747 -0.000405108 -0.000398616 -0.000388957 -0.000362594 -0.000362271 -0.000349785 -0.000352909 -0.000359645 -0.000372711 -0.000395787 -0.000447029 -0.000510362 -0.000610598 -0.000725725 -0.000867598 -0.00105679 -0.00130523 -0.00157935 -0.00188356 -0.00223004 -0.00260424 -0.00298591 -0.00333481 -0.00364002 -0.00386695 -0.00397705 -0.00394984 -0.00376429 -0.0033736 -0.00282266 -0.00211625 -0.0012886 -0.000387301 0.00052421 0.00140159 0.00216594 0.0027885 0.00321786 0.00346279 0.00351339 0.00339735 0.00315535 0.00285682 0.00253533 0.0022741 0.00209215 0.0020119 0.00204286 0.00219518 0.0024266 0.00273415 0.00304968 0.00331638 0.00347132 0.00348121 0.00329981 0.00293712 0.00238311 0.00167955 0.000847513 -3.7682e-05 -0.000915029 -0.00172806 -0.00243907 -0.00298744 -0.00338424 -0.00359808 -0.00363407 -0.00351942 -0.00330026 -0.0029971 -0.00264331 -0.00226463 -0.0018918 -0.00152847 -0.00120327 -0.000930667 -0.000686756 -0.000468772 -0.000287991 -0.000162229 -5.5773e-05 2.89003e-05 0.000101319 0.000147778 0.00017618 0.000199277 0.000236465 0.000242495 0.000263086 0.000273744 0.000286457 0.000311144 0.000319654 0.000325321 0.000342902 0.000356901 0.000370443 0.000383569 0.00039725 0.000425554 0.000438566 0.000463644 0.000468674 0.00050094 0.000535861 0.000555579 0.000580245 0.000606792 0.000635529 0.000665057 0.000697237 0.000720922 0.000741428 0.000741384 0.000736097 0.000711511 0.000687524 0.000618355 0.000512297 0.000389343 0.000228035 3.43877e-05 -0.000203718 -0.000470389 -0.000806469 -0.00119319 -0.00161523 -0.00205802 -0.00251046 -0.00295312 -0.00335569 -0.00369794 -0.00393707 -0.00407134 -0.00408484 -0.00399981 -0.00381537 -0.0035389 -0.00316037 -0.00268552 -0.00217738 -0.00166872 -0.00122568 -0.000874403 -0.000644563 
0 -0.00564279 -0.0110621 -0.0160957 -0.0205777 -0.0243569 -0.027329 -0.0294772 -0.0307657 -0.0312221 -0.0309466 -0.030039 -0.0286093 -0.0267575 -0.0246398 -0.0223388 -0.0199574 -0.0176085 -0.0153566 -0.0132717 -0.0113622 -0.00967706 -0.0082088 -0.0069559 -0.00590728 -0.00500536 -0.00426619 -0.00364638 -0.00313025 -0.00271536 -0.00239033 -0.00213669 -0.00190075 -0.00172139 -0.00158655 -0.00146844 -0.00137843 -0.00130149 -0.00123595 -0.00117191 -0.00111216 -0.00105989 -0.00102454 -0.000994771 -0.000948031 -0.000887972 -0.000851291 -0.000816762 -0.000780731 -0.000757178 -0.000728407 -0.000699598 -0.000671326 -0.000637173 -0.000608715 -0.00060807 -0.00058629 -0.000561072 -0.00053126 -0.000518949 -0.000527308 -0.000540381 -0.000558772 -0.000599595 -0.000676913 -0.000781088 -0.000892955 -0.00106192 -0.00131201 -0.00160336 -0.00196161 -0.00235584 -0.00282011 -0.00334687 -0.00389375 -0.00445599 -0.00500611 -0.00544568 -0.00579584 -0.00597445 -0.00591612 -0.00560703 -0.00504169 -0.0042136 -0.00317509 -0.00194674 -0.000604997 0.000777812 0.00209512 0.00324761 0.00416588 0.0048179 0.00516997 0.00524601 0.00508257 0.0047301 0.00427437 0.00381939 0.00342327 0.00314764 0.00303542 0.00308497 0.00329303 0.00365523 0.00410511 0.00456997 0.00497132 0.00521159 0.00521224 0.00494844 0.0043894 0.00355152 0.00248253 0.00125089 -6.14458e-05 -0.00135905 -0.00258059 -0.00363227 -0.00448794 -0.00508616 -0.00538603 -0.005433 -0.00527554 -0.00491929 -0.00448326 -0.00396334 -0.0033875 -0.002825 -0.00230118 -0.0018173 -0.00139323 -0.000996501 -0.000692277 -0.000453113 -0.000246587 -8.23831e-05 4.89206e-05 0.00015525 0.000225727 0.000272135 0.000306742 0.000337627 0.000367818 0.000390276 0.000417755 0.000433056 0.000457847 0.000470023 0.000482462 0.000510759 0.000550271 0.000566258 0.00057868 0.000593946 0.000614179 0.000656507 0.000690604 0.000718104 0.000760032 0.000799663 0.000829983 0.000872691 0.000924637 0.000977798 0.00100632 0.00103803 0.00106434 0.00108977 0.00111696 0.00109755 0.00106627 0.00100178 0.000891521 0.000745977 0.000562657 0.000339727 2.48546e-05 -0.000340219 -0.000756095 -0.00125033 -0.00180392 -0.00242043 -0.00306567 -0.00373382 -0.00437138 -0.00493817 -0.0054149 -0.00575859 -0.00596821 -0.00601621 -0.00590037 -0.00562794 -0.00520794 -0.0046566 -0.0039984 -0.00330064 -0.00261377 -0.00198477 -0.0014765 -0.00112561 
0 -0.00720743 -0.0141329 -0.0205777 -0.0263345 -0.0312239 -0.0351138 -0.03797 -0.0397445 -0.0404687 -0.040258 -0.0392384 -0.0375227 -0.0352436 -0.0325836 -0.0296644 -0.0266362 -0.0236194 -0.0207271 -0.0180002 -0.0154901 -0.0132435 -0.0112626 -0.00957872 -0.00813101 -0.00691341 -0.00588044 -0.00502646 -0.00431308 -0.00372616 -0.00328539 -0.0029146 -0.00260071 -0.00234686 -0.00215902 -0.00199909 -0.00186961 -0.00175823 -0.00166744 -0.00156868 -0.00148919 -0.00141114 -0.00134885 -0.00131454 -0.00123852 -0.00118782 -0.00113846 -0.0011025 -0.00105601 -0.00101173 -0.000974343 -0.000936231 -0.000894855 -0.000856608 -0.000813552 -0.000799702 -0.000782018 -0.000740625 -0.000733191 -0.000713805 -0.000720036 -0.0007351 -0.000762447 -0.000809293 -0.000905583 -0.00103118 -0.00121966 -0.00145051 -0.00174443 -0.00212762 -0.002617 -0.00316204 -0.00377228 -0.00446185 -0.00520016 -0.0059499 -0.00664304 -0.00724426 -0.00769541 -0.0079207 -0.00786775 -0.00749124 -0.00672117 -0.00562146 -0.00421582 -0.00257142 -0.000783752 0.00102705 0.00276297 0.00428118 0.0055148 0.00637823 0.00687229 0.00698609 0.00677138 0.00630566 0.00571742 0.00509317 0.00457659 0.00421955 0.00406902 0.0041393 0.00444037 0.00490493 0.00550335 0.00611387 0.0066263 0.00691996 0.00692304 0.00655761 0.00582736 0.00472262 0.0033156 0.00166204 -9.91218e-05 -0.00184339 -0.00345844 -0.0048615 -0.00595198 -0.00673024 -0.00714856 -0.00722218 -0.00700289 -0.00656835 -0.00597224 -0.005273 -0.00452072 -0.00377638 -0.00305718 -0.00240812 -0.00185501 -0.00136371 -0.000936742 -0.000587384 -0.000332838 -0.000121967 4.70734e-05 0.00018931 0.00028363 0.000344884 0.000396179 0.000464653 0.000489333 0.0005286 0.000551429 0.000574644 0.000613456 0.000628646 0.000642288 0.000679103 0.000716783 0.000750554 0.000778709 0.000804954 0.000853904 0.000891204 0.000946273 0.000969979 0.00102339 0.00107446 0.0011082 0.0011629 0.00123019 0.00129536 0.00134406 0.00138594 0.00141988 0.00145923 0.00147109 0.00145346 0.00138473 0.00129703 0.00114121 0.000936995 0.000701919 0.000386156 -1.96028e-05 -0.000518469 -0.00106876 -0.0017147 -0.00243326 -0.00321594 -0.00404574 -0.00489157 -0.00569806 -0.00640753 -0.00700132 -0.00744029 -0.00772465 -0.00780591 -0.00767575 -0.00732323 -0.00678497 -0.00609402 -0.00529447 -0.00447297 -0.00365082 -0.00289414 -0.00224949 -0.00179748 
0 -0.00850973 -0.016706 -0.0243569 -0.0312239 -0.0370994 -0.0418336 -0.045381 -0.0476875 -0.0487745 -0.0487573 -0.0477536 -0.0458975 -0.0433344 -0.0402857 -0.0369006 -0.0333389 -0.029759 -0.0262631 -0.0229483 -0.019858 -0.0170686 -0.0145882 -0.012425 -0.0105687 -0.0089745 -0.00765279 -0.00655079 -0.00562828 -0.00486647 -0.00425558 -0.00376602 -0.00334598 -0.00302267 -0.00277228 -0.00255044 -0.0023653 -0.00221266 -0.00209254 -0.00198773 -0.00189006 -0.0017926 -0.00170807 -0.00163772 -0.00156083 -0.00149046 -0.00144601 -0.00139433 -0.00132492 -0.00126486 -0.00121424 -0.00117538 -0.0011392 -0.00108672 -0.00102939 -0.0010004 -0.000960914 -0.000927469 -0.000905972 -0.000901888 -0.000914453 -0.000925428 -0.000944838 -0.00100411 -0.00112766 -0.00130311 -0.00151251 -0.00180081 -0.00219615 -0.00267365 -0.00326281 -0.0039337 -0.00471289 -0.00558648 -0.0064947 -0.0074118 -0.0082874 -0.00901537 -0.00958569 -0.00988581 -0.00981227 -0.00931854 -0.00837817 -0.00700045 -0.00525969 -0.00322008 -0.00100364 0.00125982 0.00341246 0.00530394 0.00682693 0.00791656 0.00853001 0.00868548 0.00843713 0.00787412 0.00713702 0.0063851 0.00573848 0.00529585 0.00512129 0.00522045 0.00558323 0.00617639 0.0069039 0.00764436 0.00826638 0.00862545 0.00860819 0.00815753 0.00723498 0.00585556 0.00408749 0.00203792 -0.000148413 -0.00231188 -0.00432589 -0.0060537 -0.00743242 -0.00839298 -0.00889122 -0.00898161 -0.00873062 -0.00817554 -0.00745041 -0.00658323 -0.00563121 -0.00469409 -0.00381818 -0.0030221 -0.0023223 -0.00168244 -0.00116239 -0.000745218 -0.000403715 -0.000139309 6.49216e-05 0.000226701 0.00034439 0.000436984 0.000517576 0.000587117 0.000631975 0.000657007 0.000683446 0.000711637 0.000761999 0.000797217 0.000819759 0.00085229 0.000895588 0.000929314 0.000971882 0.00102118 0.00107067 0.00112584 0.00116805 0.00120715 0.00127769 0.00135288 0.00141114 0.0014725 0.00154127 0.00161401 0.00167178 0.00173308 0.00177943 0.00180665 0.00181105 0.00175852 0.00168566 0.00157279 0.00138493 0.00112665 0.000801805 0.000405594 -0.000112808 -0.000718423 -0.00140954 -0.00221157 -0.00309148 -0.00403682 -0.00500699 -0.00598985 -0.00692103 -0.00774912 -0.00844627 -0.00896758 -0.00930534 -0.00941078 -0.00926314 -0.00886449 -0.00825062 -0.00747208 -0.00658891 -0.00568225 -0.00478777 -0.00394646 -0.00322878 -0.00271391 
0 -0.0095143 -0.0187082 -0.027329 -0.0351138 -0.0418336 -0.0473293 -0.0515451 -0.0544255 -0.0559727 -0.0562738 -0.05544 -0.0536017 -0.0509359 -0.0476726 -0.0439803 -0.0400297 -0.0359785 -0.031973 -0.0281162 -0.0244968 -0.0211868 -0.0182004 -0.015563 -0.0132552 -0.0112833 -0.00962959 -0.00825698 -0.00710089 -0.00612815 -0.00534504 -0.00470241 -0.00417493 -0.00375882 -0.00343104 -0.00314406 -0.00290044 -0.00270242 -0.00255136 -0.00241722 -0.00230012 -0.00218248 -0.00207689 -0.00199393 -0.00189252 -0.00181349 -0.00174575 -0.00167865 -0.00159518 -0.00151762 -0.0014569 -0.00140768 -0.00135857 -0.00130322 -0.0012432 -0.00120809 -0.00117033 -0.00112038 -0.00109466 -0.00107299 -0.0010766 -0.00109518 -0.00113567 -0.00121446 -0.00136015 -0.00156071 -0.00183296 -0.00218303 -0.00263632 -0.00321038 -0.00392082 -0.00472975 -0.00564912 -0.00668155 -0.00778017 -0.00889034 -0.00992795 -0.0108146 -0.0114771 -0.0118082 -0.011716 -0.0111344 -0.0100059 -0.00837783 -0.00630537 -0.00388025 -0.00123853 0.00145318 0.0040269 0.00629218 0.00812488 0.00942373 0.0101635 0.0103504 0.010059 0.00940533 0.00856023 0.00768009 0.00693371 0.00641884 0.00620559 0.00631497 0.0067479 0.00743843 0.0083038 0.00918555 0.0099171 0.0103249 0.0102879 0.00971639 0.00859426 0.00693424 0.00482737 0.00238368 -0.000215956 -0.00279067 -0.00517945 -0.00724743 -0.00887859 -0.0100274 -0.010644 -0.0107565 -0.0104379 -0.00978406 -0.00889858 -0.00786016 -0.00674358 -0.00563573 -0.00457932 -0.00361949 -0.00278193 -0.00203988 -0.0014074 -0.000891063 -0.000489512 -0.000166877 8.93775e-05 0.000293988 0.000434855 0.000532934 0.000616114 0.000701303 0.000749646 0.000794374 0.000829148 0.000871013 0.000930889 0.000970768 0.000999586 0.00104045 0.00108493 0.00112799 0.00117442 0.0012255 0.00128963 0.0013461 0.0014063 0.00145469 0.00153979 0.00163137 0.00170352 0.00177797 0.00185483 0.00193113 0.00199998 0.0020669 0.00211618 0.00214102 0.00211991 0.00205433 0.0019531 0.00182069 0.00159573 0.00127525 0.000875269 0.000376851 -0.000233167 -0.000953711 -0.00177315 -0.00272279 -0.00376129 -0.00484597 -0.00593861 -0.00701686 -0.00804121 -0.00896377 -0.00974681 -0.010334 -0.0107025 -0.010809 -0.0106484 -0.0102305 -0.0095988 -0.00879453 -0.00787784 -0.00693628 -0.00600692 -0.00514858 -0.00442085 -0.0039068 
0 -0.0102256 -0.0201389 -0.0294772 -0.03797 -0.045381 -0.0515451 -0.0563915 -0.0598572 -0.0619209 -0.0626437 -0.0621193 -0.0604786 -0.0579019 -0.054612 -0.0507863 -0.0465974 -0.0422231 -0.0378243 -0.0335291 -0.0294376 -0.0256333 -0.0221548 -0.0190365 -0.016285 -0.0139048 -0.0118855 -0.0101865 -0.00875241 -0.00755232 -0.0065752 -0.00577119 -0.00510286 -0.00456383 -0.00413408 -0.00377445 -0.00347601 -0.00323239 -0.00303179 -0.00285452 -0.00269985 -0.00256346 -0.00244912 -0.00234927 -0.00223328 -0.00212677 -0.00203898 -0.00196041 -0.00187702 -0.00179866 -0.00172882 -0.00166176 -0.00159374 -0.0015232 -0.00146133 -0.00142349 -0.00138161 -0.00132647 -0.00128428 -0.00125859 -0.00126384 -0.00129182 -0.00134541 -0.00144262 -0.00160514 -0.00183067 -0.00213443 -0.00254503 -0.00308731 -0.00376612 -0.00458441 -0.00552243 -0.00659034 -0.00778417 -0.00905334 -0.0103362 -0.0115413 -0.0125704 -0.0133353 -0.0137161 -0.0135995 -0.0129118 -0.0116103 -0.00972893 -0.00733597 -0.00453574 -0.0014801 0.00164094 0.00462075 0.00724978 0.00937459 0.0108889 0.0117551 0.0119895 0.0116744 0.0109455 0.00998959 0.00899763 0.00814788 0.00756342 0.0073238 0.00745597 0.00795235 0.00874852 0.00973325 0.0107336 0.011556 0.0120064 0.0119374 0.0112543 0.00992975 0.00799022 0.00553495 0.0027071 -0.000295595 -0.0032694 -0.00602978 -0.00841909 -0.0103147 -0.0116411 -0.012351 -0.0124801 -0.0121119 -0.0113546 -0.0103318 -0.00913468 -0.00784701 -0.00656336 -0.00534115 -0.00422419 -0.00323402 -0.00236474 -0.00163735 -0.00105144 -0.000584836 -0.000207187 9.80456e-05 0.000338592 0.000508224 0.000625076 0.000718878 0.000806629 0.000871969 0.000929541 0.000978097 0.00102654 0.00108126 0.00112161 0.00115791 0.00121344 0.00127803 0.00133613 0.00138732 0.00143964 0.00150586 0.0015809 0.00165942 0.00173157 0.00182282 0.0019152 0.00199648 0.00208516 0.00218245 0.0022729 0.00234455 0.00240171 0.00244064 0.00245586 0.00242658 0.00234119 0.00220781 0.00202252 0.00174187 0.00135946 0.000881584 0.000292222 -0.000425473 -0.00126033 -0.00220439 -0.00327159 -0.00442478 -0.00561469 -0.00679562 -0.00794494 -0.00903026 -0.0100155 -0.0108554 -0.0114892 -0.0118797 -0.0119947 -0.011843 -0.0114505 -0.0108574 -0.0100905 -0.00920042 -0.00826889 -0.00735383 -0.00652411 -0.00584271 -0.00537142 
0 -0.0106362 -0.0209781 -0.0307657 -0.0397445 -0.0476875 -0.0544255 -0.0598572 -0.0639034 -0.0665251 -0.0677641 -0.0676952 -0.066438 -0.0641487 -0.0610204 -0.0572354 -0.0529711 -0.0484293 -0.0437712 -0.0391438 -0.0346491 -0.0303909 -0.0264479 -0.0228637 -0.0196747 -0.016866 -0.0144456 -0.0123757 -0.0106264 -0.00917334 -0.00797437 -0.00698454 -0.00614873 -0.00546658 -0.00491877 -0.00447414 -0.00410933 -0.00380839 -0.00354878 -0.00332471 -0.00312632 -0.00296217 -0.00282838 -0.00270105 -0.00257565 -0.00244817 -0.00234935 -0.00225831 -0.00216771 -0.00208085 -0.00199784 -0.00191726 -0.00183715 -0.00175203 -0.00168162 -0.00162991 -0.00157705 -0.0015271 -0.00147966 -0.00146174 -0.00146774 -0.00149639 -0.00155273 -0.00166353 -0.00184451 -0.00210837 -0.00245273 -0.00292248 -0.00354284 -0.00431458 -0.00524071 -0.00631655 -0.00754257 -0.00890063 -0.0103349 -0.0117752 -0.0131333 -0.0142891 -0.0151527 -0.0155903 -0.0154639 -0.0146818 -0.0132148 -0.0110725 -0.00835202 -0.00517545 -0.00171911 0.00180899 0.00516832 0.00814497 0.0105557 0.0122944 0.0133001 0.013599 0.0132746 0.0124817 0.0114204 0.0103234 0.00937385 0.00872674 0.00846977 0.00863471 0.00919803 0.0100992 0.01119 0.0122887 0.0131777 0.0136502 0.0135354 0.0127412 0.0112217 0.00901663 0.00622099 0.0030108 -0.000400624 -0.00377652 -0.00690438 -0.00959348 -0.01173 -0.013213 -0.0140096 -0.0141635 -0.0137641 -0.0129157 -0.0117646 -0.0104075 -0.00894386 -0.00747826 -0.0060895 -0.00482177 -0.00369277 -0.00270307 -0.00187667 -0.001209 -0.000668044 -0.000240491 0.000103197 0.000369764 0.000566654 0.000711133 0.000830074 0.000927054 0.00101174 0.00107083 0.00112641 0.00118066 0.00123578 0.00128463 0.00133015 0.00139135 0.00146776 0.00153748 0.00160131 0.00166816 0.00174114 0.00183476 0.00192116 0.00201337 0.00210838 0.00220227 0.00229297 0.00239099 0.00250318 0.00260722 0.00268257 0.00273046 0.00275545 0.00275426 0.00271619 0.0026072 0.00243757 0.00218393 0.00183657 0.00139041 0.000837685 0.00016411 -0.000664459 -0.00161581 -0.00267924 -0.00383712 -0.00506545 -0.00632739 -0.00757825 -0.00879096 -0.00992246 -0.0109396 -0.0117965 -0.0124468 -0.0128513 -0.0129909 -0.012876 -0.0125412 -0.0120196 -0.0113326 -0.0105234 -0.00966037 -0.00882021 -0.00807132 -0.00748122 -0.00708319 
0 -0.010755 -0.0212446 -0.0312221 -0.0404687 -0.0487745 -0.0559727 -0.0619209 -0.0665251 -0.0697385 -0.0715749 -0.0720994 -0.0713877 -0.0695726 -0.0667924 -0.0632307 -0.0590771 -0.0545182 -0.0497453 -0.0448825 -0.0400764 -0.0354338 -0.0310678 -0.0270542 -0.0234114 -0.0201767 -0.0173283 -0.0148756 -0.0127889 -0.011036 -0.00958135 -0.00835639 -0.00734082 -0.00649962 -0.00581594 -0.00525921 -0.00479677 -0.00441661 -0.00410464 -0.00383668 -0.00360678 -0.0034062 -0.00323211 -0.00308023 -0.00293126 -0.00280459 -0.00268373 -0.00257095 -0.00245804 -0.00234559 -0.0022507 -0.00216771 -0.00208045 -0.00199475 -0.00191265 -0.0018363 -0.00177812 -0.00171756 -0.00168185 -0.00165917 -0.00165622 -0.00168213 -0.00174701 -0.00187167 -0.00208018 -0.00237674 -0.00279308 -0.00332441 -0.00399528 -0.00485717 -0.00589653 -0.00711123 -0.00848409 -0.00999838 -0.011609 -0.0132178 -0.0147105 -0.016011 -0.0169583 -0.0174263 -0.017288 -0.0164254 -0.014778 -0.012401 -0.0093672 -0.00583174 -0.00198721 0.00192576 0.00566662 0.00898437 0.0116897 0.013641 0.0147927 0.0151545 0.0148265 0.013982 0.0128494 0.0116536 0.0106293 0.00993052 0.00965266 0.00984003 0.0104748 0.0114565 0.0126513 0.0138422 0.0147898 0.015267 0.0151015 0.0141711 0.0124502 0.00996981 0.00685179 0.00326923 -0.000531446 -0.00429143 -0.00776299 -0.0107633 -0.0131176 -0.0147576 -0.0156584 -0.0158372 -0.0153864 -0.0144655 -0.0131694 -0.0116487 -0.0100238 -0.00839049 -0.00683304 -0.0054137 -0.00415285 -0.00306844 -0.00212712 -0.00135034 -0.000742843 -0.000256915 0.000124812 0.000420509 0.000641413 0.000805413 0.000943527 0.00106442 0.00114898 0.00121881 0.00127177 0.0013382 0.00140785 0.00147185 0.00153237 0.00159558 0.00166164 0.00173661 0.00181047 0.00189244 0.00198991 0.00208068 0.00217852 0.00227498 0.00238409 0.00249911 0.00260818 0.00271602 0.00282405 0.00292133 0.00300019 0.00304381 0.00305807 0.00303968 0.00296405 0.00283655 0.00262054 0.00231865 0.00190994 0.00139054 0.000764291 -1.23416e-05 -0.000931314 -0.00199764 -0.00316358 -0.00439974 -0.00569105 -0.00699912 -0.00830945 -0.00956741 -0.0107329 -0.0117553 -0.0125944 -0.0132331 -0.0136434 -0.0138215 -0.0137722 -0.0135173 -0.0130888 -0.0125118 -0.0118317 -0.0111069 -0.0104028 -0.00978929 -0.00931291 -0.00899957 
0 -0.0106125 -0.0210013 -0.0309466 -0.040258 -0.0487573 -0.0562738 -0.0626437 -0.0677641 -0.0715749 -0.0740698 -0.0752655 -0.0752249 -0.0740234 -0.0717681 -0.0686286 -0.0647655 -0.0603779 -0.0556165 -0.0506654 -0.0456607 -0.0407391 -0.0360352 -0.0316057 -0.0275424 -0.0238542 -0.0205925 -0.0177373 -0.0152772 -0.0131901 -0.011411 -0.00993194 -0.00870011 -0.00768504 -0.00684024 -0.00613962 -0.00555444 -0.00508284 -0.0046958 -0.0043896 -0.00411067 -0.00387097 -0.00366475 -0.00346715 -0.00331695 -0.00315986 -0.00302636 -0.00288666 -0.00275443 -0.00263075 -0.00252218 -0.0024274 -0.00233847 -0.00223917 -0.00215468 -0.00207009 -0.00199112 -0.0019364 -0.00187378 -0.00185493 -0.00185376 -0.00188236 -0.00195166 -0.00210251 -0.0023319 -0.00267127 -0.00310679 -0.00370035 -0.004476 -0.00543157 -0.00655959 -0.0078953 -0.00941834 -0.0110903 -0.0128549 -0.0146204 -0.0162866 -0.0177016 -0.0187397 -0.0192495 -0.0190666 -0.0180844 -0.0162982 -0.0136881 -0.0103761 -0.00650957 -0.00229572 0.00201872 0.00612776 0.00979181 0.012771 0.0149435 0.0162237 0.0166586 0.0163419 0.0154714 0.0142706 0.0130226 0.0119272 0.0111839 0.0108913 0.0111037 0.011778 0.0128514 0.0141272 0.0153968 0.0163908 0.0168759 0.0166348 0.015571 0.013625 0.010868 0.00740772 0.00347981 -0.000677265 -0.00478819 -0.00859905 -0.0118743 -0.0144902 -0.0162968 -0.0172728 -0.0174677 -0.0169856 -0.0159506 -0.014537 -0.0128726 -0.0110851 -0.00928508 -0.0075827 -0.00602525 -0.0046172 -0.00338946 -0.00236082 -0.00152247 -0.000829445 -0.000285448 0.000146589 0.000467914 0.000717631 0.000909366 0.0010645 0.00117423 0.00128418 0.00135178 0.0014252 0.00150082 0.0015717 0.00165304 0.00172663 0.0017945 0.00187049 0.00194578 0.00202873 0.0021301 0.00222786 0.00234378 0.00243374 0.00255391 0.00267273 0.00280621 0.00294441 0.0030557 0.0031566 0.00324097 0.00330958 0.00335297 0.00336125 0.00331008 0.00320324 0.00301849 0.00277206 0.00241131 0.00194713 0.00135301 0.000614131 -0.000252962 -0.00127321 -0.00240658 -0.00365422 -0.00495337 -0.00629262 -0.00764438 -0.00897475 -0.0102547 -0.0114218 -0.0124355 -0.0132512 -0.0138744 -0.0142966 -0.0145277 -0.0145641 -0.0144156 -0.0141011 -0.0136626 -0.0131553 -0.0126154 -0.0121042 -0.0116527 -0.0113051 -0.0110694 
0 -0.0102436 -0.0203229 -0.030039 -0.0392384 -0.0477536 -0.05544 -0.0621193 -0.0676952 -0.0720994 -0.0752655 -0.0771928 -0.0778877 -0.0774207 -0.0758409 -0.0732917 -0.0699139 -0.065845 -0.0612777 -0.0563708 -0.0513212 -0.0462423 -0.0412749 -0.0365157 -0.0320401 -0.0279487 -0.024252 -0.0209806 -0.0181153 -0.0156393 -0.0135241 -0.0117387 -0.0102672 -0.00903536 -0.00800215 -0.00714839 -0.00643784 -0.00585241 -0.00537691 -0.00498004 -0.00464192 -0.00435303 -0.00410417 -0.00388482 -0.00369254 -0.00352338 -0.00335862 -0.00321018 -0.00308033 -0.00294803 -0.00282141 -0.00270459 -0.0025832 -0.00248133 -0.00239437 -0.00230031 -0.00222608 -0.00215148 -0.00209406 -0.00206041 -0.00205536 -0.00210025 -0.00219611 -0.00235476 -0.00259608 -0.0029464 -0.00345512 -0.00410965 -0.00493413 -0.00598946 -0.0072451 -0.00871099 -0.0103608 -0.0121687 -0.0140994 -0.0160275 -0.0178174 -0.0193694 -0.0204738 -0.020993 -0.0207977 -0.0197499 -0.0177913 -0.0149711 -0.0113686 -0.00716418 -0.00259018 0.00207365 0.00654154 0.0105221 0.0137852 0.0161668 0.017605 0.0181218 0.0178349 0.0169485 0.0157186 0.0144016 0.0132606 0.0124826 0.01218 0.0124136 0.0131533 0.0142824 0.0156346 0.0169592 0.0179795 0.018436 0.0181217 0.0169036 0.0147505 0.0117155 0.00795089 0.00366829 -0.00085473 -0.00531786 -0.00943884 -0.0130037 -0.0158056 -0.0177565 -0.0188406 -0.0190632 -0.0185303 -0.0174334 -0.0158826 -0.0140701 -0.012145 -0.0101968 -0.00832706 -0.00660236 -0.00505915 -0.00374685 -0.00261072 -0.00167025 -0.000932043 -0.000335915 0.00013881 0.00051086 0.000796586 0.00100355 0.00116475 0.00129527 0.00140439 0.00150407 0.00158863 0.00167706 0.00174771 0.00181888 0.00190141 0.00198396 0.00207526 0.00217683 0.00227298 0.00237795 0.00249551 0.00260832 0.00273126 0.00286033 0.00298617 0.00312029 0.00325704 0.00337998 0.00348239 0.00356558 0.00363096 0.00366115 0.00365236 0.00358008 0.00342177 0.00320141 0.00288339 0.0024636 0.00192812 0.00124319 0.000411883 -0.000571694 -0.00165209 -0.00284868 -0.00413755 -0.00548183 -0.00687144 -0.00824612 -0.00959272 -0.0108515 -0.0120018 -0.0129961 -0.0138006 -0.0144287 -0.0148702 -0.0151562 -0.0152818 -0.0152528 -0.0150801 -0.0148117 -0.0145049 -0.014182 -0.0138799 -0.0136139 -0.0133983 -0.0132453 
0 -0.00969623 -0.0192864 -0.0286093 -0.0375227 -0.0458975 -0.0536017 -0.0604786 -0.066438 -0.0713877 -0.0752249 -0.0778877 -0.0793807 -0.0797253 -0.0789421 -0.0771301 -0.0743776 -0.070817 -0.066593 -0.0619127 -0.0569443 -0.05182 -0.0466975 -0.0416721 -0.0368855 -0.0324061 -0.0283045 -0.0245985 -0.0213101 -0.0184494 -0.0159643 -0.0138565 -0.0120821 -0.0105855 -0.0093282 -0.00829784 -0.00744419 -0.00673398 -0.0061315 -0.00564397 -0.0052273 -0.00489024 -0.00460712 -0.00433674 -0.00412016 -0.00390502 -0.00371854 -0.00354981 -0.00340947 -0.00326896 -0.00312556 -0.00298684 -0.00285664 -0.00273565 -0.00263912 -0.00253408 -0.00243838 -0.00236942 -0.00229669 -0.00227135 -0.00227277 -0.00231704 -0.00241175 -0.00259493 -0.002859 -0.00325056 -0.003779 -0.00449373 -0.00541834 -0.00656157 -0.00790779 -0.00950548 -0.011313 -0.0132747 -0.0153381 -0.0173935 -0.0193249 -0.020974 -0.0221672 -0.022737 -0.0225087 -0.0213558 -0.0192643 -0.0162179 -0.0123465 -0.00783324 -0.00292342 0.00209665 0.00688728 0.0111788 0.0147038 0.0173107 0.0189033 0.0195289 0.0192896 0.0184119 0.0171473 0.0158005 0.014612 0.0138099 0.0135072 0.013775 0.0145558 0.0157557 0.0171555 0.0185116 0.0195256 0.019946 0.0195324 0.0181711 0.0158031 0.0125084 0.00842025 0.00380742 -0.0010552 -0.00585284 -0.0102889 -0.0140975 -0.017122 -0.0192083 -0.0203471 -0.0205877 -0.0200447 -0.0188658 -0.0172214 -0.0152769 -0.0131876 -0.0110684 -0.00905118 -0.00719728 -0.00551717 -0.00406628 -0.00284437 -0.00184171 -0.00101854 -0.0003637 0.000157413 0.00054942 0.000865343 0.00111004 0.00129807 0.00142851 0.00155956 0.0016569 0.00175863 0.00185138 0.00192064 0.00200462 0.00209616 0.00218934 0.00229817 0.00241024 0.00251843 0.00263423 0.00274502 0.00288065 0.00301236 0.00317583 0.00330918 0.00343893 0.00357821 0.00369848 0.00381144 0.00389871 0.00395147 0.00395718 0.00391571 0.00380629 0.00362676 0.0033582 0.00299085 0.00248267 0.0018655 0.00110162 0.000172441 -0.0008857 -0.00205143 -0.00329563 -0.00463497 -0.00601524 -0.00743172 -0.00883274 -0.0101681 -0.0114041 -0.0125113 -0.0134805 -0.0142849 -0.0149326 -0.0154097 -0.0157451 -0.0159547 -0.0160506 -0.0160425 -0.0159742 -0.015888 -0.0157832 -0.0156899 -0.0156058 -0.0155356 -0.0154774 
0 -0.00901681 -0.0179805 -0.0267575 -0.0352436 -0.0433344 -0.0509359 -0.0579019 -0.0641487 -0.0695726 -0.0740234 -0.0774207 -0.0797253 -0.0809376 -0.0810202 -0.0800307 -0.0780389 -0.0751264 -0.0714362 -0.067131 -0.0623923 -0.0573497 -0.0521828 -0.0470255 -0.0420015 -0.0372148 -0.0327254 -0.0286049 -0.0249009 -0.0216349 -0.0187682 -0.0162906 -0.0141826 -0.0123874 -0.0108749 -0.00963315 -0.00860261 -0.00773086 -0.00699884 -0.00639692 -0.00589837 -0.00548842 -0.00513934 -0.00482572 -0.00456719 -0.00433357 -0.00411389 -0.00391292 -0.00374206 -0.00357534 -0.00341399 -0.00327022 -0.00312898 -0.00300444 -0.00289129 -0.00276734 -0.00266876 -0.0025962 -0.00253306 -0.0024954 -0.00248114 -0.00252142 -0.00262872 -0.00282561 -0.00312248 -0.00355639 -0.00415987 -0.0049312 -0.00590179 -0.0071254 -0.00858885 -0.0103111 -0.0122507 -0.0143524 -0.0165685 -0.0187695 -0.0208207 -0.0225795 -0.0238313 -0.0244085 -0.0241585 -0.0229345 -0.020688 -0.0174446 -0.0133157 -0.00850353 -0.00327853 0.00205536 0.00717125 0.011761 0.015558 0.0183819 0.0201421 0.0208734 0.0206983 0.0198449 0.0185871 0.0172174 0.016012 0.0151948 0.0148954 0.0151839 0.0160107 0.0172486 0.018689 0.0200598 0.0210603 0.021417 0.0208947 0.019363 0.0167785 0.0132154 0.00884132 0.00390865 -0.00128327 -0.00639697 -0.0111187 -0.0151836 -0.0183828 -0.0206 -0.0218306 -0.0221 -0.021525 -0.0202828 -0.0185199 -0.0164359 -0.014207 -0.0119454 -0.00977842 -0.00777653 -0.00598124 -0.00444196 -0.00311339 -0.00199673 -0.00109636 -0.000378322 0.000179736 0.000604386 0.000940969 0.00120225 0.00140962 0.0015688 0.00170812 0.00182188 0.00192663 0.00202942 0.00211585 0.00221494 0.0023258 0.00242283 0.00252694 0.0026418 0.00276173 0.00289456 0.00302884 0.00316733 0.00331819 0.00348785 0.00363272 0.00377003 0.00390929 0.00403298 0.00413819 0.00421894 0.0042581 0.00423997 0.00416452 0.00401951 0.0037991 0.00349634 0.00306101 0.002471 0.00176089 0.000912144 -8.18453e-05 -0.00121175 -0.00243315 -0.00374785 -0.00513752 -0.00655125 -0.00798376 -0.00938295 -0.0107165 -0.0119276 -0.0130075 -0.0139495 -0.014754 -0.0154294 -0.0159467 -0.0163387 -0.0166278 -0.0168471 -0.0170089 -0.017149 -0.0172826 -0.017385 -0.0174809 -0.0175729 -0.0176548 -0.0177107 
0 -0.00826711 -0.0165121 -0.0246398 -0.0325836 -0.0402857 -0.0476726 -0.054612 -0.0610204 -0.0667924 -0.0717681 -0.0758409 -0.0789421 -0.0810202 -0.0819956 -0.0818922 -0.0807609 -0.078648 -0.0756486 -0.0718922 -0.0675407 -0.0627364 -0.0576721 -0.0524971 -0.0473387 -0.0423101 -0.0374993 -0.0330057 -0.0288994 -0.0252137 -0.0219289 -0.0190561 -0.0165908 -0.0144745 -0.0126714 -0.0111686 -0.00991458 -0.00885863 -0.00797935 -0.00725845 -0.00665588 -0.00615044 -0.00571939 -0.00534729 -0.00504989 -0.00478729 -0.00453481 -0.00429948 -0.00409826 -0.00391134 -0.00373723 -0.00358335 -0.00343355 -0.00329534 -0.0031646 -0.00302569 -0.00291424 -0.00283379 -0.00276525 -0.00272245 -0.00270987 -0.00275417 -0.00287209 -0.00308675 -0.00340567 -0.0038666 -0.00450956 -0.00534619 -0.00640378 -0.0077154 -0.00927438 -0.0111089 -0.0131778 -0.0154156 -0.0177661 -0.0201037 -0.0222837 -0.0241409 -0.025454 -0.0260418 -0.025745 -0.02443 -0.022052 -0.0186292 -0.0142732 -0.00919234 -0.00366588 0.00198436 0.00741016 0.0122886 0.0163421 0.0193787 0.0213055 0.0221594 0.0220681 0.0212656 0.020034 0.018672 0.0174641 0.0166439 0.0163513 0.0166588 0.017514 0.0187806 0.0202381 0.0216028 0.0225672 0.0228504 0.022208 0.0205025 0.0176928 0.0138603 0.00919017 0.00395612 -0.00152971 -0.00692655 -0.0119122 -0.0162105 -0.0196045 -0.0219615 -0.0232648 -0.0235534 -0.0229506 -0.0216339 -0.0197697 -0.0175655 -0.0152019 -0.0128032 -0.010501 -0.0083653 -0.00643608 -0.00477171 -0.00334957 -0.00216048 -0.00119268 -0.000414107 0.000191212 0.000650347 0.00101715 0.00130746 0.00153366 0.00170563 0.00185377 0.00197754 0.00209209 0.00220103 0.00229777 0.00241384 0.00254228 0.00265224 0.00276104 0.00288069 0.00301484 0.00316863 0.00332327 0.00347436 0.00363244 0.00380567 0.00395919 0.00411125 0.00426705 0.00439606 0.00448927 0.00454731 0.00456544 0.00453232 0.00443433 0.00424996 0.00397531 0.00360838 0.00309911 0.0024246 0.00162185 0.000684417 -0.000388076 -0.00158099 -0.00286138 -0.00423531 -0.00567589 -0.00711845 -0.00854584 -0.00992397 -0.0112328 -0.0124267 -0.0134895 -0.0144156 -0.0152203 -0.0159185 -0.0164868 -0.0169524 -0.0173434 -0.0176943 -0.018023 -0.0183584 -0.0186926 -0.0189825 -0.0192451 -0.0194938 -0.0197152 -0.0198798 
0 -0.00746714 -0.0149297 -0.0223388 -0.0296644 -0.0369006 -0.0439803 -0.0507863 -0.0572354 -0.0632307 -0.0686286 -0.0732917 -0.0771301 -0.0800307 -0.0818922 -0.0827074 -0.0824966 -0.081278 -0.0790808 -0.0760212 -0.0722205 -0.0678255 -0.0630175 -0.0579448 -0.0527653 -0.0475925 -0.0425586 -0.0377597 -0.0332822 -0.0291804 -0.0254655 -0.022189 -0.0193465 -0.0168827 -0.0147566 -0.0129597 -0.0114527 -0.0101876 -0.00912574 -0.00825365 -0.00751613 -0.00689683 -0.00637363 -0.00592431 -0.00557087 -0.00525643 -0.0049699 -0.00471039 -0.00449006 -0.00428567 -0.00408721 -0.00390189 -0.0037344 -0.00357976 -0.00343896 -0.0032949 -0.00316717 -0.0030778 -0.00299543 -0.00294948 -0.00294708 -0.00300654 -0.00313949 -0.00336812 -0.00369709 -0.00418772 -0.00486771 -0.00576768 -0.0069104 -0.00830831 -0.00997069 -0.0119222 -0.0141159 -0.0164855 -0.0189634 -0.0214253 -0.0237229 -0.0256548 -0.0270173 -0.027618 -0.027286 -0.0258939 -0.0234006 -0.0197963 -0.0152167 -0.00987695 -0.00406933 0.0018729 0.0075787 0.0127308 0.0170309 0.0202841 0.0223874 0.0233834 0.0233966 0.0226709 0.0214843 0.0201516 0.0189539 0.0181426 0.0178637 0.0181927 0.019067 0.0203495 0.0217986 0.0231327 0.0240332 0.0242216 0.0234434 0.0215614 0.0185298 0.0144454 0.00949037 0.00396549 -0.00180816 -0.0074805 -0.012718 -0.0172172 -0.0207814 -0.0232597 -0.0246319 -0.0249518 -0.024341 -0.0229569 -0.0210033 -0.0186835 -0.0161895 -0.0136573 -0.0112148 -0.00894186 -0.00688622 -0.00510042 -0.00358977 -0.00233095 -0.00129559 -0.000466895 0.000189398 0.000693086 0.00109969 0.00142222 0.00166504 0.00184325 0.00200518 0.00214111 0.00227855 0.00239811 0.0024999 0.00262044 0.00275172 0.00287686 0.00300647 0.00314609 0.00330168 0.00347124 0.00363274 0.00379886 0.00396418 0.00414771 0.00430448 0.00445807 0.00461934 0.00474875 0.00483693 0.004877 0.00487511 0.00482809 0.00470982 0.00448383 0.00414751 0.0036919 0.00309862 0.00234005 0.00145616 0.000437074 -0.000724449 -0.00198516 -0.00333022 -0.00474618 -0.00622537 -0.00769545 -0.00912183 -0.0104846 -0.0117623 -0.0129438 -0.0140009 -0.01493 -0.0157431 -0.0164582 -0.0170756 -0.0176214 -0.0181282 -0.0186111 -0.0190853 -0.0195774 -0.0200732 -0.0205254 -0.0209394 -0.0213282 -0.0216699 -0.0219266 
0 -0.0066401 -0.0132999 -0.0199574 -0.0266362 -0.0333389 -0.0400297 -0.0465974 -0.0529711 -0.0590771 -0.0647655 -0.0699139 -0.0743776 -0.0780389 -0.0807609 -0.0824966 -0.0832411 -0.0829422 -0.0816399 -0.0793812 -0.0762878 -0.0724602 -0.0680447 -0.0632238 -0.0581346 -0.0529579 -0.0477966 -0.0427803 -0.0379994 -0.033523 -0.0294186 -0.0257315 -0.0224862 -0.0196352 -0.0171532 -0.0150378 -0.0132538 -0.0117321 -0.0104576 -0.00938599 -0.00850479 -0.00776474 -0.00713413 -0.00660695 -0.00615736 -0.0057847 -0.00544366 -0.00515352 -0.00490618 -0.00467323 -0.00444085 -0.00423125 -0.00403613 -0.00387648 -0.00372136 -0.00356385 -0.00343312 -0.00332298 -0.00324402 -0.00318565 -0.00317852 -0.00324481 -0.00339842 -0.00363308 -0.00399357 -0.00451253 -0.00525727 -0.00621377 -0.00741094 -0.00889537 -0.0106783 -0.012741 -0.0150576 -0.0175545 -0.0201549 -0.0227309 -0.025116 -0.0271352 -0.0285448 -0.0291471 -0.0287914 -0.0273354 -0.0246962 -0.0209327 -0.0161437 -0.0105631 -0.00450298 0.00168782 0.00767086 0.0130752 0.0176244 0.0210938 0.0233915 0.0245335 0.0246777 0.0240426 0.0229331 0.0216415 0.0204815 0.0196855 0.0194312 0.0197707 0.0206644 0.0219374 0.0233656 0.0246381 0.0254595 0.0255208 0.024594 0.0225212 0.0192774 0.0149374 0.00973517 0.003936 -0.00211191 -0.00804197 -0.0135075 -0.0182249 -0.0219242 -0.0245072 -0.0259528 -0.0262988 -0.0256699 -0.0242522 -0.0222125 -0.0197823 -0.0171609 -0.0145003 -0.0119224 -0.00950404 -0.00733304 -0.00545634 -0.00384732 -0.00248994 -0.00138898 -0.000494195 0.000201714 0.000754204 0.00118998 0.00153446 0.00179542 0.0020016 0.00216495 0.0023278 0.00247401 0.00260925 0.00272778 0.00284783 0.00298891 0.00312437 0.00326867 0.0034299 0.00360221 0.00377561 0.00394937 0.004111 0.00430893 0.00450239 0.00467856 0.00483315 0.00497635 0.00510472 0.00518268 0.00521829 0.00519974 0.0051237 0.00496493 0.00469152 0.00428679 0.00376125 0.00307218 0.00223987 0.00127518 0.000174818 -0.00106242 -0.0024208 -0.00382793 -0.00530459 -0.00680697 -0.00830351 -0.00974778 -0.0111012 -0.0123691 -0.0135222 -0.0145771 -0.0155096 -0.0163377 -0.0170747 -0.0177312 -0.0183596 -0.0189772 -0.0195899 -0.0201886 -0.020799 -0.0214156 -0.0219991 -0.0225466 -0.023052 -0.0234831 -0.0238013 
0 -0.00581966 -0.0116781 -0.0176085 -0.0236194 -0.029759 -0.0359785 -0.0422231 -0.0484293 -0.0545182 -0.0603779 -0.065845 -0.070817 -0.0751264 -0.078648 -0.081278 -0.0829422 -0.0836026 -0.0832247 -0.0818822 -0.079606 -0.076484 -0.0726283 -0.0681966 -0.0633772 -0.0583015 -0.0531312 -0.0479805 -0.0429779 -0.0382122 -0.0337533 -0.0296734 -0.0260052 -0.0227443 -0.0198896 -0.0174314 -0.015326 -0.0135257 -0.0119834 -0.0107062 -0.00964185 -0.0087556 -0.00800576 -0.00736491 -0.00683735 -0.00638069 -0.00598241 -0.00563966 -0.00534246 -0.00507412 -0.00482333 -0.00458483 -0.00438663 -0.0041972 -0.00402043 -0.00385575 -0.00370838 -0.00360366 -0.00351183 -0.00344702 -0.00343487 -0.00348902 -0.00364063 -0.003911 -0.00430352 -0.00487477 -0.00564242 -0.00666175 -0.00795069 -0.00950529 -0.0113666 -0.0135506 -0.0159917 -0.0186122 -0.0213161 -0.0239948 -0.0264883 -0.0285665 -0.0300243 -0.0306446 -0.0302327 -0.028681 -0.0259465 -0.0220165 -0.0170432 -0.0112639 -0.00497197 0.00147543 0.00769038 0.0133506 0.0181358 0.0218252 0.0243157 0.0256349 0.025915 0.0254047 0.0243836 0.0231715 0.0220571 0.0213 0.0210642 0.0214204 0.0223072 0.0235668 0.024941 0.026142 0.0268438 0.0267693 0.025674 0.0234063 0.0199374 0.0153742 0.00990641 0.00386153 -0.00241838 -0.00858428 -0.0142725 -0.0191542 -0.023026 -0.025724 -0.0272137 -0.0275827 -0.0269543 -0.0254754 -0.0233718 -0.0208484 -0.0181045 -0.0153132 -0.0126042 -0.0100844 -0.00780163 -0.0057917 -0.0040941 -0.00267146 -0.0014758 -0.000515918 0.000240816 0.000811984 0.00126509 0.00163799 0.0019255 0.00214871 0.00234261 0.00250904 0.00267336 0.00281202 0.00294136 0.00308971 0.00323992 0.00339694 0.00354896 0.003714 0.00390019 0.00409077 0.00427203 0.00446285 0.0046634 0.00488077 0.005069 0.00522752 0.00537119 0.00548072 0.00556024 0.00558471 0.00555325 0.00544286 0.00522534 0.00488195 0.00441571 0.00380709 0.00304228 0.00211138 0.00104884 -0.000137198 -0.00146936 -0.00289715 -0.004402 -0.00592703 -0.00746619 -0.00898045 -0.0104275 -0.0117973 -0.0130456 -0.0141939 -0.0152254 -0.0161634 -0.0170131 -0.0177764 -0.0184886 -0.0191795 -0.0198964 -0.0206095 -0.0213118 -0.022012 -0.0227102 -0.0233943 -0.0240389 -0.0246321 -0.0251175 -0.0254713 
