0 0 0 0 0 0 0 0 0 0 0 0 0 0 0 0 0 0 0 0 0 0 0 0 0 0 0 0 0 0 0 0 0 0 0 0 0 0 0 0 0 0 0 0 0 0 0 0 0 0 0 0 0 0 0 0 0 0 0 0 0 0 0 0 0 0 0 0 0 0 0 0 0 0 0 0 0 0 0 0 0 0 0 0 0 0 0 0 0 0 0 0 0 0 0 0 0 0 0 0 0 0 0 0 0 0 0 0 0 0 0 0 0 0 0 0 0 0 0 0 0 0 0 0 0 0 0 0 0 0 0 0 0 0 0 0 0 0 0 0 0 0 0 0 0 0 0 0 0 0 0 0 0 0 0 0 0 0 0 0 0 0 0 0 0 0 0 0 0 0 0 0 0 0 0 0 0 0 0 0 0 0 0 0 0 0 0 0 0 0 0 0 0 0 0 0 0 0 0 0 
0 0.000883314 0.00172514 0.00248748 0.00313909 0.00361741 0.00389755 0.00396279 0.00381117 0.00345351 0.00291877 0.00225387 0.00147989 0.000636451 -0.000242915 -0.00111896 -0.00195766 -0.00271574 -0.00335869 -0.00387223 -0.00425147 -0.00451146 -0.00465133 -0.0046806 -0.00459094 -0.00441544 -0.0041697 -0.00387581 -0.00357005 -0.00325626 -0.00294828 -0.00262697 -0.00232933 -0.00205786 -0.00181651 -0.00161422 -0.00143713 -0.00128393 -0.00114548 -0.00102356 -0.000920679 -0.000844436 -0.000785938 -0.00073479 -0.000667956 -0.000616177 -0.000564211 -0.00052474 -0.000500484 -0.000472844 -0.00045137 -0.000422462 -0.000393809 -0.000366254 -0.000353138 -0.000345153 -0.000335162 -0.000309273 -0.000286213 -0.0002569 -0.000244202 -0.00023587 -0.000225092 -0.000217831 -0.000209513 -0.000194237 -0.000179216 -0.000169465 -0.000157937 -0.000155926 -0.000149438 -0.000146578 -0.000148532 -0.000153315 -0.000158587 -0.000200461 -0.000249963 -0.000309042 -0.000378317 -0.000465749 -0.000578115 -0.00072574 -0.000889831 -0.00108842 -0.00128981 -0.00148546 -0.00167165 -0.00181128 -0.00187106 -0.00185361 -0.00171904 -0.00146209 -0.00109121 -0.000603165 -1.46885e-05 0.000624255 0.00127272 0.0018695 0.00235132 0.00266975 0.00280099 0.00272904 0.00246685 0.00205305 0.00153084 0.000943552 0.000358664 -0.000189054 -0.000671166 -0.00104741 -0.00130945 -0.00146944 -0.00150897 -0.00146365 -0.00136316 -0.0012181 -0.00105534 -0.000901275 -0.000742722 -0.00059932 -0.000460333 -0.000335866 -0.000224564 -0.000127747 -4.87795e-05 -1.06911e-06 4.93448e-05 8.42993e-05 0.000107603 0.000124171 0.00014557 0.000158585 0.000169942 0.000168774 0.00017263 0.000189151 0.000208263 0.000218908 0.000226244 0.000222633 0.000218799 0.000231227 0.000239343 0.000259114 0.000275415 0.000288492 0.000296708 0.000307006 0.000317916 0.000344142 0.000368421 0.000393866 0.000400208 0.000411765 0.000436849 0.000466332 0.000514684 0.00055456 0.000597013 0.000645357 0.00070256 0.000770985 0.000864611 0.000973045 0.00109527 0.00122166 0.00137886 0.00157036 0.00179911 0.00206968 0.00235067 0.00265579 0.00296733 0.00329011 0.00361026 0.00391982 0.00418797 0.00436967 0.00445788 0.00444111 0.00430801 0.00403525 0.00362056 0.00304472 0.00230882 0.00142642 0.000430905 -0.000646205 -0.00178155 -0.00293653 -0.00409788 -0.00522883 -0.00631136 -0.00731416 -0.00821147 -0.00899137 -0.00963816 -0.0101668 -0.0105629 -0.0108325 
0 0.00172514 0.00335783 0.00484335 0.00609242 0.0070214 0.0075597 0.00769262 0.00741338 0.00672892 0.00570928 0.00441794 0.00291448 0.00126525 -0.000453788 -0.00216153 -0.0037977 -0.00528327 -0.00655594 -0.00759233 -0.0083663 -0.00889892 -0.00918997 -0.00924577 -0.00909032 -0.00875476 -0.00829901 -0.0077347 -0.00712762 -0.00651279 -0.00588495 -0.0052696 -0.00468506 -0.00416281 -0.00368756 -0.00326682 -0.00290621 -0.00258625 -0.00231299 -0.00207441 -0.00186449 -0.00169599 -0.00156571 -0.00144267 -0.00132869 -0.0012321 -0.00114935 -0.00107683 -0.00101062 -0.000955311 -0.000899984 -0.000853172 -0.000805557 -0.000751158 -0.000713623 -0.000689161 -0.00064847 -0.000616455 -0.000577292 -0.000538888 -0.000524116 -0.000496268 -0.000467815 -0.000438376 -0.000408758 -0.000389756 -0.00037096 -0.000339615 -0.000317202 -0.00030105 -0.000309435 -0.000303209 -0.000294027 -0.000309822 -0.000345989 -0.000399113 -0.000476314 -0.000581679 -0.000739247 -0.000932544 -0.00116983 -0.00147047 -0.00180239 -0.00216575 -0.00256175 -0.00295774 -0.00330997 -0.00358975 -0.00373968 -0.0037034 -0.00343683 -0.00293678 -0.00217064 -0.00117245 -3.82257e-06 0.00127298 0.00256323 0.00372231 0.00467694 0.00531945 0.00557854 0.00544937 0.00495395 0.00412111 0.00307343 0.00190011 0.000705672 -0.00040083 -0.00133937 -0.0020869 -0.00260387 -0.00289645 -0.00298746 -0.00291885 -0.00271181 -0.00243414 -0.00213315 -0.00180968 -0.00148277 -0.00118374 -0.000891863 -0.000637177 -0.000437183 -0.000266221 -0.000124039 4.89834e-06 0.000104582 0.000160266 0.000211291 0.000262459 0.000290113 0.000320485 0.000335029 0.000347944 0.000356319 0.000368464 0.000389929 0.000410182 0.000421429 0.000437049 0.000445603 0.000472608 0.000495122 0.000508458 0.000537428 0.000561243 0.000585945 0.000615957 0.000640781 0.000673812 0.00072474 0.000764238 0.000800219 0.000843381 0.000899286 0.000965892 0.00104066 0.00111722 0.00120204 0.00130754 0.00143074 0.00156919 0.00174086 0.00196216 0.00220337 0.00248423 0.00281696 0.0032026 0.00366139 0.00416896 0.00472776 0.00531997 0.00594225 0.00657558 0.00718419 0.00777211 0.0082688 0.0086156 0.00878422 0.00874748 0.00847436 0.00791908 0.00707761 0.00593386 0.00447503 0.00274407 0.000784592 -0.00134309 -0.0035823 -0.0058807 -0.00817069 -0.0104162 -0.0125492 -0.0145305 -0.0163147 -0.0178578 -0.0191631 -0.0202072 -0.0210024 -0.0215281 
0 0.00248748 0.00484335 0.00695603 0.00873924 0.0100445 0.0108129 0.011009 0.0106233 0.00967249 0.0082218 0.00638157 0.00421352 0.00183384 -0.000644264 -0.00310236 -0.00545276 -0.0075985 -0.00946331 -0.0110023 -0.0121759 -0.0129911 -0.0134385 -0.0135582 -0.0133605 -0.0129384 -0.0123217 -0.0115418 -0.0106802 -0.00976645 -0.0088621 -0.00794815 -0.0071121 -0.00634331 -0.00562978 -0.00499367 -0.00442552 -0.00394409 -0.00353401 -0.00318025 -0.00286405 -0.00259481 -0.00236647 -0.00217814 -0.00199216 -0.00187095 -0.00175201 -0.0016403 -0.00154177 -0.00143419 -0.00135904 -0.00128911 -0.00122418 -0.00114604 -0.00108222 -0.00102396 -0.000973657 -0.000913563 -0.000879788 -0.000832261 -0.000804574 -0.000760299 -0.000696204 -0.000645841 -0.000612521 -0.000580521 -0.000552518 -0.000526821 -0.000485023 -0.000461748 -0.000438342 -0.000436099 -0.000454879 -0.000481456 -0.00050194 -0.000600235 -0.000719071 -0.000877919 -0.00109307 -0.00138349 -0.00175503 -0.0022169 -0.00271012 -0.00327272 -0.00383925 -0.00439801 -0.00494034 -0.00536855 -0.00557904 -0.00554607 -0.00515184 -0.00437328 -0.00323339 -0.00174561 2.16762e-05 0.00192082 0.00382653 0.00556879 0.00697952 0.00792491 0.00833103 0.00814645 0.0073954 0.00617345 0.00460649 0.00283356 0.00105838 -0.000593009 -0.00202137 -0.00312075 -0.00387426 -0.00432499 -0.00444834 -0.00433966 -0.00407078 -0.00366746 -0.00319204 -0.00270984 -0.00220602 -0.00174677 -0.00132156 -0.000961678 -0.000657787 -0.000395456 -0.000170559 -1.08417e-05 0.000153479 0.000267272 0.000336021 0.000377175 0.000428011 0.000470384 0.000517051 0.000531771 0.000543262 0.000565843 0.000585738 0.000595503 0.00062053 0.000644252 0.000674438 0.000727983 0.000745072 0.00077124 0.000795741 0.000834248 0.000880218 0.000930818 0.000964298 0.00101634 0.00106766 0.00114347 0.0012028 0.00128578 0.0013859 0.00146918 0.00157961 0.00168006 0.00181641 0.0019936 0.00219526 0.00240883 0.00267258 0.00298795 0.00337177 0.0038045 0.00432644 0.00491844 0.00557919 0.00633234 0.00713139 0.00801835 0.00893534 0.0098575 0.0107273 0.0115295 0.012208 0.0126676 0.0128816 0.0127937 0.012347 0.0114785 0.0101979 0.00848246 0.00634313 0.0038103 0.000953581 -0.00215497 -0.00544869 -0.00881673 -0.0121989 -0.0154885 -0.0186287 -0.0215448 -0.0241757 -0.0264844 -0.0284207 -0.029999 -0.0311744 -0.0319591 
0 0.00313909 0.00609242 0.00873924 0.0109371 0.0125549 0.0134985 0.0137493 0.0132905 0.0121213 0.0103332 0.00802789 0.00530955 0.00231333 -0.000805471 -0.00389716 -0.00686069 -0.0095852 -0.0119776 -0.013986 -0.0155406 -0.0166406 -0.0172806 -0.0174907 -0.0173316 -0.0168644 -0.0161615 -0.0152268 -0.0141572 -0.0130261 -0.0118613 -0.010715 -0.00962541 -0.00862464 -0.00768343 -0.00682093 -0.00606149 -0.00539885 -0.00483969 -0.00435682 -0.00392497 -0.00355578 -0.00324986 -0.00297358 -0.00273293 -0.00254013 -0.00237214 -0.00221233 -0.00205795 -0.00192323 -0.00180802 -0.00171871 -0.00163387 -0.00153357 -0.00145078 -0.00138425 -0.00129951 -0.00123111 -0.00116046 -0.00109126 -0.00105247 -0.000992558 -0.000928294 -0.000869328 -0.000817898 -0.000784172 -0.000748605 -0.000692748 -0.00064446 -0.00060958 -0.000610703 -0.000599414 -0.000592418 -0.00062735 -0.000698716 -0.000810717 -0.000969052 -0.00118371 -0.00149151 -0.00187704 -0.00235586 -0.00295195 -0.00361547 -0.00434376 -0.00512468 -0.00590075 -0.00659678 -0.00714126 -0.00742391 -0.00734147 -0.00680707 -0.00580093 -0.00428233 -0.00230784 8.48999e-06 0.00253264 0.00507433 0.0073707 0.00925089 0.0105147 0.0110288 0.0107729 0.00978788 0.00815188 0.00608131 0.0037623 0.00140442 -0.000785869 -0.00265567 -0.00413794 -0.00516773 -0.00575469 -0.00593841 -0.00579963 -0.00539795 -0.00484833 -0.00424098 -0.00359713 -0.00294989 -0.00235108 -0.00177953 -0.00128003 -0.000877086 -0.000534021 -0.000246481 5.69976e-06 0.000205988 0.000328603 0.000427715 0.000516799 0.00057317 0.00063148 0.000670384 0.000703056 0.000728141 0.000756022 0.000793112 0.000825481 0.000849896 0.000883147 0.000911967 0.000965149 0.00100321 0.00102619 0.00107525 0.00112924 0.00119406 0.00126513 0.00131808 0.00137646 0.00145867 0.0015373 0.00162145 0.00172544 0.00184699 0.00197637 0.00211802 0.0022739 0.00246622 0.00271286 0.00299449 0.00329664 0.00365169 0.00409447 0.00460344 0.00520605 0.0059133 0.0067071 0.00760297 0.00857513 0.00963616 0.0107723 0.0119563 0.0131233 0.0141924 0.015162 0.0159425 0.0164544 0.0166448 0.0164448 0.0157766 0.0145672 0.01283 0.0105659 0.007774 0.00451093 0.000835003 -0.00316917 -0.00740638 -0.0117695 -0.0161302 -0.0203989 -0.0244623 -0.0282529 -0.0316989 -0.034724 -0.0373034 -0.0393838 -0.0409583 -0.0419965 
0 0.00361741 0.0070214 0.0100445 0.0125549 0.0143857 0.0154657 0.0157641 0.0152598 0.013955 0.0119224 0.00929119 0.00616627 0.00271342 -0.000892605 -0.00448706 -0.00795139 -0.0111616 -0.0140136 -0.0164316 -0.0183463 -0.0197439 -0.0206126 -0.0209982 -0.0209307 -0.0205076 -0.0197683 -0.0187503 -0.0175596 -0.0162586 -0.0149193 -0.0135457 -0.0122343 -0.0109982 -0.00983468 -0.00877594 -0.00782207 -0.00698565 -0.00625401 -0.00561353 -0.00505104 -0.00457719 -0.00417716 -0.00382902 -0.00349568 -0.00323763 -0.00300484 -0.00279865 -0.00262108 -0.00244895 -0.00231012 -0.00218022 -0.00205644 -0.00192768 -0.00182836 -0.00174496 -0.00166125 -0.00155945 -0.00147117 -0.00137525 -0.00131296 -0.00124653 -0.00116821 -0.00110087 -0.00104374 -0.000983185 -0.000924031 -0.000870169 -0.000812197 -0.00077976 -0.000754681 -0.000742993 -0.000751541 -0.000785055 -0.000844596 -0.00101029 -0.00122835 -0.00150924 -0.00187439 -0.00234589 -0.00294249 -0.00368363 -0.00451025 -0.00544269 -0.00640412 -0.00734833 -0.00822218 -0.0088911 -0.00920984 -0.0091056 -0.00843676 -0.0071614 -0.00528966 -0.00285436 3.2199e-05 0.00315715 0.00629554 0.00916194 0.0114841 0.0130358 0.0136827 0.013361 0.0121203 0.0101104 0.00754722 0.0046673 0.00176505 -0.000944226 -0.00329081 -0.00512874 -0.00640895 -0.00716178 -0.00738381 -0.00719889 -0.00672153 -0.0060382 -0.00525651 -0.0044621 -0.00366008 -0.00291688 -0.00222131 -0.00161171 -0.00109071 -0.000645329 -0.000275858 -6.65557e-07 0.000246624 0.000422467 0.000545194 0.000636361 0.000723191 0.000793069 0.000852284 0.000876133 0.000902278 0.000950556 0.00100338 0.00104132 0.00107709 0.00110244 0.00113464 0.00120032 0.00124423 0.00130043 0.00136007 0.00142827 0.00149947 0.00157507 0.00164023 0.00173379 0.00183878 0.00195982 0.00205945 0.0021829 0.00233705 0.00249984 0.00270641 0.00291754 0.00317336 0.00348628 0.00384605 0.00424871 0.00473692 0.00531454 0.00598595 0.00674152 0.00762579 0.00862327 0.00972843 0.0109427 0.0122162 0.0135749 0.0149522 0.0162913 0.0175073 0.018567 0.0193923 0.0198712 0.0199578 0.0195737 0.0186349 0.0170684 0.0148911 0.0121003 0.00871623 0.00478329 0.000378769 -0.00441072 -0.00948918 -0.0147125 -0.0199657 -0.0251021 -0.0300206 -0.0346204 -0.0388141 -0.0425298 -0.0456923 -0.048276 -0.0502192 -0.0515133 
0 0.00389755 0.0075597 0.0108129 0.0134985 0.0154657 0.0166286 0.0169624 0.0164422 0.0150639 0.0129067 0.0100903 0.00673668 0.00300772 -0.000915282 -0.00486295 -0.00870212 -0.0122941 -0.0155143 -0.0182823 -0.0205255 -0.0222276 -0.0233752 -0.0239834 -0.0240907 -0.0237615 -0.0230645 -0.0220421 -0.020805 -0.0194321 -0.0179623 -0.0164367 -0.0149285 -0.0134916 -0.0121335 -0.0108817 -0.00974593 -0.00872035 -0.00780414 -0.00699246 -0.00628162 -0.00568351 -0.00518206 -0.00473186 -0.00432211 -0.00397965 -0.00368793 -0.00343351 -0.00320835 -0.00300477 -0.00282372 -0.00265935 -0.00250154 -0.00234314 -0.00221628 -0.00211409 -0.00200314 -0.00189235 -0.00178148 -0.00167545 -0.00160034 -0.00151819 -0.0014278 -0.00134174 -0.00126149 -0.00119031 -0.00111863 -0.00104153 -0.000975594 -0.000935801 -0.00092317 -0.000908925 -0.0009069 -0.000948509 -0.00104262 -0.00121601 -0.001464 -0.00179976 -0.0022557 -0.00283684 -0.00356237 -0.00444459 -0.00543564 -0.00652324 -0.00766582 -0.00879191 -0.00980864 -0.0105888 -0.0109764 -0.0108326 -0.0100288 -0.00851161 -0.00626137 -0.00334597 7.87832e-05 0.00379268 0.00751146 0.0108907 0.0136377 0.015482 0.016244 0.0158713 0.0144175 0.0120316 0.00898579 0.00557097 0.00210393 -0.0011272 -0.00390474 -0.00609467 -0.00762493 -0.0085067 -0.00878928 -0.00858617 -0.00801277 -0.00720618 -0.00629066 -0.00533181 -0.00437355 -0.00347348 -0.00263476 -0.00189966 -0.00128877 -0.000775912 -0.00034998 3.08974e-06 0.000291057 0.000493446 0.000649241 0.000778735 0.000878485 0.000961653 0.0010198 0.00105649 0.00108964 0.00113551 0.00119323 0.00124424 0.00128716 0.00132868 0.00137503 0.00144786 0.00151188 0.0015713 0.00164669 0.0017255 0.00180972 0.00189883 0.00198373 0.00209479 0.00223533 0.00237952 0.00251575 0.00267018 0.00285679 0.00307622 0.00333515 0.00361853 0.00394227 0.00432785 0.00477437 0.00529004 0.00591352 0.00665555 0.00749091 0.00842653 0.00949088 0.0106829 0.0120052 0.013421 0.014896 0.0164074 0.017911 0.0193395 0.0206117 0.0216899 0.0224662 0.0228327 0.0227266 0.022084 0.0208287 0.0188955 0.0162911 0.0130164 0.00908642 0.00456127 -0.00047965 -0.00594193 -0.0117183 -0.0176778 -0.0236772 -0.0295791 -0.0352484 -0.0405756 -0.0454544 -0.0497849 -0.0535009 -0.056538 -0.0588468 -0.060385 
0 0.00396279 0.00769262 0.011009 0.0137493 0.0157641 0.0169624 0.0173122 0.0167903 0.0154015 0.0132224 0.0103665 0.00695201 0.00312634 -0.00093832 -0.00507589 -0.00913905 -0.0129773 -0.0164582 -0.0194949 -0.0220252 -0.0240226 -0.0254646 -0.0263444 -0.0266853 -0.0265427 -0.0259822 -0.0250596 -0.0238726 -0.0224967 -0.0209722 -0.0193498 -0.0177087 -0.0161114 -0.014579 -0.0131404 -0.0118135 -0.0106023 -0.00951008 -0.00853329 -0.00766992 -0.00692636 -0.00628895 -0.00572283 -0.00522117 -0.00479959 -0.00443984 -0.00411957 -0.00383029 -0.0035717 -0.00334848 -0.00315398 -0.0029693 -0.00278533 -0.0026238 -0.00248486 -0.002349 -0.00222137 -0.00210115 -0.00198871 -0.00189183 -0.00178492 -0.00166925 -0.00156382 -0.00147484 -0.00139769 -0.00131962 -0.00123443 -0.00115438 -0.00109698 -0.00106909 -0.00105696 -0.00106899 -0.00112312 -0.00123553 -0.00143472 -0.00172361 -0.00211535 -0.00264434 -0.00332867 -0.00418551 -0.00521324 -0.00636839 -0.00762291 -0.00892946 -0.0102149 -0.0113769 -0.012265 -0.0127009 -0.0125196 -0.0115778 -0.00980472 -0.00719208 -0.00381958 0.000135593 0.00441269 0.00868193 0.0125649 0.0157146 0.0178305 0.0187118 0.018289 0.0166201 0.0138838 0.010376 0.00643927 0.00243925 -0.00129482 -0.00450911 -0.00703947 -0.00880955 -0.00982991 -0.0101646 -0.00993941 -0.00929313 -0.00837147 -0.00730673 -0.00618501 -0.00506761 -0.0040136 -0.00304708 -0.00220446 -0.00149841 -0.000905362 -0.000411523 -5.69352e-07 0.000336878 0.000586198 0.000767717 0.000906615 0.00101693 0.00111432 0.00119202 0.00124771 0.0012952 0.00134797 0.00140374 0.0014537 0.0015026 0.00155933 0.00162984 0.00171687 0.00179083 0.00185537 0.00193423 0.0020284 0.0021373 0.00225099 0.00236 0.00248684 0.00264238 0.00281146 0.00298773 0.00318912 0.0034244 0.00369476 0.00400608 0.00435691 0.00476643 0.00525406 0.00581719 0.00646453 0.00723024 0.00812751 0.00913685 0.0102591 0.0115111 0.012892 0.0143952 0.0159807 0.0176047 0.0192284 0.0207989 0.0222441 0.0234906 0.0244843 0.0251164 0.0252747 0.0248927 0.0239198 0.0222965 0.0199751 0.0169525 0.0132283 0.00881902 0.00378642 -0.00178196 -0.00778785 -0.0141233 -0.0206644 -0.0272716 -0.0338017 -0.0401095 -0.0460657 -0.0515431 -0.0564259 -0.0606324 -0.064088 -0.0667278 -0.0684946 
0 0.00381117 0.00741338 0.0106233 0.0132905 0.0152598 0.0164422 0.0167903 0.0162875 0.0149551 0.0128578 0.0101008 0.00678314 0.00303217 -0.000998266 -0.00515183 -0.00927477 -0.013218 -0.0168547 -0.0200879 -0.0228623 -0.0251317 -0.0268613 -0.0280369 -0.0286616 -0.0287917 -0.0284625 -0.0277363 -0.0266856 -0.0253769 -0.023878 -0.0222352 -0.0205403 -0.0188379 -0.0171624 -0.015551 -0.0140345 -0.0126444 -0.0113825 -0.0102421 -0.00921971 -0.00831686 -0.00752449 -0.00683327 -0.00622428 -0.00571176 -0.00526372 -0.0048586 -0.00449455 -0.00416904 -0.00390059 -0.00366983 -0.00345479 -0.00324724 -0.00305576 -0.00288075 -0.00272419 -0.00256735 -0.00242782 -0.00229695 -0.00217232 -0.00204825 -0.0019165 -0.00179926 -0.00170444 -0.00161448 -0.00152274 -0.00143071 -0.00133773 -0.00127269 -0.00122618 -0.00121036 -0.00122951 -0.00129161 -0.00142161 -0.00166269 -0.00200373 -0.00246229 -0.00306324 -0.00384142 -0.00481294 -0.00597079 -0.00728183 -0.00871472 -0.0101954 -0.0116427 -0.0129449 -0.0139192 -0.0143709 -0.0141341 -0.0130482 -0.0110231 -0.00807287 -0.00427306 0.000189385 0.0050058 0.00980585 0.0141849 0.0177237 0.0200946 0.0210843 0.0206013 0.0187126 0.0156439 0.0117019 0.00727572 0.00278163 -0.00142679 -0.0050712 -0.00794241 -0.00996283 -0.0111395 -0.0115287 -0.0112711 -0.0105425 -0.00949519 -0.00827806 -0.00701095 -0.00575377 -0.00456142 -0.00347349 -0.00251954 -0.00170614 -0.00102415 -0.000454461 3.56262e-06 0.000380778 0.000670814 0.000876959 0.00102855 0.00116048 0.00126834 0.00136378 0.00143167 0.00149387 0.0015628 0.00162746 0.00168393 0.00174265 0.0018041 0.00188761 0.00198184 0.00206325 0.00214555 0.00223319 0.00234892 0.00248433 0.00262399 0.00276126 0.00291102 0.00307835 0.00327484 0.00348823 0.00374035 0.00403421 0.00436221 0.00473875 0.00516611 0.00567885 0.00629051 0.00699419 0.00779085 0.00870605 0.00975136 0.0109358 0.0122458 0.0136882 0.0152481 0.0168939 0.0186011 0.0203092 0.0219871 0.0235576 0.0249414 0.0260689 0.0268664 0.0272499 0.0271109 0.0263884 0.0250373 0.0230117 0.0202847 0.0168512 0.0127142 0.00789801 0.00245299 -0.00352951 -0.0099535 -0.0167158 -0.0236926 -0.030765 -0.0377783 -0.0445942 -0.0510607 -0.0570339 -0.0623909 -0.067018 -0.0708423 -0.0737671 -0.0757343 
0 0.00345351 0.00672892 0.00967249 0.0121213 0.013955 0.0150639 0.0154015 0.0149551 0.0137469 0.0118393 0.00930047 0.0062232 0.0027052 -0.00112089 -0.00511637 -0.00913604 -0.0130536 -0.0167429 -0.0201101 -0.0230781 -0.0255837 -0.0275927 -0.0290627 -0.030026 -0.0304766 -0.0304588 -0.0300026 -0.0291561 -0.0280095 -0.0266007 -0.025036 -0.0233466 -0.0216019 -0.0198379 -0.0180902 -0.0164245 -0.0148657 -0.0134314 -0.0121163 -0.0109202 -0.00984845 -0.00890573 -0.0080641 -0.00734584 -0.0067054 -0.00615911 -0.00567238 -0.00523163 -0.00485614 -0.00452315 -0.00423725 -0.00397185 -0.00372914 -0.00350738 -0.00331427 -0.00312259 -0.00294954 -0.00276908 -0.00261611 -0.00247192 -0.00233451 -0.0022007 -0.00207038 -0.00194521 -0.00183602 -0.00172631 -0.00160862 -0.00151795 -0.00144666 -0.00141007 -0.00138388 -0.0013835 -0.00144985 -0.00162672 -0.00188204 -0.00227288 -0.00280058 -0.00349162 -0.00436477 -0.00544851 -0.00672916 -0.00820192 -0.00978487 -0.0114429 -0.0130571 -0.0144663 -0.0155061 -0.0159864 -0.0156708 -0.0144361 -0.0121852 -0.00889095 -0.00466546 0.000262399 0.00559784 0.0109099 0.0157334 0.0196422 0.0222657 0.0233402 0.0228023 0.0207267 0.0173289 0.012976 0.00810298 0.00312043 -0.0015489 -0.00558217 -0.00879317 -0.0110688 -0.0123787 -0.0128411 -0.0125728 -0.011747 -0.010577 -0.00923239 -0.00781005 -0.00642096 -0.00509333 -0.00388175 -0.00280443 -0.0018894 -0.001129 -0.000506182 2.77323e-05 0.000428889 0.000736759 0.000976053 0.00117318 0.00132356 0.00145045 0.0015376 0.00161774 0.00168662 0.00175673 0.0018378 0.00191827 0.00198543 0.00205852 0.00214386 0.00223333 0.00234189 0.0024372 0.00255554 0.00268616 0.00283436 0.00298769 0.00315454 0.00333175 0.00354771 0.00377472 0.00404276 0.00434501 0.00469352 0.00510798 0.0055597 0.00609606 0.00672013 0.00745818 0.00830811 0.00926927 0.0103468 0.0115674 0.0129186 0.014417 0.0160273 0.0177303 0.0194902 0.0212414 0.0229772 0.0246104 0.0260965 0.0273283 0.0282335 0.0287449 0.0287768 0.0282739 0.0271608 0.0254062 0.0229687 0.0198362 0.0160073 0.0115037 0.00634772 0.000590984 -0.00569688 -0.0124253 -0.0194866 -0.0267811 -0.0341694 -0.0415336 -0.0487125 -0.05556 -0.0619217 -0.067646 -0.0726268 -0.0767344 -0.0798932 -0.0820104 
0 0.00291877 0.00570928 0.0082218 0.0103332 0.0119224 0.0129067 0.0132224 0.0128578 0.0118393 0.0101931 0.00797156 0.00524491 0.00209505 -0.00137453 -0.00505433 -0.00882478 -0.0125781 -0.0162169 -0.0196178 -0.0227085 -0.0254017 -0.0276521 -0.0294372 -0.0307357 -0.0315619 -0.0318901 -0.0317704 -0.0312266 -0.0303143 -0.0291146 -0.0276764 -0.0260708 -0.0243371 -0.0225447 -0.0207374 -0.0189627 -0.0172659 -0.0156641 -0.0141656 -0.0127966 -0.0115613 -0.0104479 -0.00946503 -0.00858675 -0.00781723 -0.00714909 -0.00657038 -0.00606714 -0.00561711 -0.00521989 -0.00485999 -0.00452684 -0.00424111 -0.00398568 -0.00375057 -0.00354744 -0.00333176 -0.00313543 -0.00296284 -0.00279309 -0.002643 -0.00249001 -0.00233758 -0.00219859 -0.00205517 -0.0019216 -0.00180862 -0.00170683 -0.00163162 -0.00156705 -0.00154831 -0.00157458 -0.00164576 -0.00181207 -0.00211616 -0.00255615 -0.00314709 -0.00390629 -0.00488704 -0.00609927 -0.00752223 -0.00913857 -0.010888 -0.0126751 -0.0144043 -0.0159349 -0.0170493 -0.0175242 -0.0171632 -0.0157839 -0.0132691 -0.00965139 -0.00502633 0.000383405 0.0061926 0.0119554 0.017209 0.0214415 0.0242742 0.0254638 0.0248875 0.0226226 0.0189479 0.0142085 0.0088751 0.00344803 -0.00165564 -0.00609642 -0.00960871 -0.0120992 -0.0135669 -0.0140809 -0.0137989 -0.0129375 -0.0116735 -0.0101755 -0.00860792 -0.00706043 -0.00558649 -0.00425557 -0.00308657 -0.0020766 -0.00123303 -0.000534684 1.62365e-05 0.00046234 0.000831395 0.00110259 0.00130422 0.0014841 0.00162256 0.0017365 0.00181436 0.00188379 0.00196837 0.00205398 0.00214238 0.00222978 0.00231091 0.00241252 0.00251514 0.00262939 0.00276419 0.00289225 0.00304393 0.0032019 0.00336378 0.00355829 0.00378387 0.00404025 0.004336 0.00465535 0.00501516 0.00543593 0.00592569 0.0064957 0.00714808 0.00790751 0.00877668 0.00977084 0.0109018 0.0121669 0.0135634 0.015099 0.0167458 0.0184825 0.0202858 0.0220871 0.0238562 0.0255235 0.0270467 0.0283411 0.0293244 0.0299335 0.0300663 0.029692 0.0287523 0.0272088 0.0250246 0.0221695 0.0186457 0.0144511 0.00962209 0.00419824 -0.00178872 -0.00827674 -0.0151931 -0.022447 -0.0299227 -0.0375123 -0.045072 -0.0524772 -0.0595652 -0.0661781 -0.0721753 -0.0773926 -0.0817208 -0.0850304 -0.0872562 
0 0.00225387 0.00441794 0.00638157 0.00802789 0.00929119 0.0100903 0.0103665 0.0101008 0.00930047 0.00797156 0.00613084 0.00384386 0.00117141 -0.00182142 -0.00506127 -0.00845224 -0.0119246 -0.0153778 -0.0187084 -0.0218227 -0.0246352 -0.0271041 -0.0291624 -0.0308128 -0.0319919 -0.0327059 -0.0329748 -0.0328003 -0.0322401 -0.0313075 -0.0301031 -0.0286374 -0.0269955 -0.0252524 -0.0234378 -0.0216112 -0.0198035 -0.0180562 -0.016401 -0.0148691 -0.0134678 -0.0121965 -0.0110361 -0.0100191 -0.00908666 -0.00828496 -0.00758765 -0.00696791 -0.00643297 -0.00594757 -0.00552023 -0.00513411 -0.00480293 -0.00449806 -0.00422606 -0.00396978 -0.00374115 -0.00351057 -0.00331711 -0.00312203 -0.00294119 -0.00276999 -0.00260351 -0.0024426 -0.00230226 -0.00216442 -0.00201675 -0.00190209 -0.00180759 -0.00175254 -0.00173002 -0.00174992 -0.00184679 -0.00207179 -0.00237206 -0.00284228 -0.00349848 -0.00436068 -0.00545084 -0.00678673 -0.00832961 -0.0100892 -0.0119587 -0.0138973 -0.015767 -0.0173776 -0.0185374 -0.0190317 -0.0185779 -0.017041 -0.0143042 -0.0103512 -0.00532658 0.000489847 0.00675031 0.0129517 0.0185706 0.0231158 0.0261692 0.0274254 0.0268092 0.024399 0.0204421 0.01535 0.00963033 0.00375717 -0.00176795 -0.00655817 -0.0103831 -0.013109 -0.014695 -0.0152886 -0.0150162 -0.0140797 -0.0127157 -0.0111129 -0.00939552 -0.00771028 -0.00609187 -0.00463418 -0.00334699 -0.00225462 -0.00135549 -0.000614252 3.11804e-05 0.000517074 0.000905856 0.00120794 0.00144917 0.00163457 0.00178565 0.00189652 0.00201216 0.00210952 0.00219648 0.00229015 0.00238844 0.00248158 0.00258614 0.00270295 0.00281212 0.00295482 0.00309068 0.00324827 0.00341925 0.00360752 0.00380506 0.0040411 0.00429777 0.00460354 0.00493462 0.0053253 0.00575736 0.00625614 0.00686075 0.00753762 0.00834196 0.00924757 0.0102661 0.0114167 0.012716 0.0141518 0.015727 0.0174074 0.0191838 0.020996 0.0228325 0.0246403 0.0263382 0.0279026 0.0292125 0.0302333 0.030879 0.0310992 0.0308135 0.0299682 0.0285642 0.0265471 0.0239115 0.0206415 0.0167466 0.0122279 0.00712683 0.00148672 -0.00465525 -0.0112575 -0.0182601 -0.0255809 -0.0331303 -0.0407766 -0.0484115 -0.055892 -0.0630764 -0.0698117 -0.0759373 -0.081302 -0.0857373 -0.089144 -0.091426 
0 0.00147989 0.00291448 0.00421352 0.00530955 0.00616627 0.00673668 0.00695201 0.00678314 0.0062232 0.00524491 0.00384386 0.00206948 -4.47968e-05 -0.00247606 -0.00518667 -0.00810992 -0.0111844 -0.0143469 -0.017487 -0.020536 -0.0234033 -0.0260258 -0.0283387 -0.0302849 -0.0318261 -0.0329235 -0.0336118 -0.033864 -0.033686 -0.0331116 -0.03219 -0.030963 -0.0294892 -0.0278591 -0.0261038 -0.024271 -0.0224114 -0.0205784 -0.0188033 -0.01713 -0.0155653 -0.0141086 -0.0127909 -0.011607 -0.010534 -0.00958024 -0.00873929 -0.00799683 -0.00734586 -0.0067754 -0.00627597 -0.00582378 -0.00543517 -0.00507219 -0.00473502 -0.0044498 -0.00417987 -0.00393297 -0.00371072 -0.00347684 -0.00326169 -0.00306246 -0.00287492 -0.00270897 -0.00254747 -0.00239591 -0.00225225 -0.00212022 -0.00200466 -0.00191564 -0.00189454 -0.00193816 -0.00204525 -0.00227184 -0.00263601 -0.0031705 -0.00389374 -0.0048224 -0.00600557 -0.00744667 -0.00911771 -0.0110107 -0.0130392 -0.0151032 -0.0170786 -0.0187825 -0.0199807 -0.0204301 -0.0198983 -0.0182007 -0.0152168 -0.0109752 -0.0056051 0.000626806 0.00729255 0.0138833 0.019868 0.0246879 0.0279121 0.0292592 0.0286013 0.0260274 0.0218358 0.0164267 0.0103257 0.0040834 -0.0018164 -0.00697329 -0.0110896 -0.0140334 -0.0157862 -0.0164391 -0.0161597 -0.0151842 -0.0137291 -0.0119848 -0.010136 -0.00831127 -0.00657246 -0.00500676 -0.00362972 -0.00243769 -0.00144077 -0.000615731 4.89461e-05 0.000574248 0.00101184 0.00133803 0.00157776 0.00178041 0.0019463 0.00209205 0.00222239 0.00233566 0.00244467 0.00254069 0.00263873 0.0027404 0.00285515 0.00299318 0.00312538 0.00327673 0.00344327 0.00360761 0.00380614 0.00402676 0.00426653 0.00455407 0.00486158 0.00520291 0.00559863 0.00606259 0.00659522 0.00721236 0.00792514 0.00873875 0.00967724 0.0107484 0.0119381 0.0132663 0.0147432 0.0163416 0.0180501 0.0198497 0.0216976 0.0235388 0.0253514 0.027064 0.0286305 0.0299757 0.0310114 0.0316674 0.031897 0.0316733 0.0309044 0.0295804 0.0276834 0.0251926 0.0221039 0.018433 0.0142072 0.009419 0.0041074 -0.00168616 -0.00792749 -0.0145741 -0.0215769 -0.0288735 -0.0363748 -0.0439762 -0.0515549 -0.0589919 -0.0661382 -0.0728476 -0.0789773 -0.0843432 -0.0887965 -0.0922068 -0.094498 
0 0.000636451 0.00126525 0.00183384 0.00231333 0.00271342 0.00300772 0.00312634 0.00303217 0.0027052 0.00209505 0.00117141 -4.47968e-05 -0.00155101 -0.00336977 -0.0054932 -0.00787054 -0.0104672 -0.0132353 -0.0161001 -0.018994 -0.0218327 -0.0245409 -0.0270256 -0.0292314 -0.0310884 -0.0325653 -0.0336651 -0.0343387 -0.0345797 -0.0343995 -0.0338557 -0.032952 -0.0317394 -0.0303005 -0.0286686 -0.0269023 -0.0250587 -0.0231943 -0.0213449 -0.0195499 -0.01783 -0.0162088 -0.0147221 -0.0133869 -0.012153 -0.0110421 -0.0100517 -0.00916999 -0.00839993 -0.00772065 -0.0071242 -0.00659105 -0.00613007 -0.00570204 -0.00531095 -0.00496865 -0.00465997 -0.00436973 -0.004112 -0.0038545 -0.00362052 -0.00340582 -0.00319703 -0.00299454 -0.00280639 -0.00263181 -0.00246442 -0.00232779 -0.00221133 -0.00212428 -0.00209179 -0.00212514 -0.00225106 -0.00251899 -0.0029083 -0.00348869 -0.00428533 -0.00530732 -0.0065859 -0.00813155 -0.009915 -0.011936 -0.0140931 -0.0162922 -0.0183756 -0.0201332 -0.0213398 -0.0217572 -0.0211208 -0.0192619 -0.0160615 -0.0115274 -0.00581515 0.000771757 0.00781334 0.0147655 0.0210563 0.0261284 0.0295235 0.0309249 0.0302293 0.0275287 0.0231124 0.0174202 0.010999 0.00439612 -0.001856 -0.00732781 -0.0117267 -0.0148944 -0.0167903 -0.0175305 -0.0172696 -0.0162396 -0.0146898 -0.0128361 -0.0108581 -0.00890765 -0.00704631 -0.0053653 -0.00387592 -0.00259096 -0.00152417 -0.000644502 8.32146e-05 0.000639429 0.00109108 0.00144638 0.00172922 0.00196107 0.00214339 0.00228818 0.00242921 0.00255139 0.00266393 0.00277707 0.00289736 0.00302164 0.00315751 0.0033038 0.0034441 0.00361706 0.00380345 0.00400277 0.00422936 0.00448298 0.00476629 0.00510654 0.00547294 0.00588145 0.00634951 0.00691109 0.00755801 0.00830214 0.0091559 0.010107 0.011201 0.012432 0.0137931 0.0152992 0.0169424 0.0186781 0.0204873 0.0223475 0.0242247 0.026045 0.027769 0.0293205 0.030641 0.0316843 0.0323455 0.032575 0.0323345 0.0316082 0.0303333 0.0285025 0.0261282 0.0231813 0.0196721 0.0156375 0.0111174 0.00611189 0.000644388 -0.00525035 -0.0115396 -0.0181791 -0.0251193 -0.0323062 -0.0396657 -0.0471031 -0.0545155 -0.0617821 -0.0687588 -0.0753062 -0.0812871 -0.0865317 -0.0908833 -0.0942266 -0.0964745 
0 -0.000242915 -0.000453788 -0.000644264 -0.000805471 -0.000892605 -0.000915282 -0.00093832 -0.000998266 -0.00112089 -0.00137453 -0.00182142 -0.00247606 -0.00336977 -0.00455802 -0.00605551 -0.00783239 -0.0098788 -0.0121767 -0.0146779 -0.0173204 -0.0200258 -0.0227137 -0.0252882 -0.0276875 -0.0298259 -0.0316546 -0.0331447 -0.0342337 -0.0349047 -0.0351628 -0.0350469 -0.034531 -0.0336469 -0.0324714 -0.0310454 -0.0294271 -0.0276716 -0.0258362 -0.0239616 -0.0220928 -0.0202615 -0.0185028 -0.0168588 -0.0153547 -0.0139499 -0.0126742 -0.0115356 -0.0105175 -0.00961434 -0.0088023 -0.00808068 -0.00744274 -0.00689557 -0.00639745 -0.00594405 -0.00554058 -0.00517873 -0.00484218 -0.00454473 -0.00426075 -0.00400277 -0.00376607 -0.00352977 -0.0032918 -0.00307032 -0.0028737 -0.00269601 -0.00255277 -0.00242404 -0.00232954 -0.00229934 -0.00234413 -0.002486 -0.00277402 -0.00320014 -0.0038324 -0.00469346 -0.00579725 -0.00717441 -0.00883203 -0.0107394 -0.012883 -0.0151572 -0.0174559 -0.0196164 -0.0214209 -0.0226346 -0.0230077 -0.022272 -0.0202489 -0.0168256 -0.0120139 -0.00598505 0.000938486 0.00831244 0.0155745 0.0221291 0.0274099 0.030944 0.0324068 0.0316878 0.02888 0.0242749 0.0183317 0.011612 0.00468845 -0.00188527 -0.00765612 -0.0123136 -0.015682 -0.0177203 -0.0185413 -0.0183098 -0.0172602 -0.0156445 -0.0136836 -0.0115725 -0.00948057 -0.00749199 -0.00569925 -0.00411615 -0.00274764 -0.00160382 -0.000664667 0.000104637 0.000698795 0.00118582 0.00157468 0.00188376 0.00213552 0.00233889 0.00249895 0.00264982 0.00277896 0.00289978 0.00302779 0.00316855 0.00331676 0.00347642 0.00363605 0.00379084 0.00398399 0.00420212 0.00444323 0.00470787 0.00499575 0.00531925 0.00571168 0.00615121 0.00665135 0.00722502 0.00790155 0.00866966 0.00954399 0.0105409 0.0116528 0.0129181 0.0143187 0.0158418 0.017501 0.0192809 0.021122 0.02299 0.0248555 0.0266869 0.028409 0.0299654 0.0312716 0.0322673 0.0329219 0.0331464 0.032905 0.0321711 0.0309281 0.0291315 0.0267924 0.0239466 0.0205756 0.0166907 0.0123378 0.00756357 0.00237798 -0.0032003 -0.00914593 -0.0154297 -0.0220076 -0.0288276 -0.0358369 -0.04297 -0.0501474 -0.057287 -0.0642727 -0.070961 -0.0772172 -0.0829159 -0.0879075 -0.0920473 -0.0952355 -0.0973817 
0 -0.00111896 -0.00216153 -0.00310236 -0.00389716 -0.00448706 -0.00486295 -0.00507589 -0.00515183 -0.00511637 -0.00505433 -0.00506127 -0.00518667 -0.0054932 -0.00605551 -0.00690895 -0.00805813 -0.00950985 -0.0112901 -0.0133524 -0.0156519 -0.0181185 -0.0206737 -0.023252 -0.0257528 -0.0281087 -0.0302243 -0.0320612 -0.0335525 -0.034651 -0.0353757 -0.0357043 -0.0356202 -0.035125 -0.0342907 -0.0331591 -0.031764 -0.0301595 -0.028412 -0.0265715 -0.0246966 -0.0228188 -0.0209624 -0.0191961 -0.0175218 -0.0159558 -0.0145092 -0.0132071 -0.0120363 -0.0109724 -0.010013 -0.00915775 -0.00840773 -0.00776396 -0.00718498 -0.0066491 -0.00618573 -0.0057576 -0.00537575 -0.0050251 -0.00469452 -0.00439582 -0.00412747 -0.00386485 -0.00361445 -0.00337122 -0.00315281 -0.00296371 -0.00279368 -0.00264907 -0.00254192 -0.00251784 -0.00258456 -0.00275033 -0.00304567 -0.0035187 -0.00419493 -0.00512145 -0.00631369 -0.00779764 -0.00955637 -0.0115763 -0.0138161 -0.016201 -0.018587 -0.0208148 -0.0226631 -0.023875 -0.0241767 -0.0233371 -0.0211423 -0.017489 -0.0124203 -0.00611085 0.00111982 0.00877475 0.0162972 0.0230876 0.0285456 0.0321887 0.0337111 0.0329679 0.0300613 0.0253075 0.0191575 0.0121737 0.0049781 -0.00188428 -0.00794248 -0.0128418 -0.0163989 -0.0185899 -0.0194859 -0.0192823 -0.0182233 -0.0165538 -0.0144964 -0.0122781 -0.0100513 -0.00794032 -0.0060242 -0.00434376 -0.00289556 -0.00168234 -0.000675804 0.000123102 0.000766923 0.001294 0.00171267 0.00203699 0.00230311 0.00251296 0.00269933 0.00286775 0.00302364 0.00317137 0.00330989 0.00346005 0.00362355 0.00380007 0.00398141 0.00416599 0.00437896 0.00464107 0.00491936 0.00523712 0.00557741 0.00596197 0.00642082 0.00694458 0.00753663 0.00823179 0.0090303 0.00993454 0.0109548 0.0120973 0.0133934 0.0148356 0.0164136 0.0180823 0.0198532 0.0217149 0.023607 0.0254776 0.0272935 0.0289982 0.0305342 0.0318354 0.0328135 0.0334336 0.0336357 0.0333852 0.0326335 0.0313878 0.0296318 0.0273192 0.024497 0.0211967 0.0174432 0.013236 0.00862081 0.00364049 -0.00169329 -0.00735046 -0.013308 -0.0195379 -0.0260007 -0.0326475 -0.0394249 -0.0462623 -0.0531006 -0.0598644 -0.0664589 -0.0727409 -0.078584 -0.083885 -0.0885049 -0.0923379 -0.0952851 -0.0972742 
0 -0.00195766 -0.0037977 -0.00545276 -0.00686069 -0.00795139 -0.00870212 -0.00913905 -0.00927477 -0.00913604 -0.00882478 -0.00845224 -0.00810992 -0.00787054 -0.00783239 -0.00805813 -0.00857348 -0.00943521 -0.0106553 -0.0122349 -0.014113 -0.016251 -0.0185981 -0.0210667 -0.023591 -0.0260442 -0.0283704 -0.0304892 -0.0323308 -0.0338457 -0.0349948 -0.0357743 -0.0361303 -0.0360777 -0.0356571 -0.0348907 -0.0337951 -0.0324232 -0.0308366 -0.0291165 -0.0272999 -0.0254215 -0.0235289 -0.0216593 -0.0198747 -0.0181591 -0.0165563 -0.0150867 -0.0137412 -0.012519 -0.0114108 -0.0104158 -0.00954669 -0.00877623 -0.00807939 -0.00745791 -0.0069014 -0.00642571 -0.00598219 -0.00556854 -0.00518216 -0.00482956 -0.00451766 -0.00423314 -0.00395015 -0.00369622 -0.0034588 -0.0032336 -0.00304409 -0.00288266 -0.00277513 -0.00274346 -0.00280836 -0.00300296 -0.0033479 -0.00384003 -0.00456851 -0.00557113 -0.00685378 -0.00841907 -0.0102745 -0.0123876 -0.0147323 -0.0172072 -0.0196905 -0.0219818 -0.0238393 -0.0250171 -0.0252588 -0.0242798 -0.0219125 -0.018063 -0.0127453 -0.00616805 0.00129948 0.00920869 0.0169624 0.0239262 0.0295337 0.0332866 0.034828 0.0340669 0.0310982 0.0262058 0.0198827 0.0127096 0.00526171 -0.00185532 -0.00814724 -0.0132817 -0.0170414 -0.0193604 -0.0203591 -0.0202022 -0.0191236 -0.0173938 -0.0152629 -0.0129337 -0.0105968 -0.00836933 -0.006349 -0.00455886 -0.00301782 -0.00173324 -0.000681975 0.000190345 0.000871803 0.00141246 0.00185428 0.0022106 0.00248847 0.00271317 0.0029025 0.00310306 0.00329295 0.00345402 0.0036123 0.00376713 0.0039398 0.00413889 0.00434499 0.00456582 0.00482668 0.00511104 0.00544273 0.00579966 0.00620496 0.00667754 0.00722631 0.00785193 0.00855791 0.00936737 0.0103113 0.0113729 0.0125538 0.0138731 0.0153258 0.0169436 0.0186645 0.0204589 0.0223129 0.0242046 0.0260883 0.027901 0.0295911 0.0311019 0.0323621 0.0333095 0.0338932 0.0340576 0.0337892 0.033015 0.031737 0.0299658 0.0276927 0.024916 0.0216421 0.0179532 0.0138578 0.00938564 0.004568 -0.00057231 -0.00600718 -0.0117169 -0.0176526 -0.0237868 -0.0300845 -0.0365068 -0.0430009 -0.0494978 -0.0559298 -0.0622419 -0.0683407 -0.0741086 -0.0794386 -0.0842345 -0.0883999 -0.0918277 -0.0944626 -0.09623 
0 -0.00271574 -0.00528327 -0.0075985 -0.0095852 -0.0111616 -0.0122941 -0.0129773 -0.013218 -0.0130536 -0.0125781 -0.0119246 -0.0111844 -0.0104672 -0.0098788 -0.00950985 -0.00943521 -0.00969629 -0.0103559 -0.0113931 -0.0127989 -0.0145473 -0.016587 -0.0188746 -0.0212813 -0.023749 -0.0261778 -0.0285028 -0.0306423 -0.0324953 -0.0340517 -0.0352429 -0.0360591 -0.0364747 -0.0365015 -0.0361536 -0.0354288 -0.0343723 -0.033053 -0.031522 -0.0298281 -0.0280091 -0.0261119 -0.0242249 -0.022349 -0.0205369 -0.0187889 -0.0171541 -0.0156513 -0.0142676 -0.0130091 -0.0118703 -0.0108511 -0.009934 -0.00911017 -0.00836245 -0.00772468 -0.00715376 -0.00664991 -0.00617153 -0.00572953 -0.00532916 -0.00497833 -0.00464368 -0.00433055 -0.00402485 -0.00375174 -0.00353015 -0.00332054 -0.00314209 -0.00301804 -0.00299032 -0.0030761 -0.0032846 -0.00362923 -0.00420519 -0.00499519 -0.00604845 -0.00739332 -0.00904564 -0.0109803 -0.0132075 -0.0156475 -0.0182297 -0.0207702 -0.0230909 -0.0249531 -0.0260897 -0.0262154 -0.0251255 -0.0225927 -0.018533 -0.0130082 -0.00621685 0.00150459 0.00961075 0.0175332 0.0246565 0.0303652 0.0341663 0.0357641 0.0349895 0.0319519 0.0269757 0.0205189 0.0131516 0.00553223 -0.001788 -0.00830878 -0.0136418 -0.0175716 -0.0200649 -0.0211548 -0.0210477 -0.0199846 -0.0182198 -0.0159931 -0.0135644 -0.0111027 -0.00878011 -0.00665197 -0.00478128 -0.00315987 -0.00177928 -0.000634947 0.00024536 0.000965585 0.00154476 0.00201567 0.00238617 0.00268452 0.00292863 0.00315654 0.00335349 0.00354921 0.00373589 0.00390586 0.00408762 0.00428792 0.00451383 0.00475603 0.00502124 0.0053082 0.0056524 0.00601962 0.00644171 0.00691755 0.0074852 0.00814804 0.00890232 0.00973468 0.010691 0.0117767 0.0130086 0.0143739 0.0158501 0.0174737 0.0192031 0.0210344 0.0229074 0.0248007 0.0266823 0.028489 0.0301571 0.0316424 0.0328686 0.0337842 0.0343163 0.0344247 0.0341111 0.0333144 0.0320327 0.0302206 0.0279311 0.025179 0.0219603 0.0183268 0.0142961 0.00993044 0.00523557 0.00025177 -0.00499484 -0.0104969 -0.0162113 -0.0221 -0.0281078 -0.034204 -0.0403594 -0.046524 -0.0526305 -0.0586086 -0.0643941 -0.0699131 -0.0750721 -0.0797952 -0.0840132 -0.0876395 -0.0906047 -0.0928563 -0.0943569 
