0 0 0 0 0 0 0 0 0 0 0 0 0 0 0 0 0 0 0 0 0 0 0 0 0 0 0 0 0 0 0 0 0 0 0 0 0 0 0 0 0 0 0 0 0 0 0 0 0 0 0 0 0 0 0 0 0 0 0 0 0 0 0 0 0 0 0 0 0 0 0 0 0 0 0 0 0 0 0 0 0 0 0 0 0 0 0 0 0 0 0 0 0 0 0 0 0 0 0 0 0 0 0 0 0 0 0 0 0 0 0 0 0 0 0 0 0 0 0 0 0 0 0 0 0 0 0 0 0 0 0 0 0 0 0 0 0 0 0 0 0 0 0 0 0 0 0 0 0 0 0 0 0 0 0 0 0 0 0 0 0 0 0 0 0 0 0 0 0 0 0 0 0 0 0 0 0 0 0 0 0 0 0 0 0 0 0 0 0 0 0 0 0 0 0 0 0 0 0 0 
0 1.29815e-06 8.19753e-06 8.85486e-06 1.4969e-05 2.24126e-05 3.98568e-05 6.33794e-05 8.60507e-05 0.000126171 0.000176039 0.000244714 0.000328263 0.000435637 0.000572937 0.000722378 0.000907921 0.00113189 0.00140196 0.00171112 0.00206451 0.00248116 0.00293895 0.00343481 0.00395947 0.00449821 0.00502715 0.0055235 0.00597472 0.00636782 0.00667781 0.00689703 0.00699373 0.00694748 0.00676254 0.00640936 0.00590242 0.00523786 0.00445978 0.00358722 0.00263449 0.00164518 0.000629641 -0.000371448 -0.00132523 -0.00219942 -0.00297361 -0.00361236 -0.00411563 -0.00447963 -0.0047281 -0.00485755 -0.00487954 -0.00480146 -0.0046233 -0.0043797 -0.00409008 -0.00377697 -0.00344907 -0.00313501 -0.00281921 -0.00252568 -0.002251 -0.00199605 -0.00176243 -0.00156407 -0.00137875 -0.00121385 -0.00104538 -0.000852975 -0.000639091 -0.000393727 -0.00012805 0.000148 0.000424552 0.00069359 0.00093644 0.00114578 0.00127093 0.00130294 0.00121659 0.00101659 0.000697086 0.000288874 -0.000176771 -0.000645306 -0.00111167 -0.0015327 -0.00189084 -0.00215673 -0.00233671 -0.00242091 -0.00241931 -0.00234259 -0.00223202 -0.0020771 -0.0019195 -0.00178444 -0.00166984 -0.00158268 -0.00155849 -0.00156317 -0.00161311 -0.00170948 -0.00182959 -0.00195106 -0.00208045 -0.00217612 -0.00222775 -0.00220879 -0.00211513 -0.00192064 -0.00163185 -0.00125565 -0.000815145 -0.000309628 0.00019826 0.000683485 0.00111115 0.00147013 0.00173799 0.00191348 0.00198282 0.00198324 0.00191056 0.00179249 0.00164881 0.00150647 0.00138171 0.00129439 0.00124234 0.00123442 0.00125389 0.00129293 0.00135169 0.00142036 0.00152153 0.00165693 0.00183068 0.00203584 0.00227441 0.00252405 0.00280817 0.00311655 0.00344863 0.00378412 0.00411091 0.00438645 0.00460864 0.00475739 0.00480922 0.00476508 0.00460422 0.00432173 0.0039005 0.00333925 0.00263552 0.0018127 0.000898597 -6.10668e-05 -0.00106552 -0.00206661 -0.00304206 -0.00396651 -0.00479093 -0.00550644 -0.00607537 -0.00649358 -0.00674076 -0.00683034 -0.00678913 -0.00662335 -0.00634889 -0.00599306 -0.00556874 -0.00509376 -0.00458487 -0.0040595 -0.00354689 -0.00305423 -0.00261035 -0.00220384 -0.00184184 -0.00153551 -0.0012709 -0.00104753 -0.000848953 -0.000693844 -0.000567377 -0.000456919 -0.000372388 -0.000308331 -0.000264238 -0.000220896 -0.000191044 -0.000178093 -0.000165294 -0.000154064 -0.000142773 -0.000141704 
0 8.19753e-06 1.1654e-05 3.01318e-05 2.90958e-05 5.74235e-05 8.55324e-05 0.000131535 0.000189016 0.00026012 0.000380207 0.000507167 0.000684454 0.000899995 0.00117149 0.00148771 0.00185186 0.00231575 0.00285021 0.00347109 0.00417964 0.00500149 0.0059128 0.00688465 0.00791446 0.00896985 0.0100062 0.0109804 0.0118745 0.0126391 0.013254 0.0136662 0.0138386 0.0137317 0.0133323 0.0126373 0.0116172 0.0103182 0.00878864 0.00707011 0.00520611 0.00325914 0.00127377 -0.000675839 -0.00253532 -0.00424268 -0.0057571 -0.00704285 -0.00804451 -0.00880193 -0.00930815 -0.0095712 -0.00962669 -0.00947188 -0.00913682 -0.00868253 -0.00813308 -0.00753525 -0.00690724 -0.00627189 -0.00566093 -0.0050698 -0.0045335 -0.00403845 -0.00357612 -0.00316799 -0.0027907 -0.00242623 -0.00207839 -0.00169573 -0.00126758 -0.000801284 -0.00028407 0.000267958 0.000830485 0.0013895 0.00190087 0.00229664 0.00254877 0.00260865 0.00241691 0.00198816 0.0013651 0.000568613 -0.000330601 -0.0012858 -0.00222922 -0.00306297 -0.00376866 -0.00432632 -0.00466791 -0.00483007 -0.00483978 -0.00468785 -0.00444149 -0.00415849 -0.00384908 -0.00356219 -0.00333301 -0.00317892 -0.00310728 -0.00312436 -0.00323828 -0.00341795 -0.00363958 -0.00391151 -0.00416177 -0.00434161 -0.00445375 -0.00442412 -0.00420776 -0.00383336 -0.00325975 -0.00249449 -0.00160732 -0.00063503 0.000369099 0.0013386 0.00223138 0.00296226 0.00349482 0.00384036 0.00399154 0.00395776 0.00380257 0.00357143 0.00330171 0.00304159 0.0028174 0.00263618 0.00253355 0.00250328 0.0025221 0.00261035 0.00273422 0.00288735 0.00310602 0.00337793 0.00371213 0.00412835 0.00458457 0.00509669 0.00566003 0.00626494 0.00690631 0.00754221 0.00814641 0.00867478 0.00908935 0.00937627 0.00947978 0.00936646 0.00904021 0.00844691 0.00759684 0.00647935 0.00509258 0.00347954 0.00169986 -0.000189115 -0.00214627 -0.0041098 -0.00601848 -0.00780863 -0.00942921 -0.0108113 -0.0119412 -0.0127717 -0.0132787 -0.0134878 -0.0134283 -0.0131267 -0.0126022 -0.011909 -0.0110804 -0.0101525 -0.00915096 -0.00813278 -0.00711695 -0.00615591 -0.00527266 -0.0044597 -0.00374493 -0.00311429 -0.00259585 -0.00213162 -0.0017374 -0.00142272 -0.00115548 -0.000941989 -0.000751 -0.000630354 -0.000528294 -0.000441027 -0.000384101 -0.000344445 -0.000331226 -0.000296412 -0.000288834 -0.000286924 
0 8.85486e-06 3.01318e-05 4.42019e-05 7.02671e-05 9.91868e-05 0.000150667 0.000221517 0.000301667 0.00043308 0.000599069 0.000813663 0.00107389 0.00140609 0.00183011 0.00230676 0.00288803 0.00358318 0.00440547 0.00534093 0.00640215 0.00763041 0.00896661 0.010393 0.011888 0.0134157 0.0149169 0.0163297 0.0176129 0.018718 0.0195698 0.020134 0.0203306 0.0201152 0.0195066 0.0184492 0.0169768 0.015085 0.0128736 0.0103883 0.00767322 0.00485037 0.00197239 -0.000846723 -0.0035231 -0.00598726 -0.0081993 -0.0100755 -0.0115964 -0.0127358 -0.0135275 -0.013959 -0.0140686 -0.0138928 -0.0134532 -0.0128394 -0.0120934 -0.011258 -0.0103507 -0.00944759 -0.00853594 -0.00768692 -0.00690265 -0.00617399 -0.00548878 -0.00486968 -0.00426725 -0.00371053 -0.00316188 -0.00257803 -0.00195558 -0.00125416 -0.000477732 0.000358365 0.00122164 0.0020694 0.00282695 0.00344596 0.00379755 0.00385683 0.00357097 0.00296017 0.00202076 0.000828123 -0.000534314 -0.00193019 -0.00332447 -0.00459015 -0.00566468 -0.00646606 -0.00699705 -0.00724206 -0.00723404 -0.00700808 -0.00667296 -0.00622044 -0.00575529 -0.00534848 -0.00500614 -0.00475252 -0.00467168 -0.00468837 -0.00483814 -0.00511876 -0.00547198 -0.00584131 -0.00622572 -0.00651446 -0.00666822 -0.00660765 -0.00631044 -0.00571939 -0.00485142 -0.00373281 -0.00243015 -0.000951819 0.000551725 0.00200753 0.00331734 0.00442577 0.00525444 0.00578272 0.00597833 0.00594313 0.00570377 0.00535484 0.00496172 0.00458903 0.00426445 0.00402131 0.00385694 0.00380272 0.00383805 0.00396017 0.00416668 0.00442177 0.00476243 0.00518148 0.00569029 0.00628709 0.00698241 0.00772803 0.00856409 0.00944698 0.0103582 0.0112465 0.0120895 0.0128019 0.0133789 0.0137612 0.0138664 0.0136707 0.0131202 0.0122094 0.010921 0.00926852 0.00725122 0.00492025 0.00233803 -0.000389869 -0.00324595 -0.00609659 -0.00886345 -0.0114683 -0.0137921 -0.0158121 -0.0174477 -0.0186834 -0.0194642 -0.0198123 -0.019782 -0.0193819 -0.018651 -0.0176647 -0.0164709 -0.0151285 -0.0136885 -0.0122014 -0.0107363 -0.00931795 -0.00801635 -0.00681113 -0.00572736 -0.00479561 -0.00398907 -0.00330029 -0.00269366 -0.00221013 -0.00181028 -0.00146145 -0.00118451 -0.000972945 -0.000820614 -0.000681708 -0.000583566 -0.000532592 -0.000489106 -0.000454649 -0.000431824 -0.000436645 
0 1.4969e-05 2.90958e-05 7.02671e-05 9.2171e-05 0.000152823 0.000222167 0.000325149 0.000459556 0.000634528 0.000890557 0.00117543 0.00154578 0.00200044 0.00256994 0.00323965 0.00402185 0.00498381 0.00609029 0.00735536 0.00878034 0.0103939 0.0121441 0.0139807 0.0158929 0.017834 0.0197316 0.021508 0.0231167 0.0244658 0.0254996 0.0261316 0.0263009 0.0259594 0.0251042 0.0237352 0.021821 0.0194195 0.0166038 0.0134367 0.0099945 0.00640102 0.00275447 -0.000810392 -0.00420282 -0.00733779 -0.0101609 -0.0126094 -0.014591 -0.0161323 -0.0172133 -0.0178407 -0.0180731 -0.0179303 -0.0174674 -0.0167805 -0.0159043 -0.0148973 -0.0137884 -0.0126306 -0.0114855 -0.0103768 -0.00935844 -0.00840826 -0.0075067 -0.00667541 -0.0058819 -0.00510919 -0.00436123 -0.00356471 -0.00269633 -0.00174962 -0.000704323 0.000417436 0.00156623 0.00269631 0.00371536 0.00450258 0.00498341 0.00507646 0.00469137 0.00385089 0.00262056 0.0010523 -0.000728528 -0.00261334 -0.00447383 -0.00613698 -0.00754055 -0.00863029 -0.00931137 -0.00963137 -0.00963859 -0.00934506 -0.00886752 -0.00830169 -0.00769226 -0.00712924 -0.00667371 -0.00636402 -0.00622436 -0.00625819 -0.00647514 -0.00682978 -0.00727429 -0.00779911 -0.00829277 -0.00865968 -0.00887203 -0.00880546 -0.00838142 -0.00762059 -0.00647342 -0.00496531 -0.00321023 -0.00128253 0.00070565 0.00263287 0.00440528 0.00587609 0.00696477 0.00766863 0.00797364 0.00791878 0.00761621 0.0071662 0.00665305 0.00616392 0.0057421 0.00540714 0.00520803 0.00514843 0.00520498 0.00540554 0.00570036 0.00606809 0.00654487 0.00711018 0.00777738 0.00857855 0.00946703 0.0104559 0.0115319 0.012658 0.0138028 0.0148942 0.0158927 0.0167358 0.0173768 0.0177774 0.0178346 0.0174802 0.0167047 0.0154472 0.0137394 0.0115859 0.00899179 0.00601695 0.00274341 -0.000739037 -0.00435861 -0.00799121 -0.0115152 -0.0148128 -0.0177901 -0.0203531 -0.0224763 -0.0240907 -0.0251492 -0.0256755 -0.0257035 -0.0252621 -0.0243829 -0.0231619 -0.0216708 -0.0199859 -0.0181641 -0.0162917 -0.0144088 -0.0125921 -0.0108879 -0.00929492 -0.00786176 -0.00658724 -0.00550717 -0.00454893 -0.00373062 -0.00306848 -0.00251226 -0.00205565 -0.00166062 -0.00138581 -0.00116186 -0.000974312 -0.000841655 -0.000748071 -0.000695038 -0.00062268 -0.000596736 -0.000587209 
0 2.24126e-05 5.74235e-05 9.91868e-05 0.000152823 0.00022624 0.000333578 0.00047661 0.000654079 0.000903827 0.00122361 0.00161622 0.00209509 0.00269239 0.00343519 0.00429681 0.00532558 0.00654821 0.00796469 0.00955859 0.011334 0.0133159 0.0154305 0.0176349 0.0199039 0.0221887 0.0244084 0.0264706 0.0283033 0.0298212 0.030927 0.0315605 0.0316389 0.0311226 0.0300337 0.0283356 0.0260497 0.0231936 0.0198737 0.0161571 0.0121199 0.00791658 0.00365125 -0.000528772 -0.00451263 -0.00821464 -0.0115766 -0.0144984 -0.0169253 -0.0188294 -0.0202284 -0.0211155 -0.0215345 -0.0215239 -0.0211214 -0.0204268 -0.0194974 -0.0183887 -0.017137 -0.0158304 -0.0144892 -0.0131889 -0.0119539 -0.0107778 -0.00965507 -0.00861217 -0.00760432 -0.00664186 -0.0056793 -0.00465107 -0.00353814 -0.00230822 -0.000969708 0.000444575 0.00188112 0.00327496 0.00452189 0.00552016 0.00611072 0.00621655 0.00575469 0.00473756 0.00319235 0.00122921 -0.00100319 -0.00331761 -0.00560211 -0.0076725 -0.0094219 -0.0107454 -0.0116111 -0.0120162 -0.012009 -0.01165 -0.0110808 -0.0103527 -0.00959512 -0.0089148 -0.00835122 -0.00795012 -0.0077934 -0.00782759 -0.00807884 -0.00852845 -0.0091002 -0.00971998 -0.0103336 -0.0108004 -0.0110443 -0.0109466 -0.0104453 -0.00948078 -0.00805243 -0.00620032 -0.00402674 -0.00159874 0.000888585 0.00329141 0.0054616 0.00728617 0.00866076 0.00955243 0.00993721 0.00991982 0.00957379 0.00902816 0.00839374 0.00777849 0.00724832 0.00685804 0.00662878 0.00658627 0.00670263 0.00696735 0.00735854 0.00783952 0.00844723 0.00917535 0.0100319 0.0110161 0.0121159 0.0132872 0.0145519 0.0158572 0.0171617 0.0183907 0.0194926 0.0203737 0.0210095 0.0213326 0.0212424 0.0206916 0.0196293 0.0180423 0.0159325 0.0133227 0.0102236 0.00669896 0.00283443 -0.0012531 -0.00550758 -0.00976645 -0.0139024 -0.0177919 -0.0212932 -0.0243514 -0.0268869 -0.0288578 -0.0301978 -0.0309194 -0.0310672 -0.0306479 -0.0297065 -0.0283421 -0.0266394 -0.0246909 -0.0225735 -0.0203638 -0.0181393 -0.0159544 -0.0138877 -0.0119387 -0.0101513 -0.00856622 -0.00717641 -0.00596346 -0.00490878 -0.00404854 -0.00333562 -0.00272793 -0.00223101 -0.00184728 -0.00155182 -0.0012998 -0.00111179 -0.000990049 -0.000894745 -0.000813147 -0.000763021 -0.00074856 
0 3.98568e-05 8.55324e-05 0.000150667 0.000222167 0.000333578 0.000480695 0.000673488 0.000918514 0.00123715 0.00165305 0.00215216 0.0027689 0.00352696 0.00445242 0.00553862 0.00681435 0.0083223 0.0100427 0.0119615 0.0140729 0.0163822 0.0188228 0.0213373 0.0238966 0.0264456 0.0288927 0.0311361 0.0330951 0.0346685 0.0357722 0.0363276 0.0362688 0.0355609 0.0342116 0.0322149 0.0295714 0.0263361 0.0226075 0.018468 0.0140078 0.00936494 0.00465682 2.59775e-05 -0.00441503 -0.00857033 -0.0123641 -0.0157049 -0.0185122 -0.0207813 -0.0225087 -0.0236944 -0.0243702 -0.0245562 -0.0242957 -0.0236834 -0.0227836 -0.0216632 -0.0203711 -0.0189756 -0.0175266 -0.0160724 -0.0146575 -0.0132823 -0.0119521 -0.0106923 -0.00947924 -0.00829438 -0.00710418 -0.00583394 -0.0044524 -0.00294637 -0.00132152 0.000386751 0.00211504 0.00378879 0.00528811 0.00646676 0.00717847 0.00730423 0.00674393 0.00550942 0.00367284 0.00134816 -0.00128938 -0.00405206 -0.00676193 -0.00921337 -0.0112812 -0.0128655 -0.01389 -0.014374 -0.0143732 -0.0139544 -0.0132613 -0.0124113 -0.0115155 -0.0106931 -0.0100205 -0.00955738 -0.00935283 -0.00940178 -0.00970836 -0.010232 -0.0109009 -0.0116507 -0.0123659 -0.012911 -0.0131933 -0.0130754 -0.0124627 -0.0113218 -0.00962475 -0.00741422 -0.0048112 -0.00193576 0.00102872 0.00390182 0.00651687 0.00870345 0.0103487 0.0114221 0.0119185 0.0119155 0.0115342 0.0109141 0.010186 0.00947493 0.00886357 0.00841347 0.00817173 0.00815048 0.00832192 0.00867684 0.00917092 0.00978112 0.0105352 0.0114289 0.0124636 0.0136367 0.0149016 0.0162328 0.0176217 0.0190295 0.0204112 0.0216874 0.0227885 0.0236272 0.024153 0.0243088 0.0240046 0.0231857 0.0218282 0.019901 0.0174212 0.014403 0.0108664 0.00688463 0.00256091 -0.0019939 -0.00669545 -0.011404 -0.0159845 -0.0203031 -0.0242336 -0.0276835 -0.0305905 -0.0328829 -0.0345012 -0.0354519 -0.035762 -0.0354443 -0.0345338 -0.0331269 -0.0313173 -0.0292044 -0.0268738 -0.0244174 -0.021908 -0.0194253 -0.0170359 -0.0147594 -0.0126482 -0.0107384 -0.00905157 -0.00755491 -0.006257 -0.00517783 -0.00427518 -0.00351578 -0.00288125 -0.00239091 -0.00199689 -0.00167161 -0.00142521 -0.00125136 -0.00112694 -0.00101575 -0.000952242 -0.000922988 
0 6.33794e-05 0.000131535 0.000221517 0.000325149 0.00047661 0.000673488 0.000926912 0.00124949 0.00165595 0.00217707 0.00280611 0.00357918 0.00452212 0.00565542 0.00698647 0.00853313 0.0103313 0.0123553 0.0145837 0.017004 0.0196015 0.022317 0.0250829 0.0278586 0.0305783 0.0331437 0.0354498 0.0374096 0.0389272 0.0399258 0.0403284 0.0400799 0.0391524 0.0375463 0.0352717 0.0323347 0.0288106 0.0247966 0.0203838 0.0156643 0.0107533 0.00577145 0.000847937 -0.00390036 -0.00837519 -0.0124892 -0.0161563 -0.0192973 -0.0219058 -0.0239701 -0.0254876 -0.0264698 -0.0269262 -0.0268994 -0.0264698 -0.0257078 -0.0246759 -0.0234307 -0.0220298 -0.0205373 -0.0189979 -0.0174601 -0.0159318 -0.0144253 -0.0129593 -0.0115287 -0.0101104 -0.00867426 -0.00715391 -0.00550746 -0.00372165 -0.00179929 0.000218662 0.00225825 0.0042219 0.00597157 0.00733143 0.00814431 0.00826985 0.0076183 0.00619296 0.00407716 0.00140098 -0.00163311 -0.00481711 -0.00793167 -0.0107609 -0.013143 -0.0149656 -0.0161468 -0.0167064 -0.0167045 -0.0162334 -0.0154344 -0.0144563 -0.0134242 -0.0124706 -0.0116915 -0.0111602 -0.0109173 -0.0109777 -0.0113305 -0.0119299 -0.012699 -0.0135574 -0.0143699 -0.0149974 -0.0153116 -0.015168 -0.0144527 -0.0131237 -0.0111565 -0.00860614 -0.00559404 -0.00227457 0.00115901 0.00449082 0.00752994 0.0100841 0.0120243 0.0132947 0.0139022 0.0139254 0.0135152 0.0128295 0.0120253 0.0112408 0.0105736 0.0100889 0.00984114 0.00984167 0.0100743 0.0105223 0.011138 0.0118981 0.0128095 0.0138677 0.0150649 0.0163886 0.0177843 0.0192251 0.020683 0.022124 0.0234943 0.0247196 0.0257188 0.0264138 0.026743 0.026651 0.0260638 0.0249326 0.0232464 0.0209851 0.0181677 0.0148062 0.0109282 0.0066084 0.00196035 -0.00290908 -0.00789864 -0.0128906 -0.017756 -0.0223653 -0.0266014 -0.0303573 -0.033565 -0.0361385 -0.0380213 -0.0392106 -0.0397237 -0.0395727 -0.0387868 -0.0374457 -0.0356419 -0.0334715 -0.0310266 -0.0284058 -0.0256891 -0.0229693 -0.0203083 -0.0177452 -0.0153341 -0.0131193 -0.0111335 -0.00935496 -0.00780248 -0.00648575 -0.00537499 -0.00443862 -0.00365539 -0.00303635 -0.00253181 -0.0021193 -0.00179891 -0.0015631 -0.0013921 -0.00125038 -0.00116335 -0.00111616 
0 8.60507e-05 0.000189016 0.000301667 0.000459556 0.000654079 0.000918514 0.00124949 0.00166197 0.00218658 0.00282444 0.00361543 0.00456263 0.00571376 0.00707916 0.00866515 0.0105009 0.0125796 0.0148983 0.0174123 0.0201077 0.0229523 0.0258847 0.0288373 0.0317458 0.0345334 0.0371006 0.0393483 0.0411824 0.0425397 0.0433324 0.043515 0.0430288 0.0418569 0.0400119 0.0374896 0.034344 0.030631 0.026458 0.0219137 0.0170797 0.0120574 0.00696144 0.00190385 -0.00299438 -0.00764726 -0.0119713 -0.015869 -0.0192995 -0.0222076 -0.0245971 -0.026453 -0.027765 -0.0285531 -0.0288483 -0.0287058 -0.0281962 -0.0273574 -0.0262428 -0.0249233 -0.0234466 -0.0218953 -0.0202964 -0.0186707 -0.0170335 -0.0153949 -0.0137537 -0.0121135 -0.0104232 -0.0086407 -0.00672316 -0.00463847 -0.00240178 -6.34646e-05 0.00229586 0.00454707 0.00652911 0.00807267 0.00897451 0.00909449 0.00836263 0.00677199 0.00438662 0.0013791 -0.00204401 -0.00562541 -0.00912835 -0.0123261 -0.0150145 -0.0170459 -0.0183849 -0.0190167 -0.019005 -0.0184834 -0.0175995 -0.0164863 -0.0153257 -0.0142562 -0.0133748 -0.0127649 -0.0124966 -0.0125611 -0.012947 -0.0136208 -0.014495 -0.0154392 -0.0163492 -0.0170611 -0.0173981 -0.0172208 -0.0164193 -0.0148926 -0.0126549 -0.00977387 -0.00636721 -0.00260652 0.0012778 0.00505893 0.00849831 0.0114184 0.0136667 0.0151523 0.0158816 0.0159667 0.0155458 0.0148104 0.0139455 0.0130999 0.0123875 0.0118904 0.0116449 0.0116801 0.0119933 0.0125415 0.0132983 0.0142202 0.0152859 0.0164907 0.0178176 0.0192312 0.0207129 0.0222 0.0236728 0.0250811 0.0263543 0.0274268 0.0282173 0.0286555 0.0287011 0.028289 0.0273648 0.0259 0.0238629 0.0212845 0.0181644 0.0145308 0.0104182 0.00589223 0.0010607 -0.00396791 -0.0091001 -0.0142218 -0.0192218 -0.0239885 -0.0283954 -0.0323662 -0.0357916 -0.0386022 -0.0407314 -0.042161 -0.0429097 -0.0429766 -0.0423974 -0.0412247 -0.0395408 -0.0374288 -0.034983 -0.0322902 -0.0294578 -0.0265665 -0.0236932 -0.0208913 -0.0182076 -0.0157178 -0.0134304 -0.0113776 -0.00955743 -0.00798599 -0.0066529 -0.00551146 -0.00457365 -0.00380053 -0.00317924 -0.00266793 -0.00225904 -0.0019554 -0.0017129 -0.00153791 -0.00140757 -0.00133466 
0 0.000126171 0.00026012 0.00043308 0.000634528 0.000903827 0.00123715 0.00165595 0.00218658 0.00282911 0.00363092 0.00458855 0.00574798 0.00712916 0.00873782 0.0106063 0.0127142 0.0150776 0.0176581 0.0204277 0.0233586 0.0263885 0.0294742 0.0325286 0.0354731 0.0382244 0.0406819 0.0427587 0.0443791 0.0454718 0.0460025 0.045896 0.0451358 0.0437164 0.0416272 0.0389281 0.0356291 0.0318374 0.0276145 0.0230511 0.0182388 0.0132417 0.00818163 0.00315418 -0.00174702 -0.00644645 -0.0108568 -0.0149249 -0.0185603 -0.0217433 -0.0244248 -0.0266044 -0.0282702 -0.0294217 -0.0300973 -0.0303259 -0.0301456 -0.0295881 -0.0287124 -0.027544 -0.0261947 -0.0246949 -0.0231008 -0.0214341 -0.0197113 -0.0179294 -0.0161298 -0.0142706 -0.0123423 -0.0102972 -0.00807651 -0.00568383 -0.00312832 -0.000466786 0.00219861 0.00472878 0.00695417 0.00864905 0.00966259 0.00980469 0.00898908 0.00720433 0.00457733 0.00125832 -0.00251201 -0.00649468 -0.0103667 -0.0138936 -0.0168542 -0.019125 -0.0205946 -0.0212925 -0.0212898 -0.0207189 -0.0197137 -0.0185099 -0.0172339 -0.0160325 -0.015055 -0.0143991 -0.0140678 -0.0141427 -0.0145775 -0.0153047 -0.0162517 -0.0173214 -0.01831 -0.0190803 -0.0194429 -0.0192389 -0.0183118 -0.0166213 -0.0141336 -0.0109188 -0.00710665 -0.0029407 0.00138487 0.00559834 0.00946865 0.0127442 0.0152746 0.0169763 0.0178818 0.018037 0.0176467 0.0168966 0.0159907 0.0151 0.0143567 0.0138405 0.0136284 0.0137201 0.014117 0.0147913 0.0156749 0.0167461 0.017951 0.0192726 0.0206837 0.0221599 0.0236407 0.0251206 0.0265171 0.0278001 0.0288874 0.0297081 0.0301842 0.0302888 0.0299623 0.0291769 0.027895 0.026066 0.0237079 0.0208182 0.0174446 0.0136071 0.00935517 0.00474883 -0.000116077 -0.00516835 -0.0102836 -0.0153982 -0.0203967 -0.0251665 -0.0296396 -0.0336909 -0.0372675 -0.0402565 -0.0426102 -0.0442976 -0.0452997 -0.045641 -0.0453336 -0.0444159 -0.0429557 -0.041014 -0.0386715 -0.0360224 -0.033153 -0.0301806 -0.0271567 -0.024169 -0.0212753 -0.0185244 -0.0159795 -0.0136409 -0.011559 -0.00972064 -0.00813136 -0.00678328 -0.00563988 -0.00470753 -0.003931 -0.0033042 -0.00279976 -0.00239652 -0.00209535 -0.00185733 -0.00169807 -0.00159149 
0 0.000176039 0.000380207 0.000599069 0.000890557 0.00122361 0.00165305 0.00217707 0.00282444 0.00363092 0.00458718 0.0057609 0.00714204 0.00877726 0.0106576 0.0127957 0.0151943 0.0178065 0.0206317 0.0236143 0.0267226 0.029877 0.0330255 0.0360854 0.0389624 0.0415653 0.0438117 0.0456341 0.0469459 0.0477297 0.0479171 0.0474934 0.0464305 0.0447448 0.0424643 0.0396089 0.0362613 0.0324673 0.0282976 0.0238316 0.0191485 0.0143099 0.00942413 0.00455151 -0.000218842 -0.00484368 -0.00925427 -0.0133675 -0.0171613 -0.0205367 -0.0234845 -0.0259859 -0.0280056 -0.0295525 -0.0306415 -0.0312654 -0.0314728 -0.0312689 -0.0307034 -0.0298242 -0.0286769 -0.0273393 -0.0258223 -0.0241678 -0.0224051 -0.0205392 -0.0185913 -0.0165688 -0.0144097 -0.0121 -0.00959851 -0.00688942 -0.00400718 -0.00103395 0.00193706 0.00474063 0.00718882 0.00908524 0.0101928 0.0103324 0.00945324 0.00752912 0.00463725 0.00100815 -0.00311137 -0.00741775 -0.011614 -0.0154613 -0.0186989 -0.0211457 -0.0227756 -0.0235488 -0.0235352 -0.0229169 -0.0218473 -0.0205 -0.0191045 -0.0178121 -0.0167462 -0.0160045 -0.0156605 -0.0157257 -0.0161768 -0.0169781 -0.0180334 -0.0191595 -0.0202325 -0.0210682 -0.0214279 -0.021169 -0.0201667 -0.0182824 -0.0155483 -0.01204 -0.0078717 -0.00326975 0.00150522 0.00616658 0.0104085 0.0140383 0.0168836 0.0188167 0.019869 0.0201541 0.0198233 0.0190914 0.0181767 0.0172553 0.0164935 0.0159977 0.0158164 0.0159763 0.0164788 0.0172437 0.0182475 0.019432 0.0207372 0.022148 0.0236231 0.0250913 0.0265416 0.0278979 0.0291226 0.0301715 0.0309635 0.0314516 0.0315597 0.0312613 0.0305331 0.0293356 0.0276593 0.0254932 0.0228054 0.0196706 0.0160909 0.0121233 0.00782879 0.0032521 -0.00153057 -0.00645842 -0.0114441 -0.0164179 -0.0212878 -0.0259647 -0.0303574 -0.0344153 -0.0380293 -0.0411459 -0.0436985 -0.0456312 -0.0469275 -0.0475721 -0.0475961 -0.0469999 -0.0458408 -0.0441596 -0.0420267 -0.0395087 -0.036716 -0.0337336 -0.030643 -0.0275433 -0.0244827 -0.0215477 -0.0187509 -0.0161729 -0.0138212 -0.0117081 -0.00986236 -0.00825468 -0.00690844 -0.00575513 -0.00481303 -0.00404214 -0.00341247 -0.00292045 -0.00252007 -0.00224382 -0.00203031 -0.00190142 
0 0.000244714 0.000507167 0.000813663 0.00117543 0.00161622 0.00215216 0.00280611 0.00361543 0.00458855 0.0057609 0.0071553 0.00879828 0.0106991 0.0128442 0.0152603 0.0179061 0.0207538 0.0237717 0.0269198 0.0301473 0.033348 0.0364766 0.0394444 0.0421462 0.0445037 0.0464452 0.0479226 0.0488744 0.0492656 0.0490898 0.0483066 0.0469404 0.0450244 0.0425701 0.0396519 0.0363012 0.032598 0.0285672 0.0242873 0.0198464 0.0152762 0.0106665 0.00606196 0.00150999 -0.00295069 -0.00724647 -0.0113419 -0.0151732 -0.0186938 -0.0218517 -0.0246368 -0.0270059 -0.0289367 -0.0304372 -0.0314935 -0.0321218 -0.0323364 -0.0321823 -0.0316468 -0.0308133 -0.0296972 -0.0283338 -0.0267732 -0.0250488 -0.023153 -0.0211397 -0.0189643 -0.01661 -0.0140598 -0.0112713 -0.00826824 -0.00508557 -0.00180035 0.00147036 0.00455373 0.00724542 0.00929512 0.0105137 0.0106814 0.00971954 0.00761684 0.00452265 0.000635175 -0.00377877 -0.00842906 -0.0129403 -0.0170611 -0.0205259 -0.0231808 -0.0249214 -0.0257561 -0.0257625 -0.0251074 -0.0239344 -0.0225117 -0.0210054 -0.0195784 -0.0184145 -0.0176298 -0.0172327 -0.0173169 -0.0178209 -0.018665 -0.019769 -0.0209957 -0.022123 -0.0229918 -0.0233644 -0.0230719 -0.0219439 -0.0199071 -0.0169413 -0.0131201 -0.00857467 -0.00359505 0.0015896 0.00666672 0.0113432 0.0153384 0.0184743 0.0206471 0.0219079 0.022311 0.0220681 0.0213886 0.0204989 0.0195929 0.0188404 0.0183528 0.0182192 0.018443 0.0190223 0.0198944 0.0209835 0.0222551 0.0236223 0.0250605 0.0265224 0.0279418 0.0292564 0.0304388 0.0313958 0.0321171 0.0325388 0.032617 0.0322964 0.0315725 0.0304003 0.0287767 0.0267162 0.0242019 0.0212607 0.017921 0.0142254 0.0102113 0.0059513 0.00149319 -0.00310736 -0.00781986 -0.0125514 -0.0172825 -0.0219259 -0.0263941 -0.0306496 -0.0345981 -0.0381966 -0.0413654 -0.044067 -0.0462375 -0.0478125 -0.0487957 -0.049177 -0.0489506 -0.0481549 -0.0468119 -0.0449754 -0.0427042 -0.0400775 -0.0371937 -0.0341132 -0.0309632 -0.0278086 -0.0247061 -0.0217218 -0.0189048 -0.016312 -0.0139349 -0.011815 -0.00996889 -0.00837257 -0.00701148 -0.00586589 -0.00493576 -0.00417489 -0.00355248 -0.0030692 -0.00270551 -0.00244596 -0.00227054 
0 0.000328263 0.000684454 0.00107389 0.00154578 0.00209509 0.0027689 0.00357918 0.00456263 0.00574798 0.00714204 0.00879828 0.0107067 0.0128791 0.0152941 0.0179597 0.0208427 0.0238793 0.0270497 0.0303006 0.0335675 0.0367319 0.0397426 0.0425167 0.0449537 0.0469777 0.0485441 0.0496232 0.0501504 0.0501277 0.0495403 0.0484021 0.0467446 0.0446188 0.0420602 0.0391133 0.0358456 0.0322965 0.0284904 0.0244936 0.0203776 0.0161574 0.0118967 0.00761043 0.00334523 -0.000871986 -0.00498109 -0.0089401 -0.0127424 -0.0163125 -0.0196229 -0.022646 -0.0253202 -0.0276157 -0.0295265 -0.0310149 -0.0320985 -0.032771 -0.033056 -0.0329442 -0.0324684 -0.0316649 -0.0305441 -0.029161 -0.0275478 -0.0257015 -0.0236521 -0.0213935 -0.0188864 -0.0161363 -0.0131162 -0.00983676 -0.00634419 -0.00274676 0.000829264 0.00418048 0.00707974 0.00929039 0.0105789 0.0107462 0.00974288 0.00754408 0.00425448 0.000119546 -0.00457902 -0.00950847 -0.0143051 -0.018694 -0.0223826 -0.0251816 -0.0270397 -0.0279317 -0.0279391 -0.0272502 -0.026024 -0.0244849 -0.0228686 -0.0213512 -0.0201029 -0.0192422 -0.0188287 -0.0189044 -0.0194256 -0.0203281 -0.0215091 -0.0227775 -0.0239626 -0.0248714 -0.0252404 -0.0248964 -0.0236808 -0.0214591 -0.0182503 -0.014138 -0.00925882 -0.00388702 0.00170457 0.00718782 0.0122275 0.0165866 0.020069 0.0225289 0.0240012 0.0245782 0.0244434 0.0238315 0.0229836 0.0221032 0.0213853 0.0209456 0.0208544 0.0211316 0.0217744 0.0226958 0.0238463 0.0251551 0.0265306 0.0279352 0.0293121 0.0305753 0.0316924 0.0325964 0.0332229 0.033553 0.033538 0.0331619 0.0323837 0.0312043 0.0295951 0.0275514 0.0251122 0.0223013 0.019133 0.0156804 0.0119492 0.0079849 0.00385372 -0.000411433 -0.00476598 -0.00918541 -0.013604 -0.0180085 -0.0223413 -0.026542 -0.0305657 -0.0343617 -0.0378567 -0.0410196 -0.0438136 -0.0461676 -0.0480182 -0.0493315 -0.0500969 -0.0502728 -0.049883 -0.0489351 -0.0474674 -0.0455198 -0.0431634 -0.0404634 -0.0374894 -0.0343719 -0.0311789 -0.027986 -0.0248428 -0.0218462 -0.019031 -0.0164076 -0.0140315 -0.0119191 -0.0100827 -0.00847334 -0.00711656 -0.00599823 -0.00507337 -0.00431964 -0.00371413 -0.00327346 -0.00294046 -0.00272069 
0 0.000435637 0.000899995 0.00140609 0.00200044 0.00269239 0.00352696 0.00452212 0.00571376 0.00712916 0.00877726 0.0106991 0.0128791 0.015314 0.0179787 0.0208703 0.0239461 0.0271309 0.0303939 0.0336769 0.0368982 0.0399345 0.0427322 0.045223 0.0473118 0.0489383 0.0500761 0.0507104 0.0507926 0.0503341 0.0493536 0.0478856 0.0459838 0.0437037 0.0410794 0.0381568 0.0350028 0.0316535 0.0281223 0.0244614 0.0207237 0.0169057 0.013038 0.00912866 0.00520746 0.00129963 -0.0025491 -0.00632036 -0.0100177 -0.0135769 -0.0169613 -0.0201378 -0.0230456 -0.0256499 -0.0279335 -0.0298499 -0.0313861 -0.0325261 -0.0332731 -0.0336042 -0.0335427 -0.0331113 -0.0323123 -0.0311928 -0.0297735 -0.0280474 -0.0260432 -0.0237554 -0.0211586 -0.0182601 -0.0150415 -0.0115212 -0.00775904 -0.0038748 -2.19861e-05 0.00357561 0.00666857 0.00901359 0.01038 0.0105683 0.00951174 0.00720141 0.0037597 -0.000570081 -0.0055057 -0.0106953 -0.0157491 -0.0203649 -0.0242487 -0.0272029 -0.0291568 -0.030092 -0.0300995 -0.0293651 -0.0280679 -0.0264513 -0.0247466 -0.0231359 -0.0218082 -0.0208884 -0.0204364 -0.0205023 -0.0210423 -0.0219781 -0.0232072 -0.0245409 -0.0257801 -0.0267128 -0.027074 -0.0266702 -0.0253342 -0.0229422 -0.019505 -0.0151022 -0.00989016 -0.00415846 0.00180826 0.00768341 0.013122 0.0178555 0.0216709 0.0244318 0.026161 0.0269404 0.0269532 0.0264463 0.0256704 0.0248462 0.0241729 0.0237746 0.0237225 0.0240344 0.0247 0.0256404 0.0267964 0.0280894 0.0294121 0.0307054 0.031904 0.032925 0.033741 0.0342984 0.0345336 0.0344272 0.0339439 0.0330747 0.0318103 0.0301658 0.0281271 0.0257041 0.0229479 0.0198949 0.0165777 0.0130656 0.00936829 0.00552174 0.00158129 -0.00242849 -0.00648284 -0.0105575 -0.0146008 -0.0186122 -0.0225614 -0.026417 -0.0301583 -0.0337397 -0.0370959 -0.0402033 -0.0430367 -0.0455293 -0.0476079 -0.0492337 -0.0503716 -0.0509637 -0.0510073 -0.0504954 -0.0494515 -0.0479017 -0.0458983 -0.0434818 -0.0407132 -0.0377178 -0.0345703 -0.0313439 -0.0281063 -0.0249659 -0.0219646 -0.0191181 -0.0164895 -0.0141176 -0.012018 -0.0101567 -0.00856324 -0.00723444 -0.00612696 -0.00521478 -0.00448521 -0.00394541 -0.00354207 -0.00327292 
0 0.000572937 0.00117149 0.00183011 0.00256994 0.00343519 0.00445242 0.00565542 0.00707916 0.00873782 0.0106576 0.0128442 0.0152941 0.0179787 0.0208709 0.0239595 0.0271829 0.0304672 0.0337559 0.03699 0.0400712 0.0428825 0.045374 0.0474983 0.0491699 0.0503472 0.0510182 0.0511798 0.0508145 0.0499313 0.0485973 0.0468477 0.0447562 0.0423736 0.039723 0.0368713 0.033868 0.0307615 0.0275458 0.024254 0.0209195 0.0175264 0.0140772 0.0105836 0.00705075 0.00349948 -4.0253e-05 -0.00358343 -0.00711456 -0.0105985 -0.0139786 -0.0172285 -0.0203014 -0.0231571 -0.0257622 -0.0280641 -0.0300125 -0.0315921 -0.0327964 -0.0335863 -0.0339867 -0.0339834 -0.0335751 -0.0327887 -0.031635 -0.0301008 -0.0282196 -0.0259693 -0.0233485 -0.0203584 -0.0169915 -0.0132814 -0.00930251 -0.00518114 -0.00109975 0.00270958 0.00598605 0.00845897 0.00990326 0.0101173 0.00901695 0.00660511 0.00302661 -0.00148443 -0.00661542 -0.0120094 -0.017267 -0.0220699 -0.0261177 -0.0292154 -0.031253 -0.0322306 -0.0322411 -0.0314634 -0.0300904 -0.0283988 -0.0266066 -0.0249135 -0.0235163 -0.0225449 -0.0220461 -0.0220938 -0.0226453 -0.0236134 -0.0248838 -0.0262785 -0.0275536 -0.0284903 -0.0288271 -0.0283534 -0.0268873 -0.0243348 -0.0206826 -0.016014 -0.0104897 -0.00440152 0.00195361 0.0082201 0.0140564 0.0191587 0.023309 0.0263813 0.0283882 0.0293991 0.0296096 0.0292535 0.0285807 0.0278289 0.0271992 0.0268263 0.026791 0.0271035 0.0277426 0.0286462 0.0297325 0.0309315 0.0321248 0.0332334 0.0341787 0.0348878 0.03532 0.0354591 0.0352398 0.0346563 0.0336886 0.0323273 0.0305914 0.0285103 0.026083 0.0233434 0.0203472 0.0171266 0.013739 0.0102225 0.00661321 0.00293528 -0.000762939 -0.00446428 -0.00817078 -0.0118644 -0.0155027 -0.019094 -0.0226265 -0.0260943 -0.0295149 -0.0328352 -0.0360203 -0.0390323 -0.0418594 -0.044441 -0.0466939 -0.0485909 -0.0500689 -0.0510676 -0.0515504 -0.051494 -0.0509033 -0.0497967 -0.0482035 -0.0461494 -0.0436788 -0.0409008 -0.0378936 -0.0347121 -0.0314562 -0.0282251 -0.0250849 -0.0220518 -0.0191916 -0.0165739 -0.0142014 -0.012082 -0.0102294 -0.00866557 -0.00735273 -0.00625816 -0.00539544 -0.00474047 -0.00426747 -0.00394949 
0 0.000722378 0.00148771 0.00230676 0.00323965 0.00429681 0.00553862 0.00698647 0.00866515 0.0106063 0.0127957 0.0152603 0.0179597 0.0208703 0.0239595 0.0271878 0.0305062 0.0338102 0.0370454 0.0401382 0.0429838 0.0454863 0.0476016 0.0492942 0.0505083 0.0511969 0.0513773 0.0510646 0.0502518 0.0489987 0.0473462 0.0453834 0.043156 0.0407106 0.0380973 0.0353467 0.0325517 0.0297148 0.0268363 0.0239255 0.0209932 0.018026 0.0150156 0.0119467 0.00882591 0.00565377 0.00242902 -0.000834948 -0.00416711 -0.00749579 -0.0107985 -0.0140473 -0.0172054 -0.0202368 -0.0230968 -0.025704 -0.0280173 -0.0300061 -0.0316401 -0.0329099 -0.0337677 -0.0342182 -0.0342343 -0.03383 -0.0330068 -0.0317636 -0.0300732 -0.0279548 -0.0253729 -0.0223462 -0.0188999 -0.0150647 -0.0109277 -0.00664183 -0.00238414 0.00159651 0.00501553 0.00761743 0.00911981 0.00934078 0.0082078 0.00573125 0.00201897 -0.00263984 -0.00793306 -0.013476 -0.0189008 -0.0238509 -0.028033 -0.031215 -0.0333331 -0.0343501 -0.034362 -0.0335497 -0.0321414 -0.0303491 -0.0284627 -0.0266936 -0.0252202 -0.0241718 -0.0236656 -0.0236969 -0.0242521 -0.0252562 -0.0265716 -0.0279693 -0.0292665 -0.0301944 -0.0304912 -0.029936 -0.0283709 -0.025647 -0.0217831 -0.016852 -0.0110372 -0.00459296 0.00214191 0.00881084 0.0150177 0.0204951 0.0250057 0.0284064 0.0306914 0.0319794 0.0324161 0.0322465 0.0317097 0.031033 0.0304372 0.0300689 0.0299979 0.0302632 0.0308338 0.0316227 0.0325798 0.0335881 0.034555 0.035389 0.0360068 0.03633 0.0363505 0.0360129 0.0353172 0.0342384 0.0327791 0.0309543 0.0287872 0.0263142 0.0235655 0.0205751 0.0174076 0.0141184 0.0107221 0.00728783 0.00381065 0.000342708 -0.00307625 -0.00644285 -0.00977052 -0.0130555 -0.0162871 -0.019455 -0.0225707 -0.0256567 -0.0287183 -0.0317661 -0.0347288 -0.0376144 -0.040392 -0.0429989 -0.045382 -0.0474785 -0.0492546 -0.0506255 -0.051536 -0.0519445 -0.0518278 -0.0511933 -0.0500586 -0.0484187 -0.0463226 -0.0438456 -0.0410533 -0.0380116 -0.0347947 -0.0315463 -0.02831 -0.0251364 -0.0220965 -0.019249 -0.016645 -0.0142616 -0.0121629 -0.0103517 -0.00881124 -0.00753182 -0.00649469 -0.00572145 -0.00514414 -0.00476947 
0 0.000907921 0.00185186 0.00288803 0.00402185 0.00532558 0.00681435 0.00853313 0.0105009 0.0127142 0.0151943 0.0179061 0.0208427 0.0239461 0.0271829 0.0305062 0.0338344 0.0370822 0.0401685 0.043026 0.0455513 0.0476766 0.0493569 0.0505866 0.0513023 0.0514949 0.051186 0.0504054 0.0492092 0.0476135 0.0457289 0.0435926 0.0412806 0.0388351 0.0362844 0.0337086 0.0311368 0.0285928 0.0260497 0.0235045 0.0209616 0.0184182 0.0158252 0.0131889 0.0104639 0.00766168 0.00478404 0.00179724 -0.00126116 -0.0043965 -0.0075564 -0.0107296 -0.0138953 -0.0170143 -0.020019 -0.0228652 -0.0254686 -0.0278177 -0.029869 -0.0315645 -0.0328791 -0.0337617 -0.0342078 -0.0342187 -0.0337875 -0.0328787 -0.0314858 -0.0295557 -0.0271055 -0.024135 -0.0206774 -0.0167872 -0.0125768 -0.00816911 -0.00379433 0.000295433 0.00381126 0.00645694 0.00799292 0.00823529 0.00705682 0.00450034 0.000734218 -0.00402568 -0.00944443 -0.0151317 -0.0206829 -0.0257347 -0.0299959 -0.0332706 -0.0354166 -0.0364542 -0.0364771 -0.0356392 -0.034161 -0.0323272 -0.0303521 -0.0284755 -0.026917 -0.0258304 -0.0252741 -0.0253106 -0.0258912 -0.026903 -0.0282055 -0.0296375 -0.0309236 -0.03182 -0.0320798 -0.0314557 -0.0297456 -0.0268733 -0.0227962 -0.0175985 -0.0114682 -0.0046918 0.00238909 0.00940974 0.0160316 0.0218948 0.0267569 0.0305175 0.0331471 0.0347175 0.0354055 0.0354257 0.0350174 0.0344304 0.0338496 0.0334477 0.0333143 0.0334754 0.0338917 0.0345167 0.0352342 0.0359723 0.0366165 0.0370793 0.0372857 0.03719 0.0367407 0.0359441 0.0347598 0.0331921 0.0312716 0.0290069 0.0264662 0.0236782 0.0206754 0.0175134 0.0142568 0.0109439 0.00764162 0.00432921 0.00105716 -0.00216232 -0.00528993 -0.00830372 -0.0112502 -0.0141274 -0.0169472 -0.019712 -0.0224352 -0.0251397 -0.0278694 -0.0305946 -0.0333268 -0.0360322 -0.0387097 -0.0413072 -0.0437422 -0.045999 -0.0479974 -0.0496965 -0.0510022 -0.0518586 -0.0522235 -0.0520809 -0.0514273 -0.0502506 -0.0485814 -0.0464714 -0.0439838 -0.0411489 -0.0380778 -0.0348657 -0.0316069 -0.0283497 -0.0251647 -0.0221497 -0.0193117 -0.0167072 -0.0143498 -0.0122905 -0.0105223 -0.0090214 -0.00782263 -0.00688342 -0.0062102 -0.0057603 
0 0.00113189 0.00231575 0.00358318 0.00498381 0.00654821 0.0083223 0.0103313 0.0125796 0.0150776 0.0178065 0.0207538 0.0238793 0.0271309 0.0304672 0.0338102 0.0370822 0.0401861 0.0430422 0.0455856 0.0477226 0.0494134 0.0506266 0.0513461 0.0515589 0.0512472 0.0504727 0.0492855 0.0477412 0.0459043 0.0438228 0.0415893 0.0392464 0.0368396 0.0344243 0.0320316 0.0297126 0.0274437 0.0252143 0.0230161 0.0208435 0.0186878 0.0165044 0.0142523 0.0119114 0.00948188 0.00694082 0.00428998 0.00150805 -0.00138101 -0.00435913 -0.00740581 -0.010501 -0.013611 -0.0166872 -0.0196593 -0.0224826 -0.0251172 -0.0274905 -0.0295801 -0.0312918 -0.0325998 -0.0334868 -0.0339277 -0.0338993 -0.0333815 -0.0322972 -0.0306484 -0.0284089 -0.0255868 -0.022228 -0.018374 -0.0141365 -0.00969159 -0.00526759 -0.00114125 0.00238456 0.00503596 0.00653728 0.00673812 0.0055448 0.00297735 -0.000865576 -0.0057071 -0.0112032 -0.0169588 -0.022607 -0.0277395 -0.0320692 -0.0353669 -0.0375466 -0.0385911 -0.038595 -0.0377164 -0.0362063 -0.0342743 -0.0322218 -0.0302972 -0.0286802 -0.0275149 -0.0269392 -0.0269301 -0.0274814 -0.0285098 -0.0298436 -0.0312533 -0.0325365 -0.0333998 -0.0335937 -0.0328651 -0.0310382 -0.0279756 -0.0236726 -0.0182115 -0.011811 -0.00470916 0.00272827 0.0101237 0.0170869 0.0233305 0.028606 0.0327621 0.0357341 0.0376274 0.0385665 0.0387739 0.0384884 0.0379496 0.0373758 0.0369274 0.0366735 0.0366606 0.0368501 0.0371784 0.0375873 0.0379551 0.0382079 0.038246 0.0379935 0.0374167 0.0365003 0.0352078 0.0335656 0.0315458 0.029196 0.0265691 0.0237216 0.0207008 0.0175474 0.0142975 0.0110129 0.00775808 0.00456096 0.00144548 -0.00159565 -0.00453055 -0.00734108 -0.0100196 -0.0125916 -0.0150772 -0.0175077 -0.0198804 -0.0222297 -0.0245923 -0.0269769 -0.0294108 -0.031869 -0.0343754 -0.0369156 -0.0394393 -0.0419026 -0.0442349 -0.0464075 -0.0483572 -0.0499963 -0.0512624 -0.0520822 -0.0524318 -0.0522777 -0.0515917 -0.0504012 -0.0487246 -0.0466087 -0.0440889 -0.0412353 -0.0381626 -0.0349407 -0.0316566 -0.028388 -0.0252148 -0.0221996 -0.0193644 -0.0167771 -0.0144677 -0.0124568 -0.0107531 -0.00935179 -0.00827105 -0.00747316 -0.00695971 
0 0.00140196 0.00285021 0.00440547 0.00609029 0.00796469 0.0100427 0.0123553 0.0148983 0.0176581 0.0206317 0.0237717 0.0270497 0.0303939 0.0337559 0.0370454 0.0401685 0.0430422 0.0455859 0.0477427 0.049439 0.0506606 0.0513695 0.0515776 0.0512756 0.0504965 0.0493056 0.04776 0.0459554 0.0439136 0.041723 0.0394406 0.0371323 0.0348373 0.0325821 0.0304135 0.0283294 0.0263206 0.0243802 0.0224985 0.0206592 0.0188608 0.0170264 0.0151412 0.013158 0.0110905 0.00891005 0.00657296 0.00409711 0.0014569 -0.00130571 -0.00417035 -0.00712798 -0.0101615 -0.0132093 -0.0162393 -0.0191765 -0.0219926 -0.0246138 -0.026997 -0.0290687 -0.0307667 -0.0320719 -0.0329379 -0.0333281 -0.0331943 -0.0324856 -0.0311498 -0.0291902 -0.0265931 -0.0233988 -0.0196621 -0.0155255 -0.0111358 -0.00676683 -0.00269797 0.000774629 0.00335957 0.00480916 0.00496979 0.0036986 0.00105396 -0.00280984 -0.00768294 -0.013223 -0.0190252 -0.024705 -0.0298672 -0.0342261 -0.0375685 -0.0397456 -0.0407716 -0.0407402 -0.0398054 -0.0382224 -0.0362562 -0.0341438 -0.0321421 -0.0304559 -0.0292455 -0.0286042 -0.0285655 -0.0291003 -0.0301035 -0.0314082 -0.0328333 -0.0340984 -0.0349139 -0.0350292 -0.0341808 -0.0321742 -0.0289328 -0.0244165 -0.0187107 -0.0120201 -0.0046058 0.00315682 0.0109003 0.0182792 0.0249199 0.0305605 0.0350915 0.0384288 0.0406397 0.0418513 0.0422519 0.0420798 0.0415893 0.0409629 0.040392 0.0399528 0.0396818 0.0395435 0.0395133 0.0395022 0.0394434 0.0392456 0.0388128 0.0380708 0.0370061 0.0355871 0.0338327 0.0317522 0.0293381 0.0266488 0.0237272 0.0206636 0.0174966 0.014275 0.0110311 0.00780828 0.00465229 0.00162674 -0.00129571 -0.00407367 -0.00671231 -0.00920944 -0.0115484 -0.0137756 -0.0158974 -0.0179601 -0.0199691 -0.0219699 -0.0240042 -0.0260933 -0.0282311 -0.0304446 -0.0327266 -0.0350921 -0.0375119 -0.039927 -0.0423 -0.0445652 -0.0467019 -0.0486053 -0.0502159 -0.0514583 -0.0522766 -0.0526197 -0.0524416 -0.0517527 -0.0505478 -0.0488641 -0.0467178 -0.0441803 -0.0413181 -0.038223 -0.0349849 -0.0316837 -0.0284234 -0.0252522 -0.0222469 -0.0194455 -0.016909 -0.0146728 -0.0127461 -0.0111611 -0.0099032 -0.00898949 -0.00839566 
