0 0 0 0 0 0 0 0 0 0 0 0 0 0 0 0 0 0 0 0 0 0 0 0 0 0 0 0 0 0 0 0 0 0 0 0 0 0 0 0 0 0 0 0 0 0 0 0 0 0 0 0 0 0 0 0 0 0 0 0 0 0 0 0 0 0 0 0 0 0 0 0 0 0 0 0 0 0 0 0 0 0 0 0 0 0 0 0 0 0 0 0 0 0 0 0 0 0 0 0 0 0 0 0 0 0 0 0 0 0 0 0 0 0 0 0 0 0 0 0 0 0 0 0 0 0 0 0 0 0 0 0 0 0 0 0 0 0 0 0 0 0 0 0 0 0 0 0 0 0 0 0 0 0 0 0 0 0 0 0 0 0 0 0 0 0 0 0 0 0 0 0 0 0 0 0 0 0 0 0 0 0 0 0 0 0 0 0 0 0 0 0 0 0 0 0 0 0 0 0 
0 0.00103162 0.00202186 0.00293787 0.0037317 0.00439332 0.00488559 0.00519483 0.00530346 0.00520082 0.00490167 0.00440879 0.00376692 0.00299245 0.00212789 0.00120143 0.000236391 -0.000718621 -0.00163343 -0.00245576 -0.00317277 -0.00374887 -0.0041791 -0.00448071 -0.00465821 -0.00471434 -0.00464898 -0.00449201 -0.00425385 -0.00396532 -0.00365248 -0.00334191 -0.00302651 -0.00271383 -0.00241181 -0.00212704 -0.00188624 -0.00167561 -0.00149542 -0.00132977 -0.00118619 -0.00105737 -0.000941732 -0.000854385 -0.000790816 -0.000733822 -0.000683837 -0.000629912 -0.000577017 -0.000544735 -0.000513547 -0.0004919 -0.000463476 -0.000436523 -0.00040522 -0.000370566 -0.000347429 -0.000331564 -0.000321556 -0.000317481 -0.000295771 -0.000269792 -0.000253083 -0.000232835 -0.000225345 -0.000213836 -0.000195749 -0.000176404 -0.00015771 -0.00014071 -0.000138984 -0.000135775 -0.000129443 -0.000126888 -0.000132291 -0.000133336 -0.000140132 -0.000164098 -0.000219397 -0.000305561 -0.00040542 -0.000524307 -0.000664809 -0.000812745 -0.000983207 -0.00117141 -0.00133976 -0.00148415 -0.00157996 -0.00159629 -0.0015251 -0.00135099 -0.00106389 -0.000683378 -0.00022229 0.000275475 0.000766437 0.0012122 0.00156653 0.00179746 0.00189692 0.00184379 0.00165176 0.00134055 0.000935367 0.000481739 2.80596e-05 -0.000388534 -0.000723669 -0.000970334 -0.00112007 -0.00117596 -0.00116423 -0.00109493 -0.000976798 -0.000847001 -0.000706749 -0.000561366 -0.000430159 -0.000310557 -0.000202739 -0.00011843 -5.83559e-05 -1.40255e-05 2.7739e-05 6.93481e-05 0.000102697 0.000134619 0.000161284 0.000176293 0.000174321 0.00017779 0.000187426 0.000199238 0.000208979 0.000212347 0.000209551 0.000220389 0.000224819 0.000237685 0.000257684 0.000269444 0.000283799 0.000291698 0.000289046 0.000298616 0.000317431 0.000342237 0.000371022 0.000386064 0.000404227 0.000421363 0.000455195 0.000492264 0.000530778 0.000575852 0.000618245 0.000659814 0.000717875 0.000792623 0.000890523 0.00100995 0.00113095 0.0012701 0.00143521 0.0016452 0.00188308 0.00215105 0.00243988 0.00273718 0.00304489 0.00336349 0.00368575 0.00398527 0.00424064 0.00440948 0.00449031 0.00446658 0.00433041 0.00405814 0.00364265 0.00308723 0.00237008 0.001527 0.000581801 -0.000423727 -0.00147144 -0.00252814 -0.00355607 -0.00454783 -0.00546179 -0.00627397 -0.00695551 -0.00751332 -0.00795763 -0.00829818 -0.00856687 -0.00877101 -0.00892388 -0.00902057 
0 0.00202186 0.00397422 0.00576182 0.0073352 0.00862288 0.00959291 0.0101926 0.0103942 0.0102012 0.0096037 0.00865742 0.00739342 0.0058817 0.00418568 0.00235883 0.000482562 -0.00139341 -0.00315938 -0.00476845 -0.00617111 -0.00730963 -0.00818281 -0.00878541 -0.00915716 -0.00927428 -0.00916665 -0.00888783 -0.00845367 -0.00791647 -0.00731774 -0.00670009 -0.00607648 -0.00545458 -0.0048612 -0.00431133 -0.00381773 -0.00339864 -0.00301001 -0.00267746 -0.00239537 -0.00214444 -0.00193106 -0.00174385 -0.00160403 -0.00147291 -0.00136293 -0.00125849 -0.00116469 -0.00108894 -0.00102919 -0.00095956 -0.000902442 -0.00085675 -0.00080475 -0.000761032 -0.000714014 -0.000673551 -0.000640658 -0.000618131 -0.000572277 -0.000536796 -0.000494068 -0.000470664 -0.000448237 -0.000424266 -0.000389805 -0.00035982 -0.000338708 -0.000321145 -0.000284889 -0.000261737 -0.000253561 -0.000245781 -0.000255973 -0.000263452 -0.000307401 -0.000379811 -0.000468987 -0.000606281 -0.000810758 -0.0010315 -0.00131696 -0.00163809 -0.00198844 -0.00234635 -0.00269581 -0.00297527 -0.00315995 -0.00318284 -0.00304259 -0.00268609 -0.0021252 -0.00136893 -0.00046557 0.000533997 0.00151408 0.00241183 0.00311925 0.00359079 0.00377275 0.00366556 0.00327387 0.00265462 0.00184552 0.000960161 5.73293e-05 -0.00076541 -0.00144709 -0.00193934 -0.00224989 -0.0023652 -0.00234318 -0.00218943 -0.00196838 -0.00169108 -0.00139195 -0.00110879 -0.000866775 -0.000625678 -0.000444461 -0.000278112 -0.000122549 -8.78468e-06 6.79761e-05 0.000145031 0.000204453 0.000269585 0.000301929 0.000313344 0.000335774 0.000356138 0.00037558 0.000397114 0.000414338 0.000421832 0.000435466 0.00044779 0.000470308 0.000482712 0.000507156 0.000522668 0.000554098 0.000579689 0.000604216 0.000623323 0.000662617 0.000700574 0.000738501 0.000779785 0.000814866 0.000863882 0.000929313 0.000991257 0.00105658 0.00114819 0.00123534 0.00134782 0.001465 0.00161859 0.00180565 0.00202841 0.00228602 0.00256392 0.00291164 0.00332197 0.00378245 0.00430453 0.00487536 0.00547664 0.00610352 0.00673251 0.00735975 0.00792785 0.00840508 0.00873293 0.00886995 0.00882189 0.00852124 0.00796025 0.00711772 0.00599785 0.00459612 0.00292921 0.00108997 -0.000892855 -0.00295572 -0.00503673 -0.00707333 -0.00901332 -0.0108224 -0.0124182 -0.0137833 -0.0149119 -0.0158162 -0.0165253 -0.0170662 -0.0174892 -0.017791 -0.0179896 
0 0.00293787 0.00576182 0.00837554 0.0106474 0.0125314 0.0139255 0.0147874 0.0150795 0.0147875 0.0139514 0.012581 0.0107782 0.00858844 0.00612705 0.0034874 0.000755582 -0.00193323 -0.00449611 -0.00681693 -0.00887003 -0.0105654 -0.0118718 -0.0128056 -0.0133688 -0.0135757 -0.0134544 -0.0130973 -0.0125253 -0.0117911 -0.0109425 -0.0100525 -0.00913353 -0.00823178 -0.00737559 -0.00656646 -0.00584789 -0.00518595 -0.00459802 -0.00407702 -0.00365261 -0.0032925 -0.00296532 -0.00268653 -0.00245065 -0.00223513 -0.00206135 -0.0019059 -0.00176408 -0.00166134 -0.00154438 -0.00144315 -0.0013441 -0.00127877 -0.00122267 -0.00115548 -0.00109058 -0.00101802 -0.000951175 -0.000911087 -0.000851142 -0.000797627 -0.000765505 -0.00071382 -0.000678272 -0.000631732 -0.0005808 -0.000542115 -0.000512518 -0.000477021 -0.000455655 -0.00041557 -0.000369407 -0.000350951 -0.000379236 -0.000416809 -0.000475695 -0.000568001 -0.000721167 -0.000943794 -0.00121245 -0.00155037 -0.00197338 -0.00244193 -0.00297621 -0.00354564 -0.00404659 -0.00445727 -0.00471635 -0.00474696 -0.00452748 -0.00401342 -0.00317465 -0.00205501 -0.000694004 0.000787576 0.002257 0.00359181 0.00465287 0.00534269 0.0056279 0.00545981 0.00487897 0.00394916 0.00275188 0.00141951 8.59224e-05 -0.00114126 -0.00214373 -0.00289357 -0.00336281 -0.0035513 -0.00352101 -0.00330056 -0.00292838 -0.00251301 -0.00208097 -0.00166019 -0.00129663 -0.00096959 -0.00066792 -0.000407099 -0.000192696 -2.21413e-05 0.000119797 0.000234596 0.000307085 0.000371231 0.000432032 0.00048166 0.000503876 0.000536282 0.000569161 0.000594749 0.000612489 0.000625879 0.000641203 0.000693177 0.000718644 0.000740995 0.000765385 0.000776503 0.000819397 0.000872752 0.00091025 0.000961635 0.0010111 0.00105783 0.00111811 0.00116715 0.001242 0.00131698 0.00141476 0.00150026 0.00158939 0.00172027 0.00187793 0.00205365 0.00226 0.00248548 0.00275636 0.00309536 0.00347543 0.00393076 0.00445948 0.00508274 0.00575952 0.00651903 0.00736269 0.00825906 0.00918426 0.0101018 0.010978 0.0117577 0.012408 0.0128351 0.0130187 0.012896 0.0124235 0.0115458 0.0102645 0.0086079 0.00653543 0.00412764 0.00143688 -0.00144493 -0.00446533 -0.00752032 -0.0104915 -0.013341 -0.0159703 -0.0183293 -0.0203593 -0.0220725 -0.0234755 -0.0245737 -0.0254336 -0.026079 -0.0265523 -0.0268538 
0 0.0037317 0.0073352 0.0106474 0.0135581 0.0159391 0.0177157 0.0188022 0.0191641 0.0188167 0.0177592 0.0160654 0.0137858 0.0110277 0.00791153 0.00455626 0.00111508 -0.00230401 -0.00553752 -0.00851124 -0.011155 -0.013369 -0.0151193 -0.0163772 -0.0171819 -0.0175152 -0.0174443 -0.0170702 -0.0164155 -0.0155382 -0.0144957 -0.0133679 -0.0122056 -0.0110496 -0.00994765 -0.00891132 -0.00795138 -0.00708924 -0.00628486 -0.00558944 -0.00500664 -0.0044983 -0.00405334 -0.00365432 -0.00332984 -0.00303706 -0.00279791 -0.00258903 -0.00240741 -0.00225419 -0.00211543 -0.00196234 -0.00183235 -0.00173408 -0.00163817 -0.00155241 -0.00145869 -0.00136797 -0.00129085 -0.00123568 -0.00115442 -0.00108963 -0.00101694 -0.000962808 -0.000906915 -0.00084546 -0.000773225 -0.000714875 -0.000674788 -0.000639101 -0.000577291 -0.000529967 -0.000504235 -0.000488278 -0.000508024 -0.000534869 -0.00062111 -0.000761713 -0.000948496 -0.00122865 -0.00162506 -0.00207412 -0.00263758 -0.00327238 -0.00396429 -0.00467272 -0.00535064 -0.00589583 -0.0062472 -0.00629135 -0.00600412 -0.00530054 -0.00418963 -0.00269636 -0.000909695 0.0010541 0.00298812 0.00475097 0.0061465 0.00707236 0.00743615 0.00722548 0.00645816 0.00523531 0.00364768 0.00189689 0.000120455 -0.0015027 -0.00284787 -0.0038286 -0.00444554 -0.004688 -0.00464745 -0.00435215 -0.00390744 -0.00335688 -0.00276507 -0.00220071 -0.00170884 -0.00123985 -0.000867663 -0.000534646 -0.000234258 -8.05199e-06 0.000153386 0.000300889 0.000415632 0.000532912 0.000603253 0.000640778 0.000687708 0.000729411 0.000765332 0.000798527 0.000823339 0.000838793 0.000869366 0.000907217 0.000954335 0.000982189 0.00102066 0.00104824 0.00110625 0.00116523 0.00122089 0.00126806 0.00133681 0.0014029 0.00147612 0.00156317 0.00165513 0.00177153 0.00190774 0.00203089 0.00216022 0.00234259 0.00254604 0.00280211 0.00307601 0.0033997 0.00378018 0.00423835 0.00478273 0.00539814 0.00613457 0.00696392 0.00785847 0.00884871 0.00993327 0.0110833 0.0122626 0.013405 0.0144804 0.0154117 0.0161629 0.0166478 0.0167946 0.0165758 0.0158765 0.0146763 0.0129673 0.010779 0.00811373 0.00500355 0.00157236 -0.0021331 -0.00601102 -0.00993575 -0.0137758 -0.0174328 -0.0208467 -0.0239109 -0.0266041 -0.0289135 -0.0308333 -0.0323775 -0.0335736 -0.0344911 -0.03514 -0.0355602 
0 0.00439332 0.00862288 0.0125314 0.0159391 0.0187457 0.0208201 0.022093 0.0225275 0.022122 0.0209194 0.0189458 0.0163095 0.0130951 0.00946185 0.00555968 0.00153201 -0.0024509 -0.00626537 -0.00978029 -0.0129384 -0.0156197 -0.0177646 -0.0193683 -0.020432 -0.0209656 -0.0210169 -0.0206953 -0.0200312 -0.019086 -0.017928 -0.0166576 -0.0153135 -0.0139576 -0.0126351 -0.0113617 -0.0101909 -0.00910616 -0.00812069 -0.00723656 -0.00647889 -0.0058136 -0.00521714 -0.00470957 -0.00428902 -0.00391596 -0.00359802 -0.00330935 -0.00305165 -0.00285456 -0.00266612 -0.00249649 -0.00233142 -0.00219698 -0.00206962 -0.00194047 -0.00182534 -0.00171895 -0.00162773 -0.00155904 -0.00145963 -0.00136129 -0.00128502 -0.00120399 -0.00114258 -0.00106966 -0.000984592 -0.000905997 -0.000840716 -0.000777945 -0.000734266 -0.000685767 -0.000640604 -0.000624027 -0.000654053 -0.000695587 -0.000780713 -0.000936504 -0.00119691 -0.00157749 -0.00205329 -0.00262674 -0.00331619 -0.00408162 -0.00493606 -0.00583508 -0.00665551 -0.0073291 -0.0077537 -0.00780785 -0.00743741 -0.00657378 -0.00518742 -0.00333908 -0.00111672 0.00129916 0.00369251 0.00585991 0.00758757 0.00872183 0.00918616 0.00892518 0.00798705 0.00647183 0.00451875 0.00233912 0.00014575 -0.00186823 -0.00352368 -0.00475085 -0.00551466 -0.00582628 -0.00577711 -0.00542594 -0.00484966 -0.00417663 -0.00346177 -0.0027584 -0.0021278 -0.00155719 -0.00105571 -0.000633495 -0.000292705 -2.89272e-05 0.000186691 0.00037421 0.000518071 0.000647999 0.000753425 0.000824633 0.000859818 0.000901497 0.000948511 0.000996246 0.00103412 0.00106031 0.00108595 0.00114449 0.00118664 0.00123277 0.00128902 0.0013349 0.00140662 0.00147652 0.00152573 0.00159282 0.00167915 0.00177747 0.00189123 0.00199013 0.00210749 0.00223709 0.00240694 0.00257986 0.00276777 0.0030062 0.00327877 0.00359052 0.00395855 0.00438428 0.00489305 0.00550258 0.00618756 0.00698097 0.00789451 0.00893782 0.0100587 0.0112781 0.0125904 0.013952 0.0153204 0.0166332 0.0178376 0.0188588 0.0196456 0.0200874 0.0201392 0.019727 0.0187788 0.0172363 0.0151104 0.0124423 0.00921066 0.0055026 0.00139777 -0.00300256 -0.00761539 -0.012292 -0.0168687 -0.0212657 -0.0253712 -0.0291168 -0.0324425 -0.0353468 -0.0378127 -0.0398211 -0.0414169 -0.0426269 -0.0434964 -0.0440493 
0 0.00488559 0.00959291 0.0139255 0.0177157 0.0208201 0.0231271 0.0245467 0.0250415 0.0246192 0.0232997 0.0211468 0.0182478 0.0147288 0.0107464 0.00645836 0.00203078 -0.00238613 -0.00662966 -0.0105829 -0.0141519 -0.0172202 -0.0197325 -0.0216703 -0.0230447 -0.0238396 -0.0240978 -0.0239107 -0.0233187 -0.0223922 -0.0212146 -0.0198766 -0.0184288 -0.0169185 -0.0154052 -0.0139316 -0.0125473 -0.0112738 -0.0100941 -0.00903039 -0.00809056 -0.00725016 -0.00650588 -0.00586617 -0.00533652 -0.00486824 -0.00445522 -0.00407996 -0.00375141 -0.00348534 -0.00325662 -0.00303885 -0.00284059 -0.00267113 -0.00250987 -0.0023598 -0.00221993 -0.00209217 -0.00198191 -0.00188506 -0.00176172 -0.00164493 -0.00153876 -0.00145169 -0.00137512 -0.00129115 -0.00119497 -0.00110689 -0.00103351 -0.000962637 -0.0008829 -0.000815534 -0.000771651 -0.000755942 -0.000786015 -0.000843667 -0.000968092 -0.00117383 -0.00147415 -0.00190713 -0.00247937 -0.00316002 -0.00398155 -0.00491028 -0.00592521 -0.00696931 -0.00794616 -0.0087358 -0.00922564 -0.00928083 -0.00883096 -0.00779004 -0.00614805 -0.00395546 -0.00133315 0.00152634 0.00435831 0.00692454 0.00896946 0.0103201 0.0108614 0.0105557 0.00944381 0.00765268 0.00534523 0.00277559 0.000178664 -0.00220522 -0.00418485 -0.00564721 -0.00656429 -0.00694639 -0.00688986 -0.00646867 -0.00580164 -0.00499018 -0.00412333 -0.00328659 -0.0025358 -0.00185232 -0.00127385 -0.00077309 -0.00034508 -1.25541e-05 0.000241635 0.00045651 0.000629613 0.000785814 0.000895486 0.000963784 0.00102204 0.00108028 0.00114054 0.00120078 0.00125049 0.00128712 0.00132817 0.001381 0.0014355 0.00148558 0.00154927 0.00161324 0.00170133 0.00178692 0.00185933 0.0019379 0.00204678 0.00217107 0.00230524 0.00243626 0.0025704 0.0027331 0.00293913 0.00316392 0.0034168 0.00372384 0.00406539 0.0044637 0.00492417 0.00547502 0.00613013 0.00689295 0.00774956 0.00870516 0.00980426 0.0110393 0.0123718 0.0138018 0.0153023 0.0168247 0.0183198 0.0197258 0.0209909 0.0220279 0.022763 0.0230896 0.0229435 0.0222846 0.0210287 0.0191406 0.0166222 0.0135023 0.00978887 0.00554632 0.000894475 -0.00408364 -0.00928304 -0.0145589 -0.0197606 -0.0247801 -0.0295264 -0.0338963 -0.0378393 -0.0413302 -0.0443411 -0.0468518 -0.0488683 -0.0504253 -0.0515403 -0.0522557 
0 0.00519483 0.0101926 0.0147874 0.0188022 0.022093 0.0245467 0.0260729 0.0266274 0.0262086 0.0248407 0.0225933 0.0195683 0.0159013 0.0117457 0.00725594 0.00259051 -0.00209457 -0.00663483 -0.0109004 -0.0147827 -0.018173 -0.0210134 -0.0232856 -0.0249832 -0.026081 -0.0266043 -0.0266247 -0.026193 -0.0253789 -0.0242686 -0.0229452 -0.0214612 -0.0198681 -0.0182318 -0.0166097 -0.0150553 -0.0135945 -0.0122256 -0.0109737 -0.00985205 -0.00884442 -0.00794442 -0.00715913 -0.00648939 -0.00590115 -0.00538367 -0.00492466 -0.00452638 -0.00419239 -0.00389789 -0.00362223 -0.00337697 -0.00317112 -0.00298571 -0.00281069 -0.00263996 -0.0024774 -0.00233364 -0.00220715 -0.0020726 -0.00194581 -0.00182921 -0.00172228 -0.00161794 -0.00150806 -0.00139544 -0.00129694 -0.00121572 -0.00113634 -0.00104716 -0.000961373 -0.000897942 -0.000878179 -0.000918087 -0.00100317 -0.00115645 -0.00139945 -0.00175541 -0.00225606 -0.00290851 -0.00369974 -0.0046469 -0.00572394 -0.00689842 -0.00809845 -0.00920946 -0.0101002 -0.0106408 -0.0106927 -0.0101607 -0.00895904 -0.00706814 -0.0045452 -0.00153178 0.00174696 0.0049994 0.00793945 0.0102874 0.0118381 0.0124611 0.0121125 0.0108404 0.00878343 0.00614177 0.00319219 0.000213632 -0.00252308 -0.00480332 -0.00649964 -0.00757041 -0.00803356 -0.00797857 -0.00749842 -0.00672175 -0.00577597 -0.00477184 -0.00380413 -0.00293017 -0.00214682 -0.00147037 -0.000884955 -0.00038903 4.5594e-06 0.00031036 0.000555403 0.000746307 0.000908632 0.00103465 0.00112711 0.00120532 0.00127879 0.00134806 0.00141019 0.00145895 0.00150084 0.00155624 0.00162844 0.0017001 0.00176152 0.00182476 0.00189421 0.00199058 0.00209612 0.00219617 0.00230094 0.00242697 0.00256784 0.00272129 0.00288234 0.00305827 0.00326902 0.00352092 0.00379687 0.00411016 0.0044871 0.00492245 0.00542826 0.00601123 0.00669445 0.0074961 0.00842012 0.00945353 0.0105995 0.0118878 0.0133082 0.0148246 0.0164209 0.0180603 0.0196846 0.0212352 0.0226519 0.0238772 0.0248274 0.0254139 0.0255345 0.0251285 0.0241614 0.022573 0.0203328 0.0174449 0.0139289 0.0098012 0.00513127 3.83781e-05 -0.00538194 -0.011026 -0.0167605 -0.0224512 -0.0279934 -0.0332901 -0.0382332 -0.0427539 -0.0468091 -0.0503598 -0.0533746 -0.0558434 -0.0577788 -0.0591885 -0.0601027 
0 0.00530346 0.0103942 0.0150795 0.0191641 0.0225275 0.0250415 0.0266274 0.0272334 0.0268412 0.0254971 0.0232548 0.020244 0.0165842 0.0124227 0.00790644 0.00317093 -0.00160753 -0.00629147 -0.0107316 -0.0148248 -0.0184715 -0.0215997 -0.0241917 -0.0262069 -0.0276308 -0.0284706 -0.0287768 -0.0286007 -0.0279948 -0.0270348 -0.0258009 -0.024351 -0.0227546 -0.0210749 -0.0193691 -0.0176951 -0.016065 -0.0145221 -0.0130856 -0.011785 -0.0106107 -0.00954202 -0.00859534 -0.00776261 -0.00703839 -0.00640787 -0.00586018 -0.00538416 -0.00497703 -0.00460215 -0.004265 -0.00396274 -0.00370826 -0.00348839 -0.00327489 -0.0030705 -0.00287632 -0.00270415 -0.00255179 -0.00240646 -0.00225999 -0.00213273 -0.00199939 -0.00187121 -0.00173622 -0.00160406 -0.00148765 -0.001389 -0.00129102 -0.00120255 -0.00111159 -0.00104092 -0.00102531 -0.00106763 -0.00116877 -0.00133806 -0.00161153 -0.00203066 -0.00261307 -0.00335001 -0.00426363 -0.00533288 -0.00654073 -0.0078535 -0.00919551 -0.0104233 -0.0114145 -0.0120067 -0.0120566 -0.0114378 -0.0100772 -0.00793771 -0.00509848 -0.00171233 0.00195593 0.00560271 0.00888914 0.0115233 0.0132601 0.0139658 0.0135782 0.0121615 0.00985549 0.00690322 0.00359079 0.000249168 -0.00283048 -0.00539713 -0.00731958 -0.00853211 -0.00907009 -0.00901669 -0.00849531 -0.00762146 -0.00655993 -0.00542759 -0.00432136 -0.00330656 -0.00241797 -0.00163259 -0.000967428 -0.000420821 1.76035e-05 0.000367282 0.000642756 0.000866007 0.00104464 0.00119543 0.0013133 0.00139778 0.00147951 0.00155537 0.00162037 0.00167311 0.00172395 0.00178677 0.00187791 0.00196013 0.00204069 0.0021127 0.00219499 0.00229971 0.00242126 0.00253959 0.00267119 0.00281246 0.00297319 0.00315339 0.00334749 0.00357972 0.00384865 0.00415869 0.0044963 0.00487767 0.00533056 0.00587602 0.00650395 0.00723286 0.00806029 0.00901389 0.0101045 0.0113173 0.012669 0.0141452 0.0157349 0.017394 0.0190956 0.0208064 0.0224636 0.0239968 0.0253426 0.0264282 0.027186 0.027527 0.0273628 0.026649 0.0253333 0.0233945 0.0207968 0.0175589 0.0137011 0.00923782 0.00425496 -0.00116146 -0.00689146 -0.0128475 -0.0189113 -0.024965 -0.0309255 -0.0366765 -0.0421272 -0.0471762 -0.0517659 -0.0558415 -0.059352 -0.0622855 -0.0646174 -0.0663554 -0.0674953 
0 0.00520082 0.0102012 0.0147875 0.0188167 0.022122 0.0246192 0.0262086 0.0268412 0.0265178 0.0252503 0.0231399 0.0202594 0.0167552 0.0127402 0.00834606 0.00372659 -0.000990888 -0.00563943 -0.010124 -0.0143165 -0.0181348 -0.0215039 -0.0243648 -0.0266878 -0.0284429 -0.0296448 -0.030309 -0.0304741 -0.030166 -0.0294536 -0.0283913 -0.0270727 -0.0255518 -0.0238958 -0.0221739 -0.0204084 -0.0186684 -0.0169685 -0.0153766 -0.013902 -0.0125466 -0.0113124 -0.0101927 -0.00919786 -0.00833062 -0.00756339 -0.00689489 -0.00631901 -0.00580429 -0.00536309 -0.00495125 -0.00459817 -0.00428504 -0.00400642 -0.0037554 -0.00351579 -0.00329861 -0.00311006 -0.00292495 -0.00275012 -0.00258136 -0.00241268 -0.00227532 -0.00213195 -0.00198733 -0.00183965 -0.0017028 -0.00157924 -0.00147219 -0.00135269 -0.00126144 -0.00121057 -0.00119956 -0.00123156 -0.00133927 -0.00153903 -0.00186372 -0.00233296 -0.00297993 -0.00382658 -0.00484217 -0.00602265 -0.00736857 -0.00880812 -0.0102557 -0.0116158 -0.012696 -0.0133307 -0.0133689 -0.012666 -0.01113 -0.00876167 -0.00561925 -0.00189549 0.00214224 0.00614679 0.00976217 0.0126558 0.0145775 0.0153503 0.0149361 0.0133796 0.0108517 0.00760503 0.00396619 0.000279255 -0.00311742 -0.00597643 -0.0081084 -0.00946397 -0.0100759 -0.0100251 -0.00944759 -0.00851455 -0.00733839 -0.00607106 -0.00483871 -0.00369385 -0.00267199 -0.00180212 -0.00106326 -0.000446709 4.20121e-05 0.000418757 0.000717424 0.000978149 0.00119662 0.00135935 0.0014726 0.00157664 0.00166226 0.00174741 0.00182707 0.00189989 0.0019675 0.00204856 0.00212308 0.00222058 0.00230984 0.0024016 0.00251515 0.00263702 0.00276944 0.00291215 0.00305531 0.00322699 0.00342467 0.00363474 0.00388283 0.00415051 0.0044801 0.00484809 0.00526448 0.0057416 0.00629747 0.00695636 0.00772737 0.00859782 0.00959181 0.0107134 0.0119648 0.013365 0.014883 0.0165308 0.0182461 0.0200051 0.0217598 0.0234709 0.0250897 0.0265309 0.0277224 0.0285869 0.0290611 0.0290669 0.0285605 0.0274783 0.025803 0.0234892 0.0205433 0.0169821 0.0128224 0.0081249 0.00291951 -0.00268076 -0.00860785 -0.0147543 -0.0210281 -0.0273491 -0.033607 -0.0397337 -0.0455976 -0.0511184 -0.0561974 -0.0607607 -0.0647613 -0.0681378 -0.0708827 -0.0729481 -0.0743274 
0 0.00490167 0.0096037 0.0139514 0.0177592 0.0209194 0.0232997 0.0248407 0.0254971 0.0252503 0.0241597 0.0222553 0.0196465 0.0164156 0.0126813 0.00857349 0.00420176 -0.000273667 -0.00476795 -0.00915777 -0.0133473 -0.017254 -0.0207777 -0.0238712 -0.0264633 -0.0285553 -0.030136 -0.0311892 -0.0317417 -0.0318018 -0.0314136 -0.0306372 -0.0295353 -0.0281806 -0.0266209 -0.0249242 -0.0231544 -0.0213373 -0.0195564 -0.0178285 -0.0161898 -0.0146648 -0.0132535 -0.011978 -0.0108222 -0.00979965 -0.00887929 -0.00806302 -0.00734772 -0.00673164 -0.00618537 -0.00571624 -0.00529417 -0.00491242 -0.00458126 -0.00427492 -0.00400055 -0.00375788 -0.0035345 -0.00331306 -0.00311024 -0.00289975 -0.0027243 -0.00255434 -0.00239907 -0.0022425 -0.00208567 -0.00193064 -0.0017839 -0.00164515 -0.00154073 -0.00143666 -0.00135754 -0.00134904 -0.00140092 -0.00154011 -0.00176193 -0.00211827 -0.00266493 -0.0033955 -0.00429607 -0.00541976 -0.00670914 -0.00816467 -0.00973847 -0.0113329 -0.0127766 -0.0139296 -0.0145905 -0.0146042 -0.0138036 -0.0121274 -0.00952933 -0.00611179 -0.00206385 0.0023023 0.00664674 0.0105527 0.013696 0.015774 0.0166247 0.0161754 0.0145032 0.0117616 0.00825752 0.0043081 0.000312324 -0.00338787 -0.00649464 -0.00884828 -0.0103497 -0.011044 -0.0110063 -0.0104002 -0.00935217 -0.00806816 -0.00669547 -0.00533754 -0.00406575 -0.00296018 -0.00196726 -0.00113634 -0.000472532 6.42262e-05 0.000497685 0.000833458 0.00111159 0.00131825 0.0015019 0.00165304 0.00175196 0.0018483 0.00194734 0.00204408 0.0021355 0.00222109 0.0023026 0.00239931 0.00248791 0.00259579 0.00270314 0.00283967 0.00298299 0.00313599 0.00329312 0.00347298 0.0036713 0.0039121 0.00417779 0.00446158 0.00479085 0.00516415 0.0056003 0.00611422 0.00671189 0.00739433 0.00819695 0.00909802 0.0101324 0.0112916 0.0125926 0.0140282 0.0155787 0.0172557 0.0190047 0.0208074 0.0226169 0.0243671 0.0260189 0.0275092 0.0287631 0.0297124 0.0302686 0.0303874 0.0300005 0.0290833 0.0276162 0.0255417 0.0228765 0.0195999 0.0157515 0.0113652 0.00648429 0.00118163 -0.00452023 -0.010519 -0.0167563 -0.0231531 -0.0296255 -0.0361082 -0.0424851 -0.0486895 -0.0545911 -0.0600961 -0.0651138 -0.0695547 -0.0733763 -0.0764957 -0.0788891 -0.0804879 
0 0.00440879 0.00865742 0.012581 0.0160654 0.0189458 0.0211468 0.0225933 0.0232548 0.0231399 0.0222553 0.0206723 0.0184129 0.0155811 0.0122593 0.00855597 0.00459343 0.000456419 -0.00374287 -0.0079423 -0.0120191 -0.0159066 -0.0195183 -0.022774 -0.0256202 -0.0280305 -0.0299831 -0.0314269 -0.032381 -0.0328433 -0.0328564 -0.0324279 -0.0316382 -0.0305192 -0.0291267 -0.0275543 -0.0258324 -0.0240478 -0.0222217 -0.0204154 -0.0186438 -0.0169554 -0.0153892 -0.0139434 -0.0126173 -0.011432 -0.0103497 -0.00938675 -0.00854887 -0.0077967 -0.00715712 -0.00657913 -0.0060795 -0.00562095 -0.00521732 -0.00486148 -0.00453462 -0.00424307 -0.00398436 -0.00372437 -0.00349492 -0.00327406 -0.0030526 -0.00286582 -0.00267413 -0.00248938 -0.00231174 -0.00214967 -0.0019916 -0.00185057 -0.00169851 -0.00158061 -0.00151715 -0.00151068 -0.0015584 -0.00172512 -0.0020009 -0.00241607 -0.00299377 -0.00376484 -0.00476509 -0.00598318 -0.00738792 -0.00898531 -0.0106706 -0.0123374 -0.0138835 -0.0150913 -0.0157675 -0.0157555 -0.0148746 -0.0130327 -0.0102372 -0.00655888 -0.00222398 0.002455 0.00709222 0.011275 0.0146293 0.0168631 0.0177721 0.0173069 0.0155173 0.0125984 0.00884796 0.00463057 0.000349128 -0.00361547 -0.00698226 -0.00952271 -0.0111663 -0.0119468 -0.0119294 -0.0112802 -0.0101918 -0.00879623 -0.00728181 -0.00579958 -0.00440974 -0.00318141 -0.00212578 -0.00122905 -0.000479376 0.000129187 0.000600376 0.000953302 0.00125631 0.00149267 0.00167341 0.00181429 0.00195163 0.00206844 0.00218269 0.00228025 0.00237442 0.00246763 0.00257202 0.00266257 0.00278383 0.00290272 0.00302576 0.00318141 0.00333529 0.00350634 0.00370268 0.0039062 0.00414287 0.00442239 0.00472416 0.00508441 0.00547482 0.0059411 0.00646372 0.00708675 0.00781433 0.00863562 0.0095791 0.0106428 0.0118295 0.0131712 0.0146557 0.0162559 0.0179738 0.0197505 0.0215781 0.0233932 0.0251859 0.0268655 0.0283675 0.0296418 0.030606 0.031214 0.0313937 0.0311039 0.0302844 0.028945 0.02705 0.0245958 0.0215778 0.0180225 0.0139498 0.00938437 0.00441768 -0.000939182 -0.00663027 -0.012631 -0.0188684 -0.0252949 -0.0318584 -0.0384496 -0.0450124 -0.0514367 -0.0576388 -0.063491 -0.0688876 -0.0737421 -0.0779412 -0.0814201 -0.0840832 -0.0858762 
0 0.00376692 0.00739342 0.0107782 0.0137858 0.0163095 0.0182478 0.0195683 0.020244 0.0202594 0.0196465 0.0184129 0.0166003 0.0142551 0.0114552 0.00828686 0.0048191 0.0011445 -0.00268335 -0.00657574 -0.0104359 -0.0142061 -0.0178051 -0.0211664 -0.0242065 -0.026897 -0.0291878 -0.0310063 -0.0323691 -0.0332733 -0.0337238 -0.0337206 -0.0332993 -0.0325063 -0.0313798 -0.0300033 -0.0284322 -0.0267113 -0.024913 -0.0230675 -0.0212151 -0.0194176 -0.0177097 -0.0161042 -0.0146006 -0.0132371 -0.0119958 -0.0108848 -0.00989717 -0.009012 -0.00822365 -0.00753913 -0.00694026 -0.00640015 -0.00593145 -0.00550569 -0.005113 -0.00476441 -0.00444888 -0.00415336 -0.00390573 -0.00366081 -0.00343078 -0.00320191 -0.0029771 -0.00276358 -0.00256462 -0.00237743 -0.00219722 -0.00203314 -0.00190075 -0.00177878 -0.00169717 -0.00169656 -0.0017678 -0.00195359 -0.00224456 -0.00268938 -0.00334214 -0.00419793 -0.00526361 -0.00658213 -0.00808892 -0.00977683 -0.0115704 -0.0133497 -0.0149503 -0.0162003 -0.016886 -0.0168336 -0.0158577 -0.0138858 -0.0108888 -0.00697714 -0.00237909 0.00256732 0.00747659 0.0118935 0.0154496 0.0178126 0.0187837 0.0182924 0.0164132 0.0133273 0.00937272 0.00491153 0.000377692 -0.00383877 -0.00741574 -0.0101516 -0.0119351 -0.0127975 -0.0128116 -0.0121515 -0.0109749 -0.00949048 -0.00788208 -0.00627599 -0.00475906 -0.00343034 -0.00225462 -0.00127148 -0.000483019 0.000160253 0.000677469 0.0010746 0.00139786 0.0016321 0.00183762 0.00201972 0.00215901 0.00228471 0.00240247 0.00250582 0.00260663 0.0027107 0.00282475 0.0029535 0.00309103 0.00323977 0.00337933 0.00354332 0.00371032 0.00390333 0.00413537 0.00439498 0.0046748 0.00499844 0.00535671 0.00577424 0.00626669 0.00682949 0.00746673 0.0082114 0.00906813 0.0100324 0.0111398 0.0123704 0.0137411 0.0152493 0.016885 0.0186222 0.0204371 0.0222985 0.0241347 0.0259156 0.0276133 0.029135 0.0304178 0.0313923 0.0319958 0.0321935 0.0319351 0.0311982 0.0299332 0.0281535 0.0258503 0.0230078 0.0196812 0.0158883 0.0116508 0.00699153 0.00197482 -0.00335527 -0.00900792 -0.014936 -0.0211116 -0.027505 -0.0340626 -0.0407097 -0.0473473 -0.0539198 -0.060314 -0.0664196 -0.0721224 -0.0772945 -0.081826 -0.0855772 -0.0884685 -0.0904036 
0 0.00299245 0.0058817 0.00858844 0.0110277 0.0130951 0.0147288 0.0159013 0.0165842 0.0167552 0.0164156 0.0155811 0.0142551 0.0124739 0.0102791 0.00771751 0.00483671 0.0016887 -0.00166698 -0.00516252 -0.00870701 -0.0122619 -0.0157671 -0.0191447 -0.0223089 -0.0252146 -0.0277988 -0.0299774 -0.0317526 -0.0331048 -0.0340158 -0.0344526 -0.0344561 -0.034055 -0.0332764 -0.0321876 -0.030821 -0.0292461 -0.027527 -0.0257186 -0.0238536 -0.0219938 -0.0201848 -0.018437 -0.01677 -0.0152407 -0.0138376 -0.0125681 -0.0114245 -0.0103762 -0.00944534 -0.00862653 -0.0079157 -0.00727399 -0.00671279 -0.00621347 -0.00575887 -0.00535452 -0.00499068 -0.00464627 -0.00435036 -0.00406842 -0.00379465 -0.00354215 -0.00329654 -0.0030636 -0.00284277 -0.00263484 -0.00242944 -0.00224814 -0.00209207 -0.0019731 -0.00190933 -0.00190973 -0.00197436 -0.00217537 -0.00250954 -0.00301054 -0.00371342 -0.0046298 -0.00578256 -0.00718477 -0.00878518 -0.0105734 -0.0124508 -0.0142955 -0.0159679 -0.0172566 -0.0179411 -0.0178426 -0.016773 -0.0146493 -0.0114753 -0.00735493 -0.00253025 0.00265323 0.00778657 0.0124156 0.0161376 0.018619 0.0196426 0.0191396 0.0171767 0.0139609 0.00982545 0.00515983 0.000405134 -0.00403228 -0.00782645 -0.010735 -0.0126501 -0.0135911 -0.0136292 -0.0129465 -0.011735 -0.0101742 -0.00845975 -0.00674056 -0.0051049 -0.00365188 -0.00238703 -0.00132883 -0.000469346 0.000226535 0.00077263 0.00118855 0.00153985 0.00180843 0.0020247 0.00220421 0.00235722 0.0024919 0.0026223 0.00273892 0.00286136 0.00298929 0.00312114 0.003249 0.00339934 0.00356158 0.00373053 0.00392764 0.0041248 0.00435095 0.0046251 0.00492846 0.00526252 0.00564293 0.00606396 0.00656865 0.00715765 0.00784156 0.00860813 0.00949441 0.0105003 0.01162 0.0128911 0.0143021 0.0158475 0.0175172 0.0192745 0.0210894 0.0229576 0.0248252 0.0266249 0.0282942 0.0298101 0.0310824 0.0320511 0.0326631 0.0328554 0.0326064 0.0318821 0.0306737 0.0289545 0.0267516 0.024054 0.0208692 0.0172624 0.0132824 0.0089387 0.00423899 -0.000755267 -0.00603191 -0.0115933 -0.0174213 -0.0234864 -0.0297815 -0.0362773 -0.0428932 -0.0495528 -0.0561831 -0.0626903 -0.068955 -0.0748556 -0.0802555 -0.0850025 -0.0889496 -0.0919806 -0.0940059 
0 0.00212789 0.00418568 0.00612705 0.00791153 0.00946185 0.0107464 0.0117457 0.0124227 0.0127402 0.0126813 0.0122593 0.0114552 0.0102791 0.0087351 0.00683054 0.00458862 0.00203446 -0.000778402 -0.00380113 -0.00696151 -0.0102317 -0.0135612 -0.0168624 -0.0200544 -0.0230881 -0.0258986 -0.0283925 -0.0305456 -0.0323206 -0.0336759 -0.0345687 -0.0350339 -0.0350849 -0.0347238 -0.0339908 -0.0329094 -0.0315598 -0.0300062 -0.0283077 -0.0264926 -0.024625 -0.0227638 -0.0209236 -0.0191358 -0.0174575 -0.0158905 -0.0144457 -0.0131278 -0.0119158 -0.0108381 -0.00988275 -0.00904031 -0.00827371 -0.00759881 -0.00701061 -0.00648636 -0.00602086 -0.00559405 -0.00518804 -0.00483026 -0.004502 -0.00418818 -0.0039063 -0.00363679 -0.00338313 -0.00313886 -0.00290235 -0.00266903 -0.00247199 -0.00230845 -0.00218587 -0.0021184 -0.00211783 -0.00219752 -0.0024197 -0.00278993 -0.0033417 -0.00410589 -0.00508752 -0.00631179 -0.00778438 -0.00946839 -0.0113408 -0.0133019 -0.0152164 -0.016937 -0.0182421 -0.0189139 -0.0187601 -0.0175987 -0.0153396 -0.0119995 -0.0076893 -0.00266684 0.00271629 0.00803517 0.0128355 0.0166957 0.0192773 0.02035 0.019843 0.0178193 0.0144977 0.0102122 0.00537217 0.000424913 -0.00420501 -0.00818289 -0.0112507 -0.0132949 -0.0143178 -0.0143954 -0.0137008 -0.0124423 -0.0108086 -0.00900638 -0.00718616 -0.00544634 -0.00387943 -0.00251365 -0.00136799 -0.000442425 0.000302425 0.000888464 0.0013381 0.00170341 0.00198386 0.00221195 0.00240674 0.00257331 0.00271458 0.00285333 0.00298642 0.00313169 0.00328369 0.00343412 0.00357088 0.00372967 0.00390413 0.00410377 0.00433828 0.00457868 0.00484542 0.00516191 0.00551244 0.00590925 0.00636587 0.00688034 0.00748998 0.00818921 0.00899069 0.00989144 0.0109333 0.0121104 0.013408 0.0148465 0.0164203 0.0181146 0.019913 0.0217572 0.0236088 0.0254664 0.0272721 0.0289567 0.0304437 0.0317008 0.0326443 0.0332256 0.0334108 0.0331536 0.0324352 0.0312325 0.0295432 0.027372 0.0247658 0.0217208 0.0182542 0.0144302 0.0103125 0.00590504 0.00120929 -0.00372866 -0.00892027 -0.0143738 -0.0200819 -0.0260126 -0.0321695 -0.0385415 -0.0450606 -0.051664 -0.0582726 -0.0647963 -0.0711113 -0.07709 -0.0825876 -0.087434 -0.0914745 -0.0945761 -0.0966472 
0 0.00120143 0.00235883 0.0034874 0.00455626 0.00555968 0.00645836 0.00725594 0.00790644 0.00834606 0.00857349 0.00855597 0.00828686 0.00771751 0.00683054 0.00560796 0.0040323 0.00213141 -8.91665e-05 -0.0025797 -0.00530432 -0.00823078 -0.0113031 -0.014441 -0.0175689 -0.0206481 -0.0236089 -0.0263474 -0.0288106 -0.0309586 -0.0327207 -0.0340722 -0.0350034 -0.0355282 -0.0356226 -0.0352967 -0.0345975 -0.0335622 -0.0322755 -0.0307581 -0.0290555 -0.0272429 -0.0253846 -0.0235087 -0.0216452 -0.0198406 -0.018126 -0.0165185 -0.0150293 -0.0136703 -0.0124315 -0.0113344 -0.0103374 -0.00942795 -0.00862533 -0.00792466 -0.00730622 -0.00675944 -0.00625079 -0.00578359 -0.00537243 -0.0049923 -0.00464383 -0.00430824 -0.00399818 -0.00371041 -0.00344188 -0.00318006 -0.00292995 -0.00270349 -0.00253534 -0.00240203 -0.00232653 -0.00233597 -0.00244701 -0.00269451 -0.00310124 -0.00368951 -0.00450071 -0.00553854 -0.00682083 -0.00837817 -0.010159 -0.0121059 -0.0141357 -0.0161078 -0.017838 -0.0191443 -0.0197969 -0.0195831 -0.01833 -0.015959 -0.0124639 -0.00799255 -0.00280221 0.00274386 0.00821978 0.0131504 0.0171264 0.0197866 0.0209041 0.020393 0.0183307 0.0149196 0.0105187 0.00553873 0.000437409 -0.00435788 -0.00848047 -0.0116964 -0.0138615 -0.014965 -0.0150943 -0.0144182 -0.0131148 -0.0114196 -0.00953172 -0.00759667 -0.00574703 -0.00408668 -0.00262794 -0.00140619 -0.000418839 0.000382499 0.00101806 0.00151477 0.00189819 0.00218087 0.00241618 0.00262938 0.0028019 0.00296464 0.00311324 0.00325883 0.00341402 0.00358076 0.00374402 0.00391425 0.00408821 0.00429424 0.00452647 0.00479058 0.0050734 0.00538376 0.00574735 0.00616278 0.00663086 0.00717589 0.00780863 0.00853672 0.0093809 0.0103112 0.0113619 0.0125643 0.013915 0.0153932 0.0169917 0.0186949 0.0205009 0.0223757 0.0242645 0.0261196 0.0279044 0.0295844 0.0310542 0.0322758 0.033194 0.0337422 0.0338843 0.0335885 0.0328493 0.0316486 0.0299765 0.0278304 0.0252406 0.0222672 0.0189366 0.0152524 0.0112869 0.0070803 0.00263988 -0.00202503 -0.00689974 -0.0119797 -0.0173195 -0.0228876 -0.0286717 -0.03467 -0.0408692 -0.0472456 -0.0537145 -0.0602314 -0.0666749 -0.0729311 -0.0788652 -0.0843144 -0.0891368 -0.0931496 -0.0962468 -0.0983095 
0 0.000236391 0.000482562 0.000755582 0.00111508 0.00153201 0.00203078 0.00259051 0.00317093 0.00372659 0.00420176 0.00459343 0.0048191 0.00483671 0.00458862 0.0040323 0.00315297 0.00191367 0.000331364 -0.00159733 -0.00383565 -0.00634933 -0.0090909 -0.0119776 -0.0149625 -0.0180043 -0.0210216 -0.0239149 -0.0266138 -0.0290691 -0.0312228 -0.0329996 -0.0343982 -0.0353843 -0.0359434 -0.0360825 -0.0358075 -0.0351799 -0.0342129 -0.0329539 -0.0314421 -0.0297581 -0.0279787 -0.0261248 -0.0242276 -0.0223469 -0.0205191 -0.0187759 -0.0171419 -0.0156073 -0.0142143 -0.0129435 -0.0117938 -0.0107462 -0.00980485 -0.00897851 -0.00824502 -0.00758145 -0.00698756 -0.00645306 -0.00598084 -0.0055625 -0.00514715 -0.00476495 -0.00440447 -0.00407444 -0.00377456 -0.00349475 -0.00322062 -0.00298506 -0.00277862 -0.00264563 -0.00259091 -0.0026035 -0.00272018 -0.00299505 -0.00344125 -0.00407461 -0.00491459 -0.00599799 -0.00736355 -0.00898396 -0.0108407 -0.0128715 -0.0149518 -0.0169407 -0.0187029 -0.0199932 -0.0205987 -0.0203193 -0.0189819 -0.0164821 -0.0128756 -0.00827575 -0.00295281 0.00272516 0.00831182 0.0133649 0.0174229 0.0201473 0.021296 0.0207873 0.0186785 0.0152188 0.0107302 0.00565225 0.000440814 -0.00447129 -0.008744 -0.0120798 -0.0143606 -0.0155582 -0.0157385 -0.0150594 -0.0137583 -0.0120096 -0.01003 -0.00800439 -0.0060569 -0.00427393 -0.00274069 -0.00145223 -0.000390867 0.000469811 0.00115068 0.00167272 0.00207867 0.00239743 0.00263704 0.00283888 0.00304027 0.00321517 0.00338139 0.00353369 0.00369526 0.00387694 0.00406882 0.0042565 0.00448125 0.00471946 0.00499493 0.00529493 0.00561239 0.00597856 0.00641408 0.00691287 0.00748628 0.00813488 0.00887959 0.00975256 0.0107331 0.0118341 0.0130469 0.0144142 0.0159314 0.0175683 0.0193026 0.0211168 0.0229818 0.0248796 0.0267422 0.0285151 0.0301703 0.0316177 0.0328047 0.0336627 0.0341759 0.0342933 0.0339635 0.0331835 0.0319437 0.0302643 0.0281469 0.0255905 0.0226408 0.0193651 0.0157948 0.0119657 0.00790698 0.00366566 -0.000772999 -0.00540515 -0.0101948 -0.0151818 -0.0203782 -0.0258103 -0.0314398 -0.0372659 -0.0432923 -0.049465 -0.0557632 -0.0620895 -0.0683662 -0.0744499 -0.0801984 -0.0854794 -0.0901205 -0.0940111 -0.0969982 -0.0990005 
0 -0.000718621 -0.00139341 -0.00193323 -0.00230401 -0.0024509 -0.00238613 -0.00209457 -0.00160753 -0.000990888 -0.000273667 0.000456419 0.0011445 0.0016887 0.00203446 0.00213141 0.00191367 0.00135142 0.000396969 -0.000936618 -0.00264369 -0.00468819 -0.00702634 -0.0095995 -0.0123676 -0.0152775 -0.0182512 -0.0211955 -0.0240384 -0.0267471 -0.0292131 -0.0313916 -0.0332018 -0.03464 -0.0356778 -0.0362852 -0.0364948 -0.036286 -0.0357153 -0.034784 -0.0335538 -0.0320954 -0.0304637 -0.0286927 -0.0268341 -0.0249297 -0.0230531 -0.021219 -0.0194377 -0.0177576 -0.0161749 -0.0147476 -0.0134325 -0.0122379 -0.0111563 -0.0101899 -0.00932334 -0.00854966 -0.00784091 -0.00722073 -0.00667179 -0.00617072 -0.00570915 -0.00525846 -0.00485068 -0.00448547 -0.00415516 -0.00382927 -0.00353457 -0.00326943 -0.00308297 -0.00294273 -0.00286489 -0.00288121 -0.0030309 -0.00330726 -0.00377632 -0.00445166 -0.00536364 -0.00651589 -0.00792157 -0.00959881 -0.0115168 -0.0135786 -0.0157104 -0.0177552 -0.0195001 -0.0207713 -0.0213416 -0.0209768 -0.019535 -0.0169478 -0.0132162 -0.00851345 -0.0031041 0.00265651 0.00833472 0.0134483 0.01758 0.020351 0.0215209 0.0210066 0.0188949 0.015391 0.0108641 0.00573072 0.000435486 -0.00458658 -0.00894969 -0.0124145 -0.0148037 -0.0160682 -0.0163037 -0.0156595 -0.0143154 -0.0125353 -0.0105183 -0.00840891 -0.0063697 -0.00449655 -0.00284378 -0.00145345 -0.000330727 0.000567718 0.00128069 0.00185757 0.00227941 0.00259573 0.0028571 0.00309777 0.0032959 0.00348441 0.00364798 0.00382383 0.00400718 0.00421036 0.0044191 0.00465313 0.00489287 0.00517811 0.00549839 0.00584311 0.00622973 0.00666469 0.00718441 0.00779541 0.00848241 0.00924934 0.0101306 0.0111233 0.0122747 0.0135329 0.0149349 0.0164712 0.0181333 0.019902 0.0217338 0.0236104 0.0255043 0.0273554 0.02911 0.0307213 0.032127 0.0332924 0.0341023 0.0345561 0.0346103 0.0342551 0.033459 0.0321857 0.0304741 0.0283305 0.0258005 0.0228913 0.019656 0.016146 0.0124079 0.00846564 0.00436567 0.000116612 -0.00429506 -0.00886656 -0.0135985 -0.0184747 -0.0235554 -0.0288281 -0.0343005 -0.0399583 -0.0457785 -0.0517487 -0.0577915 -0.0638713 -0.0698658 -0.0756607 -0.0811138 -0.0860764 -0.0904454 -0.0940758 -0.096884 -0.0987535 
