0 0 0 0 0 0 0 0 0 0 0 0 0 0 0 0 0 0 0 0 0 0 0 0 0 0 0 0 0 0 0 0 0 0 0 0 0 0 0 0 0 0 0 0 0 0 0 0 0 0 0 0 0 0 0 0 0 0 0 0 0 0 0 0 0 0 0 0 0 0 0 0 0 0 0 0 0 0 0 0 0 0 0 0 0 0 0 0 0 0 0 0 0 0 0 0 0 0 0 0 0 0 0 0 0 0 0 0 0 0 0 0 0 0 0 0 0 0 0 0 0 0 0 0 0 0 0 0 0 0 0 0 0 0 0 0 0 0 0 0 0 0 0 0 0 0 0 0 0 0 0 0 0 0 0 0 0 0 0 0 0 0 0 0 0 0 0 0 0 0 0 0 0 0 0 0 0 0 0 0 0 0 0 0 0 0 0 0 0 0 0 0 0 0 0 0 0 0 0 0 
0 1.22796e-06 7.53924e-06 6.81367e-06 1.3539e-05 1.34845e-05 1.82813e-05 2.3441e-05 2.20271e-05 2.76659e-05 2.80252e-05 3.42387e-05 3.36951e-05 3.26708e-05 4.25011e-05 4.35857e-05 4.57769e-05 4.49038e-05 5.4588e-05 6.78134e-05 6.82018e-05 7.84185e-05 9.0879e-05 0.000105657 0.000118076 0.000133631 0.000166339 0.000202793 0.000248952 0.00031093 0.000384623 0.000484135 0.000613562 0.000767248 0.000950236 0.00115954 0.00141912 0.00171554 0.00204921 0.00243729 0.00286718 0.00334604 0.00385813 0.00439482 0.00492908 0.00545427 0.00595533 0.00641472 0.0068075 0.00712331 0.00735112 0.00746537 0.00746939 0.00734215 0.00707353 0.00666904 0.00615651 0.00553931 0.00486688 0.00414829 0.00340154 0.00264109 0.00186908 0.00109392 0.000315421 -0.000465446 -0.00124138 -0.00201176 -0.00277536 -0.00350158 -0.00420493 -0.00484567 -0.00540852 -0.00587411 -0.00621756 -0.00640816 -0.00646375 -0.00636334 -0.00613665 -0.0058079 -0.00540124 -0.00493445 -0.00444827 -0.00395443 -0.00347087 -0.00301026 -0.00258975 -0.00221376 -0.00188782 -0.00160064 -0.00134658 -0.00114169 -0.000975344 -0.000823348 -0.00069267 -0.000591414 -0.000499019 -0.000419258 -0.00035514 -0.00029803 -0.000233847 -0.000177209 -0.00013293 -9.06435e-05 -4.7216e-05 -2.07341e-05 7.59302e-06 3.89795e-05 4.91934e-05 3.99279e-05 2.99016e-05 8.61617e-06 -2.9096e-05 -7.68018e-05 -0.000131329 -0.000182536 -0.000224413 -0.000252171 -0.000257546 -0.000206205 -9.13632e-05 0.000108389 0.00041941 0.000852545 0.00138504 0.00202788 0.00272745 0.00345373 0.00417333 0.00483904 0.00539506 0.00582492 0.00605479 0.00606562 0.00583416 0.00535398 0.00464786 0.00376154 0.00273507 0.00162506 0.00047212 -0.00068446 -0.00180795 -0.00287887 -0.00385245 -0.00472293 -0.00546519 -0.00606719 -0.00651688 -0.00682318 -0.00697066 -0.00698327 -0.00687809 -0.00666415 -0.00635631 -0.0059719 -0.00552172 -0.00502413 -0.00451228 -0.00399529 -0.00349689 -0.0030163 -0.00258563 -0.00220067 -0.00185935 -0.00157112 -0.00131263 -0.00108805 -0.000899193 -0.000742988 -0.00061225 -0.000497379 -0.000407306 -0.000345023 -0.000290956 -0.000255938 -0.000229813 -0.000210273 -0.000201885 -0.000191382 -0.000189263 -0.000178629 -0.00017615 -0.00018364 -0.000179985 -0.000176894 -0.000170237 -0.000176348 -0.000179274 -0.000173852 -0.000180049 -0.000182888 -0.000186014 -0.000178588 -0.000176851 -0.000185666 -0.000183541 -0.000182347 -0.000176062 -0.000176944 
0 7.53924e-06 7.86556e-06 2.25641e-05 1.87708e-05 3.10849e-05 3.47232e-05 4.16037e-05 5.07236e-05 4.70549e-05 6.56067e-05 6.57628e-05 7.20661e-05 7.3727e-05 8.4721e-05 0.000102261 9.37723e-05 0.000102491 0.000113531 0.000133003 0.000134694 0.00014271 0.000170034 0.000195176 0.000221241 0.00025705 0.000328544 0.000407249 0.000520202 0.000649385 0.000817978 0.00102638 0.00128319 0.00160458 0.00195072 0.00238142 0.00288912 0.00348165 0.00415784 0.00492574 0.00579088 0.00673901 0.00774699 0.00879989 0.00984524 0.0108566 0.0118438 0.0127193 0.0134865 0.0140923 0.0145129 0.0147279 0.0147085 0.0144443 0.0139142 0.0131241 0.0121242 0.0109438 0.00962028 0.0082305 0.00676351 0.00526921 0.00376693 0.00226316 0.000752546 -0.000745212 -0.00225842 -0.00378222 -0.00529527 -0.00678008 -0.00820768 -0.00951125 -0.0106564 -0.0116034 -0.0122841 -0.0126995 -0.0128263 -0.0126625 -0.0122471 -0.0116171 -0.0108057 -0.00990467 -0.00893327 -0.00794048 -0.00697647 -0.00607159 -0.00522733 -0.00447074 -0.00379578 -0.00322663 -0.00274586 -0.00232751 -0.00195437 -0.00165807 -0.00141397 -0.00119491 -0.0010075 -0.00086302 -0.000710261 -0.000574776 -0.000473891 -0.000373136 -0.000261495 -0.000179696 -9.96974e-05 -2.13479e-05 3.53889e-05 6.32861e-05 9.58474e-05 0.000113866 9.61759e-05 3.82212e-05 -3.16394e-05 -0.000122256 -0.00021526 -0.000319866 -0.000411922 -0.000463084 -0.00045066 -0.000360374 -0.000120074 0.000285744 0.000897542 0.0017321 0.00277919 0.00401084 0.00539048 0.00682481 0.00825006 0.00956755 0.0106746 0.0114884 0.0119245 0.0119148 0.0114301 0.0104847 0.00910214 0.00736756 0.00537073 0.00319469 0.000918082 -0.0013471 -0.00357793 -0.00567652 -0.00759002 -0.00929845 -0.010756 -0.011936 -0.0128445 -0.0134507 -0.0137675 -0.0138136 -0.0136117 -0.0132161 -0.0126115 -0.0118704 -0.0109973 -0.0100301 -0.00903094 -0.00802819 -0.00703432 -0.0060929 -0.00522293 -0.00444254 -0.0037591 -0.00315553 -0.00264591 -0.00218372 -0.00181179 -0.00150602 -0.00124637 -0.00102685 -0.000849165 -0.000721763 -0.000613198 -0.000536003 -0.000473182 -0.000436415 -0.000403406 -0.000392566 -0.000379168 -0.000359569 -0.000360678 -0.000361007 -0.000370855 -0.000350769 -0.000349872 -0.000358915 -0.000356323 -0.000354991 -0.000346813 -0.000365253 -0.000360056 -0.000350197 -0.000350932 -0.000355922 -0.000365635 -0.000349745 -0.000353075 -0.000356432 
0 6.81367e-06 2.25641e-05 2.39055e-05 3.98673e-05 4.14894e-05 5.31646e-05 6.60321e-05 6.59384e-05 8.14315e-05 8.81744e-05 0.000106086 0.00010871 0.000110662 0.000138111 0.00014727 0.000154008 0.000153071 0.000173011 0.000198258 0.000193537 0.000214725 0.000251342 0.000298943 0.000346669 0.00040882 0.000520926 0.000653534 0.000821178 0.00103699 0.00129158 0.00161524 0.00201761 0.00248923 0.00304197 0.00368176 0.00446567 0.00536507 0.00637757 0.00753696 0.00881229 0.0102091 0.0116857 0.013214 0.0147254 0.0161998 0.0175997 0.0188705 0.0199452 0.0207862 0.0213605 0.0216097 0.0215427 0.0211214 0.0203271 0.0191793 0.0177449 0.0160326 0.0141532 0.0121374 0.0100337 0.00789332 0.0057374 0.00358954 0.00144086 -0.00072548 -0.00291886 -0.00515487 -0.00742795 -0.00965258 -0.0118266 -0.0138246 -0.015582 -0.0170384 -0.0181279 -0.0187842 -0.0190444 -0.0188613 -0.0182988 -0.0174128 -0.0162654 -0.0149178 -0.0134829 -0.0120142 -0.0105733 -0.00920282 -0.00794696 -0.00681724 -0.00582454 -0.00494656 -0.00417234 -0.00353713 -0.00301532 -0.00255156 -0.00215483 -0.00183493 -0.00154468 -0.00129283 -0.0010833 -0.000899092 -0.00071016 -0.000542144 -0.000402355 -0.000268553 -0.000132127 -3.52152e-05 5.86242e-05 0.000151005 0.0001908 0.000182973 0.000168928 0.00012479 3.74756e-05 -8.42766e-05 -0.000233898 -0.000383605 -0.000508353 -0.000583211 -0.000575566 -0.000402357 -4.28004e-05 0.000549582 0.0014356 0.00264433 0.00413513 0.00593688 0.00792824 0.0100198 0.0121024 0.0140219 0.0156077 0.0167854 0.0173725 0.0173225 0.0165956 0.0151924 0.0131775 0.0106658 0.00775948 0.00459972 0.00130079 -0.002017 -0.00524365 -0.00830443 -0.0110824 -0.0135597 -0.0156812 -0.0174203 -0.0187522 -0.0196868 -0.0201838 -0.020293 -0.020055 -0.019499 -0.0186662 -0.0176098 -0.0163637 -0.0149798 -0.0135428 -0.0120804 -0.0106464 -0.0092494 -0.00796789 -0.00680317 -0.00575934 -0.00486215 -0.00406468 -0.00337457 -0.00279997 -0.00232885 -0.00193699 -0.00159699 -0.0013272 -0.00113048 -0.000959602 -0.000836957 -0.000740073 -0.000666848 -0.000626583 -0.000591889 -0.000578466 -0.0005473 -0.000537112 -0.000551662 -0.000544785 -0.000538741 -0.000528821 -0.00054582 -0.00054854 -0.000526677 -0.000530267 -0.000533151 -0.000538399 -0.000520954 -0.000516157 -0.000534492 -0.000529187 -0.000526956 -0.000521781 -0.000538164 
0 1.3539e-05 1.87708e-05 3.98673e-05 4.11405e-05 5.94818e-05 6.93331e-05 8.24238e-05 9.68841e-05 9.88044e-05 0.000126631 0.000133917 0.000144308 0.000149863 0.000171113 0.000198798 0.000195139 0.000211888 0.000236999 0.000271289 0.000280381 0.000305414 0.000365151 0.000431408 0.000502789 0.000596129 0.000750761 0.000931648 0.00117492 0.00146377 0.00182797 0.00227489 0.00281972 0.00348418 0.00422684 0.00512783 0.00618927 0.00741137 0.00878361 0.0103122 0.0119927 0.0137991 0.0156896 0.0176329 0.0195491 0.021396 0.0231698 0.0247394 0.0260761 0.0270919 0.0277415 0.0279897 0.0278111 0.0271995 0.0261398 0.0246558 0.0228261 0.0206955 0.0183278 0.0158283 0.013202 0.0105284 0.00784482 0.00516211 0.00245612 -0.00027515 -0.00309292 -0.0060089 -0.00898941 -0.0119774 -0.0148977 -0.0176093 -0.0200222 -0.0220512 -0.0235824 -0.0245929 -0.0250466 -0.0249277 -0.0242892 -0.0231945 -0.0217137 -0.0199983 -0.018123 -0.0161901 -0.0142958 -0.0125029 -0.0108271 -0.00930836 -0.00794632 -0.00677049 -0.00575858 -0.00488526 -0.00412375 -0.00350098 -0.0029813 -0.00252521 -0.00212893 -0.00180489 -0.00148895 -0.0012097 -0.000982773 -0.000765745 -0.000542776 -0.000359604 -0.000180723 -1.44284e-05 0.000116688 0.00020289 0.000278933 0.000323555 0.000318097 0.000251328 0.00015486 1.77504e-05 -0.000138948 -0.000320976 -0.00048417 -0.00057584 -0.000544929 -0.000346999 0.000121903 0.000895442 0.00203704 0.00357358 0.00549069 0.00775419 0.0102919 0.01295 0.0155945 0.0180307 0.020055 0.0215085 0.0222326 0.0221238 0.0211473 0.0193355 0.0167472 0.0135273 0.00982312 0.00578429 0.00155864 -0.00266308 -0.00679731 -0.0106806 -0.0142148 -0.0173663 -0.0200772 -0.0223158 -0.0240843 -0.0253369 -0.0260693 -0.0263013 -0.0260654 -0.0254361 -0.0244144 -0.0231118 -0.0215567 -0.019821 -0.0180077 -0.0161652 -0.0143209 -0.0125372 -0.0108577 -0.00931708 -0.00793592 -0.0067057 -0.00564132 -0.00469079 -0.003909 -0.00326163 -0.00271294 -0.00224795 -0.00186968 -0.00158619 -0.00134861 -0.00116939 -0.00102427 -0.000925342 -0.000849384 -0.000812221 -0.000779965 -0.000740399 -0.000730283 -0.000726635 -0.000732695 -0.000705628 -0.000706137 -0.00072348 -0.000720738 -0.000710632 -0.000697773 -0.000722213 -0.00072095 -0.000709917 -0.000710464 -0.000716515 -0.000723282 -0.000700647 -0.00070497 -0.000715765 
0 1.34845e-05 3.10849e-05 4.14894e-05 5.94818e-05 7.12361e-05 8.939e-05 0.000107213 0.000115276 0.000132384 0.000149658 0.000171222 0.000179862 0.000187538 0.00021727 0.000235915 0.00024633 0.000260619 0.000299179 0.000344479 0.000363911 0.000410749 0.000490378 0.000588937 0.0006974 0.000834868 0.00103991 0.00128859 0.00159835 0.00198472 0.00245261 0.0030353 0.00375049 0.00460003 0.00558991 0.00674838 0.00811936 0.00967175 0.0113877 0.0132813 0.0153225 0.0174949 0.0197496 0.022041 0.0242871 0.0264489 0.0284769 0.0302767 0.0317583 0.0328523 0.0335095 0.0336775 0.0333624 0.0325483 0.0312292 0.0294467 0.0272873 0.0247912 0.0220735 0.0191968 0.0162108 0.0131756 0.0101149 0.00703383 0.00389857 0.000667433 -0.00270015 -0.0062287 -0.00989279 -0.0135892 -0.0172517 -0.0207072 -0.0238285 -0.0264983 -0.0285917 -0.0300126 -0.0307505 -0.0307598 -0.0301056 -0.0288727 -0.0271638 -0.0251046 -0.0228476 -0.0205022 -0.0181716 -0.0159338 -0.0138508 -0.0119533 -0.010258 -0.00875612 -0.00743721 -0.00632048 -0.00537616 -0.00455889 -0.00386322 -0.00328018 -0.00276733 -0.002325 -0.00193807 -0.00159146 -0.00126323 -0.00096151 -0.000690579 -0.000440754 -0.000199621 9.22744e-07 0.000182426 0.000344769 0.000451316 0.000500711 0.000519553 0.000488031 0.000400055 0.000260077 7.88107e-05 -0.000114857 -0.000283836 -0.000385135 -0.00035977 -0.000108823 0.000432808 0.00133576 0.00267947 0.00449877 0.00675839 0.00944884 0.0124296 0.0155518 0.0186462 0.0214864 0.0238334 0.0255261 0.0263401 0.0261774 0.0249901 0.0227962 0.0196957 0.0158564 0.0114476 0.00666545 0.00168774 -0.00330194 -0.00815238 -0.0127309 -0.0169014 -0.0206281 -0.0238565 -0.026556 -0.0287067 -0.0302915 -0.0312658 -0.031661 -0.0315157 -0.0308713 -0.029777 -0.0283139 -0.0265411 -0.0245426 -0.0224312 -0.0202602 -0.0180846 -0.0159412 -0.0139115 -0.0120223 -0.010296 -0.00876125 -0.00739118 -0.00618696 -0.00516874 -0.00431792 -0.00359907 -0.00298261 -0.00248506 -0.00210366 -0.00178893 -0.00154826 -0.00135619 -0.00121039 -0.00111203 -0.00104313 -0.000998648 -0.000946265 -0.000921195 -0.000922056 -0.000909594 -0.000891638 -0.00088313 -0.000902527 -0.000905928 -0.000885411 -0.000886236 -0.0008983 -0.000906479 -0.000893058 -0.000890217 -0.000904314 -0.000897192 -0.000885822 -0.00088004 -0.0008945 
0 1.82813e-05 3.47232e-05 5.31646e-05 6.93331e-05 8.939e-05 0.000109337 0.000128021 0.00014273 0.000157522 0.00018233 0.000203477 0.000218696 0.000233511 0.000262158 0.000288053 0.000300168 0.000325022 0.000371239 0.00042439 0.000461831 0.00052319 0.000626488 0.000756186 0.000907151 0.00110167 0.0013726 0.00170477 0.0021166 0.00261738 0.00322768 0.00397306 0.00487425 0.00594279 0.00717445 0.00861423 0.0102826 0.012156 0.0142081 0.0164334 0.0188083 0.0213 0.0238565 0.0264217 0.0289116 0.0312717 0.0334535 0.0353455 0.0368665 0.0379393 0.0385153 0.0385607 0.0380729 0.0370501 0.0354964 0.0334614 0.0310369 0.0282954 0.0253361 0.022245 0.0190574 0.0158204 0.0125464 0.00921639 0.00577718 0.002179 -0.00164073 -0.0057076 -0.00998617 -0.0143848 -0.0187919 -0.0230209 -0.026906 -0.0302865 -0.0329959 -0.0349273 -0.0360242 -0.0362563 -0.0356817 -0.0343971 -0.0325228 -0.0302221 -0.0276431 -0.0249241 -0.0221933 -0.0195508 -0.0170607 -0.0147746 -0.0127182 -0.0109038 -0.00931455 -0.00793866 -0.0067487 -0.00573175 -0.00486647 -0.0041253 -0.00348254 -0.00293069 -0.00243191 -0.00198286 -0.00157741 -0.00119886 -0.000842235 -0.000520091 -0.00021615 5.70678e-05 0.000298156 0.000504645 0.000673688 0.000791801 0.000852915 0.000840803 0.000766174 0.00063497 0.00046371 0.000269694 9.64013e-05 -4.06079e-06 3.33768e-05 0.000294269 0.00087984 0.00187248 0.00335934 0.00538005 0.00791442 0.0109141 0.0142476 0.0177313 0.0211684 0.0243126 0.0269103 0.0287525 0.0296239 0.0293916 0.0280035 0.0254898 0.0219599 0.0176063 0.0126355 0.00726216 0.00168923 -0.00388108 -0.00930095 -0.014413 -0.0190951 -0.023295 -0.0269592 -0.0300541 -0.0325632 -0.0344516 -0.0356898 -0.0362926 -0.0362925 -0.0357362 -0.0346601 -0.0331506 -0.0312697 -0.0291112 -0.0267912 -0.0243783 -0.0219227 -0.0194831 -0.0171292 -0.0149076 -0.0128544 -0.0109932 -0.00932672 -0.00784792 -0.00658777 -0.00552559 -0.00462202 -0.00385267 -0.00322276 -0.00272692 -0.00232212 -0.00200168 -0.00174397 -0.0015463 -0.0014018 -0.00130433 -0.00123156 -0.00116584 -0.00113157 -0.00112025 -0.0011072 -0.00108053 -0.00107179 -0.00108446 -0.00108411 -0.00106861 -0.00106344 -0.0010775 -0.00107897 -0.00106617 -0.00106493 -0.00107619 -0.00107717 -0.00106405 -0.00106254 -0.00107291 
0 2.3441e-05 4.16037e-05 6.60321e-05 8.24238e-05 0.000107213 0.000128021 0.000147499 0.000167933 0.00018354 0.000212929 0.000234555 0.00025559 0.000278886 0.000309102 0.00034269 0.000361704 0.000397482 0.00045188 0.000514343 0.000576506 0.000662086 0.000797552 0.000968524 0.0011745 0.00143879 0.00178623 0.00221654 0.00274399 0.00337914 0.00415167 0.00508348 0.00619591 0.00750351 0.00900037 0.0107314 0.0126981 0.0148805 0.0172457 0.0197697 0.0224325 0.0251872 0.027979 0.030736 0.0333755 0.0358281 0.0380394 0.0399018 0.0413424 0.0422918 0.0427085 0.0425785 0.0418935 0.0406626 0.0389004 0.0366667 0.0340559 0.0311716 0.028102 0.0249402 0.0217109 0.0184366 0.0151096 0.0116822 0.00808159 0.00423793 7.2024e-05 -0.00444856 -0.00928475 -0.0143523 -0.0194956 -0.0245148 -0.0291967 -0.0333346 -0.0367245 -0.0392373 -0.0407776 -0.041327 -0.0409322 -0.0396976 -0.0377558 -0.0352898 -0.0324575 -0.0294247 -0.0263386 -0.0233209 -0.0204517 -0.0177989 -0.0153921 -0.0132507 -0.011368 -0.00972373 -0.00829287 -0.00706515 -0.00600929 -0.00509097 -0.00429528 -0.00360579 -0.00298446 -0.00242378 -0.00192073 -0.00145069 -0.00100587 -0.000598383 -0.000215829 0.000144893 0.000470313 0.00075308 0.000996207 0.00118351 0.00129967 0.00133704 0.00130118 0.00119405 0.00103571 0.000844734 0.00066624 0.000556697 0.000588878 0.000844215 0.00143927 0.00246721 0.00402188 0.00615131 0.00885452 0.0120567 0.0156315 0.0193711 0.0230503 0.026404 0.0291696 0.0310989 0.0319886 0.0316821 0.0301254 0.0273557 0.0234948 0.0187504 0.013361 0.00755792 0.00156519 -0.00441108 -0.0102228 -0.0157092 -0.0207655 -0.0253237 -0.0293344 -0.0327583 -0.0355763 -0.0377445 -0.0392477 -0.0400892 -0.0402985 -0.0399168 -0.0389719 -0.0375347 -0.0356663 -0.033462 -0.0310323 -0.0284614 -0.0258015 -0.0231286 -0.0205051 -0.0179942 -0.0156422 -0.0134722 -0.0115081 -0.00974855 -0.00822712 -0.00692959 -0.00581907 -0.00487505 -0.00409327 -0.00346161 -0.00294827 -0.00253113 -0.00219442 -0.00193288 -0.00173389 -0.00159645 -0.00148718 -0.00140181 -0.00135151 -0.00132525 -0.00130807 -0.00127707 -0.00126733 -0.00127178 -0.00126806 -0.00125682 -0.00124781 -0.00125897 -0.00125422 -0.001241 -0.00123825 -0.0012454 -0.00125214 -0.00124194 -0.00124446 -0.00125192 
0 2.20271e-05 5.07236e-05 6.59384e-05 9.68841e-05 0.000115276 0.00014273 0.000167933 0.000186843 0.000219211 0.000239334 0.000271302 0.000291589 0.000320593 0.000360132 0.000391517 0.000432371 0.000474302 0.000544359 0.000623783 0.000718158 0.000846676 0.00102324 0.00124893 0.0015235 0.00186922 0.0023024 0.002848 0.00349669 0.00429192 0.00523951 0.00638057 0.00773453 0.00929095 0.011088 0.0131079 0.0153774 0.0178534 0.0204986 0.0232871 0.026178 0.0291261 0.0320701 0.0349183 0.0375935 0.040032 0.0421403 0.0438747 0.0451293 0.0458735 0.0460741 0.0457155 0.0448123 0.0433708 0.0414232 0.0390493 0.0363471 0.0334217 0.0303908 0.0272911 0.0241726 0.0210148 0.0177816 0.0144 0.0107832 0.00680676 0.00239929 -0.00248989 -0.00783678 -0.0135228 -0.0193764 -0.0251726 -0.0306491 -0.0355572 -0.039687 -0.0428389 -0.0449231 -0.0458921 -0.0457795 -0.0446894 -0.0427825 -0.040213 -0.0372054 -0.0339357 -0.0305627 -0.0272173 -0.0240204 -0.0210285 -0.0182955 -0.015822 -0.0136224 -0.0116997 -0.0100387 -0.00857746 -0.00730626 -0.00620823 -0.00524279 -0.00437577 -0.00362285 -0.00294334 -0.00230764 -0.00172401 -0.0011923 -0.000671144 -0.00017816 0.000277 0.00070363 0.00110241 0.00142815 0.00168363 0.00187374 0.00199289 0.00201566 0.00195516 0.00180949 0.00162216 0.00142676 0.00127761 0.00125364 0.00147944 0.00203349 0.00304182 0.00459662 0.00675246 0.00950474 0.012804 0.0164869 0.020369 0.0241937 0.0276788 0.0305434 0.0325315 0.0334106 0.0330396 0.0313606 0.0284033 0.0243222 0.0193227 0.0136568 0.0075803 0.00133446 -0.00489995 -0.0109264 -0.0166367 -0.0219167 -0.0267016 -0.030954 -0.034637 -0.0377075 -0.0401478 -0.0419182 -0.0430278 -0.0435089 -0.0433628 -0.0426514 -0.0413866 -0.0396449 -0.0375105 -0.0350797 -0.0324423 -0.0296758 -0.0268381 -0.024019 -0.0212773 -0.0186612 -0.0162242 -0.0139606 -0.0119288 -0.0101254 -0.00856547 -0.00722417 -0.00607304 -0.0051157 -0.00432384 -0.00367986 -0.00314965 -0.00272301 -0.0023808 -0.00212668 -0.00192923 -0.00178013 -0.00166492 -0.00158325 -0.0015436 -0.00150154 -0.00147774 -0.00145664 -0.00145414 -0.00145321 -0.00143797 -0.00144294 -0.00144003 -0.00144449 -0.00143428 -0.0014293 -0.00144002 -0.00143462 -0.00143644 -0.00142733 -0.00143032 
0 2.76659e-05 4.70549e-05 8.14315e-05 9.88044e-05 0.000132384 0.000157522 0.00018354 0.000219211 0.000242951 0.0002817 0.000303145 0.000332807 0.00037004 0.000404356 0.000454946 0.00049935 0.000567231 0.000651169 0.000753635 0.000896626 0.0010705 0.00130292 0.00159314 0.00194812 0.00239321 0.00293563 0.00360744 0.00442105 0.00538527 0.00654945 0.0079249 0.00953003 0.0113758 0.0134501 0.0157771 0.0183161 0.0210532 0.0239461 0.0269354 0.0299953 0.0330576 0.0360517 0.0388844 0.0414856 0.0437722 0.0456945 0.0471766 0.0481779 0.0486529 0.0485744 0.0479671 0.0468231 0.0451775 0.0430925 0.0406492 0.0379425 0.0351184 0.0322227 0.0293348 0.0264511 0.0235356 0.0205346 0.0173366 0.0138133 0.00983844 0.00528165 9.59305e-05 -0.0056733 -0.011939 -0.0184522 -0.0249807 -0.0312338 -0.0369249 -0.0417944 -0.0456662 -0.0483575 -0.0498379 -0.050106 -0.0492578 -0.0474467 -0.0448993 -0.041798 -0.0383611 -0.0347793 -0.0312023 -0.0277191 -0.0244251 -0.0213693 -0.018599 -0.0161278 -0.0139172 -0.0119596 -0.0102694 -0.0087913 -0.00747512 -0.00632402 -0.00530247 -0.00437052 -0.00352295 -0.00276433 -0.0020524 -0.00136403 -0.000716841 -0.000108921 0.000490449 0.00103919 0.00151859 0.00196241 0.0023494 0.0026355 0.00282421 0.00291558 0.00290294 0.00279808 0.00259653 0.00234563 0.0021237 0.00202312 0.00212722 0.00258891 0.00351581 0.00499705 0.00708578 0.00981066 0.0130661 0.0167623 0.0206796 0.0245562 0.0281077 0.0310466 0.0330496 0.033937 0.0335227 0.0317587 0.0287101 0.0245124 0.019384 0.0135961 0.00739131 0.00102117 -0.00530548 -0.0114368 -0.0172158 -0.0225883 -0.0274777 -0.0318617 -0.0357141 -0.0390035 -0.0416747 -0.0437281 -0.0451341 -0.0459084 -0.0460782 -0.0456505 -0.0446582 -0.0431466 -0.0411923 -0.0388722 -0.0362827 -0.0334864 -0.0305824 -0.0276251 -0.024706 -0.021888 -0.019191 -0.0166789 -0.0143655 -0.0122872 -0.0104548 -0.00885266 -0.00748147 -0.00631611 -0.00534124 -0.00454622 -0.00388303 -0.00334626 -0.00291994 -0.00258093 -0.00232753 -0.00211674 -0.0019651 -0.00185468 -0.00177124 -0.00172412 -0.00167679 -0.00165776 -0.00164119 -0.00163059 -0.00163309 -0.00162319 -0.00163349 -0.0016284 -0.00162946 -0.00163035 -0.00162314 -0.00163046 -0.00161705 -0.00161871 -0.00161033 
0 2.80252e-05 6.56067e-05 8.81744e-05 0.000126631 0.000149658 0.00018233 0.000212929 0.000239334 0.0002817 0.000305472 0.00034259 0.000373425 0.000417388 0.00046662 0.000514943 0.000590656 0.000672257 0.000783006 0.000917606 0.0011068 0.00134224 0.00163517 0.00200256 0.00246066 0.00302635 0.00370068 0.00454243 0.00553042 0.00671972 0.00811268 0.00974802 0.0116358 0.0137466 0.0161259 0.0187096 0.0214993 0.0244516 0.0275233 0.0306593 0.0338017 0.0368845 0.0398364 0.0425475 0.0449625 0.0470252 0.0486379 0.0498162 0.0504737 0.0506146 0.0502254 0.0493279 0.0479556 0.0461493 0.0439848 0.0415608 0.0389638 0.0363056 0.0336772 0.0310751 0.0285353 0.025981 0.0233219 0.020411 0.0171068 0.0132037 0.00859386 0.00321231 -0.00291713 -0.00965647 -0.0167623 -0.023984 -0.0309858 -0.0374433 -0.0430991 -0.0476772 -0.0510188 -0.053048 -0.053757 -0.0532369 -0.0516692 -0.0492148 -0.0461368 -0.0426441 -0.0389266 -0.0351396 -0.0314457 -0.027917 -0.0246223 -0.0215691 -0.0188024 -0.0163225 -0.0141354 -0.0121764 -0.0104406 -0.00891685 -0.00756813 -0.00633136 -0.00524196 -0.00423508 -0.00327344 -0.00237634 -0.00154891 -0.000731458 3.33056e-05 0.000755993 0.00144441 0.00210037 0.00267234 0.00316327 0.00356037 0.00386827 0.00403286 0.00405683 0.00392718 0.00369484 0.00338354 0.00305614 0.00280279 0.00277028 0.00304642 0.00378917 0.00509373 0.00702928 0.0096126 0.0127867 0.0163996 0.0202803 0.0241456 0.0277037 0.0306593 0.0327004 0.0335962 0.0331913 0.0314277 0.0283534 0.0241493 0.0190148 0.0132232 0.00703145 0.000690463 -0.00563033 -0.0117137 -0.017478 -0.0228351 -0.0277266 -0.0321509 -0.0360939 -0.0395107 -0.0423894 -0.0446912 -0.0463947 -0.0475124 -0.0480152 -0.0479612 -0.0473076 -0.0461221 -0.0444542 -0.0423511 -0.0399014 -0.0371898 -0.034282 -0.0312738 -0.0282445 -0.0252567 -0.022376 -0.0196152 -0.0170675 -0.0147136 -0.0126022 -0.01074 -0.00911455 -0.00772765 -0.00654343 -0.00557096 -0.00475503 -0.0040908 -0.0035494 -0.00312476 -0.00277895 -0.00250944 -0.00231094 -0.00215507 -0.00204905 -0.00196168 -0.00191901 -0.00187771 -0.00184858 -0.00183486 -0.00182024 -0.00182137 -0.00180404 -0.00180711 -0.0018069 -0.00180257 -0.00180201 -0.00179197 -0.00180189 -0.00179674 -0.00179728 
0 3.42387e-05 6.57628e-05 0.000106086 0.000133917 0.000171222 0.000203477 0.000234555 0.000271302 0.000303145 0.00034259 0.000376119 0.000421691 0.000477333 0.000529384 0.00060075 0.000692996 0.000812866 0.00095549 0.00113298 0.00138357 0.00168439 0.00205023 0.00250861 0.00307951 0.00378374 0.0046188 0.00564066 0.00685855 0.00828384 0.00995273 0.011868 0.0140317 0.0164302 0.0190598 0.0218928 0.0248763 0.0279907 0.0311897 0.0343913 0.037536 0.0405481 0.0433444 0.045833 0.0479714 0.0496961 0.0509588 0.0517421 0.0520253 0.0518015 0.0510724 0.0499 0.0483175 0.0463874 0.0442145 0.0418819 0.0394637 0.0370892 0.034785 0.0325816 0.0304647 0.0283425 0.0260979 0.0235498 0.0205102 0.0167816 0.0122022 0.00671104 0.000339397 -0.00680503 -0.0144367 -0.0222859 -0.029996 -0.0371974 -0.0435754 -0.048871 -0.0528561 -0.0554642 -0.0566716 -0.0565593 -0.0552884 -0.0530714 -0.0501134 -0.0466453 -0.0428877 -0.0390156 -0.0351578 -0.0314341 -0.0279184 -0.0246601 -0.0216859 -0.0189596 -0.0164915 -0.0142956 -0.0123283 -0.010557 -0.00898135 -0.00754665 -0.00622901 -0.00500365 -0.00386119 -0.00277879 -0.00173706 -0.000738859 0.000199304 0.00111674 0.00198153 0.00277384 0.00351599 0.00417985 0.00470312 0.0050794 0.00528471 0.00531506 0.00517888 0.00487486 0.0044439 0.00396827 0.00353712 0.00325336 0.0032751 0.00374799 0.0047846 0.00647105 0.00885376 0.0118411 0.0153378 0.0191349 0.0229476 0.0264907 0.0294633 0.031521 0.0324723 0.0321285 0.03043 0.0274509 0.0233399 0.0183104 0.0126388 0.00656831 0.00034652 -0.00583582 -0.0118086 -0.0174453 -0.0227036 -0.0275166 -0.0318924 -0.0358413 -0.0393362 -0.0423531 -0.0448874 -0.0468853 -0.0483332 -0.0492216 -0.0495475 -0.0492978 -0.0485038 -0.0472025 -0.0454178 -0.0432216 -0.0406836 -0.0378874 -0.0349023 -0.0318313 -0.0287517 -0.0257065 -0.0227729 -0.0200005 -0.017408 -0.0150358 -0.0129023 -0.0110267 -0.00938539 -0.00797016 -0.00678862 -0.00578858 -0.0049668 -0.00429641 -0.00375152 -0.00331407 -0.00296214 -0.00270727 -0.00250707 -0.00234582 -0.00223787 -0.00216273 -0.0021114 -0.00206203 -0.00203293 -0.00202658 -0.00200739 -0.00199547 -0.00198582 -0.0019926 -0.0019932 -0.00197865 -0.00198231 -0.00198136 -0.00198881 -0.00198279 
0 3.36951e-05 7.20661e-05 0.00010871 0.000144308 0.000179862 0.000218696 0.00025559 0.000291589 0.000332807 0.000373425 0.000421691 0.000478781 0.000546246 0.000614969 0.000701342 0.000827019 0.000982236 0.00116792 0.00140073 0.00172059 0.00210724 0.00256956 0.0031428 0.00385792 0.00472521 0.00574289 0.0069762 0.00842604 0.0101163 0.0120547 0.0142477 0.016686 0.0193391 0.0222173 0.0252553 0.0284055 0.031633 0.0348847 0.0380717 0.0411166 0.0439458 0.0464881 0.048661 0.0504394 0.0517807 0.0526248 0.0529936 0.0528662 0.052264 0.0512118 0.0497835 0.048037 0.0460458 0.0439153 0.0417308 0.0395589 0.0375029 0.0356052 0.0338541 0.0322293 0.030607 0.0288279 0.0266787 0.0239581 0.0204314 0.0159441 0.0104239 0.00388271 -0.00355677 -0.0116165 -0.0200091 -0.0283433 -0.0362144 -0.0432867 -0.049246 -0.0538663 -0.0570563 -0.0587877 -0.0591315 -0.0582492 -0.0563193 -0.0535752 -0.0502425 -0.0465376 -0.042641 -0.0387252 -0.0349035 -0.0312517 -0.0278094 -0.0246301 -0.0217039 -0.0190423 -0.0166178 -0.0144076 -0.0123985 -0.0105747 -0.00888001 -0.00733088 -0.0058812 -0.00450213 -0.00319593 -0.00195127 -0.000731742 0.000429723 0.00155615 0.00263301 0.00363998 0.00454982 0.00533969 0.00596715 0.00643079 0.00667796 0.00669356 0.00647593 0.00605443 0.00545876 0.0047622 0.00405726 0.00347884 0.00316437 0.0032875 0.00397915 0.00534951 0.00745281 0.0102278 0.0135526 0.0172348 0.0209793 0.0244949 0.0274812 0.0296063 0.0306563 0.0304544 0.0289244 0.0261198 0.022198 0.0173572 0.0118771 0.0060127 7.73888e-06 -0.00596006 -0.011708 -0.0171503 -0.0222337 -0.0269057 -0.0311821 -0.03508 -0.0385816 -0.0416909 -0.0443986 -0.0466554 -0.048434 -0.0496935 -0.0504344 -0.0506092 -0.0502507 -0.0493745 -0.0479803 -0.0461251 -0.0438738 -0.0412876 -0.0384421 -0.0354301 -0.0323294 -0.0292066 -0.0261301 -0.0231826 -0.0203667 -0.0177404 -0.0153437 -0.0131961 -0.0112934 -0.00962529 -0.00821134 -0.0070061 -0.00600452 -0.00517908 -0.00450181 -0.00394326 -0.00349823 -0.00316563 -0.00289748 -0.00268175 -0.00252507 -0.00242809 -0.00235075 -0.00228366 -0.00224727 -0.00223494 -0.00222001 -0.00219608 -0.00218788 -0.00219326 -0.00219071 -0.00217724 -0.00217282 -0.00217858 -0.00217795 -0.00216838 
0 3.26708e-05 7.3727e-05 0.000110662 0.000149863 0.000187538 0.000233511 0.000278886 0.000320593 0.00037004 0.000417388 0.000477333 0.000546246 0.000626847 0.000715493 0.000826761 0.000990508 0.00119065 0.0014299 0.00173142 0.0021337 0.00262273 0.00320152 0.00391398 0.00479608 0.00585277 0.00708509 0.00855464 0.0102667 0.0122363 0.014455 0.0169202 0.0196134 0.0224986 0.02558 0.0287765 0.0320315 0.0352982 0.0385162 0.0415915 0.0444358 0.0469856 0.0491806 0.0509609 0.0523132 0.053211 0.0536047 0.0535346 0.0530037 0.052052 0.0507244 0.0490995 0.0472483 0.0452478 0.0432083 0.0412151 0.0393369 0.0376581 0.0362172 0.0349738 0.033879 0.0327807 0.0314841 0.0297546 0.0273719 0.0240883 0.0197388 0.014242 0.00759804 -6.01936e-05 -0.00845838 -0.0172819 -0.0261254 -0.0345619 -0.0422376 -0.0488143 -0.0540542 -0.0578322 -0.0601056 -0.0609272 -0.0604544 -0.0588643 -0.0563957 -0.0532767 -0.0497303 -0.0459333 -0.042053 -0.038205 -0.0344818 -0.0309381 -0.0276256 -0.0245395 -0.0216961 -0.0190745 -0.0166506 -0.0144107 -0.0123368 -0.010384 -0.00856986 -0.00686015 -0.00522741 -0.00367103 -0.002173 -0.000699766 0.000718529 0.00209093 0.00339611 0.00460468 0.00568798 0.00661915 0.00734795 0.00786023 0.00810899 0.00807814 0.00775414 0.00715411 0.00630814 0.00530208 0.00424183 0.00328175 0.00257455 0.00230851 0.00262424 0.00364377 0.00542477 0.00793259 0.0110513 0.0146002 0.018286 0.021813 0.0248648 0.0271145 0.0283287 0.0283355 0.027047 0.0245057 0.0208549 0.0162841 0.0110652 0.00546266 -0.000278604 -0.00597462 -0.0114479 -0.0166332 -0.021484 -0.0259678 -0.0301032 -0.0339136 -0.0373872 -0.0405442 -0.0433784 -0.0458479 -0.0479134 -0.0495233 -0.0506614 -0.0512701 -0.0513688 -0.0509544 -0.0500101 -0.0485712 -0.0466929 -0.0444142 -0.041803 -0.0389389 -0.0358985 -0.0327619 -0.0296075 -0.0265291 -0.0235342 -0.0206874 -0.0180455 -0.0156368 -0.013467 -0.0115368 -0.0098688 -0.00843395 -0.00722708 -0.00622305 -0.0053912 -0.0046961 -0.00414101 -0.00371338 -0.00336257 -0.00307564 -0.00286085 -0.00272506 -0.00261436 -0.0025212 -0.00246747 -0.00244576 -0.00242903 -0.00240042 -0.00239269 -0.00239848 -0.00239577 -0.00238315 -0.00237601 -0.00238164 -0.00237331 -0.0023559 
0 4.25011e-05 8.4721e-05 0.000138111 0.000171113 0.00021727 0.000262158 0.000309102 0.000360132 0.000404356 0.00046662 0.000529384 0.000614969 0.000715493 0.000829061 0.000985018 0.00119125 0.00145216 0.00175747 0.00214315 0.00264413 0.00325184 0.00396786 0.00484629 0.00591925 0.00719426 0.00867588 0.0103992 0.0124003 0.0146454 0.0171453 0.0198663 0.0227819 0.0258759 0.0290991 0.0324008 0.0356792 0.038893 0.0419771 0.0448331 0.0473802 0.0495709 0.0513497 0.0526904 0.0535849 0.0540025 0.053948 0.0534322 0.0525265 0.0512664 0.0497137 0.0479551 0.0460591 0.0441058 0.0422165 0.0404673 0.0389239 0.0376705 0.0366954 0.0359749 0.0354045 0.0348224 0.0340054 0.0327081 0.0306654 0.0276509 0.0234618 0.018019 0.0113345 0.00353398 -0.00510317 -0.0142381 -0.0234732 -0.0323758 -0.0405512 -0.0476794 -0.0534759 -0.0577994 -0.0605918 -0.0618969 -0.0618411 -0.0606428 -0.0585009 -0.055657 -0.0523363 -0.0487289 -0.0449675 -0.0411961 -0.0374927 -0.0339333 -0.0305551 -0.0273658 -0.0243693 -0.021587 -0.0189748 -0.0165166 -0.0142064 -0.0120242 -0.00993715 -0.00794303 -0.00602787 -0.00417782 -0.00236806 -0.000618373 0.00107016 0.00270165 0.00424217 0.0056412 0.00689905 0.00796206 0.00877818 0.00931019 0.00952411 0.00938135 0.00888795 0.00802722 0.0068544 0.00546798 0.00399617 0.00258015 0.00143588 0.000735251 0.000642758 0.00128801 0.00274304 0.00496625 0.00788924 0.0113113 0.0149625 0.018546 0.0217258 0.0241618 0.0256184 0.0258986 0.024912 0.0227071 0.0193885 0.0151583 0.0102669 0.00497819 -0.000466623 -0.00585326 -0.0110462 -0.0159457 -0.0205441 -0.0248151 -0.0287782 -0.0324642 -0.0358733 -0.0390192 -0.0419229 -0.044544 -0.0468338 -0.048767 -0.0502698 -0.0513183 -0.0518834 -0.05195 -0.0514899 -0.0505149 -0.0490642 -0.0471745 -0.0448809 -0.0422563 -0.0393741 -0.0362968 -0.0331524 -0.0299943 -0.0268787 -0.0238548 -0.0209917 -0.0183455 -0.0159083 -0.0137156 -0.0117776 -0.0100913 -0.00865297 -0.00744478 -0.00642822 -0.0055808 -0.00489395 -0.00435673 -0.00391636 -0.00354406 -0.00327454 -0.00307946 -0.00293394 -0.00280537 -0.0027195 -0.00268347 -0.00264002 -0.00260882 -0.00258312 -0.0025834 -0.00257892 -0.00255869 -0.00256388 -0.00256321 -0.00256718 -0.00255132 
0 4.35857e-05 0.000102261 0.00014727 0.000198798 0.000235915 0.000288053 0.00034269 0.000391517 0.000454946 0.000514943 0.00060075 0.000701342 0.000826761 0.000985018 0.00118432 0.00145529 0.00178116 0.00217139 0.00266087 0.00327686 0.00402097 0.00490188 0.00596291 0.00725694 0.00877313 0.0105185 0.0125278 0.0147982 0.017335 0.020086 0.0230386 0.0261555 0.0293903 0.0327182 0.0360298 0.0392527 0.0423193 0.0451661 0.0477145 0.0498914 0.0516507 0.0529755 0.0538403 0.0542444 0.0541974 0.0536806 0.0527763 0.0515345 0.0500229 0.0483149 0.0464745 0.0445852 0.0427461 0.0410515 0.0395965 0.0384428 0.0376088 0.0371211 0.0368876 0.0368119 0.036717 0.0363544 0.035456 0.0337635 0.0309961 0.0269857 0.0216384 0.0149546 0.00709771 -0.00168066 -0.0110375 -0.0205583 -0.0298088 -0.038404 -0.0459589 -0.0522196 -0.0570087 -0.0602648 -0.0620192 -0.0624159 -0.0616065 -0.0598371 -0.0573296 -0.0542879 -0.0508939 -0.0473425 -0.0437329 -0.040151 -0.0366483 -0.0332744 -0.0300519 -0.0269933 -0.0240686 -0.0212911 -0.0186623 -0.0161467 -0.0137139 -0.0113791 -0.00910611 -0.00686887 -0.0046889 -0.00257907 -0.000515013 0.00146898 0.00334284 0.00510154 0.00672194 0.00813232 0.00929305 0.0101549 0.0106743 0.0107934 0.010475 0.00969734 0.00851578 0.00697008 0.00515015 0.00319906 0.0013169 -0.000324007 -0.00149498 -0.00202001 -0.00175267 -0.000624956 0.00137362 0.00412227 0.00746672 0.0111365 0.0148178 0.018171 0.0208698 0.0226152 0.0232342 0.0226228 0.0207922 0.0178781 0.0140445 0.00953028 0.00460093 -0.000512831 -0.00560774 -0.0105021 -0.015149 -0.0194892 -0.0235324 -0.0273063 -0.0308309 -0.0341274 -0.0372295 -0.0401382 -0.0428475 -0.0453157 -0.0474879 -0.049335 -0.0507782 -0.0518018 -0.0523545 -0.0523894 -0.051908 -0.0509345 -0.0494827 -0.0475914 -0.0452969 -0.0426532 -0.0397536 -0.0366773 -0.0335343 -0.0303514 -0.0272018 -0.0241726 -0.0213004 -0.0186298 -0.0161715 -0.01396 -0.0120078 -0.0103139 -0.00887173 -0.007648 -0.00661345 -0.00577749 -0.00510725 -0.00455397 -0.00410051 -0.00374357 -0.00349534 -0.00328766 -0.0031187 -0.00300244 -0.00292504 -0.00287768 -0.00281821 -0.00279378 -0.00278198 -0.00276862 -0.00275993 -0.00274745 -0.00276356 -0.00275672 -0.00275146 
0 4.57769e-05 9.37723e-05 0.000154008 0.000195139 0.00024633 0.000300168 0.000361704 0.000432371 0.00049935 0.000590656 0.000692996 0.000827019 0.000990508 0.00119125 0.00145529 0.00178553 0.00219217 0.00268091 0.00329108 0.0040441 0.00495319 0.00601983 0.00730665 0.00883774 0.0106172 0.0126505 0.014924 0.0174834 0.0202605 0.0232508 0.0263948 0.0296468 0.0329892 0.036316 0.0395732 0.0426415 0.0454714 0.0480056 0.050175 0.0519181 0.0532155 0.0540366 0.0544042 0.0543227 0.0537925 0.0528843 0.0516205 0.050124 0.0484361 0.0466333 0.0447809 0.0429663 0.0412819 0.0398426 0.0387141 0.0379427 0.0375552 0.0375027 0.0377429 0.0381262 0.0384733 0.0385167 0.0379937 0.0365812 0.0340637 0.0302283 0.024991 0.0183753 0.0105199 0.00166511 -0.00781299 -0.017524 -0.027029 -0.0358878 -0.0437699 -0.05038 -0.0555434 -0.0591962 -0.0613705 -0.0621577 -0.0617683 -0.0603701 -0.058201 -0.0554761 -0.0524003 -0.049084 -0.0456789 -0.0422672 -0.0389251 -0.0356476 -0.0324694 -0.0293786 -0.0264153 -0.0235456 -0.0207588 -0.0180415 -0.0154124 -0.0128009 -0.0102355 -0.00771699 -0.00523727 -0.00278819 -0.000439167 0.00182984 0.0039788 0.00597286 0.00774751 0.0092899 0.010522 0.0113916 0.0118031 0.0117388 0.0111619 0.0100923 0.00851382 0.00651863 0.00422201 0.00178947 -0.000622698 -0.00275062 -0.00439959 -0.00535222 -0.00544798 -0.00459745 -0.0028109 -0.00014744 0.00317981 0.00692204 0.010767 0.0143476 0.017337 0.0194434 0.0204525 0.0202591 0.0188834 0.0163959 0.0130008 0.00889582 0.00434088 -0.000441215 -0.00521681 -0.00986053 -0.0142441 -0.0183537 -0.0221818 -0.0257497 -0.0290997 -0.0322655 -0.0352751 -0.0381571 -0.0409022 -0.0434615 -0.0458305 -0.0479153 -0.0497149 -0.0511478 -0.052161 -0.0527007 -0.052729 -0.0522581 -0.0513035 -0.0498668 -0.0479778 -0.0456786 -0.0430202 -0.040135 -0.037057 -0.0338899 -0.0306785 -0.0275155 -0.0244825 -0.0215883 -0.0188993 -0.0164194 -0.0141976 -0.0122402 -0.010543 -0.00908174 -0.00784062 -0.00681607 -0.00598383 -0.00529788 -0.00472428 -0.00428416 -0.00394157 -0.00367845 -0.00345994 -0.00330162 -0.00320612 -0.00312482 -0.00307126 -0.00302728 -0.00301204 -0.00299827 -0.00297491 -0.00297151 -0.00296259 -0.00296323 -0.00295072 
0 4.49038e-05 0.000102491 0.000153071 0.000211888 0.000260619 0.000325022 0.000397482 0.000474302 0.000567231 0.000672257 0.000812866 0.000982236 0.00119065 0.00145216 0.00178116 0.00219217 0.00269128 0.00329762 0.00405029 0.00496613 0.00606155 0.0073597 0.00889057 0.0106948 0.0127531 0.015068 0.0176255 0.0204211 0.0234349 0.0266022 0.0298827 0.0332187 0.0365625 0.0398266 0.0429171 0.0457494 0.0482645 0.0504121 0.0521417 0.0534157 0.0541989 0.0545119 0.0543781 0.0538192 0.0528806 0.0516101 0.0500864 0.0483948 0.0465954 0.0447713 0.042973 0.0412902 0.0398405 0.0386857 0.0379026 0.0375256 0.0375279 0.0379019 0.0385606 0.0393608 0.0401079 0.0405138 0.0402919 0.0391446 0.0368164 0.0331443 0.0280314 0.0214939 0.0136887 0.00484007 -0.00468923 -0.0144829 -0.0241098 -0.0331484 -0.0412258 -0.0480791 -0.0535266 -0.0574957 -0.0600068 -0.061167 -0.0611216 -0.0600833 -0.0582751 -0.0558771 -0.0530853 -0.0500799 -0.0469527 -0.0437768 -0.0406108 -0.0374808 -0.0344273 -0.0314343 -0.0284741 -0.0255616 -0.0226874 -0.0198182 -0.0169684 -0.0141339 -0.0113183 -0.00852198 -0.00575682 -0.00304713 -0.000407213 0.00214417 0.00452926 0.00671846 0.00866798 0.0102821 0.0114977 0.0122721 0.0125349 0.0122508 0.0113715 0.00988689 0.00787399 0.00541093 0.00260226 -0.000359874 -0.00326102 -0.00588083 -0.00797012 -0.00930732 -0.0097191 -0.00910326 -0.00743446 -0.0048201 -0.0014394 0.00244824 0.00650082 0.0103627 0.0137105 0.0162122 0.0176672 0.017955 0.0170421 0.0150282 0.0120725 0.00837674 0.00420187 -0.000235031 -0.00471699 -0.00908482 -0.0132543 -0.0171543 -0.0207929 -0.0241878 -0.0273559 -0.030369 -0.033265 -0.036067 -0.0387958 -0.0414095 -0.0438765 -0.0461607 -0.04822 -0.0500047 -0.0514372 -0.0524467 -0.0529878 -0.0530354 -0.0525968 -0.0516656 -0.0502414 -0.0483456 -0.0460416 -0.0434007 -0.0404975 -0.0374067 -0.034197 -0.0309759 -0.0278065 -0.024756 -0.0218533 -0.0191351 -0.016656 -0.0144288 -0.0124672 -0.0107505 -0.00927504 -0.00804089 -0.00701853 -0.0061717 -0.00547496 -0.00491337 -0.00448116 -0.00413381 -0.0038593 -0.00365795 -0.00351066 -0.00341389 -0.00332749 -0.00327682 -0.00324392 -0.00321793 -0.0032019 -0.0031771 -0.00317638 -0.00316226 -0.0031565 
