0 0 0 0 0 0 0 0 0 0 0 0 0 0 0 0 0 0 0 0 0 0 0 0 0 0 0 0 0 0 0 0 0 0 0 0 0 0 0 0 0 0 0 0 0 0 0 0 0 0 0 0 0 0 0 0 0 0 0 0 0 0 0 0 0 0 0 0 0 0 0 0 0 0 0 0 0 0 0 0 0 0 0 0 0 0 0 0 0 0 0 0 0 0 0 0 0 0 0 0 0 0 0 0 0 0 0 0 0 0 0 0 0 0 0 0 0 0 0 0 0 0 0 0 0 0 0 0 0 0 0 0 0 0 0 0 0 0 0 0 0 0 0 0 0 0 0 0 0 0 0 0 0 0 0 0 0 0 0 0 0 0 0 0 0 0 0 0 0 0 0 0 0 0 0 0 0 0 0 0 0 0 0 0 0 0 0 0 0 0 0 0 0 0 0 0 0 0 0 0 
0 2.66226e-06 8.93639e-06 7.58014e-06 1.39316e-05 1.27516e-05 1.99879e-05 2.61374e-05 2.98529e-05 4.02106e-05 3.97852e-05 4.82365e-05 5.30629e-05 6.15645e-05 6.84428e-05 6.47351e-05 7.44122e-05 7.75252e-05 7.95363e-05 7.72533e-05 7.75635e-05 9.1551e-05 9.09866e-05 9.39124e-05 0.000102377 0.000114771 0.000130634 0.00013747 0.000153526 0.000168665 0.000184532 0.000207402 0.000224704 0.000236806 0.000252228 0.000274148 0.000300713 0.000327772 0.000364612 0.000424679 0.000494783 0.000591213 0.000709839 0.000849766 0.00102194 0.00124001 0.00150909 0.00182944 0.00221841 0.00267695 0.00322108 0.00384094 0.00454518 0.00530168 0.00608116 0.00686266 0.00760187 0.00825095 0.00878584 0.00915473 0.00931679 0.00927015 0.00898124 0.00846976 0.00774584 0.00684059 0.00578854 0.00463953 0.00343094 0.00222434 0.00104125 -7.16635e-05 -0.00109793 -0.00203098 -0.00285727 -0.00357553 -0.00419103 -0.00469421 -0.00508434 -0.00536913 -0.00554235 -0.00562096 -0.00560863 -0.00552247 -0.00536006 -0.00514301 -0.00487438 -0.00456564 -0.00421701 -0.00386797 -0.00351351 -0.00316363 -0.00281318 -0.00248253 -0.00216429 -0.00186873 -0.00157724 -0.0013073 -0.00105054 -0.000816561 -0.000586494 -0.000370474 -0.000151871 6.85804e-05 0.0003095 0.000551513 0.000809502 0.00107687 0.00136984 0.00167531 0.00199471 0.00231355 0.00265242 0.00298466 0.00329847 0.0035714 0.0038019 0.00395822 0.00403252 0.00400692 0.00387187 0.00359899 0.00319404 0.00264394 0.00195263 0.0011516 0.000264048 -0.000680567 -0.00162774 -0.00254784 -0.00341403 -0.0041784 -0.00483967 -0.00537117 -0.00576893 -0.00603239 -0.00617379 -0.00620323 -0.00615762 -0.00604595 -0.00591479 -0.00576297 -0.00559931 -0.00542684 -0.00522268 -0.00497511 -0.00468932 -0.00435428 -0.00397329 -0.00357154 -0.00314703 -0.00272504 -0.00232174 -0.00196084 -0.00163916 -0.00136776 -0.00113845 -0.000947509 -0.000788118 -0.000660874 -0.000567303 -0.000481884 -0.000414671 -0.000362764 -0.000320141 -0.000290884 -0.000272811 -0.000255426 -0.000240679 -0.000227836 -0.000229661 -0.0002323 -0.000224419 -0.000225674 -0.000220164 -0.000219462 -0.000217468 -0.000213165 -0.000215325 -0.000207829 -0.000212956 -0.00021457 -0.00020694 -0.000204156 -0.000202615 -0.000214055 -0.000211907 -0.000206791 -0.000209856 -0.000209236 -0.000210087 -0.000201214 -0.000204594 -0.000209938 -0.000207059 -0.000204059 -0.000199426 -0.000206766 -0.000207436 -0.000206643 
0 8.93639e-06 1.51615e-05 2.80467e-05 3.04488e-05 3.89644e-05 4.81808e-05 5.45014e-05 6.78272e-05 7.00112e-05 8.0867e-05 8.2864e-05 9.48046e-05 0.000113068 0.000114733 0.000126269 0.000131651 0.000156349 0.000161989 0.000160634 0.000178731 0.000193405 0.000209101 0.000204688 0.00022221 0.00024657 0.000266644 0.000281784 0.000303455 0.000326438 0.000353284 0.00039361 0.000422078 0.000460055 0.000485959 0.000551331 0.000611755 0.000671991 0.000766601 0.000873052 0.00102774 0.00121068 0.00144617 0.001731 0.00208011 0.00252447 0.0030854 0.00373504 0.0045277 0.00545793 0.00652596 0.00776742 0.00913747 0.0106229 0.0121519 0.0136813 0.0151281 0.0164131 0.0174471 0.0181672 0.0184717 0.0183393 0.0177503 0.0167004 0.0152384 0.0134291 0.0113406 0.00905522 0.00669659 0.00431815 0.00201013 -0.000159907 -0.00216697 -0.00399968 -0.00560152 -0.00701638 -0.00821244 -0.00917911 -0.00994256 -0.0105044 -0.010847 -0.0110249 -0.0110231 -0.0108574 -0.0105674 -0.010157 -0.0096329 -0.00904904 -0.00841662 -0.0077325 -0.0070256 -0.00633198 -0.00565956 -0.00500526 -0.00437486 -0.00376718 -0.00319741 -0.00266571 -0.00215533 -0.00166669 -0.00120963 -0.000754578 -0.00029854 0.000155928 0.000622646 0.0011176 0.00164017 0.00219332 0.00276516 0.00335997 0.00399441 0.00466027 0.00531557 0.00594516 0.00655126 0.00708203 0.00750171 0.00779865 0.00792462 0.00783714 0.00753936 0.00697273 0.0061375 0.00504387 0.00368684 0.00209683 0.000359192 -0.00150154 -0.00337434 -0.00518421 -0.00686801 -0.00836877 -0.00962243 -0.0106385 -0.0113867 -0.0118747 -0.0121301 -0.0121954 -0.0120941 -0.0118967 -0.0116537 -0.0113624 -0.0110632 -0.0107304 -0.0103342 -0.00986035 -0.00930684 -0.00864993 -0.00793055 -0.0071364 -0.00632555 -0.00550003 -0.00470447 -0.00399229 -0.00334493 -0.00278854 -0.0023241 -0.00192592 -0.00159485 -0.00134706 -0.00114126 -0.000990514 -0.000850089 -0.000753381 -0.000676875 -0.000611323 -0.000581119 -0.000539436 -0.000504343 -0.000473815 -0.000469401 -0.000461327 -0.0004502 -0.00043641 -0.000434069 -0.000429166 -0.000421386 -0.000426349 -0.000413399 -0.000416529 -0.000416073 -0.000425457 -0.000419266 -0.000404606 -0.000417011 -0.000423692 -0.000426877 -0.000413447 -0.000416423 -0.000424927 -0.000418658 -0.000411733 -0.000412053 -0.000423963 -0.000420952 -0.000411569 -0.000409536 -0.00041543 -0.000417528 -0.000411684 
0 7.58014e-06 2.80467e-05 3.28312e-05 5.30442e-05 5.55157e-05 7.37586e-05 8.74684e-05 9.51445e-05 0.000116887 0.000116185 0.000134182 0.000144441 0.000162572 0.000175946 0.000169735 0.000197226 0.000216733 0.000234577 0.000243482 0.000261488 0.000307636 0.000318206 0.000329462 0.000352358 0.000383011 0.000416772 0.000427987 0.00045765 0.000487305 0.000522129 0.000579373 0.000631834 0.000681867 0.000748439 0.000840222 0.000945319 0.00105122 0.00118249 0.00136945 0.00159101 0.00188461 0.00224974 0.00268936 0.00323468 0.00392518 0.00477368 0.00577781 0.00697562 0.00836625 0.00997981 0.0117948 0.0138217 0.0159842 0.0182048 0.020425 0.0225256 0.0243715 0.0258746 0.0268845 0.027277 0.0270304 0.0260717 0.0244577 0.0222437 0.0195351 0.0164444 0.013112 0.00964962 0.00620742 0.00285119 -0.000302039 -0.00320451 -0.00583207 -0.00814639 -0.0101492 -0.0118562 -0.0132547 -0.0143548 -0.0151774 -0.0157094 -0.0159881 -0.0160181 -0.0158362 -0.0154441 -0.0148933 -0.0141977 -0.0133881 -0.012468 -0.011521 -0.0105382 -0.00954452 -0.0085366 -0.00756729 -0.00663086 -0.00575243 -0.00489469 -0.0040906 -0.0033143 -0.00258161 -0.00185393 -0.00115237 -0.000447489 0.000255001 0.000996341 0.00174077 0.00252434 0.00333908 0.00421941 0.00513389 0.00607716 0.00700958 0.00796575 0.0088836 0.00973246 0.0104566 0.0110413 0.0114076 0.0115227 0.0113369 0.0108251 0.00992543 0.00865651 0.00700029 0.00497243 0.00265086 9.95191e-05 -0.00260372 -0.00531365 -0.00793476 -0.0103764 -0.012506 -0.0143013 -0.0157058 -0.0167203 -0.0173659 -0.0176943 -0.0177504 -0.0176263 -0.0173525 -0.0170306 -0.0166531 -0.0162362 -0.0157818 -0.0152342 -0.014568 -0.0137948 -0.0128874 -0.0118547 -0.0107483 -0.00956749 -0.00837027 -0.0072043 -0.0061346 -0.00516378 -0.00432438 -0.00360599 -0.003 -0.00249469 -0.00209414 -0.00179448 -0.0015365 -0.00133369 -0.00117902 -0.00105408 -0.000965016 -0.000905043 -0.00084475 -0.000786552 -0.000732272 -0.000712645 -0.000695462 -0.000658992 -0.000648015 -0.000632273 -0.000632622 -0.000633294 -0.000629191 -0.000634894 -0.00062051 -0.0006352 -0.000644613 -0.000630783 -0.0006243 -0.000620312 -0.000641457 -0.000630414 -0.000614295 -0.000623672 -0.000629553 -0.000636199 -0.000617614 -0.000625102 -0.00063772 -0.00063232 -0.000626844 -0.000618589 -0.000633131 -0.000626085 -0.000616879 
0 1.39316e-05 3.04488e-05 5.30442e-05 6.53707e-05 8.17591e-05 9.86933e-05 0.000111459 0.000131836 0.000142503 0.000161713 0.000172932 0.000194179 0.000222545 0.000229777 0.000246922 0.000264529 0.000304643 0.000320417 0.000325322 0.000357305 0.000391149 0.000419056 0.00042213 0.000454358 0.000499903 0.000540909 0.000573112 0.000617264 0.000665467 0.000721989 0.000799826 0.000866553 0.000948652 0.00102834 0.00116874 0.00131387 0.00146576 0.0016731 0.00192026 0.00225152 0.00265402 0.00316142 0.00377684 0.00453146 0.00547612 0.00664152 0.00799434 0.00960121 0.0114561 0.0135595 0.0159463 0.0185579 0.0213519 0.0242133 0.0270572 0.0297321 0.0320814 0.0339366 0.0351529 0.0355553 0.0350956 0.0337483 0.0315423 0.0285855 0.0250197 0.0209895 0.016654 0.0122145 0.00778572 0.00351181 -0.000486622 -0.00415499 -0.00746653 -0.0103477 -0.0128594 -0.0149819 -0.0167177 -0.0181125 -0.0191789 -0.0198934 -0.0203195 -0.0204365 -0.0202652 -0.0198555 -0.0192267 -0.0183973 -0.0174409 -0.0163758 -0.0152071 -0.0139693 -0.0127145 -0.0114584 -0.0102116 -0.00899227 -0.00780927 -0.00667836 -0.0056023 -0.0045552 -0.0035356 -0.00255021 -0.00156798 -0.000585786 0.000391833 0.00138694 0.00241697 0.00349048 0.00461388 0.00577216 0.00696026 0.00818877 0.00943017 0.0106265 0.0117452 0.0127768 0.0136452 0.0142941 0.0146825 0.0147312 0.0143695 0.0135883 0.0123119 0.0105536 0.00833897 0.00568305 0.00265264 -0.000621581 -0.00407563 -0.00752749 -0.0108398 -0.0138887 -0.0165556 -0.0187403 -0.020444 -0.0216424 -0.0223751 -0.0227168 -0.0227562 -0.0225607 -0.0222365 -0.0218609 -0.0214283 -0.0209783 -0.0204683 -0.0198432 -0.019073 -0.0181512 -0.0170415 -0.0157897 -0.0143895 -0.0129119 -0.011377 -0.00986331 -0.00846082 -0.00716608 -0.0060271 -0.00505122 -0.00421025 -0.00350637 -0.00295933 -0.00251474 -0.00217044 -0.00186947 -0.00164571 -0.00146633 -0.00132024 -0.00123229 -0.00113862 -0.00105782 -0.000990437 -0.000964549 -0.000938067 -0.00090625 -0.00087852 -0.000869261 -0.000862761 -0.000854793 -0.000858208 -0.000838799 -0.000835688 -0.000836748 -0.000851898 -0.000844408 -0.000826764 -0.000841372 -0.000850422 -0.000847571 -0.000825732 -0.000832397 -0.000848849 -0.000843844 -0.000830427 -0.000828013 -0.000841672 -0.000837655 -0.000826595 -0.000827659 -0.000839339 -0.000836892 -0.000824149 
0 1.27516e-05 3.89644e-05 5.55157e-05 8.17591e-05 9.43945e-05 0.000117576 0.000138849 0.000158009 0.000187076 0.000202304 0.000228972 0.000252078 0.000281229 0.000301617 0.000310426 0.000344979 0.000376894 0.000396935 0.000405628 0.000432218 0.00048374 0.000509128 0.000528676 0.00056752 0.000621818 0.000678439 0.000721138 0.000782808 0.000852844 0.000932253 0.00103372 0.00113137 0.00123179 0.00135583 0.00152541 0.0017213 0.0019349 0.00220298 0.00255412 0.00299058 0.00354125 0.00422021 0.00503729 0.0060323 0.00725875 0.00873467 0.0104554 0.0124598 0.0147512 0.0173488 0.0202414 0.0234091 0.0267608 0.0301772 0.0335485 0.0366954 0.0394135 0.0415293 0.0428318 0.0431451 0.0424174 0.0406054 0.0377904 0.0340981 0.029704 0.0247942 0.0195748 0.0142386 0.00897694 0.00392211 -0.000777211 -0.00505038 -0.00886521 -0.0121879 -0.0150492 -0.0174806 -0.019495 -0.0211252 -0.0223954 -0.0232965 -0.0238629 -0.0240948 -0.0240196 -0.0236527 -0.0230378 -0.0221972 -0.021171 -0.0199781 -0.018686 -0.0173054 -0.0158675 -0.0143831 -0.0128996 -0.0114278 -0.00998998 -0.00857262 -0.00720325 -0.00586301 -0.00456207 -0.00327724 -0.00201089 -0.000741182 0.000531749 0.00184259 0.00317236 0.00454261 0.00594939 0.00740679 0.00888442 0.0103649 0.0118043 0.013201 0.0144919 0.0156305 0.0165458 0.0171931 0.0174877 0.0173674 0.0167666 0.0156498 0.013958 0.0117124 0.00892646 0.00564454 0.00197658 -0.00196107 -0.0060474 -0.0100905 -0.0139398 -0.017456 -0.0204799 -0.0229468 -0.0248115 -0.0260811 -0.0268122 -0.0271024 -0.0270554 -0.0267966 -0.0264124 -0.0260093 -0.0255861 -0.0251472 -0.0246619 -0.0240473 -0.0232562 -0.0222775 -0.0210738 -0.0196577 -0.0180691 -0.0163321 -0.0145124 -0.0126928 -0.0109669 -0.00936557 -0.0079369 -0.00668873 -0.00561098 -0.00470041 -0.00396527 -0.00338297 -0.00289839 -0.00250019 -0.00218423 -0.00192738 -0.00173124 -0.00159011 -0.00146598 -0.00135702 -0.00127032 -0.0012296 -0.00119552 -0.00114797 -0.00111957 -0.00109733 -0.00108941 -0.00108373 -0.00107523 -0.00106613 -0.00104818 -0.00105721 -0.00106822 -0.00105548 -0.00104561 -0.00104774 -0.00106721 -0.00105629 -0.00103732 -0.00104641 -0.00105722 -0.00105917 -0.00103685 -0.00103777 -0.00104784 -0.00104329 -0.00103609 -0.00103221 -0.00105006 -0.00104438 -0.00103426 
0 1.99879e-05 4.81808e-05 7.37586e-05 9.86933e-05 0.000117576 0.000141726 0.000166968 0.000192731 0.0002199 0.000243061 0.000268349 0.000296573 0.00032937 0.000353405 0.000376745 0.000414454 0.000456257 0.000481219 0.000496645 0.000533249 0.000586179 0.00062443 0.000651308 0.000697159 0.000759503 0.00082188 0.000878364 0.00095133 0.00103824 0.00114034 0.00126339 0.00138886 0.00152756 0.00169578 0.00192293 0.00218588 0.00248118 0.00284728 0.00330658 0.00388146 0.00459117 0.00545943 0.00650297 0.00776224 0.00928869 0.0111027 0.0131944 0.0155957 0.018312 0.0213501 0.0247098 0.0283476 0.0321724 0.0360482 0.0398329 0.0433235 0.0462938 0.0485249 0.0497982 0.0499282 0.0488471 0.0465442 0.0431055 0.0386905 0.033508 0.0277812 0.0217489 0.0156534 0.00969607 0.00404508 -0.00115752 -0.00584623 -0.00999979 -0.0136008 -0.0167005 -0.0193322 -0.0215227 -0.0233166 -0.0247406 -0.025795 -0.0265147 -0.0268997 -0.0269648 -0.02673 -0.0262171 -0.0254435 -0.0244518 -0.0232662 -0.0219221 -0.02045 -0.0188932 -0.017272 -0.0156112 -0.0139282 -0.012241 -0.0105599 -0.00890411 -0.00726766 -0.00565737 -0.00406818 -0.00248679 -0.000899869 0.000696816 0.00232339 0.00397736 0.00566251 0.00737117 0.0090911 0.0108026 0.012494 0.0141258 0.0156559 0.0170283 0.0181929 0.019072 0.0196019 0.0197118 0.0193314 0.0184003 0.0168873 0.0147464 0.0119952 0.00866682 0.00481845 0.000566574 -0.00393873 -0.00855046 -0.0130597 -0.0172889 -0.0210832 -0.0242988 -0.0268562 -0.0287376 -0.0299589 -0.0305948 -0.0307639 -0.0305982 -0.0302332 -0.0297943 -0.0293795 -0.0290001 -0.0286502 -0.0282689 -0.02776 -0.0270549 -0.0261166 -0.0249049 -0.0234311 -0.0217198 -0.0198154 -0.0177785 -0.0157065 -0.0137005 -0.0118086 -0.0100868 -0.00855713 -0.00721615 -0.00607192 -0.00513637 -0.0043783 -0.00375677 -0.00323999 -0.00282483 -0.00248738 -0.0022213 -0.00202255 -0.00185063 -0.00170271 -0.00158816 -0.00152102 -0.0014666 -0.00140843 -0.00136347 -0.00133396 -0.00131687 -0.00130512 -0.00129504 -0.00127796 -0.00126435 -0.0012691 -0.0012791 -0.00126865 -0.00125573 -0.00126241 -0.00127702 -0.00127096 -0.00125487 -0.001261 -0.00127336 -0.00127096 -0.00125448 -0.00125421 -0.00126364 -0.00126131 -0.00125181 -0.00124861 -0.00125981 -0.00125575 -0.00124544 
0 2.61374e-05 5.45014e-05 8.74684e-05 0.000111459 0.000138849 0.000166968 0.000198177 0.000231174 0.000257391 0.000288378 0.000313086 0.000346221 0.000380303 0.000405674 0.000439436 0.000476652 0.00052528 0.000557092 0.000584713 0.000634667 0.000691232 0.000745065 0.000783969 0.000839486 0.000910818 0.000979912 0.00105111 0.00113367 0.00123652 0.00136184 0.00150939 0.00167103 0.00185927 0.00208732 0.00238438 0.00272948 0.00312474 0.00360741 0.00419703 0.00493433 0.00583116 0.00691771 0.00821653 0.00976516 0.0116073 0.0137621 0.0162198 0.0189996 0.0221116 0.0255496 0.0293189 0.0333521 0.0375541 0.041775 0.0458403 0.049532 0.0526109 0.0548251 0.0559539 0.0558133 0.0543174 0.051488 0.0474158 0.0422952 0.0363677 0.0298998 0.0231647 0.0164468 0.0099566 0.00388781 -0.00163597 -0.00655916 -0.0108764 -0.0145988 -0.0177936 -0.0205038 -0.0227733 -0.0246542 -0.0261748 -0.0273515 -0.0282137 -0.0287679 -0.0290149 -0.0289751 -0.0286462 -0.0280371 -0.0271748 -0.026089 -0.0247916 -0.0233265 -0.0217284 -0.0200278 -0.0182393 -0.016394 -0.014502 -0.0125903 -0.0106662 -0.00874088 -0.00681493 -0.0049007 -0.00297873 -0.00105027 0.000893271 0.00285063 0.00482924 0.006814 0.00880278 0.0107665 0.0126885 0.0145442 0.0163017 0.0178929 0.0192702 0.0203701 0.021115 0.0214275 0.0212539 0.0205236 0.0191913 0.0172306 0.0146179 0.0113647 0.00752159 0.00316051 -0.00159422 -0.00656598 -0.0115762 -0.0164068 -0.0208566 -0.0247585 -0.0279913 -0.0304716 -0.032213 -0.0332517 -0.0336865 -0.0336563 -0.033322 -0.032827 -0.0323301 -0.031918 -0.031618 -0.0314103 -0.0312061 -0.0308951 -0.0303816 -0.0295949 -0.0284881 -0.0270621 -0.0253254 -0.0233382 -0.021158 -0.0188945 -0.016652 -0.0145006 -0.0125011 -0.0106911 -0.0090783 -0.00768328 -0.00652122 -0.0055594 -0.00477228 -0.00411355 -0.0035782 -0.00314379 -0.00279577 -0.00252589 -0.0022961 -0.00209871 -0.00194478 -0.00183733 -0.00175098 -0.00167534 -0.00161001 -0.00157166 -0.00154636 -0.00153068 -0.00152089 -0.00149951 -0.00149209 -0.00149258 -0.00149906 -0.00148998 -0.00147329 -0.00148048 -0.00148681 -0.00148391 -0.00147146 -0.00147328 -0.0014858 -0.00148091 -0.00147328 -0.00147448 -0.00148376 -0.00148346 -0.00147203 -0.00146886 -0.00147144 -0.00146882 -0.00145902 
0 2.98529e-05 6.78272e-05 9.51445e-05 0.000131836 0.000158009 0.000192731 0.000231174 0.000260445 0.000300932 0.000326095 0.000365505 0.000402547 0.000436623 0.000476266 0.000503076 0.000554261 0.000593976 0.000635436 0.000677479 0.000724605 0.000792706 0.000843755 0.000902865 0.000967714 0.00104989 0.00113967 0.00123247 0.00133738 0.00146877 0.00162623 0.00180774 0.0020219 0.00225758 0.00256789 0.00293012 0.00337078 0.00388683 0.00449443 0.00525721 0.00617569 0.0073005 0.00863825 0.010218 0.0120749 0.0142422 0.0167175 0.019526 0.0226473 0.0261011 0.0298984 0.0339933 0.0383499 0.0428269 0.0472762 0.0514932 0.0552533 0.0582908 0.060371 0.0612373 0.0607343 0.0587763 0.0553802 0.0506823 0.0448954 0.0382901 0.0311773 0.0238811 0.0166673 0.00981102 0.00347893 -0.00221199 -0.00721321 -0.0115259 -0.015228 -0.018355 -0.0210073 -0.0232503 -0.02513 -0.0266876 -0.0279666 -0.0289565 -0.0296827 -0.0301441 -0.0303242 -0.0302289 -0.0298677 -0.0292231 -0.0283088 -0.0271691 -0.0258176 -0.024263 -0.0225383 -0.020688 -0.0187304 -0.0166921 -0.0145829 -0.0124227 -0.0102256 -0.00800124 -0.00574303 -0.00347352 -0.00119151 0.00109897 0.00339491 0.00568017 0.00794722 0.0101746 0.0123586 0.0144642 0.0164358 0.018225 0.0198041 0.0211023 0.0220331 0.0225415 0.0225662 0.0220299 0.0208897 0.0191177 0.0166692 0.0135628 0.0098183 0.00548514 0.000667081 -0.00448024 -0.00980514 -0.0150671 -0.0200611 -0.0245756 -0.0284387 -0.0315196 -0.0337925 -0.0352457 -0.0359751 -0.036103 -0.0357916 -0.0352164 -0.0345697 -0.0339899 -0.0335858 -0.0334002 -0.0333724 -0.0334211 -0.0334006 -0.0331823 -0.0326618 -0.0317831 -0.0304976 -0.0288508 -0.0268555 -0.024614 -0.0222301 -0.0198011 -0.0174379 -0.0151934 -0.0131139 -0.0112357 -0.00958199 -0.00815882 -0.00697772 -0.0059724 -0.005148 -0.00445666 -0.00389256 -0.00344948 -0.00308112 -0.00278732 -0.0025329 -0.00233459 -0.00218353 -0.0020675 -0.00196633 -0.00189065 -0.0018325 -0.00179932 -0.00177948 -0.00175318 -0.00174048 -0.00171938 -0.00172417 -0.00172112 -0.00171003 -0.00170453 -0.00169763 -0.00170987 -0.0017002 -0.00169485 -0.00169413 -0.00169544 -0.00169735 -0.00168544 -0.00169064 -0.00169377 -0.00169239 -0.00168656 -0.00167888 -0.00168326 -0.00167979 -0.00167671 
0 4.02106e-05 7.00112e-05 0.000116887 0.000142503 0.000187076 0.0002199 0.000257391 0.000300932 0.000326769 0.000373282 0.000405651 0.0004561 0.000498888 0.000534276 0.000587126 0.000624823 0.000680518 0.00072445 0.000774225 0.000835265 0.000885461 0.000953293 0.00101592 0.00109398 0.00119201 0.0012985 0.00142571 0.0015621 0.00172796 0.00193232 0.00216077 0.0024248 0.00274011 0.00311566 0.00357578 0.00412086 0.0047727 0.0055596 0.00650349 0.00766123 0.0090378 0.0106546 0.012539 0.0147141 0.0171912 0.0199885 0.0231019 0.0265273 0.0302816 0.0343415 0.0387049 0.0432657 0.0479095 0.0524697 0.0567127 0.060404 0.0633003 0.0651079 0.0656206 0.0646794 0.0621844 0.0582183 0.0529056 0.0465017 0.0393131 0.0316771 0.0239233 0.0163808 0.00927354 0.00281871 -0.00289731 -0.00783703 -0.0120244 -0.0155363 -0.018478 -0.0209406 -0.0230259 -0.0248158 -0.0263549 -0.0276779 -0.0287883 -0.0296877 -0.0303463 -0.0307758 -0.0309426 -0.0308422 -0.0304773 -0.0298604 -0.0289404 -0.0277577 -0.0263326 -0.0247013 -0.0228586 -0.0208525 -0.0187001 -0.0164486 -0.0140852 -0.0116476 -0.00913028 -0.00657038 -0.00396494 -0.00134707 0.00128235 0.00387683 0.00645327 0.00897712 0.011441 0.0137836 0.0159835 0.0179984 0.019795 0.0212587 0.0223592 0.0230419 0.0232486 0.0229005 0.0219717 0.0203941 0.0181429 0.0152023 0.0115985 0.00736065 0.00258885 -0.00259834 -0.00806029 -0.0135893 -0.0189666 -0.0239839 -0.0284163 -0.0320857 -0.0349133 -0.0368247 -0.0378869 -0.0381966 -0.0379102 -0.0372232 -0.0363535 -0.0354786 -0.0348038 -0.0344028 -0.0343312 -0.0345394 -0.0348848 -0.0352273 -0.0353987 -0.0352426 -0.0346826 -0.0336708 -0.0321852 -0.0303019 -0.0280822 -0.0256502 -0.0231157 -0.0205871 -0.0181365 -0.0158216 -0.0136843 -0.0117664 -0.0100872 -0.0086346 -0.00741253 -0.00637054 -0.00549816 -0.00478542 -0.0042029 -0.00373243 -0.00334599 -0.00302787 -0.00277945 -0.00257981 -0.00242555 -0.00230807 -0.00220022 -0.00212947 -0.00207402 -0.00203296 -0.0020041 -0.00196663 -0.00195866 -0.00194477 -0.00193881 -0.00193747 -0.00192478 -0.00193458 -0.00192678 -0.00192979 -0.0019257 -0.00191552 -0.00192104 -0.00190863 -0.00191151 -0.00190283 -0.00190193 -0.00190282 -0.00189277 -0.00189833 -0.00189022 -0.00189746 -0.00189543 
0 3.97852e-05 8.0867e-05 0.000116185 0.000161713 0.000202304 0.000243061 0.000288378 0.000326095 0.000373282 0.000410158 0.0004618 0.000512765 0.000554072 0.000607176 0.000648812 0.000706473 0.000750995 0.000807589 0.000875712 0.000934659 0.00100486 0.00107395 0.00116519 0.00125774 0.00136605 0.00149454 0.00164554 0.00180863 0.002013 0.00226004 0.00254116 0.0028828 0.00326922 0.00376197 0.00432006 0.00500566 0.0058344 0.00680805 0.00799765 0.0094024 0.0110697 0.0129886 0.0151855 0.017676 0.0204643 0.0235362 0.0269357 0.0306152 0.0345946 0.0388744 0.043383 0.0480592 0.0527418 0.0572751 0.0614114 0.0649241 0.0675407 0.0690131 0.0690897 0.0676492 0.0646123 0.0600496 0.054149 0.0471892 0.0394934 0.0314322 0.0233752 0.0155948 0.00838631 0.00192231 -0.00370954 -0.00847275 -0.0123905 -0.0156217 -0.0182346 -0.0204013 -0.0222528 -0.0238662 -0.0252969 -0.0266136 -0.027772 -0.0287938 -0.0296543 -0.0303187 -0.0307634 -0.0309838 -0.0309223 -0.0305714 -0.0299475 -0.0290452 -0.0278301 -0.0263331 -0.0245908 -0.0226138 -0.0204299 -0.0180659 -0.0155406 -0.012896 -0.0101503 -0.00731501 -0.00443604 -0.00153171 0.00138062 0.00426308 0.00709376 0.00983483 0.0124413 0.0148985 0.0171587 0.0191335 0.0207804 0.0220691 0.0229395 0.0233078 0.0231458 0.0224001 0.0210169 0.0189687 0.0162495 0.0128213 0.00875809 0.00409841 -0.00105982 -0.00655843 -0.0122131 -0.0178607 -0.0232215 -0.0281221 -0.0323471 -0.0357249 -0.0381574 -0.0396419 -0.0401927 -0.0399788 -0.0391848 -0.0380371 -0.0367834 -0.0356641 -0.0348475 -0.0344401 -0.0344989 -0.0349234 -0.0355966 -0.0363336 -0.0369414 -0.0372307 -0.0371035 -0.0364456 -0.0352716 -0.0335825 -0.0314917 -0.0291048 -0.0265233 -0.0239007 -0.0212945 -0.0187751 -0.0164126 -0.0142474 -0.0122895 -0.0105849 -0.00909037 -0.00783044 -0.006748 -0.00585362 -0.00513231 -0.00451737 -0.00403221 -0.00362506 -0.00330275 -0.00303584 -0.00282954 -0.00266678 -0.00253484 -0.00242804 -0.00235432 -0.00230048 -0.0022484 -0.0022238 -0.00219701 -0.0021878 -0.00216761 -0.0021602 -0.00216137 -0.0021492 -0.00215066 -0.00214379 -0.00214972 -0.00214261 -0.00213578 -0.0021396 -0.0021372 -0.00213562 -0.00212647 -0.00212527 -0.00212562 -0.00212258 -0.00211848 -0.00211539 -0.00211448 
0 4.82365e-05 8.2864e-05 0.000134182 0.000172932 0.000228972 0.000268349 0.000313086 0.000365505 0.000405651 0.0004618 0.000506201 0.000563114 0.000610537 0.000661546 0.000726515 0.000778032 0.000837685 0.000899912 0.000978698 0.00105442 0.00112166 0.00121389 0.00132076 0.00143292 0.00155851 0.00170868 0.00189319 0.00209608 0.00233993 0.00264178 0.00298751 0.00340245 0.00390168 0.00450374 0.00521357 0.00606839 0.00710396 0.00832777 0.00976964 0.0114637 0.0134219 0.0156385 0.0181368 0.0209244 0.0239829 0.0273218 0.0309502 0.0348387 0.0389892 0.0433713 0.0479431 0.0525954 0.0571957 0.0615864 0.0655116 0.0687376 0.071018 0.0720593 0.0716579 0.0696928 0.0660935 0.060981 0.0545496 0.0471026 0.0389929 0.0306029 0.0223016 0.0144102 0.00718542 0.00083106 -0.00458835 -0.00905781 -0.0126365 -0.0154798 -0.0177252 -0.0195322 -0.0210565 -0.0224052 -0.0236501 -0.0248506 -0.0259986 -0.0270961 -0.0281012 -0.0289883 -0.0297 -0.0302039 -0.0304661 -0.0304649 -0.0301423 -0.02951 -0.0285594 -0.0273045 -0.0257276 -0.0238484 -0.0216925 -0.0193025 -0.0166831 -0.0139015 -0.0109782 -0.0079536 -0.00486147 -0.00173685 0.00140423 0.0044902 0.00750494 0.0103931 0.0131057 0.0155752 0.0177629 0.0196196 0.021116 0.0221586 0.0227139 0.0227358 0.0221829 0.0209969 0.0191631 0.0166487 0.0134576 0.00959542 0.00513008 0.000117526 -0.00531557 -0.0110078 -0.0167892 -0.0224438 -0.0277182 -0.0324223 -0.036339 -0.039303 -0.0412614 -0.0421857 -0.0421594 -0.0413545 -0.0399877 -0.0383242 -0.0366493 -0.0352096 -0.0342235 -0.0337797 -0.033932 -0.0345909 -0.0355836 -0.0367345 -0.0378147 -0.0385988 -0.0389621 -0.0387787 -0.0379945 -0.0366436 -0.0347905 -0.0325437 -0.0300173 -0.0273529 -0.0246401 -0.0219571 -0.0193889 -0.0169897 -0.0147816 -0.0127976 -0.0110539 -0.00953709 -0.00822843 -0.00713491 -0.00622265 -0.00545638 -0.00482993 -0.00431829 -0.00390495 -0.00355698 -0.00328648 -0.00307991 -0.00290389 -0.00276913 -0.00266554 -0.00258458 -0.00252357 -0.00247784 -0.00245748 -0.00242868 -0.00240094 -0.00239589 -0.00238724 -0.00238288 -0.00236464 -0.002368 -0.00237594 -0.00236599 -0.00236543 -0.00236052 -0.00237515 -0.0023665 -0.00235802 -0.00236032 -0.00235723 -0.00236267 -0.00234376 -0.00234294 -0.00233546 
0 5.30629e-05 9.48046e-05 0.000144441 0.000194179 0.000252078 0.000296573 0.000346221 0.000402547 0.0004561 0.000512765 0.000563114 0.000619188 0.000669008 0.000728842 0.000795561 0.000855897 0.000914693 0.000985099 0.00107597 0.00115943 0.00124202 0.00135088 0.00148545 0.00162326 0.0017724 0.00195641 0.00218355 0.00243516 0.0027361 0.00310192 0.00352866 0.00404605 0.00466552 0.00541695 0.00629058 0.00734314 0.00861198 0.010094 0.0118211 0.0138087 0.016071 0.0185908 0.021382 0.0244432 0.0277485 0.0312927 0.0350957 0.039114 0.0433381 0.0477408 0.0522579 0.0567922 0.0612091 0.0653542 0.0689751 0.0718401 0.073695 0.0742703 0.07336 0.070866 0.0667458 0.0611234 0.0542237 0.0463672 0.037917 0.0292765 0.0208365 0.0129073 0.0057686 -0.000395059 -0.00553197 -0.00964452 -0.0128116 -0.0152267 -0.0170329 -0.0184215 -0.0195665 -0.0205831 -0.0215561 -0.0225671 -0.0236089 -0.0246916 -0.0257789 -0.0268256 -0.0277652 -0.0285498 -0.0291107 -0.0294098 -0.0294144 -0.0291088 -0.0284472 -0.0274362 -0.0260761 -0.0243667 -0.022328 -0.0199955 -0.0173865 -0.0145653 -0.0115643 -0.00842311 -0.00519936 -0.0019358 0.00133237 0.00453194 0.00762647 0.0105491 0.0132355 0.0156417 0.0177179 0.0193895 0.0206286 0.0213852 0.0216168 0.021267 0.0203044 0.0186862 0.0164019 0.0134474 0.00984487 0.0056104 0.000831342 -0.00443076 -0.0100516 -0.0158578 -0.0216628 -0.0272552 -0.0323583 -0.0367833 -0.0403186 -0.042808 -0.0442069 -0.0445277 -0.0438568 -0.0424076 -0.0404261 -0.0382028 -0.0360557 -0.0342667 -0.0330539 -0.0325296 -0.0327428 -0.0335854 -0.0348863 -0.0364418 -0.0380027 -0.0393193 -0.0402341 -0.0405849 -0.0402998 -0.0393729 -0.0378656 -0.0358649 -0.0334805 -0.0308679 -0.0281213 -0.0253369 -0.022617 -0.0200195 -0.017571 -0.0153258 -0.0133028 -0.0115179 -0.00995242 -0.00862289 -0.00750266 -0.00654695 -0.00576636 -0.00512634 -0.00460191 -0.00415825 -0.00380698 -0.00353623 -0.00331333 -0.00313729 -0.00300386 -0.00289797 -0.00281563 -0.00276375 -0.00273029 -0.00269324 -0.00265477 -0.00264502 -0.00263939 -0.00262306 -0.00260197 -0.00260084 -0.00261028 -0.00259974 -0.00259038 -0.00258766 -0.00259836 -0.00259115 -0.00257901 -0.00257998 -0.00258177 -0.00258355 -0.00256833 -0.0025665 -0.00256444 
0 6.15645e-05 0.000113068 0.000162572 0.000222545 0.000281229 0.00032937 0.000380303 0.000436623 0.000498888 0.000554072 0.000610537 0.000669008 0.000726453 0.000798222 0.00087138 0.000944919 0.0010095 0.00109207 0.001194 0.00128408 0.00137866 0.00149912 0.00165604 0.00181894 0.00199734 0.00222477 0.00250698 0.0028263 0.00320274 0.0036525 0.00418187 0.00482239 0.00558634 0.00650869 0.00757646 0.0088558 0.0103841 0.0121493 0.0141772 0.0164652 0.0190261 0.0218348 0.0248948 0.0281947 0.0317019 0.0353981 0.0393014 0.0433635 0.0475613 0.0518745 0.0562289 0.0605449 0.064692 0.0685172 0.0717737 0.0742256 0.075614 0.075693 0.0742663 0.0712565 0.0666547 0.0605845 0.0532939 0.0451086 0.0364029 0.0275926 0.0190862 0.0111923 0.00420301 -0.00171786 -0.00652731 -0.0102503 -0.0129845 -0.0149402 -0.0162735 -0.0171945 -0.0178945 -0.0185091 -0.0191445 -0.0198941 -0.0207612 -0.0217515 -0.0228335 -0.0239471 -0.0250265 -0.0260163 -0.0268402 -0.0274309 -0.027747 -0.0277457 -0.0273795 -0.0266417 -0.0255343 -0.0240441 -0.0221991 -0.0200223 -0.0175351 -0.0147862 -0.0118201 -0.00867681 -0.00543474 -0.00214549 0.00112786 0.00430984 0.00734819 0.0101855 0.012745 0.0149889 0.0168617 0.0182958 0.0192502 0.0196867 0.0195547 0.0188174 0.0174563 0.0154461 0.0127758 0.00945897 0.00552183 0.000996191 -0.00402259 -0.00945439 -0.0151712 -0.0209949 -0.0267328 -0.0321746 -0.0370395 -0.0411292 -0.0442346 -0.0462085 -0.0470111 -0.0466918 -0.0453517 -0.0432377 -0.0406207 -0.037815 -0.0351597 -0.0329698 -0.0314689 -0.0308017 -0.0310149 -0.0319975 -0.0335759 -0.0355187 -0.0375533 -0.0394082 -0.0408914 -0.0418144 -0.0420874 -0.0416691 -0.0406081 -0.0389621 -0.036831 -0.034366 -0.0316688 -0.0288513 -0.0260321 -0.0232769 -0.0206206 -0.0181336 -0.015841 -0.0137819 -0.0119453 -0.0103553 -0.00899479 -0.00782276 -0.00686017 -0.00607116 -0.00541991 -0.00486994 -0.00442778 -0.00407976 -0.00379786 -0.0035683 -0.00339097 -0.00324649 -0.00313058 -0.00306 -0.0030052 -0.00295562 -0.00290888 -0.00289679 -0.00289685 -0.00287379 -0.00285216 -0.00284779 -0.00285631 -0.00284357 -0.002824 -0.00281976 -0.00282307 -0.00281581 -0.00280088 -0.00279944 -0.00280424 -0.00280242 -0.00279309 -0.00279298 -0.00279856 
0 6.84428e-05 0.000114733 0.000175946 0.000229777 0.000301617 0.000353405 0.000405674 0.000476266 0.000534276 0.000607176 0.000661546 0.000728842 0.000798222 0.000867871 0.000959039 0.00102782 0.00111027 0.00120371 0.0013153 0.00142713 0.0015315 0.00168114 0.00186185 0.00205819 0.00227487 0.00254834 0.00288693 0.00328338 0.00373891 0.00428841 0.00494224 0.00572136 0.00667375 0.00778311 0.00909324 0.0106295 0.0124372 0.0145143 0.016837 0.0194299 0.0222711 0.0253449 0.02864 0.0321362 0.0357769 0.039566 0.0434744 0.0474877 0.0515714 0.0556882 0.0598058 0.063818 0.0676252 0.0710638 0.0739016 0.0758861 0.0767969 0.0763666 0.0744547 0.0709786 0.0659457 0.0594992 0.0518863 0.0434366 0.0345515 0.0256539 0.0171361 0.00935341 0.00254498 -0.00311327 -0.00758768 -0.0109141 -0.0132225 -0.0146818 -0.0155216 -0.0159379 -0.0161461 -0.0163115 -0.0165663 -0.0169783 -0.0175972 -0.0184085 -0.0193801 -0.0204656 -0.0215962 -0.0226898 -0.0236906 -0.0245227 -0.0250946 -0.0253603 -0.02529 -0.0248521 -0.0240183 -0.0227994 -0.0212136 -0.0192768 -0.0170016 -0.0144429 -0.0116388 -0.00864714 -0.00553903 -0.00238894 0.000741762 0.00376237 0.00661169 0.00923234 0.0115717 0.0135577 0.0151348 0.0162643 0.0169043 0.0169849 0.016481 0.015386 0.0136696 0.0113201 0.00834883 0.00476173 0.000579458 -0.00412994 -0.00930186 -0.0148268 -0.0205596 -0.026321 -0.0319296 -0.0371294 -0.0416969 -0.0454007 -0.0480452 -0.0494886 -0.0497113 -0.0487379 -0.0467402 -0.0439517 -0.0406826 -0.0372789 -0.0340993 -0.0314647 -0.0296379 -0.0287648 -0.0288937 -0.0299506 -0.0317263 -0.0340046 -0.0364782 -0.0388582 -0.0409085 -0.0424397 -0.0432975 -0.0434629 -0.0429219 -0.0417209 -0.0399545 -0.0377296 -0.0351786 -0.0324122 -0.0295592 -0.0266996 -0.0238901 -0.0211836 -0.0186633 -0.0163334 -0.0142348 -0.0123816 -0.0107509 -0.00935139 -0.00816598 -0.00720006 -0.00639118 -0.00570775 -0.00515171 -0.004708 -0.00434519 -0.00405588 -0.00382209 -0.0036298 -0.00348535 -0.00337666 -0.00330942 -0.00323076 -0.00317509 -0.00315745 -0.00314429 -0.00312792 -0.00308856 -0.00309065 -0.00309483 -0.00308146 -0.0030691 -0.00305597 -0.00306969 -0.00305728 -0.00304666 -0.00304506 -0.00304197 -0.00304451 -0.00302616 -0.0030305 -0.00303276 
0 6.47351e-05 0.000126269 0.000169735 0.000246922 0.000310426 0.000376745 0.000439436 0.000503076 0.000587126 0.000648812 0.000726515 0.000795561 0.00087138 0.000959039 0.00103691 0.00112633 0.00120692 0.00131809 0.00144464 0.00156728 0.00170728 0.00188123 0.00210289 0.0023432 0.00260942 0.00293971 0.00334922 0.00382351 0.00438428 0.00504388 0.00583853 0.00680031 0.00794213 0.00930003 0.0108647 0.0126936 0.0148072 0.0171823 0.0198128 0.0226782 0.0257706 0.0290701 0.0325467 0.0361615 0.0398792 0.0436507 0.0474917 0.0513646 0.0552396 0.0591118 0.0629079 0.0665692 0.069984 0.0729822 0.075355 0.0768701 0.077275 0.0763874 0.0740313 0.0701465 0.0647694 0.0580146 0.0501498 0.0415211 0.0325208 0.0235856 0.0151294 0.0074602 0.000859541 -0.00453656 -0.00868462 -0.0116284 -0.0134867 -0.0144773 -0.0148006 -0.0147041 -0.0144168 -0.014112 -0.013921 -0.0139529 -0.0142324 -0.014764 -0.0155393 -0.0164934 -0.0175654 -0.0186896 -0.0197641 -0.0207003 -0.0214677 -0.0219833 -0.0221733 -0.0220104 -0.0215002 -0.0206041 -0.0193259 -0.0176853 -0.0157256 -0.0134675 -0.0109738 -0.00829499 -0.00550495 -0.00266443 0.000135721 0.00284087 0.00537873 0.00767856 0.00965507 0.011287 0.0125206 0.0132826 0.013526 0.0132602 0.0124337 0.0110147 0.00900508 0.0064027 0.00320073 -0.00056426 -0.00487138 -0.00967865 -0.0148903 -0.0204051 -0.0260822 -0.0317262 -0.0371221 -0.0420569 -0.0462686 -0.04955 -0.0517162 -0.0526367 -0.0522657 -0.0506888 -0.048036 -0.0445914 -0.0406877 -0.0366843 -0.0329666 -0.0298875 -0.0276845 -0.0265499 -0.0265325 -0.0275462 -0.0294477 -0.0319702 -0.0348206 -0.0376952 -0.0403109 -0.0424411 -0.0439424 -0.0447133 -0.0447617 -0.0440897 -0.0427586 -0.0408858 -0.0385655 -0.0359387 -0.0331323 -0.0302352 -0.027318 -0.0244634 -0.0217264 -0.0191738 -0.0168219 -0.0146959 -0.0128045 -0.0111295 -0.00971051 -0.00852036 -0.00752109 -0.00668055 -0.00598445 -0.00542518 -0.00497521 -0.00460786 -0.00431283 -0.00407139 -0.00387724 -0.00374832 -0.00363658 -0.0035427 -0.00346468 -0.00342267 -0.00341008 -0.0033674 -0.00334056 -0.00332535 -0.00333075 -0.00332652 -0.00330413 -0.00331254 -0.00331138 -0.0033159 -0.0033042 -0.00329725 -0.00330345 -0.00328676 -0.00328258 -0.00326863 -0.00326987 
0 7.44122e-05 0.000131651 0.000197226 0.000264529 0.000344979 0.000414454 0.000476652 0.000554261 0.000624823 0.000706473 0.000778032 0.000855897 0.000944919 0.00102782 0.00112633 0.00121152 0.00131795 0.00144441 0.00158269 0.00173628 0.00189948 0.0021159 0.00237579 0.00266654 0.00299677 0.00340001 0.00388906 0.0044785 0.00515541 0.00596342 0.00693522 0.00808896 0.00948196 0.0110779 0.012941 0.0150654 0.017472 0.020153 0.0230487 0.026168 0.0294689 0.0329372 0.0365279 0.0401952 0.0438753 0.0475699 0.0512355 0.0548915 0.0585072 0.0620502 0.0654955 0.0687526 0.0717352 0.0742724 0.0761826 0.0772169 0.0771834 0.0758545 0.0731177 0.0688935 0.0632223 0.0562427 0.0482193 0.0394777 0.0304409 0.0215321 0.013127 0.00560418 -0.000813126 -0.00596051 -0.00978503 -0.0123404 -0.0137943 -0.014302 -0.0141557 -0.0135689 -0.0127767 -0.0119707 -0.0113177 -0.0108823 -0.0107601 -0.0109442 -0.0114246 -0.012148 -0.0130628 -0.0140707 -0.0151195 -0.0161237 -0.0169839 -0.0176323 -0.01806 -0.0181933 -0.0179753 -0.0174136 -0.0165112 -0.0152611 -0.0136985 -0.0118679 -0.0098227 -0.00762128 -0.0053165 -0.00297376 -0.000650489 0.00158564 0.00364193 0.00546929 0.00702233 0.00820908 0.00897686 0.00933137 0.00922413 0.00860556 0.00745666 0.0057831 0.00355393 0.00077689 -0.0025471 -0.00639688 -0.0107551 -0.0155365 -0.0207029 -0.0261194 -0.031643 -0.037089 -0.0422578 -0.0468666 -0.0507263 -0.0535742 -0.0552469 -0.0556322 -0.0547076 -0.0525193 -0.0492793 -0.045221 -0.0407077 -0.0361325 -0.0318811 -0.0283166 -0.0257208 -0.0242718 -0.0240232 -0.0249449 -0.0268538 -0.0295394 -0.0326837 -0.0359839 -0.039117 -0.0418527 -0.0439733 -0.0454034 -0.0460726 -0.0459815 -0.0451836 -0.0437282 -0.0417483 -0.0393555 -0.0366803 -0.0338243 -0.03088 -0.0279078 -0.0250263 -0.022257 -0.0196769 -0.0172956 -0.0151138 -0.0131838 -0.0114864 -0.0100601 -0.0088432 -0.00781439 -0.00696128 -0.00626365 -0.00570161 -0.00524655 -0.00486842 -0.00455964 -0.00432159 -0.00413847 -0.00400657 -0.0038762 -0.00378469 -0.00372643 -0.00368589 -0.00365211 -0.00360488 -0.00359492 -0.00358663 -0.00357589 -0.00356177 -0.00355081 -0.00355982 -0.00355186 -0.00354525 -0.00353929 -0.00353566 -0.00353455 -0.00352105 -0.00351766 -0.0035128 
0 7.75252e-05 0.000156349 0.000216733 0.000304643 0.000376894 0.000456257 0.00052528 0.000593976 0.000680518 0.000750995 0.000837685 0.000914693 0.0010095 0.00111027 0.00120692 0.00131795 0.00143601 0.00158622 0.00174615 0.00192468 0.00213254 0.0023892 0.00269714 0.00304823 0.00345427 0.00394024 0.0045347 0.00524042 0.00607449 0.00705373 0.00823151 0.00963545 0.0112805 0.0131708 0.0153211 0.0177435 0.0204328 0.0233703 0.0265105 0.0298331 0.033293 0.0368771 0.0405163 0.0441436 0.0477278 0.0512298 0.0546588 0.0580205 0.0613002 0.0644856 0.0675241 0.070357 0.0729001 0.0749774 0.0764344 0.0770462 0.0765846 0.0748904 0.071819 0.0673092 0.0614205 0.0542829 0.0461562 0.0373802 0.0283514 0.0194948 0.011197 0.00380886 -0.00241404 -0.00732312 -0.0108593 -0.0130809 -0.0141405 -0.0142342 -0.013621 -0.0125483 -0.0112576 -0.00994794 -0.00877819 -0.00786345 -0.00727341 -0.00702461 -0.00712658 -0.00752646 -0.0081753 -0.00900178 -0.00991199 -0.0108352 -0.0117266 -0.0124947 -0.0130749 -0.0134175 -0.0135037 -0.0133065 -0.0128004 -0.0120061 -0.010973 -0.00969867 -0.00823574 -0.00664458 -0.00495769 -0.00324096 -0.00157415 1.80374e-05 0.0014678 0.00270502 0.00367358 0.00433458 0.00464954 0.00457015 0.00404952 0.00310527 0.00170844 -0.000176191 -0.002552 -0.00542263 -0.00879757 -0.0126414 -0.0169379 -0.0216346 -0.0266568 -0.0318954 -0.0372122 -0.0424156 -0.0472821 -0.0515655 -0.0550338 -0.0574476 -0.0586481 -0.0585333 -0.0570698 -0.0543474 -0.0505438 -0.0459186 -0.0408426 -0.0357074 -0.0309267 -0.0268805 -0.0238508 -0.0220453 -0.0215245 -0.0222497 -0.0241026 -0.0268376 -0.0301765 -0.0338154 -0.0373987 -0.0406717 -0.043412 -0.0454709 -0.0467854 -0.0473222 -0.0470968 -0.0461663 -0.0446112 -0.042562 -0.0401216 -0.0373952 -0.0344889 -0.0314797 -0.0284751 -0.0255493 -0.0227653 -0.0201433 -0.0177153 -0.0155096 -0.0135565 -0.0118622 -0.0104041 -0.00916171 -0.00810979 -0.00724657 -0.00654617 -0.00597567 -0.00550047 -0.00511475 -0.00480912 -0.00458231 -0.00439923 -0.00424756 -0.00413283 -0.00404736 -0.00399825 -0.00394138 -0.00390445 -0.00387563 -0.00385912 -0.0038468 -0.00381554 -0.00381014 -0.00379462 -0.00379218 -0.00377949 -0.00376722 -0.00377325 -0.00376289 -0.00377072 -0.00376081 -0.00376354 
