0 0 0 0 0 0 0 0 0 0 0 0 0 0 0 0 0 0 0 0 0 0 0 0 0 0 0 0 0 0 0 0 0 0 0 0 0 0 0 0 0 0 0 0 0 0 0 0 0 0 0 0 0 0 0 0 0 0 0 0 0 0 0 0 0 0 0 0 0 0 0 0 0 0 0 0 0 0 0 0 0 0 0 0 0 0 0 0 0 0 0 0 0 0 0 0 0 0 0 0 0 0 0 0 0 0 0 0 0 0 0 0 0 0 0 0 0 0 0 0 0 0 0 0 0 0 0 0 0 0 0 0 0 0 0 0 0 0 0 0 0 0 0 0 0 0 0 0 0 0 0 0 0 0 0 0 0 0 0 0 0 0 0 0 0 0 0 0 0 0 0 0 0 0 0 0 0 0 0 0 0 0 0 0 0 0 0 0 0 0 0 0 0 0 0 0 0 0 0 0 
0 -0.00150019 -0.00294179 -0.00427481 -0.00546697 -0.00650081 -0.00735522 -0.00801374 -0.00845781 -0.00868983 -0.00871483 -0.00855931 -0.00825694 -0.0078361 -0.00732011 -0.00673016 -0.00611197 -0.0054831 -0.00487888 -0.00431464 -0.00379539 -0.00330773 -0.0028489 -0.00245332 -0.00210967 -0.00182718 -0.0015894 -0.00138955 -0.0012119 -0.00105604 -0.000940703 -0.000851567 -0.000784021 -0.000721895 -0.000660763 -0.000606753 -0.000571234 -0.000538823 -0.000518028 -0.000494529 -0.000469748 -0.000434254 -0.000401296 -0.000390249 -0.000373877 -0.000367548 -0.000346862 -0.000324196 -0.000308444 -0.000298978 -0.000291197 -0.000288352 -0.000278341 -0.000262646 -0.000237675 -0.000219681 -0.000213671 -0.000208826 -0.000211198 -0.000195478 -0.000185151 -0.000179871 -0.000177289 -0.000174195 -0.000181514 -0.000185105 -0.000198 -0.000208285 -0.000229341 -0.000273453 -0.000339594 -0.000415948 -0.000518052 -0.000638585 -0.000765591 -0.000914383 -0.00108123 -0.00126554 -0.00145612 -0.00163526 -0.00179263 -0.00191327 -0.00196092 -0.00194962 -0.00185059 -0.00165685 -0.00138456 -0.00103833 -0.000618857 -0.00017747 0.000278019 0.000709123 0.00108844 0.0013987 0.00164012 0.00180077 0.00190408 0.00195382 0.00197996 0.00199458 0.00202161 0.00205821 0.00210214 0.00212761 0.00212063 0.00204378 0.00189734 0.00165967 0.00133397 0.000935489 0.000487052 4.79801e-06 -0.000450461 -0.000873573 -0.00123699 -0.00151628 -0.00170938 -0.00181836 -0.00182178 -0.00175532 -0.00163178 -0.00147587 -0.00130178 -0.00111936 -0.0009335 -0.000753352 -0.000580377 -0.000436474 -0.000314213 -0.000202552 -0.000117067 -6.07466e-05 -1.91801e-05 2.18585e-05 5.72827e-05 9.16682e-05 0.00010474 0.000113931 0.000122285 0.000131072 0.000141121 0.000159027 0.000159517 0.000166562 0.000164017 0.000160822 0.000166923 0.000179749 0.000199723 0.000214302 0.000219229 0.000219919 0.000226876 0.000244856 0.000265834 0.000272773 0.000289258 0.000291779 0.000305703 0.000325987 0.00035138 0.000383979 0.000408632 0.00042668 0.000443392 0.000478663 0.00052328 0.000566641 0.000604308 0.000646264 0.000684601 0.000745056 0.00082045 0.000906586 0.000994231 0.00107511 0.00116883 0.00127569 0.00140805 0.00153157 0.00164148 0.00173244 0.00179241 0.00181084 0.00177284 0.00165895 0.00142642 0.00107089 0.000596291 1.01831e-05 -0.000688372 -0.00148013 -0.00235394 -0.00330233 -0.00428691 -0.00525594 -0.00614751 -0.00691955 -0.00751778 -0.00791728 
0 -0.00294179 -0.00577386 -0.00840947 -0.0107687 -0.0128194 -0.0145047 -0.0158041 -0.0166878 -0.0171596 -0.0172419 -0.0169573 -0.0163874 -0.0155659 -0.0145591 -0.0134158 -0.0122085 -0.0109929 -0.00978804 -0.00866527 -0.00761294 -0.00663633 -0.00573937 -0.00494959 -0.00427799 -0.00368724 -0.00320369 -0.00279604 -0.00244781 -0.00215943 -0.00192545 -0.00174701 -0.00159362 -0.0014644 -0.00134806 -0.00124733 -0.00117166 -0.00109685 -0.00102691 -0.000976973 -0.000927249 -0.000870471 -0.000822747 -0.00078519 -0.00075487 -0.0007212 -0.000687545 -0.000650769 -0.000621208 -0.000596664 -0.000564639 -0.000538043 -0.000523437 -0.000500388 -0.000472345 -0.000457714 -0.00043335 -0.000425777 -0.000411467 -0.000384789 -0.000368562 -0.000357711 -0.00035203 -0.000356825 -0.000353096 -0.000361892 -0.000392028 -0.000442395 -0.000506577 -0.000570502 -0.000686045 -0.000847188 -0.00104102 -0.00126488 -0.00152742 -0.00183863 -0.00219563 -0.00255314 -0.00293102 -0.00328032 -0.00357736 -0.00381393 -0.00394228 -0.00390335 -0.00370218 -0.00331993 -0.00277016 -0.00207072 -0.00126204 -0.000372666 0.000539729 0.00140351 0.00216613 0.00280005 0.00326889 0.00359468 0.00379827 0.00389936 0.00394954 0.00398945 0.00403423 0.00411241 0.00419855 0.00425066 0.00423238 0.00408914 0.00377928 0.00330225 0.00264973 0.00185057 0.0009529 1.67033e-05 -0.000907071 -0.00175453 -0.00247464 -0.00303805 -0.00343262 -0.00361843 -0.00364195 -0.00352692 -0.00328458 -0.0029714 -0.00262568 -0.00223239 -0.00185491 -0.00149681 -0.00117571 -0.000893074 -0.00064199 -0.000435602 -0.000277855 -0.000131644 -2.80361e-05 4.91786e-05 0.000112831 0.0001669 0.000208775 0.00022834 0.00024544 0.000265845 0.000283065 0.000300292 0.000310947 0.000321801 0.000348003 0.000355778 0.00036814 0.000385937 0.00040375 0.00042277 0.000439744 0.000447007 0.000469638 0.000503654 0.000526419 0.000550309 0.000576689 0.000607212 0.00063749 0.000669515 0.00070584 0.00074865 0.000798128 0.000842797 0.000883668 0.000953674 0.00103091 0.00110526 0.00119627 0.00128896 0.00139795 0.00151652 0.0016621 0.00182795 0.00199537 0.00218249 0.00236786 0.00258973 0.0028312 0.00306031 0.00327256 0.00344281 0.00356204 0.00357278 0.00347216 0.00321384 0.00273288 0.0020218 0.00107697 -8.73517e-05 -0.00148005 -0.00305737 -0.00478951 -0.00665447 -0.00857585 -0.0104548 -0.0121853 -0.013684 -0.0148552 -0.0156399 
0 -0.00427481 -0.00840947 -0.0122748 -0.0157577 -0.0187768 -0.0212599 -0.0231699 -0.0244812 -0.0252135 -0.0253787 -0.0250266 -0.0242306 -0.0230689 -0.0216274 -0.0199881 -0.0182705 -0.0165046 -0.0147574 -0.0130771 -0.0115093 -0.0100588 -0.00872907 -0.00757943 -0.00655323 -0.00566295 -0.0048993 -0.0042756 -0.00375858 -0.00332084 -0.00297356 -0.00267322 -0.00242404 -0.00221456 -0.00204012 -0.00189631 -0.00178292 -0.00165321 -0.00154499 -0.00145393 -0.00139278 -0.00132346 -0.00125081 -0.00120417 -0.00112802 -0.00108071 -0.00102364 -0.000979661 -0.000947825 -0.000907964 -0.000851236 -0.000809288 -0.000776167 -0.00075546 -0.000721516 -0.000691209 -0.000665441 -0.000629378 -0.000612826 -0.0005695 -0.000553608 -0.000551125 -0.000543367 -0.000521758 -0.000523775 -0.000533575 -0.000588688 -0.000655211 -0.000747815 -0.00088167 -0.00105713 -0.00125763 -0.00153653 -0.00188896 -0.00228828 -0.00276164 -0.00328431 -0.0038382 -0.00439394 -0.00490949 -0.00536236 -0.00571533 -0.00587074 -0.00584265 -0.00555193 -0.00497631 -0.00415813 -0.00311898 -0.00187472 -0.000558549 0.000796478 0.00208522 0.00322788 0.00417044 0.00490248 0.0053929 0.00570135 0.00584969 0.0059254 0.00597353 0.00605945 0.00617615 0.00630794 0.00637962 0.00634354 0.00610161 0.00564871 0.00493258 0.00396096 0.00277416 0.00143551 4.4794e-07 -0.00136705 -0.00263147 -0.00371028 -0.00453748 -0.0051077 -0.00542793 -0.00545593 -0.00527836 -0.00492553 -0.00445972 -0.00392206 -0.00334763 -0.0027716 -0.00223228 -0.00174009 -0.00133935 -0.000995339 -0.000668554 -0.000394791 -0.000190071 -3.87639e-05 8.49635e-05 0.000175637 0.00025709 0.000295707 0.000336324 0.000378213 0.000410774 0.000428744 0.000455654 0.000451735 0.000486264 0.000517199 0.000541342 0.000563223 0.000575806 0.000598274 0.000624814 0.000653398 0.000682793 0.000717599 0.000757002 0.000790493 0.000803456 0.000865043 0.000911134 0.000974011 0.00102324 0.00106292 0.00112546 0.00119727 0.00127734 0.00135392 0.00145363 0.00155579 0.00166174 0.00179045 0.00196275 0.00213166 0.00232616 0.00252961 0.00276062 0.00302514 0.00330443 0.00361339 0.00392686 0.00426952 0.00458078 0.00486927 0.0051147 0.00525601 0.00523685 0.00501991 0.00457583 0.00381908 0.00274043 0.00133438 -0.000400478 -0.00247054 -0.00481135 -0.00736387 -0.0100793 -0.0128457 -0.0155326 -0.018 -0.0201493 -0.0218377 -0.0229813 
0 -0.00546697 -0.0107687 -0.0157577 -0.0202652 -0.0241901 -0.0274194 -0.0299184 -0.0316615 -0.0326682 -0.0329724 -0.0326012 -0.0316701 -0.0302476 -0.0284617 -0.0264192 -0.0242435 -0.0220101 -0.0197478 -0.0175758 -0.0155193 -0.0136179 -0.0118867 -0.0103515 -0.00899935 -0.00777953 -0.00674825 -0.00588634 -0.00516631 -0.00456542 -0.00406071 -0.00364468 -0.0032886 -0.00299976 -0.00276188 -0.00256509 -0.00240538 -0.00224163 -0.00208699 -0.00197292 -0.00187467 -0.00177233 -0.00168022 -0.00159884 -0.00152057 -0.00144426 -0.00137701 -0.00131643 -0.00126835 -0.00121921 -0.00115197 -0.00109247 -0.00105696 -0.00101505 -0.000964853 -0.000929047 -0.000878682 -0.00085023 -0.00081838 -0.000770933 -0.000743693 -0.000727375 -0.000716848 -0.00071791 -0.000710687 -0.000726366 -0.000782644 -0.000876266 -0.00099945 -0.0011412 -0.00137412 -0.00169103 -0.00207671 -0.00252795 -0.00305444 -0.00367355 -0.00437493 -0.00509155 -0.00583574 -0.00652882 -0.00712414 -0.00759135 -0.00783788 -0.00776871 -0.00737072 -0.00661386 -0.0055232 -0.00413591 -0.00252395 -0.000759555 0.00104843 0.00276486 0.00428672 0.005553 0.00650515 0.00717118 0.00759205 0.00781104 0.00792368 0.00800718 0.00810099 0.00824771 0.00840501 0.00849308 0.00843714 0.00813465 0.00751168 0.00655501 0.00525615 0.00366845 0.00188468 1.97256e-05 -0.00181265 -0.00349362 -0.00492319 -0.00603971 -0.00681527 -0.00719509 -0.00724237 -0.00701066 -0.00653566 -0.0059168 -0.00522365 -0.00445288 -0.00370055 -0.00298608 -0.00234083 -0.0017755 -0.0012776 -0.000863005 -0.000538823 -0.000256429 -5.10584e-05 0.000103221 0.000228007 0.000332146 0.000411588 0.000458333 0.000500848 0.000544013 0.000576417 0.000603753 0.000617777 0.000640787 0.000689106 0.000712448 0.000737316 0.000765873 0.000796478 0.000836528 0.000878434 0.000909207 0.000957295 0.00101482 0.00105266 0.00109352 0.00115197 0.00122264 0.00129425 0.00136029 0.00142644 0.00150813 0.00161344 0.00172373 0.00183311 0.00197576 0.0021184 0.00225874 0.00244216 0.00265637 0.00290042 0.00315061 0.00342592 0.00373839 0.00408383 0.00448282 0.0048839 0.00530993 0.00573113 0.00610962 0.00645109 0.0067103 0.00683562 0.00671384 0.00633425 0.00564731 0.00457668 0.00311417 0.00124154 -0.00104223 -0.00375385 -0.00680231 -0.0100988 -0.013563 -0.0170531 -0.0204142 -0.0234978 -0.026186 -0.0283155 -0.0297671 
0 -0.00650081 -0.0128194 -0.0187768 -0.0241901 -0.0289176 -0.0328409 -0.0359012 -0.0380725 -0.0393802 -0.0398489 -0.0395407 -0.0385554 -0.0369977 -0.034987 -0.032641 -0.0301107 -0.0274592 -0.0247785 -0.0221607 -0.0196772 -0.0173536 -0.0152073 -0.0133023 -0.01159 -0.0100762 -0.00876544 -0.00766232 -0.00672344 -0.00591802 -0.00525854 -0.00470682 -0.00425097 -0.00386716 -0.00353838 -0.0032621 -0.00304318 -0.00283363 -0.00265868 -0.00250633 -0.00237535 -0.00223402 -0.00210381 -0.00201745 -0.00191556 -0.00183445 -0.00173749 -0.00165024 -0.00158363 -0.00152161 -0.00144917 -0.00139139 -0.00133771 -0.00128206 -0.00120837 -0.0011468 -0.00110189 -0.00106124 -0.00103509 -0.000974224 -0.000934729 -0.000913341 -0.000898488 -0.000883433 -0.000896317 -0.000921923 -0.000993332 -0.0010874 -0.00122744 -0.00143987 -0.00174156 -0.00211311 -0.00259315 -0.00317119 -0.00382537 -0.00459071 -0.00544589 -0.00635643 -0.00728038 -0.00814556 -0.00889788 -0.00947158 -0.00973875 -0.00967373 -0.00918713 -0.00824786 -0.00690093 -0.00518521 -0.00315083 -0.000966066 0.00127522 0.00341043 0.00530855 0.00688237 0.00810214 0.00894459 0.00948269 0.00976758 0.00991837 0.0100166 0.0101502 0.0103253 0.010512 0.0106069 0.0105187 0.0101104 0.00933901 0.00814025 0.00652313 0.004553 0.0023366 -1.01692e-05 -0.00227256 -0.00435528 -0.00613353 -0.00751223 -0.00846395 -0.0089787 -0.0090329 -0.00873241 -0.00814372 -0.00737347 -0.00649677 -0.00556244 -0.00462724 -0.00373709 -0.00291532 -0.00221575 -0.00161356 -0.00107988 -0.000649553 -0.000323362 -7.82898e-05 0.000125185 0.000290896 0.000432101 0.000511273 0.000571265 0.00062585 0.000676595 0.000719544 0.000769046 0.000783177 0.000823617 0.000858018 0.000882917 0.000914938 0.000953345 0.00100871 0.0010647 0.00110946 0.00114459 0.0011937 0.00126299 0.00133199 0.0013807 0.00146479 0.00153126 0.00161856 0.00170872 0.00180477 0.00192736 0.00205405 0.00218179 0.00231478 0.00249316 0.00268903 0.00289033 0.00311842 0.00339519 0.00368762 0.00402156 0.00438332 0.00478736 0.00523478 0.00570772 0.00620635 0.00670394 0.0072032 0.00762826 0.0079736 0.00820047 0.00822257 0.0079542 0.0073526 0.00638377 0.00496188 0.00307855 0.000727157 -0.00210155 -0.00540761 -0.00908896 -0.0130283 -0.0171157 -0.0211889 -0.0250792 -0.02863 -0.0317212 -0.0341701 -0.035845 
0 -0.00735522 -0.0145047 -0.0212599 -0.0274194 -0.0328409 -0.0373842 -0.0409787 -0.0435854 -0.0452149 -0.0459106 -0.0457338 -0.04481 -0.0432325 -0.0411219 -0.0385955 -0.035797 -0.0328364 -0.0298039 -0.0268304 -0.0239689 -0.0212568 -0.0187282 -0.0164415 -0.0143976 -0.0125716 -0.0109876 -0.00962163 -0.00843853 -0.00742411 -0.00658141 -0.00589139 -0.00531372 -0.00482165 -0.0043933 -0.00402968 -0.00373555 -0.00347588 -0.00324915 -0.00305967 -0.00288337 -0.00270631 -0.00255396 -0.00243757 -0.00232802 -0.0022196 -0.00210603 -0.00199859 -0.00191006 -0.00182811 -0.00173804 -0.00165828 -0.00159699 -0.00152978 -0.00145356 -0.00139113 -0.0013315 -0.00128846 -0.0012448 -0.00117939 -0.00112967 -0.00109686 -0.00107619 -0.00106997 -0.00107532 -0.00111173 -0.00119945 -0.00133297 -0.00151213 -0.00174892 -0.00209733 -0.00255646 -0.0031247 -0.00380141 -0.00459152 -0.00551511 -0.00654944 -0.00763068 -0.0087276 -0.00975385 -0.0106402 -0.0113178 -0.011661 -0.0115678 -0.0109809 -0.00986736 -0.00825887 -0.00621109 -0.00381575 -0.00120472 0.00147059 0.00402502 0.00630552 0.00820898 0.00967043 0.0107008 0.0113595 0.0117217 0.0119159 0.012052 0.0122051 0.0124098 0.0126156 0.0127115 0.0125804 0.012084 0.0111318 0.00968525 0.0077474 0.00539221 0.00274929 -1.94659e-05 -0.00272667 -0.00521057 -0.00732773 -0.00898096 -0.0101221 -0.0107115 -0.0107916 -0.0104464 -0.00975242 -0.00883424 -0.00778733 -0.00665674 -0.00553655 -0.00447552 -0.00351202 -0.00267119 -0.00193872 -0.00131724 -0.000815262 -0.000404143 -9.03459e-05 0.000153921 0.000350563 0.000508093 0.000617484 0.000688321 0.000749766 0.00081036 0.000864101 0.000913495 0.000945378 0.000989603 0.00104661 0.00108472 0.00112341 0.00117007 0.00122569 0.00128795 0.00134107 0.00138293 0.00144491 0.00153026 0.00161215 0.0016909 0.00178143 0.00187041 0.00196729 0.00207418 0.0021972 0.00234176 0.00249677 0.00264684 0.00280989 0.00302975 0.00328131 0.00354511 0.00384156 0.00417218 0.00453949 0.00494966 0.00541027 0.00591792 0.00645259 0.00701131 0.0075688 0.00813558 0.00867622 0.00911499 0.00941663 0.00952511 0.00937562 0.00887523 0.0080004 0.0066961 0.00488311 0.00255151 -0.000294979 -0.003643 -0.00747774 -0.0116823 -0.0161291 -0.020689 -0.0251903 -0.0294546 -0.0333223 -0.0366647 -0.0393041 -0.0411061 
0 -0.00801374 -0.0158041 -0.0231699 -0.0299184 -0.0359012 -0.0409787 -0.0450605 -0.048094 -0.050077 -0.051054 -0.0510999 -0.050332 -0.0488486 -0.0467562 -0.0441727 -0.0412404 -0.0380826 -0.0348127 -0.0315568 -0.0283829 -0.0253349 -0.0224643 -0.0198363 -0.0174608 -0.015324 -0.013439 -0.011792 -0.0103551 -0.00911495 -0.00807054 -0.00719815 -0.0064615 -0.00583593 -0.00530252 -0.00485521 -0.00448349 -0.00415456 -0.00386792 -0.00362919 -0.00341976 -0.00322009 -0.00304124 -0.00288951 -0.00274401 -0.00260624 -0.00247676 -0.00236277 -0.00226512 -0.00216491 -0.00205281 -0.00195254 -0.00187581 -0.00180352 -0.00172401 -0.00164728 -0.00157134 -0.00150606 -0.00144558 -0.00137836 -0.00132987 -0.00129888 -0.00127308 -0.00125388 -0.00125431 -0.00129581 -0.00139672 -0.00155328 -0.00176799 -0.00205808 -0.00245954 -0.00298055 -0.00363481 -0.00442657 -0.00535583 -0.0064326 -0.00762942 -0.00888527 -0.0101478 -0.0113328 -0.0123601 -0.0131369 -0.0135294 -0.013428 -0.0127536 -0.0114696 -0.00960866 -0.00723679 -0.00446098 -0.00143997 0.00165092 0.00461149 0.00726621 0.00949224 0.01122 0.0124483 0.013239 0.0136868 0.0139309 0.0140998 0.0142845 0.0145132 0.0147299 0.0148132 0.0146235 0.0140145 0.012889 0.0111976 0.0089478 0.00622107 0.00315943 -4.90707e-05 -0.00318396 -0.00605624 -0.00850323 -0.0104115 -0.0117252 -0.012416 -0.0125178 -0.0121215 -0.0113287 -0.0102694 -0.00904972 -0.0077414 -0.00643681 -0.0052006 -0.00408145 -0.00310924 -0.00226713 -0.00154261 -0.000943931 -0.000462042 -9.26995e-05 0.000191995 0.000415916 0.000589509 0.000712392 0.00080457 0.000888316 0.000964338 0.00102464 0.00107 0.00110175 0.00115203 0.00121889 0.00127502 0.00132376 0.00137187 0.00142827 0.00149634 0.0015657 0.00163227 0.00171246 0.00180475 0.00189047 0.00197699 0.00208458 0.00220257 0.00232985 0.00246148 0.00260451 0.00277291 0.00296174 0.00315816 0.00337371 0.00363735 0.003934 0.00425322 0.00461428 0.00502121 0.00546991 0.00596513 0.0065123 0.00710757 0.00772983 0.00836049 0.00897675 0.00957436 0.0101113 0.010504 0.0106951 0.0106252 0.0102281 0.00943385 0.00821618 0.0065225 0.0042817 0.00148275 -0.00184982 -0.00568063 -0.0099601 -0.014567 -0.0193717 -0.0242404 -0.0290052 -0.0334835 -0.0375119 -0.0409553 -0.0436535 -0.0454876 
0 -0.00845781 -0.0166878 -0.0244812 -0.0316615 -0.0380725 -0.0435854 -0.048094 -0.0515389 -0.0539077 -0.0552317 -0.0555893 -0.0550686 -0.0537774 -0.0518119 -0.0492964 -0.0463676 -0.043139 -0.0397428 -0.0362853 -0.0328687 -0.0295505 -0.0263964 -0.0234714 -0.020777 -0.0183295 -0.0161307 -0.0141947 -0.0124991 -0.0110205 -0.00975253 -0.00866435 -0.00774128 -0.00696285 -0.00631313 -0.00577213 -0.00531025 -0.0048976 -0.00454229 -0.00424288 -0.00399164 -0.00376041 -0.00354498 -0.00335611 -0.00317286 -0.00301011 -0.00286113 -0.00273368 -0.002621 -0.00250283 -0.00237666 -0.0022646 -0.00216909 -0.00208386 -0.00199183 -0.00189541 -0.00181148 -0.00173 -0.00165946 -0.0015871 -0.00153048 -0.0014951 -0.00146879 -0.00144634 -0.00145538 -0.00150247 -0.00161019 -0.00177605 -0.00201201 -0.0023545 -0.00281848 -0.00341697 -0.00417032 -0.00507666 -0.00613227 -0.00734902 -0.00869509 -0.0101239 -0.0115513 -0.0128968 -0.0140662 -0.0149402 -0.0153727 -0.0152616 -0.0144977 -0.013048 -0.0109464 -0.00826618 -0.00511759 -0.00169584 0.00180727 0.00517113 0.00819512 0.0107358 0.012731 0.0141628 0.015102 0.015657 0.0159702 0.0161771 0.0163896 0.0166252 0.0168344 0.0168913 0.0166374 0.0159113 0.014613 0.0126719 0.0101058 0.00700879 0.0035398 -9.54721e-05 -0.00363758 -0.00688509 -0.00965708 -0.0118194 -0.0133021 -0.0140968 -0.014215 -0.0137647 -0.0128739 -0.011678 -0.0102929 -0.00882469 -0.00734873 -0.00594637 -0.00466404 -0.00354282 -0.00257854 -0.00175091 -0.00106624 -0.000531759 -0.000114461 0.000212281 0.000470699 0.000674324 0.000816438 0.000929171 0.00102647 0.00111094 0.0011804 0.00123301 0.00127052 0.00132868 0.00139301 0.00145977 0.00151834 0.00157522 0.00164426 0.00172257 0.00180456 0.0018915 0.00198627 0.00208716 0.00218445 0.00227928 0.00240521 0.00254673 0.00270506 0.00286413 0.00302982 0.00322527 0.00344981 0.00370103 0.00398138 0.00429719 0.00464296 0.00502094 0.00544937 0.00594557 0.00648493 0.00707141 0.0076968 0.00836437 0.0090646 0.00975604 0.0104194 0.0110068 0.011476 0.0117452 0.0117505 0.011439 0.0107311 0.00958027 0.0079487 0.00580451 0.00310181 -0.000164122 -0.00394825 -0.00819809 -0.0128265 -0.0177111 -0.0227234 -0.027733 -0.0325868 -0.0371095 -0.0411407 -0.0445434 -0.0471848 -0.0489717 
0 -0.00868983 -0.0171596 -0.0252135 -0.0326682 -0.0393802 -0.0452149 -0.050077 -0.0539077 -0.0566763 -0.0584114 -0.0591451 -0.0589649 -0.0579543 -0.0562244 -0.0539051 -0.0510984 -0.0479376 -0.044512 -0.040962 -0.0373818 -0.0338641 -0.0304919 -0.0272915 -0.0243186 -0.0215638 -0.0190749 -0.0168511 -0.0148847 -0.0131609 -0.0116457 -0.0103408 -0.0092187 -0.00826798 -0.00747002 -0.00679935 -0.00621805 -0.0057203 -0.00528084 -0.00491976 -0.00459917 -0.00431498 -0.00406519 -0.00383172 -0.00363993 -0.00344469 -0.00327246 -0.00311287 -0.00296813 -0.00283102 -0.0027012 -0.00257442 -0.0024664 -0.00235271 -0.00224428 -0.00214305 -0.00204877 -0.00197654 -0.00189063 -0.0018131 -0.0017373 -0.00168244 -0.00164941 -0.00164805 -0.00165725 -0.00171991 -0.00183332 -0.00202317 -0.00229152 -0.00266373 -0.00318403 -0.00388289 -0.00472617 -0.00572568 -0.00690986 -0.00826464 -0.00977142 -0.0113607 -0.0129568 -0.0144605 -0.0157558 -0.0167134 -0.0172091 -0.0170606 -0.0162069 -0.0146082 -0.0122731 -0.00928645 -0.0058094 -0.00198502 0.00192401 0.00568275 0.00907613 0.0119506 0.0142005 0.0158527 0.0169491 0.0176192 0.0180057 0.0182711 0.0184983 0.0187449 0.0189385 0.0189552 0.0186172 0.0177772 0.0162769 0.0140838 0.0112052 0.00774087 0.00387105 -0.000144446 -0.00409464 -0.00770348 -0.0107817 -0.0132002 -0.0148676 -0.0157351 -0.0158873 -0.0153948 -0.0144054 -0.0130708 -0.011532 -0.00989153 -0.00825295 -0.0066885 -0.00526809 -0.0039968 -0.00289029 -0.00197335 -0.00122324 -0.00061656 -0.000140293 0.000228693 0.000527966 0.000755277 0.000936764 0.00105652 0.00115272 0.00124107 0.00132576 0.0013894 0.00146101 0.00151861 0.00159253 0.00165831 0.00172077 0.00179755 0.0018805 0.00197332 0.00206274 0.00215213 0.00225653 0.00237484 0.00249168 0.00262787 0.00275869 0.00292737 0.00309771 0.00328266 0.00348844 0.00371411 0.00398058 0.00427384 0.00460951 0.00498405 0.00539756 0.00585299 0.00637132 0.00694751 0.00759221 0.00826453 0.00897627 0.00971432 0.0104602 0.0111944 0.0118444 0.0123797 0.012704 0.0127737 0.0125222 0.0118913 0.0108251 0.00925339 0.00716225 0.0045205 0.00133758 -0.00237312 -0.00655771 -0.0111382 -0.0160146 -0.0210563 -0.0261399 -0.0311351 -0.0359079 -0.0403059 -0.0441852 -0.0474172 -0.0499037 -0.0515771 
0 -0.00871483 -0.0172419 -0.0253787 -0.0329724 -0.0398489 -0.0459106 -0.051054 -0.0552317 -0.0584114 -0.0605696 -0.0617473 -0.0619663 -0.0613377 -0.0599476 -0.0579233 -0.0553662 -0.0523621 -0.0490493 -0.045506 -0.0418775 -0.0382456 -0.0346971 -0.0312877 -0.0280495 -0.0250496 -0.022281 -0.0197763 -0.0175284 -0.0155266 -0.0137662 -0.0122287 -0.0109019 -0.00975412 -0.00877013 -0.00793551 -0.00722316 -0.00661689 -0.00610707 -0.00565619 -0.00526441 -0.00492068 -0.00461704 -0.00435922 -0.00412836 -0.003914 -0.00370517 -0.00351249 -0.0033403 -0.00318244 -0.00303795 -0.0029073 -0.00276896 -0.00264271 -0.00252097 -0.0023988 -0.00230956 -0.00221565 -0.00212292 -0.00203625 -0.00195174 -0.0018922 -0.00185308 -0.00182715 -0.00185304 -0.00192422 -0.00205746 -0.00226131 -0.00256308 -0.00300905 -0.00358418 -0.00431783 -0.00524641 -0.00636828 -0.00768168 -0.00918113 -0.0108328 -0.0125948 -0.0143425 -0.0159916 -0.0174198 -0.0184619 -0.0189693 -0.0188266 -0.0178946 -0.0161361 -0.0135811 -0.0103151 -0.00647311 -0.00229094 0.00199766 0.00614633 0.00990928 0.0131057 0.015661 0.0175326 0.0187925 0.019581 0.0200479 0.0203529 0.0206295 0.0208824 0.0210571 0.0210218 0.0205842 0.0195745 0.0178854 0.015432 0.0122456 0.00844216 0.00420187 -0.000229634 -0.00454698 -0.00850462 -0.0118905 -0.0145368 -0.0163519 -0.017345 -0.0175171 -0.0169812 -0.0159104 -0.0144495 -0.0127412 -0.0109452 -0.009134 -0.00741041 -0.00583059 -0.00443704 -0.00324465 -0.00221712 -0.0013538 -0.000685969 -0.000155583 0.000265192 0.000597254 0.000854693 0.00103429 0.00117752 0.00129157 0.0013882 0.00148003 0.00155918 0.00163683 0.00171838 0.00178341 0.00186143 0.00193491 0.00201683 0.00212069 0.00222051 0.00231833 0.00242214 0.00253354 0.00266384 0.00281564 0.00297084 0.00313859 0.00331491 0.00351041 0.00372774 0.00397555 0.00426092 0.00456826 0.00491176 0.00529989 0.00573399 0.0062306 0.00678859 0.00739464 0.00806602 0.00878413 0.0095506 0.0103419 0.0111363 0.0119156 0.0126121 0.0132062 0.0135965 0.0137241 0.013527 0.0129396 0.0119306 0.0104207 0.00839639 0.00580356 0.00265973 -0.000993004 -0.00511508 -0.00962161 -0.0144402 -0.0194396 -0.0245148 -0.029533 -0.034367 -0.0389046 -0.043022 -0.0466153 -0.0495726 -0.0518362 -0.0533569 
0 -0.00855931 -0.0169573 -0.0250266 -0.0326012 -0.0395407 -0.0457338 -0.0510999 -0.0555893 -0.0591451 -0.0617473 -0.0633807 -0.0640821 -0.0639095 -0.0629509 -0.0613175 -0.0590737 -0.0563509 -0.053234 -0.0498398 -0.0462613 -0.0426019 -0.0389666 -0.0353865 -0.0319726 -0.0287474 -0.0257436 -0.0229616 -0.0204228 -0.0181494 -0.016117 -0.0143392 -0.0127815 -0.0114167 -0.0102369 -0.00923062 -0.0083648 -0.00764669 -0.00701958 -0.00648403 -0.00600343 -0.00559402 -0.00524226 -0.0049125 -0.00464826 -0.004386 -0.00415738 -0.00394532 -0.0037476 -0.00356206 -0.00339816 -0.0032361 -0.0030898 -0.00294683 -0.0028199 -0.00269193 -0.00256728 -0.00246094 -0.00234364 -0.00225926 -0.00217431 -0.00210688 -0.00205928 -0.00204856 -0.00205218 -0.00212942 -0.00227551 -0.00251974 -0.00285959 -0.00332081 -0.0039395 -0.00477532 -0.00579015 -0.00700574 -0.00845925 -0.0101023 -0.011907 -0.0138059 -0.0156987 -0.0174854 -0.0190274 -0.0201565 -0.0207404 -0.0205583 -0.019538 -0.0176378 -0.014859 -0.0113049 -0.00717242 -0.00261595 0.00205365 0.00657509 0.0106997 0.0142392 0.0170554 0.0191716 0.0206189 0.0215479 0.0221122 0.0224953 0.02278 0.0230317 0.0231666 0.0230555 0.0225017 0.021357 0.019441 0.0167308 0.0132413 0.00908798 0.004476 -0.000293999 -0.0049946 -0.00929149 -0.0129611 -0.0158458 -0.0178296 -0.0188705 -0.0190758 -0.0185172 -0.0173739 -0.0157991 -0.013955 -0.0119867 -0.0100084 -0.00811991 -0.0064123 -0.00487602 -0.00354126 -0.00243658 -0.00151527 -0.000761744 -0.000157692 0.000304361 0.000660443 0.0009236 0.00114808 0.00130881 0.00144026 0.00155247 0.00165384 0.00172581 0.00181831 0.0018885 0.00197732 0.00207013 0.00215754 0.00225613 0.00235587 0.00246375 0.00257722 0.00270355 0.0028405 0.00298788 0.00314528 0.00333402 0.00350701 0.00372692 0.00394866 0.0042045 0.0045063 0.0048352 0.00520982 0.00561786 0.0060816 0.00659244 0.00717537 0.0078304 0.00853845 0.00928203 0.010086 0.0109123 0.0117691 0.0126023 0.0133571 0.0139897 0.0144251 0.0146208 0.0144679 0.0139431 0.0129637 0.011483 0.00948302 0.00693803 0.00384767 0.000216211 -0.00386317 -0.00832576 -0.0130788 -0.0180138 -0.0230163 -0.0279825 -0.032801 -0.0373417 -0.0415113 -0.0452294 -0.048429 -0.0510399 -0.0530345 -0.0543822 
0 -0.00825694 -0.0163874 -0.0242306 -0.0316701 -0.0385554 -0.04481 -0.050332 -0.0550686 -0.0589649 -0.0619663 -0.0640821 -0.0652885 -0.0656458 -0.0651917 -0.0640141 -0.0621887 -0.0598153 -0.0570235 -0.0538609 -0.0504409 -0.0468501 -0.043198 -0.0395506 -0.0359936 -0.032608 -0.0293862 -0.0263654 -0.0235773 -0.0210434 -0.0187518 -0.0167053 -0.0148955 -0.0133013 -0.0119144 -0.0107184 -0.00968169 -0.00879616 -0.00804459 -0.00738856 -0.00682693 -0.00635033 -0.00592394 -0.0055326 -0.00519461 -0.00489466 -0.00463286 -0.00439621 -0.00417269 -0.0039594 -0.00376627 -0.00359369 -0.00341959 -0.00326859 -0.00312758 -0.00297396 -0.00283969 -0.00270522 -0.00257819 -0.00248731 -0.00240055 -0.0023327 -0.00228305 -0.00225391 -0.002277 -0.00235907 -0.00251216 -0.00275737 -0.00312897 -0.00366348 -0.00434723 -0.00522739 -0.00633686 -0.00767519 -0.00924566 -0.0110146 -0.0129513 -0.0150066 -0.0170483 -0.018975 -0.0206359 -0.0218341 -0.0224204 -0.0222412 -0.0211571 -0.0191182 -0.016143 -0.0123286 -0.0078488 -0.00295311 0.00207457 0.00696181 0.0114325 0.0152828 0.0184093 0.0207687 0.0224198 0.0235119 0.0241928 0.0246319 0.0249571 0.025186 0.0252621 0.0250607 0.02438 0.0230491 0.0209381 0.0179687 0.0141747 0.00969245 0.00472862 -0.000428574 -0.00545898 -0.0100645 -0.0140063 -0.0170938 -0.0192184 -0.0203826 -0.0206152 -0.0200228 -0.0188035 -0.0171142 -0.0151242 -0.0130176 -0.0108892 -0.00885114 -0.00698006 -0.00531138 -0.00388232 -0.00266307 -0.0016368 -0.000828567 -0.000184287 0.000323547 0.000716387 0.00101787 0.00124805 0.00143861 0.00159371 0.00171966 0.00182772 0.00191076 0.00200296 0.00208949 0.00217201 0.00228102 0.00238725 0.00249391 0.00261154 0.00272313 0.00285479 0.00300991 0.00316865 0.00332933 0.00350541 0.00369895 0.00391049 0.00416129 0.00443956 0.00474864 0.00509454 0.00547883 0.00590405 0.00639749 0.00695307 0.00755324 0.00822315 0.00896993 0.00976571 0.0106076 0.011483 0.0123722 0.0132504 0.014061 0.0147487 0.0152265 0.0154597 0.0153543 0.0148557 0.0139291 0.0124916 0.010512 0.00796622 0.00490651 0.0013192 -0.00274171 -0.00717519 -0.0119001 -0.0167965 -0.0217576 -0.026641 -0.0313835 -0.0358789 -0.0400164 -0.043726 -0.0469577 -0.0496965 -0.0519006 -0.0535863 -0.0547309 
0 -0.0078361 -0.0155659 -0.0230689 -0.0302476 -0.0369977 -0.0432325 -0.0488486 -0.0537774 -0.0579543 -0.0613377 -0.0639095 -0.0656458 -0.0665553 -0.0666541 -0.0660025 -0.0646571 -0.0627318 -0.0603204 -0.0574818 -0.0543003 -0.0508769 -0.0473212 -0.0436801 -0.0400653 -0.0365498 -0.0331648 -0.0299507 -0.0269524 -0.0241913 -0.0216423 -0.0193307 -0.0172669 -0.0154389 -0.0138361 -0.0124315 -0.0111917 -0.0101283 -0.00921143 -0.00842288 -0.00774175 -0.00716843 -0.00666452 -0.00619768 -0.00580774 -0.00545746 -0.00515365 -0.00487566 -0.00461337 -0.00436975 -0.00415734 -0.00395567 -0.00375749 -0.00357682 -0.00341983 -0.0032643 -0.00312177 -0.00298781 -0.00284958 -0.00274227 -0.00263433 -0.00254634 -0.00249206 -0.00248305 -0.00250816 -0.00259898 -0.0027646 -0.00303627 -0.00343901 -0.00400499 -0.00474863 -0.00572338 -0.0069154 -0.00833958 -0.0100254 -0.0119241 -0.0140029 -0.0162003 -0.0183878 -0.020445 -0.0222071 -0.0234762 -0.0241016 -0.023885 -0.022719 -0.0205515 -0.017384 -0.0133218 -0.00856699 -0.0033348 0.00205112 0.00729621 0.0121202 0.0163072 0.0197159 0.0223341 0.0242014 0.0254614 0.0262677 0.0267934 0.0271362 0.0273471 0.0273593 0.0270482 0.0262218 0.0247159 0.0223653 0.0191262 0.0150301 0.0102178 0.00492042 -0.000547944 -0.00590292 -0.0108062 -0.015006 -0.0183119 -0.0205958 -0.021831 -0.0220961 -0.0214868 -0.0201992 -0.0184011 -0.0162806 -0.0140247 -0.0117517 -0.00957457 -0.00757884 -0.00577153 -0.00420181 -0.00289035 -0.00180016 -0.000922276 -0.00021374 0.000342946 0.000772524 0.00110234 0.00137349 0.00157744 0.00173464 0.00186175 0.00197898 0.00208276 0.00220656 0.0023071 0.00240542 0.00251655 0.00262821 0.00275029 0.00287833 0.00300713 0.00315336 0.00332456 0.00350293 0.00368776 0.00389331 0.00412964 0.00437158 0.00466473 0.00498176 0.00534062 0.0057454 0.00618179 0.00667658 0.00725281 0.00791091 0.00861544 0.00938158 0.0102181 0.0111028 0.0120247 0.012973 0.0138898 0.0147441 0.0154672 0.0159991 0.0162718 0.016217 0.0157574 0.0148253 0.0134211 0.0114757 0.00895484 0.00587596 0.00229799 -0.00174132 -0.00617454 -0.0108726 -0.0157448 -0.0206787 -0.0255446 -0.0302099 -0.0346117 -0.0386771 -0.0423198 -0.0455001 -0.0482073 -0.0504505 -0.052228 -0.0535771 -0.0544985 
0 -0.00732011 -0.0145591 -0.0216274 -0.0284617 -0.034987 -0.0411219 -0.0467562 -0.0518119 -0.0562244 -0.0599476 -0.0629509 -0.0651917 -0.0666541 -0.0673309 -0.067255 -0.0664644 -0.0650469 -0.0630829 -0.060629 -0.0577713 -0.0546125 -0.0512438 -0.0477031 -0.0441005 -0.040529 -0.0370391 -0.0336809 -0.030506 -0.0275365 -0.0247544 -0.0221976 -0.0198875 -0.0178156 -0.0159699 -0.014332 -0.0128845 -0.0116374 -0.0105576 -0.0096138 -0.00879202 -0.00810033 -0.00750354 -0.00696405 -0.00650656 -0.00609346 -0.00572638 -0.00539311 -0.00509028 -0.00482176 -0.00458898 -0.00436389 -0.00413429 -0.00392405 -0.00374317 -0.00357231 -0.00341529 -0.00326686 -0.0031162 -0.0029956 -0.00287817 -0.00277863 -0.00271393 -0.00269934 -0.0027296 -0.00282862 -0.0030064 -0.00329873 -0.00374327 -0.00436127 -0.00515916 -0.00618928 -0.00746329 -0.0089964 -0.0108027 -0.012828 -0.0150397 -0.0173717 -0.0196964 -0.0218793 -0.0237418 -0.025074 -0.0257178 -0.025481 -0.0242453 -0.0219489 -0.018598 -0.0143004 -0.00926516 -0.00372937 0.0019837 0.00757239 0.0127446 0.0172698 0.0209923 0.0238789 0.0259675 0.0273995 0.0283337 0.0289412 0.0293223 0.0295183 0.0294622 0.0290282 0.0280304 0.0263077 0.0237115 0.0202005 0.0158141 0.0107003 0.00509306 -0.000692029 -0.00634839 -0.0115318 -0.015975 -0.0194716 -0.0218944 -0.0232189 -0.0235176 -0.0228936 -0.0215457 -0.019651 -0.0174077 -0.0150108 -0.012594 -0.0102716 -0.00813601 -0.00620878 -0.00453602 -0.00312401 -0.00194277 -0.000987783 -0.000221568 0.000383716 0.000849849 0.00120619 0.00149466 0.00171747 0.00189195 0.00203214 0.00215796 0.00227658 0.00241522 0.0025292 0.00263395 0.00274752 0.00286718 0.00300297 0.00315163 0.0033024 0.00347007 0.00365622 0.00384655 0.00405032 0.00429193 0.00457505 0.00486747 0.00520072 0.00556145 0.00597952 0.00646303 0.00699059 0.00757665 0.00824653 0.00899833 0.00980256 0.0106694 0.0116001 0.0125644 0.0135435 0.0145181 0.0154181 0.0161909 0.0167563 0.0170543 0.0170294 0.0166148 0.0157244 0.0142983 0.0123529 0.00985207 0.00678451 0.00319191 -0.00084892 -0.00527941 -0.00999903 -0.0148582 -0.0197566 -0.0245938 -0.0292475 -0.0335888 -0.0375618 -0.0411151 -0.0442006 -0.0468175 -0.0489888 -0.0507427 -0.052096 -0.0531042 -0.0537907 
0 -0.00673016 -0.0134158 -0.0199881 -0.0264192 -0.032641 -0.0385955 -0.0441727 -0.0492964 -0.0539051 -0.0579233 -0.0613175 -0.0640141 -0.0660025 -0.067255 -0.0677746 -0.0675816 -0.0667079 -0.065246 -0.0632333 -0.0607746 -0.0579579 -0.0548489 -0.0515013 -0.0480011 -0.0444728 -0.0409508 -0.0374997 -0.0341829 -0.0310351 -0.0280638 -0.0252963 -0.0227568 -0.0204402 -0.0183428 -0.0164654 -0.0148101 -0.013364 -0.0121065 -0.0109801 -0.0100003 -0.00917088 -0.00845404 -0.00782309 -0.00726881 -0.00678464 -0.00635107 -0.00596351 -0.00561477 -0.00530776 -0.00503529 -0.00478515 -0.00452839 -0.00430387 -0.00410382 -0.00390584 -0.00372327 -0.00354365 -0.00338353 -0.0032553 -0.00313653 -0.00303045 -0.00295966 -0.00292982 -0.002969 -0.00307379 -0.00327159 -0.00358618 -0.00406069 -0.00471851 -0.0055692 -0.00665491 -0.00802306 -0.00967289 -0.0115955 -0.0137492 -0.0160845 -0.018537 -0.0209797 -0.0232724 -0.0252284 -0.0266314 -0.0272907 -0.0270437 -0.0257374 -0.0233113 -0.0197853 -0.0152704 -0.00995792 -0.00413664 0.00189409 0.00781613 0.0133223 0.0181656 0.0222054 0.0253647 0.0276985 0.0293335 0.0304224 0.0311146 0.0315328 0.0316882 0.0315375 0.030961 0.0297855 0.0278363 0.025003 0.021217 0.0165371 0.0111254 0.00522457 -0.000867296 -0.00679445 -0.0122389 -0.0169123 -0.0205858 -0.0231289 -0.02454 -0.0248633 -0.0242361 -0.0228465 -0.0208766 -0.018524 -0.0159948 -0.013433 -0.0109705 -0.00868693 -0.00663436 -0.00486258 -0.00335566 -0.00209565 -0.00107137 -0.000241481 0.000418235 0.000918931 0.00130551 0.00160557 0.00185788 0.00205816 0.00221979 0.00235559 0.00248339 0.00261612 0.0027413 0.00285295 0.00298742 0.00313171 0.00328348 0.00345 0.00361328 0.0038038 0.00401665 0.00423282 0.00446269 0.00474052 0.00505859 0.00541149 0.00578985 0.00621235 0.00670029 0.00726776 0.00790354 0.00859417 0.00937238 0.0102176 0.0111157 0.0120779 0.0130978 0.0141251 0.015127 0.0160598 0.0168746 0.0174966 0.0178402 0.017838 0.017427 0.0165759 0.0151825 0.0132235 0.0107063 0.00763155 0.00402802 -4.54494e-05 -0.00447452 -0.00920789 -0.0141077 -0.0190188 -0.0238277 -0.0284402 -0.032765 -0.0366813 -0.0401541 -0.0431442 -0.0456443 -0.0476914 -0.0493349 -0.0506227 -0.0515746 -0.0522592 -0.0527181 
0 -0.00611197 -0.0122085 -0.0182705 -0.0242435 -0.0301107 -0.035797 -0.0412404 -0.0463676 -0.0510984 -0.0553662 -0.0590737 -0.0621887 -0.0646571 -0.0664644 -0.0675816 -0.0679808 -0.0677023 -0.0667743 -0.0652782 -0.0632689 -0.0608425 -0.05806 -0.0549664 -0.051678 -0.0482677 -0.0447981 -0.0413171 -0.0379156 -0.0346523 -0.031538 -0.0285966 -0.0258535 -0.0233096 -0.0209804 -0.0188722 -0.0169828 -0.0153221 -0.0138398 -0.0125312 -0.0113794 -0.0103952 -0.00954243 -0.00877644 -0.00811935 -0.00754872 -0.00705149 -0.00660666 -0.00619814 -0.0058311 -0.00551574 -0.00521725 -0.0049478 -0.0046985 -0.00447566 -0.00426052 -0.00404013 -0.00384436 -0.00367371 -0.00353504 -0.00341028 -0.00329229 -0.00320966 -0.00319389 -0.00322226 -0.00333569 -0.00354606 -0.00388985 -0.00439689 -0.00508617 -0.0059946 -0.0071721 -0.00861326 -0.0103497 -0.0123863 -0.0146592 -0.0171199 -0.0196943 -0.0222618 -0.0246595 -0.0266889 -0.0281406 -0.0288285 -0.028544 -0.027175 -0.0246487 -0.0209575 -0.0162221 -0.010675 -0.00455549 0.00178614 0.00801461 0.0138395 0.0190104 0.0233375 0.0267942 0.0293962 0.0312482 0.032505 0.0333118 0.0337386 0.0338498 0.033591 0.0328461 0.0314707 0.029314 0.0262161 0.0221618 0.0172004 0.011485 0.00528624 -0.00106136 -0.00725597 -0.0129306 -0.0177936 -0.0216354 -0.0243163 -0.0257927 -0.0261628 -0.0255416 -0.0241083 -0.0220579 -0.0196043 -0.0169495 -0.014261 -0.0116648 -0.00926536 -0.00709165 -0.00518271 -0.00358476 -0.00225846 -0.00116036 -0.000265964 0.000442291 0.000981694 0.00138824 0.00173035 0.00199833 0.00221984 0.00240191 0.00255245 0.00269335 0.00283728 0.00296182 0.00309853 0.00324744 0.00341534 0.00359483 0.00376335 0.00394611 0.00415337 0.00439908 0.00466069 0.00493497 0.00524739 0.00561275 0.00600965 0.00646424 0.00696491 0.00754285 0.00820531 0.008926 0.00972881 0.0106083 0.0115616 0.0125559 0.0135985 0.0146803 0.0157425 0.0167177 0.0175593 0.0182025 0.0185924 0.018638 0.0182491 0.0173913 0.0160029 0.014059 0.0115251 0.00843972 0.00482457 0.00071591 -0.0037558 -0.0084985 -0.0134009 -0.0183558 -0.0231957 -0.027799 -0.0320952 -0.0359843 -0.0394115 -0.0423328 -0.0447541 -0.0466852 -0.0481825 -0.0493295 -0.0501679 -0.0507529 -0.0511354 -0.0513866 
0 -0.0054831 -0.0109929 -0.0165046 -0.0220101 -0.0274592 -0.0328364 -0.0380826 -0.043139 -0.0479376 -0.0523621 -0.0563509 -0.0598153 -0.0627318 -0.0650469 -0.0667079 -0.0677023 -0.0680046 -0.067675 -0.0667175 -0.065208 -0.0632184 -0.0608029 -0.0580544 -0.0550278 -0.0518239 -0.04847 -0.0450438 -0.0416423 -0.0383193 -0.0351076 -0.0320252 -0.029109 -0.0263869 -0.0238577 -0.0215257 -0.0194099 -0.0174957 -0.015804 -0.014285 -0.0129613 -0.0118062 -0.0107815 -0.00988588 -0.00909508 -0.00843257 -0.00784885 -0.00732509 -0.00684708 -0.00642633 -0.00604864 -0.00571614 -0.00539452 -0.00511499 -0.00486139 -0.00461978 -0.00439451 -0.00417588 -0.00399135 -0.00382964 -0.00368713 -0.00355826 -0.00347707 -0.0034407 -0.00349519 -0.00360862 -0.00382076 -0.00417352 -0.00472461 -0.00548346 -0.00646258 -0.00767395 -0.00920336 -0.0110445 -0.0131622 -0.0155442 -0.0181296 -0.0208315 -0.0235241 -0.0260283 -0.0281322 -0.0296238 -0.0302899 -0.029996 -0.0285644 -0.0259195 -0.0220838 -0.0171695 -0.0113622 -0.00500338 0.00161813 0.0081629 0.0143082 0.0197853 0.0244559 0.0281947 0.0310561 0.0331375 0.0345682 0.0354606 0.035946 0.0360069 0.0356316 0.034722 0.0331349 0.0307015 0.0273552 0.0230142 0.0177634 0.0117833 0.00533414 -0.00129252 -0.00769698 -0.0135815 -0.0186393 -0.022628 -0.0254166 -0.0270054 -0.0274119 -0.0267914 -0.0253115 -0.0231854 -0.0206309 -0.0178643 -0.0150666 -0.012367 -0.00982546 -0.0075339 -0.00553949 -0.00382063 -0.0023904 -0.0012226 -0.000285912 0.000464012 0.00104765 0.00150701 0.00185378 0.00215468 0.0023911 0.002585 0.0027462 0.00290973 0.0030669 0.00322774 0.00336897 0.00353104 0.00371272 0.00389953 0.00409789 0.00429619 0.00453559 0.00481311 0.00511634 0.00544164 0.00581301 0.00622177 0.00669978 0.00721797 0.00782391 0.00850826 0.0092643 0.0100938 0.0109834 0.0119784 0.0130355 0.0141283 0.015234 0.0163293 0.0173611 0.0182577 0.0189337 0.0193445 0.0194061 0.0190528 0.0182097 0.0168157 0.0148651 0.012307 0.00919729 0.00555779 0.00144387 -0.00307213 -0.00787919 -0.0128081 -0.017777 -0.0226401 -0.0272783 -0.0315761 -0.0354487 -0.0388451 -0.041707 -0.0440591 -0.045911 -0.0473057 -0.0483052 -0.0489841 -0.0494247 -0.0496743 -0.0498138 -0.0498973 
