0 0 0 0 0 0 0 0 0 0 0 0 0 0 0 0 0 0 0 0 0 0 0 0 0 0 0 0 0 0 0 0 0 0 0 0 0 0 0 0 0 0 0 0 0 0 0 0 0 0 0 0 0 0 0 0 0 0 0 0 0 0 0 0 0 0 0 0 0 0 0 0 0 0 0 0 0 0 0 0 0 0 0 0 0 0 0 0 0 0 0 0 0 0 0 0 0 0 0 0 0 0 0 0 0 0 0 0 0 0 0 0 0 0 0 0 0 0 0 0 0 0 0 0 0 0 0 0 0 0 0 0 0 0 0 0 0 0 0 0 0 0 0 0 0 0 0 0 0 0 0 0 0 0 0 0 0 0 0 0 0 0 0 0 0 0 0 0 0 0 0 0 0 0 0 0 0 0 0 0 0 0 0 0 0 0 0 0 0 0 0 0 0 0 0 0 0 0 0 0 
0 0.000394527 0.000790323 0.00120725 0.00165613 0.00213066 0.00263092 0.00316155 0.00371436 0.00426057 0.00479055 0.00528914 0.00573763 0.00611318 0.00640536 0.00660146 0.00666378 0.00658091 0.00633088 0.0059198 0.00534806 0.00463544 0.00381054 0.00289115 0.00192296 0.000915738 -9.31188e-05 -0.00106928 -0.00196968 -0.00276826 -0.00344403 -0.00397198 -0.00436136 -0.00462605 -0.0047734 -0.00479536 -0.00471483 -0.00453345 -0.00428976 -0.00400371 -0.00369551 -0.00338114 -0.00306159 -0.0027572 -0.00244896 -0.00215923 -0.00190446 -0.00168379 -0.00149702 -0.00133954 -0.00118965 -0.00106279 -0.000951384 -0.000858261 -0.000781846 -0.000713799 -0.000663104 -0.000605755 -0.000551773 -0.000499465 -0.000450477 -0.000418694 -0.0004015 -0.000373955 -0.000349086 -0.000311561 -0.00027068 -0.000240056 -0.000216373 -0.00019439 -0.000175626 -0.000154405 -0.000135534 -0.000129505 -0.000121219 -0.000111716 -0.000113905 -0.000118272 -0.00010472 -7.79329e-05 -2.45477e-05 4.34329e-05 0.000134404 0.000254826 0.00038577 0.000520776 0.000668881 0.000779965 0.000838687 0.000822964 0.000686541 0.000415254 2.65343e-05 -0.000478128 -0.00105301 -0.00165547 -0.00224283 -0.0027692 -0.00318699 -0.00346404 -0.00356884 -0.00349593 -0.00324133 -0.00283436 -0.002308 -0.00170411 -0.00108195 -0.000497088 2.54664e-05 0.000436126 0.000732424 0.000930007 0.00102552 0.00103824 0.00101116 0.000938494 0.000846132 0.000752997 0.000660975 0.000576084 0.000513211 0.000468545 0.000443871 0.000411095 0.000372372 0.00034083 0.000319016 0.00030087 0.000294587 0.000293588 0.000291021 0.00028928 0.000290714 0.000297277 0.000317806 0.000342626 0.000360651 0.000388089 0.000403148 0.000415639 0.000432244 0.000447743 0.000473279 0.000516694 0.000551565 0.000592319 0.000628608 0.000674907 0.000741202 0.000822369 0.000918917 0.00101688 0.00113013 0.00126511 0.00142269 0.00161601 0.0018514 0.0021097 0.00240296 0.00270246 0.00301255 0.00333626 0.00366744 0.00398468 0.00425135 0.00445719 0.00457475 0.00459705 0.00451062 0.004308 0.00396645 0.00348843 0.00285991 0.00209263 0.00122405 0.000283631 -0.000694646 -0.00169588 -0.00266692 -0.00358965 -0.00443519 -0.00516837 -0.00575797 -0.00618267 -0.00644628 -0.00654724 -0.00650703 -0.00634234 -0.00607471 -0.00571919 -0.00529827 -0.00482996 -0.00434086 -0.00385923 -0.00340122 -0.00298659 -0.00262728 -0.00234494 -0.00213378 -0.00199449 
0 0.000790323 0.0015883 0.00242236 0.00332568 0.00427189 0.00527239 0.00632618 0.00741717 0.00850052 0.00954049 0.0105324 0.0114115 0.0121501 0.0127153 0.0130741 0.0131828 0.0129843 0.0124857 0.0116599 0.0105321 0.0091367 0.00750302 0.00571007 0.00379227 0.00182614 -0.000149147 -0.00205436 -0.00380084 -0.00537504 -0.00670348 -0.00776808 -0.00855723 -0.00909646 -0.00939928 -0.00945564 -0.00930704 -0.00898125 -0.00851837 -0.00797386 -0.00737239 -0.00673361 -0.00610923 -0.00549483 -0.00491027 -0.00435453 -0.00386203 -0.00342948 -0.0030445 -0.00271336 -0.00241177 -0.00215213 -0.00193406 -0.00175296 -0.00157953 -0.00144732 -0.0013271 -0.00122324 -0.00112986 -0.00103685 -0.000942851 -0.000876149 -0.000812938 -0.000753267 -0.000692314 -0.000617165 -0.000557441 -0.000496355 -0.000448048 -0.000394272 -0.00034833 -0.000311904 -0.000285149 -0.00024935 -0.000247076 -0.000231284 -0.00022057 -0.000199353 -0.000175139 -0.000142265 -7.05549e-05 8.37123e-05 0.000269911 0.000509732 0.000792983 0.0010856 0.00135834 0.00158286 0.00169157 0.00162633 0.0013405 0.000821119 5.18201e-05 -0.000937253 -0.00206895 -0.00328191 -0.00447595 -0.00553172 -0.00637703 -0.00693308 -0.00712857 -0.00696837 -0.00645471 -0.00562603 -0.00457855 -0.00339795 -0.0021716 -0.00100757 2.39277e-05 0.000870302 0.00149256 0.00188397 0.0020698 0.00210828 0.00202367 0.00186532 0.0016899 0.00150114 0.00131058 0.00118042 0.00106474 0.000965508 0.000885273 0.000816082 0.000750653 0.000698894 0.000631505 0.000609764 0.000596412 0.000585328 0.000575084 0.000578501 0.000585035 0.000616454 0.000642285 0.000676928 0.000703657 0.00073813 0.00077738 0.000815256 0.000860436 0.00090313 0.000954896 0.00102361 0.00110424 0.00117506 0.00126667 0.00136358 0.00149106 0.0016482 0.00183334 0.00203184 0.00228536 0.00257642 0.00291366 0.00331181 0.00375952 0.00427481 0.00483423 0.00543422 0.00604733 0.00667787 0.0073193 0.00791815 0.00842341 0.00881875 0.00904095 0.00907622 0.00889119 0.00845324 0.00776208 0.00678498 0.00554818 0.00403938 0.0023348 0.000501955 -0.00143302 -0.00338575 -0.00529991 -0.00709809 -0.00874453 -0.0101778 -0.0113244 -0.0121742 -0.0127034 -0.0129278 -0.0128696 -0.0125622 -0.0120521 -0.0113649 -0.0105525 -0.00964548 -0.00869463 -0.00775458 -0.00685759 -0.00604084 -0.00533285 -0.00476632 -0.00434013 -0.00405408 
0 0.00120725 0.00242236 0.00369366 0.00505041 0.00647468 0.00796177 0.00951869 0.0111209 0.0126966 0.0142211 0.015655 0.0169372 0.0179938 0.0187833 0.0192679 0.0193602 0.0190389 0.0182642 0.0170531 0.0154077 0.0133731 0.0110173 0.00839271 0.00562173 0.00275443 -0.00010022 -0.00284628 -0.00538326 -0.00766204 -0.00963206 -0.01122 -0.0124209 -0.0132499 -0.0137225 -0.0138361 -0.0136698 -0.0132413 -0.0126349 -0.0118832 -0.0110255 -0.0101122 -0.00917831 -0.00829736 -0.00743577 -0.00663304 -0.00590957 -0.00525086 -0.00466041 -0.0041483 -0.00368161 -0.00330016 -0.00297325 -0.00268677 -0.00242666 -0.00218674 -0.00200527 -0.00184028 -0.00170885 -0.00158553 -0.00145303 -0.00133623 -0.00123751 -0.00111872 -0.00102596 -0.000927211 -0.00083447 -0.000760947 -0.000689735 -0.000608054 -0.000532785 -0.000464145 -0.000415786 -0.000403183 -0.000381888 -0.00034409 -0.000324818 -0.000311447 -0.000266686 -0.000201908 -7.2327e-05 0.00011523 0.000390147 0.000769344 0.00119633 0.0016309 0.00206903 0.00237757 0.002511 0.00241568 0.00198567 0.00118639 5.25752e-05 -0.00141671 -0.0031112 -0.00491553 -0.00669636 -0.00830142 -0.00957298 -0.0103994 -0.0106884 -0.0104322 -0.0096422 -0.00841673 -0.00686179 -0.00509764 -0.00327753 -0.00154601 2.10693e-05 0.00128551 0.00221689 0.00283239 0.00312171 0.00314454 0.00302662 0.0027867 0.00251013 0.00224753 0.0019992 0.0017715 0.00158726 0.00143837 0.00133815 0.0012295 0.00112085 0.00103948 0.000979711 0.000924028 0.00088946 0.00086886 0.000859054 0.000870872 0.000900383 0.000937931 0.000986713 0.0010245 0.00104107 0.00109638 0.00115321 0.00122842 0.00131637 0.00138493 0.00145518 0.00155841 0.00165328 0.00178317 0.00192246 0.00208765 0.00229002 0.00251967 0.00279458 0.00310377 0.00349151 0.00395806 0.00448042 0.00507071 0.00574418 0.00647785 0.00731724 0.00819693 0.00910583 0.0100254 0.0109252 0.011755 0.0124423 0.0129726 0.0132689 0.0132879 0.0129712 0.0122923 0.0112157 0.0097696 0.00793875 0.00574912 0.00328309 0.000607725 -0.00219194 -0.00505513 -0.00782893 -0.0104463 -0.0128301 -0.0148976 -0.0165782 -0.0178255 -0.0186417 -0.0190112 -0.0189725 -0.018563 -0.0178443 -0.0168696 -0.0157072 -0.0144086 -0.0130426 -0.0116851 -0.0103847 -0.00919683 -0.00815863 -0.007323 -0.00668158 -0.00625006 
0 0.00165613 0.00332568 0.00505041 0.00688058 0.00877248 0.0107333 0.0127583 0.014817 0.0168385 0.0187694 0.0205933 0.0221986 0.0235144 0.0244714 0.0250113 0.0250682 0.0245757 0.0235523 0.0219704 0.0198621 0.0172733 0.0142537 0.0109243 0.00736989 0.00372818 9.44756e-05 -0.00339665 -0.00661769 -0.00954956 -0.0120905 -0.0141849 -0.0157911 -0.0169251 -0.0176055 -0.0178375 -0.0177045 -0.0172597 -0.0165593 -0.0156691 -0.0146239 -0.013471 -0.0123088 -0.011164 -0.0100654 -0.00901503 -0.00805418 -0.00717693 -0.00637637 -0.00567345 -0.0050468 -0.0045158 -0.00406905 -0.00368371 -0.00331343 -0.00300459 -0.00273405 -0.0025062 -0.00231309 -0.00212903 -0.00194305 -0.00179285 -0.00165003 -0.00151483 -0.00138812 -0.00125097 -0.00113775 -0.0010244 -0.000922358 -0.000809683 -0.000710308 -0.000633663 -0.000581395 -0.000529286 -0.000519467 -0.00048624 -0.000454105 -0.000405126 -0.000345131 -0.00026306 -0.000105918 0.000188466 0.000562588 0.00104341 0.00160439 0.00218368 0.00272364 0.0031502 0.00334343 0.00319487 0.00261222 0.00156258 2.83e-05 -0.0019343 -0.00418428 -0.00658758 -0.00894989 -0.0110475 -0.0127216 -0.0138171 -0.0142054 -0.0138813 -0.0128584 -0.0112212 -0.00914566 -0.0068035 -0.00437397 -0.00205964 -2.1159e-06 0.00168679 0.00293454 0.0037297 0.0041148 0.00419201 0.00403108 0.00372385 0.00337283 0.00300273 0.002638 0.00236371 0.00212628 0.00192626 0.00176707 0.00163125 0.00150918 0.00141187 0.00129982 0.00124795 0.00121121 0.00118052 0.00115905 0.00116725 0.001193 0.001257 0.00131406 0.00137508 0.00142231 0.00148854 0.00157208 0.00166371 0.00176724 0.00185999 0.0019605 0.00209122 0.00224889 0.00241618 0.00262804 0.00285991 0.00313914 0.00346399 0.00383948 0.00426258 0.00479975 0.0054269 0.00613722 0.00693746 0.00781337 0.00879511 0.00986804 0.0110151 0.0121785 0.0133348 0.0144509 0.0154436 0.0162483 0.016847 0.0171433 0.0170878 0.0166048 0.0156401 0.0142027 0.0122805 0.00992082 0.0071167 0.00397221 0.000582212 -0.00300062 -0.00663321 -0.010188 -0.0135247 -0.0165681 -0.0192217 -0.0213815 -0.0230305 -0.0241301 -0.0246844 -0.0247093 -0.0242482 -0.0233803 -0.0221696 -0.020717 -0.0190855 -0.0173654 -0.0156492 -0.0139984 -0.0124792 -0.0111464 -0.0100591 -0.00922076 -0.00865293 
0 0.00213066 0.00427189 0.00647468 0.00877248 0.0111324 0.0135421 0.0160044 0.0184824 0.0208891 0.023182 0.0253082 0.0271698 0.0286577 0.0296997 0.0302382 0.0301825 0.0295108 0.0282052 0.0262839 0.0237575 0.0206769 0.0171244 0.0131906 0.00902877 0.00474368 0.000480264 -0.00362472 -0.00744635 -0.0109264 -0.0139883 -0.016535 -0.0185344 -0.0199943 -0.0209295 -0.021345 -0.0213318 -0.0209258 -0.0202163 -0.019254 -0.0180937 -0.016806 -0.0154558 -0.014122 -0.0127891 -0.0115056 -0.0103163 -0.00922312 -0.00823127 -0.00735032 -0.00654683 -0.00585852 -0.00526333 -0.00474459 -0.00428048 -0.00386828 -0.0035287 -0.00321949 -0.00295112 -0.00270195 -0.00246464 -0.00226828 -0.00210476 -0.00192773 -0.00176614 -0.001592 -0.00142753 -0.00128887 -0.00116608 -0.00103914 -0.000922171 -0.000817124 -0.000736227 -0.000692446 -0.000654035 -0.000603883 -0.000572199 -0.000536279 -0.000451417 -0.000316474 -7.83184e-05 0.000268268 0.000737262 0.00134062 0.00202041 0.00271998 0.00340475 0.0039129 0.00413726 0.00395977 0.00323045 0.00188908 -2.99146e-05 -0.00248241 -0.00529296 -0.00826642 -0.0111781 -0.013786 -0.0158557 -0.0172073 -0.0176988 -0.0172992 -0.0160263 -0.014013 -0.0114363 -0.00850897 -0.00548218 -0.00259944 -2.183e-05 0.00206547 0.00360547 0.0046147 0.00511478 0.00520391 0.00503442 0.00466791 0.00422069 0.00376357 0.0033246 0.00293999 0.00263218 0.00239401 0.00222753 0.00206415 0.00190094 0.00176529 0.00165446 0.00157067 0.00152225 0.00149354 0.00147761 0.00148479 0.00151375 0.00156821 0.00164665 0.00172773 0.00179534 0.0018969 0.00199633 0.00210774 0.00223164 0.0023483 0.0024862 0.0026755 0.00287312 0.00310705 0.00336525 0.00366953 0.00404347 0.00448042 0.00498789 0.00555401 0.00623162 0.0070239 0.00791424 0.00891233 0.010022 0.01122 0.0125321 0.0138856 0.0152467 0.0165804 0.0178351 0.0189313 0.0197814 0.0203607 0.0205785 0.0203731 0.0196666 0.0184177 0.0166047 0.0142641 0.0114038 0.00805954 0.00433428 0.00031943 -0.00388544 -0.00817289 -0.012349 -0.0162927 -0.0198924 -0.0230376 -0.0256359 -0.027637 -0.0290285 -0.0297839 -0.0299255 -0.0294888 -0.0285517 -0.0272006 -0.0255431 -0.0236676 -0.0216777 -0.019679 -0.0177445 -0.0159474 -0.0143537 -0.0130407 -0.0120189 -0.0113261 
0 0.00263092 0.00527239 0.00796177 0.0107333 0.0135421 0.0163802 0.019241 0.0220817 0.0248195 0.0273891 0.02974 0.0317519 0.0333213 0.0343677 0.034828 0.0346333 0.0337439 0.0321736 0.0299246 0.0270288 0.0235443 0.0195532 0.01518 0.0105515 0.00580282 0.00106134 -0.00352408 -0.00781782 -0.0117571 -0.0152427 -0.0181905 -0.0205616 -0.022364 -0.0236047 -0.0242813 -0.0244564 -0.0241813 -0.0235289 -0.022577 -0.0213865 -0.0200254 -0.0185773 -0.0170898 -0.0155854 -0.0141068 -0.0127183 -0.0114365 -0.0102603 -0.00919118 -0.00820879 -0.00733673 -0.00657811 -0.00591972 -0.00533171 -0.00482774 -0.00439295 -0.00400573 -0.00366079 -0.00334077 -0.00304465 -0.00280058 -0.00258438 -0.00237103 -0.00216075 -0.00194322 -0.00174793 -0.00157597 -0.00142543 -0.00127618 -0.00113883 -0.00102064 -0.00092522 -0.000848848 -0.000800017 -0.000741232 -0.000685298 -0.00061485 -0.00051095 -0.000351245 -7.49877e-05 0.000360793 0.000935074 0.00165402 0.00247211 0.00331405 0.00409871 0.00469083 0.00493478 0.00467714 0.00377925 0.00217897 -0.000120684 -0.00303751 -0.00638131 -0.00992953 -0.0134046 -0.0165035 -0.018967 -0.0205709 -0.0211493 -0.0206654 -0.0191517 -0.0167455 -0.013677 -0.0102042 -0.00660642 -0.00316566 -9.83651e-05 0.00241776 0.00428781 0.00550209 0.00611386 0.00624796 0.00603715 0.00560226 0.00507317 0.00451894 0.0039885 0.0035502 0.00319211 0.00290638 0.00268454 0.00248846 0.00230595 0.00214696 0.00200097 0.00191053 0.00185854 0.00182586 0.00180735 0.00181281 0.00184128 0.00190564 0.00198667 0.00207938 0.00217184 0.00228778 0.00241506 0.0025505 0.0026999 0.00285539 0.00304288 0.00328268 0.00355096 0.00384004 0.00416863 0.00454945 0.00501969 0.00558432 0.00623542 0.00696354 0.00781229 0.00877925 0.00986188 0.0110677 0.0123828 0.0137964 0.015285 0.0167964 0.018279 0.0197043 0.0210244 0.0221406 0.0229629 0.0234432 0.0234944 0.0230615 0.0220805 0.02051 0.0183483 0.0156075 0.0123185 0.00851298 0.00430728 -0.000185382 -0.00487736 -0.00962998 -0.0142797 -0.0186787 -0.0227162 -0.0262742 -0.0292425 -0.0315778 -0.0332441 -0.0342269 -0.0345327 -0.0341955 -0.0332901 -0.0319019 -0.0301495 -0.0281308 -0.0259667 -0.0237703 -0.0216263 -0.0196136 -0.0178105 -0.0163057 -0.0151294 -0.014329 
0 0.00316155 0.00632618 0.00951869 0.0127583 0.0160044 0.019241 0.0224541 0.0255951 0.0285827 0.0313415 0.0338062 0.0358614 0.037406 0.0383674 0.0386882 0.0383108 0.0372 0.0353702 0.0328346 0.0296358 0.0258434 0.0215514 0.0168851 0.0119638 0.00691277 0.00185359 -0.00306617 -0.00771109 -0.0119973 -0.0158265 -0.0191193 -0.0218392 -0.0239878 -0.0255591 -0.0265443 -0.0269813 -0.0269227 -0.0264365 -0.0255997 -0.0244749 -0.0231302 -0.0216472 -0.0200763 -0.0184544 -0.0168319 -0.0152747 -0.0138103 -0.0124444 -0.0111806 -0.0100161 -0.00897002 -0.00804942 -0.00723686 -0.006508 -0.00587263 -0.00532183 -0.00484151 -0.00441792 -0.00403073 -0.00367445 -0.00336411 -0.00308306 -0.00281511 -0.00255791 -0.0023101 -0.0020884 -0.00189133 -0.00171127 -0.00153277 -0.00136632 -0.00122671 -0.00112003 -0.00103783 -0.000972289 -0.000894427 -0.000811696 -0.000712935 -0.000576764 -0.000371914 -4.23539e-05 0.000459486 0.00113273 0.00197317 0.00292735 0.00390553 0.00479686 0.00544932 0.00568864 0.00534521 0.00427285 0.00239812 -0.000273734 -0.00364397 -0.00751019 -0.0116113 -0.0156288 -0.0192182 -0.0220675 -0.0239127 -0.0245725 -0.0239966 -0.0222374 -0.019459 -0.0159187 -0.011914 -0.0077629 -0.0037773 -0.000215043 0.00272241 0.0049206 0.00635808 0.0070933 0.00726111 0.00701826 0.00651927 0.00590791 0.00527291 0.00467218 0.00416019 0.00373717 0.00340068 0.0031363 0.00290904 0.00270477 0.00252952 0.00237788 0.00227321 0.00220388 0.00215783 0.00213559 0.00214571 0.00218819 0.00226672 0.00236093 0.00246065 0.00256508 0.0026953 0.00285201 0.00302917 0.00322249 0.00342547 0.00365989 0.00394588 0.00427503 0.00464109 0.00506174 0.0055515 0.00614021 0.00683635 0.00763161 0.00852576 0.00954958 0.010702 0.0119761 0.013369 0.0148634 0.0164431 0.0180697 0.0196857 0.0212321 0.0226745 0.0239619 0.024998 0.0256927 0.0259825 0.0257927 0.0250724 0.0237767 0.0218784 0.0193819 0.0162983 0.0126542 0.00849382 0.00393286 -0.000906394 -0.00592631 -0.0109918 -0.0159528 -0.0206681 -0.0250252 -0.0289028 -0.0321868 -0.0348175 -0.0367512 -0.0379713 -0.0384808 -0.038312 -0.0375291 -0.0362154 -0.0344802 -0.0324301 -0.0301933 -0.0278898 -0.0256174 -0.0234633 -0.0215185 -0.0198774 -0.0185908 -0.0177144 
0 0.00371436 0.00741717 0.0111209 0.014817 0.0184824 0.0220817 0.0255951 0.028967 0.0321146 0.0349663 0.0374317 0.0394262 0.0408493 0.0416478 0.0417765 0.0411795 0.0398479 0.0377729 0.0350027 0.0315802 0.0275847 0.0231268 0.0183013 0.0132414 0.0080358 0.0028173 -0.00228084 -0.00714056 -0.0116523 -0.0157434 -0.0193253 -0.0223654 -0.0248477 -0.0267534 -0.0280743 -0.0288346 -0.0290746 -0.0288606 -0.0282407 -0.0272735 -0.0260348 -0.0245887 -0.0230179 -0.0213487 -0.0196459 -0.0179613 -0.0163315 -0.0147825 -0.0133294 -0.0119865 -0.0107762 -0.0096945 -0.00871739 -0.00784099 -0.00705004 -0.00636965 -0.00577521 -0.00525293 -0.00478096 -0.00435117 -0.00396175 -0.0036186 -0.00329366 -0.00299367 -0.00271773 -0.00245961 -0.00223284 -0.00201573 -0.00180559 -0.00161175 -0.00144892 -0.00132366 -0.00124294 -0.00115431 -0.00105974 -0.000952893 -0.000827659 -0.000647573 -0.000382269 2.549e-05 0.000597399 0.00137368 0.00232791 0.00339406 0.00448147 0.00547447 0.00617746 0.00641106 0.00598911 0.00474007 0.00257359 -0.000478499 -0.00431077 -0.00870019 -0.0133329 -0.017857 -0.0219051 -0.0251089 -0.0271807 -0.0279318 -0.0272845 -0.0252989 -0.0221701 -0.0181659 -0.0136247 -0.00892075 -0.00439815 -0.000346362 0.00299148 0.00549774 0.00715785 0.0080284 0.00824283 0.00800083 0.00745796 0.00676461 0.00604272 0.005367 0.00476284 0.00427318 0.00388721 0.00359095 0.00333977 0.00311822 0.00292551 0.00277951 0.00265398 0.00256871 0.00251033 0.00248074 0.00248843 0.00254329 0.00263008 0.00274819 0.00286495 0.00298915 0.00314404 0.00332727 0.00354525 0.00378277 0.00403528 0.00432186 0.00466569 0.00506092 0.00552982 0.00606238 0.00668967 0.00741871 0.00825462 0.0091974 0.0102596 0.011457 0.0127991 0.0142585 0.0158136 0.0174524 0.0191363 0.0208472 0.0225037 0.0240515 0.0254351 0.0265899 0.0274388 0.0278999 0.0279097 0.0274168 0.0263682 0.0247339 0.0225077 0.019688 0.0163146 0.0123934 0.00799581 0.00321933 -0.00182425 -0.00701276 -0.0122445 -0.0173621 -0.022257 -0.0268115 -0.0309077 -0.0344433 -0.0373249 -0.0395163 -0.0409834 -0.0417336 -0.0417966 -0.0412214 -0.0400903 -0.0384881 -0.0365254 -0.0343266 -0.0320158 -0.0297054 -0.0274944 -0.0254863 -0.0237764 -0.022433 -0.0215183 
0 0.00426057 0.00850052 0.0126966 0.0168385 0.0208891 0.0248195 0.0285827 0.0321146 0.0353496 0.0381906 0.0405754 0.0424117 0.0436424 0.0442185 0.0440943 0.0432614 0.0416804 0.0393957 0.0364318 0.0328676 0.028783 0.0242587 0.0194203 0.0143359 0.00913464 0.00390979 -0.00121335 -0.00613284 -0.0107647 -0.0150197 -0.0188353 -0.0221544 -0.0249441 -0.0271782 -0.0288608 -0.0299797 -0.0305966 -0.0307188 -0.0304006 -0.0296817 -0.0286218 -0.027323 -0.0258183 -0.0241924 -0.0224742 -0.0207185 -0.0189791 -0.0172892 -0.0156691 -0.0141675 -0.0127763 -0.0115185 -0.0103728 -0.00932569 -0.00839891 -0.00756726 -0.0068488 -0.00620517 -0.00562354 -0.00510251 -0.00464239 -0.00422045 -0.00385014 -0.00348885 -0.00315767 -0.00286118 -0.00259046 -0.00233866 -0.00210746 -0.00189238 -0.00171141 -0.00156664 -0.00143538 -0.00133286 -0.00123088 -0.00109574 -0.000921729 -0.000705102 -0.000377694 9.83625e-05 0.000786056 0.00166709 0.00271412 0.00388675 0.00508548 0.00613337 0.00689468 0.00712381 0.00659214 0.00515001 0.00271193 -0.000738142 -0.0050263 -0.00991467 -0.0150682 -0.0200875 -0.024547 -0.0280874 -0.030379 -0.031212 -0.0305024 -0.0283217 -0.0248394 -0.0203825 -0.0153318 -0.0100839 -0.00502575 -0.000520895 0.00322468 0.00605161 0.00791784 0.0089236 0.00923122 0.00898339 0.00840776 0.00765249 0.00683243 0.00604789 0.00537915 0.00482959 0.00440415 0.00405728 0.00378726 0.00356096 0.00335378 0.00316945 0.00304347 0.0029536 0.00289397 0.00286375 0.00286675 0.00291596 0.00301192 0.00313105 0.00326982 0.00343674 0.00361376 0.00383944 0.00409026 0.00436704 0.00468049 0.00504181 0.00545668 0.00596117 0.00652465 0.00718867 0.00795262 0.00882824 0.00982875 0.010936 0.0121784 0.0135586 0.0150716 0.0166966 0.0183919 0.0201159 0.0218681 0.0235697 0.0251958 0.0266558 0.0278878 0.0288287 0.0293929 0.0295387 0.0291995 0.0283517 0.0269502 0.0249748 0.0224162 0.0193114 0.0156739 0.0115631 0.00703121 0.00216516 -0.00292505 -0.00815714 -0.0133911 -0.0185415 -0.0234725 -0.0280956 -0.0323065 -0.0359935 -0.0390846 -0.0415014 -0.0432331 -0.04426 -0.0446134 -0.0443335 -0.0434806 -0.0421333 -0.0403804 -0.038343 -0.0361381 -0.033891 -0.0317159 -0.0297271 -0.0280181 -0.0266735 -0.0257574 
0 0.00479055 0.00954049 0.0142211 0.0187694 0.023182 0.0273891 0.0313415 0.0349663 0.0381906 0.0409545 0.0431589 0.0447812 0.0457541 0.0460536 0.0456535 0.0445373 0.0427378 0.0402526 0.0371724 0.0335503 0.0294619 0.0250028 0.020236 0.0152797 0.0101996 0.00511394 0.000106172 -0.00476592 -0.00939735 -0.0137395 -0.0177082 -0.0212485 -0.0243112 -0.0268643 -0.0289098 -0.0304316 -0.0314407 -0.031964 -0.0320068 -0.031613 -0.0308516 -0.0297667 -0.0284385 -0.0269086 -0.0252438 -0.0234875 -0.0217004 -0.0199285 -0.0181942 -0.016535 -0.0149759 -0.0135297 -0.0121929 -0.0109948 -0.0098967 -0.00892344 -0.00805683 -0.00727413 -0.00657495 -0.00596202 -0.00540527 -0.00491704 -0.00446071 -0.00402967 -0.00364016 -0.00327794 -0.00297326 -0.00269854 -0.00245129 -0.00221914 -0.00200577 -0.00182275 -0.0016856 -0.0015277 -0.00138412 -0.00122489 -0.00103443 -0.000759514 -0.000354544 0.000218377 0.000965831 0.00195318 0.00312437 0.0044047 0.00569296 0.0068335 0.00759642 0.00776885 0.00713016 0.00548819 0.0027368 -0.00106966 -0.00578869 -0.0111632 -0.0168003 -0.0222822 -0.0271835 -0.0310516 -0.0335434 -0.0344497 -0.0336574 -0.0312467 -0.0274532 -0.0225813 -0.0170403 -0.0112888 -0.00573348 -0.000739949 0.00339865 0.00653907 0.00865958 0.00982645 0.0101803 0.00995444 0.00934122 0.00850454 0.0076118 0.00677413 0.0060059 0.00538858 0.0049156 0.00455598 0.00426097 0.00399827 0.00376045 0.00359418 0.00344216 0.00334448 0.00329234 0.00327372 0.00328442 0.0033374 0.00341509 0.00354641 0.00369969 0.00389247 0.0041212 0.00438325 0.00468815 0.0050206 0.00540385 0.00585383 0.00637688 0.00697978 0.00767988 0.00845878 0.00936846 0.0104037 0.0115721 0.0128703 0.0143027 0.0158451 0.0175049 0.0192457 0.0210204 0.0228047 0.0245383 0.0261865 0.0276733 0.0289491 0.0299401 0.0305704 0.0307946 0.0305618 0.0298267 0.0285926 0.026821 0.0245054 0.0216588 0.0182938 0.0144777 0.0102394 0.00567802 0.000846441 -0.00418625 -0.00930484 -0.0144461 -0.0194863 -0.0243482 -0.0289276 -0.0331343 -0.036903 -0.0401211 -0.0427536 -0.0447438 -0.0460814 -0.0467796 -0.0468544 -0.0463716 -0.0453692 -0.0439458 -0.0421884 -0.0402094 -0.0381403 -0.0361014 -0.0342235 -0.0325904 -0.031307 -0.0304327 
0 0.00528914 0.0105324 0.015655 0.0205933 0.0253082 0.02974 0.0338062 0.0374317 0.0405754 0.0431589 0.0451327 0.0464634 0.0471381 0.0471314 0.0464204 0.0450543 0.0430405 0.0404422 0.0373069 0.0337132 0.0297246 0.0253965 0.0208318 0.01608 0.0112459 0.00639373 0.00158744 -0.00312993 -0.00768289 -0.0120029 -0.0160383 -0.0197278 -0.023014 -0.0258611 -0.0282721 -0.0301788 -0.0316125 -0.0325446 -0.0330064 -0.0330203 -0.0326189 -0.0318643 -0.0307661 -0.0294274 -0.0278882 -0.0262017 -0.0244374 -0.0226382 -0.0208176 -0.0190491 -0.0173326 -0.0157202 -0.01422 -0.0128443 -0.0115974 -0.0104486 -0.00942747 -0.00849554 -0.00765928 -0.00692162 -0.00626427 -0.00566223 -0.0051361 -0.00463225 -0.00418232 -0.00378154 -0.00342504 -0.00309745 -0.00281393 -0.00255386 -0.00232464 -0.00212794 -0.00193773 -0.00176395 -0.0015952 -0.00137359 -0.00110082 -0.000779337 -0.000318469 0.00031261 0.00117736 0.00227158 0.00354568 0.00494177 0.00633669 0.00750065 0.00827566 0.00838455 0.00758034 0.00571404 0.00269974 -0.00147742 -0.0066102 -0.0124362 -0.0185583 -0.0245087 -0.0297863 -0.0339637 -0.0366504 -0.0376116 -0.0367448 -0.0341472 -0.0300189 -0.0247408 -0.0187549 -0.0125209 -0.00647734 -0.00105614 0.00350215 0.00699348 0.00935004 0.0106727 0.0111348 0.0109026 0.0102566 0.00936846 0.0083964 0.00746823 0.00666006 0.00599162 0.0054676 0.00502916 0.0046991 0.00443981 0.00420811 0.0040167 0.00387889 0.00377896 0.00371998 0.00369402 0.00370048 0.00376061 0.00386337 0.00400338 0.004183 0.00441852 0.00467333 0.00499362 0.00535024 0.00575129 0.00622472 0.00677872 0.00740608 0.00815445 0.00898185 0.00992408 0.0109893 0.0121841 0.0135284 0.0149973 0.0166019 0.0182902 0.0200487 0.0218549 0.0236593 0.0254138 0.0270927 0.0285813 0.0298617 0.0308542 0.0315049 0.0317658 0.0315832 0.0309445 0.0297889 0.0281454 0.0259971 0.0233598 0.0202524 0.0167182 0.0127845 0.00853214 0.00403187 -0.000671278 -0.00551508 -0.0104401 -0.0153486 -0.020203 -0.0248906 -0.0293397 -0.0334768 -0.0372337 -0.0405481 -0.0433444 -0.0455977 -0.0472563 -0.0483254 -0.0488117 -0.0487467 -0.0481747 -0.0471659 -0.0458012 -0.0441681 -0.0423949 -0.0406094 -0.0389371 -0.037467 -0.0363094 -0.0355255 
0 0.00573763 0.0114115 0.0169372 0.0221986 0.0271698 0.0317519 0.0358614 0.0394262 0.0424117 0.0447812 0.0464634 0.0474835 0.0478271 0.0474927 0.0464872 0.044868 0.042705 0.0400233 0.0369056 0.0334033 0.0295744 0.0254829 0.0211871 0.0167591 0.0122438 0.00770601 0.00317721 -0.00131899 -0.00569602 -0.00991266 -0.0139283 -0.0176944 -0.0211486 -0.0242455 -0.0269687 -0.0292508 -0.031079 -0.032452 -0.0333647 -0.0338317 -0.0338725 -0.0334942 -0.0327316 -0.0316576 -0.0303308 -0.0287906 -0.0271046 -0.0253261 -0.0234883 -0.0216527 -0.0198498 -0.0181101 -0.0164511 -0.0149149 -0.0134791 -0.0121586 -0.0109692 -0.00988146 -0.00890187 -0.00803037 -0.00723102 -0.00651834 -0.00588631 -0.00531341 -0.00481012 -0.00434929 -0.00394024 -0.00356367 -0.0032309 -0.0029311 -0.00266361 -0.00243663 -0.00223743 -0.00201481 -0.00179471 -0.00153652 -0.00122369 -0.000818242 -0.000258462 0.000480181 0.00142309 0.00262026 0.0040046 0.00548874 0.00694354 0.00815947 0.00890422 0.00892852 0.00799152 0.00590584 0.00257081 -0.00196428 -0.00751512 -0.0137907 -0.0203473 -0.0267026 -0.0323587 -0.0368143 -0.0396731 -0.0406962 -0.0397616 -0.0369655 -0.032562 -0.0269098 -0.0204743 -0.0137693 -0.00726086 -0.00138155 0.00355077 0.00735028 0.00996855 0.011476 0.0120246 0.0118462 0.0111879 0.0102416 0.00920555 0.00821765 0.00731376 0.00656665 0.00598334 0.00552679 0.00517691 0.00489374 0.00465605 0.00449211 0.00434353 0.00422853 0.0041581 0.00412775 0.00414451 0.00422253 0.00434144 0.00451699 0.00472835 0.00499152 0.00529559 0.00566243 0.00609831 0.00659321 0.00717334 0.0078408 0.00859057 0.00946094 0.0104539 0.0115635 0.0128175 0.0141937 0.0156944 0.0173154 0.0190462 0.0208292 0.022646 0.0244593 0.0262164 0.0278826 0.029395 0.0306715 0.0316565 0.0323022 0.0325548 0.0323735 0.0317529 0.0306726 0.0290951 0.0270537 0.0245494 0.0216236 0.0183233 0.0146786 0.0107341 0.00653934 0.00218116 -0.00231701 -0.00691916 -0.0115455 -0.0161629 -0.0207217 -0.0251622 -0.0294056 -0.0333908 -0.037089 -0.0404214 -0.0433567 -0.0458362 -0.047816 -0.0492777 -0.0502032 -0.0506195 -0.050534 -0.0500286 -0.0491516 -0.0479783 -0.0466243 -0.0452042 -0.0438435 -0.0426153 -0.041647 -0.0409919 
0 0.00611318 0.0121501 0.0179938 0.0235144 0.0286577 0.0333213 0.037406 0.0408493 0.0436424 0.0457541 0.0471381 0.0478271 0.0478412 0.0471954 0.0459199 0.0441076 0.0418301 0.0391276 0.036065 0.0327021 0.029094 0.0252879 0.0213388 0.017281 0.0131475 0.00897466 0.00478156 0.000588296 -0.00353733 -0.00756726 -0.0114894 -0.0152634 -0.0188165 -0.0220965 -0.0250818 -0.0276919 -0.0299094 -0.0317075 -0.0330738 -0.0340021 -0.034492 -0.0345491 -0.0341858 -0.0334772 -0.0324585 -0.0311539 -0.0296295 -0.0279505 -0.0261603 -0.0243309 -0.0224831 -0.0206517 -0.0188655 -0.0171721 -0.0155747 -0.0140828 -0.0127253 -0.0114742 -0.0103346 -0.00930645 -0.00836574 -0.00751827 -0.00677771 -0.0061114 -0.00552447 -0.00499378 -0.0045161 -0.00407754 -0.00369811 -0.00336063 -0.00305578 -0.00278474 -0.00252909 -0.00227041 -0.00201301 -0.00169777 -0.00130961 -0.000829001 -0.000180458 0.000661521 0.00172656 0.00302784 0.00449993 0.00605952 0.00756825 0.00879359 0.00951368 0.00944862 0.00834084 0.00601535 0.00238417 -0.00251915 -0.00847822 -0.0151773 -0.0221573 -0.0289007 -0.0348701 -0.0395718 -0.0425906 -0.0436687 -0.0426861 -0.0397334 -0.0350503 -0.0290347 -0.0221805 -0.0150218 -0.00806171 -0.00176802 0.00354636 0.00766863 0.0105336 0.0122241 0.0129049 0.0127859 0.0121356 0.0111551 0.0100464 0.00896628 0.00799233 0.00718574 0.00655145 0.00604468 0.00566989 0.00538552 0.00514864 0.00497095 0.00482443 0.00471258 0.0046471 0.00462079 0.0046418 0.00473018 0.00486839 0.00506518 0.00531507 0.00562793 0.00598598 0.00642293 0.00693831 0.00753747 0.00824244 0.009045 0.00993378 0.0109552 0.0121053 0.0133946 0.0148285 0.0163737 0.0180205 0.019757 0.0215747 0.0234111 0.0252374 0.0270081 0.0286574 0.030138 0.0313975 0.03235 0.0329703 0.0332119 0.0330261 0.0323866 0.0313017 0.0297807 0.0277979 0.0253941 0.0225836 0.0194227 0.0159772 0.0122893 0.00838902 0.00432957 0.000174501 -0.0040635 -0.00835431 -0.0126349 -0.0168763 -0.0210761 -0.0251899 -0.0291634 -0.0329516 -0.0365308 -0.0398489 -0.0428696 -0.045548 -0.047829 -0.0496824 -0.0510757 -0.0520044 -0.0524677 -0.052528 -0.0522249 -0.0516113 -0.0507843 -0.0498441 -0.0488895 -0.0479885 -0.0472628 -0.0467706 
0 0.00640536 0.0127153 0.0187833 0.0244714 0.0296997 0.0343677 0.0383674 0.0416478 0.0442185 0.0460536 0.0471314 0.0474927 0.0471954 0.0462764 0.0447871 0.0428399 0.0405019 0.037826 0.0348653 0.0316922 0.0283587 0.024891 0.0213318 0.0176804 0.0139622 0.0101916 0.00637841 0.00253717 -0.0012915 -0.00509007 -0.00886588 -0.0125773 -0.0161472 -0.0195282 -0.0227028 -0.0255912 -0.0281606 -0.0303571 -0.0321551 -0.0335356 -0.034486 -0.0350106 -0.0350993 -0.034815 -0.0341692 -0.0331761 -0.0318987 -0.0304069 -0.0287475 -0.0269883 -0.025148 -0.0232686 -0.021398 -0.0195846 -0.0178508 -0.0161978 -0.0146665 -0.0132434 -0.0119409 -0.0107592 -0.00967921 -0.00869205 -0.00782 -0.00703159 -0.00633116 -0.00571051 -0.0051599 -0.00467061 -0.00424972 -0.00386956 -0.00351465 -0.0031892 -0.00286794 -0.00255374 -0.0022384 -0.00186814 -0.00141145 -0.000843243 -8.97999e-05 0.00085828 0.00203341 0.00343293 0.00499844 0.00663577 0.00819182 0.00941561 0.0100795 0.00989204 0.00859393 0.00601386 0.00207613 -0.00318095 -0.00952161 -0.0166094 -0.0239759 -0.031081 -0.0373577 -0.0422971 -0.0454615 -0.046575 -0.0455261 -0.0424112 -0.0374752 -0.0311369 -0.0239052 -0.0163288 -0.00894069 -0.00223511 0.00345851 0.00790894 0.0110399 0.0129287 0.0137435 0.0136904 0.0130518 0.0120462 0.0108861 0.00973438 0.00869101 0.00781365 0.00712616 0.0065828 0.00618288 0.00588045 0.00563731 0.00545085 0.00531104 0.00520732 0.00516059 0.0051606 0.00520614 0.00530729 0.00545786 0.00566868 0.00595895 0.00633452 0.00677532 0.00730962 0.00792718 0.00864373 0.00948175 0.0104321 0.0114809 0.0126693 0.0139829 0.0154412 0.0170312 0.0187193 0.0204839 0.0223043 0.0241598 0.025985 0.0277417 0.0293844 0.0308433 0.0320585 0.0329834 0.0335379 0.0337298 0.0335246 0.032881 0.0317786 0.0302341 0.0282825 0.0259257 0.0232128 0.0201709 0.0168582 0.013344 0.00967899 0.00588332 0.0020172 -0.00188083 -0.00581008 -0.00974939 -0.0136519 -0.0174882 -0.021291 -0.0250354 -0.0286972 -0.0322515 -0.0356778 -0.0389454 -0.0420127 -0.0448473 -0.0473951 -0.0496209 -0.0514811 -0.0529409 -0.05399 -0.054668 -0.0550041 -0.0550299 -0.05482 -0.0544545 -0.0539974 -0.0535033 -0.053079 -0.0527855 
0 0.00660146 0.0130741 0.0192679 0.0250113 0.0302382 0.034828 0.0386882 0.0417765 0.0440943 0.0456535 0.0464204 0.0464872 0.0459199 0.0447871 0.043165 0.0411389 0.0388164 0.036213 0.033417 0.0304854 0.0274605 0.0243681 0.0211961 0.0179688 0.0146702 0.011322 0.00791303 0.00444025 0.00093401 -0.00260536 -0.00618248 -0.00975485 -0.0132585 -0.0166621 -0.0199413 -0.0230478 -0.0258898 -0.0284348 -0.0306215 -0.0324328 -0.0338573 -0.0348517 -0.0354269 -0.0355929 -0.0353703 -0.0347621 -0.0338174 -0.0325934 -0.0311477 -0.0295129 -0.0277495 -0.0258899 -0.0239981 -0.0221364 -0.020297 -0.0185142 -0.0168139 -0.0152167 -0.0137442 -0.0124037 -0.0111598 -0.0100337 -0.00901035 -0.00809892 -0.00728732 -0.00656265 -0.00592282 -0.00536361 -0.00487215 -0.00443468 -0.00402369 -0.00363527 -0.00326689 -0.00288148 -0.00248548 -0.00204453 -0.00151269 -0.000837602 1.21726e-05 0.00107179 0.00234472 0.00385345 0.00552291 0.00723358 0.00880967 0.0100286 0.010593 0.0102482 0.00874961 0.00591218 0.00165515 -0.00392327 -0.010627 -0.0180909 -0.0258167 -0.033246 -0.039819 -0.0449619 -0.0482479 -0.0493952 -0.0482852 -0.045002 -0.0398444 -0.0332071 -0.0256198 -0.0176639 -0.00989216 -0.00277581 0.00328111 0.0080599 0.0114832 0.0135962 0.0145413 0.0145817 0.0139596 0.012929 0.0117255 0.0105278 0.00941788 0.00848085 0.0077226 0.00714243 0.0067066 0.00637793 0.00613393 0.00597101 0.00583599 0.00574666 0.00571317 0.00573107 0.00580631 0.00593335 0.00611164 0.00636789 0.00671519 0.00715937 0.00770537 0.0083362 0.00907405 0.00991642 0.0108934 0.0120001 0.0132301 0.0145883 0.0160873 0.0176947 0.0194144 0.0212026 0.0230274 0.0248856 0.0267173 0.0284605 0.0300646 0.0314832 0.0326593 0.0335479 0.0340698 0.0341986 0.033914 0.0332335 0.0321225 0.0305598 0.0285937 0.0262446 0.0235659 0.0206032 0.0174029 0.0140212 0.010523 0.00694024 0.00331226 -0.000322372 -0.00391762 -0.00749279 -0.0110548 -0.0145472 -0.0179878 -0.0213775 -0.0247485 -0.0280816 -0.0313749 -0.0346362 -0.0378152 -0.0409084 -0.0438526 -0.0466263 -0.0491884 -0.0514855 -0.05348 -0.0551271 -0.0564652 -0.0574876 -0.0582135 -0.0586908 -0.058968 -0.0590865 -0.0590663 -0.0590026 -0.0589438 
0 0.00666378 0.0131828 0.0193602 0.0250682 0.0301825 0.0346333 0.0383108 0.0411795 0.0432614 0.0445373 0.0450543 0.044868 0.0441076 0.0428399 0.0411389 0.0391222 0.036845 0.0343903 0.0317943 0.0291387 0.0264484 0.0237105 0.0209409 0.018115 0.0152534 0.0123329 0.00933149 0.00624203 0.0030678 -0.000179807 -0.00350524 -0.00688186 -0.0102558 -0.0136106 -0.0169316 -0.0201443 -0.0231913 -0.0259923 -0.0285217 -0.030742 -0.0326025 -0.0340741 -0.0351163 -0.0357575 -0.0359968 -0.0358316 -0.0352896 -0.034417 -0.0332445 -0.0318358 -0.0302199 -0.0284611 -0.0266288 -0.0247505 -0.0228685 -0.0209859 -0.0191535 -0.0174111 -0.0157767 -0.0142532 -0.0128487 -0.011544 -0.0103819 -0.00934227 -0.00841048 -0.00758375 -0.00683249 -0.00616047 -0.00557928 -0.00506241 -0.00458765 -0.00413788 -0.00368011 -0.00324063 -0.00277489 -0.00223501 -0.00159221 -0.000828273 0.000128787 0.00129984 0.00271255 0.00432203 0.00607124 0.00783823 0.00943219 0.0105832 0.0110563 0.0105528 0.00881993 0.00571123 0.00117501 -0.0047528 -0.0118083 -0.0196119 -0.0276795 -0.0354182 -0.042207 -0.0475312 -0.0509298 -0.052095 -0.0509341 -0.0475387 -0.0421501 -0.0352324 -0.0273299 -0.0190098 -0.0108558 -0.00339434 0.00302927 0.00814698 0.0118446 0.0141816 0.0153208 0.0154537 0.0148766 0.0138509 0.0126088 0.0113335 0.0101742 0.00917769 0.00837011 0.00771945 0.00724183 0.00691532 0.00669005 0.00651868 0.00641452 0.0063419 0.00631953 0.00635461 0.00644941 0.00661856 0.00686368 0.00717975 0.00760679 0.00814095 0.0087714 0.00952261 0.0103761 0.0113676 0.0125057 0.0137779 0.0151772 0.0167102 0.0183508 0.0201044 0.0219143 0.0237533 0.0255936 0.0274038 0.0291454 0.0307309 0.032099 0.0332115 0.0340289 0.0345067 0.0346063 0.0342656 0.0335136 0.0323474 0.0307662 0.0287856 0.0264314 0.0237703 0.0208398 0.0177019 0.0144155 0.0110366 0.00761782 0.00418839 0.000758416 -0.00260597 -0.00588736 -0.0090993 -0.0122521 -0.0153531 -0.0183792 -0.0213903 -0.0243859 -0.0273879 -0.0304194 -0.0334718 -0.0365597 -0.0396271 -0.0426616 -0.0456176 -0.0484693 -0.0511812 -0.053676 -0.0559413 -0.0579474 -0.0596941 -0.0611585 -0.0623591 -0.0633329 -0.0640645 -0.0645826 -0.0649211 -0.0651352 
0 0.00658091 0.0129843 0.0190389 0.0245757 0.0295108 0.0337439 0.0372 0.0398479 0.0416804 0.0427378 0.0430405 0.042705 0.0418301 0.0405019 0.0388164 0.036845 0.0347047 0.0324244 0.030082 0.0277172 0.0253418 0.0229667 0.020559 0.0181458 0.0156986 0.0131971 0.0105987 0.00788639 0.00506628 0.00214109 -0.000902632 -0.0040402 -0.00724721 -0.0105071 -0.0137729 -0.0170272 -0.0201599 -0.023159 -0.0259572 -0.0285142 -0.030776 -0.0326576 -0.0341679 -0.0352807 -0.0360033 -0.0363171 -0.0362264 -0.0357542 -0.0349604 -0.0338477 -0.0324877 -0.0309059 -0.0291771 -0.0273558 -0.0254596 -0.0235434 -0.0216323 -0.0197818 -0.0180109 -0.0163368 -0.0147483 -0.0132948 -0.0119627 -0.0107825 -0.00971637 -0.0087492 -0.00786806 -0.00709793 -0.00640699 -0.00579649 -0.0052347 -0.00469362 -0.00417029 -0.00362932 -0.00305774 -0.00244773 -0.00172584 -0.000815451 0.000273677 0.00158133 0.00309391 0.00480672 0.00663578 0.0084376 0.0100035 0.0111201 0.0114554 0.01077 0.00882604 0.00544502 0.000560869 -0.0056796 -0.013073 -0.0212057 -0.0295549 -0.0375293 -0.044558 -0.0500264 -0.0535067 -0.0546986 -0.0534882 -0.0499475 -0.0444036 -0.0372476 -0.0290375 -0.0203841 -0.0118881 -0.00403514 0.00271315 0.00813107 0.0121237 0.0147131 0.0160171 0.0163057 0.0157965 0.0147829 0.0135166 0.0122052 0.0109664 0.00989361 0.00900565 0.00834417 0.00784648 0.00748475 0.00725304 0.00711649 0.00702338 0.00697794 0.00698067 0.00705117 0.00720268 0.00741653 0.00771776 0.00811648 0.00863104 0.00925597 0.0100141 0.0108743 0.0118836 0.0130358 0.0143444 0.015785 0.0173461 0.0189959 0.0207608 0.0225901 0.024458 0.0263097 0.0280898 0.0297941 0.0313433 0.0326872 0.0337492 0.034489 0.0348827 0.0349138 0.0345225 0.033726 0.032493 0.0308713 0.0288645 0.0264938 0.0238423 0.0209359 0.0178594 0.014633 0.0113309 0.00801444 0.00472939 0.00148793 -0.00169025 -0.0047781 -0.0077387 -0.0105892 -0.0133597 -0.0160484 -0.0187038 -0.0213296 -0.0239872 -0.0266763 -0.0294332 -0.0322915 -0.0352369 -0.0382796 -0.0413589 -0.0444723 -0.0475829 -0.0506543 -0.0536407 -0.0564856 -0.0591719 -0.0616389 -0.0638554 -0.0658039 -0.0674787 -0.0688636 -0.069937 -0.0707231 -0.0712319 
0 0.00633088 0.0124857 0.0182642 0.0235523 0.0282052 0.0321736 0.0353702 0.0377729 0.0393957 0.0402526 0.0404422 0.0400233 0.0391276 0.037826 0.036213 0.0343903 0.0324244 0.0304015 0.0283357 0.0262754 0.0242243 0.0221807 0.0201422 0.0180956 0.0160345 0.013907 0.0116763 0.0093333 0.00687141 0.00427775 0.00154092 -0.00134121 -0.00434072 -0.00743742 -0.0105959 -0.013784 -0.0169543 -0.0200501 -0.0230329 -0.0258428 -0.0284047 -0.0306627 -0.0325955 -0.0341727 -0.0353746 -0.0361699 -0.0365507 -0.0365424 -0.0361675 -0.0354515 -0.034405 -0.0330761 -0.0315415 -0.029835 -0.0280201 -0.0261298 -0.024192 -0.0222808 -0.0204118 -0.0186013 -0.0168838 -0.0152646 -0.0137796 -0.0124349 -0.0112087 -0.010101 -0.00908678 -0.00818236 -0.00738256 -0.00666222 -0.00599598 -0.00534687 -0.00470585 -0.00408873 -0.00343097 -0.00268967 -0.0018254 -0.000802564 0.000413341 0.00184941 0.00349648 0.0052946 0.00718005 0.00901249 0.0105723 0.0115964 0.011808 0.0109226 0.00870218 0.00502329 -0.000142336 -0.0067122 -0.0144132 -0.0228284 -0.0314542 -0.0396687 -0.0468434 -0.0524373 -0.055992 -0.0571883 -0.0559359 -0.0523158 -0.0465856 -0.0392064 -0.0307468 -0.0217935 -0.0129653 -0.00480273 0.00229957 0.00805825 0.0123328 0.0151593 0.0166804 0.0170993 0.0166837 0.0157209 0.0144522 0.0130834 0.011794 0.0106627 0.00972333 0.0089829 0.00843876 0.00808641 0.00787309 0.00772824 0.00766476 0.00765844 0.00771037 0.00784213 0.00804645 0.00833065 0.00871138 0.00918632 0.00980058 0.010551 0.0114366 0.0124579 0.0136113 0.0149286 0.0163988 0.0179912 0.01969 0.0214501 0.0232713 0.0251404 0.0269885 0.0287754 0.0304417 0.0319376 0.0332239 0.0342362 0.0349201 0.0352425 0.0351853 0.0347279 0.03385 0.0325618 0.0308832 0.0288418 0.026464 0.0237973 0.0208987 0.0178486 0.0146969 0.0114698 0.00822704 0.00502433 0.00190992 -0.00110089 -0.00400281 -0.00677485 -0.00941098 -0.0119182 -0.0143139 -0.0166446 -0.0189282 -0.0212248 -0.0235678 -0.0259811 -0.0285044 -0.0311503 -0.0339727 -0.0369409 -0.0400574 -0.0432943 -0.0466246 -0.0500333 -0.0534487 -0.0568589 -0.0601757 -0.0633503 -0.0663058 -0.0689878 -0.0713741 -0.0733946 -0.0750467 -0.0762788 -0.0770964 
