0 0 0 0 0 0 0 0 0 0 0 0 0 0 0 0 0 0 0 0 0 0 0 0 0 0 0 0 0 0 0 0 0 0 0 0 0 0 0 0 0 0 0 0 0 0 0 0 0 0 0 0 0 0 0 0 0 0 0 0 0 0 0 0 0 0 0 0 0 0 0 0 0 0 0 0 0 0 0 0 0 0 0 0 0 0 0 0 0 0 0 0 0 0 0 0 0 0 0 0 0 0 0 0 0 0 0 0 0 0 0 0 0 0 0 0 0 0 0 0 0 0 0 0 0 0 0 0 0 0 0 0 0 0 0 0 0 0 0 0 0 0 0 0 0 0 0 0 0 0 0 0 0 0 0 0 0 0 0 0 0 0 0 0 0 0 0 0 0 0 0 0 0 0 0 0 0 0 0 0 0 0 0 0 0 0 0 0 0 0 0 0 0 0 0 0 0 0 0 0 
0 0.00069122 0.00138634 0.00209037 0.00278476 0.00347166 0.00413035 0.00474127 0.00529315 0.00576357 0.00614656 0.00641287 0.00655296 0.00654427 0.00636649 0.00602197 0.00550074 0.00483341 0.00404013 0.00315297 0.00219447 0.00119019 0.000187312 -0.000797218 -0.00172491 -0.00255351 -0.00325369 -0.00381833 -0.00424788 -0.00454085 -0.00470407 -0.00475915 -0.00469861 -0.00453989 -0.00430731 -0.00401813 -0.00371841 -0.00340428 -0.00309367 -0.00277362 -0.00246599 -0.00218493 -0.00192288 -0.00170316 -0.00151738 -0.00135768 -0.00121477 -0.00108706 -0.00096894 -0.000880292 -0.000807817 -0.00075073 -0.00068826 -0.000631557 -0.000577429 -0.000527004 -0.00049084 -0.000460657 -0.000438489 -0.000418987 -0.000398895 -0.000361014 -0.000330846 -0.000299558 -0.000279285 -0.000264282 -0.000246147 -0.000211746 -0.000189333 -0.000161009 -0.000140454 -0.000126777 -0.000112233 -0.000102693 -9.0724e-05 -7.02435e-05 -6.65511e-05 -7.64144e-05 -8.6405e-05 -0.000112095 -0.000144785 -0.000184885 -0.000210909 -0.000219924 -0.000210111 -0.000190662 -0.000154233 -0.000127354 -9.9757e-05 -7.97836e-05 -7.58787e-05 -0.000121079 -0.000206132 -0.000356889 -0.000569436 -0.00082272 -0.00108285 -0.001346 -0.00154856 -0.00168237 -0.0017347 -0.00169256 -0.00155557 -0.00136482 -0.00111185 -0.000839055 -0.000571478 -0.0003314 -0.000122096 2.79464e-05 0.000136862 0.000204268 0.000240544 0.000242436 0.000243773 0.000237777 0.000238947 0.000248908 0.000268609 0.000278661 0.000282437 0.000271611 0.000261103 0.000238685 0.000219098 0.000220184 0.000227578 0.000230093 0.00023037 0.000227656 0.00023244 0.000245173 0.00025016 0.000265686 0.000274161 0.000281693 0.00028758 0.00029728 0.000301688 0.000323903 0.000345694 0.000372127 0.000392601 0.000405456 0.000409697 0.000431551 0.000461409 0.000498274 0.000541797 0.000576973 0.000620938 0.000670763 0.00073823 0.000816953 0.000915501 0.00102829 0.00115123 0.00128271 0.00145245 0.00165129 0.00189621 0.00217109 0.00245235 0.00275688 0.00307108 0.00340375 0.00372596 0.00403078 0.00429014 0.0044687 0.00455743 0.00454442 0.00441854 0.00417355 0.00378842 0.00325265 0.00257774 0.00177809 0.000885331 -8.07787e-05 -0.00106336 -0.00204087 -0.00299644 -0.00389064 -0.00469434 -0.00536771 -0.00590364 -0.00627273 -0.00647887 -0.00654724 -0.00649089 -0.00633353 -0.00608577 -0.00578165 -0.00543808 -0.00507565 -0.00472684 -0.00440985 -0.00415356 -0.00397017 
0 0.00138634 0.00279084 0.0041821 0.00557551 0.00692147 0.0082271 0.00942851 0.0105045 0.0114349 0.0121619 0.0126819 0.0129261 0.0128917 0.0125298 0.0118386 0.0108301 0.00951706 0.00797813 0.00623762 0.00435933 0.0023946 0.00042578 -0.00149381 -0.00330952 -0.00493561 -0.006322 -0.00745579 -0.00833142 -0.00892753 -0.00927567 -0.00938757 -0.00929175 -0.00900138 -0.00856488 -0.00802797 -0.00742901 -0.00681727 -0.00618586 -0.00555679 -0.00496275 -0.00441671 -0.00391121 -0.00346845 -0.0030791 -0.00274593 -0.00244834 -0.00218613 -0.00196112 -0.00176297 -0.00161852 -0.00148162 -0.00135472 -0.00125521 -0.00116033 -0.00107773 -0.00100926 -0.00092989 -0.000870077 -0.000817783 -0.000766326 -0.00071593 -0.000657266 -0.000612899 -0.000569382 -0.000530463 -0.000493459 -0.00044003 -0.000386937 -0.000343656 -0.000298772 -0.00027144 -0.000232102 -0.000185724 -0.000168323 -0.000168626 -0.000166705 -0.000173985 -0.000199902 -0.000245633 -0.000301513 -0.000352713 -0.000398506 -0.00043188 -0.000429896 -0.000396229 -0.000352027 -0.000274188 -0.00019064 -0.000149901 -0.000150068 -0.000225112 -0.000429662 -0.000741839 -0.00115933 -0.00166618 -0.00219517 -0.0026848 -0.00309324 -0.00336578 -0.00346678 -0.00338728 -0.00314543 -0.00274532 -0.00223938 -0.00169674 -0.00114545 -0.000641353 -0.000248139 5.7624e-05 0.000265576 0.000372309 0.000437639 0.000480096 0.000487364 0.000493031 0.000500033 0.000501785 0.000510713 0.000529863 0.000539111 0.000529115 0.000500168 0.000472134 0.000465677 0.000455741 0.000436496 0.000438883 0.000442907 0.000440145 0.000460273 0.000476263 0.000497364 0.000522364 0.000532855 0.00055487 0.000588273 0.000609305 0.00063667 0.000657765 0.000688779 0.000729008 0.000765793 0.000808018 0.000841264 0.000891636 0.000959889 0.00102263 0.0010964 0.00117785 0.00125874 0.00137724 0.00150364 0.00165306 0.00184187 0.0020661 0.00232328 0.0026135 0.00295751 0.00336074 0.00383331 0.00435923 0.00492244 0.00551247 0.00614899 0.00678788 0.00740714 0.00798537 0.00847185 0.00882157 0.00899159 0.0089632 0.00870363 0.00819912 0.00741885 0.00635612 0.00501934 0.00346233 0.00170488 -0.000188251 -0.00212576 -0.00406358 -0.00593537 -0.00770516 -0.00926485 -0.0105935 -0.0116475 -0.0123837 -0.0128199 -0.012961 -0.0128804 -0.0125716 -0.0121028 -0.0115167 -0.0108483 -0.0101597 -0.00947348 -0.0088756 -0.00837415 -0.00802827 
0 0.00209037 0.0041821 0.00627022 0.00831151 0.0103095 0.0122158 0.0139767 0.0155568 0.0168942 0.0179578 0.0186696 0.0189992 0.0189007 0.0183361 0.01732 0.0158339 0.013944 0.0116984 0.00917402 0.00644015 0.00358115 0.000732847 -0.00204835 -0.00467 -0.00703336 -0.00907235 -0.0107628 -0.0120843 -0.0130072 -0.0135402 -0.0137472 -0.0136367 -0.013266 -0.0126918 -0.0119418 -0.0111124 -0.0102079 -0.00929537 -0.00837688 -0.00751618 -0.00673284 -0.00598492 -0.00531447 -0.00471371 -0.00418803 -0.00373412 -0.00334868 -0.00300229 -0.00272083 -0.00247042 -0.00225629 -0.00205139 -0.00189318 -0.00176416 -0.00164417 -0.00153595 -0.0014165 -0.00130765 -0.00121901 -0.001154 -0.0010675 -0.00100099 -0.00092223 -0.000853992 -0.000793394 -0.000732859 -0.000647437 -0.000598002 -0.000530701 -0.000464355 -0.000399275 -0.000328386 -0.000282564 -0.000258161 -0.000236922 -0.000259799 -0.000301693 -0.000323179 -0.000365422 -0.000424271 -0.000513584 -0.000590406 -0.000641239 -0.00064498 -0.000607423 -0.000506705 -0.000404612 -0.000294154 -0.000216482 -0.000208086 -0.000356768 -0.000645823 -0.00112442 -0.00177191 -0.00252489 -0.0032906 -0.00404769 -0.00464047 -0.00503901 -0.00520458 -0.00509708 -0.00471136 -0.00414117 -0.00337854 -0.0025424 -0.00171633 -0.000978203 -0.000357547 7.8203e-05 0.000378245 0.000558583 0.000663854 0.000696952 0.000731166 0.000743814 0.000756034 0.000766856 0.000786269 0.000784779 0.000782422 0.000766804 0.000765615 0.00073704 0.000700957 0.000691095 0.000680773 0.000661622 0.000652054 0.000654605 0.000687755 0.000735498 0.000752836 0.000785079 0.000803772 0.000836539 0.000882179 0.000935991 0.000962001 0.00100525 0.00103562 0.00108614 0.00114867 0.00121912 0.00127912 0.00136849 0.00145517 0.00154299 0.00165291 0.00176787 0.00192569 0.00210555 0.00231285 0.00253233 0.00280485 0.00314299 0.0035468 0.00400069 0.00454663 0.00514673 0.00584349 0.00661872 0.00743518 0.0083291 0.00924794 0.0101789 0.0110424 0.0118323 0.0124997 0.0129653 0.0131895 0.0131144 0.0126916 0.0119045 0.0107184 0.00913077 0.00718154 0.00490737 0.0023705 -0.000383277 -0.00320723 -0.00602539 -0.00876662 -0.011316 -0.0135917 -0.0155101 -0.0170617 -0.0181758 -0.0188498 -0.0191282 -0.01904 -0.0186458 -0.0179902 -0.017169 -0.0162348 -0.0152469 -0.0142934 -0.0134331 -0.0127401 -0.0122517 
0 0.00278476 0.00557551 0.00831151 0.0110041 0.0135885 0.0160628 0.0183307 0.0203462 0.0220608 0.0233748 0.0242553 0.0246042 0.0244191 0.0236494 0.0223072 0.0204111 0.0179822 0.0151259 0.0118937 0.00840074 0.00476037 0.0011285 -0.00239955 -0.00573507 -0.00875565 -0.0113859 -0.0135953 -0.0153507 -0.0165943 -0.0173621 -0.0176912 -0.0176445 -0.0172609 -0.0166087 -0.0157409 -0.0147123 -0.0136009 -0.0124313 -0.0112607 -0.0101529 -0.00912231 -0.00814299 -0.00724841 -0.00643928 -0.00573678 -0.00512218 -0.00459107 -0.00413179 -0.00372258 -0.00339156 -0.00308174 -0.00280182 -0.00258332 -0.00239267 -0.00222554 -0.00207668 -0.00190934 -0.00177141 -0.00165574 -0.00155412 -0.00145646 -0.00134923 -0.00125436 -0.00115704 -0.00106573 -0.000978631 -0.000873687 -0.000778165 -0.000697865 -0.000614792 -0.000550814 -0.000467886 -0.000382392 -0.000344631 -0.000340409 -0.000343007 -0.000363635 -0.000410323 -0.000489045 -0.000586958 -0.000685436 -0.000772347 -0.000831502 -0.000825982 -0.000759643 -0.000660324 -0.000510901 -0.000357151 -0.000279238 -0.000292925 -0.000466272 -0.000879986 -0.00151371 -0.00235636 -0.00336312 -0.00441133 -0.00538848 -0.00619533 -0.00673265 -0.00693394 -0.00677641 -0.00628746 -0.00549518 -0.00448955 -0.00340018 -0.00230131 -0.00129923 -0.000499709 0.00011211 0.000528477 0.000755362 0.00088827 0.000964387 0.000984784 0.000996778 0.00100932 0.00101623 0.00103551 0.00106566 0.00108189 0.00106738 0.00102395 0.000975919 0.000954871 0.00093089 0.000896582 0.000891996 0.000897025 0.000901021 0.000941791 0.000977408 0.00101261 0.00104942 0.0010681 0.00111027 0.00117804 0.00123398 0.00129181 0.00133733 0.00139157 0.00146335 0.00154041 0.00163312 0.00171751 0.00182747 0.00195627 0.00207789 0.00222466 0.00240131 0.00260381 0.00287291 0.00315714 0.00347244 0.00385569 0.00432013 0.00487153 0.00550232 0.00622821 0.00703918 0.00795265 0.00895607 0.010034 0.0111727 0.0123687 0.0135288 0.0145969 0.015545 0.0163129 0.0168346 0.017033 0.0168526 0.0162252 0.0151304 0.0135386 0.0114625 0.0089374 0.00604126 0.00280141 -0.000693387 -0.00429277 -0.00790031 -0.0113868 -0.0146583 -0.0175494 -0.0200263 -0.0220384 -0.0235195 -0.024476 -0.0249041 -0.0248934 -0.0244492 -0.0236857 -0.0226933 -0.0215476 -0.0203544 -0.0191744 -0.0181438 -0.0172921 -0.016709 
0 0.00347166 0.00692147 0.0103095 0.0135885 0.0167398 0.0197096 0.022422 0.0248163 0.0268103 0.0283324 0.0292884 0.0296274 0.0293156 0.0283283 0.0266921 0.024405 0.0215311 0.0181415 0.0143337 0.010223 0.00594623 0.00168366 -0.00247173 -0.00640845 -0.00999929 -0.0131574 -0.0158395 -0.0180031 -0.0195957 -0.0206256 -0.0211632 -0.0212369 -0.0209115 -0.0202554 -0.019314 -0.0181921 -0.0169262 -0.0155923 -0.01422 -0.0128897 -0.0116328 -0.0104228 -0.00931334 -0.00831196 -0.00742406 -0.00663838 -0.00594779 -0.00533035 -0.0048115 -0.00436756 -0.0039808 -0.00361954 -0.00331562 -0.00305252 -0.00281816 -0.00261656 -0.00242312 -0.00225515 -0.00211159 -0.00198437 -0.0018328 -0.00169738 -0.00156454 -0.00144997 -0.00134702 -0.00123773 -0.0010968 -0.000987196 -0.000873571 -0.000771846 -0.000684251 -0.000592211 -0.000518093 -0.00046627 -0.000424281 -0.000430719 -0.000472201 -0.000519396 -0.000606599 -0.000722894 -0.000860775 -0.000968379 -0.00102339 -0.00100228 -0.000916977 -0.000765513 -0.000604641 -0.000446496 -0.000350832 -0.000372608 -0.000621401 -0.00111929 -0.00191492 -0.00298409 -0.00423584 -0.00552914 -0.00677382 -0.00776881 -0.00842812 -0.00868299 -0.00848482 -0.00784602 -0.00687736 -0.00562539 -0.0042552 -0.00289627 -0.0016676 -0.000639956 0.000118529 0.000645626 0.000964676 0.00114151 0.00120332 0.00123044 0.00123296 0.00124349 0.00126776 0.00131386 0.00134477 0.001358 0.00133548 0.00130259 0.00123956 0.00118178 0.00116198 0.00115325 0.00114434 0.00113937 0.00114047 0.00117605 0.00123019 0.00126652 0.0013209 0.00136184 0.00141468 0.00148015 0.00154917 0.00160234 0.00168069 0.00176107 0.00186383 0.00197059 0.00207454 0.00216948 0.00230744 0.00246782 0.00264462 0.00285187 0.00307484 0.00335126 0.0036809 0.00406406 0.0044911 0.00500275 0.00561149 0.00631653 0.00710952 0.00802936 0.00904467 0.0101864 0.0114254 0.0127164 0.0140783 0.0154531 0.0167891 0.0179883 0.0190236 0.0198314 0.0203176 0.0204211 0.0200679 0.0191976 0.0177889 0.0158111 0.0132766 0.0102451 0.00678054 0.00295015 -0.00117365 -0.00541507 -0.00965788 -0.0137818 -0.0176315 -0.0210775 -0.0240311 -0.0264695 -0.0283142 -0.0295492 -0.0302027 -0.0303082 -0.0299248 -0.0291322 -0.0280599 -0.0268062 -0.0254734 -0.0241805 -0.0230255 -0.0220929 -0.021444 
0 0.00413035 0.0082271 0.0122158 0.0160628 0.0197096 0.0231188 0.0261962 0.0288696 0.0310655 0.0326854 0.0336641 0.0339315 0.0334774 0.0322808 0.0303641 0.0277533 0.0244984 0.0207021 0.0164564 0.0118928 0.00715422 0.00240984 -0.0022301 -0.00665117 -0.0107125 -0.0143144 -0.0174095 -0.019956 -0.0218987 -0.023253 -0.0240541 -0.0243393 -0.0241512 -0.0235628 -0.0226478 -0.0214933 -0.0201722 -0.0187289 -0.0172158 -0.0157091 -0.0142503 -0.0128429 -0.0115373 -0.0103458 -0.00927389 -0.00830131 -0.0074249 -0.00664678 -0.00597599 -0.00542013 -0.00492896 -0.00448321 -0.00410057 -0.00376372 -0.00346831 -0.00321347 -0.00297065 -0.00276118 -0.00257603 -0.00240176 -0.00222316 -0.00205165 -0.00190096 -0.0017659 -0.00164094 -0.00150859 -0.00135148 -0.00120434 -0.00107143 -0.000949557 -0.000846949 -0.000736623 -0.000636526 -0.000577738 -0.000553537 -0.000556095 -0.000588592 -0.000649544 -0.000750137 -0.000877532 -0.00101272 -0.00112376 -0.00118509 -0.00116403 -0.00106381 -0.000903459 -0.00070105 -0.000505638 -0.000403221 -0.000453597 -0.000756621 -0.00138804 -0.00235779 -0.00363734 -0.00513596 -0.00669204 -0.00815067 -0.00934028 -0.0101283 -0.010424 -0.0101862 -0.00944179 -0.00826564 -0.00677153 -0.00513499 -0.00349969 -0.00201295 -0.000793108 0.000129745 0.000763794 0.00113951 0.00135099 0.00145321 0.00148816 0.00149857 0.00150835 0.00152432 0.00156027 0.00160104 0.00162486 0.00160973 0.00156174 0.00149808 0.00145323 0.00142169 0.00139321 0.00138097 0.00137658 0.00137756 0.0014145 0.00146455 0.00152045 0.00158629 0.00164288 0.00171334 0.00179847 0.00187489 0.00194902 0.00203284 0.00213538 0.00226135 0.0023915 0.00252285 0.00265199 0.00282459 0.00303767 0.00327219 0.00353682 0.00382821 0.00416301 0.00457747 0.00505609 0.00561065 0.0062702 0.00703845 0.00791037 0.00888316 0.00998357 0.0112053 0.0125553 0.0139942 0.0154745 0.0169779 0.0184774 0.0198938 0.0211517 0.0222007 0.0229604 0.0233395 0.0232615 0.0226725 0.0215215 0.0197908 0.017452 0.014517 0.0110413 0.00711069 0.0027888 -0.00182127 -0.00655431 -0.011288 -0.0158871 -0.0202133 -0.0241039 -0.0274859 -0.0303048 -0.0324901 -0.0340271 -0.0349219 -0.0352289 -0.0349769 -0.0342692 -0.0332254 -0.0319634 -0.0306133 -0.0292849 -0.0281093 -0.0271496 -0.0264885 
0 0.00474127 0.00942851 0.0139767 0.0183307 0.022422 0.0261962 0.029558 0.0324256 0.0347275 0.0363741 0.0373075 0.0374744 0.0368638 0.0354656 0.0333005 0.0304108 0.0268629 0.0227682 0.0182294 0.0133722 0.00833498 0.00326834 -0.00170943 -0.00647674 -0.0108883 -0.0148403 -0.0182813 -0.0211709 -0.0234616 -0.025154 -0.0262661 -0.0268211 -0.0268543 -0.0264343 -0.0256416 -0.024559 -0.0232592 -0.0217865 -0.0202021 -0.018583 -0.0169785 -0.0154093 -0.0139203 -0.0125386 -0.0112736 -0.0101175 -0.00906835 -0.00813142 -0.00731258 -0.00661362 -0.00599348 -0.00543909 -0.00496148 -0.00454829 -0.00418668 -0.00386423 -0.00356168 -0.00329357 -0.00306069 -0.00284844 -0.00264203 -0.00244205 -0.00225904 -0.00208867 -0.00192848 -0.00176453 -0.00159092 -0.00142888 -0.001281 -0.00113793 -0.00100427 -0.000870961 -0.000757783 -0.000691262 -0.000669781 -0.00068341 -0.000724128 -0.000785504 -0.000877302 -0.00100192 -0.00114183 -0.00126337 -0.0013295 -0.00130618 -0.0011884 -0.000998404 -0.000764929 -0.000549686 -0.000441293 -0.00052654 -0.000909297 -0.00166953 -0.00281922 -0.00431942 -0.00605728 -0.00786031 -0.00954293 -0.0109163 -0.0118243 -0.0121647 -0.011889 -0.0110259 -0.0096593 -0.00792691 -0.00601657 -0.00410979 -0.00237484 -0.000944221 0.000137954 0.000879384 0.00132935 0.00157928 0.00170194 0.00174954 0.00176945 0.00178363 0.00180273 0.00183467 0.00186918 0.00188841 0.00188106 0.00184542 0.00179148 0.0017427 0.00170134 0.00166303 0.00163667 0.00162239 0.00162872 0.00167474 0.00173682 0.00180159 0.0018675 0.00193132 0.00201246 0.00211435 0.0022138 0.00231022 0.00240977 0.00252655 0.00266738 0.00282388 0.00298904 0.00316503 0.00338109 0.00363828 0.00392469 0.00424889 0.00461864 0.00505146 0.00557433 0.00617517 0.00686503 0.0076708 0.00860213 0.00965139 0.0108156 0.0121054 0.0135187 0.0150484 0.0166503 0.0182703 0.0198737 0.0214256 0.0228475 0.024068 0.0250271 0.0256424 0.0258213 0.0254907 0.0246061 0.0231373 0.0210725 0.0183925 0.0151084 0.0112752 0.00697994 0.00229851 -0.00265257 -0.00771884 -0.0127753 -0.0176984 -0.0223549 -0.0265917 -0.0303233 -0.0334789 -0.0359901 -0.0378325 -0.0390144 -0.0395792 -0.0395591 -0.0390482 -0.0381603 -0.0370212 -0.0357653 -0.0345134 -0.0333933 -0.0324784 -0.0318471 
0 0.00529315 0.0105045 0.0155568 0.0203462 0.0248163 0.0288696 0.0324256 0.0353993 0.0377156 0.0393228 0.0401525 0.040193 0.0394156 0.0378303 0.0354621 0.0323595 0.0286233 0.024349 0.0196576 0.0146542 0.00947019 0.00423872 -0.000921832 -0.00588524 -0.0105199 -0.0147282 -0.0184528 -0.021646 -0.0242696 -0.0262952 -0.0277453 -0.02862 -0.0289595 -0.0288136 -0.0282432 -0.0273337 -0.0261308 -0.0247085 -0.0231278 -0.0214676 -0.0197798 -0.0180914 -0.0164436 -0.0148849 -0.0134328 -0.0121027 -0.0108911 -0.00979123 -0.00882163 -0.00795484 -0.00718944 -0.00650882 -0.00591854 -0.00541523 -0.00497159 -0.00456659 -0.00419958 -0.00386803 -0.0035855 -0.00333754 -0.00309425 -0.0028664 -0.00264202 -0.0024326 -0.00223348 -0.00203243 -0.00183149 -0.00165396 -0.00148587 -0.00133174 -0.00117774 -0.00103155 -0.000914323 -0.000833802 -0.000792277 -0.000803214 -0.000845849 -0.000905993 -0.00100169 -0.00113305 -0.00128153 -0.00140258 -0.00145388 -0.00141143 -0.00127246 -0.0010456 -0.000796165 -0.000580729 -0.000479377 -0.000610146 -0.00108898 -0.00197027 -0.00329811 -0.00501988 -0.00699478 -0.00903964 -0.0109567 -0.0125082 -0.01353 -0.0139105 -0.0135915 -0.0125952 -0.0110461 -0.00908156 -0.00690476 -0.00473906 -0.00276801 -0.00111262 0.000135284 0.000997176 0.00153868 0.00183386 0.00196432 0.00202003 0.00203464 0.00204525 0.00207187 0.00211595 0.00215823 0.00218315 0.00217661 0.0021463 0.00208947 0.00202272 0.00197579 0.00194176 0.00190961 0.00189388 0.00190837 0.00195327 0.002024 0.00208757 0.0021526 0.00222488 0.00231508 0.00242856 0.00255704 0.00267464 0.00280375 0.00294046 0.00310034 0.00328661 0.00348567 0.00371169 0.00397911 0.00428367 0.00463119 0.00502711 0.00548646 0.0060458 0.00669471 0.00744246 0.00828068 0.00923737 0.0103345 0.011565 0.0129217 0.0143977 0.0159754 0.0176395 0.0193469 0.0210404 0.0226903 0.0242232 0.0255776 0.026665 0.0274276 0.0277988 0.0276909 0.0270511 0.0258325 0.0240253 0.0216228 0.0186241 0.0150467 0.0109517 0.00640824 0.00151015 -0.00363414 -0.00888261 -0.0141086 -0.0192157 -0.0240639 -0.0285444 -0.0325416 -0.0359849 -0.0388037 -0.0409545 -0.0424622 -0.0433358 -0.0436384 -0.0434311 -0.0428262 -0.0419441 -0.0409004 -0.0398392 -0.038857 -0.0380608 -0.0375053 
0 0.00576357 0.0114349 0.0168942 0.0220608 0.0268103 0.0310655 0.0347275 0.0377156 0.0399873 0.041475 0.0421739 0.0420451 0.0410967 0.0393467 0.0368193 0.0336061 0.0297801 0.0254639 0.0207478 0.0157378 0.0105587 0.00531354 0.000131263 -0.00488288 -0.0096233 -0.0139994 -0.0179495 -0.0214117 -0.0243336 -0.0267004 -0.0284893 -0.0297359 -0.0304435 -0.0306407 -0.0303899 -0.0297171 -0.0287154 -0.0274203 -0.0259316 -0.0243087 -0.0225956 -0.0208465 -0.019091 -0.0173882 -0.0157789 -0.0142781 -0.0128854 -0.0116212 -0.0104659 -0.00944287 -0.0085182 -0.00770556 -0.00699165 -0.00637079 -0.00582733 -0.0053383 -0.00489663 -0.00450788 -0.00416863 -0.00385216 -0.0035715 -0.00328956 -0.00303702 -0.00279933 -0.00256973 -0.00233741 -0.0021194 -0.00189125 -0.00170412 -0.00153447 -0.00137775 -0.00122999 -0.00109289 -0.000997834 -0.000961501 -0.000944423 -0.000961637 -0.00103803 -0.00114861 -0.001289 -0.00142243 -0.00152734 -0.0015571 -0.00149017 -0.00131955 -0.00109174 -0.000818082 -0.0005973 -0.000527301 -0.000723698 -0.00127469 -0.00231094 -0.00382087 -0.00574967 -0.00796685 -0.0102732 -0.0123831 -0.0141202 -0.0152592 -0.0156628 -0.0152929 -0.0141954 -0.012435 -0.0102442 -0.00782224 -0.00539627 -0.00317257 -0.00132661 0.000110653 0.00110888 0.00173244 0.00207326 0.00224694 0.00229316 0.00230232 0.002306 0.00233084 0.00237483 0.00244072 0.00248489 0.00249143 0.00243518 0.00236839 0.00231527 0.00225847 0.00221403 0.00219236 0.00218292 0.002195 0.00223151 0.00228211 0.00236574 0.00244092 0.00253336 0.00264317 0.0027736 0.00290606 0.00305623 0.00319806 0.00337527 0.00357138 0.00379124 0.00403369 0.00431245 0.00463049 0.00500884 0.00543831 0.00592395 0.00650172 0.00717079 0.00796419 0.00885473 0.00986108 0.0109897 0.0122587 0.013666 0.0152041 0.0168313 0.018547 0.0202953 0.0220384 0.023744 0.025335 0.0267797 0.0279639 0.0288336 0.0293134 0.0293495 0.0289021 0.0279071 0.0263454 0.0242042 0.0214804 0.0181977 0.0143907 0.0101149 0.00544885 0.000456979 -0.00473531 -0.0100293 -0.0153036 -0.0204525 -0.0253895 -0.029986 -0.0341713 -0.0378366 -0.0409285 -0.0434047 -0.0452489 -0.0465069 -0.0471953 -0.0474043 -0.0472033 -0.0466978 -0.0460062 -0.0452248 -0.0444867 -0.043859 -0.0434257 
0 0.00614656 0.0121619 0.0179578 0.0233748 0.0283324 0.0326854 0.0363741 0.0393228 0.041475 0.0428326 0.0433482 0.0430531 0.0419306 0.0400423 0.0374344 0.0341797 0.0303873 0.0261245 0.0215059 0.0166134 0.011568 0.00645642 0.00138698 -0.0035523 -0.0082852 -0.0127403 -0.0168381 -0.0205 -0.0236969 -0.0263674 -0.0285243 -0.0301486 -0.0312585 -0.0318533 -0.0319572 -0.0316304 -0.0309005 -0.0298492 -0.0285382 -0.0270237 -0.0253605 -0.0236142 -0.0218141 -0.020034 -0.0182932 -0.0166365 -0.0150721 -0.0136143 -0.0123031 -0.0110985 -0.0100282 -0.0090696 -0.00820506 -0.00745074 -0.00679057 -0.00619634 -0.00568767 -0.00522217 -0.00480854 -0.00442838 -0.0040687 -0.00374458 -0.00344356 -0.00317841 -0.00292598 -0.00266661 -0.00241352 -0.00217686 -0.00195271 -0.00175982 -0.001571 -0.00141313 -0.0012867 -0.00118142 -0.00110989 -0.00110656 -0.00114072 -0.00119659 -0.00128425 -0.00140717 -0.00153401 -0.00162629 -0.00163266 -0.00154624 -0.00136313 -0.00109223 -0.00082097 -0.000618846 -0.000561573 -0.000816688 -0.00150235 -0.0026696 -0.00437554 -0.00654128 -0.00898567 -0.0115063 -0.0138497 -0.0157404 -0.016976 -0.0174218 -0.0170128 -0.0157724 -0.0138536 -0.0114367 -0.00874332 -0.00606356 -0.00361477 -0.00152775 6.72255e-05 0.00118754 0.00192406 0.00232852 0.00250858 0.00257999 0.00258751 0.00258696 0.00261543 0.00266453 0.00272127 0.0027574 0.00276573 0.00274894 0.0026987 0.00261823 0.0025649 0.0025347 0.00249903 0.0024716 0.00247829 0.00250288 0.00257239 0.00265329 0.00274883 0.00287171 0.00300166 0.00313596 0.00328951 0.00344022 0.00362219 0.00383268 0.00407267 0.00434812 0.00463497 0.00497161 0.00535627 0.00580815 0.0063452 0.00695329 0.00764717 0.00846482 0.00937689 0.0104314 0.0116121 0.0129231 0.0143755 0.0159449 0.0176229 0.0193704 0.0211666 0.0229567 0.0246907 0.0263136 0.0277826 0.0290069 0.0299438 0.030504 0.0306289 0.030288 0.0294397 0.0280734 0.0261529 0.0236925 0.0206822 0.0171651 0.0131903 0.00882766 0.00412788 -0.000823688 -0.00594513 -0.0111601 -0.0163528 -0.0214529 -0.0263433 -0.0309775 -0.0352419 -0.0390692 -0.042407 -0.0451881 -0.0474257 -0.049091 -0.050262 -0.0509604 -0.0512657 -0.0512609 -0.0510108 -0.0506427 -0.050208 -0.049832 -0.0495498 
0 0.00641287 0.0126819 0.0186696 0.0242553 0.0292884 0.0336641 0.0373075 0.0401525 0.0421739 0.0433482 0.0436954 0.0432186 0.0419581 0.0399889 0.0373603 0.0341711 0.0304833 0.0263837 0.0219558 0.0172887 0.0124918 0.00761733 0.00276358 -0.00200211 -0.00663384 -0.0110586 -0.0152017 -0.0189883 -0.022383 -0.025353 -0.027842 -0.0298609 -0.0313802 -0.0323896 -0.0329264 -0.0329907 -0.0326468 -0.0319092 -0.0308576 -0.029529 -0.027982 -0.0263129 -0.024546 -0.0227361 -0.0209247 -0.0191484 -0.0174307 -0.015826 -0.0143325 -0.0129696 -0.0117239 -0.010607 -0.00959152 -0.00869033 -0.00789814 -0.00719195 -0.00656935 -0.0060143 -0.00551725 -0.00505224 -0.0046497 -0.00426371 -0.00391769 -0.00360135 -0.00329722 -0.00299984 -0.00273589 -0.00245485 -0.0022174 -0.0020043 -0.00180073 -0.0016218 -0.00146645 -0.00135669 -0.00131138 -0.00128291 -0.00128298 -0.00134221 -0.001425 -0.00152655 -0.00161654 -0.00168265 -0.00167076 -0.00156677 -0.00135796 -0.00108759 -0.000788364 -0.000582428 -0.000579464 -0.000929575 -0.0017167 -0.00307044 -0.00497509 -0.00734538 -0.0100248 -0.0127895 -0.0152987 -0.0173557 -0.0186983 -0.0191599 -0.0187044 -0.0173768 -0.0152548 -0.0126197 -0.00969282 -0.00675135 -0.00404254 -0.00176207 3.08459e-05 0.00129428 0.00210936 0.002564 0.00280253 0.00288354 0.0029024 0.00290241 0.0029203 0.00294998 0.00300952 0.00306069 0.0030878 0.00305668 0.00301695 0.00297584 0.00291281 0.00285286 0.00280933 0.00278545 0.0027965 0.00282544 0.00287861 0.00298001 0.00307517 0.00320393 0.00334925 0.00350838 0.00368166 0.00388139 0.00408169 0.00433423 0.00461298 0.0049301 0.00528615 0.00570014 0.00616499 0.00671847 0.00736566 0.00809908 0.00894889 0.00990272 0.0109826 0.0121929 0.0135569 0.0150516 0.0166673 0.0183768 0.0201578 0.0219572 0.0237792 0.0255401 0.0271887 0.028681 0.0299163 0.0308643 0.0314478 0.0316389 0.0313666 0.0305996 0.0293413 0.0275638 0.0252846 0.0225174 0.0192646 0.0155832 0.0115276 0.00715819 0.00253384 -0.00228778 -0.00722232 -0.0122486 -0.0172721 -0.022209 -0.0269969 -0.0315611 -0.0358497 -0.0397733 -0.0433084 -0.0464033 -0.0490176 -0.0511605 -0.0528409 -0.0541096 -0.0549966 -0.0555639 -0.0558745 -0.0559809 -0.0559652 -0.0558835 -0.0558064 
0 0.00655296 0.0129261 0.0189992 0.0246042 0.0296274 0.0339315 0.0374744 0.040193 0.0420451 0.0430531 0.0432186 0.0426053 0.0412502 0.0392566 0.0366878 0.0336172 0.0301228 0.0262589 0.0221214 0.0177804 0.0133228 0.00877553 0.0042159 -0.000301435 -0.00473869 -0.00904415 -0.0131444 -0.0169743 -0.020528 -0.0237296 -0.0265349 -0.0289024 -0.0308194 -0.0322638 -0.0332424 -0.0337708 -0.0338486 -0.0335083 -0.0327945 -0.0317395 -0.0304057 -0.0288901 -0.0272109 -0.0254344 -0.0235932 -0.0217551 -0.0199497 -0.0182141 -0.0165834 -0.0150369 -0.0136191 -0.0123321 -0.0111523 -0.010097 -0.00915784 -0.00830369 -0.0075603 -0.00689125 -0.00630203 -0.00577191 -0.00529723 -0.00485619 -0.00443811 -0.00405581 -0.00369544 -0.00335674 -0.00305854 -0.00277666 -0.0025123 -0.00227425 -0.00204154 -0.00185306 -0.00170141 -0.00157809 -0.00149414 -0.00146722 -0.00146881 -0.00149473 -0.00154485 -0.00162581 -0.00170214 -0.0017479 -0.00170385 -0.00156523 -0.00132811 -0.00101937 -0.00073015 -0.000561603 -0.000607717 -0.00105157 -0.00199679 -0.00350741 -0.00561393 -0.00821361 -0.01111 -0.014076 -0.0167986 -0.018997 -0.0204242 -0.0209166 -0.0204151 -0.0189527 -0.0166801 -0.0138348 -0.010658 -0.00747318 -0.00453564 -0.00201234 -4.07824e-05 0.00136759 0.00230623 0.00283303 0.00308487 0.00318253 0.00320022 0.00320279 0.00323034 0.00326923 0.00332312 0.00336046 0.00338428 0.0033884 0.00336693 0.00330625 0.00324843 0.00319971 0.00314995 0.00311529 0.00312662 0.00315831 0.0032331 0.00332577 0.00342471 0.00355955 0.00371439 0.00388955 0.00410661 0.00434402 0.00460528 0.0048987 0.00521982 0.00559447 0.00601939 0.00652894 0.00709902 0.00775781 0.00852653 0.00939938 0.0103994 0.01154 0.0127861 0.0141801 0.0157079 0.0173476 0.0190896 0.0208919 0.0227298 0.0245436 0.026317 0.0279734 0.02946 0.0307191 0.0316715 0.0322444 0.032427 0.0321831 0.0314716 0.030278 0.0285937 0.0264325 0.0238078 0.0207731 0.017337 0.0135657 0.00951058 0.00521968 0.00073268 -0.00387816 -0.00855963 -0.013314 -0.0180712 -0.0227794 -0.0273665 -0.0318157 -0.0360526 -0.0400292 -0.0437305 -0.0471016 -0.0501225 -0.0527434 -0.0549994 -0.0568786 -0.0584072 -0.0596212 -0.0605368 -0.0612121 -0.0616546 -0.0619409 -0.0620971 
0 0.00654427 0.0128917 0.0189007 0.0244191 0.0293156 0.0334774 0.0368638 0.0394156 0.0410967 0.0419306 0.0419581 0.0412502 0.0398689 0.0379198 0.03547 0.0325924 0.0293546 0.025814 0.022049 0.0181132 0.0140624 0.0099024 0.00569562 0.00149536 -0.00267985 -0.00678916 -0.0107774 -0.0145947 -0.0182316 -0.0216152 -0.0246659 -0.0273517 -0.029646 -0.031517 -0.0329529 -0.0339358 -0.0344644 -0.0345532 -0.0342432 -0.0335488 -0.0325163 -0.0312337 -0.0297237 -0.0280446 -0.0262539 -0.0244174 -0.0225674 -0.020745 -0.0189748 -0.0172702 -0.0156829 -0.0142334 -0.0128978 -0.0116848 -0.0105887 -0.00958991 -0.00870384 -0.00791152 -0.00720736 -0.00657278 -0.006016 -0.00549986 -0.00501834 -0.00457899 -0.00416635 -0.00378494 -0.00345077 -0.00312477 -0.00283252 -0.00257731 -0.0023381 -0.00213693 -0.0019661 -0.00182533 -0.00172599 -0.00166098 -0.0016312 -0.00165203 -0.00169951 -0.00175501 -0.00178766 -0.00178173 -0.001691 -0.00151481 -0.0012553 -0.000945577 -0.000663476 -0.000526765 -0.000650814 -0.00120496 -0.00228765 -0.00398446 -0.00629814 -0.00911315 -0.0122376 -0.0154179 -0.0183086 -0.0206441 -0.0221571 -0.0226643 -0.0221174 -0.0205533 -0.0181054 -0.0150498 -0.0116484 -0.00822114 -0.00504527 -0.00231277 -0.000142794 0.001431 0.00248415 0.00309153 0.00339725 0.00351103 0.00352523 0.00351578 0.00352975 0.00356344 0.00362719 0.00368705 0.00372365 0.00371975 0.00369554 0.00364999 0.00359282 0.00353888 0.00349379 0.00347038 0.00348302 0.00350706 0.00356649 0.00366553 0.0037782 0.00393356 0.00411447 0.0043176 0.00456559 0.00484869 0.00515559 0.00550643 0.00589037 0.00633522 0.00685815 0.00748009 0.00817811 0.00897311 0.00987968 0.0108992 0.012062 0.0133682 0.0147945 0.016356 0.018036 0.0197946 0.021614 0.0234627 0.025304 0.0270696 0.0287234 0.030179 0.0313944 0.0323328 0.0329106 0.033074 0.0328082 0.0321055 0.0309403 0.0293114 0.0272348 0.0247217 0.021813 0.0185673 0.0150139 0.0112265 0.00724871 0.00310702 -0.00117374 -0.00552711 -0.00990701 -0.0143369 -0.0187748 -0.023184 -0.0275313 -0.0318083 -0.0359657 -0.0399599 -0.0437905 -0.0474215 -0.0508187 -0.0539378 -0.0567725 -0.0592975 -0.0615008 -0.0633891 -0.0649606 -0.0662288 -0.0671926 -0.0678809 -0.0683122 
0 0.00636649 0.0125298 0.0183361 0.0236494 0.0283283 0.0322808 0.0354656 0.0378303 0.0393467 0.0400423 0.0399889 0.0392566 0.0379198 0.0360782 0.0338043 0.0311735 0.0282498 0.0250915 0.0217521 0.0182655 0.0146585 0.0109291 0.00712787 0.00329975 -0.000556076 -0.0044156 -0.00823454 -0.0119714 -0.0156095 -0.0190852 -0.022308 -0.0252543 -0.0278863 -0.0301538 -0.0320206 -0.0334476 -0.0344373 -0.0349947 -0.0351463 -0.0348819 -0.0342269 -0.0332556 -0.0319978 -0.0305028 -0.0288392 -0.0270682 -0.0252271 -0.0233646 -0.0215056 -0.0196883 -0.0179621 -0.016356 -0.0148521 -0.013463 -0.0121981 -0.0110508 -0.0100225 -0.00909642 -0.00825573 -0.00748991 -0.00681937 -0.00620821 -0.0056538 -0.00515343 -0.00468767 -0.00425952 -0.00388261 -0.00351738 -0.00319166 -0.00290419 -0.00264522 -0.00242866 -0.00224052 -0.00207662 -0.0019552 -0.00187075 -0.0018259 -0.0018255 -0.00184054 -0.00185392 -0.00184038 -0.00178425 -0.00164889 -0.00143572 -0.00115123 -0.00083932 -0.000577146 -0.000487632 -0.000698401 -0.00137454 -0.00261507 -0.00450563 -0.00702934 -0.0100616 -0.0134022 -0.0167815 -0.019842 -0.0223069 -0.0238945 -0.0244135 -0.0238143 -0.0221429 -0.0195362 -0.0162828 -0.0126622 -0.00900058 -0.00558956 -0.00264066 -0.0002721 0.00147137 0.0026541 0.00335574 0.00371732 0.00385279 0.00387215 0.00385756 0.00386149 0.00388666 0.00394207 0.00400211 0.00405222 0.00406929 0.0040612 0.00402525 0.00396926 0.00391649 0.00387433 0.00385079 0.00385715 0.00387921 0.00393507 0.00404227 0.0041771 0.00436262 0.00457614 0.0048077 0.00507947 0.00539982 0.00575881 0.00618323 0.00665779 0.00720144 0.00783707 0.00857503 0.00940194 0.0103408 0.0114038 0.0125931 0.0139296 0.0153967 0.0169809 0.0186813 0.0204801 0.0223203 0.0241691 0.0259991 0.0277692 0.0294118 0.0308716 0.0320548 0.0329263 0.0334699 0.033616 0.0333318 0.032602 0.0314344 0.0298167 0.0277672 0.0253287 0.0225223 0.0194027 0.016021 0.0124175 0.00866934 0.00482048 0.000879022 -0.0031453 -0.00720042 -0.0112507 -0.0153272 -0.0194122 -0.0234845 -0.0275531 -0.0316251 -0.0356752 -0.0396648 -0.0435996 -0.0474613 -0.0512107 -0.0548101 -0.0582183 -0.0613918 -0.0642805 -0.0668563 -0.0690952 -0.0709731 -0.0724783 -0.0735952 -0.0743231 
0 0.00602197 0.0118386 0.01732 0.0223072 0.0266921 0.0303641 0.0333005 0.0354621 0.0368193 0.0374344 0.0373603 0.0366878 0.03547 0.0338043 0.0317758 0.0294465 0.0268961 0.0241568 0.0212693 0.0182475 0.0150983 0.011825 0.00846348 0.0050352 0.00153373 -0.00204041 -0.00563615 -0.00921406 -0.0127741 -0.0162422 -0.0195718 -0.022705 -0.025613 -0.0282265 -0.0304747 -0.0323402 -0.0337868 -0.0348341 -0.0354654 -0.0356584 -0.0354309 -0.0348426 -0.0339183 -0.0327032 -0.031241 -0.0296041 -0.0278435 -0.0259975 -0.0241288 -0.0222466 -0.0204251 -0.0186805 -0.0170131 -0.015449 -0.0140148 -0.0127024 -0.0115241 -0.0104428 -0.0094496 -0.00855501 -0.00775421 -0.00704593 -0.00639838 -0.00581285 -0.00527531 -0.00479064 -0.00435266 -0.00396166 -0.00359263 -0.00326965 -0.00298102 -0.00274161 -0.0025395 -0.00236036 -0.00220277 -0.00210186 -0.00203486 -0.00198643 -0.00195788 -0.00192779 -0.00186784 -0.00176152 -0.00158357 -0.00133149 -0.0010243 -0.000694884 -0.0004594 -0.000430694 -0.000741219 -0.00155567 -0.00299034 -0.00507139 -0.00780635 -0.0110595 -0.0146043 -0.0181564 -0.021395 -0.0239686 -0.0256163 -0.0261518 -0.0255045 -0.0237125 -0.0209744 -0.0175321 -0.0136956 -0.00981045 -0.00617401 -0.00298357 -0.000416446 0.00150174 0.00282308 0.00362467 0.00403457 0.00420836 0.0042405 0.0042302 0.00422622 0.00424348 0.00428608 0.00433519 0.00437954 0.00442528 0.00444231 0.00441156 0.00437149 0.00432508 0.00428064 0.00425681 0.00426328 0.00428766 0.00435877 0.00445977 0.00461561 0.00482268 0.00506556 0.00533424 0.0056555 0.00602251 0.00646183 0.00696323 0.00753773 0.00819712 0.00895296 0.00982301 0.0107923 0.0118822 0.0131156 0.0144899 0.0159975 0.017628 0.0193295 0.0211337 0.0229975 0.0248687 0.0266976 0.0284366 0.0300474 0.0314728 0.0326445 0.0334885 0.0339694 0.0340686 0.0337606 0.032995 0.0318076 0.0301871 0.028146 0.0257213 0.0229569 0.0199245 0.0166617 0.0132249 0.00964406 0.00598908 0.00231172 -0.00138876 -0.00511751 -0.00883452 -0.0125374 -0.0162526 -0.0199805 -0.0237242 -0.0274994 -0.0313652 -0.0352896 -0.0392673 -0.0432948 -0.0473549 -0.0514331 -0.0554592 -0.0594095 -0.06319 -0.0667388 -0.0699903 -0.0728751 -0.0753699 -0.0774044 -0.0789646 -0.0799927 
0 0.00550074 0.0108301 0.0158339 0.0204111 0.024405 0.0277533 0.0304108 0.0323595 0.0336061 0.0341797 0.0341711 0.0336172 0.0325924 0.0311735 0.0294465 0.0274855 0.0253384 0.0230432 0.0206135 0.0180622 0.0153838 0.0125871 0.00967581 0.00666742 0.00352458 0.000269184 -0.00305752 -0.00643325 -0.00983358 -0.0132529 -0.0165959 -0.0198468 -0.022939 -0.025808 -0.0283996 -0.0306491 -0.0325483 -0.0340596 -0.0351609 -0.0358234 -0.036061 -0.0359092 -0.0354012 -0.0345249 -0.0333523 -0.0319283 -0.0303185 -0.0285867 -0.0267467 -0.02487 -0.022987 -0.0211435 -0.019353 -0.0176409 -0.0160342 -0.0145633 -0.0132005 -0.0119602 -0.0108159 -0.0097772 -0.00886026 -0.00802757 -0.00726889 -0.00657673 -0.00594932 -0.00539648 -0.00491678 -0.00446229 -0.0040585 -0.00369393 -0.00337853 -0.00310607 -0.00287703 -0.00267702 -0.00251579 -0.00235593 -0.00223139 -0.00215417 -0.00208741 -0.00199804 -0.00188782 -0.00172641 -0.00150202 -0.00120893 -0.000869108 -0.000547044 -0.000331326 -0.000363073 -0.000807024 -0.00178414 -0.00339135 -0.00570258 -0.00865433 -0.0121073 -0.0158582 -0.0195939 -0.0229494 -0.0256307 -0.0273416 -0.027875 -0.0271807 -0.0253166 -0.0224214 -0.0187982 -0.0147735 -0.010662 -0.00678181 -0.00338772 -0.000596923 0.00151695 0.0029701 0.00387378 0.00436286 0.00456662 0.00462024 0.00461529 0.00460592 0.00461355 0.00463607 0.00468641 0.00473894 0.00477034 0.00479323 0.00481135 0.00478289 0.00473786 0.00469596 0.00468308 0.00469499 0.00473424 0.00479756 0.0049262 0.0050949 0.00531931 0.00559185 0.00591015 0.00628912 0.00675041 0.00727359 0.00787999 0.00856276 0.00933221 0.0102349 0.0112502 0.0123874 0.0136495 0.0150481 0.0165886 0.0182618 0.020007 0.0218217 0.0236658 0.0255395 0.027375 0.0291016 0.0306841 0.032052 0.0331695 0.0339736 0.0344083 0.0344508 0.0340956 0.0332959 0.0320658 0.0304069 0.0283715 0.0259674 0.0232269 0.0202326 0.0170294 0.0137098 0.0102851 0.00679773 0.00329457 -0.000180593 -0.00362096 -0.0070354 -0.0104076 -0.0137538 -0.0171129 -0.0205076 -0.0239332 -0.0274496 -0.0310942 -0.0348997 -0.0388519 -0.042956 -0.0472125 -0.0515672 -0.0559994 -0.0604173 -0.0647611 -0.0689197 -0.0727944 -0.0763101 -0.0793641 -0.0819186 -0.0838713 -0.0851804 
0 0.00483341 0.00951706 0.013944 0.0179822 0.0215311 0.0244984 0.0268629 0.0286233 0.0297801 0.0303873 0.0304833 0.0301228 0.0293546 0.0282498 0.0268961 0.0253384 0.0236229 0.0217691 0.019794 0.0177134 0.0155088 0.013184 0.0107306 0.00812752 0.00537055 0.0024547 -0.000569824 -0.0036935 -0.00692171 -0.0102084 -0.0135203 -0.0167813 -0.0199653 -0.023016 -0.0258574 -0.0284513 -0.0307284 -0.032668 -0.0342175 -0.0353529 -0.0360811 -0.0364123 -0.0363461 -0.03589 -0.0350709 -0.0339517 -0.0325952 -0.0310247 -0.0293022 -0.0274641 -0.0255859 -0.0237023 -0.0218358 -0.0200092 -0.0182646 -0.0166187 -0.0150967 -0.0136836 -0.0123757 -0.0111989 -0.010121 -0.00915367 -0.00826669 -0.00745573 -0.00673562 -0.00611023 -0.00554772 -0.00506402 -0.00460028 -0.00418173 -0.00382395 -0.00352397 -0.00326424 -0.00302256 -0.00279221 -0.00261919 -0.00247803 -0.00233722 -0.00220924 -0.00207264 -0.00189795 -0.00166571 -0.00138328 -0.00104443 -0.000686965 -0.000368231 -0.000210594 -0.000332637 -0.000892323 -0.0020266 -0.00385758 -0.00637431 -0.00954741 -0.0132274 -0.0171594 -0.0210312 -0.0245448 -0.0273035 -0.0290489 -0.0296 -0.0288619 -0.026882 -0.0238866 -0.0200963 -0.0158643 -0.0115455 -0.00745239 -0.00381433 -0.00082665 0.00147273 0.00309795 0.00413934 0.00470242 0.00495672 0.00502513 0.00501957 0.00499557 0.00499508 0.00501222 0.00504246 0.00508429 0.0051566 0.00520659 0.00520627 0.00519273 0.0051679 0.00514371 0.00513668 0.00515122 0.00520192 0.00530197 0.00542931 0.0056347 0.00589129 0.00620275 0.0065756 0.00702668 0.00756548 0.00821421 0.00892997 0.00974058 0.0106544 0.011698 0.0128876 0.0142038 0.0156388 0.0171971 0.0188768 0.0206523 0.0224957 0.0243497 0.0262102 0.0280224 0.0297374 0.0312876 0.0326165 0.0336784 0.0344267 0.0347999 0.0347773 0.0343487 0.033504 0.032243 0.0305396 0.0284636 0.0260499 0.0233472 0.0203996 0.0172457 0.0139825 0.0106541 0.00730619 0.00396469 0.000654201 -0.00258347 -0.00575791 -0.00886573 -0.0119027 -0.014911 -0.01793 -0.0210084 -0.0241649 -0.0274388 -0.0309056 -0.0345862 -0.0385158 -0.042693 -0.0471081 -0.0517324 -0.0564901 -0.0613324 -0.0661484 -0.07084 -0.0752804 -0.0793393 -0.0829252 -0.0859111 -0.0882224 -0.0897576 
