0 0 0 0 0 0 0 0 0 0 0 0 0 0 0 0 0 0 0 0 0 0 0 0 0 0 0 0 0 0 0 0 0 0 0 0 0 0 0 0 0 0 0 0 0 0 0 0 0 0 0 0 0 0 0 0 0 0 0 0 0 0 0 0 0 0 0 0 0 0 0 0 0 0 0 0 0 0 0 0 0 0 0 0 0 0 0 0 0 0 0 0 0 0 0 0 0 0 0 0 0 0 0 0 0 0 0 0 0 0 0 0 0 0 0 0 0 0 0 0 0 0 0 0 0 0 0 0 0 0 0 0 0 0 0 0 0 0 0 0 0 0 0 0 0 0 0 0 0 0 0 0 0 0 0 0 0 0 0 0 0 0 0 0 0 0 0 0 0 0 0 0 0 0 0 0 0 0 0 0 0 0 0 0 0 0 0 0 0 0 0 0 0 0 0 0 0 0 0 0 
0 4.08763e-05 9.13907e-05 0.000154916 0.000220849 0.000311873 0.000428828 0.000565879 0.000729164 0.000924687 0.00116648 0.00143801 0.00175808 0.00213194 0.00255361 0.00302056 0.0035169 0.00404758 0.00457567 0.00509118 0.00557105 0.00599592 0.00635829 0.00663171 0.00680228 0.00683702 0.0067293 0.00645787 0.00601587 0.00541544 0.00469061 0.00385328 0.00292716 0.0019489 0.000939622 -6.09945e-05 -0.00104165 -0.00194375 -0.00275329 -0.00343336 -0.00396861 -0.00438079 -0.00466173 -0.00482258 -0.00486712 -0.00480944 -0.00465779 -0.00442953 -0.00414307 -0.0038352 -0.00350669 -0.00319295 -0.0028785 -0.00256192 -0.00226816 -0.00199437 -0.0017571 -0.00155567 -0.00138092 -0.00122029 -0.00107958 -0.00094636 -0.000831503 -0.000727281 -0.000648833 -0.000584622 -0.000541692 -0.000506329 -0.000471341 -0.000432303 -0.00039554 -0.000358405 -0.000316035 -0.000262597 -0.000184296 -6.92086e-05 8.84486e-05 0.000282085 0.000503208 0.000725418 0.000962514 0.00118872 0.00136707 0.00147752 0.00150668 0.00141477 0.00120632 0.000871592 0.000440684 -5.84262e-05 -0.000591847 -0.00112624 -0.00162647 -0.00209632 -0.00250274 -0.00284414 -0.00311623 -0.00331831 -0.00344763 -0.00351981 -0.00353205 -0.00350103 -0.00341257 -0.0032775 -0.00308672 -0.00282618 -0.00249082 -0.00209002 -0.00160537 -0.00107411 -0.000517817 2.97766e-05 0.00053412 0.000967092 0.00132057 0.00156911 0.00173093 0.00178716 0.00174992 0.0016555 0.00152482 0.00135838 0.00119894 0.00105518 0.000938264 0.000846229 0.000775777 0.000719055 0.000678887 0.000645367 0.000616145 0.000601831 0.000599463 0.000602867 0.000609658 0.000618297 0.000624281 0.000653535 0.000700298 0.000776921 0.000866325 0.000967316 0.00107209 0.00119217 0.00133667 0.001517 0.00171921 0.00196055 0.00222219 0.00250072 0.00280992 0.00312292 0.00345389 0.0037894 0.0041074 0.00437764 0.00457948 0.00469034 0.00471204 0.00462315 0.00442415 0.00408129 0.00359468 0.00297853 0.0022214 0.00136252 0.00042047 -0.000560253 -0.00155869 -0.00254064 -0.00348283 -0.0043544 -0.00511814 -0.0057451 -0.00622269 -0.00654193 -0.00668669 -0.00668967 -0.00656202 -0.00632794 -0.00599011 -0.00557658 -0.00511375 -0.00460743 -0.00409102 -0.00357371 -0.00308376 -0.00262691 -0.00221668 -0.00185868 -0.00154619 -0.00128335 -0.0010553 -0.000860707 -0.000696924 -0.000566818 -0.000463362 -0.000377221 -0.000314879 -0.000273236 
0 9.13907e-05 0.000212758 0.000337737 0.000489647 0.000665301 0.000905308 0.00117841 0.00149558 0.00189492 0.00236024 0.00291397 0.00354272 0.00429024 0.00513468 0.00605134 0.00704962 0.008082 0.0091347 0.0101456 0.0110897 0.0119332 0.0126267 0.013159 0.0134591 0.0135025 0.0132647 0.0127119 0.0118418 0.0106657 0.00924708 0.00761088 0.0057909 0.00386658 0.00189195 -7.94878e-05 -0.00198023 -0.00375474 -0.00533749 -0.00668429 -0.00776935 -0.00859478 -0.00917966 -0.00950186 -0.00959661 -0.00949148 -0.00920761 -0.00877561 -0.00824422 -0.00764118 -0.00700944 -0.00638693 -0.00576105 -0.00515488 -0.0045743 -0.0040486 -0.00357404 -0.00315415 -0.00278039 -0.00244505 -0.00214324 -0.0019005 -0.00167679 -0.00148632 -0.00133658 -0.00119284 -0.00109048 -0.00101013 -0.000929089 -0.000862169 -0.000797962 -0.00071407 -0.000644353 -0.000530318 -0.000363747 -0.000127919 0.000173462 0.00054831 0.000976529 0.00145989 0.00193558 0.00237227 0.00273316 0.00297213 0.00299503 0.00279204 0.00236335 0.00170685 0.000864951 -0.000100709 -0.00116072 -0.00223484 -0.00326995 -0.00422133 -0.00503261 -0.00570784 -0.00624299 -0.00661737 -0.0068771 -0.00702716 -0.00705236 -0.0069982 -0.00684949 -0.00657734 -0.00619391 -0.00566546 -0.00497568 -0.00414666 -0.00318715 -0.00214314 -0.00106441 1.91238e-05 0.00102781 0.00191473 0.00264301 0.00316137 0.00345401 0.00356411 0.00350303 0.00330467 0.00301413 0.0027091 0.00240186 0.0021222 0.00187563 0.00168307 0.00154195 0.00144837 0.0013602 0.00130832 0.00125379 0.00121037 0.00119527 0.0011943 0.00120667 0.00125018 0.00128553 0.00135379 0.00146238 0.00158932 0.00175818 0.00194755 0.00215848 0.00241273 0.00272401 0.00308097 0.00349912 0.00396431 0.00448528 0.00504661 0.00565424 0.00628016 0.00691454 0.00754838 0.00814564 0.00865162 0.00902809 0.00924933 0.0092695 0.00909315 0.00867208 0.00797536 0.00700968 0.00578105 0.0043069 0.00261764 0.000773778 -0.00115331 -0.00311779 -0.00504727 -0.00688829 -0.00859575 -0.0100769 -0.0113057 -0.0122459 -0.0128766 -0.0131918 -0.0132038 -0.0129866 -0.0125358 -0.0118907 -0.0110993 -0.0101915 -0.00922126 -0.00819859 -0.0071932 -0.00622214 -0.00531305 -0.0044982 -0.00376313 -0.00313607 -0.00258911 -0.00212953 -0.00173516 -0.001402 -0.00114612 -0.000930311 -0.000767137 -0.000641862 -0.000569534 
0 0.000154916 0.000337737 0.000550209 0.000771751 0.00105857 0.00141824 0.00183724 0.00233369 0.00292979 0.00365857 0.00448366 0.00544647 0.00656152 0.00780855 0.00917233 0.0106115 0.0121294 0.0136384 0.0151075 0.0164763 0.0176834 0.0186885 0.0194135 0.0198142 0.01982 0.0194261 0.0185934 0.0173097 0.0156015 0.0135456 0.0111662 0.00852496 0.00572901 0.00285557 1.88943e-05 -0.00274104 -0.00529036 -0.00760037 -0.00958675 -0.0112013 -0.0124709 -0.0133557 -0.0138696 -0.0140365 -0.0139159 -0.0135485 -0.0129803 -0.0122464 -0.0114202 -0.0105057 -0.00960009 -0.00868941 -0.00778823 -0.00695591 -0.00617694 -0.00547186 -0.00483436 -0.00425485 -0.00372635 -0.00328215 -0.00289892 -0.00258262 -0.00229469 -0.0020543 -0.00183337 -0.00166422 -0.00152914 -0.00141658 -0.0013113 -0.00121296 -0.00110152 -0.000963171 -0.000784126 -0.000538179 -0.000197947 0.000255217 0.000816779 0.00147348 0.00216239 0.00289408 0.00358071 0.00410877 0.00441258 0.0044518 0.00414228 0.00350551 0.00252699 0.00127903 -0.000173427 -0.00174971 -0.00335805 -0.00489327 -0.00633129 -0.00756563 -0.00857835 -0.00935974 -0.00992187 -0.0102837 -0.0104977 -0.0105603 -0.0105038 -0.0102764 -0.00988208 -0.00929222 -0.00847678 -0.00743662 -0.00621308 -0.0047786 -0.00322559 -0.00160505 4.96764e-06 0.001515 0.00284078 0.0039355 0.00471244 0.00519767 0.00535303 0.00522529 0.00492637 0.00453029 0.00405493 0.00359894 0.00317999 0.00282416 0.00253527 0.00231569 0.00215436 0.0020511 0.00197152 0.00189335 0.00183618 0.00180318 0.00179714 0.00182701 0.00189257 0.0019675 0.00209348 0.00224478 0.00244906 0.00268658 0.0029751 0.00330877 0.00371191 0.00418841 0.0047448 0.00534698 0.00604388 0.00680938 0.00764049 0.00855452 0.00946261 0.0103752 0.0112579 0.0120702 0.0127552 0.0132682 0.0135434 0.0135575 0.0132417 0.0125861 0.0115217 0.0100691 0.00827504 0.00611618 0.0036772 0.00100137 -0.00179842 -0.00465272 -0.00745586 -0.0101305 -0.0125914 -0.0147441 -0.016526 -0.0179112 -0.0188734 -0.0193654 -0.019452 -0.01916 -0.0185463 -0.017629 -0.016488 -0.0151951 -0.0137745 -0.012309 -0.0108323 -0.00941651 -0.00808075 -0.00685974 -0.00576891 -0.00480337 -0.00398127 -0.00327472 -0.00267691 -0.00217631 -0.00177515 -0.00145469 -0.00119517 -0.00101314 -0.00090338 
0 0.000220849 0.000489647 0.000771751 0.00110188 0.00148979 0.00199292 0.0025733 0.00325184 0.00408844 0.00506784 0.00621011 0.00749805 0.00898395 0.0106283 0.0123866 0.0142577 0.0161752 0.0181037 0.0199521 0.0216695 0.0231837 0.0244009 0.025272 0.0256916 0.0256235 0.0250493 0.0239331 0.0222718 0.0200852 0.0174591 0.0144318 0.0110658 0.00750425 0.00386184 0.000247257 -0.00323106 -0.00648355 -0.00942361 -0.011982 -0.0141059 -0.0157794 -0.0169997 -0.0177335 -0.0180387 -0.017982 -0.017611 -0.0169711 -0.0161233 -0.0151053 -0.0139823 -0.0128325 -0.0116629 -0.0105211 -0.00943074 -0.00842406 -0.00749322 -0.00663879 -0.00585722 -0.00515048 -0.00452763 -0.00401977 -0.00356667 -0.00317074 -0.0028375 -0.0025238 -0.0022836 -0.0020969 -0.00192869 -0.00178848 -0.00165103 -0.00147863 -0.00130519 -0.00105345 -0.000703208 -0.000228378 0.000372886 0.00111365 0.001966 0.0029137 0.00386138 0.00473236 0.00543761 0.00588015 0.00591038 0.0054937 0.00463189 0.00332856 0.00166351 -0.000253431 -0.00234927 -0.00447986 -0.00653376 -0.00842316 -0.010044 -0.0113854 -0.0124396 -0.0131865 -0.0136956 -0.0139884 -0.0140532 -0.013951 -0.0136536 -0.0131169 -0.012344 -0.0112812 -0.00990777 -0.00826016 -0.00635879 -0.00429071 -0.00214783 -1.42635e-06 0.00200687 0.0037779 0.00523258 0.00627453 0.00687742 0.00709883 0.00697631 0.00659057 0.00603513 0.00543299 0.00482885 0.00427098 0.00377658 0.00338106 0.0030891 0.00289367 0.00273821 0.00264494 0.00255291 0.00247584 0.00243961 0.00243328 0.00246719 0.00256459 0.00267141 0.00283787 0.00306709 0.00333413 0.00367506 0.00407399 0.00453863 0.00509888 0.00576048 0.00649726 0.00731902 0.00822089 0.00922168 0.0103065 0.0114699 0.0126418 0.0137843 0.014873 0.0158557 0.016661 0.0172331 0.0175157 0.0174277 0.0169467 0.0160037 0.0145618 0.0126548 0.0103139 0.00756473 0.00445077 0.0010562 -0.002506 -0.00614356 -0.00971986 -0.0131272 -0.0162709 -0.0190113 -0.0213054 -0.0231089 -0.0243838 -0.0251006 -0.0252684 -0.0249769 -0.0242322 -0.0231022 -0.0216817 -0.0200386 -0.0182603 -0.0163818 -0.0145087 -0.0126816 -0.0109467 -0.00935434 -0.00789478 -0.00661507 -0.00549346 -0.00454262 -0.00373016 -0.00304533 -0.00250241 -0.00205018 -0.00170333 -0.00144402 -0.00129332 
0 0.000311873 0.000665301 0.00105857 0.00148979 0.00201748 0.00266624 0.00342449 0.00431775 0.00538738 0.00665985 0.00810116 0.00973392 0.0115705 0.0135737 0.0157076 0.0179277 0.0202122 0.0224664 0.0246267 0.0266122 0.0283299 0.0296973 0.0306137 0.0310072 0.0308149 0.0300362 0.0286406 0.0266192 0.0240053 0.0208891 0.0173125 0.0133624 0.009189 0.00491736 0.0006914 -0.00340995 -0.0072402 -0.0107394 -0.0138086 -0.0163818 -0.0184638 -0.0200097 -0.0210179 -0.0215237 -0.0215998 -0.0212962 -0.0206646 -0.0197539 -0.0186462 -0.0173789 -0.0160631 -0.0147043 -0.0133334 -0.0120191 -0.010772 -0.00961854 -0.00856071 -0.00759118 -0.00670171 -0.00592188 -0.00523752 -0.0046433 -0.00411298 -0.0036663 -0.00327548 -0.00297048 -0.00272245 -0.00250427 -0.00229863 -0.0020996 -0.00188366 -0.00163573 -0.00131724 -0.000882952 -0.000290373 0.000480258 0.00141874 0.00249377 0.00363174 0.00480333 0.00589113 0.00674595 0.00725187 0.00730621 0.00679773 0.00572828 0.00409769 0.00201348 -0.000400381 -0.00300386 -0.00564098 -0.00816146 -0.0104956 -0.0125158 -0.0141918 -0.015506 -0.0164626 -0.0170924 -0.0174491 -0.017538 -0.0174057 -0.0170105 -0.0163448 -0.0153757 -0.014054 -0.0123621 -0.010336 -0.00796982 -0.00538472 -0.00268759 -1.35896e-05 0.00248425 0.00467262 0.00646494 0.00775493 0.0085534 0.00884336 0.00868845 0.00822637 0.00757226 0.00680011 0.00603618 0.00533252 0.00473245 0.0042511 0.00388736 0.00362365 0.00344303 0.00331249 0.00320244 0.00313084 0.00310395 0.0031188 0.00317988 0.00329027 0.00342769 0.00364623 0.00393702 0.00431829 0.00477409 0.00530948 0.0059184 0.00663218 0.00745938 0.00839773 0.00941689 0.0105491 0.0117705 0.0130708 0.0144487 0.0158022 0.0171142 0.0183366 0.0194086 0.0202523 0.020804 0.0209853 0.0207508 0.0200317 0.0187996 0.0169939 0.0146524 0.011836 0.00854346 0.00486285 0.000862213 -0.00332421 -0.00759095 -0.0117919 -0.0158047 -0.0195045 -0.0227593 -0.0254963 -0.0276829 -0.0292772 -0.0302184 -0.0305461 -0.0302941 -0.0295145 -0.0282535 -0.0266263 -0.0247366 -0.0226473 -0.0204545 -0.0182246 -0.0160416 -0.0139458 -0.0119874 -0.0101914 -0.00857598 -0.00716613 -0.00594634 -0.00490441 -0.00402977 -0.00332009 -0.00274662 -0.00229163 -0.00196326 -0.00176124 
0 0.000428828 0.000905308 0.00141824 0.00199292 0.00266624 0.00348601 0.00443987 0.00555344 0.00688174 0.00842802 0.0101826 0.0121357 0.0143041 0.0166414 0.0190953 0.0216351 0.0242039 0.0267259 0.0291044 0.0312559 0.0330815 0.0344786 0.0353624 0.0356463 0.0352885 0.0342821 0.0326051 0.0302561 0.0272763 0.0237572 0.0197622 0.0153791 0.01076 0.00603753 0.00133723 -0.00322854 -0.00753538 -0.0114824 -0.0149764 -0.0179541 -0.0204023 -0.0222972 -0.0236154 -0.0243886 -0.0246743 -0.0245162 -0.0239642 -0.0230879 -0.0219582 -0.0206487 -0.0192437 -0.0177595 -0.0162347 -0.0147245 -0.0132737 -0.0119099 -0.0106441 -0.00947503 -0.00839908 -0.00743143 -0.00658521 -0.00583398 -0.00517503 -0.00461637 -0.00413013 -0.00373774 -0.00341209 -0.00311508 -0.00284141 -0.00257609 -0.00229398 -0.00198962 -0.00159555 -0.00105675 -0.00033137 0.000594661 0.00171768 0.00299815 0.00437488 0.00575636 0.00702113 0.00802579 0.00862359 0.00865332 0.00802626 0.00673179 0.00478984 0.0023129 -0.000547953 -0.00364477 -0.00678829 -0.0098107 -0.0125887 -0.0149955 -0.0169892 -0.0185547 -0.0196898 -0.0204503 -0.0208783 -0.0209874 -0.0208235 -0.0203608 -0.019563 -0.0184028 -0.0168218 -0.0147969 -0.0123586 -0.00954226 -0.006467 -0.00326692 -8.32113e-05 0.00289984 0.00552812 0.00768137 0.00924419 0.010191 0.0105552 0.010405 0.00986507 0.00907311 0.00816736 0.00725917 0.00642163 0.00569854 0.00512159 0.0046921 0.00438677 0.0041639 0.0040096 0.00388725 0.00380968 0.00379467 0.0038332 0.00392818 0.00408351 0.00427625 0.0045563 0.00493798 0.00541735 0.00600025 0.00667096 0.00742902 0.00830612 0.00931581 0.010447 0.0116862 0.0130266 0.0144501 0.0159311 0.0174458 0.0189184 0.0203097 0.0215804 0.0226581 0.0234521 0.023887 0.0238946 0.0234207 0.0224321 0.0208823 0.0187304 0.0160086 0.0127624 0.00902528 0.00487013 0.000397837 -0.00426232 -0.00899512 -0.0136572 -0.0181224 -0.0222603 -0.0259254 -0.0290424 -0.0315656 -0.033445 -0.0346315 -0.0351347 -0.0350055 -0.034269 -0.0329872 -0.0312714 -0.0292236 -0.0269392 -0.0244969 -0.0219955 -0.0195057 -0.0170867 -0.0147976 -0.0126635 -0.0107307 -0.00901192 -0.00751605 -0.00622563 -0.00513978 -0.00426094 -0.00354711 -0.00299192 -0.00258411 -0.00233265 
0 0.000565879 0.00117841 0.00183724 0.0025733 0.00342449 0.00443987 0.00561935 0.00698655 0.00859021 0.0104278 0.0124887 0.0147548 0.0172265 0.0198554 0.0225805 0.0253636 0.0281367 0.0308202 0.0333073 0.0355065 0.0373191 0.0386453 0.0394069 0.0395257 0.0389682 0.0377232 0.0357782 0.0331405 0.0298653 0.0260455 0.02176 0.0171003 0.0122022 0.00719429 0.00218896 -0.00269313 -0.00733277 -0.0116132 -0.0154437 -0.0187661 -0.021558 -0.023797 -0.0254509 -0.0265369 -0.0270961 -0.0271682 -0.0267999 -0.0260602 -0.0250166 -0.0237497 -0.0223288 -0.0207857 -0.0191635 -0.0175192 -0.0159096 -0.0143662 -0.0129069 -0.0115382 -0.0102691 -0.00911832 -0.00810234 -0.00719665 -0.00639735 -0.00570215 -0.0050979 -0.00459523 -0.00417404 -0.00379702 -0.00345006 -0.0031112 -0.0027535 -0.00235916 -0.0018663 -0.0012167 -0.000362915 0.000717428 0.00202153 0.00350516 0.00510235 0.00670055 0.00815394 0.00929068 0.00993922 0.00993327 0.00918337 0.00766788 0.00542418 0.00256857 -0.000733434 -0.00430629 -0.00794042 -0.0114471 -0.0146663 -0.0174632 -0.0197719 -0.0215742 -0.0228807 -0.023755 -0.0242486 -0.0243922 -0.0242126 -0.0236849 -0.0227599 -0.0213983 -0.019547 -0.0171895 -0.0143553 -0.0111033 -0.00755235 -0.00385573 -0.000178522 0.00327971 0.00634058 0.00885294 0.0106953 0.0118185 0.0122562 0.0120944 0.0114806 0.0105778 0.0095442 0.00849917 0.00753188 0.00669285 0.0060161 0.00550721 0.00514789 0.00489789 0.00473106 0.00461045 0.00453933 0.00453484 0.00459689 0.00473132 0.00493945 0.0052105 0.0055766 0.00605765 0.00664953 0.00736013 0.00817672 0.00910233 0.0101598 0.0113578 0.0126779 0.0141056 0.0156204 0.017201 0.0188148 0.020417 0.0219397 0.0233317 0.024553 0.0255309 0.0261754 0.0264063 0.0261622 0.0253971 0.0240937 0.0222126 0.0197293 0.0166689 0.0130711 0.00898381 0.00448047 -0.000322843 -0.00529954 -0.0103294 -0.0152856 -0.0200494 -0.0244922 -0.0284726 -0.0319019 -0.0347204 -0.0368677 -0.0382988 -0.0390139 -0.0390573 -0.038449 -0.0372458 -0.0355446 -0.0334463 -0.0310542 -0.0284539 -0.0257515 -0.0230224 -0.0203376 -0.0177586 -0.0153252 -0.0130899 -0.0110753 -0.00929953 -0.00775327 -0.00644442 -0.00537499 -0.00450887 -0.00383512 -0.00334044 -0.0030289 
0 0.000729164 0.00149558 0.00233369 0.00325184 0.00431775 0.00555344 0.00698655 0.00863772 0.0105254 0.0126663 0.0150166 0.0175805 0.0203197 0.0231908 0.026135 0.0290775 0.0319707 0.0347001 0.0371798 0.0393049 0.0409832 0.0421435 0.0426964 0.0426 0.0418107 0.0403214 0.0381316 0.0352582 0.0317729 0.0277647 0.0233158 0.0185235 0.0134975 0.00835468 0.00321219 -0.00183399 -0.00665023 -0.0111419 -0.0152159 -0.0188157 -0.0219201 -0.0244797 -0.0264763 -0.0279048 -0.0287956 -0.0291835 -0.0291071 -0.0286051 -0.0277526 -0.0266071 -0.0252438 -0.0237156 -0.0220617 -0.020359 -0.0186467 -0.0169672 -0.0153433 -0.0137916 -0.0123352 -0.0110144 -0.00981775 -0.00875427 -0.007796 -0.00693872 -0.00619678 -0.00556458 -0.00502985 -0.00456723 -0.00413446 -0.00370859 -0.00326891 -0.00275916 -0.00214938 -0.00137238 -0.000377922 0.000867295 0.00235005 0.0040349 0.0058226 0.00762008 0.00925053 0.0105062 0.0111903 0.0111624 0.0102906 0.00855266 0.00600264 0.00276793 -0.000979998 -0.00501478 -0.00912104 -0.0130788 -0.016713 -0.0198812 -0.0224992 -0.0245416 -0.0260414 -0.0270369 -0.0275958 -0.0277659 -0.0275554 -0.0269413 -0.025891 -0.0243359 -0.0222318 -0.0195615 -0.0163508 -0.0126676 -0.00864397 -0.00444413 -0.000279964 0.00364612 0.00712552 0.00998057 0.0120835 0.0133973 0.0139194 0.0137602 0.0130951 0.0121098 0.0109475 0.0097701 0.00866717 0.00771015 0.00692953 0.00633891 0.0059201 0.00565844 0.00548519 0.0053804 0.00533369 0.00534683 0.00543849 0.00561921 0.00588202 0.00624543 0.00671779 0.00730743 0.00803477 0.00887917 0.00985425 0.0109608 0.0122077 0.0135908 0.0150894 0.0166607 0.0183021 0.0199754 0.0216556 0.023287 0.0247875 0.0261055 0.0271832 0.0279583 0.0283561 0.0283042 0.0277422 0.0266518 0.0249973 0.0227762 0.0199731 0.0166148 0.0127539 0.00842659 0.00372114 -0.00126351 -0.00640289 -0.0115764 -0.0166774 -0.0215973 -0.0262109 -0.0304032 -0.0340639 -0.0371257 -0.039519 -0.0411873 -0.0421458 -0.0423994 -0.0419938 -0.0409594 -0.0393739 -0.0373407 -0.0349365 -0.0322824 -0.0294573 -0.0265658 -0.0236809 -0.0208611 -0.0181774 -0.0156618 -0.0133729 -0.0113189 -0.00951594 -0.00797668 -0.00669418 -0.00566214 -0.00484799 -0.00425905 -0.00387749 
0 0.000924687 0.00189492 0.00292979 0.00408844 0.00538738 0.00688174 0.00859021 0.0105254 0.0127127 0.0151184 0.0177524 0.0205622 0.0235238 0.0265859 0.0296649 0.0327111 0.0356111 0.0383017 0.0406611 0.0426054 0.0440653 0.0449605 0.0452519 0.0448775 0.0438295 0.0420906 0.0396781 0.0366306 0.0330262 0.0289328 0.0244484 0.0196484 0.0146285 0.00950869 0.00436274 -0.00067272 -0.00554535 -0.0101255 -0.0143532 -0.0181786 -0.0215316 -0.0243928 -0.0267129 -0.0284964 -0.0297572 -0.0305191 -0.0307954 -0.0306277 -0.0300327 -0.0291134 -0.0278984 -0.0264674 -0.0248814 -0.0231763 -0.0214262 -0.0196592 -0.0179085 -0.0162055 -0.0145962 -0.0130918 -0.011732 -0.0104842 -0.00936188 -0.00834612 -0.00745816 -0.00668579 -0.00602816 -0.00543982 -0.00490038 -0.00436837 -0.00381407 -0.00320808 -0.00247757 -0.00155443 -0.000396735 0.0010182 0.00268893 0.00455657 0.00656002 0.0085175 0.0102703 0.0116362 0.0123901 0.01231 0.0113175 0.00935491 0.00649962 0.0028799 -0.00128731 -0.00577798 -0.0103327 -0.014733 -0.0187481 -0.0222646 -0.0251812 -0.0274784 -0.0291646 -0.0303043 -0.0309331 -0.0311141 -0.0308499 -0.0301555 -0.0289642 -0.0272294 -0.0248921 -0.021929 -0.0183383 -0.0142377 -0.009743 -0.00506363 -0.000409195 0.00397173 0.00785811 0.0110459 0.013422 0.0148856 0.0155166 0.0154169 0.0147231 0.0136288 0.0123641 0.0110483 0.00981683 0.00873408 0.00785514 0.00720012 0.00674956 0.00645016 0.00627754 0.00619166 0.00617129 0.00623278 0.00637864 0.00662322 0.0069684 0.00743187 0.00801018 0.00874098 0.00959883 0.0106071 0.011744 0.0130264 0.0144495 0.0160026 0.0176375 0.0193389 0.0210459 0.022756 0.0244321 0.0259903 0.0273924 0.0285341 0.0293758 0.0298565 0.0299197 0.0295085 0.0285961 0.0271374 0.0251463 0.0225846 0.0194905 0.0158963 0.0118348 0.00739703 0.00261017 -0.0024046 -0.00756262 -0.0127438 -0.0178526 -0.0227898 -0.0274473 -0.031721 -0.0355199 -0.0387561 -0.0413514 -0.0432718 -0.0444777 -0.0450078 -0.044858 -0.0440815 -0.042723 -0.0408502 -0.0385697 -0.0359447 -0.0331043 -0.0301205 -0.0270962 -0.0241004 -0.0211912 -0.0184456 -0.0158873 -0.0135736 -0.0115148 -0.00973377 -0.0082386 -0.0070125 -0.00606151 -0.00536137 -0.00491162 
0 0.00116648 0.00236024 0.00365857 0.00506784 0.00665985 0.00842802 0.0104278 0.0126663 0.0151184 0.0178015 0.0206606 0.0236936 0.0268164 0.0299897 0.0331454 0.0361726 0.0390084 0.0415333 0.043683 0.0453618 0.0465119 0.0470982 0.0470556 0.046378 0.045046 0.043065 0.0404716 0.0373157 0.0336726 0.0296009 0.0251749 0.0204878 0.0156052 0.010626 0.00564324 0.000719285 -0.00406524 -0.00864438 -0.0129431 -0.0169037 -0.0204674 -0.0235731 -0.0262052 -0.0283443 -0.0299838 -0.0311372 -0.0318147 -0.0320104 -0.0317806 -0.0311666 -0.0302123 -0.0289901 -0.027534 -0.0259134 -0.0241757 -0.022377 -0.0205631 -0.0187625 -0.0170187 -0.0153766 -0.0138235 -0.0124092 -0.0111169 -0.00993728 -0.00891143 -0.00799816 -0.00718371 -0.0064582 -0.00576827 -0.00509763 -0.00443273 -0.00368456 -0.00282372 -0.0017696 -0.000457801 0.00114964 0.00301673 0.00509059 0.00725401 0.0093897 0.0112966 0.0127339 0.0134667 0.0133536 0.0122322 0.0100519 0.00690368 0.00292958 -0.00166464 -0.00657692 -0.0115628 -0.0163704 -0.0207771 -0.0246443 -0.0278585 -0.0303797 -0.0322538 -0.0335016 -0.0341949 -0.0344063 -0.0341217 -0.0333377 -0.0320239 -0.0300904 -0.0275033 -0.0242368 -0.0203003 -0.0157964 -0.0108596 -0.00569516 -0.000586591 0.00423603 0.00851851 0.0120356 0.01467 0.0163675 0.0171104 0.0170278 0.0163084 0.0151662 0.013774 0.0123281 0.0109653 0.00979177 0.00884013 0.00812021 0.00761148 0.00730331 0.00711278 0.0070423 0.00707362 0.0071951 0.00743247 0.00777789 0.00821406 0.0087928 0.00949792 0.0103503 0.0113813 0.012545 0.0138553 0.0153033 0.0168678 0.0185383 0.0202837 0.022046 0.0237966 0.025481 0.0270651 0.0284747 0.0296494 0.0305291 0.0310426 0.0311526 0.030821 0.0300084 0.0286958 0.0268859 0.0245479 0.0216993 0.0183674 0.0145875 0.010429 0.00594714 0.00121072 -0.00371972 -0.00876421 -0.0138203 -0.0188155 -0.0236503 -0.0282257 -0.0324786 -0.036311 -0.0396479 -0.042417 -0.0445595 -0.0460595 -0.046877 -0.0470522 -0.0465949 -0.0455329 -0.0439397 -0.0418549 -0.0393924 -0.0366106 -0.0336303 -0.0305442 -0.0274183 -0.0243608 -0.021402 -0.0186298 -0.0160648 -0.0137638 -0.0117526 -0.010023 -0.00861632 -0.00749842 -0.00669297 -0.00616113 
0 0.00143801 0.00291397 0.00448366 0.00621011 0.00810116 0.0101826 0.0124887 0.0150166 0.0177524 0.0206606 0.0237431 0.0269335 0.0301645 0.0333845 0.0365043 0.039444 0.0420811 0.0443617 0.0462003 0.0475309 0.048319 0.0485191 0.0481174 0.0470976 0.0454856 0.0432943 0.0405743 0.0373848 0.0337919 0.0298192 0.0255582 0.0210777 0.0164345 0.0117197 0.00697262 0.0022892 -0.00233469 -0.00679858 -0.011059 -0.0150711 -0.018745 -0.0220595 -0.0249726 -0.0274596 -0.0294859 -0.0310463 -0.0321327 -0.0327615 -0.0329308 -0.0327183 -0.0321052 -0.031163 -0.0299416 -0.0284722 -0.0268379 -0.0250894 -0.0232734 -0.0214251 -0.0196044 -0.0178232 -0.0161349 -0.0145512 -0.0131015 -0.0117641 -0.0105735 -0.0094862 -0.00850782 -0.00760751 -0.00676578 -0.00594596 -0.00512097 -0.00423687 -0.00321759 -0.00198398 -0.000493154 0.00128301 0.00333523 0.00559291 0.0079727 0.0102566 0.0122595 0.0137723 0.0145335 0.0143156 0.013037 0.0106314 0.00720589 0.002899 -0.00204949 -0.0073725 -0.0127816 -0.0180171 -0.0227968 -0.0269973 -0.030482 -0.033226 -0.0352546 -0.0366278 -0.0373899 -0.0376266 -0.0373124 -0.0364687 -0.0350219 -0.0329051 -0.0300679 -0.0264969 -0.0221876 -0.0172937 -0.0119406 -0.00636439 -0.000813415 0.00443788 0.00912554 0.012997 0.0159262 0.0177831 0.0186472 0.0186411 0.0179109 0.0166794 0.015213 0.0136618 0.0121979 0.0109093 0.00986073 0.00908174 0.00854839 0.00820978 0.00803585 0.00800211 0.00808196 0.00828394 0.00860964 0.00906117 0.00962475 0.010337 0.0111746 0.0121847 0.0133528 0.0146845 0.0161455 0.0177361 0.0194157 0.0211675 0.022948 0.0247316 0.0264333 0.0280227 0.029439 0.0305879 0.0314689 0.0319917 0.0321251 0.0318297 0.0310765 0.0298367 0.0281248 0.0259305 0.0232846 0.020176 0.0166746 0.0128089 0.00861782 0.00421078 -0.000402533 -0.00513677 -0.00996058 -0.0147902 -0.0195668 -0.0242065 -0.0286212 -0.0327607 -0.036554 -0.0399207 -0.0427984 -0.0451534 -0.0469117 -0.0480558 -0.0485659 -0.0484727 -0.0477751 -0.0465084 -0.044738 -0.0425031 -0.0399046 -0.0370156 -0.0339505 -0.0307903 -0.0276251 -0.0245383 -0.0215753 -0.0188093 -0.0162878 -0.0140488 -0.0121083 -0.0104935 -0.0092225 -0.00828083 -0.0076613 
0 0.00175808 0.00354272 0.00544647 0.00749805 0.00973392 0.0121357 0.0147548 0.0175805 0.0205622 0.0236936 0.0269335 0.0302418 0.0335076 0.0366801 0.0396843 0.0424083 0.0447704 0.0467006 0.0481618 0.0490896 0.0494596 0.0492581 0.0484713 0.0471268 0.0452606 0.0429046 0.0401149 0.0369508 0.0334587 0.0296621 0.0256317 0.0214475 0.0171347 0.0127475 0.00833174 0.00393027 -0.000435078 -0.00470803 -0.00884279 -0.0128051 -0.0165295 -0.0199787 -0.0231225 -0.0259142 -0.0282919 -0.0302416 -0.0317601 -0.0328292 -0.0334659 -0.0336861 -0.0334746 -0.032887 -0.0319602 -0.0307406 -0.0292913 -0.027669 -0.0259293 -0.024105 -0.0222571 -0.020424 -0.0186235 -0.016915 -0.0153075 -0.0137928 -0.0124216 -0.0111571 -0.00999737 -0.00893999 -0.0079345 -0.00694868 -0.00595377 -0.00486994 -0.00365476 -0.0022429 -0.000571714 0.00139907 0.0036402 0.00608563 0.00862149 0.0110641 0.0131887 0.0147358 0.0154473 0.0151598 0.0137376 0.0111205 0.00742204 0.00279024 -0.00254243 -0.0082492 -0.0140464 -0.0196521 -0.0247888 -0.0293051 -0.0330645 -0.0360224 -0.0382246 -0.0397067 -0.0405375 -0.0407976 -0.0404629 -0.0395344 -0.037961 -0.0356522 -0.0325761 -0.0287132 -0.0240776 -0.0188088 -0.013047 -0.00702806 -0.0010569 0.00460335 0.0096656 0.0138616 0.0170578 0.0191545 0.0201543 0.0201947 0.0194697 0.0182206 0.0166764 0.0150301 0.0134579 0.0120799 0.0109496 0.0100943 0.00951135 0.00918004 0.00903826 0.00906981 0.00923931 0.00952805 0.00995745 0.0105188 0.0112052 0.0120658 0.0130665 0.0142267 0.0155603 0.0170272 0.0186217 0.0203228 0.022073 0.0238477 0.0256069 0.0273046 0.0288818 0.0302807 0.0314393 0.032277 0.0327772 0.0328966 0.0325913 0.0318511 0.0306593 0.0289967 0.0268859 0.0243502 0.0214119 0.018111 0.0145121 0.0106335 0.00652037 0.00224366 -0.00215369 -0.00662749 -0.0111452 -0.0156528 -0.0201217 -0.0244774 -0.0286529 -0.0326179 -0.036305 -0.0396438 -0.042589 -0.0451016 -0.0471185 -0.0485674 -0.0494409 -0.0497335 -0.0494284 -0.0485579 -0.0471411 -0.0452403 -0.0429008 -0.0402124 -0.0372666 -0.0341433 -0.0309667 -0.0277929 -0.024713 -0.0217792 -0.0190732 -0.0166375 -0.0144847 -0.0126869 -0.011242 -0.0101714 -0.00945144 
0 0.00213194 0.00429024 0.00656152 0.00898395 0.0115705 0.0143041 0.0172265 0.0203197 0.0235238 0.0268164 0.0301645 0.0335076 0.0367277 0.0397671 0.0425557 0.0449929 0.047 0.0485346 0.049572 0.0500624 0.0499948 0.0493735 0.048215 0.0465669 0.0444828 0.042004 0.0391852 0.0360853 0.032744 0.0291759 0.0254499 0.0216248 0.0177002 0.0136989 0.00964956 0.00559507 0.0015413 -0.00246608 -0.00640195 -0.0102483 -0.0139453 -0.0174605 -0.0207599 -0.0237864 -0.0264687 -0.0287822 -0.0307128 -0.0322312 -0.0333244 -0.033997 -0.0342221 -0.034048 -0.0335105 -0.0326332 -0.0314631 -0.0300514 -0.0284537 -0.0267168 -0.0249116 -0.0230723 -0.021228 -0.0194305 -0.0176991 -0.0160353 -0.01449 -0.0130413 -0.0116972 -0.0104529 -0.00926571 -0.00809482 -0.00690499 -0.00562629 -0.00420304 -0.00257262 -0.000687165 0.00148562 0.00392215 0.00655104 0.0092498 0.0118061 0.013999 0.0155823 0.0162838 0.0159066 0.0143281 0.0114948 0.00752018 0.00256741 -0.00310983 -0.00918437 -0.0153488 -0.0213032 -0.0267603 -0.031566 -0.0355821 -0.0387638 -0.0411436 -0.0427555 -0.0436573 -0.0439259 -0.0435459 -0.0425267 -0.0408175 -0.0383354 -0.0350392 -0.0309066 -0.0259486 -0.0203117 -0.0141536 -0.00772621 -0.00133696 0.00472233 0.0101485 0.0146658 0.0181249 0.020416 0.0215704 0.0217224 0.0210431 0.0197729 0.0181713 0.0164415 0.0147745 0.0132979 0.0120859 0.0111817 0.0105813 0.0102556 0.0101587 0.0102645 0.0105292 0.0109307 0.0114783 0.0121698 0.0130062 0.0140265 0.0151931 0.0165109 0.0179738 0.0195484 0.021222 0.0229765 0.0247472 0.0264931 0.0281638 0.0297075 0.0310593 0.0321724 0.0329874 0.0334362 0.033517 0.0331878 0.0324201 0.0312179 0.0295844 0.0275203 0.0250592 0.0222287 0.0190676 0.015631 0.011999 0.00818532 0.00421483 0.00014999 -0.00398226 -0.00814016 -0.012302 -0.0164349 -0.0205275 -0.0245317 -0.028403 -0.032129 -0.0356532 -0.0389071 -0.0418594 -0.0444832 -0.0467071 -0.0484506 -0.0496816 -0.0503787 -0.0505033 -0.0500624 -0.0490678 -0.0475569 -0.0455686 -0.0431684 -0.0404317 -0.0374393 -0.0343151 -0.0311341 -0.0279848 -0.0249417 -0.0220943 -0.0194926 -0.0171646 -0.0151896 -0.0135919 -0.0123894 -0.0115776 
0 0.00255361 0.00513468 0.00780855 0.0106283 0.0135737 0.0166414 0.0198554 0.0231908 0.0265859 0.0299897 0.0333845 0.0366801 0.0397671 0.0425828 0.0450654 0.0471411 0.0487301 0.0498247 0.0504016 0.0504325 0.049924 0.0488997 0.0474114 0.0455117 0.0432633 0.0407079 0.0378996 0.0349004 0.0317487 0.0284523 0.0250729 0.0216392 0.0181309 0.0145483 0.0109026 0.00724209 0.00354608 -0.000152429 -0.00384913 -0.00753248 -0.011139 -0.0146437 -0.0180112 -0.0211894 -0.0241081 -0.0267328 -0.0290313 -0.0309688 -0.0325001 -0.033629 -0.034321 -0.034609 -0.0345223 -0.034053 -0.0332354 -0.0321143 -0.030745 -0.0291826 -0.0274982 -0.0257133 -0.023879 -0.0220362 -0.0202256 -0.0184586 -0.0167738 -0.0151601 -0.0136295 -0.0121758 -0.0107788 -0.00939833 -0.0079902 -0.00649991 -0.00485584 -0.00299955 -0.000886328 0.00150716 0.00415492 0.00696498 0.00981965 0.0124879 0.0147436 0.0163368 0.0169997 0.0165159 0.0147817 0.011741 0.00750246 0.00224459 -0.00375346 -0.010168 -0.0166659 -0.0229428 -0.0287087 -0.033797 -0.0380621 -0.0414573 -0.0439981 -0.0457278 -0.046698 -0.046981 -0.0465677 -0.0454653 -0.0436173 -0.0409556 -0.0374323 -0.0330331 -0.0277729 -0.0217933 -0.0152605 -0.00844518 -0.00165511 0.00478379 0.0105565 0.0153868 0.0191177 0.021624 0.0229502 0.0232181 0.0225986 0.021331 0.0196926 0.0178888 0.0161421 0.0145918 0.0133262 0.01239 0.0117813 0.0114617 0.0114094 0.0115881 0.0119579 0.0124991 0.0131989 0.0140494 0.0150516 0.0162241 0.017536 0.0189859 0.0205454 0.0221949 0.0239012 0.0256459 0.0273613 0.0289964 0.0304953 0.0318079 0.0328573 0.0336111 0.034014 0.0340193 0.0336438 0.0328443 0.031608 0.0299463 0.0278868 0.0254589 0.0227117 0.0196675 0.016374 0.0128814 0.00927927 0.00558411 0.00180558 -0.00199679 -0.00581923 -0.00962111 -0.0133938 -0.0171201 -0.0207973 -0.0244041 -0.0279241 -0.031364 -0.0346841 -0.0378158 -0.0407336 -0.0434217 -0.0458004 -0.0477998 -0.0493608 -0.0504515 -0.0510128 -0.0510196 -0.0504831 -0.0494064 -0.0478333 -0.0457974 -0.0433581 -0.0405925 -0.0376083 -0.0345044 -0.0313556 -0.0282682 -0.0253341 -0.0226116 -0.0201488 -0.0180223 -0.0162931 -0.0149714 -0.0140807 
0 0.00302056 0.00605134 0.00917233 0.0123866 0.0157076 0.0190953 0.0225805 0.026135 0.0296649 0.0331454 0.0365043 0.0396843 0.0425557 0.0450654 0.0471835 0.0488232 0.0499625 0.0505696 0.0506629 0.0502268 0.0492833 0.0478989 0.0461251 0.044034 0.0416745 0.0390927 0.036346 0.0335009 0.0305763 0.027595 0.0245697 0.0215315 0.0184421 0.0152749 0.0120688 0.00880679 0.00550543 0.00213491 -0.00129022 -0.00474889 -0.00820362 -0.0116145 -0.0149722 -0.0182304 -0.0213164 -0.0241831 -0.0268 -0.0290924 -0.0310495 -0.0326143 -0.0337804 -0.0345506 -0.034927 -0.0349098 -0.0345051 -0.0337536 -0.0327099 -0.031419 -0.0299241 -0.0282804 -0.0265031 -0.0246847 -0.0228494 -0.0210237 -0.0192311 -0.0174765 -0.0157528 -0.0140983 -0.0124797 -0.0108756 -0.00924568 -0.00751048 -0.00561811 -0.00352342 -0.0011686 0.00146308 0.00431952 0.00732415 0.0103148 0.0131008 0.0154236 0.0170037 0.0175824 0.0169988 0.0150908 0.011843 0.00736285 0.00184437 -0.0044575 -0.0111739 -0.0179889 -0.0245717 -0.0306449 -0.0359931 -0.0404961 -0.0440796 -0.046774 -0.0486052 -0.0496489 -0.0499459 -0.0495159 -0.0483309 -0.0463563 -0.043508 -0.0397598 -0.0350804 -0.0295272 -0.0232192 -0.0163491 -0.00916555 -0.00202143 0.00477877 0.0108983 0.0160489 0.0200391 0.0228006 0.0243051 0.0246843 0.0241385 0.0229158 0.0212541 0.019414 0.0176015 0.0160001 0.014698 0.0137336 0.0131191 0.012836 0.0128346 0.0130976 0.0135899 0.0142691 0.015137 0.0161539 0.0173181 0.0186312 0.0200666 0.021595 0.0232236 0.0248867 0.0265808 0.0282493 0.0298246 0.0312522 0.0324884 0.0334705 0.0341592 0.034495 0.034438 0.0339803 0.0331146 0.0318592 0.0301758 0.0280997 0.0256687 0.0229365 0.0199605 0.0167878 0.0134316 0.00997156 0.00646344 0.00292889 -0.000600594 -0.00411873 -0.0075786 -0.0110005 -0.0143635 -0.0176748 -0.020942 -0.0241451 -0.0273031 -0.0304365 -0.0335203 -0.0364984 -0.0393459 -0.0420356 -0.0445187 -0.0466981 -0.0485433 -0.0499855 -0.0509598 -0.0514288 -0.051352 -0.0507605 -0.0496374 -0.0480348 -0.0459754 -0.0435209 -0.0407892 -0.037839 -0.0347897 -0.0317239 -0.0287685 -0.0259873 -0.0234279 -0.0212046 -0.0193599 -0.0179526 -0.0169953 
0 0.0035169 0.00704962 0.0106115 0.0142577 0.0179277 0.0216351 0.0253636 0.0290775 0.0327111 0.0361726 0.039444 0.0424083 0.0449929 0.0471411 0.0488232 0.0500117 0.0506517 0.0507725 0.0503772 0.0494958 0.0481725 0.0464758 0.0444848 0.0422541 0.0398334 0.0372754 0.0346404 0.0319817 0.0293235 0.0266455 0.02398 0.0213125 0.0186223 0.0158859 0.0130898 0.0102513 0.00732228 0.00430014 0.00118152 -0.00201273 -0.00524405 -0.0085031 -0.0117856 -0.01504 -0.0182098 -0.0212374 -0.0240718 -0.0266854 -0.0289974 -0.0309834 -0.0325966 -0.0338226 -0.0346725 -0.0351207 -0.0351737 -0.0348672 -0.0342195 -0.0332778 -0.0320787 -0.030636 -0.0290302 -0.027298 -0.0254989 -0.0236636 -0.0217964 -0.019916 -0.0180537 -0.0162087 -0.0143951 -0.0125732 -0.0106891 -0.00870467 -0.00654831 -0.00417077 -0.00155589 0.00130082 0.00438056 0.00757702 0.0107347 0.0136066 0.0159477 0.0175119 0.0180436 0.017308 0.0152338 0.0118038 0.007097 0.00131972 -0.00522838 -0.0122454 -0.0193573 -0.026224 -0.0325604 -0.0381583 -0.0428687 -0.0466456 -0.0494828 -0.0514305 -0.0525366 -0.0528531 -0.0523873 -0.0511262 -0.0490144 -0.0460002 -0.042024 -0.0370922 -0.0312472 -0.0246167 -0.0174124 -0.00991677 -0.00241785 0.00471588 0.0111516 0.0166192 0.0209049 0.0238731 0.0255787 0.0261283 0.0256894 0.0245018 0.0228592 0.021006 0.0191763 0.0175268 0.0161807 0.0152081 0.0146127 0.0143607 0.0144475 0.0148228 0.0154428 0.0162823 0.0172905 0.0184573 0.0197707 0.0212002 0.0227264 0.0243223 0.0259399 0.0275793 0.0291774 0.030691 0.0320504 0.0331817 0.0340567 0.0346443 0.0348931 0.0347791 0.0342526 0.0333053 0.0319775 0.0302587 0.0281779 0.0257472 0.0230186 0.0200618 0.0169364 0.0136855 0.010352 0.00697924 0.00362683 0.00031408 -0.00295805 -0.00614244 -0.00924858 -0.0122621 -0.0152115 -0.0181177 -0.020977 -0.0237998 -0.0265972 -0.0294106 -0.0322333 -0.035023 -0.0377545 -0.0404113 -0.0429247 -0.0452429 -0.0472986 -0.0490437 -0.0504058 -0.0513019 -0.0517155 -0.0515988 -0.0509791 -0.0498457 -0.0482255 -0.046181 -0.0437669 -0.0410934 -0.0382104 -0.0352645 -0.0323577 -0.0295721 -0.0269984 -0.0247068 -0.022817 -0.0213412 -0.020352 
0 0.00404758 0.008082 0.0121294 0.0161752 0.0202122 0.0242039 0.0281367 0.0319707 0.0356111 0.0390084 0.0420811 0.0447704 0.047 0.0487301 0.0499625 0.0506517 0.0508071 0.0504342 0.0495876 0.0483182 0.0466747 0.0447454 0.0425934 0.0402801 0.0378533 0.0353652 0.0328782 0.0304362 0.0280231 0.025654 0.0233068 0.0209979 0.0186975 0.0163548 0.0139821 0.0115165 0.0089745 0.00630008 0.00350615 0.000616225 -0.00237195 -0.00543936 -0.00858569 -0.0117649 -0.0149187 -0.017998 -0.0209808 -0.0238003 -0.0264265 -0.0287543 -0.0307708 -0.0324393 -0.0337465 -0.0346799 -0.0352219 -0.0353803 -0.0351801 -0.0346557 -0.0338088 -0.0326936 -0.0313228 -0.0297725 -0.0280747 -0.0262788 -0.02439 -0.02246 -0.0204832 -0.0185089 -0.016512 -0.0144715 -0.0123443 -0.0100742 -0.00763033 -0.00499331 -0.00210958 0.00101648 0.00431975 0.00770957 0.0109888 0.0139651 0.0163515 0.0178633 0.0182795 0.0174553 0.0152273 0.0116117 0.00669302 0.000687656 -0.0061378 -0.0134021 -0.0207639 -0.0278726 -0.0344608 -0.0402687 -0.0451962 -0.0491524 -0.052143 -0.0541945 -0.0553762 -0.0556911 -0.0551958 -0.0538406 -0.0515975 -0.0484023 -0.0442285 -0.0390418 -0.0329368 -0.0260144 -0.0185008 -0.0106545 -0.00284269 0.00460714 0.011348 0.0170984 0.0216291 0.0248892 0.026818 0.0275194 0.0272067 0.0261311 0.0245277 0.0226927 0.0208393 0.0191851 0.0178426 0.0168565 0.0162688 0.016081 0.0162531 0.0167536 0.0175285 0.0185082 0.0196679 0.0209544 0.0223738 0.0238875 0.025476 0.0270706 0.028653 0.030161 0.0315858 0.0328508 0.0339034 0.0346747 0.0351382 0.0352636 0.0350482 0.0344482 0.0334371 0.0320367 0.0302405 0.0281187 0.0256726 0.0229563 0.0200212 0.0169345 0.0137443 0.0105064 0.00723799 0.00401814 0.00086451 -0.00220495 -0.00517003 -0.00804946 -0.0107816 -0.0134165 -0.0159603 -0.0184625 -0.0209403 -0.0233875 -0.0258457 -0.0283384 -0.0308791 -0.0334515 -0.0360351 -0.0386059 -0.0411238 -0.0435102 -0.0457327 -0.0477167 -0.0494043 -0.0507143 -0.0515709 -0.0519597 -0.0518338 -0.0512098 -0.0500798 -0.0484889 -0.0465009 -0.0441613 -0.0415707 -0.038822 -0.036052 -0.0333521 -0.0308121 -0.0285498 -0.026641 -0.0251647 -0.0241654 
0 0.00457567 0.0091347 0.0136384 0.0181037 0.0224664 0.0267259 0.0308202 0.0347001 0.0383017 0.0415333 0.0443617 0.0467006 0.0485346 0.0498247 0.0505696 0.0507725 0.0504342 0.0496133 0.0483627 0.0467664 0.0448761 0.0427687 0.0405132 0.0381727 0.0357908 0.0334232 0.0311202 0.0288936 0.0267408 0.0246462 0.0226224 0.0206457 0.0186979 0.0167313 0.0147117 0.0126164 0.010427 0.00811073 0.00565549 0.00307271 0.000353228 -0.00248984 -0.00545624 -0.00848549 -0.0115553 -0.0146221 -0.0176486 -0.0206122 -0.0234262 -0.0260247 -0.0283764 -0.0304411 -0.0321995 -0.0336118 -0.0346385 -0.0352875 -0.0355523 -0.0354796 -0.0350623 -0.0343093 -0.0332701 -0.0319673 -0.0304549 -0.0287888 -0.0269638 -0.0250267 -0.023008 -0.0209121 -0.0187566 -0.0165154 -0.0141485 -0.0116251 -0.00890813 -0.00596294 -0.00279201 0.000581242 0.00411827 0.00770152 0.0111208 0.0141563 0.0165461 0.0180424 0.0184133 0.0174425 0.0150469 0.0112545 0.00612774 -9.61907e-05 -0.00710982 -0.0146031 -0.0221918 -0.0295166 -0.0363158 -0.0423429 -0.0474575 -0.0515939 -0.0547257 -0.0568863 -0.0581216 -0.058454 -0.0579144 -0.0564698 -0.0540858 -0.0507239 -0.0463318 -0.0409209 -0.0345623 -0.0273576 -0.0195537 -0.0114329 -0.00329834 0.00446056 0.0114945 0.0175412 0.0223491 0.0258169 0.0279696 0.0288975 0.0287692 0.0278092 0.0262851 0.0244982 0.0226797 0.0210233 0.0196782 0.0187258 0.0181849 0.0180511 0.0183098 0.0189177 0.0198152 0.0209428 0.0222183 0.0236151 0.0251129 0.0266572 0.0282334 0.0297715 0.0312046 0.0325201 0.0336648 0.0345933 0.0352742 0.0356275 0.035642 0.0352943 0.0345764 0.0334786 0.0319904 0.0301403 0.02796 0.0254834 0.02277 0.0198487 0.0167887 0.0136634 0.0104962 0.0073343 0.00420522 0.00116744 -0.00175354 -0.00453785 -0.00719902 -0.00973541 -0.0121356 -0.0144063 -0.0165864 -0.0187257 -0.0208367 -0.0229524 -0.0250906 -0.0272846 -0.0295449 -0.0318797 -0.0342777 -0.0367284 -0.0391901 -0.0416095 -0.0439281 -0.0460894 -0.0480438 -0.0496913 -0.0509787 -0.0518275 -0.0522163 -0.0521074 -0.0514958 -0.0504238 -0.0488994 -0.0470049 -0.0447781 -0.0423455 -0.0398074 -0.0372722 -0.0348718 -0.032686 -0.0308501 -0.0294046 -0.0284406 
