0 0 0 0 0 0 0 0 0 0 0 0 0 0 0 0 0 0 0 0 0 0 0 0 0 0 0 0 0 0 0 0 0 0 0 0 0 0 0 0 0 0 0 0 0 0 0 0 0 0 0 0 0 0 0 0 0 0 0 0 0 0 0 0 0 0 0 0 0 0 0 0 0 0 0 0 0 0 0 0 0 0 0 0 0 0 0 0 0 0 0 0 0 0 0 0 0 0 0 0 0 0 0 0 0 0 0 0 0 0 0 0 0 0 0 0 0 0 0 0 0 0 0 0 0 0 0 0 0 0 0 0 0 0 0 0 0 0 0 0 0 0 0 0 0 0 0 0 0 0 0 0 0 0 0 0 0 0 0 0 0 0 0 0 0 0 0 0 0 0 0 0 0 0 0 0 0 0 0 0 0 0 0 0 0 0 0 0 0 0 0 0 0 0 0 0 0 0 0 0 
0 -0.00186876 -0.00365905 -0.00530553 -0.00676386 -0.00801237 -0.00902739 -0.00977955 -0.0102535 -0.0104473 -0.0103778 -0.0100884 -0.00963501 -0.0090653 -0.00839577 -0.00765671 -0.00687704 -0.00608291 -0.00531636 -0.00460563 -0.00396792 -0.0033808 -0.00285805 -0.00241182 -0.0020352 -0.00172927 -0.00147243 -0.00125765 -0.00106187 -0.000898452 -0.00077424 -0.000680023 -0.000612137 -0.000549182 -0.000492895 -0.000449877 -0.000422329 -0.000401617 -0.000388222 -0.000375758 -0.00035439 -0.000326663 -0.000309293 -0.000303551 -0.000297234 -0.000289984 -0.000271562 -0.000252339 -0.00024363 -0.000236921 -0.000233844 -0.000234492 -0.000224872 -0.000209547 -0.000193415 -0.000184027 -0.000184233 -0.000182796 -0.000182403 -0.000174234 -0.000172936 -0.000184033 -0.000199535 -0.000230238 -0.000264976 -0.000304162 -0.00036774 -0.000437045 -0.000518883 -0.000636166 -0.000780718 -0.000954149 -0.0011323 -0.0013084 -0.00149326 -0.00166887 -0.0018161 -0.00193395 -0.0019913 -0.00197343 -0.00187704 -0.00169253 -0.00141164 -0.00105605 -0.000644098 -0.000198329 0.000252479 0.000684161 0.00107134 0.00138541 0.00161114 0.00172944 0.00174944 0.00169222 0.00156603 0.00140821 0.00124504 0.00107838 0.000942222 0.000845967 0.000783062 0.000782411 0.000839957 0.00094322 0.00109915 0.00127754 0.00144868 0.00159712 0.00168945 0.00170463 0.0016309 0.00145717 0.00118994 0.000840025 0.000433547 -1.24229e-06 -0.000440931 -0.000854696 -0.00120887 -0.00149019 -0.00168405 -0.00178427 -0.00180466 -0.00176538 -0.00165873 -0.0015062 -0.00132817 -0.00113005 -0.000934312 -0.000758438 -0.000599169 -0.000466862 -0.000344345 -0.000241172 -0.000162597 -8.35845e-05 -1.9325e-05 1.95433e-05 4.75817e-05 6.34664e-05 8.21997e-05 0.000104284 0.000113627 0.000121238 0.000124319 0.000125345 0.000127206 0.000135929 0.000152756 0.000166981 0.000173467 0.000171206 0.000168253 0.000179322 0.000196514 0.000205444 0.000214079 0.00021835 0.000222518 0.000234978 0.000253245 0.000273377 0.000291666 0.000297328 0.000296018 0.000303394 0.000315723 0.000320601 0.000303322 0.000275299 0.000226267 0.000168147 0.000107062 2.37238e-05 -8.52689e-05 -0.000235818 -0.000410824 -0.00060789 -0.000826011 -0.00107968 -0.00138084 -0.00170126 -0.00202511 -0.00232669 -0.00258107 -0.00277481 -0.0029044 -0.00295559 -0.00289646 -0.00271778 -0.00242836 -0.00202417 -0.0015184 -0.00093698 -0.000306176 0.000344516 0.000971612 0.00151502 0.00195168 0.00225737 
0 -0.00365905 -0.00717966 -0.01043 -0.0133243 -0.0157982 -0.0178052 -0.0192889 -0.0202311 -0.0206397 -0.0205452 -0.020019 -0.0191579 -0.0180441 -0.0167254 -0.0152741 -0.0137482 -0.0122046 -0.0106886 -0.00927572 -0.00798534 -0.00680682 -0.00577257 -0.00487857 -0.00413367 -0.00349126 -0.00296858 -0.00252974 -0.0021498 -0.0018472 -0.00159239 -0.00140537 -0.0012449 -0.00111852 -0.00101041 -0.000927869 -0.000869427 -0.000809387 -0.000762082 -0.000734991 -0.000697038 -0.000657388 -0.000630678 -0.000601417 -0.00058876 -0.000556337 -0.000538365 -0.000509565 -0.000495572 -0.000478433 -0.000450449 -0.000441685 -0.000427158 -0.000405268 -0.000388378 -0.000376539 -0.000366349 -0.00037116 -0.000353681 -0.000353612 -0.000362698 -0.000388972 -0.000406385 -0.000446689 -0.000509939 -0.000611691 -0.00073292 -0.000880325 -0.00107451 -0.0013174 -0.0015915 -0.00189918 -0.00224762 -0.00261378 -0.00298536 -0.0033387 -0.00365688 -0.00387066 -0.00398328 -0.00395516 -0.00376066 -0.00337767 -0.00282713 -0.0021115 -0.00129548 -0.000398777 0.000496472 0.00136562 0.00214014 0.00276172 0.00319212 0.00344071 0.00347871 0.00337513 0.00314708 0.00283776 0.00248831 0.0021575 0.00186425 0.00166205 0.00155896 0.00157863 0.00169206 0.00191773 0.00221192 0.00254357 0.00288062 0.00318049 0.00335795 0.00341021 0.00326174 0.00290796 0.00236631 0.00167147 0.000854069 -6.36769e-06 -0.000888147 -0.00170578 -0.00242921 -0.00298885 -0.00336913 -0.00357412 -0.00362788 -0.00351905 -0.00330886 -0.00300265 -0.00264147 -0.00226496 -0.00191141 -0.0015588 -0.00122143 -0.000925907 -0.000683166 -0.000482462 -0.000309196 -0.000167105 -5.98173e-05 1.50545e-05 8.18501e-05 0.000127156 0.000171598 0.000196474 0.000226253 0.000235401 0.000257439 0.000272615 0.000279041 0.000289124 0.000307842 0.000317377 0.000340412 0.000344974 0.000352697 0.000382852 0.000396373 0.000418154 0.000426234 0.00045237 0.000470493 0.000491309 0.00051405 0.000536136 0.000562345 0.000585263 0.000586855 0.000601779 0.00061415 0.000601045 0.000578261 0.000523743 0.000455121 0.000337118 0.00020452 2.90279e-05 -0.000200518 -0.000481127 -0.000831727 -0.00122322 -0.00167566 -0.00219024 -0.00277669 -0.00339229 -0.00400819 -0.00459371 -0.00509386 -0.00547212 -0.00571658 -0.00580245 -0.00567299 -0.00532492 -0.00475664 -0.00397261 -0.00298187 -0.00184632 -0.000623792 0.000640701 0.00184571 0.00290814 0.00375715 0.00436092 
0 -0.00530553 -0.01043 -0.0151974 -0.0194594 -0.0231128 -0.0260699 -0.0282618 -0.029679 -0.0303445 -0.0303004 -0.0296282 -0.0284377 -0.0268454 -0.0249299 -0.0228185 -0.0206133 -0.0183691 -0.0161621 -0.0140587 -0.0121312 -0.0103679 -0.00881935 -0.00749433 -0.00634442 -0.00536392 -0.00453176 -0.00386008 -0.00329356 -0.00283338 -0.00245991 -0.00214523 -0.00189883 -0.00169616 -0.00154138 -0.00142653 -0.00133074 -0.00122815 -0.00114502 -0.00109199 -0.00104819 -0.000998573 -0.000957792 -0.000920221 -0.000873701 -0.000839718 -0.00080482 -0.000776628 -0.000758341 -0.00071797 -0.00067162 -0.000647772 -0.000625801 -0.000609792 -0.000591358 -0.000572514 -0.000559158 -0.000539481 -0.000532445 -0.000524307 -0.000540348 -0.000579398 -0.000614209 -0.000679048 -0.000766235 -0.000891794 -0.0011033 -0.00134469 -0.00161792 -0.00196805 -0.00237814 -0.00286164 -0.00337593 -0.00390786 -0.00447466 -0.00501593 -0.0054678 -0.00581152 -0.00597175 -0.00591166 -0.00562173 -0.00507308 -0.00424169 -0.00317968 -0.00194271 -0.000601315 0.000750774 0.00203703 0.00318138 0.00410538 0.00477029 0.00513275 0.00521275 0.0050637 0.00470764 0.00423945 0.0037363 0.00322395 0.00280287 0.00251287 0.00234609 0.00236783 0.00255779 0.00287653 0.00332915 0.00383731 0.00432753 0.00475545 0.00502826 0.00508207 0.0048686 0.00435028 0.00354444 0.00248862 0.0012649 -3.57601e-05 -0.00134292 -0.00256932 -0.00362595 -0.00447016 -0.00505678 -0.00536303 -0.00542074 -0.00528226 -0.00494879 -0.00448936 -0.00396888 -0.00340695 -0.00285202 -0.00233268 -0.0018405 -0.00140929 -0.00101698 -0.000699787 -0.000471909 -0.000262609 -9.15887e-05 2.81595e-05 0.000129784 0.000198079 0.000257605 0.000307701 0.000324491 0.000349754 0.000384266 0.000418991 0.000438879 0.000447832 0.0004607 0.000475026 0.000497915 0.000519583 0.000539378 0.000573649 0.000601528 0.000610503 0.000639332 0.000679617 0.00071815 0.000751042 0.000770421 0.00079063 0.00082884 0.000864063 0.000885535 0.000905884 0.000908434 0.000884217 0.000829389 0.000773795 0.000666144 0.000497675 0.000278136 -1.22295e-05 -0.000351708 -0.000777043 -0.00127928 -0.00187846 -0.00256571 -0.00333926 -0.00419439 -0.00506309 -0.00593536 -0.00676946 -0.00749192 -0.00803533 -0.00836902 -0.00845971 -0.00824573 -0.00771694 -0.00688917 -0.00574274 -0.0043094 -0.00267273 -0.000919693 0.00086669 0.002579 0.00407666 0.00529546 0.00615873 
0 -0.00676386 -0.0133243 -0.0194594 -0.0249803 -0.029726 -0.0335825 -0.0364675 -0.0383816 -0.0393622 -0.039454 -0.038736 -0.0373297 -0.0353635 -0.0329556 -0.0302764 -0.0274569 -0.0245875 -0.0217288 -0.018998 -0.0164571 -0.0141263 -0.0120696 -0.0102745 -0.00873013 -0.00737456 -0.00624846 -0.00531859 -0.0045374 -0.00390658 -0.00336787 -0.00294139 -0.00258234 -0.0023041 -0.0020831 -0.00191584 -0.00178638 -0.00165442 -0.00154685 -0.00148116 -0.00141118 -0.0013413 -0.00128681 -0.00122423 -0.00118005 -0.00111564 -0.00107855 -0.00103403 -0.00100851 -0.000970786 -0.000915528 -0.000891196 -0.000864133 -0.000827041 -0.000793443 -0.000764848 -0.000739332 -0.000735727 -0.000707312 -0.000706157 -0.000726494 -0.000776695 -0.000819593 -0.000903277 -0.00102962 -0.00122278 -0.00146351 -0.00175896 -0.00214186 -0.00262094 -0.0031706 -0.00379223 -0.00448622 -0.00521499 -0.00595529 -0.00665844 -0.00727941 -0.00770761 -0.00792615 -0.0078653 -0.00747709 -0.00672299 -0.00562923 -0.00421488 -0.00259092 -0.000814863 0.000969712 0.00269478 0.00423278 0.00547195 0.00633843 0.00683147 0.00692004 0.00671604 0.00626505 0.00565728 0.00497821 0.00432877 0.0037624 0.00336802 0.00316563 0.00319937 0.00342991 0.00387265 0.00445871 0.0051199 0.00578265 0.00635997 0.00670348 0.00678052 0.00647115 0.00575956 0.00467676 0.00328919 0.00166897 -4.37671e-05 -0.00178544 -0.00340617 -0.00483149 -0.00594309 -0.0067024 -0.00711244 -0.00721401 -0.00700666 -0.00658525 -0.00597842 -0.00526349 -0.00451316 -0.00379609 -0.00309431 -0.00243075 -0.00184866 -0.00136346 -0.000961491 -0.000620398 -0.000336896 -0.000118299 3.77784e-05 0.000171047 0.000265353 0.000350005 0.00040035 0.000446744 0.000465433 0.000506005 0.000539866 0.000559247 0.000579259 0.000609399 0.000631159 0.000675481 0.000696255 0.000718795 0.000767924 0.000790382 0.000822292 0.000845097 0.000900399 0.000946852 0.000991354 0.00103096 0.00106853 0.00111885 0.00116836 0.00118578 0.00120901 0.00120826 0.00115612 0.00108584 0.000977602 0.000836863 0.000596683 0.00029632 -9.12089e-05 -0.000562455 -0.00111677 -0.00179877 -0.0025885 -0.00350492 -0.00451961 -0.00561164 -0.00671003 -0.00779115 -0.00882584 -0.00971898 -0.0103831 -0.0107732 -0.0108444 -0.0105244 -0.00981882 -0.00873345 -0.00726979 -0.00545247 -0.00339744 -0.00121838 0.000996793 0.00309516 0.00494827 0.00644801 0.00751989 
0 -0.00801237 -0.0157982 -0.0231128 -0.029726 -0.0354499 -0.0401423 -0.0437141 -0.0461616 -0.0475196 -0.0478295 -0.0471742 -0.0456766 -0.043485 -0.0407299 -0.0376041 -0.0342734 -0.0308401 -0.0274178 -0.0241126 -0.0210189 -0.0181434 -0.0155564 -0.013284 -0.0112927 -0.00957765 -0.00812378 -0.00692266 -0.00590105 -0.00505582 -0.00436634 -0.00380612 -0.00336021 -0.00298919 -0.00268606 -0.00245022 -0.00226847 -0.00210591 -0.00197762 -0.00187875 -0.00178 -0.00167797 -0.00160247 -0.0015458 -0.00148527 -0.00142451 -0.00135684 -0.00129495 -0.00125403 -0.00120288 -0.00114935 -0.00111918 -0.0010794 -0.00103316 -0.000984646 -0.000948478 -0.000931195 -0.000915807 -0.000903014 -0.000886624 -0.000899972 -0.000953559 -0.0010235 -0.00114447 -0.00130724 -0.00152559 -0.00184396 -0.00222008 -0.00267492 -0.00326083 -0.00395847 -0.00476361 -0.00562506 -0.0065146 -0.00743595 -0.00831379 -0.00906154 -0.0096191 -0.00988818 -0.00979852 -0.00931534 -0.00839584 -0.00702382 -0.00527217 -0.00323898 -0.00103493 0.00119321 0.00332369 0.00522653 0.00676906 0.00787334 0.00848316 0.00861859 0.0083676 0.00779499 0.00703826 0.00621947 0.00540811 0.00473041 0.00425439 0.00399364 0.00402321 0.00432525 0.00485892 0.00560061 0.00643558 0.00724698 0.00793598 0.00835748 0.00841464 0.00802504 0.00714326 0.00580023 0.00406098 0.00204664 -9.77483e-05 -0.00225387 -0.00427442 -0.00602099 -0.0074051 -0.00836042 -0.00886608 -0.00897119 -0.00874113 -0.00820911 -0.00746092 -0.00658904 -0.00564879 -0.00471991 -0.003846 -0.00303871 -0.00233569 -0.00171479 -0.00119837 -0.000791318 -0.000428935 -0.000139628 6.21128e-05 0.000216971 0.000325537 0.000424765 0.000511304 0.000558711 0.00059854 0.000640082 0.000677314 0.000703757 0.000730657 0.000772192 0.000812982 0.000853435 0.000875778 0.000896138 0.000945755 0.000999071 0.00103749 0.00108455 0.00113468 0.00118146 0.00123375 0.00128662 0.00134365 0.00140463 0.00144298 0.00145388 0.00146999 0.00146871 0.00141968 0.00131119 0.0011679 0.000951109 0.000648632 0.000268547 -0.000221813 -0.000812834 -0.00154011 -0.00239579 -0.00338714 -0.00449826 -0.00571564 -0.00701321 -0.00830035 -0.00955353 -0.0107229 -0.0117168 -0.0124424 -0.0128485 -0.0128773 -0.0124496 -0.0115626 -0.010248 -0.00850797 -0.00639557 -0.00403237 -0.00154061 0.000968436 0.00335038 0.00543744 0.00713576 0.00834077 
0 -0.00902739 -0.0178052 -0.0260699 -0.0335825 -0.0401423 -0.045598 -0.0498457 -0.0528594 -0.054656 -0.0552718 -0.054791 -0.0533495 -0.0510924 -0.0481594 -0.0447411 -0.0410165 -0.0371329 -0.0332207 -0.029423 -0.025816 -0.0224239 -0.0193228 -0.0165514 -0.0141224 -0.0120084 -0.0102188 -0.00871104 -0.00742569 -0.00636202 -0.00548681 -0.00479015 -0.00421768 -0.00374284 -0.00334553 -0.00302992 -0.00278708 -0.00257886 -0.00241111 -0.00228187 -0.00215193 -0.00202912 -0.00193753 -0.0018598 -0.00179265 -0.00170984 -0.00163715 -0.00156527 -0.0015123 -0.0014514 -0.00138168 -0.001338 -0.00129285 -0.00123796 -0.00118586 -0.00114605 -0.00111955 -0.00110902 -0.00108548 -0.00107887 -0.00110213 -0.0011624 -0.00123685 -0.00136739 -0.00156246 -0.00184386 -0.00221321 -0.00266926 -0.00324205 -0.00395036 -0.00477312 -0.00570498 -0.00672827 -0.00780519 -0.00890378 -0.00994981 -0.0108555 -0.0115019 -0.01182 -0.0117213 -0.0111406 -0.0100299 -0.00840195 -0.00631161 -0.00389201 -0.00126422 0.00139144 0.00393909 0.00620935 0.0080482 0.00935469 0.0100966 0.0102708 0.00998969 0.00933878 0.00845255 0.00746568 0.00650785 0.00569106 0.00512109 0.00483914 0.00489616 0.00526139 0.00591397 0.00677843 0.00774601 0.0086975 0.00950289 0.00998602 0.0100496 0.00956614 0.00849641 0.0068775 0.00480166 0.00239739 -0.000156183 -0.00272505 -0.00512354 -0.00721397 -0.00885818 -0.0099875 -0.010596 -0.010732 -0.0104369 -0.00980653 -0.00891649 -0.00787167 -0.00676587 -0.00568255 -0.00463732 -0.00365811 -0.00279234 -0.00205498 -0.00144231 -0.00093528 -0.000512627 -0.000183416 5.51927e-05 0.000245188 0.000388617 0.00051335 0.000606216 0.000675636 0.000720977 0.000776735 0.000824433 0.000856821 0.0008884 0.000930739 0.000972441 0.00102487 0.00105576 0.00108881 0.00115164 0.0012079 0.00126565 0.00131648 0.00137941 0.00143377 0.00149155 0.00155409 0.00161848 0.00168121 0.0017175 0.00171593 0.00171912 0.00170404 0.0016303 0.00149662 0.00129348 0.00101781 0.000637342 0.000171561 -0.000418409 -0.00115008 -0.00203602 -0.0030832 -0.00425508 -0.00554252 -0.00692687 -0.00838046 -0.00981788 -0.0111855 -0.0124281 -0.013449 -0.0141682 -0.0145396 -0.0144973 -0.0139544 -0.0129077 -0.0113944 -0.00944941 -0.00713654 -0.00458497 -0.00191681 0.000761214 0.00328809 0.00550367 0.00729089 0.00855512 
0 -0.00977955 -0.0192889 -0.0282618 -0.0364675 -0.0437141 -0.0498457 -0.0547406 -0.0583396 -0.0606341 -0.0616508 -0.0614747 -0.0602371 -0.0580777 -0.0551339 -0.0515885 -0.0476315 -0.0434299 -0.0391433 -0.0349206 -0.0308534 -0.0269867 -0.0234027 -0.0201604 -0.0172755 -0.0147411 -0.0125621 -0.0107127 -0.00914225 -0.00783352 -0.00675223 -0.00586967 -0.00514351 -0.00454568 -0.00405775 -0.00366888 -0.00335596 -0.00308564 -0.00286656 -0.00269852 -0.00255052 -0.00241447 -0.00230082 -0.00219817 -0.00210116 -0.0020053 -0.00192413 -0.00185255 -0.00178868 -0.00170967 -0.00162314 -0.00156291 -0.0015129 -0.00146085 -0.00140662 -0.00135657 -0.00131569 -0.00128742 -0.00126299 -0.00125973 -0.0012926 -0.00136261 -0.00145653 -0.00160476 -0.00182708 -0.00214924 -0.0025854 -0.0031261 -0.00379121 -0.0046054 -0.00556132 -0.00664637 -0.00783374 -0.009086 -0.0103633 -0.0115768 -0.0126167 -0.013364 -0.0137227 -0.0135997 -0.0129256 -0.0116478 -0.00976676 -0.00735324 -0.0045464 -0.00150345 0.00157865 0.00452447 0.00714868 0.00928068 0.0108066 0.0116767 0.0119039 0.0115913 0.0108507 0.00983722 0.00871044 0.00761452 0.00668765 0.00603839 0.00572311 0.00579033 0.00622162 0.00697612 0.00797416 0.00908691 0.0101704 0.0110697 0.0116051 0.0116436 0.0110618 0.00980905 0.00792263 0.00550577 0.00271794 -0.000244158 -0.00320661 -0.00597319 -0.00837683 -0.0102778 -0.0115921 -0.0123028 -0.0124571 -0.0121192 -0.0113837 -0.0103535 -0.00914754 -0.00786883 -0.00660485 -0.00539265 -0.00426456 -0.00325877 -0.00239201 -0.00167264 -0.00108792 -0.000604269 -0.000221233 6.77433e-05 0.000294182 0.00046888 0.000610943 0.000714386 0.000782551 0.000835365 0.000901032 0.000965888 0.00101418 0.00105073 0.00108936 0.00113246 0.00118872 0.00123724 0.00128883 0.0013562 0.00141556 0.00146994 0.00153126 0.00160911 0.0016857 0.00175641 0.00181905 0.0018803 0.0019422 0.00198337 0.00198876 0.00197779 0.00192954 0.00181522 0.00163367 0.00138161 0.00103827 0.000576089 -1.15608e-06 -0.000718241 -0.00158979 -0.00263172 -0.00383945 -0.00517833 -0.00661991 -0.0081413 -0.00970511 -0.01123 -0.0126543 -0.0139101 -0.0149048 -0.0155635 -0.0158455 -0.0156895 -0.0150197 -0.0138321 -0.0121719 -0.0100927 -0.00767607 -0.00504849 -0.00232729 0.000379046 0.00291769 0.00512838 0.00689636 0.00813223 
0 -0.0102535 -0.0202311 -0.029679 -0.0383816 -0.0461616 -0.0528594 -0.0583396 -0.0625148 -0.0653518 -0.0668631 -0.0671207 -0.066233 -0.0643268 -0.0615392 -0.0580447 -0.0540345 -0.049673 -0.0451364 -0.0405724 -0.036107 -0.0318203 -0.0277987 -0.0241136 -0.0207717 -0.0178007 -0.0152033 -0.0129853 -0.0111044 -0.00951903 -0.00819908 -0.00709413 -0.00618828 -0.00544578 -0.0048502 -0.00437231 -0.00397517 -0.0036361 -0.00336187 -0.00314739 -0.00297155 -0.00281156 -0.0026687 -0.00254403 -0.00241956 -0.00231336 -0.00221425 -0.00213426 -0.00205692 -0.00196793 -0.00187998 -0.00180896 -0.00174817 -0.0016868 -0.00162082 -0.00156064 -0.00151618 -0.00147629 -0.00145477 -0.00144769 -0.00148252 -0.00155786 -0.00167627 -0.00185369 -0.00211483 -0.00247516 -0.00296527 -0.00357671 -0.00432955 -0.0052559 -0.00635116 -0.00759477 -0.00894594 -0.0103676 -0.0118124 -0.0131828 -0.0143474 -0.0151987 -0.0156012 -0.0154562 -0.0146853 -0.0132358 -0.0111006 -0.0083776 -0.00520229 -0.00176737 0.001728 0.00506758 0.00804922 0.0104785 0.0122265 0.0132197 0.0134982 0.0131537 0.0123307 0.0112041 0.00995707 0.0087393 0.00771717 0.00699598 0.00664839 0.00672075 0.00721298 0.00806059 0.0091874 0.0104429 0.0116556 0.0126412 0.0132177 0.0132097 0.0125102 0.0110617 0.00890844 0.00616331 0.00301211 -0.000344328 -0.00368922 -0.00682185 -0.00953249 -0.0116806 -0.0131685 -0.0139742 -0.0141445 -0.0137745 -0.0129429 -0.0117814 -0.0104171 -0.00896326 -0.00751286 -0.00613185 -0.00485648 -0.00372392 -0.00274263 -0.00192234 -0.00125311 -0.000694858 -0.00025066 8.69593e-05 0.000342287 0.000541333 0.000698016 0.000820854 0.000896557 0.000963779 0.00103053 0.00109906 0.00115602 0.00120291 0.00125123 0.00130924 0.00136893 0.00142912 0.00149127 0.00155954 0.0016294 0.00168445 0.00175789 0.00184272 0.00193579 0.00201914 0.0020858 0.00214629 0.00220394 0.00224115 0.00224765 0.00221429 0.0021235 0.00195946 0.00171647 0.00140813 0.000987606 0.000437185 -0.000265064 -0.0011226 -0.00213481 -0.00331954 -0.00465832 -0.00613718 -0.00770746 -0.00933443 -0.0109588 -0.0125044 -0.0139162 -0.0151245 -0.0160453 -0.0166006 -0.0167472 -0.0164394 -0.0156362 -0.0143423 -0.012607 -0.0104849 -0.00806751 -0.00547353 -0.00281855 -0.000216494 0.00220213 0.00428875 0.00594585 0.00708969 
0 -0.0104473 -0.0206397 -0.0303445 -0.0393622 -0.0475196 -0.054656 -0.0606341 -0.0653518 -0.0687545 -0.0708377 -0.0716365 -0.0712353 -0.0697314 -0.0672703 -0.0640111 -0.0601214 -0.0557726 -0.0511155 -0.0463339 -0.0415563 -0.0369182 -0.0325085 -0.0283892 -0.0246148 -0.0211965 -0.0181867 -0.0155714 -0.0133393 -0.0114454 -0.00984618 -0.00851768 -0.0074099 -0.00650299 -0.00576228 -0.00515869 -0.00465928 -0.00424742 -0.00390841 -0.00363808 -0.00340508 -0.00320586 -0.00303654 -0.0028889 -0.00276474 -0.00263426 -0.0025187 -0.00241348 -0.00231537 -0.00222501 -0.00213703 -0.0020543 -0.00197999 -0.0018956 -0.0018198 -0.00175982 -0.00171481 -0.00168881 -0.00165537 -0.00165107 -0.00168421 -0.00176134 -0.00189638 -0.00209966 -0.00240087 -0.00282393 -0.00335099 -0.0040314 -0.00489501 -0.00593979 -0.00716679 -0.00854642 -0.0100574 -0.0116523 -0.013249 -0.0147626 -0.0160707 -0.0170041 -0.017454 -0.0173006 -0.0164318 -0.0147966 -0.012426 -0.00939062 -0.00586216 -0.00204267 0.00184535 0.00557169 0.00889586 0.0116145 0.0135673 0.0147042 0.0150389 0.0146813 0.0138025 0.0125779 0.0111988 0.00987809 0.00875247 0.00795988 0.00760165 0.00769793 0.00824386 0.0092021 0.0104372 0.0118084 0.0131322 0.0141917 0.0147828 0.014735 0.0139084 0.0122629 0.00983911 0.0067783 0.00326602 -0.000471527 -0.00419712 -0.00767126 -0.0106944 -0.0130739 -0.0147141 -0.0156119 -0.015813 -0.015388 -0.0144794 -0.0131983 -0.0116743 -0.0100557 -0.00844293 -0.00689269 -0.00546136 -0.00418281 -0.00309931 -0.00218831 -0.00141083 -0.000783854 -0.000287014 9.29343e-05 0.000375499 0.000600039 0.000777906 0.000912244 0.00102685 0.00110722 0.00118279 0.00124792 0.00130262 0.00136132 0.00142426 0.00149571 0.00156542 0.00162442 0.00169021 0.00176814 0.00184802 0.00193613 0.00201423 0.00210488 0.00219427 0.00227577 0.00235091 0.00241353 0.0024607 0.00247866 0.00245748 0.00239023 0.00226221 0.00205 0.00175927 0.00136405 0.000860141 0.000202622 -0.000621639 -0.00160852 -0.00277035 -0.00408057 -0.00554706 -0.00712466 -0.00878489 -0.0104688 -0.0120974 -0.0136123 -0.0149451 -0.0160487 -0.0168425 -0.0172559 -0.0172397 -0.0167671 -0.0158405 -0.0144875 -0.0127489 -0.0106831 -0.00836638 -0.00591053 -0.00343402 -0.00104686 0.00112992 0.00299972 0.00446831 0.00547737 
0 -0.0103778 -0.0205452 -0.0303004 -0.039454 -0.0478295 -0.0552718 -0.0616508 -0.0668631 -0.0708377 -0.0735353 -0.0749659 -0.0751616 -0.0742125 -0.072242 -0.0693835 -0.065789 -0.061596 -0.0569912 -0.0521217 -0.0471636 -0.04226 -0.0375047 -0.0330048 -0.0288008 -0.0249817 -0.0215416 -0.018511 -0.0158856 -0.0136243 -0.0117314 -0.010135 -0.00881555 -0.00770657 -0.00679041 -0.00604038 -0.00542207 -0.0049239 -0.00451741 -0.00416778 -0.00388023 -0.00363516 -0.00342792 -0.0032695 -0.00311351 -0.00298166 -0.00283526 -0.00271555 -0.00259889 -0.00249128 -0.00239865 -0.00230017 -0.00220687 -0.00212124 -0.00203925 -0.00197116 -0.00192781 -0.00187916 -0.00186205 -0.00185369 -0.00188788 -0.00196799 -0.00212639 -0.00235006 -0.00268134 -0.00313206 -0.00374707 -0.00452218 -0.00546443 -0.00660839 -0.00796537 -0.00949904 -0.0111585 -0.0129056 -0.0146714 -0.0163404 -0.0177496 -0.0187898 -0.0192705 -0.0190799 -0.0181251 -0.0163479 -0.0137339 -0.0104114 -0.00652162 -0.00232293 0.00196044 0.00603886 0.00968156 0.0126671 0.014844 0.0161141 0.0165418 0.0161912 0.0152565 0.0139376 0.0124604 0.0110145 0.00981055 0.0089657 0.00858998 0.00870851 0.00933908 0.0103775 0.0117268 0.0132085 0.0146131 0.0157089 0.0163159 0.0161962 0.0152541 0.0134195 0.0107394 0.00734658 0.00347538 -0.000645549 -0.00472069 -0.00853217 -0.0118131 -0.0144186 -0.016235 -0.0172251 -0.0174302 -0.0169881 -0.0159751 -0.0145684 -0.012913 -0.0111395 -0.0093462 -0.00763846 -0.00606976 -0.00466731 -0.00344005 -0.00240784 -0.00156872 -0.000880116 -0.000328926 0.000103152 0.000418407 0.000669274 0.000862691 0.00102724 0.00114038 0.00124783 0.00132709 0.00140228 0.00146915 0.00153115 0.00159882 0.00168159 0.00174636 0.00181877 0.00189475 0.0019724 0.00208042 0.00217197 0.00227715 0.00236187 0.002451 0.00253161 0.00260461 0.00267216 0.00270833 0.00269706 0.00264677 0.00253242 0.00235918 0.00211194 0.0017474 0.00127373 0.000642377 -0.000123635 -0.00107015 -0.00218361 -0.00346458 -0.00491508 -0.00647305 -0.00813046 -0.00981905 -0.0114983 -0.0130877 -0.0145238 -0.0157497 -0.0166947 -0.017315 -0.0175498 -0.0173593 -0.0167363 -0.0157166 -0.014341 -0.0126572 -0.0107169 -0.00859502 -0.00637828 -0.00417779 -0.00211064 -0.000256845 0.00130892 0.00253528 0.00336538 
0 -0.0100884 -0.020019 -0.0296282 -0.038736 -0.0471742 -0.054791 -0.0614747 -0.0671207 -0.0716365 -0.0749659 -0.0770701 -0.0779667 -0.0776954 -0.0763626 -0.0740595 -0.0708974 -0.067038 -0.0626277 -0.0578463 -0.05283 -0.0477634 -0.0427555 -0.0379146 -0.0333604 -0.0291381 -0.025296 -0.0218306 -0.0187877 -0.0161464 -0.0138936 -0.011999 -0.0104014 -0.00906378 -0.00795217 -0.00703783 -0.00628241 -0.00567816 -0.00517417 -0.00475797 -0.00440945 -0.00412467 -0.00387717 -0.00366027 -0.00348208 -0.00331242 -0.00316405 -0.00303257 -0.00289883 -0.00277894 -0.0026712 -0.00255693 -0.00246504 -0.00237026 -0.00228495 -0.00220384 -0.00213146 -0.00208166 -0.00204465 -0.00205627 -0.00210858 -0.00219814 -0.00236039 -0.00259906 -0.00296251 -0.00348246 -0.00412986 -0.00497645 -0.00603776 -0.00729388 -0.00875853 -0.0104123 -0.0122323 -0.0141614 -0.016078 -0.0178798 -0.0194218 -0.0205176 -0.0210309 -0.020831 -0.0197785 -0.0178221 -0.015004 -0.0113978 -0.00719105 -0.00263859 0.00201104 0.00646281 0.010431 0.0136944 0.0160646 0.0174839 0.0179762 0.0176396 0.0166817 0.0153007 0.0137182 0.0122005 0.01091 0.010011 0.00963701 0.00978922 0.0104655 0.0116066 0.0130394 0.0146083 0.0160939 0.0172397 0.017829 0.0176466 0.0165504 0.0145031 0.0115448 0.00785268 0.0036473 -0.000818432 -0.00524005 -0.00935191 -0.0129253 -0.0157423 -0.0176976 -0.018784 -0.0190326 -0.0185317 -0.0174442 -0.0159163 -0.0141004 -0.0121744 -0.0102447 -0.00838868 -0.00666411 -0.00510685 -0.00377926 -0.00266208 -0.00171206 -0.000966012 -0.000371432 0.000101036 0.000462476 0.000757808 0.000976396 0.00113137 0.00126584 0.00136617 0.00145785 0.0015445 0.00162368 0.00170418 0.00177512 0.00185709 0.00193383 0.00202005 0.00211664 0.00220771 0.00230213 0.00240819 0.00250191 0.0026049 0.00270461 0.00279049 0.00286865 0.00292265 0.00294112 0.00290916 0.00282735 0.00266641 0.00243254 0.00210861 0.00167457 0.00108475 0.000348479 -0.000547338 -0.00161447 -0.0028354 -0.00423734 -0.00577184 -0.00741563 -0.00909649 -0.0107777 -0.0124004 -0.0138951 -0.0152286 -0.0163052 -0.0170686 -0.0174744 -0.0175093 -0.0171518 -0.0164138 -0.0153497 -0.0139992 -0.0124095 -0.0106531 -0.00879891 -0.00691215 -0.00508184 -0.003401 -0.00193637 -0.000711449 0.000224908 0.000847737 
0 -0.00963501 -0.0191579 -0.0284377 -0.0373297 -0.0456766 -0.0533495 -0.0602371 -0.066233 -0.0712353 -0.0751616 -0.0779667 -0.0796139 -0.0801197 -0.0795326 -0.0779062 -0.0753372 -0.0719549 -0.067927 -0.063371 -0.0584499 -0.0533463 -0.0481857 -0.0431147 -0.0382349 -0.03366 -0.0294042 -0.0255234 -0.0220713 -0.0190237 -0.0163953 -0.014136 -0.0122356 -0.0106392 -0.0093148 -0.00821558 -0.00729122 -0.00653839 -0.00592006 -0.00540134 -0.00499007 -0.00464961 -0.0043442 -0.0040866 -0.00385793 -0.00367738 -0.00350409 -0.00335826 -0.00320418 -0.00306168 -0.00294125 -0.00281453 -0.00270499 -0.00261152 -0.00251987 -0.00242839 -0.00235475 -0.00228495 -0.00225929 -0.00226324 -0.00231059 -0.0024093 -0.0026065 -0.00287903 -0.00327824 -0.00382345 -0.00454898 -0.00547393 -0.00660154 -0.00795741 -0.00956234 -0.011375 -0.0133414 -0.0154076 -0.0174731 -0.0194098 -0.0210441 -0.022238 -0.0227777 -0.0225318 -0.0213901 -0.019295 -0.0162513 -0.0123887 -0.00786625 -0.00297404 0.00203124 0.00681129 0.0110913 0.0146235 0.017222 0.0187841 0.0193698 0.0190481 0.0180538 0.0166128 0.014979 0.0133895 0.0120603 0.0111303 0.0107372 0.0108959 0.0116312 0.0128354 0.0143707 0.0160391 0.0175909 0.0187471 0.0193061 0.0190096 0.0177597 0.0155043 0.0122988 0.0083027 0.00377097 -0.00103768 -0.0057795 -0.0102015 -0.0140103 -0.0170324 -0.0191495 -0.0203165 -0.0205698 -0.0200577 -0.0188852 -0.0172492 -0.0153137 -0.0132328 -0.0111206 -0.00910376 -0.00725461 -0.00559588 -0.0041421 -0.00290848 -0.00189231 -0.0010723 -0.000411055 0.000121806 0.000517112 0.00083105 0.00106291 0.00124578 0.00138285 0.00150874 0.00160506 0.00170372 0.00179947 0.00188724 0.001968 0.00205666 0.00213214 0.00223522 0.00234723 0.00244164 0.00255206 0.00264852 0.00275856 0.00286096 0.00297093 0.00306035 0.00312135 0.00315119 0.00313152 0.0030674 0.00296224 0.00275581 0.00245267 0.00204907 0.00150946 0.000829143 -2.62897e-05 -0.00103268 -0.00222651 -0.00356981 -0.00505594 -0.0066626 -0.00831809 -0.00999829 -0.0116282 -0.0131569 -0.0145219 -0.0156916 -0.0165937 -0.017143 -0.0173356 -0.0171783 -0.0166799 -0.0158737 -0.0148182 -0.0135479 -0.0121056 -0.0105824 -0.0090573 -0.00756917 -0.00617075 -0.00492696 -0.00386831 -0.0030061 -0.00236747 -0.00196595 
0 -0.0090653 -0.0180441 -0.0268454 -0.0353635 -0.043485 -0.0510924 -0.0580777 -0.0643268 -0.0697314 -0.0742125 -0.0776954 -0.0801197 -0.0814422 -0.0816758 -0.0808383 -0.0789898 -0.0762523 -0.0727408 -0.0685726 -0.0638879 -0.058893 -0.053722 -0.048508 -0.0433958 -0.0384957 -0.0338797 -0.0296062 -0.0257514 -0.0222981 -0.0192536 -0.016612 -0.0143641 -0.0124715 -0.0108876 -0.0095596 -0.00843867 -0.00752617 -0.006767 -0.00613568 -0.00562288 -0.00520793 -0.00484712 -0.0045375 -0.00428175 -0.00406131 -0.00386208 -0.00368753 -0.00351591 -0.00336795 -0.00324097 -0.00309581 -0.00296626 -0.00284695 -0.00274541 -0.00265401 -0.0025797 -0.00252058 -0.00248518 -0.00249124 -0.00253983 -0.00264324 -0.00285058 -0.00315368 -0.00359135 -0.00419005 -0.00495133 -0.00594729 -0.00719048 -0.00866743 -0.0103852 -0.0123208 -0.0144291 -0.0166435 -0.0188372 -0.0208899 -0.0226375 -0.0238959 -0.0244705 -0.0242103 -0.0229725 -0.0207094 -0.0174667 -0.0133461 -0.00853646 -0.00332752 0.00200684 0.00712032 0.0116965 0.0154863 0.0182826 0.0200024 0.0206822 0.0204134 0.0194276 0.0179574 0.0162578 0.0146119 0.0132217 0.012262 0.0118783 0.0120803 0.0128687 0.0141528 0.0157506 0.0174722 0.019058 0.0202205 0.0207282 0.0203357 0.0189194 0.0164488 0.012978 0.00869809 0.00385725 -0.00127001 -0.00632942 -0.01103 -0.0150956 -0.0183035 -0.0205393 -0.021782 -0.0220656 -0.0215148 -0.0202833 -0.0185518 -0.016487 -0.0142659 -0.0120128 -0.00984692 -0.00784165 -0.00604151 -0.0044899 -0.0031728 -0.00205722 -0.00116647 -0.000450923 0.000118659 0.000549715 0.00089307 0.00114803 0.00134554 0.00152122 0.00166567 0.00177535 0.00187055 0.00196053 0.00205724 0.00215078 0.00225477 0.00234696 0.00245884 0.00257754 0.00268128 0.00279661 0.00291904 0.00303283 0.00314047 0.00323852 0.00331382 0.003365 0.00336988 0.00331644 0.00320977 0.00305647 0.00279311 0.00241606 0.00191816 0.00128056 0.000484229 -0.000472236 -0.00159245 -0.00289689 -0.00434062 -0.00590554 -0.00752937 -0.00917162 -0.010795 -0.012352 -0.0137638 -0.0149621 -0.0159343 -0.0166109 -0.0169432 -0.0169368 -0.016628 -0.0160318 -0.015196 -0.0141942 -0.0130563 -0.0118228 -0.0105898 -0.00943671 -0.00838248 -0.00744572 -0.00665322 -0.00600889 -0.00550089 -0.00515336 -0.00496044 
0 -0.00839577 -0.0167254 -0.0249299 -0.0329556 -0.0407299 -0.0481594 -0.0551339 -0.0615392 -0.0672703 -0.072242 -0.0763626 -0.0795326 -0.0816758 -0.0827672 -0.0827937 -0.0817774 -0.0797985 -0.0769426 -0.0733032 -0.0690207 -0.064291 -0.0592441 -0.0540116 -0.0487582 -0.0436243 -0.0387005 -0.0340652 -0.029808 -0.0259364 -0.0224743 -0.0194354 -0.0168161 -0.0145808 -0.0126869 -0.0110937 -0.00975955 -0.00867087 -0.0077587 -0.00698475 -0.00635088 -0.00584266 -0.00541537 -0.00505443 -0.00475358 -0.00449043 -0.00425166 -0.00404302 -0.00384998 -0.00368741 -0.00354529 -0.00338448 -0.00323509 -0.00310471 -0.00299428 -0.0028938 -0.00280993 -0.00274452 -0.00270856 -0.00271464 -0.00276196 -0.00287442 -0.00309949 -0.00342842 -0.00389701 -0.00454093 -0.00537469 -0.00645143 -0.00777682 -0.00934988 -0.011185 -0.0132547 -0.0155049 -0.0178606 -0.0201923 -0.0223611 -0.0241979 -0.025515 -0.0261055 -0.0258097 -0.0244939 -0.0221022 -0.0186717 -0.0143091 -0.00921333 -0.00368746 0.00196179 0.00737104 0.0122166 0.0162453 0.0192488 0.0211377 0.0219384 0.0217402 0.0207723 0.0192833 0.0175446 0.0158505 0.0144237 0.0134495 0.0130733 0.0133129 0.014159 0.0155063 0.0171645 0.0189268 0.0205206 0.0216542 0.0220889 0.0215806 0.0200037 0.0173278 0.0136092 0.00904012 0.00388464 -0.00155393 -0.00690539 -0.0118594 -0.0161332 -0.019513 -0.021885 -0.0232103 -0.0235217 -0.0229475 -0.0216461 -0.019812 -0.0176293 -0.0152709 -0.0128707 -0.010562 -0.00842978 -0.00651092 -0.00483683 -0.00340813 -0.00221191 -0.00125739 -0.000487852 0.000129827 0.000601439 0.000972004 0.00124951 0.00146554 0.00165687 0.00181619 0.00193756 0.00204179 0.00214109 0.00224551 0.00235082 0.002463 0.00256595 0.00268603 0.00280778 0.00291448 0.00303827 0.00317659 0.00330428 0.00340965 0.00348845 0.0035415 0.00357532 0.00356597 0.00348557 0.00333537 0.00311796 0.00278044 0.00232379 0.00174066 0.00100393 9.26737e-05 -0.000983404 -0.00221397 -0.00360629 -0.00511816 -0.00671999 -0.00834231 -0.00993582 -0.0114754 -0.0129207 -0.0141876 -0.0152054 -0.0159608 -0.0164108 -0.0165358 -0.0163738 -0.0159662 -0.0153235 -0.0144982 -0.0135785 -0.0126117 -0.0116337 -0.0107303 -0.00996263 -0.00933331 -0.00884202 -0.00848966 -0.00825329 -0.00809562 -0.00802693 -0.00802962 
0 -0.00765671 -0.0152741 -0.0228185 -0.0302764 -0.0376041 -0.0447411 -0.0515885 -0.0580447 -0.0640111 -0.0693835 -0.0740595 -0.0779062 -0.0808383 -0.0827937 -0.0837229 -0.0836081 -0.0824744 -0.0803961 -0.077429 -0.0737095 -0.0693943 -0.0646071 -0.0594959 -0.0542286 -0.0489796 -0.0438266 -0.0388794 -0.0342455 -0.0299707 -0.0261011 -0.0226493 -0.0196274 -0.0170062 -0.0147625 -0.0128684 -0.0112863 -0.00998198 -0.00888963 -0.00795505 -0.00719352 -0.00657712 -0.00605719 -0.00562058 -0.00524929 -0.00494266 -0.0046667 -0.00442696 -0.00420707 -0.00401701 -0.00385224 -0.00368388 -0.00352578 -0.00339516 -0.00327183 -0.0031494 -0.00304633 -0.00296392 -0.00293462 -0.00294739 -0.00300233 -0.00312494 -0.00336196 -0.0037146 -0.00422145 -0.00490598 -0.00581095 -0.00696416 -0.00837112 -0.0100414 -0.0119844 -0.0141781 -0.0165676 -0.0190626 -0.0215299 -0.0238105 -0.0257236 -0.0270955 -0.0276961 -0.0273565 -0.0259546 -0.0234333 -0.0198195 -0.015246 -0.00990144 -0.00409388 0.00184972 0.00754938 0.0126741 0.016944 0.0201561 0.0222048 0.0231222 0.0229997 0.0220681 0.020587 0.0188464 0.0171297 0.0156897 0.0147119 0.0143409 0.014607 0.0154976 0.0168858 0.018592 0.0203833 0.0219786 0.0230757 0.0234248 0.0227759 0.0210146 0.0181101 0.0141443 0.00930503 0.00386973 -0.001845 -0.00746202 -0.0126646 -0.0171405 -0.0206891 -0.0231908 -0.0245923 -0.024928 -0.0243384 -0.0229678 -0.0210337 -0.0187362 -0.016248 -0.0137151 -0.0112738 -0.00901338 -0.00697936 -0.00518792 -0.00365097 -0.00237659 -0.00134958 -0.000529224 0.000132918 0.000650211 0.00105741 0.00136278 0.00159834 0.00178835 0.00195477 0.00208195 0.00220272 0.00232631 0.00244742 0.00256628 0.00267991 0.00278861 0.00292265 0.00305776 0.00317279 0.00330051 0.0034307 0.00356226 0.00366196 0.00373382 0.00377462 0.00378645 0.003753 0.00363581 0.00343804 0.00315076 0.00272802 0.00217675 0.00150008 0.000659711 -0.000359073 -0.001557 -0.0028887 -0.00434361 -0.00588314 -0.00747506 -0.00907339 -0.0106001 -0.0120399 -0.0133366 -0.0144222 -0.0152429 -0.0157844 -0.0160331 -0.0159814 -0.0157032 -0.0152396 -0.0145998 -0.0138351 -0.0130408 -0.0122869 -0.0116069 -0.0110638 -0.0106861 -0.0104589 -0.0103741 -0.0104236 -0.0105621 -0.0107277 -0.0109038 -0.0110692 
0 -0.00687704 -0.0137482 -0.0206133 -0.0274569 -0.0342734 -0.0410165 -0.0476315 -0.0540345 -0.0601214 -0.065789 -0.0708974 -0.0753372 -0.0789898 -0.0817774 -0.0836081 -0.0844103 -0.084202 -0.0829893 -0.0808387 -0.0778159 -0.074057 -0.0696845 -0.0648306 -0.0597067 -0.0544394 -0.0491602 -0.043974 -0.0390249 -0.034398 -0.0301255 -0.0262624 -0.0228181 -0.0198013 -0.0171921 -0.0149612 -0.0130751 -0.0115048 -0.0101789 -0.00907216 -0.00815516 -0.00740712 -0.00677441 -0.00622868 -0.0057949 -0.00542831 -0.00512344 -0.00484427 -0.00458858 -0.0043667 -0.00417388 -0.00398586 -0.00382281 -0.00367544 -0.00354183 -0.00341141 -0.00329043 -0.00321507 -0.00317458 -0.00319174 -0.00325362 -0.0033892 -0.00363665 -0.00402584 -0.00456585 -0.0053052 -0.00624928 -0.00747058 -0.00898289 -0.0107614 -0.0128095 -0.0151238 -0.0176418 -0.020263 -0.0228374 -0.0252127 -0.0272216 -0.0286296 -0.0292436 -0.0288747 -0.0273769 -0.0247105 -0.0209433 -0.0161595 -0.0105916 -0.00453001 0.00167773 0.00766006 0.0130421 0.0175554 0.0209687 0.0231947 0.024229 0.0242022 0.023325 0.0218801 0.0201492 0.018449 0.0170049 0.0160353 0.0156725 0.0159672 0.0168774 0.0183082 0.0200396 0.0218437 0.023418 0.0244661 0.0246976 0.023901 0.0219374 0.0188113 0.0145944 0.00950786 0.00381306 -0.0021574 -0.00803502 -0.0134512 -0.0181398 -0.0218457 -0.0244473 -0.0259159 -0.0262863 -0.0256608 -0.02425 -0.0222413 -0.0198379 -0.0172257 -0.014563 -0.0119891 -0.00959185 -0.0074285 -0.00554447 -0.00392628 -0.00255473 -0.00145649 -0.000572423 0.000129731 0.000692041 0.0011335 0.00146712 0.00171494 0.00193486 0.00210617 0.00225411 0.00238538 0.00252051 0.0026615 0.00278736 0.00290287 0.00302195 0.00316494 0.00331849 0.00345789 0.00358173 0.00371785 0.00382662 0.00392524 0.00398649 0.00401332 0.00400067 0.00391116 0.00373794 0.00348005 0.00312582 0.00263123 0.00198673 0.00119929 0.000260056 -0.000868872 -0.00215098 -0.00356991 -0.00506715 -0.0066088 -0.00817796 -0.00970788 -0.0111657 -0.0124759 -0.0136074 -0.0144852 -0.0150893 -0.0154415 -0.0155177 -0.0153486 -0.0149876 -0.0145057 -0.0139162 -0.0132701 -0.0126654 -0.0121623 -0.0118037 -0.0116197 -0.0116156 -0.0117581 -0.0120305 -0.012422 -0.0128759 -0.0133144 -0.0136956 -0.0139926 
0 -0.00608291 -0.0122046 -0.0183691 -0.0245875 -0.0308401 -0.0371329 -0.0434299 -0.049673 -0.0557726 -0.061596 -0.067038 -0.0719549 -0.0762523 -0.0797985 -0.0824744 -0.084202 -0.0849275 -0.0846696 -0.0834018 -0.0811973 -0.0781321 -0.0743187 -0.0699034 -0.0650348 -0.0598936 -0.0545855 -0.0492785 -0.0441069 -0.0391697 -0.0345304 -0.0302518 -0.026394 -0.022976 -0.0199787 -0.0173753 -0.0151517 -0.0132663 -0.011695 -0.0103644 -0.009273 -0.00836258 -0.00759145 -0.00695071 -0.00641696 -0.00599143 -0.005622 -0.00529399 -0.005007 -0.00475853 -0.00453344 -0.00432634 -0.00412133 -0.0039609 -0.00381172 -0.00367544 -0.00356178 -0.00347245 -0.003439 -0.00344148 -0.0034953 -0.00364811 -0.00392791 -0.00434172 -0.00491548 -0.00567358 -0.00670096 -0.00799794 -0.00957909 -0.011463 -0.0136446 -0.0160777 -0.0187087 -0.0214302 -0.0241163 -0.0265862 -0.0286515 -0.0301162 -0.0307359 -0.0303115 -0.0287451 -0.0259798 -0.0220347 -0.0170682 -0.0112786 -0.00496447 0.00149038 0.0077004 0.0133244 0.0180466 0.0216703 0.0240753 0.0252691 0.0253612 0.0245697 0.0231711 0.0214819 0.0197813 0.0183547 0.0174008 0.0170583 0.0173822 0.0183381 0.019781 0.0215288 0.0233083 0.0248301 0.0257829 0.0258909 0.024931 0.0227878 0.0194401 0.0150068 0.00966432 0.0037039 -0.00251401 -0.00861947 -0.014257 -0.0190919 -0.0229337 -0.0256544 -0.0271818 -0.0275651 -0.026944 -0.0254815 -0.0234007 -0.0209173 -0.0181936 -0.0153948 -0.0126686 -0.0101488 -0.00789062 -0.00589067 -0.00416206 -0.00273534 -0.00155923 -0.000616043 0.000148182 0.000749816 0.00120786 0.00156129 0.00184718 0.00207918 0.00228813 0.00244816 0.00258742 0.00272854 0.00286171 0.00300503 0.00313101 0.0032667 0.00342241 0.0035812 0.00372651 0.0038668 0.00398978 0.00410809 0.0041822 0.00422772 0.00423549 0.00418143 0.00405113 0.00380935 0.00348951 0.00306428 0.00249839 0.00176325 0.00086783 -0.00019171 -0.00140309 -0.00275995 -0.00421543 -0.00573306 -0.00727723 -0.00879341 -0.0102579 -0.0115896 -0.0127698 -0.0137206 -0.0144013 -0.0148181 -0.0149937 -0.0149633 -0.0147157 -0.0143315 -0.0138603 -0.0133561 -0.0128817 -0.0125057 -0.0122867 -0.0122354 -0.0123817 -0.0127093 -0.0131803 -0.0137624 -0.0144286 -0.0151258 -0.0157745 -0.0163224 -0.0167318 
