0 0 0 0 0 0 0 0 0 0 0 0 0 0 0 0 0 0 0 0 0 0 0 0 0 0 0 0 0 0 0 0 0 0 0 0 0 0 0 0 0 0 0 0 0 0 0 0 0 0 0 0 0 0 0 0 0 0 0 0 0 0 0 0 0 0 0 0 0 0 0 0 0 0 0 0 0 0 0 0 0 0 0 0 0 0 0 0 0 0 0 0 0 0 0 0 0 0 0 0 0 0 0 0 0 0 0 0 0 0 0 0 0 0 0 0 0 0 0 0 0 0 0 0 0 0 0 0 0 0 0 0 0 0 0 0 0 0 0 0 0 0 0 0 0 0 0 0 0 0 0 0 0 0 0 0 0 0 0 0 0 0 0 0 0 0 0 0 0 0 0 0 0 0 0 0 0 0 0 0 0 0 0 0 0 0 0 0 0 0 0 0 0 0 0 0 0 0 0 0 
0 0.000397526 0.000759905 0.0010331 0.00119053 0.00121597 0.00110363 0.000848195 0.000459499 -3.34385e-05 -0.000622229 -0.00127807 -0.00196346 -0.00263725 -0.00325557 -0.00378796 -0.00420305 -0.00450487 -0.00469827 -0.00478657 -0.0047773 -0.00466239 -0.00445854 -0.00419215 -0.00388949 -0.00357198 -0.0032467 -0.00293127 -0.00261752 -0.00230862 -0.00203772 -0.00180098 -0.00160293 -0.0014267 -0.00127301 -0.00113815 -0.0010119 -0.000916263 -0.000833782 -0.000772461 -0.000717858 -0.000656428 -0.000596461 -0.000552649 -0.000524649 -0.000503766 -0.000483512 -0.000460068 -0.000432454 -0.000402079 -0.000383218 -0.000363157 -0.000355098 -0.000340893 -0.000316694 -0.00028911 -0.000274696 -0.000264343 -0.000262524 -0.000258448 -0.000242242 -0.000229589 -0.000212295 -0.000196116 -0.00018548 -0.000179512 -0.000170637 -0.000169939 -0.000162926 -0.000164329 -0.000160466 -0.000174476 -0.000205756 -0.000246278 -0.000283949 -0.000331552 -0.000397967 -0.000498907 -0.000614639 -0.000758462 -0.000927532 -0.00110325 -0.00129013 -0.00147984 -0.00164793 -0.0017889 -0.0018937 -0.00194222 -0.00191495 -0.00178512 -0.00154371 -0.00117301 -0.000692887 -0.000128801 0.00049452 0.00114082 0.0017616 0.00233393 0.0027964 0.00311644 0.0032657 0.00322522 0.00300092 0.00262633 0.00211879 0.00153724 0.000918691 0.000305945 -0.000258579 -0.000741264 -0.00113083 -0.00141351 -0.00159935 -0.0016899 -0.00170507 -0.001646 -0.0015199 -0.00135847 -0.00117162 -0.000971102 -0.000792031 -0.000629227 -0.000476512 -0.000352797 -0.000242728 -0.000149124 -6.71642e-05 -3.8744e-06 4.00589e-05 7.00377e-05 0.000100943 0.000115055 0.00013035 0.000141442 0.00015862 0.000163057 0.000160644 0.000157925 0.00016706 0.000181158 0.000202096 0.000211354 0.000215112 0.000220012 0.000222424 0.000231196 0.000246154 0.000263189 0.000274901 0.000288971 0.000289459 0.000304494 0.000332053 0.000363972 0.000390188 0.000407712 0.000420286 0.000442463 0.000473945 0.000513308 0.000553359 0.000596879 0.00064678 0.000692465 0.000769518 0.000863976 0.000976372 0.00109954 0.00122966 0.00138685 0.00157385 0.00180378 0.00206204 0.00234311 0.00264409 0.00294506 0.00325205 0.00356577 0.00385564 0.00408703 0.00422767 0.00426682 0.00417968 0.00395161 0.00357952 0.00303544 0.00231253 0.00140768 0.000342869 -0.000856178 -0.00216453 -0.0035403 -0.00495848 -0.00637351 -0.00774387 -0.00902034 -0.0101441 -0.0110766 -0.011781 -0.0122535 
0 0.000759905 0.00144138 0.00196979 0.00225666 0.00230942 0.00208216 0.00158255 0.000824672 -0.000150073 -0.00129614 -0.00258432 -0.00390958 -0.00521514 -0.00641467 -0.0074542 -0.00828342 -0.00888848 -0.00927823 -0.00945052 -0.00942614 -0.00920369 -0.00882216 -0.00831816 -0.00774977 -0.00712501 -0.00648881 -0.0058648 -0.00524978 -0.00466488 -0.00412577 -0.00366682 -0.00324581 -0.00288079 -0.00256587 -0.00229151 -0.0020562 -0.00185677 -0.00168901 -0.00155433 -0.00144254 -0.00133225 -0.00123199 -0.00114405 -0.00108757 -0.0010138 -0.000959629 -0.000907227 -0.000851343 -0.000811881 -0.000764253 -0.000724819 -0.000697029 -0.000666803 -0.000629349 -0.000590929 -0.000557626 -0.000541144 -0.000510204 -0.000491418 -0.000455459 -0.000429676 -0.000419785 -0.000394841 -0.000367623 -0.000351179 -0.000335492 -0.000336727 -0.000332244 -0.000317644 -0.000334507 -0.000365069 -0.000401711 -0.000459085 -0.000554701 -0.000672179 -0.000829233 -0.00101868 -0.001255 -0.0015337 -0.00184322 -0.00218688 -0.00257554 -0.00294459 -0.00330171 -0.00361682 -0.00381967 -0.00389941 -0.00383326 -0.00354801 -0.00305726 -0.00234024 -0.0013962 -0.00027976 0.000961061 0.0022597 0.00351506 0.0046583 0.00558547 0.00622212 0.00651584 0.00642779 0.0059772 0.00521555 0.0042027 0.00305137 0.0018293 0.000619514 -0.000493672 -0.00147791 -0.00228039 -0.00285105 -0.00323037 -0.00340326 -0.00339398 -0.0032665 -0.00302977 -0.00269853 -0.00234332 -0.00197016 -0.00160977 -0.00127659 -0.000976319 -0.000700774 -0.000464873 -0.000272531 -0.000140703 -3.16699e-05 7.03961e-05 0.000151167 0.000192107 0.000232107 0.000261596 0.000285609 0.000316216 0.000328218 0.000337166 0.000354129 0.000359967 0.0003801 0.000405971 0.000408443 0.000429546 0.000442279 0.0004626 0.000482506 0.000502574 0.000527194 0.000557647 0.000583775 0.000609552 0.000627542 0.000672213 0.000715842 0.000748985 0.000795453 0.00082995 0.000890114 0.000956832 0.0010277 0.00110311 0.0012005 0.00130359 0.00141811 0.00155782 0.00173974 0.00195082 0.00219166 0.00247953 0.00280316 0.0032019 0.00365322 0.00416271 0.00471938 0.00531729 0.00592399 0.00652554 0.00712349 0.00766226 0.00808262 0.00833366 0.00839571 0.00820058 0.00773552 0.0069659 0.00587262 0.00443003 0.00263767 0.000548468 -0.00182431 -0.00439219 -0.00711748 -0.00990939 -0.0126944 -0.0153905 -0.017881 -0.0200984 -0.0219235 -0.0233326 -0.0242741 
0 0.0010331 0.00196979 0.00267656 0.00307602 0.003124 0.00279639 0.00207295 0.000975369 -0.000421407 -0.00207961 -0.00391044 -0.00580081 -0.00764845 -0.00935781 -0.0108646 -0.0120858 -0.0130017 -0.0135957 -0.0138649 -0.0138468 -0.0135532 -0.0130411 -0.0123644 -0.0115628 -0.0106752 -0.0097359 -0.00881962 -0.00792892 -0.00707009 -0.0063004 -0.00559528 -0.00496421 -0.00439389 -0.0039118 -0.00351246 -0.00315292 -0.00285808 -0.00258169 -0.00235782 -0.00217711 -0.00201408 -0.00187129 -0.00175527 -0.0016486 -0.00153707 -0.00143522 -0.00135436 -0.00128848 -0.00122054 -0.00116145 -0.00108352 -0.00103417 -0.000989984 -0.000943432 -0.000895509 -0.000864395 -0.000817866 -0.000771956 -0.000724107 -0.000668186 -0.000646017 -0.000626418 -0.000600855 -0.000571178 -0.000539914 -0.000503195 -0.000498305 -0.000491167 -0.000505538 -0.000503609 -0.000535168 -0.000605859 -0.000710032 -0.000832118 -0.00100283 -0.00123559 -0.00155141 -0.00189572 -0.00230033 -0.00276964 -0.0032762 -0.00383854 -0.00442624 -0.00496346 -0.00541175 -0.00572561 -0.00584773 -0.00572994 -0.00531078 -0.00457393 -0.00347883 -0.00207032 -0.000410056 0.00143832 0.00337187 0.00524811 0.00697625 0.00837208 0.00932565 0.00975274 0.00960606 0.00891564 0.00778528 0.00628262 0.00456961 0.00275055 0.000939188 -0.000748095 -0.00221395 -0.00340765 -0.00427548 -0.0048317 -0.00508236 -0.00509047 -0.00488567 -0.0045063 -0.00403987 -0.00351499 -0.00295218 -0.00242659 -0.00192637 -0.00144627 -0.00104533 -0.000703383 -0.00043068 -0.000208327 -3.51528e-05 9.80791e-05 0.000203237 0.00030406 0.000352647 0.000388605 0.000411116 0.000458128 0.000491235 0.000517158 0.000536504 0.000560862 0.000575265 0.000597343 0.000603885 0.000625328 0.000669422 0.000706595 0.000738826 0.000764967 0.000793748 0.00082899 0.000889077 0.000920752 0.00096622 0.00101709 0.0010681 0.00112215 0.00118857 0.00126539 0.00136232 0.00145884 0.00155536 0.00166083 0.00180437 0.00198744 0.00216389 0.00239594 0.00265588 0.00296823 0.00334422 0.0037822 0.00430805 0.00490133 0.00557685 0.0063141 0.00712514 0.00801216 0.00890537 0.00978329 0.0106235 0.0113543 0.0119101 0.0122272 0.0122694 0.0119455 0.0111977 0.0100136 0.00834405 0.00618832 0.00354627 0.000466798 -0.00299668 -0.00677792 -0.010762 -0.0148571 -0.0189236 -0.022837 -0.0264675 -0.029674 -0.0323593 -0.0344254 -0.0358295 
0 0.00119053 0.00225666 0.00307602 0.00350754 0.00354292 0.0031073 0.00219351 0.000823026 -0.000929656 -0.00297937 -0.0052522 -0.00757873 -0.00986712 -0.0120036 -0.0139119 -0.0154995 -0.0167117 -0.0175246 -0.0179249 -0.0179585 -0.0176514 -0.0170732 -0.0162681 -0.0153002 -0.0141817 -0.0129992 -0.0118248 -0.010674 -0.00957621 -0.00854859 -0.00762842 -0.00676647 -0.00600286 -0.00534982 -0.00479391 -0.00431491 -0.00389602 -0.00352305 -0.00320949 -0.00295197 -0.0027227 -0.00252597 -0.00235319 -0.00221891 -0.00205884 -0.00193413 -0.00183059 -0.00173556 -0.00166126 -0.00156811 -0.00147642 -0.00140429 -0.00133736 -0.00126702 -0.00119907 -0.00113917 -0.00109767 -0.00103535 -0.00098947 -0.000923806 -0.000878711 -0.000854795 -0.000806774 -0.000750862 -0.00070981 -0.000674296 -0.000669004 -0.000661246 -0.000646398 -0.000676754 -0.000734908 -0.000811351 -0.000927213 -0.0011087 -0.00133955 -0.00165051 -0.00203616 -0.00250931 -0.00306544 -0.00368872 -0.00437708 -0.00514141 -0.00588228 -0.00658877 -0.00720048 -0.00760299 -0.00775811 -0.007613 -0.00704629 -0.00606193 -0.00462485 -0.00274576 -0.000522705 0.00194308 0.00451715 0.00700869 0.00927148 0.0111065 0.0123651 0.0129395 0.0127626 0.0118678 0.0103562 0.00835149 0.00606292 0.0036352 0.00123352 -0.000982519 -0.00293097 -0.00451579 -0.00565453 -0.00640249 -0.00674766 -0.0067415 -0.00648629 -0.0060134 -0.00536642 -0.00465897 -0.00391681 -0.00320175 -0.00253838 -0.00193747 -0.00139621 -0.000933636 -0.00055587 -0.000283791 -6.05427e-05 0.000139823 0.000299666 0.000395631 0.000473966 0.000528415 0.000570965 0.000622329 0.000648106 0.000671057 0.000705151 0.000725586 0.000761942 0.000803883 0.000813951 0.000854949 0.000892295 0.000938304 0.000975913 0.00100683 0.00104514 0.00110268 0.00116805 0.00123347 0.00128551 0.00136623 0.00144271 0.00151211 0.0016124 0.00170727 0.00183847 0.00197059 0.00210357 0.00225401 0.00246107 0.00270305 0.00297179 0.00328186 0.00365357 0.00408339 0.00458973 0.00520111 0.0058959 0.00670483 0.00758504 0.00854745 0.00959585 0.0107274 0.0118707 0.0129685 0.0139936 0.0148567 0.0154819 0.0158027 0.0157725 0.0152588 0.0142081 0.0125695 0.0103283 0.00747042 0.00400719 1.18783e-05 -0.00449111 -0.00936802 -0.0145268 -0.0197945 -0.0250133 -0.030025 -0.0346457 -0.0387607 -0.042192 -0.044874 -0.0466909 
0 0.00121597 0.00230942 0.003124 0.00354292 0.0035096 0.0029705 0.00189 0.000298093 -0.00170763 -0.0040528 -0.00662466 -0.00927551 -0.0118881 -0.0143527 -0.0165818 -0.0184611 -0.0199321 -0.0209559 -0.0215167 -0.0216574 -0.0214001 -0.02081 -0.0199463 -0.0188588 -0.0176011 -0.0162387 -0.0148684 -0.0135032 -0.0121622 -0.0109152 -0.00976278 -0.00871166 -0.0077571 -0.00692455 -0.0062053 -0.00556349 -0.00502137 -0.00453914 -0.0041372 -0.00379657 -0.00348431 -0.00320883 -0.00298607 -0.00280093 -0.00262264 -0.00246228 -0.00232307 -0.00219634 -0.00207402 -0.00196449 -0.00185067 -0.00176934 -0.00168983 -0.00159664 -0.00149964 -0.00142955 -0.00136428 -0.001307 -0.00124834 -0.00116943 -0.00111283 -0.00105917 -0.00100031 -0.000947235 -0.000903301 -0.000859809 -0.000845584 -0.000826807 -0.000827947 -0.000837174 -0.000902941 -0.00102747 -0.00119908 -0.00140535 -0.00167877 -0.00205114 -0.00255059 -0.00313588 -0.0038309 -0.0046278 -0.00549076 -0.00642272 -0.00736565 -0.00823146 -0.00895795 -0.00946475 -0.00966595 -0.00947386 -0.00878279 -0.00755088 -0.00573211 -0.00338502 -0.000617384 0.00244769 0.00563442 0.00872277 0.011538 0.0138179 0.0153782 0.0160831 0.0158566 0.0147384 0.0128704 0.0103903 0.00754275 0.00452235 0.00152747 -0.00124851 -0.00365635 -0.00560511 -0.00702586 -0.0079419 -0.00837385 -0.00840162 -0.00808397 -0.00747841 -0.006695 -0.00580687 -0.00487028 -0.00398725 -0.00316659 -0.00240678 -0.00175504 -0.001193 -0.000728755 -0.000350729 -5.19959e-05 0.000177721 0.000351896 0.000496004 0.000584261 0.000654701 0.000710766 0.000781103 0.000822907 0.000846701 0.000869448 0.000907476 0.000953855 0.00101008 0.00103916 0.00107419 0.00112421 0.00117149 0.00122219 0.00127493 0.00133436 0.00140154 0.00148424 0.00154034 0.00161487 0.00171472 0.00182418 0.001934 0.00204988 0.00217116 0.00232315 0.00249335 0.00267999 0.00289078 0.00315445 0.00346798 0.00380165 0.00422264 0.00471527 0.00529176 0.00595911 0.00672152 0.0076066 0.00860321 0.00970853 0.0108931 0.0121602 0.0135006 0.0148223 0.0160764 0.0172136 0.0181355 0.0187524 0.0189867 0.0187801 0.0180048 0.0165794 0.0144753 0.0116534 0.00812071 0.00389398 -0.000960308 -0.00637322 -0.0122372 -0.0183939 -0.0246772 -0.0308807 -0.0368173 -0.0423083 -0.0471791 -0.0512801 -0.0544755 -0.0566574 
0 0.00110363 0.00208216 0.00279639 0.0031073 0.0029705 0.00230938 0.00109649 -0.000634158 -0.00279304 -0.00528964 -0.00803226 -0.0108685 -0.0136884 -0.0163741 -0.0188228 -0.0209214 -0.0226027 -0.0238303 -0.0245819 -0.0248771 -0.024728 -0.0241914 -0.0233271 -0.0222095 -0.0208844 -0.0194341 -0.0179308 -0.0163929 -0.0148616 -0.0133991 -0.0120527 -0.0108022 -0.00966094 -0.0086388 -0.00772945 -0.00692597 -0.00623588 -0.00564244 -0.00514243 -0.0047108 -0.00431526 -0.00396679 -0.00367578 -0.00344236 -0.00321203 -0.00300991 -0.0028285 -0.00265999 -0.00251253 -0.00237079 -0.00224238 -0.00214152 -0.00204437 -0.0019341 -0.0018218 -0.00172622 -0.00165023 -0.00156944 -0.00149467 -0.00140257 -0.00132839 -0.00127038 -0.00120171 -0.00113381 -0.00108257 -0.00104096 -0.00102306 -0.00100361 -0.00099004 -0.00101887 -0.00109935 -0.00122837 -0.00141702 -0.00168266 -0.00202984 -0.00249243 -0.00307857 -0.00378501 -0.00461243 -0.00554916 -0.00658103 -0.00770154 -0.00881713 -0.00986377 -0.0107491 -0.0113451 -0.0115641 -0.0113126 -0.0104604 -0.00897269 -0.00681398 -0.00402198 -0.000720955 0.00293371 0.00673775 0.0104298 0.0137717 0.0164805 0.0183309 0.0191602 0.0188867 0.0175563 0.0153173 0.0123641 0.00897403 0.00538094 0.0018245 -0.00147284 -0.00435597 -0.00669425 -0.00839616 -0.00949321 -0.010004 -0.0100109 -0.00962512 -0.00891915 -0.007983 -0.00693584 -0.00584172 -0.00478655 -0.00380241 -0.00290354 -0.00210541 -0.00141989 -0.000856436 -0.000424085 -7.88513e-05 0.000205618 0.000427151 0.000583091 0.000699246 0.00078931 0.000867432 0.000946761 0.000995986 0.0010307 0.00106856 0.00110744 0.00116238 0.00122206 0.00125438 0.00130247 0.00135598 0.00141859 0.00148255 0.00154864 0.0016234 0.00171116 0.00180104 0.00187907 0.00196027 0.0020789 0.00221108 0.00234344 0.00249003 0.00263725 0.00282648 0.00304629 0.00329521 0.00357928 0.00391967 0.00430249 0.0047307 0.00525071 0.00588097 0.00661223 0.00744207 0.0083827 0.00944125 0.0106421 0.0119539 0.0133516 0.0148104 0.0162981 0.0177309 0.0190506 0.0202112 0.0211032 0.021618 0.021668 0.0211889 0.0200618 0.018222 0.0156249 0.0122437 0.00807055 0.00313291 -0.00248496 -0.0087083 -0.0153905 -0.0223825 -0.0294815 -0.0364804 -0.0431752 -0.0493598 -0.0548617 -0.0594827 -0.0630934 -0.0655501 
0 0.000848195 0.00158255 0.00207295 0.00219351 0.00189 0.00109649 -0.000211806 -0.00200046 -0.00419449 -0.00671607 -0.0094846 -0.0123701 -0.0152602 -0.0180401 -0.0206008 -0.0228382 -0.0246861 -0.026107 -0.0270668 -0.0275573 -0.0275769 -0.0271687 -0.0263966 -0.0253301 -0.0240223 -0.0225442 -0.0209627 -0.0193088 -0.0176335 -0.0160078 -0.0144786 -0.0130411 -0.0117088 -0.0104995 -0.00941377 -0.00844707 -0.0076005 -0.00686362 -0.00623125 -0.00568544 -0.00519962 -0.00477626 -0.00441904 -0.00411484 -0.00382704 -0.00357242 -0.00335405 -0.00316126 -0.00298728 -0.0028157 -0.00265434 -0.00251964 -0.00240036 -0.0022793 -0.00216033 -0.00205283 -0.0019533 -0.00184915 -0.00174873 -0.00164708 -0.00156722 -0.00150244 -0.00142684 -0.00134672 -0.00127581 -0.00122035 -0.00119234 -0.0011767 -0.00117277 -0.00120542 -0.00129188 -0.00144022 -0.00165846 -0.00196231 -0.00237028 -0.00291612 -0.00360584 -0.00443001 -0.00538779 -0.00647274 -0.00767278 -0.00896809 -0.0102704 -0.0114849 -0.0124997 -0.0131825 -0.0134229 -0.0131056 -0.0121053 -0.0103619 -0.00784695 -0.00461018 -0.000786996 0.00344238 0.00783908 0.0121143 0.0159762 0.0191062 0.0212362 0.0221796 0.0218509 0.0203062 0.0177143 0.014309 0.0103899 0.00623715 0.0021232 -0.00169896 -0.0050368 -0.00774093 -0.009721 -0.010988 -0.0115811 -0.0115926 -0.011139 -0.0103196 -0.00924791 -0.00804306 -0.00678821 -0.00556839 -0.0044233 -0.003374 -0.00244587 -0.00165508 -0.00100708 -0.000498986 -9.47206e-05 0.00023296 0.000493411 0.000687697 0.000827968 0.000927666 0.0010105 0.00109212 0.00115567 0.00120712 0.00125928 0.0013105 0.00136772 0.00142163 0.00146007 0.00151701 0.00159208 0.00167526 0.00175301 0.00182484 0.00190349 0.00200277 0.00211414 0.00222117 0.00233139 0.00246726 0.00261644 0.00277545 0.0029549 0.00315256 0.00339018 0.00366083 0.00396365 0.00431443 0.00473648 0.00522043 0.00576886 0.00641798 0.00718852 0.00807665 0.0090799 0.0102023 0.0114493 0.0128309 0.014318 0.0158761 0.0174688 0.019045 0.0205174 0.0218255 0.0229144 0.0236772 0.0239933 0.023768 0.0229297 0.0213836 0.0190751 0.0159658 0.0120284 0.00725249 0.00167494 -0.00461299 -0.0115055 -0.0188476 -0.026476 -0.0341891 -0.0417793 -0.0490346 -0.0557407 -0.0616984 -0.0666996 -0.0705929 -0.0732359 
0 0.000459499 0.000824672 0.000975369 0.000823026 0.000298093 -0.000634158 -0.00200046 -0.00377471 -0.0059043 -0.00833996 -0.0110053 -0.0138066 -0.0166291 -0.0193756 -0.0219442 -0.0242449 -0.0262118 -0.0277961 -0.0289529 -0.029652 -0.0298857 -0.0296785 -0.0290882 -0.0281549 -0.0269403 -0.0254982 -0.0239048 -0.022209 -0.0204572 -0.0187258 -0.0170366 -0.0154258 -0.0139071 -0.0125182 -0.0112671 -0.0101361 -0.00912511 -0.00822463 -0.00744021 -0.00676382 -0.0061748 -0.00566206 -0.00522635 -0.00483465 -0.00448688 -0.00417593 -0.00391783 -0.00369911 -0.00349006 -0.00328996 -0.00309386 -0.00292427 -0.00277607 -0.00263333 -0.00249556 -0.00237419 -0.00225194 -0.00213968 -0.00202224 -0.00191394 -0.00182418 -0.00173853 -0.00164863 -0.00155636 -0.00146983 -0.00140508 -0.00136618 -0.00134482 -0.00135206 -0.00138732 -0.00148717 -0.00166408 -0.00191761 -0.00225416 -0.00271673 -0.00333044 -0.00411805 -0.00506007 -0.0061604 -0.00741196 -0.00878915 -0.0102486 -0.0117251 -0.0130864 -0.0142114 -0.0149779 -0.0152415 -0.0148597 -0.0137196 -0.011725 -0.00885147 -0.00517028 -0.000824512 0.00397518 0.00894768 0.013778 0.018129 0.0216511 0.0240456 0.0251043 0.0247345 0.0229912 0.0200613 0.0162111 0.0117642 0.00705722 0.00239824 -0.00193372 -0.00570176 -0.00874889 -0.0109965 -0.0124272 -0.0131072 -0.0131422 -0.0126351 -0.0117079 -0.0105041 -0.0091299 -0.00770256 -0.00631816 -0.00502308 -0.00383744 -0.00279638 -0.00190403 -0.00117151 -0.000576656 -0.00010394 0.000269959 0.000564166 0.000796728 0.000955051 0.00107137 0.00116528 0.00125021 0.0013226 0.00138111 0.00143706 0.00150483 0.00157192 0.00163319 0.00169073 0.00175254 0.00184267 0.00193435 0.00202137 0.00210196 0.00218972 0.00230034 0.00243575 0.00256864 0.00271689 0.00287488 0.00304734 0.00323925 0.00345161 0.00370786 0.00400059 0.00433056 0.00469515 0.00512004 0.00563351 0.00624194 0.00693374 0.00773707 0.00865476 0.00970045 0.0108787 0.0121828 0.0136229 0.0151639 0.0167878 0.0184443 0.0201013 0.0216962 0.0231344 0.024347 0.0252589 0.0257763 0.0257845 0.0251942 0.0239265 0.0219114 0.0190932 0.0154524 0.0109641 0.00563184 -0.000497371 -0.00733588 -0.014743 -0.0225756 -0.0306461 -0.0387728 -0.0467487 -0.0543598 -0.0613958 -0.0676222 -0.0728471 -0.0768883 -0.0796259 
0 -3.34385e-05 -0.000150073 -0.000421407 -0.000929656 -0.00170763 -0.00279304 -0.00419449 -0.0059043 -0.00791075 -0.0101667 -0.0126318 -0.015223 -0.0178554 -0.0204529 -0.0229287 -0.0252154 -0.0272342 -0.0289249 -0.0302422 -0.0311385 -0.0316099 -0.0316604 -0.0313104 -0.0305942 -0.0295384 -0.0282237 -0.0267027 -0.0250415 -0.0232982 -0.0215002 -0.0197142 -0.017954 -0.0162816 -0.0147249 -0.0132938 -0.0119963 -0.0108037 -0.009743 -0.00880673 -0.00798948 -0.00727689 -0.00665642 -0.00611298 -0.00564228 -0.00521935 -0.00485081 -0.00453152 -0.00424904 -0.00399988 -0.00375705 -0.00354546 -0.00335169 -0.00317417 -0.00300155 -0.00284031 -0.00268525 -0.00255964 -0.00243182 -0.00230494 -0.00218469 -0.00206447 -0.00196174 -0.00185867 -0.00175555 -0.00167049 -0.00161147 -0.00156113 -0.00153251 -0.00151613 -0.00157509 -0.00169689 -0.00188812 -0.00216659 -0.00256285 -0.00308443 -0.00377406 -0.00463707 -0.00570727 -0.00695317 -0.00835636 -0.0099072 -0.0115433 -0.0131611 -0.0146711 -0.015926 -0.0167595 -0.0170308 -0.0165885 -0.0152851 -0.0130312 -0.0098216 -0.00570411 -0.000846229 0.00450025 0.0100349 0.0154082 0.0202175 0.0241135 0.02676 0.0279224 0.0275118 0.0255847 0.0223184 0.018038 0.0130885 0.00784218 0.0026579 -0.00215184 -0.00635119 -0.00974502 -0.012241 -0.0138414 -0.0146099 -0.0146408 -0.0140862 -0.0130797 -0.0117301 -0.0101997 -0.00861922 -0.00706627 -0.0056199 -0.00432115 -0.00315643 -0.00215775 -0.00132098 -0.000657748 -0.000127053 0.00030527 0.000643594 0.00087703 0.00106463 0.0012043 0.00133047 0.00142952 0.00150823 0.00157179 0.00163518 0.00169969 0.0017836 0.0018607 0.00193559 0.00201586 0.00209826 0.00219828 0.00229637 0.0023986 0.00251347 0.00264942 0.00278793 0.0029471 0.00310698 0.00329584 0.00350558 0.00373422 0.00399582 0.00429782 0.00465214 0.00505511 0.005507 0.00603316 0.00665786 0.00738411 0.00823455 0.00918552 0.0102715 0.0114841 0.0128298 0.0143202 0.0159177 0.0176084 0.0193219 0.0210292 0.0226833 0.0242095 0.0255332 0.0265506 0.0271823 0.0273404 0.0269312 0.0258859 0.024126 0.0215931 0.0182449 0.0140532 0.00903547 0.00320216 -0.00338124 -0.0106206 -0.018391 -0.0265213 -0.0348566 -0.0431928 -0.0513474 -0.0591111 -0.0662571 -0.0725787 -0.0778523 -0.0819314 -0.0846777 
0 -0.000622229 -0.00129614 -0.00207961 -0.00297937 -0.0040528 -0.00528964 -0.00671607 -0.00833996 -0.0101667 -0.0121882 -0.0143535 -0.0166397 -0.0189762 -0.0213244 -0.0236185 -0.0258035 -0.0277978 -0.029536 -0.0309704 -0.0320546 -0.0327742 -0.0331 -0.0330438 -0.0325838 -0.031782 -0.030669 -0.0293064 -0.0277576 -0.0260574 -0.0242758 -0.0224274 -0.0206001 -0.0188114 -0.0171031 -0.0155033 -0.0140174 -0.0126558 -0.0114323 -0.0103406 -0.00937037 -0.00851178 -0.00775264 -0.00710634 -0.00652644 -0.00604404 -0.00559581 -0.00519832 -0.00485192 -0.00453142 -0.0042591 -0.00401744 -0.00379841 -0.00359425 -0.00339598 -0.00320644 -0.00304209 -0.00288075 -0.00274638 -0.00259067 -0.00245235 -0.00231833 -0.00218774 -0.00207752 -0.00198242 -0.00188857 -0.00181771 -0.00175828 -0.00172204 -0.0017274 -0.00176389 -0.00188252 -0.00211089 -0.00243819 -0.00286007 -0.00344944 -0.00421856 -0.00519855 -0.00637366 -0.00774285 -0.00929739 -0.0110088 -0.0127921 -0.0146022 -0.0162562 -0.0176026 -0.0185118 -0.0187896 -0.018248 -0.0167935 -0.0142821 -0.0107107 -0.00617754 -0.000844134 0.00503063 0.0110936 0.0169818 0.0222598 0.0265216 0.0294008 0.0306548 0.0301824 0.0280516 0.0244794 0.0198005 0.014373 0.00862917 0.00293825 -0.00236513 -0.00697195 -0.0106932 -0.0134599 -0.0152096 -0.0160522 -0.0161097 -0.0154909 -0.0143652 -0.0129161 -0.0112454 -0.00951788 -0.00782364 -0.00623324 -0.00477803 -0.00349745 -0.00239774 -0.00149052 -0.000728185 -0.000127166 0.000331218 0.000685754 0.000974601 0.00117975 0.00134261 0.00148042 0.00159551 0.0017012 0.00177671 0.00183693 0.00191704 0.00199952 0.00208011 0.0021798 0.00225847 0.00236365 0.00246742 0.00258394 0.00271363 0.00285769 0.00301054 0.00317213 0.00333165 0.00352544 0.00373799 0.00399317 0.00428641 0.00459015 0.00496041 0.00537023 0.00585776 0.00642117 0.00707514 0.00782479 0.00869084 0.0096778 0.0108004 0.0120537 0.0134479 0.0149707 0.0165979 0.0183332 0.0200947 0.0218618 0.0235551 0.0251283 0.0265019 0.0275959 0.0283268 0.0285805 0.0282946 0.0273893 0.0258165 0.0235056 0.0204267 0.0165264 0.0118062 0.00628746 2.31768e-05 -0.00690499 -0.0144203 -0.0223729 -0.0306477 -0.0390502 -0.0474183 -0.0555545 -0.063253 -0.0703226 -0.0765271 -0.0817172 -0.085702 -0.0883902 
0 -0.00127807 -0.00258432 -0.00391044 -0.0052522 -0.00662466 -0.00803226 -0.0094846 -0.0110053 -0.0126318 -0.0143535 -0.0161613 -0.0180608 -0.0200298 -0.0220517 -0.0240786 -0.0260775 -0.0279733 -0.0296979 -0.031219 -0.0324669 -0.0334185 -0.0340234 -0.0342555 -0.0341142 -0.0336077 -0.0327847 -0.0316472 -0.0302608 -0.028687 -0.0269549 -0.0251424 -0.023286 -0.0214373 -0.0196139 -0.0178567 -0.0162172 -0.0146868 -0.0133039 -0.0120487 -0.0109099 -0.00989412 -0.00899876 -0.00821062 -0.00752613 -0.00693392 -0.00640733 -0.0059368 -0.00552132 -0.00515953 -0.00483089 -0.00454955 -0.00428544 -0.00403936 -0.00381337 -0.00360907 -0.00340492 -0.00323045 -0.00305933 -0.00288806 -0.00274328 -0.00259496 -0.00246082 -0.0023339 -0.00220298 -0.00208968 -0.00201192 -0.00194434 -0.0019138 -0.00190811 -0.00198116 -0.00211397 -0.00232803 -0.0026629 -0.00315715 -0.00382109 -0.00468001 -0.00573649 -0.00703564 -0.00853775 -0.0102292 -0.0121021 -0.0140611 -0.0160006 -0.0178008 -0.0192726 -0.0202239 -0.0204762 -0.0198535 -0.0182127 -0.0154457 -0.0115644 -0.0066247 -0.000810792 0.00557065 0.0121615 0.0185489 0.0242352 0.0288242 0.0319236 0.0332601 0.0327477 0.0304492 0.0265638 0.0214857 0.0156045 0.00936772 0.00320364 -0.00252796 -0.00754049 -0.0116021 -0.0146087 -0.0165347 -0.0174623 -0.0175008 -0.0168308 -0.0156368 -0.0140515 -0.0122512 -0.0103951 -0.00854915 -0.00681114 -0.00524212 -0.00383015 -0.00262119 -0.00161339 -0.000809497 -0.000169815 0.000355465 0.000775885 0.00107783 0.0013211 0.00150177 0.00165501 0.00176584 0.00186591 0.00195983 0.00204919 0.00213635 0.00223171 0.00231588 0.00241922 0.00252283 0.00262789 0.00275492 0.00288299 0.00302477 0.00318559 0.0033616 0.00354031 0.00375235 0.00397659 0.00423481 0.00453533 0.0048739 0.00525192 0.00568732 0.00618559 0.0067694 0.00745424 0.0082513 0.00915205 0.0101642 0.0113238 0.0126022 0.0140362 0.0156022 0.0172696 0.0190226 0.0208077 0.0225989 0.0243257 0.0259372 0.0273488 0.02846 0.0292305 0.0295581 0.0293574 0.0285623 0.0271115 0.0249676 0.0220716 0.0184203 0.0139865 0.00876704 0.00282009 -0.0037945 -0.0109748 -0.0186298 -0.0266424 -0.0348799 -0.0431973 -0.0514076 -0.0593372 -0.0667893 -0.0735689 -0.0795083 -0.0844438 -0.0882449 -0.0907947 
0 -0.00196346 -0.00390958 -0.00580081 -0.00757873 -0.00927551 -0.0108685 -0.0123701 -0.0138066 -0.015223 -0.0166397 -0.0180608 -0.0195512 -0.0211135 -0.0227496 -0.024433 -0.0261571 -0.0278667 -0.0295122 -0.0310526 -0.0324156 -0.0335553 -0.0344017 -0.0349362 -0.035116 -0.0349658 -0.0344686 -0.0336211 -0.0324809 -0.031093 -0.0295181 -0.0277829 -0.0259739 -0.0241102 -0.0222248 -0.0203757 -0.0186066 -0.0169297 -0.0153745 -0.0139371 -0.012625 -0.0114515 -0.0104033 -0.00947808 -0.00863962 -0.00793588 -0.00730478 -0.00675264 -0.00627526 -0.00583957 -0.00545289 -0.00510616 -0.0047868 -0.00450119 -0.00425081 -0.00402096 -0.00380186 -0.00358386 -0.00339417 -0.00319839 -0.00304129 -0.00288567 -0.00272959 -0.00258829 -0.00245487 -0.00232079 -0.00221905 -0.00214123 -0.00210735 -0.00212352 -0.00218404 -0.00232376 -0.00258317 -0.00296732 -0.00348156 -0.00419971 -0.00512748 -0.00629106 -0.00769877 -0.00933773 -0.0111912 -0.0132269 -0.0153268 -0.0174272 -0.0193343 -0.0208676 -0.0218685 -0.0221167 -0.0213981 -0.0196066 -0.0165865 -0.0123494 -0.00700357 -0.000739768 0.00613138 0.0131978 0.0200357 0.0261304 0.0310319 0.0343261 0.0357428 0.0351756 0.032699 0.028547 0.0231089 0.016789 0.0100921 0.0034567 -0.0027253 -0.00810271 -0.0124539 -0.0157012 -0.0177727 -0.018788 -0.0188731 -0.0181649 -0.0168674 -0.0151812 -0.0132401 -0.0112348 -0.00924999 -0.00738131 -0.00567874 -0.004171 -0.00287812 -0.00180447 -0.00089688 -0.000173943 0.000388763 0.000832519 0.00118784 0.00145293 0.00165336 0.00180784 0.00192746 0.0020499 0.00215806 0.00225788 0.00236765 0.00246795 0.00255739 0.00267826 0.00278571 0.00292127 0.00306337 0.00321413 0.00337406 0.00354856 0.0037366 0.00395086 0.00419903 0.00448723 0.0047894 0.00513667 0.00553845 0.0059823 0.00652425 0.00712433 0.00782398 0.00863367 0.00956667 0.0106162 0.0118019 0.0131335 0.0145955 0.0161838 0.0178915 0.019676 0.0214902 0.023303 0.0250323 0.0266563 0.0280904 0.0292485 0.0300249 0.0303714 0.0302236 0.0294865 0.0281287 0.0260936 0.0233467 0.0198424 0.0156113 0.0106521 0.00499367 -0.00130683 -0.00817058 -0.0154914 -0.0231805 -0.0311039 -0.0391706 -0.0472183 -0.0551008 -0.0626438 -0.0696644 -0.0760089 -0.0815159 -0.0860971 -0.0896055 -0.091963 
0 -0.00263725 -0.00521514 -0.00764845 -0.00986712 -0.0118881 -0.0136884 -0.0152602 -0.0166291 -0.0178554 -0.0189762 -0.0200298 -0.0211135 -0.0222567 -0.0234738 -0.0247647 -0.0261517 -0.0276122 -0.029101 -0.030586 -0.0319839 -0.0332436 -0.0342946 -0.0350956 -0.0356042 -0.0357992 -0.0356601 -0.0351546 -0.034333 -0.033234 -0.0318767 -0.0303016 -0.0285817 -0.0267645 -0.0248787 -0.0229831 -0.0211281 -0.0193234 -0.0176118 -0.0160103 -0.0145355 -0.0132066 -0.0120082 -0.0109188 -0.00993255 -0.00908362 -0.0083344 -0.00767376 -0.0070966 -0.00658198 -0.00612378 -0.00571969 -0.00534982 -0.00501456 -0.00472202 -0.00445877 -0.00420118 -0.00396457 -0.00374916 -0.0035354 -0.0033531 -0.0031676 -0.00298932 -0.00283392 -0.00268843 -0.00255638 -0.00245276 -0.00236273 -0.00231428 -0.00232 -0.00240224 -0.00256237 -0.00283008 -0.00323996 -0.00381754 -0.00460113 -0.00560459 -0.00685342 -0.00838312 -0.010162 -0.0121629 -0.0143473 -0.0165936 -0.0188072 -0.0208294 -0.0224578 -0.0234918 -0.0237072 -0.0228937 -0.0209123 -0.0176377 -0.0130872 -0.0073548 -0.000649176 0.00668212 0.0142163 0.0214824 0.0279319 0.0331066 0.0365823 0.0380671 0.0374634 0.0348378 0.0304205 0.0246291 0.0179045 0.0107647 0.00369777 -0.00288083 -0.00862235 -0.0132805 -0.0167483 -0.0189807 -0.0200771 -0.0201666 -0.019426 -0.018069 -0.0162722 -0.0142091 -0.0120688 -0.00994151 -0.00793825 -0.0061271 -0.00451311 -0.00312179 -0.00195203 -0.000981871 -0.000204139 0.000419173 0.000909202 0.00127823 0.00156736 0.00179695 0.00198481 0.00212743 0.00225799 0.00237766 0.00248668 0.00259843 0.00270872 0.00281651 0.00295628 0.00308914 0.00322948 0.00338662 0.00355377 0.0037404 0.00394773 0.00416644 0.00440998 0.00470331 0.00503469 0.00539205 0.00579895 0.00626751 0.00680802 0.0074559 0.00818832 0.00902543 0.00998275 0.0110677 0.0122741 0.0136266 0.015136 0.0167568 0.0184779 0.0202768 0.0221128 0.0239486 0.0257179 0.027344 0.0287731 0.0299387 0.0307476 0.0310965 0.0309569 0.0302564 0.0289277 0.0269512 0.0242987 0.0209402 0.0168411 0.0120575 0.00662326 0.000591713 -0.00596582 -0.012972 -0.0203254 -0.0279304 -0.0356612 -0.043417 -0.0510584 -0.0584482 -0.0654454 -0.0718955 -0.0776639 -0.0826398 -0.0867507 -0.0898918 -0.0919902 
0 -0.00325557 -0.00641467 -0.00935781 -0.0120036 -0.0143527 -0.0163741 -0.0180401 -0.0193756 -0.0204529 -0.0213244 -0.0220517 -0.0227496 -0.0234738 -0.0242574 -0.0251324 -0.0261476 -0.0273037 -0.0285657 -0.0299084 -0.0312632 -0.0325792 -0.0337851 -0.0348177 -0.0356172 -0.0361383 -0.0363509 -0.0362144 -0.0357582 -0.0349974 -0.0339222 -0.0325715 -0.0310208 -0.0293261 -0.027509 -0.0256245 -0.0237284 -0.021842 -0.0200143 -0.0182722 -0.0166393 -0.015142 -0.013776 -0.0125234 -0.0113901 -0.0103996 -0.0095168 -0.00872368 -0.00802439 -0.00741213 -0.00687774 -0.00641103 -0.00598236 -0.00558893 -0.00524441 -0.00493904 -0.00464759 -0.00438457 -0.004142 -0.00390387 -0.00368895 -0.00347158 -0.00326814 -0.00309928 -0.00294995 -0.00281252 -0.00269463 -0.00259343 -0.00253851 -0.00254015 -0.00262016 -0.00278729 -0.00307891 -0.00352605 -0.00415413 -0.00500308 -0.00609256 -0.00744078 -0.00907997 -0.0109822 -0.013119 -0.0154426 -0.0178319 -0.0201738 -0.0222994 -0.023995 -0.025048 -0.0252229 -0.024302 -0.0221353 -0.0186066 -0.0137342 -0.00762781 -0.00051374 0.0072454 0.0152054 0.0228652 0.0296572 0.035091 0.0387269 0.0402664 0.0396099 0.0368324 0.0321793 0.0260735 0.0189805 0.011437 0.00395796 -0.00300983 -0.00909504 -0.0140402 -0.0177263 -0.0201132 -0.0212946 -0.0214049 -0.0206297 -0.0191966 -0.0173013 -0.0151326 -0.0128732 -0.0106219 -0.00848988 -0.00655327 -0.00482973 -0.00334892 -0.0020985 -0.00105395 -0.000213231 0.000452159 0.000972953 0.00137164 0.00169179 0.00194769 0.00215627 0.00232158 0.00247103 0.002604 0.00272081 0.00283521 0.00295119 0.00307553 0.00323493 0.00339227 0.00354817 0.00371891 0.00390545 0.00412418 0.00437285 0.00463369 0.00491651 0.00525132 0.00563046 0.00605406 0.00654639 0.00711712 0.00777521 0.00854151 0.0094034 0.0103834 0.0115036 0.0127593 0.0141346 0.015649 0.0173109 0.0190666 0.020887 0.022734 0.0245636 0.0263406 0.0279874 0.0294188 0.0305648 0.0313623 0.031725 0.0315723 0.0308879 0.0296025 0.027655 0.0250384 0.0217553 0.0177933 0.01314 0.00786247 0.0020218 -0.00430672 -0.0110377 -0.0180896 -0.0253694 -0.0327818 -0.0402075 -0.0475365 -0.0546386 -0.0613966 -0.067711 -0.0734691 -0.0785658 -0.0829265 -0.0864983 -0.089208 -0.0910044 
0 -0.00378796 -0.0074542 -0.0108646 -0.0139119 -0.0165818 -0.0188228 -0.0206008 -0.0219442 -0.0229287 -0.0236185 -0.0240786 -0.024433 -0.0247647 -0.0251324 -0.0255997 -0.026233 -0.0270443 -0.0280195 -0.0291397 -0.0303746 -0.0316719 -0.032955 -0.0341545 -0.0351799 -0.035998 -0.0365431 -0.036779 -0.0367038 -0.0363001 -0.0355664 -0.0345074 -0.0332147 -0.0317142 -0.0300278 -0.0282159 -0.0263378 -0.0244383 -0.0225522 -0.0207056 -0.0189327 -0.0172716 -0.0157321 -0.0143208 -0.0130254 -0.0118859 -0.0108526 -0.00991813 -0.00909638 -0.00837357 -0.00775143 -0.00719858 -0.00669071 -0.00622887 -0.00582595 -0.0054638 -0.00513286 -0.00481852 -0.00454462 -0.00428383 -0.00404815 -0.00381813 -0.0035922 -0.0033952 -0.00322476 -0.00306123 -0.0029211 -0.0028161 -0.00275928 -0.002777 -0.00285441 -0.00302571 -0.00333824 -0.00382192 -0.00449656 -0.00542292 -0.00659417 -0.00804186 -0.00977956 -0.011803 -0.0140782 -0.0165404 -0.0190601 -0.0215315 -0.0237459 -0.025489 -0.0265484 -0.0266675 -0.0256176 -0.0232697 -0.0194992 -0.0143167 -0.00785963 -0.000360411 0.00781338 0.016171 0.0241852 0.0312859 0.0369409 0.0407101 0.0423045 0.0416041 0.0386866 0.033822 0.0274215 0.019979 0.0120689 0.00421582 -0.00311278 -0.00951273 -0.0147302 -0.018643 -0.0211848 -0.0224524 -0.022595 -0.0217894 -0.0202756 -0.0182941 -0.0160191 -0.0136417 -0.0112765 -0.00902934 -0.00696959 -0.00514217 -0.00356331 -0.00224236 -0.00112712 -0.00022673 0.0004815 0.00104026 0.00149115 0.00184156 0.00212619 0.00234118 0.0025118 0.00267092 0.00281709 0.00295636 0.00309788 0.00322739 0.00336727 0.00353954 0.0037077 0.00388932 0.00407452 0.00428776 0.00453728 0.00482235 0.00512765 0.00546929 0.00586026 0.00631475 0.00681729 0.0074065 0.0080961 0.00888003 0.00978378 0.0107793 0.0119104 0.0132012 0.0146385 0.0161902 0.017859 0.0196338 0.0214816 0.0233474 0.0251925 0.0269589 0.0285885 0.0300226 0.0311501 0.0319288 0.0322769 0.0321211 0.0314086 0.0301231 0.0282277 0.0256497 0.0223989 0.0184971 0.0139599 0.00881139 0.00312333 -0.00303032 -0.00956158 -0.0163808 -0.0233896 -0.0304968 -0.037613 -0.0446213 -0.0514226 -0.0578789 -0.0639088 -0.069446 -0.0744248 -0.0787843 -0.0824647 -0.0854528 -0.0876845 -0.0891514 
0 -0.00420305 -0.00828342 -0.0120858 -0.0154995 -0.0184611 -0.0209214 -0.0228382 -0.0242449 -0.0252154 -0.0258035 -0.0260775 -0.0261571 -0.0261517 -0.0261476 -0.026233 -0.0264767 -0.0269201 -0.0275494 -0.0283907 -0.0294241 -0.0306073 -0.0318773 -0.0331349 -0.0343369 -0.03539 -0.0362501 -0.0368377 -0.0371283 -0.0371166 -0.0367511 -0.0360711 -0.0350926 -0.033856 -0.0323705 -0.0306966 -0.0289126 -0.0270575 -0.0251572 -0.0232508 -0.0213742 -0.019581 -0.0179006 -0.0163131 -0.0148655 -0.0135432 -0.0123591 -0.0112824 -0.0103188 -0.00947547 -0.00872675 -0.00806195 -0.00746453 -0.0069305 -0.00646758 -0.00605705 -0.00565599 -0.00530073 -0.00497123 -0.00468885 -0.00443084 -0.00417965 -0.00393576 -0.00371616 -0.00350782 -0.00333041 -0.00317767 -0.00305899 -0.00300051 -0.00300915 -0.00311154 -0.00330459 -0.00362372 -0.00413407 -0.00488512 -0.00586488 -0.00711306 -0.00864479 -0.0104996 -0.0126509 -0.0150621 -0.0176505 -0.0203064 -0.022854 -0.0251473 -0.0269454 -0.0279883 -0.0280349 -0.0268805 -0.0243247 -0.0203078 -0.014842 -0.00804112 -0.000166904 0.00836722 0.0170956 0.0254352 0.0327929 0.0386412 0.0425378 0.0441606 0.0434232 0.0403944 0.0353292 0.0286612 0.0209226 0.012659 0.00445849 -0.0031866 -0.00989412 -0.0153823 -0.01948 -0.0221883 -0.0235519 -0.0237134 -0.0228964 -0.0213454 -0.0192604 -0.0168883 -0.0143913 -0.0119059 -0.00953804 -0.0073819 -0.00546075 -0.00380194 -0.00238 -0.00121297 -0.000260932 0.000511084 0.00112487 0.0015961 0.00198288 0.00228881 0.00252925 0.00271349 0.00287122 0.00304031 0.00320964 0.00337134 0.0035241 0.00368112 0.00385391 0.00405255 0.00424609 0.00447617 0.00472665 0.0050159 0.00533907 0.00568855 0.0060844 0.00656283 0.00710138 0.00771378 0.00841095 0.00921126 0.0101478 0.0111897 0.0123583 0.0136496 0.0151051 0.0167041 0.0184049 0.0201919 0.022048 0.0239199 0.0257727 0.0275432 0.0291675 0.030588 0.0316976 0.0324506 0.0327657 0.032613 0.0319017 0.030586 0.0286795 0.0261354 0.0229384 0.0190735 0.0145956 0.00953857 0.00395992 -0.00205191 -0.00841974 -0.015057 -0.0218706 -0.028753 -0.0356015 -0.0423157 -0.0488093 -0.0549719 -0.0607094 -0.0659426 -0.0706494 -0.0748053 -0.0783707 -0.081347 -0.0837107 -0.0854613 -0.0865908 
0 -0.00450487 -0.00888848 -0.0130017 -0.0167117 -0.0199321 -0.0226027 -0.0246861 -0.0262118 -0.0272342 -0.0277978 -0.0279733 -0.0278667 -0.0276122 -0.0273037 -0.0270443 -0.0269201 -0.0269745 -0.0272521 -0.0277628 -0.0285331 -0.0295143 -0.0306536 -0.0318972 -0.0331661 -0.034409 -0.0355062 -0.0364017 -0.0370468 -0.0374063 -0.037457 -0.0371629 -0.036557 -0.0356375 -0.0344292 -0.0329852 -0.0313613 -0.0296052 -0.0277479 -0.0258302 -0.0239165 -0.022049 -0.0202419 -0.0185194 -0.0168942 -0.0154143 -0.0140656 -0.0128347 -0.011724 -0.010724 -0.00983819 -0.00904934 -0.00834307 -0.00772842 -0.00719455 -0.00670722 -0.0062651 -0.00584104 -0.00547212 -0.00514708 -0.00484087 -0.00455246 -0.00427508 -0.00402943 -0.00382743 -0.00363256 -0.00345541 -0.00332738 -0.00325651 -0.0032733 -0.00335893 -0.00356457 -0.00393651 -0.00449205 -0.00526112 -0.00630771 -0.00763685 -0.00927995 -0.0112371 -0.0135139 -0.0160536 -0.018758 -0.0215065 -0.0241627 -0.0265052 -0.0283157 -0.0293548 -0.0293445 -0.0280431 -0.0253103 -0.0210466 -0.0152647 -0.00814219 5.48255e-05 0.00894089 0.0179761 0.0265861 0.0341933 0.0402101 0.0441913 0.0458575 0.0450723 0.0419242 0.036709 0.0298222 0.0217985 0.0132451 0.00472014 -0.00325622 -0.0102377 -0.0159549 -0.0202623 -0.0230993 -0.0245487 -0.0247729 -0.0239557 -0.022339 -0.0201982 -0.0177294 -0.0151166 -0.0125157 -0.0100386 -0.00776128 -0.00575158 -0.0040128 -0.00254486 -0.00128911 -0.00025225 0.000556381 0.00118741 0.00170511 0.00211458 0.00245405 0.00271219 0.00292609 0.00312223 0.00330051 0.00347851 0.00365315 0.0038144 0.003994 0.00419332 0.00440971 0.00465429 0.00490947 0.00521119 0.00554989 0.00591963 0.00632647 0.00679478 0.00734976 0.0080048 0.00873477 0.00955874 0.0105004 0.0115734 0.012792 0.0141304 0.0156056 0.0172172 0.0189413 0.0207472 0.0226084 0.0244895 0.026346 0.0281024 0.0297103 0.0311093 0.0322112 0.032947 0.0332229 0.033028 0.0323099 0.0310066 0.029088 0.026529 0.0233527 0.0195331 0.015106 0.0101194 0.0046225 -0.00129471 -0.00754849 -0.0140349 -0.0206769 -0.0273853 -0.0340452 -0.0405446 -0.0467752 -0.0526546 -0.0581088 -0.0630593 -0.0674719 -0.0713334 -0.0746447 -0.0774132 -0.0796542 -0.0814062 -0.0826722 -0.083485 
