0 0 0 0 0 0 0 0 0 0 0 0 0 0 0 0 0 0 0 0 0 0 0 0 0 0 0 0 0 0 0 0 0 0 0 0 0 0 0 0 0 0 0 0 0 0 0 0 0 0 0 0 0 0 0 0 0 0 0 0 0 0 0 0 0 0 0 0 0 0 0 0 0 0 0 0 0 0 0 0 0 0 0 0 0 0 0 0 0 0 0 0 0 0 0 0 0 0 0 0 0 0 0 0 0 0 0 0 0 0 0 0 0 0 0 0 0 0 0 0 0 0 0 0 0 0 0 0 0 0 0 0 0 0 0 0 0 0 0 0 0 0 0 0 0 0 0 0 0 0 0 0 0 0 0 0 0 0 0 0 0 0 0 0 0 0 0 0 0 0 0 0 0 0 0 0 0 0 0 0 0 0 0 0 0 0 0 0 0 0 0 0 0 0 0 0 0 0 0 0 
0 -0.00197086 -0.00387816 -0.00565233 -0.00723353 -0.00853609 -0.00953386 -0.0102217 -0.0106073 -0.0107119 -0.0105599 -0.0101962 -0.00963863 -0.00894468 -0.00817276 -0.00735671 -0.00652992 -0.00571395 -0.00494598 -0.00423222 -0.00359771 -0.00306225 -0.00260542 -0.00221444 -0.00186996 -0.00157786 -0.00133908 -0.00115126 -0.00100882 -0.00088715 -0.000783882 -0.000696091 -0.000622312 -0.000578336 -0.000548472 -0.000514463 -0.000475358 -0.000437557 -0.000414441 -0.000390867 -0.000379104 -0.000365819 -0.000344821 -0.000325799 -0.000303767 -0.000293038 -0.000292063 -0.000290486 -0.000274977 -0.000258402 -0.000240781 -0.000229629 -0.000221261 -0.00021882 -0.000212569 -0.000204068 -0.000193742 -0.000182116 -0.000180543 -0.000188039 -0.000193322 -0.000190772 -0.000190076 -0.000183395 -0.00020381 -0.000237477 -0.000277758 -0.000331684 -0.000404392 -0.000491565 -0.000599931 -0.000709963 -0.000853453 -0.00102768 -0.00120965 -0.00139718 -0.00157933 -0.00174055 -0.00187657 -0.00196977 -0.00199917 -0.00194585 -0.00179613 -0.00156267 -0.00124095 -0.000847554 -0.000407125 4.88594e-05 0.000501017 0.000904478 0.00124545 0.00151204 0.00169051 0.00176363 0.00175782 0.00166514 0.00152206 0.00137342 0.00124416 0.00115314 0.00113672 0.00116603 0.00124926 0.0013743 0.00151227 0.00163869 0.0017421 0.00177394 0.00172927 0.00159321 0.00136274 0.00103797 0.000649972 0.000210698 -0.000244305 -0.000678055 -0.00105895 -0.00137829 -0.00160915 -0.00175512 -0.00181638 -0.00179968 -0.00171479 -0.00157711 -0.00141081 -0.0012271 -0.00103229 -0.0008538 -0.000692874 -0.000537252 -0.000405309 -0.000284764 -0.000184905 -0.000103181 -4.20082e-05 -5.27318e-06 1.51991e-05 4.77783e-05 7.09218e-05 9.4154e-05 0.000111302 0.000122389 0.000128071 0.000134649 0.000138063 0.000150223 0.000165726 0.000168767 0.000166948 0.000164944 0.000172705 0.000187624 0.000206643 0.000218243 0.000228199 0.000233918 0.000241951 0.000247944 0.000269801 0.000288859 0.000294938 0.000301282 0.000304149 0.000324788 0.000352218 0.000375111 0.000388288 0.000394229 0.000402042 0.000409051 0.000420426 0.000428525 0.000405567 0.000365782 0.000320757 0.000273063 0.000220099 0.000143732 4.87187e-05 -7.47661e-05 -0.000211328 -0.00036001 -0.00052804 -0.000707217 -0.000912077 -0.00111887 -0.00130873 -0.0014647 -0.00158931 -0.0016958 -0.00177483 -0.00184649 -0.00189491 -0.00190328 -0.00186965 -0.00180935 -0.00174795 -0.00168283 -0.00164167 -0.00161851 
0 -0.00387816 -0.00760973 -0.0110928 -0.0141746 -0.0167535 -0.0187357 -0.0201303 -0.0209326 -0.0211614 -0.0209036 -0.0202055 -0.0191544 -0.0178154 -0.016316 -0.0147176 -0.0130731 -0.0114707 -0.00994761 -0.00854981 -0.00728719 -0.00620432 -0.00527308 -0.0044714 -0.00378699 -0.00321081 -0.00273485 -0.00234592 -0.0020368 -0.00177477 -0.00157343 -0.00139723 -0.00126182 -0.00115575 -0.00108281 -0.0010134 -0.000936758 -0.000892699 -0.00084452 -0.000804993 -0.000766607 -0.000734223 -0.000703042 -0.000674304 -0.000638076 -0.000611299 -0.000586053 -0.000570349 -0.000538506 -0.000509655 -0.000500672 -0.000470192 -0.000458885 -0.000437487 -0.00042126 -0.000412186 -0.000393839 -0.000367761 -0.000360389 -0.000354336 -0.000356619 -0.000349943 -0.000358707 -0.000386755 -0.000423871 -0.00047817 -0.000543611 -0.000651059 -0.000788898 -0.00095347 -0.00116442 -0.00143006 -0.00171799 -0.00205105 -0.00241139 -0.0027885 -0.00314891 -0.00348503 -0.00375779 -0.00394043 -0.00398088 -0.00386906 -0.003586 -0.0031178 -0.00247867 -0.00171477 -0.000830907 9.19761e-05 0.00098115 0.00180926 0.0025092 0.00302989 0.00337874 0.00352218 0.00347467 0.00329592 0.00303328 0.00275001 0.00251145 0.00235076 0.0022845 0.0023258 0.0024815 0.00271697 0.00300244 0.00329287 0.00349428 0.00356202 0.00347264 0.00317328 0.00269612 0.00206448 0.00127689 0.000404913 -0.00048168 -0.00134983 -0.00211341 -0.00273798 -0.00321159 -0.00351706 -0.00363695 -0.00359742 -0.00341734 -0.00314909 -0.0028169 -0.00245494 -0.00207693 -0.00170523 -0.00134263 -0.0010496 -0.000798531 -0.000565517 -0.000367535 -0.000217513 -9.76102e-05 -1.31155e-05 7.0557e-05 0.000131089 0.000169177 0.000201338 0.000220688 0.000244061 0.000257287 0.000270637 0.000282085 0.000294908 0.000315384 0.000333982 0.00033157 0.000354857 0.000363317 0.000383771 0.000402162 0.000409192 0.000430741 0.000454911 0.000473671 0.000490585 0.000520105 0.000552879 0.000581838 0.000601616 0.000635522 0.000662496 0.00071067 0.000742959 0.000769647 0.000801353 0.000820239 0.000832803 0.000836784 0.000839686 0.000799632 0.000736561 0.000655002 0.000562709 0.000435821 0.000281796 8.75809e-05 -0.000150831 -0.000418002 -0.000733824 -0.00106973 -0.0014455 -0.00183421 -0.0022352 -0.00260103 -0.00290478 -0.00317162 -0.0033758 -0.00354183 -0.00366021 -0.00374588 -0.00375917 -0.00369621 -0.00360736 -0.00349288 -0.00338858 -0.00330155 -0.0032575 
0 -0.00565233 -0.0110928 -0.0161314 -0.0206274 -0.0243888 -0.0273444 -0.0294531 -0.0306984 -0.0311182 -0.0307928 -0.0298596 -0.0283834 -0.0265033 -0.0243575 -0.0220354 -0.0196461 -0.0172865 -0.0150694 -0.0130064 -0.0111347 -0.00949634 -0.0080637 -0.0068412 -0.00580355 -0.00494464 -0.00422702 -0.00362067 -0.00312617 -0.00271681 -0.00240186 -0.00215315 -0.00193368 -0.00176598 -0.00163036 -0.00151073 -0.00141504 -0.00134356 -0.00129356 -0.00121596 -0.00115188 -0.00109691 -0.00104872 -0.0010177 -0.000968539 -0.000920348 -0.000878807 -0.000842623 -0.000798155 -0.000775631 -0.000755989 -0.000731597 -0.000692049 -0.000657745 -0.000627281 -0.000610793 -0.000596593 -0.000568488 -0.000546207 -0.000536229 -0.000529532 -0.000526374 -0.000550261 -0.000569517 -0.000642939 -0.000731264 -0.000824907 -0.000961539 -0.0011678 -0.00143652 -0.00177611 -0.00213059 -0.00256531 -0.0030762 -0.00361281 -0.00417211 -0.00472339 -0.00521783 -0.00562778 -0.00589671 -0.00596512 -0.00578945 -0.00534341 -0.00465755 -0.00372088 -0.00257007 -0.0012627 0.000112516 0.00148328 0.0027165 0.00374971 0.00453781 0.00504655 0.00524393 0.00520888 0.00494422 0.00455003 0.00414249 0.00378435 0.00352378 0.00345162 0.00351125 0.00373285 0.00409244 0.00451329 0.00491699 0.00524246 0.00534697 0.00520039 0.00476346 0.00404182 0.00305588 0.00189383 0.000600418 -0.000731497 -0.00200887 -0.00314531 -0.00410594 -0.00481336 -0.00526049 -0.00544245 -0.00538277 -0.00511991 -0.00470877 -0.00421781 -0.00367615 -0.00309733 -0.00254837 -0.00204197 -0.00156748 -0.00117636 -0.000838984 -0.000566902 -0.000338322 -0.000146262 -4.00041e-06 9.59486e-05 0.000201313 0.000256444 0.000295544 0.000324333 0.00035616 0.000388657 0.000418899 0.00042496 0.000438067 0.000463138 0.000478786 0.00050216 0.000530443 0.000562188 0.000584169 0.000601167 0.000610647 0.000643173 0.000685058 0.000725687 0.000740637 0.000779411 0.000822431 0.00086283 0.000922991 0.000967493 0.00102142 0.0010665 0.00110349 0.00114688 0.0011971 0.00124117 0.00124682 0.00123657 0.00122599 0.00117094 0.00109424 0.000988839 0.000837816 0.000641881 0.000389661 0.000107937 -0.00023738 -0.000636722 -0.00110076 -0.00162711 -0.0021678 -0.00273963 -0.003299 -0.00382342 -0.00428845 -0.00469277 -0.00503708 -0.00527575 -0.00545517 -0.00556197 -0.0055808 -0.00552007 -0.00541001 -0.00528832 -0.00513428 -0.00501428 -0.00493226 
0 -0.00723353 -0.0141746 -0.0206274 -0.0263664 -0.0312385 -0.035099 -0.0379206 -0.0396573 -0.0403221 -0.0400568 -0.0389691 -0.0372067 -0.0348875 -0.0322083 -0.0292838 -0.0262313 -0.0232216 -0.0203439 -0.0176633 -0.0151926 -0.0130008 -0.0110713 -0.0094031 -0.00799198 -0.00681336 -0.00582374 -0.0049868 -0.00429935 -0.00373129 -0.00330342 -0.00294698 -0.00265711 -0.0024131 -0.00222598 -0.00206421 -0.00191486 -0.00182225 -0.00172408 -0.001628 -0.00153555 -0.00146135 -0.00140002 -0.00134899 -0.00128557 -0.00123164 -0.00117819 -0.00113764 -0.00107732 -0.00102741 -0.00100651 -0.00095292 -0.000918402 -0.000871129 -0.000836511 -0.000818992 -0.000792264 -0.000752008 -0.000736098 -0.000723334 -0.00072248 -0.000713004 -0.000731281 -0.000781118 -0.000855633 -0.000963633 -0.00110001 -0.00131276 -0.00158984 -0.00192687 -0.00235035 -0.00286785 -0.00344269 -0.0041043 -0.00481937 -0.00556427 -0.00628158 -0.00694693 -0.00748936 -0.00785001 -0.00793486 -0.00771034 -0.00714031 -0.00620897 -0.00494116 -0.00341694 -0.00166983 0.000155558 0.00192566 0.00356414 0.0049517 0.0059977 0.00669627 0.00699393 0.00692281 0.00658129 0.00606993 0.00551718 0.00504667 0.00472969 0.00460901 0.00470029 0.0050102 0.00547688 0.0060326 0.00658341 0.00696844 0.0070892 0.00689352 0.00629776 0.00534546 0.00407774 0.00251591 0.000784005 -0.00098492 -0.00270457 -0.00422151 -0.00546544 -0.00640028 -0.00699777 -0.00723587 -0.00715782 -0.00680584 -0.00627398 -0.00561665 -0.00489746 -0.00414763 -0.00341171 -0.00270322 -0.00210854 -0.00159696 -0.00113417 -0.000743318 -0.000441604 -0.000202706 -2.9356e-05 0.000129771 0.000250174 0.00032719 0.00038872 0.000432088 0.000482888 0.000520259 0.000553299 0.000574934 0.000596523 0.000630164 0.000662242 0.000669368 0.000712714 0.000736524 0.000774372 0.000807766 0.000827697 0.00087552 0.00093204 0.000978071 0.00101132 0.00105761 0.00110966 0.00116444 0.00121821 0.00129051 0.00134546 0.00141726 0.00146626 0.00152137 0.00159573 0.00164465 0.00165741 0.00163699 0.00161355 0.00153922 0.00143566 0.0012883 0.00108876 0.000810846 0.000481907 9.94314e-05 -0.000352015 -0.000870699 -0.00149134 -0.002162 -0.00287792 -0.00359218 -0.00430849 -0.00498239 -0.0055924 -0.00616262 -0.00662541 -0.00697524 -0.00719954 -0.00734122 -0.00737727 -0.00732247 -0.00723937 -0.00710471 -0.00694387 -0.00677832 -0.00666654 
0 -0.00853609 -0.0167535 -0.0243888 -0.0312385 -0.0370749 -0.041784 -0.0452934 -0.0475528 -0.0485824 -0.0484831 -0.0474157 -0.0454892 -0.0428886 -0.0398172 -0.0364211 -0.0328555 -0.0292716 -0.0258142 -0.0225302 -0.0194851 -0.0167548 -0.0143297 -0.0122168 -0.0103988 -0.00886698 -0.0075804 -0.00649931 -0.00561256 -0.00487769 -0.00429042 -0.0038105 -0.00340373 -0.00309074 -0.0028455 -0.00263098 -0.00244165 -0.0022891 -0.00216997 -0.00204583 -0.00194736 -0.00185999 -0.00177063 -0.00169115 -0.00160348 -0.00153488 -0.00148593 -0.00143756 -0.00136355 -0.00130164 -0.00125095 -0.00120236 -0.00115213 -0.00110691 -0.00106263 -0.00102649 -0.000988115 -0.000941673 -0.000915761 -0.000913283 -0.000914213 -0.000909916 -0.000928836 -0.000956983 -0.00105823 -0.00120523 -0.00138545 -0.00163956 -0.00198779 -0.00242279 -0.00295946 -0.00355905 -0.00428186 -0.00512462 -0.00602101 -0.00694453 -0.00784381 -0.00865515 -0.009326 -0.00977053 -0.00988867 -0.0096066 -0.00888101 -0.00773221 -0.0061681 -0.00425849 -0.00209948 0.000162336 0.00239233 0.00441763 0.00612737 0.0074425 0.0083086 0.00868031 0.00863813 0.00822597 0.00759241 0.00691901 0.0063306 0.00592256 0.00580309 0.00592692 0.00630826 0.00689444 0.00756923 0.00820891 0.0086906 0.00883308 0.00857087 0.00784187 0.00665189 0.00503775 0.00310549 0.000956143 -0.00125585 -0.00337621 -0.00525615 -0.00681859 -0.00797336 -0.00870214 -0.00900291 -0.00891277 -0.00848941 -0.00781919 -0.00700095 -0.00609632 -0.0051482 -0.0042429 -0.0034056 -0.00264043 -0.00198564 -0.00141015 -0.000933147 -0.000545147 -0.000237866 -1.83467e-05 0.000144186 0.00030107 0.000405974 0.000489613 0.000553597 0.000608579 0.00065352 0.000690357 0.00070919 0.000744283 0.000795089 0.000827367 0.000848975 0.000876191 0.000915537 0.000965546 0.00101889 0.00105785 0.00110819 0.00116193 0.00121483 0.00125705 0.00133216 0.00140865 0.00146992 0.00154067 0.00160689 0.00169387 0.00178273 0.00185348 0.00191723 0.00197984 0.00202893 0.00203538 0.00202116 0.00199379 0.00189865 0.0017571 0.00156605 0.0013106 0.000980935 0.000565681 8.33768e-05 -0.000493837 -0.00115274 -0.00190041 -0.00271956 -0.00355973 -0.00442621 -0.0052806 -0.00609621 -0.0068523 -0.00754472 -0.00814172 -0.00857476 -0.00887805 -0.0090606 -0.00912764 -0.00910855 -0.00904172 -0.00894033 -0.00877205 -0.00860747 -0.0084796 
0 -0.00953386 -0.0187357 -0.0273444 -0.035099 -0.041784 -0.0472409 -0.0514084 -0.0542296 -0.0557013 -0.0559255 -0.055014 -0.0531098 -0.0503904 -0.0470959 -0.0433974 -0.0394478 -0.0354241 -0.031456 -0.0276404 -0.0240582 -0.020809 -0.0178978 -0.0153208 -0.0130758 -0.0111593 -0.00954392 -0.00819263 -0.00707661 -0.0061428 -0.00538338 -0.00474785 -0.00422977 -0.00382179 -0.00350706 -0.00323535 -0.00298789 -0.00279819 -0.00263564 -0.00249309 -0.00237146 -0.0022647 -0.00215883 -0.00205671 -0.00195138 -0.00186747 -0.00179753 -0.00173216 -0.0016436 -0.00156449 -0.00151243 -0.00144846 -0.00139549 -0.0013365 -0.00128447 -0.00124297 -0.0011939 -0.001135 -0.00110086 -0.00108324 -0.00107896 -0.00107654 -0.00110621 -0.00117223 -0.00128653 -0.00144996 -0.00166368 -0.00197327 -0.00238301 -0.00289425 -0.00352789 -0.00428303 -0.00515159 -0.00614439 -0.00721421 -0.00831828 -0.0093875 -0.0103656 -0.0111628 -0.0116829 -0.0118076 -0.0114676 -0.0106153 -0.00924357 -0.00738164 -0.00511943 -0.00254647 0.000154851 0.00280025 0.00523205 0.00729102 0.00885986 0.00989445 0.0103502 0.0102854 0.00981623 0.00910034 0.00832466 0.00765189 0.00719261 0.0070243 0.00716063 0.00760429 0.00828437 0.00908775 0.00986421 0.0104141 0.0105696 0.0102363 0.0093325 0.00789072 0.00597169 0.00365506 0.00109476 -0.0015277 -0.00405376 -0.00629571 -0.00814447 -0.0095267 -0.0104047 -0.0107647 -0.0106542 -0.0101441 -0.00935223 -0.00837417 -0.00729666 -0.00617706 -0.00508367 -0.0040538 -0.00315402 -0.00237786 -0.00169537 -0.00112058 -0.000662472 -0.000300403 -2.73899e-05 0.000201019 0.0003842 0.000508746 0.000600809 0.00066902 0.000733793 0.00078473 0.000826619 0.000856999 0.00089757 0.000954317 0.00100316 0.0010289 0.00107264 0.00111211 0.00116864 0.00122544 0.00126851 0.00132633 0.0013896 0.00145019 0.00151269 0.00160209 0.00169695 0.00178013 0.00185632 0.00194438 0.00203924 0.00215056 0.00223622 0.00230609 0.002371 0.00240922 0.00241586 0.00239898 0.00236114 0.00224402 0.00206115 0.00181852 0.00151413 0.00112163 0.000633178 3.88592e-05 -0.00066686 -0.00145966 -0.0023395 -0.00326817 -0.0042364 -0.00522675 -0.00622495 -0.00717858 -0.00805724 -0.00886612 -0.00955184 -0.0100849 -0.0104648 -0.0107202 -0.0108433 -0.0108619 -0.0108348 -0.0107547 -0.0106252 -0.010483 -0.0103797 
0 -0.0102217 -0.0201303 -0.0294531 -0.0379206 -0.0452934 -0.0514084 -0.0561892 -0.0595787 -0.0615633 -0.06221 -0.061615 -0.0599066 -0.0572717 -0.0539446 -0.0501105 -0.0459337 -0.0415931 -0.0372377 -0.0329814 -0.0289305 -0.0251904 -0.0217916 -0.0187446 -0.0160627 -0.0137496 -0.0117822 -0.0101208 -0.00873189 -0.00757108 -0.00661774 -0.00582744 -0.00517509 -0.00465025 -0.0042305 -0.00387723 -0.00357629 -0.00334011 -0.00313889 -0.00295359 -0.00279071 -0.00265275 -0.00253063 -0.00241786 -0.00230308 -0.00219814 -0.00210556 -0.002018 -0.00192352 -0.00184481 -0.00178511 -0.00171338 -0.0016374 -0.00155984 -0.00149678 -0.00145191 -0.00140559 -0.00134931 -0.0013047 -0.00127697 -0.00126456 -0.00126739 -0.0013056 -0.00138509 -0.00151966 -0.00170791 -0.00195515 -0.00230813 -0.00278759 -0.00339615 -0.00413847 -0.00500913 -0.00601679 -0.00716395 -0.00840171 -0.00967765 -0.0109207 -0.0120533 -0.012976 -0.013572 -0.0137125 -0.0133092 -0.0123153 -0.0107285 -0.00858283 -0.00596607 -0.00299881 0.000126305 0.00319806 0.00601645 0.00840246 0.0102299 0.0114318 0.0119777 0.0119324 0.0114198 0.0106207 0.00974881 0.00898467 0.00846351 0.00827629 0.00844029 0.00894747 0.00972431 0.0106345 0.011503 0.0121161 0.0122773 0.0118638 0.0108017 0.00911129 0.00686651 0.00418005 0.00122069 -0.00181295 -0.0047254 -0.00732094 -0.00946566 -0.011067 -0.0120773 -0.0124923 -0.0123631 -0.0117771 -0.0108609 -0.00973239 -0.00848542 -0.00719167 -0.00592687 -0.00473965 -0.00368133 -0.00276477 -0.00197582 -0.00131868 -0.000787918 -0.00036334 -3.50152e-05 0.000231429 0.000443706 0.000589828 0.000691271 0.000770411 0.000847902 0.000920223 0.000978267 0.00101665 0.00105634 0.00110859 0.00115921 0.00120338 0.00126138 0.00131953 0.00138181 0.00143855 0.00148967 0.00156039 0.00164552 0.00172596 0.00180077 0.0018915 0.00199072 0.00208919 0.00219038 0.00229715 0.00240565 0.00251481 0.00260266 0.00267966 0.00275038 0.00279195 0.00279 0.00275677 0.00269105 0.00255022 0.00233524 0.00204867 0.001684 0.00121864 0.000641412 -5.56319e-05 -0.000871421 -0.00178169 -0.0027712 -0.00380894 -0.00488348 -0.00599073 -0.00711137 -0.00819068 -0.00918935 -0.0100967 -0.0108765 -0.0115047 -0.011989 -0.0123408 -0.0125472 -0.0126293 -0.0126401 -0.0125965 -0.0125082 -0.012415 -0.0123493 
0 -0.0106073 -0.0209326 -0.0306984 -0.0396573 -0.0475528 -0.0542296 -0.0595787 -0.063535 -0.0660782 -0.0672364 -0.0671029 -0.0657747 -0.0634327 -0.060271 -0.056476 -0.0522303 -0.047715 -0.0431074 -0.0385232 -0.0340858 -0.0298983 -0.0260282 -0.0225182 -0.0193974 -0.0166734 -0.0143226 -0.0123091 -0.010606 -0.00918803 -0.00801649 -0.00705324 -0.00624353 -0.00558111 -0.00503628 -0.00458572 -0.0042215 -0.00392279 -0.0036744 -0.00343889 -0.00323369 -0.0030623 -0.00291804 -0.00278826 -0.00266072 -0.0025375 -0.00243042 -0.00232454 -0.00222114 -0.00213324 -0.00205115 -0.0019721 -0.00187778 -0.00179239 -0.00172054 -0.00166383 -0.00160996 -0.00155365 -0.00150459 -0.00147919 -0.00146461 -0.00147032 -0.00150886 -0.00158887 -0.00173999 -0.00195667 -0.00225215 -0.00265956 -0.00320826 -0.00390288 -0.00474708 -0.00572963 -0.00688302 -0.00818743 -0.00959095 -0.0110319 -0.0124398 -0.0137146 -0.014757 -0.0154279 -0.0155925 -0.0151379 -0.0140081 -0.0122049 -0.00976932 -0.0067926 -0.00344138 8.30517e-05 0.0035557 0.00673609 0.00944035 0.0115354 0.0129209 0.0135743 0.0135666 0.0130183 0.0121409 0.0111771 0.0103264 0.00974824 0.00955378 0.00975451 0.0103303 0.0112023 0.0122071 0.0131407 0.0137916 0.0139354 0.0134298 0.0122159 0.010293 0.00773492 0.00468935 0.00132993 -0.00212094 -0.00541767 -0.00835627 -0.0107801 -0.0125806 -0.0137125 -0.0141821 -0.0140402 -0.0133901 -0.012356 -0.0110803 -0.00966405 -0.00819458 -0.00675883 -0.00542456 -0.00421538 -0.00316444 -0.00226219 -0.00150937 -0.000896885 -0.000414032 -3.8825e-05 0.000251983 0.000490697 0.000663405 0.00078651 0.000887591 0.000976779 0.00106134 0.00112778 0.00117459 0.00122323 0.00127993 0.00133133 0.00138849 0.00144563 0.0015185 0.00158881 0.00165502 0.0017233 0.00180725 0.00190891 0.00200722 0.0020949 0.00219061 0.00229446 0.00240346 0.002527 0.00264701 0.00277213 0.00287735 0.00296785 0.00305158 0.00312698 0.00317508 0.00316374 0.00310812 0.00300396 0.0028351 0.00259028 0.00226152 0.00182655 0.00127322 0.000593543 -0.000200268 -0.00110581 -0.0021136 -0.00320233 -0.00435615 -0.00553898 -0.00675655 -0.00797564 -0.00915693 -0.0102623 -0.0112595 -0.0121341 -0.0128543 -0.0134458 -0.0138976 -0.0141999 -0.014366 -0.014431 -0.0144426 -0.0144096 -0.0143827 -0.0143662 
0 -0.0107119 -0.0211614 -0.0311182 -0.0403221 -0.0485824 -0.0557013 -0.0615633 -0.0660782 -0.0691997 -0.0709632 -0.0714035 -0.0706351 -0.068767 -0.0659616 -0.0623939 -0.0582413 -0.0537192 -0.0489845 -0.0441925 -0.0394569 -0.034892 -0.0306056 -0.0266588 -0.023105 -0.019953 -0.0171909 -0.0148028 -0.012761 -0.0110481 -0.00962264 -0.00842766 -0.00743921 -0.00661333 -0.00593786 -0.00538158 -0.00492043 -0.00455173 -0.00423297 -0.00396639 -0.00372791 -0.00352471 -0.00334964 -0.00318306 -0.00303043 -0.00289497 -0.00277166 -0.00265286 -0.00253463 -0.00241697 -0.00232095 -0.0022235 -0.00213626 -0.00204702 -0.00196692 -0.00189269 -0.00181547 -0.001745 -0.00169882 -0.0016693 -0.00165807 -0.00166361 -0.00169608 -0.00180167 -0.0019597 -0.00220125 -0.00254861 -0.00302054 -0.00362867 -0.00439363 -0.00532082 -0.00645134 -0.00774496 -0.00919693 -0.0107728 -0.0123844 -0.0139423 -0.0153637 -0.0165128 -0.0172484 -0.0174212 -0.0169175 -0.0156712 -0.0136569 -0.0109401 -0.00763462 -0.00390469 1.80232e-05 0.0038623 0.00741292 0.0104446 0.0127879 0.0143559 0.0151296 0.0151396 0.0145793 0.0136596 0.0126186 0.0117046 0.0110983 0.01087 0.0110998 0.0117395 0.012681 0.0137716 0.0147875 0.0154494 0.0155684 0.0149708 0.0135774 0.0114086 0.00855853 0.00514547 0.00139785 -0.00243655 -0.00610788 -0.00937816 -0.0120571 -0.0140567 -0.0153186 -0.0158449 -0.0156943 -0.014975 -0.0138359 -0.0124055 -0.0108167 -0.00918499 -0.00757834 -0.00606991 -0.00473989 -0.00356701 -0.00255491 -0.00169374 -0.000999136 -0.000460807 -4.18931e-05 0.000300009 0.000552333 0.000754154 0.000902728 0.00102065 0.00112146 0.00120032 0.00126229 0.001323 0.00138584 0.0014565 0.00152748 0.00158212 0.00164658 0.00171367 0.00179612 0.00187781 0.0019627 0.00205612 0.0021588 0.00225956 0.00237034 0.00248413 0.00261067 0.00274377 0.00286802 0.00300699 0.00313307 0.00325457 0.00335445 0.0034371 0.00350767 0.00353718 0.0035218 0.00344812 0.0033132 0.00311441 0.00282928 0.00244645 0.00194267 0.00129421 0.000520315 -0.00037619 -0.00136963 -0.00246728 -0.00366446 -0.00492398 -0.00623569 -0.00754827 -0.00885498 -0.0101131 -0.0112955 -0.012384 -0.0133322 -0.0141539 -0.0148276 -0.0153726 -0.0157727 -0.0160324 -0.0161937 -0.0162715 -0.0163264 -0.0163615 -0.0163998 
0 -0.0105599 -0.0209036 -0.0307928 -0.0400568 -0.0484831 -0.0559255 -0.06221 -0.0672364 -0.0709632 -0.0733612 -0.074489 -0.0743807 -0.0731429 -0.0708641 -0.0677038 -0.0638513 -0.059477 -0.0547748 -0.0498862 -0.0449679 -0.0401302 -0.0355036 -0.0311714 -0.027194 -0.0236027 -0.0204213 -0.0176437 -0.0152437 -0.013208 -0.0114665 -0.0100157 -0.00879546 -0.00780054 -0.00697103 -0.00627819 -0.0057134 -0.00522848 -0.00484818 -0.0045256 -0.00425311 -0.00401155 -0.0037942 -0.00359132 -0.0034152 -0.00325354 -0.00311973 -0.00297736 -0.00284565 -0.00272196 -0.0025941 -0.00250331 -0.00239634 -0.00230536 -0.00221439 -0.00212282 -0.00203568 -0.00196546 -0.00189981 -0.00186827 -0.00184991 -0.00186553 -0.0019113 -0.00201263 -0.00220278 -0.00247815 -0.0028596 -0.00336353 -0.00404117 -0.00490438 -0.0059476 -0.00716254 -0.00859975 -0.0102102 -0.0119412 -0.0137109 -0.0154424 -0.0169914 -0.0182485 -0.0190388 -0.0192187 -0.0186475 -0.0172637 -0.0150664 -0.0121093 -0.00847928 -0.00440489 -0.000102086 0.00415815 0.00806401 0.011397 0.0140008 0.0157308 0.0165984 0.0166821 0.0161229 0.0151706 0.0140988 0.0131343 0.0124761 0.0122538 0.0124994 0.0131722 0.0141888 0.0153484 0.0163968 0.0170989 0.017189 0.0164721 0.0149112 0.0124852 0.00929229 0.00554201 0.00143655 -0.00277094 -0.0067707 -0.0103526 -0.0133115 -0.0155134 -0.0168958 -0.0174763 -0.017312 -0.0165351 -0.0152718 -0.013708 -0.0119613 -0.0101536 -0.00838722 -0.00675802 -0.00525939 -0.00394745 -0.00283222 -0.001902 -0.00113124 -0.000519211 -3.43305e-05 0.000326894 0.000618906 0.000847124 0.00101172 0.00114571 0.00124619 0.00133836 0.00140924 0.00147611 0.00155078 0.00163103 0.0017032 0.00178665 0.00184368 0.00193358 0.00201933 0.00211151 0.00221734 0.0023148 0.00242144 0.00253225 0.00265623 0.00279609 0.00294837 0.00309534 0.00323986 0.00336521 0.00351111 0.00363193 0.00374936 0.00383572 0.00387779 0.00389178 0.00385444 0.00377583 0.00361529 0.0033801 0.00303669 0.00258176 0.00199572 0.00127377 0.000407771 -0.000578874 -0.00167049 -0.00287188 -0.00415553 -0.00552753 -0.00693084 -0.00835091 -0.00972876 -0.0110541 -0.0123128 -0.013462 -0.0145083 -0.0154068 -0.0161773 -0.016796 -0.0172869 -0.0176633 -0.0179198 -0.0181098 -0.0182359 -0.0183424 -0.0184128 
0 -0.0101962 -0.0202055 -0.0298596 -0.0389691 -0.0474157 -0.055014 -0.061615 -0.0671029 -0.0714035 -0.074489 -0.0763272 -0.0769742 -0.0764587 -0.0748521 -0.0722859 -0.0689036 -0.0648732 -0.0603432 -0.055513 -0.0505414 -0.0455494 -0.0406797 -0.036019 -0.0316512 -0.0276387 -0.0240303 -0.0208494 -0.0180612 -0.0156571 -0.0135918 -0.0118377 -0.0103861 -0.0091714 -0.00816005 -0.0073152 -0.00661031 -0.00602449 -0.00553357 -0.00514051 -0.00479731 -0.00450117 -0.00425045 -0.00402211 -0.00382164 -0.0036415 -0.00347093 -0.00331063 -0.00317269 -0.00303271 -0.0029025 -0.00277684 -0.00265799 -0.00254509 -0.00244651 -0.00235671 -0.00226858 -0.00219072 -0.0021279 -0.00207404 -0.00205095 -0.00206917 -0.00212464 -0.00226872 -0.00246027 -0.00274315 -0.00316795 -0.00373845 -0.00447688 -0.00541595 -0.00655209 -0.00792982 -0.00949066 -0.0112191 -0.0130996 -0.0150291 -0.0168999 -0.0185987 -0.0199551 -0.0207976 -0.0209732 -0.0203542 -0.0188605 -0.0164636 -0.0132405 -0.0093134 -0.00488928 -0.000224408 0.0043677 0.00862267 0.0122775 0.015123 0.0170488 0.0180571 0.0181774 0.0176417 0.0166915 0.0155759 0.0145824 0.0139207 0.0136652 0.0139337 0.0146609 0.0157186 0.0169358 0.0180388 0.0187099 0.0187393 0.0179116 0.0161519 0.0134818 0.0100169 0.00591762 0.00144705 -0.00311113 -0.0074629 -0.0113523 -0.0145452 -0.0169301 -0.0184371 -0.0190675 -0.018889 -0.0180397 -0.0166894 -0.0149892 -0.0130974 -0.0111539 -0.00922412 -0.00740261 -0.00577984 -0.0043472 -0.00312779 -0.00209483 -0.00125526 -0.000598887 -6.51407e-05 0.000368775 0.000681092 0.000932219 0.00111098 0.00125287 0.00137672 0.00147878 0.00156885 0.00165973 0.00173715 0.00180941 0.00188941 0.00197066 0.00206011 0.00215523 0.00225574 0.00235434 0.00246849 0.00258751 0.00271294 0.00284454 0.00299122 0.00313267 0.00328772 0.0034497 0.00359308 0.00374432 0.00388169 0.00401383 0.00413582 0.00422271 0.00426561 0.00425378 0.00420945 0.00410363 0.00390895 0.00362576 0.00320922 0.00266487 0.00199264 0.00118616 0.000249747 -0.000829728 -0.00202243 -0.00332643 -0.0047127 -0.00615539 -0.00765671 -0.00915027 -0.0106123 -0.0120092 -0.0133254 -0.0145471 -0.0156469 -0.0166446 -0.017486 -0.0181868 -0.0187671 -0.0192416 -0.0196231 -0.0199008 -0.0201286 -0.0202784 -0.0203795 
0 -0.00963863 -0.0191544 -0.0283834 -0.0372067 -0.0454892 -0.0531098 -0.0599066 -0.0657747 -0.0706351 -0.0743807 -0.0769742 -0.0784014 -0.0786963 -0.0778759 -0.0760359 -0.0732946 -0.0697528 -0.065574 -0.0609491 -0.0560653 -0.0510368 -0.0460151 -0.0411126 -0.0364306 -0.0320468 -0.0280406 -0.0244408 -0.021238 -0.0184508 -0.0160247 -0.0139668 -0.0122168 -0.0107466 -0.00950302 -0.00847117 -0.00763449 -0.00691451 -0.00632328 -0.00582684 -0.00540608 -0.00504977 -0.00475465 -0.00449317 -0.00426414 -0.00404294 -0.00384703 -0.00366044 -0.00351259 -0.00337189 -0.00321266 -0.00308165 -0.00293572 -0.00281035 -0.00269606 -0.00259019 -0.0024942 -0.00242053 -0.00234414 -0.00229351 -0.00226826 -0.00229128 -0.00234889 -0.0024785 -0.00269751 -0.00302138 -0.0034851 -0.00409629 -0.0049098 -0.00594316 -0.00718694 -0.0086449 -0.0103451 -0.0122309 -0.0142562 -0.0163267 -0.0183484 -0.0201532 -0.0216058 -0.0225072 -0.022698 -0.0220217 -0.0204 -0.0178221 -0.0143621 -0.0101294 -0.0053908 -0.000390149 0.00456305 0.00913079 0.0130627 0.0161686 0.018285 0.0194303 0.0196688 0.019173 0.0182136 0.017082 0.0160505 0.0153549 0.015129 0.0154339 0.0162006 0.0173143 0.0185528 0.019628 0.0202772 0.020234 0.0192734 0.0173527 0.0144466 0.0106667 0.00624764 0.00143475 -0.00347923 -0.00814375 -0.0123196 -0.0157592 -0.0183166 -0.0199205 -0.0205938 -0.0204118 -0.0195256 -0.0180713 -0.0162519 -0.0142093 -0.0120936 -0.0100153 -0.00808374 -0.00630415 -0.00473308 -0.00340078 -0.00229177 -0.00137385 -0.000641386 -5.22686e-05 0.000390852 0.000734525 0.00101323 0.00121929 0.00138664 0.0015172 0.00163647 0.00173666 0.00183419 0.00191836 0.0019927 0.0020693 0.00217441 0.00226586 0.00238914 0.00249629 0.00260311 0.00273261 0.00285913 0.00300374 0.00316021 0.00332365 0.0034758 0.00363303 0.00379945 0.00397444 0.00413733 0.00429887 0.00441552 0.00452965 0.00461267 0.00464383 0.00463573 0.00456706 0.00442975 0.00417979 0.00383935 0.0033581 0.0027319 0.00196419 0.00106667 3.37176e-05 -0.00113727 -0.00243732 -0.0038571 -0.00533849 -0.00687687 -0.00844284 -0.0100155 -0.0115393 -0.0130031 -0.0143837 -0.015639 -0.0167946 -0.0178384 -0.0187581 -0.0195271 -0.0201904 -0.0207681 -0.0212382 -0.0216251 -0.0219267 -0.0221454 -0.0222766 
0 -0.00894468 -0.0178154 -0.0265033 -0.0348875 -0.0428886 -0.0503904 -0.0572717 -0.0634327 -0.068767 -0.0731429 -0.0764587 -0.0786963 -0.0798399 -0.0798772 -0.0788621 -0.07687 -0.0739788 -0.0703143 -0.0660706 -0.0614185 -0.0564764 -0.0514158 -0.0463786 -0.0414756 -0.0367942 -0.0324178 -0.0284101 -0.0247895 -0.0215979 -0.0188061 -0.0163945 -0.0143288 -0.012559 -0.0110616 -0.00982165 -0.00880447 -0.00793694 -0.00720739 -0.00660897 -0.00610331 -0.00567502 -0.0053182 -0.00500644 -0.00473398 -0.0044869 -0.00425714 -0.00404441 -0.0038671 -0.00369209 -0.00351673 -0.00336855 -0.00322764 -0.00309717 -0.00296942 -0.00284353 -0.0027279 -0.0026388 -0.00256611 -0.0025062 -0.00247816 -0.00249717 -0.00255929 -0.00271286 -0.00294758 -0.00330048 -0.00382087 -0.00449598 -0.00535857 -0.00645006 -0.00778232 -0.00938282 -0.011216 -0.0132358 -0.0154096 -0.0176301 -0.0197777 -0.021703 -0.0232322 -0.0241707 -0.0243559 -0.0236372 -0.0219126 -0.0191603 -0.0154628 -0.0109606 -0.00591147 -0.000590799 0.00467365 0.00956163 0.0137953 0.0171435 0.0194623 0.0207561 0.0210757 0.0206411 0.0197243 0.0185999 0.0175753 0.0168869 0.0166491 0.0169648 0.0177616 0.018893 0.0201519 0.0212315 0.0218237 0.021684 0.0205856 0.0184589 0.0153103 0.0112593 0.00652177 0.00137612 -0.00385668 -0.00883214 -0.0132762 -0.016929 -0.0196475 -0.021366 -0.0220946 -0.021913 -0.0209735 -0.0194386 -0.0174889 -0.0153003 -0.0130387 -0.0108057 -0.00871178 -0.00681769 -0.00514325 -0.00370997 -0.00249304 -0.00148824 -0.000694261 -5.33531e-05 0.000442382 0.000809121 0.00111005 0.00134091 0.00152703 0.00167529 0.00178914 0.0018903 0.00199954 0.00210079 0.00219522 0.00229545 0.00240529 0.00250793 0.00262348 0.00273765 0.00285945 0.0030053 0.0031494 0.00329934 0.00346919 0.00365354 0.00382508 0.00399838 0.00417999 0.00436215 0.00454661 0.00470974 0.00483136 0.00493846 0.00501267 0.00504254 0.00502203 0.0049408 0.00475412 0.00443869 0.00402513 0.00347268 0.00276938 0.00190729 0.000897763 -0.000248205 -0.00152985 -0.00293636 -0.00446134 -0.00605253 -0.00768284 -0.00933655 -0.0109657 -0.0125417 -0.0140563 -0.0154817 -0.0167774 -0.0179488 -0.0190296 -0.0199877 -0.0208193 -0.0215577 -0.0222109 -0.0227648 -0.0232204 -0.0236089 -0.023893 -0.0240803 
0 -0.00817276 -0.016316 -0.0243575 -0.0322083 -0.0398172 -0.0470959 -0.0539446 -0.060271 -0.0659616 -0.0708641 -0.0748521 -0.0778759 -0.0798772 -0.0808003 -0.0806625 -0.0795158 -0.0774064 -0.0744227 -0.0707236 -0.0664569 -0.0617476 -0.0567852 -0.0517354 -0.0467127 -0.0418081 -0.0371261 -0.0327565 -0.0287462 -0.0251491 -0.0219556 -0.0191605 -0.0167429 -0.01466 -0.0128839 -0.0113946 -0.0101531 -0.00909246 -0.00820781 -0.00749032 -0.00688622 -0.0063651 -0.00592146 -0.0055418 -0.00522278 -0.00494475 -0.0046886 -0.00444888 -0.00424228 -0.00404163 -0.00384678 -0.00368616 -0.00353795 -0.00339471 -0.00324937 -0.00310642 -0.00298004 -0.00288446 -0.00280418 -0.002738 -0.00271006 -0.00273337 -0.00280333 -0.00296427 -0.00321911 -0.0036028 -0.00415712 -0.00488063 -0.00581393 -0.00699375 -0.00842399 -0.0101254 -0.012076 -0.0142288 -0.0165387 -0.018901 -0.0211847 -0.02322 -0.0248236 -0.0257953 -0.0259651 -0.0251821 -0.0233474 -0.0204427 -0.0165455 -0.0117991 -0.00646605 -0.00083223 0.00475859 0.00995698 0.0144671 0.0180499 0.0205584 0.0220007 0.0224439 0.0221005 0.0212446 0.020159 0.0191507 0.0184661 0.0182395 0.0185651 0.0193723 0.0205104 0.0217571 0.0228011 0.0233345 0.023095 0.0218498 0.0195222 0.0161188 0.0117727 0.00672844 0.001281 -0.00423974 -0.00948573 -0.014178 -0.0180516 -0.020942 -0.0227701 -0.0235465 -0.0233617 -0.022373 -0.0207493 -0.0186852 -0.0163648 -0.0139613 -0.0115949 -0.00937079 -0.007339 -0.00553397 -0.00399295 -0.00269649 -0.00162324 -0.000760336 -6.38478e-05 0.000470841 0.000869782 0.00119695 0.00145298 0.00165764 0.00181905 0.00194338 0.00205391 0.00217205 0.00228328 0.00238992 0.00250591 0.00263016 0.00274423 0.0028667 0.00299214 0.00313649 0.003309 0.00347236 0.00362948 0.00380446 0.00400167 0.00419849 0.00439909 0.00460004 0.00479025 0.00497397 0.00513637 0.00526462 0.00537965 0.00545269 0.00546409 0.00541565 0.00529837 0.00506129 0.00467702 0.00417574 0.00353223 0.00273393 0.00176953 0.000642468 -0.000631066 -0.00203531 -0.00355314 -0.00517476 -0.00685845 -0.00857879 -0.0103098 -0.0119915 -0.0135987 -0.0151418 -0.0166 -0.0179267 -0.019122 -0.0202239 -0.0212131 -0.022093 -0.0228941 -0.0236105 -0.0242171 -0.0247227 -0.0251667 -0.0255126 -0.0257527 
0 -0.00735671 -0.0147176 -0.0220354 -0.0292838 -0.0364211 -0.0433974 -0.0501105 -0.056476 -0.0623939 -0.0677038 -0.0722859 -0.0760359 -0.0788621 -0.0806625 -0.081426 -0.0811877 -0.0799507 -0.0777698 -0.0747521 -0.0710254 -0.0667135 -0.0620018 -0.0570639 -0.0520209 -0.0469805 -0.0420806 -0.0374217 -0.0330666 -0.0290759 -0.0254664 -0.0222788 -0.0194917 -0.0170817 -0.0149994 -0.0132253 -0.0117304 -0.0104454 -0.00938083 -0.00850608 -0.00777118 -0.00713671 -0.00659778 -0.00614616 -0.00577211 -0.00544271 -0.00514839 -0.00487776 -0.00464656 -0.00442995 -0.00420736 -0.00402177 -0.00384381 -0.00367997 -0.00352231 -0.00337387 -0.00324486 -0.00314418 -0.00304583 -0.00297106 -0.0029405 -0.00297324 -0.0030644 -0.00322976 -0.00349985 -0.00390623 -0.00449167 -0.0052676 -0.00627498 -0.00754052 -0.00908006 -0.0108841 -0.0129546 -0.0152311 -0.0176602 -0.0201487 -0.0225606 -0.024693 -0.0263681 -0.0273739 -0.0275371 -0.0267013 -0.0247632 -0.0217048 -0.0176038 -0.0126136 -0.00701619 -0.0011063 0.00477535 0.0102538 0.0150285 0.0188589 0.0215783 0.023187 0.0237791 0.0235408 0.022757 0.0217295 0.0207528 0.0200791 0.0198792 0.0202148 0.0210258 0.0221631 0.0233763 0.0243494 0.0247939 0.0244213 0.0230103 0.0204882 0.0168524 0.0122353 0.00690754 0.00116546 -0.00464559 -0.0101581 -0.015084 -0.0191553 -0.022193 -0.0241161 -0.0249367 -0.024752 -0.0237267 -0.0220235 -0.0198626 -0.017427 -0.0148873 -0.0123833 -0.0100262 -0.00784911 -0.0059204 -0.00426929 -0.0028929 -0.00175669 -0.000833342 -8.30872e-05 0.000493719 0.000940812 0.00129375 0.00157037 0.00179082 0.00196265 0.00210866 0.00224118 0.00237574 0.00249621 0.00260275 0.00271658 0.00285366 0.00298206 0.00312805 0.00326838 0.00343073 0.0036221 0.00380341 0.00398115 0.00417374 0.00438403 0.00459747 0.00481202 0.00502378 0.00522843 0.00541031 0.00557881 0.00571408 0.00584512 0.00592626 0.00591616 0.00582993 0.00565342 0.00535798 0.00490291 0.00430489 0.00354716 0.00262304 0.0015345 0.000285154 -0.00111901 -0.00265386 -0.0042995 -0.00602765 -0.00779523 -0.00959489 -0.0113851 -0.0131166 -0.0147462 -0.0163001 -0.0177689 -0.019103 -0.0203176 -0.0214232 -0.0224282 -0.0233268 -0.024159 -0.0249149 -0.0255504 -0.0260971 -0.0265757 -0.0269769 -0.0272637 
0 -0.00652992 -0.0130731 -0.0196461 -0.0262313 -0.0328555 -0.0394478 -0.0459337 -0.0522303 -0.0582413 -0.0638513 -0.0689036 -0.0732946 -0.07687 -0.0795158 -0.0811877 -0.081874 -0.0815585 -0.0802432 -0.0780148 -0.0749677 -0.0712109 -0.0669012 -0.0622098 -0.0572646 -0.0522162 -0.0472009 -0.0423423 -0.037705 -0.0333531 -0.0293689 -0.0257764 -0.0226151 -0.0198265 -0.0174012 -0.015322 -0.0135448 -0.0120328 -0.0107462 -0.00968513 -0.00879031 -0.00802992 -0.0073915 -0.00685951 -0.00639975 -0.00600531 -0.00564288 -0.00533874 -0.00508074 -0.00483267 -0.00459663 -0.00436839 -0.00417264 -0.00398624 -0.00381444 -0.00365639 -0.0035205 -0.00339837 -0.00329952 -0.00320809 -0.00317649 -0.0032081 -0.00330582 -0.00349255 -0.00377475 -0.00420721 -0.00484274 -0.00568251 -0.00674345 -0.00807958 -0.00970624 -0.0116441 -0.0138264 -0.0162223 -0.0187814 -0.0213952 -0.0238969 -0.0261309 -0.0278621 -0.0288985 -0.0290549 -0.0281772 -0.026141 -0.0229322 -0.0186284 -0.0134267 -0.00757709 -0.00141101 0.00471795 0.0104666 0.0155088 0.0195664 0.0225142 0.0243198 0.025058 0.0249539 0.0242765 0.0233066 0.0223802 0.0217485 0.0215603 0.0219105 0.0227335 0.023835 0.0249895 0.0258846 0.0261926 0.0256642 0.0240937 0.0213587 0.0174966 0.0126437 0.00703859 0.00101487 -0.00505615 -0.010831 -0.0159741 -0.0202222 -0.0233871 -0.0253996 -0.0262677 -0.0260935 -0.0250296 -0.0232811 -0.0210138 -0.0184541 -0.0157891 -0.0131536 -0.0106426 -0.00835617 -0.00631709 -0.00456727 -0.00308712 -0.00187055 -0.000887256 -8.91496e-05 0.000545374 0.00102115 0.00139896 0.00169913 0.00193365 0.00212976 0.00228096 0.00243261 0.00258303 0.00271462 0.00282699 0.002952 0.00308733 0.00324966 0.00340396 0.00356787 0.0037422 0.00393328 0.00413338 0.00432868 0.00455283 0.00479024 0.00501939 0.00524169 0.00546642 0.00568263 0.00589803 0.00606781 0.00621809 0.00634058 0.00640804 0.00638229 0.00624072 0.00600829 0.00562735 0.00509383 0.00439141 0.00350845 0.00244328 0.00120535 -0.000186894 -0.0017266 -0.00340355 -0.00519131 -0.00704091 -0.00890649 -0.01076 -0.0125989 -0.0143514 -0.0160009 -0.0175492 -0.0189903 -0.0203114 -0.0215032 -0.0226137 -0.0236055 -0.0245049 -0.0253361 -0.0260931 -0.0267597 -0.027324 -0.0278432 -0.0282673 -0.0285873 
0 -0.00571395 -0.0114707 -0.0172865 -0.0232216 -0.0292716 -0.0354241 -0.0415931 -0.047715 -0.0537192 -0.059477 -0.0648732 -0.0697528 -0.0739788 -0.0774064 -0.0799507 -0.0815585 -0.0821654 -0.0817681 -0.0804134 -0.0781652 -0.0751005 -0.0713372 -0.0670342 -0.0623462 -0.0574138 -0.052404 -0.0474231 -0.0425765 -0.0379504 -0.0336248 -0.0296772 -0.0261049 -0.0229277 -0.0201306 -0.0177164 -0.0156476 -0.0138568 -0.012331 -0.0110449 -0.00996725 -0.00905993 -0.00829649 -0.00765319 -0.00710862 -0.0066227 -0.00620526 -0.00584513 -0.00553604 -0.005258 -0.00498419 -0.00474723 -0.00453305 -0.00433137 -0.0041382 -0.0039561 -0.00380188 -0.00368026 -0.00355935 -0.00347451 -0.00343521 -0.00346028 -0.00356254 -0.00374326 -0.00406563 -0.00455527 -0.00522069 -0.00610077 -0.00723291 -0.00864187 -0.0103614 -0.0123725 -0.0146834 -0.0172201 -0.0198927 -0.0226136 -0.025234 -0.0275297 -0.0293157 -0.0303786 -0.030519 -0.0295725 -0.0274417 -0.0241041 -0.0196431 -0.0142417 -0.00817895 -0.00177162 0.00462893 0.0106332 0.0159114 0.0202157 0.0233711 0.0253556 0.0262923 0.0263413 0.0257785 0.0249304 0.0240717 0.0234663 0.0233251 0.0236729 0.0244598 0.0255314 0.0266011 0.0273687 0.0275583 0.0268678 0.0251006 0.0221686 0.018071 0.0129526 0.00709805 0.000833052 -0.00547845 -0.0114643 -0.0168031 -0.021226 -0.0245355 -0.0266344 -0.0275452 -0.027383 -0.026307 -0.0244798 -0.0221323 -0.0194606 -0.0166494 -0.0138856 -0.0112836 -0.00887049 -0.00672045 -0.00485887 -0.00330342 -0.00201043 -0.000933367 -7.26609e-05 0.000583341 0.00109662 0.00149406 0.00182262 0.00208806 0.0022896 0.00246543 0.00261975 0.00277428 0.00292209 0.00305692 0.00320014 0.00336405 0.00352851 0.00370446 0.00387464 0.00406599 0.00427734 0.00448748 0.00471244 0.00495726 0.00522074 0.0054772 0.00571568 0.00595024 0.00619521 0.00642267 0.00662314 0.00676943 0.00687424 0.00691271 0.00684043 0.00666375 0.00634524 0.00587389 0.00521936 0.00438403 0.00336573 0.00214481 0.000743798 -0.00081683 -0.002514 -0.0043317 -0.00625345 -0.00821974 -0.0101668 -0.0120753 -0.0139183 -0.0156811 -0.0173247 -0.0188552 -0.0202624 -0.0215272 -0.0226968 -0.0237677 -0.0247521 -0.0256259 -0.0264283 -0.0271741 -0.0278319 -0.0284319 -0.028949 -0.029388 -0.0297043 
