0 0 0 0 0 0 0 0 0 0 0 0 0 0 0 0 0 0 0 0 0 0 0 0 0 0 0 0 0 0 0 0 0 0 0 0 0 0 0 0 0 0 0 0 0 0 0 0 0 0 0 0 0 0 0 0 0 0 0 0 0 0 0 0 0 0 0 0 0 0 0 0 0 0 0 0 0 0 0 0 0 0 0 0 0 0 0 0 0 0 0 0 0 0 0 0 0 0 0 0 0 0 0 0 0 0 0 0 0 0 0 0 0 0 0 0 0 0 0 0 0 0 0 0 0 0 0 0 0 0 0 0 0 0 0 0 0 0 0 0 0 0 0 0 0 0 0 0 0 0 0 0 0 0 0 0 0 0 0 0 0 0 0 0 0 0 0 0 0 0 0 0 0 0 0 0 0 0 0 0 0 0 0 0 0 0 0 0 0 0 0 0 0 0 0 0 0 0 0 0 
0 0.000839865 0.00166879 0.00247457 0.00325844 0.00398064 0.00463585 0.00521687 0.00570691 0.00608707 0.00633204 0.00644364 0.00638528 0.00614744 0.00573951 0.00516729 0.0044525 0.00361154 0.00269711 0.00172759 0.000723051 -0.000274988 -0.0012379 -0.00211848 -0.00289305 -0.00353251 -0.00403032 -0.00439492 -0.00462469 -0.00473745 -0.00473351 -0.00461452 -0.00441197 -0.00415176 -0.00385572 -0.00354175 -0.00322345 -0.00291825 -0.00260853 -0.00231515 -0.00204648 -0.00180824 -0.0016137 -0.00144129 -0.00128521 -0.00113958 -0.00101673 -0.000910203 -0.000826239 -0.000761564 -0.000711926 -0.000660144 -0.000609099 -0.000557649 -0.000510552 -0.00048292 -0.000459425 -0.000430365 -0.000397003 -0.00036604 -0.000332241 -0.000319413 -0.000302402 -0.000289079 -0.000274353 -0.00025228 -0.000225175 -0.000200665 -0.000170156 -0.000150538 -0.00013767 -0.000131007 -0.000120934 -9.54437e-05 -7.84307e-05 -7.31638e-05 -7.94807e-05 -9.10514e-05 -0.000112701 -0.00014542 -0.000191685 -0.000234582 -0.000298779 -0.000364944 -0.000428195 -0.000479794 -0.000519847 -0.000528337 -0.000520047 -0.000495922 -0.000475558 -0.000448958 -0.000445306 -0.000459341 -0.000488554 -0.00053628 -0.000606344 -0.000663159 -0.000726993 -0.000774184 -0.000792434 -0.000786347 -0.000756743 -0.00068414 -0.000603762 -0.000508241 -0.000414462 -0.000336781 -0.000286899 -0.000248087 -0.000226311 -0.000200324 -0.000169945 -0.000118707 -7.36774e-05 -2.74112e-05 1.98198e-05 6.32165e-05 9.54118e-05 0.00013825 0.000160419 0.000171981 0.000175424 0.000179789 0.000183347 0.000184177 0.000181335 0.000195888 0.00020971 0.000220957 0.000228437 0.000228525 0.00022941 0.000229911 0.000243242 0.000265863 0.000286706 0.000297993 0.000304941 0.00030324 0.000319243 0.000334661 0.000353908 0.000371869 0.000388464 0.000400122 0.000422937 0.000448475 0.00048293 0.000530373 0.000572479 0.00060773 0.000643415 0.000691289 0.000759087 0.000852917 0.000953893 0.00106862 0.00119563 0.00135716 0.00154381 0.00176395 0.00202425 0.00230029 0.00259758 0.00290378 0.00321955 0.00354655 0.00386663 0.0041516 0.00437093 0.00450895 0.00455569 0.00448254 0.00429541 0.00398255 0.00352125 0.00291211 0.00215781 0.00129999 0.000360503 -0.000619823 -0.00160958 -0.00258983 -0.0035152 -0.00436984 -0.00511471 -0.00572367 -0.00617818 -0.00647551 -0.00663869 -0.00666479 -0.00658877 -0.00643584 -0.00622323 -0.00596859 -0.00569311 -0.00544287 -0.00522452 -0.00506679 
0 0.00166879 0.00329973 0.00490485 0.00643772 0.0078788 0.00917105 0.0103234 0.0112974 0.0120312 0.0125203 0.0127152 0.0126001 0.0121206 0.0113127 0.0101976 0.00878453 0.00714707 0.00533722 0.00343234 0.00145574 -0.000504358 -0.00237896 -0.00410562 -0.00562301 -0.00689409 -0.00789479 -0.00863294 -0.009101 -0.00933905 -0.00933785 -0.0091339 -0.00875692 -0.00827384 -0.00771154 -0.00708382 -0.00646157 -0.00583537 -0.00523272 -0.00465424 -0.00412405 -0.0036522 -0.00324403 -0.00288801 -0.0025732 -0.0022898 -0.00206249 -0.00186356 -0.00168228 -0.00154999 -0.00141834 -0.00131609 -0.00121491 -0.00111798 -0.00103669 -0.000975077 -0.000922484 -0.000868474 -0.000804835 -0.000754595 -0.000703818 -0.000660847 -0.000625524 -0.000569301 -0.000533468 -0.000499124 -0.000459778 -0.000418318 -0.00037743 -0.000328624 -0.000297487 -0.000255222 -0.000217691 -0.000193307 -0.000173053 -0.000144775 -0.000154762 -0.000188511 -0.000230454 -0.000290029 -0.000367461 -0.000475 -0.000611622 -0.000732328 -0.000849009 -0.000949961 -0.000994329 -0.00102967 -0.00104421 -0.00100514 -0.000959629 -0.000919297 -0.000876751 -0.000893121 -0.00095979 -0.00106375 -0.00120088 -0.00134623 -0.00146843 -0.00155839 -0.00159527 -0.00157946 -0.0014908 -0.00135692 -0.00119053 -0.00099989 -0.000831447 -0.000702552 -0.000580553 -0.00050495 -0.000445387 -0.000365983 -0.000303784 -0.000242108 -0.000147703 -6.32917e-05 2.79208e-05 0.00013022 0.00021116 0.000274912 0.000317751 0.000343074 0.000362814 0.000365128 0.000360536 0.000379581 0.000389789 0.000387172 0.000391656 0.000416056 0.000432912 0.000457252 0.000465069 0.000474207 0.000499415 0.000526918 0.00054245 0.00057207 0.000577947 0.000598135 0.00063422 0.000664311 0.000702949 0.000738583 0.000773599 0.000817423 0.000862211 0.000910242 0.000969401 0.00103682 0.00113126 0.00120568 0.0013064 0.0014221 0.00156349 0.00174631 0.00194687 0.00217024 0.00244382 0.00276872 0.00314274 0.00357711 0.00406828 0.00462318 0.0052028 0.00582529 0.00644988 0.00708189 0.00769414 0.00822467 0.00863824 0.00889881 0.00897919 0.00882195 0.0084311 0.00778117 0.00686098 0.00564586 0.00418037 0.00250395 0.000668826 -0.00124517 -0.00320229 -0.00511298 -0.00694048 -0.00860477 -0.0100691 -0.0112772 -0.0121797 -0.0128063 -0.0131457 -0.0132395 -0.0131094 -0.0128276 -0.0124299 -0.0119327 -0.0114172 -0.0109247 -0.0105135 -0.0102053 
0 0.00247457 0.00490485 0.00725873 0.00953608 0.0116426 0.0135552 0.0152441 0.016652 0.0177192 0.018385 0.0186525 0.0184396 0.0177259 0.0165433 0.0149122 0.0128803 0.0104889 0.00786793 0.0050833 0.00220982 -0.000625335 -0.00333982 -0.00582961 -0.00804661 -0.00992195 -0.0114214 -0.0125417 -0.0132655 -0.0136411 -0.0136887 -0.0134323 -0.0129521 -0.0123004 -0.011512 -0.010625 -0.00969529 -0.00879218 -0.00789925 -0.00706472 -0.00629366 -0.00558368 -0.0049652 -0.00440895 -0.00392319 -0.00350366 -0.00316409 -0.00285968 -0.00258644 -0.00234604 -0.00214879 -0.00197693 -0.00183582 -0.00170613 -0.00157937 -0.00148243 -0.00138909 -0.00129177 -0.00120507 -0.00114001 -0.00106589 -0.00102026 -0.000942797 -0.00086307 -0.000794833 -0.000735693 -0.000686275 -0.000646311 -0.000577557 -0.00051088 -0.000445801 -0.000393689 -0.00034559 -0.000279774 -0.000245169 -0.000239498 -0.000257968 -0.000286365 -0.000341832 -0.000435814 -0.000575259 -0.000718425 -0.000910944 -0.00109714 -0.00126422 -0.00139732 -0.00150106 -0.00153842 -0.00153937 -0.00149627 -0.00144762 -0.00136967 -0.00133609 -0.00135425 -0.00143223 -0.00158518 -0.00181554 -0.00202412 -0.00223464 -0.00237651 -0.00241384 -0.00236468 -0.00224299 -0.00202031 -0.00178609 -0.00152427 -0.00126907 -0.00104838 -0.000883996 -0.000744583 -0.000649648 -0.00055636 -0.000467828 -0.000340624 -0.000224196 -9.65592e-05 4.62823e-05 0.00018785 0.000299406 0.000422213 0.000483933 0.00051304 0.000526285 0.000548051 0.000571158 0.000581358 0.000566713 0.000577526 0.000587499 0.000608238 0.00064343 0.000678996 0.000714212 0.000729594 0.000750789 0.000778961 0.000807128 0.0008358 0.000875407 0.00090599 0.000969306 0.00101247 0.00105375 0.00110032 0.00116361 0.00123271 0.0013229 0.00139687 0.00147059 0.00157453 0.00169308 0.00182999 0.00199247 0.00218256 0.00240245 0.00267156 0.00296694 0.00332319 0.00374301 0.00425771 0.00482398 0.00545633 0.00618561 0.00697846 0.00785246 0.00876486 0.00968472 0.0105929 0.0114407 0.0121715 0.0127273 0.0130715 0.0131576 0.0128887 0.0122645 0.0112669 0.00986868 0.00809086 0.00594896 0.00352869 0.000871333 -0.00192372 -0.00476273 -0.0075677 -0.0102097 -0.0126389 -0.0147667 -0.0165329 -0.0178925 -0.0188358 -0.0194046 -0.0195832 -0.0194513 -0.0190811 -0.0185303 -0.0178586 -0.017135 -0.0164757 -0.0159028 -0.0154876 
0 0.00325844 0.00643772 0.00953608 0.0124847 0.0152379 0.0177064 0.0198781 0.0216747 0.0229909 0.0238095 0.024072 0.0237558 0.0227999 0.0212662 0.0191924 0.0165933 0.01357 0.0102201 0.00667925 0.00302546 -0.000578723 -0.00401672 -0.00719965 -0.0100483 -0.0124958 -0.0144815 -0.0159862 -0.0169856 -0.0175441 -0.017672 -0.017438 -0.0168974 -0.016139 -0.0151937 -0.0140879 -0.0129426 -0.0117812 -0.010656 -0.00957686 -0.00856906 -0.00763871 -0.00679887 -0.00604571 -0.00538232 -0.00480346 -0.00433466 -0.00391876 -0.00353073 -0.00321659 -0.00292632 -0.0027007 -0.00249926 -0.00231233 -0.0021439 -0.0020011 -0.00187052 -0.00174409 -0.00161791 -0.00152138 -0.00142776 -0.00134366 -0.00126029 -0.00114743 -0.00106621 -0.000994747 -0.000921246 -0.000843295 -0.000759797 -0.000663031 -0.000590569 -0.000510009 -0.000441298 -0.000392661 -0.000356705 -0.000316912 -0.000335681 -0.000392815 -0.000469977 -0.000584811 -0.000741294 -0.000950273 -0.00121059 -0.00145046 -0.00167522 -0.00186329 -0.00196 -0.00202381 -0.00204334 -0.00197818 -0.00189822 -0.00182516 -0.00176552 -0.0018083 -0.00194689 -0.00216306 -0.00244312 -0.00273438 -0.00298423 -0.00316356 -0.00323395 -0.00319295 -0.00301584 -0.002742 -0.00240463 -0.00202574 -0.00168127 -0.00140561 -0.00116227 -0.00099889 -0.000872133 -0.000725426 -0.000601448 -0.000471071 -0.000293775 -0.000122605 6.32851e-05 0.000263001 0.000426552 0.000558454 0.00064381 0.000692606 0.000728057 0.000740256 0.000744484 0.000778823 0.000795386 0.000793632 0.000799852 0.000836174 0.000870672 0.000919055 0.000945359 0.000970353 0.00101403 0.00106041 0.00109315 0.0011484 0.00117926 0.00123079 0.00130274 0.00135763 0.00141818 0.00148049 0.00155736 0.00165984 0.00177022 0.0018763 0.00198994 0.00212131 0.00230447 0.00248415 0.00271685 0.00297816 0.00327793 0.00364356 0.00405519 0.00453723 0.00512968 0.00582465 0.00659696 0.00745453 0.00840249 0.00945708 0.0105713 0.0117492 0.0129083 0.0140298 0.015061 0.0159157 0.016551 0.0169155 0.016948 0.0165335 0.0156593 0.0142988 0.0124573 0.0101309 0.00738987 0.00428954 0.000896865 -0.00266676 -0.00631497 -0.00988438 -0.0132785 -0.0163712 -0.0191025 -0.0213913 -0.0231685 -0.0244665 -0.0252649 -0.0256031 -0.025517 -0.025124 -0.0245011 -0.0237046 -0.0228754 -0.0220949 -0.0214446 -0.0209635 
0 0.00398064 0.0078788 0.0116426 0.0152379 0.018552 0.0215275 0.0241112 0.0262143 0.0277428 0.0286334 0.0288834 0.0284269 0.02725 0.0254054 0.022929 0.0198684 0.0162927 0.0123601 0.00818948 0.00390099 -0.000331186 -0.00438713 -0.00815205 -0.0115553 -0.0145049 -0.0169325 -0.0188118 -0.0201196 -0.0209102 -0.0212127 -0.021064 -0.0205544 -0.0197559 -0.0187178 -0.0174943 -0.016174 -0.0148357 -0.013486 -0.0121808 -0.0109466 -0.00979656 -0.00876269 -0.0078213 -0.00697541 -0.00622767 -0.00559725 -0.00503969 -0.00454724 -0.00412684 -0.00377289 -0.00346535 -0.00319548 -0.00294646 -0.00271862 -0.00253872 -0.00237738 -0.00221284 -0.002055 -0.00191972 -0.00178609 -0.00169084 -0.00158056 -0.0014671 -0.00136538 -0.0012634 -0.00115938 -0.00105856 -0.00093816 -0.000830998 -0.00074276 -0.000669136 -0.000593966 -0.000501271 -0.000439763 -0.000417531 -0.000443507 -0.000502231 -0.000600744 -0.000750224 -0.000955446 -0.00118856 -0.00148673 -0.00178696 -0.00206538 -0.00229299 -0.00245127 -0.00251369 -0.0025062 -0.00243042 -0.00234415 -0.00224969 -0.00222389 -0.00229412 -0.0024635 -0.00273619 -0.00309749 -0.00344191 -0.00376673 -0.00399489 -0.00407518 -0.00401357 -0.0038111 -0.00345286 -0.00303275 -0.00256527 -0.00211514 -0.00173516 -0.00144777 -0.00122966 -0.0010746 -0.000921768 -0.000765315 -0.000562816 -0.000353787 -0.000136153 9.43073e-05 0.000320884 0.000512204 0.000699397 0.000815811 0.000880265 0.000913377 0.000938726 0.000960118 0.00097465 0.000971069 0.000993514 0.0010225 0.00106207 0.00110596 0.00114425 0.00117818 0.0012049 0.00125545 0.00132361 0.00138832 0.00144617 0.00149818 0.00154558 0.00163237 0.00170966 0.00179011 0.00187718 0.00197877 0.00209374 0.00223539 0.00237476 0.00253065 0.00272982 0.00295684 0.00320328 0.00348824 0.00382284 0.00422247 0.00471004 0.0052601 0.00590054 0.00664681 0.00752427 0.0084922 0.00955987 0.0107464 0.0120139 0.0133566 0.0147251 0.0160671 0.0173471 0.0184925 0.0194184 0.0200532 0.0203528 0.0202507 0.0196286 0.0184712 0.0167605 0.0144864 0.0116829 0.00839505 0.00471627 0.000708259 -0.00350486 -0.00779437 -0.0120243 -0.0160277 -0.0197119 -0.0229741 -0.0257345 -0.0279364 -0.0295715 -0.0306649 -0.031199 -0.0312516 -0.0309251 -0.0303109 -0.0295063 -0.0286326 -0.0278337 -0.027152 -0.0266613 
0 0.00463585 0.00917105 0.0135552 0.0177064 0.0215275 0.0249215 0.0278361 0.0301765 0.0318344 0.0327713 0.0329591 0.032371 0.0309852 0.028864 0.0260578 0.0226083 0.0186221 0.014242 0.00961392 0.00485476 0.000136426 -0.00440299 -0.00864974 -0.0125077 -0.0158837 -0.0187061 -0.0209474 -0.0225892 -0.0236744 -0.0242098 -0.0242375 -0.0238269 -0.0230723 -0.0220329 -0.0207631 -0.0193681 -0.0178944 -0.0163822 -0.0148774 -0.0134342 -0.0120862 -0.0108558 -0.00972937 -0.00870215 -0.00777891 -0.00698617 -0.00628862 -0.00566944 -0.00514843 -0.00468987 -0.00429578 -0.00393966 -0.00361539 -0.00333323 -0.0031064 -0.00290932 -0.00271706 -0.00252542 -0.00235493 -0.00219445 -0.00205709 -0.00192286 -0.00177681 -0.00165208 -0.00153322 -0.00141046 -0.00128345 -0.00115158 -0.00102219 -0.000916086 -0.000812871 -0.000714171 -0.000623206 -0.000555251 -0.000514264 -0.000541713 -0.000622452 -0.000742501 -0.000913905 -0.001143 -0.0014301 -0.00177695 -0.00211916 -0.00243595 -0.00269652 -0.00286073 -0.00294938 -0.00296333 -0.00288925 -0.00278922 -0.00269761 -0.00266059 -0.00275171 -0.00297788 -0.00332409 -0.00375759 -0.00419706 -0.00458065 -0.00484737 -0.00494551 -0.00486548 -0.00459719 -0.00417248 -0.00365331 -0.00308568 -0.00255271 -0.00210607 -0.0017414 -0.00147394 -0.00126667 -0.00106278 -0.000870186 -0.000658108 -0.000412214 -0.000158825 0.00011193 0.000389365 0.000633242 0.000842882 0.000987692 0.00107593 0.00112927 0.00115315 0.00116458 0.00118796 0.00119761 0.00120647 0.0012281 0.00127473 0.00132608 0.00138055 0.0014189 0.00145885 0.00152257 0.0015985 0.00166616 0.00173643 0.00178944 0.00185814 0.00195976 0.002063 0.00217468 0.00229044 0.00241641 0.00256057 0.00272234 0.00289456 0.00309689 0.00334576 0.00364578 0.00396186 0.00433156 0.00476219 0.00527958 0.00590544 0.00661289 0.00741133 0.00832852 0.00937433 0.0105328 0.0118102 0.0132015 0.0146776 0.0161857 0.0176952 0.0191412 0.0204929 0.0216762 0.0225827 0.0231375 0.0232854 0.0229647 0.0220797 0.0206158 0.0185569 0.0159018 0.0126684 0.0089279 0.00476554 0.000269761 -0.0044309 -0.00921801 -0.0139311 -0.0184301 -0.0225869 -0.0263088 -0.0295013 -0.0320965 -0.0340999 -0.0355033 -0.0363164 -0.0365891 -0.0364358 -0.0359539 -0.0352386 -0.0344417 -0.0336867 -0.033049 -0.0325836 
0 0.00521687 0.0103234 0.0152441 0.0198781 0.0241112 0.0278361 0.030985 0.0334669 0.0351861 0.0361085 0.0362139 0.0354847 0.0339145 0.0315633 0.0284948 0.0247693 0.0205048 0.0158448 0.0109274 0.00586871 0.000824398 -0.00405837 -0.00865692 -0.0128623 -0.0165824 -0.0197505 -0.0223379 -0.0243289 -0.0257393 -0.0265678 -0.0268421 -0.0266289 -0.0260174 -0.0250715 -0.0238505 -0.0224478 -0.0209174 -0.0193071 -0.0176711 -0.0160711 -0.0145498 -0.0131302 -0.0118117 -0.0105956 -0.00949826 -0.0085368 -0.00768378 -0.00692082 -0.00626076 -0.00568488 -0.00519035 -0.00475337 -0.00436043 -0.00401455 -0.00372126 -0.00346304 -0.00322035 -0.00299423 -0.0027947 -0.00261231 -0.0024433 -0.0022727 -0.00209367 -0.00193638 -0.0017955 -0.0016595 -0.00151836 -0.00136723 -0.00121454 -0.00108196 -0.0009605 -0.000846969 -0.00074689 -0.000674944 -0.000641908 -0.000670307 -0.0007525 -0.000884286 -0.00108088 -0.00134485 -0.00167502 -0.00205851 -0.00244202 -0.00279165 -0.00307767 -0.0032666 -0.00336891 -0.00338595 -0.00332159 -0.00322389 -0.00313843 -0.00311971 -0.00323862 -0.00351276 -0.00393197 -0.00444963 -0.004979 -0.00543592 -0.00574586 -0.00585049 -0.00573798 -0.0054097 -0.00490765 -0.0042968 -0.00363985 -0.00301426 -0.00247706 -0.00203772 -0.0017056 -0.00144599 -0.0012112 -0.000985639 -0.000742882 -0.00046843 -0.000177684 0.000135621 0.000455446 0.00074754 0.000993757 0.00116721 0.00126974 0.00133059 0.00136646 0.00139251 0.00141718 0.00142635 0.0014311 0.00144978 0.00149268 0.00155097 0.00161902 0.0016775 0.00173337 0.00180163 0.00187796 0.0019523 0.00203294 0.00211016 0.00220719 0.00232853 0.00245055 0.00257406 0.00270765 0.00286241 0.00304754 0.0032546 0.00347466 0.00372404 0.00402591 0.0043886 0.00479332 0.00526342 0.00580954 0.00645563 0.00721793 0.00808242 0.00905358 0.010155 0.0113876 0.0127363 0.0141982 0.0157611 0.0173883 0.0190191 0.020606 0.0220879 0.0234258 0.0245451 0.0253396 0.0257262 0.0256487 0.0250475 0.0238561 0.0220645 0.0196682 0.016667 0.0130774 0.00897086 0.00443836 -0.000414369 -0.00546234 -0.0105862 -0.0156406 -0.0204924 -0.0250158 -0.0291106 -0.0326754 -0.0356408 -0.0379986 -0.0397401 -0.040875 -0.041453 -0.0415776 -0.0413436 -0.0408492 -0.0402369 -0.0396295 -0.039105 -0.0387208 
0 0.00570691 0.0112974 0.016652 0.0216747 0.0262143 0.0301765 0.0334669 0.0360045 0.0377264 0.0385867 0.0385959 0.0377244 0.0360012 0.0334782 0.0302306 0.0263521 0.0219453 0.0171628 0.0121123 0.00691707 0.00171073 -0.00336297 -0.00817414 -0.0126199 -0.0166102 -0.0200817 -0.0229943 -0.0253292 -0.027071 -0.0282295 -0.0288112 -0.0288891 -0.0285198 -0.0277598 -0.0266782 -0.0253401 -0.0238387 -0.0222093 -0.020521 -0.0188237 -0.0171613 -0.0155695 -0.014064 -0.0126623 -0.0113946 -0.0102587 -0.00923636 -0.00831836 -0.00749637 -0.00679602 -0.00618657 -0.00566039 -0.00518995 -0.00476669 -0.00439591 -0.00406562 -0.0037606 -0.00349189 -0.00325307 -0.00303764 -0.00283985 -0.00263117 -0.00243199 -0.00224564 -0.00207851 -0.00191882 -0.00175512 -0.00157323 -0.00140182 -0.0012438 -0.00111331 -0.000994726 -0.000884004 -0.00080594 -0.000785386 -0.000812579 -0.000894274 -0.00103878 -0.00125257 -0.00154436 -0.00190326 -0.00231669 -0.00274501 -0.00313149 -0.00343992 -0.00366223 -0.00376792 -0.00377516 -0.00371687 -0.00362546 -0.00355016 -0.00358067 -0.00375242 -0.00409124 -0.00458919 -0.00518734 -0.00578179 -0.00630228 -0.00665335 -0.0067728 -0.00664124 -0.00627321 -0.00568777 -0.00497405 -0.00421044 -0.00347232 -0.00282769 -0.00232291 -0.0019273 -0.00162144 -0.0013645 -0.00110582 -0.000817632 -0.000514875 -0.000178788 0.000179626 0.000534888 0.00086466 0.00114686 0.00134798 0.00147221 0.00154061 0.00158857 0.00163135 0.00165376 0.00166354 0.00167694 0.00169827 0.00173395 0.00179506 0.0018603 0.00193268 0.00200169 0.00207978 0.00216813 0.00226311 0.00235267 0.00245937 0.00257538 0.00271326 0.00285338 0.00298837 0.00314195 0.00333011 0.00355772 0.00382213 0.00410303 0.00441156 0.00478289 0.00521205 0.00572362 0.00630783 0.0069875 0.00777528 0.00867729 0.00969812 0.0108494 0.0121403 0.0135704 0.0151041 0.0167203 0.0184092 0.0201175 0.021811 0.0234045 0.024849 0.0260816 0.0270274 0.0276061 0.0277343 0.0273671 0.026444 0.0249238 0.022797 0.0200778 0.0167672 0.0128993 0.00852616 0.00374967 -0.00132367 -0.00658074 -0.0118916 -0.0171502 -0.0222145 -0.0269914 -0.0313652 -0.0352379 -0.0385459 -0.0412476 -0.0433554 -0.0448588 -0.0458267 -0.0463341 -0.0464652 -0.0463202 -0.0460007 -0.0456382 -0.0452905 -0.0450336 
0 0.00608707 0.0120312 0.0177192 0.0229909 0.0277428 0.0318344 0.0351861 0.0377264 0.0393943 0.0401901 0.0400796 0.0390961 0.0372568 0.0346301 0.0313116 0.0273819 0.0229754 0.0181871 0.0131453 0.00795947 0.00274388 -0.00235963 -0.00725151 -0.0118258 -0.0160077 -0.0197294 -0.0229283 -0.0255809 -0.0276622 -0.0291663 -0.030126 -0.0305603 -0.0305195 -0.0300377 -0.0291673 -0.0280004 -0.0265921 -0.0250314 -0.0233493 -0.0216039 -0.0198522 -0.0181244 -0.0164666 -0.0149051 -0.0134661 -0.0121519 -0.0109591 -0.0098704 -0.00890611 -0.00805262 -0.00731846 -0.00666933 -0.00608961 -0.0055832 -0.00513379 -0.0047358 -0.00438091 -0.00405421 -0.00375835 -0.00350558 -0.00325409 -0.00302741 -0.00279979 -0.00258801 -0.00239308 -0.00219817 -0.00199103 -0.00179796 -0.00160767 -0.00144423 -0.0012914 -0.00115193 -0.00104644 -0.000960142 -0.000916757 -0.000948868 -0.00105555 -0.00121688 -0.00144151 -0.00173651 -0.00212852 -0.00256482 -0.00301807 -0.00343755 -0.00378085 -0.004001 -0.0041272 -0.00414692 -0.00408709 -0.00399468 -0.00396494 -0.00402717 -0.00426527 -0.00469717 -0.00528199 -0.00594307 -0.00662932 -0.00719429 -0.00757779 -0.0077229 -0.00758225 -0.00714728 -0.00649965 -0.00566971 -0.00477803 -0.00392934 -0.00319608 -0.00259294 -0.00214918 -0.00179574 -0.00148915 -0.00118905 -0.000888668 -0.000536425 -0.000162519 0.000226855 0.000619355 0.000993924 0.00129129 0.00152773 0.00168666 0.00178933 0.0018411 0.00186553 0.00189087 0.00191681 0.00191985 0.00194208 0.00198917 0.00204799 0.00211883 0.00217985 0.0022584 0.00235434 0.00246128 0.00257271 0.00268871 0.00279776 0.00293901 0.00308521 0.00325323 0.00342937 0.00362134 0.0038475 0.00412168 0.00442519 0.00477111 0.00516228 0.00561227 0.0061517 0.00677039 0.00749015 0.00831627 0.00926302 0.0103285 0.0115232 0.012847 0.0143222 0.0159139 0.0176003 0.0193373 0.0210825 0.0228248 0.024485 0.0260162 0.0273366 0.0283736 0.0290626 0.0293265 0.0291233 0.0284055 0.0271257 0.0252658 0.0228095 0.0197816 0.0162152 0.0121329 0.00761363 0.00272075 -0.00243169 -0.00774599 -0.0131225 -0.0184327 -0.0236021 -0.0285075 -0.033072 -0.0371961 -0.0408031 -0.0438708 -0.0463574 -0.0483049 -0.0497334 -0.0507182 -0.0513269 -0.0516222 -0.0517131 -0.0516583 -0.0515597 -0.0514606 
0 0.00633204 0.0125203 0.018385 0.0238095 0.0286334 0.0327713 0.0361085 0.0385867 0.0401901 0.0408755 0.0406729 0.0395832 0.0376896 0.0350461 0.0317431 0.0278966 0.0235844 0.0189264 0.0140103 0.0089703 0.00389374 -0.00111158 -0.0059544 -0.010554 -0.014838 -0.0187304 -0.0221591 -0.0251023 -0.0275069 -0.0293969 -0.0307488 -0.0315999 -0.0319408 -0.0318029 -0.0312591 -0.0303333 -0.0291347 -0.0276971 -0.0260897 -0.0243612 -0.0225757 -0.0207828 -0.0190235 -0.0173231 -0.0157289 -0.01423 -0.0128553 -0.0116179 -0.0104798 -0.00948904 -0.00858995 -0.00779675 -0.0070938 -0.00648174 -0.00594908 -0.00548257 -0.00505533 -0.00467237 -0.00431411 -0.00400054 -0.00371772 -0.00344223 -0.00319701 -0.00294603 -0.00270745 -0.00247848 -0.00225764 -0.00203194 -0.00183869 -0.00165495 -0.0015014 -0.00135092 -0.00120661 -0.00110026 -0.00108563 -0.0011145 -0.00121048 -0.00138993 -0.00164081 -0.00196748 -0.00236476 -0.00280285 -0.0032768 -0.00370902 -0.00405638 -0.00432545 -0.0044539 -0.00446778 -0.00444026 -0.00438372 -0.00436902 -0.00450661 -0.00480396 -0.00529635 -0.00597258 -0.00674655 -0.00750533 -0.00815814 -0.00858744 -0.00872301 -0.00853331 -0.00805041 -0.00729543 -0.00637091 -0.00539137 -0.00443081 -0.00357225 -0.00289983 -0.00235832 -0.00193568 -0.00160541 -0.00127039 -0.000910446 -0.000550116 -0.000144964 0.000277953 0.000692272 0.00109816 0.00145026 0.00172943 0.00191978 0.00202527 0.00209604 0.00214787 0.00214722 0.0021476 0.0021639 0.00220043 0.00224577 0.00231564 0.00237679 0.00245792 0.00253994 0.00263697 0.0027565 0.00289704 0.00301788 0.00316358 0.00331112 0.00348087 0.00368661 0.00390357 0.00415096 0.00443009 0.00474289 0.00510114 0.00551392 0.00599149 0.00656457 0.00720682 0.00797169 0.00881983 0.00980072 0.0109218 0.0121655 0.0135466 0.0150523 0.0166687 0.0183865 0.0201675 0.021961 0.0237339 0.0254183 0.0269932 0.0283511 0.0294607 0.0302247 0.0305744 0.0304772 0.0298793 0.0287711 0.0271105 0.024907 0.0221409 0.0188504 0.0150706 0.0108665 0.00628403 0.00140135 -0.00370314 -0.00896438 -0.0142666 -0.0195467 -0.0246905 -0.0296436 -0.0343044 -0.0386024 -0.0424878 -0.0458835 -0.0487991 -0.0512139 -0.0531807 -0.0547167 -0.0558708 -0.0567139 -0.0572714 -0.0576272 -0.05782 -0.0579299 
0 0.00644364 0.0127152 0.0186525 0.024072 0.0288834 0.0329591 0.0362139 0.0385959 0.0400796 0.0406729 0.0403602 0.0392231 0.0373292 0.0347475 0.0315715 0.0278883 0.0238036 0.0193773 0.0147227 0.00995298 0.00512836 0.000335099 -0.00436622 -0.00889505 -0.0131863 -0.0171716 -0.0207699 -0.0239604 -0.0266894 -0.0289352 -0.0306991 -0.0319539 -0.0327087 -0.0329844 -0.0328253 -0.0322662 -0.0313403 -0.0301316 -0.0286768 -0.0270436 -0.0253081 -0.0235067 -0.0216885 -0.0198913 -0.0181537 -0.0164933 -0.0149571 -0.0135468 -0.01226 -0.0110884 -0.0100345 -0.00908644 -0.00824351 -0.00751611 -0.00687244 -0.00630127 -0.00580006 -0.0053403 -0.00491713 -0.00455635 -0.00420168 -0.00388564 -0.00358802 -0.00330115 -0.00303902 -0.00278672 -0.00253095 -0.00229925 -0.00207405 -0.0018678 -0.00167779 -0.00151543 -0.00140058 -0.00130546 -0.00126024 -0.00128627 -0.00139517 -0.00157454 -0.00182475 -0.00215722 -0.00259138 -0.00305173 -0.003529 -0.00396488 -0.00431856 -0.00456514 -0.00472368 -0.00478255 -0.00478059 -0.00475024 -0.00480188 -0.00497329 -0.00534275 -0.00594349 -0.00672149 -0.00757836 -0.00845296 -0.00915956 -0.00961711 -0.00976697 -0.00954808 -0.00897344 -0.00814754 -0.00710765 -0.00600201 -0.00494085 -0.00399578 -0.003201 -0.00258299 -0.00208331 -0.00167526 -0.00130014 -0.000950686 -0.000560404 -0.00013001 0.000325239 0.000791932 0.00125206 0.0016206 0.00192301 0.00214006 0.00228272 0.0023622 0.00240037 0.00242597 0.00245658 0.00245655 0.00247211 0.00251398 0.00257736 0.00265921 0.00274278 0.0028482 0.00296536 0.00309286 0.00323613 0.00338421 0.00354134 0.00373271 0.00392483 0.00416313 0.0044279 0.00471952 0.0050544 0.00543461 0.00585619 0.00635968 0.0069485 0.00762959 0.00842101 0.00931965 0.0103294 0.0114701 0.0127575 0.0141758 0.0157312 0.0173922 0.0191383 0.0209297 0.0227561 0.0245614 0.0262783 0.027871 0.0292478 0.0303576 0.0311484 0.0315464 0.0315089 0.0309946 0.02999 0.0284691 0.0264255 0.0238962 0.0208634 0.0173663 0.0134593 0.00919324 0.00464266 -0.000152731 -0.00512013 -0.0102177 -0.0153759 -0.0205056 -0.0255661 -0.0304638 -0.0351467 -0.0395599 -0.0436534 -0.0473874 -0.0507058 -0.0536417 -0.0561735 -0.0583107 -0.0600801 -0.0615055 -0.0626246 -0.0634263 -0.0639918 -0.0643455 
0 0.00638528 0.0126001 0.0184396 0.0237558 0.0284269 0.032371 0.0354847 0.0377244 0.0390961 0.0395832 0.0392231 0.0380824 0.0362694 0.0338343 0.0308539 0.0274371 0.0236536 0.0195736 0.0152755 0.010868 0.00638282 0.00187501 -0.00259553 -0.0069577 -0.0111619 -0.0151478 -0.0188479 -0.0222403 -0.0252415 -0.0278352 -0.029973 -0.0316488 -0.0328377 -0.0335589 -0.0338548 -0.0336936 -0.0331325 -0.032217 -0.03101 -0.0295644 -0.0279478 -0.0262049 -0.0243883 -0.0225404 -0.0207197 -0.0189317 -0.0172388 -0.0156697 -0.0141942 -0.0128616 -0.0116426 -0.010552 -0.00957568 -0.00871027 -0.00792877 -0.00723362 -0.00662036 -0.00608191 -0.00558967 -0.00515846 -0.00475367 -0.00437387 -0.0040373 -0.0037084 -0.00340632 -0.00312359 -0.00285041 -0.00257565 -0.00232743 -0.00209432 -0.0019005 -0.00173452 -0.0016005 -0.00150259 -0.00148551 -0.00150137 -0.00158535 -0.00176489 -0.0020269 -0.00237264 -0.00280022 -0.0032554 -0.00374275 -0.00418881 -0.00455016 -0.0048307 -0.00498405 -0.00503363 -0.005061 -0.00508318 -0.00518846 -0.00547053 -0.00594133 -0.00663138 -0.00750975 -0.00847183 -0.00940724 -0.0101861 -0.0106861 -0.0108317 -0.0105787 -0.00996194 -0.00903118 -0.00788501 -0.00666616 -0.00546655 -0.00437889 -0.00349328 -0.00277676 -0.0022124 -0.00177717 -0.00136599 -0.00095566 -0.000539503 -7.34214e-05 0.000413772 0.000899576 0.00138088 0.00179047 0.00212837 0.00237097 0.00251916 0.00262468 0.00270199 0.00272203 0.00273996 0.00275117 0.00277267 0.00280225 0.00285921 0.00292945 0.00303802 0.00315773 0.00328543 0.00342675 0.0035928 0.00375752 0.00396262 0.0041838 0.00441658 0.00469124 0.00498806 0.00532988 0.00573062 0.0061932 0.00672497 0.0073481 0.00805935 0.00887634 0.00979064 0.0108528 0.0120239 0.0133411 0.0147987 0.0163685 0.0180672 0.0198555 0.0216836 0.0235168 0.0253259 0.027054 0.0286466 0.0300298 0.0311513 0.0319202 0.0323296 0.032309 0.0318296 0.0308915 0.0294624 0.0275397 0.0251258 0.0222918 0.0190367 0.0154041 0.0114415 0.00720889 0.00275299 -0.00187698 -0.00663549 -0.0115037 -0.0164168 -0.021344 -0.0262287 -0.0310267 -0.0356721 -0.0401442 -0.0444268 -0.0484517 -0.0521969 -0.0556407 -0.0587686 -0.0615317 -0.0639327 -0.0659931 -0.0676816 -0.068996 -0.0699558 -0.0705936 
0 0.00614744 0.0121206 0.0177259 0.0227999 0.02725 0.0309852 0.0339145 0.0360012 0.0372568 0.0376896 0.0373292 0.0362694 0.0346068 0.0323864 0.0296788 0.0265892 0.0231925 0.0195292 0.0156645 0.0116805 0.00759085 0.003434 -0.000733028 -0.00485096 -0.00888627 -0.0128018 -0.0165337 -0.0200493 -0.023264 -0.0261355 -0.0286266 -0.0307013 -0.0323306 -0.0335144 -0.0342686 -0.0345569 -0.0344063 -0.0338731 -0.0329971 -0.031816 -0.0303889 -0.0287679 -0.0270171 -0.0251981 -0.0233552 -0.0215009 -0.0196986 -0.0179834 -0.0163534 -0.0148469 -0.0134638 -0.0122097 -0.011074 -0.0100556 -0.00913017 -0.00830253 -0.00758342 -0.00694577 -0.00636538 -0.00585312 -0.0053699 -0.00492994 -0.0045372 -0.00416005 -0.00381206 -0.00348547 -0.00317394 -0.00288381 -0.00261695 -0.00236551 -0.00214349 -0.00196177 -0.00182682 -0.00172424 -0.00168648 -0.00170494 -0.00180069 -0.00197972 -0.00222949 -0.0025643 -0.00298854 -0.00344497 -0.00392955 -0.0043797 -0.00474572 -0.00502082 -0.00518886 -0.00526669 -0.00532052 -0.00539243 -0.00558188 -0.00595506 -0.00654157 -0.00735961 -0.00834721 -0.0093977 -0.0104148 -0.0112425 -0.0117707 -0.0119298 -0.0116569 -0.0109748 -0.00995881 -0.00869134 -0.00732864 -0.00599601 -0.00478894 -0.00378363 -0.0029789 -0.00234115 -0.00183555 -0.00137951 -0.000945553 -0.000494701 2.31962e-06 0.000516748 0.00103244 0.00153696 0.00196452 0.00232764 0.00261155 0.00280565 0.00293119 0.0030012 0.00302823 0.00305423 0.00306254 0.00307802 0.00311123 0.00316829 0.00324426 0.00334915 0.00347802 0.00362156 0.00378039 0.00396443 0.00415908 0.00439211 0.0046545 0.00492956 0.00525502 0.00561841 0.00602951 0.00651183 0.00706641 0.00770444 0.0084544 0.00930592 0.0102622 0.0113359 0.0125611 0.0139198 0.0154217 0.0170427 0.0187463 0.0205412 0.0223951 0.0242512 0.0260622 0.0277912 0.0293711 0.0307374 0.0318366 0.0326069 0.0329894 0.0329696 0.0324921 0.0315503 0.0301594 0.0283165 0.0260111 0.0232701 0.0201783 0.016755 0.0130499 0.00910972 0.00497837 0.000690996 -0.00372039 -0.00821973 -0.0127954 -0.0174125 -0.0220581 -0.026723 -0.031366 -0.0359445 -0.0404549 -0.0448913 -0.0492037 -0.0533463 -0.0573053 -0.0610209 -0.0644158 -0.0674629 -0.0701487 -0.0724276 -0.0742463 -0.0756206 -0.0765406 
0 0.00573951 0.0113127 0.0165433 0.0212662 0.0254054 0.028864 0.0315633 0.0334782 0.0346301 0.0350461 0.0347475 0.0338343 0.0323864 0.0304454 0.028079 0.0253876 0.0224421 0.0192545 0.0158733 0.0123566 0.00871136 0.00496302 0.00116109 -0.00265138 -0.00645936 -0.010238 -0.0139259 -0.0174792 -0.0208262 -0.0239165 -0.0267185 -0.0291677 -0.0312173 -0.0328491 -0.0340605 -0.0348186 -0.0351258 -0.035033 -0.0345543 -0.033711 -0.0325539 -0.0311413 -0.0295418 -0.0278204 -0.0260113 -0.0241382 -0.0222707 -0.0204522 -0.0186977 -0.0170327 -0.0154805 -0.0140494 -0.0127439 -0.0115665 -0.0104946 -0.00952872 -0.0086818 -0.00792095 -0.00723007 -0.00662013 -0.00605754 -0.00555599 -0.00510102 -0.00466269 -0.00425094 -0.00387165 -0.00352346 -0.0032158 -0.00293541 -0.00267609 -0.00243756 -0.00223395 -0.00207671 -0.00196239 -0.00191328 -0.00192745 -0.00201852 -0.00219686 -0.00245179 -0.00278505 -0.00319422 -0.00363236 -0.00409384 -0.00452993 -0.00489596 -0.00517436 -0.00535948 -0.00547035 -0.00557183 -0.00571663 -0.00599943 -0.0064726 -0.00717117 -0.00810348 -0.0092049 -0.0103656 -0.0114798 -0.0123762 -0.0129382 -0.013088 -0.0127697 -0.0120084 -0.010896 -0.00952032 -0.00803765 -0.00657818 -0.00524304 -0.00410525 -0.00318609 -0.00245579 -0.00187698 -0.00137249 -0.000905441 -0.000426228 8.69197e-05 0.000616934 0.00115269 0.00168009 0.00214345 0.00254642 0.00286638 0.00309277 0.00324083 0.00331705 0.00334267 0.00336014 0.0033704 0.00339719 0.00344475 0.00350631 0.00358717 0.00369125 0.00382303 0.00397489 0.00415368 0.0043667 0.00460505 0.00487754 0.00518209 0.00550416 0.00588854 0.00633443 0.00684235 0.00742882 0.00809028 0.00884261 0.00972383 0.0107276 0.0118449 0.0130927 0.014484 0.0160132 0.017672 0.0194263 0.0212327 0.0230859 0.0249496 0.0267621 0.0284713 0.0300367 0.0313859 0.0324468 0.0331813 0.0335357 0.0334866 0.0330163 0.0320788 0.0306769 0.0288438 0.0266076 0.0239668 0.0209658 0.0176877 0.0141648 0.0104471 0.0065847 0.00260799 -0.00146201 -0.00561386 -0.00982535 -0.0140868 -0.0183844 -0.0227241 -0.0271389 -0.0316027 -0.0360969 -0.04063 -0.0451988 -0.0497627 -0.0542633 -0.0586895 -0.062951 -0.0669451 -0.0706125 -0.0739055 -0.0767567 -0.0790749 -0.0808581 -0.0820595 
0 0.00516729 0.0101976 0.0149122 0.0191924 0.022929 0.0260578 0.0284948 0.0302306 0.0313116 0.0317431 0.0315715 0.0308539 0.0296788 0.028079 0.0261136 0.0238866 0.0214312 0.01876 0.0158919 0.012876 0.00971637 0.00641785 0.00301807 -0.000454455 -0.00399914 -0.00758323 -0.0111554 -0.0146694 -0.0180619 -0.0213088 -0.0243411 -0.0271038 -0.0295151 -0.0315538 -0.0332183 -0.0344452 -0.0352448 -0.03562 -0.0355883 -0.0351545 -0.0343543 -0.033243 -0.0318806 -0.0303166 -0.0286019 -0.0267677 -0.0248913 -0.0230346 -0.0211868 -0.0194015 -0.0176897 -0.016092 -0.014624 -0.013283 -0.0120518 -0.0109366 -0.00993351 -0.00903556 -0.00821987 -0.00748608 -0.00683445 -0.00624282 -0.00571689 -0.00521645 -0.00474516 -0.00431688 -0.00393886 -0.00358743 -0.00327975 -0.00298898 -0.00273459 -0.00252397 -0.00235454 -0.00223469 -0.00218616 -0.00217758 -0.00224251 -0.0024115 -0.00266359 -0.00299507 -0.00338762 -0.00380928 -0.00424587 -0.0046549 -0.00499985 -0.00528974 -0.00549075 -0.00564149 -0.00581201 -0.00604799 -0.00641609 -0.00701173 -0.00783291 -0.00888162 -0.0101074 -0.0113955 -0.0125878 -0.0135585 -0.0141562 -0.0142876 -0.0139193 -0.0130942 -0.011866 -0.0103811 -0.00878327 -0.00719154 -0.00571624 -0.00445774 -0.00340159 -0.00255904 -0.00190079 -0.00134514 -0.000834806 -0.000345688 0.000182472 0.000735215 0.00129703 0.00184637 0.00234497 0.00277638 0.00312496 0.00336758 0.00353721 0.00364545 0.00368348 0.00370466 0.00372843 0.00375645 0.00379531 0.0038553 0.00393122 0.00405731 0.00420481 0.00437693 0.00458206 0.00482595 0.00509933 0.00542746 0.00577475 0.00616237 0.00661564 0.00714653 0.00776829 0.00847496 0.00926302 0.0101548 0.0111795 0.0123429 0.0136407 0.0150575 0.0166204 0.0182871 0.0200599 0.0218952 0.0237502 0.0256145 0.0274343 0.029131 0.0306593 0.0319728 0.0330106 0.0337139 0.0340207 0.033925 0.0333974 0.032456 0.0310614 0.0292156 0.0269844 0.0243949 0.0214861 0.0183035 0.0149239 0.0113817 0.00771426 0.00396901 0.000181455 -0.00364847 -0.00751337 -0.0114207 -0.0153689 -0.0193447 -0.023395 -0.0275468 -0.0318288 -0.0362254 -0.0407641 -0.0454513 -0.0502195 -0.0550422 -0.0598639 -0.0646129 -0.0691485 -0.0733814 -0.0772478 -0.0806186 -0.0834133 -0.085562 -0.0870205 
0 0.0044525 0.00878453 0.0128803 0.0165933 0.0198684 0.0226083 0.0247693 0.0263521 0.0273819 0.0278966 0.0278883 0.0274371 0.0265892 0.0253876 0.0238866 0.0221464 0.0202075 0.0180514 0.015708 0.013207 0.0105484 0.00771841 0.00474156 0.00162747 -0.00160432 -0.00493982 -0.00832954 -0.0117252 -0.0151086 -0.0184092 -0.0216042 -0.0245806 -0.0272904 -0.0297027 -0.0317738 -0.0334716 -0.0347322 -0.0355867 -0.0360238 -0.0360482 -0.0356773 -0.0349457 -0.0338892 -0.032575 -0.0310259 -0.0293142 -0.0275086 -0.0256478 -0.0237774 -0.0218949 -0.0200778 -0.0183453 -0.0167263 -0.015218 -0.0138179 -0.0125254 -0.0113741 -0.010325 -0.00937482 -0.00851565 -0.00773105 -0.00704084 -0.00641884 -0.00585093 -0.0053268 -0.00485012 -0.00440897 -0.00402844 -0.00366641 -0.00334153 -0.00305268 -0.00283093 -0.0026697 -0.0025535 -0.00245931 -0.00244392 -0.00250328 -0.00264087 -0.00286589 -0.00317803 -0.00354888 -0.00395353 -0.0043592 -0.00474938 -0.0050923 -0.00536161 -0.00558797 -0.00579098 -0.00600844 -0.00632974 -0.0068377 -0.00755151 -0.00852171 -0.00972728 -0.0110732 -0.0124496 -0.0137408 -0.0147526 -0.0153692 -0.0155092 -0.0151151 -0.0142047 -0.0129004 -0.0112941 -0.00954127 -0.00780753 -0.00620181 -0.00478003 -0.00361324 -0.00267372 -0.00191262 -0.00129378 -0.000758444 -0.000223781 0.000325032 0.000895427 0.00148072 0.00204508 0.00255908 0.00300189 0.00337102 0.0036636 0.00386186 0.00396731 0.00404511 0.00409316 0.004121 0.00413781 0.00416869 0.00421352 0.00430705 0.00443172 0.00461389 0.0048212 0.00505511 0.00532087 0.00564294 0.00601124 0.00644057 0.00690887 0.00744919 0.00808766 0.00881612 0.0096549 0.0105914 0.0116433 0.0128382 0.0141776 0.0156322 0.0172258 0.0189143 0.0207093 0.022555 0.0244163 0.0262659 0.0280653 0.0297675 0.0312797 0.0325392 0.0335176 0.0341734 0.0344454 0.0343149 0.0337279 0.0327295 0.0313061 0.0294656 0.0272326 0.0246481 0.0217908 0.0186727 0.0153802 0.0119665 0.00846865 0.00490942 0.00132385 -0.00225755 -0.00582364 -0.00939124 -0.0129822 -0.0166085 -0.0202937 -0.0240619 -0.0279932 -0.0320952 -0.0364056 -0.0409527 -0.045727 -0.0506925 -0.0557662 -0.0609351 -0.0660772 -0.0710703 -0.0757996 -0.0801447 -0.0839902 -0.0871737 -0.0896454 -0.0913044 
0 0.00361154 0.00714707 0.0104889 0.01357 0.0162927 0.0186221 0.0205048 0.0219453 0.0229754 0.0235844 0.0238036 0.0236536 0.0231925 0.0224421 0.0214312 0.0202075 0.0187751 0.0171408 0.0153199 0.013332 0.0111713 0.00881081 0.00625832 0.00353791 0.000648584 -0.00238013 -0.00553355 -0.0087674 -0.0120467 -0.0153437 -0.0185796 -0.0217041 -0.0246421 -0.0273616 -0.0298096 -0.031906 -0.0336184 -0.0349306 -0.0358469 -0.0363543 -0.0364437 -0.0361335 -0.0354687 -0.0344757 -0.0332054 -0.0317024 -0.0300281 -0.028249 -0.0263829 -0.0244872 -0.0226026 -0.0207706 -0.019021 -0.0173483 -0.0157688 -0.0143203 -0.0129961 -0.0118043 -0.0107124 -0.00969642 -0.00879084 -0.00797383 -0.00724757 -0.00659057 -0.00598016 -0.00543236 -0.0049505 -0.00450429 -0.00411218 -0.00375714 -0.00345304 -0.00320101 -0.00299601 -0.00285668 -0.00277652 -0.00273098 -0.0027532 -0.00287927 -0.00309422 -0.00337362 -0.00369748 -0.0040632 -0.00444124 -0.00481077 -0.00514417 -0.00543334 -0.00566275 -0.00588773 -0.00618516 -0.00662288 -0.00724679 -0.00813663 -0.00926859 -0.0106001 -0.012076 -0.0135738 -0.0149121 -0.0159867 -0.01664 -0.0167587 -0.0163277 -0.015379 -0.0139571 -0.0122368 -0.0103621 -0.00846487 -0.00668649 -0.00513608 -0.00382092 -0.00276577 -0.00193403 -0.0012516 -0.000639073 -6.88359e-05 0.000506365 0.00109298 0.00167808 0.00223695 0.00276918 0.00324774 0.00365286 0.00395952 0.00418628 0.00434555 0.00442384 0.00445989 0.00450292 0.00454283 0.00458181 0.0046358 0.00471828 0.00487214 0.00506629 0.00529503 0.00556318 0.00587042 0.00624019 0.00668901 0.00719046 0.00777294 0.0084276 0.00917795 0.0100458 0.0110154 0.0121071 0.0133361 0.0147045 0.0162115 0.0178282 0.0195351 0.021341 0.0232048 0.0250928 0.0269405 0.0287053 0.0303615 0.0318453 0.0330803 0.034004 0.0345805 0.0347894 0.0346058 0.0339877 0.0329444 0.0314752 0.0296096 0.0273703 0.024789 0.0219499 0.0188852 0.0156528 0.012307 0.00891026 0.00550855 0.00210166 -0.00128614 -0.00463471 -0.00794013 -0.0112128 -0.0144975 -0.017828 -0.0212355 -0.0247857 -0.0285175 -0.0324897 -0.0367267 -0.0412712 -0.0461303 -0.0512284 -0.0565311 -0.0619484 -0.0674048 -0.0727519 -0.0778581 -0.0826041 -0.086796 -0.0903117 -0.0930078 -0.0948194 
