0 0 0 0 0 0 0 0 0 0 0 0 0 0 0 0 0 0 0 0 0 0 0 0 0 0 0 0 0 0 0 0 0 0 0 0 0 0 0 0 0 0 0 0 0 0 0 0 0 0 0 0 0 0 0 0 0 0 0 0 0 0 0 0 0 0 0 0 0 0 0 0 0 0 0 0 0 0 0 0 0 0 0 0 0 0 0 0 0 0 0 0 0 0 0 0 0 0 0 0 0 0 0 0 0 0 0 0 0 0 0 0 0 0 0 0 0 0 0 0 0 0 0 0 0 0 0 0 0 0 0 0 0 0 0 0 0 0 0 0 0 0 0 0 0 0 0 0 0 0 0 0 0 0 0 0 0 0 0 0 0 0 0 0 0 0 0 0 0 0 0 0 0 0 0 0 0 0 0 0 0 0 0 0 0 0 0 0 0 0 0 0 0 0 0 0 0 0 0 0 
0 -0.00193494 -0.00381006 -0.00556066 -0.00711686 -0.00840658 -0.00939292 -0.010064 -0.0104376 -0.0105391 -0.0104003 -0.0100537 -0.00951621 -0.00883457 -0.00806 -0.00724465 -0.00642575 -0.00563094 -0.00488687 -0.00418824 -0.0035616 -0.00302673 -0.00257705 -0.00219661 -0.0018622 -0.00158391 -0.00134245 -0.00115046 -0.00101088 -0.000898272 -0.000808155 -0.000719332 -0.000650134 -0.000596024 -0.000560095 -0.000531995 -0.000495725 -0.0004649 -0.000433095 -0.000402333 -0.000386197 -0.000379882 -0.000367156 -0.000348436 -0.000321939 -0.000306835 -0.000294872 -0.000292346 -0.000281615 -0.000264292 -0.000249706 -0.000229047 -0.000216834 -0.000215474 -0.000218577 -0.000212344 -0.000205253 -0.000187645 -0.000182024 -0.000181089 -0.000180888 -0.000179082 -0.000183127 -0.000182847 -0.00019371 -0.00021587 -0.000253865 -0.000306355 -0.000367213 -0.000448477 -0.000540325 -0.000646005 -0.000771242 -0.00092961 -0.00111232 -0.0013052 -0.00148783 -0.00167247 -0.00181969 -0.00193037 -0.0019895 -0.00197586 -0.00187343 -0.00169092 -0.0014103 -0.00105489 -0.000631473 -0.000179806 0.000277233 0.000708539 0.00108853 0.00139338 0.00161974 0.00173949 0.00176829 0.00171534 0.00160822 0.00148245 0.0013741 0.00130102 0.00128546 0.0013175 0.00140217 0.001516 0.00163969 0.00174994 0.00181485 0.0018001 0.00170392 0.00150253 0.00121347 0.000848697 0.000429382 -2.05365e-05 -0.000465593 -0.000882195 -0.00122899 -0.00150992 -0.0016969 -0.00180051 -0.00182908 -0.00177813 -0.00165261 -0.00149781 -0.00130867 -0.00112016 -0.000940286 -0.00077309 -0.000612167 -0.000467828 -0.000341094 -0.000238522 -0.00014308 -6.7036e-05 -1.63902e-05 1.34906e-05 3.93887e-05 7.03266e-05 9.28486e-05 0.000109149 0.000115891 0.000121753 0.000127065 0.000141049 0.000149983 0.000166182 0.000176278 0.000177861 0.000172301 0.000175484 0.00018163 0.000202913 0.000218256 0.000219313 0.000225751 0.000232051 0.000248541 0.000264994 0.000283045 0.000294818 0.000300885 0.00030731 0.000320413 0.000341871 0.000374679 0.000388958 0.000398177 0.000414107 0.000432093 0.000461312 0.000481336 0.000497162 0.000488717 0.000472769 0.000460211 0.000443796 0.000426621 0.000381999 0.000317839 0.000245476 0.000169347 8.0093e-05 -3.68997e-05 -0.000177957 -0.000352563 -0.000547772 -0.000737255 -0.000922011 -0.00111329 -0.00131737 -0.00152704 -0.00174579 -0.00196899 -0.00217441 -0.0023592 -0.00252741 -0.00267539 -0.00279465 -0.0028868 -0.00295315 
0 -0.00381006 -0.00749403 -0.0109227 -0.0139685 -0.0165063 -0.0184679 -0.0198272 -0.0206038 -0.0208334 -0.0205822 -0.019911 -0.0188787 -0.0175644 -0.0160698 -0.0144832 -0.0128643 -0.0112979 -0.00981737 -0.00845274 -0.00721672 -0.00615112 -0.00524365 -0.00445132 -0.00378548 -0.00321823 -0.00275023 -0.00235616 -0.00205161 -0.00180848 -0.00160287 -0.0014373 -0.00129917 -0.0011951 -0.00111345 -0.00104436 -0.000973395 -0.000927533 -0.000876874 -0.000830256 -0.000785889 -0.000759284 -0.000731829 -0.00068908 -0.000662503 -0.000625768 -0.000604252 -0.000583794 -0.000553751 -0.000531347 -0.000517099 -0.000489732 -0.000471165 -0.000448918 -0.000438532 -0.00042106 -0.000397452 -0.000381375 -0.000360329 -0.00036487 -0.000360493 -0.000348416 -0.000355255 -0.000374841 -0.000404761 -0.000451864 -0.000490986 -0.000581767 -0.00071548 -0.000867031 -0.00104909 -0.00128145 -0.0015594 -0.00187932 -0.00222265 -0.00258498 -0.00295817 -0.00331127 -0.00362329 -0.00386467 -0.00397449 -0.00393032 -0.00374401 -0.00336637 -0.00281102 -0.00210797 -0.00126676 -0.000354329 0.000550945 0.00142115 0.00217928 0.00279647 0.00323823 0.00347403 0.00352352 0.0034199 0.00320596 0.00297984 0.00276967 0.00262684 0.00258883 0.00264376 0.00279254 0.00302804 0.00327715 0.00350629 0.00363775 0.00361266 0.00340767 0.00300483 0.00241958 0.00169809 0.000850642 -4.1017e-05 -0.000924179 -0.00175531 -0.00245837 -0.00300122 -0.00339355 -0.00359886 -0.0036322 -0.00352253 -0.00329322 -0.00297886 -0.00262796 -0.0022609 -0.00188475 -0.00151886 -0.00118658 -0.0009078 -0.000667061 -0.000451214 -0.000282472 -0.000156183 -4.01061e-05 3.35758e-05 9.8937e-05 0.000151976 0.000186347 0.000220048 0.00024167 0.000246727 0.000272648 0.000280781 0.000290483 0.00030489 0.000318679 0.000337955 0.000345736 0.000359524 0.000374797 0.000397647 0.000418786 0.00042739 0.000439056 0.000472192 0.000488311 0.0005175 0.000542335 0.000570325 0.000604324 0.000631779 0.000662668 0.000700066 0.000751657 0.00078545 0.000818595 0.00085523 0.000898196 0.000924929 0.000957644 0.000974894 0.000969466 0.000952928 0.000917875 0.000885099 0.000828055 0.000749713 0.000629875 0.000494995 0.000342016 0.000144278 -9.53361e-05 -0.000379787 -0.000714196 -0.00109279 -0.00147112 -0.00184916 -0.00224094 -0.00265254 -0.00306366 -0.00349218 -0.00392604 -0.00433034 -0.00469975 -0.00503209 -0.00533221 -0.00556579 -0.00575265 -0.00588144 
0 -0.00556066 -0.0109227 -0.0158957 -0.020315 -0.0240229 -0.0269345 -0.0289993 -0.030223 -0.0306398 -0.0303307 -0.0294083 -0.0279551 -0.0261067 -0.0239835 -0.0216979 -0.0193453 -0.0170299 -0.0148589 -0.0128389 -0.0110182 -0.00942017 -0.00802538 -0.00682073 -0.00578747 -0.00495296 -0.00424181 -0.00364577 -0.00316433 -0.00275998 -0.00244824 -0.0021864 -0.00199244 -0.00182781 -0.00169019 -0.00157304 -0.00146309 -0.00139795 -0.00133963 -0.00126365 -0.00119348 -0.00113606 -0.0010786 -0.00103307 -0.000985934 -0.000954946 -0.00090932 -0.000872099 -0.000825946 -0.000791256 -0.000781185 -0.000749787 -0.00071238 -0.000677558 -0.000650143 -0.000616486 -0.000601649 -0.000573059 -0.000565247 -0.000555632 -0.000537649 -0.000521679 -0.000537959 -0.00056019 -0.000611097 -0.000677588 -0.000766059 -0.000888755 -0.00104999 -0.00128923 -0.00158497 -0.00193459 -0.00233707 -0.00281269 -0.00333882 -0.00388837 -0.00442239 -0.00496794 -0.00542236 -0.0057681 -0.00594948 -0.00590441 -0.00559506 -0.00504172 -0.00420765 -0.00315215 -0.00189728 -0.000548268 0.000822118 0.00212049 0.00326262 0.00417587 0.00484077 0.0051908 0.00527272 0.00512316 0.00482314 0.0044735 0.00416718 0.00395524 0.00389833 0.00397892 0.00421367 0.0045472 0.0049193 0.00525503 0.00545281 0.0054089 0.00510729 0.00449334 0.00361764 0.00252383 0.00127358 -6.26553e-05 -0.00138881 -0.00263262 -0.00367715 -0.00451419 -0.00506999 -0.00536699 -0.00543544 -0.00527917 -0.00492305 -0.00447968 -0.00393917 -0.0033797 -0.0028221 -0.00228742 -0.00178121 -0.00134429 -0.000983617 -0.000703221 -0.000446665 -0.000228279 -6.03346e-05 5.51866e-05 0.000146438 0.000229477 0.000279023 0.000316117 0.00034371 0.000378517 0.00040899 0.000438012 0.000435701 0.000449893 0.000470892 0.000499144 0.00052224 0.000552664 0.000565531 0.000598286 0.000623674 0.000637008 0.000679486 0.000717504 0.000754442 0.000774284 0.000804576 0.000848962 0.000905772 0.000962838 0.00101047 0.00105411 0.00112339 0.00117111 0.00123044 0.00130361 0.0013514 0.00139125 0.00140695 0.00143939 0.00144419 0.00143127 0.00139502 0.00131864 0.00123556 0.00110826 0.000948855 0.00075504 0.000510485 0.000197425 -0.000186512 -0.000606523 -0.00109155 -0.00163751 -0.00220124 -0.0027832 -0.00338951 -0.0040133 -0.00462771 -0.00525159 -0.0058848 -0.00647882 -0.00702405 -0.00752315 -0.00796002 -0.00830827 -0.00857438 -0.00875942 
0 -0.00711686 -0.0139685 -0.020315 -0.0259649 -0.0307469 -0.034557 -0.0373263 -0.0390362 -0.0397071 -0.0394406 -0.0383653 -0.0366163 -0.0343456 -0.0317112 -0.0288435 -0.0258468 -0.0228855 -0.0200589 -0.0174313 -0.0150235 -0.0128861 -0.011008 -0.0093547 -0.00796568 -0.00680678 -0.0058452 -0.00502111 -0.00435047 -0.00380445 -0.00336067 -0.00301342 -0.00273077 -0.00250119 -0.00230525 -0.00213575 -0.00198103 -0.00188191 -0.00178507 -0.00168968 -0.0015935 -0.00152332 -0.00145859 -0.00138306 -0.00133522 -0.00127357 -0.00122324 -0.00116907 -0.001103 -0.00105596 -0.00102899 -0.000981407 -0.000940605 -0.000894413 -0.000867967 -0.000835804 -0.000799172 -0.000771013 -0.000737235 -0.000736551 -0.000722464 -0.000700417 -0.000712138 -0.000750177 -0.000811529 -0.000905491 -0.00100204 -0.00118499 -0.00144421 -0.00174912 -0.00211592 -0.00257649 -0.00312524 -0.00375817 -0.00444481 -0.00516877 -0.00590814 -0.00661365 -0.00723162 -0.00770217 -0.00792065 -0.00783691 -0.00745507 -0.00670532 -0.00560406 -0.0042054 -0.00254197 -0.000738824 0.00106152 0.00278583 0.00429663 0.00552653 0.00641068 0.00689366 0.00700698 0.00681636 0.00641274 0.00596854 0.00556053 0.00528565 0.00521115 0.00532533 0.00562439 0.00607937 0.00656495 0.00700128 0.00724356 0.00717974 0.00676004 0.00595122 0.0047854 0.00334386 0.00166557 -0.000106153 -0.00186277 -0.00350905 -0.00490593 -0.00599052 -0.00676078 -0.00716722 -0.00723755 -0.00701996 -0.00656323 -0.00594324 -0.00524196 -0.00450865 -0.00376559 -0.00304586 -0.00238799 -0.00182744 -0.00134312 -0.000917813 -0.000575532 -0.000311594 -8.36405e-05 6.879e-05 0.000197936 0.0003007 0.000368888 0.000429944 0.000473293 0.000497506 0.000550517 0.000575811 0.000594497 0.000618741 0.000645956 0.000685017 0.000708603 0.000736742 0.000760944 0.00079732 0.000834588 0.000860689 0.00089939 0.000965983 0.00100277 0.00104969 0.00109236 0.00114848 0.00122139 0.00128496 0.00134483 0.00140586 0.00148843 0.00155422 0.00163301 0.00172224 0.00180438 0.00184491 0.00188443 0.00191552 0.00192771 0.00191838 0.0018562 0.0017645 0.00162882 0.00146678 0.00124849 0.000987067 0.000654355 0.000216134 -0.000295239 -0.000856776 -0.00148218 -0.0021895 -0.0029362 -0.00372355 -0.00455179 -0.00539866 -0.00621835 -0.00703874 -0.0078561 -0.00862628 -0.00933931 -0.00998613 -0.0105569 -0.0109971 -0.0113369 -0.0115635 
0 -0.00840658 -0.0165063 -0.0240229 -0.0307469 -0.0364867 -0.0411274 -0.0445788 -0.0468059 -0.0478227 -0.047721 -0.0466509 -0.0447469 -0.0422002 -0.039185 -0.035859 -0.0323595 -0.0288414 -0.0254515 -0.0222327 -0.0192611 -0.0165923 -0.0142267 -0.0121549 -0.0103681 -0.00888046 -0.0076111 -0.00654162 -0.00567252 -0.00495549 -0.00437859 -0.00389173 -0.00350478 -0.0031891 -0.00293691 -0.00272722 -0.00253205 -0.00238446 -0.00225108 -0.0021177 -0.00201051 -0.00192839 -0.00184005 -0.00174838 -0.0016584 -0.00159155 -0.00152696 -0.00147305 -0.00140365 -0.00133838 -0.00129245 -0.0012281 -0.00116873 -0.00112579 -0.00109684 -0.00105427 -0.00101578 -0.000961926 -0.000932767 -0.000920532 -0.000905919 -0.000892635 -0.000910094 -0.000937973 -0.00100666 -0.00111644 -0.00127506 -0.00150357 -0.00180044 -0.00219123 -0.00266167 -0.0032234 -0.00388846 -0.00467603 -0.005552 -0.00646957 -0.0073736 -0.00826037 -0.00900976 -0.0095716 -0.0098563 -0.00977496 -0.00927644 -0.00835718 -0.00698679 -0.00523939 -0.00317396 -0.000946673 0.00130634 0.00344266 0.00532615 0.00684932 0.00795698 0.00856754 0.00872961 0.00850887 0.00803421 0.00747512 0.00697715 0.00664071 0.00655249 0.00669953 0.007084 0.00762774 0.00822126 0.00874142 0.00903033 0.00893769 0.00841387 0.00739759 0.00594587 0.00413389 0.00205921 -0.000149678 -0.0023406 -0.00438191 -0.00610827 -0.00747475 -0.00840287 -0.00890384 -0.00901555 -0.00875726 -0.00817927 -0.0074228 -0.00652713 -0.00559892 -0.00468296 -0.00381111 -0.0029975 -0.00228178 -0.00166969 -0.00116479 -0.000725552 -0.000368701 -0.000100802 8.33559e-05 0.000232642 0.000370503 0.000468239 0.000539904 0.000585846 0.000627411 0.000672526 0.000719007 0.000742387 0.000782238 0.000822122 0.000857515 0.000879672 0.000911367 0.000942541 0.00100559 0.00106116 0.00109249 0.00114292 0.00119725 0.00125859 0.00131765 0.00138582 0.00145795 0.00153225 0.001606 0.00168298 0.00177344 0.00188974 0.00197101 0.002053 0.00215141 0.00223515 0.0023077 0.00235179 0.00239462 0.00239725 0.00237082 0.00230788 0.00219248 0.00204593 0.00182895 0.00154545 0.00119568 0.000757593 0.000210624 -0.000435149 -0.00113491 -0.00191999 -0.00279544 -0.0037234 -0.00470737 -0.00574508 -0.00680512 -0.0078316 -0.00883848 -0.00982676 -0.010753 -0.0116081 -0.0123902 -0.0130708 -0.0136048 -0.0140069 -0.0142773 
0 -0.00939292 -0.0184679 -0.0269345 -0.034557 -0.0411274 -0.0465078 -0.0506016 -0.0533644 -0.0548037 -0.0550038 -0.0540905 -0.0522081 -0.0495459 -0.0463107 -0.0426859 -0.0388208 -0.0348877 -0.031012 -0.0272806 -0.0237777 -0.0205975 -0.0177601 -0.0152416 -0.013056 -0.0111851 -0.00959296 -0.00824581 -0.00714569 -0.00624184 -0.00548805 -0.00485822 -0.00434196 -0.00393243 -0.00360931 -0.00334207 -0.00310032 -0.00290895 -0.00273431 -0.0025775 -0.0024453 -0.00234297 -0.00223761 -0.00211759 -0.00201655 -0.00192447 -0.00184956 -0.00177768 -0.00169435 -0.00162249 -0.00156778 -0.00149669 -0.00143054 -0.00136995 -0.00132599 -0.00127407 -0.00121648 -0.00116106 -0.00111588 -0.00110277 -0.001087 -0.00107198 -0.00109133 -0.00114147 -0.0012264 -0.00135508 -0.00152167 -0.00178883 -0.00215741 -0.00261632 -0.00317587 -0.0038652 -0.00468399 -0.00562643 -0.00665539 -0.00773391 -0.00882164 -0.00986571 -0.0107733 -0.0114529 -0.0117795 -0.0116679 -0.0110863 -0.00998015 -0.00835476 -0.00627734 -0.00382366 -0.00116273 0.00151767 0.0040712 0.00632157 0.00815059 0.00946852 0.0102092 0.0104106 0.0101688 0.00962861 0.00899959 0.00842632 0.00803933 0.00792686 0.00809461 0.00853158 0.00917365 0.00987204 0.0104821 0.0108071 0.0106848 0.0100326 0.00880876 0.00706331 0.00489996 0.00241569 -0.000212875 -0.00281869 -0.00524434 -0.0073101 -0.0089237 -0.0100455 -0.010645 -0.0107591 -0.0104438 -0.00977443 -0.00886776 -0.00782115 -0.00671975 -0.00561352 -0.0045481 -0.00357022 -0.00272289 -0.00199588 -0.00137659 -0.00086559 -0.00045992 -0.000133658 0.0001013 0.000294747 0.000453848 0.000569093 0.000657538 0.000717558 0.000760047 0.000818623 0.000859833 0.000890358 0.000929542 0.00097453 0.00102484 0.00106135 0.00110184 0.00114626 0.00121187 0.00127466 0.00131784 0.00136837 0.00143949 0.00150466 0.00158553 0.00167062 0.00176097 0.0018547 0.00194224 0.00203946 0.00215673 0.00229383 0.00239751 0.00249093 0.00259137 0.00269125 0.00276992 0.00283461 0.00287241 0.00286608 0.00282462 0.00274075 0.00262097 0.00244152 0.00217878 0.00181053 0.00135942 0.000816437 0.000156604 -0.000605662 -0.00145407 -0.00240511 -0.0034605 -0.00457404 -0.00574479 -0.00697628 -0.00823517 -0.00946057 -0.0106523 -0.0117988 -0.012863 -0.0138381 -0.0147231 -0.015497 -0.0161061 -0.016569 -0.0168784 
0 -0.010064 -0.0198272 -0.0289993 -0.0373263 -0.0445788 -0.0506016 -0.0552912 -0.0586008 -0.0605344 -0.0611513 -0.0605541 -0.0588707 -0.0562884 -0.0530199 -0.0492621 -0.0451817 -0.0409476 -0.0366979 -0.0325352 -0.0285718 -0.0249145 -0.021602 -0.0186314 -0.0160195 -0.0137642 -0.0118309 -0.0101883 -0.0088231 -0.00768888 -0.00674215 -0.00595473 -0.00530998 -0.00478855 -0.00436412 -0.00400975 -0.00370696 -0.00346675 -0.00325804 -0.00306447 -0.00289373 -0.00275137 -0.00261837 -0.00248826 -0.00237683 -0.00227478 -0.00217761 -0.00207903 -0.00197839 -0.00189774 -0.00183673 -0.00176238 -0.00168027 -0.0016024 -0.00153964 -0.00148071 -0.00142525 -0.00137257 -0.00132835 -0.0013013 -0.0012727 -0.00125482 -0.00127708 -0.00133906 -0.0014444 -0.0015976 -0.00180368 -0.00210699 -0.00252417 -0.00306083 -0.00372413 -0.00452868 -0.00547837 -0.00656736 -0.00776006 -0.00900961 -0.010269 -0.0114772 -0.012527 -0.0133058 -0.0136834 -0.0135558 -0.0128703 -0.0115862 -0.00970824 -0.00730375 -0.00447561 -0.00140534 0.00170199 0.00465883 0.0072723 0.00939836 0.0109325 0.0118104 0.0120703 0.0118212 0.0112336 0.010528 0.00988444 0.00945054 0.00932295 0.00951904 0.0100199 0.010743 0.0115318 0.0122083 0.0125565 0.0123921 0.0116126 0.0101783 0.00814453 0.00562578 0.002753 -0.000288463 -0.0033057 -0.00610733 -0.00850192 -0.0103747 -0.0116649 -0.0123553 -0.0124881 -0.0121239 -0.0113548 -0.0103107 -0.0091008 -0.00782193 -0.00654064 -0.00530697 -0.00417014 -0.0031756 -0.00233062 -0.00162134 -0.00102975 -0.000546818 -0.000162846 0.00012264 0.000348807 0.000529152 0.000658386 0.000753085 0.000825479 0.000891575 0.000966313 0.00102154 0.0010551 0.00109131 0.00113978 0.00119921 0.00125496 0.00130823 0.00135995 0.00142456 0.00148921 0.00154772 0.00162173 0.00171084 0.00179246 0.00187546 0.00196472 0.00206854 0.00218388 0.00229764 0.00241156 0.00253859 0.00267931 0.00280058 0.0029167 0.00303692 0.00314655 0.00323089 0.003296 0.00333656 0.0033347 0.00328835 0.00319191 0.00304378 0.00282418 0.00249918 0.0020509 0.00149767 0.000839113 6.03699e-05 -0.00083307 -0.00183231 -0.00295501 -0.0041914 -0.00549437 -0.00685189 -0.00826491 -0.00970369 -0.0111128 -0.0124775 -0.0137719 -0.01496 -0.0160327 -0.0169941 -0.0178291 -0.0184957 -0.0190031 -0.0193436 
0 -0.0104376 -0.0206038 -0.030223 -0.0390362 -0.0468059 -0.0533644 -0.0586008 -0.0624601 -0.0649367 -0.0660609 -0.0659151 -0.064606 -0.0623051 -0.0592043 -0.055492 -0.0513508 -0.0469482 -0.0424514 -0.0379711 -0.033639 -0.0295565 -0.0257837 -0.0223617 -0.0193126 -0.0166631 -0.0143659 -0.0123965 -0.0107271 -0.00932511 -0.00816253 -0.00719748 -0.00640696 -0.00575038 -0.00520131 -0.00474073 -0.00436348 -0.00406133 -0.00380901 -0.00357119 -0.00336232 -0.00318243 -0.00302237 -0.00288213 -0.00274988 -0.0026354 -0.00251588 -0.00239683 -0.00228241 -0.00218591 -0.00210616 -0.00202129 -0.00192516 -0.00184166 -0.0017689 -0.00170269 -0.00164255 -0.00157876 -0.00153402 -0.00149632 -0.00146491 -0.00145004 -0.00147135 -0.00153425 -0.00165171 -0.00182361 -0.00207941 -0.00243435 -0.0029101 -0.00352458 -0.00427932 -0.00518572 -0.00626015 -0.00749551 -0.00885453 -0.01028 -0.011709 -0.0130789 -0.0142621 -0.01513 -0.0155535 -0.0154129 -0.0146255 -0.013173 -0.0110474 -0.00832 -0.00512552 -0.00166128 0.00185726 0.00519748 0.00816431 0.0105858 0.0123451 0.013374 0.0137082 0.0134632 0.0128395 0.0120624 0.0113562 0.010882 0.0107463 0.0109759 0.0115432 0.0123388 0.0132044 0.0139243 0.0142743 0.0140519 0.0131409 0.0115001 0.00918904 0.00632015 0.00306595 -0.000384125 -0.00380463 -0.00696877 -0.00967611 -0.0118015 -0.0132547 -0.0140391 -0.014195 -0.0137842 -0.0129131 -0.0117322 -0.0103552 -0.00890083 -0.0074506 -0.00606166 -0.00478101 -0.00364617 -0.00267402 -0.00186026 -0.00117558 -0.000615499 -0.000185952 0.000141927 0.000394614 0.000598789 0.000752048 0.000861626 0.000946105 0.0010293 0.00110588 0.00117607 0.00122084 0.00126674 0.00132406 0.00138547 0.00144896 0.00150802 0.00156765 0.00163919 0.00171082 0.0017838 0.00187829 0.00197884 0.00208338 0.00217376 0.00227347 0.00239105 0.00252409 0.00266322 0.00279464 0.00293068 0.00307212 0.0032089 0.00334902 0.0034939 0.00361385 0.00370529 0.00376369 0.0038069 0.00381325 0.00376515 0.00365182 0.0034528 0.00317092 0.00276802 0.00224295 0.00159259 0.000812569 -0.000101294 -0.00114646 -0.00230598 -0.00359749 -0.00500599 -0.00649586 -0.00804078 -0.00962753 -0.0112239 -0.0127879 -0.0142967 -0.0157178 -0.0170132 -0.0181658 -0.0191813 -0.0200495 -0.0207533 -0.0212896 -0.0216533 
0 -0.0105391 -0.0208334 -0.0306398 -0.0397071 -0.0478227 -0.0548037 -0.0605344 -0.0649367 -0.0679819 -0.0696885 -0.0701016 -0.0693289 -0.0674874 -0.0647432 -0.0612588 -0.0572129 -0.0528055 -0.0481876 -0.0435227 -0.038915 -0.034481 -0.0303084 -0.0264546 -0.0229944 -0.0199193 -0.0172376 -0.0149034 -0.0128973 -0.011207 -0.009781 -0.00860396 -0.00761839 -0.00680339 -0.00612248 -0.00555292 -0.00509071 -0.00471128 -0.00438851 -0.00411105 -0.00386561 -0.00365635 -0.00347253 -0.00329274 -0.00313766 -0.00298867 -0.00286243 -0.00273396 -0.00261074 -0.00249908 -0.00239168 -0.00228894 -0.00219197 -0.0021025 -0.00202293 -0.00194865 -0.00185819 -0.00178579 -0.00172164 -0.00168621 -0.0016637 -0.00165398 -0.00167042 -0.00174431 -0.00186595 -0.00206028 -0.00233891 -0.00274622 -0.00329929 -0.00397565 -0.0048092 -0.0058296 -0.00704363 -0.0084274 -0.00994218 -0.0115311 -0.0131394 -0.014643 -0.0159589 -0.0169222 -0.0173774 -0.0172115 -0.0163547 -0.0147265 -0.0123654 -0.00933205 -0.0057832 -0.00192309 0.00198188 0.0057053 0.00901449 0.0117311 0.0137054 0.0148921 0.0153025 0.0150824 0.0144376 0.013625 0.0128697 0.0123675 0.0122188 0.0124757 0.0130856 0.0139501 0.0148763 0.015635 0.0159712 0.0156875 0.0146312 0.0127829 0.010187 0.00698404 0.00334061 -0.000502526 -0.00430558 -0.00781723 -0.0108336 -0.0131754 -0.0148065 -0.0156884 -0.0158543 -0.0154001 -0.0144525 -0.0131225 -0.0115963 -0.00997194 -0.008347 -0.00678809 -0.00536207 -0.00410411 -0.00301583 -0.00207526 -0.00130798 -0.000694464 -0.000211532 0.000156533 0.000447527 0.000672766 0.000854139 0.000990574 0.0010915 0.00116803 0.00124721 0.00130856 0.00137593 0.00143601 0.00150472 0.00157392 0.00163705 0.00169728 0.00177572 0.00185941 0.00194867 0.0020389 0.0021271 0.00223963 0.00234819 0.00246906 0.00259197 0.00272924 0.00287996 0.00303141 0.00318627 0.00334794 0.00350358 0.00366285 0.00381638 0.00396275 0.00409721 0.00418612 0.00425732 0.00428999 0.00429389 0.0042357 0.00408596 0.00384575 0.00347802 0.00299779 0.00238028 0.00162516 0.00071887 -0.000352622 -0.00156049 -0.0029038 -0.0043649 -0.00594111 -0.00760907 -0.00933045 -0.011078 -0.0128058 -0.0144869 -0.0160977 -0.0176073 -0.0189838 -0.0201996 -0.0212505 -0.0221368 -0.0228567 -0.0234114 -0.0237905 
0 -0.0104003 -0.0205822 -0.0303307 -0.0394406 -0.047721 -0.0550038 -0.0611513 -0.0660609 -0.0696885 -0.0720176 -0.0730917 -0.0729661 -0.0717371 -0.0695111 -0.066424 -0.0626672 -0.0584036 -0.0538311 -0.0490828 -0.0443109 -0.0396193 -0.0351152 -0.0309096 -0.0270342 -0.0235503 -0.0204457 -0.0177357 -0.015385 -0.0133718 -0.011665 -0.0102156 -0.00900576 -0.00800331 -0.00717494 -0.00648388 -0.00591831 -0.00543009 -0.00503254 -0.00468805 -0.00440803 -0.00415888 -0.0039302 -0.00372781 -0.00352249 -0.00336154 -0.00321175 -0.00307292 -0.00294288 -0.00281357 -0.0026841 -0.0025736 -0.0024586 -0.0023669 -0.00227011 -0.0021776 -0.00208765 -0.00199687 -0.00194114 -0.0018866 -0.00185685 -0.00185666 -0.00188435 -0.00195623 -0.00209857 -0.00230857 -0.00264237 -0.00307813 -0.00365854 -0.0044224 -0.00537297 -0.00649937 -0.0078335 -0.00935914 -0.0110347 -0.0127898 -0.0145419 -0.0162031 -0.0176333 -0.0186676 -0.0191723 -0.0190017 -0.0180269 -0.0162517 -0.0136648 -0.0103353 -0.00645301 -0.00223409 0.00207837 0.00616989 0.0098228 0.012817 0.015008 0.0163396 0.0168497 0.0166699 0.0160432 0.015201 0.0144225 0.013894 0.0137402 0.0140106 0.0146664 0.0155675 0.0165444 0.0173185 0.0176444 0.0172828 0.0160829 0.0140118 0.0111337 0.00757494 0.00358227 -0.000639264 -0.00481413 -0.0086561 -0.0119568 -0.0145543 -0.0163218 -0.0172854 -0.0174835 -0.0169929 -0.0159492 -0.0145133 -0.012828 -0.0110327 -0.00924036 -0.00753067 -0.00595511 -0.00454044 -0.00333171 -0.0023258 -0.00147919 -0.000777673 -0.000246083 0.00017628 0.000493645 0.000752854 0.000958743 0.00110399 0.00121407 0.00131752 0.00138781 0.00146886 0.00153659 0.00160749 0.0016893 0.0017588 0.00183495 0.00190592 0.00199607 0.00209778 0.00219998 0.00230162 0.00240755 0.00250736 0.00264395 0.00277479 0.00292871 0.00308962 0.00324635 0.00341458 0.00358418 0.00377312 0.00395457 0.00413587 0.00429621 0.00444291 0.00456935 0.00468567 0.00475915 0.0047985 0.00478101 0.00468377 0.00450356 0.00419639 0.00376794 0.00318059 0.00245819 0.00157218 0.000515805 -0.000705287 -0.00209422 -0.00361886 -0.00526863 -0.0070113 -0.00884388 -0.0107227 -0.0126035 -0.0144426 -0.0162137 -0.0178907 -0.0194507 -0.020874 -0.0221282 -0.0232019 -0.0240875 -0.02481 -0.0253594 -0.0257385 
0 -0.0100537 -0.019911 -0.0294083 -0.0383653 -0.0466509 -0.0540905 -0.0605541 -0.0659151 -0.0701016 -0.0730917 -0.074866 -0.0754785 -0.0749544 -0.0733824 -0.0708681 -0.0675659 -0.0636473 -0.0592493 -0.0545722 -0.0497441 -0.0449041 -0.0401765 -0.035657 -0.0314317 -0.0275228 -0.0240157 -0.0209128 -0.0181929 -0.0158457 -0.0138142 -0.0120891 -0.0106243 -0.00940936 -0.00839806 -0.00754674 -0.00684437 -0.0062438 -0.00574078 -0.0053313 -0.0049806 -0.00467541 -0.00441431 -0.00417643 -0.00396485 -0.00376538 -0.00359203 -0.00342081 -0.00326775 -0.00312694 -0.00298517 -0.00285862 -0.00273828 -0.00261881 -0.0025052 -0.00241342 -0.00231183 -0.00223486 -0.00216102 -0.00209879 -0.00206094 -0.00205202 -0.00207805 -0.00218297 -0.00234224 -0.00257868 -0.0029194 -0.00340496 -0.0040691 -0.00489561 -0.00592707 -0.00718137 -0.00865333 -0.0103082 -0.0121116 -0.0140108 -0.0159371 -0.0177292 -0.0192939 -0.0204232 -0.0209426 -0.02073 -0.0196896 -0.0177399 -0.014934 -0.0113339 -0.00713247 -0.00255151 0.00210602 0.00656057 0.0105436 0.0138301 0.0162428 0.017749 0.0183549 0.0182344 0.0176233 0.0167879 0.0159922 0.0154578 0.0152945 0.015585 0.0162638 0.0172111 0.0182158 0.0189972 0.019269 0.0188145 0.0174491 0.0151626 0.0120064 0.008141 0.00378013 -0.000801786 -0.0053229 -0.0094895 -0.0130835 -0.0158798 -0.0178276 -0.0188841 -0.0190759 -0.0185335 -0.0174192 -0.015849 -0.0140433 -0.0121057 -0.010151 -0.00826707 -0.00653698 -0.00500581 -0.00368509 -0.0025497 -0.00162831 -0.000884713 -0.000287094 0.000191596 0.000563389 0.000833839 0.00104874 0.00121145 0.00134314 0.00145521 0.00155449 0.00163588 0.00172517 0.00179466 0.00187427 0.00195868 0.0020469 0.00213502 0.00223961 0.00233521 0.00244107 0.00256349 0.00268084 0.00281893 0.00296244 0.00312016 0.0032842 0.00345837 0.00363656 0.00381518 0.00400626 0.00420815 0.00439911 0.00460355 0.00478281 0.00493506 0.00508265 0.00520277 0.00530124 0.00532647 0.00528205 0.00513738 0.00488186 0.00451707 0.00398396 0.00329791 0.00243561 0.0013934 0.00017898 -0.00121054 -0.00275613 -0.00447504 -0.00630728 -0.00822311 -0.0102073 -0.0122099 -0.0141952 -0.0161143 -0.0179573 -0.0196749 -0.0212507 -0.0226818 -0.0239421 -0.0250161 -0.0258926 -0.0266002 -0.027129 -0.0274884 
0 -0.00951621 -0.0188787 -0.0279551 -0.0366163 -0.0447469 -0.0522081 -0.0588707 -0.064606 -0.0693289 -0.0729661 -0.0754785 -0.0768559 -0.0771149 -0.0762992 -0.0744855 -0.0718075 -0.068366 -0.0643209 -0.0598421 -0.0551075 -0.0502433 -0.0453788 -0.0406512 -0.0361167 -0.0318667 -0.02797 -0.0244769 -0.0213634 -0.0186309 -0.0162643 -0.0142287 -0.0124918 -0.0110236 -0.00978466 -0.00874192 -0.00789041 -0.00716033 -0.00656236 -0.00605258 -0.00562308 -0.00524375 -0.00492543 -0.00466826 -0.00441692 -0.00419781 -0.00398635 -0.0037893 -0.00362115 -0.00346545 -0.00330529 -0.00316825 -0.00302349 -0.00289321 -0.00276106 -0.00265374 -0.00255762 -0.00246808 -0.00239946 -0.00232032 -0.00227396 -0.00227011 -0.00230056 -0.00239056 -0.00256545 -0.00282737 -0.00323272 -0.00375989 -0.00446019 -0.00537228 -0.00650977 -0.00785059 -0.00942772 -0.0112203 -0.0131848 -0.0152492 -0.0173129 -0.0192433 -0.0209005 -0.0220882 -0.0226538 -0.0224382 -0.0212899 -0.0192008 -0.0161794 -0.0123029 -0.00779746 -0.00289754 0.00212126 0.00690448 0.0112019 0.0147615 0.0174092 0.0190931 0.0198433 0.0198024 0.019234 0.0183914 0.0175871 0.0170418 0.0168976 0.0172159 0.0179375 0.0188998 0.0199048 0.0206415 0.0208505 0.0202814 0.018762 0.0162643 0.0128463 0.00865087 0.0039626 -0.000974778 -0.00584323 -0.0103144 -0.0141636 -0.0171893 -0.0192589 -0.0203906 -0.0206203 -0.0200545 -0.0188551 -0.0171819 -0.0152202 -0.0131182 -0.0110103 -0.00899873 -0.00714103 -0.00546046 -0.00401476 -0.00280015 -0.00178803 -0.00095131 -0.000302662 0.000219174 0.000606793 0.00090868 0.00114691 0.00132219 0.00146767 0.00160748 0.00170735 0.00181221 0.00190413 0.00198319 0.00207013 0.00215268 0.00225602 0.00235942 0.00247618 0.00258246 0.00269536 0.0028324 0.00298243 0.003131 0.00330814 0.00346801 0.00364523 0.00383444 0.00403053 0.00424896 0.00446695 0.00468623 0.00488247 0.00509808 0.00529918 0.00547668 0.00563064 0.00576279 0.00584004 0.00585131 0.00577105 0.00556976 0.00524859 0.00477451 0.00413855 0.00331209 0.0023069 0.00108962 -0.000316275 -0.00188055 -0.00361368 -0.00551019 -0.00752866 -0.00960191 -0.0117153 -0.0138133 -0.015855 -0.0178177 -0.0196904 -0.0214173 -0.0229733 -0.0243712 -0.0256004 -0.0266502 -0.0275067 -0.0281979 -0.0287035 -0.029043 
0 -0.00883457 -0.0175644 -0.0261067 -0.0343456 -0.0422002 -0.0495459 -0.0562884 -0.0623051 -0.0674874 -0.0717371 -0.0749544 -0.0771149 -0.0781891 -0.0782016 -0.0771928 -0.0752439 -0.0724383 -0.0688896 -0.0647909 -0.0602935 -0.0555314 -0.0506469 -0.045788 -0.0410531 -0.0365164 -0.0322852 -0.0284064 -0.0248867 -0.0217619 -0.0190311 -0.0166695 -0.0146245 -0.0128709 -0.0113786 -0.0101214 -0.00908842 -0.00821079 -0.00747779 -0.00686902 -0.00634901 -0.00589569 -0.00551825 -0.00520251 -0.00491186 -0.00464803 -0.00440998 -0.00418988 -0.00399788 -0.00381609 -0.00363276 -0.00347637 -0.0033335 -0.00319326 -0.00304966 -0.00292468 -0.00279828 -0.00269235 -0.00260639 -0.00252975 -0.00249244 -0.00249128 -0.00252114 -0.00262466 -0.00280759 -0.00309224 -0.00352067 -0.00410387 -0.00487423 -0.00584412 -0.00705442 -0.00851386 -0.0102253 -0.0121548 -0.0142563 -0.0164643 -0.0186736 -0.0207193 -0.0224767 -0.0237348 -0.0243152 -0.0240707 -0.0228607 -0.0206257 -0.0174042 -0.0132828 -0.008485 -0.00326121 0.00207551 0.00718985 0.011796 0.0156306 0.018506 0.020375 0.0212549 0.0213146 0.020812 0.0200176 0.0192353 0.0187034 0.0185588 0.0188833 0.0196086 0.0205789 0.0215715 0.0222729 0.0223952 0.0217016 0.0200075 0.0172886 0.0136026 0.00911171 0.00408331 -0.00118732 -0.00636716 -0.0111258 -0.0152222 -0.0184291 -0.0206532 -0.0218742 -0.0221188 -0.0215234 -0.0202611 -0.0184766 -0.0163881 -0.0141399 -0.0118719 -0.00970043 -0.00770283 -0.00591571 -0.00436069 -0.00302551 -0.00192626 -0.00103761 -0.000333731 0.00023297 0.000667011 0.000993919 0.00125913 0.001466 0.00163253 0.00176959 0.00186738 0.00196323 0.00207224 0.00217047 0.00227408 0.00237444 0.00248148 0.00259482 0.0027219 0.00283869 0.00296835 0.00312336 0.0032796 0.00344497 0.00363039 0.00382058 0.00402391 0.00423765 0.00446071 0.00470199 0.00495422 0.00519411 0.00540535 0.00563682 0.00585973 0.00605867 0.00623161 0.00635485 0.00641074 0.00637671 0.00624585 0.00598174 0.00556267 0.00496925 0.00417297 0.00319228 0.00201838 0.000619477 -0.000982764 -0.00275485 -0.00467754 -0.00675924 -0.00892946 -0.0111322 -0.0133444 -0.0155066 -0.0175797 -0.0195409 -0.0214015 -0.0230956 -0.0246017 -0.0259374 -0.0271036 -0.0281014 -0.0289198 -0.0295877 -0.0300751 -0.0304032 
0 -0.00806 -0.0160698 -0.0239835 -0.0317112 -0.039185 -0.0463107 -0.0530199 -0.0592043 -0.0647432 -0.0695111 -0.0733824 -0.0762992 -0.0782016 -0.0790745 -0.0789214 -0.0777866 -0.0757254 -0.0728277 -0.069257 -0.065145 -0.0606192 -0.0558382 -0.0509734 -0.0461339 -0.0414013 -0.0368926 -0.0326769 -0.0287873 -0.0252793 -0.0221723 -0.0194474 -0.0170623 -0.0150024 -0.0132414 -0.011747 -0.010494 -0.00941965 -0.00852121 -0.00778414 -0.00716281 -0.00661951 -0.00615779 -0.00576872 -0.00542106 -0.00511771 -0.00485359 -0.00461266 -0.00439507 -0.00418306 -0.00397251 -0.00379657 -0.00364249 -0.00349048 -0.00333299 -0.00319243 -0.00305671 -0.00294247 -0.00284753 -0.00276343 -0.00272269 -0.00272515 -0.00276157 -0.00286878 -0.00306706 -0.00338193 -0.00384655 -0.00446811 -0.00528713 -0.00633547 -0.007645 -0.00920824 -0.0110293 -0.0130836 -0.0153225 -0.0176728 -0.0200159 -0.0221802 -0.0240236 -0.0253368 -0.0259378 -0.0256648 -0.0243705 -0.022003 -0.0185994 -0.0142532 -0.00918992 -0.00366772 0.00199187 0.00742868 0.0123326 0.0164281 0.0195257 0.0215776 0.0226148 0.0228025 0.0223959 0.0216682 0.0209249 0.0204112 0.0202781 0.0206041 0.021324 0.0222762 0.023229 0.0238664 0.0238957 0.023067 0.0211951 0.0182486 0.0142904 0.00949789 0.00415904 -0.00141755 -0.00688678 -0.0119112 -0.0162403 -0.0196423 -0.022003 -0.0233013 -0.0235724 -0.0229544 -0.0216253 -0.0197455 -0.0175319 -0.0151428 -0.0127309 -0.0104219 -0.00828771 -0.00636659 -0.00469679 -0.00327367 -0.00209745 -0.0011382 -0.000371325 0.000243775 0.000715137 0.00107387 0.00136144 0.00158698 0.00177146 0.00192317 0.00203231 0.00213811 0.00225808 0.002372 0.00248893 0.00260009 0.00271515 0.0028387 0.00297763 0.00311375 0.00326948 0.00344943 0.00362192 0.00379445 0.00399054 0.00420613 0.00444512 0.00469007 0.00493127 0.00518534 0.00545559 0.00572085 0.00596455 0.00622256 0.00646403 0.00667089 0.00684395 0.00695778 0.00698405 0.00689707 0.0066887 0.00633019 0.00579555 0.00505507 0.0040842 0.00291423 0.0015486 -4.61679e-05 -0.00185407 -0.00383481 -0.00595744 -0.00820601 -0.0104996 -0.0127884 -0.0150602 -0.0172612 -0.0193405 -0.0212739 -0.0230774 -0.024702 -0.0261333 -0.0273908 -0.0284772 -0.0293967 -0.0301529 -0.0307779 -0.0312448 -0.0315656 
0 -0.00724465 -0.0144832 -0.0216979 -0.0288435 -0.035859 -0.0426859 -0.0492621 -0.055492 -0.0612588 -0.066424 -0.0708681 -0.0744855 -0.0771928 -0.0789214 -0.0796437 -0.0793827 -0.0781533 -0.0760312 -0.0731143 -0.0695275 -0.0653845 -0.0608503 -0.056111 -0.0512611 -0.0464194 -0.0417043 -0.0372235 -0.0330216 -0.0291543 -0.0256707 -0.0225635 -0.0198248 -0.0174434 -0.0153908 -0.0136272 -0.0121198 -0.010817 -0.00973147 -0.00883429 -0.00808488 -0.00743088 -0.00687311 -0.00641464 -0.00600409 -0.00565392 -0.00534147 -0.00506301 -0.00481419 -0.00457634 -0.00434393 -0.00414631 -0.00396249 -0.00378698 -0.00361276 -0.00346146 -0.00333234 -0.00320976 -0.00310513 -0.00300468 -0.00295114 -0.00295329 -0.00300295 -0.00311691 -0.00333522 -0.0036689 -0.00416738 -0.00483238 -0.00570596 -0.0068393 -0.00824809 -0.00991298 -0.0118431 -0.0140121 -0.0163718 -0.0188526 -0.0213186 -0.0236082 -0.0255389 -0.0269056 -0.0275249 -0.0272223 -0.0258363 -0.0233439 -0.0197601 -0.015198 -0.00988761 -0.00410022 0.00185266 0.00757981 0.0127697 0.0171306 0.0204705 0.0227231 0.0239399 0.0242675 0.0239705 0.0233218 0.0226337 0.0221481 0.0220389 0.0223672 0.0230797 0.0240005 0.0248924 0.0254307 0.0253352 0.0243406 0.0222802 0.0191127 0.0149073 0.00983398 0.00420913 -0.00166058 -0.00740955 -0.0126892 -0.0172324 -0.0208259 -0.0233117 -0.0246813 -0.0249754 -0.0243298 -0.0229303 -0.0209715 -0.0186466 -0.0161357 -0.013588 -0.0111415 -0.00887283 -0.00681769 -0.00502655 -0.00351225 -0.00225553 -0.00123075 -0.000409593 0.000260653 0.000772806 0.00116733 0.00147083 0.00170731 0.00190686 0.00208147 0.00221052 0.00234281 0.00247031 0.00259221 0.00271027 0.00282472 0.00295597 0.0030991 0.00325185 0.00340199 0.00357134 0.00376996 0.00397292 0.00416612 0.00439018 0.0046271 0.00489647 0.00516945 0.00543117 0.00570643 0.00599319 0.00628395 0.00656563 0.00685717 0.00712194 0.00733297 0.00748891 0.00758516 0.0075706 0.00742129 0.00710303 0.00660224 0.00591221 0.00499043 0.00383314 0.00244557 0.000857169 -0.000960537 -0.00298342 -0.00515752 -0.00746242 -0.00984641 -0.0122343 -0.0145703 -0.0168585 -0.019059 -0.0211086 -0.0229841 -0.0246908 -0.0262093 -0.0275378 -0.0286996 -0.029695 -0.0305222 -0.0312009 -0.0317685 -0.0322119 -0.0325292 
0 -0.00642575 -0.0128643 -0.0193453 -0.0258468 -0.0323595 -0.0388208 -0.0451817 -0.0513508 -0.0572129 -0.0626672 -0.0675659 -0.0718075 -0.0752439 -0.0777866 -0.0793827 -0.0800059 -0.0796747 -0.0783811 -0.0762277 -0.073284 -0.0696715 -0.0655464 -0.0610519 -0.0563283 -0.0514732 -0.0466651 -0.0419997 -0.0375403 -0.0333552 -0.0295055 -0.0260299 -0.0229289 -0.0201977 -0.0178176 -0.0157562 -0.0139742 -0.012449 -0.0111461 -0.010071 -0.0091489 -0.00835979 -0.0077033 -0.00715021 -0.00667877 -0.00624762 -0.00587364 -0.00554685 -0.00526306 -0.00500077 -0.00475393 -0.00452171 -0.00431939 -0.00410936 -0.00391886 -0.00375877 -0.00361276 -0.0034865 -0.00335841 -0.00325283 -0.00319595 -0.00319224 -0.0032393 -0.00337287 -0.00359748 -0.00396443 -0.00448599 -0.00520738 -0.00615001 -0.00734223 -0.00881926 -0.0106004 -0.0126449 -0.0149326 -0.0174191 -0.0200244 -0.022611 -0.0249911 -0.0269955 -0.0284187 -0.0290465 -0.0287092 -0.0272734 -0.0246441 -0.0208861 -0.0161288 -0.0105823 -0.0045331 0.00166206 0.00766983 0.0131276 0.017747 0.0213316 0.023815 0.0252166 0.0257155 0.0255424 0.0249942 0.0243685 0.0239344 0.0238449 0.0241852 0.0248769 0.025752 0.0265481 0.0269715 0.0267083 0.0255372 0.0232831 0.0198992 0.0154506 0.0101371 0.00421946 -0.00192589 -0.00792928 -0.0134522 -0.0182017 -0.0219329 -0.0245505 -0.0259938 -0.0263087 -0.0256528 -0.0242117 -0.0221656 -0.0197338 -0.0170944 -0.0144142 -0.0118284 -0.00942509 -0.00727196 -0.00537512 -0.00374403 -0.00239834 -0.00131598 -0.000429875 0.000280638 0.000845926 0.00126239 0.001586 0.00184607 0.00206518 0.00224487 0.00240013 0.00253604 0.00268333 0.00281245 0.00293078 0.00306193 0.00320327 0.00337576 0.00354779 0.00371027 0.00388945 0.00410142 0.00432221 0.00456262 0.00480638 0.0050821 0.00536748 0.00566192 0.00596466 0.00627494 0.00661121 0.00692904 0.00724133 0.00755325 0.00783357 0.00804211 0.00817499 0.00821372 0.00813867 0.00788922 0.00743902 0.00677053 0.00587611 0.00475982 0.00337781 0.00177212 -7.24435e-05 -0.00213715 -0.00437943 -0.00674599 -0.00918487 -0.0116804 -0.0141237 -0.0164842 -0.0187481 -0.0208886 -0.0228612 -0.0246285 -0.0262114 -0.0275903 -0.0287899 -0.0298334 -0.0307237 -0.0314604 -0.0320604 -0.0325703 -0.0329831 -0.0332934 
0 -0.00563094 -0.0112979 -0.0170299 -0.0228855 -0.0288414 -0.0348877 -0.0409476 -0.0469482 -0.0528055 -0.0584036 -0.0636473 -0.068366 -0.0724383 -0.0757254 -0.0781533 -0.0796747 -0.0802262 -0.079827 -0.0784907 -0.0763101 -0.0733576 -0.069759 -0.0656639 -0.061178 -0.056469 -0.0516702 -0.0469124 -0.0422679 -0.0378189 -0.0336679 -0.0298537 -0.0263952 -0.0232974 -0.0205599 -0.0181773 -0.0161144 -0.014326 -0.0128002 -0.0114935 -0.0103848 -0.00943868 -0.00864529 -0.00798992 -0.00741155 -0.00690495 -0.00645958 -0.00608038 -0.00575208 -0.0054504 -0.00516684 -0.00492086 -0.00468913 -0.00447171 -0.00426165 -0.00406677 -0.003909 -0.00375663 -0.00362364 -0.00351596 -0.00345522 -0.00345541 -0.00351014 -0.00362476 -0.00387497 -0.00427467 -0.00485384 -0.00561067 -0.00658598 -0.00785676 -0.00942839 -0.0112834 -0.0134359 -0.0158548 -0.0184762 -0.0212055 -0.0238864 -0.0263618 -0.0284168 -0.0298655 -0.0305147 -0.0301561 -0.0286259 -0.0259047 -0.0220004 -0.0170548 -0.0112999 -0.00502564 0.00144961 0.0077139 0.0134275 0.0182941 0.0221142 0.0248025 0.0264291 0.0271139 0.0271056 0.0266887 0.0261608 0.0257717 0.0257212 0.0260455 0.0266964 0.0274942 0.0281806 0.0284503 0.0280391 0.0266771 0.0242196 0.0206135 0.015925 0.0103347 0.00417647 -0.00221659 -0.00845769 -0.0141829 -0.0190989 -0.0230074 -0.0257225 -0.0272306 -0.027597 -0.0269444 -0.0254533 -0.0233467 -0.0207997 -0.0180284 -0.0152101 -0.0125061 -0.0100016 -0.00771864 -0.00570971 -0.00400675 -0.00257433 -0.00139811 -0.00045164 0.000308129 0.00089009 0.00135208 0.0017076 0.00199197 0.00223206 0.00242898 0.00258285 0.00273416 0.0028779 0.00303233 0.00317696 0.00332004 0.00348693 0.00366876 0.00385769 0.00404413 0.00424278 0.00447055 0.00472225 0.00497975 0.00526805 0.0055676 0.00588775 0.00621265 0.00654648 0.00691568 0.00729209 0.00765329 0.00798614 0.00829948 0.00858004 0.00878154 0.00887284 0.00884296 0.00864614 0.00826248 0.00764378 0.0067791 0.0056735 0.00430025 0.00268628 0.000816608 -0.0012774 -0.00358611 -0.00604707 -0.0085631 -0.0111181 -0.0136522 -0.0161258 -0.0184716 -0.0206745 -0.0227151 -0.0245467 -0.026183 -0.0276113 -0.0288506 -0.0299054 -0.0308117 -0.0315896 -0.0322301 -0.0327665 -0.0332098 -0.0335798 -0.0338581 
