0 0 0 0 0 0 0 0 0 0 0 0 0 0 0 0 0 0 0 0 0 0 0 0 0 0 0 0 0 0 0 0 0 0 0 0 0 0 0 0 0 0 0 0 0 0 0 0 0 0 0 0 0 0 0 0 0 0 0 0 0 0 0 0 0 0 0 0 0 0 0 0 0 0 0 0 0 0 0 0 0 0 0 0 0 0 0 0 0 0 0 0 0 0 0 0 0 0 0 0 0 0 0 0 0 0 0 0 0 0 0 0 0 0 0 0 0 0 0 0 0 0 0 0 0 0 0 0 0 0 0 0 0 0 0 0 0 0 0 0 0 0 0 0 0 0 0 0 0 0 0 0 0 0 0 0 0 0 0 0 0 0 0 0 0 0 0 0 0 0 0 0 0 0 0 0 0 0 0 0 0 0 0 0 0 0 0 0 0 0 0 0 0 0 0 0 0 0 0 0 
0 0.000792019 0.00154098 0.00221542 0.00276653 0.00315608 0.00334789 0.00332706 0.00310101 0.00268364 0.00211649 0.00142357 0.000646278 -0.000183743 -0.00103393 -0.00185487 -0.00261318 -0.0032616 -0.00379798 -0.00420137 -0.00447456 -0.00463682 -0.00468543 -0.00462794 -0.00446055 -0.00422769 -0.00394697 -0.0036387 -0.00332793 -0.00301878 -0.00270925 -0.00240504 -0.00212245 -0.00187552 -0.00166601 -0.00148275 -0.00132234 -0.00116726 -0.00104662 -0.000939389 -0.000854052 -0.000793372 -0.000737819 -0.000687542 -0.000625926 -0.000577272 -0.000535746 -0.000507919 -0.000484826 -0.000456681 -0.000422034 -0.000399174 -0.000370116 -0.000353163 -0.000345072 -0.000334301 -0.000323158 -0.000299358 -0.000273897 -0.000250911 -0.000244468 -0.000235585 -0.000228715 -0.000211799 -0.000196507 -0.000179825 -0.000177649 -0.000174446 -0.000172236 -0.000163302 -0.000160526 -0.000157652 -0.000156426 -0.000159737 -0.000180882 -0.000232698 -0.000292715 -0.000355008 -0.000436025 -0.000535462 -0.000652635 -0.000811249 -0.000987332 -0.00118389 -0.00138459 -0.00157948 -0.00175029 -0.00187591 -0.00192067 -0.00188526 -0.00172535 -0.00144474 -0.00104146 -0.000521148 9.68684e-05 0.000754592 0.00142184 0.00202604 0.00252074 0.00285014 0.00299486 0.00293085 0.00267182 0.00224476 0.0017077 0.00109304 0.00048172 -9.45813e-05 -0.000603618 -0.0010149 -0.00130964 -0.00150291 -0.00157277 -0.00155601 -0.00146762 -0.00133613 -0.00118175 -0.00101861 -0.000849471 -0.000698665 -0.000544433 -0.000408395 -0.000290864 -0.000178179 -8.15451e-05 -1.98833e-05 2.39888e-05 5.49118e-05 7.96484e-05 0.000104328 0.000126509 0.000149663 0.000164379 0.000170005 0.000166874 0.000178624 0.000189785 0.000203758 0.000209733 0.000215659 0.000215067 0.000222277 0.000227869 0.000245329 0.000263186 0.000286339 0.000295514 0.000297815 0.000308776 0.000320655 0.000348177 0.000372864 0.000386962 0.000401803 0.000423732 0.000444755 0.000484754 0.000523829 0.000574373 0.00061646 0.000660906 0.000715265 0.000784666 0.000889022 0.000996607 0.00111567 0.00125335 0.00142042 0.00162177 0.00186502 0.00213864 0.00243351 0.00273413 0.0030469 0.00336721 0.00368637 0.00398811 0.0042207 0.00437893 0.00443671 0.0043839 0.00419901 0.00387494 0.00340477 0.00275742 0.00195185 0.00100499 -5.2024e-05 -0.00119569 -0.00238842 -0.00359843 -0.00481597 -0.00600953 -0.00714502 -0.00818622 -0.00911061 -0.00989455 -0.0105232 -0.0109997 -0.0113207 
0 0.00154098 0.00300537 0.00430115 0.00537257 0.00610919 0.00648243 0.00644449 0.00601085 0.00522015 0.00411144 0.00277588 0.00124924 -0.000364174 -0.00201648 -0.00361852 -0.00508358 -0.00637323 -0.00743013 -0.00825725 -0.0088163 -0.00914803 -0.00926259 -0.00915037 -0.00885343 -0.00841271 -0.00788292 -0.00728004 -0.00665376 -0.00603265 -0.00541545 -0.00481978 -0.00427404 -0.00378504 -0.00336085 -0.00299086 -0.00265725 -0.00236874 -0.00212488 -0.00192034 -0.00173593 -0.00158751 -0.00146985 -0.00135688 -0.00125383 -0.00116773 -0.00109009 -0.00103 -0.000976968 -0.000912638 -0.000863731 -0.000817949 -0.000773201 -0.000729712 -0.000689926 -0.000663789 -0.000630282 -0.000597809 -0.000560898 -0.000519887 -0.000504278 -0.000486052 -0.000451578 -0.000430465 -0.000397184 -0.000377355 -0.000366215 -0.00033286 -0.000315633 -0.000311804 -0.000302667 -0.000304403 -0.000318098 -0.000345613 -0.000392493 -0.000448422 -0.00054417 -0.000682408 -0.000851242 -0.00105364 -0.00132082 -0.00163297 -0.00198043 -0.0023657 -0.00276186 -0.00313112 -0.0034717 -0.00372314 -0.0038373 -0.0037624 -0.00344674 -0.00287981 -0.00206162 -0.00100699 0.000201199 0.00151824 0.00284682 0.00404553 0.00503417 0.00571048 0.00597556 0.00585093 0.00534096 0.00448909 0.00341591 0.00221045 0.000967327 -0.000191698 -0.00120794 -0.00202146 -0.00260757 -0.00296853 -0.00311518 -0.0030883 -0.00293352 -0.00267199 -0.00236766 -0.00204028 -0.00169782 -0.00136345 -0.00106186 -0.000786931 -0.000551144 -0.00036017 -0.000203521 -5.54082e-05 5.68216e-05 0.000133099 0.000182406 0.000226724 0.000278103 0.000306658 0.000314518 0.000332529 0.00033994 0.000357673 0.000384662 0.000389904 0.000408021 0.000422781 0.000431856 0.000456879 0.000472869 0.000485932 0.000516445 0.000542106 0.000567816 0.000589243 0.000613302 0.000648157 0.000688014 0.000731854 0.000764576 0.000806535 0.000862752 0.000917301 0.000975997 0.00105191 0.00113399 0.00122834 0.00133609 0.00145045 0.00160442 0.00179849 0.00201973 0.00226711 0.0025612 0.00291044 0.00331164 0.00377501 0.00430402 0.00487097 0.00547195 0.00609516 0.00671777 0.00734116 0.00789815 0.00834987 0.00864059 0.0087509 0.00863888 0.00824613 0.00759349 0.00662775 0.00534647 0.00374767 0.00188603 -0.000188993 -0.002451 -0.00479948 -0.00720333 -0.00960236 -0.0119577 -0.0141924 -0.0162412 -0.0180765 -0.01963 -0.0208922 -0.0218396 -0.0224823 
0 0.00221542 0.00430115 0.00615332 0.00764729 0.00869118 0.00920683 0.00916238 0.00856892 0.00744803 0.00588934 0.00395978 0.00177784 -0.000549643 -0.00292201 -0.00521153 -0.00733936 -0.00920107 -0.0107828 -0.0120151 -0.0128738 -0.0133915 -0.0135716 -0.0134548 -0.0130563 -0.0124794 -0.011748 -0.0108922 -0.00998335 -0.00906589 -0.0081655 -0.00730446 -0.00650554 -0.00578088 -0.005131 -0.00454906 -0.00405085 -0.00360534 -0.00326276 -0.00294658 -0.00266029 -0.00242342 -0.00221676 -0.00205549 -0.00189819 -0.00177886 -0.00166239 -0.0015602 -0.00146661 -0.00137809 -0.00129911 -0.00125609 -0.00118349 -0.00111119 -0.0010435 -0.000978168 -0.000936707 -0.000891444 -0.000848969 -0.000799924 -0.000770804 -0.000723177 -0.000682163 -0.000633108 -0.000598768 -0.00056175 -0.00054531 -0.000510304 -0.000475743 -0.000441062 -0.000444118 -0.000465129 -0.000491976 -0.000517174 -0.000568176 -0.000683152 -0.000828825 -0.00100727 -0.00126294 -0.00158999 -0.0019764 -0.00246242 -0.00298436 -0.00354975 -0.00412575 -0.00469046 -0.00519698 -0.00557836 -0.00572862 -0.00562465 -0.0051469 -0.00429876 -0.00307986 -0.00151612 0.000324444 0.00228402 0.00426118 0.00605208 0.00751784 0.00849985 0.00892962 0.00874576 0.00798226 0.00671685 0.00511334 0.00328117 0.0014445 -0.000284445 -0.00180265 -0.0030205 -0.00388812 -0.00444548 -0.00465514 -0.00461704 -0.00437754 -0.00400705 -0.00355566 -0.00305743 -0.00252825 -0.00204204 -0.00156833 -0.00116858 -0.000843048 -0.000545529 -0.000283718 -8.9255e-05 7.27018e-05 0.000199637 0.000293135 0.00036191 0.000406928 0.000449918 0.000482552 0.000507883 0.000516873 0.000552062 0.000571943 0.000589081 0.000597509 0.00062658 0.000656942 0.00070394 0.000724669 0.00074642 0.000761698 0.000802954 0.000838732 0.000878016 0.000935626 0.000977796 0.00103897 0.00109347 0.00114206 0.00121622 0.00131354 0.00139131 0.00148752 0.00157458 0.00170738 0.0018565 0.0020367 0.00223963 0.00246298 0.00275937 0.00307942 0.0034637 0.00392788 0.00446984 0.00507414 0.00575684 0.00651664 0.0073565 0.00824277 0.00916264 0.0100699 0.0109297 0.0117073 0.0122986 0.0126931 0.0128138 0.0126052 0.0119941 0.0109672 0.00952126 0.00760149 0.00526082 0.0025397 -0.000498135 -0.00380224 -0.00727011 -0.0108012 -0.0143407 -0.0177922 -0.0210651 -0.024076 -0.0267712 -0.0290822 -0.0309527 -0.0323709 -0.0333249 
0 0.00276653 0.00537257 0.00764729 0.00949215 0.0107517 0.011387 0.011337 0.0106116 0.00924808 0.00729931 0.0049065 0.00216154 -0.000749099 -0.00372005 -0.00660614 -0.00928044 -0.0116788 -0.0137101 -0.0153422 -0.0164939 -0.0172098 -0.0175145 -0.0174224 -0.0170093 -0.0163414 -0.0154768 -0.0144299 -0.0132901 -0.0121325 -0.0109865 -0.00988205 -0.00885072 -0.00789194 -0.00701997 -0.00623917 -0.00554522 -0.00495398 -0.00445859 -0.0040288 -0.0036317 -0.00329707 -0.00302611 -0.00278876 -0.00258165 -0.00240835 -0.00224454 -0.0021011 -0.00196979 -0.00183385 -0.00173462 -0.00165245 -0.00156833 -0.00147851 -0.00139151 -0.00132622 -0.00126141 -0.00120192 -0.00113646 -0.00106085 -0.00101714 -0.000967284 -0.000899022 -0.00085388 -0.000800489 -0.000766616 -0.000742929 -0.000684638 -0.000645247 -0.000627832 -0.000611886 -0.000617828 -0.000645707 -0.000698315 -0.000787687 -0.000910964 -0.00110588 -0.0013784 -0.0017176 -0.00212999 -0.00265815 -0.00328032 -0.0039731 -0.00473526 -0.00551698 -0.00625386 -0.00692231 -0.00741264 -0.00762433 -0.00746253 -0.00682735 -0.00569482 -0.00406763 -0.00198134 0.000421956 0.00302792 0.00564804 0.00802043 0.00996791 0.0112928 0.0118261 0.011578 0.0105676 0.0088909 0.00676651 0.00437628 0.00192148 -0.000377656 -0.00239417 -0.00401159 -0.00517841 -0.00589914 -0.00619227 -0.00613945 -0.00582855 -0.00531642 -0.00471215 -0.00406035 -0.00338137 -0.00272177 -0.00211796 -0.00157375 -0.00110816 -0.000723895 -0.000404588 -0.000118904 0.000103296 0.000259209 0.000363519 0.000450679 0.00054091 0.000597493 0.000625847 0.00066619 0.000692183 0.00073164 0.000775935 0.000785884 0.000812655 0.000842773 0.000872959 0.000927788 0.0009634 0.00099031 0.00103966 0.00109127 0.00114888 0.0012048 0.00126281 0.0013284 0.00139733 0.00147259 0.00154113 0.00163861 0.00176587 0.00188685 0.00200853 0.00215141 0.00231996 0.00252914 0.00277852 0.00304708 0.00337119 0.00375918 0.00420574 0.00472968 0.00536531 0.00610555 0.00692198 0.0078237 0.00882654 0.00991123 0.0110642 0.0122412 0.013373 0.014438 0.0153448 0.0160396 0.0164493 0.0165225 0.0161661 0.0152751 0.013876 0.0119152 0.00940227 0.00635146 0.00284014 -0.00107053 -0.00534251 -0.009816 -0.0144035 -0.0189782 -0.0234461 -0.0276775 -0.0315737 -0.035085 -0.0380972 -0.0405659 -0.0424317 -0.0436949 
0 0.00315608 0.00610919 0.00869118 0.0107517 0.0121726 0.0128766 0.0128272 0.0120226 0.010478 0.00828272 0.00554185 0.00241353 -0.000937919 -0.00436911 -0.00771798 -0.0108693 -0.0136976 -0.016148 -0.0181265 -0.0195793 -0.020535 -0.0210046 -0.02103 -0.0206473 -0.0199657 -0.0190229 -0.0178571 -0.0165666 -0.0152255 -0.0138738 -0.0125458 -0.0112782 -0.0100974 -0.00901707 -0.00803809 -0.00717202 -0.00639521 -0.00575253 -0.00517844 -0.00467296 -0.00425516 -0.00389626 -0.00358853 -0.00329562 -0.00305577 -0.00284397 -0.00266667 -0.00250569 -0.00234591 -0.00219872 -0.00209142 -0.00197034 -0.00186093 -0.00176631 -0.00167749 -0.00160018 -0.00151113 -0.00142 -0.00133093 -0.00127697 -0.00121255 -0.00114757 -0.00107212 -0.0010047 -0.000943379 -0.000910087 -0.000863464 -0.000821945 -0.000782652 -0.000773619 -0.000781589 -0.000803802 -0.000848344 -0.000952641 -0.00115143 -0.00141325 -0.00173407 -0.0021536 -0.00267683 -0.00331227 -0.00409795 -0.00496957 -0.00591688 -0.00688369 -0.00781475 -0.00863444 -0.00923253 -0.00946411 -0.00925547 -0.00845817 -0.00705244 -0.00503683 -0.00245907 0.000555394 0.00378565 0.00702782 0.00997024 0.0123715 0.0139861 0.0146753 0.0143678 0.0131116 0.0110396 0.00840266 0.00541512 0.00239186 -0.00045535 -0.00295588 -0.00497123 -0.00642511 -0.00734384 -0.00770872 -0.00764336 -0.00724 -0.00661196 -0.00585761 -0.00503976 -0.00419367 -0.00339885 -0.00263827 -0.0019696 -0.00140052 -0.000894403 -0.000462648 -0.000133442 0.000121688 0.000311101 0.000453639 0.00057159 0.000668632 0.000752584 0.000810269 0.00084938 0.000868306 0.000916681 0.000960467 0.00099843 0.00102717 0.00106738 0.00110424 0.00115997 0.00119836 0.00124749 0.00130563 0.00138533 0.00144946 0.00150609 0.0015793 0.00165439 0.00176172 0.00186774 0.00196158 0.00207821 0.0022249 0.00236973 0.002549 0.00273997 0.00298211 0.00325146 0.00356589 0.00392693 0.00434884 0.00487698 0.00546106 0.00613956 0.00694057 0.00786343 0.00888628 0.0100147 0.0112424 0.0125582 0.0139175 0.0152823 0.0165806 0.01776 0.0187557 0.0194516 0.0198123 0.0197464 0.0191665 0.0179773 0.016169 0.0137371 0.0106447 0.00695296 0.00272133 -0.00198216 -0.00709543 -0.0124775 -0.0179816 -0.0234926 -0.0288658 -0.0339631 -0.0386722 -0.0429125 -0.046581 -0.0495899 -0.0518882 -0.0534404 
0 0.00334789 0.00648243 0.00920683 0.011387 0.0128766 0.0136176 0.0135605 0.0127007 0.0110675 0.00872823 0.00581743 0.00246508 -0.00114625 -0.00487646 -0.00856046 -0.0120488 -0.0152292 -0.0180008 -0.0202951 -0.0220427 -0.0232667 -0.023974 -0.0241701 -0.0239077 -0.0232724 -0.0223318 -0.02113 -0.0197634 -0.0183067 -0.0167972 -0.0152775 -0.0138082 -0.0124261 -0.011156 -0.00999828 -0.00894326 -0.00799592 -0.00717172 -0.0064497 -0.00581525 -0.00528371 -0.00483233 -0.00442681 -0.00405701 -0.00374666 -0.0034835 -0.00326593 -0.0030693 -0.00286934 -0.00269398 -0.00254457 -0.00240094 -0.00226508 -0.00214313 -0.00203736 -0.00193405 -0.00182795 -0.00171983 -0.00161583 -0.00154697 -0.00147541 -0.00138861 -0.00130678 -0.00122243 -0.0011534 -0.00109895 -0.00102741 -0.000972011 -0.000940132 -0.000925093 -0.000935017 -0.000971256 -0.00104282 -0.00117198 -0.00137763 -0.00167641 -0.00207625 -0.00258489 -0.00321578 -0.00399996 -0.00493271 -0.00597339 -0.00710068 -0.0082489 -0.00934026 -0.0103044 -0.0110026 -0.0112826 -0.0110135 -0.010057 -0.00836772 -0.00595125 -0.0028728 0.000694429 0.00453762 0.0083817 0.0118746 0.0147238 0.0166491 0.0174481 0.0170796 0.0155896 0.0131356 0.010003 0.00647353 0.00286466 -0.000532812 -0.00351227 -0.00591025 -0.00764727 -0.00872635 -0.00917421 -0.00910513 -0.00864124 -0.00789353 -0.00699249 -0.00601526 -0.0050078 -0.00403722 -0.00313746 -0.0023367 -0.00165143 -0.00107178 -0.000584003 -0.000175461 0.000148019 0.000385518 0.000557477 0.000698099 0.000823746 0.000912985 0.000967501 0.00101298 0.00104683 0.0010994 0.00115749 0.00119622 0.00124127 0.00128959 0.00133692 0.00140022 0.00144944 0.00150199 0.00157796 0.00166488 0.00174597 0.00181939 0.00190092 0.00200345 0.00213212 0.00227019 0.00239633 0.00254071 0.00271438 0.00290162 0.00312238 0.00338192 0.00368431 0.00402781 0.00442193 0.00487419 0.00542702 0.00609497 0.00684937 0.00769772 0.00867229 0.00977757 0.0109973 0.0123317 0.0137664 0.0152622 0.0167747 0.018254 0.0196332 0.0208667 0.0218525 0.0224891 0.0226976 0.0224101 0.0215382 0.019994 0.0177835 0.0148726 0.0112555 0.00696825 0.00209328 -0.00329758 -0.0091377 -0.0152673 -0.021553 -0.0278454 -0.0340013 -0.0398546 -0.0452743 -0.0501676 -0.0544078 -0.0579125 -0.0605985 -0.0624212 
0 0.00332706 0.00644449 0.00916238 0.011337 0.0128272 0.0135605 0.0134905 0.0126136 0.0109662 0.00861721 0.00568396 0.00228756 -0.00141575 -0.00528091 -0.00914251 -0.0128405 -0.01625 -0.0192678 -0.0218201 -0.0238467 -0.0253486 -0.0263175 -0.0267445 -0.0266712 -0.0261777 -0.0253341 -0.0241916 -0.0228353 -0.0213358 -0.019737 -0.0180921 -0.0164685 -0.014915 -0.013459 -0.0121085 -0.0108641 -0.00973887 -0.00874551 -0.00786625 -0.00708731 -0.00641963 -0.00584821 -0.00534354 -0.004895 -0.00451187 -0.00418311 -0.00389951 -0.00364334 -0.00340197 -0.00319565 -0.00302062 -0.00285123 -0.00268237 -0.00252518 -0.0023884 -0.00226623 -0.00215056 -0.0020336 -0.00191904 -0.00182394 -0.00172696 -0.00162273 -0.0015277 -0.0014393 -0.00136508 -0.00129743 -0.00121502 -0.00114132 -0.00109569 -0.00108313 -0.00110403 -0.0011513 -0.00123379 -0.00138174 -0.00162189 -0.00196852 -0.00243268 -0.00303114 -0.00377943 -0.00469866 -0.00578169 -0.00698907 -0.0082847 -0.00960452 -0.0108651 -0.0119688 -0.0127593 -0.0130648 -0.0127283 -0.0116069 -0.00964072 -0.00683789 -0.00327912 0.000845958 0.00528137 0.00970212 0.0137225 0.0169922 0.0191989 0.0201233 0.0197007 0.0179859 0.0151666 0.0115523 0.00748173 0.00331893 -0.000607235 -0.00405108 -0.00682797 -0.00884475 -0.0100946 -0.0106207 -0.0105447 -0.0100114 -0.0091575 -0.00811808 -0.00698157 -0.00581251 -0.00468136 -0.00363484 -0.00270983 -0.0019213 -0.00125233 -0.000687354 -0.000217294 0.000159323 0.000446483 0.000659334 0.000823292 0.000955708 0.00105383 0.00112485 0.00118514 0.00123845 0.0013019 0.00136264 0.00140391 0.00144868 0.00150569 0.00157511 0.00165636 0.00172255 0.00178234 0.00185921 0.00195246 0.00205092 0.00215112 0.00225985 0.00238472 0.00252964 0.00268366 0.00283914 0.00302272 0.00324088 0.00348017 0.0037516 0.00406857 0.00444177 0.00487579 0.0053755 0.00594944 0.00663354 0.00744282 0.00835847 0.00938482 0.0105451 0.0118381 0.0132474 0.0147637 0.0163641 0.0179986 0.0196099 0.0211387 0.022522 0.0237046 0.0245837 0.0250498 0.0250185 0.0244258 0.0231962 0.0212666 0.0186345 0.0152729 0.0111711 0.00636405 0.000935072 -0.00503697 -0.0114659 -0.0182037 -0.0251107 -0.0320394 -0.0388359 -0.0453217 -0.0513474 -0.0567926 -0.0615253 -0.0654458 -0.0684613 -0.0705049 
0 0.00310101 0.00601085 0.00856892 0.0106116 0.0120226 0.0127007 0.0126136 0.0117598 0.0101736 0.00793255 0.00511099 0.0018314 -0.00179736 -0.00562422 -0.00949251 -0.0132552 -0.0167708 -0.0199562 -0.0227107 -0.0249882 -0.0267574 -0.027996 -0.0287005 -0.0288877 -0.0286311 -0.0279766 -0.0269788 -0.0257095 -0.0242412 -0.0226327 -0.0209426 -0.019228 -0.0175432 -0.015918 -0.0143767 -0.0129497 -0.0116462 -0.0104872 -0.00943906 -0.00850051 -0.00768057 -0.00697112 -0.00636108 -0.00582371 -0.00535659 -0.00494808 -0.00458407 -0.00425598 -0.00396751 -0.0037171 -0.00351113 -0.00330927 -0.00311121 -0.00292908 -0.00276472 -0.00262625 -0.00249191 -0.00235556 -0.00222537 -0.00210322 -0.00198172 -0.00186784 -0.00175387 -0.00166103 -0.00157668 -0.00149683 -0.0014149 -0.00133395 -0.00127363 -0.00125768 -0.00127359 -0.00132044 -0.00141297 -0.00158525 -0.00187659 -0.00228299 -0.0028142 -0.00350082 -0.00435971 -0.00539568 -0.00662358 -0.0079974 -0.0094646 -0.0109564 -0.0123845 -0.0136123 -0.0144817 -0.014796 -0.0143851 -0.0130943 -0.0108538 -0.00767249 -0.00365304 0.00101384 0.00601355 0.0109854 0.0155127 0.0191848 0.0216532 0.0227003 0.0222198 0.0202874 0.0171221 0.0130517 0.00846074 0.00377152 -0.000667117 -0.00456235 -0.00771174 -0.0100042 -0.0114299 -0.0120361 -0.0119574 -0.0113486 -0.0103861 -0.00920646 -0.007917 -0.00659947 -0.00532966 -0.00414163 -0.0030915 -0.00219261 -0.00142187 -0.000769789 -0.000244444 0.000175723 0.0004979 0.000742223 0.000932006 0.00107723 0.00119637 0.00129113 0.00136269 0.00143115 0.00150606 0.0015681 0.00162311 0.00166768 0.00173096 0.00181429 0.00190473 0.00198773 0.00206755 0.00215326 0.00226401 0.00238006 0.00250361 0.00263999 0.00278318 0.00294725 0.00311721 0.00330562 0.00353496 0.0038079 0.00411026 0.00444775 0.00482689 0.00528316 0.0058196 0.00644325 0.00716233 0.00798625 0.00894173 0.0100143 0.0112218 0.0125729 0.0140536 0.0156365 0.0172972 0.019005 0.0207168 0.0223616 0.0238705 0.0251762 0.0262012 0.0268659 0.0270541 0.0267038 0.0257428 0.0241095 0.0217682 0.0186967 0.0149011 0.0103555 0.00510754 -0.000775864 -0.00721238 -0.0140926 -0.0212955 -0.028665 -0.0360728 -0.043351 -0.0503243 -0.0568301 -0.0627156 -0.0678501 -0.0721011 -0.075377 -0.0775872 
0 0.00268364 0.00522015 0.00744803 0.00924808 0.010478 0.0110675 0.0109662 0.0101736 0.00873528 0.00668023 0.00410303 0.00106293 -0.00232578 -0.00594204 -0.00965967 -0.0133246 -0.0168497 -0.0201018 -0.0230104 -0.0254944 -0.0275043 -0.0290264 -0.0300283 -0.0305477 -0.0305908 -0.0302027 -0.0294244 -0.0283154 -0.0269575 -0.025416 -0.023745 -0.0220033 -0.0202335 -0.0184838 -0.0167987 -0.0151997 -0.0137435 -0.0123964 -0.0111811 -0.0100771 -0.00909365 -0.0082456 -0.00749553 -0.00684924 -0.00627485 -0.00577836 -0.00534089 -0.00495201 -0.00460217 -0.00430788 -0.00403528 -0.00379974 -0.00357287 -0.00336345 -0.00318279 -0.00300851 -0.00284347 -0.0026791 -0.00253001 -0.00239126 -0.00226938 -0.00213169 -0.00200807 -0.00188577 -0.00178751 -0.00168813 -0.00159423 -0.0015116 -0.00146452 -0.00142834 -0.00142963 -0.00147793 -0.00159607 -0.00180764 -0.00212249 -0.00258325 -0.00320354 -0.00397112 -0.00492332 -0.0061009 -0.00746161 -0.00900012 -0.0106433 -0.0123064 -0.0138719 -0.0152135 -0.0161405 -0.0164681 -0.0159674 -0.0145131 -0.0120002 -0.00844732 -0.00396865 0.00119255 0.00674183 0.0122373 0.0172398 0.021291 0.0240262 0.025161 0.0246293 0.0224942 0.0189989 0.0144907 0.00942947 0.00421872 -0.000710886 -0.00504085 -0.00854478 -0.0111139 -0.0126995 -0.0134006 -0.0133237 -0.0126625 -0.0115822 -0.0102579 -0.00881953 -0.00736404 -0.00593694 -0.0046361 -0.00346296 -0.00243635 -0.00157859 -0.000864831 -0.000262923 0.000208319 0.000564321 0.000829843 0.00104203 0.00123018 0.00136774 0.0014687 0.0015476 0.00162572 0.00169552 0.00177536 0.00183779 0.00191089 0.00198106 0.00206797 0.00215545 0.00225007 0.00234215 0.00245972 0.0025821 0.00271922 0.0028608 0.0030056 0.00318506 0.00337385 0.00358641 0.00382269 0.00409705 0.00441727 0.00479058 0.00519453 0.00567506 0.00622369 0.00688164 0.00764172 0.00850741 0.00950692 0.0106166 0.0118717 0.013257 0.014783 0.0164266 0.0181451 0.019898 0.0216538 0.0233577 0.0249557 0.0263577 0.0274889 0.0282727 0.0286075 0.0284455 0.0276944 0.0263224 0.0242608 0.0214803 0.0179826 0.0137496 0.00881974 0.00319835 -0.00303447 -0.00980718 -0.0170163 -0.0245274 -0.0322223 -0.039939 -0.0475405 -0.0548453 -0.0616838 -0.0678958 -0.0733146 -0.0778144 -0.0812663 -0.0835904 
0 0.00211649 0.00411144 0.00588934 0.00729931 0.00828272 0.00872823 0.00861721 0.00793255 0.00668023 0.00491317 0.00264525 -2.03604e-05 -0.00304319 -0.00630322 -0.00970849 -0.0131668 -0.0165561 -0.0198002 -0.022764 -0.0253991 -0.0276223 -0.0294031 -0.0307339 -0.0315942 -0.0319905 -0.0319233 -0.0314435 -0.0305916 -0.0294345 -0.0280348 -0.0264549 -0.0247345 -0.0229475 -0.0211389 -0.0193497 -0.0176327 -0.016003 -0.0144911 -0.0130928 -0.0118301 -0.0106946 -0.00967866 -0.00878172 -0.00798923 -0.0072887 -0.00669509 -0.00617708 -0.00571499 -0.00531397 -0.00494117 -0.00461882 -0.00432605 -0.00406435 -0.00382974 -0.00360595 -0.0034023 -0.00320262 -0.00301132 -0.00285452 -0.00269987 -0.0025559 -0.00242205 -0.00226463 -0.00212839 -0.00199971 -0.00188034 -0.00178824 -0.00169653 -0.00162027 -0.00159967 -0.00161377 -0.00166798 -0.00178884 -0.00201949 -0.00239482 -0.00290915 -0.00357416 -0.00443555 -0.00551813 -0.00681058 -0.00832691 -0.0100269 -0.011817 -0.0136251 -0.0153447 -0.0167826 -0.0177652 -0.0180711 -0.017485 -0.0158539 -0.0130802 -0.00917323 -0.00427292 0.00140193 0.00745818 0.0134458 0.0188944 0.0232938 0.0262423 0.0274994 0.0269162 0.0245892 0.0207868 0.0158723 0.0103283 0.00465223 -0.000741982 -0.00548384 -0.0093385 -0.0121663 -0.013933 -0.0147165 -0.0146521 -0.0139229 -0.0127587 -0.0113085 -0.00971238 -0.00809827 -0.00654131 -0.00509098 -0.00380835 -0.00270196 -0.00174731 -0.000939424 -0.000293842 0.000216484 0.000619357 0.000938245 0.00118803 0.00137115 0.00152894 0.00165567 0.00173818 0.00181757 0.00189658 0.00197293 0.00207078 0.0021491 0.00223821 0.00234024 0.0024277 0.00253007 0.00264424 0.00276745 0.00291743 0.0030683 0.0032246 0.00340227 0.00360183 0.00384317 0.00410177 0.00439695 0.0047236 0.00509262 0.0055283 0.00603193 0.0066153 0.00730273 0.00809103 0.00898812 0.0100208 0.0111792 0.0124814 0.0139126 0.0154749 0.0171441 0.0188988 0.0207041 0.0225008 0.0242409 0.0258732 0.0273267 0.0285228 0.029393 0.0298288 0.0297807 0.029174 0.0279817 0.0261478 0.0236302 0.0204277 0.0164939 0.0118825 0.00659363 0.000685605 -0.00580305 -0.0128053 -0.0201995 -0.0279081 -0.0357658 -0.0436591 -0.0514178 -0.0588936 -0.0659203 -0.0723022 -0.0778987 -0.0825258 -0.0860846 -0.0884625 
0 0.00142357 0.00277588 0.00395978 0.0049065 0.00554185 0.00581743 0.00568396 0.00511099 0.00410303 0.00264525 0.000785971 -0.00144295 -0.00398379 -0.00677378 -0.00976753 -0.0128721 -0.0160336 -0.0191222 -0.0220583 -0.0247634 -0.0271476 -0.0291792 -0.0308046 -0.0320203 -0.0327732 -0.0330768 -0.0329689 -0.0324591 -0.0315909 -0.030419 -0.028996 -0.0273866 -0.0256503 -0.0238481 -0.0220215 -0.0201941 -0.0184427 -0.0167511 -0.0151923 -0.0137651 -0.0124571 -0.0112815 -0.0102161 -0.00928479 -0.00845074 -0.00773488 -0.00710717 -0.00655099 -0.0060576 -0.00562822 -0.00522691 -0.00488975 -0.00458338 -0.00430261 -0.00405381 -0.00381835 -0.00359841 -0.00338881 -0.00320335 -0.00301369 -0.00285148 -0.00268269 -0.00253015 -0.00238416 -0.00225634 -0.00211622 -0.00199387 -0.00188646 -0.00182386 -0.00178126 -0.00179232 -0.00186777 -0.00202573 -0.00228524 -0.0026599 -0.00321661 -0.00398262 -0.0049389 -0.00612587 -0.00756851 -0.00920533 -0.0110443 -0.0129897 -0.0149456 -0.0167745 -0.0183103 -0.0193346 -0.019636 -0.018944 -0.0171354 -0.014084 -0.00982206 -0.00449937 0.00160752 0.00814495 0.0145895 0.0204514 0.0251814 0.0283642 0.0296836 0.0290508 0.0265476 0.0224627 0.0171744 0.0112266 0.00508029 -0.000764939 -0.00591567 -0.0101006 -0.013185 -0.0150991 -0.0159729 -0.0159194 -0.0151635 -0.0139011 -0.0123236 -0.0105961 -0.0088472 -0.00712451 -0.00555983 -0.00415393 -0.00292513 -0.0019082 -0.00106395 -0.000344882 0.000232908 0.000687314 0.00103133 0.00129615 0.00151741 0.00167786 0.00180356 0.00190812 0.00202035 0.00211183 0.00220888 0.00229577 0.0023917 0.00248311 0.00259723 0.00270344 0.002832 0.00296366 0.00311498 0.00327095 0.00344998 0.00364069 0.00384205 0.00408929 0.00435329 0.00466126 0.00501715 0.00541209 0.00585782 0.00639147 0.00699236 0.00771385 0.00852851 0.00946589 0.0105147 0.011696 0.0130353 0.014494 0.0161078 0.0178183 0.0195971 0.0214199 0.0232491 0.0250281 0.0266959 0.0281749 0.0294034 0.0302969 0.0308023 0.0308353 0.0303217 0.0292534 0.0275599 0.0252375 0.0222534 0.0186134 0.0143024 0.0093255 0.00375814 -0.00238705 -0.00904563 -0.0161623 -0.0236435 -0.0313938 -0.0393046 -0.0472142 -0.0549927 -0.0624853 -0.0695298 -0.0759474 -0.0815621 -0.0862249 -0.0897941 -0.0921814 
0 0.000646278 0.00124924 0.00177784 0.00216154 0.00241353 0.00246508 0.00228756 0.0018314 0.00106293 -2.03604e-05 -0.00144295 -0.00314855 -0.00514923 -0.00740203 -0.00989002 -0.0125709 -0.0153683 -0.0182154 -0.0210101 -0.0237102 -0.0262019 -0.0284211 -0.0303186 -0.0318482 -0.0329653 -0.0336593 -0.033961 -0.0338462 -0.0333297 -0.0324534 -0.0312827 -0.0298556 -0.0282478 -0.0265102 -0.0246827 -0.022824 -0.0209778 -0.0191811 -0.0174743 -0.0158901 -0.0144155 -0.0130617 -0.0118434 -0.0107633 -0.00978297 -0.00892397 -0.00815926 -0.00748268 -0.00690927 -0.0063948 -0.00593684 -0.0055274 -0.00516085 -0.00482906 -0.00452854 -0.00426436 -0.00402067 -0.00378584 -0.0035771 -0.00335219 -0.00314932 -0.00297213 -0.00279161 -0.00263521 -0.00248649 -0.00233707 -0.00221597 -0.00210052 -0.00200732 -0.00197273 -0.00198739 -0.00205857 -0.00221633 -0.00250613 -0.00295073 -0.0035745 -0.00439598 -0.00544806 -0.00675526 -0.00830259 -0.0100786 -0.0120627 -0.0141411 -0.0162305 -0.0181938 -0.0198032 -0.020853 -0.0211068 -0.0203093 -0.0183163 -0.0150139 -0.0104214 -0.00470977 0.00185334 0.00883219 0.0156962 0.0219228 0.026937 0.0302963 0.0317184 0.0310506 0.0283942 0.0240476 0.0184115 0.012044 0.00548667 -0.000768476 -0.00628864 -0.0107974 -0.0141283 -0.016221 -0.0171832 -0.0171496 -0.0163356 -0.0149963 -0.0133077 -0.011439 -0.00954931 -0.007711 -0.00600918 -0.00449305 -0.00317604 -0.00205304 -0.00111292 -0.000350246 0.000251911 0.000738494 0.00112797 0.00142861 0.001649 0.00183492 0.00199282 0.00211793 0.00224106 0.00234537 0.0024394 0.00254681 0.00263716 0.0027416 0.00287387 0.00299847 0.00315249 0.00331089 0.00346736 0.00364212 0.00383946 0.00406423 0.00432281 0.00460657 0.00492164 0.0052697 0.00569022 0.00616859 0.00671463 0.00736152 0.00809421 0.00893959 0.00990693 0.0110003 0.0122213 0.0135917 0.0150887 0.0167083 0.0184466 0.0202703 0.0221156 0.0239512 0.0257434 0.0274236 0.0289289 0.0301764 0.0310894 0.0315968 0.031664 0.0312082 0.030205 0.0286227 0.0264294 0.0236017 0.0201468 0.0161056 0.0114336 0.00617944 0.000375161 -0.00592443 -0.0126826 -0.0198363 -0.0272833 -0.0349807 -0.0427924 -0.0506037 -0.0582555 -0.0656176 -0.0725352 -0.0788177 -0.0843303 -0.0888955 -0.0924071 -0.0947476 
0 -0.000183743 -0.000364174 -0.000549643 -0.000749099 -0.000937919 -0.00114625 -0.00141575 -0.00179736 -0.00232578 -0.00304319 -0.00398379 -0.00514923 -0.00656821 -0.00824022 -0.0101711 -0.0123314 -0.0146867 -0.0171786 -0.0197495 -0.0223516 -0.0248656 -0.0272111 -0.0293189 -0.0311403 -0.0326043 -0.0336874 -0.0343989 -0.0346911 -0.0345624 -0.0340535 -0.0332091 -0.0320572 -0.0306471 -0.029042 -0.0272961 -0.0254658 -0.0236111 -0.0217437 -0.0199271 -0.0181965 -0.0165553 -0.0150344 -0.0136513 -0.012414 -0.0112782 -0.0102634 -0.00935714 -0.00855902 -0.00787402 -0.00726922 -0.00671748 -0.00623489 -0.00580676 -0.0054183 -0.0050691 -0.00475497 -0.00446613 -0.00419792 -0.00395828 -0.00371118 -0.0034923 -0.0032881 -0.0030898 -0.00290659 -0.00273578 -0.00256616 -0.00242912 -0.00231045 -0.00221943 -0.00216048 -0.00216192 -0.00224841 -0.00244453 -0.00277307 -0.00324859 -0.00392474 -0.00482923 -0.00596579 -0.00737043 -0.00904578 -0.0109511 -0.0130741 -0.0153002 -0.0175152 -0.0195623 -0.0212275 -0.0222857 -0.0224967 -0.0215888 -0.0194141 -0.0158509 -0.0109332 -0.00484656 0.00210641 0.00948926 0.0167363 0.0232988 0.0285802 0.0321192 0.0335985 0.0328885 0.0300892 0.0255091 0.0195675 0.0128481 0.00589693 -0.000747384 -0.00662624 -0.0114335 -0.0149986 -0.0172535 -0.0183154 -0.0183174 -0.017486 -0.0160602 -0.0142466 -0.0122466 -0.0102241 -0.00825372 -0.00644686 -0.00482352 -0.00339657 -0.00219361 -0.00119246 -0.000363647 0.000296007 0.00082022 0.00122868 0.00154853 0.0018074 0.00201454 0.00218324 0.00232153 0.00245516 0.00256504 0.0026737 0.00279295 0.00291208 0.00303338 0.00317263 0.0033051 0.00347106 0.00365125 0.00383774 0.0040372 0.00426786 0.00453167 0.00483256 0.005174 0.00554187 0.00596158 0.00646422 0.00703877 0.00769879 0.00847509 0.00934546 0.0103392 0.0114534 0.0127092 0.0141094 0.0156601 0.0173273 0.0190698 0.020903 0.0227804 0.0246385 0.0264334 0.0281113 0.0296028 0.0308428 0.0317569 0.0322778 0.0323404 0.0319165 0.0309439 0.0294095 0.027316 0.0246187 0.0213086 0.0174103 0.012979 0.00799761 0.00249571 -0.00347113 -0.00987143 -0.016661 -0.0237713 -0.0311104 -0.0386297 -0.0462333 -0.0537989 -0.0611921 -0.0682808 -0.0749159 -0.0809321 -0.086197 -0.0905714 -0.0939375 -0.0961895 
0 -0.00103393 -0.00201648 -0.00292201 -0.00372005 -0.00436911 -0.00487646 -0.00528091 -0.00562422 -0.00594204 -0.00630322 -0.00677378 -0.00740203 -0.00824022 -0.00931653 -0.0106543 -0.0122492 -0.0140983 -0.0161684 -0.0184281 -0.0208284 -0.0232568 -0.0256295 -0.0278762 -0.0299354 -0.0317109 -0.0331568 -0.0342614 -0.0349687 -0.0352648 -0.0351769 -0.0347245 -0.0339114 -0.032772 -0.0313768 -0.0297884 -0.0280605 -0.026248 -0.0243642 -0.0224841 -0.020654 -0.018885 -0.0172108 -0.0156585 -0.0142462 -0.0129436 -0.0117709 -0.0107217 -0.00979051 -0.00897479 -0.00824834 -0.00758905 -0.00702077 -0.00652572 -0.00607462 -0.00566117 -0.00528228 -0.00493932 -0.00463373 -0.00436556 -0.00409909 -0.00385971 -0.00363189 -0.00340804 -0.00319269 -0.00299397 -0.00280864 -0.00265908 -0.00253089 -0.00243026 -0.00236713 -0.00237318 -0.00247014 -0.00268606 -0.00304989 -0.00357204 -0.00430291 -0.00527528 -0.00650199 -0.00801461 -0.00981052 -0.0118433 -0.0140926 -0.0164434 -0.0187722 -0.0209072 -0.0226203 -0.0236689 -0.0238091 -0.0227739 -0.020411 -0.0166049 -0.0113918 -0.00496107 0.00236133 0.0101147 0.0177097 0.0245659 0.0300756 0.033763 0.0352995 0.0345561 0.031631 0.0268389 0.0206222 0.0135794 0.00628273 -0.000705377 -0.00691184 -0.012009 -0.0158086 -0.0182362 -0.0193983 -0.0194343 -0.0185809 -0.0170858 -0.0151695 -0.013044 -0.0108869 -0.00878927 -0.00686622 -0.00514055 -0.0036235 -0.00233661 -0.00126299 -0.000378617 0.000322512 0.000886786 0.00133479 0.00168437 0.00196385 0.00218896 0.00237602 0.00253245 0.00267272 0.00278782 0.0029091 0.00304832 0.00319673 0.00334445 0.00349797 0.00364111 0.00381652 0.004017 0.0042361 0.00447414 0.00474725 0.00505408 0.00540212 0.00580116 0.00624293 0.00675834 0.00736744 0.00805262 0.00882903 0.00973378 0.0107563 0.0119185 0.0132052 0.0146289 0.0161931 0.0178974 0.0196953 0.021529 0.0234049 0.025274 0.027072 0.0287486 0.0302375 0.0314607 0.0323532 0.0328538 0.0329153 0.0324895 0.0315469 0.0300351 0.027955 0.0253368 0.02215 0.0183927 0.0141 0.00932899 0.00408108 -0.00161221 -0.00768673 -0.0141187 -0.0208713 -0.0278728 -0.0350324 -0.042297 -0.0495905 -0.0568022 -0.0638152 -0.0705044 -0.0767307 -0.0823517 -0.0872525 -0.0913231 -0.0944551 -0.0965523 
0 -0.00185487 -0.00361852 -0.00521153 -0.00660614 -0.00771798 -0.00856046 -0.00914251 -0.00949251 -0.00965967 -0.00970849 -0.00976753 -0.00989002 -0.0101711 -0.0106543 -0.0113818 -0.0123979 -0.0136979 -0.0153016 -0.017167 -0.0192649 -0.0215021 -0.0237986 -0.0261025 -0.0283162 -0.0303372 -0.0320941 -0.0335616 -0.0346805 -0.0354166 -0.0357689 -0.0357466 -0.0353234 -0.0345374 -0.0334429 -0.0320882 -0.0305353 -0.028807 -0.0269706 -0.0250825 -0.0232093 -0.0213592 -0.0195545 -0.017852 -0.016272 -0.0148089 -0.0134785 -0.0122745 -0.0111868 -0.0102255 -0.0093496 -0.00857678 -0.00790174 -0.00732125 -0.006798 -0.00631318 -0.00587745 -0.00548732 -0.00513771 -0.00482446 -0.00451773 -0.0042319 -0.00398474 -0.00373651 -0.00350776 -0.00328512 -0.0030802 -0.00291094 -0.00277103 -0.00265063 -0.00259547 -0.00260891 -0.00271697 -0.00294893 -0.00333517 -0.00390136 -0.00468986 -0.00573305 -0.00706685 -0.00869716 -0.0105933 -0.0127456 -0.015105 -0.0175599 -0.0199859 -0.0222031 -0.0239474 -0.0249847 -0.0250451 -0.0238799 -0.0213155 -0.0172654 -0.0117617 -0.00501758 0.00264053 0.0107088 0.018607 0.0257161 0.0314272 0.035234 0.0368246 0.0360449 0.0330141 0.0280426 0.0216 0.0142682 0.00666641 -0.000645176 -0.00715863 -0.0125335 -0.016548 -0.019141 -0.0203957 -0.0204788 -0.0196078 -0.0180632 -0.0160643 -0.0138261 -0.0115394 -0.00932842 -0.00727065 -0.00543121 -0.00382826 -0.0024615 -0.00132395 -0.000397859 0.000346287 0.000951639 0.00144303 0.00182828 0.00211509 0.00235708 0.0025601 0.00273796 0.00289827 0.00303845 0.00316919 0.0033267 0.00347852 0.00364592 0.00381661 0.00398643 0.00419116 0.00442845 0.00468107 0.00496595 0.00528304 0.00564113 0.00605364 0.00651063 0.00704259 0.00766082 0.00839555 0.00921645 0.0101322 0.0111779 0.012368 0.0137008 0.0151728 0.0167554 0.0184541 0.0202676 0.0221299 0.0240131 0.025875 0.0276795 0.0293407 0.0308062 0.0320195 0.0328977 0.0333793 0.0334112 0.0329602 0.0320091 0.0305328 0.0284798 0.0258738 0.022738 0.0190932 0.0149302 0.0102999 0.0052534 -0.000218108 -0.00604701 -0.0121923 -0.0185966 -0.0252491 -0.0320783 -0.0389873 -0.0459361 -0.0528269 -0.0595908 -0.0661065 -0.0722781 -0.0779859 -0.0831001 -0.0875462 -0.091213 -0.0940349 -0.0959155 
0 -0.00261318 -0.00508358 -0.00733936 -0.00928044 -0.0108693 -0.0120488 -0.0128405 -0.0132552 -0.0133246 -0.0131668 -0.0128721 -0.0125709 -0.0123314 -0.0122492 -0.0123979 -0.0128243 -0.0135827 -0.0146641 -0.0160817 -0.0177923 -0.0197453 -0.0218807 -0.0241307 -0.0264008 -0.0285703 -0.0305693 -0.0323541 -0.0338538 -0.0350001 -0.0357879 -0.0361886 -0.0362064 -0.0358317 -0.0351089 -0.0340751 -0.0327522 -0.031213 -0.0294901 -0.0276809 -0.0258221 -0.0239302 -0.0220462 -0.0202252 -0.0185037 -0.0168928 -0.0153903 -0.0140156 -0.0127727 -0.0116467 -0.0106447 -0.00972878 -0.00893413 -0.0082364 -0.00760819 -0.00704709 -0.00654688 -0.0061001 -0.00570438 -0.00532479 -0.004964 -0.00464067 -0.00434519 -0.00408697 -0.00383284 -0.00358884 -0.00335921 -0.00316265 -0.00300727 -0.00289934 -0.00282107 -0.00283121 -0.00295815 -0.00322165 -0.00363555 -0.00423638 -0.00508433 -0.00622465 -0.00764569 -0.00936626 -0.0113849 -0.0136416 -0.0160983 -0.0186687 -0.0211811 -0.0234338 -0.0252044 -0.0262096 -0.0261866 -0.024888 -0.0221355 -0.0178379 -0.0120602 -0.00501013 0.00293524 0.0112865 0.0194324 0.0267437 0.0326087 0.0365284 0.038148 0.0373555 0.0342436 0.029128 0.0224848 0.0149145 0.00702686 -0.000568634 -0.00736707 -0.0129822 -0.0172007 -0.0199521 -0.0213119 -0.0214447 -0.0205971 -0.0189985 -0.0169082 -0.0145741 -0.0121701 -0.00982768 -0.00767025 -0.00572323 -0.00400661 -0.00256359 -0.00137317 -0.00039549 0.000401116 0.00104721 0.00156211 0.00196462 0.00229625 0.00254867 0.00276276 0.00296295 0.00314849 0.00330935 0.00346632 0.00361717 0.00379181 0.00396769 0.00415452 0.00436489 0.00460568 0.00488286 0.00517953 0.00549444 0.00586186 0.00628907 0.00677596 0.00733983 0.00796111 0.00870156 0.00955924 0.0105254 0.0116045 0.0128129 0.0141685 0.015675 0.0173012 0.0190316 0.0208474 0.0227216 0.0246194 0.026469 0.028268 0.029927 0.0313716 0.0325394 0.0333753 0.0338373 0.0338532 0.0333811 0.0323928 0.0308921 0.0288666 0.0262971 0.0231869 0.0195929 0.0155212 0.011004 0.00609167 0.000811588 -0.00480662 -0.0107435 -0.0168956 -0.0232379 -0.0297283 -0.0363087 -0.0429152 -0.049459 -0.0558963 -0.0621117 -0.068043 -0.0735971 -0.0786823 -0.083223 -0.087119 -0.0903294 -0.0927638 -0.0943875 
0 -0.0032616 -0.00637323 -0.00920107 -0.0116788 -0.0136976 -0.0152292 -0.01625 -0.0167708 -0.0168497 -0.0165561 -0.0160336 -0.0153683 -0.0146867 -0.0140983 -0.0136979 -0.0135827 -0.0137752 -0.0143301 -0.0152435 -0.0165147 -0.0181179 -0.0199908 -0.0220868 -0.0242923 -0.0265132 -0.0286766 -0.030709 -0.0325265 -0.0340447 -0.0352259 -0.036068 -0.0365277 -0.0366053 -0.0362997 -0.03563 -0.0346476 -0.0333621 -0.0318652 -0.0301917 -0.028404 -0.0265339 -0.02462 -0.022738 -0.0209101 -0.0191561 -0.0174906 -0.015946 -0.0145365 -0.0132724 -0.0121083 -0.0110649 -0.0101235 -0.00929313 -0.00855342 -0.00788581 -0.00729497 -0.00677726 -0.00631009 -0.00587404 -0.00547065 -0.00509338 -0.00477745 -0.00447212 -0.00418331 -0.0039026 -0.00365632 -0.00344671 -0.0032777 -0.00313 -0.00306752 -0.00308373 -0.00321292 -0.00349565 -0.00395893 -0.0046313 -0.00553805 -0.00671684 -0.00822735 -0.0100535 -0.0121549 -0.0145368 -0.0171064 -0.0197562 -0.0223396 -0.0246487 -0.026401 -0.0273525 -0.0272213 -0.0257805 -0.0228332 -0.0183263 -0.0122969 -0.0049842 0.00323845 0.0118247 0.0201846 0.0276506 0.0336369 0.0376211 0.0392864 0.0384779 0.0353076 0.0300678 0.0232668 0.015478 0.00736884 -0.000467937 -0.0074965 -0.0133474 -0.0177633 -0.0206866 -0.0221626 -0.0223721 -0.0215158 -0.0198872 -0.0177322 -0.0152816 -0.0127524 -0.0103221 -0.00804187 -0.00600048 -0.00422099 -0.00268269 -0.00139785 -0.000362338 0.000467204 0.0011367 0.00169272 0.00213607 0.00246119 0.00274256 0.002985 0.00320789 0.00340231 0.00357958 0.00374517 0.00393519 0.00412223 0.00433395 0.00454561 0.00478346 0.00505813 0.00537298 0.00571038 0.00608598 0.00651255 0.00702127 0.00762218 0.00828877 0.0090514 0.00991074 0.0109031 0.01202 0.0132651 0.014646 0.0161779 0.0178257 0.0195869 0.021416 0.0233058 0.0252196 0.0270736 0.0288473 0.0304688 0.0319027 0.0330477 0.0338348 0.0342359 0.0342078 0.0337179 0.0327207 0.0311903 0.0291452 0.0265835 0.0235118 0.0199636 0.0159565 0.0115383 0.00671602 0.00156263 -0.00388526 -0.00962031 -0.0155774 -0.0217128 -0.0279349 -0.0342215 -0.0405098 -0.0467295 -0.0528346 -0.0587264 -0.0643512 -0.0696145 -0.074475 -0.0788783 -0.0827552 -0.086069 -0.0887438 -0.0907657 -0.0920924 
