0 0 0 0 0 0 0 0 0 0 0 0 0 0 0 0 0 0 0 0 0 0 0 0 0 0 0 0 0 0 0 0 0 0 0 0 0 0 0 0 0 0 0 0 0 0 0 0 0 0 0 0 0 0 0 0 0 0 0 0 0 0 0 0 0 0 0 0 0 0 0 0 0 0 0 0 0 0 0 0 0 0 0 0 0 0 0 0 0 0 0 0 0 0 0 0 0 0 0 0 0 0 0 0 0 0 0 0 0 0 0 0 0 0 0 0 0 0 0 0 0 0 0 0 0 0 0 0 0 0 0 0 0 0 0 0 0 0 0 0 0 0 0 0 0 0 0 0 0 0 0 0 0 0 0 0 0 0 0 0 0 0 0 0 0 0 0 0 0 0 0 0 0 0 0 0 0 0 0 0 0 0 0 0 0 0 0 0 0 0 0 0 0 0 0 0 0 0 0 0 
0 1.45774e-05 1.38104e-05 1.67571e-05 2.07605e-05 2.89508e-05 2.85384e-05 2.55594e-05 3.38542e-05 3.22117e-05 2.83507e-05 2.22718e-05 2.61967e-05 3.53997e-05 3.28721e-05 3.85159e-05 4.17058e-05 4.96103e-05 5.71816e-05 6.33546e-05 7.57768e-05 8.06761e-05 9.04773e-05 9.82999e-05 0.000101592 0.000111429 0.00013217 0.000158814 0.000190326 0.000228676 0.000294737 0.000376059 0.000467413 0.000588785 0.000722612 0.000893567 0.00108737 0.00131812 0.00158491 0.00188548 0.00224858 0.00265371 0.0031018 0.0035877 0.00410742 0.00463797 0.00517542 0.00568874 0.00616746 0.00659027 0.00695703 0.00725676 0.00746284 0.00757533 0.00757179 0.00745077 0.00720703 0.0068643 0.00640471 0.00585879 0.00523036 0.00452371 0.00374489 0.00290338 0.00198093 0.000995125 -4.4445e-05 -0.00112374 -0.00219614 -0.00324044 -0.00421022 -0.00508026 -0.0058188 -0.00640649 -0.00681488 -0.00705063 -0.00708816 -0.0069614 -0.00667733 -0.00627564 -0.00579268 -0.00527434 -0.00473288 -0.00420815 -0.00370025 -0.00322887 -0.00278415 -0.00237425 -0.00201232 -0.00171087 -0.00145341 -0.00124319 -0.00106522 -0.00092106 -0.000796896 -0.000672733 -0.000557383 -0.000466316 -0.000375259 -0.000298096 -0.000247393 -0.000196783 -0.000140707 -9.45884e-05 -3.67138e-05 3.14874e-05 9.37056e-05 0.000143094 0.000183261 0.000212824 0.000235248 0.000240435 0.000251012 0.00026925 0.000292525 0.000310835 0.00032735 0.000339463 0.000376729 0.000430497 0.000536936 0.000712623 0.00096753 0.00130011 0.00172761 0.00221111 0.00275799 0.00332864 0.00389483 0.00441359 0.00484768 0.00513603 0.00525046 0.00514161 0.00480315 0.00422971 0.00344196 0.00248673 0.00140257 0.000244988 -0.000934709 -0.0020922 -0.00319437 -0.00418169 -0.005042 -0.00573928 -0.00626894 -0.00662815 -0.00684625 -0.006915 -0.00686286 -0.00670309 -0.00644136 -0.00610354 -0.00570016 -0.0052499 -0.00475841 -0.00425015 -0.00374486 -0.00326418 -0.0028067 -0.00240397 -0.00203181 -0.00170575 -0.00143405 -0.00119829 -0.0010036 -0.00082543 -0.000682975 -0.000562991 -0.000463256 -0.000388608 -0.000326472 -0.000274186 -0.000240594 -0.000218464 -0.000201803 -0.000187122 -0.000179974 -0.000189811 -0.000188544 -0.000189666 -0.000190343 -0.000192921 -0.000197196 -0.000190756 -0.000192776 -0.00018765 -0.00018524 -0.000183943 -0.000177967 -0.000176765 -0.000171331 -0.000174136 -0.000173593 -0.000170363 -0.000174548 -0.000177214 -0.000182592 -0.000180636 
0 1.38104e-05 1.92025e-05 6.5171e-06 3.01184e-05 3.36271e-05 3.87692e-05 3.87427e-05 4.83254e-05 6.83322e-05 5.39876e-05 6.26326e-05 7.00226e-05 8.78472e-05 9.30467e-05 9.06489e-05 0.000107725 0.000109795 0.000121694 0.000126786 0.000137848 0.000147848 0.000161842 0.000181014 0.000195091 0.000221663 0.000268085 0.000333437 0.000391233 0.000481542 0.000606206 0.000768041 0.000958975 0.00118708 0.00147634 0.00181063 0.00221618 0.00269131 0.00323207 0.00385391 0.00458216 0.00539221 0.00628253 0.00723529 0.0082439 0.00928707 0.0103138 0.0113253 0.0122487 0.0130697 0.0137896 0.0143574 0.0147518 0.0149555 0.0149259 0.0146715 0.0141907 0.0134974 0.0126159 0.0115418 0.0103232 0.00895583 0.00744111 0.0058022 0.00401751 0.00208372 4.91513e-05 -0.00206718 -0.00420338 -0.00627044 -0.00821039 -0.00995885 -0.0114419 -0.0126159 -0.0134595 -0.0139272 -0.0140291 -0.013804 -0.0132733 -0.0125078 -0.0115955 -0.0105625 -0.0094941 -0.00844911 -0.00741742 -0.006447 -0.00557798 -0.0047862 -0.00409006 -0.00348409 -0.00295111 -0.0025204 -0.002164 -0.00183703 -0.00156402 -0.00133914 -0.00112641 -0.000935257 -0.000773413 -0.000630766 -0.000495284 -0.000370434 -0.00026336 -0.00014947 -2.26939e-05 7.92388e-05 0.000178852 0.00029448 0.000377785 0.000435925 0.000498328 0.000544225 0.000586095 0.000622673 0.000629459 0.00065095 0.000689956 0.000720317 0.000791246 0.000930596 0.00113927 0.00147742 0.00196201 0.00259748 0.00340316 0.00435722 0.0054098 0.00652796 0.00763921 0.00865349 0.00949015 0.0100653 0.0102726 0.01006 0.00940114 0.00826715 0.00672455 0.00485148 0.00271586 0.000447108 -0.00185692 -0.00413551 -0.006272 -0.00821438 -0.00989882 -0.0112742 -0.0123324 -0.0130667 -0.0135087 -0.0136789 -0.0135854 -0.0132797 -0.01278 -0.0121037 -0.0113245 -0.0104355 -0.00947523 -0.008484 -0.00749762 -0.00655064 -0.00566368 -0.00485643 -0.0041242 -0.00347187 -0.00291171 -0.00244633 -0.00203047 -0.00167972 -0.00138473 -0.00114241 -0.000950014 -0.000797356 -0.000679646 -0.000578368 -0.000511602 -0.000468753 -0.000436027 -0.000395775 -0.000383785 -0.000381276 -0.000376112 -0.000367592 -0.000356787 -0.000371019 -0.000363086 -0.000368655 -0.000365656 -0.000363767 -0.00037047 -0.000361196 -0.000371815 -0.000358264 -0.000362828 -0.000365786 -0.000360558 -0.000363784 -0.000353692 -0.000370285 -0.000363248 -0.00035953 
0 1.67571e-05 6.5171e-06 7.92869e-06 2.03423e-05 4.21424e-05 4.36326e-05 4.2607e-05 7.42375e-05 9.1296e-05 0.000100807 0.000104005 0.000123776 0.000149183 0.000143334 0.000153104 0.000159983 0.000173108 0.000181892 0.00018438 0.000202644 0.000211149 0.000238611 0.000270608 0.000297472 0.000344814 0.000422497 0.000518079 0.000627087 0.000759393 0.000964407 0.00121507 0.00150059 0.00186889 0.00228941 0.00281762 0.00342811 0.00415212 0.00498643 0.00592596 0.00702991 0.00824364 0.00955748 0.0109538 0.0124214 0.0139086 0.0154034 0.0168367 0.0181731 0.0193558 0.0203726 0.021181 0.0217107 0.0219557 0.0218704 0.0214626 0.020735 0.0197493 0.0184691 0.0169558 0.0152165 0.0132543 0.0110824 0.00872489 0.00613939 0.00336142 0.000411296 -0.00268131 -0.00580469 -0.00888727 -0.0117945 -0.0144293 -0.0166818 -0.0184806 -0.0197524 -0.0205111 -0.0207141 -0.0204504 -0.0197437 -0.0186869 -0.0173666 -0.0158893 -0.014305 -0.0127312 -0.011199 -0.00978137 -0.00847366 -0.00729093 -0.00625143 -0.0053637 -0.00457679 -0.00389873 -0.00330466 -0.00280965 -0.00239857 -0.00203119 -0.00171562 -0.00146871 -0.00121835 -0.000980674 -0.000780765 -0.000572143 -0.000360298 -0.000191954 -2.46355e-05 0.000142558 0.000291894 0.000427398 0.00056416 0.000699129 0.000829019 0.000909964 0.000975931 0.00102758 0.00106485 0.00108607 0.00111744 0.00116432 0.00129618 0.00148818 0.00180796 0.00229192 0.00296844 0.00385028 0.00499453 0.00632615 0.00785395 0.00947114 0.01108 0.0125481 0.0137602 0.0145577 0.0148581 0.0145416 0.0135844 0.0119671 0.00974046 0.00702487 0.00393243 0.000627313 -0.00273545 -0.00602612 -0.00914243 -0.0119408 -0.0143884 -0.016403 -0.0179721 -0.0190858 -0.0198005 -0.0200909 -0.0200138 -0.019605 -0.018889 -0.0179402 -0.0168052 -0.0155367 -0.0141577 -0.0127304 -0.0113051 -0.00993343 -0.00861849 -0.00743191 -0.00632427 -0.00533512 -0.00449076 -0.00375551 -0.00313788 -0.00258737 -0.00214469 -0.0017783 -0.00147834 -0.00125052 -0.00106197 -0.000905245 -0.000801395 -0.000731904 -0.000677237 -0.000624505 -0.0005901 -0.000592217 -0.000569459 -0.000552698 -0.000539692 -0.000538656 -0.000543871 -0.000530709 -0.000538361 -0.000534111 -0.000539129 -0.000547523 -0.000547074 -0.000553819 -0.000551219 -0.000563173 -0.000562388 -0.000550728 -0.000552826 -0.000552497 -0.000552952 -0.000537695 
0 2.07605e-05 3.01184e-05 2.03423e-05 5.93121e-05 7.33245e-05 7.78996e-05 7.55808e-05 9.37856e-05 0.000126873 0.000117415 0.000132014 0.000147043 0.000172525 0.000178616 0.000181209 0.000211605 0.000226067 0.000247394 0.000257816 0.000278776 0.000301945 0.000338564 0.000385976 0.000430698 0.000499329 0.000605489 0.000747969 0.000893712 0.0010978 0.00137252 0.00171798 0.00212466 0.0026132 0.0032173 0.00392842 0.00477799 0.00576814 0.00689243 0.00816726 0.00962621 0.0112215 0.0129363 0.0147386 0.0166139 0.018526 0.0204045 0.0222317 0.023899 0.025365 0.0266118 0.0275581 0.0281574 0.0283894 0.0282088 0.0276432 0.0267098 0.0254414 0.0238613 0.0219637 0.0197992 0.0173566 0.0146388 0.0116736 0.00842866 0.00489593 0.0011316 -0.00283606 -0.00690469 -0.010927 -0.0147689 -0.0182879 -0.0213267 -0.0237793 -0.025585 -0.0266782 -0.0270696 -0.0268291 -0.0260018 -0.0247015 -0.0230677 -0.0211691 -0.0191468 -0.0171193 -0.0151125 -0.0132191 -0.0115069 -0.00995191 -0.00857448 -0.00736109 -0.00628179 -0.00536781 -0.00458639 -0.00388884 -0.00330665 -0.00282463 -0.00239445 -0.00201592 -0.00168041 -0.00136837 -0.00106724 -0.000777448 -0.000515376 -0.00026123 -7.13425e-06 0.000206756 0.000411155 0.000638106 0.000835723 0.00101212 0.00119282 0.00134071 0.00146382 0.00155594 0.00158982 0.0016314 0.00169709 0.0017667 0.00191172 0.00216573 0.00253909 0.00311788 0.00393823 0.00502656 0.00642944 0.0081168 0.0100174 0.0120517 0.0140768 0.0159218 0.0174332 0.0184527 0.0188154 0.0184234 0.0172252 0.0151757 0.0123668 0.00892599 0.00498926 0.000782925 -0.00349843 -0.00771479 -0.0116718 -0.0152633 -0.018395 -0.0209923 -0.0230417 -0.0245341 -0.025509 -0.0259787 -0.0259556 -0.0255085 -0.0246751 -0.0235065 -0.0221209 -0.0205319 -0.0188018 -0.0169972 -0.0151785 -0.0134035 -0.0117081 -0.0101335 -0.00867618 -0.00735728 -0.00620597 -0.00522532 -0.00436037 -0.00362387 -0.00300635 -0.00249718 -0.00208564 -0.00175403 -0.00148831 -0.00126371 -0.00110793 -0.00100255 -0.000921023 -0.00083776 -0.000798002 -0.00078176 -0.000763027 -0.000743412 -0.000726085 -0.000742226 -0.000733355 -0.000737285 -0.000733188 -0.000729957 -0.000738025 -0.000728254 -0.00073926 -0.000722082 -0.000727339 -0.000733349 -0.000727342 -0.000726728 -0.000713982 -0.000735617 -0.000727497 -0.000722139 
0 2.89508e-05 3.36271e-05 4.21424e-05 7.33245e-05 0.000102145 0.000103836 0.000101332 0.000129393 0.000151632 0.000156057 0.000160131 0.000180633 0.00020769 0.000209185 0.000224253 0.000250436 0.000279978 0.000306171 0.000326011 0.000361842 0.000397283 0.000452571 0.000517487 0.000581702 0.000677083 0.000820917 0.00100479 0.00122052 0.00149226 0.0018663 0.00232273 0.0028545 0.0035083 0.00428146 0.00521651 0.00630561 0.00756928 0.00900103 0.0106005 0.0124099 0.0143694 0.0164472 0.0186136 0.020847 0.0230899 0.0253021 0.0274064 0.0293262 0.0309881 0.0323589 0.0333746 0.0339653 0.0341225 0.0338203 0.0330868 0.0319499 0.0304724 0.028634 0.0264725 0.0239985 0.0212026 0.0180877 0.0146648 0.0108806 0.00674584 0.0022829 -0.00246658 -0.00736766 -0.0122819 -0.0170172 -0.021398 -0.0252395 -0.0284017 -0.0307694 -0.0323039 -0.0329656 -0.0328392 -0.0319804 -0.0305226 -0.028612 -0.0263955 -0.0239918 -0.0215533 -0.0191451 -0.0168621 -0.0147321 -0.0127771 -0.0110299 -0.00950165 -0.00815173 -0.00698793 -0.00597896 -0.00511375 -0.00437366 -0.00371669 -0.00313563 -0.00264109 -0.00217944 -0.00175714 -0.0013859 -0.0010247 -0.000671944 -0.000350447 -2.45888e-05 0.000298493 0.000605622 0.000898309 0.0011735 0.00143062 0.00167256 0.00186261 0.00202864 0.0021721 0.00228341 0.00236786 0.00244528 0.00252317 0.00267684 0.00291551 0.00331394 0.00394337 0.00485496 0.00608326 0.00768616 0.00960043 0.0117953 0.0141416 0.0164846 0.0186323 0.0204022 0.021583 0.0220228 0.0215719 0.0201722 0.0177944 0.0145104 0.0104753 0.00586033 0.000906749 -0.00415179 -0.00911911 -0.0138157 -0.0180663 -0.0217962 -0.0249151 -0.027404 -0.029261 -0.0305329 -0.0312028 -0.0313116 -0.0309037 -0.0300192 -0.0287474 -0.0271747 -0.0253654 -0.0233671 -0.0212594 -0.0191135 -0.0169963 -0.01494 -0.0130167 -0.0112055 -0.00955445 -0.00810469 -0.00683706 -0.00574269 -0.00478618 -0.00399136 -0.0033289 -0.00278154 -0.00234325 -0.00197845 -0.00167696 -0.00146007 -0.00130703 -0.00118745 -0.00108241 -0.00101739 -0.000998169 -0.00097004 -0.000948944 -0.000935328 -0.000937933 -0.000937933 -0.000925247 -0.00092458 -0.000917024 -0.000917695 -0.000917308 -0.000911454 -0.000905004 -0.000900435 -0.000909822 -0.000909273 -0.00089973 -0.00090115 -0.000911354 -0.000914198 -0.000905222 
0 2.85384e-05 3.87692e-05 4.36326e-05 7.78996e-05 0.000103836 0.000111913 0.000119177 0.000147908 0.000179328 0.000186164 0.00019972 0.000226392 0.000257879 0.000270645 0.000285844 0.000317215 0.000346719 0.000374919 0.000400273 0.000440277 0.000490502 0.000561622 0.000648578 0.000746437 0.000883258 0.00107783 0.00132643 0.00161589 0.0019823 0.00245686 0.00303516 0.0037166 0.0045363 0.00552024 0.00668782 0.00804904 0.00960741 0.0113525 0.0132861 0.0154256 0.0177166 0.0201166 0.0225884 0.0251029 0.0276076 0.0300378 0.0323261 0.0343738 0.0361135 0.0375066 0.0384883 0.0390055 0.0390471 0.0386008 0.0377017 0.0363922 0.0347235 0.0327081 0.0303626 0.0277058 0.0247186 0.0213823 0.0176756 0.0135354 0.00893531 0.00390023 -0.00151628 -0.00717454 -0.0128922 -0.0184603 -0.0236703 -0.0283067 -0.0321957 -0.0352038 -0.0372391 -0.0382672 -0.0383462 -0.0375513 -0.0360296 -0.0339591 -0.0314946 -0.0288004 -0.0260277 -0.0232573 -0.0205881 -0.0180859 -0.0157725 -0.0136821 -0.0118247 -0.0101847 -0.00876777 -0.00754084 -0.006466 -0.0055334 -0.0047114 -0.00397523 -0.00332299 -0.0027353 -0.00220363 -0.00172233 -0.00126752 -0.000833837 -0.000410784 1.80898e-05 0.000437504 0.000846797 0.00125049 0.00162162 0.00195969 0.00227363 0.00254612 0.00278815 0.00299506 0.00314938 0.00327254 0.00337189 0.00344974 0.00357036 0.00377971 0.00414387 0.00475824 0.00568683 0.00697684 0.00867187 0.010732 0.0130926 0.0156375 0.0181974 0.0205664 0.0225357 0.023878 0.0243917 0.0239191 0.0223768 0.0197353 0.0160872 0.0115977 0.00646816 0.000961047 -0.00467348 -0.0102271 -0.0154892 -0.0202931 -0.0245282 -0.0281066 -0.0310002 -0.0332102 -0.0347707 -0.0356826 -0.0359687 -0.0356741 -0.0348434 -0.0335538 -0.0319087 -0.0299652 -0.0277885 -0.0254604 -0.0230606 -0.0206605 -0.0183113 -0.0160693 -0.0139432 -0.0119769 -0.0102166 -0.00866621 -0.00730328 -0.00611985 -0.00511922 -0.00428359 -0.00359396 -0.00303117 -0.00256635 -0.00218283 -0.00189641 -0.00168633 -0.00151803 -0.00137273 -0.0012772 -0.00122601 -0.00118291 -0.00114741 -0.00112394 -0.00112152 -0.00111328 -0.0011053 -0.00110112 -0.00109885 -0.00110373 -0.00110365 -0.00110365 -0.00109334 -0.00109367 -0.00110051 -0.00109905 -0.00109211 -0.00108751 -0.00109957 -0.00109682 -0.00108822 
0 2.55594e-05 3.87427e-05 4.2607e-05 7.55808e-05 0.000101332 0.000119177 0.000138941 0.000169937 0.000208391 0.000221745 0.000244005 0.000276436 0.000310054 0.000332522 0.000348146 0.000381438 0.000412273 0.000444381 0.000479436 0.000527673 0.000597652 0.000690492 0.000807864 0.0009508 0.00114173 0.00139905 0.00172224 0.00210206 0.00257845 0.00317302 0.00389468 0.00475006 0.00576235 0.00697621 0.00839439 0.0100367 0.0118913 0.0139447 0.0161982 0.0186405 0.0212267 0.0239004 0.0266179 0.0293379 0.03201 0.0345536 0.0369046 0.038961 0.0406651 0.0419776 0.0428432 0.0432265 0.0431121 0.042505 0.0414436 0.0399876 0.038182 0.0360693 0.0336532 0.0309486 0.027922 0.0245259 0.0206974 0.0163583 0.0114487 0.00598395 2.85668e-05 -0.00627755 -0.0127188 -0.0190675 -0.0250765 -0.0305011 -0.0351284 -0.0388015 -0.0413895 -0.0428607 -0.0432441 -0.0426305 -0.0411675 -0.0390473 -0.0364356 -0.0335269 -0.0304771 -0.0274025 -0.0244056 -0.0215739 -0.018939 -0.0165387 -0.0143804 -0.0124592 -0.0107692 -0.00928923 -0.00798112 -0.00683621 -0.00583143 -0.00493588 -0.00413133 -0.0034087 -0.00274597 -0.00212636 -0.00154075 -0.000985021 -0.000438952 0.000100601 0.000625018 0.00114176 0.00165649 0.00214431 0.00260356 0.00302978 0.00340938 0.00373644 0.00400629 0.00420077 0.00434042 0.00442863 0.00447972 0.00454287 0.00468676 0.00497236 0.00550532 0.0063624 0.00760932 0.00928155 0.0113704 0.0137934 0.0164438 0.0191403 0.0216672 0.0237891 0.0252671 0.0258615 0.0254061 0.0237924 0.0209958 0.0171166 0.0123281 0.00685867 0.00098092 -0.00504642 -0.0110053 -0.0166741 -0.0218947 -0.0265296 -0.0304948 -0.0337483 -0.0362937 -0.0381483 -0.0393298 -0.0398474 -0.0397419 -0.0390587 -0.0378624 -0.0362542 -0.034288 -0.0320379 -0.0295849 -0.0270163 -0.024406 -0.0218229 -0.0193077 -0.0168984 -0.0146359 -0.0125706 -0.010728 -0.00908539 -0.00765585 -0.00642967 -0.00540004 -0.00454647 -0.00384006 -0.0032557 -0.00277502 -0.00240295 -0.00212135 -0.00189401 -0.00170389 -0.00157161 -0.00148237 -0.0014177 -0.00136211 -0.00132465 -0.00131083 -0.00129442 -0.00128789 -0.00127922 -0.00127968 -0.00128556 -0.00128745 -0.00129252 -0.00128384 -0.00128944 -0.00129491 -0.00129392 -0.00128938 -0.00128175 -0.00129081 -0.00128263 -0.00127203 
0 3.38542e-05 4.83254e-05 7.42375e-05 9.37856e-05 0.000129393 0.000147908 0.000169937 0.000204684 0.000228436 0.000256544 0.000271291 0.000307729 0.000340739 0.000365428 0.000395937 0.000426943 0.000475521 0.000519922 0.000575731 0.000646389 0.000742774 0.000867948 0.00102479 0.00122028 0.00147411 0.00180445 0.00220319 0.00269653 0.00328954 0.00403175 0.00492268 0.00597448 0.00722346 0.00867703 0.010375 0.012298 0.0144405 0.0167874 0.0193231 0.0220259 0.0248553 0.027739 0.0306348 0.0334866 0.036223 0.0387926 0.0410817 0.0430399 0.0446021 0.0457286 0.046401 0.0465844 0.0462703 0.0454917 0.0442839 0.0427193 0.0408669 0.0387433 0.0363866 0.0337619 0.0308263 0.0275063 0.0236974 0.0192913 0.0142298 0.00848228 0.00212156 -0.00469948 -0.0117765 -0.0188401 -0.0256042 -0.0317988 -0.0371732 -0.0415127 -0.0447039 -0.0466745 -0.047445 -0.0471139 -0.0458257 -0.0437498 -0.0411096 -0.0380745 -0.0348221 -0.0315205 -0.0282818 -0.0251684 -0.0222585 -0.0195801 -0.0171491 -0.0149594 -0.0129917 -0.0112359 -0.00969708 -0.00833417 -0.00711772 -0.00604251 -0.00508556 -0.00419871 -0.00337258 -0.00260195 -0.00186177 -0.00113934 -0.000454373 0.00020887 0.000872896 0.00152535 0.00215326 0.00277868 0.00338601 0.00394896 0.004448 0.00486653 0.00519233 0.00543355 0.0055628 0.00559825 0.00558491 0.00555894 0.00556794 0.00571875 0.00608823 0.0067777 0.00787494 0.00942888 0.0114309 0.01384 0.0165147 0.0192765 0.0219031 0.0241382 0.0257159 0.0264112 0.0260195 0.0244203 0.0216052 0.017642 0.0127176 0.00708147 0.000997304 -0.00526664 -0.0114594 -0.0174006 -0.0228912 -0.0278148 -0.0320794 -0.0356308 -0.0384755 -0.0406249 -0.0420844 -0.0428858 -0.0430416 -0.0425922 -0.0416152 -0.0401504 -0.0382873 -0.0360731 -0.0335922 -0.0309397 -0.0281945 -0.0254297 -0.0227018 -0.0200473 -0.0175237 -0.0151855 -0.0130476 -0.0111398 -0.00944028 -0.00797304 -0.00672313 -0.00567017 -0.00479639 -0.00405983 -0.00345958 -0.00297952 -0.00260615 -0.00230509 -0.00206827 -0.00188784 -0.00176652 -0.00167365 -0.00160031 -0.00155512 -0.00152025 -0.0015109 -0.00149167 -0.00148465 -0.00147928 -0.00147342 -0.00148141 -0.00147076 -0.00147462 -0.00146998 -0.00147334 -0.00147403 -0.0014621 -0.00146934 -0.00146483 -0.00146953 -0.00146016 
0 3.22117e-05 6.83322e-05 9.1296e-05 0.000126873 0.000151632 0.000179328 0.000208391 0.000228436 0.000261349 0.000278762 0.000306489 0.000336785 0.000365567 0.000407707 0.00043792 0.000487978 0.000544417 0.000610468 0.000693709 0.000787188 0.000921121 0.00108483 0.00128736 0.00154974 0.00187789 0.00228971 0.00279611 0.00340344 0.0041577 0.005059 0.00614581 0.00743621 0.00892288 0.0106651 0.0126326 0.0148481 0.0172693 0.0198766 0.0226652 0.0255749 0.0285781 0.0316049 0.0345929 0.0374715 0.0401925 0.042652 0.0447968 0.0465435 0.0478657 0.0487343 0.0491292 0.0490592 0.0485199 0.0475573 0.0462305 0.0446328 0.0427901 0.0407852 0.0385799 0.0361492 0.0334237 0.0302944 0.0266182 0.0222966 0.0172017 0.0113121 0.00469002 -0.00254653 -0.0101408 -0.0178294 -0.0252885 -0.0322061 -0.0382911 -0.0433333 -0.0471336 -0.049658 -0.0508769 -0.0508986 -0.049855 -0.0479449 -0.0453482 -0.0423064 -0.0389792 -0.0355426 -0.0321058 -0.0288026 -0.025678 -0.0227606 -0.0200595 -0.0176102 -0.0153937 -0.0134105 -0.0116212 -0.0100223 -0.00860665 -0.00732979 -0.00614475 -0.00507412 -0.00407605 -0.00311416 -0.00220345 -0.00133603 -0.000465738 0.000380405 0.00119955 0.00201015 0.00281936 0.0036002 0.00434448 0.00502789 0.00565475 0.00617659 0.00656679 0.006802 0.00690743 0.00687982 0.00675209 0.0065444 0.00636892 0.00627973 0.00639773 0.00683334 0.00769897 0.0090326 0.0108971 0.0131899 0.0158208 0.0185918 0.0212685 0.0235783 0.0252752 0.0260756 0.0258093 0.0243254 0.0215943 0.0177015 0.0127992 0.00714516 0.00101199 -0.00533209 -0.0116433 -0.0176924 -0.0233474 -0.0284371 -0.0329028 -0.036688 -0.0397935 -0.0422089 -0.0439752 -0.0450802 -0.0455507 -0.0454266 -0.0447338 -0.0435384 -0.041871 -0.0398039 -0.0374003 -0.0347547 -0.0319513 -0.0290895 -0.0261949 -0.0233616 -0.0206248 -0.018033 -0.0156471 -0.0134526 -0.0114996 -0.00976408 -0.00826803 -0.00700041 -0.00591974 -0.0050195 -0.00427529 -0.00366791 -0.00318507 -0.00279482 -0.00248875 -0.00225954 -0.00207997 -0.00196096 -0.00186167 -0.00179482 -0.00175511 -0.00172403 -0.00171491 -0.00169104 -0.00168323 -0.00167426 -0.00166348 -0.00166432 -0.00165253 -0.00165732 -0.00165168 -0.00164723 -0.00164935 -0.00164372 -0.00165319 -0.0016492 -0.00165163 
0 2.83507e-05 5.39876e-05 0.000100807 0.000117415 0.000156057 0.000186164 0.000221745 0.000256544 0.000278762 0.000327212 0.00035553 0.000395165 0.000427433 0.00047085 0.000520197 0.000563517 0.000634871 0.00071305 0.000819649 0.000945007 0.0011179 0.00133003 0.00159573 0.00193383 0.00235529 0.00287823 0.0034994 0.00427663 0.00519755 0.00630656 0.00761888 0.00915454 0.0109285 0.012931 0.015189 0.0176674 0.0203395 0.023185 0.0261761 0.0292448 0.0323659 0.0354477 0.0384344 0.0412438 0.0438023 0.0460707 0.047936 0.0493963 0.0504122 0.0509552 0.0510459 0.0506956 0.0499145 0.04879 0.0473812 0.0457855 0.0440615 0.0422264 0.0402853 0.0381425 0.0357179 0.0328799 0.0294574 0.0253031 0.0203117 0.0143933 0.00760789 9.10753e-05 -0.00793118 -0.0161543 -0.024215 -0.0317893 -0.0385574 -0.0442379 -0.0486739 -0.0517657 -0.0534758 -0.0539083 -0.053196 -0.0514988 -0.0490767 -0.0461148 -0.0427966 -0.0393378 -0.0358491 -0.032394 -0.0290893 -0.0259717 -0.0230748 -0.0204165 -0.0179758 -0.0157539 -0.0137651 -0.0119453 -0.0102754 -0.00875617 -0.00736463 -0.00606271 -0.00484494 -0.003695 -0.00259397 -0.00151047 -0.000459503 0.000572537 0.00161511 0.00264622 0.00362551 0.00458333 0.00549101 0.00631212 0.00703112 0.00761106 0.0080296 0.00829649 0.00834089 0.00817493 0.00786363 0.00742774 0.00694495 0.0065543 0.00633886 0.00644402 0.00699821 0.0080582 0.00967103 0.0118105 0.0143378 0.0170764 0.0197928 0.0221927 0.0240024 0.0249714 0.0248807 0.0235809 0.0210611 0.0173472 0.0126047 0.007083 0.00103366 -0.00526955 -0.0115414 -0.0176108 -0.0232827 -0.0284412 -0.0330222 -0.0369719 -0.0402988 -0.0429855 -0.0450441 -0.0464875 -0.0473043 -0.0475249 -0.0472015 -0.0463165 -0.0449541 -0.0431343 -0.0409177 -0.0383936 -0.0356391 -0.0327491 -0.0297774 -0.026807 -0.0238997 -0.0211069 -0.0184648 -0.0160339 -0.0138034 -0.0118093 -0.0100575 -0.00854255 -0.00725287 -0.00615489 -0.00525578 -0.00450392 -0.00389319 -0.00339703 -0.0030123 -0.00270282 -0.00246476 -0.00228951 -0.00215243 -0.00205904 -0.00197843 -0.00194341 -0.00190632 -0.00188533 -0.00187293 -0.00185736 -0.00186126 -0.00184613 -0.00185829 -0.00185245 -0.00185009 -0.00185167 -0.0018434 -0.0018545 -0.0018378 -0.00184439 -0.00184053 
0 2.22718e-05 6.26326e-05 0.000104005 0.000132014 0.000160131 0.00019972 0.000244005 0.000271291 0.000306489 0.00035553 0.000402887 0.000442819 0.000479608 0.000542962 0.000600799 0.000662644 0.000743663 0.000845396 0.000983096 0.00114393 0.00136498 0.00163851 0.00197545 0.00241136 0.00294488 0.0035936 0.00437524 0.00532316 0.0064619 0.00778696 0.00934422 0.0111543 0.0131936 0.0154842 0.0179974 0.0207288 0.0236265 0.0266644 0.029813 0.0329785 0.0361266 0.0391786 0.0420579 0.0446802 0.0470036 0.0489577 0.0504953 0.0515917 0.052241 0.0524275 0.0521755 0.0515351 0.0505421 0.049286 0.0478519 0.0463398 0.044765 0.0431882 0.0415519 0.0397661 0.0377282 0.0352714 0.0321829 0.0283119 0.0234838 0.0176185 0.0107636 0.00303668 -0.00529789 -0.0139369 -0.0225037 -0.0306424 -0.0380085 -0.0443211 -0.0493475 -0.0530022 -0.0552138 -0.0560841 -0.0557385 -0.0543638 -0.0521745 -0.049404 -0.0462135 -0.0428028 -0.0392848 -0.0357958 -0.0324187 -0.0291877 -0.0261349 -0.0233135 -0.0206982 -0.0182914 -0.0160702 -0.0140165 -0.0121291 -0.0103784 -0.00872376 -0.00718782 -0.00573978 -0.00434413 -0.00300952 -0.00171356 -0.000415715 0.000860171 0.0021178 0.00335909 0.00456764 0.00572127 0.00678861 0.00772849 0.0085472 0.00918613 0.00960414 0.00978122 0.00970766 0.00937415 0.00882074 0.00806263 0.00723206 0.00643477 0.00580843 0.00551265 0.00569627 0.00641784 0.00777122 0.00968789 0.01208 0.0147696 0.0175178 0.0200278 0.0220269 0.0232109 0.0233743 0.0223451 0.0200891 0.0166567 0.012179 0.00690352 0.00107573 -0.00504429 -0.0111868 -0.0171422 -0.0227706 -0.0279132 -0.0325352 -0.0365939 -0.0400877 -0.0429962 -0.0453467 -0.047115 -0.0482956 -0.0489126 -0.0489719 -0.0484836 -0.047477 -0.0459936 -0.0440651 -0.0417624 -0.0391597 -0.0363505 -0.033375 -0.030354 -0.0273379 -0.0243749 -0.0215397 -0.0188608 -0.0163885 -0.014124 -0.0121057 -0.0103411 -0.00880323 -0.00749993 -0.00641232 -0.00549432 -0.00473441 -0.00411083 -0.00361967 -0.00322033 -0.00289366 -0.00265861 -0.00247332 -0.00233927 -0.00223665 -0.00216846 -0.00212813 -0.00209184 -0.00207942 -0.00206761 -0.00205848 -0.00205453 -0.00205367 -0.00205464 -0.00204435 -0.00204179 -0.00204613 -0.00204245 -0.00203381 -0.00202899 -0.00203359 
0 2.61967e-05 7.00226e-05 0.000123776 0.000147043 0.000180633 0.000226392 0.000276436 0.000307729 0.000336785 0.000395165 0.000442819 0.000483601 0.000524784 0.000596325 0.000674739 0.000751941 0.000859227 0.000998215 0.00118259 0.00140111 0.00168882 0.002041 0.00247417 0.00301885 0.00367995 0.00447558 0.00542364 0.00658062 0.00794459 0.00952324 0.0113486 0.0134365 0.0157636 0.018312 0.0210701 0.0240093 0.0270819 0.0302563 0.0334851 0.036664 0.0397539 0.0426719 0.0453477 0.0477011 0.0496903 0.0512834 0.0524229 0.0531221 0.0533789 0.0531888 0.0526032 0.0516942 0.0505167 0.0491809 0.0477726 0.0463816 0.0450332 0.0437533 0.0424946 0.0411303 0.0395317 0.0374995 0.0347937 0.0312206 0.0266126 0.0208608 0.0140085 0.00618318 -0.00236669 -0.0113259 -0.0202974 -0.0289133 -0.0368058 -0.0436496 -0.0492199 -0.0533956 -0.0561004 -0.0574261 -0.0574968 -0.0564747 -0.0545966 -0.0520657 -0.0490579 -0.0457879 -0.0423764 -0.0389231 -0.0355437 -0.0322838 -0.0291784 -0.0262559 -0.0235 -0.0209173 -0.0185135 -0.0162514 -0.0141303 -0.0121419 -0.0102606 -0.00847155 -0.00675758 -0.00509308 -0.00347934 -0.00189546 -0.000339522 0.0011859 0.0026952 0.00417661 0.0055922 0.0069402 0.00817807 0.00925447 0.0101406 0.0107795 0.0111374 0.011208 0.0109384 0.0103338 0.00945151 0.00831963 0.00705659 0.00581113 0.00471833 0.00396876 0.00373053 0.00408644 0.00513064 0.00683577 0.00909584 0.0117475 0.0145549 0.0172104 0.0194266 0.0209 0.0213876 0.0207087 0.0188229 0.01575 0.0116285 0.00668998 0.00116737 -0.00468572 -0.0105948 -0.0163761 -0.0218654 -0.0269305 -0.0315317 -0.035635 -0.039243 -0.0423382 -0.0449391 -0.047026 -0.0485737 -0.0495904 -0.0500789 -0.0500094 -0.0494268 -0.048346 -0.0467879 -0.0448051 -0.0424532 -0.0398105 -0.0369287 -0.0339253 -0.0308657 -0.0278017 -0.0248042 -0.0219389 -0.0192362 -0.0167271 -0.0144457 -0.0124071 -0.0106075 -0.00905351 -0.00774642 -0.0066292 -0.00569434 -0.0049282 -0.00432075 -0.00381911 -0.00340767 -0.00309954 -0.00286142 -0.00268366 -0.00253943 -0.00244365 -0.00237209 -0.00232273 -0.00229744 -0.00227564 -0.00226276 -0.00224754 -0.00225175 -0.00224612 -0.00223532 -0.002236 -0.00224042 -0.00224288 -0.00222367 -0.00222303 -0.00222869 
0 3.53997e-05 8.78472e-05 0.000149183 0.000172525 0.00020769 0.000257879 0.000310054 0.000340739 0.000365567 0.000427433 0.000479608 0.000524784 0.000575187 0.000660038 0.000764318 0.000868779 0.0010119 0.00119881 0.00143848 0.00172458 0.00208744 0.00253306 0.0030783 0.00375238 0.00456375 0.00553112 0.00667894 0.00806734 0.00968356 0.0115311 0.0136324 0.0159967 0.0185966 0.0213888 0.0243637 0.027477 0.0306788 0.0339254 0.0371501 0.0402476 0.0431702 0.045851 0.0482268 0.0502317 0.0518302 0.0530107 0.0537237 0.0539998 0.0538487 0.0532853 0.0523849 0.0512413 0.0499329 0.0485709 0.0472448 0.0460284 0.0449508 0.0440162 0.0431724 0.0422654 0.0411338 0.0395442 0.037233 0.033979 0.0296124 0.0240186 0.017232 0.00938514 0.000714548 -0.00845599 -0.017726 -0.0267092 -0.035024 -0.0423184 -0.0483602 -0.0530009 -0.0561665 -0.0579288 -0.0584098 -0.0577602 -0.0562182 -0.0539791 -0.0512268 -0.0481654 -0.0449303 -0.0416195 -0.038344 -0.035138 -0.0320374 -0.029072 -0.0262387 -0.0235391 -0.0209859 -0.0185513 -0.0162343 -0.0140227 -0.0118962 -0.00983824 -0.00784093 -0.00588577 -0.00397306 -0.00208558 -0.000230794 0.00158495 0.0033619 0.00508441 0.00671593 0.00824719 0.00962391 0.0107954 0.0117208 0.0123346 0.0125843 0.0124599 0.0119158 0.0109718 0.0096842 0.00810281 0.00635098 0.00460206 0.00300602 0.00177722 0.00109959 0.0010875 0.00183513 0.00333896 0.00548928 0.00813194 0.0110275 0.0138693 0.0163539 0.0181724 0.0190514 0.0187982 0.0173486 0.0147061 0.0110043 0.00646157 0.00130572 -0.00421553 -0.00983514 -0.0153805 -0.020683 -0.025625 -0.0301584 -0.0342579 -0.0379208 -0.041143 -0.0439408 -0.0463028 -0.0481961 -0.0496126 -0.0505357 -0.0509131 -0.050781 -0.0501417 -0.0490071 -0.0474107 -0.0453938 -0.0430111 -0.0403214 -0.0374312 -0.0344128 -0.0313196 -0.0282247 -0.0252151 -0.0223207 -0.0195905 -0.0170597 -0.014752 -0.0126807 -0.0108639 -0.00931123 -0.00797041 -0.00683452 -0.00589944 -0.00514967 -0.00452434 -0.00400946 -0.0036108 -0.00330473 -0.00307056 -0.0028808 -0.0027492 -0.0026453 -0.00257701 -0.0025343 -0.0024991 -0.00247516 -0.00245104 -0.0024529 -0.00244082 -0.00242562 -0.00242488 -0.00243063 -0.0024351 -0.00241375 -0.00241665 -0.0024273 
0 3.28721e-05 9.30467e-05 0.000143334 0.000178616 0.000209185 0.000270645 0.000332522 0.000365428 0.000407707 0.00047085 0.000542962 0.000596325 0.000660038 0.000765319 0.000890703 0.0010306 0.00120829 0.00144704 0.00174663 0.00210847 0.00255641 0.00311408 0.00378873 0.00461963 0.00561102 0.00677968 0.00817353 0.00981251 0.0117149 0.0138386 0.016215 0.0188471 0.0216806 0.0246922 0.0278286 0.0310625 0.0343266 0.0375629 0.0406937 0.0436209 0.0462824 0.0486479 0.0506498 0.0522369 0.0534023 0.0541112 0.0543798 0.0542188 0.0536725 0.0527806 0.0516241 0.0503118 0.048945 0.0476117 0.0464151 0.0454217 0.044639 0.0440901 0.0436724 0.043229 0.0425566 0.0413959 0.0394604 0.0365373 0.0324212 0.0270208 0.0203513 0.0125326 0.0038101 -0.00548644 -0.0149626 -0.0242033 -0.0328148 -0.0404625 -0.0468745 -0.0519084 -0.0554844 -0.0576479 -0.0585045 -0.0582284 -0.0570131 -0.0550899 -0.0526446 -0.0498597 -0.0468618 -0.0437798 -0.0406764 -0.0375948 -0.0345681 -0.0316383 -0.0287979 -0.0260592 -0.0234087 -0.0208465 -0.0183656 -0.0159484 -0.0135696 -0.0112485 -0.00896444 -0.00670499 -0.00447837 -0.00228766 -0.000114693 0.00200874 0.00406477 0.00603058 0.00788121 0.00956931 0.0110511 0.0122624 0.0131662 0.0136919 0.0137817 0.0133876 0.0125113 0.0111608 0.00939288 0.00728953 0.00501548 0.00272434 0.000621079 -0.00108306 -0.00219075 -0.00256172 -0.0020766 -0.000751629 0.00134265 0.00403686 0.00707766 0.0101604 0.0129667 0.0151631 0.0164787 0.0167054 0.0157391 0.013595 0.0103661 0.00626314 0.00151268 -0.00363785 -0.00894419 -0.014202 -0.0192885 -0.0240665 -0.0284991 -0.032567 -0.0362482 -0.0395505 -0.0424963 -0.0450685 -0.047253 -0.0490351 -0.0503567 -0.0511929 -0.0515175 -0.0513533 -0.0506896 -0.0495376 -0.0479305 -0.0458951 -0.0434833 -0.0407977 -0.0379005 -0.0348444 -0.031727 -0.0286122 -0.0255837 -0.0226653 -0.019915 -0.0173644 -0.0150235 -0.0129515 -0.0111358 -0.00955572 -0.00819635 -0.00706496 -0.00614314 -0.00537178 -0.00472791 -0.00421964 -0.00382286 -0.00350925 -0.0032658 -0.00307579 -0.00294077 -0.00283916 -0.0027752 -0.00272733 -0.00268293 -0.00266701 -0.00265801 -0.0026533 -0.00263348 -0.00262765 -0.00264188 -0.00263305 -0.00262171 -0.00261328 -0.00262695 
0 3.85159e-05 9.06489e-05 0.000153104 0.000181209 0.000224253 0.000285844 0.000348146 0.000395937 0.00043792 0.000520197 0.000600799 0.000674739 0.000764318 0.000890703 0.00105469 0.00123138 0.00145857 0.00175933 0.00213087 0.00258446 0.00313972 0.00382036 0.00465812 0.00566339 0.00686373 0.00827404 0.00992105 0.0118533 0.0140245 0.0164346 0.0190712 0.0219293 0.0249815 0.0281438 0.0314009 0.0346799 0.037924 0.0410641 0.0440084 0.0466715 0.0490098 0.0509856 0.0525609 0.0537005 0.0543735 0.0546151 0.0544145 0.053842 0.0529449 0.0517786 0.0504411 0.0490423 0.0476735 0.0464421 0.0454316 0.0446851 0.0442517 0.0440728 0.0440763 0.0440667 0.0438122 0.04304 0.0414773 0.0388528 0.0350078 0.0298108 0.0232672 0.0155212 0.00679367 -0.00256758 -0.0121498 -0.0215439 -0.030359 -0.0382241 -0.0449166 -0.0502454 -0.0541452 -0.0566379 -0.0578415 -0.0578895 -0.0570214 -0.055417 -0.0532838 -0.0508006 -0.0481122 -0.0452709 -0.0423861 -0.0395045 -0.0366542 -0.0338326 -0.0310659 -0.0283432 -0.0256778 -0.0230353 -0.0204113 -0.0178073 -0.015233 -0.0126555 -0.0100897 -0.00753833 -0.00500236 -0.0024802 -1.51792e-05 0.0023945 0.00472682 0.00694089 0.00897268 0.0107925 0.0123332 0.0135514 0.0143621 0.0147055 0.0145363 0.0138424 0.0125614 0.0107403 0.00845404 0.00582016 0.002976 0.000153563 -0.00246238 -0.00462449 -0.00612909 -0.00680289 -0.00655555 -0.00532895 -0.00323627 -0.000430397 0.00283125 0.00621889 0.00938444 0.0120136 0.0137875 0.0145103 0.0140782 0.0124521 0.00974797 0.00612798 0.00181038 -0.00295428 -0.00791581 -0.0129033 -0.0177346 -0.0223415 -0.026653 -0.0306531 -0.0343269 -0.0376724 -0.040701 -0.0434289 -0.0458376 -0.0479102 -0.0496113 -0.050858 -0.0516575 -0.051975 -0.0518072 -0.0511485 -0.0500028 -0.0483822 -0.0463411 -0.0439409 -0.0412526 -0.0383296 -0.0352415 -0.032112 -0.0289798 -0.0259308 -0.0229991 -0.0202189 -0.0176462 -0.0153053 -0.0132317 -0.0113923 -0.00978587 -0.00843276 -0.00730603 -0.00635924 -0.00557055 -0.00492735 -0.00442417 -0.00402148 -0.00369885 -0.00345857 -0.00326694 -0.00314059 -0.00304664 -0.00297393 -0.00292383 -0.00288671 -0.00288627 -0.00286654 -0.00284648 -0.00283962 -0.00284024 -0.00284426 -0.00281841 -0.00282071 -0.00282774 
0 4.17058e-05 0.000107725 0.000159983 0.000211605 0.000250436 0.000317215 0.000381438 0.000426943 0.000487978 0.000563517 0.000662644 0.000751941 0.000868779 0.0010306 0.00123138 0.00146815 0.00176097 0.00214325 0.00261165 0.00318502 0.00386618 0.00470972 0.00572136 0.00693853 0.00837164 0.0100291 0.0119671 0.0141571 0.0166148 0.0192753 0.0221461 0.0252143 0.0284145 0.0317035 0.0349987 0.0382519 0.0413913 0.0443385 0.0470023 0.0493325 0.0512619 0.0528067 0.053912 0.0545594 0.0547632 0.0545155 0.0539072 0.052969 0.0517824 0.0504179 0.0489664 0.0475298 0.0462367 0.0451528 0.0443784 0.0439446 0.0438494 0.0440624 0.0444442 0.04482 0.0449355 0.044515 0.0432595 0.0409348 0.037312 0.0323043 0.0259029 0.0182403 0.00955768 0.000219583 -0.00939942 -0.0188579 -0.0277597 -0.035779 -0.0426317 -0.0481457 -0.0522701 -0.0550095 -0.0564669 -0.0568291 -0.0562558 -0.054971 -0.0531622 -0.0509707 -0.048534 -0.0459975 -0.0433912 -0.040759 -0.0381236 -0.0355096 -0.0328908 -0.0302644 -0.0276057 -0.0249393 -0.0222488 -0.0195282 -0.0167581 -0.0139719 -0.0111579 -0.0083333 -0.00550723 -0.00271318 5.39244e-05 0.00273772 0.00529944 0.00768938 0.00988231 0.0117925 0.0133581 0.014489 0.0151404 0.0152514 0.0147688 0.0136368 0.0119105 0.00961123 0.00679877 0.00360944 0.000234015 -0.00313918 -0.00623221 -0.00881239 -0.0106584 -0.0115714 -0.0114476 -0.0102756 -0.00810812 -0.00512858 -0.00161082 0.00213299 0.00571983 0.00880251 0.0110758 0.0123273 0.0124161 0.0113512 0.00917884 0.00606242 0.0022003 -0.00216568 -0.00681349 -0.011508 -0.0161234 -0.0205392 -0.0247057 -0.0286167 -0.0322343 -0.035579 -0.0386561 -0.0414762 -0.044051 -0.0463704 -0.048362 -0.0500111 -0.0512307 -0.0520265 -0.0523601 -0.0521996 -0.0515538 -0.050401 -0.048792 -0.0467714 -0.044385 -0.0416768 -0.0387356 -0.0356343 -0.0324926 -0.0293487 -0.0262745 -0.023314 -0.0205045 -0.0179301 -0.0155775 -0.0134756 -0.0116072 -0.0100038 -0.00865144 -0.00750726 -0.00655083 -0.00576311 -0.00513692 -0.00462815 -0.00422793 -0.00390322 -0.00366386 -0.00348346 -0.00335313 -0.00325583 -0.00317114 -0.00313507 -0.0031056 -0.00308947 -0.00306142 -0.003046 -0.00305525 -0.0030405 -0.00303485 -0.00302276 -0.00303301 
0 4.96103e-05 0.000109795 0.000173108 0.000226067 0.000279978 0.000346719 0.000412273 0.000475521 0.000544417 0.000634871 0.000743663 0.000859227 0.0010119 0.00120829 0.00145857 0.00176097 0.00213047 0.00260806 0.0031898 0.00390074 0.00474647 0.00576638 0.00700086 0.00844859 0.0101389 0.0120733 0.0142776 0.0167487 0.0194449 0.0223493 0.0254264 0.0286504 0.0319716 0.0352996 0.0385688 0.0417015 0.0446371 0.047299 0.0496055 0.0515179 0.0530065 0.0540646 0.0546739 0.0548369 0.0545539 0.053885 0.0529031 0.0516775 0.0502819 0.0487884 0.0472905 0.0458979 0.0447178 0.0438468 0.043349 0.0432269 0.0435022 0.0440712 0.0448155 0.0455458 0.0459839 0.0458463 0.044856 0.0427293 0.0392946 0.0344455 0.0281801 0.0206469 0.0120677 0.00279625 -0.00677859 -0.0162312 -0.0251601 -0.0332097 -0.040133 -0.0457374 -0.0499855 -0.0528811 -0.0545425 -0.0551176 -0.0547959 -0.0537581 -0.0522089 -0.0502998 -0.0481795 -0.0459137 -0.043583 -0.0412416 -0.0388886 -0.0364933 -0.0340695 -0.0315952 -0.029055 -0.0264292 -0.0237114 -0.020911 -0.0180437 -0.0150977 -0.0120885 -0.00903947 -0.00597134 -0.00291899 6.44565e-05 0.00295217 0.00569989 0.00824573 0.0105146 0.0124323 0.0139261 0.0149378 0.0153663 0.0151554 0.0142849 0.0127452 0.0105265 0.00769322 0.00433734 0.000624984 -0.0032749 -0.00711336 -0.0106312 -0.0135584 -0.0156604 -0.0167226 -0.0166646 -0.0154327 -0.0131266 -0.00992754 -0.00610268 -0.00198637 0.00203186 0.00561232 0.00841015 0.0102082 0.0108651 0.0103377 0.00870246 0.00607482 0.00264835 -0.00133672 -0.00566145 -0.0101061 -0.0144841 -0.0187242 -0.02274 -0.0265256 -0.0300724 -0.0333816 -0.0364621 -0.039341 -0.0420258 -0.0445087 -0.0467502 -0.0487019 -0.0503159 -0.0515454 -0.0523587 -0.0527066 -0.0525599 -0.0519037 -0.0507735 -0.0491847 -0.0471778 -0.0447876 -0.0420647 -0.0391136 -0.0360149 -0.0328568 -0.0296949 -0.0265797 -0.0235947 -0.0207825 -0.018184 -0.015816 -0.013683 -0.0118259 -0.0102246 -0.00886646 -0.00772017 -0.00676025 -0.0059869 -0.00535288 -0.00484234 -0.00443061 -0.00410825 -0.00387231 -0.00368984 -0.00355237 -0.00344918 -0.00338205 -0.00334589 -0.00331157 -0.00328519 -0.00327094 -0.00326634 -0.0032619 -0.00324499 -0.00324059 -0.00324017 
