0 0 0 0 0 0 0 0 0 0 0 0 0 0 0 0 0 0 0 0 0 0 0 0 0 0 0 0 0 0 0 0 0 0 0 0 0 0 0 0 0 0 0 0 0 0 0 0 0 0 0 0 0 0 0 0 0 0 0 0 0 0 0 0 0 0 0 0 0 0 0 0 0 0 0 0 0 0 0 0 0 0 0 0 0 0 0 0 0 0 0 0 0 0 0 0 0 0 0 0 0 0 0 0 0 0 0 0 0 0 0 0 0 0 0 0 0 0 0 0 0 0 0 0 0 0 0 0 0 0 0 0 0 0 0 0 0 0 0 0 0 0 0 0 0 0 0 0 0 0 0 0 0 0 0 0 0 0 0 0 0 0 0 0 0 0 0 0 0 0 0 0 0 0 0 0 0 0 0 0 0 0 0 0 0 0 0 0 0 0 0 0 0 0 0 0 0 0 0 0 
0 0.00100371 0.00196356 0.00284993 0.0036154 0.00423273 0.00466091 0.00489492 0.00491571 0.00471732 0.00432236 0.00375511 0.00305232 0.00223528 0.00135184 0.000425131 -0.000516571 -0.00143238 -0.00226943 -0.0029981 -0.00360699 -0.00407396 -0.00440651 -0.00460996 -0.00470258 -0.00466995 -0.004534 -0.00431567 -0.00403681 -0.00373327 -0.00341321 -0.0030984 -0.00278195 -0.00247938 -0.0021906 -0.00193053 -0.00171584 -0.00153726 -0.00137134 -0.00122153 -0.00108866 -0.000972267 -0.000883852 -0.000807581 -0.000752725 -0.000693455 -0.0006425 -0.000589169 -0.000541575 -0.000518348 -0.000497241 -0.000472894 -0.000446809 -0.000412837 -0.000382547 -0.00036262 -0.000339163 -0.000326776 -0.000309324 -0.00029611 -0.000273706 -0.000252794 -0.000238208 -0.000228432 -0.000223056 -0.000215913 -0.000191833 -0.000165859 -0.000146266 -0.000135946 -0.000139641 -0.000137099 -0.000133822 -0.000138532 -0.000147397 -0.000147415 -0.00016519 -0.000203583 -0.000265851 -0.000350557 -0.000458865 -0.000583018 -0.000734548 -0.000896738 -0.00108423 -0.00128221 -0.00145948 -0.00160684 -0.00170507 -0.00170521 -0.0016162 -0.00141908 -0.00109831 -0.000676495 -0.000174385 0.000387846 0.00094803 0.00145958 0.00187168 0.00214444 0.00224778 0.00218094 0.00195886 0.00160123 0.00114307 0.000644706 0.000131458 -0.0003419 -0.000727514 -0.00102318 -0.00121622 -0.00129348 -0.00129889 -0.00123335 -0.00111216 -0.000970889 -0.000823387 -0.000671319 -0.00053448 -0.000401092 -0.000283842 -0.000181738 -0.000103067 -4.83384e-05 -7.90941e-06 4.48306e-05 9.01215e-05 0.0001242 0.000151021 0.000169979 0.000171162 0.000174534 0.000175889 0.000182341 0.000197617 0.000205814 0.000215366 0.000226651 0.000228692 0.000232014 0.0002432 0.000254698 0.000274709 0.00028037 0.000285893 0.000287179 0.000302095 0.000327712 0.000351915 0.000375685 0.000398261 0.000410002 0.000432648 0.000457876 0.0004895 0.00053966 0.000580112 0.000621671 0.000662672 0.000728739 0.000815558 0.000921621 0.00103853 0.00116382 0.00130844 0.00148759 0.0016975 0.00194082 0.00222025 0.0025071 0.00280782 0.00311738 0.00344619 0.00376534 0.00405514 0.00429059 0.0044407 0.00449602 0.0044364 0.00425649 0.00394047 0.00348444 0.00286592 0.00209829 0.0012072 0.000225478 -0.000820587 -0.00189987 -0.00297071 -0.0040312 -0.00504137 -0.00597328 -0.00679222 -0.00749927 -0.00809568 -0.00857223 -0.00896509 -0.00927525 -0.00951416 -0.00966794 
0 0.00196356 0.00384485 0.0055686 0.00707012 0.00826937 0.00910962 0.00956729 0.00960906 0.00923429 0.00847063 0.00737782 0.00600726 0.00440753 0.00267154 0.000851449 -0.000991227 -0.00277517 -0.00441228 -0.00584017 -0.00704871 -0.0079864 -0.00865204 -0.00907259 -0.00925054 -0.00920739 -0.00895547 -0.00855743 -0.00804739 -0.0074592 -0.00684973 -0.00621382 -0.00559785 -0.00500327 -0.00443657 -0.00392594 -0.00347733 -0.00310178 -0.00275346 -0.00245018 -0.00219532 -0.00197476 -0.00178909 -0.0016362 -0.00149911 -0.00138614 -0.00128684 -0.00118771 -0.00110508 -0.00103855 -0.000986618 -0.000923476 -0.000869981 -0.000815855 -0.000772523 -0.000730945 -0.000694581 -0.000648158 -0.000618771 -0.000595712 -0.000555178 -0.000522784 -0.000485301 -0.00045346 -0.00043766 -0.000412935 -0.000374825 -0.000360927 -0.000329367 -0.000312065 -0.000291914 -0.000278124 -0.000269196 -0.000263457 -0.000264212 -0.000309811 -0.000363579 -0.000437115 -0.000543253 -0.000705422 -0.000915888 -0.00116812 -0.00146783 -0.00180876 -0.00217345 -0.00255618 -0.0029242 -0.00321862 -0.00339365 -0.00340993 -0.0032386 -0.00282958 -0.00220163 -0.00136125 -0.000331932 0.000786529 0.00188669 0.00291096 0.00371388 0.00424278 0.00447302 0.00435475 0.00390561 0.00320728 0.00228584 0.00126528 0.000251546 -0.000681707 -0.00146557 -0.00204247 -0.00241872 -0.00259583 -0.0025999 -0.00245681 -0.00223005 -0.00194943 -0.00163811 -0.00134073 -0.00106667 -0.000808954 -0.000583401 -0.00039182 -0.000226678 -8.96099e-05 2.43087e-05 9.65782e-05 0.000170508 0.000235299 0.000278455 0.000298077 0.000317241 0.000337657 0.00037391 0.000379678 0.000394564 0.000404613 0.000416173 0.00043618 0.000454858 0.000460783 0.000485618 0.000507627 0.00053265 0.000563068 0.000579017 0.000599736 0.000632672 0.000671438 0.000701521 0.000745436 0.000781904 0.000831413 0.000881145 0.00093569 0.000997429 0.00107889 0.00117248 0.00126163 0.00136291 0.00150001 0.0016632 0.00185847 0.00208888 0.0023363 0.00264839 0.00300684 0.0034249 0.00390348 0.00444139 0.00502959 0.00562511 0.0062575 0.00689646 0.00750444 0.00805239 0.0084838 0.00876954 0.00886247 0.00873431 0.0083607 0.00771494 0.00679733 0.00557392 0.00406474 0.0023264 0.00039863 -0.00166057 -0.00379227 -0.00591882 -0.00800703 -0.010011 -0.0118461 -0.0134801 -0.0148981 -0.0160975 -0.0170735 -0.0178553 -0.0184865 -0.0189504 -0.019254 
0 0.00284993 0.0055686 0.00807051 0.0102295 0.0119644 0.0131692 0.0138252 0.0138895 0.0133544 0.0122766 0.0107128 0.00874457 0.0064313 0.00391305 0.00127922 -0.00137623 -0.00394513 -0.00630448 -0.00839113 -0.0101746 -0.0115806 -0.0126016 -0.0132394 -0.0135435 -0.013503 -0.0131911 -0.0126659 -0.0119649 -0.0111545 -0.0102566 -0.00934349 -0.0084334 -0.00757629 -0.00676144 -0.0060026 -0.00532959 -0.00473668 -0.00419551 -0.00373635 -0.00335597 -0.0030254 -0.00274761 -0.00248534 -0.00227895 -0.00209032 -0.00195017 -0.00181436 -0.0016796 -0.00157986 -0.00147494 -0.00137285 -0.00129544 -0.00122549 -0.00117002 -0.00112331 -0.00104665 -0.000984626 -0.000921273 -0.000886186 -0.000839473 -0.000791741 -0.000741508 -0.000689313 -0.000649316 -0.00062101 -0.00057431 -0.000536988 -0.000508003 -0.000480386 -0.000461182 -0.000417607 -0.000382213 -0.000388978 -0.000429827 -0.000465122 -0.000541571 -0.000659978 -0.000832183 -0.00106769 -0.0013793 -0.00175163 -0.00220913 -0.00270476 -0.0032629 -0.00384249 -0.00436474 -0.00479782 -0.00508439 -0.00509439 -0.00483165 -0.00423748 -0.00327508 -0.00200576 -0.000498019 0.00117072 0.00282421 0.00432889 0.00553976 0.00634673 0.00666639 0.00648545 0.00583688 0.00477859 0.00341171 0.00191228 0.000377806 -0.00103117 -0.00218038 -0.00305318 -0.00362238 -0.00386282 -0.00388329 -0.00369196 -0.00333499 -0.00290665 -0.00245494 -0.00200077 -0.0015982 -0.00121764 -0.000882462 -0.000580925 -0.000328891 -0.00013462 1.28774e-05 0.000164022 0.000272816 0.000340094 0.000391388 0.000441085 0.000471803 0.000517658 0.000550917 0.000572485 0.000595004 0.000596734 0.000614734 0.000655641 0.000683781 0.00070621 0.00073242 0.000750047 0.000794879 0.000827457 0.000876892 0.000918139 0.000973154 0.00102604 0.00106103 0.00110692 0.00117777 0.00124865 0.00134613 0.00143025 0.00151067 0.00163744 0.00176688 0.00192625 0.00209444 0.00230801 0.00254889 0.00283241 0.00316952 0.00356931 0.00404939 0.00461462 0.00523754 0.00593292 0.00673146 0.00758157 0.00848468 0.00940127 0.0103245 0.0111752 0.0119183 0.0125101 0.012881 0.012991 0.0127653 0.0121722 0.0111761 0.00978626 0.00796867 0.00576353 0.00322786 0.000424691 -0.0025867 -0.00571387 -0.00882724 -0.0118952 -0.0148141 -0.0175167 -0.0199289 -0.0220528 -0.0238769 -0.0253607 -0.0265743 -0.0275211 -0.0282316 -0.0286818 
0 0.0036154 0.00707012 0.0102295 0.0129645 0.0151417 0.0166625 0.0174878 0.0175743 0.0169251 0.0155876 0.013642 0.0111653 0.00824522 0.00505714 0.00172542 -0.00162846 -0.00487082 -0.00787419 -0.0105502 -0.0128699 -0.0147291 -0.0160961 -0.0169961 -0.0174442 -0.0174862 -0.0171641 -0.0165735 -0.0157543 -0.0147494 -0.0136433 -0.0124659 -0.0113111 -0.0102029 -0.00914424 -0.00816 -0.0072607 -0.00646982 -0.00574557 -0.00512503 -0.00460906 -0.0041579 -0.00375839 -0.0034075 -0.00309865 -0.00284874 -0.0026444 -0.00245203 -0.0022823 -0.00213662 -0.00200945 -0.00187453 -0.00176364 -0.00166231 -0.00157853 -0.00149348 -0.00140651 -0.00130698 -0.00123687 -0.001187 -0.00111779 -0.00105786 -0.000988045 -0.000921105 -0.000875872 -0.000820379 -0.000748878 -0.000713243 -0.000658672 -0.00062203 -0.000582866 -0.000550051 -0.000528606 -0.000523515 -0.000540779 -0.000624708 -0.000732318 -0.000881368 -0.00109771 -0.00141919 -0.00183802 -0.00234392 -0.00294334 -0.00361861 -0.0043437 -0.00509701 -0.00580962 -0.00638118 -0.00672189 -0.00674578 -0.00639585 -0.00558847 -0.00433939 -0.00267262 -0.000648164 0.00155575 0.00373337 0.00574263 0.00733121 0.00837982 0.00882518 0.00859093 0.00771299 0.00632765 0.00451828 0.00251099 0.00050597 -0.00134 -0.00288709 -0.00403782 -0.00478892 -0.00514421 -0.00515953 -0.00488742 -0.00443474 -0.00387296 -0.00325552 -0.0026583 -0.002109 -0.0015995 -0.00115261 -0.00077048 -0.000443353 -0.00017276 4.9783e-05 0.000207197 0.000352563 0.000473952 0.000557942 0.000605381 0.000647482 0.000693008 0.000754486 0.00077032 0.000793787 0.00081084 0.000836898 0.000883067 0.000925903 0.000948005 0.00098977 0.00102434 0.00106708 0.00112109 0.00116316 0.00121582 0.00128596 0.00135836 0.00141458 0.00149314 0.00157742 0.00168996 0.00180838 0.00192331 0.00204047 0.00219412 0.00238432 0.00259576 0.00284308 0.00314701 0.00348817 0.00388539 0.00436079 0.00490585 0.00557667 0.0063304 0.00716289 0.00808172 0.00910436 0.0102209 0.011364 0.0125418 0.0136861 0.0147237 0.0156142 0.0162857 0.0166918 0.0167469 0.0163795 0.0155327 0.0141706 0.012313 0.00993455 0.00708079 0.00382983 0.000231366 -0.0036343 -0.00765429 -0.0116754 -0.0156191 -0.0193986 -0.0228952 -0.0260628 -0.0288812 -0.0313251 -0.0333584 -0.0350042 -0.0363105 -0.0372627 -0.0378761 
0 0.00423273 0.00826937 0.0119644 0.0151417 0.0176767 0.0194431 0.0204071 0.0205261 0.0197939 0.0182714 0.0160287 0.0131629 0.00977731 0.0060715 0.00219581 -0.00171169 -0.00550888 -0.00904633 -0.0122368 -0.0150224 -0.0172924 -0.0190133 -0.0201866 -0.0208605 -0.0210356 -0.0207897 -0.0202005 -0.0193183 -0.018221 -0.0169593 -0.0156223 -0.0142607 -0.0129363 -0.0116532 -0.0104393 -0.00933576 -0.00834512 -0.00743487 -0.00663718 -0.00595221 -0.00535043 -0.00483478 -0.0043741 -0.00399627 -0.00366066 -0.00338278 -0.0031209 -0.00288328 -0.00270534 -0.00254261 -0.00238155 -0.00223761 -0.00209803 -0.00197823 -0.00187866 -0.00176425 -0.00166567 -0.00156998 -0.00149591 -0.00140483 -0.00131818 -0.00123852 -0.00116827 -0.00111277 -0.001055 -0.000965633 -0.000884486 -0.000817592 -0.000770019 -0.000741722 -0.000699139 -0.000666763 -0.000674472 -0.000719647 -0.000779735 -0.000902061 -0.00110034 -0.00139425 -0.00179935 -0.00232313 -0.00294622 -0.00369089 -0.00451286 -0.00542251 -0.00636242 -0.00722356 -0.00792405 -0.00835981 -0.00836857 -0.00791705 -0.00692408 -0.00535539 -0.0032814 -0.00080642 0.00191718 0.00462698 0.00709689 0.0090799 0.010395 0.0109188 0.0106186 0.00954707 0.00781774 0.00559434 0.00313776 0.000640794 -0.00165983 -0.00356686 -0.00501221 -0.00595518 -0.00637906 -0.00640785 -0.00608834 -0.00551331 -0.00481102 -0.00406136 -0.00331431 -0.00263177 -0.00199247 -0.00142802 -0.000934909 -0.000529744 -0.000217833 2.47858e-05 0.000254815 0.000443483 0.000586258 0.000693925 0.000773982 0.000819235 0.000868947 0.000911159 0.000945961 0.000990495 0.00101957 0.00106056 0.00111637 0.00115409 0.0011849 0.0012322 0.00128165 0.00135627 0.00141253 0.00147074 0.00152542 0.00161086 0.00171097 0.00180085 0.00190033 0.0020155 0.0021341 0.00228435 0.00243567 0.00260012 0.00282381 0.00306436 0.00334355 0.00365606 0.00404697 0.00450143 0.00503247 0.00564961 0.00636114 0.007195 0.00814813 0.00919003 0.0103319 0.0115953 0.0129198 0.0142806 0.0156312 0.0169388 0.0181025 0.0190648 0.0197599 0.0201054 0.0200384 0.0194637 0.0183304 0.0166012 0.0142943 0.0113921 0.00795275 0.00405325 -0.000237603 -0.00484368 -0.00963389 -0.0144331 -0.0191653 -0.0237036 -0.0279511 -0.0318259 -0.0353168 -0.0383839 -0.0409588 -0.0430795 -0.0447432 -0.0459712 -0.0467538 
0 0.00466091 0.00910962 0.0131692 0.0166625 0.0194431 0.021395 0.0224713 0.0226306 0.0218654 0.0202266 0.0177963 0.0146766 0.0109917 0.00694277 0.00268985 -0.0016237 -0.00583974 -0.00980375 -0.0134037 -0.0165748 -0.0192072 -0.0212602 -0.0227475 -0.0236814 -0.024076 -0.0239741 -0.0234669 -0.0226189 -0.0215027 -0.0201982 -0.0187604 -0.017264 -0.0157568 -0.014269 -0.0128512 -0.0115446 -0.0103607 -0.00926431 -0.00828009 -0.00741968 -0.00666338 -0.00600823 -0.00544356 -0.0049595 -0.00454111 -0.00417481 -0.00383542 -0.0035404 -0.00330573 -0.00310425 -0.00290482 -0.00271969 -0.00254616 -0.00239821 -0.0022691 -0.00214482 -0.00202103 -0.00191383 -0.00181879 -0.00170585 -0.00159907 -0.00149759 -0.0014085 -0.0013397 -0.00126136 -0.00116384 -0.0010869 -0.00101031 -0.000951049 -0.000899022 -0.000848152 -0.000811468 -0.000807139 -0.000847136 -0.000952124 -0.00111519 -0.00135384 -0.00169873 -0.00218298 -0.00280568 -0.00355613 -0.0044389 -0.00542765 -0.00649852 -0.00760084 -0.00862753 -0.00945204 -0.00994096 -0.00995561 -0.00941023 -0.00821269 -0.00635402 -0.00388868 -0.000931538 0.00229066 0.00549043 0.00841043 0.0107442 0.012291 0.0129301 0.0125898 0.011322 0.00928168 0.00664694 0.00371357 0.000760116 -0.00196184 -0.00424121 -0.00595712 -0.0070763 -0.00760759 -0.00763883 -0.00725507 -0.00658522 -0.00575235 -0.00484835 -0.0039598 -0.00313643 -0.00237769 -0.00170578 -0.00112624 -0.000639397 -0.000246863 6.55601e-05 0.000312775 0.000523303 0.000694933 0.000821825 0.000907066 0.00097124 0.00103735 0.00110745 0.00115029 0.00119552 0.00123375 0.0012786 0.00133647 0.00138356 0.00142097 0.00148234 0.0015535 0.00163949 0.00172145 0.00178727 0.00185826 0.00195799 0.00207551 0.00219005 0.00231759 0.00245197 0.00260552 0.00278367 0.00297988 0.00320581 0.00348748 0.00380611 0.00415413 0.0045537 0.00504414 0.00562335 0.00630079 0.0070782 0.00795201 0.00896205 0.0100955 0.0113414 0.0127012 0.014167 0.015685 0.0171893 0.0186619 0.0200473 0.0212564 0.0222158 0.0228337 0.0230388 0.0227542 0.0219106 0.0204567 0.0183627 0.015639 0.0122708 0.00831575 0.00386338 -0.00101224 -0.00622339 -0.0116372 -0.0170908 -0.0224881 -0.0277136 -0.0326404 -0.0371883 -0.0413219 -0.0449856 -0.0481119 -0.0506986 -0.0527512 -0.0542598 -0.0552315 
0 0.00489492 0.00956729 0.0138252 0.0174878 0.0204071 0.0224713 0.023624 0.0238227 0.0230551 0.0213722 0.0188626 0.0156366 0.0118285 0.00762013 0.00316884 -0.00138132 -0.0058643 -0.0101159 -0.0140163 -0.0174878 -0.0204355 -0.0228143 -0.0246247 -0.0258624 -0.0265254 -0.0266473 -0.0263096 -0.0255841 -0.0245439 -0.023264 -0.0218034 -0.0202338 -0.018611 -0.0169802 -0.015398 -0.0139114 -0.0125342 -0.0112501 -0.0100836 -0.00905026 -0.00813522 -0.00732929 -0.00662482 -0.00601587 -0.00549275 -0.00503792 -0.00462685 -0.00426543 -0.00396284 -0.00369797 -0.00344919 -0.00322559 -0.00302705 -0.00285517 -0.0026973 -0.00253909 -0.00238327 -0.0022492 -0.00213375 -0.00201268 -0.00189255 -0.00177272 -0.00166102 -0.0015659 -0.00146926 -0.00136485 -0.00127663 -0.0011955 -0.00112518 -0.0010554 -0.000985547 -0.000939225 -0.000942594 -0.00100379 -0.00112926 -0.0013217 -0.00160403 -0.00200921 -0.00256971 -0.00329158 -0.00416712 -0.0051914 -0.00633753 -0.00757219 -0.00882979 -0.00999466 -0.0109287 -0.0114785 -0.0114876 -0.0108437 -0.00945295 -0.00729916 -0.00444934 -0.00105009 0.00264695 0.00632331 0.00966535 0.0123463 0.0141267 0.0148575 0.0144713 0.013024 0.0106789 0.00766047 0.00428928 0.000886835 -0.00225001 -0.00488046 -0.00686619 -0.00816256 -0.00878829 -0.00883514 -0.00840651 -0.00763807 -0.00667044 -0.00562031 -0.0045856 -0.0036242 -0.00274771 -0.0019711 -0.00129889 -0.000733948 -0.000277066 8.94909e-05 0.000385308 0.000626241 0.000812809 0.000950866 0.00105307 0.00113902 0.00122443 0.00130521 0.00136039 0.00140604 0.00144565 0.00149737 0.00156709 0.00163237 0.00168794 0.00175451 0.00183013 0.00192008 0.00201419 0.00210381 0.0022034 0.00232664 0.0024605 0.00259185 0.00273739 0.00290341 0.00310025 0.00332666 0.00357347 0.00385401 0.00419461 0.00458943 0.00503322 0.00554559 0.00615662 0.0068716 0.0076992 0.00864177 0.00970001 0.0108974 0.0122212 0.0136553 0.0151945 0.0168185 0.0184644 0.020062 0.0215792 0.0229604 0.0241203 0.0249752 0.0254312 0.0254117 0.0248471 0.0236815 0.0218763 0.0194138 0.0162947 0.0125113 0.00811664 0.00320406 -0.00213943 -0.00782103 -0.0137127 -0.0196755 -0.0256126 -0.0314101 -0.036935 -0.042089 -0.0468155 -0.0510425 -0.0546971 -0.0577565 -0.0602088 -0.0620317 -0.0632213 
0 0.00491571 0.00960906 0.0138895 0.0175743 0.0205261 0.0226306 0.0238227 0.0240591 0.0233266 0.0216827 0.0192131 0.0160298 0.0122649 0.00806949 0.00359407 -0.001018 -0.00560259 -0.00999444 -0.0140821 -0.0177723 -0.0209859 -0.0236679 -0.0257897 -0.0273477 -0.0283179 -0.0287409 -0.0286675 -0.0281595 -0.0272866 -0.0261005 -0.0246928 -0.0231217 -0.0214606 -0.0197561 -0.0180568 -0.0164196 -0.0148612 -0.0134005 -0.0120625 -0.0108601 -0.00978003 -0.00881088 -0.00794091 -0.00719046 -0.00654201 -0.00598633 -0.00549497 -0.00505566 -0.00468052 -0.0043447 -0.00404414 -0.00377747 -0.00354468 -0.00333631 -0.00314367 -0.00294269 -0.00276027 -0.00259647 -0.00245701 -0.00232541 -0.00218792 -0.00205388 -0.00192747 -0.00180776 -0.00169273 -0.00157487 -0.00145789 -0.00136578 -0.00127983 -0.00120445 -0.00112963 -0.00108254 -0.00109414 -0.0011754 -0.00130719 -0.00152868 -0.00185755 -0.00232811 -0.0029667 -0.00378985 -0.00478683 -0.0059493 -0.00724303 -0.00863784 -0.0100473 -0.0113391 -0.0123693 -0.0129681 -0.0129529 -0.0122022 -0.0106294 -0.00819493 -0.00498287 -0.001173 0.00297748 0.0071158 0.0108579 0.0138744 0.01588 0.0166879 0.0162512 0.0146334 0.0119922 0.00861555 0.00484288 0.00101911 -0.00251103 -0.00547643 -0.00773543 -0.00921694 -0.00993732 -0.0100032 -0.00953328 -0.00866578 -0.0075685 -0.00638151 -0.00520066 -0.0041005 -0.00310202 -0.00221998 -0.00145621 -0.00081816 -0.00030432 0.000102627 0.000450778 0.000726528 0.000938965 0.00109997 0.00122447 0.00132129 0.00141679 0.00149342 0.00156333 0.0016163 0.00166513 0.00173092 0.00181283 0.00189083 0.00196624 0.00203834 0.00212065 0.00221864 0.00231643 0.00242833 0.00255116 0.0026984 0.00285496 0.00301325 0.00318359 0.00339275 0.00363515 0.00391854 0.0042213 0.00455965 0.00496628 0.00544163 0.00600155 0.00664973 0.00740503 0.00827272 0.00925821 0.010368 0.0116195 0.0130055 0.0145175 0.0161144 0.0177836 0.0195046 0.0212054 0.0228364 0.0243239 0.0256173 0.0266281 0.0272711 0.0274747 0.0271558 0.0262621 0.0247383 0.0225606 0.0197271 0.0162358 0.012095 0.0073513 0.00208772 -0.00360004 -0.00962298 -0.0158616 -0.022203 -0.0285583 -0.0348107 -0.040841 -0.0465251 -0.051786 -0.0565338 -0.0606839 -0.0642041 -0.0670504 -0.0692001 -0.0706199 
0 0.00471732 0.00923429 0.0133544 0.0169251 0.0197939 0.0218654 0.0230551 0.0233266 0.0226811 0.0211643 0.0188589 0.0158572 0.0122838 0.00825865 0.00392654 -0.000577597 -0.0050923 -0.00948831 -0.0136456 -0.0174733 -0.0208935 -0.0238242 -0.0262434 -0.0281022 -0.0294233 -0.0301986 -0.0304677 -0.0302731 -0.0296412 -0.02866 -0.0273812 -0.0259075 -0.0242816 -0.0225611 -0.0208002 -0.019045 -0.0173385 -0.0157218 -0.0142122 -0.0128327 -0.0115805 -0.0104326 -0.009416 -0.00850414 -0.00772965 -0.00704312 -0.00644029 -0.00591692 -0.00545191 -0.00505163 -0.00469353 -0.004367 -0.00408263 -0.00383068 -0.00359175 -0.00337967 -0.00316644 -0.00298779 -0.0028148 -0.00265197 -0.00249081 -0.00233938 -0.00220171 -0.00207509 -0.00193411 -0.00179603 -0.00166848 -0.00155051 -0.00145314 -0.00136376 -0.00129894 -0.00126132 -0.0012628 -0.00132575 -0.00149944 -0.00175548 -0.00213033 -0.00266605 -0.00339425 -0.0043108 -0.00542688 -0.00670655 -0.00815158 -0.00968604 -0.0112316 -0.0126611 -0.013782 -0.0143937 -0.0143626 -0.0135032 -0.0117295 -0.0090405 -0.00549378 -0.00126895 0.00329879 0.00785342 0.011986 0.0153034 0.0175016 0.0184072 0.0179301 0.016138 0.0132398 0.00952752 0.00535336 0.00115061 -0.00274242 -0.00605174 -0.00856639 -0.0102201 -0.0110611 -0.0111351 -0.010611 -0.00966499 -0.00845332 -0.00712648 -0.00581792 -0.00457554 -0.00345683 -0.00245835 -0.00160854 -0.000901783 -0.000323787 0.000145693 0.000498953 0.000802297 0.00105573 0.00124959 0.00138439 0.00149606 0.00158864 0.00168268 0.00175707 0.00181994 0.00189543 0.00197378 0.00205683 0.0021417 0.00222135 0.00230899 0.00241978 0.00252929 0.00265919 0.00277757 0.00292172 0.00308511 0.00326654 0.00346478 0.00368179 0.00392605 0.00422575 0.00455358 0.00492651 0.00535626 0.00584475 0.0064384 0.00711253 0.00790628 0.00881087 0.00984022 0.0109934 0.0122763 0.0136997 0.0152631 0.0169251 0.0186556 0.0204169 0.0221639 0.0238684 0.025437 0.0268284 0.0279389 0.0287054 0.0290486 0.0289027 0.0282303 0.0269576 0.0250608 0.022507 0.0193133 0.0154845 0.0110497 0.00604925 0.000551976 -0.00536331 -0.0116095 -0.018083 -0.0247016 -0.0313575 -0.0379654 -0.04439 -0.0505221 -0.0562447 -0.0614501 -0.0660629 -0.0699983 -0.0732274 -0.0756769 -0.0773195 
0 0.00432236 0.00847063 0.0122766 0.0155876 0.0182714 0.0202266 0.0213722 0.0216827 0.0211643 0.0198558 0.017814 0.0151109 0.0118584 0.00814715 0.00411307 -0.000114934 -0.00441657 -0.00867183 -0.0127953 -0.016661 -0.0202034 -0.0233385 -0.0259999 -0.0281778 -0.0298413 -0.0310094 -0.0316608 -0.031823 -0.0315356 -0.0308287 -0.0298026 -0.0284986 -0.0269845 -0.0253165 -0.0235487 -0.0217477 -0.0199469 -0.0182045 -0.0165407 -0.0149778 -0.0135422 -0.0122373 -0.0110532 -0.0100057 -0.00907077 -0.00823839 -0.00750907 -0.00686921 -0.00631726 -0.00583069 -0.00540076 -0.00500747 -0.00465995 -0.00435284 -0.00408778 -0.00383538 -0.00361602 -0.00340022 -0.00318902 -0.00300023 -0.00280728 -0.00263423 -0.00248443 -0.00233105 -0.00218424 -0.0020387 -0.00187403 -0.00175278 -0.00164303 -0.00154992 -0.00146457 -0.00141283 -0.0014285 -0.00152746 -0.00168755 -0.00197682 -0.00241653 -0.00303181 -0.0038336 -0.00484871 -0.0060706 -0.00747827 -0.00904637 -0.0107258 -0.0123991 -0.0139203 -0.0151157 -0.0157807 -0.0157089 -0.0147371 -0.0127883 -0.00981595 -0.00592473 -0.00135362 0.00360661 0.008556 0.0130105 0.0166167 0.0190224 0.0199857 0.0194755 0.0175594 0.0144046 0.0103847 0.0058715 0.0012751 -0.00298407 -0.00658847 -0.00935643 -0.0111847 -0.0120995 -0.0122074 -0.0116672 -0.0106359 -0.00930727 -0.00786416 -0.00641476 -0.00504328 -0.00380091 -0.00269917 -0.00174568 -0.000957589 -0.000330813 0.000158642 0.000580242 0.000912087 0.00116961 0.00137328 0.00153968 0.00166975 0.00178181 0.00186387 0.00196485 0.00204673 0.00212981 0.00222212 0.00230815 0.00239387 0.00249115 0.00258656 0.0027168 0.00286375 0.00300504 0.00316115 0.00331954 0.00350154 0.00371188 0.00395305 0.00421361 0.00451806 0.0048572 0.00525084 0.00570438 0.00623861 0.00686069 0.00757207 0.00839118 0.00931939 0.0103738 0.0115738 0.0129061 0.0143632 0.0159577 0.0176474 0.0194254 0.0212367 0.0230345 0.024771 0.0263771 0.0278203 0.0289946 0.0298417 0.0302855 0.0302481 0.0297095 0.0286139 0.0269426 0.0246535 0.0217369 0.0182116 0.0140828 0.00941314 0.00423588 -0.00140174 -0.00743497 -0.0138 -0.0204098 -0.0271963 -0.0340587 -0.0408952 -0.0476121 -0.0540784 -0.0601715 -0.0657707 -0.0707767 -0.0751031 -0.0786586 -0.0813876 -0.0832197 
0 0.00375511 0.00737782 0.0107128 0.013642 0.0160287 0.0177963 0.0188626 0.0192131 0.0188589 0.017814 0.016114 0.0138077 0.0109872 0.00771981 0.00412266 0.000295193 -0.00365705 -0.00766802 -0.0116307 -0.0154309 -0.0190061 -0.0222611 -0.0251515 -0.0276025 -0.0296256 -0.0311697 -0.0322156 -0.0327864 -0.0328814 -0.0325595 -0.03184 -0.030795 -0.0294589 -0.0279109 -0.0262237 -0.0244455 -0.0226187 -0.0208096 -0.0190261 -0.0173146 -0.0157219 -0.0142424 -0.0129083 -0.0116752 -0.0105837 -0.00958832 -0.00871735 -0.00796639 -0.00729441 -0.00671178 -0.00619913 -0.00572929 -0.00531859 -0.00495616 -0.00462053 -0.0043325 -0.00405551 -0.00381499 -0.00357592 -0.00336443 -0.0031518 -0.00295229 -0.00276694 -0.00258966 -0.00240946 -0.0022531 -0.00210179 -0.00195837 -0.00182617 -0.00170391 -0.00162035 -0.00157838 -0.00159005 -0.00168279 -0.00191418 -0.00224727 -0.0027212 -0.00338568 -0.00426966 -0.00537371 -0.00672065 -0.00824782 -0.00995917 -0.0117522 -0.0135301 -0.0151559 -0.0164117 -0.0170642 -0.0169706 -0.0158946 -0.0137539 -0.0105501 -0.00635853 -0.00140941 0.0039062 0.00919396 0.0139694 0.0178127 0.0203706 0.0214359 0.0209079 0.018852 0.0154908 0.0111812 0.00631008 0.00139115 -0.00317924 -0.00708743 -0.0100805 -0.0120686 -0.0131142 -0.0132468 -0.0126721 -0.0115829 -0.0101551 -0.00857151 -0.00698947 -0.00547295 -0.00411971 -0.00291481 -0.00189384 -0.0010437 -0.000335811 0.000242781 0.000670064 0.00102289 0.00130917 0.00153259 0.0016998 0.00184803 0.0019749 0.00209895 0.00220413 0.0022842 0.00237894 0.00247312 0.00256872 0.0026782 0.00279455 0.00291139 0.0030585 0.00319914 0.003369 0.00353686 0.00373494 0.0039465 0.00418939 0.00447603 0.00479523 0.00515377 0.005575 0.00603547 0.00658329 0.00723552 0.00796906 0.00883543 0.00979574 0.0108922 0.0121125 0.0134892 0.0150051 0.0166368 0.0183702 0.0201639 0.0219848 0.0238138 0.0255863 0.0272203 0.0286807 0.0298756 0.0307622 0.0312475 0.031301 0.0308515 0.0298644 0.0283354 0.0262232 0.023545 0.020283 0.0164643 0.0120957 0.00724804 0.00196039 -0.00374054 -0.00981113 -0.016202 -0.0228538 -0.02972 -0.036678 -0.0436502 -0.0505321 -0.0572246 -0.0635825 -0.0694791 -0.0748215 -0.0794591 -0.0833046 -0.0862481 -0.0882367 
0 0.00305232 0.00600726 0.00874457 0.0111653 0.0131629 0.0146766 0.0156366 0.0160298 0.0158572 0.0151109 0.0138077 0.0119725 0.00968298 0.00696993 0.00391559 0.0006012 -0.00291305 -0.00655881 -0.0102579 -0.0138803 -0.0173887 -0.0207074 -0.0237506 -0.0264608 -0.0287875 -0.0306994 -0.0321402 -0.0331288 -0.0336708 -0.0337611 -0.0334337 -0.0327108 -0.0316473 -0.0303182 -0.0287871 -0.0271008 -0.0253019 -0.0234667 -0.0216213 -0.0198024 -0.0180696 -0.01644 -0.0149209 -0.0135242 -0.0122576 -0.0111102 -0.0100983 -0.00920121 -0.00839368 -0.00768302 -0.00706909 -0.00652686 -0.00605067 -0.00562136 -0.00522981 -0.00486721 -0.00454967 -0.00425951 -0.00398654 -0.0037556 -0.00352059 -0.00329466 -0.00308768 -0.00287753 -0.00268601 -0.00251393 -0.0023249 -0.00216608 -0.00201809 -0.00188735 -0.00179025 -0.00175002 -0.0017898 -0.0019197 -0.00214102 -0.00250217 -0.00303721 -0.00377483 -0.00472764 -0.00592576 -0.00737092 -0.00901918 -0.0108477 -0.0127696 -0.01465 -0.0163394 -0.0176333 -0.0183026 -0.0181421 -0.0169476 -0.0146404 -0.0111938 -0.00671865 -0.00148908 0.00415221 0.0097699 0.0148266 0.0189166 0.0216467 0.0227491 0.0221793 0.0200097 0.0164429 0.0118914 0.00676109 0.00152734 -0.0033496 -0.00752186 -0.0107521 -0.0129182 -0.0140498 -0.0142307 -0.0136498 -0.0124909 -0.0109565 -0.00926116 -0.00754587 -0.00590613 -0.00443098 -0.00312977 -0.00201402 -0.00109022 -0.000340147 0.000261534 0.000759287 0.00115264 0.00145132 0.00168313 0.00187422 0.00203791 0.00217649 0.00229024 0.00241547 0.00251583 0.00261894 0.00273054 0.00283948 0.00296965 0.00311463 0.00324467 0.00339732 0.00355353 0.00372696 0.00394112 0.00418121 0.00444273 0.00473403 0.00506622 0.00543734 0.00587246 0.00637489 0.00694633 0.00761131 0.00838393 0.00925635 0.010256 0.0113923 0.0126619 0.0140597 0.0156022 0.0172647 0.0190271 0.0208674 0.0227124 0.024539 0.0263138 0.0279721 0.0294373 0.0306416 0.0315355 0.0320339 0.0320996 0.0317096 0.0308046 0.0293769 0.0273931 0.0248615 0.0217978 0.0182246 0.0141646 0.00961466 0.00465505 -0.000692181 -0.00640845 -0.0124616 -0.0188141 -0.0254323 -0.0322858 -0.0392584 -0.0462614 -0.053216 -0.0600182 -0.0665303 -0.0726262 -0.0781935 -0.083069 -0.0871087 -0.0902113 -0.0923007 
0 0.00223528 0.00440753 0.0064313 0.00824522 0.00977731 0.0109917 0.0118285 0.0122649 0.0122838 0.0118584 0.0109872 0.00968298 0.00799031 0.00590399 0.00346424 0.000724027 -0.00226791 -0.00546999 -0.00880055 -0.0121555 -0.0155112 -0.0187964 -0.021923 -0.0247985 -0.0273845 -0.0296222 -0.0314508 -0.0328714 -0.0338594 -0.0344026 -0.0344985 -0.034176 -0.0334706 -0.0324428 -0.031143 -0.029608 -0.0278971 -0.0261066 -0.02426 -0.0223927 -0.0205635 -0.0187953 -0.0171244 -0.0155575 -0.014131 -0.0128234 -0.0116537 -0.0106052 -0.00964614 -0.0088004 -0.00807127 -0.00742637 -0.00685739 -0.00634656 -0.00587936 -0.00546629 -0.00509744 -0.00476568 -0.00444963 -0.00417653 -0.00390928 -0.00365767 -0.00342301 -0.0031895 -0.00296681 -0.00277008 -0.00257071 -0.00238874 -0.00222473 -0.00208897 -0.00200064 -0.00196341 -0.0019908 -0.00211363 -0.00237805 -0.00278879 -0.00337822 -0.00418337 -0.00521796 -0.00649702 -0.00803758 -0.00978639 -0.0117267 -0.0137516 -0.0157272 -0.0174918 -0.0188151 -0.0194551 -0.0192308 -0.0179189 -0.0154391 -0.0117867 -0.00706402 -0.00154123 0.00438857 0.0102799 0.0155912 0.0198742 0.0227301 0.0239035 0.023314 0.0210372 0.0173074 0.0125329 0.00713933 0.00164827 -0.00348845 -0.007917 -0.0113632 -0.0136968 -0.0149465 -0.0151656 -0.0145628 -0.0133495 -0.0117347 -0.00993208 -0.00810125 -0.00633614 -0.00474388 -0.00333152 -0.00213001 -0.00113602 -0.000317917 0.000339978 0.000846692 0.00125404 0.00158078 0.00184401 0.00205461 0.00223101 0.00237682 0.00250831 0.00263811 0.00275096 0.00287568 0.00300112 0.00312174 0.00326327 0.00342309 0.00357983 0.00376109 0.00394123 0.00414983 0.00439346 0.00467536 0.00497894 0.00532074 0.00571538 0.00616147 0.00668123 0.00728999 0.00797964 0.00878362 0.00970316 0.0107174 0.0118761 0.0131792 0.0146337 0.0162066 0.0178951 0.019668 0.0215063 0.0233873 0.0252342 0.0270019 0.0286557 0.0301188 0.0313132 0.0321963 0.0327064 0.0327823 0.0323798 0.0315045 0.0301223 0.0282294 0.025815 0.0228791 0.0194712 0.0156273 0.011376 0.00671475 0.00170475 -0.00364348 -0.00933259 -0.0153314 -0.021601 -0.0281269 -0.0348964 -0.0418019 -0.0487632 -0.055703 -0.0625254 -0.0690876 -0.0752648 -0.0809406 -0.0859257 -0.0900636 -0.0932353 -0.0953683 
0 0.00135184 0.00267154 0.00391305 0.00505714 0.0060715 0.00694277 0.00762013 0.00806949 0.00825865 0.00814715 0.00771981 0.00696993 0.00590399 0.00447963 0.00269868 0.000593997 -0.00180527 -0.00447862 -0.0073609 -0.0103728 -0.0134947 -0.0166582 -0.019767 -0.0227244 -0.0254975 -0.0280149 -0.0301976 -0.0320184 -0.0334348 -0.0344276 -0.0349787 -0.0351086 -0.034829 -0.0341751 -0.0331824 -0.0318826 -0.0303491 -0.0286782 -0.0268944 -0.0250289 -0.0231479 -0.0212913 -0.0195052 -0.0177986 -0.0162121 -0.0147357 -0.0133958 -0.0121862 -0.0110753 -0.0100868 -0.00922043 -0.00844722 -0.00775992 -0.00715246 -0.00661096 -0.00614235 -0.00571905 -0.00532778 -0.00495236 -0.0046242 -0.00431941 -0.00403796 -0.00377566 -0.00351682 -0.00326816 -0.00304233 -0.00282185 -0.0026194 -0.0024462 -0.00230317 -0.00221002 -0.00217427 -0.00221037 -0.00234325 -0.00262853 -0.00307694 -0.00372756 -0.00460621 -0.00572009 -0.00708353 -0.00871453 -0.0105611 -0.0125977 -0.0147094 -0.0167538 -0.0185643 -0.0199081 -0.0205359 -0.0202488 -0.018822 -0.0161683 -0.0122996 -0.00733717 -0.00156668 0.00460632 0.0107212 0.0162383 0.0206861 0.0236577 0.0248878 0.0242881 0.0219344 0.0180742 0.013113 0.00749774 0.00176088 -0.00362483 -0.0082827 -0.0119198 -0.0144006 -0.0157446 -0.0160151 -0.0154188 -0.014172 -0.0124878 -0.0105877 -0.00864138 -0.00675433 -0.00504111 -0.00352037 -0.00222543 -0.00115815 -0.000288298 0.000410804 0.000950081 0.00138416 0.00172813 0.00200805 0.00224088 0.00243871 0.00259432 0.00273411 0.00287096 0.00300466 0.00315189 0.00329537 0.00342883 0.00358007 0.00374974 0.00392947 0.00414093 0.00436213 0.0046169 0.00490404 0.0052272 0.00557417 0.0059742 0.00644679 0.00699129 0.0076168 0.00833843 0.00915311 0.0101041 0.0111871 0.0123732 0.0137019 0.0151707 0.0167833 0.0185004 0.0203026 0.0221498 0.0240192 0.0258796 0.0276569 0.0292944 0.0307507 0.031938 0.0327816 0.0332616 0.033332 0.0329475 0.0320636 0.0306929 0.0288262 0.0264789 0.0236607 0.0203757 0.0166799 0.0126164 0.00821315 0.00347528 -0.00155052 -0.00687033 -0.0125038 -0.0184238 -0.0245818 -0.0309705 -0.037588 -0.0443455 -0.0511763 -0.0580092 -0.0647497 -0.0712489 -0.0773808 -0.0830265 -0.0879937 -0.0921239 -0.0952942 -0.0974275 
0 0.000425131 0.000851449 0.00127922 0.00172542 0.00219581 0.00268985 0.00316884 0.00359407 0.00392654 0.00411307 0.00412266 0.00391559 0.00346424 0.00269868 0.00159207 0.000165131 -0.00159682 -0.00367837 -0.00605774 -0.00866133 -0.011467 -0.0144195 -0.0174025 -0.0203638 -0.0232381 -0.0259692 -0.0284432 -0.0306052 -0.0324247 -0.0338474 -0.0348687 -0.0354621 -0.0356352 -0.0354025 -0.0347871 -0.0338176 -0.032561 -0.0310893 -0.029441 -0.027644 -0.0257752 -0.0239012 -0.0220358 -0.0202252 -0.0184791 -0.0168376 -0.0153301 -0.013954 -0.0126929 -0.0115535 -0.0105375 -0.00962857 -0.00881174 -0.00808596 -0.00745404 -0.00689009 -0.00639769 -0.00593075 -0.00549786 -0.0051191 -0.00477431 -0.00445068 -0.00415144 -0.00385209 -0.00358244 -0.00333724 -0.0030919 -0.00287077 -0.00267364 -0.00251509 -0.00241323 -0.00238374 -0.00244085 -0.00261191 -0.00291227 -0.00340229 -0.00410438 -0.00503766 -0.00621404 -0.00766915 -0.00938771 -0.0113406 -0.0134632 -0.0156546 -0.0177534 -0.0195871 -0.0209267 -0.0215349 -0.0211633 -0.0196242 -0.0168201 -0.0127542 -0.0075756 -0.00160099 0.00478873 0.011095 0.0167713 0.0213527 0.0244275 0.0256965 0.0250943 0.0226887 0.0187147 0.0135942 0.00780775 0.00185885 -0.00373798 -0.00858537 -0.0124019 -0.0150363 -0.0164704 -0.0168104 -0.0162336 -0.0149596 -0.0132108 -0.0112192 -0.00915021 -0.0071476 -0.00531205 -0.00370484 -0.00233065 -0.0011904 -0.000259471 0.000482669 0.00108389 0.00154672 0.00190466 0.00219074 0.00243602 0.00264569 0.00282193 0.00297119 0.00312932 0.00328396 0.00344138 0.00360322 0.00375393 0.00392684 0.0041232 0.00433148 0.00456576 0.00482603 0.00511029 0.0054546 0.00582778 0.0062415 0.00672133 0.00728941 0.00795048 0.00870666 0.00955001 0.0105037 0.0115994 0.0128402 0.0142114 0.015704 0.0173406 0.0190803 0.0209049 0.0227796 0.0246603 0.026516 0.0282933 0.0299114 0.0313267 0.0324919 0.0333262 0.0337663 0.0337814 0.0333794 0.0325009 0.0311398 0.0292888 0.0269563 0.0241902 0.0209981 0.0174266 0.0135022 0.00927798 0.00476347 -2.94173e-05 -0.00505277 -0.0103283 -0.0158786 -0.0216901 -0.0277098 -0.0339302 -0.0403482 -0.0468985 -0.0535211 -0.0601636 -0.0667219 -0.0730473 -0.0790098 -0.0844832 -0.0893048 -0.0933118 -0.0964029 -0.0984825 
0 -0.000516571 -0.000991227 -0.00137623 -0.00162846 -0.00171169 -0.0016237 -0.00138132 -0.001018 -0.000577597 -0.000114934 0.000295193 0.0006012 0.000724027 0.000593997 0.000165131 -0.000586209 -0.00167855 -0.00315808 -0.00498387 -0.00712718 -0.0095476 -0.0121894 -0.014983 -0.0178406 -0.0207427 -0.0235784 -0.0262538 -0.0287004 -0.0308645 -0.0327124 -0.0341737 -0.0352306 -0.0358646 -0.0360869 -0.0359106 -0.0353446 -0.0344297 -0.0332342 -0.0317834 -0.0301329 -0.028358 -0.0265096 -0.0246383 -0.0227468 -0.0208986 -0.0191253 -0.0174646 -0.0159281 -0.014497 -0.0131915 -0.0120261 -0.0109738 -0.0100257 -0.00917706 -0.00841182 -0.00775225 -0.00715414 -0.00661606 -0.00612682 -0.00568795 -0.00529276 -0.00492424 -0.00456694 -0.00423845 -0.00393258 -0.00365974 -0.00340996 -0.00315207 -0.00292341 -0.00274836 -0.00265136 -0.00263381 -0.00269923 -0.00287695 -0.00323637 -0.00376358 -0.00449981 -0.00548502 -0.00673655 -0.00825425 -0.0100597 -0.0120989 -0.0143099 -0.0165652 -0.0187172 -0.0205719 -0.0218929 -0.0224274 -0.0219709 -0.0203126 -0.0173543 -0.013137 -0.00780208 -0.00163229 0.00492237 0.011378 0.0172146 0.0219038 0.0250362 0.0263587 0.0257402 0.0232666 0.0192216 0.0139883 0.00805236 0.00196991 -0.00378962 -0.00882263 -0.0128066 -0.0155867 -0.0171486 -0.01755 -0.0169847 -0.0156864 -0.0138888 -0.0118081 -0.0096397 -0.0075246 -0.00558941 -0.00387588 -0.00242644 -0.00122628 -0.0002279 0.000593031 0.00121402 0.00170343 0.00208659 0.00239149 0.00264108 0.00285422 0.00303767 0.00322194 0.00338695 0.00355744 0.00373746 0.00390684 0.00408493 0.00428505 0.00451295 0.00476783 0.00503613 0.00532024 0.00565828 0.0060462 0.00650569 0.00701148 0.00759151 0.00827156 0.00905398 0.00994148 0.010939 0.0120484 0.0133116 0.0147214 0.0162497 0.0179103 0.01967 0.0215177 0.0233979 0.0252789 0.0271268 0.0288918 0.0305072 0.0318907 0.0329897 0.0337838 0.034207 0.0341927 0.033739 0.0328208 0.0314503 0.0296019 0.0272948 0.0245555 0.0214087 0.0179196 0.0141019 0.0100206 0.00569082 0.00110967 -0.00370129 -0.00871954 -0.013936 -0.019391 -0.0250681 -0.0309293 -0.036967 -0.0431653 -0.049472 -0.0558341 -0.0622019 -0.06848 -0.0745181 -0.0801847 -0.0853626 -0.0899045 -0.0936846 -0.0965984 -0.0985609 
0 -0.00143238 -0.00277517 -0.00394513 -0.00487082 -0.00550888 -0.00583974 -0.0058643 -0.00560259 -0.0050923 -0.00441657 -0.00365705 -0.00291305 -0.00226791 -0.00180527 -0.00159682 -0.00167855 -0.0021348 -0.00298232 -0.00423772 -0.00586072 -0.00782276 -0.0101042 -0.012606 -0.015304 -0.0181044 -0.0209474 -0.0237278 -0.026368 -0.0288353 -0.0310309 -0.0329073 -0.0343971 -0.035497 -0.0362019 -0.0364967 -0.036372 -0.0358651 -0.0350032 -0.0338465 -0.032425 -0.0308043 -0.0290645 -0.0272143 -0.0253347 -0.0234312 -0.0215826 -0.0198047 -0.0181068 -0.0165094 -0.0150359 -0.0137003 -0.0125004 -0.0114027 -0.0104018 -0.00951905 -0.00872714 -0.00804063 -0.00740542 -0.00683905 -0.00632767 -0.0058728 -0.00543964 -0.00503893 -0.00465608 -0.00432136 -0.00401222 -0.003716 -0.00344785 -0.00321623 -0.00303356 -0.00292231 -0.00290196 -0.00298193 -0.00319273 -0.00353682 -0.00411021 -0.00492432 -0.0059738 -0.00727521 -0.00887358 -0.0107311 -0.0128514 -0.0151264 -0.0174485 -0.0196312 -0.0214814 -0.0227675 -0.0232641 -0.0226917 -0.0209132 -0.0178219 -0.0134439 -0.00795494 -0.00167933 0.00501273 0.0115886 0.0175183 0.022296 0.0255039 0.026825 0.0261979 0.0237016 0.0195945 0.0142832 0.00828378 0.00206611 -0.0038405 -0.00901283 -0.0131517 -0.0160798 -0.0177196 -0.0182023 -0.0176715 -0.0163646 -0.0145189 -0.012376 -0.0101162 -0.00791624 -0.00585839 -0.00405793 -0.00250476 -0.00120601 -0.000156458 0.000672951 0.00135606 0.00187168 0.00226963 0.00258391 0.00285931 0.00310001 0.00330245 0.00347304 0.0036554 0.00385066 0.00404346 0.00424313 0.00444004 0.00466955 0.00493349 0.00523189 0.005544 0.0058962 0.00627997 0.00675545 0.00729061 0.00790502 0.00860142 0.00939695 0.0103103 0.0113448 0.0124957 0.0137951 0.015239 0.0168103 0.0184996 0.0202587 0.0221219 0.0240116 0.0259019 0.0277285 0.0294528 0.0310409 0.0324082 0.0334795 0.0342105 0.0345719 0.0345303 0.0340481 0.0330912 0.0316895 0.029812 0.0275068 0.0247799 0.0216787 0.0182499 0.0145058 0.0105217 0.00630941 0.00191507 -0.00269248 -0.00750529 -0.0124925 -0.01766 -0.0230059 -0.0285366 -0.0342204 -0.0400555 -0.0460173 -0.0520531 -0.0581046 -0.064123 -0.0700162 -0.0756534 -0.0809122 -0.0856778 -0.0898424 -0.0932895 -0.0959451 -0.0977219 
