0 0 0 0 0 0 0 0 0 0 0 0 0 0 0 0 0 0 0 0 0 0 0 0 0 0 0 0 0 0 0 0 0 0 0 0 0 0 0 0 0 0 0 0 0 0 0 0 0 0 0 0 0 0 0 0 0 0 0 0 0 0 0 0 0 0 0 0 0 0 0 0 0 0 0 0 0 0 0 0 0 0 0 0 0 0 0 0 0 0 0 0 0 0 0 0 0 0 0 0 0 0 0 0 0 0 0 0 0 0 0 0 0 0 0 0 0 0 0 0 0 0 0 0 0 0 0 0 0 0 0 0 0 0 0 0 0 0 0 0 0 0 0 0 0 0 0 0 0 0 0 0 0 0 0 0 0 0 0 0 0 0 0 0 0 0 0 0 0 0 0 0 0 0 0 0 0 0 0 0 0 0 0 0 0 0 0 0 0 0 0 0 0 0 0 0 0 0 0 0 
0 4.84976e-07 5.92431e-06 3.30594e-06 1.20144e-05 9.16449e-06 1.46033e-05 1.64735e-05 1.81416e-05 2.80728e-05 2.58866e-05 3.56338e-05 3.71187e-05 4.27811e-05 4.35947e-05 4.23605e-05 5.5478e-05 5.61989e-05 5.84654e-05 5.80113e-05 6.96405e-05 8.44615e-05 9.61973e-05 0.000125018 0.000166752 0.000219237 0.00028038 0.00036394 0.000470077 0.00060104 0.000753923 0.000934244 0.00114005 0.00138125 0.00167297 0.00200197 0.00237847 0.00280785 0.00328961 0.00380844 0.0043496 0.0048997 0.00544033 0.00594883 0.00641516 0.00681443 0.00711893 0.00733629 0.00743628 0.00740337 0.00722655 0.00688848 0.0063999 0.00577145 0.00502932 0.00420184 0.00330351 0.0023762 0.00145227 0.00054887 -0.000279198 -0.0010167 -0.00164818 -0.0021429 -0.00251376 -0.00277574 -0.00294764 -0.00307493 -0.0031948 -0.00332599 -0.00348795 -0.00367852 -0.00388663 -0.00409659 -0.00430201 -0.00448012 -0.0046194 -0.00470643 -0.00471645 -0.00464293 -0.00448862 -0.00424419 -0.0039351 -0.00358981 -0.00322083 -0.00285451 -0.00249675 -0.00215478 -0.00185323 -0.00158259 -0.00132637 -0.00111211 -0.000937127 -0.00078229 -0.000650846 -0.000548304 -0.00045868 -0.000384893 -0.000327268 -0.00027868 -0.000227985 -0.000186981 -0.000159248 -0.000139471 -0.000125929 -0.000132613 -0.000146793 -0.00017023 -0.00022146 -0.000292557 -0.000364574 -0.000463232 -0.000589494 -0.000724639 -0.000866192 -0.00100538 -0.00112149 -0.00119783 -0.00119985 -0.00110866 -0.00091765 -0.000608147 -0.000177565 0.000371365 0.00103345 0.00178969 0.00261145 0.0034627 0.00428981 0.00504505 0.00567776 0.00615748 0.00645775 0.00657692 0.00652471 0.00630333 0.00592914 0.0054172 0.00475982 0.0039869 0.00311764 0.00215978 0.00116076 0.000129152 -0.000924398 -0.00196668 -0.00298415 -0.00394752 -0.00481547 -0.0055677 -0.0061778 -0.00663855 -0.00694084 -0.00708251 -0.00708877 -0.0069616 -0.00672669 -0.00640549 -0.00600191 -0.00553123 -0.00502346 -0.00449658 -0.00396858 -0.00345896 -0.00297704 -0.0025373 -0.00214323 -0.00180898 -0.00151966 -0.00126485 -0.00105039 -0.000874134 -0.000723977 -0.00059637 -0.000492301 -0.000407139 -0.000343509 -0.000290191 -0.000256293 -0.000223064 -0.000202717 -0.000196645 -0.00018475 -0.000178481 -0.000166878 -0.000174838 -0.000175979 -0.000169728 -0.000171254 -0.000168653 -0.00017335 -0.000162808 -0.000164877 -0.000170695 -0.000169196 -0.000167886 -0.00016043 -0.000168905 -0.000168508 -0.000169327 
0 5.92431e-06 7.97987e-06 2.03075e-05 2.20469e-05 2.97227e-05 3.46164e-05 3.48747e-05 4.58493e-05 4.56015e-05 5.44399e-05 5.65516e-05 6.5334e-05 7.73302e-05 7.04866e-05 8.37878e-05 9.47475e-05 0.000113062 0.000116875 0.000124009 0.000161004 0.000186868 0.00022524 0.000278804 0.000366511 0.000473053 0.000594028 0.000758063 0.000968174 0.00121747 0.00152334 0.00187987 0.00229123 0.00279432 0.00337428 0.00406124 0.00481438 0.00567807 0.00664021 0.00764977 0.00871701 0.00978066 0.0108328 0.0118251 0.0127357 0.0135103 0.0141147 0.0145168 0.0147068 0.0146191 0.0142439 0.0135759 0.0125964 0.0113671 0.00991405 0.00829174 0.00653081 0.00472395 0.00290091 0.00115585 -0.000459149 -0.00188659 -0.00310071 -0.00407094 -0.00481025 -0.00534088 -0.00571757 -0.00600026 -0.00624737 -0.00653481 -0.00685291 -0.00724476 -0.00768425 -0.00813946 -0.00858158 -0.00899146 -0.00927664 -0.00946187 -0.00948118 -0.00932119 -0.00899341 -0.00852413 -0.00791363 -0.00723731 -0.00649461 -0.00574685 -0.00503415 -0.00436583 -0.00372859 -0.00316692 -0.00268141 -0.00225857 -0.00187983 -0.00157251 -0.00132364 -0.00110943 -0.000930504 -0.000788925 -0.000653483 -0.000540194 -0.000461514 -0.000392706 -0.000325307 -0.000284713 -0.00026017 -0.000254048 -0.000284702 -0.000353643 -0.000437923 -0.000557821 -0.00072996 -0.000945632 -0.00116853 -0.00143137 -0.00172032 -0.00198847 -0.00220059 -0.00234486 -0.00233949 -0.00218378 -0.0018132 -0.00119262 -0.000325189 0.000772682 0.00212613 0.0036261 0.00525303 0.00691954 0.00852824 0.0099884 0.0112409 0.0121705 0.0127709 0.0130051 0.01288 0.0124186 0.011654 0.0106063 0.00930001 0.00777589 0.00605779 0.00419786 0.00223001 0.000211095 -0.00185244 -0.00389424 -0.00588638 -0.00775294 -0.00946115 -0.0109225 -0.0121319 -0.0130592 -0.0136673 -0.0139817 -0.0140097 -0.013775 -0.0133241 -0.0126978 -0.011904 -0.0109995 -0.00999889 -0.00898872 -0.00795944 -0.00696337 -0.006031 -0.00514964 -0.00437683 -0.00369585 -0.00310774 -0.00258698 -0.00214239 -0.00177719 -0.0014711 -0.00120494 -0.000996944 -0.000824808 -0.000689708 -0.000593591 -0.000509367 -0.000454774 -0.000405148 -0.00039198 -0.000377351 -0.000351602 -0.000346396 -0.000345618 -0.000355411 -0.000341288 -0.000338408 -0.000347414 -0.000343469 -0.000337665 -0.000331718 -0.000344287 -0.00034533 -0.000334761 -0.000334354 -0.000337684 -0.000342641 -0.000336137 
0 3.30594e-06 2.03075e-05 1.74895e-05 3.77501e-05 3.47748e-05 5.06102e-05 5.81015e-05 6.29579e-05 8.24208e-05 7.47898e-05 9.4064e-05 9.83416e-05 0.000112639 0.000114267 0.000113022 0.000145829 0.00015678 0.000175889 0.000196547 0.000250864 0.000311054 0.000364414 0.000459141 0.000591967 0.000756456 0.000946925 0.00119836 0.0015129 0.00189969 0.00235865 0.00290819 0.0035493 0.00430785 0.00521426 0.00623346 0.00737765 0.00865611 0.0100608 0.0115471 0.0130805 0.0146259 0.0161415 0.0175689 0.0188738 0.019982 0.0208128 0.0213708 0.0215827 0.02141 0.020833 0.0198218 0.0184046 0.0166141 0.0145113 0.0121656 0.00962083 0.00699554 0.00438891 0.00186853 -0.000426361 -0.00245795 -0.00420022 -0.00559718 -0.00668552 -0.00750316 -0.00809089 -0.00855122 -0.00897613 -0.00942723 -0.00996511 -0.0106062 -0.0113276 -0.0120803 -0.012823 -0.013471 -0.0139639 -0.0142586 -0.0142943 -0.0140653 -0.0135944 -0.0128742 -0.01197 -0.0109538 -0.0098571 -0.00874732 -0.00765301 -0.00660376 -0.00566591 -0.00482869 -0.00405913 -0.00341349 -0.00288051 -0.00241287 -0.00201386 -0.00169229 -0.00141345 -0.00118241 -0.000999 -0.000845826 -0.000698192 -0.000579475 -0.000496747 -0.000436576 -0.000394644 -0.000400858 -0.000431375 -0.000494643 -0.000636707 -0.000843514 -0.00107434 -0.00137838 -0.00174764 -0.00213382 -0.00252561 -0.00289822 -0.0032063 -0.00340937 -0.00341525 -0.00316237 -0.00260849 -0.00168759 -0.00038598 0.00128099 0.0032791 0.00552479 0.00792092 0.0103595 0.0127017 0.0148283 0.0166156 0.0179708 0.0188145 0.0191207 0.0189009 0.0181676 0.0169817 0.0154041 0.013447 0.0111957 0.0086999 0.00597891 0.00313916 0.000205613 -0.00278735 -0.00574647 -0.00862412 -0.0113388 -0.0137918 -0.0159307 -0.0176978 -0.0190689 -0.0200099 -0.0205044 -0.0206006 -0.0203021 -0.0196788 -0.018794 -0.0176702 -0.016359 -0.0149396 -0.0134661 -0.0119815 -0.0105358 -0.00915382 -0.0078705 -0.00670277 -0.00568652 -0.00479013 -0.00399271 -0.00331289 -0.00274868 -0.00227161 -0.00186886 -0.00154271 -0.00127815 -0.0010785 -0.000916268 -0.000804745 -0.000702197 -0.000634481 -0.000607437 -0.000571446 -0.000547824 -0.000515047 -0.000526154 -0.000522235 -0.000502165 -0.00050584 -0.00050768 -0.000524925 -0.000504417 -0.000508724 -0.000521842 -0.000519408 -0.000517355 -0.00050336 -0.000521369 -0.000512246 -0.000503343 
0 1.20144e-05 2.20469e-05 3.77501e-05 4.34647e-05 5.57866e-05 6.7836e-05 7.48262e-05 9.21846e-05 9.62307e-05 0.000107124 0.000114819 0.000131987 0.000154617 0.000152549 0.000173012 0.000196595 0.00022777 0.000246757 0.000278354 0.000358145 0.000430699 0.00052153 0.000649242 0.000840612 0.00107713 0.00135205 0.00170736 0.00215168 0.0026804 0.00332096 0.00407396 0.00495019 0.00599871 0.00720345 0.00858649 0.0100933 0.011772 0.0135997 0.0154984 0.0174653 0.0194178 0.0213305 0.0231254 0.0247502 0.0261036 0.0271116 0.0277226 0.027912 0.0275997 0.0267794 0.0254534 0.0236124 0.0213398 0.018682 0.0157175 0.0125068 0.00920657 0.0059036 0.00275627 -0.000128633 -0.00266937 -0.00483641 -0.00659888 -0.00798986 -0.00905296 -0.00987178 -0.0105461 -0.0111795 -0.0118932 -0.0127017 -0.0136654 -0.0147413 -0.0158578 -0.0169386 -0.0179094 -0.0186179 -0.0190654 -0.0191578 -0.0188798 -0.018259 -0.0173407 -0.0161487 -0.0147985 -0.0133156 -0.0118045 -0.0103402 -0.00895712 -0.00766191 -0.00651542 -0.00551679 -0.00465064 -0.00388883 -0.00325574 -0.00273208 -0.00228641 -0.00191289 -0.00161015 -0.00133702 -0.00110869 -0.000935875 -0.000789271 -0.000657977 -0.000571608 -0.000517684 -0.000502317 -0.000547713 -0.000659821 -0.000818794 -0.00105228 -0.00137925 -0.00179062 -0.00223447 -0.00273435 -0.00326073 -0.00374211 -0.00411767 -0.00435188 -0.00431825 -0.00398365 -0.00323776 -0.00200746 -0.000285498 0.00190083 0.00455028 0.00748106 0.0106092 0.0137698 0.0167847 0.0194948 0.0217794 0.0234572 0.0244842 0.0247976 0.0244058 0.0233582 0.0217352 0.0196075 0.0170421 0.0141231 0.0108987 0.00743802 0.00379897 6.04595e-05 -0.00375007 -0.00751778 -0.0111752 -0.014601 -0.0177266 -0.0204352 -0.022712 -0.0245108 -0.0257687 -0.0264979 -0.0266996 -0.026401 -0.0256764 -0.0245999 -0.0232031 -0.0215796 -0.0197804 -0.0179309 -0.0160379 -0.0141789 -0.0124018 -0.0107056 -0.00917416 -0.00780292 -0.00659337 -0.00551734 -0.00459268 -0.00382514 -0.00317941 -0.00262536 -0.00217958 -0.00181115 -0.00152 -0.00130092 -0.00111839 -0.000983459 -0.000872511 -0.000823225 -0.000780632 -0.000731533 -0.000711596 -0.000706175 -0.00071002 -0.000683099 -0.000676915 -0.000691587 -0.000691544 -0.000680215 -0.000669311 -0.000682467 -0.00068302 -0.000670864 -0.000673137 -0.000682918 -0.000685386 -0.000672596 
0 9.16449e-06 2.97227e-05 3.47748e-05 5.57866e-05 6.06761e-05 7.94552e-05 9.42708e-05 0.000108276 0.00013038 0.000133015 0.000155326 0.000171309 0.000195735 0.000206993 0.000221437 0.000264078 0.000292956 0.000327784 0.000377551 0.000475529 0.000588125 0.000711877 0.000895427 0.0011494 0.00146436 0.00183623 0.00230766 0.00288819 0.00359022 0.00442327 0.00540753 0.00655096 0.00788283 0.00942057 0.0111291 0.0129995 0.0150414 0.0172345 0.0195127 0.0218309 0.0241312 0.0263576 0.0284263 0.0302686 0.0317748 0.0328406 0.0334475 0.0335311 0.0330495 0.0319923 0.0303495 0.0281518 0.0254553 0.022332 0.0188675 0.0151375 0.0113012 0.00749956 0.00385835 0.000539365 -0.00239363 -0.00490844 -0.00696414 -0.00860632 -0.00990169 -0.0109324 -0.0118389 -0.0127552 -0.0137822 -0.0149795 -0.0163626 -0.0178748 -0.0194224 -0.0209139 -0.0222229 -0.0232349 -0.0238826 -0.0240797 -0.0238063 -0.0230892 -0.021947 -0.0204673 -0.0187662 -0.0169178 -0.0150297 -0.0131745 -0.0114064 -0.00979464 -0.00834863 -0.00704945 -0.00593521 -0.00499249 -0.00418114 -0.00349461 -0.00292674 -0.00244528 -0.00204445 -0.0017143 -0.00143558 -0.00118826 -0.000983694 -0.000827672 -0.000712792 -0.000638294 -0.000627368 -0.000669607 -0.000775114 -0.000980596 -0.00127962 -0.00164805 -0.00211891 -0.00267644 -0.00327703 -0.00389015 -0.00445817 -0.00490878 -0.00516692 -0.00510423 -0.00463153 -0.00367064 -0.00213679 -1.21685e-05 0.00267966 0.00588447 0.00946041 0.0132529 0.0170751 0.0207045 0.0239415 0.026602 0.0285288 0.0296252 0.0298561 0.0292484 0.0278559 0.0257864 0.023142 0.0199903 0.0164455 0.0125831 0.00845146 0.00415984 -0.000245618 -0.00471478 -0.00913232 -0.0134165 -0.0174515 -0.0211204 -0.0243435 -0.0270652 -0.0292455 -0.0308314 -0.0317945 -0.03216 -0.0319331 -0.0311935 -0.0300211 -0.0284612 -0.0265969 -0.0245307 -0.0223545 -0.0201257 -0.0179134 -0.0157606 -0.0137108 -0.0118112 -0.0101061 -0.00857738 -0.00721192 -0.00603449 -0.00504484 -0.00420687 -0.00349349 -0.00290412 -0.00241815 -0.00203532 -0.0017304 -0.0014971 -0.00130052 -0.00115619 -0.00107348 -0.00100007 -0.000943667 -0.00089798 -0.000897028 -0.000886557 -0.000857064 -0.00085189 -0.000856055 -0.000867972 -0.000846042 -0.000843294 -0.000853131 -0.000851197 -0.000846605 -0.00083909 -0.000859417 -0.000853716 -0.000843869 
0 1.46033e-05 3.46164e-05 5.06102e-05 6.7836e-05 7.94552e-05 9.60265e-05 0.000112783 0.000131689 0.000149708 0.000162184 0.000180502 0.000202246 0.000228691 0.000245886 0.000276256 0.000325236 0.000375051 0.000428146 0.000506929 0.000638684 0.000792438 0.000974112 0.00122055 0.00155097 0.00195644 0.00243727 0.00303437 0.00376728 0.00464571 0.00569051 0.00691555 0.00833428 0.00997432 0.0118315 0.0138828 0.016095 0.0184773 0.0209991 0.0235853 0.0261876 0.028735 0.0311659 0.0333933 0.035334 0.0368745 0.0379213 0.0384348 0.0383749 0.0376938 0.0363835 0.0344505 0.0319216 0.0288728 0.025385 0.0215495 0.0174611 0.0132792 0.00914083 0.00519644 0.00158608 -0.00160993 -0.00435338 -0.00662094 -0.00845845 -0.00994724 -0.0112048 -0.0123823 -0.0136267 -0.0150539 -0.0167026 -0.0185786 -0.0206064 -0.0226695 -0.0246469 -0.0264002 -0.0277761 -0.0286927 -0.0290497 -0.0288117 -0.0280052 -0.0266834 -0.0249362 -0.0229013 -0.0206806 -0.0184036 -0.0161696 -0.0140407 -0.0120664 -0.0102881 -0.00871069 -0.00734013 -0.00616053 -0.00516153 -0.0043242 -0.00362166 -0.00302961 -0.00253394 -0.00211042 -0.00175362 -0.00145741 -0.00120958 -0.00100486 -0.000851684 -0.000750738 -0.000716506 -0.000760315 -0.000890707 -0.00111371 -0.00143873 -0.00186791 -0.00240355 -0.00301724 -0.00369278 -0.0043914 -0.00503503 -0.00553391 -0.00579455 -0.00567766 -0.00508655 -0.00391376 -0.00207777 0.000433337 0.00358768 0.0073224 0.0114639 0.0158401 0.0202258 0.0243639 0.0280156 0.0309714 0.0330396 0.0341305 0.0342118 0.0333246 0.0315586 0.0290393 0.0258842 0.0221958 0.0180924 0.0136641 0.00899247 0.00416996 -0.000738592 -0.00568725 -0.0105767 -0.0153206 -0.0198018 -0.0239102 -0.0275449 -0.0306551 -0.0331873 -0.0350789 -0.0363062 -0.0368689 -0.0367823 -0.0361164 -0.0349462 -0.0333244 -0.031342 -0.0290989 -0.0267073 -0.0242267 -0.0217332 -0.0192805 -0.0169073 -0.0146833 -0.0126446 -0.0107941 -0.00912816 -0.00767334 -0.00643715 -0.00538514 -0.00448783 -0.00374087 -0.00312246 -0.00262641 -0.00223385 -0.00191995 -0.00166583 -0.00147091 -0.00134519 -0.0012445 -0.00116014 -0.00110608 -0.00108838 -0.00107393 -0.00104314 -0.00103098 -0.0010368 -0.00103969 -0.00102501 -0.00102038 -0.00102995 -0.00102984 -0.00101971 -0.00101521 -0.00102667 -0.00102536 -0.0010159 
0 1.64735e-05 3.48747e-05 5.81015e-05 7.48262e-05 9.42708e-05 0.000112783 0.000133559 0.000156455 0.000174519 0.000196212 0.000214823 0.000242207 0.000269383 0.000293826 0.000336806 0.000394561 0.000466824 0.000546722 0.000664238 0.000836495 0.0010437 0.00129581 0.00162004 0.00204075 0.00255288 0.00316411 0.00391012 0.0048189 0.00590128 0.00718085 0.00866764 0.0103766 0.0123257 0.0144958 0.0168643 0.0193875 0.0220627 0.0248508 0.0276745 0.0304731 0.0331681 0.0356885 0.0379499 0.0398607 0.0413169 0.0422424 0.0425887 0.0423327 0.0414303 0.0398723 0.0376767 0.0348762 0.0315601 0.0278205 0.0237541 0.0194711 0.0151175 0.0108276 0.00675606 0.00302198 -0.000289161 -0.00313871 -0.00552482 -0.00749669 -0.00915309 -0.0106363 -0.0121072 -0.0137206 -0.0155956 -0.0177617 -0.0202062 -0.0228345 -0.0255064 -0.0280652 -0.0303466 -0.0321702 -0.0334207 -0.0339922 -0.033841 -0.0329922 -0.0315231 -0.0295402 -0.0271979 -0.0246302 -0.0219755 -0.0193531 -0.0168461 -0.0145071 -0.0123879 -0.0105095 -0.00886714 -0.00744936 -0.00624879 -0.00523831 -0.00438399 -0.00366722 -0.00306625 -0.00255226 -0.00211496 -0.00175038 -0.00144132 -0.00118419 -0.000989337 -0.000859289 -0.000799165 -0.000828873 -0.000960482 -0.00119432 -0.00154098 -0.00201109 -0.00259202 -0.00325709 -0.00398992 -0.00474027 -0.00542536 -0.00595053 -0.00620053 -0.00602916 -0.00531894 -0.00394703 -0.00183398 0.00103308 0.00461301 0.00881648 0.0134533 0.0183208 0.0231622 0.027695 0.0316485 0.0347891 0.0369105 0.0379197 0.037793 0.0365883 0.0344266 0.0314553 0.0278126 0.0236339 0.0190438 0.0141498 0.00905774 0.00385021 -0.00140167 -0.00665522 -0.0118399 -0.0168746 -0.0216543 -0.0260756 -0.0300289 -0.0334568 -0.0362925 -0.0384699 -0.0399635 -0.0407583 -0.0408773 -0.040376 -0.0393169 -0.0377537 -0.0357703 -0.0334636 -0.0309502 -0.0283015 -0.0255974 -0.0229013 -0.0202586 -0.0177469 -0.0154021 -0.0132431 -0.0112788 -0.00953784 -0.00803499 -0.00674602 -0.00564432 -0.00471972 -0.00395291 -0.00332904 -0.00283169 -0.00242502 -0.00209921 -0.00184526 -0.00166516 -0.00152654 -0.00140818 -0.00133321 -0.00129071 -0.00126311 -0.00122963 -0.0012103 -0.0012138 -0.00120978 -0.00120146 -0.0011983 -0.00120816 -0.00121114 -0.00119975 -0.00119645 -0.00119876 -0.00119853 -0.00118924 
0 1.81416e-05 4.58493e-05 6.29579e-05 9.21846e-05 0.000108276 0.000131689 0.000156455 0.000173551 0.000204403 0.000221957 0.000255478 0.000287082 0.000318508 0.000362783 0.000410293 0.000493202 0.000582423 0.000700952 0.000863674 0.00107545 0.0013497 0.00167556 0.00209544 0.00262156 0.00326176 0.00403281 0.00496168 0.00607599 0.00740179 0.00893865 0.0107072 0.0127158 0.0149538 0.0174251 0.0200598 0.022855 0.0257626 0.0287408 0.0317282 0.034621 0.0373612 0.0398544 0.0420272 0.0437878 0.0450566 0.0457576 0.0458752 0.0453615 0.0442123 0.0424159 0.0399856 0.0369959 0.0335156 0.0296546 0.0255064 0.0211886 0.0168138 0.0125471 0.00849685 0.00480231 0.00152497 -0.00130577 -0.00370454 -0.00573663 -0.0075277 -0.00921715 -0.0109854 -0.012999 -0.0153449 -0.0180892 -0.021171 -0.0244807 -0.0278501 -0.0310867 -0.0339605 -0.0363148 -0.0379583 -0.038803 -0.0388046 -0.0379916 -0.0364262 -0.0342657 -0.0316493 -0.0287592 -0.0257394 -0.0227241 -0.0198187 -0.0171288 -0.0146729 -0.0124684 -0.0105404 -0.00888943 -0.00746238 -0.00624833 -0.00523278 -0.00437561 -0.00364558 -0.00304006 -0.00252155 -0.00206351 -0.00167706 -0.00137025 -0.00112228 -0.000948658 -0.000866169 -0.000868706 -0.000965596 -0.0012004 -0.00156295 -0.00203942 -0.0026387 -0.0033609 -0.00413613 -0.00491312 -0.00561589 -0.00614493 -0.00635901 -0.00613227 -0.00529622 -0.00375308 -0.00141151 0.00175467 0.00570591 0.0102904 0.0153526 0.020614 0.0258034 0.0306171 0.0347647 0.0379733 0.0400754 0.0409321 0.04055 0.0390043 0.0364306 0.03301 0.028918 0.0243061 0.0193194 0.0140857 0.0086928 0.00325002 -0.00220713 -0.00761872 -0.0129462 -0.0181141 -0.0230498 -0.0276334 -0.0317993 -0.035452 -0.0385282 -0.0409731 -0.0427265 -0.0437914 -0.0441746 -0.0439202 -0.0430733 -0.0416871 -0.0398121 -0.0375674 -0.0350245 -0.0323007 -0.0294639 -0.0265779 -0.0237327 -0.020968 -0.0183604 -0.0159185 -0.013672 -0.0116532 -0.00987549 -0.00833269 -0.0070097 -0.00588179 -0.00494346 -0.00417259 -0.00353805 -0.00302865 -0.0026032 -0.00228278 -0.00203583 -0.00184433 -0.00169889 -0.00158344 -0.00152239 -0.00146808 -0.0014305 -0.00140644 -0.00139251 -0.00139062 -0.00137216 -0.00137255 -0.00137407 -0.0013736 -0.00137096 -0.00136142 -0.00136958 -0.00136634 -0.00136597 
0 2.80728e-05 4.56015e-05 8.24208e-05 9.62307e-05 0.00013038 0.000149708 0.000174519 0.000204403 0.000219913 0.000259364 0.000285134 0.000333884 0.000376671 0.000431465 0.00051448 0.000606072 0.000741635 0.000899673 0.00111721 0.00138894 0.00172887 0.00215664 0.00268246 0.00333531 0.00412698 0.00508297 0.00621724 0.00757314 0.00915104 0.0109727 0.013025 0.0153169 0.0178449 0.0205579 0.0234453 0.0264462 0.0295282 0.0326303 0.0356741 0.0385717 0.0412367 0.0435858 0.0455606 0.0470709 0.0480509 0.0484774 0.048284 0.0474909 0.0460748 0.0440423 0.041443 0.0383284 0.0347966 0.030941 0.0268411 0.0226208 0.0183854 0.0142573 0.0103989 0.00687437 0.00376253 0.00107819 -0.00123961 -0.00326714 -0.00512772 -0.00700699 -0.00906759 -0.0114698 -0.0143339 -0.0176797 -0.021448 -0.0255025 -0.0296379 -0.0336018 -0.0371667 -0.0400956 -0.0422126 -0.0434139 -0.0436426 -0.0429155 -0.0413534 -0.03907 -0.0362332 -0.0330404 -0.0296683 -0.0262867 -0.023027 -0.0199467 -0.0171342 -0.0146392 -0.0124234 -0.0104744 -0.00881477 -0.0074054 -0.0061975 -0.00518137 -0.0043253 -0.00357921 -0.00294062 -0.00241402 -0.00196028 -0.00156533 -0.00125608 -0.00103139 -0.000883111 -0.000847895 -0.000939033 -0.00112954 -0.00145152 -0.00194517 -0.00256891 -0.00328501 -0.00408454 -0.00489105 -0.00560753 -0.00612017 -0.00628942 -0.00598221 -0.00506271 -0.00337565 -0.000846464 0.00255075 0.00676875 0.0116716 0.0170364 0.0225961 0.0280283 0.0330141 0.0372434 0.0404551 0.0424416 0.0431081 0.0424463 0.0405393 0.037571 0.0337329 0.029228 0.0242646 0.0189825 0.0135075 0.00797054 0.00240413 -0.00311538 -0.00855265 -0.013891 -0.0190583 -0.0239907 -0.0286231 -0.0328604 -0.0366489 -0.0399101 -0.0425725 -0.0446055 -0.0459519 -0.046649 -0.046707 -0.0461523 -0.0450325 -0.0433939 -0.0413056 -0.0388688 -0.0361686 -0.0332864 -0.0303098 -0.0273029 -0.0243624 -0.0215187 -0.0188306 -0.0163273 -0.0140342 -0.0119828 -0.0101737 -0.00860269 -0.00725022 -0.00611238 -0.00515918 -0.00437906 -0.00372447 -0.00320287 -0.00278745 -0.00246017 -0.00221713 -0.00201377 -0.00188014 -0.00176897 -0.00169924 -0.0016498 -0.00160664 -0.00159291 -0.00156487 -0.00156029 -0.00154511 -0.00154179 -0.00154407 -0.00153396 -0.00154286 -0.00153364 -0.00154313 -0.00154139 
0 2.58866e-05 5.44399e-05 7.47898e-05 0.000107124 0.000133015 0.000162184 0.000196212 0.000221957 0.000259364 0.000289996 0.000338334 0.000390592 0.000444072 0.000529403 0.00062352 0.000759037 0.000924707 0.00114534 0.00143268 0.00177281 0.00221579 0.00275672 0.0034215 0.00422422 0.00518921 0.00635177 0.00771835 0.00931668 0.0111746 0.0132688 0.0156046 0.0181758 0.0209435 0.0238987 0.0269623 0.0301314 0.0333111 0.0364357 0.0394498 0.0422261 0.0447105 0.0468124 0.0484879 0.0496604 0.0502969 0.0503609 0.0498474 0.0487348 0.0470649 0.0448503 0.0421269 0.0389893 0.0354949 0.031736 0.0277917 0.023786 0.0197893 0.01597 0.012411 0.00920452 0.00637947 0.00392684 0.00177265 -0.000175771 -0.00207577 -0.00408912 -0.00641087 -0.00921451 -0.0125739 -0.0165547 -0.021037 -0.0258572 -0.0307835 -0.0355363 -0.0398115 -0.0434189 -0.04609 -0.0477292 -0.0482746 -0.0477401 -0.046201 -0.0438508 -0.0408459 -0.0374304 -0.0337751 -0.0300569 -0.0264243 -0.0230158 -0.0198596 -0.0169987 -0.0144688 -0.0122814 -0.0103684 -0.00871768 -0.00731387 -0.00611318 -0.00507869 -0.00421463 -0.00347005 -0.00280983 -0.00224521 -0.00178514 -0.00139392 -0.00108911 -0.000887177 -0.000781678 -0.000785233 -0.000955395 -0.00127533 -0.00172687 -0.00231335 -0.00304781 -0.00384418 -0.00463878 -0.00534927 -0.00586602 -0.00601937 -0.00568795 -0.0046703 -0.00287327 -0.000212187 0.00334909 0.00776436 0.0128358 0.0184097 0.0241404 0.0297097 0.0347818 0.0390251 0.0421416 0.043987 0.0444144 0.0434611 0.041233 0.0379048 0.0337056 0.0288697 0.0236135 0.0181112 0.012513 0.00690882 0.00137228 -0.00408996 -0.00942366 -0.0146433 -0.0196882 -0.0245241 -0.0290711 -0.0333033 -0.0371294 -0.0404956 -0.0433539 -0.0456209 -0.0472746 -0.0483076 -0.0487207 -0.0485215 -0.047753 -0.0464255 -0.0446254 -0.042385 -0.0398296 -0.0370144 -0.0340172 -0.0309608 -0.027881 -0.024872 -0.0219707 -0.0192311 -0.0166856 -0.0143547 -0.0122697 -0.0104369 -0.00883267 -0.00747221 -0.00632417 -0.00536021 -0.00456971 -0.00391314 -0.00340002 -0.00297276 -0.00264172 -0.00239149 -0.00218958 -0.0020477 -0.00193384 -0.00186953 -0.00181946 -0.00178004 -0.00176405 -0.00174777 -0.00174336 -0.00173141 -0.00172785 -0.00173165 -0.00172599 -0.00172493 -0.00171733 -0.0017164 
0 3.56338e-05 5.65516e-05 9.4064e-05 0.000114819 0.000155326 0.000180502 0.000214823 0.000255478 0.000285134 0.000338334 0.00038315 0.00045281 0.00052701 0.000634428 0.000776697 0.000941877 0.0011703 0.00145518 0.00182267 0.00225673 0.00280562 0.00348948 0.00431078 0.00529135 0.00646344 0.0078649 0.00948393 0.0113574 0.0134809 0.0158548 0.0184502 0.0212595 0.0242545 0.0273736 0.0305897 0.0338392 0.0370366 0.0400972 0.0429557 0.0455141 0.0477075 0.0494649 0.0507641 0.0515379 0.0517644 0.0514604 0.0505818 0.0491764 0.047274 0.0449093 0.0421407 0.0390336 0.0356576 0.0320887 0.0283947 0.0247021 0.0210815 0.0176454 0.0145132 0.0117018 0.00924542 0.00711831 0.00521322 0.00341241 0.00156186 -0.000552916 -0.00311414 -0.00628294 -0.0101524 -0.0147357 -0.0199063 -0.0254836 -0.0312091 -0.0367585 -0.0418342 -0.046159 -0.0494688 -0.05163 -0.0525583 -0.0522554 -0.0508585 -0.0485201 -0.045429 -0.0418364 -0.0379498 -0.0339621 -0.0300377 -0.0262713 -0.0227703 -0.0196067 -0.0167678 -0.014252 -0.0120774 -0.010204 -0.00858112 -0.00718624 -0.00598777 -0.00493699 -0.00403017 -0.00326323 -0.00259487 -0.00200292 -0.00150648 -0.00110229 -0.000793581 -0.000614758 -0.00058119 -0.00067227 -0.000915004 -0.00133757 -0.00190352 -0.00258228 -0.00335589 -0.00415039 -0.00487526 -0.00539831 -0.00555346 -0.00520299 -0.00417929 -0.00232803 0.000413106 0.0040675 0.00857221 0.0137508 0.0193915 0.0251853 0.0307822 0.0358434 0.0400271 0.0430406 0.0447014 0.0449058 0.0436804 0.0411447 0.0375177 0.0330264 0.02793 0.0224792 0.016849 0.011191 0.00563489 0.000187516 -0.0051092 -0.0102412 -0.0152429 -0.0200671 -0.0246913 -0.0290846 -0.0332003 -0.036992 -0.0404057 -0.0433855 -0.045882 -0.0478151 -0.0491973 -0.0499878 -0.0501773 -0.0498034 -0.0488731 -0.0474243 -0.0455055 -0.0431943 -0.0405471 -0.037653 -0.0346026 -0.0314845 -0.0283492 -0.0252876 -0.0223529 -0.0195734 -0.0169907 -0.0146365 -0.0125356 -0.010672 -0.00906659 -0.00768945 -0.00652922 -0.00555345 -0.00475996 -0.00411315 -0.00357062 -0.00315163 -0.00281821 -0.00257215 -0.00236393 -0.00221851 -0.00212577 -0.00204737 -0.00199879 -0.0019558 -0.00195075 -0.0019324 -0.00191587 -0.0019121 -0.00190656 -0.00191427 -0.00189652 -0.00189817 -0.00189396 
0 3.71187e-05 6.5334e-05 9.83416e-05 0.000131987 0.000171309 0.000202246 0.000242207 0.000287082 0.000333884 0.000390592 0.00045281 0.000536298 0.000636741 0.000781916 0.00096167 0.00118199 0.00146905 0.00183701 0.00229944 0.00284206 0.00352465 0.00436682 0.00537098 0.0065577 0.00796449 0.00962876 0.0115287 0.013678 0.0160835 0.0187193 0.0215614 0.024587 0.0277478 0.0309913 0.0342582 0.0374987 0.0405993 0.0434749 0.0460785 0.0483189 0.0501463 0.0515036 0.0523727 0.0527055 0.0525048 0.0517936 0.0505732 0.0488842 0.0467936 0.0443442 0.0415829 0.038582 0.0353945 0.0320851 0.0287284 0.0254386 0.0222636 0.0193138 0.0166576 0.0143133 0.0122878 0.0105383 0.00894409 0.00736387 0.00560768 0.00346095 0.000718038 -0.00278052 -0.00710169 -0.0122604 -0.0181021 -0.0244182 -0.030932 -0.0372941 -0.0431578 -0.0482397 -0.0522263 -0.0549631 -0.0563585 -0.056406 -0.0552146 -0.0529752 -0.0498856 -0.0462115 -0.0421642 -0.0379506 -0.0337547 -0.0297158 -0.0259137 -0.0224193 -0.0192702 -0.0164811 -0.0140244 -0.0118801 -0.0100213 -0.00841143 -0.00701456 -0.00580307 -0.00473693 -0.00378913 -0.00295125 -0.00222471 -0.00159854 -0.00107671 -0.000669218 -0.000382581 -0.000231184 -0.000244529 -0.000424615 -0.000768121 -0.00126876 -0.00192572 -0.00268496 -0.00347481 -0.00420819 -0.00476014 -0.00495661 -0.00464939 -0.00364185 -0.00180935 0.000917559 0.00456757 0.00907137 0.014233 0.0198628 0.0256256 0.0311762 0.0361718 0.0402559 0.0431242 0.0446119 0.0446001 0.0431378 0.0403685 0.0365113 0.0318209 0.0265686 0.0210071 0.0153282 0.00969582 0.00422528 -0.00105242 -0.00612672 -0.0109863 -0.0156882 -0.0202159 -0.0245671 -0.0287246 -0.0326717 -0.0363547 -0.0397398 -0.0427928 -0.0454491 -0.0476495 -0.0493701 -0.050552 -0.0511632 -0.0512245 -0.0507281 -0.0497003 -0.0481582 -0.0461756 -0.0437901 -0.0410789 -0.0381491 -0.03506 -0.0318908 -0.0287309 -0.0256505 -0.0226862 -0.0198747 -0.0172714 -0.0149057 -0.0127749 -0.0109094 -0.00928696 -0.00789668 -0.00672581 -0.00575912 -0.00496591 -0.00429176 -0.00375865 -0.00334373 -0.00301568 -0.00274674 -0.00254426 -0.00241183 -0.00230384 -0.00221964 -0.00216415 -0.0021422 -0.0021218 -0.00209704 -0.0020871 -0.00208681 -0.00208683 -0.00207565 -0.00207395 -0.0020768 
0 4.27811e-05 7.73302e-05 0.000112639 0.000154617 0.000195735 0.000228691 0.000269383 0.000318508 0.000376671 0.000444072 0.00052701 0.000636741 0.000776104 0.000967525 0.00120254 0.00149068 0.00185684 0.00232423 0.00289839 0.0035727 0.00440832 0.00543095 0.00664211 0.00805977 0.0097251 0.0116667 0.0138519 0.0162758 0.018942 0.0218168 0.0248692 0.0280622 0.0313343 0.0346249 0.0378645 0.0409974 0.0439047 0.0465051 0.0487655 0.0506154 0.0520135 0.0529177 0.0533184 0.0531906 0.0525598 0.0514676 0.0499387 0.0480198 0.0457898 0.0432984 0.0405906 0.0377382 0.0347909 0.0318063 0.0288553 0.0260299 0.0233609 0.0209315 0.0187877 0.0169401 0.0153815 0.0140548 0.0128223 0.0115104 0.00990527 0.00777646 0.00490972 0.00115059 -0.00356147 -0.00922887 -0.0156861 -0.0227044 -0.0299793 -0.0371303 -0.0437759 -0.0495996 -0.0542725 -0.0576177 -0.059534 -0.0600096 -0.0591434 -0.0571163 -0.054125 -0.0504393 -0.046299 -0.04193 -0.0375282 -0.0332501 -0.0291936 -0.0254314 -0.0220012 -0.01892 -0.0161782 -0.0137669 -0.0116603 -0.00981731 -0.00819989 -0.00677498 -0.00550906 -0.00437711 -0.00336435 -0.0024661 -0.00167662 -0.00100092 -0.000453485 -3.96057e-05 0.000233416 0.00034111 0.000269305 8.35186e-06 -0.000443088 -0.00107576 -0.00183517 -0.00265126 -0.00342749 -0.00402743 -0.00428456 -0.0040539 -0.00314491 -0.0014263 0.00118431 0.00472222 0.00912123 0.0141918 0.0197327 0.0254033 0.0308507 0.0357271 0.0396771 0.0423989 0.0437286 0.0435528 0.041923 0.0389942 0.0349942 0.030192 0.0248737 0.0192946 0.0136533 0.00811451 0.00278743 -0.00228995 -0.00710821 -0.0116635 -0.0160203 -0.020193 -0.0242055 -0.0280687 -0.0317847 -0.0353072 -0.0386135 -0.0416794 -0.0444457 -0.0468607 -0.048883 -0.0504355 -0.0514661 -0.051976 -0.0519456 -0.051381 -0.0502834 -0.0487063 -0.0466742 -0.0442514 -0.0415349 -0.0385728 -0.0354483 -0.0322607 -0.0290931 -0.0259899 -0.0229931 -0.020168 -0.0175526 -0.0151589 -0.0130227 -0.0111344 -0.00948889 -0.00808911 -0.00692144 -0.0059514 -0.00512678 -0.00446554 -0.0039509 -0.00353414 -0.00319008 -0.00292569 -0.00274447 -0.00259917 -0.00247895 -0.00239831 -0.00235478 -0.00232129 -0.00228591 -0.00226805 -0.00226565 -0.00226105 -0.00225192 -0.00225197 -0.00226121 
0 4.35947e-05 7.04866e-05 0.000114267 0.000152549 0.000206993 0.000245886 0.000293826 0.000362783 0.000431465 0.000529403 0.000634428 0.000781916 0.000967525 0.00120504 0.00151028 0.00186871 0.00233414 0.00291434 0.00361989 0.00445734 0.00547454 0.00671252 0.00816191 0.00983655 0.0117766 0.0139963 0.0164521 0.0191361 0.0220252 0.0251066 0.0283214 0.0316192 0.0349404 0.0381842 0.041315 0.0442376 0.0468613 0.0491111 0.050955 0.0523605 0.0532821 0.0536965 0.0536087 0.0530235 0.0519801 0.05056 0.0487705 0.0466925 0.0443843 0.0419041 0.0393092 0.0366508 0.0339869 0.0313658 0.0288468 0.026498 0.0243598 0.0224594 0.0208632 0.0195424 0.0184827 0.0176059 0.0167537 0.0157217 0.0143004 0.0122288 0.00929931 0.00536353 0.000332251 -0.00576229 -0.0127634 -0.0204198 -0.0283946 -0.0362692 -0.043664 -0.0501952 -0.055558 -0.0595401 -0.0620275 -0.0629845 -0.0625256 -0.0607877 -0.0579921 -0.0543949 -0.0502607 -0.0458204 -0.0412964 -0.0368284 -0.032559 -0.0285731 -0.0249008 -0.0215507 -0.018557 -0.0158888 -0.0135109 -0.0114043 -0.00954576 -0.00787252 -0.00637481 -0.00503972 -0.00383068 -0.00272699 -0.001754 -0.000896802 -0.000159201 0.000429166 0.000842882 0.0010913 0.00113309 0.000942715 0.000528025 -7.96832e-05 -0.00085966 -0.00172439 -0.00257982 -0.00327895 -0.00366615 -0.00357317 -0.00284487 -0.00131107 0.00110343 0.00444096 0.00863892 0.013549 0.0189219 0.0244548 0.0297666 0.0345027 0.0383108 0.0409095 0.0421108 0.0418459 0.0401437 0.0371571 0.0331246 0.0283025 0.0229914 0.0174606 0.0119147 0.00651669 0.00139139 -0.00345545 -0.00798209 -0.0122163 -0.0162127 -0.0200123 -0.023659 -0.0272067 -0.0306511 -0.0339807 -0.037168 -0.0401847 -0.0430059 -0.045561 -0.0478251 -0.0497015 -0.0511276 -0.0520813 -0.0525361 -0.0524572 -0.0518557 -0.0507383 -0.0491313 -0.0470924 -0.0446722 -0.0419423 -0.0389447 -0.0358089 -0.0326189 -0.0294255 -0.0262924 -0.0232786 -0.0204393 -0.0178022 -0.0154023 -0.0132451 -0.0113389 -0.00968563 -0.00829849 -0.00711834 -0.00611718 -0.0053045 -0.00465368 -0.00413494 -0.00368745 -0.00335249 -0.00310873 -0.002916 -0.00276811 -0.00265237 -0.0025981 -0.00254609 -0.00250604 -0.00248455 -0.00247027 -0.00246713 -0.00244316 -0.00244281 -0.00244281 
0 4.23605e-05 8.37878e-05 0.000113022 0.000173012 0.000221437 0.000276256 0.000336806 0.000410293 0.00051448 0.00062352 0.000776697 0.00096167 0.00120254 0.00151028 0.00188168 0.00234496 0.00291558 0.00363311 0.00449197 0.00551465 0.00674824 0.00822712 0.0099388 0.0118927 0.0141135 0.0166008 0.0193235 0.0222264 0.0253234 0.0285509 0.0318715 0.0352104 0.0384726 0.041603 0.0445071 0.0471406 0.0493989 0.0512252 0.0526063 0.0535176 0.0539275 0.053843 0.0532681 0.0522504 0.0508631 0.0491507 0.0471913 0.0450028 0.0426786 0.040275 0.0378359 0.0354241 0.0330805 0.0308328 0.0287518 0.0268809 0.0252468 0.0239055 0.0228471 0.0220771 0.0215326 0.0211102 0.0206398 0.0199158 0.0186806 0.0167117 0.0137727 0.00970511 0.00444287 -0.00199462 -0.00944698 -0.0176311 -0.0261977 -0.0347329 -0.042795 -0.0500211 -0.0560639 -0.060685 -0.0637591 -0.0652565 -0.0652204 -0.0638414 -0.0613272 -0.0579319 -0.0539064 -0.0495 -0.0449209 -0.0403724 -0.0359552 -0.0317624 -0.0278791 -0.0243421 -0.0211058 -0.018178 -0.0155495 -0.0131785 -0.0110295 -0.009113 -0.00737507 -0.0057771 -0.00432254 -0.00301409 -0.00180698 -0.000722869 0.000213542 0.000998347 0.00161299 0.00198223 0.00210706 0.00199669 0.001634 0.00100804 0.000191041 -0.000760105 -0.00173714 -0.00260877 -0.00320948 -0.00336175 -0.00285868 -0.00158587 0.000569738 0.00365201 0.0076028 0.0122648 0.0174331 0.0227684 0.0279212 0.0325265 0.0362253 0.038739 0.0399018 0.0396209 0.0379411 0.0350142 0.0310343 0.0262871 0.0210578 0.015621 0.0102093 0.00500348 8.51962e-05 -0.00448005 -0.00871621 -0.0126297 -0.0162738 -0.0197171 -0.0230126 -0.0262224 -0.0293896 -0.0324893 -0.0355129 -0.0384534 -0.0412486 -0.0438973 -0.0463203 -0.0484546 -0.050229 -0.0515957 -0.0525173 -0.0529461 -0.0528486 -0.0522332 -0.0511061 -0.0494985 -0.047478 -0.0450431 -0.0422845 -0.0392815 -0.036142 -0.0329364 -0.0297129 -0.0265667 -0.0235389 -0.0206874 -0.0180427 -0.0156263 -0.0134482 -0.011541 -0.00989876 -0.00849264 -0.00728993 -0.00629088 -0.00549775 -0.00483285 -0.0042907 -0.00385659 -0.00353856 -0.00329506 -0.00308741 -0.00295168 -0.00284971 -0.00278719 -0.00272991 -0.00269253 -0.0026825 -0.0026569 -0.00264664 -0.00262868 -0.00262916 
0 5.5478e-05 9.47475e-05 0.000145829 0.000196595 0.000264078 0.000325236 0.000394561 0.000493202 0.000606072 0.000759037 0.000941877 0.00118199 0.00149068 0.00186871 0.00234496 0.002918 0.00363492 0.00450991 0.00554851 0.00678961 0.00826106 0.00999819 0.011987 0.0142168 0.0167139 0.0194584 0.0224083 0.0255269 0.0287655 0.0321044 0.0354563 0.038739 0.0418752 0.0447631 0.0473762 0.049621 0.0514443 0.0527999 0.0536676 0.0540591 0.0539566 0.0533792 0.0523644 0.0509833 0.0492998 0.0473996 0.0453032 0.0430841 0.0407979 0.0385104 0.0362838 0.0341459 0.0321295 0.0302702 0.0286157 0.0272012 0.0260908 0.0252636 0.0247526 0.0245028 0.0244469 0.0244678 0.0243853 0.0239587 0.02296 0.0211077 0.0181882 0.014055 0.00860869 0.00192133 -0.00585857 -0.0144588 -0.0235114 -0.0325834 -0.0412684 -0.0491116 -0.0557952 -0.0610379 -0.0646898 -0.0666986 -0.0671655 -0.0662025 -0.0640373 -0.0609076 -0.0570923 -0.0528148 -0.0483054 -0.0437198 -0.0392379 -0.0349615 -0.0309301 -0.027163 -0.0237269 -0.0205877 -0.0177112 -0.0150887 -0.0127008 -0.0104865 -0.00845541 -0.00660337 -0.00488898 -0.00327947 -0.0018152 -0.000489485 0.000690231 0.00167285 0.00241802 0.00294839 0.00320406 0.00314371 0.00277215 0.00212958 0.00122337 0.000133204 -0.00105113 -0.00216424 -0.00304134 -0.0034793 -0.0033215 -0.00236351 -0.000512201 0.00226964 0.00592194 0.0103338 0.0152347 0.0203672 0.025359 0.0298466 0.03349 0.0360135 0.0371995 0.0370074 0.0354415 0.0326394 0.0288232 0.0242298 0.0191588 0.0138893 0.00865526 0.00364115 -0.00103391 -0.00535742 -0.0092963 -0.0129129 -0.016238 -0.0193461 -0.0223059 -0.0251995 -0.0280574 -0.0309104 -0.0337445 -0.0365439 -0.0393014 -0.0419629 -0.0444956 -0.0468173 -0.0488683 -0.0505939 -0.051949 -0.0528509 -0.053272 -0.0531627 -0.0525374 -0.0514266 -0.0498326 -0.047805 -0.0453553 -0.0425921 -0.039602 -0.0364503 -0.0332239 -0.029987 -0.0268213 -0.0237892 -0.0209214 -0.0182574 -0.0158189 -0.0136385 -0.0117421 -0.0100826 -0.00866221 -0.00747015 -0.00649069 -0.00569035 -0.00501014 -0.00447776 -0.00406071 -0.00373234 -0.0034731 -0.00326656 -0.00313457 -0.00302659 -0.00295058 -0.00290068 -0.00286733 -0.00285468 -0.00282967 -0.00282572 -0.00282078 
0 5.61989e-05 0.000113062 0.00015678 0.00022777 0.000292956 0.000375051 0.000466824 0.000582423 0.000741635 0.000924707 0.0011703 0.00146905 0.00185684 0.00233414 0.00291558 0.00363492 0.00450772 0.00556823 0.0068165 0.00830003 0.0100339 0.0120448 0.0143058 0.0168124 0.0195647 0.02253 0.025687 0.0289481 0.0322982 0.0356573 0.0389621 0.0421129 0.0450062 0.0475993 0.0498189 0.0516233 0.0529571 0.0537949 0.0541338 0.0540034 0.0534037 0.0523951 0.0510035 0.0493267 0.0474452 0.0453892 0.043247 0.0410368 0.0388463 0.0367333 0.0347431 0.0328965 0.0312163 0.0297201 0.02848 0.0275167 0.0268774 0.0265692 0.026546 0.0267845 0.0271855 0.0276184 0.0278916 0.0277783 0.0269882 0.0252811 0.0224218 0.0182591 0.01272 0.00587224 -0.00215335 -0.01106 -0.0204832 -0.0300082 -0.0391722 -0.0475446 -0.0547782 -0.0605751 -0.0647807 -0.0673486 -0.0682965 -0.0677872 -0.0660304 -0.0632509 -0.0596975 -0.0556275 -0.0512553 -0.0467812 -0.0423193 -0.0379811 -0.0338561 -0.029999 -0.0263848 -0.0230294 -0.0199379 -0.0170849 -0.0144254 -0.0119747 -0.00967228 -0.00748586 -0.00543828 -0.00355123 -0.00179447 -0.000211605 0.00118213 0.00237159 0.00332705 0.00397149 0.00429108 0.00427421 0.00390334 0.00315713 0.00209545 0.00078497 -0.000648087 -0.0020639 -0.00328621 -0.00409781 -0.00428443 -0.00370405 -0.00221842 0.000217994 0.00355501 0.00767593 0.0123518 0.017289 0.022156 0.0265836 0.0302227 0.0328049 0.0341136 0.0340778 0.0327103 0.0301425 0.0265528 0.0222109 0.0173744 0.0123236 0.00730221 0.00250749 -0.0019679 -0.00603903 -0.00973078 -0.013075 -0.016105 -0.0189193 -0.0215796 -0.0241659 -0.0267379 -0.0293209 -0.0319247 -0.0345657 -0.0372069 -0.0398608 -0.0424327 -0.0448819 -0.047146 -0.0491553 -0.050876 -0.052218 -0.0531174 -0.0535204 -0.0534182 -0.0528134 -0.0517243 -0.0501347 -0.0481009 -0.0456601 -0.0429067 -0.0399136 -0.0367408 -0.0334939 -0.0302364 -0.0270697 -0.024018 -0.0211339 -0.0184489 -0.0160108 -0.0138388 -0.0119194 -0.0102568 -0.00883438 -0.00765959 -0.00667028 -0.00585697 -0.00519011 -0.00466125 -0.00424612 -0.00390095 -0.0036489 -0.00345067 -0.00331509 -0.00320828 -0.00313095 -0.00309132 -0.00305373 -0.00304111 -0.00302145 -0.00301744 
