0 0 0 0 0 0 0 0 0 0 0 0 0 0 0 0 0 0 0 0 0 0 0 0 0 0 0 0 0 0 0 0 0 0 0 0 0 0 0 0 0 0 0 0 0 0 0 0 0 0 0 0 0 0 0 0 0 0 0 0 0 0 0 0 0 0 0 0 0 0 0 0 0 0 0 0 0 0 0 0 0 0 0 0 0 0 0 0 0 0 0 0 0 0 0 0 0 0 0 0 0 0 0 0 0 0 0 0 0 0 0 0 0 0 0 0 0 0 0 0 0 0 0 0 0 0 0 0 0 0 0 0 0 0 0 0 0 0 0 0 0 0 0 0 0 0 0 0 0 0 0 0 0 0 0 0 0 0 0 0 0 0 0 0 0 0 0 0 0 0 0 0 0 0 0 0 0 0 0 0 0 0 0 0 0 0 0 0 0 0 0 0 0 0 0 0 0 0 0 0 
0 1.31884e-05 1.23341e-05 1.66154e-05 1.8808e-05 2.85001e-05 2.43205e-05 2.27114e-05 2.9721e-05 2.58508e-05 2.32075e-05 1.48437e-05 2.43874e-05 2.87586e-05 2.67802e-05 3.32122e-05 3.8158e-05 5.25901e-05 5.75228e-05 7.41629e-05 9.44368e-05 0.000118031 0.000152633 0.00019218 0.000247405 0.000315587 0.00040997 0.000517587 0.000648581 0.000808508 0.00100858 0.00123647 0.00149511 0.00180779 0.00216271 0.00257478 0.00302712 0.00352369 0.00404787 0.00458691 0.00513347 0.00565486 0.00613539 0.00657316 0.00694307 0.00722078 0.00739572 0.00743009 0.00732532 0.00705768 0.00663666 0.00606245 0.00534165 0.00452004 0.00361635 0.00265717 0.00168278 0.000707509 -0.000242318 -0.00111253 -0.00188477 -0.00251674 -0.00299267 -0.00330796 -0.00347591 -0.00351341 -0.00345242 -0.00332888 -0.00318037 -0.00304079 -0.0029448 -0.0029118 -0.00295019 -0.00306239 -0.00322877 -0.00342994 -0.00362979 -0.00380461 -0.00392765 -0.00397962 -0.0039531 -0.0038547 -0.00368487 -0.00346438 -0.00319116 -0.00288221 -0.00256589 -0.00224918 -0.00193075 -0.00163893 -0.00138609 -0.00117474 -0.000992068 -0.000837799 -0.000708529 -0.000589396 -0.000480419 -0.000395557 -0.000320917 -0.000266149 -0.000238456 -0.000219461 -0.000206555 -0.000206079 -0.000203265 -0.000209561 -0.000235109 -0.000282767 -0.000356666 -0.00046215 -0.000596063 -0.000746149 -0.000890728 -0.00104583 -0.00120481 -0.00133935 -0.0014396 -0.00149692 -0.00147446 -0.00135639 -0.00111705 -0.000746785 -0.00024984 0.000357726 0.00106098 0.00182439 0.0026175 0.00340579 0.00415909 0.00483354 0.00540376 0.00584524 0.00614072 0.00629763 0.00632472 0.00623284 0.00603342 0.00572713 0.00530924 0.00477884 0.004129 0.00338028 0.00252499 0.00159159 0.000600404 -0.000437381 -0.0014832 -0.00250516 -0.00349583 -0.0044077 -0.00522101 -0.00591457 -0.00644979 -0.00682893 -0.00704209 -0.00711318 -0.0070459 -0.00685515 -0.00656325 -0.00618595 -0.00573801 -0.00525473 -0.0047389 -0.00420637 -0.00368899 -0.00319654 -0.00274955 -0.00233713 -0.00197603 -0.00165536 -0.00137806 -0.00114512 -0.000947377 -0.00077542 -0.000629989 -0.000520849 -0.00042613 -0.000352159 -0.000291053 -0.000258613 -0.000234718 -0.000213009 -0.000203164 -0.000189941 -0.000189227 -0.000182281 -0.000181963 -0.000178348 -0.00017101 -0.000171506 -0.000162547 -0.000158793 -0.00015341 -0.000156645 -0.000158228 -0.000151831 -0.000155356 -0.000159622 -0.000166737 -0.000165381 
0 1.23341e-05 1.3883e-05 3.68535e-06 2.15568e-05 2.86893e-05 2.82524e-05 3.15617e-05 4.17709e-05 5.8144e-05 4.61703e-05 5.14103e-05 6.662e-05 7.55601e-05 8.04694e-05 7.67587e-05 0.000100655 0.000111839 0.000126103 0.000154655 0.000184957 0.000241312 0.000299265 0.00038973 0.000500699 0.000643125 0.000839461 0.00105914 0.0013252 0.0016535 0.00205246 0.00251528 0.00304182 0.00366152 0.00438867 0.00519585 0.00610632 0.00708664 0.0081171 0.00919161 0.0102547 0.0112862 0.0122216 0.0130673 0.013774 0.0142958 0.0145984 0.0146493 0.0144095 0.013876 0.0130543 0.011923 0.0105329 0.00891962 0.00714861 0.00526415 0.00334609 0.00142414 -0.000417319 -0.00212526 -0.00361244 -0.00483936 -0.00577629 -0.00639505 -0.0067403 -0.00683683 -0.00672678 -0.00650026 -0.00623523 -0.00596794 -0.00581954 -0.00577981 -0.00588132 -0.00612354 -0.00647024 -0.00685904 -0.00728089 -0.00763154 -0.00788478 -0.00800238 -0.00796636 -0.00776029 -0.00741731 -0.00694564 -0.00639017 -0.00578411 -0.00513936 -0.00447997 -0.00387661 -0.00332746 -0.00280829 -0.00236395 -0.00199016 -0.00165943 -0.00138412 -0.00115751 -0.000954579 -0.000796404 -0.000663314 -0.000559845 -0.000482466 -0.000423757 -0.0003876 -0.000378035 -0.000373663 -0.000411596 -0.00047955 -0.000575444 -0.000732252 -0.000935277 -0.00115596 -0.00143624 -0.00175956 -0.00207445 -0.00237621 -0.00265414 -0.00286912 -0.00296939 -0.00291845 -0.00265811 -0.00216923 -0.00143027 -0.000440681 0.000782619 0.00216143 0.0036879 0.00526494 0.0068292 0.00831761 0.00965717 0.0107565 0.0116273 0.0121917 0.0124809 0.012519 0.0123121 0.0118774 0.0112469 0.0103859 0.00931437 0.00804076 0.00655981 0.00490098 0.00307917 0.00113779 -0.000898899 -0.00294907 -0.00497402 -0.00690414 -0.0087022 -0.010291 -0.0116414 -0.0127013 -0.0134421 -0.0138743 -0.014029 -0.0139105 -0.0135515 -0.0130025 -0.012264 -0.0114145 -0.010466 -0.00946546 -0.00842898 -0.00740035 -0.00643907 -0.00553947 -0.00472212 -0.00399891 -0.00335599 -0.0028023 -0.00233853 -0.00193712 -0.00159927 -0.00130411 -0.00108319 -0.000899492 -0.000734804 -0.000621177 -0.000531892 -0.000479637 -0.000426214 -0.000389139 -0.000371702 -0.000349844 -0.000348621 -0.00033917 -0.000335897 -0.000334035 -0.00033229 -0.000338313 -0.000327383 -0.000331162 -0.000338081 -0.000338341 -0.000333111 -0.000325192 -0.000337007 -0.000334335 -0.000327703 
0 1.66154e-05 3.68535e-06 8.213e-06 1.63591e-05 4.09868e-05 3.38314e-05 3.56248e-05 6.42447e-05 7.39801e-05 8.39429e-05 8.0054e-05 0.000111862 0.000126543 0.000122462 0.000136226 0.000150243 0.000183323 0.000195452 0.000237155 0.000294246 0.000369649 0.000479815 0.000615326 0.000798754 0.00102573 0.00132602 0.00166743 0.00207609 0.00257035 0.00318098 0.0038821 0.00468186 0.00563523 0.00671311 0.00793969 0.00927301 0.0107149 0.012224 0.0137682 0.015321 0.0167987 0.0181499 0.0193596 0.0203553 0.0210677 0.021466 0.021467 0.02108 0.0202628 0.0190425 0.0174155 0.0153941 0.0130781 0.0105165 0.00778444 0.00499991 0.00222547 -0.000450121 -0.00288549 -0.00502861 -0.00678827 -0.0081343 -0.00905705 -0.00958872 -0.00976352 -0.00965761 -0.00937091 -0.0090154 -0.00869604 -0.00851983 -0.00853606 -0.0087592 -0.00917929 -0.00973316 -0.010362 -0.0109787 -0.0115194 -0.0119142 -0.0121041 -0.0120533 -0.0117624 -0.0112316 -0.0105202 -0.0096505 -0.00869273 -0.00773191 -0.006794 -0.005876 -0.00502889 -0.0042667 -0.00359674 -0.00299831 -0.00248644 -0.00206969 -0.0017205 -0.00143012 -0.0012147 -0.00102015 -0.000855676 -0.000736153 -0.000631043 -0.000552574 -0.000532697 -0.00054186 -0.000602118 -0.000719555 -0.000884015 -0.00109766 -0.00137588 -0.00172268 -0.00213064 -0.00255882 -0.00303608 -0.00352992 -0.00395141 -0.00424985 -0.00438695 -0.00427235 -0.00386942 -0.00312236 -0.00200875 -0.000534342 0.00126622 0.00334994 0.00561978 0.00797349 0.010296 0.0124861 0.0144209 0.0160283 0.0172539 0.0180543 0.0184464 0.0184487 0.0180838 0.0173838 0.0163695 0.0150486 0.013442 0.0115475 0.00940791 0.00699584 0.00436222 0.00154798 -0.00141104 -0.00440189 -0.00732544 -0.0101386 -0.0127212 -0.01502 -0.0169863 -0.0185299 -0.0196503 -0.0203218 -0.0205947 -0.0204728 -0.019993 -0.0192147 -0.0181831 -0.0169498 -0.0156042 -0.0141613 -0.0126613 -0.0111834 -0.00976023 -0.00844332 -0.00721718 -0.00612795 -0.00515625 -0.00431309 -0.00360167 -0.0029956 -0.00247182 -0.00203029 -0.00169348 -0.0014049 -0.00116998 -0.000971723 -0.000842398 -0.000739488 -0.000649313 -0.000596553 -0.000548263 -0.000534234 -0.000512409 -0.000508109 -0.000501437 -0.000493756 -0.000508841 -0.000504319 -0.00050622 -0.000501295 -0.000512631 -0.000516394 -0.000499566 -0.000502578 -0.000504442 -0.00050694 -0.00048974 
0 1.8808e-05 2.15568e-05 1.63591e-05 4.81784e-05 6.42712e-05 6.1376e-05 6.31707e-05 8.21907e-05 0.000108944 9.95575e-05 0.000108471 0.000133604 0.000149093 0.000157558 0.000163961 0.00020984 0.000245533 0.000284433 0.000350432 0.000432315 0.000558488 0.000703825 0.000904171 0.00115255 0.00146567 0.00187696 0.00234878 0.00291417 0.00360492 0.00443839 0.00540468 0.00650413 0.00777837 0.00923434 0.0108293 0.0125755 0.014426 0.0163472 0.018322 0.020272 0.0221429 0.0238342 0.0253297 0.0265401 0.0273798 0.0277903 0.0277236 0.0271411 0.0260478 0.0244621 0.0223594 0.0198018 0.0168524 0.0136081 0.0101578 0.00664302 0.00314339 -0.000197253 -0.00327269 -0.00595688 -0.00818648 -0.00991983 -0.0111198 -0.011842 -0.0121247 -0.0120418 -0.0117469 -0.0113891 -0.0110692 -0.0109772 -0.0111215 -0.011533 -0.0121894 -0.0130107 -0.0138876 -0.014774 -0.0155173 -0.0160548 -0.0163156 -0.0162581 -0.0158532 -0.0151466 -0.0141745 -0.0130196 -0.0117611 -0.0104503 -0.00913842 -0.00792245 -0.00680742 -0.00576428 -0.00485054 -0.00406313 -0.0033734 -0.00280247 -0.00233839 -0.001944 -0.00163666 -0.00137736 -0.00116357 -0.000990933 -0.000850611 -0.000757211 -0.000724174 -0.000726372 -0.00081044 -0.000957622 -0.00115862 -0.00145419 -0.00182867 -0.00225274 -0.00278254 -0.00339283 -0.0040129 -0.00461531 -0.00515113 -0.00554069 -0.00569266 -0.00553011 -0.004964 -0.00395598 -0.00246983 -0.00050387 0.00190755 0.00464581 0.00765265 0.01075 0.0137926 0.0166402 0.0191468 0.02117 0.0227055 0.0236556 0.0240656 0.023976 0.0234039 0.0223889 0.0209893 0.0191882 0.0170364 0.0145625 0.0117696 0.00868543 0.00532563 0.00174529 -0.00200734 -0.005793 -0.00951774 -0.013066 -0.0163574 -0.0192833 -0.0217964 -0.0238154 -0.0252944 -0.0262355 -0.0266699 -0.0265962 -0.026058 -0.0251324 -0.0238466 -0.0223251 -0.0206188 -0.0187994 -0.0169028 -0.0150029 -0.013186 -0.0114593 -0.00985631 -0.00840719 -0.00710345 -0.00596576 -0.00499689 -0.00415851 -0.00344329 -0.00282972 -0.00235612 -0.00196418 -0.00162436 -0.00136919 -0.00117019 -0.00103335 -0.000911507 -0.000826998 -0.000778162 -0.000734337 -0.000717055 -0.000693162 -0.000678387 -0.00067104 -0.000670681 -0.00067778 -0.000661681 -0.000662372 -0.000670686 -0.000670349 -0.00066211 -0.000655815 -0.000674437 -0.000670263 -0.00065676 
0 2.85001e-05 2.86893e-05 4.09868e-05 6.42712e-05 9.22305e-05 8.57935e-05 8.51825e-05 0.000112583 0.000126892 0.000130352 0.000128268 0.000160378 0.000181774 0.000189758 0.000219041 0.000265545 0.000329234 0.000384388 0.000478648 0.000606642 0.000773997 0.000988406 0.00125234 0.00158684 0.00200217 0.00253268 0.0031525 0.00389378 0.00478729 0.00586506 0.00710354 0.00850746 0.0101249 0.0119255 0.0139023 0.01601 0.0182298 0.0205148 0.0228259 0.0251102 0.0272659 0.0292077 0.0308939 0.0322254 0.0331042 0.0334785 0.0332714 0.0324868 0.0311058 0.0291614 0.0266538 0.0236166 0.0201601 0.0163705 0.0123578 0.00827441 0.00422315 0.000333499 -0.00322881 -0.00636803 -0.00898059 -0.0110198 -0.0124661 -0.0133629 -0.013762 -0.0137716 -0.0135474 -0.0132589 -0.0130606 -0.0131098 -0.0134666 -0.0141443 -0.0151084 -0.0162563 -0.0174756 -0.0186389 -0.0196231 -0.0203222 -0.0206526 -0.0205678 -0.0200682 -0.0191784 -0.017975 -0.0165189 -0.0149133 -0.013264 -0.0116308 -0.0100559 -0.00860403 -0.00729668 -0.00615565 -0.00515917 -0.00430551 -0.00359293 -0.00298841 -0.00247446 -0.0020676 -0.00172003 -0.00144074 -0.00123802 -0.00107912 -0.000967156 -0.000925363 -0.000925599 -0.000999527 -0.00115955 -0.00140677 -0.00175565 -0.00221734 -0.00278245 -0.00344312 -0.00414815 -0.00489291 -0.00562981 -0.0062586 -0.00669378 -0.00685507 -0.00661888 -0.00590344 -0.00462831 -0.00275657 -0.000297932 0.00268697 0.00610043 0.00979506 0.0135907 0.0172964 0.0207354 0.0237204 0.0261209 0.0278643 0.028895 0.0292469 0.0289697 0.0281139 0.0267403 0.0249027 0.0226258 0.0199571 0.0169212 0.0135629 0.00987294 0.00589854 0.00168581 -0.00270809 -0.00714116 -0.0114844 -0.0156502 -0.0195037 -0.0229621 -0.0259593 -0.0283923 -0.0302342 -0.0314553 -0.032089 -0.0321291 -0.0316121 -0.0306085 -0.0291838 -0.0274353 -0.0254765 -0.0233567 -0.0211341 -0.0189032 -0.0167221 -0.014644 -0.0126762 -0.010874 -0.00923694 -0.00779019 -0.00654363 -0.00546613 -0.00453418 -0.00374594 -0.00312233 -0.00260118 -0.00216895 -0.00181698 -0.00156146 -0.00136437 -0.00120238 -0.0010928 -0.00100861 -0.000960536 -0.000917861 -0.000891041 -0.00086674 -0.000848563 -0.000851896 -0.00084115 -0.00082898 -0.000817914 -0.000826365 -0.000828659 -0.000813487 -0.000817783 -0.000830459 -0.000837297 -0.000824968 
0 2.43205e-05 2.82524e-05 3.38314e-05 6.1376e-05 8.57935e-05 8.88581e-05 9.7231e-05 0.00012747 0.000154128 0.000159344 0.000170955 0.00020592 0.000236538 0.000258599 0.000294429 0.000359429 0.000434952 0.000518844 0.000644003 0.000814553 0.00104017 0.00131905 0.00166655 0.00209797 0.00263398 0.00330478 0.00409638 0.00503698 0.00616462 0.0074995 0.00902715 0.0107463 0.0126864 0.0148295 0.0171376 0.0195795 0.0221148 0.0246984 0.0272871 0.0298042 0.0321501 0.0342254 0.0359755 0.0373066 0.0381243 0.0383685 0.0379886 0.0369705 0.0353191 0.0330601 0.0301988 0.026792 0.0229418 0.0187557 0.0143524 0.00987664 0.00543904 0.00118239 -0.00274123 -0.00619985 -0.00909399 -0.0113673 -0.0129999 -0.0140462 -0.0145794 -0.014718 -0.0146411 -0.01453 -0.0145438 -0.0148517 -0.0155099 -0.016531 -0.0178711 -0.0194148 -0.0210168 -0.0225373 -0.0238067 -0.0247 -0.0251256 -0.0250361 -0.0244289 -0.0233561 -0.0218983 -0.0201503 -0.0182213 -0.0162108 -0.0142035 -0.0122917 -0.0105282 -0.00892858 -0.0075293 -0.00632137 -0.00528163 -0.0044048 -0.00366379 -0.00303293 -0.00251892 -0.00209311 -0.00175301 -0.0014958 -0.0013009 -0.00116943 -0.00110735 -0.00109957 -0.00117906 -0.00135507 -0.00163529 -0.00204838 -0.00259042 -0.00324131 -0.00400686 -0.00484372 -0.00569843 -0.00651844 -0.00722025 -0.0077036 -0.00785425 -0.00754032 -0.00664602 -0.00509024 -0.0028301 0.000119035 0.00367687 0.007702 0.0120351 0.0164575 0.0207514 0.024707 0.0281119 0.0307967 0.0326802 0.0336962 0.0338886 0.0333366 0.0321175 0.0303212 0.0280272 0.0252691 0.0221027 0.0185684 0.0146973 0.0105108 0.00604491 0.00134921 -0.00351207 -0.00840781 -0.0132181 -0.0178343 -0.0221392 -0.0260278 -0.0294206 -0.0322205 -0.0343754 -0.0358703 -0.0367217 -0.0369258 -0.0365136 -0.0355472 -0.0340879 -0.0322486 -0.0301308 -0.0278079 -0.0253451 -0.0228349 -0.0203584 -0.0179575 -0.0156668 -0.0135338 -0.0115759 -0.0098266 -0.00829829 -0.00696618 -0.00581103 -0.00482939 -0.00403498 -0.00337369 -0.00281647 -0.00236688 -0.0020197 -0.00175212 -0.00153395 -0.00137206 -0.00125492 -0.00117119 -0.00111375 -0.00107139 -0.00104096 -0.0010241 -0.00102197 -0.00101775 -0.00100361 -0.000999482 -0.00100901 -0.00101121 -0.001 -0.000996311 -0.00100762 -0.001006 -0.00099166 
0 2.27114e-05 3.15617e-05 3.56248e-05 6.31707e-05 8.51825e-05 9.7231e-05 0.000113848 0.000145372 0.000178348 0.000189477 0.000213767 0.000253197 0.000294402 0.000331755 0.000380429 0.000464867 0.000562537 0.000685312 0.000852077 0.00107716 0.00137078 0.00173132 0.00218036 0.00273184 0.00341328 0.00424613 0.00523229 0.00639448 0.00777255 0.00937678 0.0111975 0.0132284 0.0154772 0.0179317 0.0205362 0.0232605 0.0260502 0.0288577 0.0316291 0.0342719 0.0366866 0.038773 0.0404672 0.0416897 0.042358 0.0424103 0.0418158 0.0405525 0.0386416 0.036105 0.0329645 0.029293 0.0251876 0.0207657 0.016145 0.0114518 0.00680173 0.00233981 -0.00178775 -0.00542901 -0.0084868 -0.0109023 -0.0126676 -0.013844 -0.0145237 -0.0148372 -0.0149706 -0.0151127 -0.0154323 -0.0160922 -0.0171535 -0.0186195 -0.0204269 -0.0224432 -0.0244942 -0.0264157 -0.0280151 -0.0291483 -0.0297113 -0.0296508 -0.0289639 -0.0277167 -0.0259984 -0.0239348 -0.0216596 -0.0192901 -0.0169297 -0.0146816 -0.0125962 -0.0106988 -0.00902238 -0.00756764 -0.00631404 -0.00525549 -0.00437088 -0.0036311 -0.00302225 -0.00252094 -0.0021118 -0.00178461 -0.00153147 -0.0013564 -0.00126282 -0.0012517 -0.00134527 -0.0015489 -0.00186859 -0.00232821 -0.00292501 -0.00364363 -0.00448484 -0.00541597 -0.00636982 -0.00728043 -0.00805276 -0.0085625 -0.00867244 -0.00824728 -0.00715412 -0.00530985 -0.00267266 0.000734818 0.00481833 0.00941147 0.0143267 0.0193125 0.0241188 0.0285003 0.0322237 0.0350976 0.0370235 0.0379424 0.0379021 0.0370051 0.0353622 0.0330955 0.0303122 0.0270729 0.0234407 0.0194679 0.0151781 0.0106072 0.00578364 0.000755709 -0.0044069 -0.00959243 -0.0146942 -0.0196 -0.0242106 -0.0284133 -0.0321142 -0.03522 -0.0376603 -0.0394254 -0.0405173 -0.0409376 -0.0407091 -0.039879 -0.0385042 -0.0366923 -0.0345327 -0.0321109 -0.0295 -0.0267919 -0.0240818 -0.0214133 -0.0188406 -0.0164053 -0.0141438 -0.0120945 -0.0102753 -0.00867321 -0.00727555 -0.00608253 -0.00509573 -0.00427393 -0.00357804 -0.00301298 -0.00256133 -0.00220732 -0.00192129 -0.00169823 -0.00153697 -0.0014149 -0.00133482 -0.00127413 -0.00123289 -0.00121106 -0.00120062 -0.00119614 -0.00118142 -0.00118061 -0.00118772 -0.00118706 -0.00117728 -0.00116913 -0.00117745 -0.00117286 -0.00116111 
0 2.9721e-05 4.17709e-05 6.42447e-05 8.21907e-05 0.000112583 0.00012747 0.000145372 0.000177938 0.000196419 0.00022267 0.000244168 0.000290049 0.000341431 0.000390475 0.000472023 0.000573776 0.000720454 0.000895142 0.00112199 0.00142345 0.00179266 0.00225984 0.00282238 0.00351594 0.00436382 0.00537833 0.0065815 0.00799039 0.00963296 0.0115221 0.0136358 0.0159662 0.0185092 0.0212253 0.0240902 0.0270264 0.0299966 0.0329397 0.0357753 0.03843 0.0407809 0.0427585 0.0442874 0.0453077 0.0457502 0.045569 0.0447196 0.0432146 0.0410618 0.0382913 0.0349614 0.0311255 0.026903 0.0223944 0.0177158 0.0129731 0.008293 0.00378975 -0.000361122 -0.00404591 -0.0071516 -0.00962452 -0.0114836 -0.0127742 -0.0135984 -0.0141119 -0.0144892 -0.0149271 -0.0156373 -0.0167308 -0.0183023 -0.0203223 -0.0226961 -0.025263 -0.027846 -0.0302106 -0.0321943 -0.0336168 -0.0343621 -0.034364 -0.0336404 -0.0322373 -0.0302836 -0.0279102 -0.0252779 -0.0225494 -0.0198507 -0.0172428 -0.0148116 -0.0126171 -0.0106552 -0.00892763 -0.00745156 -0.00620437 -0.0051565 -0.00429528 -0.00358516 -0.00299332 -0.00250116 -0.00210449 -0.00178983 -0.00155919 -0.00142918 -0.0014123 -0.00150247 -0.00172295 -0.00208228 -0.0025668 -0.00319489 -0.00398273 -0.00488829 -0.00587236 -0.00690866 -0.00790049 -0.00871614 -0.00921894 -0.00926983 -0.00870739 -0.00741683 -0.00529214 -0.00230187 0.00152235 0.00606739 0.0111858 0.0166125 0.022095 0.0273348 0.0320472 0.035972 0.0389357 0.0407874 0.041528 0.0411961 0.0399073 0.0378149 0.0350656 0.0317768 0.0280671 0.0240019 0.019638 0.0150292 0.0101798 0.00513586 -7.32922e-05 -0.00537694 -0.0106909 -0.0159068 -0.0209525 -0.0257118 -0.0301071 -0.0340263 -0.0373695 -0.040076 -0.0421075 -0.0434627 -0.0441451 -0.0441666 -0.043552 -0.0423743 -0.0406896 -0.0386105 -0.0361952 -0.0335331 -0.030726 -0.0278476 -0.0249868 -0.0221814 -0.0194868 -0.0169517 -0.0146138 -0.0125006 -0.010618 -0.00895311 -0.00752674 -0.00632005 -0.00530708 -0.00446323 -0.00375603 -0.00319934 -0.00274387 -0.00238338 -0.00210064 -0.0018777 -0.00172514 -0.00160182 -0.00152007 -0.0014557 -0.00141166 -0.00139189 -0.00136594 -0.00135518 -0.0013445 -0.0013473 -0.00134662 -0.00133407 -0.00133667 -0.001336 -0.00134093 -0.00133407 
0 2.58508e-05 5.8144e-05 7.39801e-05 0.000108944 0.000126892 0.000154128 0.000178348 0.000196419 0.000230165 0.000249242 0.000294984 0.000338589 0.000401855 0.000484517 0.000582636 0.000735336 0.000918148 0.00116658 0.00146622 0.00184672 0.00232303 0.00289914 0.00360585 0.00445926 0.00549623 0.00672007 0.00816643 0.00983826 0.0117704 0.0139375 0.0163395 0.0189555 0.0217406 0.0246989 0.027741 0.0308389 0.0339023 0.0368738 0.0396804 0.0422116 0.0443928 0.0461504 0.0474144 0.0481474 0.0483036 0.0478191 0.0467111 0.0449471 0.0425914 0.0396616 0.0362152 0.0323447 0.0281174 0.0236511 0.0190552 0.0144143 0.00984789 0.00549453 0.00145279 -0.00212161 -0.00516512 -0.00762624 -0.00951779 -0.0108863 -0.0118499 -0.0125488 -0.013187 -0.0139763 -0.0151108 -0.0167307 -0.0188892 -0.0215418 -0.0245629 -0.0277722 -0.0309349 -0.0338467 -0.0362703 -0.0380296 -0.0390014 -0.0391208 -0.0383768 -0.0368683 -0.034701 -0.0320675 -0.0291303 -0.0260342 -0.0229313 -0.0199735 -0.0172041 -0.0146692 -0.0124025 -0.0104342 -0.00872922 -0.00727233 -0.00605384 -0.00504062 -0.00418028 -0.00348551 -0.00291187 -0.00243029 -0.00205753 -0.00179616 -0.00162088 -0.00157018 -0.00164534 -0.0018512 -0.00220078 -0.002721 -0.0033952 -0.00421136 -0.00516113 -0.00623601 -0.00731759 -0.00831623 -0.00913561 -0.00962392 -0.0095965 -0.00891929 -0.00742776 -0.00505001 -0.00174639 0.00245125 0.00742677 0.0129659 0.0188358 0.0247159 0.0302869 0.0352282 0.0392701 0.0421982 0.0439084 0.0443859 0.0437009 0.0419997 0.0394442 0.0362077 0.0324421 0.0282786 0.0238125 0.0191387 0.0142732 0.009277 0.00413997 -0.00110742 -0.00640353 -0.011691 -0.0168976 -0.0219174 -0.0267075 -0.0311647 -0.0351863 -0.0387072 -0.0416178 -0.0439101 -0.0455394 -0.0465142 -0.0468368 -0.0465206 -0.0456096 -0.0441795 -0.0422724 -0.0399825 -0.0373846 -0.0345568 -0.0316198 -0.0286199 -0.0256558 -0.022751 -0.0199795 -0.0173852 -0.0149924 -0.0128269 -0.0108949 -0.00921126 -0.00775911 -0.00653727 -0.00550018 -0.00465065 -0.00394611 -0.0033833 -0.00293122 -0.00255985 -0.00228491 -0.00206087 -0.0019075 -0.00178012 -0.00168948 -0.00163054 -0.00157972 -0.00155804 -0.00152951 -0.00152315 -0.00151453 -0.00150647 -0.00150784 -0.00150028 -0.00150941 -0.00150551 -0.00150811 
0 2.32075e-05 4.61703e-05 8.39429e-05 9.95575e-05 0.000130352 0.000159344 0.000189477 0.00022267 0.000249242 0.000305696 0.000356006 0.000421538 0.000508138 0.00061614 0.000767947 0.00094402 0.00119095 0.00150105 0.00187989 0.00236182 0.00294452 0.00367044 0.00453826 0.00558785 0.00684794 0.00831222 0.0100235 0.0119822 0.0141879 0.0166317 0.019289 0.0221438 0.0251498 0.0282619 0.0314495 0.0346102 0.0376831 0.0405926 0.0432423 0.0455631 0.0474649 0.0489146 0.0498405 0.050219 0.0500195 0.049218 0.0478031 0.0458158 0.0432921 0.040263 0.0368166 0.0329981 0.0288931 0.0245915 0.0201947 0.0157778 0.0114698 0.00735573 0.00357491 0.000204397 -0.00267035 -0.00500906 -0.00685592 -0.00824483 -0.00929593 -0.0101944 -0.011117 -0.0122758 -0.0139051 -0.0160701 -0.0188581 -0.0221956 -0.0259246 -0.0298333 -0.0336911 -0.0371905 -0.040134 -0.0423019 -0.0435546 -0.0438194 -0.0431361 -0.0415644 -0.0392543 -0.0363777 -0.0331249 -0.0296953 -0.0262622 -0.0229036 -0.0197454 -0.0168971 -0.0143385 -0.0120792 -0.010144 -0.0084802 -0.00705509 -0.0058657 -0.00485709 -0.00401939 -0.00333202 -0.00278225 -0.00235582 -0.00203079 -0.00180868 -0.00172054 -0.00173942 -0.00191098 -0.00226528 -0.00277015 -0.00345299 -0.00433702 -0.00533267 -0.00639744 -0.00750139 -0.00852511 -0.0093315 -0.00976579 -0.00966401 -0.0088585 -0.00721609 -0.00461294 -0.0010278 0.00348915 0.00879611 0.0147096 0.0208978 0.027065 0.0328517 0.0379125 0.0419622 0.0448164 0.0463065 0.0464913 0.0454298 0.0432769 0.0402514 0.0365422 0.0323104 0.0277514 0.0229618 0.0180354 0.0130432 0.0079839 0.00287736 -0.00228462 -0.00745594 -0.0126077 -0.0176639 -0.022569 -0.0272463 -0.0316508 -0.0356785 -0.0392642 -0.042343 -0.0448533 -0.0467582 -0.04805 -0.0487133 -0.048741 -0.0481933 -0.047079 -0.0454696 -0.0434077 -0.0409755 -0.0382564 -0.0353222 -0.0322877 -0.0292118 -0.026154 -0.0231952 -0.0203742 -0.0177322 -0.0153062 -0.0131082 -0.0111698 -0.00945949 -0.00799361 -0.00675734 -0.00570661 -0.00484856 -0.00413427 -0.00356333 -0.00309891 -0.00272399 -0.00244894 -0.00222379 -0.00206416 -0.0019432 -0.00185563 -0.00180014 -0.00175099 -0.00173534 -0.00171386 -0.00169958 -0.00169232 -0.0016853 -0.00169173 -0.00167841 -0.00168142 -0.00167973 
0 1.48437e-05 5.14103e-05 8.0054e-05 0.000108471 0.000128268 0.000170955 0.000213767 0.000244168 0.000294984 0.000356006 0.000437981 0.000515203 0.000628252 0.000787564 0.000977039 0.0012186 0.00152049 0.00192059 0.00239958 0.00299325 0.00372251 0.00460794 0.00567185 0.00693976 0.0084434 0.0101703 0.0121629 0.0144015 0.0168891 0.0195789 0.0224698 0.0255324 0.028684 0.0319119 0.0351265 0.0382706 0.0412402 0.043969 0.0463797 0.0483847 0.0499408 0.051015 0.0515399 0.0515108 0.0509286 0.0497675 0.0480845 0.0458896 0.0432652 0.0402266 0.0368445 0.0331861 0.0292889 0.0252478 0.021159 0.0170802 0.0131187 0.00938004 0.0059268 0.00286978 0.000254418 -0.00188641 -0.00359921 -0.00493315 -0.00604181 -0.00709794 -0.008303 -0.00986821 -0.0119876 -0.0147476 -0.0181919 -0.022237 -0.0267075 -0.0313748 -0.0359483 -0.040142 -0.0436732 -0.0463186 -0.0479302 -0.048438 -0.0478493 -0.0462764 -0.0438523 -0.0408008 -0.0373055 -0.0335536 -0.0297462 -0.0260572 -0.022567 -0.0193652 -0.0164765 -0.0139433 -0.0117356 -0.00982079 -0.00818988 -0.00681859 -0.00563672 -0.00467345 -0.00387402 -0.00320076 -0.00267235 -0.0022799 -0.00198333 -0.00183575 -0.00181903 -0.00195117 -0.00225933 -0.00276072 -0.00344229 -0.0043001 -0.00528979 -0.00640003 -0.00750779 -0.00850172 -0.00927815 -0.0096814 -0.00950843 -0.00861178 -0.00681163 -0.00402384 -0.000218497 0.00455031 0.0101307 0.0162718 0.0226818 0.0290103 0.0348998 0.0399933 0.0440017 0.0467046 0.0479724 0.0478316 0.0463724 0.0437832 0.0402971 0.0361452 0.0315222 0.0266305 0.0215886 0.0165131 0.0114402 0.00642096 0.00142309 -0.00355671 -0.00849648 -0.0133994 -0.018226 -0.022898 -0.0273971 -0.0316556 -0.0355913 -0.0391824 -0.0423377 -0.0450321 -0.0471896 -0.0487998 -0.049829 -0.0502542 -0.0501038 -0.0493975 -0.0481411 -0.0464026 -0.0442395 -0.0417032 -0.0388977 -0.0358917 -0.0327987 -0.0296551 -0.0265633 -0.0235706 -0.0207105 -0.0180425 -0.0155931 -0.0133884 -0.0114079 -0.00968864 -0.0082102 -0.00695972 -0.00590144 -0.00502933 -0.00432001 -0.00373109 -0.00326867 -0.00289409 -0.00261094 -0.00238721 -0.00222862 -0.00211725 -0.00202475 -0.00197168 -0.0019353 -0.00191588 -0.00189044 -0.00187651 -0.00188093 -0.00187305 -0.00186286 -0.00185195 -0.00185459 
0 2.43874e-05 6.662e-05 0.000111862 0.000133604 0.000160378 0.00020592 0.000253197 0.000290049 0.000338589 0.000421538 0.000515203 0.000617047 0.000764083 0.000972099 0.00123028 0.00153585 0.00192919 0.00243344 0.00303895 0.00377868 0.00467509 0.0057603 0.00704669 0.00856105 0.0103276 0.0123277 0.0145926 0.017103 0.0198316 0.0227434 0.0258222 0.0290351 0.0322902 0.0355381 0.0387137 0.0417277 0.044493 0.0469436 0.0490072 0.0506237 0.0517615 0.0524042 0.0524981 0.0520496 0.0510832 0.0496121 0.0476839 0.045349 0.0426684 0.0396635 0.0364123 0.0329637 0.0293555 0.0256664 0.0219711 0.0183148 0.014791 0.0114728 0.00843665 0.00575382 0.00347669 0.00162073 0.00011369 -0.0011139 -0.00222373 -0.00341872 -0.00488183 -0.00681767 -0.00942318 -0.0127551 -0.0168564 -0.0216319 -0.0268763 -0.0323287 -0.0376798 -0.0425832 -0.0467558 -0.0499503 -0.0519967 -0.0528128 -0.0524265 -0.0509254 -0.0484613 -0.0452602 -0.0415422 -0.0375353 -0.0334534 -0.0294321 -0.025599 -0.0220744 -0.0188626 -0.0159981 -0.013501 -0.0113318 -0.00947262 -0.00790751 -0.00656417 -0.00543763 -0.00448849 -0.00368819 -0.00303937 -0.00252444 -0.00213527 -0.00191443 -0.00183341 -0.00191983 -0.00219805 -0.00264486 -0.00327768 -0.00411507 -0.005083 -0.00615214 -0.00725291 -0.00825644 -0.00902615 -0.00938915 -0.0091526 -0.00816231 -0.00626236 -0.00334474 0.000606214 0.00552503 0.0112528 0.0175461 0.0240668 0.0304675 0.0363685 0.0414033 0.0452852 0.0478042 0.0488142 0.0483655 0.0465482 0.0435569 0.0396676 0.0351318 0.0301748 0.0250319 0.0198272 0.0146674 0.00961099 0.00467632 -0.000149273 -0.00488367 -0.00952372 -0.014096 -0.0185856 -0.0229513 -0.0271746 -0.0312174 -0.0350087 -0.0385318 -0.0417318 -0.0445557 -0.0469384 -0.0488498 -0.0502381 -0.0510652 -0.051347 -0.0510689 -0.0502367 -0.0488924 -0.0470851 -0.0448543 -0.0422648 -0.039408 -0.0363719 -0.0332187 -0.0300543 -0.0269279 -0.0238884 -0.0210019 -0.0183131 -0.0158503 -0.0136003 -0.0116133 -0.00989034 -0.00840478 -0.00714087 -0.00608148 -0.0052145 -0.00449823 -0.0039181 -0.00345546 -0.00308196 -0.00279324 -0.00257966 -0.00241918 -0.00229268 -0.00219968 -0.00214897 -0.00210699 -0.00206772 -0.00204854 -0.0020473 -0.00204552 -0.00202552 -0.00202421 -0.00203449 
0 2.87586e-05 7.55601e-05 0.000126543 0.000149093 0.000181774 0.000236538 0.000294402 0.000341431 0.000401855 0.000508138 0.000628252 0.000764083 0.000954878 0.00122232 0.00155384 0.00194295 0.00244086 0.00306945 0.00382351 0.00473055 0.00582107 0.00712848 0.00866028 0.0104377 0.0124737 0.0147488 0.0172793 0.0200419 0.022992 0.026091 0.0293157 0.03262 0.0358993 0.0390837 0.042114 0.0448998 0.0473648 0.049451 0.0510997 0.0522684 0.052942 0.0531176 0.0527602 0.0518939 0.0505688 0.0488244 0.0467109 0.0442875 0.041604 0.0386872 0.0356129 0.0324277 0.0291624 0.0258769 0.0226275 0.0194472 0.016411 0.0135802 0.0110195 0.00877874 0.00689875 0.00537323 0.004118 0.00304451 0.00198152 0.000716054 -0.00094118 -0.00319749 -0.00624261 -0.0101305 -0.0148816 -0.0203798 -0.0263939 -0.0326325 -0.0387621 -0.0444116 -0.0492706 -0.0530709 -0.0556238 -0.0568312 -0.0567127 -0.0553575 -0.052936 -0.0496854 -0.0458352 -0.0416236 -0.0372855 -0.0329773 -0.0288362 -0.0249838 -0.0214485 -0.0182757 -0.015488 -0.0130499 -0.0109462 -0.00915642 -0.0076138 -0.00630553 -0.005189 -0.00423152 -0.00343718 -0.00279147 -0.00228745 -0.00196027 -0.00178746 -0.00179076 -0.00199539 -0.00238171 -0.0029599 -0.00374191 -0.00466996 -0.00571386 -0.00679688 -0.00778291 -0.00853663 -0.00888468 -0.00862708 -0.0075972 -0.00564469 -0.00266793 0.00134139 0.00631512 0.0120903 0.0184168 0.0249516 0.0313368 0.0371781 0.0421008 0.0458128 0.0481069 0.0488534 0.0481087 0.0459784 0.0426668 0.0384625 0.0336345 0.0284322 0.0231073 0.017802 0.0126212 0.00762853 0.00283428 -0.00177376 -0.00621633 -0.0105075 -0.0146949 -0.0187917 -0.0227895 -0.0266872 -0.0304628 -0.0340608 -0.0374697 -0.0406509 -0.0435461 -0.0460961 -0.0482618 -0.0499819 -0.0512051 -0.051924 -0.0521 -0.0517233 -0.0508232 -0.0494372 -0.0475881 -0.0453162 -0.0427039 -0.0398257 -0.0367544 -0.033595 -0.0304042 -0.0272393 -0.0241785 -0.0212814 -0.0185777 -0.0160689 -0.0138132 -0.0118297 -0.0100937 -0.0085962 -0.00732513 -0.00627149 -0.00539866 -0.00468258 -0.00410452 -0.00362849 -0.00325603 -0.00297363 -0.00275443 -0.00258113 -0.00245186 -0.00237966 -0.00232029 -0.00226782 -0.00224112 -0.00223591 -0.00223063 -0.00220415 -0.00220228 -0.00221497 
0 2.67802e-05 8.04694e-05 0.000122462 0.000157558 0.000189758 0.000258599 0.000331755 0.000390475 0.000484517 0.00061614 0.000787564 0.000972099 0.00122232 0.00156595 0.00197369 0.00246904 0.00307824 0.00384841 0.00476857 0.00586107 0.00717354 0.00872332 0.0105239 0.0125789 0.0148889 0.0174363 0.0202211 0.0232051 0.0263449 0.029576 0.0328813 0.0361957 0.0393982 0.0424316 0.0452102 0.0476864 0.0497758 0.0514332 0.0526226 0.053303 0.0534901 0.0531897 0.0523924 0.0511405 0.0495091 0.0475364 0.0452992 0.0428273 0.0401853 0.037407 0.0345525 0.0316829 0.0288026 0.0259515 0.0231705 0.0204863 0.0179504 0.0156435 0.0135821 0.0118258 0.0103821 0.00922377 0.00826785 0.00740409 0.00644071 0.00517286 0.00338212 0.000852683 -0.00257321 -0.00697564 -0.0123304 -0.0185056 -0.0252522 -0.0322602 -0.0391489 -0.0455613 -0.051128 -0.0555701 -0.0586785 -0.0603513 -0.060575 -0.0594657 -0.0571795 -0.0539691 -0.0500719 -0.0457315 -0.0411813 -0.0366342 -0.0322205 -0.0280598 -0.0242255 -0.0207754 -0.0176994 -0.0149853 -0.0126253 -0.0105809 -0.00879522 -0.00727227 -0.00596339 -0.00482722 -0.00387175 -0.00308521 -0.00243754 -0.00196259 -0.0016632 -0.0015461 -0.00163068 -0.00193804 -0.00245743 -0.00317509 -0.0040596 -0.00508583 -0.00614252 -0.00711553 -0.00787082 -0.00823232 -0.00799077 -0.00698835 -0.00505151 -0.0021053 0.00186945 0.00680135 0.0125314 0.0187818 0.025247 0.0315327 0.0372503 0.042021 0.045549 0.0476126 0.04813 0.0471306 0.0447519 0.0412107 0.0367821 0.0317555 0.0264001 0.0209643 0.0156213 0.0104864 0.00560231 0.00100506 -0.00335191 -0.00747854 -0.0114079 -0.0151985 -0.01889 -0.0224844 -0.0260242 -0.0294841 -0.0328401 -0.036094 -0.0391955 -0.0421099 -0.0447645 -0.0471251 -0.0491297 -0.0507225 -0.0518628 -0.0525079 -0.0526043 -0.0521865 -0.0512709 -0.0498569 -0.0479882 -0.0456972 -0.0430732 -0.0401732 -0.0371006 -0.0339241 -0.0306997 -0.0275242 -0.0244677 -0.0215578 -0.0188157 -0.016303 -0.0140462 -0.012049 -0.0102862 -0.00877776 -0.00750449 -0.00643909 -0.00556922 -0.00484367 -0.0042598 -0.00378711 -0.00342869 -0.00314834 -0.00291413 -0.00275435 -0.00264335 -0.0025664 -0.0024922 -0.00244775 -0.00243929 -0.00241708 -0.00239396 -0.00238172 -0.00239629 
0 3.32122e-05 7.67587e-05 0.000136226 0.000163961 0.000219041 0.000294429 0.000380429 0.000472023 0.000582636 0.000767947 0.000977039 0.00123028 0.00155384 0.00197369 0.00249329 0.00309806 0.00385848 0.00478936 0.00590464 0.00722025 0.00877409 0.0105921 0.0126703 0.0150016 0.0175761 0.0203782 0.0233795 0.0265593 0.0298213 0.0331354 0.036439 0.039662 0.0427095 0.0454696 0.0479311 0.0500051 0.0516585 0.0528444 0.0535283 0.053711 0.0534112 0.0526515 0.05146 0.0498829 0.0479928 0.0458746 0.043545 0.0410948 0.0385417 0.0359456 0.0333685 0.0308348 0.0283555 0.0259475 0.0236284 0.0214358 0.019427 0.0176288 0.0161011 0.0148307 0.0138375 0.0130758 0.0124583 0.0118409 0.0110482 0.00981917 0.00794343 0.00520608 0.00143825 -0.00340498 -0.00928912 -0.0160757 -0.0234955 -0.031209 -0.0388513 -0.0459871 -0.0522667 -0.0573749 -0.0610793 -0.0632544 -0.0639234 -0.0631423 -0.0610986 -0.0580074 -0.054135 -0.0497442 -0.045091 -0.0403393 -0.0356992 -0.0313086 -0.0272262 -0.0234792 -0.0201317 -0.0171493 -0.014507 -0.0121875 -0.0101692 -0.0083897 -0.00684682 -0.00551977 -0.00437808 -0.00338745 -0.00257797 -0.00193637 -0.00146663 -0.00119978 -0.00117064 -0.00134628 -0.00176563 -0.0024343 -0.00329842 -0.00427907 -0.00534008 -0.00634205 -0.00713575 -0.00753793 -0.00737057 -0.0064407 -0.00462437 -0.00178847 0.00206743 0.00686687 0.012445 0.0185626 0.0248579 0.0309843 0.0365334 0.0411302 0.0444798 0.046373 0.0467039 0.0455333 0.0429941 0.0392998 0.0347546 0.0296283 0.0242092 0.018751 0.0134395 0.00837979 0.00366443 -0.000731447 -0.0048049 -0.00860449 -0.0121768 -0.0155823 -0.0188698 -0.0220852 -0.0252435 -0.0283699 -0.0314601 -0.0344984 -0.037496 -0.0403623 -0.0430718 -0.0455661 -0.0477931 -0.0497024 -0.0512406 -0.0523228 -0.0529112 -0.0529853 -0.0525592 -0.0516377 -0.0502019 -0.0483267 -0.0460251 -0.0433937 -0.0405022 -0.037413 -0.034211 -0.0309769 -0.0278094 -0.0247348 -0.0217909 -0.0190364 -0.0165248 -0.0142502 -0.0122301 -0.0104601 -0.00894742 -0.00767645 -0.00660777 -0.00573628 -0.00500198 -0.00442486 -0.00396916 -0.00360133 -0.00331351 -0.00308636 -0.00294893 -0.00282935 -0.00273394 -0.00267461 -0.00264149 -0.00262443 -0.00258185 -0.00257469 -0.00257844 
0 3.8158e-05 0.000100655 0.000150243 0.00020984 0.000265545 0.000359429 0.000464867 0.000573776 0.000735336 0.00094402 0.0012186 0.00153585 0.00194295 0.00246904 0.00309806 0.00386236 0.00478689 0.00592022 0.00726605 0.00883208 0.0106598 0.0127543 0.0151096 0.017708 0.0205199 0.0235362 0.0267204 0.0300152 0.0333558 0.0366573 0.0398798 0.0429318 0.0457103 0.0481527 0.0501978 0.0518291 0.0529946 0.0536639 0.0538321 0.0535095 0.0527432 0.051576 0.0500439 0.0482061 0.0461468 0.0439171 0.0415932 0.0392043 0.0368011 0.0344408 0.0321478 0.0299578 0.0278652 0.0258683 0.0240011 0.0222995 0.0207902 0.0195343 0.018509 0.0177389 0.0172046 0.0168461 0.0165845 0.0162563 0.0156362 0.0145002 0.0125895 0.00968899 0.0056801 0.000475257 -0.0058578 -0.0131625 -0.0211746 -0.0295468 -0.0378499 -0.0456916 -0.0526518 -0.0584087 -0.0627264 -0.0654833 -0.0666227 -0.0662482 -0.064518 -0.0616555 -0.0579125 -0.0535554 -0.0488341 -0.0440156 -0.0392498 -0.0346439 -0.0303308 -0.0263715 -0.0227452 -0.0194776 -0.0165725 -0.0139836 -0.0116886 -0.00967402 -0.00789213 -0.00630156 -0.00490595 -0.00370972 -0.00268507 -0.00183824 -0.0012053 -0.00077498 -0.000561281 -0.000630031 -0.000965477 -0.00153427 -0.00235067 -0.00336946 -0.00446198 -0.00551829 -0.00638849 -0.00690482 -0.00687532 -0.00611501 -0.00445433 -0.00182286 0.00181884 0.0064061 0.01178 0.0176646 0.0237646 0.02968 0.0350329 0.0394607 0.0426609 0.0444133 0.0446614 0.0434032 0.0407998 0.0370796 0.0325019 0.0273774 0.0219922 0.0165776 0.0113469 0.00641953 0.00185181 -0.00230917 -0.00611517 -0.0095897 -0.0128038 -0.0158382 -0.0187541 -0.0215948 -0.0244092 -0.0271988 -0.0299977 -0.0328178 -0.0356393 -0.0384353 -0.041136 -0.0437015 -0.046086 -0.0482422 -0.050103 -0.0515954 -0.052636 -0.0532083 -0.0532946 -0.0528703 -0.0519444 -0.0505112 -0.0486282 -0.0463432 -0.0437141 -0.040811 -0.0376932 -0.0344747 -0.031245 -0.0280493 -0.0249448 -0.0219867 -0.0192327 -0.0167135 -0.0144248 -0.0124011 -0.010636 -0.00912467 -0.00785671 -0.00678101 -0.0059019 -0.00517966 -0.00460836 -0.00414836 -0.00376372 -0.00348783 -0.00327552 -0.0031237 -0.00299309 -0.00290364 -0.00286511 -0.00281873 -0.00279076 -0.00276409 -0.00276717 
0 5.25901e-05 0.000111839 0.000183323 0.000245533 0.000329234 0.000434952 0.000562537 0.000720454 0.000918148 0.00119095 0.00152049 0.00192919 0.00244086 0.00307824 0.00385848 0.00478689 0.00591641 0.00726926 0.0088646 0.010703 0.0128062 0.0151758 0.0178015 0.0206443 0.0236718 0.0268699 0.0301721 0.0335396 0.0368542 0.0400745 0.0431156 0.045893 0.0483471 0.050375 0.0519834 0.0531172 0.0537708 0.0539183 0.0535646 0.0527655 0.0515803 0.0500527 0.048252 0.0462286 0.0440493 0.0418096 0.0395261 0.0372781 0.0350631 0.0329475 0.0309492 0.0290781 0.0273437 0.0257502 0.0243105 0.0230695 0.0220608 0.0212837 0.0207656 0.020475 0.0204006 0.0204638 0.0205753 0.0205229 0.0201103 0.0190671 0.0171586 0.0141808 0.00999865 0.00454146 -0.00212557 -0.00985929 -0.0183768 -0.0273019 -0.0362224 -0.0446745 -0.0522674 -0.0586548 -0.0635776 -0.0668903 -0.0685745 -0.0686599 -0.0673192 -0.0647403 -0.0612131 -0.0570085 -0.052379 -0.0475253 -0.0426794 -0.0379652 -0.0334928 -0.0292921 -0.0254418 -0.021945 -0.0187804 -0.0159214 -0.0133807 -0.0110655 -0.00899251 -0.00715244 -0.00550253 -0.00401918 -0.00275705 -0.00167771 -0.000822902 -0.000213962 0.000124679 0.000203738 -2.12796e-05 -0.000546661 -0.00136435 -0.00237328 -0.00353404 -0.00471766 -0.00575379 -0.00644319 -0.00661909 -0.00607144 -0.00468495 -0.00231964 0.00104876 0.00535537 0.010449 0.0160988 0.0219523 0.0276577 0.0328165 0.0370752 0.0401524 0.0418436 0.0420704 0.0408486 0.0383085 0.0346528 0.030159 0.025108 0.019816 0.0145118 0.00941547 0.00463394 0.000261951 -0.00370395 -0.00724898 -0.0104308 -0.0133232 -0.0160077 -0.0185674 -0.0210767 -0.0235527 -0.0260304 -0.0285517 -0.0311108 -0.0337535 -0.0364088 -0.0390592 -0.0416353 -0.0441031 -0.0464289 -0.0485425 -0.0503614 -0.0518258 -0.0528664 -0.0534555 -0.0535659 -0.0531433 -0.0522224 -0.0507883 -0.0489233 -0.0466431 -0.0439991 -0.0410745 -0.0379453 -0.0347313 -0.0314788 -0.0282646 -0.0251435 -0.0221865 -0.0194268 -0.016892 -0.0145985 -0.0125688 -0.0108101 -0.00929568 -0.00801924 -0.00694296 -0.00607035 -0.00535886 -0.00477695 -0.00430882 -0.00393755 -0.00366749 -0.00344985 -0.00328385 -0.00316718 -0.00309141 -0.00304216 -0.00299388 -0.00297116 -0.00296121 
