0 0 0 0 0 0 0 0 0 0 0 0 0 0 0 0 0 0 0 0 0 0 0 0 0 0 0 0 0 0 0 0 0 0 0 0 0 0 0 0 0 0 0 0 0 0 0 0 0 0 0 0 0 0 0 0 0 0 0 0 0 0 0 0 0 0 0 0 0 0 0 0 0 0 0 0 0 0 0 0 0 0 0 0 0 0 0 0 0 0 0 0 0 0 0 0 0 0 0 0 0 0 0 0 0 0 0 0 0 0 0 0 0 0 0 0 0 0 0 0 0 0 0 0 0 0 0 0 0 0 0 0 0 0 0 0 0 0 0 0 0 0 0 0 0 0 0 0 0 0 0 0 0 0 0 0 0 0 0 0 0 0 0 0 0 0 0 0 0 0 0 0 0 0 0 0 0 0 0 0 0 0 0 0 0 0 0 0 0 0 0 0 0 0 0 0 0 0 0 0 
0 7.48705e-06 1.98454e-05 2.99254e-05 5.68587e-05 7.88712e-05 0.000114505 0.000161176 0.000226398 0.000314924 0.000412752 0.000545556 0.000697738 0.000880549 0.00109736 0.00135743 0.00166985 0.00201448 0.00241542 0.002869 0.00336373 0.00388399 0.00441395 0.00494785 0.00544854 0.0059018 0.00630005 0.00661904 0.00684149 0.00694296 0.00690406 0.00671084 0.00635303 0.00583717 0.0051671 0.00437077 0.00349058 0.00253871 0.00154042 0.000526753 -0.000471184 -0.00141955 -0.00228806 -0.00304407 -0.00367484 -0.00416767 -0.00452521 -0.00476095 -0.00488858 -0.00489791 -0.00480116 -0.0046183 -0.00435772 -0.00405946 -0.00373787 -0.00340388 -0.00307381 -0.00275586 -0.00245033 -0.00216784 -0.00190276 -0.00167294 -0.00147223 -0.00130606 -0.00117221 -0.00104445 -0.000930714 -0.000827083 -0.000725036 -0.000636731 -0.000549389 -0.000434739 -0.000300895 -0.000117489 0.000106139 0.000352371 0.000612392 0.000877605 0.00110813 0.00129036 0.00139512 0.0014112 0.00132306 0.00112212 0.000803004 0.000407312 -4.36155e-05 -0.000534793 -0.00102067 -0.00145857 -0.00184437 -0.00214454 -0.00234888 -0.00247855 -0.0025361 -0.00253072 -0.00248951 -0.00242533 -0.00235984 -0.00231135 -0.0022891 -0.00229766 -0.00232521 -0.00236692 -0.00241438 -0.00243891 -0.00243354 -0.00237717 -0.00223174 -0.00200069 -0.00168984 -0.00128838 -0.000833459 -0.000352058 0.00014647 0.000629723 0.00105327 0.00140868 0.00167837 0.00184944 0.00191233 0.00188227 0.00177578 0.00163991 0.00148607 0.00133607 0.00121328 0.00111948 0.00103832 0.000990549 0.000950069 0.000924197 0.000920294 0.000924588 0.000945143 0.000992862 0.00104716 0.00112263 0.00121921 0.00133504 0.00149164 0.00168464 0.00191431 0.00216703 0.00243846 0.00272735 0.00303706 0.00336622 0.00370976 0.00403177 0.00432095 0.00455418 0.00470629 0.00476966 0.00473059 0.00457363 0.00429341 0.00388437 0.00332489 0.00262685 0.00180969 0.000905852 -5.5132e-05 -0.00104729 -0.00203974 -0.00301306 -0.00392629 -0.00474667 -0.0054599 -0.00603076 -0.00643854 -0.00668524 -0.00677785 -0.00673382 -0.00655974 -0.00628265 -0.00592319 -0.00549026 -0.00501597 -0.00450273 -0.00397771 -0.00346688 -0.00298368 -0.00254437 -0.0021377 -0.00179225 -0.00149381 -0.00123083 -0.00100858 -0.00081918 -0.000671139 -0.000534143 -0.000427471 -0.000348918 -0.000285227 -0.000236894 -0.000195014 -0.000179963 -0.000164255 -0.000153299 
0 1.98454e-05 3.56791e-05 7.08544e-05 0.000109887 0.000169833 0.000239725 0.000337173 0.00047803 0.00064165 0.000854325 0.00110793 0.00142617 0.00179559 0.00222912 0.00276546 0.00337979 0.00408814 0.00488299 0.00579004 0.00677139 0.00778748 0.00883491 0.00987134 0.0108546 0.0117377 0.0125085 0.0131191 0.0135337 0.0136994 0.0136006 0.0131921 0.0124798 0.0114714 0.0101551 0.00861944 0.00688579 0.00503274 0.00307329 0.00108539 -0.000855047 -0.0027141 -0.0044077 -0.00589835 -0.00715596 -0.0081476 -0.0088686 -0.00935634 -0.00959844 -0.00963329 -0.00944697 -0.00910822 -0.00863687 -0.00807428 -0.0074725 -0.00682568 -0.00617131 -0.00553964 -0.00493775 -0.00436809 -0.00386291 -0.00339372 -0.00299475 -0.00265464 -0.00237337 -0.00211771 -0.00190289 -0.00169395 -0.00150345 -0.001323 -0.00112394 -0.000883958 -0.000589822 -0.00022172 0.000208383 0.000692398 0.00121508 0.00171603 0.0021821 0.00255839 0.00279651 0.00283045 0.00263751 0.00221729 0.00160732 0.000798076 -0.000122737 -0.00109028 -0.00203513 -0.00292051 -0.00367171 -0.0042741 -0.00470614 -0.00497525 -0.00506557 -0.00505726 -0.00497063 -0.00484319 -0.0047219 -0.0046404 -0.00457604 -0.00458759 -0.00464542 -0.00473295 -0.00482782 -0.00489649 -0.00486495 -0.00473072 -0.0044468 -0.0040035 -0.00337435 -0.0025997 -0.00169168 -0.000701811 0.000305038 0.00124462 0.00211398 0.00282974 0.00335286 0.00366426 0.00378783 0.00373701 0.00355961 0.00328369 0.0029871 0.00269533 0.00243655 0.00222106 0.0020573 0.00194927 0.00188493 0.00185258 0.00184779 0.00186829 0.00190829 0.00199387 0.00210909 0.00227037 0.00246473 0.00271977 0.00301839 0.00340404 0.00385432 0.00435687 0.00490739 0.00550259 0.00611412 0.00677075 0.00741921 0.00802103 0.00856851 0.00899394 0.00929204 0.00940451 0.0093173 0.00899267 0.0084206 0.00758998 0.0064893 0.00510319 0.00350985 0.00173329 -0.000162957 -0.00210752 -0.0040777 -0.00597865 -0.00777432 -0.00937526 -0.0107658 -0.0118877 -0.0126933 -0.0131895 -0.0133921 -0.0133195 -0.0129938 -0.0124646 -0.0117566 -0.0109235 -0.00998338 -0.00898918 -0.00795912 -0.00695248 -0.00601056 -0.00512317 -0.00432698 -0.003621 -0.00302523 -0.00249758 -0.00204272 -0.00167637 -0.00136581 -0.00110532 -0.00088461 -0.000726988 -0.000602273 -0.000493285 -0.000418548 -0.00036996 -0.000340128 -0.000309079 
0 2.99254e-05 7.08544e-05 0.000106625 0.000186029 0.000267092 0.000390802 0.000549528 0.000758041 0.00102738 0.0013343 0.00174267 0.00222085 0.00279096 0.00346112 0.00425823 0.00520286 0.00625009 0.00744873 0.00878435 0.0102188 0.0117083 0.0132181 0.0147295 0.0161479 0.017424 0.0185254 0.01938 0.0199337 0.0201265 0.0199191 0.0192902 0.0182279 0.0167511 0.0148625 0.0126236 0.0101297 0.00742169 0.00457728 0.00169876 -0.00111756 -0.00378862 -0.00624476 -0.00841698 -0.0102694 -0.011755 -0.0128578 -0.0135971 -0.0140047 -0.0140749 -0.013857 -0.0134171 -0.0127774 -0.0120188 -0.011165 -0.010236 -0.00928608 -0.00835856 -0.00747382 -0.00666022 -0.00589955 -0.00521819 -0.00460122 -0.00406929 -0.00363237 -0.00324097 -0.00291245 -0.0026216 -0.00232773 -0.00204157 -0.00172761 -0.0013306 -0.000882287 -0.000325861 0.000318097 0.00101891 0.00176888 0.00254816 0.00325404 0.00382499 0.00416365 0.00421563 0.00393456 0.00330747 0.00234186 0.0011507 -0.000193948 -0.00164106 -0.0030711 -0.00437279 -0.00551908 -0.00642005 -0.00704267 -0.00743385 -0.00760323 -0.00758681 -0.00746109 -0.00727024 -0.0070776 -0.00693518 -0.00686827 -0.00689245 -0.00697696 -0.00710354 -0.00724211 -0.00731313 -0.00728548 -0.00710214 -0.00666755 -0.00598587 -0.00506703 -0.00388809 -0.00253696 -0.00108651 0.000421024 0.00188087 0.00316461 0.00422398 0.00500581 0.00548541 0.00565909 0.00557956 0.00530225 0.00493714 0.00451017 0.00406815 0.00367208 0.0033435 0.0030711 0.00291754 0.00282528 0.00279446 0.00281993 0.00285418 0.0029169 0.00304818 0.00321856 0.00346964 0.00379491 0.00417734 0.00465412 0.00521948 0.00588376 0.00662846 0.00744607 0.00832158 0.0092363 0.0101679 0.0110895 0.0119237 0.0126598 0.0132513 0.0136341 0.0137674 0.0135941 0.013065 0.0121741 0.0109248 0.00928362 0.00728087 0.0049627 0.00239576 -0.000348862 -0.0031944 -0.00604544 -0.00882474 -0.0114166 -0.0137356 -0.015751 -0.0173822 -0.0185776 -0.019337 -0.0196723 -0.0196164 -0.0191835 -0.0184404 -0.0174443 -0.0162333 -0.0148943 -0.0134473 -0.0119601 -0.0105001 -0.00910278 -0.00780711 -0.00659817 -0.00555011 -0.00463816 -0.00383495 -0.00315426 -0.00257999 -0.00212488 -0.00171411 -0.00138782 -0.00114115 -0.000940474 -0.000783603 -0.000651672 -0.000586603 -0.000522766 -0.000476769 
0 5.68587e-05 0.000109887 0.000186029 0.000281036 0.00041725 0.00058659 0.000809957 0.00110727 0.001458 0.00190044 0.00244146 0.00311051 0.00389292 0.00480678 0.00590618 0.00716179 0.00858126 0.0101532 0.0118957 0.0137447 0.0156378 0.0175655 0.0194675 0.0212612 0.0228602 0.0242217 0.0252571 0.025897 0.0260617 0.0257324 0.0248617 0.023467 0.0215635 0.0191352 0.0162985 0.0131008 0.0096638 0.00604524 0.00239196 -0.0011612 -0.00455195 -0.00766972 -0.0104594 -0.0128693 -0.0148309 -0.0163132 -0.0173531 -0.0179402 -0.0181327 -0.0179377 -0.0174623 -0.0167396 -0.0158277 -0.0147918 -0.0136348 -0.0124292 -0.0112442 -0.0101103 -0.00903855 -0.00806434 -0.00714971 -0.00633527 -0.00561853 -0.00500857 -0.00446331 -0.00400268 -0.00357123 -0.00316802 -0.00277235 -0.00233402 -0.00181388 -0.00119699 -0.000451775 0.000405418 0.00135967 0.00238452 0.00338715 0.00431544 0.0050616 0.00552012 0.0055748 0.00518017 0.00433651 0.00310456 0.00150834 -0.000304311 -0.00221399 -0.00408709 -0.00583387 -0.00733006 -0.00852647 -0.00938219 -0.00991101 -0.0101047 -0.0100885 -0.009919 -0.00967052 -0.00943046 -0.00926145 -0.00914696 -0.00916791 -0.00928111 -0.00945246 -0.00963494 -0.00975582 -0.00969462 -0.00942161 -0.00885166 -0.007963 -0.0067221 -0.00518373 -0.0033882 -0.00143186 0.000568524 0.00246009 0.00418982 0.00561678 0.00666224 0.0072903 0.00753809 0.00744722 0.00710804 0.00659158 0.00601931 0.0054451 0.00492443 0.00448583 0.0041515 0.00394091 0.00383144 0.00379741 0.00381995 0.00388214 0.00398098 0.00416519 0.00442286 0.00478373 0.0052277 0.00577542 0.00640284 0.0071631 0.00803262 0.00900045 0.0100605 0.0111959 0.0123513 0.0135368 0.0146643 0.0156705 0.0165477 0.0172089 0.0176298 0.0177112 0.0174038 0.0166416 0.0154188 0.0137416 0.0116093 0.00901828 0.00607299 0.00280911 -0.000681433 -0.00428273 -0.00792366 -0.0114398 -0.014741 -0.0176918 -0.0202659 -0.0223786 -0.0239547 -0.0249941 -0.0255063 -0.0255078 -0.0250244 -0.024131 -0.0228842 -0.0213792 -0.0196745 -0.0178554 -0.0159646 -0.0140941 -0.0123056 -0.0105983 -0.00902812 -0.00761744 -0.00639566 -0.00530917 -0.00436879 -0.00359595 -0.00294674 -0.00239804 -0.00193769 -0.00159186 -0.00131575 -0.00108296 -0.000916549 -0.000806826 -0.000729223 -0.00066365 
0 7.88712e-05 0.000169833 0.000267092 0.00041725 0.000593297 0.000830593 0.00113248 0.00151654 0.00199382 0.00256042 0.00327906 0.00413618 0.00514958 0.00633314 0.00771988 0.00931416 0.0110692 0.01301 0.0151155 0.0173272 0.0195846 0.0218518 0.0240849 0.026164 0.0279993 0.0295281 0.0306524 0.0312925 0.0313789 0.0308747 0.0297639 0.0280475 0.0257487 0.0228746 0.0195082 0.0157607 0.0117151 0.00748138 0.00320915 -0.00096462 -0.00494203 -0.00863152 -0.0119531 -0.0148456 -0.0172374 -0.0190952 -0.0204364 -0.0212881 -0.0216541 -0.0215822 -0.0211522 -0.0204027 -0.0194232 -0.0182628 -0.0169547 -0.0155766 -0.0141947 -0.0128456 -0.0115631 -0.010349 -0.00922879 -0.00820705 -0.00730609 -0.00653016 -0.0058262 -0.00520421 -0.00463616 -0.00408766 -0.00356017 -0.00299973 -0.00233342 -0.00155882 -0.000615453 0.000478416 0.00167745 0.00294549 0.00421702 0.00536071 0.00626454 0.00679587 0.00685587 0.00637566 0.00533828 0.00377371 0.00181104 -0.00041838 -0.0027968 -0.00514388 -0.00729707 -0.00916948 -0.0106485 -0.0116885 -0.0123341 -0.0126104 -0.012593 -0.0123893 -0.0120835 -0.0117763 -0.0115473 -0.0114334 -0.0114636 -0.0116001 -0.0118053 -0.0120225 -0.0121419 -0.0120843 -0.0117599 -0.0110454 -0.00992082 -0.00838715 -0.00644918 -0.00421866 -0.00181407 0.000661901 0.00304676 0.00517762 0.00694829 0.00826806 0.00909111 0.0094168 0.00930954 0.0088704 0.00824896 0.00753587 0.00681848 0.00618254 0.00565994 0.00525029 0.00500079 0.0048593 0.00481703 0.00486597 0.00496265 0.00512617 0.00539604 0.00574837 0.00621925 0.00680232 0.00748814 0.0083066 0.00926049 0.0103449 0.0115308 0.0127994 0.0141275 0.015481 0.0168302 0.0181132 0.0192334 0.0201611 0.0208327 0.0211766 0.0211297 0.0206182 0.0195829 0.0180219 0.0159486 0.0133496 0.0102619 0.00675789 0.00291212 -0.00118366 -0.0054222 -0.00967821 -0.0138194 -0.0176929 -0.0211818 -0.0242392 -0.0267696 -0.0287016 -0.0300202 -0.030729 -0.0308441 -0.0303808 -0.0294139 -0.0280237 -0.0262916 -0.0243306 -0.0221988 -0.0199786 -0.0177608 -0.0156 -0.0135399 -0.0115965 -0.00985333 -0.00830556 -0.00692528 -0.0057312 -0.00472086 -0.00389235 -0.00317154 -0.00258399 -0.00212496 -0.00175353 -0.00145477 -0.00121846 -0.00107593 -0.000958801 -0.00087703 
0 0.000114505 0.000239725 0.000390802 0.00058659 0.000830593 0.00113814 0.00152974 0.00202508 0.00262716 0.00335851 0.00425318 0.00532783 0.00658706 0.00804919 0.00974685 0.0116585 0.013755 0.0160275 0.0184611 0.0209879 0.0235382 0.0260768 0.0285355 0.0307974 0.0327564 0.0343399 0.0354529 0.0360148 0.0359571 0.0352552 0.0338872 0.0318685 0.0292225 0.0259657 0.0222036 0.0180324 0.0135624 0.00889042 0.00416727 -0.000463786 -0.00490739 -0.00905345 -0.0128166 -0.0161236 -0.0189 -0.0211136 -0.0227874 -0.0239258 -0.0245451 -0.0246636 -0.0243605 -0.0236883 -0.0227281 -0.0215503 -0.0201889 -0.0187165 -0.0172024 -0.0156877 -0.0142045 -0.0127908 -0.0114611 -0.0102499 -0.00917112 -0.0082196 -0.00734959 -0.00656264 -0.00582588 -0.00512744 -0.00445097 -0.00373524 -0.00291201 -0.00194637 -0.000794863 0.000527332 0.00197872 0.00350228 0.00499483 0.00634255 0.00740625 0.00803659 0.00809623 0.00750997 0.00626649 0.00442103 0.00207337 -0.000600038 -0.00342419 -0.00620127 -0.00876578 -0.010976 -0.0127341 -0.0139903 -0.0147639 -0.0150843 -0.0150702 -0.0148307 -0.0144754 -0.0141224 -0.0138585 -0.0137127 -0.0137372 -0.0138967 -0.0141393 -0.0143915 -0.0145396 -0.0144543 -0.0140446 -0.0131966 -0.0118647 -0.0100292 -0.00773279 -0.00507026 -0.00218264 0.000770141 0.00359475 0.00614568 0.00826814 0.00985032 0.0108381 0.0112507 0.0111537 0.0106654 0.00992473 0.00907759 0.00823136 0.00747458 0.00685063 0.00637929 0.00608153 0.00592741 0.00589533 0.00597042 0.00612948 0.00637735 0.00674504 0.00721795 0.00781474 0.00852989 0.00937485 0.0103601 0.0115101 0.0127969 0.0141817 0.0156317 0.0171153 0.0185914 0.0200413 0.0213819 0.0225228 0.0234174 0.0239865 0.0241769 0.0239157 0.0231471 0.021819 0.0199287 0.0174846 0.0144843 0.010955 0.00699274 0.00267427 -0.00189507 -0.00659617 -0.0113192 -0.0159089 -0.0202279 -0.0241444 -0.0275983 -0.0304925 -0.032744 -0.0343333 -0.0352599 -0.0355295 -0.035159 -0.0342134 -0.0327692 -0.0309278 -0.0287896 -0.0264433 -0.0239669 -0.021462 -0.0189978 -0.0166076 -0.0143431 -0.0122665 -0.0104026 -0.00872747 -0.00725948 -0.00601602 -0.00497162 -0.00408204 -0.00334406 -0.00275922 -0.00228635 -0.00189697 -0.00159645 -0.00138946 -0.00123482 -0.00112414 
0 0.000161176 0.000337173 0.000549528 0.000809957 0.00113248 0.00152974 0.00202857 0.00264982 0.00340284 0.00431609 0.0054151 0.00672456 0.00824678 0.00999841 0.0119976 0.014214 0.0166188 0.0191879 0.0218983 0.0246786 0.0274528 0.0301717 0.0327527 0.0350821 0.0370505 0.0385806 0.039589 0.0399988 0.0397517 0.0388242 0.0372028 0.0349069 0.0319654 0.0284181 0.0243713 0.0199243 0.015183 0.0102399 0.00523116 0.000294796 -0.00446598 -0.00893847 -0.0130326 -0.0166694 -0.0197805 -0.0223354 -0.0243471 -0.0258104 -0.0267296 -0.0271148 -0.0270276 -0.0265298 -0.0256932 -0.0245882 -0.0232558 -0.0217642 -0.0201849 -0.0185683 -0.0169511 -0.0153794 -0.0138743 -0.0124779 -0.0112106 -0.0100684 -0.00902331 -0.0080644 -0.00716318 -0.00630238 -0.00545229 -0.0045508 -0.00353583 -0.00235935 -0.000992899 0.000553771 0.00223961 0.00400209 0.00572832 0.00728669 0.00850662 0.00921887 0.00926998 0.00857444 0.00711918 0.0049759 0.00226586 -0.00081695 -0.00406815 -0.00727084 -0.010233 -0.0127839 -0.0148128 -0.0162659 -0.0171571 -0.0175379 -0.0175317 -0.0172626 -0.0168609 -0.0164573 -0.0161505 -0.0159882 -0.0160116 -0.0161909 -0.0164642 -0.0167423 -0.016902 -0.016798 -0.0163111 -0.0153245 -0.0137759 -0.0116478 -0.00899498 -0.00592036 -0.00257965 0.000840112 0.00412426 0.00709068 0.00955827 0.0114026 0.0125634 0.0130612 0.012974 0.0124427 0.0116196 0.0106651 0.00970013 0.00882321 0.00809359 0.00755142 0.00721159 0.00705925 0.00706321 0.00719604 0.00743362 0.00777674 0.00824727 0.0088473 0.00958397 0.0104547 0.0114673 0.0126257 0.0139476 0.0154001 0.0169381 0.0185173 0.020096 0.0216306 0.0230919 0.0243953 0.0254567 0.0262143 0.0265952 0.0265464 0.0260046 0.0249247 0.0232728 0.0210509 0.0182671 0.0149252 0.0110537 0.00674744 0.0020961 -0.00278876 -0.00779019 -0.012802 -0.0176813 -0.022297 -0.026525 -0.0302848 -0.0334763 -0.0360116 -0.0378596 -0.0390175 -0.0394851 -0.039279 -0.0384495 -0.0370659 -0.0352264 -0.0330243 -0.0305572 -0.027912 -0.0251946 -0.0224841 -0.0198201 -0.0172671 -0.0148846 -0.0127107 -0.0107407 -0.0089947 -0.00749675 -0.00621999 -0.0051343 -0.00422825 -0.00349699 -0.00290378 -0.00241598 -0.00203709 -0.00176113 -0.00156017 -0.00142096 
0 0.000226398 0.00047803 0.000758041 0.00110727 0.00151654 0.00202508 0.00264982 0.00341073 0.00434383 0.00545126 0.00678629 0.00834493 0.010145 0.0121934 0.0144766 0.0169846 0.0196568 0.022484 0.0254115 0.0283715 0.0312876 0.0340789 0.0366695 0.038943 0.0408057 0.0421801 0.0429996 0.0431931 0.0427221 0.0415489 0.039689 0.0371529 0.033979 0.0302431 0.0260177 0.0214357 0.0165588 0.0115 0.00636957 0.00128658 -0.00362697 -0.00828598 -0.0125968 -0.0164815 -0.0198792 -0.0227567 -0.0250941 -0.0269035 -0.0281491 -0.0288676 -0.0290835 -0.0288558 -0.0282491 -0.0273046 -0.0260815 -0.0246479 -0.0230772 -0.0214307 -0.0197617 -0.0180844 -0.0164571 -0.0148969 -0.0134463 -0.0121092 -0.0108783 -0.00972723 -0.00865148 -0.00760501 -0.00656025 -0.00546012 -0.00423419 -0.00284144 -0.00125145 0.000533691 0.00246268 0.00446185 0.00643368 0.00819096 0.00955325 0.0103239 0.0103547 0.00954616 0.00788914 0.00544269 0.0023951 -0.00107258 -0.00473732 -0.00835679 -0.0116888 -0.0145788 -0.0168736 -0.0185143 -0.0195182 -0.0199723 -0.0199671 -0.0196708 -0.0192297 -0.0187789 -0.0184234 -0.0182568 -0.0182765 -0.018471 -0.0187737 -0.0190783 -0.0192313 -0.0191091 -0.0185442 -0.0174126 -0.0156432 -0.013242 -0.0102328 -0.00675853 -0.00298921 0.000878285 0.00462676 0.00799346 0.0108082 0.0129236 0.014275 0.0148671 0.0148009 0.0142231 0.013336 0.0122813 0.0112067 0.0102262 0.00941139 0.00880627 0.00844276 0.00829946 0.0083491 0.0085567 0.00887977 0.00933062 0.00991766 0.0106565 0.011549 0.0125977 0.0137761 0.0151066 0.0165603 0.0181248 0.0197514 0.0213912 0.0229939 0.0245222 0.0259037 0.027077 0.027956 0.0284705 0.0285853 0.0282236 0.0273572 0.0259321 0.0239376 0.0213851 0.0182931 0.014668 0.010564 0.00603844 0.00120526 -0.00383423 -0.0089834 -0.0141139 -0.0191352 -0.0238982 -0.0283156 -0.0322838 -0.0357016 -0.0384857 -0.0405826 -0.0419834 -0.0426859 -0.0427021 -0.0420673 -0.0408489 -0.0391138 -0.0369662 -0.0344775 -0.0317614 -0.0289174 -0.0260244 -0.0231574 -0.0203562 -0.0177119 -0.0152452 -0.0129889 -0.0109675 -0.00919165 -0.00766896 -0.00635309 -0.00525776 -0.00435501 -0.00361828 -0.00302443 -0.00254938 -0.00220469 -0.00194772 -0.00178245 
0 0.000314924 0.00064165 0.00102738 0.001458 0.00199382 0.00262716 0.00340284 0.00434383 0.00546207 0.00681291 0.00838375 0.0102192 0.0122979 0.0146261 0.01719 0.0199377 0.022857 0.0258778 0.0289612 0.0320246 0.0349806 0.0377504 0.04023 0.0423391 0.0439906 0.045114 0.0456626 0.0455831 0.0448349 0.0434131 0.041318 0.0385923 0.0352729 0.0314333 0.0271719 0.0225584 0.0176969 0.0126643 0.0075625 0.00250272 -0.00242334 -0.00713263 -0.0115527 -0.01561 -0.0192362 -0.0223866 -0.0250427 -0.0271674 -0.0287771 -0.0298618 -0.0304433 -0.0305765 -0.0302764 -0.029593 -0.0285803 -0.027297 -0.0258291 -0.0242415 -0.0225673 -0.0208657 -0.0191459 -0.0174737 -0.0158774 -0.0143626 -0.0129476 -0.0116055 -0.0103134 -0.0090705 -0.00781721 -0.00649702 -0.00506406 -0.00343317 -0.00160027 0.000433464 0.00263269 0.00489884 0.00707213 0.00900978 0.0104976 0.0113318 0.0113306 0.0104048 0.00854626 0.00585801 0.00246034 -0.00140958 -0.00546296 -0.0094551 -0.0131648 -0.0163463 -0.0188915 -0.020741 -0.0218703 -0.0223647 -0.0223803 -0.0220572 -0.0215734 -0.0210852 -0.0207084 -0.0205081 -0.0205243 -0.0207396 -0.0210664 -0.0213811 -0.0215537 -0.0213828 -0.0207164 -0.0194558 -0.0174938 -0.0147991 -0.0114712 -0.00760352 -0.00338375 0.00092289 0.00506835 0.00884251 0.0120054 0.0143992 0.0159377 0.0166494 0.0166305 0.0160484 0.0150684 0.0139152 0.0127494 0.0116794 0.0107938 0.0101629 0.00977669 0.00965793 0.00975937 0.0100312 0.0104693 0.0110494 0.0117734 0.0126747 0.0137291 0.0149305 0.0162787 0.0177312 0.0192952 0.0209239 0.0225771 0.024209 0.0257626 0.0271833 0.0284098 0.029348 0.0299477 0.030144 0.0298967 0.0291864 0.0279525 0.0261756 0.023849 0.0209883 0.0176233 0.013795 0.00953732 0.00492735 4.49397e-05 -0.00501607 -0.0101562 -0.015293 -0.0203004 -0.0250922 -0.0295689 -0.0336314 -0.0371976 -0.0401724 -0.0424997 -0.0441514 -0.0451135 -0.0454007 -0.0450327 -0.0440545 -0.0425412 -0.0405393 -0.0381511 -0.0354611 -0.032572 -0.0295866 -0.0265563 -0.023585 -0.0207043 -0.0179876 -0.015469 -0.0131681 -0.0111324 -0.00933041 -0.00779058 -0.00647424 -0.00538112 -0.0044879 -0.00375281 -0.00318633 -0.00273794 -0.00242787 -0.00222026 
0 0.000412752 0.000854325 0.0013343 0.00190044 0.00256042 0.00335851 0.00431609 0.00545126 0.00681291 0.00840138 0.0102551 0.0123555 0.0147094 0.0173074 0.0200973 0.0230694 0.0261574 0.0293228 0.0324777 0.0355487 0.0384574 0.0410915 0.0433715 0.0452212 0.0465782 0.0473791 0.0475933 0.0471787 0.0461347 0.0444366 0.0421442 0.0392796 0.0358874 0.032068 0.0278485 0.0233494 0.0186049 0.0137329 0.00880012 0.00387884 -0.00092716 -0.00558115 -0.0100131 -0.0141456 -0.0179208 -0.0212942 -0.0242051 -0.0266629 -0.0286172 -0.0301029 -0.0310868 -0.0316101 -0.0316939 -0.0313494 -0.030644 -0.0296292 -0.0283631 -0.0269065 -0.0253235 -0.0236222 -0.0218888 -0.0201461 -0.0184453 -0.0167928 -0.0152179 -0.0136744 -0.0121922 -0.0107278 -0.00924706 -0.00770208 -0.00602115 -0.00413814 -0.00203946 0.000273251 0.00272905 0.00522053 0.00763245 0.00973753 0.0113314 0.012198 0.0121826 0.0111629 0.00912244 0.00613182 0.00242847 -0.00178657 -0.00622625 -0.010609 -0.0146377 -0.0181296 -0.0209088 -0.0229129 -0.0241474 -0.0247415 -0.0247681 -0.0244321 -0.0239195 -0.0233836 -0.022951 -0.0227643 -0.0227795 -0.022999 -0.0233399 -0.0236638 -0.0237972 -0.0236105 -0.0228799 -0.0214771 -0.019297 -0.0163515 -0.0126684 -0.00841954 -0.00380873 0.000915256 0.00551355 0.00965107 0.0131351 0.015798 0.017562 0.018412 0.0184559 0.0178551 0.0168539 0.0156228 0.0143599 0.013211 0.0122746 0.0116101 0.0112341 0.0111397 0.0113017 0.0116792 0.0122352 0.0129728 0.0138581 0.0149162 0.0161152 0.0174577 0.0189053 0.0204713 0.0220879 0.0237421 0.0253706 0.0269141 0.0283159 0.0295415 0.0304899 0.0311192 0.0313688 0.0311682 0.0305339 0.029407 0.0277966 0.0256637 0.0230281 0.019908 0.0163405 0.0123696 0.00807168 0.00346728 -0.00133918 -0.00628724 -0.0113201 -0.0163138 -0.0212204 -0.0259079 -0.0303338 -0.0343863 -0.0379966 -0.041104 -0.043623 -0.0455205 -0.0467697 -0.0473687 -0.047322 -0.0466718 -0.0454466 -0.0437105 -0.04151 -0.0389547 -0.0361215 -0.0331011 -0.0300051 -0.0268902 -0.0238488 -0.0209118 -0.0181585 -0.0156154 -0.0132982 -0.0112466 -0.00944702 -0.00791211 -0.00660561 -0.0055226 -0.00464773 -0.00394253 -0.00340337 -0.00300651 -0.00275591 
0 0.000545556 0.00110793 0.00174267 0.00244146 0.00327906 0.00425318 0.0054151 0.00678629 0.00838375 0.0102551 0.0123658 0.014742 0.0173514 0.0201822 0.023187 0.0263138 0.0295387 0.0327619 0.0359077 0.0388912 0.0416348 0.0440394 0.0460165 0.0475269 0.0485229 0.0489459 0.0487818 0.0480212 0.0466624 0.0447329 0.0422711 0.0393326 0.0359504 0.0322017 0.0281402 0.0238154 0.01931 0.0146996 0.0100351 0.00536816 0.000766902 -0.00373342 -0.00807466 -0.0121949 -0.0160351 -0.0195522 -0.0227024 -0.0254349 -0.0277488 -0.0296153 -0.0310046 -0.0319548 -0.0324557 -0.032526 -0.0322182 -0.0315479 -0.0305686 -0.0293327 -0.0278865 -0.0262959 -0.0245981 -0.0228611 -0.0211122 -0.0193561 -0.0176371 -0.0159273 -0.0142307 -0.0125593 -0.0108471 -0.00904645 -0.00711127 -0.00495178 -0.00257491 4.61575e-06 0.00273578 0.00548694 0.00808047 0.0103458 0.0120558 0.0129754 0.0129164 0.0117785 0.00955027 0.00634415 0.00231934 -0.00226178 -0.00704736 -0.0117564 -0.016124 -0.0198724 -0.022877 -0.0250736 -0.0264245 -0.0270486 -0.0271054 -0.0267619 -0.0262285 -0.0256761 -0.0252349 -0.0250005 -0.0249969 -0.0252209 -0.0255718 -0.0258981 -0.0260504 -0.0258032 -0.0249618 -0.0234265 -0.021062 -0.0178377 -0.0138622 -0.00924676 -0.00421123 0.000926486 0.00589228 0.0104177 0.0142413 0.0171842 0.0191433 0.0201376 0.0202787 0.0197317 0.0186897 0.0174047 0.0160842 0.0148699 0.0138868 0.0132164 0.0128482 0.0128091 0.0130525 0.0135224 0.0142237 0.0151135 0.0161579 0.0173766 0.01871 0.0201456 0.0216784 0.0232631 0.0248827 0.0264846 0.0280066 0.0293858 0.0305535 0.0314715 0.0320718 0.0323018 0.0321407 0.0315257 0.0304499 0.0289185 0.0269091 0.0244408 0.0215385 0.0182188 0.014521 0.0105064 0.00623145 0.00174086 -0.00289663 -0.00763335 -0.0124174 -0.0171856 -0.0218529 -0.0263599 -0.0306393 -0.0345958 -0.0381896 -0.0413584 -0.0440356 -0.046162 -0.0477005 -0.0486341 -0.048948 -0.0486591 -0.0477999 -0.0463834 -0.0444794 -0.0421562 -0.0394767 -0.0365424 -0.033438 -0.0302846 -0.0271166 -0.02402 -0.021069 -0.0182875 -0.0157273 -0.013391 -0.0113475 -0.00955719 -0.00801925 -0.00673584 -0.00567828 -0.00484903 -0.00418203 -0.00371627 -0.00341289 
0 0.000697738 0.00142617 0.00222085 0.00311051 0.00413618 0.00532783 0.00672456 0.00834493 0.0102192 0.0123555 0.014742 0.0173672 0.0202113 0.0232472 0.026404 0.0296456 0.0329145 0.0361195 0.0391566 0.0419505 0.0444394 0.0465213 0.0481294 0.0492422 0.0498271 0.0498382 0.049277 0.0481577 0.0465177 0.0443769 0.0418076 0.038846 0.0355264 0.0319318 0.0280758 0.0240282 0.0198283 0.0155581 0.0112348 0.00687827 0.00255843 -0.00170442 -0.00586377 -0.00986647 -0.0136803 -0.0172755 -0.0205844 -0.0235733 -0.0261932 -0.0284299 -0.0302241 -0.0315998 -0.032549 -0.0330652 -0.0331887 -0.0329278 -0.032308 -0.0313753 -0.0301923 -0.0287864 -0.0272267 -0.0255523 -0.0237993 -0.0219864 -0.0201703 -0.0183188 -0.0164626 -0.0145811 -0.0126258 -0.0105632 -0.00834587 -0.00590808 -0.0032556 -0.000401315 0.00258539 0.00557544 0.00840939 0.0108494 0.0126564 0.0135938 0.0134943 0.0122424 0.00982946 0.00636437 0.00207939 -0.00278685 -0.00789712 -0.0129421 -0.0176023 -0.0216293 -0.0248475 -0.0271843 -0.0286349 -0.0293442 -0.0294224 -0.0290785 -0.0285296 -0.0279426 -0.0274612 -0.0272296 -0.0272216 -0.0274403 -0.0277927 -0.0281145 -0.028225 -0.0279419 -0.0270227 -0.0253358 -0.0227577 -0.0192887 -0.0149978 -0.0100469 -0.00466252 0.000860344 0.00624752 0.0111451 0.0152998 0.018522 0.0207129 0.0218642 0.0220932 0.0215788 0.0205678 0.0192755 0.017921 0.0166719 0.0156626 0.0149802 0.0146403 0.0146563 0.0149939 0.0155954 0.0164311 0.0174695 0.0186536 0.0199955 0.0214343 0.0229501 0.0245094 0.0260866 0.0276187 0.0290787 0.030398 0.0315102 0.0323557 0.0329025 0.0330776 0.0328711 0.0322675 0.0312092 0.029714 0.0277633 0.0253828 0.0225979 0.0194652 0.0160092 0.0122646 0.00828658 0.00413736 -0.000169502 -0.00455739 -0.00899822 -0.0134692 -0.0178991 -0.0222635 -0.0264944 -0.0305587 -0.0343583 -0.0378614 -0.0410388 -0.043814 -0.0461337 -0.047948 -0.0492197 -0.0499144 -0.0500306 -0.0495696 -0.0485469 -0.0470014 -0.0450016 -0.0425792 -0.0398136 -0.0368162 -0.0336785 -0.0304695 -0.0272589 -0.0241504 -0.0211795 -0.0183788 -0.015797 -0.013485 -0.0114424 -0.00965543 -0.00814444 -0.00690466 -0.00591028 -0.0051283 -0.00456838 -0.0042164 
0 0.000880549 0.00179559 0.00279096 0.00389292 0.00514958 0.00658706 0.00824678 0.010145 0.0122979 0.0147094 0.0173514 0.0202113 0.0232584 0.0264526 0.0297159 0.0329967 0.0362343 0.0393233 0.0421582 0.0446725 0.0468188 0.0485085 0.0496883 0.0503547 0.0504931 0.0500719 0.0491125 0.0476629 0.0457729 0.0434782 0.0408411 0.0379022 0.0346966 0.0312981 0.027722 0.024008 0.0201879 0.0163151 0.0123853 0.00840077 0.00441977 0.000458143 -0.00345154 -0.0072794 -0.0110057 -0.0146044 -0.0180066 -0.021161 -0.0240289 -0.0265815 -0.0287577 -0.0305599 -0.0319631 -0.0329447 -0.0335315 -0.0337185 -0.0335218 -0.0329758 -0.0321292 -0.0310058 -0.0296558 -0.0281214 -0.0264375 -0.0246351 -0.0227736 -0.0208335 -0.0188331 -0.0167637 -0.0145787 -0.0122559 -0.00976216 -0.0070448 -0.00410704 -0.000969794 0.00229732 0.00554455 0.00858351 0.0111778 0.0130824 0.0140462 0.0138958 0.0125304 0.00995312 0.00627992 0.00172996 -0.00342894 -0.00883105 -0.0141539 -0.01908 -0.023339 -0.0267614 -0.0292667 -0.0308352 -0.0316006 -0.0317045 -0.0313565 -0.0307874 -0.0301797 -0.0296839 -0.0294296 -0.0294155 -0.029636 -0.0299878 -0.0302974 -0.0303783 -0.0300187 -0.0289879 -0.0271574 -0.0243979 -0.0206936 -0.0161253 -0.0108441 -0.00509033 0.000811749 0.00656361 0.0118219 0.0163116 0.0198245 0.0222454 0.0235745 0.0239363 0.0235057 0.0225251 0.0212383 0.0198789 0.0186216 0.0176128 0.0169436 0.0166409 0.0167221 0.0171525 0.0178689 0.0188383 0.0200046 0.0213055 0.0227371 0.0242373 0.0257754 0.0273135 0.0288004 0.0301721 0.0313965 0.0324179 0.0331851 0.0336462 0.0337687 0.0334886 0.0328075 0.03173 0.0302237 0.0283096 0.0259911 0.0232936 0.0202666 0.0169764 0.0134525 0.00973171 0.00586488 0.00189966 -0.00215851 -0.00625067 -0.0103556 -0.0144546 -0.0185004 -0.0224838 -0.0263812 -0.030167 -0.033758 -0.0371308 -0.0402621 -0.0430887 -0.0455526 -0.0476041 -0.049191 -0.0502619 -0.0507911 -0.0507585 -0.0501611 -0.0490316 -0.0474181 -0.0453315 -0.0428341 -0.0400269 -0.037002 -0.0338191 -0.0305664 -0.0273574 -0.0242386 -0.0212496 -0.0184424 -0.0158892 -0.0135936 -0.0115579 -0.00981449 -0.00836738 -0.00719851 -0.00627171 -0.00560737 -0.00518742 
0 0.00109736 0.00222912 0.00346112 0.00480678 0.00633314 0.00804919 0.00999841 0.0121934 0.0146261 0.0173074 0.0201822 0.0232472 0.0264526 0.029746 0.0330491 0.0362824 0.0393955 0.0422677 0.04481 0.0469689 0.0487082 0.0499598 0.0506778 0.0508764 0.0505601 0.0497179 0.04839 0.0466542 0.0445583 0.0421567 0.0394889 0.036611 0.0335646 0.030404 0.0271571 0.0238119 0.0204052 0.0169529 0.0134423 0.00986761 0.0062644 0.00264663 -0.000971276 -0.00457887 -0.00815945 -0.011682 -0.0150924 -0.0183216 -0.021365 -0.0241706 -0.0266821 -0.0288733 -0.0306994 -0.0321347 -0.0331933 -0.0338598 -0.0341373 -0.0340426 -0.0335945 -0.0328268 -0.031757 -0.0304406 -0.0289045 -0.0271891 -0.0253462 -0.023379 -0.0212826 -0.0190688 -0.0166899 -0.014128 -0.0113653 -0.00835909 -0.00511929 -0.00169071 0.00184893 0.00534046 0.00856454 0.0112981 0.0132832 0.014274 0.0140899 0.0126359 0.00990581 0.00604024 0.00124527 -0.00417409 -0.00984297 -0.0154196 -0.0205919 -0.0250546 -0.0286529 -0.0313007 -0.0329827 -0.0338109 -0.0339602 -0.0336194 -0.0330318 -0.0323992 -0.0318922 -0.0316158 -0.0316022 -0.031819 -0.0321541 -0.0324295 -0.0324707 -0.0320329 -0.030903 -0.0289344 -0.0259963 -0.0220522 -0.0172117 -0.0116132 -0.00551237 0.000754627 0.00685506 0.0124599 0.0172618 0.021062 0.0237341 0.0252797 0.0258101 0.0255058 0.0245904 0.02334 0.021992 0.020739 0.0197474 0.0191135 0.0188632 0.0190186 0.0195382 0.0203562 0.0214413 0.0227067 0.0240898 0.0255602 0.0270575 0.0285404 0.0299816 0.0312982 0.0324417 0.0333578 0.0340085 0.0343592 0.0343749 0.0340255 0.0332689 0.0321031 0.0305522 0.0286134 0.0263066 0.0236756 0.0207324 0.0175493 0.0141818 0.0106598 0.00702147 0.00332171 -0.000410636 -0.0041661 -0.00792072 -0.011659 -0.0153575 -0.0189979 -0.0225629 -0.0260863 -0.0295424 -0.0328778 -0.0360765 -0.0391127 -0.041941 -0.0444964 -0.0467351 -0.0485984 -0.0500251 -0.0509649 -0.0513788 -0.0512334 -0.0505607 -0.0493794 -0.0476892 -0.0455389 -0.0430041 -0.0401828 -0.0371062 -0.0338889 -0.0306431 -0.0274281 -0.0243009 -0.0213038 -0.0185393 -0.0160046 -0.0137287 -0.0117519 -0.0100838 -0.00872834 -0.00763946 -0.00685941 -0.00635915 
0 0.00135743 0.00276546 0.00425823 0.00590618 0.00771988 0.00974685 0.0119976 0.0144766 0.01719 0.0200973 0.023187 0.026404 0.0297159 0.0330491 0.0363059 0.0394219 0.0423112 0.044889 0.0470637 0.0488053 0.0500899 0.0508605 0.0510907 0.0508137 0.0500514 0.0488254 0.0471891 0.0452186 0.0429896 0.0405197 0.0378809 0.0351079 0.0322556 0.0293775 0.0264539 0.0234941 0.0204858 0.0174543 0.0143754 0.0112258 0.00802416 0.00477506 0.00146886 -0.00187489 -0.00525239 -0.00863619 -0.0119582 -0.0152056 -0.0183346 -0.0213249 -0.0241015 -0.026609 -0.0288121 -0.0306763 -0.0321915 -0.0333499 -0.0341137 -0.0344828 -0.0344861 -0.0341128 -0.0334132 -0.0323998 -0.0310975 -0.0295478 -0.0277954 -0.0258434 -0.0237235 -0.0214085 -0.0188812 -0.0161256 -0.0131126 -0.009831 -0.00630154 -0.00257744 0.00122141 0.00492722 0.00834589 0.011205 0.0132536 0.0142616 0.0140562 0.0125213 0.00966676 0.00561061 0.000618621 -0.00501528 -0.0109307 -0.0167521 -0.0221191 -0.0267861 -0.0305441 -0.0332985 -0.0350711 -0.0359822 -0.036159 -0.0358433 -0.035269 -0.0346281 -0.0340926 -0.0338092 -0.0337715 -0.0339563 -0.0342679 -0.0345236 -0.0344976 -0.0339983 -0.0327787 -0.0306547 -0.0275195 -0.0233649 -0.0182375 -0.0123364 -0.00592642 0.000676424 0.00713377 0.0130615 0.0181774 0.0222625 0.025212 0.0270051 0.0277352 0.027577 0.0267891 0.0256062 0.0242895 0.0230693 0.0221135 0.0215245 0.0213461 0.0215656 0.0221526 0.0230533 0.0241953 0.0255223 0.0269418 0.0283969 0.0298282 0.0311858 0.0324183 0.0334883 0.0343051 0.0348482 0.0350767 0.0349592 0.0344908 0.0336458 0.0323947 0.030766 0.0287754 0.026441 0.0238145 0.0209147 0.0178126 0.0145485 0.0111815 0.00773433 0.00423275 0.000736065 -0.00272017 -0.00614369 -0.00951984 -0.0128547 -0.0161464 -0.0193551 -0.0225176 -0.0256434 -0.0287536 -0.0318095 -0.0347939 -0.0377081 -0.0404865 -0.0430861 -0.0454515 -0.04753 -0.0492617 -0.050584 -0.0514266 -0.051753 -0.0515546 -0.0508451 -0.0496085 -0.0478638 -0.0456997 -0.0431538 -0.0402899 -0.0371846 -0.0339685 -0.0307224 -0.0274838 -0.0243548 -0.0213905 -0.0186505 -0.016148 -0.013937 -0.0120618 -0.010496 -0.00926082 -0.00834717 -0.00777102 
0 0.00166985 0.00337979 0.00520286 0.00716179 0.00931416 0.0116585 0.014214 0.0169846 0.0199377 0.0230694 0.0263138 0.0296456 0.0329967 0.0362824 0.0394219 0.0423165 0.0449144 0.047118 0.0488713 0.0501546 0.0509442 0.0512107 0.0509492 0.0502049 0.0490382 0.047481 0.0455914 0.0434624 0.0411309 0.0386705 0.0360971 0.033482 0.0308699 0.0282635 0.0256834 0.0230677 0.0204566 0.0178323 0.015174 0.0124533 0.00965157 0.00677052 0.00380898 0.000759161 -0.00236576 -0.00553682 -0.00873868 -0.0119111 -0.015074 -0.0181536 -0.0211039 -0.0238594 -0.0263756 -0.0286213 -0.0305751 -0.0321863 -0.03342 -0.0342684 -0.034719 -0.0348155 -0.0345356 -0.0339037 -0.0329185 -0.0316161 -0.0300187 -0.0281812 -0.0260746 -0.0237261 -0.0210998 -0.0181772 -0.0149587 -0.011447 -0.00766157 -0.00369016 0.000361271 0.00430433 0.00787883 0.0108657 0.0129944 0.0140188 0.013754 0.0121346 0.00916716 0.00499891 -0.000177686 -0.00600676 -0.0121118 -0.0181119 -0.0236884 -0.028506 -0.0324048 -0.0352871 -0.037155 -0.038089 -0.038325 -0.0380383 -0.0374663 -0.0368305 -0.0363102 -0.035969 -0.035908 -0.0360716 -0.036345 -0.0365537 -0.0365071 -0.0359061 -0.0345598 -0.0322882 -0.0289784 -0.0245802 -0.0192226 -0.0130448 -0.00632018 0.000610818 0.00736319 0.0136315 0.0190791 0.0234886 0.0267099 0.0287475 0.0297022 0.0297507 0.0290888 0.0280208 0.0267974 0.0256396 0.0247393 0.0241973 0.0240581 0.0243267 0.0249518 0.0258719 0.0270456 0.0283596 0.0297547 0.0311315 0.0324264 0.0335713 0.0345381 0.0352446 0.0356773 0.0357757 0.0355344 0.0349363 0.0339702 0.0326241 0.0309075 0.0288402 0.0264672 0.0238293 0.0209381 0.0178762 0.0146636 0.0113924 0.00809123 0.00477535 0.00146877 -0.00178069 -0.00494883 -0.00801265 -0.0110027 -0.0139305 -0.0167907 -0.0196071 -0.0223581 -0.0251243 -0.0278843 -0.0306425 -0.0334004 -0.0361369 -0.0388363 -0.0414221 -0.0438571 -0.046088 -0.0480601 -0.0497076 -0.0509533 -0.0517266 -0.0520187 -0.0517956 -0.0510418 -0.0497681 -0.0480134 -0.0458425 -0.0432576 -0.0403658 -0.0372636 -0.0340405 -0.0307773 -0.0275395 -0.0244466 -0.0215212 -0.0188246 -0.0164087 -0.0143112 -0.0125659 -0.0111537 -0.0101232 -0.00945599 
0 0.00201448 0.00408814 0.00625009 0.00858126 0.0110692 0.013755 0.0166188 0.0196568 0.022857 0.0261574 0.0295387 0.0329145 0.0362343 0.0393955 0.0423112 0.0449144 0.0471288 0.0489029 0.0501857 0.0509739 0.05125 0.0510135 0.0502798 0.0491253 0.047608 0.0457864 0.0437168 0.041463 0.0391082 0.036678 0.0342358 0.0318077 0.0294364 0.0271234 0.0248411 0.0225824 0.0203427 0.0181129 0.0158579 0.0135356 0.0111121 0.00860465 0.00598481 0.00326521 0.000426141 -0.00251608 -0.00552127 -0.00859284 -0.0116862 -0.0147753 -0.0178133 -0.0207267 -0.0234831 -0.0260503 -0.028362 -0.0303923 -0.0320679 -0.0333769 -0.0343204 -0.0348815 -0.035068 -0.0348531 -0.0342353 -0.033251 -0.0319151 -0.0302521 -0.0282741 -0.0259424 -0.0232644 -0.0202361 -0.0168584 -0.0131562 -0.00917237 -0.00497771 -0.000722688 0.00340447 0.00717051 0.0102774 0.012443 0.0134693 0.0131837 0.0114873 0.00841575 0.00410352 -0.00118646 -0.00713107 -0.0133944 -0.0195644 -0.025264 -0.0302422 -0.0342672 -0.0372302 -0.0391843 -0.0402171 -0.0404772 -0.0402113 -0.039648 -0.0389953 -0.0384411 -0.0381158 -0.0380437 -0.0381738 -0.0384115 -0.0385746 -0.0384127 -0.0377243 -0.0362756 -0.0338382 -0.0303326 -0.0257502 -0.0201332 -0.0136984 -0.00671819 0.000512256 0.00761506 0.014213 0.0199875 0.0246957 0.0282288 0.030558 0.0317457 0.0319898 0.0315379 0.0306305 0.0295231 0.0284604 0.0276123 0.0271008 0.0269832 0.0272476 0.0278656 0.0287891 0.0299109 0.031162 0.0324381 0.0336357 0.0347025 0.0355694 0.0361789 0.0365042 0.036481 0.0361024 0.0353689 0.0342663 0.0328193 0.0310041 0.0288511 0.0264093 0.0237217 0.0208448 0.0178124 0.0146448 0.0114267 0.00819914 0.00501367 0.00188872 -0.00117978 -0.00414665 -0.00699961 -0.0097213 -0.0123387 -0.0148731 -0.0173443 -0.0197574 -0.0221553 -0.024559 -0.0269907 -0.0294537 -0.031945 -0.0344905 -0.03705 -0.0395908 -0.0420449 -0.0443738 -0.0465281 -0.0484402 -0.0500271 -0.0512196 -0.0519699 -0.0522315 -0.0519758 -0.0511827 -0.0499002 -0.0481308 -0.0459216 -0.0433203 -0.0404225 -0.0373291 -0.034095 -0.0308541 -0.0276647 -0.0246255 -0.021774 -0.0191725 -0.0168976 -0.0149482 -0.0133907 -0.012211 -0.0114528 
0 0.00241542 0.00488299 0.00744873 0.0101532 0.01301 0.0160275 0.0191879 0.022484 0.0258778 0.0293228 0.0327619 0.0361195 0.0393233 0.0422677 0.044889 0.047118 0.0489029 0.0502027 0.0509877 0.0512664 0.0510305 0.0503115 0.0491617 0.0476484 0.0458533 0.0438286 0.0416309 0.0393326 0.0369885 0.034669 0.0323811 0.030162 0.028037 0.0259787 0.0239978 0.0220551 0.0201716 0.0183006 0.0164047 0.0144486 0.0123886 0.010235 0.00797191 0.0055731 0.00302186 0.000341414 -0.00245699 -0.00534022 -0.00830809 -0.0113171 -0.0143521 -0.0173415 -0.0202476 -0.0230343 -0.0256442 -0.0280194 -0.0300994 -0.0318584 -0.0332496 -0.0342838 -0.0349221 -0.0351432 -0.0349426 -0.0343443 -0.0333286 -0.031943 -0.03014 -0.0279173 -0.0252741 -0.0222072 -0.0187392 -0.0149128 -0.010764 -0.00639607 -0.00195824 0.0023286 0.00618609 0.00936377 0.0115797 0.0126105 0.0122777 0.0105289 0.0073956 0.00301184 -0.00240512 -0.00847642 -0.0148438 -0.0211002 -0.0269112 -0.0319758 -0.0361038 -0.0391849 -0.0412343 -0.0423005 -0.0426137 -0.0423689 -0.041797 -0.0411453 -0.0406042 -0.0402365 -0.0401485 -0.0402607 -0.0404464 -0.0405351 -0.0403057 -0.039479 -0.0378757 -0.0352887 -0.0316258 -0.0268385 -0.021016 -0.0143254 -0.00704491 0.000496278 0.00787785 0.0147838 0.0208814 0.0259276 0.0297729 0.0324047 0.0338975 0.0344265 0.0341788 0.0334403 0.0324692 0.0314983 0.0307127 0.0302226 0.0300931 0.0303265 0.0308844 0.0317169 0.0327376 0.0338262 0.0349027 0.0358331 0.0365762 0.0370731 0.0372841 0.0371586 0.0366798 0.0358057 0.0345712 0.0329875 0.0310764 0.0288399 0.0263214 0.0235633 0.0206307 0.0176016 0.0144843 0.0113308 0.00817185 0.0050695 0.00205123 -0.000858492 -0.00365559 -0.00632311 -0.00885923 -0.0112413 -0.0135172 -0.015697 -0.0177918 -0.0198532 -0.0218927 -0.0239762 -0.0260938 -0.0282705 -0.0305121 -0.0328261 -0.0352289 -0.0376675 -0.0400953 -0.0424696 -0.04474 -0.0468481 -0.0487119 -0.0502619 -0.0514395 -0.0521651 -0.0524039 -0.0521197 -0.0513193 -0.0500147 -0.0482219 -0.0459959 -0.0433908 -0.0405015 -0.0374063 -0.0342102 -0.0310147 -0.0279016 -0.0249477 -0.0222148 -0.0197743 -0.0176744 -0.015958 -0.0146585 -0.0138031 
