0 0 0 0 0 0 0 0 0 0 0 0 0 0 0 0 0 0 0 0 0 0 0 0 0 0 0 0 0 0 0 0 0 0 0 0 0 0 0 0 0 0 0 0 0 0 0 0 0 0 0 0 0 0 0 0 0 0 0 0 0 0 0 0 0 0 0 0 0 0 0 0 0 0 0 0 0 0 0 0 0 0 0 0 0 0 0 0 0 0 0 0 0 0 0 0 0 0 0 0 0 0 0 0 0 0 0 0 0 0 0 0 0 0 0 0 0 0 0 0 0 0 0 0 0 0 0 0 0 0 0 0 0 0 0 0 0 0 0 0 0 0 0 0 0 0 0 0 0 0 0 0 0 0 0 0 0 0 0 0 0 0 0 0 0 0 0 0 0 0 0 0 0 0 0 0 0 0 0 0 0 0 0 0 0 0 0 0 0 0 0 0 0 0 0 0 0 0 0 0 
0 2.36845e-05 3.81291e-05 6.55124e-05 9.68568e-05 0.000145888 0.000192632 0.000263251 0.000357761 0.000463024 0.000598169 0.000756665 0.000961119 0.00119077 0.00146588 0.00179685 0.00217382 0.00260703 0.00307713 0.0035922 0.00412436 0.00466113 0.00518195 0.00565883 0.00608696 0.00644443 0.00671236 0.00686882 0.00690356 0.00679138 0.00651182 0.00606397 0.00547184 0.00474591 0.00390564 0.00298612 0.00200638 0.000999955 -8.14371e-06 -0.000986823 -0.00190486 -0.00272227 -0.00340987 -0.00396285 -0.00438536 -0.00467109 -0.0048338 -0.00488817 -0.00482969 -0.00468728 -0.00446639 -0.00418437 -0.00387382 -0.00355123 -0.00323275 -0.00291461 -0.00259727 -0.00229305 -0.00200358 -0.00175076 -0.00154147 -0.00135499 -0.00120509 -0.00107438 -0.00095285 -0.000855542 -0.000767598 -0.000688745 -0.000628632 -0.000571094 -0.000508522 -0.000434141 -0.000327034 -0.000189038 -2.1897e-05 0.000176901 0.000406332 0.000645952 0.000892308 0.0011312 0.0013301 0.0014536 0.00146943 0.00136128 0.00114973 0.000829253 0.000416467 -3.62696e-05 -0.000514315 -0.00100071 -0.00144959 -0.00185414 -0.002199 -0.00245454 -0.00262656 -0.00272124 -0.00275121 -0.00274833 -0.00272847 -0.00270863 -0.00270418 -0.00270788 -0.0027202 -0.0027272 -0.00270397 -0.00264353 -0.00252549 -0.00233664 -0.00208794 -0.00176171 -0.00135646 -0.00090231 -0.000400886 0.00011982 0.000606296 0.00104081 0.00140235 0.00165576 0.00179934 0.00184249 0.0018105 0.0017228 0.00159273 0.00144041 0.00129169 0.00115349 0.00103502 0.000944311 0.000888041 0.000850738 0.000828824 0.000810634 0.000788962 0.000782627 0.000794636 0.000823622 0.000883346 0.000950222 0.00102127 0.00111621 0.00122381 0.00136688 0.00155127 0.0017615 0.00200445 0.00227452 0.00256223 0.0028711 0.00319187 0.00352384 0.00385285 0.00415948 0.00442514 0.00461168 0.00471764 0.00473493 0.00464611 0.00444078 0.00410321 0.00361668 0.00299041 0.00223946 0.00137537 0.000431125 -0.000558683 -0.00155529 -0.00254182 -0.00348647 -0.00435696 -0.00512601 -0.00576019 -0.00623837 -0.00655997 -0.00672272 -0.00673027 -0.0066117 -0.00638384 -0.00606823 -0.00566273 -0.0052045 -0.00471428 -0.00419812 -0.00368677 -0.00318508 -0.00272776 -0.00230566 -0.00193417 -0.00161407 -0.00133078 -0.0010963 -0.000887241 -0.000718304 -0.000575263 -0.000463656 -0.000377818 -0.000300702 -0.000250196 -0.00021084 -0.000190501 -0.000174259 
0 3.81291e-05 7.15723e-05 0.000109409 0.000186438 0.000274578 0.00038082 0.000530753 0.000722123 0.000958512 0.0012265 0.00157076 0.00198073 0.00245146 0.00301189 0.00366162 0.00442473 0.00526467 0.00619781 0.0071997 0.00823423 0.00928715 0.0102937 0.0112372 0.012071 0.0127715 0.0132881 0.0135765 0.0136228 0.0133851 0.0128185 0.0119414 0.0107796 0.00935652 0.0077192 0.00589835 0.00398696 0.0020008 3.45304e-05 -0.00186771 -0.00366123 -0.00524653 -0.00660926 -0.00771307 -0.00857111 -0.00916397 -0.00951125 -0.00962861 -0.00954501 -0.00927295 -0.00886998 -0.00833708 -0.00773066 -0.00710689 -0.00646462 -0.00583542 -0.00521627 -0.00462799 -0.00407086 -0.00359019 -0.00315332 -0.00277759 -0.00244575 -0.00216589 -0.00192336 -0.00173118 -0.00156083 -0.00141728 -0.00128316 -0.00115582 -0.00102327 -0.000857297 -0.000658843 -0.000384608 -4.04531e-05 0.000360097 0.000812152 0.00131419 0.00180639 0.00228221 0.00264074 0.00286434 0.0029123 0.00273061 0.00229127 0.00166922 0.000862264 -5.56797e-05 -0.00104013 -0.0020107 -0.0029264 -0.00372613 -0.00438571 -0.00486875 -0.00521756 -0.005411 -0.00549239 -0.00549952 -0.00546871 -0.00542182 -0.00541272 -0.00540552 -0.00541733 -0.00541789 -0.00537721 -0.00526119 -0.00505647 -0.00469697 -0.00419076 -0.00351397 -0.00270204 -0.00176809 -0.000769084 0.000243666 0.00120277 0.00208486 0.00277315 0.00327986 0.00360025 0.00371657 0.00364137 0.00345956 0.00317929 0.00288868 0.00258907 0.00230889 0.00207832 0.00190914 0.00177509 0.00170028 0.00165074 0.00161835 0.00159917 0.00159528 0.00161898 0.00167408 0.00177114 0.00188768 0.00204198 0.00223144 0.00248202 0.00278207 0.00315667 0.00357365 0.00404953 0.00456981 0.00515081 0.00575076 0.0063867 0.00703249 0.00765368 0.00825032 0.00875233 0.00911805 0.0093244 0.00934756 0.0091505 0.00872502 0.00801889 0.00705347 0.00580556 0.00433522 0.00265385 0.000797384 -0.00112836 -0.00309532 -0.00502644 -0.00687989 -0.0085869 -0.0100918 -0.0113393 -0.0122934 -0.0129405 -0.0132892 -0.0133293 -0.0131118 -0.0126879 -0.0120616 -0.011281 -0.0103708 -0.00940618 -0.00839198 -0.00736969 -0.00639254 -0.00547036 -0.00464205 -0.00389465 -0.0032514 -0.00269418 -0.00221652 -0.00181801 -0.00147382 -0.00119641 -0.000970551 -0.00079071 -0.000642223 -0.000525248 -0.000450215 -0.000392563 -0.000353693 
0 6.55124e-05 0.000109409 0.000192 0.000296588 0.000450022 0.000609705 0.000839753 0.00114316 0.00148944 0.00192215 0.00243301 0.00307267 0.00379298 0.00464039 0.00563791 0.00676132 0.0080259 0.00938515 0.0108508 0.012354 0.0138643 0.0153294 0.0166801 0.0178883 0.0188837 0.0196006 0.0199768 0.019992 0.0195945 0.018745 0.0174481 0.0157597 0.0136992 0.0113099 0.00868226 0.00588508 0.00302106 0.000175017 -0.00256972 -0.00514267 -0.00745518 -0.00944651 -0.0110972 -0.0123991 -0.0133125 -0.0138575 -0.0140754 -0.0139759 -0.0136441 -0.0131018 -0.0123808 -0.0115481 -0.0106449 -0.0097203 -0.00879177 -0.00788145 -0.00702688 -0.00622304 -0.00550433 -0.00487 -0.00427498 -0.00376651 -0.00332791 -0.00294889 -0.00265964 -0.00240883 -0.00217596 -0.0019736 -0.00176798 -0.0015498 -0.00130654 -0.000987427 -0.000579244 -7.47885e-05 0.000535428 0.00124045 0.00197546 0.00270939 0.00339671 0.00394958 0.00428593 0.00432954 0.00403322 0.00343025 0.00250154 0.00128199 -9.28501e-05 -0.00155968 -0.0030405 -0.00439554 -0.00558581 -0.00657169 -0.00729482 -0.00778797 -0.00808001 -0.00820718 -0.00824084 -0.00821194 -0.00815662 -0.00811655 -0.00808785 -0.00808776 -0.00809221 -0.00803905 -0.00789286 -0.00757837 -0.00703718 -0.00628086 -0.00527135 -0.00402586 -0.00264051 -0.00114573 0.000376588 0.00179632 0.00307145 0.00414378 0.00492385 0.00539205 0.00555441 0.0054677 0.00519499 0.00478912 0.00432664 0.00388345 0.00348068 0.00313603 0.00286326 0.00267502 0.00254754 0.00247901 0.0024451 0.00242133 0.00243529 0.00247969 0.00255134 0.00269338 0.00287286 0.00310187 0.00342831 0.00381412 0.00428874 0.00485072 0.00546314 0.00615776 0.00693744 0.0077853 0.00869169 0.00961461 0.010533 0.0114118 0.0122177 0.0129135 0.0134061 0.0136746 0.013674 0.0133439 0.0126581 0.0115905 0.0101263 0.00830127 0.00615712 0.00371322 0.00104066 -0.00177052 -0.00461463 -0.00742782 -0.0101138 -0.0125824 -0.0147638 -0.01658 -0.0179837 -0.0189684 -0.0195183 -0.0196269 -0.0193582 -0.0187577 -0.0178826 -0.0167447 -0.0154435 -0.0140433 -0.0125673 -0.011096 -0.00965173 -0.00831685 -0.00707503 -0.00596371 -0.00499261 -0.00413628 -0.00342506 -0.00280287 -0.00229301 -0.0018582 -0.00150993 -0.00123579 -0.000997604 -0.000832502 -0.000701768 -0.000619007 -0.000549786 
0 9.68568e-05 0.000186438 0.000296588 0.000468526 0.000668586 0.000905503 0.00122436 0.00162918 0.00212065 0.00269211 0.00340752 0.00426381 0.0052497 0.00640441 0.00772787 0.0092376 0.0108803 0.0126621 0.0145458 0.0164686 0.0183995 0.0202434 0.0219558 0.0234548 0.0246737 0.0255175 0.0259122 0.0258431 0.0252637 0.0241218 0.0224488 0.0202841 0.0176554 0.0146272 0.0112658 0.00772467 0.00407108 0.000462204 -0.00301857 -0.00630021 -0.00924645 -0.011826 -0.0139818 -0.0157063 -0.0169486 -0.0177263 -0.0180741 -0.0180506 -0.0177001 -0.0171032 -0.0162612 -0.015248 -0.0141451 -0.0129733 -0.0117937 -0.0106282 -0.00951752 -0.00846429 -0.00752479 -0.00665384 -0.00587061 -0.00517149 -0.00457612 -0.00407072 -0.00366797 -0.00331303 -0.00299702 -0.00269417 -0.002399 -0.00209665 -0.00174664 -0.00133323 -0.000786459 -0.000102247 0.000704541 0.00162016 0.00261891 0.00359961 0.00452144 0.00522315 0.00564898 0.00571893 0.00534433 0.00448975 0.00325377 0.00165643 -0.000168376 -0.0021213 -0.00405504 -0.00586778 -0.00745048 -0.00874979 -0.00971 -0.0103912 -0.0107807 -0.0109528 -0.0109807 -0.0109294 -0.0108463 -0.0108145 -0.0107937 -0.0108047 -0.0108002 -0.0107195 -0.0104958 -0.0100826 -0.00937122 -0.00835889 -0.00701234 -0.00538838 -0.00353425 -0.00155217 0.000453837 0.00235676 0.00409264 0.00548263 0.00651097 0.00715814 0.00740036 0.00727157 0.00690864 0.00636095 0.00577755 0.00519066 0.00464926 0.00419883 0.00385512 0.0035872 0.00342477 0.003327 0.00328011 0.00327294 0.00330374 0.00338174 0.00351008 0.0037108 0.0039623 0.00429846 0.0047274 0.00527201 0.00590973 0.00666124 0.00748004 0.00839759 0.00940732 0.0105229 0.011675 0.0128536 0.0140012 0.0150631 0.0160374 0.0168336 0.0173828 0.0176381 0.0175434 0.0170277 0.0160717 0.0146182 0.0127095 0.010341 0.00759903 0.00449688 0.00108774 -0.00247249 -0.0061103 -0.00968896 -0.0131105 -0.0162536 -0.0190264 -0.0213492 -0.023172 -0.0244745 -0.0252495 -0.0254656 -0.0251886 -0.0244941 -0.0234089 -0.0220141 -0.0203766 -0.0186158 -0.0167544 -0.0148648 -0.0130283 -0.0112749 -0.00965747 -0.0081728 -0.00686133 -0.00571116 -0.0047238 -0.00389191 -0.00317871 -0.00259046 -0.00210829 -0.00172106 -0.00140642 -0.00116336 -0.000995449 -0.000868018 -0.000776779 
0 0.000145888 0.000274578 0.000450022 0.000668586 0.000948947 0.00126408 0.00168175 0.00221495 0.00283925 0.00359713 0.00450662 0.00561419 0.00687971 0.00834289 0.0100174 0.0118719 0.013894 0.0160368 0.0182902 0.0205724 0.0228327 0.024991 0.0269584 0.0286669 0.0300153 0.0309047 0.0312591 0.0310632 0.030272 0.0288509 0.0268151 0.024226 0.0211119 0.0175319 0.0136018 0.00944007 0.00518043 0.000950048 -0.00314236 -0.00700362 -0.0105145 -0.0135995 -0.0162174 -0.018344 -0.0199239 -0.0209707 -0.0215316 -0.0216353 -0.0213711 -0.0207778 -0.0198918 -0.018794 -0.0175535 -0.0162286 -0.014857 -0.0134734 -0.0121301 -0.0108429 -0.00966505 -0.00859926 -0.00761472 -0.00675021 -0.00599358 -0.00533244 -0.00478772 -0.00430812 -0.00386949 -0.00347664 -0.00309343 -0.00269533 -0.00224693 -0.00168913 -0.000986186 -0.000130309 0.000881899 0.00203127 0.00324495 0.00445799 0.00558997 0.00649085 0.00702833 0.00708281 0.00657646 0.00553243 0.00397434 0.00197664 -0.000279565 -0.00267468 -0.00507544 -0.00730552 -0.00927653 -0.0109128 -0.012135 -0.0129697 -0.0134538 -0.0136561 -0.0136869 -0.013623 -0.0135353 -0.013486 -0.01347 -0.0134884 -0.0134891 -0.0133821 -0.0131006 -0.0125492 -0.0116479 -0.0103924 -0.00874211 -0.00672369 -0.00444372 -0.0019772 0.000539907 0.00292132 0.00506026 0.00683063 0.00812183 0.00890399 0.00918888 0.00905939 0.00862744 0.00798163 0.00724422 0.00651527 0.00584453 0.00527345 0.00482933 0.00451832 0.00432162 0.00421712 0.00417106 0.00415926 0.00421027 0.00432605 0.00451269 0.00480345 0.00516356 0.00560537 0.0061742 0.00684944 0.00765737 0.00859696 0.0096244 0.0107627 0.0120065 0.0133319 0.0147026 0.0160645 0.0173709 0.0185695 0.0196166 0.0204496 0.0209621 0.0211182 0.0208603 0.0201182 0.0188602 0.017055 0.0147062 0.0118604 0.00858158 0.00489918 0.00089663 -0.0033006 -0.00755897 -0.0117675 -0.0157879 -0.01949 -0.0227727 -0.0255422 -0.0277467 -0.029369 -0.0303789 -0.030747 -0.0305321 -0.0297948 -0.0286027 -0.0270063 -0.0251312 -0.0230788 -0.0208947 -0.0186737 -0.0164685 -0.014367 -0.0123788 -0.010549 -0.00890531 -0.00744092 -0.00618805 -0.00510188 -0.00419038 -0.00342004 -0.00279439 -0.00229119 -0.00187133 -0.00156103 -0.00132483 -0.0011637 -0.00104369 
0 0.000192632 0.00038082 0.000609705 0.000905503 0.00126408 0.001687 0.00222637 0.00290137 0.00370554 0.00465964 0.00581094 0.00717682 0.00873811 0.0105169 0.0125123 0.014703 0.017044 0.0195078 0.0220582 0.0246201 0.0271314 0.0294943 0.0316235 0.033427 0.0348058 0.035657 0.0359091 0.0355464 0.0345331 0.0328334 0.0304769 0.0275191 0.024006 0.0200122 0.0156451 0.0110491 0.00633601 0.00164681 -0.00291118 -0.00723554 -0.0111886 -0.0146976 -0.0177124 -0.0202093 -0.0221411 -0.023511 -0.0243463 -0.0246821 -0.0245716 -0.0240735 -0.0232239 -0.0221106 -0.0208237 -0.0194113 -0.0179199 -0.0163847 -0.0148567 -0.0133717 -0.0119939 -0.0107198 -0.0095499 -0.00849535 -0.00755933 -0.00673462 -0.00603145 -0.00541031 -0.00485366 -0.00434374 -0.00385316 -0.00334582 -0.00276932 -0.00207491 -0.00120654 -0.000156201 0.00106318 0.0024281 0.00388199 0.00532514 0.00665723 0.00769863 0.00831455 0.00837532 0.00777878 0.00651218 0.00465275 0.00228757 -0.000405807 -0.00326755 -0.00611541 -0.00877849 -0.0111211 -0.0130507 -0.0145011 -0.0155048 -0.0160902 -0.0163473 -0.0163898 -0.0163163 -0.016212 -0.0161558 -0.0161373 -0.0161518 -0.0161379 -0.0160033 -0.0156562 -0.0150037 -0.0139387 -0.012431 -0.0104527 -0.0080519 -0.00531964 -0.0023805 0.000605732 0.00345204 0.00601555 0.00811404 0.00966056 0.0106215 0.010997 0.0108611 0.0103571 0.00959637 0.00873384 0.00786136 0.00705139 0.00636801 0.00584398 0.00547299 0.00525294 0.00514193 0.00510388 0.0051195 0.00520077 0.00536498 0.00562704 0.00600539 0.00647541 0.00704998 0.00775128 0.00859074 0.00957412 0.0107062 0.0119431 0.0132863 0.0147176 0.0162132 0.0177164 0.0191901 0.0205788 0.0218246 0.0228839 0.0236605 0.0240597 0.0240334 0.0235355 0.0225128 0.0209396 0.0187782 0.0160464 0.0127766 0.00904827 0.0049051 0.000431963 -0.00422408 -0.00894825 -0.0136107 -0.0180828 -0.0222268 -0.0259256 -0.0290813 -0.0316334 -0.0335545 -0.0348127 -0.0353723 -0.03528 -0.0345995 -0.0333811 -0.0317014 -0.0296717 -0.0274139 -0.024988 -0.0224834 -0.0199828 -0.0175528 -0.0152408 -0.0130813 -0.0111157 -0.00935471 -0.00781578 -0.00648645 -0.00535055 -0.00439767 -0.00361599 -0.00297763 -0.00245194 -0.00204221 -0.00173714 -0.00151641 -0.00136284 
0 0.000263251 0.000530753 0.000839753 0.00122436 0.00168175 0.00222637 0.00290225 0.00373594 0.00473076 0.00590636 0.00730991 0.00894708 0.0108065 0.0128919 0.0151961 0.017691 0.0203217 0.0230555 0.025841 0.028605 0.0312687 0.0337311 0.0359018 0.0376848 0.0389862 0.0397117 0.0398004 0.0392325 0.0379784 0.0360126 0.0333699 0.0301121 0.0263023 0.0220233 0.0173813 0.0125112 0.00751937 0.00253355 -0.00233734 -0.00698059 -0.0112619 -0.0151024 -0.0184547 -0.0212904 -0.0235686 -0.0252776 -0.0264282 -0.0270487 -0.0271768 -0.0268669 -0.0261617 -0.025142 -0.0238973 -0.0224777 -0.0209328 -0.0193067 -0.0176534 -0.0160251 -0.0144796 -0.013023 -0.0116657 -0.0104184 -0.00929557 -0.0083011 -0.00743472 -0.00666546 -0.00596835 -0.00532012 -0.00469523 -0.0040539 -0.00333829 -0.00249358 -0.0014586 -0.000216204 0.001222 0.00281973 0.00450687 0.00616919 0.00768173 0.00885925 0.00954087 0.00958371 0.00888632 0.00742696 0.0052785 0.00254975 -0.000573415 -0.00389051 -0.00718615 -0.0102651 -0.0129654 -0.0151795 -0.0168503 -0.0180032 -0.0186884 -0.0190078 -0.0190808 -0.0190154 -0.0189044 -0.0188241 -0.018786 -0.0187824 -0.0187529 -0.0185973 -0.0181998 -0.0174432 -0.0162132 -0.0144561 -0.0121541 -0.009364 -0.00619117 -0.0027893 0.000655771 0.00394517 0.00690481 0.00934827 0.0111676 0.0123093 0.0127764 0.0126519 0.0120854 0.0112192 0.0102233 0.00921546 0.0082852 0.00749948 0.006894 0.00646762 0.00621813 0.00610446 0.00608867 0.00615007 0.00629095 0.00652649 0.00687583 0.00735011 0.00794058 0.00865829 0.00951756 0.0105319 0.0116972 0.0130061 0.0144219 0.0159302 0.0175089 0.0191234 0.0207102 0.0222241 0.0236062 0.0248014 0.0257579 0.0263779 0.0265724 0.0262897 0.0254946 0.024154 0.0222476 0.0197494 0.0166748 0.0130596 0.00897902 0.00449346 -0.000302804 -0.00526653 -0.0102837 -0.0152336 -0.0199985 -0.0244478 -0.028458 -0.0319234 -0.0347731 -0.0369668 -0.0384671 -0.0392444 -0.0393322 -0.0387868 -0.0376494 -0.0359947 -0.033927 -0.0315661 -0.0289921 -0.0262929 -0.0235631 -0.0208695 -0.0182736 -0.0158174 -0.0135463 -0.011488 -0.0096588 -0.00806304 -0.00668593 -0.00552378 -0.00456236 -0.00377005 -0.00312001 -0.00260536 -0.00222022 -0.00194031 -0.00175306 
0 0.000357761 0.000722123 0.00114316 0.00162918 0.00221495 0.00290137 0.00373594 0.00475244 0.00594898 0.00737393 0.00903201 0.0109478 0.0130966 0.0154676 0.0180597 0.0208133 0.0236983 0.0266411 0.0295944 0.0324768 0.0351875 0.0376425 0.039732 0.0413828 0.042503 0.043019 0.0428853 0.0420759 0.040567 0.038359 0.0354802 0.0320095 0.0280193 0.0235834 0.018822 0.0138199 0.00871222 0.00358562 -0.00144441 -0.00625699 -0.0107526 -0.0148322 -0.0184626 -0.0215977 -0.0241985 -0.0262371 -0.027723 -0.0286628 -0.0291109 -0.0290812 -0.0286285 -0.0278131 -0.0266983 -0.0253587 -0.0238361 -0.0221911 -0.0204813 -0.0187696 -0.0170889 -0.0154837 -0.0139451 -0.0125196 -0.011219 -0.0100582 -0.0090274 -0.0081011 -0.00723515 -0.00642445 -0.00563491 -0.00483 -0.00396363 -0.00294996 -0.00174371 -0.000312913 0.00134409 0.00318106 0.0050915 0.00697527 0.00865804 0.00997268 0.0107133 0.0107209 0.00989949 0.00825412 0.00580848 0.00272084 -0.000806943 -0.00454338 -0.00826992 -0.0117376 -0.0147873 -0.0172923 -0.0191964 -0.0204965 -0.0212854 -0.0216565 -0.0217478 -0.0216811 -0.0215703 -0.0214704 -0.0214296 -0.0214183 -0.0213738 -0.0211821 -0.0207237 -0.0198413 -0.0184384 -0.0164415 -0.0138398 -0.0106733 -0.00708974 -0.00323852 0.000668797 0.0044052 0.00774854 0.0105514 0.0126436 0.0139598 0.0145158 0.0144164 0.013794 0.0128441 0.0117198 0.0105936 0.00956061 0.00868203 0.00799536 0.00752421 0.00723787 0.00712394 0.0071404 0.00726059 0.00749162 0.00783 0.00829028 0.00888184 0.00960679 0.0104683 0.0114991 0.0126804 0.0140227 0.015484 0.0170393 0.0186616 0.0203358 0.0220039 0.0236201 0.0250986 0.0263842 0.0274286 0.0281604 0.0285219 0.028423 0.0278224 0.0266908 0.025011 0.022762 0.0199536 0.0165812 0.0127137 0.00839596 0.00370139 -0.00126342 -0.0063948 -0.0115484 -0.0166396 -0.0215482 -0.0261637 -0.0303691 -0.0340531 -0.0371382 -0.0395723 -0.0413044 -0.0423205 -0.0426395 -0.0422973 -0.041346 -0.0398229 -0.0378429 -0.0354917 -0.0328708 -0.0300746 -0.0271824 -0.0242973 -0.0214596 -0.0187464 -0.0161936 -0.0138431 -0.0117304 -0.00984929 -0.00822184 -0.00682486 -0.00566071 -0.00469703 -0.00390283 -0.00328061 -0.00279984 -0.00245866 -0.00223093 
0 0.000463024 0.000958512 0.00148944 0.00212065 0.00283925 0.00370554 0.00473076 0.00594898 0.00739948 0.0090753 0.0110238 0.0132065 0.015638 0.0182802 0.0211048 0.0240866 0.0271406 0.0302295 0.0332534 0.0361467 0.0388031 0.041124 0.0430344 0.0444487 0.0453068 0.0455492 0.0451464 0.0440673 0.042313 0.0398852 0.0368461 0.0332506 0.0291837 0.0247287 0.0199531 0.0149786 0.00988447 0.00477884 -0.000249155 -0.00509982 -0.00967752 -0.0139133 -0.0177535 -0.0211365 -0.0240302 -0.0263951 -0.0282153 -0.0295355 -0.0303422 -0.0306776 -0.0305585 -0.0300223 -0.0291416 -0.0279658 -0.0265604 -0.0249893 -0.0232967 -0.0215582 -0.0198119 -0.0180769 -0.0164146 -0.0148258 -0.0133577 -0.0120313 -0.010819 -0.00970571 -0.00867182 -0.00767334 -0.00670547 -0.00572544 -0.00466645 -0.00347032 -0.00206652 -0.000417672 0.0014537 0.00349605 0.00564303 0.007739 0.00959915 0.011022 0.011809 0.0117926 0.010863 0.00897095 0.00623778 0.00282339 -0.0010914 -0.00523644 -0.00933641 -0.0131947 -0.0165865 -0.0193681 -0.0214976 -0.0229762 -0.0238594 -0.0242812 -0.0243774 -0.0242996 -0.0241733 -0.0240851 -0.0240545 -0.0240453 -0.0239789 -0.0237441 -0.0231848 -0.0221829 -0.0206127 -0.0183745 -0.0154752 -0.0119832 -0.00798573 -0.00370075 0.000642218 0.00482906 0.00860078 0.0117192 0.0140672 0.0155702 0.0162398 0.0161619 0.0155061 0.0144773 0.0132736 0.0120324 0.0108821 0.00991164 0.00916174 0.00863824 0.00834463 0.008242 0.00829868 0.00850214 0.00882226 0.00927662 0.00987428 0.0105986 0.0114697 0.0124987 0.0136714 0.0150246 0.0165101 0.0180956 0.0197563 0.0214422 0.0231336 0.0247905 0.0263302 0.0276919 0.028796 0.029586 0.0300244 0.0300311 0.0295828 0.0286212 0.0271301 0.0251056 0.0225338 0.0194272 0.0158284 0.0117785 0.00734005 0.00258199 -0.00242349 -0.00755533 -0.0127255 -0.0178117 -0.0227341 -0.0273901 -0.0316687 -0.0354817 -0.0387412 -0.0413812 -0.0433487 -0.0446268 -0.0452137 -0.0451473 -0.0444406 -0.0431606 -0.0413579 -0.0391256 -0.0365638 -0.0337421 -0.0307874 -0.0277543 -0.0247514 -0.0218217 -0.0190246 -0.016424 -0.0140258 -0.0118874 -0.00998604 -0.00835206 -0.00696192 -0.00579706 -0.0048547 -0.00408953 -0.00351666 -0.00308754 -0.00281565 
0 0.000598169 0.0012265 0.00192215 0.00269211 0.00359713 0.00465964 0.00590636 0.00737393 0.0090753 0.0110478 0.0132587 0.0157189 0.0184103 0.0212845 0.0243219 0.0274458 0.0306236 0.0337522 0.036754 0.0395529 0.0420313 0.0441289 0.0457539 0.0468611 0.0473925 0.0473103 0.0466046 0.0452492 0.043252 0.0406642 0.0375187 0.0338884 0.0298461 0.0254508 0.0208024 0.0159471 0.0110227 0.00607093 0.00117663 -0.00357014 -0.00813343 -0.0124204 -0.0163887 -0.0199614 -0.0231055 -0.025773 -0.0279568 -0.0296478 -0.0308699 -0.0315922 -0.0318565 -0.0316857 -0.0311116 -0.0302109 -0.0290222 -0.0276047 -0.0260098 -0.0243216 -0.0225533 -0.0207893 -0.0190345 -0.0173377 -0.0157195 -0.0142116 -0.0128 -0.0114966 -0.0102608 -0.00909117 -0.00794328 -0.00676609 -0.00550909 -0.00407564 -0.00244198 -0.000573455 0.00153387 0.00381622 0.00615185 0.00843829 0.0104467 0.0120011 0.0128335 0.0127565 0.0116826 0.00962534 0.00660524 0.00284562 -0.0014337 -0.0059472 -0.0104476 -0.0146485 -0.0183612 -0.0214257 -0.0237804 -0.0253857 -0.0263724 -0.0268475 -0.0269727 -0.0269083 -0.0267961 -0.0266779 -0.0266364 -0.0266132 -0.0265277 -0.026249 -0.0256325 -0.0244882 -0.0227341 -0.0202696 -0.0170958 -0.0132431 -0.00887609 -0.00416941 0.000623015 0.00523305 0.00935576 0.012839 0.0154624 0.0171384 0.017906 0.0178952 0.0172383 0.0161796 0.014865 0.0135161 0.0122665 0.0111961 0.0103686 0.00983465 0.00954514 0.00949193 0.00961953 0.00989441 0.01032 0.0108896 0.0116205 0.0125018 0.0135439 0.0147278 0.0160669 0.0175354 0.0191374 0.0208004 0.0225125 0.0242077 0.0258577 0.0273932 0.0287761 0.0299059 0.030732 0.0312113 0.0312678 0.0308914 0.0300399 0.0286909 0.0268347 0.0244781 0.0216042 0.018266 0.0144786 0.0103391 0.00587111 0.00115248 -0.00373845 -0.00876453 -0.0137926 -0.0187645 -0.0235786 -0.0281559 -0.03241 -0.0362554 -0.0396222 -0.0424341 -0.0446227 -0.0461782 -0.0470715 -0.0473069 -0.046924 -0.0459348 -0.0444134 -0.0423929 -0.0399813 -0.0372553 -0.0342974 -0.0312285 -0.0281052 -0.0250289 -0.02204 -0.0192067 -0.0165738 -0.0141583 -0.012009 -0.010113 -0.00848344 -0.00710849 -0.00597618 -0.005076 -0.00436901 -0.0038607 -0.0035298 
0 0.000756665 0.00157076 0.00243301 0.00340752 0.00450662 0.00581094 0.00730991 0.00903201 0.0110238 0.0132587 0.0157492 0.0184454 0.021366 0.0244405 0.0276127 0.030841 0.0340379 0.0371364 0.0400153 0.0426181 0.0448411 0.0466195 0.0479013 0.0486352 0.0487884 0.0483411 0.047305 0.0456623 0.0434617 0.0407467 0.0375799 0.0339906 0.0300517 0.0258346 0.0213825 0.0167845 0.0121087 0.00741492 0.00275186 -0.00181728 -0.00625509 -0.0104995 -0.0144975 -0.0181705 -0.021506 -0.0244518 -0.0269602 -0.0290473 -0.0306567 -0.0317963 -0.032477 -0.0327117 -0.0325351 -0.0319836 -0.0310975 -0.0299298 -0.0285149 -0.0269486 -0.0252615 -0.0234998 -0.0217335 -0.0199567 -0.0182207 -0.0165659 -0.01498 -0.0134821 -0.0120702 -0.0106944 -0.00933839 -0.00794795 -0.00645666 -0.0047982 -0.00292877 -0.000806936 0.00153793 0.00403816 0.00661354 0.00909199 0.0112358 0.012846 0.0136893 0.0135791 0.0124087 0.0101293 0.00686178 0.00280892 -0.0018339 -0.00674319 -0.0115966 -0.016159 -0.0201679 -0.0234558 -0.0259906 -0.0277641 -0.0288532 -0.0294069 -0.0295718 -0.0295188 -0.0293913 -0.0292788 -0.0292199 -0.0291687 -0.0290422 -0.028717 -0.0280085 -0.0267724 -0.0248689 -0.0221681 -0.0186888 -0.0145088 -0.00973633 -0.00462835 0.000550262 0.00555777 0.0100766 0.0138568 0.0167448 0.0186449 0.0195772 0.0196315 0.0189725 0.0178565 0.0164891 0.0150481 0.0137014 0.0125636 0.0116976 0.0111379 0.0108704 0.0108614 0.0110669 0.0114625 0.0120064 0.0127194 0.013605 0.0146383 0.0158368 0.017183 0.0186331 0.0202139 0.0218694 0.0235564 0.0252602 0.0268924 0.02841 0.0297548 0.0308601 0.0316735 0.0321435 0.032227 0.0318862 0.0310713 0.0298043 0.0280465 0.0258165 0.0231445 0.0200255 0.0165083 0.0126436 0.00848702 0.00408556 -0.000487274 -0.00519044 -0.00997181 -0.0147779 -0.0195149 -0.0241283 -0.0285386 -0.0326658 -0.0364611 -0.0398522 -0.042771 -0.0451519 -0.0469765 -0.0481869 -0.0487765 -0.0487457 -0.0481353 -0.0469552 -0.0452441 -0.0430905 -0.0405386 -0.0377051 -0.0346541 -0.0315084 -0.0283326 -0.0251989 -0.0221908 -0.0193241 -0.0166809 -0.0142643 -0.0121224 -0.0102427 -0.0086335 -0.00731564 -0.00623456 -0.00540542 -0.00478875 -0.00440371 
0 0.000961119 0.00198073 0.00307267 0.00426381 0.00561419 0.00717682 0.00894708 0.0109478 0.0132065 0.0157189 0.0184454 0.0213627 0.0244675 0.0276842 0.0309488 0.0341888 0.0373421 0.0403049 0.0429725 0.045291 0.0471697 0.0485703 0.049444 0.0497618 0.0495046 0.0486741 0.0473072 0.0454086 0.0430328 0.0402557 0.0371083 0.033624 0.0298637 0.0258866 0.0217469 0.017474 0.0131479 0.00878152 0.00441532 0.000106371 -0.00413517 -0.00824819 -0.0121892 -0.0158941 -0.0193526 -0.0225072 -0.0253061 -0.0277194 -0.0297158 -0.0312653 -0.0323914 -0.0330918 -0.033361 -0.0332299 -0.0327217 -0.0318737 -0.0307283 -0.029374 -0.0278256 -0.0261627 -0.0244244 -0.0226379 -0.0208441 -0.0190863 -0.017361 -0.0156978 -0.0140804 -0.0124947 -0.0109094 -0.00927834 -0.00754982 -0.00564019 -0.00352256 -0.00115665 0.00144945 0.00420721 0.00698692 0.00963916 0.0119117 0.0136086 0.0144621 0.0142799 0.012976 0.0105365 0.00701621 0.00265005 -0.00232193 -0.00756575 -0.0127701 -0.0176355 -0.0219239 -0.0254635 -0.0281964 -0.030096 -0.0312892 -0.0319089 -0.0321176 -0.0320921 -0.0319789 -0.0318402 -0.0317572 -0.0316799 -0.0315203 -0.0311421 -0.0303658 -0.0289934 -0.0269089 -0.0239931 -0.02025 -0.0157356 -0.0106139 -0.00511619 0.000472799 0.00586253 0.0107179 0.0148402 0.0180127 0.0201201 0.0211904 0.021339 0.0207171 0.0195917 0.0181531 0.0166435 0.0152434 0.0140546 0.0131532 0.0125926 0.0123385 0.0123824 0.0126782 0.0131889 0.0138896 0.0147651 0.0158102 0.0169984 0.0183378 0.0197976 0.021348 0.0229692 0.0246313 0.0262681 0.0278721 0.0293571 0.0306677 0.0317353 0.0325131 0.0329362 0.0329827 0.0326291 0.0318263 0.0305739 0.0288786 0.0267315 0.0241624 0.0212186 0.0179125 0.014309 0.0104377 0.00636018 0.00209628 -0.00227583 -0.00670667 -0.0111934 -0.0156693 -0.0200961 -0.0244188 -0.0285782 -0.0325157 -0.0361852 -0.0395382 -0.0425056 -0.0450308 -0.0470965 -0.0486212 -0.0495653 -0.0499298 -0.0497199 -0.048947 -0.0476127 -0.0457951 -0.043534 -0.0409038 -0.0379948 -0.0348931 -0.0316975 -0.0284809 -0.0253294 -0.0222884 -0.0194175 -0.0167711 -0.0143747 -0.0122448 -0.0104022 -0.00886638 -0.00761336 -0.00662763 -0.00591332 -0.00546447 
0 0.00119077 0.00245146 0.00379298 0.0052497 0.00687971 0.00873811 0.0108065 0.0130966 0.015638 0.0184103 0.021366 0.0244675 0.02771 0.0310092 0.0342787 0.0374475 0.0404454 0.0431736 0.0455324 0.0474817 0.0489552 0.049923 0.050353 0.0502304 0.0495568 0.0483612 0.046699 0.0445899 0.0421003 0.0393031 0.0362297 0.0328998 0.0293732 0.0257084 0.02193 0.0180496 0.0141097 0.0101173 0.00610151 0.00210751 -0.0018634 -0.00577308 -0.00958677 -0.0132513 -0.0167611 -0.0200578 -0.0230748 -0.0257799 -0.0281252 -0.0300809 -0.0316493 -0.0328098 -0.0335388 -0.0338536 -0.0337751 -0.0333321 -0.0325508 -0.0314978 -0.030184 -0.0286785 -0.0270414 -0.0253022 -0.023509 -0.0217034 -0.0198851 -0.0180785 -0.0162841 -0.0144845 -0.0126612 -0.010779 -0.00878994 -0.00661882 -0.00423673 -0.00160534 0.00125361 0.00424932 0.00725477 0.0100901 0.0124887 0.0142424 0.0150969 0.0148569 0.0134245 0.010782 0.00702367 0.00238614 -0.00288348 -0.00843997 -0.0139464 -0.0191066 -0.0236598 -0.0274262 -0.0303475 -0.0324061 -0.0337045 -0.0343868 -0.034623 -0.0346034 -0.0344874 -0.0343601 -0.034277 -0.0341835 -0.0339813 -0.0335291 -0.032642 -0.0311396 -0.0288853 -0.0257553 -0.0217526 -0.0169437 -0.0114816 -0.0056198 0.000347716 0.00612 0.0113464 0.0157821 0.0192194 0.0215481 0.0227895 0.0230431 0.0224713 0.0213514 0.0198995 0.0183527 0.0169077 0.0156875 0.0147729 0.0142159 0.013991 0.0140922 0.0144846 0.0151318 0.0159914 0.0170373 0.0182377 0.0195567 0.0209961 0.022528 0.0241146 0.025737 0.0273428 0.0288652 0.0302865 0.0315232 0.0325229 0.0332308 0.0336047 0.0335953 0.0331882 0.032366 0.0311022 0.0294085 0.0273169 0.0248246 0.0219715 0.0188156 0.0153874 0.0117589 0.00796443 0.00403789 -1.01419e-05 -0.00411151 -0.00822596 -0.0123519 -0.0164519 -0.0204989 -0.0244688 -0.0283204 -0.0320117 -0.0355139 -0.0387802 -0.0417495 -0.0443759 -0.046642 -0.0484553 -0.0497528 -0.0505149 -0.0507332 -0.0503911 -0.0494798 -0.048057 -0.0461499 -0.0438175 -0.0411277 -0.0381667 -0.0350269 -0.0317981 -0.0285729 -0.0254016 -0.0223616 -0.0195119 -0.0168934 -0.014527 -0.0124508 -0.0106994 -0.00925089 -0.0081037 -0.0072664 -0.00674098 
0 0.00146588 0.00301189 0.00464039 0.00640441 0.00834289 0.0105169 0.0128919 0.0154676 0.0182802 0.0212845 0.0244405 0.0276842 0.0310092 0.0343225 0.0375139 0.0405261 0.0432732 0.0456803 0.0476544 0.049171 0.0501917 0.0506874 0.050651 0.0500828 0.0490131 0.0474948 0.0455909 0.0433278 0.0407771 0.0379997 0.0350389 0.031903 0.0286486 0.0253324 0.0219389 0.0184784 0.0149495 0.0113697 0.00775379 0.00412399 0.000475637 -0.00318248 -0.00681465 -0.0103756 -0.0138585 -0.0172151 -0.0203717 -0.0233079 -0.0259508 -0.0282763 -0.0302556 -0.0318524 -0.0330385 -0.0338156 -0.0342047 -0.0342208 -0.0338704 -0.0331908 -0.0322011 -0.0309442 -0.0295035 -0.027893 -0.0261635 -0.0243531 -0.0224752 -0.0205555 -0.0186212 -0.0166435 -0.0146114 -0.0124898 -0.0102259 -0.00777102 -0.00509885 -0.00218309 0.000939609 0.00417101 0.00739103 0.0103901 0.0129147 0.0147256 0.0155751 0.0152644 0.0137056 0.010873 0.00690063 0.00201133 -0.00352799 -0.0093682 -0.0151463 -0.0205804 -0.0253832 -0.0293693 -0.0324648 -0.034668 -0.0360581 -0.0368066 -0.0370868 -0.0370931 -0.0369792 -0.0368555 -0.0367528 -0.0366317 -0.0363863 -0.0358689 -0.0348725 -0.0332349 -0.0307997 -0.0274552 -0.0231997 -0.018115 -0.0123319 -0.00612596 0.000202261 0.00633293 0.0119183 0.0166642 0.0203769 0.0229321 0.0243525 0.0247351 0.0242609 0.0231833 0.0217487 0.0201816 0.0187027 0.0174586 0.0165429 0.0160075 0.0158469 0.0160345 0.0165377 0.0173157 0.0183088 0.0194932 0.0208179 0.0222414 0.0237521 0.0253191 0.0268851 0.0284409 0.0299071 0.0312336 0.0323864 0.0332917 0.0338999 0.0341802 0.0340944 0.0336227 0.0327495 0.0314576 0.0297479 0.0276366 0.0251928 0.0224201 0.0193639 0.0160768 0.0126003 0.00900211 0.00533514 0.00160449 -0.00217522 -0.00595506 -0.00971336 -0.0134382 -0.0171312 -0.0207606 -0.0243371 -0.027838 -0.0312428 -0.0345425 -0.0376864 -0.040617 -0.0432977 -0.045708 -0.0477584 -0.049375 -0.0505136 -0.0511604 -0.051261 -0.0508052 -0.0498236 -0.0483301 -0.046376 -0.0439911 -0.0412682 -0.0382751 -0.0351174 -0.0318901 -0.0286445 -0.0254862 -0.0224678 -0.0196567 -0.0170724 -0.0147721 -0.0128095 -0.0111609 -0.00985024 -0.00888 -0.0082704 
0 0.00179685 0.00366162 0.00563791 0.00772787 0.0100174 0.0125123 0.0151961 0.0180597 0.0211048 0.0243219 0.0276127 0.0309488 0.0342787 0.0375139 0.0405512 0.0433064 0.0457362 0.0477484 0.0492924 0.0503426 0.0508817 0.0508978 0.0503957 0.0494041 0.04798 0.0461888 0.0440894 0.0417259 0.0391437 0.0364387 0.0336206 0.0307216 0.0277764 0.024808 0.0218207 0.0187645 0.0156661 0.0125124 0.00931353 0.00607247 0.00276273 -0.000611898 -0.00400831 -0.00740348 -0.010779 -0.0141029 -0.0173338 -0.0204022 -0.0232822 -0.0258994 -0.0282321 -0.0302362 -0.0318621 -0.0331092 -0.0339864 -0.0344777 -0.0345954 -0.034348 -0.0337402 -0.032839 -0.0316697 -0.0302766 -0.0286845 -0.0269319 -0.0250522 -0.0230925 -0.0210544 -0.0189489 -0.0167334 -0.0143776 -0.0118489 -0.00910493 -0.00613487 -0.00294263 0.000452238 0.00394361 0.00736131 0.0105181 0.0131524 0.0150121 0.0158432 0.0154589 0.013773 0.0108066 0.00663645 0.00150589 -0.00427629 -0.0103675 -0.0164263 -0.0220906 -0.0271087 -0.0312952 -0.0345511 -0.0368665 -0.0383702 -0.0391956 -0.0395303 -0.0395716 -0.0394798 -0.0393328 -0.0392032 -0.0390436 -0.0387421 -0.0381419 -0.0370646 -0.0352868 -0.0326722 -0.0291264 -0.0246291 -0.0192411 -0.0131655 -0.00663376 4.32701e-05 0.00650429 0.0123959 0.0174651 0.0214619 0.0242666 0.0258865 0.0264329 0.0260847 0.0250905 0.0236792 0.0221269 0.0206526 0.0194033 0.0185012 0.0180084 0.0179126 0.0181991 0.0188209 0.019711 0.0208333 0.0221196 0.0235288 0.025019 0.0265583 0.0280957 0.0295925 0.0309786 0.0322232 0.0332617 0.034064 0.0345801 0.0347506 0.0345528 0.0339821 0.0330192 0.0316748 0.0299448 0.0278108 0.0253489 0.0225971 0.019613 0.016432 0.0130942 0.00964773 0.00615245 0.00264964 -0.000840131 -0.00431972 -0.00775211 -0.0111136 -0.0144396 -0.0177017 -0.0209243 -0.0240948 -0.0272211 -0.030315 -0.0333638 -0.036346 -0.0391885 -0.0418698 -0.0443636 -0.0465936 -0.0484756 -0.0499697 -0.0510216 -0.05158 -0.0516001 -0.0510885 -0.0500653 -0.04853 -0.0465387 -0.0441208 -0.0413686 -0.0383675 -0.0352018 -0.0319652 -0.0287277 -0.025608 -0.0226365 -0.0198723 -0.0173811 -0.0152081 -0.0133845 -0.0118939 -0.010799 -0.0100914 
0 0.00217382 0.00442473 0.00676132 0.0092376 0.0118719 0.014703 0.017691 0.0208133 0.0240866 0.0274458 0.030841 0.0341888 0.0374475 0.0405261 0.0433064 0.0457449 0.0477711 0.0493465 0.0504179 0.0509712 0.0510202 0.0505572 0.049619 0.048255 0.0465317 0.0445289 0.0422925 0.0398638 0.0373193 0.0347096 0.0320899 0.0294494 0.0268136 0.0242081 0.0215865 0.0189537 0.0162673 0.0135424 0.0107604 0.00789396 0.00493149 0.00186688 -0.00126159 -0.00443072 -0.00763932 -0.0108758 -0.0140769 -0.017217 -0.0202144 -0.0230496 -0.0256721 -0.0280293 -0.0300761 -0.0317775 -0.0331203 -0.0340977 -0.0346954 -0.0349027 -0.0347535 -0.0342409 -0.0334313 -0.0323231 -0.0309488 -0.0293451 -0.0275578 -0.0256088 -0.0235476 -0.0213319 -0.0189542 -0.0163933 -0.0136106 -0.0106032 -0.00735398 -0.00386644 -0.000208917 0.00351252 0.00715968 0.0104689 0.0131948 0.0150711 0.0158888 0.0154563 0.0136788 0.010537 0.00620527 0.000882566 -0.0051291 -0.0114687 -0.01773 -0.0236212 -0.0288299 -0.0331693 -0.0365612 -0.0390366 -0.0406353 -0.0415453 -0.0419424 -0.0420125 -0.0419101 -0.0417834 -0.0416249 -0.041414 -0.0410466 -0.0403652 -0.0391505 -0.0372586 -0.0344902 -0.0307375 -0.0259894 -0.0203529 -0.0139598 -0.00711595 -0.000136738 0.00663592 0.0128717 0.0182164 0.0224871 0.0255581 0.0274287 0.0281685 0.0279692 0.0270617 0.0257468 0.0242415 0.0227878 0.021576 0.020715 0.020257 0.0202279 0.0205832 0.0212943 0.022302 0.0235123 0.0248847 0.0263377 0.0278291 0.0293205 0.0307635 0.0320797 0.0332402 0.0341583 0.0348317 0.03522 0.0352893 0.0349943 0.0343154 0.0332388 0.0317953 0.0299948 0.0278435 0.0253736 0.0226108 0.0196495 0.0165244 0.0132886 0.00997846 0.00663698 0.0033032 2.86254e-05 -0.00320145 -0.00635877 -0.00942442 -0.0124061 -0.015303 -0.0181701 -0.0209825 -0.0237683 -0.0265319 -0.0292904 -0.0320756 -0.0348471 -0.0375655 -0.0402025 -0.0427246 -0.0450739 -0.0471703 -0.0489556 -0.0503882 -0.051372 -0.0518698 -0.0518471 -0.0513006 -0.0502475 -0.0486779 -0.0466578 -0.04422 -0.0414605 -0.0384582 -0.0352832 -0.0320666 -0.0288788 -0.0258153 -0.0229139 -0.0202574 -0.0179218 -0.0159108 -0.0142797 -0.0130438 -0.0122485 
0 0.00260703 0.00526467 0.0080259 0.0108803 0.013894 0.017044 0.0203217 0.0236983 0.0271406 0.0306236 0.0340379 0.0373421 0.0404454 0.0432732 0.0457362 0.0477711 0.049359 0.0504459 0.0510176 0.05106 0.0506133 0.0496982 0.048373 0.0466935 0.044744 0.0425925 0.0402748 0.0378624 0.0353909 0.0329523 0.0305378 0.0281652 0.0258352 0.0235419 0.0212927 0.0190328 0.0167549 0.0144308 0.0120401 0.00954824 0.00693971 0.00420367 0.00138497 -0.00153924 -0.00454633 -0.00762848 -0.0107591 -0.0138508 -0.0169029 -0.019858 -0.0226913 -0.0253408 -0.0277385 -0.0298374 -0.0316239 -0.0330572 -0.0341434 -0.034838 -0.0351464 -0.0350938 -0.0346764 -0.0339313 -0.032864 -0.0314971 -0.029869 -0.0280241 -0.0259594 -0.0237009 -0.0212151 -0.0184878 -0.0154986 -0.0122522 -0.00873009 -0.00498127 -0.00105261 0.00292384 0.00673779 0.010173 0.0129987 0.0149231 0.0157202 0.0152208 0.013336 0.0100969 0.00559675 7.19889e-05 -0.00611602 -0.0126203 -0.0190863 -0.0251312 -0.0305069 -0.035031 -0.0385769 -0.0411446 -0.0428557 -0.0438394 -0.0442879 -0.0444005 -0.0443343 -0.0441738 -0.0439871 -0.0437364 -0.0433009 -0.0425173 -0.0412101 -0.0391473 -0.0361843 -0.0322475 -0.0272961 -0.0213923 -0.0147541 -0.00761419 -0.000302442 0.00677925 0.0132896 0.0189478 0.0235092 0.0268524 0.0289552 0.029917 0.0299291 0.0291886 0.0279595 0.0265332 0.02515 0.0239866 0.0231804 0.0227752 0.0227945 0.0232074 0.0239771 0.0250284 0.0263081 0.0277027 0.0291463 0.0305758 0.0319383 0.0331792 0.0342586 0.0350826 0.0356323 0.0358769 0.0357906 0.0353807 0.0345936 0.0334228 0.031875 0.0299729 0.0277551 0.0252586 0.0224954 0.0195548 0.016458 0.0132892 0.0100741 0.00684202 0.00365714 0.000537812 -0.00248414 -0.00541326 -0.00824117 -0.0109529 -0.0135394 -0.0160512 -0.0185027 -0.0209458 -0.0233634 -0.0257826 -0.028238 -0.0307365 -0.0332918 -0.0358474 -0.0384025 -0.0409073 -0.0433179 -0.0455572 -0.0475752 -0.0493097 -0.0506834 -0.0516269 -0.05208 -0.0520386 -0.051466 -0.0503875 -0.0487983 -0.0467596 -0.0443284 -0.0415606 -0.0385659 -0.035419 -0.0322629 -0.0291496 -0.0261696 -0.0234069 -0.0209195 -0.0187815 -0.0170003 -0.0156637 -0.01478 
0 0.00307713 0.00619781 0.00938515 0.0126621 0.0160368 0.0195078 0.0230555 0.0266411 0.0302295 0.0337522 0.0371364 0.0403049 0.0431736 0.0456803 0.0477484 0.0493465 0.0504459 0.0510263 0.0510869 0.0506288 0.049722 0.0484101 0.0467602 0.044841 0.0427207 0.0404793 0.0381459 0.0357887 0.0334636 0.0312008 0.0290182 0.026901 0.0248525 0.0228733 0.0209434 0.019043 0.0171143 0.0151472 0.0131171 0.0109819 0.0087306 0.00634772 0.00384361 0.00119992 -0.00156941 -0.00446001 -0.00743132 -0.0104402 -0.0134562 -0.0164645 -0.0194205 -0.0222527 -0.0249047 -0.0273281 -0.0294887 -0.0313657 -0.0329251 -0.0340967 -0.0348983 -0.0353034 -0.0353352 -0.0350043 -0.0343055 -0.0332478 -0.031866 -0.0301779 -0.0282205 -0.0259788 -0.0234489 -0.0206197 -0.0174673 -0.0140188 -0.0102666 -0.00626497 -0.00211335 0.00206418 0.00608005 0.00965455 0.012549 0.0144812 0.0152591 0.0147078 0.0127321 0.00935347 0.00474534 -0.000889613 -0.00722015 -0.0138875 -0.0204928 -0.0267087 -0.0322344 -0.0368764 -0.0405401 -0.0432512 -0.0450523 -0.0461139 -0.0466216 -0.0467585 -0.0466871 -0.0465495 -0.0463419 -0.0460356 -0.0455232 -0.0446366 -0.0431723 -0.0409735 -0.0378494 -0.033704 -0.0285196 -0.0223961 -0.0154919 -0.0080918 -0.000522463 0.00684979 0.0136937 0.0196444 0.0244933 0.0281246 0.0305165 0.0317332 0.0319562 0.0313861 0.0303327 0.0290311 0.0277255 0.026636 0.0258874 0.025525 0.025588 0.0260243 0.0268091 0.0278796 0.0291372 0.0304967 0.0318527 0.0331358 0.0342864 0.0352558 0.0359954 0.0364516 0.0365707 0.0363609 0.0357832 0.0348564 0.0335653 0.0319094 0.029912 0.0276221 0.0250685 0.0222947 0.0193504 0.0162845 0.013155 0.0100103 0.00687649 0.00377896 0.000779341 -0.00210059 -0.00483544 -0.00745031 -0.00993464 -0.0122938 -0.014533 -0.0166662 -0.0187631 -0.020844 -0.0229263 -0.0250344 -0.0271902 -0.0294247 -0.0317307 -0.0341015 -0.0365308 -0.0389704 -0.0413924 -0.043719 -0.0458977 -0.047876 -0.0495702 -0.0509156 -0.0518234 -0.0522644 -0.0522021 -0.0516139 -0.0505143 -0.0489207 -0.0468863 -0.0444557 -0.0417103 -0.0387556 -0.0356881 -0.0326142 -0.0296184 -0.0267959 -0.024228 -0.0219736 -0.0201046 -0.0186703 -0.0177234 
