0 0 0 0 0 0 0 0 0 0 0 0 0 0 0 0 0 0 0 0 0 0 0 0 0 0 0 0 0 0 0 0 0 0 0 0 0 0 0 0 0 0 0 0 0 0 0 0 0 0 0 0 0 0 0 0 0 0 0 0 0 0 0 0 0 0 0 0 0 0 0 0 0 0 0 0 0 0 0 0 0 0 0 0 0 0 0 0 0 0 0 0 0 0 0 0 0 0 0 0 0 0 0 0 0 0 0 0 0 0 0 0 0 0 0 0 0 0 0 0 0 0 0 0 0 0 0 0 0 0 0 0 0 0 0 0 0 0 0 0 0 0 0 0 0 0 0 0 0 0 0 0 0 0 0 0 0 0 0 0 0 0 0 0 0 0 0 0 0 0 0 0 0 0 0 0 0 0 0 0 0 0 0 0 0 0 0 0 0 0 0 0 0 0 0 0 0 0 0 0 
0 -0.000639094 -0.00128069 -0.00191734 -0.00254798 -0.0031557 -0.00373952 -0.00428539 -0.00478373 -0.00521823 -0.00556602 -0.00582353 -0.00597112 -0.00602462 -0.00599047 -0.00588046 -0.005694 -0.00542739 -0.00510354 -0.00471649 -0.00430536 -0.0038957 -0.00350669 -0.00313145 -0.00276576 -0.0024343 -0.0021288 -0.00186783 -0.0016518 -0.0014743 -0.00131411 -0.0011671 -0.00104024 -0.000936888 -0.000859104 -0.00079338 -0.000731241 -0.000668473 -0.000618761 -0.000569467 -0.000534746 -0.000515897 -0.000496116 -0.000469453 -0.000435848 -0.000406374 -0.000385726 -0.000372306 -0.000358577 -0.000337971 -0.00031426 -0.000297419 -0.00027469 -0.000268835 -0.000269312 -0.000262616 -0.000255009 -0.000232877 -0.00021154 -0.00020409 -0.000199616 -0.000195639 -0.000186659 -0.000174736 -0.000172261 -0.000168923 -0.000171575 -0.000178392 -0.000197693 -0.000226208 -0.000247083 -0.00027571 -0.000328561 -0.000399618 -0.00049534 -0.000614251 -0.000752995 -0.000909653 -0.00107352 -0.00124979 -0.00143195 -0.00160182 -0.00175226 -0.00187485 -0.00194015 -0.00193323 -0.00184831 -0.00167177 -0.0014006 -0.00106045 -0.000656968 -0.00020391 0.000267243 0.000741577 0.00120583 0.00162694 0.00199554 0.00230444 0.00253949 0.00269895 0.00279013 0.00280184 0.00273124 0.00258095 0.00234043 0.00200737 0.00160557 0.00114232 0.000639669 0.000135238 -0.000354531 -0.000811402 -0.00119549 -0.00149457 -0.00170013 -0.00180097 -0.00181044 -0.00175865 -0.00164947 -0.00149448 -0.00131426 -0.00111673 -0.000915536 -0.000732999 -0.00056901 -0.000428838 -0.000307252 -0.000204679 -0.000135234 -7.44983e-05 -1.04084e-05 3.82041e-05 7.42845e-05 9.65281e-05 0.000105968 0.000119511 0.000130334 0.000146216 0.000158863 0.000163339 0.000164977 0.000164565 0.000171161 0.000185105 0.00019713 0.000217845 0.0002282 0.00022667 0.000230601 0.000233408 0.000250982 0.000272109 0.000282703 0.000287657 0.000298089 0.000312898 0.000335729 0.000361155 0.000387683 0.000406896 0.000422374 0.000441114 0.000466241 0.00051213 0.000559153 0.000599509 0.000641521 0.000701507 0.000776772 0.000876672 0.000992999 0.00111916 0.00125505 0.00140777 0.00159708 0.00181224 0.00205709 0.00229664 0.00253143 0.00276569 0.00298479 0.00317497 0.00330317 0.00335312 0.00327487 0.00305321 0.00268098 0.00213647 0.00140325 0.00047524 -0.000627535 -0.00189023 -0.00326583 -0.00468921 -0.0061043 -0.00746394 -0.00871791 -0.00981046 -0.0106936 -0.0113122 
0 -0.00128069 -0.00255756 -0.00382878 -0.00507351 -0.00628464 -0.00743799 -0.00851664 -0.00949564 -0.0103352 -0.0110183 -0.0115136 -0.0118192 -0.0119319 -0.0118731 -0.0116609 -0.0112785 -0.0107658 -0.0101283 -0.00940056 -0.0086104 -0.00781168 -0.0070479 -0.00628613 -0.00557665 -0.00491759 -0.00432754 -0.00380274 -0.00334859 -0.00297532 -0.00263271 -0.00234256 -0.00209228 -0.00188533 -0.00172101 -0.00157926 -0.00144902 -0.00134392 -0.00125071 -0.0011692 -0.0010878 -0.00102888 -0.000983205 -0.00091669 -0.000873079 -0.000817634 -0.000782876 -0.000751234 -0.000717234 -0.000681581 -0.000653815 -0.000625383 -0.000590471 -0.000559892 -0.000537957 -0.000518926 -0.000490651 -0.000470235 -0.000436983 -0.000427281 -0.000411793 -0.00039421 -0.000369843 -0.000361358 -0.00034139 -0.000342735 -0.000348965 -0.000351964 -0.000370133 -0.000408836 -0.000469905 -0.000563528 -0.000661995 -0.000791871 -0.000997166 -0.00122274 -0.00148771 -0.00178711 -0.00212029 -0.00247957 -0.00285535 -0.00320118 -0.00351702 -0.00373179 -0.00385811 -0.0038539 -0.00368078 -0.00331968 -0.00280267 -0.00210435 -0.00129617 -0.000406421 0.000533541 0.00149689 0.00240715 0.00326497 0.00400859 0.00461464 0.00507837 0.0054121 0.00557736 0.00561087 0.00547699 0.0051644 0.00467198 0.00402298 0.00320237 0.00228443 0.00129475 0.000280234 -0.000709731 -0.0015959 -0.00237668 -0.00297505 -0.00337848 -0.00359132 -0.0036338 -0.00350531 -0.00328026 -0.00295912 -0.00259727 -0.00220559 -0.00182427 -0.00146962 -0.00114667 -0.000847474 -0.000616476 -0.000406244 -0.000231214 -0.000105322 -6.90176e-06 7.45132e-05 0.000142576 0.000196832 0.000222163 0.000236368 0.000270035 0.000288893 0.000305488 0.000315077 0.000329708 0.000338769 0.000365411 0.000367736 0.000383933 0.000402699 0.00042058 0.000435107 0.00045165 0.000468899 0.00050068 0.000531733 0.000555521 0.000576059 0.000601775 0.000646047 0.0006675 0.000714204 0.00075189 0.000798743 0.000853279 0.000900426 0.000961645 0.00104296 0.00113227 0.00122083 0.00131929 0.0014471 0.00159921 0.00177185 0.00199768 0.00223869 0.0025256 0.00284706 0.00321835 0.00364974 0.00410979 0.00459345 0.00505657 0.00552439 0.00595133 0.00629376 0.00652442 0.00658291 0.00641084 0.00594828 0.00518846 0.00408806 0.00261054 0.000767287 -0.00141411 -0.00389037 -0.0065841 -0.0093728 -0.0121499 -0.0148232 -0.0172825 -0.019416 -0.0211285 -0.0223229 
0 -0.00191734 -0.00382878 -0.00571018 -0.00756122 -0.00934456 -0.0110499 -0.0126297 -0.0140488 -0.0152674 -0.0162426 -0.0169778 -0.0174298 -0.0176228 -0.0175537 -0.0172402 -0.0166925 -0.0159337 -0.0150426 -0.0140063 -0.0128926 -0.0117419 -0.0106035 -0.0094887 -0.00842419 -0.00747527 -0.00660093 -0.00581611 -0.00512078 -0.00452679 -0.00401076 -0.00357264 -0.00320753 -0.00289574 -0.00263144 -0.0023972 -0.00219748 -0.00203105 -0.00191182 -0.00178051 -0.00165569 -0.00155475 -0.00146411 -0.00138487 -0.0013141 -0.00125231 -0.00119252 -0.0011309 -0.00106952 -0.00101378 -0.000973664 -0.000952147 -0.000894764 -0.000849671 -0.000808168 -0.000761845 -0.000737279 -0.000698544 -0.000661592 -0.000644198 -0.000617249 -0.000585871 -0.000552799 -0.000529511 -0.00053464 -0.000530841 -0.00052465 -0.000517052 -0.000546171 -0.000619376 -0.000703513 -0.000826583 -0.00101044 -0.00122992 -0.00150128 -0.00182715 -0.00221594 -0.00267357 -0.00317725 -0.00372763 -0.00429173 -0.00480937 -0.00525501 -0.00560254 -0.00578455 -0.00576102 -0.00550928 -0.00498838 -0.00418851 -0.00317042 -0.00195985 -0.000603972 0.000808741 0.00223034 0.00361582 0.0048796 0.00598891 0.00691735 0.00762571 0.0081062 0.00837234 0.00840056 0.00818308 0.00772487 0.00700085 0.00600633 0.0048004 0.00341356 0.00191294 0.000405296 -0.00105293 -0.0024038 -0.0035461 -0.00444146 -0.00506372 -0.00538201 -0.00542514 -0.00526391 -0.00492024 -0.00443661 -0.00388335 -0.00329764 -0.0027222 -0.002205 -0.00173464 -0.0013114 -0.00092535 -0.000586947 -0.000348006 -0.000162765 1.40559e-06 0.00011698 0.000206541 0.000276181 0.00032266 0.000374433 0.00040662 0.000436007 0.000456425 0.000471484 0.000497163 0.00052269 0.000550477 0.000568327 0.000567911 0.000596734 0.00062782 0.000654843 0.000698121 0.00072055 0.0007568 0.00079448 0.000821874 0.000858731 0.000918287 0.000974708 0.0010224 0.00106477 0.00112368 0.00119747 0.00128556 0.00137628 0.00145889 0.00157423 0.00170016 0.00184043 0.00201219 0.00222802 0.00245622 0.00272085 0.00303609 0.00341394 0.0038575 0.0043544 0.00492081 0.0055287 0.00620612 0.00689242 0.00758333 0.00826031 0.00885212 0.0093094 0.00956458 0.00959054 0.00926489 0.00853113 0.00735213 0.00566759 0.00344748 0.000702058 -0.00249832 -0.00610793 -0.0100136 -0.0140584 -0.0180955 -0.0219807 -0.0255472 -0.0286178 -0.0310603 -0.0327501 
0 -0.00254798 -0.00507351 -0.00756122 -0.00998068 -0.0123168 -0.0145233 -0.0165579 -0.0183731 -0.0199159 -0.0211722 -0.0221097 -0.0227209 -0.0229876 -0.0229212 -0.0225405 -0.0218406 -0.0209068 -0.0197785 -0.0185005 -0.017098 -0.0156349 -0.0141812 -0.0127249 -0.0113652 -0.0101165 -0.00898185 -0.00794046 -0.00700451 -0.00620888 -0.00550281 -0.00491282 -0.00440775 -0.00397154 -0.00359885 -0.00327041 -0.00298397 -0.00276069 -0.00257416 -0.00240388 -0.00223084 -0.002092 -0.00198066 -0.00185556 -0.00177016 -0.00167274 -0.00159558 -0.00151569 -0.00143232 -0.0013555 -0.0013022 -0.0012535 -0.00118855 -0.00112547 -0.00107453 -0.00103166 -0.000983739 -0.000945727 -0.000889722 -0.000862519 -0.000825049 -0.000783628 -0.000736736 -0.00071795 -0.000691856 -0.000695781 -0.000707641 -0.0007167 -0.000755475 -0.000835008 -0.000954309 -0.00113105 -0.00133441 -0.0016034 -0.00200049 -0.00245202 -0.00298083 -0.00358106 -0.00424652 -0.00496274 -0.00570489 -0.00639316 -0.0070095 -0.00744545 -0.00769469 -0.00768201 -0.00733984 -0.00663028 -0.00559432 -0.00421494 -0.00260385 -0.000823731 0.00105574 0.00297246 0.00479842 0.00650494 0.00799002 0.00920587 0.0101374 0.0107962 0.0111305 0.011184 0.010905 0.0102734 0.00928676 0.00797914 0.00634907 0.00451667 0.00254563 0.000533247 -0.00142263 -0.00318735 -0.00472438 -0.00591054 -0.00671519 -0.00713994 -0.00722237 -0.00698319 -0.00653704 -0.00590645 -0.00518597 -0.00440899 -0.00364716 -0.00293905 -0.00229509 -0.00170847 -0.00123723 -0.000819644 -0.000477872 -0.00022418 -2.26317e-05 0.00014082 0.000276536 0.000385062 0.000445375 0.000486217 0.000546128 0.000580563 0.000607804 0.000626604 0.000658027 0.000687987 0.00073923 0.000752101 0.00077758 0.000812184 0.00085176 0.000890201 0.000930583 0.000964637 0.00101466 0.00106518 0.00111055 0.00116168 0.00122883 0.001317 0.00136711 0.00144492 0.00151828 0.00161795 0.00173984 0.00185219 0.00197598 0.00212592 0.00229609 0.00248865 0.00272489 0.0030206 0.00334843 0.00370544 0.00415239 0.00466191 0.00527457 0.00595317 0.00669362 0.00750057 0.00834821 0.00923547 0.0100975 0.0109344 0.0116405 0.0121297 0.012362 0.0122603 0.011727 0.0106555 0.00901208 0.00672615 0.0037589 0.0001602 -0.0039954 -0.00862655 -0.0136132 -0.0187678 -0.023908 -0.0288488 -0.0333611 -0.037222 -0.0402634 -0.0423516 
0 -0.0031557 -0.00628464 -0.00934456 -0.0123168 -0.0151501 -0.0178119 -0.0202407 -0.0223929 -0.0242311 -0.0257188 -0.0268533 -0.0275863 -0.0279266 -0.0278715 -0.0274443 -0.0266692 -0.0255969 -0.0243176 -0.0228319 -0.0212079 -0.0195032 -0.0177833 -0.016071 -0.0144191 -0.0128997 -0.0114825 -0.0101846 -0.00902097 -0.0080116 -0.00712153 -0.00634787 -0.00568241 -0.00511129 -0.00462934 -0.00421016 -0.00384601 -0.00353138 -0.00327868 -0.00303793 -0.00282811 -0.00266427 -0.00251639 -0.00236843 -0.00223011 -0.00210817 -0.00200615 -0.00191192 -0.00181519 -0.00171738 -0.00163239 -0.00156796 -0.00147836 -0.00141319 -0.00136165 -0.00130394 -0.00125248 -0.00117995 -0.00110724 -0.00106712 -0.00102858 -0.00098623 -0.000937488 -0.000896679 -0.000881461 -0.000870497 -0.000872469 -0.000888171 -0.000954189 -0.00106952 -0.0012043 -0.00139377 -0.00166988 -0.00202846 -0.00249699 -0.00306225 -0.00372501 -0.00448133 -0.00530881 -0.00620177 -0.00711734 -0.0079744 -0.00872293 -0.00929674 -0.00960449 -0.00957202 -0.00914749 -0.00827839 -0.00696412 -0.0052736 -0.00326811 -0.00102973 0.00131997 0.0036929 0.00599385 0.00810525 0.00995549 0.0114923 0.0126682 0.0134714 0.0139044 0.0139463 0.013577 0.012791 0.0115662 0.00991028 0.00789849 0.00560516 0.00313761 0.000645462 -0.00176494 -0.00398331 -0.00587237 -0.00734815 -0.00836191 -0.0088851 -0.00896542 -0.00869685 -0.00814326 -0.00737021 -0.00647186 -0.00550779 -0.0045488 -0.00366391 -0.00286326 -0.00215487 -0.00153876 -0.00101215 -0.000615948 -0.000299149 -2.14363e-05 0.00019332 0.000356877 0.000473808 0.000545282 0.000615085 0.000674676 0.000731543 0.000774412 0.000802437 0.00083285 0.000863436 0.000905607 0.00094293 0.000973961 0.00103305 0.00108563 0.00112203 0.00116865 0.00120421 0.00127076 0.00134638 0.00140625 0.00146479 0.00154421 0.00163286 0.00172357 0.00182316 0.00193653 0.00205905 0.00219396 0.00233843 0.00249729 0.00271028 0.00294406 0.00319843 0.00350154 0.00387999 0.0043063 0.00479789 0.00537257 0.00603533 0.00679389 0.00762982 0.00854963 0.0095225 0.010558 0.0115869 0.0125809 0.0135001 0.0142362 0.0147015 0.0148113 0.0145131 0.0136631 0.0121798 0.010015 0.00710394 0.00342657 -0.000968712 -0.00597056 -0.0114967 -0.0174 -0.0234781 -0.0295208 -0.0353018 -0.040559 -0.0450321 -0.0485386 -0.0509345 
0 -0.00373952 -0.00743799 -0.0110499 -0.0145233 -0.0178119 -0.0208618 -0.0236266 -0.0260675 -0.0281474 -0.0298441 -0.0311265 -0.0319702 -0.0323668 -0.0323363 -0.031908 -0.0310973 -0.02997 -0.028578 -0.0269612 -0.0251751 -0.0232986 -0.0213972 -0.0194722 -0.0175954 -0.0158134 -0.0141431 -0.0125998 -0.0112086 -0.0099869 -0.0088861 -0.00791384 -0.0070664 -0.00634302 -0.0057386 -0.00521858 -0.0047601 -0.00436613 -0.00402834 -0.00372963 -0.0034671 -0.0032575 -0.00307223 -0.00287623 -0.00270585 -0.00255055 -0.00242868 -0.00231874 -0.00220598 -0.00209318 -0.00199711 -0.0019095 -0.00180933 -0.00172027 -0.00164658 -0.00157656 -0.00150247 -0.00142608 -0.0013451 -0.00129467 -0.00124628 -0.00119358 -0.00113531 -0.0010948 -0.00106001 -0.0010481 -0.00105204 -0.00106962 -0.00113534 -0.00126046 -0.00143823 -0.00168849 -0.00200896 -0.00243188 -0.00300273 -0.00367692 -0.00446187 -0.00535571 -0.00634653 -0.0074147 -0.00851241 -0.00954383 -0.0104468 -0.0111126 -0.0114771 -0.0114452 -0.0109335 -0.0098899 -0.00833648 -0.00630459 -0.00390606 -0.0012437 0.00156775 0.0044197 0.00716603 0.00971051 0.0119371 0.0137718 0.0151786 0.0161498 0.0166527 0.0167001 0.0162515 0.0152856 0.0137983 0.0118214 0.0094024 0.00666923 0.00373931 0.000761717 -0.0021191 -0.0047436 -0.00700049 -0.00875821 -0.00995893 -0.0105929 -0.0107092 -0.010377 -0.00971303 -0.00879112 -0.00772339 -0.00658056 -0.00545078 -0.00439603 -0.00343508 -0.00257419 -0.00184687 -0.0012215 -0.000717986 -0.000328302 -1.48902e-05 0.000232116 0.00042674 0.000572637 0.000663216 0.000735784 0.000816077 0.000879521 0.000929281 0.000965236 0.00100512 0.00104653 0.00110051 0.00113267 0.00117276 0.00123026 0.00128989 0.00134191 0.0013954 0.00145056 0.00153374 0.00162684 0.0017074 0.00178172 0.00186934 0.00197726 0.00208052 0.00221306 0.0023529 0.0025073 0.0026769 0.00285534 0.00307195 0.00334663 0.00365423 0.00398341 0.00436203 0.00482438 0.00536168 0.00597979 0.00670442 0.00751219 0.00841974 0.00940891 0.0104822 0.0116263 0.0127996 0.0139437 0.0149894 0.0159067 0.0165876 0.0169253 0.0168389 0.0162308 0.0149801 0.012998 0.01026 0.0067216 0.00236772 -0.00273317 -0.0084755 -0.0147479 -0.0213916 -0.0281821 -0.0348863 -0.0412604 -0.0470238 -0.0519151 -0.0557386 -0.0583475 
0 -0.00428539 -0.00851664 -0.0126297 -0.0165579 -0.0202407 -0.0236266 -0.026675 -0.0293545 -0.0316355 -0.0334906 -0.0348921 -0.0358195 -0.0362768 -0.0362911 -0.0358913 -0.0350977 -0.0339592 -0.0325271 -0.0308441 -0.0289742 -0.0269957 -0.024962 -0.0228843 -0.0208213 -0.0188316 -0.0169431 -0.0151795 -0.013569 -0.0121247 -0.0108174 -0.00965123 -0.00862852 -0.0077455 -0.00699042 -0.00633438 -0.0057613 -0.00527131 -0.00485356 -0.00448229 -0.00415345 -0.00387924 -0.00364009 -0.00341268 -0.0032136 -0.00303561 -0.00288009 -0.0027322 -0.00258594 -0.00245242 -0.00234406 -0.00224651 -0.00213374 -0.00202303 -0.00192532 -0.0018382 -0.00175716 -0.00167589 -0.00159233 -0.00152619 -0.00146028 -0.00139005 -0.0013243 -0.00128172 -0.00125603 -0.0012449 -0.00124305 -0.00126037 -0.00133486 -0.00147891 -0.00168925 -0.00198285 -0.00236973 -0.00287173 -0.00351879 -0.00429322 -0.00520183 -0.0062432 -0.00740235 -0.00864884 -0.00991893 -0.0111134 -0.01215 -0.0129231 -0.013341 -0.0132998 -0.0127076 -0.0115057 -0.00970327 -0.00735272 -0.00456446 -0.00146313 0.00181233 0.00512605 0.00832595 0.0112841 0.0138799 0.0160269 0.0176744 0.0188005 0.0193822 0.0194154 0.0188718 0.0177318 0.0159916 0.0136815 0.0108718 0.007693 0.00429294 0.000845993 -0.00247889 -0.00551231 -0.00811003 -0.0101407 -0.011534 -0.0122757 -0.0124172 -0.0120478 -0.0112823 -0.0102188 -0.008977 -0.00765366 -0.00634722 -0.00512788 -0.00401974 -0.00302702 -0.00216624 -0.00143118 -0.000842368 -0.000384674 -2.13804e-05 0.000262998 0.000483852 0.000652796 0.000773479 0.000873222 0.000963964 0.00103251 0.0010824 0.00112454 0.0011758 0.00123634 0.00130121 0.00134379 0.00138435 0.00144282 0.00151313 0.00158551 0.00165923 0.00173011 0.00181707 0.00191146 0.00200191 0.0020983 0.00221557 0.00234786 0.00247705 0.00262378 0.00278751 0.00297649 0.0031894 0.00341909 0.00368623 0.00401345 0.00438733 0.00480402 0.00528836 0.00586515 0.00652851 0.00728595 0.00815464 0.00912011 0.0101812 0.0113203 0.0125317 0.0137945 0.0150576 0.0162417 0.0172727 0.0181 0.0186228 0.0187315 0.0183312 0.0173179 0.0155745 0.0130342 0.00968905 0.00552485 0.000547437 -0.00517253 -0.0115248 -0.0183836 -0.0255678 -0.0328371 -0.0399452 -0.0466451 -0.0526708 -0.0577749 -0.0617643 -0.0644856 
0 -0.00478373 -0.00949564 -0.0140488 -0.0183731 -0.0223929 -0.0260675 -0.0293545 -0.032226 -0.0346603 -0.0366242 -0.0381133 -0.0391091 -0.039636 -0.0397145 -0.0393666 -0.0386254 -0.0375195 -0.0361161 -0.0344428 -0.0325681 -0.0305534 -0.0284387 -0.0262676 -0.0240777 -0.0219457 -0.0198865 -0.0179308 -0.0161098 -0.0144397 -0.0129299 -0.0115729 -0.0103728 -0.00931516 -0.00838415 -0.00756669 -0.00686233 -0.00626194 -0.00575598 -0.00529888 -0.00489466 -0.004548 -0.00424669 -0.00398739 -0.00374992 -0.00354475 -0.00335082 -0.00316575 -0.00298872 -0.00283279 -0.00270199 -0.00258641 -0.00245669 -0.00233124 -0.00221938 -0.00211802 -0.00203079 -0.0019342 -0.00184367 -0.00176013 -0.00168075 -0.00159753 -0.00152475 -0.00146669 -0.00144315 -0.00142865 -0.00143033 -0.00146345 -0.00155615 -0.00172063 -0.00195469 -0.00227296 -0.00271397 -0.00329319 -0.00402144 -0.00491466 -0.00595673 -0.00714455 -0.00845952 -0.00987037 -0.0113013 -0.012658 -0.0138263 -0.0147138 -0.0151848 -0.0151313 -0.0144569 -0.0130994 -0.0110465 -0.00838961 -0.00522206 -0.00168889 0.00204667 0.00581919 0.00948101 0.0128509 0.0158111 0.0182644 0.0201464 0.0214199 0.0220866 0.0221059 0.0214648 0.0201455 0.0181442 0.0154895 0.0122948 0.00867856 0.00482155 0.000921237 -0.00283218 -0.00626973 -0.00919558 -0.0114912 -0.0130707 -0.0139145 -0.0140753 -0.0136755 -0.0128149 -0.0116268 -0.0102259 -0.00873218 -0.00724508 -0.00584821 -0.00457786 -0.00345714 -0.00247334 -0.00164698 -0.000986982 -0.000460336 -3.67493e-05 0.000297321 0.000556675 0.000749667 0.000892713 0.00101229 0.00110514 0.0011849 0.00124119 0.0012916 0.00134918 0.00142207 0.00149129 0.00155428 0.00160362 0.00167274 0.00175266 0.00183603 0.00192294 0.00200699 0.00210167 0.00220412 0.00230806 0.00242738 0.00257577 0.00273132 0.00289581 0.00305806 0.00325158 0.00347928 0.00374205 0.00403662 0.00436293 0.00474848 0.00519255 0.0057067 0.00631463 0.00702534 0.00782655 0.00872882 0.0097342 0.0108568 0.012069 0.0133494 0.0146718 0.0159933 0.0172745 0.0184154 0.0193552 0.0200048 0.0202646 0.0200285 0.0191927 0.0176764 0.0153714 0.0122412 0.00828324 0.00351393 -0.00202966 -0.00827374 -0.015095 -0.0223579 -0.0298626 -0.037367 -0.0446242 -0.0513966 -0.0574521 -0.0625691 -0.0665676 -0.069293 
0 -0.00521823 -0.0103352 -0.0152674 -0.0199159 -0.0242311 -0.0281474 -0.0316355 -0.0346603 -0.0371939 -0.0392397 -0.040779 -0.041846 -0.0424396 -0.0425923 -0.0423197 -0.0416457 -0.0406341 -0.0393042 -0.037723 -0.0359084 -0.0339206 -0.0318011 -0.0295899 -0.0273569 -0.0251253 -0.0229456 -0.0208273 -0.0188148 -0.0169406 -0.0152249 -0.0136711 -0.012276 -0.0110289 -0.00991931 -0.00894314 -0.00809244 -0.00737519 -0.00674335 -0.00619748 -0.00571047 -0.00528871 -0.00492908 -0.00460355 -0.00431888 -0.00406262 -0.00383617 -0.0036294 -0.00343296 -0.00325318 -0.00309761 -0.00294027 -0.00280266 -0.00266187 -0.00253742 -0.00242833 -0.00230712 -0.00219441 -0.0020871 -0.00199115 -0.00190876 -0.00182437 -0.00174225 -0.00167904 -0.00162221 -0.00160381 -0.00161291 -0.00166372 -0.0017678 -0.00194276 -0.0022097 -0.00257629 -0.00305099 -0.00369623 -0.00453316 -0.00553993 -0.0067076 -0.00803119 -0.00949796 -0.0110641 -0.0126579 -0.0141753 -0.0154943 -0.0164707 -0.0169966 -0.0169399 -0.0161745 -0.0146467 -0.0123749 -0.00939549 -0.00585707 -0.00191917 0.00226758 0.00651253 0.0106078 0.0144067 0.0177384 0.0204857 0.0225959 0.0240356 0.0247591 0.0247693 0.0240318 0.0225138 0.0202353 0.0172607 0.0136641 0.00962891 0.00534406 0.000995848 -0.00319013 -0.00699166 -0.010256 -0.0128082 -0.0145553 -0.0155007 -0.0157008 -0.0152482 -0.0143005 -0.0129897 -0.0114451 -0.00978951 -0.00813722 -0.00656851 -0.00513547 -0.00386069 -0.00277572 -0.00186984 -0.00111188 -0.000511301 -4.02195e-05 0.000341564 0.00064016 0.000860819 0.00101911 0.00113151 0.00124589 0.00133801 0.00141452 0.0014798 0.00154116 0.00161114 0.00168342 0.00174535 0.00182317 0.00190156 0.00199141 0.00208611 0.00216876 0.00227415 0.00238714 0.00251237 0.00264389 0.00278289 0.00293981 0.00312115 0.00330664 0.0035166 0.00374815 0.00402405 0.00434313 0.00469724 0.00511143 0.00557692 0.00612156 0.00675006 0.0074844 0.00832714 0.00927564 0.0103178 0.0114693 0.012724 0.0140653 0.0154554 0.0168352 0.0181733 0.0193799 0.0204074 0.0211537 0.0215293 0.0214246 0.0207207 0.0193553 0.0172356 0.0143286 0.010591 0.00603893 0.000712163 -0.00533261 -0.011984 -0.0191266 -0.0265881 -0.0341806 -0.0416733 -0.0488353 -0.0554568 -0.0613318 -0.0662834 -0.070141 -0.0727676 
0 -0.00556602 -0.0110183 -0.0162426 -0.0211722 -0.0257188 -0.0298441 -0.0334906 -0.0366242 -0.0392397 -0.0413269 -0.0429269 -0.0440408 -0.0447082 -0.0449376 -0.0447442 -0.0441873 -0.0432821 -0.0420939 -0.0406295 -0.0389348 -0.0370402 -0.0349716 -0.0328144 -0.0305729 -0.0283097 -0.0260415 -0.023813 -0.0216665 -0.0196179 -0.0177216 -0.0159629 -0.0143624 -0.0129265 -0.0116413 -0.010502 -0.00950294 -0.00862086 -0.00785791 -0.00718572 -0.00661432 -0.00611485 -0.0056685 -0.00528639 -0.00492257 -0.00462099 -0.00435256 -0.00411608 -0.00389529 -0.00369082 -0.00349435 -0.00331648 -0.00315292 -0.00300364 -0.00286549 -0.00272837 -0.00259776 -0.00245475 -0.00233779 -0.00222909 -0.00213888 -0.00204695 -0.00196638 -0.00188214 -0.00184321 -0.00181001 -0.00180247 -0.00185501 -0.00197624 -0.00217569 -0.00246869 -0.00286441 -0.00342858 -0.00416514 -0.00505366 -0.00615778 -0.0074464 -0.00891121 -0.0105342 -0.0122704 -0.0140206 -0.0156922 -0.0171256 -0.0182208 -0.0187884 -0.018706 -0.0178624 -0.0161942 -0.013668 -0.010408 -0.00650392 -0.00213501 0.00249555 0.00716771 0.0117232 0.0159149 0.0196094 0.0226849 0.0250422 0.0266139 0.0274202 0.0273828 0.0265154 0.024813 0.0222795 0.0189564 0.0150046 0.0105441 0.00581083 0.00103902 -0.00353648 -0.00772609 -0.0112783 -0.0140745 -0.0160069 -0.0170536 -0.0172669 -0.0168035 -0.0157661 -0.0143363 -0.0126348 -0.010824 -0.0090104 -0.00728692 -0.00571338 -0.00432821 -0.00309137 -0.00206424 -0.00123872 -0.000569308 -3.52053e-05 0.000389199 0.000710269 0.000939885 0.00112309 0.0012756 0.00138713 0.00150097 0.00158955 0.00167037 0.00173974 0.00181443 0.0018763 0.00196222 0.00204189 0.00214014 0.00224302 0.0023433 0.00244401 0.00255987 0.00269326 0.00284239 0.00299768 0.00315789 0.00333528 0.00352248 0.00375948 0.00400397 0.00430101 0.00463083 0.00499648 0.00542637 0.00591975 0.00649846 0.00716535 0.00792719 0.00879507 0.00976972 0.0108595 0.0120637 0.0133478 0.0147321 0.0161538 0.0175912 0.0189833 0.0202498 0.0213361 0.0221346 0.0225936 0.0225759 0.0219896 0.0207432 0.0187503 0.0159933 0.0124371 0.00810281 0.00299275 -0.00283172 -0.00926971 -0.0162148 -0.0235039 -0.0309752 -0.0384312 -0.0456855 -0.0525425 -0.0588095 -0.0643312 -0.0689475 -0.0725295 -0.0749548 
0 -0.00582353 -0.0115136 -0.0169778 -0.0221097 -0.0268533 -0.0311265 -0.0348921 -0.0381133 -0.040779 -0.0429269 -0.0445599 -0.0457354 -0.046458 -0.0467669 -0.0466854 -0.0462483 -0.0455065 -0.0444512 -0.0431478 -0.0415986 -0.0398444 -0.037909 -0.0358394 -0.033672 -0.0314084 -0.029125 -0.0268504 -0.0246245 -0.0224597 -0.0204032 -0.0184615 -0.0166669 -0.0150371 -0.0135679 -0.0122527 -0.0110697 -0.0100323 -0.00909975 -0.00830766 -0.00761967 -0.00701227 -0.00648321 -0.00601507 -0.00559995 -0.00523514 -0.00491464 -0.00463115 -0.00437125 -0.0041348 -0.00392244 -0.00370495 -0.00353046 -0.00334849 -0.00318085 -0.00303504 -0.00288341 -0.00274834 -0.00262538 -0.00249588 -0.00237996 -0.00227082 -0.00217595 -0.00210252 -0.00203984 -0.00201781 -0.00202304 -0.00208246 -0.00219797 -0.00240768 -0.00274714 -0.0032103 -0.00380145 -0.00459004 -0.00558348 -0.00678885 -0.00819469 -0.00979975 -0.0115784 -0.0134675 -0.0153751 -0.0171893 -0.0187554 -0.0199158 -0.020532 -0.0204525 -0.0195263 -0.017695 -0.014968 -0.0113888 -0.00712638 -0.00237317 0.00269176 0.00782794 0.012798 0.0174177 0.0214811 0.0248423 0.0274214 0.0291609 0.0300085 0.0299558 0.0289822 0.0270646 0.0242424 0.0206082 0.016258 0.0114001 0.00626666 0.0010708 -0.00391285 -0.00842349 -0.0122831 -0.0153046 -0.0173853 -0.0185366 -0.0188107 -0.0183089 -0.0171985 -0.0156495 -0.0138127 -0.011847 -0.00988053 -0.00800553 -0.0062826 -0.00474533 -0.00341927 -0.00231158 -0.00136966 -0.000620262 -4.75331e-05 0.000406753 0.000765081 0.00103873 0.00125651 0.00141066 0.00155037 0.0016603 0.00175241 0.00183772 0.00192096 0.0020149 0.00210375 0.0021918 0.00229354 0.00238554 0.0024935 0.00261667 0.00272788 0.00287689 0.00302136 0.00318198 0.00336144 0.00355246 0.00375727 0.00399151 0.00425549 0.00456043 0.00490488 0.00529974 0.00574167 0.00624542 0.00684924 0.00753036 0.00833072 0.00923388 0.0102421 0.0113529 0.0125898 0.0139343 0.0153586 0.0168319 0.0182988 0.0197241 0.0210353 0.0221778 0.023027 0.0235267 0.0235654 0.0230408 0.0218803 0.020001 0.0173689 0.013933 0.00974842 0.00482751 -0.000787027 -0.00701163 -0.0137371 -0.0208137 -0.028098 -0.0353874 -0.0425223 -0.0493494 -0.0557144 -0.061469 -0.0664748 -0.070626 -0.0738089 -0.0759499 
0 -0.00597112 -0.0118192 -0.0174298 -0.0227209 -0.0275863 -0.0319702 -0.0358195 -0.0391091 -0.041846 -0.0440408 -0.0457354 -0.0469496 -0.0477362 -0.0481285 -0.0481586 -0.0478774 -0.0472816 -0.0464002 -0.045258 -0.0438964 -0.0423294 -0.0405578 -0.0386455 -0.036579 -0.034395 -0.0321454 -0.029878 -0.0276176 -0.0253664 -0.0231979 -0.0211179 -0.0191603 -0.017353 -0.0156906 -0.0141811 -0.0128244 -0.0116087 -0.0105292 -0.00957999 -0.00875693 -0.00802352 -0.00738184 -0.00684654 -0.0063588 -0.00593318 -0.00554278 -0.00519342 -0.0048832 -0.00461454 -0.00436425 -0.00412849 -0.00391979 -0.00371639 -0.00352597 -0.00335454 -0.00319975 -0.00304592 -0.00290902 -0.00276163 -0.00262552 -0.00249943 -0.00239986 -0.00230785 -0.00226149 -0.00223014 -0.00222702 -0.00229804 -0.00244014 -0.00267071 -0.00302556 -0.00351004 -0.00418188 -0.00505357 -0.00610447 -0.00740995 -0.00894518 -0.0106908 -0.0126188 -0.0146631 -0.0167116 -0.0186633 -0.0203405 -0.0216057 -0.0222545 -0.0221415 -0.0211352 -0.0191697 -0.0162138 -0.0123748 -0.00776892 -0.00259892 0.00290117 0.00846254 0.0138805 0.0188828 0.0232931 0.0269674 0.0297809 0.0316494 0.0325732 0.0324731 0.0313655 0.0292566 0.0261693 0.0221838 0.0174762 0.0122087 0.0066543 0.00107326 -0.00426008 -0.00911415 -0.0132346 -0.0164779 -0.0187306 -0.0199785 -0.0202723 -0.0197647 -0.0185873 -0.0169392 -0.0149659 -0.0128558 -0.0107338 -0.00870182 -0.0068411 -0.00519545 -0.00373376 -0.00251572 -0.00151553 -0.000701701 -6.00078e-05 0.000452162 0.000843272 0.00113306 0.00137796 0.00157111 0.00170858 0.00183252 0.0019294 0.00202608 0.00212099 0.00222446 0.00231887 0.0024349 0.0025411 0.00264739 0.0027651 0.00289884 0.00304119 0.00320586 0.00336669 0.00353559 0.00373175 0.00395702 0.0042115 0.00448925 0.00481721 0.00516158 0.00556882 0.00603377 0.0065623 0.00718716 0.00790221 0.0087102 0.00963696 0.0106883 0.0118546 0.0131169 0.0144913 0.0159584 0.0174626 0.0189857 0.020435 0.0217757 0.0229369 0.0238311 0.0243692 0.0244442 0.0239795 0.0228507 0.0210269 0.0184808 0.015164 0.0110829 0.00627805 0.000826104 -0.00521895 -0.0117408 -0.0185927 -0.0256476 -0.0327338 -0.03968 -0.0463267 -0.0525703 -0.0583019 -0.0633994 -0.0677825 -0.0713627 -0.0740821 -0.0758912 
0 -0.00602462 -0.0119319 -0.0176228 -0.0229876 -0.0279266 -0.0323668 -0.0362768 -0.039636 -0.0424396 -0.0447082 -0.046458 -0.0477362 -0.0485884 -0.049071 -0.0492225 -0.0490757 -0.0486427 -0.0479245 -0.0469745 -0.0458137 -0.0444483 -0.0428758 -0.0411421 -0.0392509 -0.0372049 -0.0350619 -0.032852 -0.0305951 -0.0283086 -0.0260734 -0.0238997 -0.0218116 -0.0198342 -0.0179849 -0.0162914 -0.0147562 -0.013381 -0.0121323 -0.0110304 -0.0100551 -0.00917995 -0.00841798 -0.00777069 -0.00719492 -0.00668266 -0.00622163 -0.00581608 -0.0054607 -0.00514864 -0.00486205 -0.00458356 -0.00435267 -0.00412477 -0.00390773 -0.00371019 -0.0035203 -0.00334572 -0.00319184 -0.00303304 -0.00288948 -0.00276072 -0.00264745 -0.00254204 -0.00246376 -0.00242954 -0.00244103 -0.00252646 -0.00267299 -0.00291699 -0.00330216 -0.00383373 -0.00454271 -0.00547992 -0.00663981 -0.00805512 -0.00970495 -0.0115773 -0.0136374 -0.0158179 -0.018014 -0.0201059 -0.021909 -0.023248 -0.0239348 -0.0238048 -0.0227088 -0.0205851 -0.0174261 -0.0133006 -0.00836535 -0.00282897 0.00308203 0.0090829 0.0149162 0.0203297 0.0250983 0.0290572 0.032087 0.0341063 0.035073 0.0349432 0.0337126 0.0313829 0.0280052 0.0236981 0.0186164 0.012975 0.00704663 0.00108502 -0.00461263 -0.00977113 -0.0141658 -0.0176152 -0.0200085 -0.0213469 -0.0216839 -0.0211483 -0.0199071 -0.018162 -0.0160822 -0.0138467 -0.0115865 -0.00940698 -0.00738999 -0.00559424 -0.00403559 -0.00273863 -0.00164679 -0.000758373 -6.17604e-05 0.000492938 0.000927705 0.00125575 0.00151915 0.00170991 0.00186356 0.00199981 0.00212115 0.00223682 0.00234369 0.0024479 0.00254443 0.00266038 0.00278649 0.00290641 0.00303938 0.00319064 0.00334611 0.00353824 0.00372283 0.00392122 0.00415234 0.00441379 0.00470319 0.00503016 0.00540648 0.00582383 0.00630418 0.00686056 0.00750364 0.00825822 0.00912281 0.0100656 0.0111313 0.0123256 0.0136399 0.0150445 0.0165357 0.0180741 0.0196068 0.0211013 0.0224721 0.0236627 0.0245817 0.0251417 0.0252366 0.0247989 0.0237334 0.0219415 0.0194155 0.0161607 0.0121745 0.00746209 0.00211228 -0.0037943 -0.0101642 -0.0168486 -0.0236859 -0.0305386 -0.0372708 -0.0437173 -0.0497553 -0.0553058 -0.0602936 -0.0646435 -0.0683111 -0.0712655 -0.0734772 -0.0749378 
0 -0.00599047 -0.0118731 -0.0175537 -0.0229212 -0.0278715 -0.0323363 -0.0362911 -0.0397145 -0.0425923 -0.0449376 -0.0467669 -0.0481285 -0.049071 -0.0496515 -0.0499133 -0.049891 -0.0496068 -0.0490644 -0.0483107 -0.0473544 -0.0461895 -0.0448206 -0.0432929 -0.0416103 -0.0397539 -0.0377649 -0.0356668 -0.033477 -0.0312238 -0.0289833 -0.0267674 -0.0245898 -0.0224852 -0.0204869 -0.0186302 -0.0169193 -0.0153566 -0.0139228 -0.0126491 -0.0115185 -0.0104975 -0.00959541 -0.00881451 -0.00812496 -0.00751553 -0.00697968 -0.00651013 -0.00609395 -0.0057193 -0.00537352 -0.00505235 -0.00479252 -0.00454635 -0.00430653 -0.00408062 -0.00386115 -0.00366211 -0.00348634 -0.00331499 -0.00316007 -0.0030245 -0.00290307 -0.00279149 -0.00270593 -0.0026645 -0.00267238 -0.00276146 -0.00292173 -0.00318364 -0.00359492 -0.00417467 -0.00495212 -0.00595995 -0.00719568 -0.00869817 -0.0104631 -0.0124686 -0.0146717 -0.0169941 -0.0193262 -0.0215388 -0.0234499 -0.0248638 -0.0255808 -0.025424 -0.024246 -0.0219773 -0.018612 -0.0142162 -0.00895369 -0.00304148 0.00326724 0.0096758 0.0159104 0.021709 0.0268317 0.0310983 0.0343607 0.0365207 0.0375244 0.0373337 0.0359543 0.0334108 0.0297635 0.0251429 0.019712 0.013699 0.00738797 0.00106058 -0.00497412 -0.0104251 -0.0150624 -0.0187003 -0.0212346 -0.0226612 -0.0230376 -0.0224931 -0.0212036 -0.0193681 -0.0171745 -0.0148101 -0.0124164 -0.0101039 -0.00796233 -0.00604316 -0.00436737 -0.00296115 -0.00178449 -0.000827475 -7.14432e-05 0.000528785 0.000993156 0.0013463 0.0016354 0.00185215 0.00202528 0.00217646 0.00231639 0.00245009 0.00257089 0.00267711 0.00277769 0.00290262 0.00304889 0.00319402 0.00335106 0.00351976 0.00369228 0.00389905 0.00410875 0.00434352 0.00462124 0.00492971 0.00526016 0.00563471 0.00607369 0.00658124 0.00716488 0.0078291 0.00858449 0.0094642 0.0104683 0.0115624 0.01278 0.0141225 0.015572 0.0170927 0.0186673 0.0202374 0.0217424 0.0231367 0.0243415 0.0252887 0.0258738 0.0259928 0.0255456 0.0244927 0.0227592 0.0202703 0.0170341 0.0130838 0.00844588 0.00316039 -0.00265418 -0.00889729 -0.0154572 -0.0221642 -0.0288386 -0.0353473 -0.0415793 -0.0474066 -0.0527368 -0.0575155 -0.0616941 -0.0652356 -0.0681463 -0.0704448 -0.072143 -0.0732568 
0 -0.00588046 -0.0116609 -0.0172402 -0.0225405 -0.0274443 -0.031908 -0.0358913 -0.0393666 -0.0423197 -0.0447442 -0.0466854 -0.0481586 -0.0492225 -0.0499133 -0.0502781 -0.0503775 -0.0502259 -0.0498606 -0.0492869 -0.0485236 -0.0475541 -0.0463909 -0.0450877 -0.0436212 -0.0419813 -0.0401825 -0.0382565 -0.036208 -0.0340556 -0.0318619 -0.029647 -0.0274261 -0.0252492 -0.0231489 -0.0211536 -0.0192787 -0.0175188 -0.0159066 -0.0144545 -0.0131636 -0.0119871 -0.0109264 -0.0100047 -0.00918665 -0.00847033 -0.00784142 -0.00728783 -0.00679679 -0.00635745 -0.00594655 -0.00558458 -0.00527244 -0.0049899 -0.00471682 -0.00446074 -0.00423178 -0.00401873 -0.00382276 -0.00362805 -0.003445 -0.00328875 -0.00315998 -0.00303654 -0.00295501 -0.00290566 -0.00291164 -0.00300257 -0.00317856 -0.00346465 -0.0039104 -0.0045293 -0.00536709 -0.00643299 -0.00773451 -0.00933289 -0.0112203 -0.01336 -0.0157059 -0.0181696 -0.0206285 -0.0229534 -0.0249521 -0.0264322 -0.0271695 -0.0269826 -0.0257276 -0.0233254 -0.0197513 -0.0151047 -0.00952918 -0.00325141 0.0034444 0.0102498 0.0168949 0.0230657 0.0285265 0.0330832 0.0365616 0.0388464 0.0399021 0.0396585 0.0381361 0.0353809 0.0314605 0.0265082 0.020739 0.0143654 0.00768806 0.00101991 -0.00532397 -0.0110576 -0.0159103 -0.0197217 -0.0223904 -0.0239058 -0.0243248 -0.023787 -0.0224531 -0.0205365 -0.0182311 -0.0157425 -0.0132189 -0.010773 -0.00850717 -0.00648273 -0.00470106 -0.0031915 -0.00193394 -0.000897694 -7.72826e-05 0.000568279 0.00106415 0.0014469 0.00176492 0.00201836 0.0022022 0.0023656 0.00250741 0.00264816 0.00278472 0.00291005 0.00303291 0.00318395 0.00333984 0.00350113 0.00367034 0.00385197 0.00405716 0.00428334 0.0045271 0.00479858 0.00512403 0.0054908 0.00588461 0.0063218 0.0068447 0.00744813 0.00815468 0.00894417 0.00982516 0.0108408 0.0119767 0.0132298 0.0145999 0.0160858 0.0176439 0.019232 0.0208287 0.0223748 0.0237909 0.0250149 0.0259565 0.0265482 0.0266944 0.0262706 0.0252085 0.0234623 0.0210134 0.0178084 0.0138772 0.00928015 0.00404585 -0.00172229 -0.00789918 -0.0143378 -0.020928 -0.0275001 -0.0338649 -0.0399125 -0.0455335 -0.050656 -0.0552074 -0.0591654 -0.0625087 -0.0652288 -0.067388 -0.0690366 -0.070237 -0.0710156 
0 -0.005694 -0.0112785 -0.0166925 -0.0218406 -0.0266692 -0.0310973 -0.0350977 -0.0386254 -0.0416457 -0.0441873 -0.0462483 -0.0478774 -0.0490757 -0.049891 -0.0503775 -0.0505817 -0.0505706 -0.0503376 -0.0499303 -0.0493357 -0.0485558 -0.0476142 -0.046519 -0.0452772 -0.0438479 -0.0422717 -0.0405624 -0.0387045 -0.0367072 -0.0346095 -0.0324476 -0.0302515 -0.0280537 -0.0258966 -0.0238043 -0.0217867 -0.0198835 -0.0180983 -0.016485 -0.0150136 -0.0136628 -0.012449 -0.0113704 -0.0104245 -0.00957368 -0.00882 -0.00815874 -0.00758286 -0.00706881 -0.00660924 -0.00618223 -0.00581847 -0.00547935 -0.00516048 -0.00488004 -0.00462349 -0.00439698 -0.00417538 -0.00394904 -0.00373899 -0.0035697 -0.00342171 -0.00330347 -0.0031939 -0.00314453 -0.00316188 -0.00325555 -0.00343486 -0.0037446 -0.00422021 -0.00489341 -0.0057654 -0.00688881 -0.00829696 -0.00998821 -0.0119812 -0.0142522 -0.016728 -0.0193154 -0.0219088 -0.0243434 -0.0264382 -0.0279588 -0.0287103 -0.0284889 -0.0271446 -0.024596 -0.0208541 -0.0159519 -0.0100807 -0.00346899 0.00360687 0.0108285 0.0178445 0.0243955 0.0301869 0.0349993 0.0386752 0.0411069 0.0421833 0.0419068 0.0402604 0.0372814 0.0330755 0.0278195 0.021684 0.014968 0.00796111 0.000971482 -0.00567178 -0.0116381 -0.0167156 -0.0206947 -0.0234859 -0.0250845 -0.0255578 -0.0250088 -0.0236372 -0.0216407 -0.0192516 -0.0166516 -0.0140052 -0.0114415 -0.00904856 -0.0068838 -0.0050163 -0.0034266 -0.0020728 -0.000962387 -7.75791e-05 0.000608409 0.00114402 0.00157155 0.00191615 0.00217962 0.00239834 0.00256463 0.00272155 0.00286737 0.00301436 0.00315789 0.00330879 0.00347055 0.0036507 0.00381672 0.00399735 0.00420535 0.00444016 0.00471559 0.00499501 0.00530648 0.00567451 0.00609902 0.00656868 0.00710639 0.00771896 0.00844425 0.00926411 0.0101903 0.0112278 0.0123897 0.0136881 0.0150813 0.0165926 0.018191 0.0198197 0.0214265 0.0229753 0.024413 0.0256658 0.0266267 0.0272126 0.0273405 0.0269291 0.0258933 0.0241434 0.0216905 0.0184967 0.0145807 0.0099914 0.00479528 -0.000923219 -0.00708051 -0.0134775 -0.0199791 -0.026441 -0.03271 -0.0386388 -0.0440997 -0.0490401 -0.0533788 -0.0571033 -0.06021 -0.0627113 -0.0646529 -0.0660988 -0.0671612 -0.0678991 -0.0683781 
0 -0.00542739 -0.0107658 -0.0159337 -0.0209068 -0.0255969 -0.02997 -0.0339592 -0.0375195 -0.0406341 -0.0432821 -0.0455065 -0.0472816 -0.0486427 -0.0496068 -0.0502259 -0.0505706 -0.0506586 -0.0505551 -0.0502641 -0.0498251 -0.0492278 -0.0484805 -0.0475971 -0.0465508 -0.0453516 -0.0440085 -0.0425358 -0.0408984 -0.0390973 -0.0371558 -0.0351258 -0.0330086 -0.0308481 -0.0286745 -0.0265221 -0.0244368 -0.022409 -0.0205054 -0.0187143 -0.0170635 -0.0155407 -0.0141562 -0.0129293 -0.0118255 -0.0108256 -0.00993296 -0.00914777 -0.00846922 -0.00787596 -0.00732592 -0.00685222 -0.00641473 -0.00603142 -0.00567079 -0.00533889 -0.00505047 -0.00478479 -0.00452856 -0.00428815 -0.00406415 -0.00387498 -0.00371773 -0.00357111 -0.00347097 -0.00340701 -0.00341986 -0.00352136 -0.00372648 -0.00404105 -0.00452817 -0.00522708 -0.00619079 -0.00739681 -0.00887092 -0.0106613 -0.0127735 -0.0151476 -0.0177424 -0.0204564 -0.0231605 -0.0257045 -0.0278842 -0.0294682 -0.0302182 -0.0299391 -0.0285058 -0.025829 -0.0218811 -0.0167645 -0.0106084 -0.00365037 0.00377984 0.0113557 0.0187644 0.025651 0.0317599 0.0368614 0.0407493 0.0432837 0.0444116 0.0440618 0.0422572 0.0390755 0.0346162 0.0290336 0.0225955 0.0155435 0.00819397 0.000908046 -0.00599302 -0.0122188 -0.0174782 -0.0216165 -0.0245369 -0.0262115 -0.0267063 -0.0261599 -0.024753 -0.022705 -0.0202303 -0.0175403 -0.0147939 -0.0120992 -0.00958471 -0.00732005 -0.00532558 -0.00361844 -0.00221125 -0.00104372 -9.99691e-05 0.000653086 0.0012301 0.00168317 0.00205005 0.002357 0.00257835 0.00277178 0.00294295 0.00311319 0.0032783 0.00342665 0.00358221 0.00376397 0.00395236 0.00415322 0.00436243 0.00459342 0.00488255 0.00518466 0.00552376 0.00588383 0.0063051 0.00679797 0.00735812 0.0079973 0.00874113 0.00958181 0.0105392 0.0116033 0.0127948 0.0141368 0.015577 0.0171188 0.0187172 0.0203779 0.0220252 0.0235922 0.0250288 0.0262724 0.0272491 0.0278511 0.0279801 0.0275521 0.0265096 0.0247713 0.0223227 0.0191349 0.0152343 0.0106401 0.00543937 -0.00025182 -0.00636276 -0.0127342 -0.0192207 -0.0256224 -0.0318113 -0.03765 -0.043006 -0.0478175 -0.0520011 -0.0555423 -0.058418 -0.0606778 -0.0623807 -0.0635898 -0.0644173 -0.064946 -0.065284 -0.0654869 
