0 0 0 0 0 0 0 0 0 0 0 0 0 0 0 0 0 0 0 0 0 0 0 0 0 0 0 0 0 0 0 0 0 0 0 0 0 0 0 0 0 0 0 0 0 0 0 0 0 0 0 0 0 0 0 0 0 0 0 0 0 0 0 0 0 0 0 0 0 0 0 0 0 0 0 0 0 0 0 0 0 0 0 0 0 0 0 0 0 0 0 0 0 0 0 0 0 0 0 0 0 0 0 0 0 0 0 0 0 0 0 0 0 0 0 0 0 0 0 0 0 0 0 0 0 0 0 0 0 0 0 0 0 0 0 0 0 0 0 0 0 0 0 0 0 0 0 0 0 0 0 0 0 0 0 0 0 0 0 0 0 0 0 0 0 0 0 0 0 0 0 0 0 0 0 0 0 0 0 0 0 0 0 0 0 0 0 0 0 0 0 0 0 0 0 0 0 0 0 0 
0 -0.00177383 -0.00349188 -0.00508662 -0.00650148 -0.00770045 -0.00864545 -0.00930683 -0.00969526 -0.0098383 -0.00976057 -0.0094831 -0.00904068 -0.0084568 -0.00775993 -0.00700804 -0.0062498 -0.00552458 -0.00483684 -0.0042031 -0.00362114 -0.00309364 -0.00263971 -0.00224912 -0.00193276 -0.00166132 -0.00143042 -0.00122896 -0.00106485 -0.000949334 -0.000851266 -0.00077852 -0.000711882 -0.000648471 -0.000590561 -0.00055155 -0.000530545 -0.000509215 -0.000479153 -0.000449332 -0.000419837 -0.000404832 -0.000398146 -0.000379675 -0.000368609 -0.000342078 -0.000318297 -0.000295074 -0.000286222 -0.000282031 -0.000271694 -0.000258775 -0.000241527 -0.000229564 -0.000226314 -0.00022179 -0.000211402 -0.00020701 -0.000188224 -0.000175506 -0.000162655 -0.000160506 -0.000167076 -0.000186265 -0.000191907 -0.000197676 -0.000210395 -0.000241755 -0.00029294 -0.00035103 -0.000420451 -0.000519913 -0.000639209 -0.000770025 -0.000926484 -0.001099 -0.00129259 -0.00148261 -0.00166388 -0.0018133 -0.00191713 -0.00196532 -0.00196116 -0.00186461 -0.0016835 -0.00140805 -0.00105179 -0.000628716 -0.000179517 0.000282557 0.000717497 0.00110131 0.00140005 0.00161487 0.00173008 0.0017735 0.00176121 0.00172163 0.00167269 0.0016431 0.00163305 0.00166617 0.00172637 0.00180991 0.00188817 0.00193309 0.001905 0.00179296 0.00157108 0.00125809 0.000865656 0.000431469 -2.79788e-05 -0.000471009 -0.000880506 -0.00123204 -0.00151384 -0.00169815 -0.00180777 -0.0018284 -0.00177328 -0.00165546 -0.0014976 -0.0013064 -0.00111548 -0.000930596 -0.000762455 -0.000595341 -0.000446981 -0.000323001 -0.000218771 -0.000134793 -7.32518e-05 -2.47628e-05 1.80478e-05 5.70796e-05 9.24228e-05 0.00011088 0.000125268 0.000130079 0.000130979 0.000128008 0.000143015 0.000152283 0.000166576 0.000171033 0.000170023 0.000176788 0.000190772 0.000199465 0.000213378 0.000219674 0.00022035 0.000221797 0.000222704 0.000242602 0.000261109 0.000285854 0.000290719 0.000296304 0.000316299 0.000341046 0.000368312 0.000393366 0.000407449 0.00042283 0.000444864 0.000477461 0.000521856 0.000558694 0.000592257 0.000609978 0.000647368 0.000692251 0.000733442 0.000774303 0.000803866 0.000831913 0.000852555 0.000887801 0.000919441 0.000929082 0.000906214 0.000842302 0.000740406 0.000594605 0.00039926 0.000138153 -0.000192639 -0.0005933 -0.00105384 -0.00156264 -0.00211199 -0.00270298 -0.00332086 -0.0039264 -0.00448466 -0.00495801 -0.00531925 -0.00555152 
0 -0.00349188 -0.00687613 -0.0100154 -0.0128023 -0.0151606 -0.0170284 -0.0183484 -0.0191403 -0.0194521 -0.0193126 -0.0187782 -0.0179076 -0.0167766 -0.0154325 -0.0139796 -0.0125118 -0.0110732 -0.00971568 -0.00844637 -0.00730172 -0.00626704 -0.00536273 -0.0045875 -0.00392181 -0.00337409 -0.0028981 -0.00250418 -0.00218289 -0.00193398 -0.0017289 -0.00155829 -0.00142985 -0.00131205 -0.00120565 -0.00112473 -0.00106702 -0.00100637 -0.000951162 -0.000892538 -0.000844803 -0.000807679 -0.000770324 -0.000731939 -0.000696799 -0.000673193 -0.000639504 -0.000606762 -0.000589519 -0.000568477 -0.0005431 -0.000523212 -0.000490089 -0.000474496 -0.000459111 -0.00043158 -0.000416191 -0.000402198 -0.000394867 -0.000380207 -0.000362197 -0.000357258 -0.000355831 -0.000362249 -0.000373329 -0.000389815 -0.000441653 -0.000499872 -0.000581912 -0.000712654 -0.000859057 -0.00104098 -0.0012716 -0.00154411 -0.00186363 -0.00220518 -0.00256369 -0.00294794 -0.0033022 -0.00360419 -0.00383911 -0.00395503 -0.00391763 -0.00372868 -0.00335252 -0.00278655 -0.00207517 -0.00124819 -0.000345713 0.000555884 0.00141658 0.00218097 0.00279358 0.00323417 0.00348928 0.00357715 0.00354769 0.00344311 0.00333386 0.00326757 0.0032661 0.00334944 0.00349234 0.00365501 0.00380038 0.00386149 0.00379587 0.00356194 0.00312908 0.00251729 0.00175149 0.000875681 -2.87908e-05 -0.000924256 -0.00176121 -0.00247169 -0.00302835 -0.0034162 -0.00360305 -0.00362285 -0.0035191 -0.00329527 -0.00298 -0.00262579 -0.00223664 -0.00185648 -0.00151169 -0.00119285 -0.000909429 -0.000650866 -0.000430894 -0.000283641 -0.000152747 -3.27033e-05 4.76138e-05 0.000112019 0.000150158 0.0001816 0.000219387 0.00024115 0.00025662 0.000272638 0.000287384 0.000308107 0.000317578 0.000328943 0.000336626 0.000349642 0.000374661 0.00038403 0.000400677 0.000426364 0.000446042 0.000465843 0.000486203 0.000503708 0.000539075 0.00057025 0.000589477 0.000612009 0.000648949 0.000691392 0.000729636 0.000774636 0.000818106 0.000864014 0.00091468 0.000975457 0.00103687 0.00111307 0.00117245 0.00122787 0.00130269 0.00137836 0.00145555 0.00151869 0.00159819 0.00165957 0.00171619 0.00178231 0.0018303 0.00184688 0.00179497 0.00167702 0.00146866 0.001166 0.000756546 0.000218337 -0.000447592 -0.00124684 -0.00216727 -0.00318646 -0.00428726 -0.00545793 -0.00666283 -0.00783478 -0.00890602 -0.00982536 -0.0105298 -0.0109912 
0 -0.00508662 -0.0100154 -0.0145926 -0.0186559 -0.0221088 -0.0248606 -0.0268435 -0.0280752 -0.0286011 -0.0284616 -0.0277163 -0.0264888 -0.0248801 -0.0229791 -0.0209171 -0.0187936 -0.0166993 -0.014674 -0.0127986 -0.0110957 -0.00956461 -0.00822445 -0.00703363 -0.00602452 -0.00515857 -0.0044439 -0.0038485 -0.00336003 -0.00297848 -0.00263288 -0.00236833 -0.0021637 -0.00199983 -0.00184967 -0.00172043 -0.00161426 -0.00151355 -0.00142107 -0.00135291 -0.00128354 -0.00122444 -0.00116479 -0.00108402 -0.00104984 -0.00100898 -0.000977619 -0.000928233 -0.000888371 -0.000848488 -0.000804104 -0.000773018 -0.000741811 -0.000716589 -0.000693314 -0.000654111 -0.000608991 -0.000600656 -0.000580538 -0.000576323 -0.000555247 -0.000536096 -0.000524244 -0.000547766 -0.000558619 -0.000590469 -0.000652073 -0.000755555 -0.000899614 -0.00106231 -0.00126515 -0.00156262 -0.00192895 -0.0023336 -0.00279928 -0.00329916 -0.00384965 -0.00440269 -0.00494442 -0.00541097 -0.0057513 -0.00591736 -0.00589617 -0.00558812 -0.00501487 -0.00416904 -0.00310187 -0.00186019 -0.00054583 0.000805114 0.00209438 0.00325112 0.00417558 0.00484928 0.00522073 0.00535528 0.00530668 0.0051657 0.00500547 0.00491583 0.00490678 0.00503097 0.0052343 0.00548554 0.00569992 0.005797 0.00567868 0.0053195 0.00466008 0.0037457 0.00260445 0.00132567 -4.23321e-05 -0.00138638 -0.00264011 -0.00371561 -0.00456137 -0.00510287 -0.00539782 -0.00543348 -0.00526127 -0.00492277 -0.00447331 -0.00392763 -0.00336228 -0.00280022 -0.00228042 -0.00177832 -0.00134201 -0.000981372 -0.000675853 -0.000420254 -0.000216614 -5.35205e-05 7.16531e-05 0.000162997 0.000232069 0.000268983 0.000318957 0.00036448 0.000401411 0.000413173 0.000444077 0.000450905 0.000475205 0.000493686 0.000511417 0.000543413 0.000574361 0.000577039 0.000597211 0.000625638 0.000666056 0.00071212 0.000735141 0.000772644 0.000797617 0.000851825 0.000884322 0.000928863 0.000991902 0.00103935 0.00108461 0.00114804 0.00122107 0.00131171 0.00139851 0.00147694 0.00156815 0.00166069 0.00177421 0.001864 0.00198496 0.00209484 0.00218367 0.00228874 0.00239965 0.00251917 0.00260319 0.00268577 0.00273136 0.00271773 0.00263038 0.00243597 0.00211371 0.00163249 0.000986083 0.000159246 -0.000842726 -0.0020272 -0.00338963 -0.00490536 -0.00653615 -0.00825105 -0.0099892 -0.0116557 -0.0131831 -0.0144976 -0.0155277 -0.016211 
0 -0.00650148 -0.0128023 -0.0186559 -0.023873 -0.0283268 -0.0319204 -0.0345625 -0.0362624 -0.0370638 -0.0369913 -0.0361432 -0.0346572 -0.0326932 -0.0303475 -0.0277696 -0.02509 -0.0223857 -0.0197664 -0.0172961 -0.015055 -0.0130263 -0.0112259 -0.00964248 -0.00826028 -0.0071034 -0.00611987 -0.00531128 -0.00464332 -0.00409707 -0.00362642 -0.00323819 -0.0029507 -0.00271154 -0.00249837 -0.00231824 -0.0021716 -0.00203169 -0.00191948 -0.00181918 -0.00173458 -0.00165591 -0.00156909 -0.00148139 -0.0014116 -0.00136345 -0.00130078 -0.00123282 -0.00118467 -0.00113404 -0.00108089 -0.00104184 -0.000988224 -0.000959307 -0.000927353 -0.000872979 -0.00083264 -0.000800915 -0.000780431 -0.000753102 -0.000720747 -0.000707193 -0.000703118 -0.000717354 -0.000743093 -0.000784745 -0.000884678 -0.00100555 -0.00117321 -0.00142077 -0.00171164 -0.00208007 -0.00254498 -0.00309164 -0.00372541 -0.004408 -0.00512936 -0.00588605 -0.00658993 -0.0071889 -0.00764412 -0.00786864 -0.00780136 -0.00742361 -0.00668019 -0.00556587 -0.00415537 -0.00251202 -0.000723896 0.00107225 0.00278516 0.00430559 0.00552726 0.0064083 0.00692569 0.00711858 0.00707936 0.00689667 0.00669658 0.00657193 0.0065691 0.00672372 0.00699296 0.00730549 0.00758103 0.00769358 0.00755161 0.00707399 0.00620451 0.00497881 0.00345075 0.00171355 -8.70484e-05 -0.00186297 -0.00351592 -0.00492431 -0.00602954 -0.0067933 -0.00717411 -0.00722279 -0.00701298 -0.00656792 -0.00594651 -0.00523509 -0.00446414 -0.00370812 -0.00301503 -0.00237594 -0.00181 -0.00130354 -0.000875339 -0.000567379 -0.000301471 -6.52369e-05 0.000101833 0.000231785 0.000313508 0.000378394 0.000449824 0.000496098 0.000527512 0.000554254 0.000580506 0.000614063 0.000636244 0.000662434 0.000686331 0.000719957 0.000766555 0.000782858 0.00080858 0.000850708 0.000893052 0.000938956 0.000979423 0.00101108 0.00106588 0.00112531 0.0011788 0.00124468 0.00132697 0.00140287 0.00146612 0.00154997 0.00164888 0.00176169 0.0018726 0.0019819 0.00209091 0.00223319 0.00237342 0.0025151 0.0026787 0.00282636 0.00296391 0.00309229 0.0032588 0.00340262 0.00351268 0.00359256 0.00360496 0.00354518 0.00337379 0.00308262 0.00261207 0.00193611 0.00103924 -8.76086e-05 -0.00142676 -0.00299174 -0.00478066 -0.00676193 -0.00888164 -0.0110815 -0.0132759 -0.0153612 -0.017261 -0.0189143 -0.0202208 -0.0211043 
0 -0.00770045 -0.0151606 -0.0221088 -0.0283268 -0.0336834 -0.0380543 -0.0413362 -0.0435185 -0.0446332 -0.0447215 -0.0438777 -0.0422818 -0.0400895 -0.0374256 -0.0344534 -0.031311 -0.0281237 -0.02498 -0.021999 -0.019238 -0.0167141 -0.014463 -0.0124609 -0.0107351 -0.00924651 -0.00798343 -0.00691442 -0.00602668 -0.00531386 -0.00469617 -0.00420073 -0.00380399 -0.00347378 -0.0031851 -0.0029493 -0.00276314 -0.00259294 -0.00243343 -0.00229821 -0.00217234 -0.002071 -0.00197961 -0.00187162 -0.00179917 -0.00171384 -0.00162988 -0.00154091 -0.00148136 -0.00142978 -0.00136701 -0.0013052 -0.00123845 -0.00118969 -0.00115516 -0.00110791 -0.00105195 -0.00102002 -0.000972117 -0.000936505 -0.000897212 -0.000878103 -0.000880613 -0.000921057 -0.000947584 -0.000995711 -0.00109341 -0.0012558 -0.00148857 -0.0017757 -0.00213242 -0.00261544 -0.0032052 -0.00387477 -0.00464767 -0.00549356 -0.00641334 -0.00734295 -0.00822846 -0.00897852 -0.00952129 -0.009786 -0.00973179 -0.00924618 -0.00832184 -0.00694766 -0.00519311 -0.0031421 -0.000942919 0.00130112 0.00343771 0.00533777 0.0068621 0.00796813 0.00860702 0.00886275 0.00882937 0.00863627 0.00840652 0.00826531 0.00825173 0.00843026 0.00874248 0.00912676 0.00946062 0.00960482 0.00940952 0.00880234 0.00770444 0.00616825 0.0042609 0.00212206 -0.000131581 -0.00233835 -0.00438319 -0.00613778 -0.00752037 -0.00844162 -0.00893983 -0.00901698 -0.00874212 -0.00817966 -0.00741693 -0.00651282 -0.00557047 -0.00464433 -0.00378439 -0.00296915 -0.00224627 -0.00163096 -0.00111364 -0.000697244 -0.000366922 -0.000100526 0.000108061 0.000273408 0.000403365 0.000488337 0.000568623 0.00062417 0.000659624 0.000678349 0.00072703 0.000765091 0.000812396 0.000841105 0.000860841 0.000901272 0.000954825 0.000986975 0.00103221 0.00107666 0.00112178 0.0011721 0.0012127 0.00127901 0.00134649 0.00143479 0.00149283 0.00156238 0.00166168 0.0017575 0.00185484 0.00196749 0.00208473 0.0022177 0.00235417 0.00249682 0.00266242 0.00283644 0.00301998 0.00317973 0.00337802 0.0035748 0.00375285 0.00393823 0.00412269 0.00429357 0.00440399 0.00447407 0.00445548 0.00431759 0.00404212 0.00359553 0.00294428 0.00204486 0.000882465 -0.000552325 -0.0022445 -0.00419543 -0.00639705 -0.00880353 -0.0113436 -0.013946 -0.0165123 -0.0189277 -0.0211228 -0.0230273 -0.024543 -0.0255722 
0 -0.00864545 -0.0170284 -0.0248606 -0.0319204 -0.0380543 -0.0431259 -0.0470079 -0.0496736 -0.0511555 -0.051494 -0.0508012 -0.0492395 -0.0469753 -0.0441354 -0.0408978 -0.0374334 -0.0338655 -0.0303157 -0.0268804 -0.0236495 -0.0206553 -0.0179516 -0.0155528 -0.0134532 -0.0116382 -0.0100598 -0.00871291 -0.00758818 -0.00667116 -0.00589885 -0.00525817 -0.00473901 -0.00429903 -0.00392338 -0.00362255 -0.00338587 -0.00316873 -0.00297109 -0.00278927 -0.00263148 -0.00249951 -0.00237787 -0.00225828 -0.00215735 -0.00206462 -0.00196337 -0.00186646 -0.00179886 -0.00173581 -0.00166102 -0.00158617 -0.00150115 -0.00144153 -0.0013907 -0.00132661 -0.00126929 -0.00122544 -0.00118637 -0.00114637 -0.00110566 -0.00108413 -0.00108025 -0.00110107 -0.00113501 -0.00119897 -0.00133176 -0.00152 -0.00178406 -0.00214183 -0.00258374 -0.00314671 -0.0038426 -0.00465317 -0.00558012 -0.00659047 -0.00766939 -0.0087798 -0.00982843 -0.0107246 -0.011389 -0.0117164 -0.0116245 -0.0110485 -0.00993823 -0.00829486 -0.00620698 -0.00377819 -0.00114952 0.00151133 0.00405316 0.00631775 0.00815588 0.00949402 0.0102987 0.0106292 0.0106086 0.0103803 0.0101131 0.00994487 0.00994989 0.0101696 0.0105486 0.0109878 0.0113559 0.0114838 0.0112283 0.0104805 0.00917163 0.0073423 0.00507618 0.00251419 -0.000163287 -0.00280103 -0.00524782 -0.00734305 -0.00898483 -0.0101021 -0.0106744 -0.0107531 -0.0104287 -0.00976749 -0.00885947 -0.00780236 -0.00667414 -0.00556082 -0.00452234 -0.0035624 -0.00270792 -0.00195848 -0.00132981 -0.000843481 -0.000444557 -0.000111398 0.000137404 0.00032696 0.000460316 0.000564529 0.000664738 0.000737569 0.000787114 0.000827776 0.000877209 0.00093015 0.000973809 0.00100661 0.00103275 0.00107534 0.00113699 0.00118152 0.00123623 0.00129876 0.00135967 0.00142311 0.00148593 0.00155732 0.00164872 0.00174206 0.00181603 0.00189884 0.00200986 0.0021322 0.00225729 0.0023992 0.00254493 0.00269993 0.00286284 0.00304361 0.0032455 0.00346751 0.00367506 0.00387071 0.00410026 0.00434181 0.00457976 0.00480171 0.00501695 0.00518147 0.00528205 0.0053197 0.00524286 0.00501172 0.00458359 0.00394635 0.00306479 0.0019149 0.000471699 -0.00128188 -0.00333218 -0.0056705 -0.00826161 -0.0110379 -0.0139173 -0.0168265 -0.0196693 -0.0223322 -0.0247338 -0.0268033 -0.0284359 -0.0295423 
0 -0.00930683 -0.0183484 -0.0268435 -0.0345625 -0.0413362 -0.0470079 -0.0514437 -0.0546036 -0.0565138 -0.0572177 -0.0568123 -0.0554441 -0.0532628 -0.0504082 -0.0470648 -0.0434143 -0.0395935 -0.0357234 -0.0319163 -0.0282722 -0.0248548 -0.0217286 -0.0189219 -0.0164386 -0.0142635 -0.012364 -0.0107306 -0.00935284 -0.00820664 -0.00723641 -0.00642743 -0.00576741 -0.00521547 -0.00474775 -0.00436295 -0.00404836 -0.00377169 -0.00352934 -0.00331916 -0.00313538 -0.0029713 -0.00281399 -0.0026645 -0.00254328 -0.0024375 -0.00232578 -0.00221206 -0.00211561 -0.00202606 -0.00193539 -0.00185122 -0.00176856 -0.00170154 -0.00163557 -0.00155466 -0.00147906 -0.00142504 -0.00138322 -0.00134286 -0.00129923 -0.00126647 -0.00125588 -0.0012777 -0.00132283 -0.00140835 -0.00156478 -0.00179058 -0.00209696 -0.00249836 -0.00301092 -0.00367526 -0.0044936 -0.00544236 -0.00651464 -0.00768597 -0.00893549 -0.010214 -0.0114271 -0.0124677 -0.0132326 -0.0136116 -0.013507 -0.012833 -0.0115414 -0.00964365 -0.00723021 -0.00442719 -0.00139714 0.00168149 0.00462931 0.00726094 0.00940954 0.0109797 0.0119373 0.0123505 0.0123572 0.012126 0.0118424 0.0116609 0.0116715 0.0119155 0.012338 0.0128268 0.0132262 0.0133467 0.0130194 0.0121226 0.0105899 0.00846066 0.00583733 0.00287901 -0.000222418 -0.00327917 -0.00611065 -0.00854055 -0.0104397 -0.0117263 -0.0123904 -0.012486 -0.0121067 -0.011344 -0.0103004 -0.00907876 -0.00777584 -0.00648422 -0.00526661 -0.0041434 -0.00314742 -0.0022888 -0.00157001 -0.000991907 -0.000516971 -0.000127663 0.000168973 0.000389908 0.000546391 0.000665709 0.000777192 0.000869176 0.000936116 0.000986908 0.00103778 0.00108808 0.00113565 0.00117922 0.00122409 0.00128456 0.00135079 0.00139782 0.00144938 0.00151554 0.00159321 0.00167655 0.00175493 0.00183533 0.00193018 0.00203447 0.00213373 0.00224658 0.00238206 0.00252146 0.00266393 0.00282603 0.00300535 0.00320039 0.00340298 0.00361794 0.00385409 0.00411165 0.00436552 0.00461501 0.00489154 0.00517812 0.00545432 0.00570961 0.00593553 0.00609064 0.00615304 0.00611593 0.00593327 0.00555491 0.00493833 0.00406515 0.00291677 0.00147823 -0.000271481 -0.00234935 -0.00474633 -0.00743626 -0.0103604 -0.0134289 -0.016555 -0.0196704 -0.0226896 -0.0255059 -0.0280282 -0.0301755 -0.0318494 -0.0329769 
0 -0.00969526 -0.0191403 -0.0280752 -0.0362624 -0.0435185 -0.0496736 -0.0546036 -0.0582599 -0.0606512 -0.061813 -0.0618112 -0.0607737 -0.058829 -0.0561297 -0.052851 -0.049164 -0.0452193 -0.0411337 -0.0370527 -0.0330808 -0.0293098 -0.025803 -0.0225949 -0.0197214 -0.0171714 -0.0149458 -0.013016 -0.0113639 -0.00995654 -0.00875137 -0.00774722 -0.00692246 -0.00623973 -0.0056606 -0.00517193 -0.00476232 -0.00441708 -0.00412148 -0.00387788 -0.00366162 -0.0034632 -0.00327366 -0.0030936 -0.00295083 -0.00281952 -0.00269028 -0.00255785 -0.00243634 -0.00232799 -0.00222508 -0.0021268 -0.00204136 -0.00196187 -0.00188469 -0.00179873 -0.0017099 -0.00164528 -0.00158587 -0.00153368 -0.00148382 -0.00144654 -0.00143944 -0.00146945 -0.00152321 -0.00162705 -0.00179724 -0.00205732 -0.00241291 -0.00286571 -0.0034534 -0.0042115 -0.00513627 -0.0062137 -0.00743371 -0.00877443 -0.0102063 -0.0116515 -0.013021 -0.0141905 -0.0150372 -0.0154531 -0.0153386 -0.0145756 -0.013125 -0.0109959 -0.00826899 -0.00509071 -0.00165708 0.00184396 0.00518949 0.00817251 0.0106157 0.012412 0.0135279 0.0140442 0.0141015 0.0138914 0.0136068 0.0134197 0.0134323 0.0136893 0.0141374 0.0146588 0.015074 0.015183 0.0147837 0.0137417 0.0119857 0.00955067 0.00655908 0.00320325 -0.000316882 -0.00377104 -0.00695762 -0.00969828 -0.0118462 -0.013302 -0.0140741 -0.0142008 -0.0137737 -0.0129087 -0.0117246 -0.0103282 -0.00885071 -0.00738647 -0.00600375 -0.00473042 -0.00359473 -0.00261988 -0.00180546 -0.00113311 -0.000590927 -0.00015454 0.000190726 0.000447012 0.00063916 0.000782182 0.000903262 0.00100409 0.00107655 0.00113028 0.00119035 0.00124514 0.00130561 0.0013585 0.00141544 0.0014888 0.00155997 0.00161918 0.00167801 0.00174863 0.00183737 0.00193254 0.00202115 0.00211739 0.00221857 0.0023398 0.00246548 0.00261015 0.00277445 0.0029356 0.00309989 0.00328162 0.00349283 0.00372952 0.00397568 0.00422547 0.00449531 0.00478302 0.00509166 0.00540671 0.00573905 0.0060666 0.00636233 0.00663434 0.00685261 0.00698718 0.00698616 0.0068304 0.00648628 0.00590696 0.00506633 0.00392998 0.00248881 0.00072709 -0.00136126 -0.00377484 -0.0064973 -0.0094849 -0.0126675 -0.0159478 -0.0192392 -0.0224735 -0.0255725 -0.0284391 -0.0309825 -0.0331165 -0.0347607 -0.0358614 
0 -0.0098383 -0.0194521 -0.0286011 -0.0370638 -0.0446332 -0.0511555 -0.0565138 -0.0606512 -0.0635547 -0.0652255 -0.0657234 -0.0651262 -0.0635675 -0.0611849 -0.0581294 -0.0545677 -0.0506275 -0.0464747 -0.0422325 -0.0380435 -0.0339984 -0.0301544 -0.0265907 -0.023326 -0.0204166 -0.0178375 -0.015585 -0.0136302 -0.0119289 -0.0104829 -0.0092553 -0.00824113 -0.00739091 -0.00667273 -0.0060692 -0.00556409 -0.00513657 -0.00477695 -0.00446091 -0.00419643 -0.00395853 -0.00373548 -0.00354526 -0.00336054 -0.0032066 -0.00304779 -0.00290588 -0.00277798 -0.00266097 -0.00254552 -0.00242802 -0.00231568 -0.00222162 -0.00213228 -0.00204047 -0.00196016 -0.00187414 -0.00180853 -0.00173741 -0.00168353 -0.00165357 -0.00165712 -0.00167403 -0.00173788 -0.00184725 -0.00204048 -0.00232431 -0.00271677 -0.00324971 -0.00392898 -0.00476084 -0.00578117 -0.00698894 -0.00835221 -0.00985772 -0.0114481 -0.013069 -0.0145839 -0.0158756 -0.0168189 -0.0172825 -0.017125 -0.016289 -0.0146779 -0.012313 -0.00928554 -0.00576112 -0.00192015 0.00197309 0.00570146 0.00902873 0.0117742 0.0137994 0.0151042 0.0157336 0.0158563 0.0156685 0.0153923 0.0151973 0.0152292 0.0154995 0.0159765 0.0165139 0.0169273 0.0169878 0.0165079 0.0153053 0.0133293 0.0106009 0.00726297 0.00350283 -0.000407507 -0.00425305 -0.00779725 -0.0108388 -0.0132157 -0.0148643 -0.015719 -0.015864 -0.0153985 -0.014439 -0.0131086 -0.0115662 -0.00991602 -0.00828491 -0.00673531 -0.00532566 -0.0040613 -0.0029485 -0.00201726 -0.00127321 -0.000669388 -0.000180392 0.000200239 0.000491927 0.000704228 0.000883333 0.00102259 0.00112899 0.00120317 0.00127442 0.00133649 0.00141903 0.00148294 0.00154411 0.00160425 0.00167109 0.00174856 0.00183055 0.00190972 0.00200232 0.00209995 0.00219669 0.00230586 0.00241185 0.00254982 0.00268155 0.00283065 0.00299105 0.00316712 0.00336297 0.00356312 0.00378029 0.00402701 0.00429507 0.00458153 0.00488082 0.00518898 0.00552776 0.00587226 0.00624959 0.0066214 0.00697587 0.00729227 0.00754604 0.00774337 0.007812 0.0077223 0.00741252 0.00686199 0.00604865 0.00493764 0.00351923 0.00175631 -0.000350763 -0.00279857 -0.00555373 -0.00857026 -0.0117968 -0.0151566 -0.0185679 -0.0219469 -0.0252171 -0.0282989 -0.0311095 -0.0335683 -0.0356057 -0.0371616 -0.0382042 
0 -0.00976057 -0.0193126 -0.0284616 -0.0369913 -0.0447215 -0.051494 -0.0572177 -0.061813 -0.0652255 -0.067457 -0.0685161 -0.0684817 -0.0674333 -0.065509 -0.0628265 -0.0595161 -0.0557481 -0.0516498 -0.0473927 -0.0430776 -0.038832 -0.0347292 -0.0308429 -0.027256 -0.0239775 -0.0210473 -0.0184395 -0.0161542 -0.0141624 -0.0124508 -0.0109931 -0.00974826 -0.0086967 -0.00781584 -0.00708314 -0.00646703 -0.0059552 -0.0054968 -0.00510856 -0.0047734 -0.00448913 -0.00424189 -0.00401351 -0.00380931 -0.00360987 -0.00343337 -0.00327755 -0.00313096 -0.00299861 -0.00286926 -0.00272404 -0.0026055 -0.00248584 -0.00238174 -0.00228891 -0.00218895 -0.0021042 -0.00202151 -0.00195192 -0.0018967 -0.00185557 -0.00185287 -0.00188563 -0.00194794 -0.0020759 -0.00227453 -0.00260327 -0.00305396 -0.00362075 -0.00436755 -0.00531917 -0.00645857 -0.00778643 -0.00928105 -0.0109311 -0.0126865 -0.0144472 -0.0161166 -0.0175484 -0.0185764 -0.0190784 -0.0189285 -0.0179771 -0.0161917 -0.013602 -0.0102814 -0.0064165 -0.0022415 0.00203786 0.00614113 0.00981913 0.0128747 0.0151589 0.0166367 0.0173963 0.0175882 0.0174449 0.0171845 0.0170074 0.017044 0.0173331 0.017824 0.0183747 0.0187664 0.0187799 0.0181729 0.0167957 0.0145889 0.0115743 0.00790495 0.00380704 -0.000504372 -0.00473442 -0.00862684 -0.0119815 -0.0146034 -0.016379 -0.017331 -0.0174972 -0.0169749 -0.0159233 -0.0144846 -0.0127864 -0.0109888 -0.00919709 -0.00748466 -0.00590647 -0.00448757 -0.00327798 -0.00226716 -0.00141243 -0.000734024 -0.000208131 0.000217982 0.000536138 0.000792173 0.0009854 0.00113217 0.00125814 0.0013537 0.00143033 0.0015127 0.00158843 0.0016706 0.00173671 0.00180223 0.00187987 0.001954 0.00205288 0.00215026 0.00225367 0.0023661 0.00247469 0.0025891 0.00273219 0.00288115 0.0030467 0.00321119 0.00338293 0.00357718 0.00379649 0.00404962 0.00431147 0.00459783 0.00489914 0.00522436 0.00557381 0.00595356 0.00633759 0.00674025 0.00714916 0.00754785 0.00792657 0.00823977 0.00848228 0.00859099 0.00855732 0.00831129 0.00780708 0.00702383 0.00592343 0.00451272 0.0027536 0.000650223 -0.00181477 -0.00460935 -0.00767042 -0.0109363 -0.0143271 -0.0177843 -0.0212371 -0.0246166 -0.0278339 -0.0308054 -0.0334654 -0.0357564 -0.0376312 -0.0390629 -0.0400304 
0 -0.0094831 -0.0187782 -0.0277163 -0.0361432 -0.0438777 -0.0508012 -0.0568123 -0.0618112 -0.0657234 -0.0685161 -0.0702107 -0.0708098 -0.0703872 -0.0690332 -0.0668376 -0.0639346 -0.060458 -0.0565821 -0.0524096 -0.0480812 -0.0437254 -0.0394313 -0.0353235 -0.0314386 -0.0278501 -0.0245622 -0.0216083 -0.0189963 -0.0166892 -0.0147051 -0.0129722 -0.0114749 -0.0101963 -0.00912435 -0.00822968 -0.00747542 -0.00684049 -0.0062996 -0.00582444 -0.00543255 -0.00509127 -0.00478469 -0.00452835 -0.00427236 -0.00405501 -0.00384876 -0.003669 -0.00349152 -0.00332907 -0.0031817 -0.00303748 -0.00290658 -0.002781 -0.00265253 -0.0025313 -0.00243153 -0.00232641 -0.00225009 -0.00217029 -0.00210617 -0.00205977 -0.00205167 -0.00206015 -0.00214986 -0.00230705 -0.00254837 -0.00289439 -0.00336654 -0.00400982 -0.00484418 -0.00585786 -0.00709752 -0.00856825 -0.0102128 -0.0120195 -0.013914 -0.0158332 -0.0176313 -0.0191755 -0.0203017 -0.0208468 -0.0206396 -0.0196206 -0.0176881 -0.0148812 -0.0112931 -0.00711776 -0.00255708 0.00208338 0.00654382 0.0105528 0.0139068 0.0164287 0.0181268 0.0190307 0.0193215 0.0192307 0.0190029 0.0188314 0.0188993 0.019197 0.0196983 0.0202338 0.0205845 0.0205041 0.0197896 0.0182336 0.0158022 0.0125075 0.00851294 0.00402909 -0.000635761 -0.00522431 -0.00944899 -0.0130772 -0.015908 -0.0178751 -0.0188997 -0.0190792 -0.0185298 -0.0173999 -0.015831 -0.0140052 -0.0120394 -0.0100749 -0.00818842 -0.00647995 -0.00495231 -0.00361237 -0.00249025 -0.00157422 -0.000826126 -0.000221041 0.000259104 0.000618218 0.00087597 0.00109321 0.00125453 0.00139192 0.00150395 0.00160831 0.00168506 0.00177397 0.0018419 0.00192209 0.00201267 0.00210211 0.00219237 0.00229773 0.00239606 0.00251046 0.00263486 0.00275783 0.00290224 0.00304657 0.00322412 0.00339546 0.0035987 0.00380858 0.00402865 0.0042903 0.00457651 0.00488174 0.00521187 0.00555086 0.0059191 0.00632481 0.00675696 0.00721274 0.00765673 0.00811493 0.00852639 0.00890433 0.00921524 0.00938772 0.00939333 0.0091716 0.00871845 0.0079663 0.00690137 0.00549717 0.00372582 0.00160487 -0.000874321 -0.00367997 -0.00677462 -0.0100837 -0.0135256 -0.0170242 -0.0205013 -0.0239144 -0.0271982 -0.0302658 -0.0330419 -0.0354792 -0.0375464 -0.0392172 -0.0404958 -0.0413719 
0 -0.00904068 -0.0179076 -0.0264888 -0.0346572 -0.0422818 -0.0492395 -0.0554441 -0.0607737 -0.0651262 -0.0684817 -0.0708098 -0.0720995 -0.0723539 -0.0716543 -0.0700655 -0.0676828 -0.0646627 -0.0611193 -0.0571829 -0.0529586 -0.0486117 -0.0442485 -0.0399727 -0.0358712 -0.0319849 -0.0283862 -0.0250996 -0.0221522 -0.0195206 -0.0172165 -0.0151984 -0.0134368 -0.0119268 -0.0106478 -0.00955695 -0.00861832 -0.00784613 -0.00718604 -0.00663277 -0.00615595 -0.00573823 -0.00537285 -0.00505749 -0.00477854 -0.00452336 -0.00429574 -0.00408507 -0.00386842 -0.00367428 -0.00351237 -0.00335062 -0.00322122 -0.00307604 -0.00293377 -0.00280783 -0.00268659 -0.00257595 -0.00247735 -0.00239125 -0.00232011 -0.00226415 -0.00225445 -0.00228775 -0.0023793 -0.00255225 -0.00280226 -0.00319427 -0.00372335 -0.00440269 -0.00529805 -0.0064242 -0.00777052 -0.00935008 -0.0111279 -0.0130862 -0.0151476 -0.0172047 -0.0191357 -0.0207869 -0.0219692 -0.022536 -0.0223356 -0.0212223 -0.0191472 -0.0161487 -0.0122974 -0.00780371 -0.00292461 0.00208616 0.00690428 0.0112428 0.0148882 0.0176644 0.0195465 0.0206149 0.0210279 0.0210342 0.0208663 0.0207364 0.0208003 0.0210902 0.021567 0.0220743 0.0223728 0.0222243 0.0213663 0.0196257 0.0169541 0.0133682 0.00904653 0.00424098 -0.000792952 -0.00572206 -0.0102464 -0.0141426 -0.0171899 -0.0192809 -0.0204168 -0.0206413 -0.0200575 -0.018842 -0.0171586 -0.0151766 -0.0130647 -0.0109515 -0.00892204 -0.00705802 -0.00538292 -0.00395085 -0.0027469 -0.00172335 -0.0008982 -0.000254297 0.000269423 0.000663454 0.000976475 0.00121259 0.00138166 0.00153022 0.00165662 0.00176393 0.00185818 0.0019415 0.00202847 0.00212067 0.0022273 0.00233894 0.00243345 0.00255084 0.00265467 0.00277221 0.00291279 0.00306156 0.00322598 0.00340513 0.00358192 0.00377948 0.00401131 0.00426534 0.00453399 0.00482438 0.00514816 0.00548564 0.00586672 0.00626873 0.00670241 0.007166 0.00765557 0.00814785 0.0086463 0.00913023 0.00954338 0.00988948 0.0101242 0.0102001 0.0100293 0.00960319 0.00888484 0.0078409 0.00646219 0.00470575 0.00257264 5.78768e-05 -0.00278386 -0.00591145 -0.00925154 -0.0127293 -0.0162828 -0.0198178 -0.0232601 -0.0265538 -0.0296515 -0.0324769 -0.0349802 -0.0371467 -0.0389575 -0.040402 -0.0415035 -0.0422672 
0 -0.0084568 -0.0167766 -0.0248801 -0.0326932 -0.0400895 -0.0469753 -0.0532628 -0.058829 -0.0635675 -0.0674333 -0.0703872 -0.0723539 -0.0733217 -0.0733383 -0.0724431 -0.0707055 -0.0682366 -0.0651604 -0.0615705 -0.0575956 -0.0533911 -0.0490595 -0.0447178 -0.0404493 -0.0363487 -0.0324849 -0.0289057 -0.0256348 -0.0226608 -0.0200279 -0.0177023 -0.0156627 -0.0138993 -0.0123836 -0.011071 -0.0099368 -0.00899584 -0.00820844 -0.00753377 -0.00695652 -0.00644983 -0.00600948 -0.00564202 -0.00530581 -0.00500955 -0.00474743 -0.00451585 -0.00428473 -0.00407452 -0.00388953 -0.00370691 -0.00354371 -0.00337947 -0.00322179 -0.00308479 -0.00296157 -0.002831 -0.00271829 -0.00262197 -0.00255197 -0.00250687 -0.0025001 -0.00251698 -0.00261257 -0.00279319 -0.00306502 -0.00347902 -0.00405405 -0.00481951 -0.00580219 -0.00699254 -0.00842649 -0.010126 -0.0120421 -0.0141463 -0.0163478 -0.0185456 -0.0205951 -0.0223457 -0.0236075 -0.0242029 -0.023961 -0.0227777 -0.0205722 -0.017379 -0.0132854 -0.00850265 -0.00328165 0.00206183 0.00720627 0.0118575 0.0157915 0.0188239 0.0209447 0.022197 0.0227483 0.0228486 0.0227419 0.0226438 0.022737 0.0230291 0.0234864 0.0239427 0.0241552 0.0238771 0.0228722 0.0209401 0.018039 0.0141869 0.00955852 0.0044052 -0.0009597 -0.00621207 -0.0110321 -0.0151701 -0.0184097 -0.0206629 -0.0218804 -0.0221279 -0.0215234 -0.0202368 -0.0184399 -0.0163324 -0.0140733 -0.0118075 -0.00962937 -0.0076397 -0.00585051 -0.00428385 -0.00295853 -0.00185737 -0.000972771 -0.000276501 0.000281778 0.000708237 0.00104145 0.00131456 0.00151148 0.00167225 0.00180685 0.001927 0.00202956 0.00213332 0.00222639 0.00232893 0.00244021 0.00254647 0.0026521 0.00278789 0.00292092 0.00306571 0.00322357 0.00338752 0.00357699 0.0037751 0.00398209 0.00419893 0.00446546 0.00475972 0.00506862 0.00541027 0.00577723 0.00616693 0.006604 0.00707115 0.00757492 0.00810189 0.00863239 0.00915777 0.00967671 0.0101772 0.0105673 0.0108366 0.0109494 0.0108434 0.0104649 0.00978052 0.00877127 0.00739122 0.00564251 0.00351184 0.000994914 -0.00187754 -0.00505378 -0.0084501 -0.0119764 -0.0155577 -0.0191389 -0.0226437 -0.0259765 -0.0290869 -0.0319256 -0.0344408 -0.0366215 -0.0384828 -0.0400234 -0.0412272 -0.0421354 -0.0427655 
0 -0.00775993 -0.0154325 -0.0229791 -0.0303475 -0.0374256 -0.0441354 -0.0504082 -0.0561297 -0.0611849 -0.065509 -0.0690332 -0.0716543 -0.0733383 -0.0741095 -0.0739715 -0.0729466 -0.0711179 -0.0685965 -0.0654726 -0.0618678 -0.0579225 -0.0537337 -0.0494176 -0.0450831 -0.0408449 -0.0367831 -0.0329511 -0.0293837 -0.0260978 -0.023151 -0.0205198 -0.0181825 -0.016136 -0.0143622 -0.0128179 -0.0114761 -0.0103466 -0.00938798 -0.00856268 -0.0078602 -0.00725894 -0.00674581 -0.00630981 -0.00590709 -0.00554783 -0.00524003 -0.00497704 -0.0047219 -0.00448468 -0.00426948 -0.00405736 -0.003867 -0.00368393 -0.00351532 -0.00336988 -0.00323395 -0.00308721 -0.00295846 -0.00285424 -0.002779 -0.00273075 -0.00272211 -0.00274704 -0.00285183 -0.00304622 -0.0033413 -0.00378902 -0.00440657 -0.00522553 -0.0062816 -0.00757373 -0.00911947 -0.0109328 -0.0129728 -0.0152055 -0.0175369 -0.0198611 -0.0220312 -0.0238854 -0.0252201 -0.0258446 -0.0255791 -0.0243062 -0.0219579 -0.0185764 -0.0142554 -0.0092098 -0.0037006 0.00195716 0.0074265 0.0123974 0.0166293 0.0199317 0.0222797 0.0237238 0.0244307 0.0246508 0.0246297 0.0245863 0.0246964 0.0249807 0.0254012 0.0257926 0.0259084 0.0254955 0.0243101 0.022164 0.0190172 0.0148997 0.00998919 0.00454031 -0.00113673 -0.00669843 -0.0118066 -0.0161916 -0.0196239 -0.0220053 -0.0233001 -0.0235717 -0.0229417 -0.0215891 -0.0196994 -0.0174782 -0.0150902 -0.0126822 -0.0103547 -0.00821105 -0.00628679 -0.00461582 -0.0031999 -0.00201323 -0.00105334 -0.000301154 0.000298281 0.000764272 0.0011357 0.0014345 0.00165021 0.00182441 0.00197348 0.00210516 0.00221979 0.00233487 0.00244356 0.00256155 0.00268236 0.00279202 0.00290398 0.00305405 0.0032112 0.00337837 0.00355026 0.00372581 0.00393184 0.00416004 0.00440392 0.0046637 0.00496802 0.00529497 0.00563858 0.00602592 0.00645502 0.0069149 0.00741756 0.00794633 0.00851224 0.00910316 0.00968613 0.0102416 0.0107677 0.0112435 0.0115718 0.0117233 0.011658 0.0113182 0.0106644 0.00967599 0.00832738 0.00657048 0.0044121 0.00186995 -0.00102624 -0.00422644 -0.00767019 -0.0112672 -0.0149132 -0.0185279 -0.0220592 -0.0254368 -0.0285723 -0.0314206 -0.0339433 -0.0361085 -0.0379383 -0.0394792 -0.0407409 -0.0417088 -0.0424277 -0.0429287 
0 -0.00700804 -0.0139796 -0.0209171 -0.0277696 -0.0344534 -0.0408978 -0.0470648 -0.052851 -0.0581294 -0.0628265 -0.0668376 -0.0700655 -0.0724431 -0.0739715 -0.0746138 -0.0743411 -0.073228 -0.0713462 -0.0687956 -0.0656626 -0.0620792 -0.058149 -0.0539745 -0.0496968 -0.0454104 -0.0412222 -0.0371904 -0.0333762 -0.0298284 -0.0265898 -0.0236534 -0.0209987 -0.0186463 -0.0165957 -0.0148026 -0.0132304 -0.011889 -0.0107306 -0.00974191 -0.00889661 -0.00818171 -0.0075779 -0.00705021 -0.00657942 -0.00615137 -0.00579217 -0.00547939 -0.00518067 -0.00490586 -0.00466567 -0.0044343 -0.00422978 -0.00402382 -0.00383338 -0.00367158 -0.00351552 -0.00336472 -0.00322365 -0.00311189 -0.00302307 -0.00295844 -0.00293357 -0.00297176 -0.00309098 -0.00331699 -0.00363987 -0.00411759 -0.00477592 -0.00564365 -0.00676431 -0.00815085 -0.00979709 -0.0117214 -0.0138935 -0.0162557 -0.0187201 -0.0211617 -0.0234444 -0.0253898 -0.0267804 -0.0274152 -0.0271281 -0.0257681 -0.0233011 -0.0197579 -0.0152288 -0.00992449 -0.00413877 0.00182992 0.00760799 0.0128795 0.0173943 0.0209729 0.0235561 0.0252185 0.0261048 0.0264645 0.0265413 0.0265677 0.0266927 0.0269687 0.027337 0.0276395 0.0276298 0.0270662 0.0256838 0.0233257 0.0199356 0.0155539 0.0103575 0.00462588 -0.00134998 -0.00718789 -0.0125464 -0.0171497 -0.0207686 -0.023273 -0.0246604 -0.024966 -0.0243178 -0.0229046 -0.0209288 -0.0185893 -0.0160734 -0.0135196 -0.0110542 -0.00877191 -0.00672262 -0.00495493 -0.00345174 -0.00217878 -0.00114301 -0.000323228 0.00033416 0.000840056 0.00124675 0.00155455 0.00178229 0.00196984 0.00213928 0.00228753 0.00242227 0.00253669 0.00265619 0.00278354 0.00292135 0.00305403 0.00318264 0.00334608 0.00351689 0.00369607 0.00388436 0.00408435 0.00431388 0.00458063 0.00485441 0.00516583 0.00551609 0.00589221 0.00628828 0.00672603 0.00722573 0.00776166 0.00833404 0.00892073 0.00953459 0.0101731 0.0108022 0.0113744 0.0118858 0.0122819 0.0124888 0.0124674 0.0121727 0.011559 0.0105688 0.00922002 0.00747539 0.00531149 0.00273591 -0.000215377 -0.00346077 -0.00694237 -0.0105743 -0.0142857 -0.0179697 -0.0215433 -0.0249516 -0.0281148 -0.0309728 -0.0334958 -0.0356728 -0.0374844 -0.0389665 -0.0401862 -0.0411621 -0.0418966 -0.0424339 -0.0428142 
0 -0.0062498 -0.0125118 -0.0187936 -0.02509 -0.031311 -0.0374334 -0.0434143 -0.049164 -0.0545677 -0.0595161 -0.0639346 -0.0676828 -0.0707055 -0.0729466 -0.0743411 -0.0748548 -0.0744972 -0.0733545 -0.07145 -0.0688859 -0.0657674 -0.0622033 -0.0583121 -0.0541875 -0.0499615 -0.0457161 -0.0415574 -0.0375596 -0.0337856 -0.0302838 -0.0270535 -0.0240974 -0.0214524 -0.0191169 -0.0170502 -0.0152298 -0.013642 -0.0122877 -0.0111057 -0.0100975 -0.00923256 -0.00849431 -0.00787157 -0.00731333 -0.00682844 -0.00640716 -0.00603193 -0.00568235 -0.00536935 -0.0050953 -0.00485773 -0.00461916 -0.00439408 -0.00417661 -0.00398578 -0.00382158 -0.00365258 -0.0035045 -0.00338155 -0.00328243 -0.00321522 -0.00318825 -0.00321381 -0.00335345 -0.00359192 -0.00394749 -0.00444612 -0.00514327 -0.00608511 -0.00728252 -0.0087266 -0.0104687 -0.012508 -0.0148042 -0.0172977 -0.0198872 -0.0224497 -0.0248275 -0.0268411 -0.028285 -0.0289351 -0.0286007 -0.0271882 -0.0246165 -0.0209076 -0.0161849 -0.0106498 -0.00457089 0.00167211 0.00773803 0.0133028 0.0180948 0.0219351 0.0247886 0.0266762 0.027766 0.0282894 0.0284888 0.0285793 0.0287393 0.0289893 0.0292882 0.0294809 0.0293308 0.0285748 0.0270026 0.0244201 0.0207812 0.0161477 0.0106863 0.00465427 -0.00157988 -0.00767439 -0.0132721 -0.0180613 -0.0218313 -0.0244819 -0.0259468 -0.0262919 -0.0256462 -0.0241834 -0.0221154 -0.0196688 -0.017025 -0.0143398 -0.0117358 -0.00932985 -0.00718297 -0.00529365 -0.00368025 -0.0023343 -0.00123156 -0.000344379 0.000354408 0.000907464 0.00132964 0.00167 0.00192221 0.00212291 0.00230699 0.00247638 0.0026186 0.00275131 0.00286772 0.00300791 0.00316432 0.00331132 0.00347394 0.00364669 0.00383536 0.00403064 0.00423955 0.00447619 0.00475457 0.00505112 0.00537063 0.00570968 0.00611248 0.00655304 0.00701609 0.00753275 0.00809191 0.00870753 0.00934769 0.0100023 0.0106704 0.0113449 0.0119829 0.0125418 0.0129782 0.0132437 0.0132559 0.0129853 0.0124124 0.0114609 0.0101124 0.00833938 0.00616678 0.00357914 0.000600784 -0.00269887 -0.00625226 -0.00993814 -0.0136988 -0.0174356 -0.0210704 -0.0245273 -0.0277299 -0.0306186 -0.0331289 -0.035287 -0.037096 -0.0385602 -0.0397159 -0.0406215 -0.0413225 -0.0418286 -0.0422035 -0.0424773 
0 -0.00552458 -0.0110732 -0.0166993 -0.0223857 -0.0281237 -0.0338655 -0.0395935 -0.0452193 -0.0506275 -0.0557481 -0.060458 -0.0646627 -0.0682366 -0.0711179 -0.073228 -0.0744972 -0.074945 -0.0745539 -0.0733716 -0.0714389 -0.0688734 -0.0657917 -0.0622652 -0.0584209 -0.054341 -0.0501608 -0.0459713 -0.0418589 -0.0379139 -0.034179 -0.0306964 -0.0274801 -0.0245577 -0.0219358 -0.0195827 -0.0174869 -0.0156636 -0.0140735 -0.0126975 -0.0114865 -0.0104429 -0.00956151 -0.00880049 -0.00815222 -0.00757634 -0.00708499 -0.00664651 -0.0062468 -0.00588683 -0.00557779 -0.00529209 -0.00502838 -0.00476863 -0.0045327 -0.00433107 -0.00413178 -0.00394809 -0.00377789 -0.00364838 -0.00355261 -0.00348627 -0.00345237 -0.00350206 -0.00362297 -0.00386431 -0.00423654 -0.00478356 -0.00553898 -0.00652593 -0.00778214 -0.00934058 -0.0111742 -0.0133023 -0.015719 -0.0183327 -0.0210436 -0.0237053 -0.0261776 -0.0282635 -0.0297439 -0.0304046 -0.0300722 -0.028571 -0.0258854 -0.0220323 -0.0171182 -0.0113516 -0.00505788 0.00145896 0.00780424 0.0136444 0.0187138 0.0228488 0.0259426 0.0280847 0.0293993 0.0301024 0.0304374 0.0306323 0.0307964 0.0310254 0.0312428 0.0313016 0.0309829 0.0300483 0.0282324 0.0254193 0.0215361 0.0166478 0.0109294 0.00467207 -0.00183078 -0.00816592 -0.0139737 -0.0189533 -0.0228856 -0.0256165 -0.0271683 -0.0275602 -0.0269111 -0.0254066 -0.0232742 -0.0207231 -0.0179679 -0.015157 -0.0124421 -0.0099003 -0.00760797 -0.00562772 -0.00392701 -0.00247943 -0.00129648 -0.000364214 0.000365263 0.000942498 0.00142509 0.00178968 0.00207559 0.00230065 0.00249867 0.00267222 0.00283207 0.00296527 0.00311304 0.00326495 0.00342942 0.00359565 0.0037645 0.0039619 0.00417603 0.00440005 0.00464079 0.00491617 0.00522838 0.00558018 0.00593032 0.00632827 0.006775 0.00728158 0.00783501 0.00842307 0.0090677 0.00974558 0.0104528 0.0111754 0.0118962 0.0125902 0.0132021 0.0136754 0.0139892 0.0140564 0.0138264 0.0132531 0.0123186 0.0109975 0.00922197 0.00701985 0.00438426 0.001372 -0.00196939 -0.00557609 -0.00933462 -0.0131727 -0.0169701 -0.0206607 -0.0241552 -0.0273911 -0.0303205 -0.0328605 -0.0350057 -0.0367712 -0.0382118 -0.0393404 -0.0401866 -0.040815 -0.0412544 -0.0415638 -0.0417869 -0.041968 
