0 0 0 0 0 0 0 0 0 0 0 0 0 0 0 0 0 0 0 0 0 0 0 0 0 0 0 0 0 0 0 0 0 0 0 0 0 0 0 0 0 0 0 0 0 0 0 0 0 0 0 0 0 0 0 0 0 0 0 0 0 0 0 0 0 0 0 0 0 0 0 0 0 0 0 0 0 0 0 0 0 0 0 0 0 0 0 0 0 0 0 0 0 0 0 0 0 0 0 0 0 0 0 0 0 0 0 0 0 0 0 0 0 0 0 0 0 0 0 0 0 0 0 0 0 0 0 0 0 0 0 0 0 0 0 0 0 0 0 0 0 0 0 0 0 0 0 0 0 0 0 0 0 0 0 0 0 0 0 0 0 0 0 0 0 0 0 0 0 0 0 0 0 0 0 0 0 0 0 0 0 0 0 0 0 0 0 0 0 0 0 0 0 0 0 0 0 0 0 0 
0 1.18149e-05 1.02411e-05 1.45832e-05 1.99618e-05 2.99903e-05 3.29054e-05 4.11671e-05 6.26316e-05 7.96407e-05 0.00010804 0.00014798 0.000211284 0.000287557 0.000378864 0.00050265 0.000648037 0.000826416 0.0010335 0.00128105 0.00157156 0.00190979 0.00229983 0.00273358 0.00321114 0.00372607 0.0042598 0.00478528 0.00530422 0.00578642 0.00621862 0.00656965 0.00683767 0.0070083 0.00703822 0.0069331 0.00665439 0.00621875 0.00562951 0.00490682 0.00407394 0.00315203 0.0021829 0.00118603 0.000178239 -0.000801404 -0.00171669 -0.00254994 -0.00325214 -0.00383633 -0.00428449 -0.00460632 -0.00479944 -0.00487562 -0.00485035 -0.00472719 -0.00452567 -0.00426277 -0.00395902 -0.0036367 -0.00332917 -0.00302275 -0.00273358 -0.00245017 -0.00217644 -0.00190803 -0.00166508 -0.00142172 -0.0011812 -0.000931745 -0.000654798 -0.000356436 -5.02207e-05 0.000268355 0.000569672 0.000831939 0.00104655 0.00117157 0.00120567 0.00113071 0.000929341 0.000614556 0.000224526 -0.000235623 -0.000718299 -0.0011939 -0.00161259 -0.00195467 -0.00220403 -0.0023693 -0.00243132 -0.00241671 -0.0023361 -0.00220548 -0.00202917 -0.00185122 -0.00166509 -0.00149075 -0.00135631 -0.00128004 -0.00124133 -0.00126781 -0.00133608 -0.00143056 -0.00154764 -0.00169641 -0.00184154 -0.00198565 -0.00210668 -0.00218445 -0.00218195 -0.00210139 -0.00191379 -0.00162103 -0.00123062 -0.000780102 -0.000287881 0.000209061 0.000703211 0.00114248 0.00150896 0.00179328 0.00198282 0.00206353 0.00206293 0.00198685 0.00187612 0.00175813 0.00164301 0.0015538 0.00149669 0.00146726 0.00147575 0.00152721 0.00160825 0.0017336 0.00188753 0.00207085 0.00227725 0.00251763 0.00276827 0.00305091 0.00335199 0.00366632 0.00398475 0.00428753 0.00453497 0.00471937 0.00481767 0.00481993 0.00472122 0.00449348 0.00413701 0.00362288 0.00297977 0.00221139 0.00133695 0.000391585 -0.000592707 -0.00159666 -0.00257502 -0.0035182 -0.00439819 -0.00517624 -0.00582728 -0.00631403 -0.00665684 -0.00683031 -0.00685885 -0.00675531 -0.00653237 -0.0062177 -0.0058242 -0.00537129 -0.00486859 -0.00434934 -0.00383223 -0.00333081 -0.00285154 -0.002426 -0.00205084 -0.00172019 -0.00143245 -0.00118271 -0.000977656 -0.00079563 -0.000649529 -0.000527285 -0.000426882 -0.000348134 -0.000280818 -0.000234944 -0.00019769 -0.000177671 -0.000163127 -0.000148611 -0.000143144 -0.000139534 -0.000143268 -0.000141621 
0 1.02411e-05 1.32776e-05 4.55486e-06 3.02138e-05 3.82328e-05 5.28879e-05 7.53642e-05 0.000116081 0.000173618 0.000225821 0.000328488 0.000454642 0.000613921 0.000807031 0.00104646 0.00135083 0.00169754 0.0021181 0.00261075 0.00318742 0.00386471 0.00463482 0.00549685 0.00644212 0.007457 0.00850805 0.00954466 0.010556 0.0115114 0.012345 0.0130322 0.0135415 0.0138448 0.0138911 0.0136451 0.0130986 0.0122355 0.0110894 0.00968997 0.00806135 0.00626063 0.00435739 0.00239184 0.000413672 -0.00150599 -0.0033094 -0.00492949 -0.00633148 -0.00748273 -0.00838607 -0.00904126 -0.00942847 -0.00959354 -0.00955653 -0.00932872 -0.00896471 -0.00848292 -0.00790549 -0.00730589 -0.00668877 -0.00608595 -0.00550275 -0.00493174 -0.00438733 -0.0038646 -0.00336923 -0.00289202 -0.0023993 -0.00188605 -0.00133829 -0.000735729 -0.000119189 0.000514899 0.00112454 0.00166301 0.00209241 0.00236543 0.00241217 0.00223671 0.00183471 0.00122349 0.000426085 -0.000481961 -0.00143105 -0.00234759 -0.00318556 -0.00389075 -0.00441317 -0.00472899 -0.00487205 -0.00484123 -0.00465702 -0.00437986 -0.00403858 -0.0036538 -0.00329295 -0.00298771 -0.00273997 -0.00256975 -0.00249969 -0.00251806 -0.00261907 -0.00281768 -0.00308627 -0.0033746 -0.00368538 -0.00398641 -0.00421418 -0.00434724 -0.0043523 -0.0041637 -0.00377875 -0.00320812 -0.00246399 -0.00156928 -0.00058411 0.000430915 0.00140094 0.00228689 0.00304281 0.0036188 0.00397031 0.00413831 0.00412902 0.00398258 0.00376881 0.00353294 0.00330114 0.00313444 0.00301149 0.00295924 0.00299351 0.00309376 0.0032668 0.00350979 0.0038012 0.00415715 0.00456956 0.00503952 0.00556567 0.00612127 0.00672086 0.00732786 0.00792784 0.00849711 0.00896708 0.0093026 0.00948856 0.00947271 0.00924983 0.0087925 0.00806031 0.00705692 0.00579536 0.00429967 0.00259729 0.000746298 -0.00119633 -0.00316831 -0.00510719 -0.00695597 -0.00867469 -0.0102021 -0.0114578 -0.0124308 -0.0131029 -0.0134686 -0.0135495 -0.0133636 -0.0129527 -0.0123464 -0.0115885 -0.0107099 -0.00973021 -0.00871461 -0.00770454 -0.00670756 -0.00576536 -0.00490391 -0.00414816 -0.00347839 -0.00288407 -0.00239191 -0.00196262 -0.00160966 -0.00130897 -0.00106326 -0.000872127 -0.000704715 -0.000590799 -0.000487766 -0.000423112 -0.000378771 -0.000341875 -0.000322377 -0.000294259 -0.000296856 -0.000286113 -0.00028188 
0 1.45832e-05 4.55486e-06 1.19008e-05 3.0054e-05 6.01773e-05 7.7642e-05 0.000115625 0.000195362 0.000275787 0.000387395 0.000535042 0.000742323 0.00098708 0.00127645 0.0016543 0.002101 0.00264177 0.00327403 0.00402599 0.00490496 0.00592051 0.00707784 0.00835551 0.00974763 0.0112335 0.0127604 0.0142586 0.0157271 0.0170891 0.0182964 0.0192617 0.019966 0.0203671 0.0203652 0.019979 0.0191346 0.0178749 0.0162093 0.0141772 0.0118253 0.00920941 0.0064439 0.00359815 0.000734836 -0.00203783 -0.00462895 -0.00699664 -0.00903136 -0.010754 -0.0121109 -0.0131046 -0.0137177 -0.0139864 -0.0139658 -0.0136867 -0.0132086 -0.0125672 -0.0117965 -0.0109393 -0.0100699 -0.00917313 -0.00830636 -0.00746413 -0.00666392 -0.0058896 -0.00517282 -0.0044406 -0.00369259 -0.00290848 -0.00205519 -0.00115218 -0.000233227 0.000717024 0.00162943 0.00244023 0.0031048 0.00349818 0.00359018 0.00333452 0.00270359 0.00175112 0.000589193 -0.000748993 -0.00214561 -0.00352539 -0.00476836 -0.00581429 -0.0066012 -0.00712285 -0.00732378 -0.00726232 -0.00698092 -0.00654883 -0.00600735 -0.00547769 -0.00495697 -0.00448573 -0.00411676 -0.00388479 -0.00374716 -0.00377754 -0.00393955 -0.00421159 -0.00458488 -0.00506155 -0.00553725 -0.00598749 -0.00633623 -0.00652846 -0.00648283 -0.00620774 -0.00564534 -0.00479974 -0.00368001 -0.00236519 -0.000903054 0.000604899 0.00210778 0.00345153 0.00456443 0.0054084 0.00595507 0.00619036 0.00619235 0.005989 0.00568339 0.00534398 0.0050029 0.00473171 0.00456032 0.0044933 0.00455617 0.00474524 0.0050126 0.00537973 0.00581136 0.00632598 0.00692746 0.00764518 0.00841486 0.00925845 0.0101217 0.0109784 0.0118105 0.012583 0.0132097 0.0136665 0.0138862 0.013824 0.0134567 0.0127208 0.0116243 0.0101181 0.0082763 0.00610536 0.0036404 0.000959152 -0.00185576 -0.00473417 -0.00754182 -0.0102288 -0.0127168 -0.0149116 -0.0167543 -0.0181665 -0.019191 -0.0197625 -0.0199259 -0.0197049 -0.0191319 -0.0182807 -0.0171955 -0.0159325 -0.014525 -0.0130617 -0.0115941 -0.0101533 -0.00875971 -0.00749111 -0.0063498 -0.0053303 -0.0044372 -0.00366785 -0.00303181 -0.00247659 -0.00202448 -0.00164824 -0.00134432 -0.00110879 -0.000915646 -0.000776856 -0.000662598 -0.000591064 -0.000537104 -0.000489441 -0.000465768 -0.000447317 -0.000439648 -0.00042239 
0 1.99618e-05 3.02138e-05 3.0054e-05 7.86728e-05 0.00010749 0.000142759 0.000198601 0.000294763 0.000423306 0.000559734 0.000777687 0.00105063 0.0013896 0.00180103 0.00231206 0.00294657 0.00368321 0.00456495 0.00559612 0.00678953 0.0081578 0.00968424 0.0113552 0.0131543 0.015054 0.0169959 0.0189007 0.0207446 0.0224684 0.0239582 0.0251489 0.0259793 0.0263977 0.0263283 0.0257381 0.024623 0.0229764 0.020842 0.0182563 0.0152561 0.0119332 0.0084192 0.00480343 0.00118433 -0.0023175 -0.00560996 -0.00860211 -0.0112367 -0.0134649 -0.0152672 -0.0166207 -0.0174863 -0.0179282 -0.0179965 -0.0177261 -0.0172053 -0.0164627 -0.0155277 -0.014498 -0.0133984 -0.0122818 -0.0111789 -0.0100947 -0.00905244 -0.00804198 -0.00706325 -0.00608749 -0.00506714 -0.00399702 -0.00286045 -0.0016426 -0.000400356 0.000865 0.00208431 0.00317021 0.00404019 0.00458597 0.00469018 0.00433804 0.00352678 0.00230081 0.000730052 -0.00105263 -0.00291325 -0.00472049 -0.00637237 -0.00776573 -0.00880778 -0.00945313 -0.00973494 -0.00966607 -0.00929666 -0.00873443 -0.00804711 -0.00729897 -0.00659474 -0.00599089 -0.00550555 -0.00517232 -0.00502017 -0.00504712 -0.00524534 -0.00562842 -0.00615419 -0.00674365 -0.00736857 -0.00796215 -0.00841252 -0.00866342 -0.00864645 -0.00826646 -0.00750701 -0.00638058 -0.00490991 -0.00314664 -0.0011935 0.000828671 0.00278005 0.00455669 0.00606084 0.00720231 0.00791715 0.00826158 0.00827119 0.00802118 0.00763269 0.00718924 0.00674959 0.00641626 0.00618787 0.00611186 0.00621741 0.00646983 0.0068578 0.00736397 0.0079524 0.00864747 0.00944963 0.0103642 0.011372 0.0124224 0.0135055 0.0145596 0.0155614 0.0164787 0.0172114 0.0177036 0.0179087 0.0177366 0.0171632 0.0161458 0.0146433 0.0126761 0.0102846 0.00750621 0.00437582 0.000973649 -0.00260685 -0.00625393 -0.00983603 -0.0132454 -0.0164016 -0.0192061 -0.0215478 -0.0234052 -0.024754 -0.0255663 -0.0258566 -0.0256417 -0.0249812 -0.0239358 -0.0225884 -0.0210007 -0.0192223 -0.0173634 -0.0154955 -0.013638 -0.01185 -0.0101844 -0.00868123 -0.00732623 -0.00611772 -0.00509584 -0.00421241 -0.00347142 -0.0028405 -0.0023181 -0.00190272 -0.00155384 -0.00129867 -0.00107882 -0.000922525 -0.000809393 -0.000721257 -0.000666539 -0.000615313 -0.000608901 -0.000584805 -0.000570268 
0 2.99903e-05 3.82328e-05 6.01773e-05 0.00010749 0.00016293 0.000212672 0.00029595 0.000436748 0.000600422 0.000806968 0.00108356 0.00145027 0.00189492 0.00243077 0.00310555 0.00391493 0.00487781 0.0060081 0.00733095 0.00884999 0.0105616 0.0124518 0.0144892 0.0166554 0.0189195 0.0212109 0.0234434 0.025593 0.0275639 0.0292612 0.030571 0.0314458 0.0318284 0.0316217 0.0308372 0.0294286 0.0274354 0.0248803 0.0218069 0.0182734 0.0143724 0.0102583 0.00603998 0.00181403 -0.00228575 -0.00614716 -0.0097008 -0.0128337 -0.0155354 -0.0177472 -0.0194489 -0.0206113 -0.021277 -0.0215062 -0.0213401 -0.02085 -0.0200813 -0.0190829 -0.017928 -0.016701 -0.015414 -0.014123 -0.0128321 -0.0115624 -0.0103066 -0.00909292 -0.0078546 -0.00657294 -0.00522278 -0.00376898 -0.00222954 -0.000655184 0.000943273 0.00246873 0.00381707 0.00489815 0.00555521 0.00570855 0.00529585 0.004289 0.0027541 0.000829752 -0.00138092 -0.00369748 -0.00596419 -0.00800462 -0.00970653 -0.0109766 -0.0117926 -0.012125 -0.0120387 -0.0116014 -0.0109144 -0.0100527 -0.0091556 -0.00827389 -0.00748256 -0.00685976 -0.00646008 -0.00626433 -0.00632725 -0.00660626 -0.0070682 -0.00768401 -0.00842425 -0.00918298 -0.00990365 -0.0104731 -0.010797 -0.0107576 -0.0103063 -0.00937309 -0.00796097 -0.0061009 -0.00390583 -0.00148475 0.0010093 0.00345745 0.00566912 0.00752654 0.00895036 0.0098873 0.0103342 0.0103767 0.0100883 0.00962047 0.00908933 0.00856997 0.0081653 0.00791726 0.00784801 0.00799026 0.00833329 0.00883021 0.00948329 0.0102442 0.0111193 0.012106 0.0132172 0.0143904 0.015622 0.0168538 0.0180411 0.0191504 0.0201274 0.0208652 0.0213141 0.0213983 0.0210535 0.0202454 0.0189103 0.0170443 0.0146276 0.0117462 0.00843024 0.00472739 0.000728704 -0.00346285 -0.00773727 -0.0119258 -0.0159315 -0.0196471 -0.0229532 -0.0257624 -0.028 -0.0296827 -0.0307391 -0.0311893 -0.031049 -0.0303603 -0.0292145 -0.0276885 -0.0258632 -0.0238036 -0.0216301 -0.0194222 -0.0172198 -0.0150654 -0.0130466 -0.0111878 -0.00949314 -0.00797814 -0.00665944 -0.00553721 -0.00456801 -0.00375739 -0.00307992 -0.00252713 -0.00208325 -0.00172476 -0.00144413 -0.00122147 -0.00106481 -0.000948127 -0.000856624 -0.000799438 -0.000767741 -0.000745492 -0.000722198 
0 3.29054e-05 5.28879e-05 7.7642e-05 0.000142759 0.000212672 0.000295393 0.000420027 0.000605005 0.000835147 0.00111032 0.00148038 0.00194993 0.00252143 0.00321071 0.00405647 0.00507522 0.00626995 0.00766821 0.00928348 0.0111165 0.0131561 0.0153753 0.0177408 0.0202268 0.0227927 0.0253629 0.0278484 0.0301988 0.0323256 0.0341054 0.0354403 0.0362679 0.0365324 0.0361622 0.0351426 0.0334657 0.0311516 0.028242 0.0247854 0.0208451 0.0165291 0.0119871 0.00732644 0.00265135 -0.0019088 -0.0062363 -0.0102282 -0.0137929 -0.0168834 -0.0194644 -0.0215086 -0.0229878 -0.0239405 -0.0244114 -0.0244313 -0.0240689 -0.0233685 -0.0223867 -0.0212188 -0.0199291 -0.0185551 -0.0171306 -0.0156668 -0.0141891 -0.01271 -0.0112459 -0.00976175 -0.00821468 -0.00657744 -0.00481937 -0.00294709 -0.00101878 0.000920923 0.00276723 0.00439358 0.00567729 0.00646513 0.0066362 0.00613631 0.00495587 0.00315638 0.00086234 -0.00175984 -0.00450713 -0.00718379 -0.00960853 -0.0116337 -0.013145 -0.0140963 -0.0144985 -0.0143994 -0.0138799 -0.0130613 -0.012047 -0.010958 -0.00990642 -0.00898086 -0.00824757 -0.00775844 -0.00753398 -0.00759122 -0.00790937 -0.00846747 -0.00921683 -0.0100827 -0.0109859 -0.0118371 -0.012505 -0.0128795 -0.0128421 -0.0122899 -0.0111688 -0.0094838 -0.00728001 -0.00466169 -0.00177275 0.00121055 0.00411159 0.00675614 0.00900206 0.0107316 0.0118717 0.0124426 0.0125157 0.0122018 0.0116695 0.0110595 0.010481 0.0100441 0.00978557 0.00974014 0.00993594 0.0103528 0.0109665 0.0117573 0.0126823 0.0137332 0.0148955 0.0161553 0.0174694 0.0188022 0.020118 0.0213617 0.0224893 0.0234354 0.0240875 0.024381 0.0242596 0.0236636 0.0225661 0.0209221 0.0187003 0.0159092 0.0126092 0.00885224 0.00469657 0.000236685 -0.00441835 -0.009146 -0.0137934 -0.0182444 -0.0223912 -0.0261115 -0.0292929 -0.0318812 -0.0338538 -0.0351649 -0.0358122 -0.0358056 -0.0351918 -0.0340456 -0.0324558 -0.0304996 -0.028257 -0.0258531 -0.0233785 -0.020878 -0.0184125 -0.0160609 -0.0138682 -0.0118452 -0.0100119 -0.00840383 -0.00700862 -0.00581248 -0.00479919 -0.00395368 -0.00326206 -0.00269411 -0.00224186 -0.00187265 -0.00158838 -0.00137664 -0.0012154 -0.00109352 -0.00100134 -0.000953337 -0.000911738 -0.00088188 
0 4.11671e-05 7.53642e-05 0.000115625 0.000198601 0.00029595 0.000420027 0.000594151 0.000832835 0.00113457 0.00149762 0.00197123 0.00256113 0.00327573 0.00413612 0.00517659 0.006423 0.00787425 0.00955368 0.011466 0.0136057 0.0159531 0.0184725 0.0211269 0.0238797 0.0266789 0.0294412 0.0320767 0.0345144 0.0366679 0.0384132 0.0396643 0.0403599 0.0404473 0.0398741 0.038612 0.0366724 0.0340749 0.0308751 0.0271314 0.0229162 0.0183418 0.0135399 0.00861244 0.00365876 -0.00119996 -0.00584237 -0.0101509 -0.0140432 -0.0174584 -0.0203703 -0.022745 -0.024558 -0.0258318 -0.0265967 -0.026881 -0.0267382 -0.0262128 -0.0253617 -0.024275 -0.0230095 -0.0216127 -0.0201114 -0.0185304 -0.0168973 -0.0152377 -0.0135574 -0.0118336 -0.0100176 -0.00808089 -0.0060036 -0.00379879 -0.00152453 0.000750972 0.0029164 0.00482664 0.00632464 0.00724673 0.00744837 0.00686471 0.00549555 0.00342117 0.000784718 -0.00221389 -0.00535964 -0.00842688 -0.0112153 -0.0135508 -0.0153069 -0.0164146 -0.0168836 -0.0167603 -0.0161477 -0.0151846 -0.0140115 -0.0127581 -0.0115561 -0.0104993 -0.00965921 -0.00908765 -0.00882218 -0.00886994 -0.00922371 -0.00985979 -0.010727 -0.0117353 -0.0127937 -0.0137771 -0.0145402 -0.0149485 -0.0148804 -0.0142223 -0.0129236 -0.0109804 -0.00844567 -0.00542759 -0.0020907 0.00137544 0.00475363 0.00784374 0.0104686 0.0124932 0.0138433 0.0145441 0.0146714 0.0143646 0.0138011 0.0131411 0.0125186 0.0120493 0.011789 0.0117812 0.0120475 0.0125646 0.0133056 0.0142315 0.0153025 0.0164965 0.0177956 0.0191677 0.0205719 0.0219536 0.0232755 0.0244813 0.025522 0.0263255 0.0267902 0.0268439 0.0264416 0.0255399 0.0241175 0.0221458 0.0195895 0.0164675 0.0128264 0.00872914 0.00424382 -0.000532122 -0.00548799 -0.0104978 -0.0154302 -0.0201695 -0.0246117 -0.0286351 -0.0321175 -0.0350017 -0.0372408 -0.0388023 -0.0396699 -0.0398511 -0.0393869 -0.0383392 -0.0367904 -0.0348124 -0.0324946 -0.029958 -0.0273008 -0.0245784 -0.0218627 -0.0192301 -0.0167385 -0.0144102 -0.0122738 -0.0103705 -0.00869614 -0.0072514 -0.00601606 -0.00497997 -0.00412362 -0.00341602 -0.00284585 -0.00237792 -0.00201534 -0.00173606 -0.0015201 -0.00135479 -0.00122762 -0.00115222 -0.00109287 -0.001054 
0 6.26316e-05 0.000116081 0.000195362 0.000294763 0.000436748 0.000605005 0.000832835 0.00113622 0.00150793 0.00198081 0.00256233 0.00329334 0.00417063 0.00522325 0.00649136 0.007983 0.00971875 0.0116877 0.0138973 0.0163307 0.0189564 0.0217383 0.0246291 0.0275804 0.0305295 0.0333833 0.0360536 0.0384637 0.0405136 0.0421195 0.043186 0.0436734 0.0435342 0.0427178 0.041218 0.0390279 0.036202 0.0327914 0.0288632 0.0245026 0.0198099 0.0148956 0.00986262 0.0047963 -0.000191819 -0.00497917 -0.00947492 -0.0135784 -0.0172569 -0.0204609 -0.0231499 -0.0253066 -0.0269221 -0.028021 -0.0286385 -0.0287961 -0.0285391 -0.0279232 -0.026997 -0.0258466 -0.0244987 -0.0229978 -0.0213777 -0.0196608 -0.0178704 -0.0160161 -0.0140573 -0.0119739 -0.00973487 -0.00732857 -0.004796 -0.00218454 0.000422262 0.00289929 0.00508705 0.00680576 0.00785398 0.00810155 0.007454 0.00590884 0.00356662 0.000617466 -0.00274689 -0.00627672 -0.00972713 -0.0128565 -0.0154769 -0.0174502 -0.018712 -0.0192314 -0.0190881 -0.018402 -0.0173119 -0.0159778 -0.0145786 -0.0132216 -0.0120162 -0.0110635 -0.0104228 -0.0101092 -0.0101621 -0.0105673 -0.0112763 -0.0122388 -0.0133884 -0.0145782 -0.0156753 -0.0165329 -0.0169843 -0.016878 -0.0161294 -0.0146582 -0.0124579 -0.00958395 -0.00617062 -0.00239141 0.00153475 0.00539089 0.00891612 0.0119077 0.014228 0.0158135 0.0166577 0.0168742 0.0166081 0.0160443 0.0153632 0.0147156 0.0142143 0.0139616 0.0139948 0.0143342 0.014971 0.0158423 0.0169027 0.0181029 0.0194019 0.0207832 0.0222154 0.0236317 0.0249968 0.0262332 0.0273011 0.0281501 0.0287047 0.0288908 0.0286429 0.0279054 0.0266644 0.0248945 0.0225733 0.0197044 0.0162884 0.0123925 0.00806933 0.00339188 -0.00154667 -0.00664107 -0.0117753 -0.0168274 -0.0217057 -0.0263067 -0.0305118 -0.0342211 -0.0373358 -0.0398217 -0.0416267 -0.0427339 -0.0431515 -0.0428991 -0.0420414 -0.0406319 -0.0387407 -0.0364575 -0.0338899 -0.0311368 -0.0282766 -0.0253758 -0.0225272 -0.0197834 -0.017186 -0.014778 -0.0125814 -0.010636 -0.00892065 -0.00744593 -0.00619285 -0.00513795 -0.00427434 -0.00355195 -0.0029751 -0.00250833 -0.00214622 -0.00186604 -0.00164061 -0.00148506 -0.00136747 -0.00129599 -0.00124372 
0 7.96407e-05 0.000173618 0.000275787 0.000423306 0.000600422 0.000835147 0.00113457 0.00150793 0.00199011 0.00257282 0.00330517 0.0041915 0.00526098 0.0065426 0.00804687 0.0098134 0.0118232 0.014081 0.0165664 0.019259 0.0221262 0.0251157 0.0281781 0.031254 0.0342583 0.0371023 0.0397067 0.0419667 0.0438277 0.045181 0.045993 0.0462037 0.0457736 0.044706 0.0429448 0.0405574 0.0375597 0.0340327 0.0300392 0.0256504 0.0209693 0.016081 0.0110754 0.00605072 0.00109047 -0.00371562 -0.00825155 -0.0124928 -0.0163455 -0.0197914 -0.0227649 -0.0252401 -0.0272068 -0.0286747 -0.0296661 -0.0301984 -0.0302916 -0.0299765 -0.029323 -0.0283562 -0.0271591 -0.0257463 -0.0241602 -0.022418 -0.0205585 -0.0185443 -0.0163981 -0.0140676 -0.0115385 -0.00883047 -0.0059669 -0.00300343 -6.89017e-05 0.00271808 0.00517947 0.00709142 0.0082834 0.00856121 0.00785155 0.00617774 0.00362929 0.000351859 -0.00336606 -0.00726913 -0.0110664 -0.0145272 -0.0174137 -0.0195829 -0.0209363 -0.0215186 -0.0213704 -0.0206229 -0.0194264 -0.017975 -0.0163855 -0.0148607 -0.0135252 -0.0124601 -0.011722 -0.0114018 -0.0114545 -0.0118973 -0.0126986 -0.0137812 -0.0150117 -0.0163156 -0.0175136 -0.018449 -0.0189393 -0.0188472 -0.0179995 -0.0163491 -0.0138824 -0.0106863 -0.00687033 -0.0026507 0.00174473 0.00601406 0.0099526 0.0133339 0.0159791 0.0178006 0.0188384 0.0191611 0.0189613 0.0184202 0.0177294 0.0170783 0.0165859 0.016344 0.016426 0.0168426 0.0175622 0.0185565 0.0197213 0.0210177 0.0223865 0.0238016 0.0252048 0.0265765 0.0278142 0.0288856 0.0297245 0.0302817 0.030501 0.0303331 0.0297089 0.028607 0.027002 0.0248724 0.0222351 0.0190647 0.0154366 0.0113671 0.00693764 0.00220968 -0.00274834 -0.00784118 -0.0129497 -0.017998 -0.0228741 -0.0274989 -0.03178 -0.035594 -0.038894 -0.0415692 -0.0436185 -0.0449857 -0.0456703 -0.0457057 -0.0451084 -0.0439418 -0.042246 -0.0401089 -0.0376176 -0.0348679 -0.0319435 -0.0289401 -0.0259243 -0.0229817 -0.0201564 -0.0174908 -0.0150357 -0.0128002 -0.0108262 -0.00908656 -0.00759565 -0.00633365 -0.00527153 -0.00440381 -0.00367908 -0.00310594 -0.0026415 -0.00227476 -0.00199716 -0.00177935 -0.00163338 -0.00152207 -0.00145675 
0 0.00010804 0.000225821 0.000387395 0.000559734 0.000806968 0.00111032 0.00149762 0.00198081 0.00257282 0.00332299 0.00421196 0.00529837 0.00658956 0.00811572 0.00988958 0.0119117 0.014199 0.0167129 0.0194431 0.0223578 0.025413 0.028553 0.0317188 0.03483 0.0378011 0.0405358 0.0429616 0.0449944 0.0465502 0.0475973 0.048071 0.0479488 0.0472046 0.0458394 0.0438618 0.0412952 0.0382085 0.0346539 0.0306885 0.0263874 0.0218344 0.0170886 0.0122539 0.00739703 0.00258513 -0.00210195 -0.00661034 -0.0108662 -0.0148321 -0.0184416 -0.0216335 -0.0243992 -0.0267003 -0.0285357 -0.0299402 -0.0308783 -0.0313736 -0.0314574 -0.0311349 -0.0304775 -0.0295107 -0.0282664 -0.0267833 -0.0250769 -0.0231788 -0.0210906 -0.0187909 -0.0162748 -0.0135071 -0.0105007 -0.00731708 -0.00401761 -0.00074196 0.00234869 0.00506245 0.00717295 0.00846991 0.00880823 0.00807217 0.00625494 0.00347482 -4.93068e-05 -0.00408464 -0.00833126 -0.012473 -0.0162175 -0.0193351 -0.0216791 -0.0231769 -0.0237944 -0.0236288 -0.0228213 -0.0215141 -0.0199081 -0.0182027 -0.0165281 -0.015031 -0.0138457 -0.0130507 -0.0126783 -0.0127528 -0.0132576 -0.0141166 -0.0152615 -0.0166233 -0.0180328 -0.0193227 -0.0203383 -0.0208652 -0.0207184 -0.0197921 -0.0179815 -0.0152688 -0.0117318 -0.00753389 -0.00290098 0.00191257 0.00665157 0.0110149 0.0147573 0.0177242 0.0198396 0.0210759 0.0215474 0.0214309 0.0209258 0.0202601 0.0196276 0.0191495 0.0189604 0.0191007 0.01957 0.0203681 0.0214157 0.0226404 0.0239837 0.0253662 0.0267501 0.0280819 0.0292952 0.0303472 0.0311504 0.0316749 0.0318718 0.0316771 0.0310845 0.0300446 0.0285301 0.026558 0.0241006 0.0211634 0.0177864 0.0139931 0.00985191 0.00541558 0.000744413 -0.00410553 -0.00906603 -0.0140379 -0.0189488 -0.0237156 -0.0282528 -0.032478 -0.0363267 -0.0396986 -0.0425397 -0.0447996 -0.0464307 -0.0474253 -0.0477761 -0.047519 -0.0466645 -0.0452624 -0.0433789 -0.0410727 -0.0384267 -0.0355423 -0.0325031 -0.0293992 -0.0263046 -0.0232884 -0.0204123 -0.0176954 -0.0152104 -0.0129549 -0.0109577 -0.00921752 -0.00771545 -0.00646219 -0.00539507 -0.00453362 -0.00381664 -0.00323806 -0.00278137 -0.00241324 -0.00215168 -0.00193296 -0.00179581 -0.00169988 
0 0.00014798 0.000328488 0.000535042 0.000777687 0.00108356 0.00148038 0.00197123 0.00256233 0.00330517 0.00421196 0.00530047 0.00659485 0.00813199 0.00993214 0.0119726 0.0142728 0.0168173 0.0195802 0.0225278 0.0256212 0.0288124 0.0320304 0.0352056 0.038258 0.0410827 0.0436025 0.0457613 0.0474598 0.0486657 0.0493218 0.0494255 0.0489352 0.0478434 0.0462112 0.0440162 0.0413445 0.0382235 0.0347181 0.0308741 0.0267505 0.0224257 0.0179409 0.0133699 0.00878708 0.00422483 -0.000273533 -0.00462603 -0.00882551 -0.0127841 -0.0164731 -0.0198288 -0.0228391 -0.0254605 -0.0276715 -0.0294729 -0.030835 -0.0317591 -0.0322581 -0.0323603 -0.0320643 -0.0314258 -0.0304397 -0.0291379 -0.027537 -0.0256905 -0.02356 -0.0211855 -0.0185259 -0.0155563 -0.0123135 -0.00884322 -0.00522027 -0.00163621 0.00174843 0.00472101 0.00701527 0.00844298 0.00880401 0.00801099 0.00609114 0.00314827 -0.000645196 -0.00496012 -0.00949145 -0.0139055 -0.01793 -0.0212837 -0.0238078 -0.0253914 -0.0260649 -0.0258859 -0.0250046 -0.0235825 -0.0218563 -0.0199732 -0.0181592 -0.0165686 -0.0152971 -0.0144102 -0.0140118 -0.0140549 -0.0145665 -0.0155038 -0.01677 -0.018219 -0.0197415 -0.0211213 -0.0221888 -0.0227225 -0.0225574 -0.0215135 -0.0195231 -0.0165665 -0.0127489 -0.00819391 -0.00314692 0.00212166 0.00726977 0.0120534 0.0162083 0.0195311 0.0219188 0.0233898 0.0240199 0.0240237 0.0235966 0.0229727 0.0223847 0.0219571 0.021805 0.0219929 0.0225055 0.023317 0.0243928 0.0256147 0.0269444 0.0282858 0.0295767 0.0307346 0.0317303 0.0324689 0.0329289 0.033066 0.0328389 0.0322059 0.0311663 0.0296785 0.0277524 0.0254065 0.0226321 0.0194698 0.0159257 0.0120793 0.00794079 0.00358896 -0.00092677 -0.00557578 -0.0103006 -0.0150207 -0.0197056 -0.0242581 -0.0286108 -0.032708 -0.0364745 -0.0398744 -0.0427998 -0.0452504 -0.0471419 -0.0484459 -0.0491618 -0.0492668 -0.0487855 -0.0477369 -0.0461812 -0.0441506 -0.0417088 -0.0389557 -0.0359863 -0.032867 -0.0296993 -0.0265578 -0.0235068 -0.0205934 -0.0178595 -0.0153592 -0.0130908 -0.0110877 -0.00934184 -0.00784214 -0.00657805 -0.00552148 -0.00465605 -0.00393917 -0.00336442 -0.00291667 -0.0025659 -0.00229801 -0.00210618 -0.00199019 
0 0.000211284 0.000454642 0.000742323 0.00105063 0.00145027 0.00194993 0.00256113 0.00329334 0.0041915 0.00529837 0.00659485 0.00812888 0.00992595 0.011997 0.0143117 0.0168647 0.0196545 0.0226327 0.0257596 0.0289841 0.0322471 0.0354659 0.038567 0.0414566 0.0440425 0.0462553 0.0480514 0.0493587 0.0501318 0.0503704 0.0500618 0.0491951 0.0477843 0.045898 0.0435584 0.0408184 0.0377251 0.0343231 0.030655 0.0267802 0.022763 0.0186131 0.0143993 0.0101633 0.00592414 0.00171611 -0.00241776 -0.00644527 -0.010326 -0.0140173 -0.0174714 -0.020679 -0.0235755 -0.0261138 -0.0282964 -0.0300655 -0.031425 -0.0323831 -0.032923 -0.0330525 -0.0327867 -0.0321256 -0.0310929 -0.029702 -0.0279846 -0.0259221 -0.0235195 -0.0207686 -0.0176436 -0.0141896 -0.0104781 -0.00660023 -0.00274238 0.000899719 0.00409708 0.00657427 0.00811154 0.0085267 0.00770972 0.00566993 0.00254643 -0.00143458 -0.00598344 -0.0107735 -0.0154494 -0.0196996 -0.0232497 -0.0259288 -0.0276305 -0.0283316 -0.0281225 -0.0271641 -0.0256304 -0.0237679 -0.0217776 -0.0198378 -0.0181145 -0.0167356 -0.0157865 -0.015335 -0.015381 -0.0159268 -0.0169071 -0.0182313 -0.0197929 -0.0214171 -0.0228837 -0.0240063 -0.0245442 -0.0243054 -0.0231563 -0.0210018 -0.0178202 -0.0137006 -0.00879809 -0.00336661 0.00231266 0.00792348 0.0131431 0.0176796 0.021345 0.0240432 0.0257633 0.026606 0.026771 0.0264606 0.0259222 0.025378 0.0249698 0.024839 0.0250429 0.0255621 0.0263827 0.0274291 0.0286022 0.0298415 0.0310467 0.0321455 0.0330604 0.0337357 0.034115 0.0341568 0.0338487 0.033162 0.032059 0.0305663 0.0286516 0.0263297 0.0236468 0.0206082 0.0172563 0.0136383 0.00978919 0.00573909 0.00153987 -0.00275877 -0.00712711 -0.0115302 -0.0159119 -0.0202654 -0.0245225 -0.0286198 -0.0325122 -0.0361616 -0.0395074 -0.0424861 -0.04507 -0.047186 -0.0487939 -0.0498579 -0.050355 -0.0502664 -0.0496205 -0.0484552 -0.04678 -0.0446404 -0.0421288 -0.0393246 -0.0362926 -0.033128 -0.0299244 -0.0267616 -0.023678 -0.0207475 -0.0180046 -0.0154833 -0.0132141 -0.0111997 -0.00945353 -0.00794407 -0.00668824 -0.00563566 -0.00476302 -0.00406006 -0.00349807 -0.00306793 -0.00271802 -0.00248406 -0.0023382 
0 0.000287557 0.000613921 0.00098708 0.0013896 0.00189492 0.00252143 0.00327573 0.00417063 0.00526098 0.00658956 0.00813199 0.00992595 0.0119948 0.0143374 0.0169117 0.019702 0.0227024 0.0258539 0.0291019 0.0323837 0.0356311 0.0387551 0.0416758 0.044307 0.046565 0.0484005 0.0497819 0.050649 0.0509715 0.0507681 0.0500516 0.0488251 0.0471245 0.045034 0.0425878 0.039833 0.0368129 0.0335676 0.030139 0.0265779 0.0229248 0.0191678 0.015348 0.0114991 0.00762784 0.00375477 -8.92311e-05 -0.0038882 -0.00761676 -0.0112415 -0.0147256 -0.0180533 -0.021153 -0.0239671 -0.026482 -0.0286393 -0.0304245 -0.0318276 -0.0328164 -0.0333793 -0.0335254 -0.0332528 -0.0325671 -0.0314688 -0.0299668 -0.0280303 -0.0256684 -0.0228829 -0.0196651 -0.0160733 -0.0121834 -0.00809803 -0.00401828 -0.000158019 0.00323356 0.00586414 0.00749679 0.00794317 0.00710157 0.00499123 0.00174312 -0.00241927 -0.00718214 -0.0121927 -0.0170891 -0.021545 -0.0252637 -0.0280567 -0.0298189 -0.0305401 -0.0303147 -0.0293015 -0.0276823 -0.0257025 -0.0235704 -0.021491 -0.0196498 -0.0181723 -0.0171512 -0.0166615 -0.0167007 -0.01727 -0.0183097 -0.0197099 -0.0213429 -0.0230333 -0.0245585 -0.0257175 -0.0262635 -0.0259871 -0.024733 -0.0224004 -0.0189787 -0.0145664 -0.00932004 -0.0034964 0.00259648 0.00862124 0.0142539 0.019197 0.0232379 0.0262648 0.0282677 0.0293491 0.0297057 0.0295405 0.0290989 0.0286083 0.0282188 0.0280753 0.0282473 0.0287217 0.0294798 0.0304414 0.0314934 0.0325615 0.0335419 0.0343535 0.0349283 0.0352177 0.0351715 0.0347605 0.0339784 0.0328063 0.0312323 0.0292947 0.0269818 0.0243176 0.0213533 0.0181102 0.0146435 0.0110117 0.00724552 0.00335742 -0.000615755 -0.00463386 -0.00867423 -0.0127059 -0.0166973 -0.0206622 -0.0245568 -0.0283354 -0.0319717 -0.0354412 -0.0386909 -0.0416634 -0.044333 -0.0466322 -0.0485123 -0.0499254 -0.050819 -0.051155 -0.0509466 -0.0502153 -0.0489527 -0.0471854 -0.0449952 -0.0424449 -0.0395859 -0.0365089 -0.0333167 -0.0300981 -0.0269032 -0.0238102 -0.020864 -0.0181096 -0.0155861 -0.0133089 -0.0112976 -0.00953807 -0.00805214 -0.00679582 -0.00574373 -0.00488752 -0.00420156 -0.00366545 -0.00323341 -0.0029386 -0.00275815 
0 0.000378864 0.000807031 0.00127645 0.00180103 0.00243077 0.00321071 0.00413612 0.00522325 0.0065426 0.00811572 0.00993214 0.011997 0.0143374 0.0169395 0.0197481 0.0227456 0.0259081 0.029176 0.0324742 0.0357314 0.038873 0.0418105 0.0444599 0.0467536 0.048617 0.0500231 0.0509504 0.0513435 0.0512062 0.0505587 0.0494572 0.04791 0.0459669 0.0437258 0.041213 0.038488 0.0355799 0.0325347 0.0293909 0.0261833 0.0229239 0.01959 0.0161902 0.0127609 0.00929603 0.00579117 0.00227632 -0.00126485 -0.00479466 -0.00829241 -0.0117275 -0.0150785 -0.0182854 -0.0212966 -0.024077 -0.0265797 -0.0287623 -0.0305875 -0.0320243 -0.0330264 -0.0336095 -0.03376 -0.033465 -0.0327098 -0.0314883 -0.0297501 -0.0275202 -0.0247904 -0.0215664 -0.0179139 -0.0139099 -0.00967516 -0.00543232 -0.0014114 0.00211839 0.00485286 0.00655969 0.00703375 0.0061746 0.00400453 0.000653195 -0.00366507 -0.00860204 -0.0137966 -0.0188694 -0.0234811 -0.0273217 -0.0302052 -0.0320143 -0.0327565 -0.0325101 -0.0314358 -0.0297285 -0.0276419 -0.0253746 -0.0231636 -0.0212007 -0.0196189 -0.0185204 -0.0180014 -0.018039 -0.0186304 -0.0197161 -0.0211792 -0.0228653 -0.0246152 -0.0261887 -0.0273664 -0.027898 -0.0275738 -0.02621 -0.0237127 -0.0200583 -0.0153548 -0.00976587 -0.00356056 0.00294398 0.00937709 0.015423 0.0207726 0.0251978 0.0285753 0.0308997 0.0322479 0.0328155 0.0328058 0.0324606 0.0320172 0.0316376 0.0314579 0.0315592 0.0319319 0.0325426 0.0333294 0.0341634 0.0349684 0.0356403 0.0360917 0.0362606 0.0361214 0.035614 0.0347384 0.0334762 0.0318175 0.0297828 0.0274197 0.0247499 0.0218135 0.0186506 0.0152894 0.0117914 0.0082038 0.00457824 0.000898612 -0.00280022 -0.00649497 -0.0101747 -0.013809 -0.0173878 -0.0209374 -0.0244311 -0.0278479 -0.0311865 -0.0344271 -0.0375424 -0.040458 -0.0431615 -0.0455869 -0.0476848 -0.0494125 -0.0506812 -0.0514484 -0.0516963 -0.0514301 -0.0506241 -0.0492872 -0.0474863 -0.0452703 -0.042671 -0.0397717 -0.0366734 -0.0334654 -0.0302221 -0.0270107 -0.0239052 -0.0209483 -0.0181945 -0.0156706 -0.0133897 -0.0113781 -0.0096385 -0.00815881 -0.00690169 -0.00586602 -0.00504062 -0.00437679 -0.00385884 -0.00348858 -0.00326712 
0 0.00050265 0.00104646 0.0016543 0.00231206 0.00310555 0.00405647 0.00517659 0.00649136 0.00804687 0.00988958 0.0119726 0.0143117 0.0169117 0.0197481 0.0227715 0.0259337 0.029216 0.0325385 0.0358144 0.0389658 0.0419148 0.0445745 0.0468803 0.0487585 0.0501757 0.0511076 0.0515364 0.0514534 0.0508412 0.0497943 0.0483423 0.0465313 0.044417 0.042063 0.0395495 0.0368879 0.0341404 0.0313332 0.0284972 0.0256526 0.0227909 0.0198698 0.0169085 0.0139101 0.0108648 0.00776382 0.00457809 0.00134179 -0.00195517 -0.00526422 -0.00857552 -0.0118745 -0.0151159 -0.0182378 -0.0212173 -0.0239823 -0.0264877 -0.0286975 -0.0305338 -0.0319813 -0.0330037 -0.0335895 -0.0337074 -0.0333371 -0.0324296 -0.0309826 -0.0289581 -0.0263789 -0.0232455 -0.0196081 -0.0155648 -0.0112717 -0.00693083 -0.00282052 0.000775971 0.00357363 0.00530348 0.00578952 0.00491461 0.00267571 -0.000783982 -0.00519526 -0.0102668 -0.0156022 -0.0208091 -0.0255181 -0.0294549 -0.0324024 -0.0342671 -0.0350065 -0.0347298 -0.0335855 -0.0317872 -0.0295666 -0.0271968 -0.0248649 -0.0227804 -0.0211011 -0.0199502 -0.0193639 -0.0193951 -0.020004 -0.0211182 -0.0226174 -0.0243815 -0.0261754 -0.0277855 -0.0289641 -0.0294676 -0.0290517 -0.0275743 -0.0249055 -0.0210407 -0.0160467 -0.0101241 -0.00354763 0.00333922 0.0102126 0.0166799 0.0224294 0.0272459 0.0310034 0.0336548 0.035299 0.0360846 0.0362288 0.0359847 0.0355656 0.0351634 0.0349217 0.0348987 0.0350922 0.0354846 0.0359776 0.036506 0.0369601 0.0372525 0.0372893 0.0370206 0.0363952 0.0354184 0.0340567 0.0323286 0.0302281 0.0277785 0.0250535 0.0220963 0.0189533 0.0156721 0.0122789 0.00880687 0.00534075 0.0018765 -0.00155013 -0.0049455 -0.0082904 -0.0115754 -0.0147995 -0.0179658 -0.021096 -0.0241915 -0.0272369 -0.0302444 -0.0332405 -0.0361637 -0.0389995 -0.0416799 -0.044174 -0.0464386 -0.048405 -0.0500156 -0.0511742 -0.0518734 -0.0520788 -0.0517495 -0.0508847 -0.0495263 -0.0477087 -0.0454581 -0.0428279 -0.0399162 -0.036811 -0.0335805 -0.0303256 -0.0270977 -0.0239851 -0.0210304 -0.0182694 -0.0157425 -0.0134573 -0.011469 -0.0097349 -0.00825457 -0.00702467 -0.00602458 -0.00523722 -0.00460292 -0.00416251 -0.00388476 
0 0.000648037 0.00135083 0.002101 0.00294657 0.00391493 0.00507522 0.006423 0.007983 0.0098134 0.0119117 0.0142728 0.0168647 0.019702 0.0227456 0.0259337 0.0292196 0.0325543 0.0358582 0.0390303 0.0419896 0.0446571 0.0469738 0.0488594 0.0502857 0.0512087 0.0516345 0.0515648 0.0509856 0.0499608 0.0485381 0.0468111 0.0448006 0.0425625 0.0401776 0.0376946 0.0351637 0.0326112 0.0300623 0.0275374 0.025043 0.022544 0.0200368 0.0174866 0.0149182 0.0122952 0.00957366 0.00675921 0.0038294 0.000823368 -0.00224855 -0.00539016 -0.0085822 -0.0117866 -0.0149627 -0.018031 -0.0209719 -0.0237182 -0.0262159 -0.0284205 -0.0302547 -0.0316941 -0.0327062 -0.0332436 -0.0332727 -0.0327534 -0.0316268 -0.0298943 -0.0275298 -0.0245545 -0.0210253 -0.0170422 -0.0127633 -0.00843727 -0.00432383 -0.000721437 0.00206651 0.00378224 0.00422254 0.00328421 0.00100072 -0.00251324 -0.00703654 -0.0121936 -0.0176016 -0.0228921 -0.027699 -0.0317047 -0.0346973 -0.0365542 -0.0372859 -0.0369625 -0.0357426 -0.0338504 -0.0315313 -0.0290158 -0.0265708 -0.0243953 -0.0226322 -0.0213934 -0.0207705 -0.0207632 -0.0213576 -0.0225003 -0.0240642 -0.0258528 -0.0276865 -0.0293181 -0.0304832 -0.0309342 -0.030447 -0.0288202 -0.0259615 -0.021852 -0.0165957 -0.0103714 -0.00343064 0.00387371 0.0111332 0.0180154 0.0242028 0.0294291 0.033554 0.0365509 0.0384813 0.0395013 0.0398109 0.0396331 0.039217 0.0387497 0.0383667 0.0381471 0.0380975 0.0381644 0.0383097 0.0384317 0.0384596 0.0383097 0.0378855 0.0371305 0.0360264 0.0345445 0.0327224 0.0305609 0.0280674 0.0253026 0.0222998 0.0191398 0.0158743 0.0125362 0.00916566 0.00580394 0.00248038 -0.000752863 -0.0039193 -0.00699193 -0.00996676 -0.0128584 -0.0156586 -0.0184169 -0.0211475 -0.0238572 -0.0265431 -0.0292323 -0.0319397 -0.0346686 -0.03736 -0.0399864 -0.0424999 -0.0448547 -0.0470167 -0.0488794 -0.0503975 -0.0515063 -0.0521712 -0.0523323 -0.0519607 -0.0510858 -0.0497209 -0.0478824 -0.0456065 -0.0429716 -0.0400475 -0.0369258 -0.0336767 -0.0304023 -0.0271705 -0.0240509 -0.0210941 -0.018318 -0.0157971 -0.0135323 -0.0115511 -0.00982895 -0.00837632 -0.00720348 -0.00624485 -0.00551125 -0.00496866 -0.00463747 
0 0.000826416 0.00169754 0.00264177 0.00368321 0.00487781 0.00626995 0.00787425 0.00971875 0.0118232 0.014199 0.0168173 0.0196545 0.0227024 0.0259081 0.029216 0.0325543 0.0358607 0.0390532 0.0420225 0.0446966 0.0470078 0.0489029 0.0503396 0.0512654 0.0516882 0.0516105 0.0510461 0.0500424 0.0486322 0.0469295 0.0449738 0.0428219 0.0405326 0.0381503 0.0357728 0.0334005 0.0310712 0.028785 0.0265548 0.0243816 0.0222373 0.0200983 0.0179543 0.0157789 0.0135397 0.0112062 0.00873154 0.00614856 0.00344281 0.000633789 -0.00229964 -0.00533391 -0.00844191 -0.0115584 -0.0146408 -0.0176517 -0.0205447 -0.023276 -0.0257494 -0.0279206 -0.0297203 -0.0311149 -0.0320576 -0.0325071 -0.0323653 -0.0316251 -0.0302074 -0.0281189 -0.0253826 -0.0220402 -0.018205 -0.0140703 -0.00983682 -0.00581307 -0.00231165 0.000388967 0.00200845 0.00237148 0.00136516 -0.001006 -0.00460094 -0.00914616 -0.01436 -0.0198469 -0.0252013 -0.0300291 -0.0340678 -0.0370685 -0.0389285 -0.0396136 -0.0392249 -0.0379145 -0.035932 -0.0334937 -0.030897 -0.0283392 -0.0260324 -0.0241592 -0.0228626 -0.0221681 -0.0221545 -0.0227556 -0.0238943 -0.0254506 -0.0272793 -0.029127 -0.0307736 -0.0319143 -0.0323067 -0.0316936 -0.0299172 -0.0268618 -0.0225332 -0.0169789 -0.0104249 -0.00314679 0.00450498 0.0121951 0.0195027 0.0260925 0.0317161 0.0362287 0.0395639 0.0417949 0.0430288 0.0434771 0.0433677 0.0429001 0.0422998 0.0417116 0.0412068 0.0408158 0.0405073 0.0401991 0.0398664 0.0393974 0.0387422 0.0378183 0.0365774 0.0349791 0.033054 0.0307953 0.0282521 0.0254451 0.0224247 0.0192476 0.0159792 0.0126683 0.0093492 0.00606705 0.00284448 -0.000258268 -0.00325604 -0.00612052 -0.00887236 -0.0114994 -0.0140004 -0.0164068 -0.0187698 -0.0211127 -0.0234627 -0.0258122 -0.0281818 -0.0306177 -0.0330954 -0.0356284 -0.0381407 -0.0406225 -0.0430329 -0.045303 -0.0473845 -0.049184 -0.0506682 -0.0517645 -0.0524 -0.052538 -0.05216 -0.0512781 -0.0498974 -0.0480309 -0.0457437 -0.0430915 -0.0401505 -0.0370059 -0.0337396 -0.0304583 -0.027222 -0.0240955 -0.0211253 -0.0183619 -0.0158561 -0.0136091 -0.011642 -0.0099635 -0.00857482 -0.00745702 -0.00657938 -0.00594946 -0.00554914 
0 0.0010335 0.0021181 0.00327403 0.00456495 0.0060081 0.00766821 0.00955368 0.0116877 0.014081 0.0167129 0.0195802 0.0226327 0.0258539 0.029176 0.0325385 0.0358582 0.0390532 0.0420425 0.0447272 0.0470413 0.0489241 0.0503577 0.0512879 0.051704 0.0516111 0.0510455 0.0500465 0.0486583 0.0469669 0.0450325 0.0429258 0.0406927 0.0383963 0.0360885 0.0338378 0.0316565 0.0295527 0.0275208 0.0255761 0.0237199 0.021899 0.0201202 0.0183232 0.0164984 0.0146073 0.0126115 0.0104901 0.00823059 0.0058404 0.00330988 0.000614509 -0.002212 -0.00514121 -0.00814337 -0.0111431 -0.0141514 -0.0171089 -0.0199577 -0.0226233 -0.0250357 -0.0271341 -0.0288763 -0.0301979 -0.0310299 -0.0312758 -0.0308843 -0.0298122 -0.0280409 -0.0256105 -0.0225555 -0.0189841 -0.0150703 -0.0110538 -0.00722187 -0.00389829 -0.00137422 7.70623e-05 0.000281888 -0.000857782 -0.00330533 -0.00696016 -0.0115893 -0.0168447 -0.022341 -0.0277117 -0.0325619 -0.0365917 -0.0395623 -0.0413639 -0.0420021 -0.0415518 -0.040168 -0.0380925 -0.0355441 -0.0327997 -0.0301211 -0.0277143 -0.0257548 -0.0243703 -0.0236225 -0.0235583 -0.0241335 -0.0252797 -0.0268686 -0.0286898 -0.030523 -0.0321339 -0.0332175 -0.0335266 -0.0328135 -0.0308739 -0.0276092 -0.0230169 -0.0171866 -0.010333 -0.0026989 0.00534782 0.0134026 0.0210973 0.0281048 0.0341278 0.0390036 0.0426605 0.0451501 0.0465828 0.0471511 0.0470517 0.0465109 0.0457306 0.0448569 0.0439801 0.0431593 0.0423597 0.0415576 0.040702 0.0397117 0.0385343 0.0370977 0.0353617 0.0333147 0.0309709 0.028361 0.025516 0.0224659 0.0192894 0.0160089 0.0127179 0.00944589 0.0062109 0.00306566 4.21216e-05 -0.00283438 -0.00554072 -0.00810226 -0.0105288 -0.0128216 -0.0149884 -0.0170382 -0.0190524 -0.0210403 -0.0230489 -0.0250818 -0.0271567 -0.0293046 -0.0315422 -0.0338634 -0.0362352 -0.0386448 -0.0410501 -0.0434005 -0.0456159 -0.0476521 -0.0494351 -0.0509052 -0.0519809 -0.0525982 -0.0527222 -0.0523343 -0.0514406 -0.050032 -0.0481551 -0.0458488 -0.0431867 -0.0402237 -0.0370608 -0.0337927 -0.0304969 -0.0272573 -0.0241165 -0.0211634 -0.0184161 -0.0159275 -0.0137145 -0.0117961 -0.0101955 -0.00887808 -0.00786583 -0.00711911 -0.00664988 
