0 0 0 0 0 0 0 0 0 0 0 0 0 0 0 0 0 0 0 0 0 0 0 0 0 0 0 0 0 0 0 0 0 0 0 0 0 0 0 0 0 0 0 0 0 0 0 0 0 0 0 0 0 0 0 0 0 0 0 0 0 0 0 0 0 0 0 0 0 0 0 0 0 0 0 0 0 0 0 0 0 0 0 0 0 0 0 0 0 0 0 0 0 0 0 0 0 0 0 0 0 0 0 0 0 0 0 0 0 0 0 0 0 0 0 0 0 0 0 0 0 0 0 0 0 0 0 0 0 0 0 0 0 0 0 0 0 0 0 0 0 0 0 0 0 0 0 0 0 0 0 0 0 0 0 0 0 0 0 0 0 0 0 0 0 0 0 0 0 0 0 0 0 0 0 0 0 0 0 0 0 0 0 0 0 0 0 0 0 0 0 0 0 0 0 0 0 0 0 0 
0 9.78139e-05 0.000198616 0.0003081 0.000442267 0.000588214 0.00075265 0.000952081 0.00119062 0.00146971 0.00178842 0.00216644 0.00259567 0.00306435 0.0035727 0.00410815 0.00464489 0.00515294 0.00562463 0.00604693 0.00639295 0.00664242 0.00678368 0.00678655 0.00663785 0.00632169 0.00584306 0.00521681 0.00445669 0.00360458 0.00266161 0.00167935 0.000675978 -0.000327994 -0.00129117 -0.00218267 -0.00294952 -0.00359682 -0.00410491 -0.00447726 -0.00472443 -0.00484868 -0.00485457 -0.00476429 -0.00457808 -0.00432085 -0.00402306 -0.00370722 -0.00339476 -0.00307245 -0.00276586 -0.00246065 -0.00217843 -0.00192445 -0.00169942 -0.00149749 -0.00132979 -0.00117923 -0.00104136 -0.000920317 -0.000808138 -0.000716414 -0.000646651 -0.000593059 -0.000535942 -0.000485623 -0.000423549 -0.000377285 -0.000341694 -0.000323328 -0.000309637 -0.000300931 -0.000282779 -0.00025868 -0.000207896 -0.000144599 -5.65734e-05 6.53151e-05 0.000223842 0.000418932 0.000635271 0.00086383 0.00110133 0.00130676 0.00143941 0.00149242 0.00143521 0.00126133 0.00096792 0.000570094 7.42055e-05 -0.000491599 -0.00109464 -0.0016904 -0.00226863 -0.00277852 -0.00321143 -0.00356018 -0.0038123 -0.00395925 -0.00402277 -0.00397248 -0.00382388 -0.00357444 -0.00322164 -0.00277277 -0.0022589 -0.00168215 -0.00108495 -0.000487885 7.49921e-05 0.000590614 0.00102885 0.00136672 0.00159159 0.00171066 0.00171087 0.00163882 0.00152652 0.00137991 0.00122304 0.00107626 0.000941553 0.00082871 0.000734331 0.000661416 0.000623436 0.000595168 0.000572705 0.000545013 0.000519506 0.000492636 0.000479412 0.000473976 0.000489103 0.000507173 0.000542028 0.000573923 0.000611015 0.000648007 0.000695764 0.000752821 0.000833019 0.000927079 0.0010262 0.00114107 0.0012744 0.00143743 0.00164061 0.00187881 0.0021285 0.00241085 0.0026998 0.00301104 0.00333287 0.00365939 0.00397631 0.00426022 0.00448967 0.00463359 0.00467766 0.00462605 0.00446109 0.00415858 0.00372307 0.00312724 0.00240445 0.00156362 0.000639703 -0.000337283 -0.00133867 -0.00231711 -0.00327177 -0.00415726 -0.00493943 -0.0055896 -0.00609253 -0.00643723 -0.0066181 -0.00664845 -0.00654728 -0.00633128 -0.00602004 -0.0056309 -0.00517291 -0.00467858 -0.00416265 -0.00364584 -0.00314403 -0.00267829 -0.0022631 -0.00188572 -0.00156244 -0.00129122 -0.00106411 -0.000869644 -0.000708559 -0.000594274 -0.000505659 -0.000447309 
0 0.000198616 0.000391264 0.000619361 0.000877086 0.00118262 0.00151696 0.00192706 0.00242063 0.00298217 0.00363851 0.00439387 0.00525649 0.00618443 0.00718021 0.00822748 0.00926919 0.010261 0.0111814 0.0120022 0.0126708 0.0131466 0.0133994 0.0133934 0.0130783 0.0124561 0.0115137 0.0102822 0.00880203 0.0071098 0.00526476 0.00331621 0.00134785 -0.000611623 -0.00249516 -0.00421876 -0.00572813 -0.00700192 -0.00801852 -0.00877161 -0.00927324 -0.00952392 -0.00955601 -0.00938597 -0.0090561 -0.00858034 -0.00801535 -0.00741887 -0.00678834 -0.0061561 -0.00553968 -0.00493852 -0.00438911 -0.00389318 -0.00343786 -0.00303957 -0.00268437 -0.00238598 -0.00212007 -0.00187889 -0.00167135 -0.00147565 -0.00131856 -0.00119299 -0.00106643 -0.000962716 -0.00087182 -0.000783507 -0.000731979 -0.000687545 -0.000644221 -0.000607885 -0.000556265 -0.000492424 -0.000422474 -0.000305815 -0.000118292 0.000128693 0.000441984 0.000829068 0.00127179 0.00174473 0.00219977 0.00258008 0.00287054 0.00298881 0.00286864 0.00252433 0.00193618 0.00110292 0.000117964 -0.000994452 -0.00218862 -0.00337481 -0.00450846 -0.0055438 -0.00641659 -0.00711899 -0.00762455 -0.00793071 -0.00803699 -0.00793455 -0.00763121 -0.00712679 -0.0064147 -0.00554392 -0.00451791 -0.00337563 -0.00219358 -0.000994246 0.000167711 0.00118778 0.00205732 0.00273289 0.0031658 0.00338874 0.00342851 0.00329229 0.00304623 0.00274549 0.00243866 0.00214836 0.0018787 0.00164774 0.00147847 0.00135361 0.00125042 0.00117578 0.00111708 0.0010557 0.00101328 0.000985933 0.000965262 0.000978869 0.000991308 0.00101145 0.00106586 0.00112447 0.0012007 0.00130163 0.00139806 0.00152639 0.00168647 0.00186732 0.00208245 0.00231852 0.00259953 0.00293247 0.0033289 0.00378764 0.00428554 0.00483271 0.00543151 0.00604873 0.0066905 0.00732698 0.00792191 0.00846296 0.00889052 0.00915798 0.0092323 0.00910822 0.00875039 0.00813438 0.00724129 0.00607461 0.00464966 0.00301169 0.00121275 -0.000712242 -0.00266511 -0.00460039 -0.00646625 -0.00820491 -0.00974134 -0.0110181 -0.0120193 -0.0127095 -0.0130821 -0.0131587 -0.0129699 -0.0125496 -0.0119437 -0.0111719 -0.0102819 -0.00930722 -0.00830218 -0.00729349 -0.00630506 -0.00540304 -0.00457322 -0.00383861 -0.00318749 -0.00264417 -0.00219117 -0.00178771 -0.00147526 -0.00122631 -0.00105111 -0.000919038 
0 0.0003081 0.000619361 0.000959036 0.00136955 0.00182907 0.00235394 0.00298541 0.00373222 0.00459492 0.00557551 0.00671665 0.00799252 0.00936079 0.0108166 0.0123314 0.0138433 0.0152795 0.0166117 0.017793 0.0187388 0.0193885 0.0197118 0.0196414 0.0191505 0.0182091 0.0168311 0.0150487 0.0128904 0.010451 0.00774788 0.00492554 0.00206106 -0.000776313 -0.00348237 -0.00598636 -0.00817539 -0.0100599 -0.0115802 -0.0127199 -0.0134881 -0.0138927 -0.0139648 -0.0137781 -0.0133458 -0.0127181 -0.0119531 -0.011096 -0.010199 -0.00925658 -0.00835388 -0.00747685 -0.00667547 -0.00594751 -0.00527942 -0.00465822 -0.00412321 -0.00365419 -0.00324506 -0.0028957 -0.00257012 -0.00227831 -0.00202735 -0.00181699 -0.00161928 -0.00146982 -0.00132131 -0.00121742 -0.00112929 -0.00105809 -0.000979545 -0.000909721 -0.000829481 -0.000750692 -0.000617928 -0.000443236 -0.000181721 0.00019242 0.000680518 0.00127124 0.00191883 0.0025962 0.0032885 0.00389046 0.00429454 0.0044588 0.00428941 0.00376042 0.00286515 0.00165119 0.000160714 -0.00151969 -0.00329593 -0.00505238 -0.00675699 -0.00828382 -0.0095966 -0.0106624 -0.011433 -0.0118782 -0.0120455 -0.0118724 -0.0114063 -0.0106532 -0.00961069 -0.00829762 -0.00678195 -0.00507285 -0.00328248 -0.00148118 0.000224094 0.00177183 0.00307669 0.00407668 0.00474176 0.00509589 0.00511728 0.00491739 0.00458142 0.00413771 0.00366 0.00321368 0.00281687 0.00249548 0.00223457 0.00202625 0.00189037 0.00177117 0.00167046 0.00157799 0.00152028 0.00148322 0.00148115 0.00148365 0.00150952 0.00153032 0.00160057 0.00169127 0.00182337 0.00197307 0.00214406 0.00232841 0.00256537 0.00284895 0.0031732 0.00356063 0.00400386 0.00451259 0.00510434 0.00577583 0.00649277 0.00731841 0.00819179 0.00912232 0.0100551 0.0109555 0.0117897 0.0125178 0.013097 0.0134469 0.0135146 0.0132888 0.0127175 0.0117535 0.010425 0.0086893 0.00662676 0.00425314 0.00163952 -0.00114259 -0.00400321 -0.00680678 -0.0095262 -0.0120415 -0.0142641 -0.0161262 -0.017591 -0.0186269 -0.0192106 -0.0193658 -0.0191326 -0.0185541 -0.0176886 -0.0165901 -0.0152984 -0.013901 -0.0124426 -0.0109748 -0.00954019 -0.00819861 -0.00698444 -0.00587217 -0.00490061 -0.00407352 -0.00337535 -0.0027789 -0.0022879 -0.00192782 -0.00164746 -0.00145116 
0 0.000442267 0.000877086 0.00136955 0.00192505 0.00257103 0.00329325 0.00415937 0.00518155 0.00633848 0.00766404 0.00916687 0.0108418 0.0126161 0.0144838 0.0164179 0.018334 0.0201558 0.0218365 0.0233085 0.0244658 0.0252317 0.0255589 0.0254002 0.0246946 0.0234522 0.021665 0.0193765 0.0166402 0.0135143 0.010094 0.00649085 0.00285782 -0.000733459 -0.00417464 -0.00734891 -0.010176 -0.0126239 -0.0146363 -0.016175 -0.0172399 -0.0178345 -0.0180235 -0.0178554 -0.0173965 -0.0166677 -0.0157447 -0.0147087 -0.0135737 -0.0124009 -0.0112454 -0.0101205 -0.00907975 -0.00811958 -0.00721452 -0.00638901 -0.00564297 -0.00500562 -0.00444818 -0.00395564 -0.00352339 -0.00311839 -0.00277395 -0.00248556 -0.00221364 -0.00199421 -0.0018088 -0.00164237 -0.00152855 -0.0014251 -0.00132058 -0.00122597 -0.00111539 -0.000988348 -0.000838234 -0.000599027 -0.00022357 0.000280778 0.00091935 0.00169611 0.00256955 0.00349135 0.00438051 0.00513153 0.00568458 0.00590125 0.00566028 0.00496339 0.00378288 0.00213573 0.000169298 -0.00204535 -0.00440823 -0.00675864 -0.00900577 -0.0110517 -0.0127887 -0.0141857 -0.0151948 -0.0158028 -0.0160112 -0.0158035 -0.0151965 -0.0141921 -0.0127877 -0.0110561 -0.00902207 -0.00675698 -0.00439774 -0.00201093 0.000287711 0.00232589 0.00405589 0.00539746 0.00627533 0.0067361 0.00682101 0.00656976 0.0060979 0.00550492 0.00488546 0.00429783 0.00376059 0.00330978 0.00297388 0.00272432 0.00252472 0.0023722 0.0022467 0.00212924 0.00205225 0.00201042 0.0019903 0.00201656 0.00204187 0.00208058 0.0021811 0.00231054 0.00248811 0.00271166 0.00293619 0.00320486 0.00352993 0.00390716 0.00436326 0.00488478 0.00549578 0.00619494 0.00699195 0.00788221 0.00884035 0.00989349 0.0110346 0.0122024 0.0133726 0.014482 0.0154756 0.0163413 0.0169998 0.0173732 0.0173913 0.0170234 0.0162048 0.0149038 0.0131203 0.0108765 0.0082129 0.00518806 0.00186905 -0.00168411 -0.00530896 -0.0088976 -0.0123477 -0.0155501 -0.018384 -0.0207661 -0.0226716 -0.024045 -0.0248651 -0.0251467 -0.024925 -0.0242482 -0.0231945 -0.0218165 -0.0202031 -0.0184295 -0.0165818 -0.0147065 -0.0128496 -0.0111148 -0.00949933 -0.00803539 -0.00672288 -0.00560439 -0.00466137 -0.00384303 -0.00320026 -0.0026979 -0.0023373 -0.002074 
0 0.000588214 0.00118262 0.00182907 0.00257103 0.00340693 0.00435712 0.00547691 0.00678022 0.00825749 0.00991354 0.0117775 0.0138143 0.0159583 0.0181933 0.0204813 0.0227373 0.0248657 0.0268074 0.0284805 0.0297596 0.0305579 0.0308342 0.0305248 0.0296011 0.0280477 0.0258865 0.0231598 0.0199117 0.016244 0.0122165 0.00800512 0.0037409 -0.000475749 -0.00451785 -0.00828295 -0.0116486 -0.0145975 -0.0170516 -0.0189679 -0.0203444 -0.0211911 -0.0215531 -0.0215086 -0.021086 -0.0203388 -0.0193475 -0.0181865 -0.0169174 -0.0155615 -0.0142081 -0.0128647 -0.0115934 -0.0104053 -0.00929346 -0.00825705 -0.00733398 -0.00651275 -0.00578007 -0.00513455 -0.00455003 -0.00403338 -0.00359761 -0.00323015 -0.00288947 -0.00260187 -0.00232939 -0.00211293 -0.0019426 -0.00180945 -0.00168332 -0.00156627 -0.00142824 -0.00126793 -0.00103233 -0.000711855 -0.000252186 0.000376829 0.00118183 0.00214988 0.00322369 0.00435031 0.00546708 0.00642181 0.00706686 0.00730068 0.00699485 0.00610991 0.00463553 0.00262781 0.000175121 -0.00259573 -0.00553314 -0.00845657 -0.0112645 -0.0137871 -0.0159409 -0.0176743 -0.0189285 -0.0196744 -0.0199483 -0.019691 -0.0189372 -0.0176919 -0.0159576 -0.0137808 -0.0112528 -0.00843424 -0.00548448 -0.00252317 0.000296201 0.00284892 0.0050137 0.00668867 0.00781388 0.00841073 0.00848658 0.00817693 0.00761948 0.0068984 0.0061248 0.00538761 0.00472251 0.00416797 0.00372419 0.00338466 0.00315691 0.00298232 0.00284066 0.00270952 0.00261219 0.00254312 0.00252033 0.002531 0.00258394 0.00265757 0.00279894 0.00297571 0.00320433 0.00346974 0.00377249 0.00412285 0.00455975 0.00507408 0.00566206 0.00634186 0.0071165 0.00800128 0.00900993 0.0101247 0.0113018 0.0125864 0.0139223 0.0152939 0.0166358 0.0178879 0.0189953 0.0199095 0.0205669 0.0208699 0.020749 0.0201761 0.0190854 0.0174317 0.0152459 0.0125177 0.00933769 0.00574524 0.00181924 -0.00235011 -0.00662487 -0.0108349 -0.0149015 -0.0186726 -0.0220228 -0.0248659 -0.0271575 -0.0288543 -0.0299193 -0.0303615 -0.0302103 -0.0295111 -0.0283422 -0.0267823 -0.0249153 -0.0228578 -0.0206864 -0.018465 -0.0162545 -0.014144 -0.0121776 -0.0103543 -0.00872145 -0.00730668 -0.00609844 -0.00507041 -0.00423702 -0.00360908 -0.00313988 -0.00281683 
0 0.00075265 0.00151696 0.00235394 0.00329325 0.00435712 0.00555768 0.00695513 0.00856552 0.0103668 0.0123663 0.0145675 0.0169382 0.0194059 0.0219458 0.0245145 0.0270156 0.0293482 0.0314401 0.0331989 0.0344989 0.0352522 0.0354119 0.0349324 0.0337722 0.031935 0.0294371 0.0263296 0.0226785 0.0185703 0.0141072 0.00943573 0.00470706 2.06594e-05 -0.00449837 -0.0087198 -0.012534 -0.0158948 -0.0187361 -0.0210147 -0.0227244 -0.0238684 -0.0244895 -0.0246321 -0.0243411 -0.02366 -0.0226826 -0.021503 -0.0201655 -0.0187153 -0.0172141 -0.0156932 -0.0142202 -0.0128241 -0.0115055 -0.0102834 -0.00917038 -0.0081726 -0.00726764 -0.0064505 -0.00571774 -0.00506596 -0.00451445 -0.00404715 -0.00362063 -0.00324951 -0.00291967 -0.00264127 -0.00243034 -0.00225758 -0.0020949 -0.00193299 -0.00174561 -0.00152234 -0.00123729 -0.000838022 -0.00026938 0.000487838 0.00144335 0.002594 0.00388261 0.00523493 0.00654104 0.00764638 0.00841011 0.00867222 0.00828727 0.00721753 0.00544749 0.00302974 0.000108436 -0.00317965 -0.00666948 -0.0101547 -0.0134852 -0.0165009 -0.0190744 -0.0211381 -0.022633 -0.0235334 -0.0238439 -0.0235402 -0.0226389 -0.0211453 -0.0190725 -0.0164904 -0.0134733 -0.0101244 -0.0066147 -0.00307985 0.000306875 0.0033556 0.00594256 0.00795096 0.00929934 0.0100144 0.0101444 0.0097961 0.00912514 0.00826954 0.00735969 0.006487 0.00569059 0.00501568 0.00448525 0.00408582 0.00379458 0.00358265 0.00341681 0.00327381 0.00316831 0.0031002 0.00307462 0.00310383 0.00316889 0.00327308 0.00344865 0.00367105 0.00395201 0.00429053 0.00467655 0.00514362 0.00571331 0.00637216 0.00712073 0.00795589 0.00889983 0.00996995 0.0111792 0.0125025 0.0138941 0.0153578 0.016861 0.0183571 0.0198006 0.0211219 0.0222517 0.0231403 0.0236995 0.0238402 0.0235 0.0226561 0.0212557 0.0192654 0.0166931 0.0135588 0.00992945 0.00587512 0.00147848 -0.00316792 -0.00790367 -0.0125878 -0.0171091 -0.02133 -0.0251083 -0.0283448 -0.0309905 -0.0329882 -0.0343034 -0.0349343 -0.0349033 -0.0342537 -0.0330625 -0.031407 -0.0293911 -0.0271285 -0.0247179 -0.0222258 -0.0197206 -0.0173035 -0.0150101 -0.0128719 -0.010926 -0.0092218 -0.00775136 -0.00648941 -0.00546999 -0.00468167 -0.00410439 -0.00370721 
0 0.000952081 0.00192706 0.00298541 0.00415937 0.00547691 0.00695513 0.00864549 0.0105628 0.0126819 0.015001 0.0175087 0.0201669 0.0229062 0.0256876 0.0284571 0.0311115 0.0335457 0.0356763 0.0374097 0.0386304 0.0392565 0.0392429 0.0385526 0.0371499 0.0350411 0.0322524 0.0288431 0.0248935 0.0204909 0.0157475 0.0107924 0.00576463 0.000766089 -0.00408036 -0.00863459 -0.0127908 -0.0164869 -0.0196684 -0.0222916 -0.0243421 -0.0258167 -0.026742 -0.0271477 -0.027073 -0.026563 -0.025707 -0.0245958 -0.0232744 -0.0217944 -0.020211 -0.0185776 -0.0169595 -0.0153961 -0.0138968 -0.0124851 -0.0111781 -0.00998905 -0.00890461 -0.00791806 -0.00702798 -0.00623158 -0.00554427 -0.0049518 -0.00442521 -0.00396575 -0.00356976 -0.00323506 -0.00296947 -0.00274029 -0.00252267 -0.00230408 -0.00206621 -0.00178771 -0.00143818 -0.000954994 -0.000280423 0.000614849 0.00173916 0.0030739 0.00455715 0.00610619 0.0075961 0.0088568 0.0097166 0.0099899 0.00952533 0.00826233 0.00619406 0.00338677 -3.32455e-06 -0.00380917 -0.00783273 -0.0118565 -0.0156961 -0.0191819 -0.0221684 -0.0245666 -0.0263054 -0.0273531 -0.0277 -0.0273394 -0.0262837 -0.024549 -0.0221571 -0.0191773 -0.0156901 -0.0118208 -0.00774693 -0.00364627 0.000281715 0.00382513 0.00683021 0.00916475 0.0107482 0.0115939 0.0117689 0.0113943 0.0106394 0.00966291 0.00860843 0.00758682 0.00666227 0.00588094 0.0052644 0.00480024 0.00445889 0.00420975 0.00401465 0.00385748 0.00374811 0.00369044 0.00368235 0.00372997 0.00381424 0.00394816 0.00415647 0.00443531 0.00478894 0.00521672 0.00570899 0.00629619 0.0069973 0.00780667 0.00872171 0.00973663 0.0108671 0.0121266 0.0135201 0.0150167 0.0165751 0.0181748 0.0197848 0.0213473 0.0228119 0.0241065 0.0251613 0.0259185 0.0262892 0.0261891 0.0255676 0.0244083 0.0226787 0.0203575 0.0174441 0.0139678 0.00998613 0.00558218 0.000844402 -0.0041216 -0.00916156 -0.0141484 -0.0189695 -0.0234988 -0.0275931 -0.0311452 -0.0340893 -0.036363 -0.0379266 -0.0387725 -0.038918 -0.0384033 -0.0372941 -0.0356619 -0.033608 -0.0312446 -0.0286795 -0.0259894 -0.0232561 -0.0205778 -0.018001 -0.0155701 -0.0133306 -0.0113414 -0.00960576 -0.00811286 -0.00689553 -0.00594672 -0.00525207 -0.00478372 
0 0.00119062 0.00242063 0.00373222 0.00518155 0.00678022 0.00856552 0.0105628 0.0127812 0.0152049 0.0178111 0.0205891 0.0234822 0.0264331 0.0293825 0.032261 0.0349661 0.0373909 0.0394467 0.0410475 0.0420966 0.0425218 0.0422868 0.0413502 0.0397051 0.0373445 0.0343217 0.0307011 0.0265622 0.0220099 0.0171281 0.0120538 0.00688638 0.00173716 -0.00327486 -0.00802933 -0.0124161 -0.0163757 -0.0198538 -0.0228008 -0.0251868 -0.0270063 -0.0282614 -0.0289931 -0.0292103 -0.0289688 -0.0283352 -0.0273742 -0.0261574 -0.0247223 -0.0231407 -0.0214765 -0.019783 -0.0181003 -0.0164522 -0.0148533 -0.0133579 -0.0119713 -0.0107037 -0.0095508 -0.00849342 -0.00754745 -0.00671312 -0.00598093 -0.00534297 -0.00478673 -0.00430147 -0.00390182 -0.00355881 -0.0032607 -0.00298009 -0.00270042 -0.00240811 -0.00207844 -0.00164718 -0.00107011 -0.000285274 0.000756099 0.00205556 0.00357446 0.00524763 0.0069774 0.00863664 0.0100397 0.0109626 0.0112289 0.0106841 0.00922637 0.00686418 0.00369477 -0.00015551 -0.00447288 -0.00902044 -0.0135748 -0.0179237 -0.0218564 -0.0252352 -0.0279467 -0.0299146 -0.0310983 -0.0314968 -0.0310913 -0.0298943 -0.0279272 -0.0252233 -0.0218342 -0.0178833 -0.0135041 -0.00887741 -0.00422995 0.000206797 0.00423938 0.0076562 0.0103122 0.012144 0.0131421 0.0133655 0.012978 0.012154 0.0110625 0.00986501 0.00869273 0.00763835 0.00675432 0.00604909 0.00551786 0.00514269 0.00486202 0.00464411 0.0044778 0.00436556 0.00431472 0.00433389 0.00439723 0.00451761 0.00469349 0.0049471 0.00529844 0.00574474 0.00627379 0.00689548 0.00760794 0.00844196 0.00940503 0.010483 0.0116909 0.0130163 0.0144655 0.0160262 0.0176579 0.0193242 0.0210042 0.0226439 0.024203 0.0255971 0.02676 0.0276349 0.0281517 0.0282521 0.0278526 0.0269136 0.0254181 0.0233523 0.0207043 0.0174917 0.0137351 0.00950783 0.00487977 -5.87562e-05 -0.00518509 -0.0103823 -0.0155106 -0.0204848 -0.0251791 -0.0294683 -0.0332473 -0.0364268 -0.0389483 -0.0407582 -0.0418437 -0.042217 -0.0419137 -0.0409809 -0.0394855 -0.0375042 -0.0351516 -0.0325252 -0.0297182 -0.0268305 -0.0239424 -0.0211362 -0.0184455 -0.0159452 -0.0136856 -0.0116886 -0.00997451 -0.00855014 -0.00744376 -0.00662034 -0.00608154 
0 0.00146971 0.00298217 0.00459492 0.00633848 0.00825749 0.0103668 0.0126819 0.0152049 0.017911 0.0207886 0.0237912 0.0268719 0.0299675 0.0329995 0.0358885 0.0385312 0.0408302 0.0427024 0.0440661 0.044859 0.0450228 0.0445112 0.0433201 0.0414236 0.0388606 0.0356706 0.0319273 0.027728 0.0231249 0.018254 0.0131803 0.00802479 0.00288353 -0.00215252 -0.00695631 -0.0114713 -0.0156036 -0.0193127 -0.0225395 -0.0252368 -0.0273881 -0.0290114 -0.0300994 -0.0306898 -0.0307955 -0.0304635 -0.0297605 -0.0287227 -0.0274389 -0.0259421 -0.0243217 -0.0226171 -0.0208718 -0.0191076 -0.0173827 -0.0157154 -0.0141577 -0.0127158 -0.0113752 -0.0101523 -0.00904207 -0.0080529 -0.00718008 -0.00641787 -0.00573432 -0.00515908 -0.0046506 -0.00422885 -0.003854 -0.00350877 -0.00316046 -0.00279726 -0.00237108 -0.00186683 -0.00117923 -0.000258919 0.000921431 0.00237134 0.00406611 0.00593923 0.00787054 0.00967362 0.0111703 0.0121639 0.0124082 0.0117499 0.0101046 0.0074697 0.00391605 -0.000360607 -0.00515493 -0.0102234 -0.0153092 -0.0201315 -0.0245172 -0.0282689 -0.031265 -0.0334446 -0.0347792 -0.035211 -0.0347798 -0.0334595 -0.031262 -0.0282329 -0.0244628 -0.0200379 -0.0151602 -0.0100215 -0.00485432 0.000108985 0.00459628 0.00841897 0.0114181 0.013493 0.0146309 0.0149497 0.0145581 0.0136457 0.012444 0.0111283 0.00983229 0.00865127 0.00764005 0.00684624 0.00626141 0.00582143 0.00551799 0.00529242 0.00513126 0.00502511 0.00498982 0.00501411 0.00512039 0.00527283 0.00551338 0.00583519 0.00627053 0.00681115 0.00746206 0.00820814 0.00907811 0.0100676 0.0111906 0.0124526 0.0138315 0.0153384 0.0169521 0.0186432 0.0203656 0.0220974 0.0237713 0.0253845 0.0268406 0.0280828 0.0290305 0.029623 0.0298245 0.0295697 0.0288166 0.0275292 0.0256828 0.0232792 0.0203345 0.0168471 0.0129004 0.00851947 0.00380161 -0.00118364 -0.00633982 -0.0115326 -0.0166886 -0.0216729 -0.0264104 -0.0307817 -0.0346834 -0.0380372 -0.0407606 -0.0428084 -0.0441479 -0.0447831 -0.0447443 -0.0440627 -0.0427855 -0.0409893 -0.0387486 -0.0361724 -0.033349 -0.0303852 -0.0273771 -0.0243902 -0.0215129 -0.0187901 -0.0162944 -0.0140622 -0.0121199 -0.0105059 -0.00921303 -0.00826165 -0.0076335 
0 0.00178842 0.00363851 0.00557551 0.00766404 0.00991354 0.0123663 0.015001 0.0178111 0.0207886 0.0238892 0.0270753 0.0302747 0.0334362 0.0364601 0.039255 0.0417301 0.0438066 0.0453993 0.0464506 0.0469192 0.0467599 0.0459504 0.0444705 0.0423612 0.0396294 0.0363512 0.0325891 0.0284076 0.0238933 0.0191162 0.0141865 0.00916539 0.00415787 -0.000759183 -0.00551443 -0.0100406 -0.0142568 -0.0181154 -0.0215538 -0.0245179 -0.027002 -0.0289804 -0.0304784 -0.0314651 -0.0319781 -0.0320334 -0.0316545 -0.030919 -0.0298636 -0.0285399 -0.0270318 -0.0253743 -0.0236205 -0.0218277 -0.020016 -0.0182543 -0.0165458 -0.0149311 -0.0134158 -0.0120018 -0.0107273 -0.00958306 -0.00855479 -0.00765529 -0.0068427 -0.00612444 -0.00552152 -0.00499286 -0.00453337 -0.00410995 -0.00368149 -0.00322619 -0.00271114 -0.0020641 -0.00125342 -0.000224462 0.00109568 0.00271881 0.00458146 0.00662352 0.00871295 0.0106809 0.0123087 0.0133185 0.0135126 0.0127504 0.0108891 0.00795897 0.00407866 -0.000632889 -0.00591038 -0.0114546 -0.0170219 -0.0223254 -0.0271174 -0.0312372 -0.0345397 -0.036939 -0.0383918 -0.0388792 -0.0383939 -0.0369271 -0.0345114 -0.031196 -0.0270335 -0.0221868 -0.0168363 -0.0111693 -0.00548725 -5.80307e-05 0.00491003 0.00914228 0.0124603 0.0148002 0.0161085 0.0164683 0.0160747 0.0151299 0.0138484 0.012417 0.0109851 0.00969218 0.00858729 0.00768324 0.00699727 0.00652275 0.00619182 0.00596795 0.00582371 0.0057375 0.00571879 0.00578241 0.00590343 0.00612312 0.00643941 0.00684469 0.00738149 0.00802928 0.00878616 0.00968609 0.010712 0.0118794 0.0131983 0.0146261 0.0161782 0.0178181 0.0195422 0.021311 0.0230727 0.0247951 0.0264205 0.0278946 0.0291792 0.0301738 0.0308213 0.0310824 0.0308874 0.0302326 0.0290735 0.0274051 0.025206 0.0224929 0.0192825 0.0156086 0.0115289 0.00711124 0.00241311 -0.00250344 -0.0075362 -0.0126298 -0.0176667 -0.0225665 -0.0272275 -0.0315686 -0.0355068 -0.0389445 -0.0418303 -0.0440906 -0.0456923 -0.0466199 -0.0468902 -0.0465137 -0.0455372 -0.044005 -0.0419896 -0.0395644 -0.0368255 -0.0338896 -0.0308244 -0.0277507 -0.0247293 -0.0218515 -0.0191605 -0.0167135 -0.0145809 -0.0127585 -0.0113036 -0.0101995 -0.00948458 
0 0.00216644 0.00439387 0.00671665 0.00916687 0.0117775 0.0145675 0.0175087 0.0205891 0.0237912 0.0270753 0.0303734 0.033618 0.0367532 0.0396678 0.0422685 0.0444839 0.0462501 0.047502 0.0481791 0.0482767 0.0477687 0.0466293 0.0448936 0.0425832 0.0397568 0.0364561 0.0327415 0.028686 0.0243212 0.0197703 0.0150714 0.0103036 0.00554177 0.000828433 -0.00376664 -0.00822017 -0.0124271 -0.0163526 -0.0199459 -0.0231477 -0.0259311 -0.0282809 -0.0301546 -0.031557 -0.0324891 -0.0329597 -0.032995 -0.0326203 -0.0318981 -0.0308325 -0.0295162 -0.0279867 -0.0263076 -0.0245283 -0.0227124 -0.0208728 -0.019059 -0.0173093 -0.0156277 -0.014057 -0.012616 -0.0112991 -0.0101067 -0.0090507 -0.00808454 -0.00725372 -0.00651737 -0.00588245 -0.00531353 -0.00478577 -0.00424914 -0.00368848 -0.0030503 -0.00231342 -0.00137156 -0.000182052 0.00129176 0.00306308 0.0050958 0.00731795 0.00957467 0.0116434 0.013328 0.0143871 0.0145476 0.0136523 0.0115893 0.00837202 0.00410009 -0.00101499 -0.00671859 -0.012726 -0.0187571 -0.0244783 -0.0296931 -0.034176 -0.0377623 -0.0403774 -0.0419744 -0.0424749 -0.041939 -0.0403389 -0.0376967 -0.0340834 -0.0295903 -0.0243223 -0.0185145 -0.0123732 -0.00618658 -0.000234923 0.00517335 0.00979161 0.0134365 0.0160048 0.0174644 0.0179547 0.0176018 0.0166055 0.0152374 0.0137035 0.0121633 0.0107469 0.00951777 0.00853585 0.00780642 0.00726466 0.00690608 0.00667417 0.00654767 0.00649563 0.00652628 0.00662888 0.00682591 0.00710292 0.0075064 0.00800873 0.00865496 0.00942665 0.0103307 0.0113768 0.0125799 0.0139185 0.0154003 0.016997 0.0186701 0.0204149 0.0221999 0.023985 0.025722 0.0273791 0.0288496 0.0301194 0.0311044 0.031759 0.0320333 0.0318873 0.0312847 0.0301959 0.028626 0.026577 0.0240409 0.0210553 0.0176553 0.0138514 0.00974644 0.00536082 0.000777569 -0.00395792 -0.00878241 -0.0136299 -0.0184626 -0.0231509 -0.027645 -0.0318702 -0.0357495 -0.0392176 -0.042203 -0.0446566 -0.0465182 -0.0477583 -0.0483745 -0.0483542 -0.0477311 -0.046546 -0.0448318 -0.0426579 -0.0401042 -0.0372775 -0.0342571 -0.0311482 -0.0280651 -0.0250735 -0.0222371 -0.019626 -0.0173137 -0.0153319 -0.0137052 -0.0124806 -0.0116796 
0 0.00259567 0.00525649 0.00799252 0.0108418 0.0138143 0.0169382 0.0201669 0.0234822 0.0268719 0.0302747 0.033618 0.0368215 0.0398359 0.0425482 0.0448697 0.0467494 0.0481514 0.0490078 0.0492785 0.0489758 0.0480946 0.0466423 0.0446517 0.0421968 0.0393086 0.0360416 0.0324448 0.0285681 0.0244675 0.0202115 0.0158524 0.0114156 0.0069674 0.00254107 -0.00182932 -0.00611446 -0.0102249 -0.014137 -0.0178116 -0.0211889 -0.0242376 -0.0268978 -0.029145 -0.0309415 -0.0323095 -0.033236 -0.0337092 -0.0337656 -0.0334266 -0.0327022 -0.0316729 -0.03037 -0.0288503 -0.0271815 -0.0253978 -0.0235522 -0.0216719 -0.0198236 -0.0180258 -0.0163091 -0.0147118 -0.0132298 -0.0118657 -0.0106524 -0.0095455 -0.00856102 -0.00769243 -0.0069054 -0.00619025 -0.00552803 -0.00487726 -0.00420642 -0.00346618 -0.00258212 -0.00149603 -0.000159882 0.00148832 0.00345287 0.00565126 0.00801676 0.0103941 0.0125789 0.0143387 0.0153828 0.0154691 0.0144485 0.0121709 0.00867226 0.00408162 -0.00143513 -0.00758231 -0.0140268 -0.0204939 -0.0266482 -0.0322341 -0.0370479 -0.0409141 -0.0437288 -0.0454361 -0.0459886 -0.0454038 -0.0436677 -0.0408237 -0.0369383 -0.0320842 -0.0264225 -0.0201726 -0.0135443 -0.00688051 -0.000488749 0.00535982 0.0103639 0.0143228 0.0171578 0.0188097 0.0193906 0.0190797 0.018089 0.0166678 0.0150279 0.0133486 0.0118158 0.0104977 0.00943026 0.00863005 0.00806789 0.00768986 0.00745812 0.00734189 0.00731949 0.00739834 0.00757786 0.00784335 0.0082233 0.00872827 0.00934207 0.0101166 0.0110289 0.0120808 0.0132957 0.0146522 0.0161384 0.0177631 0.0194741 0.021257 0.0230629 0.0248616 0.0265986 0.0282282 0.0297151 0.0309639 0.0319258 0.0325578 0.0328004 0.0326387 0.0320601 0.0310099 0.0294987 0.0275247 0.0251168 0.0222818 0.0190773 0.0155454 0.0117121 0.00764711 0.00338629 -0.00101765 -0.00551477 -0.0100394 -0.0145843 -0.0190962 -0.0235005 -0.0277369 -0.0317639 -0.0355213 -0.0389378 -0.0419748 -0.0445697 -0.0466698 -0.0482233 -0.0492025 -0.0495719 -0.0493522 -0.0485638 -0.0472261 -0.0453809 -0.043105 -0.0404933 -0.0376006 -0.0345592 -0.0314742 -0.0284425 -0.0255173 -0.0227868 -0.0203519 -0.0182248 -0.016471 -0.0151292 -0.0142593 
0 0.00306435 0.00618443 0.00936079 0.0126161 0.0159583 0.0194059 0.0229062 0.0264331 0.0299675 0.0334362 0.0367532 0.0398359 0.0426416 0.0450663 0.0470308 0.0485105 0.0494846 0.0499022 0.0497326 0.0490175 0.0477793 0.0460396 0.0438548 0.0412968 0.038406 0.0352206 0.0317898 0.0281623 0.0243769 0.0204882 0.0165108 0.0124544 0.00836975 0.00428234 0.000210921 -0.0038303 -0.00776952 -0.0115923 -0.0152752 -0.0187567 -0.02199 -0.0249131 -0.0274815 -0.0296637 -0.0314612 -0.0328414 -0.0337742 -0.0342792 -0.0343767 -0.0340671 -0.0334077 -0.0324188 -0.0311434 -0.0296447 -0.0279755 -0.0261837 -0.0243156 -0.0224397 -0.0205747 -0.0187567 -0.0170244 -0.0153816 -0.0138522 -0.0124727 -0.0112085 -0.0100722 -0.00904332 -0.00809779 -0.0072274 -0.00641586 -0.0056212 -0.00480735 -0.00392081 -0.00289323 -0.00164664 -0.000136521 0.00168106 0.00380935 0.00618165 0.00871414 0.0112258 0.0134853 0.0152648 0.0162851 0.0162893 0.0151176 0.0126384 0.00887582 0.00395553 -0.00192788 -0.00847558 -0.0153542 -0.0222501 -0.0288048 -0.0347555 -0.0398755 -0.043981 -0.0469771 -0.0488022 -0.0493963 -0.0487806 -0.0469364 -0.0438926 -0.039727 -0.0345323 -0.0284722 -0.0217911 -0.0147281 -0.00761802 -0.000782303 0.00547333 0.0108478 0.0151339 0.018227 0.0200772 0.0207997 0.0205548 0.019553 0.0180717 0.0163481 0.0145764 0.0129366 0.0115149 0.0103696 0.00951574 0.00890895 0.00851122 0.00828573 0.00820081 0.00823148 0.00837908 0.00863919 0.00900563 0.00949256 0.0101134 0.010854 0.0117614 0.0128241 0.0140407 0.0154219 0.0169355 0.0185503 0.0202695 0.0220525 0.0238733 0.0256864 0.0274346 0.0290502 0.030489 0.0317171 0.0326481 0.0332442 0.033462 0.0332601 0.0326374 0.0315927 0.0300966 0.0281666 0.0258273 0.0231099 0.0200332 0.0166684 0.0130695 0.00926816 0.00532638 0.0012586 -0.00289587 -0.00708928 -0.0112699 -0.0154401 -0.0195804 -0.0236289 -0.0275551 -0.0313361 -0.0349188 -0.0382454 -0.0412759 -0.0439638 -0.046253 -0.0480851 -0.0494103 -0.0501709 -0.0503718 -0.0500153 -0.0491007 -0.0476536 -0.0457435 -0.0434449 -0.0407967 -0.0379209 -0.0349352 -0.0319388 -0.0289966 -0.0262128 -0.0236973 -0.0214762 -0.019617 -0.0181872 -0.0172546 
0 0.0035727 0.00718021 0.0108166 0.0144838 0.0181933 0.0219458 0.0256876 0.0293825 0.0329995 0.0364601 0.0396678 0.0425482 0.0450663 0.0471362 0.0486923 0.0497315 0.0502443 0.0502019 0.0495915 0.0484829 0.0469252 0.0449456 0.0426169 0.0399984 0.0371457 0.0340842 0.0308648 0.0275353 0.0241067 0.020619 0.0170475 0.0134 0.00971309 0.00600427 0.00227621 -0.00147512 -0.00519417 -0.00886652 -0.0124773 -0.0159721 -0.0192989 -0.0224121 -0.0252488 -0.0277839 -0.0299851 -0.0317994 -0.0331881 -0.0341521 -0.0347151 -0.0348634 -0.0346254 -0.0340114 -0.0330556 -0.0318136 -0.0303545 -0.0287064 -0.0269294 -0.0250855 -0.0232015 -0.0213268 -0.019499 -0.0177312 -0.0160586 -0.0145146 -0.0130796 -0.0117729 -0.0105678 -0.00945811 -0.00842705 -0.00745705 -0.00650178 -0.00551816 -0.00444475 -0.00323396 -0.00180556 -0.000118177 0.00186884 0.00416069 0.00669665 0.00937286 0.0120043 0.0143417 0.0161374 0.0171158 0.017015 0.0156725 0.0129813 0.00895766 0.00371935 -0.00251277 -0.00943882 -0.0167174 -0.024003 -0.030927 -0.0372218 -0.0426373 -0.0469838 -0.0501599 -0.0520961 -0.0527235 -0.0520643 -0.0501028 -0.0468657 -0.0424359 -0.0369272 -0.030499 -0.0234102 -0.015929 -0.00839056 -0.00112871 0.00552036 0.011262 0.0158766 0.0192325 0.0212838 0.0221435 0.0219697 0.0209887 0.0194848 0.0177022 0.0158552 0.0141251 0.0126099 0.0113781 0.0104522 0.00979434 0.00938956 0.00919259 0.00916559 0.00927449 0.00950947 0.00985749 0.0103319 0.0109363 0.0116929 0.0125844 0.0136385 0.0148489 0.0162148 0.0177353 0.0193804 0.0210993 0.0228788 0.0246854 0.0264737 0.028209 0.0298153 0.0312209 0.0323842 0.0332726 0.0338141 0.0339914 0.0337611 0.0331047 0.0320226 0.0305155 0.0285847 0.0262573 0.0235958 0.0206333 0.0173949 0.0139483 0.0103524 0.00664485 0.00288563 -0.000932032 -0.00478264 -0.00862774 -0.0124342 -0.0162004 -0.0199384 -0.0235925 -0.0271668 -0.0306562 -0.0340196 -0.0372139 -0.0401913 -0.0429211 -0.0453462 -0.0474114 -0.0490507 -0.0501924 -0.0508206 -0.050919 -0.0504641 -0.0494681 -0.0479903 -0.0460838 -0.0437764 -0.0411646 -0.0383756 -0.035501 -0.0326215 -0.0298562 -0.0273194 -0.0250622 -0.0231455 -0.0216682 -0.0206959 
0 0.00410815 0.00822748 0.0123314 0.0164179 0.0204813 0.0245145 0.0284571 0.032261 0.0358885 0.039255 0.0422685 0.0448697 0.0470308 0.0486923 0.0498065 0.0503773 0.0504231 0.0499215 0.0489064 0.0474546 0.0456305 0.0434816 0.0410476 0.038427 0.0356438 0.0327476 0.0297784 0.0267539 0.023706 0.0206048 0.0174552 0.0142328 0.0109681 0.00767057 0.00430314 0.000868427 -0.00259817 -0.00607607 -0.00954953 -0.0129799 -0.0163355 -0.019549 -0.0225928 -0.0253954 -0.0279304 -0.0301318 -0.0319391 -0.033368 -0.0344015 -0.0350284 -0.0352451 -0.0350567 -0.0344853 -0.0336018 -0.0324264 -0.0310165 -0.0293981 -0.0276453 -0.0258132 -0.0239411 -0.0220758 -0.0202372 -0.0184498 -0.0167567 -0.0151687 -0.0136756 -0.0123044 -0.0110144 -0.00980599 -0.00865436 -0.00751923 -0.00633976 -0.00508107 -0.00365251 -0.00202721 -0.000152847 0.00202417 0.00450191 0.00719226 0.00999555 0.0127157 0.0151155 0.0169203 0.0178331 0.0176231 0.0161208 0.0132014 0.00889841 0.00336348 -0.00321117 -0.0104961 -0.0181208 -0.0257466 -0.0330275 -0.0396318 -0.045333 -0.0499328 -0.053288 -0.055313 -0.0559815 -0.0552595 -0.0531617 -0.0497413 -0.0450742 -0.0392593 -0.0325099 -0.0250507 -0.0171581 -0.00919888 -0.00153762 0.00551238 0.0116095 0.0165209 0.0201354 0.0224056 0.0234079 0.0233337 0.0224137 0.0209126 0.0190888 0.0171623 0.0153486 0.0137607 0.0124515 0.0114531 0.0107746 0.0103611 0.0102019 0.0102409 0.0104432 0.0107828 0.0112534 0.0118381 0.0125909 0.0134931 0.0145491 0.0157626 0.0171162 0.0186045 0.0202342 0.0219529 0.0237263 0.0255208 0.0272778 0.0289741 0.0305352 0.0319091 0.0330218 0.0338394 0.0343247 0.0344374 0.0341357 0.0334311 0.032298 0.0307604 0.0288327 0.0265039 0.0238499 0.0209281 0.0177987 0.0144863 0.0110411 0.00751274 0.00395801 0.000405815 -0.00312177 -0.00663637 -0.0101044 -0.0134984 -0.0168593 -0.0201636 -0.0234191 -0.0266131 -0.0297759 -0.0328932 -0.0359115 -0.0388112 -0.0415359 -0.0440522 -0.0463009 -0.0482088 -0.0497058 -0.0507508 -0.051307 -0.0513345 -0.0508231 -0.0498231 -0.0483689 -0.0464707 -0.0442191 -0.0417134 -0.0390582 -0.0363291 -0.0336591 -0.031181 -0.0289466 -0.0270491 -0.025572 -0.0246022 
0 0.00464489 0.00926919 0.0138433 0.018334 0.0227373 0.0270156 0.0311115 0.0349661 0.0385312 0.0417301 0.0444839 0.0467494 0.0485105 0.0497315 0.0503773 0.0504803 0.0500522 0.0491314 0.0477529 0.0460145 0.043992 0.041706 0.039242 0.0366422 0.0339893 0.0312929 0.0285837 0.0258875 0.023182 0.0204796 0.0177321 0.014944 0.0121113 0.00921766 0.00622331 0.00312388 -5.91815e-05 -0.00328882 -0.00657167 -0.00988887 -0.0131894 -0.0164533 -0.0195886 -0.0225837 -0.0253683 -0.0278848 -0.0300882 -0.0319413 -0.0334342 -0.0345375 -0.0352217 -0.0354984 -0.0353876 -0.0349098 -0.0341199 -0.0330014 -0.0316278 -0.0300527 -0.0283409 -0.0265494 -0.0247103 -0.0228387 -0.0209903 -0.0191894 -0.0174638 -0.0158309 -0.0142672 -0.0127846 -0.0113729 -0.0100149 -0.00867035 -0.00729709 -0.00581878 -0.00419943 -0.00235111 -0.000235993 0.00215163 0.00479573 0.00766337 0.010597 0.013402 0.0158178 0.0175864 0.0184405 0.0181174 0.0164198 0.0132937 0.00874031 0.00288924 -0.00398644 -0.011579 -0.0195562 -0.0275131 -0.0350924 -0.0420066 -0.0479733 -0.0527768 -0.0562991 -0.0584349 -0.059112 -0.0583423 -0.0561427 -0.0525341 -0.0476203 -0.041544 -0.0344612 -0.026633 -0.0183885 -0.0100433 -0.00197254 0.00542809 0.0118592 0.0170906 0.0209503 0.0234347 0.0246337 0.0246976 0.0238447 0.0223539 0.0204954 0.0185329 0.0166348 0.0149574 0.0135983 0.012583 0.0118752 0.0114794 0.0113474 0.0114531 0.011751 0.0122097 0.0128063 0.0135607 0.01446 0.0155249 0.0167438 0.0180934 0.0195739 0.0211639 0.0228461 0.0245939 0.0263512 0.0280699 0.0297248 0.0312276 0.0325524 0.0336089 0.0343521 0.0347629 0.0348079 0.0344494 0.033676 0.0324697 0.0308718 0.0289104 0.0265953 0.0239708 0.0210579 0.0179711 0.0147467 0.0114289 0.00805529 0.00466234 0.00129746 -0.00200248 -0.00523712 -0.00839856 -0.0114694 -0.0144642 -0.0173921 -0.0202996 -0.0231489 -0.0259776 -0.0288075 -0.0316397 -0.0344678 -0.0372322 -0.0399204 -0.0424687 -0.0448406 -0.0469599 -0.0487569 -0.0501859 -0.0511839 -0.051695 -0.0516931 -0.0512069 -0.0502483 -0.0488351 -0.0470176 -0.0449039 -0.0425635 -0.0400889 -0.0376147 -0.0352655 -0.0331451 -0.0313176 -0.0299066 -0.0289681 
0 0.00515294 0.010261 0.0152795 0.0201558 0.0248657 0.0293482 0.0335457 0.0373909 0.0408302 0.0438066 0.0462501 0.0481514 0.0494846 0.0502443 0.0504231 0.0500522 0.0491974 0.0478889 0.0462166 0.0442517 0.0420696 0.0397234 0.0372518 0.0347538 0.0322546 0.0297894 0.0273596 0.0249582 0.022609 0.0202628 0.0179173 0.0155367 0.0131038 0.0105971 0.00796369 0.00521344 0.00235479 -0.000597073 -0.00364514 -0.00678574 -0.00998742 -0.0131844 -0.0163502 -0.0194335 -0.0223967 -0.0251767 -0.0277014 -0.0299402 -0.0318459 -0.0333959 -0.0345512 -0.0353093 -0.0356679 -0.0356645 -0.0352816 -0.034556 -0.0335142 -0.0322087 -0.0307178 -0.0290747 -0.0273121 -0.025479 -0.0236123 -0.021754 -0.0199506 -0.0181705 -0.01645 -0.0147658 -0.0131365 -0.0115591 -0.0100081 -0.00841173 -0.00671968 -0.00483626 -0.00275265 -0.000416945 0.0022003 0.00506745 0.0080874 0.0111288 0.0139981 0.0164525 0.0181879 0.0189229 0.0184468 0.0165793 0.0132337 0.00843955 0.00235142 -0.00481825 -0.012735 -0.0210118 -0.0292718 -0.0371743 -0.0443417 -0.0505306 -0.0555396 -0.059195 -0.0613975 -0.0621347 -0.061331 -0.0590163 -0.0552526 -0.0501154 -0.0437329 -0.0363496 -0.0281912 -0.0195779 -0.010881 -0.00248903 0.00526074 0.0120237 0.0175484 0.0216967 0.024437 0.0258093 0.0260027 0.0252589 0.0238244 0.0219683 0.0199444 0.0179922 0.016279 0.0148707 0.0138047 0.0131134 0.012736 0.0126621 0.0128387 0.0132349 0.0138203 0.0145786 0.0154821 0.0165645 0.0177793 0.0191365 0.0206012 0.0221608 0.0238073 0.0255145 0.0272254 0.0289004 0.0304739 0.0319039 0.0331535 0.0341394 0.0348171 0.0351338 0.0350837 0.0346502 0.0338282 0.0325773 0.0309264 0.0288994 0.026556 0.0239371 0.0210653 0.0180081 0.0148253 0.011582 0.00832051 0.00506829 0.00186217 -0.00125243 -0.00427973 -0.00719159 -0.0100044 -0.0126988 -0.0152876 -0.017833 -0.0203356 -0.0228328 -0.0253134 -0.0278166 -0.0303719 -0.0329558 -0.0355673 -0.0381533 -0.0406892 -0.0431238 -0.0453834 -0.0474235 -0.0491741 -0.0505785 -0.0515586 -0.0520727 -0.0521254 -0.0517056 -0.0508279 -0.0495301 -0.0478875 -0.0459705 -0.0438573 -0.0416783 -0.0395646 -0.0376236 -0.0359511 -0.0346449 -0.0337748 
0 0.00562463 0.0111814 0.0166117 0.0218365 0.0268074 0.0314401 0.0356763 0.0394467 0.0427024 0.0453993 0.047502 0.0490078 0.0499022 0.0502019 0.0499215 0.0491314 0.0478889 0.0462773 0.0443702 0.0422419 0.0399743 0.0376057 0.0352176 0.0328454 0.0305475 0.0283185 0.0261485 0.0240471 0.0220054 0.0200099 0.0180143 0.0159983 0.0139262 0.0117712 0.0094936 0.00710422 0.00457302 0.00192079 -0.000871778 -0.0038047 -0.00682252 -0.00990847 -0.0129984 -0.0161055 -0.0191583 -0.0220976 -0.0248662 -0.0274023 -0.0296674 -0.0316367 -0.0332391 -0.0344627 -0.0353019 -0.0357534 -0.0358411 -0.0355469 -0.0349235 -0.0339835 -0.032794 -0.0313881 -0.0297961 -0.0280584 -0.0262447 -0.0243771 -0.0225115 -0.0206463 -0.0187822 -0.0169384 -0.0151312 -0.0133483 -0.0115568 -0.00971766 -0.00775266 -0.00562492 -0.0032799 -0.000681969 0.00215464 0.00519294 0.00840327 0.0115828 0.0145208 0.0169573 0.0186194 0.0192534 0.0186372 0.01657 0.0130293 0.00801164 0.00165343 -0.00577202 -0.0139476 -0.0225272 -0.0310661 -0.0392122 -0.0466319 -0.0530393 -0.0582114 -0.0620103 -0.0643097 -0.0650515 -0.0642054 -0.0618049 -0.0578713 -0.0525137 -0.0458933 -0.0382065 -0.0297175 -0.0208011 -0.011775 -0.00303468 0.00502267 0.0120891 0.0179231 0.0223309 0.0253156 0.0269177 0.0272924 0.0266564 0.0252727 0.023437 0.0214462 0.0194682 0.0177037 0.0162623 0.015185 0.0144747 0.0141311 0.014114 0.0144035 0.0149389 0.0156728 0.0165787 0.0176526 0.0188727 0.0202256 0.0216986 0.0232358 0.024846 0.0265021 0.0281656 0.029787 0.0313015 0.0326277 0.0337627 0.034637 0.0352297 0.0354696 0.035328 0.0348 0.0338761 0.0325738 0.030884 0.0288161 0.0264347 0.0237897 0.0209209 0.0179071 0.0147636 0.0115847 0.00839345 0.00524325 0.00215877 -0.000826451 -0.00366779 -0.00638325 -0.00896927 -0.0114312 -0.0137619 -0.0159929 -0.0181536 -0.0203048 -0.0224525 -0.0246229 -0.0268281 -0.0290985 -0.0314496 -0.0338544 -0.0363172 -0.0387883 -0.041237 -0.0435901 -0.0458051 -0.0478241 -0.0495762 -0.0509921 -0.0520093 -0.0526043 -0.0527433 -0.0524418 -0.0517102 -0.0506136 -0.0492003 -0.0475516 -0.0457811 -0.0439994 -0.0423423 -0.0408899 -0.0397558 -0.0389882 
