0 0 0 0 0 0 0 0 0 0 0 0 0 0 0 0 0 0 0 0 0 0 0 0 0 0 0 0 0 0 0 0 0 0 0 0 0 0 0 0 0 0 0 0 0 0 0 0 0 0 0 0 0 0 0 0 0 0 0 0 0 0 0 0 0 0 0 0 0 0 0 0 0 0 0 0 0 0 0 0 0 0 0 0 0 0 0 0 0 0 0 0 0 0 0 0 0 0 0 0 0 0 0 0 0 0 0 0 0 0 0 0 0 0 0 0 0 0 0 0 0 0 0 0 0 0 0 0 0 0 0 0 0 0 0 0 0 0 0 0 0 0 0 0 0 0 0 0 0 0 0 0 0 0 0 0 0 0 0 0 0 0 0 0 0 0 0 0 0 0 0 0 0 0 0 0 0 0 0 0 0 0 0 0 0 0 0 0 0 0 0 0 0 0 0 0 0 0 0 0 
0 2.64843e-05 4.85078e-05 7.96409e-05 0.000118132 0.000174102 0.000238607 0.000324771 0.000431764 0.000557401 0.000711985 0.000897315 0.0011228 0.00138692 0.00169844 0.00205881 0.00247285 0.00293755 0.00344373 0.0039698 0.00450586 0.0050366 0.00552943 0.00597164 0.00634486 0.00664427 0.0068305 0.0068908 0.00681541 0.00657829 0.00617621 0.00561074 0.00491287 0.00409936 0.0032013 0.00223944 0.00123729 0.000224136 -0.000758685 -0.00168798 -0.00253522 -0.00325499 -0.00384475 -0.0042928 -0.00461364 -0.00480892 -0.00488589 -0.00485471 -0.00471917 -0.00450841 -0.00424479 -0.00393515 -0.00361499 -0.0032975 -0.00297751 -0.00267511 -0.00237224 -0.00208142 -0.00181747 -0.00158715 -0.00139671 -0.00123487 -0.00109344 -0.000970601 -0.000859013 -0.00077102 -0.000702163 -0.000640654 -0.000594876 -0.000545357 -0.000486469 -0.000418154 -0.000328717 -0.000213373 -7.44611e-05 0.000101229 0.000307154 0.000533656 0.000782447 0.00104135 0.00126382 0.00141888 0.00148685 0.00144294 0.00128351 0.00101014 0.000638074 0.000208998 -0.000262518 -0.00076138 -0.00123993 -0.0016881 -0.0020889 -0.00240182 -0.00262837 -0.00278394 -0.00286728 -0.00290397 -0.0029174 -0.00292013 -0.00291602 -0.0029123 -0.0029099 -0.0028861 -0.002823 -0.0027216 -0.00254821 -0.00229712 -0.00198977 -0.00161077 -0.00116319 -0.000681761 -0.000168455 0.000347863 0.000818664 0.00122005 0.00152802 0.00172824 0.00182437 0.00181793 0.00173836 0.00162694 0.00149273 0.00134343 0.00120063 0.0010733 0.000958916 0.00087495 0.000818522 0.000782133 0.000766454 0.000753624 0.000734405 0.000731414 0.000735933 0.000758675 0.000806763 0.00086258 0.000931564 0.00101603 0.00111481 0.00124173 0.00139699 0.00158652 0.00181302 0.00206321 0.00234519 0.00263407 0.00293607 0.00325932 0.00358714 0.00391329 0.00421663 0.00445879 0.00463376 0.00472835 0.00472339 0.00460951 0.00436697 0.00399479 0.00347453 0.00281713 0.0020299 0.00113576 0.000176463 -0.000810917 -0.00180865 -0.00279015 -0.00371446 -0.00456107 -0.00529157 -0.00588903 -0.00632547 -0.00660237 -0.00672195 -0.00669534 -0.00655323 -0.0062989 -0.005951 -0.0055319 -0.00506832 -0.00456721 -0.0040452 -0.00353002 -0.00304542 -0.00259218 -0.00218255 -0.00182851 -0.00152009 -0.00125587 -0.00102262 -0.000835719 -0.000677647 -0.000546118 -0.000442082 -0.000355171 -0.000294879 -0.000241005 -0.000210129 -0.000190372 
0 4.85078e-05 9.59329e-05 0.000152418 0.000238444 0.00034724 0.000481815 0.000659209 0.000878423 0.00114475 0.00146223 0.00184664 0.0023061 0.00284184 0.00346987 0.00419128 0.00500968 0.00592686 0.00691103 0.00793752 0.00898034 0.0100079 0.0109794 0.011833 0.0125743 0.0131477 0.0135015 0.0136099 0.0134319 0.0129703 0.0121647 0.011068 0.00970239 0.0081039 0.00634376 0.00444102 0.00247106 0.00048392 -0.00143819 -0.00324908 -0.00489799 -0.00632258 -0.00748112 -0.0083957 -0.00904267 -0.00944575 -0.00962276 -0.00956921 -0.00933888 -0.00895096 -0.00846205 -0.00787443 -0.00724816 -0.00660362 -0.00597037 -0.00535058 -0.00476624 -0.00420525 -0.00369176 -0.00324959 -0.00285792 -0.00251777 -0.00222289 -0.00196353 -0.00173361 -0.00156964 -0.00141456 -0.00129825 -0.0011908 -0.0010805 -0.000964394 -0.00084228 -0.000659758 -0.000440999 -0.000147299 0.00020858 0.000626548 0.00110565 0.00160864 0.00208215 0.00250378 0.00281806 0.00295478 0.00287067 0.00255569 0.00203478 0.00131199 0.000438358 -0.000536212 -0.00153348 -0.00250862 -0.00339697 -0.00415638 -0.00475998 -0.00523737 -0.00553991 -0.0057181 -0.00581599 -0.00584216 -0.00582504 -0.00583869 -0.00582091 -0.00579182 -0.00574273 -0.00562737 -0.0054067 -0.0050933 -0.00462237 -0.00399642 -0.00321321 -0.00231453 -0.00132154 -0.000298443 0.000700202 0.00161679 0.00242158 0.0030375 0.00344335 0.00363883 0.00365658 0.00352661 0.00327959 0.00298208 0.00268471 0.00239778 0.00213935 0.00192943 0.00176105 0.00166128 0.00158517 0.00154231 0.00151268 0.00149077 0.00147684 0.00150471 0.00153909 0.00162372 0.00172784 0.00186287 0.00203791 0.00226792 0.00253315 0.00285769 0.00323485 0.00365834 0.00415113 0.00469397 0.0052719 0.00587953 0.00652084 0.00715726 0.00779388 0.00835728 0.00882969 0.00915499 0.00932782 0.00930938 0.0090505 0.0085544 0.00779247 0.00675673 0.0054662 0.003931 0.00218519 0.000321002 -0.00162491 -0.00357543 -0.00550723 -0.00732476 -0.00897436 -0.0104239 -0.0115898 -0.0124745 -0.0130358 -0.0132938 -0.0132694 -0.012998 -0.0125158 -0.0118327 -0.0110122 -0.0100997 -0.00911194 -0.00808486 -0.00707367 -0.00611511 -0.00522258 -0.00440553 -0.00369629 -0.00308151 -0.00254388 -0.00208644 -0.0017021 -0.00138888 -0.00112093 -0.000904672 -0.000736783 -0.000601905 -0.000504162 -0.000430812 -0.000390534 
0 7.96409e-05 0.000152418 0.000256162 0.00038713 0.000563334 0.000767911 0.00103811 0.00137783 0.00178319 0.0022759 0.0028621 0.00356466 0.00438217 0.00533481 0.00642076 0.0076444 0.00899148 0.0104351 0.011923 0.0134307 0.0149199 0.0163069 0.0175488 0.0185905 0.0194003 0.0198718 0.019971 0.0196822 0.0189571 0.0177894 0.0161852 0.0142089 0.0118952 0.00932363 0.00656064 0.00369289 0.000816807 -0.00195284 -0.00456168 -0.00695149 -0.00902036 -0.0107563 -0.0121197 -0.013123 -0.0137586 -0.014047 -0.0140259 -0.0137261 -0.0132228 -0.0125632 -0.011748 -0.0108555 -0.009929 -0.00898348 -0.00809122 -0.00722631 -0.00641161 -0.00566609 -0.00499282 -0.00439958 -0.00387225 -0.00340883 -0.00301682 -0.00267894 -0.0024132 -0.00219059 -0.00198023 -0.00180467 -0.00163096 -0.0014531 -0.0012638 -0.00101498 -0.000674946 -0.000235513 0.00032734 0.000979796 0.00167809 0.00240714 0.00313204 0.00374718 0.00418277 0.00438514 0.00428045 0.00383861 0.00305004 0.00194575 0.000638013 -0.000809371 -0.00232279 -0.00376261 -0.00508327 -0.006239 -0.00714192 -0.00780875 -0.00827902 -0.00855709 -0.00870188 -0.00876338 -0.0087709 -0.00874363 -0.00870297 -0.00866381 -0.00858001 -0.00840444 -0.0081224 -0.00763794 -0.00691277 -0.00598482 -0.00482207 -0.00345235 -0.0019819 -0.000446968 0.00106474 0.00243185 0.00360052 0.00451333 0.0051358 0.00546623 0.00549659 0.00528783 0.00494294 0.00450595 0.00402758 0.00358297 0.00320767 0.00289487 0.00267013 0.00251297 0.00239851 0.00233274 0.00228491 0.00224133 0.00225134 0.00228695 0.00235907 0.00248511 0.00263498 0.00284047 0.00312076 0.00347155 0.00390327 0.00439738 0.00495596 0.00559357 0.00630187 0.00711362 0.00796953 0.00886675 0.00979958 0.0107113 0.0115862 0.0123792 0.0130099 0.0134583 0.0136783 0.0136007 0.0131864 0.0123931 0.011235 0.00969001 0.00779698 0.00557048 0.00305512 0.000347094 -0.0024628 -0.00531251 -0.00811575 -0.0107508 -0.0131556 -0.0152409 -0.016965 -0.0182626 -0.0191256 -0.0195472 -0.0195472 -0.0191972 -0.0185117 -0.0175438 -0.0163614 -0.0150426 -0.0136148 -0.0121283 -0.0106582 -0.00926227 -0.00794293 -0.00673085 -0.0056638 -0.00472692 -0.00391968 -0.00321329 -0.00263776 -0.0021497 -0.00174026 -0.00141254 -0.00114368 -0.000949999 -0.000784787 -0.000681713 -0.000611035 
0 0.000118132 0.000238444 0.00038713 0.000585701 0.00082724 0.00111705 0.00149017 0.00195426 0.00251639 0.00318749 0.00399094 0.00494552 0.00605336 0.00733424 0.00878147 0.0103877 0.0121446 0.0139997 0.0159116 0.0178373 0.0197222 0.0214877 0.0230306 0.0243305 0.0252897 0.0258128 0.0258592 0.0253897 0.024415 0.0228679 0.0208155 0.0182912 0.0153433 0.0120804 0.00856222 0.00492691 0.00128449 -0.00222964 -0.00554569 -0.00859376 -0.0112775 -0.0135283 -0.0153499 -0.0166948 -0.0175798 -0.0180342 -0.0180741 -0.0177892 -0.0172276 -0.0164621 -0.0154907 -0.0143978 -0.0132296 -0.0120483 -0.0108861 -0.00977984 -0.00871819 -0.00772969 -0.00684351 -0.00603757 -0.00531917 -0.00469325 -0.00415328 -0.00368907 -0.00333828 -0.00301386 -0.00274065 -0.00248509 -0.0022314 -0.00197729 -0.00171401 -0.00135327 -0.000905061 -0.000311261 0.000416711 0.00126707 0.00221869 0.0032057 0.00413795 0.00495417 0.00555231 0.00581066 0.00564401 0.00502614 0.00398577 0.0025449 0.000806065 -0.0011269 -0.00311115 -0.00503792 -0.00679298 -0.00829717 -0.00949676 -0.0104279 -0.0110393 -0.0114053 -0.0116042 -0.0116672 -0.0116493 -0.011656 -0.0116162 -0.0115538 -0.0114454 -0.0112121 -0.0107867 -0.0101557 -0.00921881 -0.00797487 -0.0064207 -0.00462546 -0.00265359 -0.000619129 0.00136656 0.00318684 0.00477237 0.00599989 0.0068231 0.0072385 0.00729233 0.00704388 0.00656605 0.00597606 0.00537179 0.00479718 0.00429089 0.00388113 0.00356065 0.00335501 0.00320082 0.00310928 0.00305454 0.00302975 0.00304191 0.00312429 0.00322809 0.00340733 0.00362597 0.00391287 0.00429587 0.00479343 0.00537382 0.00605161 0.00680953 0.00764469 0.00859509 0.00964405 0.010759 0.0119142 0.013091 0.0142179 0.0152896 0.0162106 0.0169481 0.0174265 0.0176181 0.0174424 0.0168144 0.0157317 0.0141733 0.012149 0.00970263 0.00685169 0.0036432 0.000206177 -0.00338707 -0.00700874 -0.0105805 -0.0139334 -0.0169714 -0.0196389 -0.0218287 -0.0235336 -0.0246887 -0.0253008 -0.0253889 -0.0250034 -0.0241982 -0.0230054 -0.0215359 -0.0198776 -0.0180715 -0.0161847 -0.0143076 -0.0125017 -0.0107859 -0.00918581 -0.00776027 -0.0065037 -0.00540139 -0.00445461 -0.00365695 -0.00299505 -0.00243329 -0.00197742 -0.00161914 -0.00133507 -0.00112004 -0.000963189 -0.000866631 
0 0.000174102 0.00034724 0.000563334 0.00082724 0.00115492 0.00154071 0.00202937 0.00263535 0.00336084 0.00423103 0.00526497 0.00648855 0.00790077 0.00951396 0.0113135 0.0132881 0.0154105 0.0176381 0.0199083 0.0221785 0.0243862 0.0264177 0.0281911 0.0296302 0.0306647 0.0311694 0.0311024 0.0304557 0.0292006 0.0273276 0.0248593 0.0218628 0.0183893 0.0145447 0.0104281 0.00617233 0.0019117 -0.00220984 -0.00611791 -0.00973432 -0.012933 -0.0156694 -0.0178953 -0.0196028 -0.0207818 -0.0214542 -0.0216597 -0.0214509 -0.020913 -0.0201087 -0.0190513 -0.0178342 -0.0165217 -0.0151507 -0.0137973 -0.0124563 -0.0111572 -0.00993737 -0.00882216 -0.00782001 -0.00692217 -0.00612506 -0.00543216 -0.00483058 -0.00434082 -0.00392167 -0.0035437 -0.00321011 -0.00288095 -0.00254101 -0.00217126 -0.00171004 -0.00112059 -0.000380524 0.000533577 0.00159222 0.00275013 0.00396398 0.00515599 0.00617519 0.00689317 0.00719754 0.00698225 0.00620757 0.0048855 0.00307585 0.000929166 -0.00144038 -0.00390138 -0.00627543 -0.00846001 -0.0103635 -0.0118748 -0.0130009 -0.0137715 -0.0142251 -0.0144554 -0.0145436 -0.0145516 -0.0145293 -0.0144856 -0.0144251 -0.014284 -0.0139835 -0.0134733 -0.0126511 -0.0114559 -0.00991465 -0.00800606 -0.00577889 -0.00335586 -0.000824727 0.00167404 0.00396317 0.00593008 0.00746025 0.00849376 0.00902673 0.00908172 0.00875792 0.00820016 0.00750076 0.00674805 0.00603069 0.00540107 0.00487289 0.00447839 0.00420756 0.00402862 0.00393386 0.00388163 0.00385297 0.00389235 0.00398958 0.00415244 0.00440374 0.00471189 0.00510591 0.0056102 0.00622947 0.00696899 0.00781847 0.00877315 0.00984013 0.011011 0.0122956 0.0136227 0.0149732 0.0163257 0.0176094 0.0187924 0.0198015 0.0205461 0.0209864 0.0210696 0.0207105 0.019849 0.0184435 0.0165074 0.0140374 0.0110898 0.00769278 0.00390639 -0.000147432 -0.00435735 -0.00862084 -0.0128107 -0.0167543 -0.0203493 -0.0234955 -0.026132 -0.0281937 -0.0296493 -0.0304754 -0.0306833 -0.0303389 -0.0294693 -0.0281427 -0.0264643 -0.0245463 -0.0224425 -0.0202282 -0.0180037 -0.0158412 -0.0137581 -0.0117993 -0.0100261 -0.00844123 -0.0070479 -0.0058292 -0.00480845 -0.00394567 -0.00322218 -0.00263397 -0.00215831 -0.00179541 -0.00150165 -0.0013022 -0.00116979 
0 0.000238607 0.000481815 0.000767911 0.00111705 0.00154071 0.00204554 0.00267172 0.00343957 0.00435769 0.00545001 0.00674119 0.00825101 0.00997406 0.0119115 0.0140432 0.0163454 0.0187896 0.0213192 0.0238766 0.0264049 0.0288283 0.0310354 0.0329175 0.0344115 0.0354221 0.0358436 0.0356322 0.0347731 0.0332617 0.0310717 0.0282514 0.0248624 0.0209736 0.0166992 0.012139 0.00743176 0.00271203 -0.00188119 -0.0062578 -0.0103241 -0.0139585 -0.0170891 -0.0196942 -0.0217492 -0.0232529 -0.0242168 -0.0246555 -0.0246275 -0.0242004 -0.0234447 -0.0223924 -0.0211342 -0.0197366 -0.0182547 -0.016738 -0.0152164 -0.0137168 -0.012291 -0.010982 -0.00978922 -0.00870668 -0.00773161 -0.00686046 -0.00609521 -0.00546274 -0.00491318 -0.00443549 -0.00400321 -0.00357979 -0.00314494 -0.00267036 -0.00208221 -0.00135527 -0.000448923 0.000645706 0.00191114 0.00330684 0.0047567 0.00614696 0.00734195 0.00818784 0.0085295 0.00825057 0.00731286 0.00574234 0.00360328 0.00104072 -0.00179332 -0.00471924 -0.00755613 -0.0101541 -0.0123951 -0.0141923 -0.015551 -0.0164697 -0.0170205 -0.0173081 -0.0174118 -0.0174146 -0.0174009 -0.0173513 -0.0172648 -0.0170888 -0.0167275 -0.0160971 -0.0151225 -0.0137147 -0.0118652 -0.00957701 -0.00692369 -0.00402087 -0.00100722 0.00195268 0.00468062 0.00703966 0.00888218 0.0101292 0.0107737 0.0108683 0.0105157 0.00985088 0.00901499 0.00812967 0.00727875 0.00651986 0.00588968 0.005411 0.00509388 0.00489408 0.00479426 0.00475291 0.00475021 0.00480753 0.00494637 0.0051623 0.00548938 0.00590388 0.00642135 0.00706384 0.0078395 0.00873943 0.00976916 0.0109189 0.0121837 0.0135639 0.0150301 0.0165231 0.0180112 0.0194692 0.0208342 0.0220642 0.0230605 0.0237404 0.0240395 0.0239196 0.0233128 0.0221568 0.0204333 0.0181353 0.0152741 0.0118995 0.00805039 0.00380072 -0.000716839 -0.00539541 -0.0101177 -0.0147648 -0.0191623 -0.0231889 -0.0267525 -0.02976 -0.0321625 -0.0339032 -0.0349607 -0.0353446 -0.0350992 -0.0342646 -0.0328952 -0.0311103 -0.0290236 -0.0267041 -0.0242382 -0.0217309 -0.0192599 -0.0168567 -0.0145708 -0.0124694 -0.0105691 -0.00887294 -0.00738444 -0.00611457 -0.00504206 -0.00414085 -0.00340017 -0.002803 -0.00233263 -0.00196573 -0.00170504 -0.00153756 
0 0.000324771 0.000659209 0.00103811 0.00149017 0.00202937 0.00267172 0.00345394 0.00440268 0.00553166 0.0068649 0.0084266 0.0102267 0.0122556 0.0145012 0.0169397 0.0195384 0.0222584 0.0250357 0.0278065 0.0305025 0.0330375 0.0352997 0.0371797 0.0386117 0.0395043 0.0397699 0.0393656 0.0382784 0.0365066 0.0340362 0.0309217 0.0272339 0.0230576 0.018501 0.0136652 0.00867613 0.00366403 -0.00124224 -0.005942 -0.0103317 -0.0142969 -0.0177611 -0.0207051 -0.0231043 -0.02495 -0.0262379 -0.0269699 -0.0271939 -0.0269706 -0.0263639 -0.025419 -0.0242136 -0.0228176 -0.0212927 -0.0196861 -0.0180425 -0.0163973 -0.0148067 -0.0133179 -0.0119367 -0.0106645 -0.009504 -0.00845745 -0.00753466 -0.0067483 -0.00605776 -0.00544621 -0.00488487 -0.00434471 -0.00380062 -0.00321177 -0.00250338 -0.00162977 -0.000545427 0.000754569 0.00224243 0.00386424 0.0055303 0.00711334 0.00846279 0.00940786 0.00977987 0.0094522 0.00836748 0.00654514 0.00406778 0.00109415 -0.00218927 -0.00557062 -0.00884816 -0.0118447 -0.0144236 -0.0164991 -0.0180645 -0.0191339 -0.0197899 -0.0201395 -0.0202757 -0.0202891 -0.0202612 -0.0201928 -0.0200773 -0.0198601 -0.0194402 -0.0187106 -0.0175783 -0.0159499 -0.0138001 -0.0111449 -0.0080676 -0.00469768 -0.00120573 0.00221717 0.00537328 0.0080969 0.0102377 0.0117095 0.0124934 0.0126417 0.0122649 0.0115132 0.0105492 0.00951712 0.00852347 0.0076439 0.00692411 0.00638226 0.00602024 0.00579944 0.00569177 0.00566116 0.0056921 0.0057977 0.00600046 0.0062995 0.00671644 0.00724282 0.00789077 0.0086819 0.00962327 0.0107005 0.0119117 0.0132429 0.0146842 0.0162306 0.017838 0.0194467 0.0210123 0.0224993 0.0238537 0.0250213 0.0259047 0.02642 0.0265001 0.0261099 0.0251986 0.0237189 0.0216625 0.0190241 0.0158219 0.0120983 0.00790149 0.00331736 -0.00152237 -0.00650549 -0.0115212 -0.0164554 -0.0211547 -0.0254928 -0.0293711 -0.0326873 -0.0353796 -0.037385 -0.0386783 -0.0392687 -0.0391878 -0.0384718 -0.0371699 -0.0353916 -0.033246 -0.0308133 -0.0281864 -0.0254738 -0.0227585 -0.0200874 -0.0175167 -0.0151129 -0.0129075 -0.0109116 -0.00914302 -0.00761251 -0.00630917 -0.00521078 -0.0043006 -0.00356271 -0.00297534 -0.00252211 -0.00219555 -0.00198662 
0 0.000431764 0.000878423 0.00137783 0.00195426 0.00263535 0.00343957 0.00440268 0.005557 0.00691755 0.00851021 0.0103491 0.0124342 0.0147528 0.0172795 0.0199872 0.0228396 0.025777 0.0287383 0.0316393 0.0344068 0.0369487 0.0391459 0.0409213 0.0421818 0.0428733 0.0429159 0.0422702 0.0409417 0.0389052 0.0362009 0.0328597 0.0289781 0.0246467 0.0199505 0.0149991 0.0098893 0.004749 -0.000307945 -0.00518102 -0.00976994 -0.0139648 -0.0177098 -0.0209483 -0.0236741 -0.0258535 -0.0274679 -0.0285334 -0.0290678 -0.0291391 -0.028783 -0.0280483 -0.0269906 -0.025689 -0.0241957 -0.0225881 -0.0208926 -0.0191664 -0.0174604 -0.0158113 -0.0142534 -0.0127963 -0.0114512 -0.0102366 -0.00916441 -0.0082137 -0.00738068 -0.00660905 -0.00589632 -0.00521451 -0.00453459 -0.00380155 -0.00296139 -0.00192315 -0.000663828 0.000840156 0.00254826 0.0043846 0.00625832 0.00804434 0.00954527 0.0105757 0.0109672 0.0105767 0.00933444 0.00725142 0.00443923 0.00107546 -0.00262693 -0.00644792 -0.0101398 -0.0135199 -0.0164404 -0.0187993 -0.0205596 -0.0217888 -0.0225457 -0.022942 -0.0231069 -0.0231438 -0.0230942 -0.0230194 -0.0228879 -0.0226233 -0.0221291 -0.0213027 -0.019996 -0.0181413 -0.0157058 -0.0127055 -0.00921604 -0.00540573 -0.00144768 0.00243931 0.00602919 0.00911704 0.0115572 0.0132507 0.0141779 0.0143772 0.0139747 0.0131581 0.0120884 0.0109205 0.00979765 0.00880898 0.00799553 0.00739533 0.00697924 0.00673748 0.00662761 0.0066197 0.0066993 0.00689029 0.0071782 0.00759315 0.00811723 0.00876295 0.00954604 0.0104897 0.0115941 0.0128576 0.0142434 0.0157361 0.0173259 0.0189813 0.0206779 0.02234 0.0239167 0.0253535 0.0266023 0.027589 0.0282535 0.0284977 0.0282887 0.0275781 0.0263261 0.0245143 0.0221195 0.0191688 0.0156807 0.0116952 0.0072669 0.00248554 -0.00253811 -0.00767205 -0.0128343 -0.0178971 -0.0227453 -0.027264 -0.0313334 -0.0348822 -0.0378016 -0.0400503 -0.0415849 -0.0424104 -0.0425577 -0.0420381 -0.040912 -0.0392544 -0.0371648 -0.0347284 -0.0320368 -0.0292009 -0.0263104 -0.0234268 -0.0206189 -0.0179462 -0.0154555 -0.0131748 -0.011123 -0.00932884 -0.0077762 -0.00646084 -0.005363 -0.00446252 -0.00375036 -0.00319355 -0.00279624 -0.00253644 
0 0.000557401 0.00114475 0.00178319 0.00251639 0.00336084 0.00435769 0.00553166 0.00691755 0.00853827 0.0104057 0.0125269 0.0148903 0.0174788 0.0202551 0.0231913 0.0262313 0.0293217 0.0323708 0.0353069 0.0380372 0.0404602 0.0424973 0.0440456 0.0450666 0.045476 0.0452463 0.0443428 0.0427498 0.0404979 0.0375982 0.0341292 0.0301583 0.0257839 0.0210821 0.0161408 0.011054 0.00593934 0.000880745 -0.00402219 -0.00867697 -0.0130216 -0.0169536 -0.0204536 -0.0234584 -0.0259509 -0.0279095 -0.0293256 -0.0302405 -0.0306751 -0.03065 -0.0302142 -0.0293976 -0.0282672 -0.0269165 -0.0253698 -0.0237101 -0.0219654 -0.0201907 -0.0184399 -0.0167415 -0.0151247 -0.0136177 -0.0122278 -0.0109817 -0.00986527 -0.00885077 -0.00792776 -0.00704964 -0.00620577 -0.00536453 -0.00446821 -0.00344131 -0.00223221 -0.000780282 0.000908598 0.00281565 0.00488103 0.00697904 0.00893032 0.0105825 0.0117135 0.0121025 0.0116137 0.0101893 0.00785921 0.00474566 0.00100715 -0.00310598 -0.00732522 -0.0114338 -0.0151928 -0.0184207 -0.0210531 -0.0230465 -0.0244103 -0.02526 -0.025717 -0.0258982 -0.0259286 -0.0259029 -0.0258277 -0.0256655 -0.0253623 -0.0248001 -0.0238267 -0.0223591 -0.0202995 -0.01757 -0.0142245 -0.0103625 -0.00611193 -0.00170749 0.00261302 0.0066301 0.0101062 0.0128623 0.0147759 0.0158181 0.0160795 0.0156899 0.0147984 0.0136314 0.0123701 0.0111394 0.0100346 0.00913269 0.00844665 0.00799499 0.00774207 0.0076459 0.0076834 0.00784522 0.00810931 0.00851178 0.00903842 0.00968755 0.0104789 0.0114105 0.012508 0.0137812 0.0151983 0.0167382 0.0183651 0.0200421 0.0217685 0.0234669 0.0251078 0.0266118 0.0279111 0.0289616 0.0296897 0.0300261 0.0299378 0.0293668 0.0282935 0.026695 0.0245319 0.021832 0.0185947 0.0148858 0.0107329 0.00619502 0.00135454 -0.00369472 -0.00885041 -0.0140076 -0.0190703 -0.0239402 -0.028499 -0.0326724 -0.0363452 -0.0394568 -0.0419179 -0.0436991 -0.0447979 -0.0452044 -0.044959 -0.0440804 -0.0426452 -0.0407157 -0.038379 -0.0357254 -0.0328551 -0.0298646 -0.0268373 -0.0238453 -0.0209488 -0.0182116 -0.0156611 -0.0133468 -0.0112755 -0.00946932 -0.00791715 -0.00660665 -0.0055368 -0.00466961 -0.00401182 -0.00352281 -0.00321128 
0 0.000711985 0.00146223 0.0022759 0.00318749 0.00423103 0.00545001 0.0068649 0.00851021 0.0104057 0.012553 0.0149496 0.0175713 0.0204047 0.0233965 0.0265053 0.0296792 0.0328283 0.0358847 0.0387443 0.0413255 0.0435357 0.0452881 0.0465499 0.0472317 0.0473168 0.0467731 0.0455796 0.043759 0.0413036 0.0383048 0.0347827 0.0308236 0.0265132 0.0219005 0.0170891 0.0121488 0.00718503 0.00226376 -0.00254056 -0.00715667 -0.0115204 -0.0155789 -0.0192412 -0.0224899 -0.0252771 -0.0275697 -0.0293801 -0.0306937 -0.031535 -0.0318943 -0.0318192 -0.0313237 -0.0304821 -0.0293407 -0.027972 -0.0264038 -0.0247072 -0.0229397 -0.0211392 -0.0193669 -0.0176488 -0.0159957 -0.014443 -0.013022 -0.0116948 -0.0105086 -0.00939515 -0.00834724 -0.00733765 -0.00631851 -0.00521952 -0.00401567 -0.00259524 -0.000944545 0.000965282 0.00309367 0.00535664 0.00764435 0.00979925 0.0115744 0.0127433 0.0131211 0.0125598 0.0109757 0.00839022 0.00495897 0.000870711 -0.00361427 -0.00823941 -0.0127246 -0.0168411 -0.0204039 -0.0233016 -0.0254586 -0.0269796 -0.0279325 -0.0284363 -0.0286624 -0.0287336 -0.028671 -0.0285814 -0.0284055 -0.0280469 -0.027405 -0.0263477 -0.0246946 -0.0223942 -0.0193911 -0.0157247 -0.0114764 -0.00682925 -0.00199298 0.00277387 0.00720954 0.0110351 0.0140836 0.0162341 0.0174511 0.0177806 0.017377 0.016465 0.0152343 0.0138594 0.0125114 0.0113068 0.0103095 0.00957781 0.00908261 0.00884231 0.00878998 0.008891 0.00912491 0.00949613 0.00998612 0.0106512 0.0114419 0.0123936 0.0135007 0.0147603 0.0161672 0.017718 0.0193553 0.0210587 0.0227962 0.0245062 0.026155 0.0276739 0.029003 0.0300703 0.0308409 0.0312248 0.0312007 0.0307072 0.0297467 0.0282834 0.0263095 0.0238317 0.0208352 0.0173788 0.0135127 0.00927857 0.00474262 -2.54781e-05 -0.00497563 -0.0100003 -0.0150423 -0.0199815 -0.0247567 -0.029271 -0.0334202 -0.0371647 -0.0403816 -0.0430328 -0.0450553 -0.0464259 -0.0471422 -0.0471956 -0.046642 -0.0455 -0.0438242 -0.0416937 -0.039179 -0.036377 -0.0333765 -0.0302789 -0.027169 -0.0241022 -0.0211561 -0.0183773 -0.0158055 -0.0134747 -0.0114008 -0.00960172 -0.00806909 -0.00679825 -0.00577777 -0.00498549 -0.00440985 -0.00403544 
0 0.000897315 0.00184664 0.0028621 0.00399094 0.00526497 0.00674119 0.0084266 0.0103491 0.0125269 0.0149496 0.0176018 0.0204576 0.0234947 0.0266496 0.0298747 0.0330907 0.0362245 0.0391758 0.0418672 0.0442079 0.0461076 0.0475316 0.0484178 0.0487384 0.0484434 0.0475574 0.0460787 0.0440155 0.0414249 0.0383576 0.034869 0.0310014 0.0268384 0.0224279 0.0178517 0.0131707 0.00847144 0.00377912 -0.00083612 -0.0053086 -0.00962202 -0.0136798 -0.0174476 -0.02086 -0.0238955 -0.0265133 -0.0286852 -0.0304088 -0.0316641 -0.0324369 -0.0327811 -0.032689 -0.0321991 -0.0313833 -0.030245 -0.0288699 -0.0273047 -0.0256164 -0.0238558 -0.0220698 -0.0202872 -0.018537 -0.0168407 -0.0152498 -0.0137525 -0.0123674 -0.0110801 -0.00984057 -0.00863424 -0.00741579 -0.00611933 -0.00468516 -0.00305645 -0.00117754 0.000948273 0.00329907 0.00579594 0.00828858 0.0105621 0.0124433 0.013679 0.0140322 0.0133647 0.011616 0.00881233 0.00510649 0.00066634 -0.00420853 -0.00920799 -0.0140723 -0.0185215 -0.0223453 -0.0254818 -0.0278605 -0.0295182 -0.0305753 -0.031159 -0.0314121 -0.0314779 -0.0314391 -0.0313362 -0.0311116 -0.0307024 -0.0299851 -0.0287836 -0.0269862 -0.0244993 -0.021217 -0.0172124 -0.0125975 -0.00752788 -0.0022768 0.00287928 0.00769524 0.0118799 0.0152425 0.0176289 0.0189943 0.0194354 0.0190952 0.0181361 0.016823 0.0153645 0.0139239 0.0126231 0.0115608 0.0107663 0.0102667 0.0100389 0.0100292 0.0102093 0.0105588 0.0110354 0.0116696 0.0124659 0.013407 0.014527 0.0157964 0.0172062 0.0187439 0.020377 0.0220714 0.0237981 0.0255022 0.0271515 0.0286483 0.0299697 0.0310326 0.031776 0.0321826 0.0321759 0.0317215 0.0308145 0.0294244 0.0275539 0.0252259 0.0224357 0.0192266 0.0156122 0.0116782 0.00744786 0.00299347 -0.0016188 -0.00636123 -0.0111668 -0.0159669 -0.0206835 -0.0252647 -0.0296122 -0.0336714 -0.037365 -0.0406404 -0.0434188 -0.0456594 -0.0473214 -0.0483509 -0.0487681 -0.0485757 -0.0478002 -0.0464541 -0.0446128 -0.0423389 -0.0396991 -0.0367834 -0.0337 -0.03054 -0.0273643 -0.0242633 -0.0212876 -0.0185001 -0.0159176 -0.0135934 -0.0115445 -0.00977501 -0.00830102 -0.00709198 -0.00616524 -0.00547696 -0.00503813 
0 0.0011228 0.0023061 0.00356466 0.00494552 0.00648855 0.00825101 0.0102267 0.0124342 0.0148903 0.0175713 0.0204576 0.023507 0.0266999 0.0299608 0.0332233 0.0364112 0.0394259 0.0421913 0.0446165 0.0466316 0.0481639 0.0491797 0.0496646 0.0495634 0.0488787 0.0476448 0.0458857 0.0436366 0.040937 0.0378756 0.0344698 0.0307632 0.0268287 0.0227017 0.018454 0.0141219 0.009757 0.00537398 0.00102589 -0.00323227 -0.00738444 -0.0113825 -0.015161 -0.0186887 -0.0219241 -0.0248105 -0.0273184 -0.0294129 -0.0310718 -0.0322765 -0.0330683 -0.0334248 -0.0333701 -0.0329319 -0.0321403 -0.0310411 -0.0296996 -0.0281759 -0.0265063 -0.0247553 -0.022966 -0.02116 -0.0193837 -0.0176802 -0.0160223 -0.0144635 -0.0129678 -0.0115162 -0.0100976 -0.00866093 -0.00713494 -0.00548429 -0.0036132 -0.00149076 0.000888652 0.00347465 0.00616974 0.00883262 0.0112672 0.0132364 0.0144911 0.014824 0.0140837 0.012176 0.00912958 0.00512134 0.000355589 -0.00485773 -0.0102075 -0.0153997 -0.0201599 -0.0242789 -0.0276531 -0.0302005 -0.0320094 -0.0331747 -0.0338195 -0.0341236 -0.0342225 -0.0341609 -0.0340343 -0.0337818 -0.0333084 -0.0325033 -0.0311999 -0.0292283 -0.0265151 -0.0229794 -0.0186762 -0.0137079 -0.00826029 -0.00260081 0.00297376 0.00817615 0.0126892 0.0163252 0.0189508 0.0205138 0.0210706 0.020772 0.0198308 0.0184824 0.0169381 0.0154 0.0140229 0.0129036 0.0120922 0.0115805 0.0113756 0.0114175 0.0116781 0.0121387 0.0127686 0.0135557 0.0145249 0.015624 0.0168864 0.01829 0.0198053 0.0214167 0.0230982 0.0247919 0.0264729 0.0280887 0.0295693 0.0308506 0.0318815 0.0325975 0.0329453 0.0329199 0.0324609 0.0315665 0.0302237 0.02843 0.0261814 0.0235196 0.0204848 0.0171025 0.0134218 0.00949591 0.00534838 0.00105166 -0.00333692 -0.00780653 -0.0123012 -0.0167835 -0.0211848 -0.0254836 -0.0296047 -0.0334812 -0.0370831 -0.0403326 -0.0431924 -0.0456111 -0.0475292 -0.0488904 -0.0496703 -0.0498856 -0.0495129 -0.0485568 -0.0470817 -0.045129 -0.0427524 -0.0400179 -0.03704 -0.0339099 -0.0306939 -0.0274919 -0.0243703 -0.0213957 -0.0186002 -0.0160405 -0.0137523 -0.0117502 -0.010055 -0.00865756 -0.00756841 -0.00676571 -0.00624986 
0 0.00138692 0.00284184 0.00438217 0.00605336 0.00790077 0.00997406 0.0122556 0.0147528 0.0174788 0.0204047 0.0234947 0.0266999 0.0299908 0.0332848 0.036502 0.0395581 0.0423612 0.0448364 0.0469121 0.0485301 0.0496337 0.050211 0.0502537 0.0497325 0.0486652 0.0471169 0.0451302 0.0427376 0.0399917 0.036973 0.0337028 0.0302124 0.0265648 0.022788 0.0189252 0.0149883 0.0110038 0.00697322 0.00294637 -0.00103049 -0.00496409 -0.00881834 -0.0125447 -0.0161043 -0.0194577 -0.0225454 -0.0253271 -0.0277643 -0.0298174 -0.0314558 -0.0327027 -0.0335219 -0.0339151 -0.033909 -0.033519 -0.0327884 -0.0317637 -0.0304897 -0.0289978 -0.0273572 -0.0256225 -0.023829 -0.0220204 -0.0202357 -0.0184575 -0.0167334 -0.0150505 -0.0133915 -0.0117491 -0.0100767 -0.00830601 -0.00639268 -0.00426549 -0.00189138 0.000727379 0.00354443 0.00645732 0.00930435 0.0118688 0.0139273 0.0152168 0.0155068 0.0146482 0.012569 0.00930771 0.00504005 -2.48668e-05 -0.00556188 -0.0112385 -0.0167485 -0.0217991 -0.0261718 -0.0297689 -0.0325104 -0.034462 -0.0357295 -0.0364452 -0.0367851 -0.0368966 -0.0368463 -0.0367061 -0.0364138 -0.0358781 -0.0349766 -0.0335358 -0.0314019 -0.0284872 -0.0247001 -0.0200977 -0.0147944 -0.00898081 -0.00294259 0.00300902 0.00857824 0.0134395 0.0173806 0.0202448 0.0219815 0.0226674 0.0224523 0.0215318 0.0201635 0.0185779 0.0169854 0.01555 0.0143845 0.0135447 0.0130421 0.0128704 0.0129783 0.0133405 0.0139352 0.0147194 0.015677 0.0168054 0.0180526 0.0194386 0.0209366 0.0225167 0.0241592 0.0258293 0.0274628 0.0290219 0.0304435 0.0316637 0.0326221 0.0332887 0.0336027 0.0335184 0.0330325 0.0321029 0.0307451 0.0289755 0.026795 0.0242115 0.02128 0.0180524 0.0145763 0.0108964 0.00705979 0.0030762 -0.000992321 -0.00509715 -0.00923766 -0.0133734 -0.017473 -0.0214983 -0.0254495 -0.0292754 -0.0329292 -0.0363792 -0.0395669 -0.0424561 -0.0450075 -0.0471532 -0.0488174 -0.049968 -0.0505935 -0.050651 -0.0501226 -0.0490616 -0.0474987 -0.0454616 -0.0430021 -0.0402224 -0.0372088 -0.0340321 -0.0307965 -0.0275826 -0.0244681 -0.0214951 -0.0187308 -0.0162201 -0.0139919 -0.0120796 -0.0104857 -0.00923168 -0.00830382 -0.00770739 
0 0.00169844 0.00346987 0.00533481 0.00733424 0.00951396 0.0119115 0.0145012 0.0172795 0.0202551 0.0233965 0.0266496 0.0299608 0.0332848 0.0365339 0.0396201 0.0424536 0.0449621 0.0470705 0.0487333 0.0499014 0.0505342 0.0506455 0.0502273 0.0492954 0.0478757 0.0460605 0.043902 0.0414178 0.0386795 0.0357465 0.0326591 0.029431 0.0261092 0.0227134 0.0192553 0.0157333 0.0121564 0.00851923 0.00486271 0.00121796 -0.00244764 -0.00609816 -0.00970736 -0.0132192 -0.0166066 -0.0198207 -0.0228123 -0.0255448 -0.0279531 -0.0299955 -0.0316733 -0.0329484 -0.0338012 -0.0342636 -0.0343233 -0.0340235 -0.0333847 -0.032437 -0.0312133 -0.0297773 -0.0281859 -0.0264816 -0.0246984 -0.0228707 -0.0210084 -0.0191438 -0.0172998 -0.0154517 -0.0135923 -0.0116765 -0.00965068 -0.00745932 -0.00506594 -0.00242341 0.000450508 0.00350737 0.0066407 0.00967603 0.0123691 0.0144991 0.0157953 0.016026 0.0150532 0.0128135 0.00934961 0.00483836 -0.000495616 -0.00632426 -0.0122971 -0.0181042 -0.0234343 -0.0280555 -0.0318579 -0.0347777 -0.0368576 -0.0382257 -0.0390214 -0.0394105 -0.0395374 -0.0394964 -0.0393297 -0.0389917 -0.0383945 -0.0374025 -0.0358258 -0.0335267 -0.0303968 -0.0263573 -0.0214677 -0.015854 -0.00970156 -0.00330931 0.00300531 0.00892632 0.0141223 0.0183636 0.0214844 0.0234209 0.0242538 0.0241358 0.0232585 0.0218998 0.0202991 0.0186718 0.0171973 0.0160076 0.0151542 0.0146779 0.0145556 0.01475 0.0152287 0.0159609 0.0168868 0.0179999 0.0192629 0.0206418 0.0221312 0.0236943 0.0252937 0.0269029 0.0284775 0.0299649 0.0313147 0.032456 0.0333369 0.0338948 0.0341317 0.0339956 0.0334551 0.0325011 0.03111 0.029303 0.0271354 0.0246108 0.0217581 0.0186355 0.0152898 0.01179 0.00816707 0.00447271 0.00070975 -0.00307244 -0.00684166 -0.0106073 -0.0143516 -0.0180377 -0.0216586 -0.0252269 -0.0287186 -0.0321176 -0.0353769 -0.0384664 -0.0413361 -0.0439634 -0.0462797 -0.0481963 -0.0496873 -0.0507059 -0.0511997 -0.0511247 -0.0505162 -0.049396 -0.0477648 -0.0456624 -0.0431718 -0.0403667 -0.037317 -0.0341255 -0.0308842 -0.0276851 -0.0245811 -0.0216515 -0.0189471 -0.0165131 -0.014397 -0.0126109 -0.0111912 -0.0101309 -0.00944712 
0 0.00205881 0.00419128 0.00642076 0.00878147 0.0113135 0.0140432 0.0169397 0.0199872 0.0231913 0.0265053 0.0298747 0.0332233 0.036502 0.0396201 0.0424772 0.0450136 0.0471418 0.0488354 0.0500366 0.0507215 0.0508786 0.0505091 0.0496683 0.0483496 0.0466393 0.0446104 0.042317 0.039796 0.0370874 0.0342876 0.0314102 0.0284736 0.025497 0.0224872 0.0194383 0.0163483 0.0131935 0.00998179 0.00672269 0.00342001 6.59062e-05 -0.00335712 -0.00677259 -0.010169 -0.0135106 -0.0167628 -0.0198928 -0.0228369 -0.0255248 -0.0279162 -0.0299837 -0.0316937 -0.0330253 -0.0339526 -0.0345024 -0.0346592 -0.0344588 -0.0339149 -0.0330459 -0.0319049 -0.0305502 -0.0289991 -0.0273081 -0.0255048 -0.0236053 -0.0216712 -0.0197015 -0.0176945 -0.0156341 -0.0134782 -0.0111774 -0.00871947 -0.00603772 -0.00312287 2.37362e-05 0.00333384 0.00668459 0.00988709 0.0127244 0.0149042 0.0161809 0.0163572 0.0152867 0.0128921 0.00924054 0.00449908 -0.00107809 -0.00716908 -0.0134215 -0.0194879 -0.0250624 -0.0299233 -0.0339186 -0.0369923 -0.0392168 -0.0406903 -0.0415516 -0.0419943 -0.0421548 -0.0421038 -0.0419129 -0.0415398 -0.0408646 -0.0397621 -0.0380665 -0.035595 -0.0322463 -0.0279758 -0.0228146 -0.0168909 -0.0104226 -0.00369505 0.00296636 0.00921884 0.0147361 0.0192595 0.0226415 0.0248168 0.0258226 0.0258089 0.0250239 0.0237026 0.0221049 0.0204658 0.0189828 0.0177813 0.0169489 0.0164929 0.016434 0.016726 0.0173287 0.0181948 0.0192724 0.0205044 0.0218806 0.0233486 0.0248925 0.0264822 0.028046 0.029549 0.0309509 0.0321949 0.0332421 0.034042 0.034508 0.0346356 0.0343918 0.0337726 0.0327594 0.0313392 0.0295082 0.0273067 0.0247809 0.0219807 0.0189319 0.0156901 0.012328 0.00886364 0.00536905 0.00185034 -0.00166179 -0.00512766 -0.00853793 -0.0119082 -0.0152394 -0.0185115 -0.0217173 -0.0248838 -0.0280239 -0.0311156 -0.0341622 -0.0370962 -0.0399099 -0.0425619 -0.0449838 -0.0471148 -0.0488869 -0.0502814 -0.0511928 -0.0515809 -0.0514485 -0.0507949 -0.0496197 -0.0479298 -0.0458044 -0.0432937 -0.0404632 -0.0374046 -0.0342185 -0.0310015 -0.0278312 -0.0247851 -0.0219303 -0.0193264 -0.017025 -0.0150669 -0.0134782 -0.0122878 -0.011508 
0 0.00247285 0.00500968 0.0076444 0.0103877 0.0132881 0.0163454 0.0195384 0.0228396 0.0262313 0.0296792 0.0330907 0.0364112 0.0395581 0.0424536 0.0450136 0.0471611 0.0488725 0.0500883 0.0508042 0.0509903 0.0506552 0.0498542 0.0486054 0.0469848 0.0450336 0.0428495 0.0404845 0.0379545 0.0353456 0.032701 0.0300668 0.0274295 0.0247884 0.0221538 0.0195098 0.0168397 0.0141212 0.0113277 0.00846225 0.00552104 0.00246917 -0.000660858 -0.00385863 -0.00707606 -0.0103082 -0.0135366 -0.0167068 -0.0197668 -0.0226459 -0.0253023 -0.0277097 -0.0298304 -0.0315963 -0.0330065 -0.0340198 -0.0346643 -0.0349411 -0.0348469 -0.0344002 -0.0336286 -0.0325628 -0.0312564 -0.0297327 -0.0280225 -0.0261844 -0.0242222 -0.0221868 -0.0200571 -0.0178154 -0.0154365 -0.0128964 -0.0101372 -0.00717309 -0.00396636 -0.00055262 0.00300569 0.00657321 0.00994512 0.0128601 0.0151011 0.0164022 0.0165233 0.0153319 0.0128001 0.00897712 0.0040267 -0.0017819 -0.00811607 -0.0146025 -0.0208995 -0.0266911 -0.0317411 -0.0359161 -0.0391773 -0.0415266 -0.0430994 -0.0440538 -0.044539 -0.0447036 -0.0446811 -0.0444641 -0.044026 -0.0432801 -0.042069 -0.0402091 -0.0375803 -0.034045 -0.0295466 -0.0241238 -0.0179158 -0.0111308 -0.0040765 0.00290892 0.00947092 0.0152943 0.0201187 0.023755 0.0261385 0.0273497 0.0275293 0.0268513 0.0255992 0.0240446 0.0224271 0.0209488 0.019765 0.0189415 0.0185495 0.0185502 0.0189305 0.0196495 0.0206465 0.0218401 0.0231958 0.0246296 0.0261385 0.0276785 0.0292027 0.0306594 0.0319825 0.0331204 0.0340476 0.0347192 0.0350903 0.035124 0.0347662 0.0340396 0.0329228 0.0314287 0.0295596 0.0273358 0.0247937 0.022009 0.0190062 0.0158414 0.012572 0.00924096 0.00591021 0.00258147 -0.000709631 -0.00394511 -0.00708867 -0.0101282 -0.0130952 -0.0160157 -0.0188693 -0.0216775 -0.024456 -0.0272286 -0.0300219 -0.0327987 -0.0355655 -0.0382716 -0.0409005 -0.0433907 -0.0456554 -0.0476781 -0.0493759 -0.0506828 -0.0515174 -0.051855 -0.0516937 -0.050991 -0.0497694 -0.0480625 -0.0459214 -0.0433969 -0.0405594 -0.0375164 -0.0343614 -0.0311909 -0.0280907 -0.0251375 -0.0224073 -0.0199612 -0.01785 -0.0161173 -0.0148019 -0.0139347 
0 0.00293755 0.00592686 0.00899148 0.0121446 0.0154105 0.0187896 0.0222584 0.025777 0.0293217 0.0328283 0.0362245 0.0394259 0.0423612 0.0449621 0.0471418 0.0488725 0.050102 0.0508339 0.0510379 0.0507206 0.0499334 0.048711 0.0471428 0.0452529 0.0431374 0.0408564 0.0384631 0.0360083 0.0335319 0.0310989 0.0287146 0.0263705 0.024051 0.0217681 0.019497 0.0172323 0.0149021 0.0125075 0.0100234 0.00742737 0.0047315 0.00189481 -0.00102305 -0.00403507 -0.00711274 -0.0102395 -0.0133769 -0.0164622 -0.0194384 -0.0222929 -0.0249648 -0.027416 -0.0295866 -0.0314063 -0.0328953 -0.0340175 -0.0347873 -0.0351743 -0.0351814 -0.0348165 -0.0341285 -0.0331323 -0.0318737 -0.0303582 -0.0286276 -0.0267168 -0.0246517 -0.022443 -0.0200751 -0.0175177 -0.014739 -0.0117394 -0.00848004 -0.00498275 -0.00128543 0.00251323 0.00627075 0.00977854 0.0128296 0.0151026 0.0163743 0.0164591 0.0152016 0.0125276 0.00853531 0.00338455 -0.00261677 -0.00914813 -0.0158388 -0.0223268 -0.0283066 -0.0335583 -0.0378934 -0.0412866 -0.0437772 -0.0454635 -0.0464911 -0.0470435 -0.0472479 -0.0472048 -0.0469481 -0.0464628 -0.0456215 -0.0442891 -0.042309 -0.0395071 -0.0357545 -0.0310442 -0.0253808 -0.0189023 -0.0118364 -0.00447594 0.00283488 0.00970788 0.0158302 0.0209038 0.0248018 0.0274642 0.0289021 0.0292469 0.0287539 0.0276253 0.0261449 0.0245634 0.0231158 0.0219616 0.0212057 0.0208553 0.0209313 0.021393 0.0221941 0.0232718 0.0245613 0.0259721 0.0274475 0.0289406 0.0303943 0.0317824 0.0330261 0.034077 0.0348856 0.0354242 0.035657 0.035571 0.0350998 0.0342667 0.0330383 0.0314483 0.0295122 0.0272352 0.0246766 0.0218863 0.0189147 0.0158151 0.012617 0.00936687 0.00614843 0.00296558 -0.000124189 -0.00315555 -0.006082 -0.00888153 -0.0115608 -0.014132 -0.0166483 -0.019111 -0.0215416 -0.0239605 -0.0264074 -0.0288846 -0.0314106 -0.0339543 -0.0365275 -0.0390863 -0.0415729 -0.0439391 -0.0461154 -0.0480772 -0.0497104 -0.0509596 -0.05176 -0.0520771 -0.0518821 -0.0511492 -0.049916 -0.0482013 -0.0460539 -0.0435247 -0.0407089 -0.0377013 -0.0346061 -0.0315168 -0.028526 -0.0257239 -0.023176 -0.0209566 -0.019109 -0.0177022 -0.0167672 
0 0.00344373 0.00691103 0.0104351 0.0139997 0.0176381 0.0213192 0.0250357 0.0287383 0.0323708 0.0358847 0.0391758 0.0421913 0.0448364 0.0470705 0.0488354 0.0500883 0.0508339 0.0510466 0.0507524 0.0499631 0.0487538 0.0471988 0.0453478 0.0432779 0.0410453 0.0387267 0.0363737 0.0340263 0.0317357 0.029514 0.0273776 0.0253118 0.0232958 0.0213414 0.0194236 0.0175075 0.0155378 0.0134958 0.0113693 0.00913309 0.00677178 0.00427224 0.00163461 -0.00112596 -0.00399014 -0.00695287 -0.00997708 -0.0130129 -0.0160268 -0.0189901 -0.021845 -0.0245485 -0.0270205 -0.0292221 -0.0311233 -0.0327115 -0.0339646 -0.0348313 -0.0353166 -0.0354199 -0.0351544 -0.0345612 -0.0336352 -0.0323736 -0.0308424 -0.0290417 -0.027029 -0.0248135 -0.0223678 -0.019674 -0.0167174 -0.0134683 -0.00995765 -0.00620195 -0.00225788 0.00178228 0.0057502 0.00941794 0.0125401 0.0148599 0.0161345 0.0161443 0.0147609 0.0119819 0.0078759 0.00258998 -0.00356757 -0.0102729 -0.0171479 -0.0238134 -0.0299599 -0.035355 -0.0398338 -0.043379 -0.0459867 -0.0477736 -0.0489011 -0.049505 -0.0497238 -0.0496949 -0.0494028 -0.0488399 -0.047915 -0.0464641 -0.0443243 -0.0413588 -0.0374205 -0.0324874 -0.0265765 -0.0198353 -0.0125028 -0.00487265 0.00270789 0.00985535 0.0162751 0.0216747 0.0258596 0.0287674 0.0304499 0.0310374 0.0307175 0.0297309 0.0283692 0.0268894 0.0255127 0.0244141 0.023693 0.0234092 0.023537 0.0240556 0.024915 0.0260378 0.0273497 0.0287716 0.0301987 0.0316102 0.0329206 0.0340816 0.0350483 0.0357505 0.0361556 0.0362589 0.0360169 0.0354226 0.034456 0.0331142 0.031424 0.0294075 0.0270952 0.0244996 0.0216846 0.0187108 0.0156381 0.0125063 0.00934949 0.00620022 0.00311853 0.000151079 -0.00269385 -0.00542401 -0.00802106 -0.0104843 -0.0128146 -0.0150307 -0.0171799 -0.0192775 -0.0213608 -0.023448 -0.0255798 -0.0277761 -0.0300237 -0.0323479 -0.0347419 -0.0371851 -0.039635 -0.0420238 -0.0443206 -0.046453 -0.0483596 -0.0499625 -0.0511782 -0.0519688 -0.0522627 -0.0520498 -0.0513118 -0.0500733 -0.0483672 -0.0462208 -0.0437288 -0.0409593 -0.0380314 -0.0350338 -0.0320777 -0.0292671 -0.0266739 -0.0243928 -0.0224766 -0.0210111 -0.0200336 
