0 0 0 0 0 0 0 0 0 0 0 0 0 0 0 0 0 0 0 0 0 0 0 0 0 0 0 0 0 0 0 0 0 0 0 0 0 0 0 0 0 0 0 0 0 0 0 0 0 0 0 0 0 0 0 0 0 0 0 0 0 0 0 0 0 0 0 0 0 0 0 0 0 0 0 0 0 0 0 0 0 0 0 0 0 0 0 0 0 0 0 0 0 0 0 0 0 0 0 0 0 0 0 0 0 0 0 0 0 0 0 0 0 0 0 0 0 0 0 0 0 0 0 0 0 0 0 0 0 0 0 0 0 0 0 0 0 0 0 0 0 0 0 0 0 0 0 0 0 0 0 0 0 0 0 0 0 0 0 0 0 0 0 0 0 0 0 0 0 0 0 0 0 0 0 0 0 0 0 0 0 0 0 0 0 0 0 0 0 0 0 0 0 0 0 0 0 0 0 0 
0 0.000766441 0.00152929 0.00228696 0.00303067 0.00373877 0.00439921 0.0049985 0.0055244 0.00595413 0.00627168 0.00646726 0.00651196 0.00639125 0.00609784 0.00563648 0.00501348 0.00424775 0.00338842 0.00245221 0.00146215 0.000452063 -0.000542818 -0.00148159 -0.00234571 -0.00308188 -0.00368158 -0.00414569 -0.00446992 -0.004674 -0.00474739 -0.00471435 -0.00457517 -0.00435819 -0.00408863 -0.00377924 -0.00346955 -0.0031615 -0.00285025 -0.00254068 -0.0022494 -0.00198611 -0.00176051 -0.00156348 -0.00139826 -0.00124369 -0.00111074 -0.000993746 -0.000889572 -0.000817502 -0.000760342 -0.000708857 -0.000651314 -0.000596169 -0.00053928 -0.000502473 -0.000471005 -0.000444618 -0.00041697 -0.000392583 -0.000364983 -0.000339013 -0.00031422 -0.00029402 -0.00027736 -0.000258712 -0.000236756 -0.000200845 -0.000176771 -0.000150621 -0.000133676 -0.000127642 -0.000121101 -9.95525e-05 -8.53335e-05 -6.46259e-05 -7.05163e-05 -8.28284e-05 -9.42902e-05 -0.000123305 -0.000171027 -0.000209252 -0.000256576 -0.000294735 -0.000320299 -0.00033534 -0.000339213 -0.000329665 -0.000311378 -0.000285296 -0.000271911 -0.000281282 -0.000320446 -0.000403012 -0.000526272 -0.000676355 -0.000842417 -0.00100789 -0.00114317 -0.00123396 -0.00127145 -0.00124672 -0.00115974 -0.00102882 -0.000861423 -0.000672813 -0.000490153 -0.000330204 -0.00019825 -0.000105284 -4.30814e-05 3.57341e-06 3.62582e-05 6.424e-05 8.51209e-05 0.000103163 0.000128512 0.000155754 0.000180245 0.000215788 0.000225503 0.000221381 0.000219891 0.000211697 0.000196661 0.000200343 0.0002008 0.000217114 0.000225239 0.000227149 0.000231978 0.000240693 0.000237314 0.000247915 0.000258037 0.000274945 0.000289909 0.000299012 0.000302155 0.000312793 0.00033295 0.000355348 0.000377714 0.000389009 0.000398108 0.000409306 0.000437229 0.000468893 0.000511175 0.00055372 0.000598475 0.000635218 0.000686894 0.000746828 0.000829721 0.000937913 0.00104583 0.00116792 0.00131147 0.00149155 0.00170945 0.00196061 0.00223418 0.00252671 0.00283097 0.00315488 0.00347457 0.0037971 0.00409728 0.00433143 0.00449226 0.0045533 0.00451925 0.00436202 0.00407842 0.00365864 0.0030859 0.00237877 0.00154469 0.00062284 -0.000346358 -0.0013325 -0.00231142 -0.00325877 -0.00413104 -0.00490208 -0.00554958 -0.00604009 -0.00636705 -0.00654525 -0.00659391 -0.00652305 -0.00635326 -0.00612011 -0.00583736 -0.0055213 -0.00520321 -0.00491365 -0.00467278 -0.00449643 
0 0.00152929 0.00304996 0.00455194 0.00602438 0.00742424 0.00873071 0.00991498 0.01095 0.01179 0.0124063 0.0127733 0.0128466 0.012592 0.0120049 0.0110998 0.00987483 0.00838692 0.00669528 0.00486284 0.00291718 0.000933205 -0.00100155 -0.00284793 -0.0045255 -0.00598925 -0.00718215 -0.00811874 -0.00879093 -0.00919984 -0.00937242 -0.00931473 -0.00906911 -0.00867008 -0.00816016 -0.00756437 -0.00694852 -0.0063243 -0.00570562 -0.0050927 -0.00452547 -0.00401833 -0.00355471 -0.0031651 -0.00281013 -0.00250525 -0.00224561 -0.00201377 -0.00181118 -0.0016475 -0.00151125 -0.00139641 -0.00127915 -0.00118156 -0.00109616 -0.00101952 -0.000969949 -0.000897642 -0.000836886 -0.000787824 -0.000733015 -0.000686455 -0.000643079 -0.000586888 -0.000552378 -0.000517282 -0.000478707 -0.000432741 -0.000379407 -0.000333258 -0.000299531 -0.000265794 -0.000221069 -0.000187901 -0.000171107 -0.000159276 -0.000154608 -0.000173743 -0.00021313 -0.000271525 -0.000329213 -0.000413259 -0.000508462 -0.00058366 -0.000641954 -0.000680951 -0.000674463 -0.000653514 -0.000618744 -0.000578352 -0.000551527 -0.000562664 -0.000639678 -0.000806157 -0.00104751 -0.00136189 -0.00170288 -0.00201948 -0.0022877 -0.00247576 -0.00254207 -0.00249757 -0.00233476 -0.00205941 -0.00171512 -0.00134635 -0.000980133 -0.000663504 -0.000407489 -0.000218092 -8.37595e-05 8.30512e-06 6.95512e-05 0.000116579 0.000172498 0.000215179 0.000262101 0.000316726 0.00036356 0.000398742 0.000432242 0.000443452 0.000433466 0.000410553 0.000411097 0.000418608 0.000414993 0.000409432 0.0004151 0.00042864 0.000447752 0.00046273 0.000480416 0.000495379 0.000514604 0.000542496 0.000563551 0.00059298 0.00060609 0.000622291 0.000659804 0.000695095 0.000730823 0.000777441 0.000801899 0.000854128 0.000910269 0.000963022 0.0010316 0.00110485 0.00119083 0.00128773 0.00139696 0.00152904 0.00169473 0.00189762 0.00213132 0.00237632 0.00268695 0.0030467 0.00347014 0.00395407 0.00448233 0.00505672 0.00566915 0.00630505 0.00693179 0.00754906 0.00810942 0.00856594 0.00885969 0.00898876 0.00890461 0.00857863 0.00800096 0.00714189 0.00601493 0.00461512 0.00299219 0.00118717 -0.000716335 -0.00265498 -0.00458713 -0.00644432 -0.00815314 -0.00966126 -0.0109329 -0.0119086 -0.0125747 -0.012949 -0.0130743 -0.0129539 -0.012642 -0.0121989 -0.0116544 -0.0110512 -0.010432 -0.00988029 -0.00941114 -0.00907474 
0 0.00228696 0.00455194 0.00677871 0.00894854 0.0110103 0.0129314 0.0146684 0.0161781 0.017394 0.0182689 0.0187748 0.0188409 0.018438 0.0175606 0.0162293 0.0144589 0.012291 0.00984209 0.00716382 0.00433336 0.00146045 -0.00134898 -0.00399736 -0.00644521 -0.00857223 -0.010349 -0.0117612 -0.0127775 -0.0134296 -0.0137024 -0.0136711 -0.0133583 -0.0128331 -0.012142 -0.0113018 -0.0104101 -0.00949771 -0.00858457 -0.00770156 -0.00688487 -0.00613602 -0.00545815 -0.0048371 -0.0043001 -0.00382249 -0.00343115 -0.00309314 -0.00277806 -0.00252189 -0.0022982 -0.00210594 -0.00193264 -0.00179505 -0.00166307 -0.00156457 -0.001459 -0.00135143 -0.00124966 -0.00117573 -0.00110925 -0.00104618 -0.000971282 -0.000891775 -0.000820356 -0.000759422 -0.000711335 -0.000643468 -0.000597072 -0.000526526 -0.000454183 -0.000395229 -0.000340098 -0.000272788 -0.000248567 -0.000226159 -0.000263905 -0.000304448 -0.000329348 -0.000390901 -0.000503229 -0.00061089 -0.000753172 -0.000877042 -0.000962891 -0.0010092 -0.00101389 -0.000978495 -0.000921166 -0.000851188 -0.000819752 -0.000854493 -0.000977675 -0.00122501 -0.00159212 -0.00204544 -0.00254893 -0.00304772 -0.00345745 -0.00372989 -0.00383512 -0.00375313 -0.00348913 -0.00309261 -0.00259201 -0.00203306 -0.00148705 -0.00100378 -0.000604964 -0.000320404 -0.000131337 2.71642e-06 9.60717e-05 0.000179347 0.00025177 0.000320481 0.000402994 0.000479699 0.00053754 0.000612543 0.000630782 0.000627858 0.00064417 0.000650578 0.000634638 0.00064042 0.000616329 0.000619288 0.000614541 0.000620242 0.000658384 0.000714278 0.000732642 0.000761833 0.000774753 0.000804065 0.000843302 0.000884928 0.000916679 0.000955746 0.00100244 0.00104692 0.00110143 0.00115491 0.00122218 0.00129825 0.00139295 0.00146866 0.00155776 0.00166314 0.00180559 0.00195775 0.00214867 0.00234597 0.00258617 0.00289521 0.00323554 0.00364345 0.00412301 0.00468241 0.0053134 0.00601605 0.0067886 0.00763754 0.00853785 0.00947667 0.0103722 0.0112345 0.012014 0.0126207 0.0130336 0.0131754 0.0130262 0.0125022 0.011597 0.010307 0.00861862 0.00658641 0.00422526 0.00161542 -0.00114822 -0.00397909 -0.00679138 -0.00949622 -0.0119721 -0.0141598 -0.0160155 -0.0174617 -0.018475 -0.0190787 -0.0193104 -0.0191893 -0.0187747 -0.0181652 -0.0174083 -0.0165572 -0.0157002 -0.0149234 -0.0142782 -0.0138113 
0 0.00303067 0.00602438 0.00894854 0.0117828 0.0144633 0.0169492 0.0191848 0.0211103 0.0226406 0.0237206 0.0243059 0.0243319 0.0237608 0.0226032 0.0208921 0.0186258 0.0158795 0.012747 0.00933571 0.00572496 0.00206386 -0.00149351 -0.00488029 -0.0079905 -0.0107488 -0.0130632 -0.0149279 -0.0163076 -0.017195 -0.0176326 -0.0176583 -0.017349 -0.0167631 -0.0159523 -0.0149439 -0.0138425 -0.0126906 -0.0115353 -0.010398 -0.00933686 -0.00836064 -0.00744004 -0.00662192 -0.00587749 -0.00524031 -0.00470703 -0.00423791 -0.00381646 -0.00345612 -0.00314495 -0.00288189 -0.00263812 -0.00243982 -0.0022661 -0.00210657 -0.00197826 -0.00182105 -0.00168819 -0.0015864 -0.00148762 -0.00139932 -0.00130897 -0.00119557 -0.0011103 -0.00102969 -0.000949595 -0.000859968 -0.000764546 -0.000675705 -0.000602604 -0.000530866 -0.000446427 -0.000381632 -0.000348998 -0.000329294 -0.000330233 -0.000367442 -0.000434174 -0.000537237 -0.000654201 -0.000814821 -0.000996321 -0.00114565 -0.00125706 -0.00132443 -0.00131334 -0.00126957 -0.00120099 -0.00112697 -0.00108662 -0.00112769 -0.00129777 -0.00163868 -0.00213014 -0.00275559 -0.00343279 -0.0040705 -0.00460531 -0.0049742 -0.0051081 -0.0050127 -0.0046804 -0.00413493 -0.00344974 -0.00270905 -0.00197643 -0.00133568 -0.000814642 -0.000429513 -0.000158814 2.49879e-05 0.0001482 0.000243504 0.000348471 0.000437151 0.000535009 0.000642764 0.000736738 0.000810731 0.000869647 0.000889539 0.000879017 0.000848691 0.000847814 0.000858555 0.000849931 0.000839139 0.000845414 0.000868836 0.000908932 0.000947108 0.000981099 0.00100859 0.00103873 0.00108518 0.00113148 0.00119449 0.00123615 0.00128056 0.00134744 0.00140778 0.00147132 0.00155709 0.00162715 0.00174256 0.00186331 0.00197107 0.00209956 0.00224879 0.002441 0.00266916 0.00292593 0.0032118 0.00354862 0.00395806 0.00444281 0.00498684 0.00565371 0.00640503 0.00724768 0.00817995 0.00919282 0.0102969 0.0114669 0.012653 0.0137769 0.0148275 0.0157411 0.0164511 0.016877 0.0169934 0.0167099 0.015962 0.0147337 0.0130051 0.010818 0.00818826 0.00518277 0.00185576 -0.00167069 -0.00528549 -0.00888941 -0.0123419 -0.0155079 -0.0183078 -0.020697 -0.0225891 -0.023954 -0.0248067 -0.0251941 -0.0251197 -0.0246705 -0.0239577 -0.0230506 -0.0220338 -0.021 -0.0200828 -0.0193132 -0.0187681 
0 0.00373877 0.00742424 0.0110103 0.0144633 0.0177101 0.0207001 0.0233676 0.0256389 0.0274196 0.0286392 0.0292586 0.0292049 0.0284593 0.0270362 0.0249716 0.0222835 0.0190267 0.0153388 0.0113131 0.00707203 0.00277921 -0.00141346 -0.00539425 -0.00909737 -0.0123847 -0.015191 -0.0174824 -0.0192144 -0.0204038 -0.0210501 -0.0212309 -0.0209921 -0.0204128 -0.0195516 -0.0184432 -0.017205 -0.0158905 -0.0145348 -0.0131846 -0.0118969 -0.0106886 -0.00956659 -0.00853419 -0.0076141 -0.00679268 -0.00608983 -0.00547107 -0.00491214 -0.00444891 -0.0040555 -0.00371318 -0.00339747 -0.00312408 -0.0028724 -0.00267137 -0.00248914 -0.00231163 -0.00214738 -0.00201133 -0.00188205 -0.00176042 -0.001636 -0.00151384 -0.00140619 -0.00130385 -0.00120014 -0.00107045 -0.000960922 -0.000847091 -0.000750274 -0.000675567 -0.000598432 -0.00050547 -0.000449859 -0.000406719 -0.000433179 -0.000487176 -0.00055048 -0.000667203 -0.000840918 -0.00102214 -0.00123281 -0.00141483 -0.00154361 -0.00161439 -0.00162005 -0.00156775 -0.0014803 -0.00138299 -0.00134369 -0.00141607 -0.0016469 -0.00208043 -0.00270604 -0.00347398 -0.00431164 -0.0051236 -0.00579485 -0.00624472 -0.00641711 -0.00628499 -0.00585486 -0.00518627 -0.00434178 -0.00340828 -0.00249283 -0.00168182 -0.00101919 -0.000535209 -0.000203509 2.76921e-05 0.000189926 0.000323229 0.000437726 0.000544129 0.000667483 0.00079443 0.000910274 0.00103461 0.00109318 0.00110527 0.00110956 0.00109253 0.00106428 0.00106647 0.00105413 0.00107133 0.00108333 0.00109885 0.0011398 0.00119311 0.00121913 0.00126306 0.00130506 0.00136771 0.00143589 0.00149902 0.00154798 0.00161091 0.00169672 0.0017871 0.0018828 0.00197271 0.00206904 0.00219033 0.00234614 0.00250097 0.00268257 0.00289162 0.00314555 0.00342691 0.0037626 0.00413466 0.00458399 0.00513588 0.00575521 0.00647083 0.00730181 0.00825141 0.00930933 0.0104661 0.0117092 0.013034 0.0144046 0.0157795 0.0170604 0.0182367 0.0192383 0.0199581 0.0203501 0.0203366 0.0198714 0.0188616 0.0172924 0.0151659 0.0124948 0.00934861 0.00576477 0.00183405 -0.00232292 -0.00658714 -0.0108305 -0.0149096 -0.0186581 -0.0219943 -0.0248632 -0.0271741 -0.0288912 -0.0300287 -0.0306198 -0.030676 -0.0302766 -0.0295524 -0.0285928 -0.0274932 -0.0263825 -0.025387 -0.0245646 -0.0239795 
0 0.00439921 0.00873071 0.0129314 0.0169492 0.0207001 0.0241209 0.0271387 0.0296694 0.0316153 0.0329078 0.0335029 0.0333475 0.0324235 0.030756 0.0283864 0.0253358 0.0216865 0.0175647 0.0130938 0.0083906 0.0036209 -0.00105151 -0.00552699 -0.00969601 -0.0134404 -0.0166649 -0.0193424 -0.0214395 -0.0229489 -0.0238855 -0.0242848 -0.0242038 -0.023712 -0.0228784 -0.0217598 -0.0204678 -0.0190552 -0.0175633 -0.0160354 -0.0145477 -0.0131389 -0.0118128 -0.0105992 -0.00948871 -0.00849197 -0.00761244 -0.00682578 -0.00612536 -0.00553394 -0.00503274 -0.00459703 -0.00419483 -0.00384235 -0.0035334 -0.00327391 -0.00305794 -0.00283975 -0.00263996 -0.00246407 -0.00229427 -0.00213552 -0.00198453 -0.00183344 -0.00170867 -0.00159024 -0.00146399 -0.0013186 -0.00117565 -0.00104301 -0.000932063 -0.000831713 -0.000723518 -0.000625654 -0.000563508 -0.00052804 -0.000540064 -0.000597921 -0.000690086 -0.000829846 -0.00100614 -0.00122021 -0.00145589 -0.00166003 -0.00180994 -0.00189422 -0.00189147 -0.00183242 -0.00173787 -0.00164207 -0.00160656 -0.0017018 -0.00199084 -0.00252279 -0.00328159 -0.00421891 -0.00522957 -0.00619152 -0.00698914 -0.00752701 -0.00772645 -0.00756892 -0.00705739 -0.00624424 -0.00522117 -0.00410513 -0.00300779 -0.00203606 -0.00124246 -0.000651491 -0.000235517 4.94597e-05 0.000245953 0.000397925 0.000539872 0.000668347 0.000807674 0.000956349 0.00109739 0.00122403 0.00131299 0.00134963 0.00134883 0.00132049 0.00130364 0.0013037 0.00129305 0.0012895 0.00129855 0.0013228 0.00136798 0.00141928 0.00146502 0.00151819 0.0015794 0.00165621 0.00173211 0.00180689 0.00186407 0.00193615 0.00204143 0.00215825 0.00228049 0.00240712 0.00252667 0.00268569 0.00287369 0.00307387 0.00330763 0.00357524 0.00389064 0.00425176 0.00467129 0.00515871 0.00574574 0.00644536 0.00723621 0.00811303 0.00912148 0.0102539 0.011512 0.0128782 0.0143215 0.0158223 0.0173401 0.0188209 0.0201868 0.0214099 0.0224068 0.0230724 0.0233252 0.0231218 0.0223994 0.0210977 0.0191982 0.0166925 0.0136145 0.0100116 0.0059563 0.00153665 -0.00311178 -0.00786349 -0.0125965 -0.0171543 -0.0213769 -0.0251659 -0.0284561 -0.0311548 -0.0332209 -0.0346645 -0.0355141 -0.0357754 -0.0355297 -0.0349031 -0.0340012 -0.0329368 -0.031842 -0.0308589 -0.0300418 -0.0294638 
0 0.0049985 0.00991498 0.0146684 0.0191848 0.0233676 0.0271387 0.0304168 0.0331138 0.0351418 0.0364382 0.0369669 0.036689 0.0355937 0.0337089 0.0310788 0.0277468 0.023809 0.0193982 0.0146375 0.00964106 0.00456067 -0.000447004 -0.0052696 -0.00978674 -0.0138772 -0.0174491 -0.0204715 -0.0229174 -0.024768 -0.0260253 -0.0267068 -0.0268608 -0.0265509 -0.0258463 -0.0248152 -0.0235544 -0.0221238 -0.0205657 -0.0189355 -0.0173114 -0.0157412 -0.0142391 -0.0128341 -0.0115315 -0.0103495 -0.00929256 -0.0083421 -0.00749159 -0.0067549 -0.00612256 -0.0055701 -0.00507531 -0.00464213 -0.00426551 -0.00394048 -0.00365663 -0.00338235 -0.00313537 -0.00292202 -0.00272616 -0.00253969 -0.00235493 -0.00217025 -0.00200739 -0.00185919 -0.00171127 -0.00155523 -0.00139855 -0.00124766 -0.00110932 -0.000981283 -0.000853305 -0.000743818 -0.00067437 -0.000648752 -0.000671838 -0.000735165 -0.000829591 -0.000973353 -0.0011666 -0.00140631 -0.00166626 -0.00189622 -0.00206229 -0.00214863 -0.00214422 -0.00207496 -0.0019696 -0.0018742 -0.00185746 -0.00199625 -0.0023597 -0.002994 -0.0038868 -0.00497942 -0.00615818 -0.00728256 -0.00821377 -0.00883422 -0.00905917 -0.0088624 -0.00825834 -0.00731067 -0.00612354 -0.00482493 -0.0035444 -0.00239977 -0.00146144 -0.000757629 -0.000263886 7.09487e-05 0.000302084 0.000479666 0.000640299 0.000793906 0.000958258 0.00112984 0.00129382 0.00143456 0.00153143 0.00157707 0.00158909 0.00157799 0.00156821 0.00156067 0.00154376 0.00152886 0.00152885 0.0015526 0.00160853 0.00167717 0.00174072 0.0018003 0.00186478 0.0019433 0.00203106 0.00212253 0.00220654 0.00230289 0.00242374 0.0025554 0.00269459 0.00284481 0.00300509 0.00320718 0.00343958 0.00368923 0.00397267 0.00430501 0.00470006 0.00516143 0.00569233 0.00630481 0.0070281 0.0078763 0.00883465 0.0098973 0.0110936 0.0124178 0.0138631 0.0154053 0.0170083 0.0186372 0.0202447 0.021766 0.0231329 0.0243047 0.0251987 0.0257092 0.0257509 0.0252831 0.0242563 0.0226316 0.0203955 0.0175466 0.0141156 0.0101504 0.00572855 0.000951895 -0.00404131 -0.00912605 -0.014186 -0.0190774 -0.0236502 -0.0278002 -0.0314459 -0.0344951 -0.0368999 -0.0386653 -0.0398126 -0.0403519 -0.0403592 -0.0399489 -0.0392316 -0.0383241 -0.0373604 -0.0364775 -0.03574 -0.0352188 
0 0.0055244 0.01095 0.0161781 0.0211103 0.0256389 0.0296694 0.0331138 0.0358869 0.0379202 0.039161 0.039588 0.0391725 0.037917 0.0358515 0.0330236 0.0295096 0.0254031 0.0208477 0.0159442 0.0108106 0.00557991 0.000388329 -0.00462628 -0.00936645 -0.0136976 -0.0175531 -0.0208819 -0.0236508 -0.0258401 -0.0274254 -0.0284344 -0.0288953 -0.0288643 -0.0283934 -0.0275472 -0.0264031 -0.0250358 -0.0234893 -0.0218384 -0.0201466 -0.0184588 -0.0168134 -0.0152219 -0.0137384 -0.0123735 -0.0111428 -0.0100302 -0.00902023 -0.00812566 -0.00734603 -0.00666002 -0.00606157 -0.00553594 -0.00507329 -0.00467375 -0.00430179 -0.00396698 -0.00366538 -0.00340787 -0.00318236 -0.00296594 -0.00274479 -0.0025341 -0.00233252 -0.00215025 -0.00197265 -0.00178777 -0.00161171 -0.00144065 -0.00128124 -0.00113963 -0.00100988 -0.000890092 -0.000811267 -0.000777499 -0.000803537 -0.0008665 -0.000962195 -0.00111327 -0.0013349 -0.00158907 -0.00186407 -0.00211262 -0.00228737 -0.00236903 -0.00236807 -0.00228927 -0.00217712 -0.00208561 -0.00209491 -0.00228694 -0.0027371 -0.00348608 -0.00452652 -0.00577545 -0.00711547 -0.00839402 -0.00944777 -0.0101437 -0.0104011 -0.010172 -0.00947863 -0.00839897 -0.00704392 -0.00555293 -0.00408615 -0.00276661 -0.00168212 -0.000863252 -0.000288673 0.00010117 0.000369645 0.000577264 0.000749814 0.000924552 0.00111256 0.00130491 0.00149179 0.00166424 0.00177213 0.00182479 0.00184381 0.00184205 0.00182574 0.00181572 0.0017999 0.00179353 0.00179328 0.001815 0.00187097 0.00194618 0.00201099 0.00207859 0.00214969 0.00223646 0.00234444 0.00245234 0.00256585 0.00268984 0.00282564 0.00297353 0.00313271 0.00330072 0.00351076 0.00375542 0.00404308 0.00435435 0.00469917 0.00511019 0.00560294 0.00618077 0.00684754 0.00759992 0.00846647 0.00946692 0.0105869 0.0118463 0.0132303 0.0147433 0.0163513 0.018023 0.0197285 0.0214241 0.0230568 0.0245516 0.0258344 0.0268514 0.0275345 0.0277848 0.0275464 0.026758 0.0254002 0.0234385 0.0208696 0.0177165 0.0139949 0.00977212 0.00510464 0.000111676 -0.00508166 -0.0103555 -0.0155946 -0.0206822 -0.0254814 -0.0298936 -0.0338229 -0.0371813 -0.0399125 -0.0420138 -0.0434955 -0.0443817 -0.0447376 -0.0446621 -0.0442589 -0.0436328 -0.042916 -0.0422216 -0.0416353 -0.0412171 
0 0.00595413 0.01179 0.017394 0.0226406 0.0274196 0.0316153 0.0351418 0.0379202 0.0398978 0.0410475 0.0413412 0.0407857 0.0393815 0.0371784 0.0342362 0.0306344 0.0264957 0.0219109 0.0170074 0.0118775 0.00664443 0.00144306 -0.00363107 -0.00844431 -0.0129333 -0.0169986 -0.0205857 -0.0236585 -0.0261581 -0.0280975 -0.0294609 -0.0302956 -0.0306203 -0.0304624 -0.0298855 -0.0289454 -0.0277181 -0.0262737 -0.0246699 -0.0229703 -0.0212284 -0.0194703 -0.0177569 -0.0161087 -0.0145846 -0.0131778 -0.0118838 -0.01071 -0.0096482 -0.00871107 -0.00788626 -0.00715926 -0.00651323 -0.00595931 -0.00545945 -0.00502433 -0.00462326 -0.00426789 -0.00395304 -0.00367128 -0.00340583 -0.00315614 -0.00291208 -0.0026911 -0.0024826 -0.0022651 -0.0020558 -0.00183496 -0.00164753 -0.00148762 -0.00133329 -0.00118253 -0.00106797 -0.000971941 -0.000937101 -0.00093319 -0.000993591 -0.00112093 -0.00129346 -0.00150111 -0.0017776 -0.00205287 -0.00229742 -0.00247827 -0.00256936 -0.00255651 -0.00247914 -0.0023706 -0.00229632 -0.0023328 -0.00258054 -0.00312267 -0.0040002 -0.00519007 -0.00661266 -0.00811836 -0.00953206 -0.0106992 -0.0114756 -0.0117542 -0.0115008 -0.0107297 -0.00950626 -0.00797133 -0.00629411 -0.004637 -0.00314838 -0.00192231 -0.000986618 -0.000316386 0.000140114 0.000453032 0.000678585 0.000879245 0.00106892 0.00126156 0.0014732 0.00169232 0.00186494 0.0020155 0.0021031 0.00211646 0.00209646 0.00208732 0.002069 0.00206857 0.00205004 0.0020581 0.00209241 0.00213975 0.00219339 0.00227154 0.00234184 0.00244007 0.0025496 0.00266906 0.00279662 0.00292388 0.00306277 0.00322522 0.00340701 0.00360021 0.00381931 0.00406287 0.00436461 0.00470154 0.00508805 0.00552079 0.00602951 0.00662867 0.0073383 0.00813799 0.00905422 0.0100898 0.0112499 0.0125571 0.0139847 0.0155479 0.0172107 0.0189397 0.0206918 0.0224289 0.024112 0.0256889 0.0270651 0.0281827 0.0289578 0.029332 0.0292591 0.0286624 0.0275365 0.0258239 0.0235308 0.0206554 0.0172209 0.0132917 0.00889167 0.00411431 -0.000959469 -0.00621337 -0.0115332 -0.0168269 -0.0219741 -0.0268844 -0.031453 -0.0355876 -0.0392106 -0.0422564 -0.0447108 -0.0465749 -0.0478773 -0.0486778 -0.0490474 -0.0490752 -0.0488523 -0.0484811 -0.0480653 -0.0476851 -0.0474086 
0 0.00627168 0.0124063 0.0182689 0.0237206 0.0286392 0.0329078 0.0364382 0.039161 0.0410475 0.0420703 0.0422282 0.041527 0.0400068 0.0377248 0.0347426 0.031173 0.0270907 0.0226095 0.0178103 0.0128167 0.00773204 0.0026417 -0.00232918 -0.0071266 -0.0116503 -0.015849 -0.0196297 -0.022942 -0.0257545 -0.0280325 -0.0297901 -0.0310263 -0.0317487 -0.0319647 -0.0317319 -0.031082 -0.0301027 -0.0288348 -0.0273618 -0.0257241 -0.0239784 -0.0222038 -0.0204021 -0.0186583 -0.0169816 -0.0153974 -0.0139247 -0.0125742 -0.0113485 -0.0102572 -0.00927122 -0.00840146 -0.00761763 -0.00693271 -0.00634927 -0.00581463 -0.00535793 -0.00493512 -0.00454874 -0.00420463 -0.00388569 -0.0035806 -0.00331758 -0.00305775 -0.00281437 -0.00257084 -0.00233067 -0.00210196 -0.0018938 -0.00170227 -0.00153366 -0.00138644 -0.00124088 -0.0011278 -0.001082 -0.00110618 -0.00117378 -0.00128668 -0.0014513 -0.00169165 -0.00195034 -0.00221804 -0.00246723 -0.00264366 -0.00272035 -0.00272833 -0.0026482 -0.00254188 -0.00248327 -0.00257053 -0.00289392 -0.00354395 -0.00454497 -0.0058877 -0.00746084 -0.00913135 -0.01071 -0.0120057 -0.0128484 -0.0131486 -0.0128417 -0.0119663 -0.0106135 -0.00892585 -0.00706339 -0.00522577 -0.00355519 -0.00217183 -0.00110569 -0.000346713 0.000174877 0.000536349 0.000809188 0.00101265 0.00121819 0.00143052 0.0016492 0.00187581 0.00209623 0.00224833 0.00234323 0.00238882 0.00240631 0.00238273 0.00234975 0.00233014 0.00232844 0.00233184 0.00235419 0.00240222 0.00247272 0.00254996 0.0026397 0.0027494 0.00287381 0.00301837 0.00314732 0.0032952 0.00345827 0.00364562 0.00387145 0.00412256 0.00437907 0.00469364 0.00503039 0.00543424 0.00590884 0.00644504 0.0070783 0.00780453 0.00863769 0.00958747 0.0106648 0.0118809 0.0132353 0.0147069 0.0163141 0.0179963 0.0197698 0.0215695 0.0233438 0.0250583 0.0266491 0.0280691 0.0292366 0.0300927 0.030551 0.030569 0.030099 0.0291299 0.0276133 0.0255563 0.0229439 0.0197856 0.0161422 0.0120461 0.00758198 0.00278834 -0.002233 -0.00741624 -0.0126697 -0.0178901 -0.0229991 -0.0279062 -0.0325375 -0.0367974 -0.0406303 -0.043972 -0.0467905 -0.0490738 -0.0508573 -0.0521772 -0.0530813 -0.0536396 -0.0539151 -0.0539934 -0.053931 -0.0538255 -0.0537276 
0 0.00646726 0.0127733 0.0187748 0.0243059 0.0292586 0.0335029 0.0369669 0.039588 0.0413412 0.0422282 0.0422333 0.0414164 0.0398202 0.0375268 0.0346055 0.0311452 0.027246 0.0229538 0.0183902 0.0136482 0.00881601 0.00396663 -0.000837013 -0.00549503 -0.00998253 -0.0142083 -0.0180934 -0.0215988 -0.0246645 -0.0272849 -0.0294125 -0.0310543 -0.032191 -0.0328229 -0.0330056 -0.0327466 -0.0320952 -0.031108 -0.0298357 -0.0283329 -0.0266753 -0.0249218 -0.0231226 -0.0213027 -0.0195217 -0.0177925 -0.0161555 -0.0146489 -0.0132579 -0.0119908 -0.0108427 -0.00981145 -0.00887752 -0.0080729 -0.00735478 -0.00672559 -0.00616729 -0.00566314 -0.00520287 -0.00479146 -0.00441186 -0.00406538 -0.0037415 -0.00344373 -0.00316505 -0.00288683 -0.00263336 -0.00236795 -0.00213864 -0.00193493 -0.00173299 -0.00155338 -0.00142753 -0.00132072 -0.00128297 -0.00127059 -0.00132322 -0.00145335 -0.00162327 -0.0018293 -0.00210644 -0.00237393 -0.0026098 -0.00278054 -0.0028553 -0.00283233 -0.00275732 -0.00267693 -0.00266553 -0.00280953 -0.00321479 -0.0039675 -0.00510628 -0.00660385 -0.00835795 -0.0101968 -0.0119111 -0.0133138 -0.0142306 -0.0145407 -0.0142022 -0.0132412 -0.0117436 -0.00987865 -0.00783944 -0.00581882 -0.00398134 -0.0024398 -0.00123644 -0.000358504 0.000245363 0.000650038 0.000928199 0.00116227 0.00138534 0.00160865 0.00185449 0.00210976 0.00231211 0.00249904 0.00262888 0.00267556 0.00268574 0.00269013 0.00266758 0.00266186 0.00262592 0.00262002 0.00265303 0.00269857 0.00276028 0.00286104 0.00295508 0.00308354 0.00322003 0.00336835 0.00353008 0.00370495 0.00389659 0.00411679 0.00437616 0.00466578 0.0049919 0.00535994 0.0057826 0.00625942 0.00683379 0.00749101 0.00825468 0.00912379 0.0101133 0.0112147 0.0124698 0.0138663 0.015385 0.017032 0.0187565 0.0205396 0.0223562 0.0241655 0.0259115 0.0275347 0.0289675 0.0301491 0.0310068 0.031518 0.0315913 0.0311917 0.0303138 0.0289164 0.02702 0.0246053 0.0217085 0.01834 0.0145414 0.0103926 0.00592344 0.0012247 -0.00365575 -0.00867181 -0.0137503 -0.018822 -0.0237935 -0.0286264 -0.0332353 -0.0375491 -0.0415365 -0.0451385 -0.0483181 -0.0510426 -0.0533457 -0.0552394 -0.0567399 -0.0578971 -0.0587536 -0.0593558 -0.0597328 -0.0599622 -0.0600922 
0 0.00651196 0.0128466 0.0188409 0.0243319 0.0292049 0.0333475 0.036689 0.0391725 0.0407857 0.041527 0.0414164 0.0405204 0.0389181 0.0366877 0.0338905 0.0306322 0.0269737 0.022983 0.0187409 0.014351 0.00986976 0.00532247 0.000795073 -0.00366237 -0.00799662 -0.0121626 -0.0160762 -0.0196995 -0.0229937 -0.0259038 -0.0283853 -0.0304122 -0.0319661 -0.0330431 -0.0336831 -0.0338586 -0.0336106 -0.0329655 -0.0319921 -0.0307233 -0.0292261 -0.0275892 -0.0258209 -0.0239964 -0.0221502 -0.0203223 -0.0185631 -0.016908 -0.0153504 -0.0139115 -0.0125893 -0.0114064 -0.0103281 -0.00936916 -0.00851545 -0.00773382 -0.00706185 -0.00646057 -0.0059227 -0.00544912 -0.00501551 -0.00460187 -0.00423014 -0.00387077 -0.00353987 -0.00322967 -0.00294849 -0.00267064 -0.00241456 -0.00217478 -0.00196018 -0.00178845 -0.00164306 -0.00152745 -0.00148129 -0.001482 -0.00152202 -0.00162046 -0.001772 -0.00199656 -0.00225237 -0.0025075 -0.00273814 -0.00289572 -0.00295162 -0.00294062 -0.00286141 -0.00278746 -0.00280835 -0.0030303 -0.00354424 -0.0044399 -0.00572992 -0.00738815 -0.00929174 -0.0112839 -0.0131418 -0.0146586 -0.0156363 -0.0159632 -0.0155775 -0.0145239 -0.0129014 -0.0108857 -0.00866072 -0.00644699 -0.00441414 -0.00270347 -0.00135882 -0.000384294 0.000288524 0.000745407 0.00107309 0.00131728 0.00155908 0.00180561 0.00206334 0.0023267 0.00256702 0.00274935 0.00287811 0.00295193 0.00300164 0.00300829 0.00298307 0.00296668 0.00294954 0.00293937 0.00295704 0.0030014 0.00307783 0.00318171 0.00328892 0.00341851 0.00356264 0.00373614 0.00392254 0.00414928 0.00439122 0.00465072 0.00494579 0.00527828 0.00565027 0.00611022 0.00661825 0.00721036 0.00790693 0.00869282 0.0096021 0.0106272 0.0117798 0.0130599 0.014483 0.0160351 0.0176983 0.0194555 0.0212884 0.023115 0.0249357 0.0266854 0.0283102 0.0297608 0.0309461 0.0318085 0.0322908 0.0323863 0.0320257 0.0311931 0.029881 0.0280858 0.0257999 0.0230657 0.0199198 0.0163907 0.0125347 0.00838822 0.00401523 -0.000535314 -0.00519713 -0.00996532 -0.0147946 -0.0196177 -0.0243885 -0.0290681 -0.0335996 -0.0379148 -0.0420095 -0.0458461 -0.0493759 -0.0525573 -0.0554083 -0.057912 -0.0600519 -0.0618544 -0.0633376 -0.0645187 -0.0653855 -0.0660022 -0.0663943 
0 0.00639125 0.012592 0.018438 0.0237608 0.0284593 0.0324235 0.0355937 0.037917 0.0393815 0.0400068 0.0398202 0.0389181 0.0373778 0.0352775 0.0326794 0.0296788 0.0263494 0.0227298 0.0188999 0.0149308 0.0108539 0.00668085 0.0024781 -0.00169049 -0.00580819 -0.00983616 -0.0137089 -0.0173913 -0.020835 -0.0239804 -0.0267621 -0.0291504 -0.031118 -0.0326466 -0.0337493 -0.0343827 -0.0345628 -0.0343287 -0.033725 -0.0327712 -0.0315218 -0.0300548 -0.0284055 -0.0266396 -0.0248105 -0.0229525 -0.0211154 -0.0193407 -0.0176314 -0.0160178 -0.014529 -0.0131818 -0.0119466 -0.0108359 -0.00982687 -0.00891106 -0.00811357 -0.00740268 -0.00676344 -0.00619531 -0.00567868 -0.00520173 -0.00476697 -0.00435998 -0.00398208 -0.00362746 -0.00330819 -0.00299568 -0.00271666 -0.00246548 -0.00223121 -0.00203989 -0.00189201 -0.00176786 -0.00170102 -0.00167247 -0.00170288 -0.00180926 -0.00195873 -0.00215389 -0.00238944 -0.00261875 -0.00282085 -0.00296298 -0.00301495 -0.00299242 -0.00292572 -0.00288439 -0.00295817 -0.0032557 -0.0038791 -0.00491052 -0.00636704 -0.00820183 -0.0102821 -0.0124255 -0.0144029 -0.0160065 -0.0170433 -0.0173861 -0.0169761 -0.0158428 -0.0140865 -0.0118955 -0.00948177 -0.00707729 -0.00486977 -0.00299585 -0.00151067 -0.000413266 0.000355675 0.000874861 0.00123359 0.00150857 0.00176263 0.00201274 0.0022795 0.00255352 0.00279814 0.00301374 0.00317839 0.0032672 0.00331389 0.00332499 0.00330701 0.00329748 0.00327436 0.00326775 0.00329349 0.00333105 0.00339546 0.00350053 0.00361879 0.00377081 0.00393937 0.00413134 0.00435085 0.00461074 0.00489486 0.00520445 0.00555591 0.00595515 0.00641557 0.00696887 0.00759269 0.00830506 0.00913386 0.0100636 0.0111198 0.0123079 0.0136359 0.015099 0.0166993 0.018397 0.0201631 0.0219958 0.0238605 0.025685 0.0274355 0.0290439 0.0304572 0.0316286 0.0324838 0.0329623 0.0330238 0.0326708 0.031849 0.0305599 0.0288243 0.0266392 0.0240188 0.021008 0.017671 0.0140525 0.0101996 0.0061491 0.00192899 -0.00240225 -0.00680154 -0.0112733 -0.015788 -0.0203085 -0.0248086 -0.0292907 -0.0337003 -0.0379877 -0.0421634 -0.0462055 -0.0500714 -0.0537052 -0.0571121 -0.0602412 -0.063042 -0.0655113 -0.0676421 -0.069421 -0.0708064 -0.071836 -0.0725107 
0 0.00609784 0.0120049 0.0175606 0.0226032 0.0270362 0.030756 0.0337089 0.0358515 0.0371784 0.0377248 0.0375268 0.0366877 0.0352775 0.0333696 0.0310305 0.0283504 0.0254087 0.0222215 0.0188531 0.0153469 0.011716 0.0079677 0.00415256 0.000332056 -0.00350843 -0.00733949 -0.0111056 -0.0147677 -0.0182769 -0.0215801 -0.0246058 -0.0273179 -0.0296713 -0.0316287 -0.0331766 -0.0342694 -0.0349093 -0.0351372 -0.0349694 -0.0344043 -0.0334818 -0.0322711 -0.0308264 -0.0292 -0.0274519 -0.0256153 -0.0237461 -0.021896 -0.0200782 -0.0183253 -0.0166816 -0.0151631 -0.013755 -0.0124753 -0.0113056 -0.0102513 -0.00931916 -0.00848087 -0.00771649 -0.00703111 -0.00641628 -0.00586475 -0.00536246 -0.00489641 -0.00445801 -0.00405185 -0.00369447 -0.0033561 -0.00305552 -0.00278674 -0.00253601 -0.0023236 -0.00215284 -0.00200636 -0.00192416 -0.00188788 -0.00191227 -0.00200789 -0.00214593 -0.00231693 -0.00252204 -0.00271396 -0.00287893 -0.00299459 -0.00303728 -0.00301464 -0.00296826 -0.00296493 -0.00310421 -0.00349921 -0.00425126 -0.00542997 -0.00704843 -0.00904643 -0.0112917 -0.0135917 -0.0157083 -0.0174154 -0.0185089 -0.0188492 -0.0183862 -0.0171552 -0.0152711 -0.0129285 -0.0103475 -0.00776089 -0.00537047 -0.00331827 -0.00167612 -0.000448243 0.000421575 0.00101394 0.00141589 0.00171753 0.00197926 0.00223142 0.00250119 0.00278321 0.00304002 0.00327795 0.0034682 0.0035886 0.00365749 0.00367561 0.0036506 0.00363445 0.00361311 0.0036154 0.00364717 0.00368684 0.00375175 0.00386066 0.00398944 0.00416061 0.00435718 0.00457642 0.00483062 0.00512528 0.00545451 0.0058247 0.00625258 0.00674416 0.00731409 0.00797368 0.00871511 0.00955307 0.0105253 0.0116196 0.0128443 0.0142016 0.0156922 0.0173118 0.0190546 0.020864 0.0226973 0.0245531 0.0263851 0.028132 0.0297358 0.0311269 0.0322504 0.0330646 0.0335164 0.0335582 0.0331709 0.0323583 0.0310771 0.0293409 0.0271997 0.0246667 0.021774 0.0185623 0.0151043 0.0114549 0.00765938 0.00375372 -0.000259502 -0.00432758 -0.00843082 -0.0125786 -0.0167528 -0.0209375 -0.0251353 -0.0293854 -0.0336473 -0.0378885 -0.0421257 -0.0463484 -0.0505175 -0.0545745 -0.0585083 -0.0622428 -0.0656942 -0.0688242 -0.071599 -0.0739742 -0.0758874 -0.0773424 -0.0783126 
0 0.00563648 0.0110998 0.0162293 0.0208921 0.0249716 0.0283864 0.0310788 0.0330236 0.0342362 0.0347426 0.0346055 0.0338905 0.0326794 0.0310305 0.0290116 0.026725 0.0242117 0.0215065 0.0186205 0.0156008 0.0124469 0.00914814 0.00576777 0.00231158 -0.00121242 -0.00480613 -0.00840355 -0.0119582 -0.0154521 -0.0188232 -0.0220227 -0.0249886 -0.0276643 -0.0300021 -0.031971 -0.0335184 -0.0346456 -0.0353548 -0.0356584 -0.0355316 -0.0349985 -0.0341405 -0.0329761 -0.0315752 -0.0299689 -0.0282142 -0.0263799 -0.0245178 -0.0226477 -0.0208053 -0.0190266 -0.0173511 -0.0157794 -0.0143206 -0.012995 -0.0117774 -0.0106947 -0.00970768 -0.00880181 -0.00798765 -0.00726797 -0.00661733 -0.00604131 -0.00549836 -0.00499204 -0.00453735 -0.00413028 -0.0037627 -0.00342673 -0.00311719 -0.0028455 -0.00262728 -0.00243559 -0.00228574 -0.00218198 -0.00213237 -0.00212992 -0.00219039 -0.00230202 -0.00246633 -0.00262991 -0.00279088 -0.00292579 -0.00300507 -0.00301545 -0.00299824 -0.00296819 -0.00301535 -0.0032418 -0.00375666 -0.00464469 -0.0059828 -0.00776485 -0.0099326 -0.0123413 -0.0147961 -0.0170441 -0.0188473 -0.019987 -0.0203277 -0.0198104 -0.0184846 -0.016474 -0.0139844 -0.0112379 -0.00847616 -0.00589958 -0.00366808 -0.00185108 -0.000476892 0.000500821 0.00116496 0.00161889 0.00193239 0.00220766 0.00247909 0.00275783 0.00303942 0.00332268 0.00356034 0.00375666 0.00390097 0.00400004 0.00403368 0.00402825 0.00400758 0.00400229 0.00400226 0.00402319 0.00406475 0.00413897 0.00424971 0.00440273 0.00459021 0.00481419 0.0050728 0.00536304 0.00571246 0.00610074 0.0065392 0.00705024 0.00764501 0.00832792 0.00912262 0.00998896 0.0109758 0.0121028 0.0133713 0.0147799 0.0163068 0.0179415 0.0196849 0.0215148 0.0233816 0.0252382 0.0270493 0.0287893 0.0303619 0.0317338 0.0328286 0.0335984 0.0340132 0.0340168 0.0335878 0.0327303 0.0314507 0.0297257 0.0275763 0.0250597 0.0222397 0.0191341 0.015812 0.0123154 0.00870084 0.00502454 0.00129102 -0.00246635 -0.0062468 -0.0100272 -0.0138393 -0.0176806 -0.021529 -0.025436 -0.029441 -0.0335479 -0.0377322 -0.0420155 -0.0463981 -0.0508293 -0.0552646 -0.0596683 -0.0639561 -0.0680163 -0.0717736 -0.0751661 -0.078115 -0.0805403 -0.0824075 -0.0836636 
0 0.00501348 0.00987483 0.0144589 0.0186258 0.0222835 0.0253358 0.0277468 0.0295096 0.0306344 0.031173 0.0311452 0.0306322 0.0296788 0.0283504 0.026725 0.0248584 0.0228219 0.0205875 0.0182024 0.0156765 0.0130058 0.0101963 0.00724281 0.00418924 0.000990996 -0.00231458 -0.00568229 -0.00907788 -0.0124776 -0.0158563 -0.0191433 -0.0222755 -0.0251928 -0.0278488 -0.0301913 -0.0321819 -0.0337615 -0.0349559 -0.0357254 -0.0360636 -0.0359927 -0.0355349 -0.0347494 -0.0336334 -0.0322552 -0.0306665 -0.0289414 -0.0271333 -0.0252704 -0.0233717 -0.021515 -0.0197164 -0.0180042 -0.0163956 -0.0148827 -0.0135056 -0.0122473 -0.0111055 -0.0100588 -0.00911292 -0.00826148 -0.00751163 -0.00681769 -0.00619401 -0.00562001 -0.00510649 -0.00465045 -0.00423244 -0.00384722 -0.00350679 -0.00319995 -0.00294849 -0.00276794 -0.0026133 -0.00248548 -0.0023885 -0.00235477 -0.00239034 -0.00247514 -0.00257727 -0.00272296 -0.00285 -0.00293974 -0.00298942 -0.00299421 -0.00294727 -0.00294598 -0.0030524 -0.0033695 -0.0040023 -0.00505626 -0.00656174 -0.00853381 -0.0108814 -0.013461 -0.0160459 -0.0184031 -0.0202729 -0.0214581 -0.0218003 -0.0212553 -0.019849 -0.0177252 -0.0150749 -0.0121558 -0.00920492 -0.00644794 -0.00402401 -0.00204669 -0.000523133 0.000576245 0.00132463 0.00181024 0.00217705 0.00247048 0.00274841 0.003042 0.00333802 0.0035937 0.00384763 0.00406186 0.00422225 0.00432576 0.00438944 0.00441501 0.00442366 0.0044042 0.00440311 0.00442741 0.00446387 0.0045379 0.00466711 0.00484141 0.00506006 0.00531351 0.00559591 0.00595128 0.00636099 0.00683718 0.00736993 0.00797576 0.00867222 0.00949156 0.0104108 0.0114517 0.0126002 0.0138968 0.015344 0.0169111 0.0185917 0.0203495 0.0221757 0.0240492 0.0259122 0.0277104 0.0294269 0.0309735 0.0323124 0.0333536 0.0340719 0.0344344 0.0343976 0.0339405 0.0330236 0.0316894 0.0299552 0.027823 0.0253163 0.022511 0.0194582 0.0162293 0.0128542 0.00939306 0.00588511 0.00235454 -0.001155 -0.00466352 -0.0081236 -0.0115774 -0.0150499 -0.0185545 -0.0221056 -0.0257281 -0.0295148 -0.0334615 -0.0375901 -0.0419178 -0.0464394 -0.0511133 -0.0558751 -0.0606913 -0.0654594 -0.0700602 -0.0743859 -0.0783395 -0.0818131 -0.0846992 -0.08693 -0.0884299 
0 0.00424775 0.00838692 0.012291 0.0158795 0.0190267 0.0216865 0.023809 0.0254031 0.0264957 0.0270907 0.027246 0.0269737 0.0263494 0.0254087 0.0242117 0.0228219 0.0212382 0.0194977 0.0175921 0.0155617 0.0133855 0.01104 0.00854493 0.00587721 0.00305481 7.32409e-05 -0.00302306 -0.00620433 -0.00947225 -0.012779 -0.0160726 -0.0192827 -0.0223581 -0.0252615 -0.027927 -0.0302839 -0.0322924 -0.0339198 -0.035159 -0.0359823 -0.0363852 -0.0363974 -0.0360199 -0.0352863 -0.0342233 -0.0328934 -0.0313631 -0.0296749 -0.0278617 -0.0259822 -0.0240847 -0.0222196 -0.0204091 -0.0186457 -0.0169815 -0.015425 -0.014003 -0.0127051 -0.0115075 -0.0104118 -0.00942676 -0.00853059 -0.00773323 -0.00699855 -0.00633187 -0.00575259 -0.00523201 -0.00477282 -0.00434481 -0.00395031 -0.00362425 -0.0033589 -0.00311779 -0.00292973 -0.00277468 -0.00267278 -0.00261086 -0.00259849 -0.00264296 -0.00273075 -0.00279781 -0.00286616 -0.00292071 -0.0029365 -0.00291666 -0.00290713 -0.00292541 -0.00307577 -0.00348736 -0.00426389 -0.00548242 -0.00719654 -0.00936094 -0.0118853 -0.014613 -0.0173298 -0.0197857 -0.0217329 -0.0229509 -0.0232946 -0.0227026 -0.0212241 -0.0189885 -0.0162041 -0.0131184 -0.00997868 -0.00701423 -0.00441225 -0.00225565 -0.00058721 0.000622589 0.00147002 0.00205614 0.00245005 0.00276606 0.00305769 0.00333434 0.00360736 0.00389745 0.0041468 0.00436589 0.00455817 0.00470559 0.00478246 0.00481063 0.00480265 0.00482194 0.00483725 0.00485493 0.00490548 0.00499692 0.00513421 0.00533961 0.00557669 0.00586366 0.00620285 0.0066032 0.00710172 0.00767625 0.0083236 0.0090524 0.00987825 0.0108267 0.0119111 0.0131084 0.0144463 0.0159112 0.0175095 0.0192159 0.0209971 0.022837 0.0247139 0.0265784 0.0283753 0.0300509 0.0315564 0.0328555 0.0338583 0.0345186 0.0347998 0.0346913 0.0341856 0.0332433 0.0318627 0.0300789 0.0279263 0.0254432 0.0226628 0.0196447 0.0164681 0.0131666 0.00980992 0.00642988 0.00306402 -0.000257485 -0.00355048 -0.00677279 -0.0099427 -0.0130696 -0.0162094 -0.0194103 -0.0226735 -0.0260773 -0.0296599 -0.0334808 -0.0375585 -0.0419189 -0.0465714 -0.051442 -0.0564926 -0.0616417 -0.0668078 -0.0718576 -0.0766592 -0.0810963 -0.0850111 -0.0882889 -0.0908102 -0.0924997 
