0 0 0 0 0 0 0 0 0 0 0 0 0 0 0 0 0 0 0 0 0 0 0 0 0 0 0 0 0 0 0 0 0 0 0 0 0 0 0 0 0 0 0 0 0 0 0 0 0 0 0 0 0 0 0 0 0 0 0 0 0 0 0 0 0 0 0 0 0 0 0 0 0 0 0 0 0 0 0 0 0 0 0 0 0 0 0 0 0 0 0 0 0 0 0 0 0 0 0 0 0 0 0 0 0 0 0 0 0 0 0 0 0 0 0 0 0 0 0 0 0 0 0 0 0 0 0 0 0 0 0 0 0 0 0 0 0 0 0 0 0 0 0 0 0 0 0 0 0 0 0 0 0 0 0 0 0 0 0 0 0 0 0 0 0 0 0 0 0 0 0 0 0 0 0 0 0 0 0 0 0 0 0 0 0 0 0 0 0 0 0 0 0 0 0 0 0 0 0 0 
0 -2.5288e-06 3.27451e-06 9.78919e-06 1.18525e-05 2.3363e-05 4.61659e-05 7.556e-05 0.000107488 0.000156091 0.000226769 0.000306859 0.000406326 0.000532154 0.000686642 0.000862422 0.00106607 0.00132141 0.00161818 0.00196076 0.00235357 0.00279603 0.00328762 0.0038015 0.00434084 0.00487351 0.00538241 0.00585699 0.00626084 0.00659708 0.00683621 0.00697176 0.00696732 0.00680326 0.00649204 0.00601754 0.00539389 0.0046404 0.00378534 0.00285392 0.00187493 0.000866561 -0.000137916 -0.00111457 -0.00201015 -0.00280699 -0.00348793 -0.00402414 -0.00442778 -0.00469676 -0.00484806 -0.00488603 -0.00483087 -0.00467352 -0.00444106 -0.0041534 -0.00384134 -0.00351935 -0.00320049 -0.00288801 -0.00258145 -0.00229203 -0.00202814 -0.00179359 -0.00158378 -0.00141539 -0.00125387 -0.00111115 -0.000966452 -0.000802349 -0.000616046 -0.000413442 -0.000171122 7.52074e-05 0.000339558 0.000615246 0.000877073 0.00110454 0.00127183 0.0013417 0.00131121 0.00116212 0.000887756 0.000526584 0.000105282 -0.000360297 -0.000842475 -0.00129371 -0.00169618 -0.00202058 -0.00225366 -0.00238791 -0.0024345 -0.0023965 -0.00231077 -0.00218463 -0.00205467 -0.00193797 -0.00184019 -0.00176156 -0.00172931 -0.00172463 -0.00176699 -0.00185247 -0.00196673 -0.00208276 -0.00219076 -0.00225297 -0.00226328 -0.00219304 -0.00203706 -0.0017882 -0.00145325 -0.00103614 -0.000573552 -7.9842e-05 0.000423158 0.000896517 0.00129255 0.00160735 0.00182832 0.00194121 0.00196525 0.00191294 0.00180793 0.00168074 0.00153918 0.00139481 0.00128545 0.00119484 0.00114822 0.00114147 0.00115965 0.00119213 0.00124418 0.00129211 0.00137321 0.00148467 0.00163551 0.0018233 0.00204608 0.00228873 0.00256039 0.0028605 0.00317994 0.00351463 0.00384602 0.00415848 0.00442462 0.00463474 0.00475891 0.00479333 0.00472151 0.00454723 0.00423373 0.00378119 0.00318382 0.00244285 0.00159969 0.000673343 -0.000309407 -0.00131701 -0.00231389 -0.00327314 -0.00416633 -0.00497168 -0.00564531 -0.00618191 -0.00654962 -0.00675473 -0.00682096 -0.00674258 -0.00655099 -0.00625297 -0.00588432 -0.00544734 -0.00495277 -0.00443856 -0.00391487 -0.0034064 -0.00292358 -0.0024804 -0.0020871 -0.00174218 -0.00144896 -0.00119544 -0.000976703 -0.000798577 -0.000651329 -0.000529013 -0.000430258 -0.000356929 -0.000300747 -0.000248597 -0.00021179 -0.000192094 -0.000176943 -0.000159959 -0.000145921 -0.000142204 
0 3.27451e-06 1.8879e-05 3.79743e-05 4.49017e-05 7.00455e-05 0.000114734 0.000171656 0.00023476 0.000331771 0.000469019 0.000630223 0.000825647 0.00107857 0.00139254 0.00174618 0.00217041 0.00267983 0.00328693 0.00397294 0.00475698 0.00564664 0.00660517 0.00763019 0.0086724 0.00971887 0.0107148 0.0116342 0.0124376 0.013077 0.0135451 0.0137877 0.0137581 0.0134218 0.0127936 0.0118564 0.0106322 0.00914681 0.00746541 0.00563117 0.00369223 0.00172553 -0.000252637 -0.00214024 -0.00388313 -0.0054399 -0.00677113 -0.00785084 -0.00866606 -0.00922058 -0.00954098 -0.00962995 -0.00952685 -0.00924634 -0.00879379 -0.00826123 -0.00765661 -0.00702458 -0.0063984 -0.00577246 -0.00516497 -0.00460731 -0.00409144 -0.00363458 -0.00322728 -0.00286337 -0.00253484 -0.00222574 -0.00192628 -0.00160064 -0.00123948 -0.000831073 -0.000371755 0.000135 0.00067143 0.00122228 0.00174219 0.00219945 0.0025322 0.00268449 0.00260246 0.00228945 0.00176965 0.00105473 0.00018332 -0.000751892 -0.00169634 -0.00259528 -0.00339207 -0.00403914 -0.00450023 -0.00477043 -0.00486388 -0.00479927 -0.00463159 -0.00440117 -0.00413384 -0.00387477 -0.00365869 -0.00351078 -0.00344667 -0.00346615 -0.00357003 -0.00373474 -0.00393585 -0.00416461 -0.0043706 -0.00449951 -0.00452111 -0.00438716 -0.00407471 -0.00358218 -0.00291286 -0.00209355 -0.00115458 -0.000145991 0.000840545 0.00176288 0.00258029 0.00322401 0.00365106 0.00387811 0.00392296 0.00382 0.00361087 0.00335178 0.00307124 0.0028162 0.00259711 0.00242902 0.00233337 0.00230737 0.00232895 0.00240225 0.00249917 0.00262918 0.00280685 0.00304069 0.00334847 0.00371381 0.00414315 0.00462896 0.00516123 0.00575526 0.00638944 0.0070207 0.00766525 0.00825019 0.00876076 0.00916682 0.00940402 0.00945338 0.00929672 0.00890587 0.00826192 0.00734276 0.00615062 0.0047114 0.00305503 0.00126095 -0.00066245 -0.00263397 -0.00458544 -0.00646456 -0.00821559 -0.00978386 -0.0111131 -0.012167 -0.0129022 -0.0133332 -0.0134704 -0.0133505 -0.0129726 -0.0124024 -0.0116809 -0.0108196 -0.00986486 -0.00884989 -0.00783817 -0.00683905 -0.00589382 -0.00502259 -0.00423829 -0.00355217 -0.00295977 -0.00244766 -0.00200545 -0.00164208 -0.00133784 -0.00108517 -0.000871746 -0.000719045 -0.000595646 -0.000488914 -0.000415115 -0.000368134 -0.000344493 -0.000307307 -0.000292856 -0.000290075 
0 9.78919e-06 3.79743e-05 6.9813e-05 8.90115e-05 0.000130269 0.00019946 0.000287082 0.000386876 0.000535363 0.000746698 0.000989391 0.00129122 0.00167645 0.00215533 0.00271011 0.00335661 0.00414913 0.00506171 0.00610069 0.00727502 0.00857947 0.010001 0.011472 0.0129942 0.0144954 0.0159318 0.0172685 0.0184064 0.01933 0.0199601 0.0202702 0.0201762 0.0196399 0.0187001 0.0173245 0.0155424 0.0133964 0.0109553 0.0082885 0.00548381 0.00261289 -0.000226952 -0.00296297 -0.00547486 -0.00773078 -0.0096956 -0.011295 -0.0125344 -0.0133914 -0.0138959 -0.0140657 -0.0139657 -0.0135921 -0.0130122 -0.0122737 -0.0114372 -0.0105359 -0.00961227 -0.00869497 -0.00780762 -0.00698856 -0.00625074 -0.00558413 -0.00496088 -0.00441335 -0.00387505 -0.00338971 -0.00292423 -0.00243382 -0.00189629 -0.00130305 -0.000587429 0.000170657 0.000987505 0.00182816 0.00261371 0.00328205 0.00376411 0.00396669 0.00387138 0.00342943 0.00262305 0.00154302 0.000268245 -0.00113573 -0.00257419 -0.0039113 -0.00508896 -0.00603513 -0.00671871 -0.00712767 -0.00728833 -0.00720584 -0.00696544 -0.00659258 -0.00618418 -0.00580382 -0.00548839 -0.00525659 -0.00517477 -0.00519486 -0.00534649 -0.00560494 -0.00592597 -0.00624643 -0.00653952 -0.00671533 -0.00674993 -0.00655942 -0.00611137 -0.00537837 -0.00437298 -0.00311802 -0.00171973 -0.000236651 0.00125764 0.00265834 0.00384651 0.00479841 0.00547194 0.00582656 0.00590265 0.00573911 0.00541454 0.0050282 0.00462114 0.00423233 0.00394153 0.00370102 0.00356029 0.003513 0.00353746 0.00362913 0.0038066 0.00401331 0.00431729 0.00469362 0.00515214 0.00569153 0.00632146 0.00702289 0.00781832 0.00869482 0.0096087 0.0105304 0.0114165 0.0122349 0.0129318 0.0134803 0.0137902 0.0138264 0.0135357 0.0129225 0.0119185 0.0105425 0.00879668 0.00668951 0.00431056 0.00169998 -0.00108241 -0.00394676 -0.00678508 -0.00951038 -0.0120409 -0.0143167 -0.0162372 -0.0177873 -0.0188902 -0.019554 -0.0198226 -0.0196755 -0.0191794 -0.018364 -0.0173278 -0.0160932 -0.0147003 -0.0132474 -0.0117675 -0.0103203 -0.00893516 -0.00764757 -0.00648559 -0.00545073 -0.0045561 -0.00377658 -0.00310356 -0.00254885 -0.0020831 -0.00168802 -0.00136075 -0.00111301 -0.000923203 -0.000757935 -0.000639406 -0.000568605 -0.00051604 -0.000468007 -0.000441649 -0.000443264 
0 1.18525e-05 4.49017e-05 8.90115e-05 0.000120803 0.000184322 0.00028679 0.000416935 0.000569977 0.000789867 0.00108636 0.00143443 0.00185285 0.00238363 0.00303886 0.00379169 0.00468595 0.00574658 0.0069822 0.00836374 0.00991131 0.0116273 0.0134503 0.0153584 0.0172841 0.0191977 0.0210159 0.0226815 0.0241084 0.0252087 0.0259476 0.0262476 0.0260426 0.0252971 0.0240471 0.0222718 0.0199988 0.0172641 0.0141643 0.0107789 0.00720501 0.00358059 -3.41714e-05 -0.00348351 -0.00667991 -0.00957033 -0.0120995 -0.0142092 -0.0158596 -0.0170338 -0.0177628 -0.0180632 -0.0180093 -0.0176355 -0.0169636 -0.0161163 -0.0151091 -0.0140042 -0.01286 -0.0116947 -0.0105542 -0.00949812 -0.00851989 -0.00763101 -0.00680971 -0.00605035 -0.00534132 -0.00467532 -0.00403595 -0.00336242 -0.0026254 -0.00179344 -0.000850011 0.000187279 0.00128193 0.00239084 0.00342557 0.00431746 0.00495646 0.00524087 0.00508254 0.00447241 0.00343909 0.00202098 0.000302109 -0.00155604 -0.00343541 -0.00521404 -0.00678322 -0.00805181 -0.00895954 -0.00949631 -0.00968846 -0.00957362 -0.00924893 -0.00878716 -0.0082552 -0.0077407 -0.00731108 -0.00701621 -0.00689272 -0.00693414 -0.00713929 -0.00746667 -0.0078668 -0.00830622 -0.00870141 -0.0089512 -0.008991 -0.00872894 -0.0081154 -0.00713668 -0.00580276 -0.00416544 -0.00230038 -0.00030817 0.0016525 0.00348655 0.00510271 0.00638858 0.00726635 0.00774476 0.00785317 0.00765744 0.00724473 0.00672977 0.00618337 0.0056907 0.00528254 0.00497556 0.00479926 0.00475067 0.00480123 0.00495964 0.00519468 0.00550874 0.00592053 0.00643013 0.00705376 0.00777292 0.00860388 0.00954022 0.0105718 0.0116999 0.0128675 0.013995 0.0150874 0.0160505 0.0168649 0.0174839 0.0177983 0.0177556 0.0173106 0.016424 0.0150741 0.0132524 0.010977 0.00828984 0.00524036 0.00193224 -0.00161167 -0.0052558 -0.00886758 -0.0123372 -0.0155599 -0.0184469 -0.0209119 -0.0229049 -0.0243586 -0.0252833 -0.0256853 -0.0255935 -0.0250097 -0.0240342 -0.0227516 -0.0212025 -0.019468 -0.0176174 -0.0157459 -0.0138803 -0.0120858 -0.0104006 -0.00885418 -0.00747148 -0.0062563 -0.00519653 -0.00428265 -0.00352723 -0.00289423 -0.0023617 -0.00191364 -0.00157865 -0.00131222 -0.00108774 -0.000923054 -0.000809339 -0.000732437 -0.000648431 -0.000610525 -0.000599298 
0 2.3363e-05 7.00455e-05 0.000130269 0.000184322 0.000277516 0.000418956 0.000596947 0.000810346 0.00110285 0.00149349 0.00195022 0.00250493 0.00319538 0.00403941 0.00502252 0.00617015 0.0075346 0.00908755 0.0108177 0.0127264 0.0148006 0.017002 0.0192562 0.0215397 0.0237742 0.0258877 0.0278084 0.0294081 0.0306257 0.0313759 0.031613 0.0312573 0.030281 0.0287311 0.0265862 0.0238736 0.0206481 0.0170021 0.0130353 0.00886757 0.00461505 0.000399052 -0.00366341 -0.00743751 -0.0108716 -0.0139111 -0.0164652 -0.0185074 -0.0200099 -0.0209986 -0.0215009 -0.0215896 -0.0212759 -0.0206275 -0.0197213 -0.0186257 -0.0173949 -0.0160866 -0.0147409 -0.0134001 -0.0121201 -0.0109261 -0.00981875 -0.00877986 -0.00783473 -0.00692681 -0.00607857 -0.00524801 -0.00436965 -0.00340899 -0.00234735 -0.00113214 0.000163437 0.00153145 0.00291871 0.00421568 0.00531716 0.00610228 0.00643503 0.00625224 0.00550223 0.00418791 0.00241981 0.000322227 -0.00197619 -0.00432255 -0.00652859 -0.00847526 -0.0100467 -0.0111754 -0.0118431 -0.0120849 -0.0119401 -0.0115321 -0.0109394 -0.0102877 -0.00967536 -0.00916357 -0.00879309 -0.00863384 -0.00865826 -0.00889215 -0.00930308 -0.00982499 -0.0103704 -0.0108586 -0.0111581 -0.0111981 -0.0108648 -0.0101019 -0.00888281 -0.00722445 -0.00517698 -0.00287364 -0.000423166 0.0020373 0.00434631 0.0063385 0.00793038 0.00904969 0.00966107 0.0098152 0.00958482 0.00908969 0.00846918 0.00780513 0.00717782 0.0066824 0.00630573 0.00610287 0.00606863 0.00616834 0.00638725 0.00672133 0.0071253 0.00766169 0.00831933 0.00910735 0.0100189 0.0110523 0.012184 0.0134216 0.0147431 0.0160845 0.0173863 0.0185945 0.019651 0.0204966 0.0210862 0.0213113 0.0211162 0.0204452 0.0192862 0.0175831 0.0153534 0.0126126 0.00939134 0.00578909 0.00187286 -0.00228579 -0.00656041 -0.0107996 -0.0148726 -0.0186623 -0.0220754 -0.0250009 -0.0274008 -0.0291925 -0.030375 -0.0309729 -0.0309624 -0.0303919 -0.0293228 -0.0278761 -0.0261067 -0.0240873 -0.0219357 -0.0197167 -0.0175013 -0.0153417 -0.01329 -0.011391 -0.00966446 -0.00813427 -0.00678423 -0.00561504 -0.00463999 -0.00382197 -0.00313087 -0.00255563 -0.00210926 -0.00175613 -0.00145814 -0.00123204 -0.00107694 -0.000958789 -0.00085273 -0.000790142 -0.000767524 
0 4.61659e-05 0.000114734 0.00019946 0.00028679 0.000418956 0.000607519 0.000841463 0.00112519 0.00150207 0.00199061 0.00257395 0.00327788 0.00414739 0.0052002 0.00642406 0.00785206 0.0095141 0.0113937 0.0134575 0.0157012 0.0181089 0.0206211 0.0231811 0.0257304 0.0282044 0.0305117 0.0325629 0.0342423 0.0354601 0.0361554 0.0362658 0.0357276 0.0345188 0.0326765 0.0301958 0.0271085 0.023477 0.0194101 0.0150137 0.0104033 0.00570841 0.00103118 -0.00348215 -0.00770977 -0.0115799 -0.0150263 -0.0179724 -0.0203769 -0.0222197 -0.0235194 -0.0242939 -0.0245931 -0.0244382 -0.0238744 -0.023008 -0.0219028 -0.0206287 -0.0192455 -0.0177877 -0.0163012 -0.0148499 -0.0134602 -0.0121506 -0.0109176 -0.0097662 -0.00866932 -0.00761772 -0.00657373 -0.00547168 -0.00427523 -0.00295663 -0.00149484 7.60025e-05 0.0017206 0.00337649 0.00492712 0.00624911 0.00718555 0.00758452 0.00734239 0.00642846 0.00487366 0.0027718 0.000262724 -0.0024656 -0.00523317 -0.00785115 -0.0101635 -0.0120351 -0.0133802 -0.0141763 -0.0144582 -0.0142926 -0.0138101 -0.013122 -0.0123496 -0.0116099 -0.0109899 -0.0105553 -0.0103619 -0.0104064 -0.0106901 -0.0111696 -0.0117729 -0.0124177 -0.0129907 -0.0133492 -0.0133856 -0.0129805 -0.0120638 -0.0106104 -0.00863918 -0.00621681 -0.00346496 -0.000528482 0.0024014 0.00515109 0.00755411 0.00947143 0.0108067 0.0115481 0.0117482 0.0115055 0.0109511 0.0102348 0.00946435 0.00874488 0.00815201 0.00771994 0.00749482 0.00747927 0.00763772 0.00794914 0.00838086 0.00891471 0.00958318 0.0103949 0.0113582 0.0124548 0.0136717 0.01498 0.0163666 0.0178127 0.0192582 0.0206305 0.0218876 0.0229424 0.0237388 0.0242122 0.0242603 0.0238294 0.0228846 0.0214036 0.0193568 0.0167435 0.0135834 0.00992734 0.00586319 0.00149034 -0.00312647 -0.00785291 -0.0125417 -0.0170623 -0.0212924 -0.0251232 -0.0284476 -0.0311986 -0.0333019 -0.0347498 -0.0355465 -0.0356872 -0.0351871 -0.03413 -0.0326193 -0.0307233 -0.0285331 -0.0261543 -0.0236828 -0.0211804 -0.0187162 -0.0163457 -0.0141175 -0.0120692 -0.0102228 -0.00857741 -0.00713851 -0.00592039 -0.00489205 -0.00402191 -0.00329573 -0.00272199 -0.0022586 -0.00187355 -0.00157637 -0.00136415 -0.00120801 -0.00107268 -0.00099174 -0.000954333 
0 7.556e-05 0.000171656 0.000287082 0.000416935 0.000596947 0.000841463 0.001145 0.00151773 0.00199611 0.00260143 0.00333094 0.0042101 0.00528358 0.00656727 0.008055 0.00977201 0.011734 0.0139231 0.0162976 0.0188411 0.0215294 0.0242964 0.027083 0.0298144 0.0324212 0.0348063 0.0368699 0.0385098 0.0396339 0.0401925 0.0401219 0.0393696 0.0379207 0.0358028 0.0330333 0.0296508 0.0257322 0.021388 0.0167252 0.0118486 0.00687594 0.00190737 -0.00291039 -0.00745793 -0.0116511 -0.0154195 -0.0186975 -0.0214367 -0.0236203 -0.0252521 -0.0263443 -0.0269219 -0.0270077 -0.0266401 -0.0259186 -0.0249101 -0.0236845 -0.0222998 -0.0207971 -0.0192306 -0.0176654 -0.0161365 -0.0146625 -0.0132484 -0.01189 -0.0105816 -0.00930666 -0.00803449 -0.00670309 -0.00526726 -0.00368779 -0.00195567 -9.235e-05 0.00184681 0.00378274 0.00558597 0.0071076 0.00817408 0.00862635 0.00834377 0.00728646 0.00549066 0.00306023 0.000161778 -0.00299096 -0.0061815 -0.00919631 -0.0118473 -0.0139914 -0.0155377 -0.0164642 -0.0168029 -0.016634 -0.0160832 -0.0152895 -0.0143911 -0.0135275 -0.0128051 -0.0123073 -0.0120838 -0.0121464 -0.0124795 -0.0130331 -0.0137221 -0.01445 -0.0150857 -0.0154867 -0.0155185 -0.015054 -0.0140007 -0.0123229 -0.0100371 -0.00722952 -0.00403716 -0.000636897 0.00275827 0.00594353 0.00873318 0.0109666 0.012541 0.0134381 0.0137048 0.0134548 0.0128423 0.0120348 0.0111697 0.0103693 0.00970981 0.00924591 0.0090129 0.009018 0.009233 0.00963454 0.0101827 0.0108663 0.0116923 0.012671 0.0137984 0.0150538 0.0164144 0.0178512 0.0193396 0.0208523 0.0223272 0.02369 0.0248903 0.0258429 0.0264882 0.0267517 0.0265465 0.0258211 0.0245592 0.0227437 0.0203631 0.0174111 0.0139084 0.00991276 0.00551213 0.000813436 -0.00410604 -0.00911989 -0.0140925 -0.0189007 -0.0234302 -0.0275655 -0.0312017 -0.0342476 -0.0366333 -0.0383394 -0.0393604 -0.0396961 -0.0393509 -0.0384032 -0.0369374 -0.0350268 -0.0327649 -0.0302562 -0.0276083 -0.0248914 -0.0221804 -0.0195365 -0.0170148 -0.0146646 -0.0125142 -0.0105751 -0.00886138 -0.00738612 -0.0061292 -0.00506147 -0.00416924 -0.00345071 -0.00286285 -0.00237845 -0.001998 -0.00171641 -0.00150654 -0.00133495 -0.00122438 -0.0011641 
0 0.000107488 0.00023476 0.000386876 0.000569977 0.000810346 0.00112519 0.00151773 0.00200381 0.00260808 0.00335878 0.00425986 0.00534447 0.0066459 0.00817702 0.00994394 0.0119434 0.0141968 0.0166627 0.0193144 0.0221155 0.0250227 0.0279879 0.0309124 0.0337414 0.0363698 0.0387152 0.0406787 0.0421598 0.0431037 0.0434422 0.0431374 0.0421404 0.0404474 0.0380833 0.0350881 0.0315041 0.0274253 0.0229426 0.0181618 0.0131832 0.00808445 0.0029999 -0.00197042 -0.006694 -0.0110927 -0.0151039 -0.0186543 -0.0216983 -0.0242081 -0.0261681 -0.0275953 -0.0284997 -0.0288906 -0.0288299 -0.0283565 -0.0275578 -0.026482 -0.0251802 -0.0237129 -0.0221423 -0.0205236 -0.0189122 -0.0173131 -0.0157345 -0.0141897 -0.0126675 -0.0111738 -0.00967147 -0.00810387 -0.00641198 -0.00456023 -0.00252368 -0.000355172 0.00188992 0.00410901 0.00616008 0.00786595 0.00905338 0.00954208 0.00922596 0.0080395 0.00600517 0.0032629 9.77851e-06 -0.00354984 -0.00715548 -0.010551 -0.0135335 -0.0159439 -0.0176842 -0.0187291 -0.0191164 -0.0189361 -0.0183213 -0.0174244 -0.0164166 -0.0154465 -0.0146343 -0.01407 -0.013816 -0.0138816 -0.0142501 -0.0148694 -0.0156476 -0.0164559 -0.0171594 -0.0176008 -0.0176256 -0.0170926 -0.0158962 -0.0139917 -0.0114007 -0.00821109 -0.00459747 -0.000763513 0.00308781 0.00670746 0.00986841 0.0124185 0.0142528 0.0153197 0.0156767 0.0154366 0.0147796 0.0138934 0.0129453 0.012063 0.0113616 0.0108817 0.0106625 0.010707 0.0109945 0.0114888 0.0121715 0.0130038 0.0139945 0.0151351 0.0164023 0.0177841 0.0192452 0.0207568 0.0222984 0.0238167 0.0252403 0.0265095 0.0275322 0.0282727 0.028657 0.0286223 0.0281043 0.0270505 0.0254475 0.023302 0.0205995 0.0173556 0.0135926 0.00935819 0.00476074 -0.000131115 -0.00520167 -0.0103531 -0.0154594 -0.0204042 -0.0250895 -0.0294077 -0.0332519 -0.0365262 -0.0391566 -0.041105 -0.0423726 -0.0429333 -0.0428217 -0.042071 -0.0407599 -0.0389561 -0.03673 -0.0342047 -0.0314631 -0.0286118 -0.0257144 -0.0228455 -0.0200723 -0.0174447 -0.0150096 -0.0127837 -0.0107955 -0.00905494 -0.00755573 -0.00627337 -0.00520063 -0.00431873 -0.00359462 -0.00299843 -0.0025206 -0.00215627 -0.00187101 -0.00165356 -0.00149791 -0.00140607 
0 0.000156091 0.000331771 0.000535363 0.000789867 0.00110285 0.00150207 0.00199611 0.00260808 0.00336206 0.00427276 0.00537687 0.00668484 0.00823514 0.0100307 0.0120713 0.014364 0.0168753 0.0196037 0.0224891 0.0254944 0.0285723 0.031636 0.0346315 0.0374352 0.0399844 0.0421803 0.0439251 0.0451721 0.0458362 0.0459048 0.0453144 0.0440515 0.0421272 0.0395556 0.0364023 0.0327197 0.0285819 0.0240822 0.0193118 0.0143487 0.00929436 0.004227 -0.000722317 -0.00548478 -0.0099763 -0.0141264 -0.0178897 -0.0211877 -0.0239887 -0.0262716 -0.0280458 -0.0292994 -0.0300729 -0.0303653 -0.0302401 -0.0297321 -0.0288951 -0.0277807 -0.0264413 -0.0249446 -0.0233559 -0.0217063 -0.0200236 -0.0183344 -0.0166158 -0.0149245 -0.0132215 -0.011485 -0.00966594 -0.00770317 -0.00554175 -0.00322271 -0.000733811 0.00181545 0.00430735 0.00659821 0.00850483 0.00981406 0.0103553 0.00997131 0.00863196 0.00639967 0.0033741 -0.000245826 -0.00417512 -0.00813987 -0.0119086 -0.015222 -0.0179013 -0.0198362 -0.0209919 -0.0214009 -0.0211981 -0.0205141 -0.0195453 -0.0184454 -0.0173759 -0.0164752 -0.015858 -0.0155562 -0.0156265 -0.0160232 -0.0166923 -0.0175377 -0.0184395 -0.0192179 -0.0197119 -0.0197144 -0.0190951 -0.0177396 -0.0156038 -0.0127175 -0.00919812 -0.00517702 -0.000891315 0.00338573 0.00741222 0.01098 0.0138656 0.0159374 0.0171797 0.0176323 0.017439 0.0167764 0.0158361 0.0148209 0.0138974 0.0131369 0.0126577 0.0124648 0.012568 0.0129491 0.0135694 0.0143701 0.0153668 0.0164974 0.0177742 0.0191648 0.0206313 0.022143 0.0236769 0.025184 0.0266196 0.0279108 0.0289677 0.0297396 0.0301584 0.0302004 0.0297988 0.0289161 0.0275038 0.0255628 0.0230772 0.0200878 0.0165934 0.0126365 0.00829107 0.00360699 -0.00131284 -0.00639599 -0.0115391 -0.0166357 -0.0215839 -0.0262934 -0.0306647 -0.0346215 -0.0380415 -0.0408714 -0.0430584 -0.0445617 -0.0454017 -0.045554 -0.0450846 -0.0440173 -0.0424144 -0.0403556 -0.0379041 -0.0351891 -0.032282 -0.0292784 -0.0262562 -0.0232808 -0.02043 -0.0177342 -0.0152427 -0.0129834 -0.0109686 -0.00920961 -0.00768974 -0.00640486 -0.00533318 -0.00444431 -0.00371741 -0.00312783 -0.00266048 -0.00229587 -0.00201809 -0.00182156 -0.00169609 
0 0.000226769 0.000469019 0.000746698 0.00108636 0.00149349 0.00199061 0.00260143 0.00335878 0.00427276 0.00537451 0.00669147 0.00825116 0.0100616 0.0121219 0.01445 0.0170048 0.0197779 0.0227191 0.0258026 0.0289601 0.0321125 0.0352124 0.0381404 0.0408322 0.0431778 0.0451184 0.0465745 0.0474885 0.0478384 0.0475727 0.0466761 0.045144 0.0430061 0.04028 0.0370459 0.0333416 0.0292549 0.0248365 0.0201812 0.015378 0.0104682 0.00558432 0.000762366 -0.00391332 -0.00838231 -0.0125871 -0.0164639 -0.019948 -0.0230014 -0.0255832 -0.0277114 -0.0293587 -0.0305223 -0.0312455 -0.0314977 -0.0313551 -0.0308432 -0.0299989 -0.0288827 -0.0275589 -0.0260601 -0.0244555 -0.0227572 -0.0209946 -0.0191803 -0.0173282 -0.0154319 -0.0134587 -0.0113758 -0.00912434 -0.00668233 -0.00404701 -0.00126994 0.00157464 0.00435471 0.00690725 0.00899986 0.0104328 0.0109997 0.0105879 0.00912195 0.00664639 0.00333522 -0.000572723 -0.00485607 -0.00919553 -0.0132967 -0.0169025 -0.0198237 -0.0219358 -0.0232037 -0.0236684 -0.0234568 -0.0227102 -0.0216386 -0.0204437 -0.0192905 -0.0183219 -0.0176427 -0.0173068 -0.0173615 -0.0177793 -0.0185078 -0.0194433 -0.0204155 -0.0212431 -0.0217506 -0.0217311 -0.021035 -0.0195375 -0.0171916 -0.0140245 -0.0101424 -0.00573765 -0.0010609 0.00366961 0.00814051 0.012069 0.0152633 0.0176077 0.0190333 0.0196101 0.0194676 0.0188225 0.0178788 0.0168455 0.0158714 0.0151023 0.0146157 0.0144543 0.0146224 0.015106 0.0158406 0.0167931 0.0179172 0.0191817 0.0205697 0.0220322 0.0235462 0.02505 0.026515 0.0279033 0.0291507 0.030191 0.0309776 0.031397 0.0314571 0.0310948 0.0302737 0.0289898 0.0272017 0.0249102 0.0221323 0.0188849 0.015208 0.0111506 0.00676675 0.00214306 -0.00270166 -0.00764927 -0.0126547 -0.0176222 -0.0224498 -0.0270688 -0.0313921 -0.0353506 -0.0388474 -0.0418277 -0.044219 -0.0459895 -0.0471016 -0.0475848 -0.0474295 -0.0466721 -0.0453644 -0.0435426 -0.0412975 -0.0386888 -0.0358397 -0.0328152 -0.0297138 -0.0266178 -0.0235871 -0.0206837 -0.0179481 -0.0154316 -0.0131429 -0.01111 -0.00933271 -0.00781093 -0.00651467 -0.005435 -0.00455131 -0.00382836 -0.00324946 -0.00278712 -0.00245215 -0.00220453 -0.00204833 
0 0.000306859 0.000630223 0.000989391 0.00143443 0.00195022 0.00257395 0.00333094 0.00425986 0.00537687 0.00669147 0.0082653 0.0100894 0.0121717 0.0144997 0.0170798 0.0198886 0.0228564 0.025976 0.0291837 0.0324112 0.0355735 0.0385841 0.0413787 0.043835 0.0459 0.0475083 0.0485919 0.0491385 0.0491006 0.0484808 0.0472564 0.0454648 0.0431534 0.0403327 0.0370828 0.033452 0.0294903 0.0252554 0.0208252 0.0162655 0.0116399 0.00700784 0.00243131 -0.00206769 -0.0064227 -0.0105695 -0.0144762 -0.0180738 -0.0213217 -0.0241852 -0.0266545 -0.0286724 -0.0302565 -0.0313883 -0.0320772 -0.0323515 -0.0322399 -0.0317674 -0.0309675 -0.0298885 -0.0285778 -0.027075 -0.0254266 -0.0236752 -0.0217948 -0.0198479 -0.0177882 -0.0155957 -0.0132584 -0.0107303 -0.00797741 -0.00505968 -0.0019669 0.00117921 0.00422852 0.00701417 0.00930979 0.0108671 0.0114893 0.0110168 0.00941756 0.00676964 0.0032039 -0.00104461 -0.00565176 -0.0102916 -0.0147024 -0.0185817 -0.0217218 -0.0240041 -0.0253785 -0.0258801 -0.02567 -0.0248847 -0.0237514 -0.0224587 -0.0211902 -0.0201203 -0.019387 -0.0190279 -0.0191111 -0.0195723 -0.0203433 -0.0213164 -0.0223368 -0.0232044 -0.0237394 -0.0236902 -0.0229139 -0.0212796 -0.018724 -0.0152868 -0.0110966 -0.0063001 -0.00118087 0.00395239 0.00880795 0.0131285 0.01666 0.0192535 0.0208785 0.021591 0.0215549 0.0209668 0.020034 0.0189934 0.0180268 0.0172346 0.0167682 0.0166436 0.0168787 0.0174633 0.0183245 0.0193861 0.0206396 0.0219869 0.0234301 0.0249234 0.026413 0.0278477 0.029186 0.0303615 0.0313276 0.0320364 0.0324323 0.0324639 0.0320957 0.0313077 0.0300529 0.0283507 0.0261863 0.0235772 0.0205326 0.0171091 0.0133241 0.00923938 0.0049309 0.000426481 -0.00421576 -0.00893748 -0.0136935 -0.0184199 -0.0230369 -0.027473 -0.031656 -0.035539 -0.0390254 -0.0420897 -0.0446571 -0.0466554 -0.0480808 -0.0488963 -0.0491151 -0.0487234 -0.047766 -0.0462906 -0.0443171 -0.0419408 -0.039229 -0.0362743 -0.0331744 -0.030007 -0.0268623 -0.0237813 -0.0208445 -0.0180945 -0.0155485 -0.0132511 -0.0112132 -0.00944527 -0.00791116 -0.00661814 -0.00555601 -0.00468028 -0.00396661 -0.00339835 -0.00298266 -0.00267543 -0.00247269 
0 0.000406326 0.000825647 0.00129122 0.00185285 0.00250493 0.00327788 0.0042101 0.00534447 0.00668484 0.00825116 0.0100894 0.0121953 0.0145464 0.017127 0.0199507 0.0229613 0.0260998 0.029324 0.0325892 0.0358043 0.038863 0.0417055 0.0442405 0.0463909 0.0480889 0.0493005 0.0499776 0.0501031 0.0496714 0.0486783 0.0471429 0.0451232 0.0426761 0.0398099 0.036605 0.0330992 0.0293498 0.0253836 0.0212693 0.0170638 0.0127802 0.00849259 0.00420692 -4.42606e-05 -0.00420523 -0.00822333 -0.0120725 -0.0157064 -0.0190885 -0.0221667 -0.0249232 -0.02729 -0.0292556 -0.0308287 -0.031966 -0.0327042 -0.0330453 -0.0329937 -0.0325726 -0.0318262 -0.0307745 -0.0294743 -0.0279595 -0.0262666 -0.0243933 -0.0223774 -0.0201974 -0.0178358 -0.0152875 -0.0125062 -0.00947891 -0.00623991 -0.00283589 0.00061725 0.00394852 0.00696702 0.00941696 0.0110728 0.0117257 0.0112419 0.00955037 0.00671442 0.00291264 -0.0015906 -0.00650689 -0.0114687 -0.0161574 -0.0202706 -0.0236027 -0.0260275 -0.0275026 -0.0280678 -0.0278647 -0.0270332 -0.0258148 -0.0244313 -0.0230784 -0.0219409 -0.0211527 -0.0207642 -0.0208393 -0.0213241 -0.0221436 -0.0231788 -0.024243 -0.0251296 -0.0256549 -0.0255764 -0.0247291 -0.0229647 -0.0202146 -0.0165072 -0.0119714 -0.00680906 -0.00131949 0.00422319 0.00948052 0.0141487 0.0179972 0.0208916 0.0227621 0.0236669 0.0237452 0.0232223 0.0223241 0.0212993 0.0203329 0.0195778 0.0191508 0.0190861 0.0193886 0.0200477 0.0209851 0.0221398 0.0234618 0.0248647 0.0263176 0.0277628 0.0291555 0.0304302 0.0315473 0.0324412 0.0330568 0.0333579 0.0333244 0.0328895 0.0320696 0.0308235 0.0291279 0.027023 0.0245105 0.0216222 0.0183928 0.014865 0.0110694 0.00705715 0.00288022 -0.00141682 -0.00581756 -0.010236 -0.0146663 -0.019068 -0.023378 -0.0275503 -0.0315208 -0.0352498 -0.0386672 -0.0417564 -0.0444442 -0.0466632 -0.0483734 -0.0495541 -0.050158 -0.0501686 -0.0496169 -0.048523 -0.0469159 -0.0448365 -0.0423682 -0.039574 -0.0365572 -0.0334057 -0.0301977 -0.0270053 -0.0239068 -0.0209623 -0.0181879 -0.015638 -0.0133454 -0.0113228 -0.00953929 -0.00801548 -0.006751 -0.00569894 -0.00483276 -0.00413918 -0.0036307 -0.00324768 -0.00298958 
0 0.000532154 0.00107857 0.00167645 0.00238363 0.00319538 0.00414739 0.00528358 0.0066459 0.00823514 0.0100616 0.0121717 0.0145464 0.0171522 0.0199662 0.0229926 0.02617 0.0294168 0.0326887 0.0359305 0.0390428 0.0419148 0.0444893 0.0466961 0.0484637 0.0497429 0.0505115 0.0507406 0.050429 0.0495909 0.0482452 0.046435 0.0442348 0.0417014 0.0388407 0.0357223 0.0323959 0.0289044 0.025265 0.0215216 0.0177076 0.0138228 0.00991571 0.00598688 0.00205336 -0.00183868 -0.00564991 -0.00937182 -0.0129746 -0.0164139 -0.0196371 -0.0226096 -0.025264 -0.0275865 -0.0295697 -0.0311601 -0.0323647 -0.0331728 -0.0335781 -0.0335925 -0.0332438 -0.032542 -0.0315204 -0.0302147 -0.0286575 -0.0268529 -0.0248429 -0.0226109 -0.0201369 -0.0174197 -0.0144179 -0.0111268 -0.00759683 -0.00389026 -0.000145961 0.00344165 0.00666944 0.00928307 0.0110406 0.0117272 0.0112056 0.00942104 0.00644306 0.00244493 -0.00230465 -0.00747648 -0.0126953 -0.0176386 -0.0219886 -0.0255139 -0.0280806 -0.0296342 -0.0302223 -0.0300016 -0.0291343 -0.0278629 -0.0264148 -0.0249895 -0.023784 -0.0229402 -0.0225207 -0.0225842 -0.0230792 -0.0239229 -0.0249956 -0.0261042 -0.027032 -0.0275657 -0.0274457 -0.0264962 -0.0245761 -0.0216155 -0.0176566 -0.0128274 -0.00732355 -0.00145434 0.0044673 0.0101027 0.0151434 0.0193397 0.0225346 0.0246594 0.0257721 0.0260157 0.0256039 0.0247716 0.0237854 0.0228516 0.0221338 0.0217573 0.021753 0.0221178 0.0228341 0.0238188 0.0250103 0.0263535 0.0277492 0.029146 0.0304788 0.0316878 0.0327176 0.0335295 0.0340621 0.0342672 0.0341189 0.0336043 0.0326844 0.0313831 0.0296811 0.0275715 0.0251046 0.0223007 0.0191937 0.0158313 0.0122622 0.00851855 0.00464445 0.000677809 -0.00336034 -0.00745045 -0.0115189 -0.0155654 -0.0195754 -0.023517 -0.0273615 -0.0310664 -0.0345941 -0.0378922 -0.0409507 -0.0437035 -0.0460811 -0.0480441 -0.0495564 -0.0505486 -0.0509796 -0.0508616 -0.0502049 -0.0490153 -0.0473219 -0.0451821 -0.0426497 -0.0398163 -0.0367643 -0.0335761 -0.0303312 -0.027128 -0.024027 -0.0210534 -0.0182703 -0.0157257 -0.013443 -0.011397 -0.00962381 -0.00813262 -0.00688047 -0.00584177 -0.00501034 -0.00439749 -0.00393699 -0.00362561 
0 0.000686642 0.00139254 0.00215533 0.00303886 0.00403941 0.0052002 0.00656727 0.00817702 0.0100307 0.0121219 0.0144997 0.017127 0.0199662 0.0229868 0.0261728 0.0294698 0.0327618 0.0360125 0.0391448 0.0420595 0.0446565 0.0468731 0.0486828 0.0500044 0.0508197 0.0511117 0.0508741 0.0501349 0.0489159 0.0472684 0.0452417 0.0429178 0.0403459 0.0375361 0.0345457 0.0314436 0.0282475 0.0249697 0.0216242 0.0182176 0.014761 0.0112602 0.00773069 0.0041594 0.000581675 -0.00297383 -0.00651258 -0.010013 -0.0134254 -0.0167106 -0.019825 -0.0227089 -0.025352 -0.0277054 -0.0297217 -0.0313648 -0.0326243 -0.0334916 -0.0339692 -0.0340619 -0.0337748 -0.0331051 -0.0320908 -0.0307589 -0.0291061 -0.0271774 -0.0249505 -0.0224099 -0.0195605 -0.0163807 -0.012868 -0.0091001 -0.00513532 -0.00113404 0.00269595 0.00612697 0.00890124 0.0107501 0.0114723 0.0109165 0.00904408 0.00593808 0.00177467 -0.00318052 -0.00856478 -0.0140085 -0.019176 -0.0237271 -0.0274143 -0.0301039 -0.0317331 -0.0323506 -0.0321177 -0.0312134 -0.0298858 -0.0283747 -0.0268909 -0.0256299 -0.0247359 -0.0242796 -0.02432 -0.0248156 -0.0256839 -0.0267923 -0.0279367 -0.0288852 -0.0294058 -0.0292318 -0.0281799 -0.0261115 -0.0229494 -0.0187418 -0.0136296 -0.00780539 -0.00157298 0.0047199 0.0107366 0.0161547 0.0207006 0.0242032 0.0266041 0.027944 0.0283822 0.0281213 0.0274052 0.0265001 0.0256288 0.024948 0.0246079 0.0246329 0.0250252 0.0257584 0.0267516 0.0279277 0.0292347 0.0305523 0.0318166 0.0329573 0.0338958 0.034594 0.0350162 0.0351135 0.0348571 0.0342354 0.0332293 0.031839 0.0300682 0.0279361 0.0254527 0.022679 0.0196542 0.016407 0.012981 0.00943481 0.00579843 0.00211584 -0.00158099 -0.00531092 -0.00903748 -0.0127241 -0.0163574 -0.019945 -0.0234843 -0.0269612 -0.0303609 -0.033652 -0.0367968 -0.0397855 -0.0425579 -0.0450378 -0.0472048 -0.0489985 -0.0503537 -0.0511976 -0.0515204 -0.0513266 -0.050587 -0.0493377 -0.0475939 -0.0454107 -0.042856 -0.0399968 -0.0369189 -0.0336966 -0.030453 -0.0272439 -0.0241098 -0.0211227 -0.0183435 -0.0158067 -0.0134983 -0.0114668 -0.00973252 -0.00826176 -0.00703168 -0.00604723 -0.00531362 -0.00476948 -0.00440356 
0 0.000862422 0.00174618 0.00271011 0.00379169 0.00502252 0.00642406 0.008055 0.00994394 0.0120713 0.01445 0.0170798 0.0199507 0.0229926 0.0261728 0.0294737 0.0328001 0.0360716 0.0391953 0.0421255 0.0447527 0.0469809 0.0487939 0.0501362 0.050991 0.0513125 0.0511185 0.0504357 0.0492907 0.0477523 0.0458545 0.0436703 0.0412729 0.0387053 0.0359872 0.0331781 0.0303255 0.0274585 0.0245491 0.0215984 0.0186175 0.0155814 0.0125226 0.00939988 0.00621256 0.00297369 -0.000303039 -0.00361292 -0.00694381 -0.0102651 -0.0135303 -0.016708 -0.019759 -0.0226287 -0.0252988 -0.0276703 -0.0297177 -0.0314166 -0.0327457 -0.0336939 -0.0342576 -0.0343987 -0.0341355 -0.0334819 -0.0324451 -0.0310482 -0.0292743 -0.0271212 -0.0245773 -0.02165 -0.0183365 -0.0146771 -0.0107041 -0.00654229 -0.00233068 0.00171192 0.00533064 0.00823133 0.0101699 0.0109155 0.0103481 0.00841129 0.0051804 0.000867478 -0.00423383 -0.00980775 -0.0154548 -0.0207851 -0.0254848 -0.0293072 -0.0320887 -0.0337831 -0.0344516 -0.0342208 -0.0332899 -0.0319075 -0.0303268 -0.0287696 -0.027447 -0.0265005 -0.0260224 -0.0260511 -0.0265598 -0.0274468 -0.0285734 -0.0297264 -0.0306658 -0.031142 -0.0309175 -0.0297729 -0.0275588 -0.0242182 -0.0197803 -0.0143664 -0.00822517 -0.00166304 0.00500929 0.0114125 0.0171883 0.0220773 0.0259115 0.0286034 0.0302138 0.0308688 0.0307959 0.0302401 0.0294511 0.0286382 0.0280115 0.0276702 0.0276901 0.0280662 0.0287654 0.0297079 0.0308225 0.0319983 0.0331559 0.0341933 0.0350409 0.035646 0.0359516 0.0359357 0.0355653 0.0348149 0.0336923 0.0322121 0.0303546 0.0281719 0.0256566 0.0228621 0.0198572 0.0166872 0.0133815 0.00998085 0.00651587 0.0030399 -0.000408124 -0.00381947 -0.00718875 -0.0105388 -0.0138126 -0.0170282 -0.0201977 -0.0233255 -0.0264276 -0.0294958 -0.0325142 -0.0354728 -0.0383507 -0.0410905 -0.0436349 -0.0459339 -0.047971 -0.0496383 -0.050875 -0.0516435 -0.051905 -0.0516566 -0.0508656 -0.049574 -0.0477957 -0.0455868 -0.0430124 -0.0401165 -0.0370094 -0.0337871 -0.030534 -0.0272959 -0.0241493 -0.0211802 -0.0184116 -0.0158622 -0.0135771 -0.0115936 -0.00989232 -0.00845355 -0.00729676 -0.00642015 -0.00577606 -0.00534593 
0 0.00106607 0.00217041 0.00335661 0.00468595 0.00617015 0.00785206 0.00977201 0.0119434 0.014364 0.0170048 0.0198886 0.0229613 0.02617 0.0294698 0.0328001 0.0361024 0.0392362 0.0421602 0.0447893 0.0470422 0.0488611 0.050195 0.0510648 0.0514097 0.0512444 0.0505855 0.0494835 0.0480059 0.0461959 0.0441155 0.0418262 0.0394001 0.0368796 0.0343036 0.0316954 0.0291299 0.0265741 0.0240286 0.021471 0.0188866 0.0163001 0.0136533 0.0109488 0.00813996 0.00524321 0.00227429 -0.000768867 -0.0038914 -0.00705189 -0.0102426 -0.0134077 -0.016513 -0.019538 -0.0224011 -0.0250712 -0.0274691 -0.0295728 -0.0313455 -0.0327616 -0.0337705 -0.0343719 -0.0345304 -0.0342768 -0.0336096 -0.0325137 -0.0309788 -0.0289862 -0.0265215 -0.0236006 -0.0202467 -0.0164757 -0.0123811 -0.00804875 -0.00366675 0.000525936 0.00425839 0.00727244 0.00926355 0.010039 0.00943869 0.00745107 0.00415595 -0.000267185 -0.00554282 -0.0112464 -0.0170152 -0.0224825 -0.0273072 -0.0312184 -0.0340873 -0.0358409 -0.0365309 -0.0363005 -0.0353633 -0.0339369 -0.032287 -0.0306576 -0.0292616 -0.0282609 -0.0277691 -0.0277975 -0.028313 -0.0292106 -0.0303312 -0.0314644 -0.032388 -0.0328278 -0.0325281 -0.031274 -0.0289282 -0.0253948 -0.0207255 -0.0150604 -0.00860887 -0.00166761 0.00534458 0.0120913 0.0182382 0.0234973 0.0276658 0.0306892 0.0325851 0.0335214 0.0336662 0.03327 0.0325893 0.0318634 0.0312541 0.0309197 0.0308993 0.0312105 0.0318141 0.0326343 0.033577 0.0345531 0.0354438 0.0361615 0.0366524 0.0368439 0.0367267 0.0362537 0.0354 0.0341541 0.0325433 0.0305747 0.0283146 0.0257512 0.022941 0.0199211 0.0167559 0.013521 0.010232 0.00691747 0.0036109 0.000341459 -0.0028519 -0.00594218 -0.00897602 -0.0119155 -0.0147939 -0.0175929 -0.02035 -0.0230944 -0.0258183 -0.0285506 -0.0312743 -0.0340066 -0.0367317 -0.0394017 -0.0419459 -0.0443473 -0.0465448 -0.0484836 -0.0500666 -0.0512391 -0.0519691 -0.0521856 -0.0518991 -0.0510713 -0.0497485 -0.0479525 -0.0457197 -0.0431132 -0.0401905 -0.0370839 -0.033851 -0.0305706 -0.0273266 -0.0242013 -0.0212436 -0.0184708 -0.0159493 -0.0137184 -0.0117797 -0.0101264 -0.00878035 -0.00774545 -0.00698545 -0.00648291 
0 0.00132141 0.00267983 0.00414913 0.00574658 0.0075346 0.0095141 0.011734 0.0141968 0.0168753 0.0197779 0.0228564 0.0260998 0.0294168 0.0327618 0.0360716 0.0392362 0.0421827 0.0448072 0.0470768 0.0489099 0.0502576 0.051114 0.0514572 0.0513072 0.0506573 0.049566 0.0481094 0.0463446 0.044337 0.0421283 0.0397918 0.0373964 0.0349778 0.0325725 0.0302067 0.0279 0.0256559 0.0234435 0.0212472 0.0190638 0.0168698 0.0146362 0.0123101 0.00987423 0.00733487 0.00469192 0.0019408 -0.000923578 -0.00389894 -0.00694466 -0.0100188 -0.0131124 -0.016171 -0.0191721 -0.0220436 -0.024721 -0.0271628 -0.0293149 -0.0311384 -0.0325956 -0.0336315 -0.0342466 -0.0344264 -0.0341453 -0.033416 -0.0321729 -0.0304104 -0.0281246 -0.0253066 -0.0219809 -0.0182046 -0.0140227 -0.00960419 -0.00512645 -0.000832701 0.00298171 0.00601597 0.00802712 0.00879773 0.00819184 0.00616252 0.00278653 -0.0017186 -0.00704417 -0.0128574 -0.0187565 -0.0243064 -0.0292042 -0.0332015 -0.0361141 -0.0379052 -0.038634 -0.0383938 -0.0374138 -0.0359401 -0.0342384 -0.0325617 -0.0311275 -0.0300843 -0.0295482 -0.0295363 -0.0300377 -0.0309343 -0.0320582 -0.0331945 -0.0340816 -0.0344419 -0.0340654 -0.0327007 -0.0301897 -0.0264831 -0.0215889 -0.0156282 -0.0088855 -0.00165895 0.00571129 0.0128333 0.019338 0.0249507 0.0294918 0.0328748 0.0351196 0.0363263 0.0366998 0.0364854 0.0359212 0.0352403 0.0346654 0.03429 0.0342003 0.0343903 0.0348085 0.0354044 0.0360979 0.0367597 0.0373235 0.0376631 0.0377197 0.0374685 0.0368709 0.0359167 0.0345886 0.0328705 0.0308005 0.0284231 0.0257859 0.0229427 0.0199085 0.0167505 0.0135193 0.0102759 0.00705937 0.00388738 0.000775293 -0.0022396 -0.0051397 -0.0079244 -0.0105953 -0.0131719 -0.0156505 -0.0180555 -0.0204277 -0.0227955 -0.0251794 -0.0275816 -0.0300115 -0.0325015 -0.0350377 -0.0375863 -0.0400979 -0.0425206 -0.0448343 -0.0469557 -0.0488171 -0.0503521 -0.0514878 -0.0521912 -0.0523856 -0.0520685 -0.0512345 -0.0498958 -0.0480912 -0.0458284 -0.0432035 -0.0402804 -0.0371529 -0.0339 -0.0306051 -0.0273808 -0.0242553 -0.0212993 -0.0185571 -0.0160912 -0.0139227 -0.0120499 -0.0105168 -0.00930957 -0.00843004 -0.00784998 
0 0.00161818 0.00328693 0.00506171 0.0069822 0.00908755 0.0113937 0.0139231 0.0166627 0.0196037 0.0227191 0.025976 0.029324 0.0326887 0.0360125 0.0391953 0.0421602 0.0448072 0.047078 0.0489201 0.0502826 0.051149 0.0514874 0.0513303 0.0506891 0.0496086 0.0481495 0.046393 0.0444132 0.0422561 0.0399775 0.0376549 0.0353449 0.033074 0.0308804 0.0287489 0.0267165 0.0247493 0.0228522 0.0209937 0.0191456 0.0173171 0.0154267 0.0134614 0.0113891 0.00921105 0.00691054 0.00447236 0.00187296 -0.000867482 -0.00373202 -0.00666212 -0.00966062 -0.0127081 -0.0157417 -0.0187327 -0.0215875 -0.0242657 -0.0267147 -0.0289019 -0.0307478 -0.0322205 -0.0332688 -0.0338762 -0.0340132 -0.0336706 -0.0327819 -0.0313296 -0.0292864 -0.0266396 -0.0234297 -0.0196994 -0.0155463 -0.0111182 -0.00662886 -0.00233522 0.00146814 0.00451401 0.00650408 0.00724477 0.00658142 0.00451127 0.0011068 -0.00344589 -0.00885305 -0.0147 -0.0206316 -0.026245 -0.0312141 -0.0352556 -0.0382101 -0.0400115 -0.0407158 -0.0404474 -0.0394581 -0.0379547 -0.0362122 -0.0344927 -0.0330011 -0.0319007 -0.0313358 -0.0312924 -0.0317621 -0.0326366 -0.0337331 -0.0348344 -0.0356995 -0.0360121 -0.0355332 -0.0340203 -0.0313393 -0.0274178 -0.0222981 -0.0161118 -0.00909509 -0.00152451 0.00617101 0.0136325 0.0205131 0.0265177 0.0314269 0.0351705 0.0377407 0.0392728 0.0399075 0.0398761 0.0394179 0.0387846 0.0381676 0.0377098 0.0374713 0.0374637 0.0376297 0.0379197 0.038256 0.0385364 0.0386837 0.0385865 0.038189 0.0374488 0.0363673 0.0349215 0.0331256 0.0309769 0.0285211 0.0257955 0.022897 0.0198369 0.0166803 0.013474 0.0102487 0.00707493 0.00397405 0.000968572 -0.00191836 -0.0046606 -0.00725346 -0.00969944 -0.0120367 -0.0142429 -0.0163713 -0.0184125 -0.0204257 -0.0224637 -0.0245244 -0.0266335 -0.0287846 -0.0310245 -0.0333446 -0.0357312 -0.0381463 -0.0405536 -0.0429049 -0.045157 -0.0472276 -0.0490507 -0.0505651 -0.0516939 -0.0523816 -0.052559 -0.0522356 -0.0513914 -0.05004 -0.0482041 -0.0459293 -0.0432896 -0.0403456 -0.0371986 -0.0339334 -0.0306539 -0.0274253 -0.0243189 -0.0213994 -0.0187232 -0.0163364 -0.0142598 -0.0125316 -0.0111556 -0.0101434 -0.00948308 
