0 0 0 0 0 0 0 0 0 0 0 0 0 0 0 0 0 0 0 0 0 0 0 0 0 0 0 0 0 0 0 0 0 0 0 0 0 0 0 0 0 0 0 0 0 0 0 0 0 0 0 0 0 0 0 0 0 0 0 0 0 0 0 0 0 0 0 0 0 0 0 0 0 0 0 0 0 0 0 0 0 0 0 0 0 0 0 0 0 0 0 0 0 0 0 0 0 0 0 0 0 0 0 0 0 0 0 0 0 0 0 0 0 0 0 0 0 0 0 0 0 0 0 0 0 0 0 0 0 0 0 0 0 0 0 0 0 0 0 0 0 0 0 0 0 0 0 0 0 0 0 0 0 0 0 0 0 0 0 0 0 0 0 0 0 0 0 0 0 0 0 0 0 0 0 0 0 0 0 0 0 0 0 0 0 0 0 0 0 0 0 0 0 0 0 0 0 0 0 0 
0 2.70537e-05 6.08932e-05 9.38928e-05 0.000144322 0.000204209 0.000291148 0.000393914 0.000514152 0.000666503 0.000843053 0.00106101 0.00130926 0.00161191 0.00196146 0.0023526 0.00280054 0.00329137 0.00382118 0.00434937 0.00487818 0.00538628 0.0058444 0.00623963 0.00655546 0.0067806 0.00687729 0.00683593 0.0066371 0.00627739 0.00575283 0.00508603 0.00429415 0.00340796 0.0024663 0.00147323 0.000464562 -0.000535188 -0.00147605 -0.00233691 -0.0030906 -0.00370836 -0.00419211 -0.00454348 -0.00476438 -0.00487414 -0.00487369 -0.00476011 -0.00456498 -0.00429986 -0.0040048 -0.00368433 -0.00336137 -0.0030453 -0.00273051 -0.00243558 -0.00215566 -0.00188711 -0.00165397 -0.00145234 -0.00127522 -0.00113186 -0.000995435 -0.000875212 -0.00077497 -0.000698183 -0.000641125 -0.00060073 -0.000560446 -0.000514725 -0.000459923 -0.000398379 -0.000324505 -0.00023538 -0.000117425 3.46462e-05 0.000216181 0.000436517 0.00068605 0.000942252 0.00117472 0.00135746 0.00147157 0.00149192 0.00138598 0.00116998 0.00085439 0.000448746 -2.03515e-05 -0.000519656 -0.00102986 -0.00151541 -0.00195148 -0.00231659 -0.00260759 -0.00282159 -0.00296757 -0.00305581 -0.00310549 -0.00312611 -0.00312962 -0.00311613 -0.00308726 -0.0030278 -0.0029278 -0.00277255 -0.00255072 -0.00225057 -0.00187791 -0.0014406 -0.000958496 -0.000442748 7.43459e-05 0.000565645 0.00100854 0.0013713 0.00162212 0.00177141 0.00182127 0.00178026 0.00167072 0.0015318 0.00138811 0.00124754 0.00111257 0.000994533 0.000893315 0.00081526 0.000760072 0.000723932 0.000707147 0.000696373 0.000689395 0.000685582 0.000689997 0.000705499 0.000734662 0.000778899 0.000845667 0.000920891 0.00102242 0.00113609 0.00126721 0.00143624 0.00163558 0.00186602 0.00213077 0.00240126 0.00268743 0.00299649 0.00331676 0.00365322 0.00397383 0.00426713 0.00450166 0.00466466 0.0047391 0.00470395 0.00455344 0.0042866 0.00387628 0.00332033 0.0026255 0.00180252 0.000896607 -6.98974e-05 -0.00106096 -0.00206126 -0.0030265 -0.00393015 -0.00474988 -0.00545237 -0.00600697 -0.00640045 -0.00663956 -0.00671978 -0.00666746 -0.00648568 -0.00620415 -0.00583528 -0.00540373 -0.00492546 -0.00440395 -0.00388602 -0.00337699 -0.00289915 -0.00245494 -0.00206418 -0.00173079 -0.00143121 -0.00117988 -0.000968008 -0.000795063 -0.000642627 -0.000515754 -0.000422905 -0.000344203 -0.000282457 -0.000235175 -0.000211425 
0 6.08932e-05 0.000124823 0.000210553 0.000303236 0.000437086 0.000604237 0.000809235 0.00105969 0.00135655 0.00173055 0.00215782 0.00266935 0.00327665 0.00397458 0.00476944 0.0056438 0.00662462 0.00764903 0.00868388 0.00971661 0.0106998 0.011605 0.0123643 0.0129823 0.0134063 0.0135784 0.0134822 0.0130785 0.0123682 0.0113472 0.0100424 0.00849617 0.00675755 0.00489203 0.00294639 0.000947873 -0.000998431 -0.0028419 -0.00452783 -0.00600135 -0.00723966 -0.00820169 -0.00891669 -0.00936607 -0.00959002 -0.00959847 -0.00940116 -0.00903523 -0.00856104 -0.00800041 -0.00738571 -0.00675464 -0.00610799 -0.00548454 -0.0048909 -0.00433857 -0.00381502 -0.0033555 -0.00294181 -0.00259551 -0.00228716 -0.00202303 -0.00178362 -0.00157803 -0.00142157 -0.00129389 -0.00118752 -0.00110221 -0.00100756 -0.000906707 -0.000811509 -0.000657659 -0.000480236 -0.000242444 7.54368e-05 0.000464692 0.000903191 0.0013966 0.0018714 0.00234084 0.00271877 0.00293265 0.00294853 0.00277132 0.00234753 0.00171397 0.000899736 -3.78321e-05 -0.00105503 -0.00206547 -0.00302993 -0.00389189 -0.0046256 -0.00520406 -0.00563352 -0.00592077 -0.006108 -0.0062039 -0.00624618 -0.00625236 -0.00622683 -0.00615883 -0.00604616 -0.00584438 -0.00553667 -0.00509064 -0.0045003 -0.00375821 -0.00288518 -0.00190006 -0.000872611 0.000161451 0.00113927 0.00200709 0.00270543 0.00324092 0.00354858 0.00363622 0.00356 0.00337583 0.00308968 0.00279353 0.00248375 0.00221063 0.0019825 0.00178966 0.00163586 0.00155562 0.00148095 0.00144083 0.00141223 0.00138291 0.00137612 0.00139544 0.00142656 0.00149228 0.00158619 0.00170534 0.00187336 0.00207525 0.00231873 0.00259162 0.00292583 0.00330695 0.00376066 0.00426361 0.00481542 0.00539172 0.00601227 0.00665687 0.00729706 0.0079098 0.00845688 0.00889299 0.00919802 0.00933449 0.0092404 0.00893628 0.00837422 0.00755697 0.00645644 0.00509009 0.00349853 0.00172032 -0.000161623 -0.00211231 -0.00407886 -0.00597456 -0.00774889 -0.0093587 -0.0107345 -0.0118374 -0.0126206 -0.0131081 -0.0132911 -0.013194 -0.0128646 -0.0123074 -0.0115978 -0.0107523 -0.0098116 -0.00880496 -0.00777818 -0.00679573 -0.00584446 -0.00496895 -0.00418974 -0.00350912 -0.00291322 -0.00238891 -0.00196549 -0.00160506 -0.00129536 -0.00104204 -0.000845917 -0.000698113 -0.000568574 -0.000484883 -0.000437445 
0 9.38928e-05 0.000210553 0.000333937 0.000501452 0.000695693 0.000958282 0.00127213 0.00164816 0.00212246 0.00267749 0.00334862 0.00411596 0.00503787 0.00609618 0.00727084 0.00858548 0.0100033 0.0115063 0.013001 0.0144919 0.0159226 0.0172115 0.0183089 0.0191657 0.0197416 0.0199426 0.0197499 0.0191277 0.0180768 0.0165881 0.0147075 0.0124676 0.00994084 0.00723368 0.00438332 0.00150166 -0.00132714 -0.00398104 -0.00641674 -0.00857726 -0.0103921 -0.0118471 -0.0129286 -0.0136278 -0.013995 -0.0140498 -0.0138046 -0.0133444 -0.0126956 -0.0119351 -0.0110632 -0.0101382 -0.00920214 -0.0082729 -0.00741109 -0.00660709 -0.00583869 -0.00514952 -0.00452819 -0.00396972 -0.00350861 -0.00309362 -0.00274005 -0.00244322 -0.00219792 -0.00198722 -0.00181282 -0.00165284 -0.0015054 -0.0013624 -0.00121335 -0.00101549 -0.00074484 -0.000362266 0.000134305 0.000714112 0.00138045 0.00210387 0.00282893 0.00349079 0.00402252 0.00436277 0.00443184 0.00413644 0.00349972 0.00254999 0.00132606 -8.6666e-05 -0.00158644 -0.00310522 -0.00454535 -0.005837 -0.00692323 -0.00779232 -0.00843528 -0.00887599 -0.00914621 -0.00929698 -0.00935962 -0.00936921 -0.00932625 -0.0092332 -0.00905189 -0.00875085 -0.00828848 -0.00763061 -0.00674157 -0.00563049 -0.00431848 -0.00286248 -0.00131 0.000240081 0.00170106 0.00300275 0.00406385 0.00481298 0.00527346 0.00545161 0.00536793 0.00507263 0.0046578 0.004199 0.00373729 0.00330707 0.00295401 0.00268093 0.00248925 0.00235918 0.00225889 0.00218749 0.00212513 0.00208419 0.00207781 0.00211711 0.00219254 0.002298 0.00243197 0.00262147 0.00285391 0.00317878 0.0035585 0.00398879 0.00450166 0.00507602 0.00572778 0.00648067 0.00728066 0.00814286 0.00906403 0.00998965 0.010912 0.0117567 0.0125076 0.0131011 0.0135055 0.0136609 0.013493 0.0129794 0.0121208 0.0108732 0.00924719 0.00726596 0.00495096 0.00239748 -0.000342512 -0.00317536 -0.0060397 -0.00880077 -0.0113761 -0.0137067 -0.0157117 -0.0173189 -0.0184908 -0.0192371 -0.0195396 -0.0194546 -0.0189929 -0.0182269 -0.0172015 -0.0159877 -0.0146361 -0.0131679 -0.0116994 -0.0102499 -0.0088683 -0.00756665 -0.00639977 -0.00538281 -0.00446598 -0.00368505 -0.00302527 -0.00248198 -0.00200944 -0.00161825 -0.00132569 -0.00108386 -0.000896997 -0.000760162 -0.000689954 
0 0.000144322 0.000303236 0.000501452 0.00072436 0.0010139 0.00136806 0.0018005 0.00233001 0.00296718 0.00374894 0.00464845 0.00570609 0.00694434 0.00835073 0.00991764 0.0116147 0.0134616 0.01537 0.0172829 0.0191794 0.0209804 0.0226137 0.0239643 0.0250109 0.0256681 0.0258429 0.025516 0.0246496 0.0232551 0.0213329 0.0189176 0.0160648 0.0128519 0.0093966 0.00579541 0.00213022 -0.00143015 -0.00479781 -0.00790286 -0.0106708 -0.0130499 -0.0149655 -0.0164276 -0.0174024 -0.0179486 -0.0180967 -0.0178772 -0.0173583 -0.0166243 -0.0157065 -0.0146443 -0.0135024 -0.0123087 -0.0111376 -0.0100216 -0.0089734 -0.00797026 -0.00705669 -0.00621428 -0.0054793 -0.00482987 -0.00427334 -0.00378498 -0.00336861 -0.00303454 -0.00274862 -0.00249935 -0.00228762 -0.00207597 -0.00186552 -0.00165878 -0.00135606 -0.000983618 -0.000485111 0.000166352 0.000948768 0.00182503 0.00278803 0.00372848 0.00463418 0.00536353 0.00578648 0.00582456 0.00545539 0.00460865 0.00334183 0.00172073 -0.000144308 -0.00215335 -0.00415567 -0.00606209 -0.00777043 -0.00922221 -0.0103732 -0.0112295 -0.0118089 -0.0121809 -0.0123779 -0.0124644 -0.012476 -0.0124221 -0.0122867 -0.0120527 -0.0116476 -0.0110318 -0.0101467 -0.00897238 -0.00750073 -0.00576547 -0.00381347 -0.00176493 0.000293363 0.00223935 0.00396357 0.00535906 0.00640952 0.00702911 0.00723246 0.00710714 0.00674834 0.00619817 0.00560125 0.00498145 0.0044256 0.00396339 0.00358712 0.00330169 0.0031383 0.00299891 0.00291277 0.00285082 0.0028045 0.0028126 0.00287918 0.0029788 0.00313226 0.00333043 0.00358146 0.00392779 0.0043641 0.00489342 0.00549017 0.00618584 0.00695667 0.00783818 0.00881196 0.00987171 0.0109831 0.0121541 0.0133301 0.014454 0.0154817 0.0163635 0.0170411 0.0174789 0.0176006 0.0172951 0.0165695 0.0153695 0.0137089 0.0115755 0.00900707 0.0060603 0.00279262 -0.000682448 -0.004295 -0.00793715 -0.0114441 -0.0147143 -0.0176738 -0.0202241 -0.0223026 -0.0238416 -0.0248602 -0.0253339 -0.0252902 -0.0247868 -0.0238465 -0.0225864 -0.0210609 -0.019347 -0.0175037 -0.0156163 -0.0137761 -0.0119756 -0.0102821 -0.00874379 -0.00737499 -0.00615906 -0.00508791 -0.00420221 -0.00345099 -0.00280873 -0.00228109 -0.00186634 -0.00154285 -0.00127077 -0.00108782 -0.000980623 
0 0.000204209 0.000437086 0.000695693 0.0010139 0.00138995 0.00186335 0.0024321 0.00311641 0.0039567 0.00494973 0.00612128 0.00746493 0.00902854 0.0107861 0.0127028 0.0147805 0.0169815 0.0192607 0.0215194 0.0237403 0.0258402 0.0277018 0.0292317 0.0303627 0.0310273 0.0311206 0.0306224 0.0295089 0.0277936 0.0254765 0.0226085 0.0192374 0.0154585 0.011412 0.0071808 0.00290687 -0.00127898 -0.00523915 -0.00891246 -0.0122229 -0.0150784 -0.0174313 -0.019257 -0.0205391 -0.0213303 -0.0216566 -0.0215367 -0.021063 -0.0202889 -0.0192987 -0.018116 -0.0168164 -0.0154561 -0.0140776 -0.012748 -0.0114706 -0.0102343 -0.00909447 -0.00805283 -0.00711353 -0.00630018 -0.00556964 -0.00493092 -0.00438746 -0.00394143 -0.00356645 -0.00325119 -0.0029617 -0.00267809 -0.0023893 -0.00208319 -0.00170275 -0.00122213 -0.000587014 0.000220207 0.00117643 0.00227561 0.00347312 0.00467203 0.00577066 0.00664306 0.00716862 0.00723071 0.00672683 0.00566404 0.00408993 0.0020793 -0.000238806 -0.00271249 -0.00520877 -0.00757996 -0.00970745 -0.0115032 -0.0129375 -0.0140014 -0.0147322 -0.0151887 -0.0154421 -0.0155505 -0.0155669 -0.015496 -0.0153337 -0.0150305 -0.0145256 -0.0137523 -0.0126538 -0.0111827 -0.00934769 -0.00718676 -0.00478297 -0.00223166 0.000325432 0.00274856 0.00490975 0.00667868 0.00795609 0.00873173 0.00901967 0.00887917 0.00840889 0.00774162 0.00700394 0.00626207 0.00557168 0.00498513 0.00451201 0.00416209 0.00392822 0.00376609 0.00367019 0.00360914 0.0035822 0.00360508 0.00369239 0.00383568 0.00404054 0.0043082 0.00466462 0.00510978 0.00568307 0.00635192 0.00711223 0.00799552 0.00898054 0.0100782 0.0112907 0.0125579 0.0138772 0.0152406 0.0165825 0.017867 0.0190043 0.0199531 0.0206387 0.0210179 0.0210107 0.0205201 0.0195189 0.0179986 0.0159321 0.0133413 0.0102682 0.00675708 0.00291277 -0.00118607 -0.00542698 -0.00970293 -0.0138282 -0.0176791 -0.0211715 -0.0242048 -0.0266941 -0.0285857 -0.0298769 -0.0305381 -0.0306078 -0.0301027 -0.029095 -0.0276669 -0.0259195 -0.0239354 -0.0217718 -0.0195622 -0.0173551 -0.0152 -0.0131355 -0.0112384 -0.009537 -0.00799604 -0.00665116 -0.00550466 -0.00454257 -0.00371623 -0.00303229 -0.00249985 -0.0020663 -0.00172266 -0.00147341 -0.001329 
0 0.000291148 0.000604237 0.000958282 0.00136806 0.00186335 0.00246475 0.00318745 0.00405506 0.00509767 0.00633908 0.0077784 0.00943182 0.0113157 0.0134027 0.0156584 0.0180573 0.0205789 0.0231464 0.0256782 0.0281313 0.0304129 0.0324069 0.0339985 0.0351298 0.0357224 0.035685 0.0349943 0.0336337 0.0316166 0.0289575 0.0257034 0.0219237 0.0177197 0.0132266 0.0085499 0.00380755 -0.000842409 -0.00527746 -0.00941291 -0.0131591 -0.0164306 -0.0191623 -0.0213415 -0.0229534 -0.0240362 -0.0246059 -0.0246777 -0.0243205 -0.0236178 -0.0226376 -0.0214308 -0.0200677 -0.018595 -0.017073 -0.0155568 -0.0140701 -0.0126257 -0.0112801 -0.0100431 -0.0089308 -0.00793364 -0.00703531 -0.00623024 -0.0055327 -0.00495567 -0.00447229 -0.00405841 -0.00368703 -0.00332008 -0.00294707 -0.00255359 -0.00206706 -0.0014691 -0.0007016 0.000270114 0.00142984 0.0027454 0.00416858 0.00558173 0.00688651 0.00791641 0.00850814 0.00854099 0.00794267 0.00667628 0.00479738 0.00240484 -0.000352818 -0.00330919 -0.00627687 -0.0090969 -0.0116277 -0.0137712 -0.015478 -0.0167487 -0.0176214 -0.0181751 -0.018481 -0.018616 -0.0186342 -0.01855 -0.0183486 -0.017985 -0.0173766 -0.0164494 -0.0151291 -0.0133743 -0.0111858 -0.00860931 -0.00573288 -0.00269734 0.000348626 0.0032381 0.00581077 0.00792155 0.00948483 0.0104334 0.0107817 0.0106245 0.01009 0.00930475 0.00842624 0.00753556 0.00671831 0.00602182 0.00545364 0.00502808 0.00475411 0.00457019 0.00447048 0.00442084 0.00440709 0.00445342 0.00457135 0.00475718 0.00503057 0.00539482 0.00586247 0.0064508 0.00716276 0.00798484 0.00891006 0.0099681 0.0111492 0.0124601 0.0138721 0.0153344 0.0168156 0.0183081 0.0197587 0.0211075 0.0222777 0.0231972 0.0237927 0.024017 0.0237964 0.0230458 0.0217546 0.0198986 0.017471 0.0144794 0.0109689 0.00700808 0.00269112 -0.0018715 -0.00658252 -0.0113185 -0.0159012 -0.0202026 -0.0241251 -0.0275602 -0.0304171 -0.0326299 -0.0341889 -0.0350676 -0.0352837 -0.0348674 -0.0338657 -0.0323822 -0.0305114 -0.0283455 -0.0259672 -0.023492 -0.0210039 -0.018535 -0.0161501 -0.0139234 -0.0118872 -0.0100354 -0.00838792 -0.00697588 -0.00577196 -0.00474366 -0.00389215 -0.00321452 -0.0026753 -0.00224395 -0.00193889 -0.00175416 
0 0.000393914 0.000809235 0.00127213 0.0018005 0.0024321 0.00318745 0.0040889 0.00516229 0.0064366 0.00793816 0.00966216 0.0116215 0.0138129 0.0162059 0.0187611 0.0214431 0.0242219 0.0270108 0.029729 0.0323114 0.0346636 0.0366683 0.0382154 0.0392461 0.0396873 0.0394656 0.0385529 0.0369426 0.0346486 0.0316989 0.0281471 0.0240768 0.0195941 0.0148208 0.00986268 0.00482752 -0.000131611 -0.00489257 -0.00935786 -0.0134344 -0.017039 -0.0201089 -0.0226274 -0.0245835 -0.0259936 -0.0268615 -0.027197 -0.0270542 -0.0265182 -0.0256513 -0.0245118 -0.0231618 -0.0216533 -0.0200535 -0.0184186 -0.0167839 -0.0151771 -0.0136483 -0.0122225 -0.01092 -0.00973467 -0.00866181 -0.00769581 -0.0068499 -0.00613079 -0.00551439 -0.00497465 -0.00448737 -0.00401943 -0.00355573 -0.00306745 -0.00248108 -0.00175298 -0.000826211 0.000328286 0.00169225 0.00322341 0.00485926 0.00647771 0.00795564 0.00911855 0.00978536 0.00980955 0.00910168 0.00762389 0.00543847 0.00266623 -0.000522946 -0.00393561 -0.00736089 -0.0106157 -0.0135389 -0.0160187 -0.0179972 -0.0194737 -0.0204919 -0.0211377 -0.0214972 -0.0216584 -0.0216813 -0.0215841 -0.0213463 -0.0209147 -0.0201997 -0.0191154 -0.0175798 -0.0155452 -0.0130105 -0.0100284 -0.00669918 -0.00318149 0.000349721 0.00370129 0.00668408 0.00913401 0.0109509 0.0120696 0.0125099 0.0123662 0.0117744 0.0108835 0.00986341 0.00882456 0.00786736 0.00705281 0.00640248 0.00592594 0.00561632 0.0054172 0.00530793 0.00526161 0.00526912 0.00535434 0.00552941 0.00579175 0.00615357 0.00662075 0.00720551 0.00793124 0.00879536 0.00978623 0.0108945 0.0121338 0.0134998 0.0149885 0.0165609 0.0181649 0.0197567 0.0213153 0.0227916 0.0241163 0.0252157 0.0260083 0.026425 0.0264144 0.0259115 0.0248543 0.0232371 0.0210463 0.0182815 0.0149487 0.0110913 0.00678651 0.0021334 -0.00274954 -0.00776578 -0.0127914 -0.0176709 -0.0222795 -0.0265142 -0.0302624 -0.0334219 -0.0359207 -0.0377338 -0.0388417 -0.0392503 -0.0389875 -0.0380928 -0.0366597 -0.0347781 -0.0325375 -0.0300341 -0.0273799 -0.0246719 -0.0219535 -0.0192968 -0.0167765 -0.0144318 -0.0122774 -0.0103379 -0.00865048 -0.00719579 -0.0059513 -0.00491472 -0.00407807 -0.00341194 -0.00288443 -0.00250774 -0.00227241 
0 0.000514152 0.00105969 0.00164816 0.00233001 0.00311641 0.00405506 0.00516229 0.00646467 0.00800286 0.00977059 0.0117915 0.0140412 0.0165182 0.019186 0.02199 0.0249098 0.0278683 0.0308029 0.0336096 0.036212 0.0385237 0.0404202 0.0418275 0.0426672 0.0428897 0.0424368 0.0412764 0.0394166 0.036875 0.0336917 0.0299369 0.0256932 0.0210699 0.0161743 0.0110885 0.00593898 0.000832962 -0.00409195 -0.00874713 -0.0130516 -0.0169117 -0.0202845 -0.0231213 -0.0254175 -0.0271657 -0.0283644 -0.0290182 -0.0291818 -0.0289024 -0.0282521 -0.0272716 -0.0260146 -0.0245585 -0.0229586 -0.021288 -0.0195783 -0.0178641 -0.0161846 -0.0145903 -0.0130911 -0.0117245 -0.0104702 -0.00934278 -0.0083479 -0.00747596 -0.0067124 -0.00603664 -0.0054114 -0.00482495 -0.00424989 -0.00363192 -0.00292878 -0.00205124 -0.00095309 0.000382962 0.00193791 0.00368106 0.00551763 0.0073481 0.00898893 0.0102709 0.011005 0.0110191 0.0101766 0.00848745 0.00600348 0.00286081 -0.000750472 -0.00459365 -0.00846472 -0.0121371 -0.015439 -0.0182409 -0.0204878 -0.0221658 -0.0233344 -0.0240716 -0.0244907 -0.0246781 -0.0247056 -0.0245903 -0.024316 -0.0238093 -0.0229886 -0.0217446 -0.0200001 -0.0176907 -0.0148185 -0.0114385 -0.00767811 -0.00368432 0.000320935 0.00412344 0.00751392 0.0103159 0.0123727 0.0136622 0.0142029 0.0140798 0.0134309 0.0124578 0.0113092 0.010144 0.00905217 0.00811628 0.00737878 0.00685089 0.00649204 0.00628669 0.00617738 0.00614717 0.00620054 0.0063448 0.00659712 0.0069612 0.00742541 0.0080024 0.00871618 0.00957312 0.0106016 0.011769 0.0130703 0.0144912 0.0160253 0.0176462 0.0193306 0.0210072 0.0226475 0.0242017 0.0256131 0.0268203 0.027736 0.0282997 0.028452 0.0281418 0.0273116 0.0259264 0.0239603 0.0214424 0.0183599 0.0147439 0.0106348 0.00609913 0.00125579 -0.00380575 -0.00896915 -0.0141252 -0.0191456 -0.0239126 -0.0283278 -0.0322859 -0.0356715 -0.0384183 -0.040474 -0.0418232 -0.0424706 -0.0424172 -0.0417247 -0.0404399 -0.0386592 -0.0364561 -0.0339225 -0.0311875 -0.0283258 -0.0254307 -0.0225563 -0.0197866 -0.0171724 -0.0147322 -0.0125221 -0.0105538 -0.00884339 -0.00736691 -0.00612362 -0.00511291 -0.00429501 -0.00366384 -0.00319966 -0.0029069 
0 0.000666503 0.00135655 0.00212246 0.00296718 0.0039567 0.00509767 0.0064366 0.00800286 0.00980043 0.0118625 0.0141517 0.0166867 0.0194165 0.0223114 0.0253313 0.0284026 0.0314829 0.0344542 0.0372514 0.0397654 0.0419119 0.0436083 0.0447701 0.0453516 0.0452949 0.0445741 0.0431579 0.0410679 0.0383241 0.0349962 0.0311328 0.0268364 0.0222003 0.0172974 0.0122438 0.007105 0.00202207 -0.00292986 -0.00765249 -0.0120697 -0.016123 -0.0197313 -0.0228504 -0.0254641 -0.0275453 -0.0290929 -0.0301262 -0.0306456 -0.0307241 -0.030364 -0.0296345 -0.0285741 -0.0272469 -0.0257441 -0.0241061 -0.0223787 -0.0206124 -0.0188339 -0.0170987 -0.0154608 -0.0139111 -0.0124918 -0.0111898 -0.0100203 -0.00898153 -0.00806563 -0.00723209 -0.00647057 -0.00574188 -0.00502086 -0.00425848 -0.00339036 -0.00235069 -0.00109561 0.000415099 0.0021775 0.00412198 0.00616855 0.00818245 0.0100014 0.0114055 0.0121637 0.0121078 0.0111641 0.00926558 0.00648841 0.00299502 -0.00100935 -0.00529559 -0.00958477 -0.0136602 -0.0173251 -0.0204475 -0.0229407 -0.0248196 -0.0261302 -0.0269738 -0.0274522 -0.0276749 -0.0276982 -0.0275654 -0.027241 -0.0266673 -0.0257368 -0.0243444 -0.0223804 -0.019803 -0.0166007 -0.01284 -0.00863656 -0.00420245 0.000258375 0.00450475 0.00829054 0.0114166 0.0137739 0.01525 0.0158689 0.0157561 0.0150853 0.0140284 0.0127768 0.0114841 0.0102854 0.00924938 0.00841761 0.00781011 0.0074194 0.00720261 0.00711466 0.00713518 0.00724731 0.00747291 0.00781317 0.00827505 0.00885804 0.00957287 0.0104202 0.0114471 0.0126235 0.013962 0.0154331 0.0170026 0.0186638 0.020384 0.0221037 0.0238008 0.0254046 0.0268644 0.0281367 0.0291157 0.0297654 0.0300045 0.0298122 0.0291442 0.0279546 0.0262163 0.0239252 0.0210826 0.0177375 0.0139065 0.00963728 0.00501812 0.000108207 -0.00496856 -0.0101452 -0.0152928 -0.020318 -0.0251173 -0.0295902 -0.033648 -0.0371872 -0.040129 -0.0424114 -0.0440192 -0.0449213 -0.0451481 -0.0447093 -0.0436749 -0.0420934 -0.0400311 -0.0375958 -0.0348596 -0.0319551 -0.0289399 -0.0259171 -0.0229505 -0.020093 -0.0174129 -0.0149257 -0.0126944 -0.0107097 -0.00898986 -0.0075311 -0.00631636 -0.00534927 -0.00458802 -0.00404256 -0.00368479 
0 0.000843053 0.00173055 0.00267749 0.00374894 0.00494973 0.00633908 0.00793816 0.00977059 0.0118625 0.014183 0.0167541 0.019528 0.0224798 0.0255656 0.0287189 0.0318972 0.0349822 0.0379122 0.0405864 0.0429039 0.0447997 0.0461879 0.0470418 0.0472885 0.0469053 0.0458878 0.0442134 0.0419219 0.0390483 0.0356511 0.0317957 0.027549 0.0230037 0.0182277 0.0132971 0.00832647 0.0033682 -0.00148109 -0.006155 -0.0105982 -0.0147318 -0.0185073 -0.0218449 -0.0247377 -0.0271481 -0.0290667 -0.0304919 -0.031437 -0.0318969 -0.0319124 -0.0315161 -0.030735 -0.0296531 -0.0283183 -0.0267896 -0.0251139 -0.0233508 -0.0215315 -0.0197365 -0.0179775 -0.0163078 -0.0147196 -0.013245 -0.0119027 -0.0106819 -0.00958902 -0.00860026 -0.00766183 -0.00677081 -0.0058868 -0.00494086 -0.00392533 -0.00271548 -0.00126804 0.000432911 0.00238661 0.00455854 0.00681194 0.00903036 0.0109654 0.0124318 0.0132241 0.013146 0.0120392 0.00993653 0.00689162 0.00305896 -0.00133786 -0.00600987 -0.0107227 -0.0151906 -0.0192053 -0.0226206 -0.0253699 -0.027437 -0.0288979 -0.0298314 -0.0303741 -0.0306226 -0.0306574 -0.0305051 -0.0301437 -0.029488 -0.028451 -0.0268927 -0.0247281 -0.0218812 -0.018348 -0.014205 -0.00961185 -0.00473047 0.000166513 0.00482807 0.00901008 0.0124992 0.0150881 0.0167566 0.0175194 0.0174604 0.0167395 0.0156131 0.0142494 0.0128645 0.0115527 0.0104099 0.0095079 0.00886046 0.00841842 0.00821055 0.00815015 0.00822336 0.0084283 0.00874011 0.00917867 0.00976381 0.0104749 0.0113368 0.0123631 0.0135389 0.0148827 0.0163551 0.0179515 0.0196249 0.0213658 0.0231163 0.0248357 0.0264567 0.0279443 0.0292211 0.0302394 0.0309338 0.0312291 0.0310922 0.0305012 0.0294246 0.0278404 0.0257556 0.0231365 0.0200389 0.016479 0.0125165 0.00820054 0.00358865 -0.00123153 -0.00621654 -0.0112669 -0.0162911 -0.0212152 -0.025933 -0.0303597 -0.0344205 -0.0380212 -0.0411035 -0.0435814 -0.0454336 -0.0466294 -0.0471494 -0.0470451 -0.0463146 -0.0450222 -0.0432111 -0.0409574 -0.0383569 -0.035474 -0.0324444 -0.0293316 -0.0262217 -0.023188 -0.020281 -0.017572 -0.0150656 -0.0128226 -0.0108512 -0.009156 -0.00774324 -0.0065881 -0.00570765 -0.00505433 -0.00463468 
0 0.00106101 0.00215782 0.00334862 0.00464845 0.00612128 0.0077784 0.00966216 0.0117915 0.0141517 0.0167541 0.0195562 0.0225559 0.0256816 0.0288907 0.0321292 0.0352971 0.0383168 0.0410813 0.043538 0.0455728 0.0471263 0.0481604 0.0486377 0.0485173 0.0477778 0.0464513 0.0445333 0.0420779 0.0391165 0.0357295 0.0319419 0.0278343 0.0234795 0.0189163 0.0142546 0.00953474 0.00483576 0.000182459 -0.00434902 -0.00870309 -0.0128402 -0.016688 -0.0201855 -0.02332 -0.0260331 -0.0283017 -0.0301302 -0.0314754 -0.0323705 -0.0327946 -0.0328075 -0.0324095 -0.0316452 -0.0305788 -0.0292388 -0.0276887 -0.0260131 -0.0242369 -0.0224272 -0.0206362 -0.0188591 -0.0171512 -0.0155233 -0.0140078 -0.0126061 -0.0113365 -0.0101526 -0.00904062 -0.00796873 -0.00690109 -0.00577652 -0.00455589 -0.00314546 -0.00150648 0.000404205 0.00258905 0.00496092 0.00740535 0.00977585 0.0118603 0.0134172 0.0142003 0.0140289 0.0128189 0.0105111 0.00718732 0.00303131 -0.00171875 -0.00679328 -0.0118768 -0.0167082 -0.021061 -0.0247814 -0.0277612 -0.0300211 -0.0316146 -0.032648 -0.033249 -0.0335385 -0.0335719 -0.033408 -0.0329993 -0.0322732 -0.0311167 -0.0294048 -0.0270152 -0.0239085 -0.0200695 -0.0155774 -0.0105698 -0.0052825 4.09516e-05 0.00512054 0.00967371 0.0134688 0.0163651 0.0182395 0.0191067 0.0190934 0.0183938 0.017217 0.0157708 0.0142616 0.0128506 0.0116253 0.0106478 0.00994314 0.00949589 0.00929701 0.00928168 0.00943168 0.00972336 0.0101523 0.010711 0.0114241 0.0122834 0.013311 0.0144944 0.0158496 0.0173218 0.0189154 0.0205956 0.0223142 0.0240684 0.025798 0.0274252 0.0289187 0.0301957 0.0311901 0.0318838 0.0321871 0.0320895 0.0315294 0.0305143 0.0290162 0.0270361 0.0246025 0.0217146 0.018395 0.0147084 0.010687 0.00638658 0.0018891 -0.00278135 -0.00754634 -0.012371 -0.0171547 -0.0218602 -0.0263994 -0.0306799 -0.0346527 -0.0382439 -0.0413981 -0.0440345 -0.0461259 -0.047605 -0.0484706 -0.0487144 -0.0483557 -0.0474084 -0.0459144 -0.0439552 -0.0415569 -0.0388277 -0.0358521 -0.0327431 -0.0295653 -0.0263975 -0.0233413 -0.0204208 -0.0176954 -0.0151969 -0.0129824 -0.0110577 -0.00941544 -0.00808283 -0.00704053 -0.00628294 -0.00578226 
0 0.00130926 0.00266935 0.00411596 0.00570609 0.00746493 0.00943182 0.0116215 0.0140412 0.0166867 0.019528 0.0225559 0.025723 0.0289707 0.032241 0.0354617 0.0385469 0.0413808 0.0439 0.0460445 0.0477202 0.0488824 0.0495022 0.0495742 0.0490551 0.0479533 0.0463304 0.0442011 0.0416219 0.0386364 0.0353042 0.0316642 0.0277674 0.0236821 0.0194398 0.0151073 0.0107404 0.00635184 0.00197626 -0.00232644 -0.00651305 -0.0105495 -0.0143952 -0.0179877 -0.0213069 -0.0242846 -0.0268785 -0.0290713 -0.0308343 -0.0321487 -0.0330194 -0.0334732 -0.0334953 -0.0331269 -0.0324026 -0.0313529 -0.030042 -0.0285428 -0.0268799 -0.0251268 -0.0233174 -0.0214979 -0.0197011 -0.017965 -0.0163168 -0.0147497 -0.0132884 -0.011915 -0.0105958 -0.0093283 -0.00806383 -0.00672775 -0.00530059 -0.00366489 -0.00178248 0.000354087 0.00274292 0.00532295 0.00795092 0.0104805 0.01266 0.0142681 0.0150725 0.0148609 0.0134892 0.0109677 0.00737922 0.00290379 -0.00219755 -0.00761338 -0.0130613 -0.0182358 -0.0228979 -0.0268892 -0.0301129 -0.0325591 -0.0342992 -0.0354276 -0.0360913 -0.0364084 -0.0364562 -0.0362734 -0.0358189 -0.0350045 -0.0337287 -0.0318468 -0.0292606 -0.0259048 -0.0217634 -0.0169255 -0.0115544 -0.00585079 -0.000111109 0.00536687 0.0102977 0.0144265 0.0175507 0.0196162 0.020643 0.0207274 0.0200452 0.0188443 0.0173295 0.0157413 0.0142241 0.0128988 0.011864 0.0111378 0.010682 0.010514 0.0105504 0.0107764 0.011185 0.0117413 0.0124506 0.0133274 0.0143433 0.0155185 0.0168486 0.0183147 0.0198992 0.0215707 0.0233001 0.0250259 0.0267285 0.0283402 0.0297956 0.031045 0.0320269 0.0326655 0.0329462 0.0328259 0.0322804 0.0312918 0.0298547 0.0279478 0.0255941 0.0228499 0.0197209 0.0162609 0.0125128 0.00852001 0.00433065 2.04056e-06 -0.00442237 -0.0089144 -0.0134189 -0.0178783 -0.0222814 -0.0265521 -0.0306181 -0.0344344 -0.0379477 -0.0411162 -0.0438617 -0.0461521 -0.0479171 -0.0491185 -0.0497538 -0.0497893 -0.0492369 -0.0481267 -0.0465129 -0.0444255 -0.0419176 -0.0391095 -0.036083 -0.0329125 -0.0296935 -0.0265213 -0.0234629 -0.0205413 -0.017835 -0.0153964 -0.0132415 -0.0113857 -0.00984447 -0.00864584 -0.00775215 -0.00716421 
0 0.00161191 0.00327665 0.00503787 0.00694434 0.00902854 0.0113157 0.0138129 0.0165182 0.0194165 0.0224798 0.0256816 0.0289707 0.0322732 0.0355224 0.0386449 0.0415426 0.0441114 0.0462966 0.0480588 0.0493181 0.0500383 0.0502162 0.0498595 0.0489466 0.0475093 0.0456309 0.0433417 0.0406918 0.0377232 0.034499 0.0310517 0.027428 0.0236762 0.0198059 0.0158666 0.0118848 0.00786279 0.0038168 -0.000197307 -0.00414601 -0.00802091 -0.0117926 -0.0154057 -0.0188305 -0.0219917 -0.0248416 -0.0273625 -0.02951 -0.0312535 -0.0325729 -0.0334833 -0.0339598 -0.0340268 -0.0337127 -0.0330342 -0.0320432 -0.0308036 -0.0293356 -0.0277054 -0.0259669 -0.0241657 -0.022348 -0.0205481 -0.0187895 -0.0170724 -0.0154337 -0.0138645 -0.0123488 -0.0108774 -0.00939584 -0.00782981 -0.00615265 -0.00426956 -0.00214912 0.000221818 0.00283679 0.00561736 0.00842297 0.0110971 0.0133902 0.0150499 0.0158286 0.0155268 0.0140234 0.0113061 0.00746454 0.00269314 -0.00273324 -0.0084958 -0.0142773 -0.0197679 -0.0247212 -0.0289697 -0.0324065 -0.0350342 -0.0369196 -0.0381611 -0.0389007 -0.0392571 -0.0393013 -0.0390852 -0.0385697 -0.0376701 -0.0362774 -0.0342448 -0.0314568 -0.0278553 -0.0234251 -0.0182546 -0.0125108 -0.00642389 -0.000293275 0.00556498 0.010846 0.0152857 0.0186918 0.0209747 0.0221451 0.0223174 0.021686 0.0204868 0.0189351 0.0172749 0.0156827 0.0142899 0.0131984 0.01244 0.0119946 0.0118673 0.0119807 0.012311 0.0128433 0.0135449 0.0144098 0.0154471 0.0166233 0.0179442 0.0193935 0.0209508 0.0225886 0.0242859 0.0259995 0.0276589 0.0292279 0.0306337 0.0318158 0.0327436 0.0333575 0.033589 0.0334271 0.0328378 0.0318236 0.0303834 0.0285273 0.0262436 0.0235692 0.0205728 0.0172777 0.0137382 0.0100072 0.00611774 0.00210876 -0.00197334 -0.00610688 -0.0102624 -0.0143974 -0.018471 -0.0225001 -0.0264391 -0.0302286 -0.033838 -0.037226 -0.0403559 -0.0431615 -0.0456065 -0.0476166 -0.0491453 -0.0501629 -0.0506171 -0.0504914 -0.0498094 -0.0486108 -0.0468986 -0.0447155 -0.0421614 -0.0393147 -0.036238 -0.0330317 -0.0298107 -0.0266461 -0.0235783 -0.0206892 -0.0180487 -0.0156818 -0.0136126 -0.0118797 -0.0105153 -0.00949634 -0.0088229 
0 0.00196146 0.00397458 0.00609618 0.00835073 0.0107861 0.0134027 0.0162059 0.019186 0.0223114 0.0255656 0.0288907 0.032241 0.0355224 0.0386639 0.0415979 0.044216 0.0464457 0.048232 0.049559 0.0503602 0.0506072 0.0503285 0.049542 0.0482589 0.0465278 0.044442 0.0420424 0.0393688 0.0364632 0.0333965 0.0301928 0.0268916 0.0235122 0.020041 0.016519 0.0129419 0.00931938 0.00564309 0.00196049 -0.00170488 -0.00536787 -0.00899829 -0.0125514 -0.0159904 -0.0192502 -0.0222874 -0.025087 -0.0275785 -0.0297229 -0.0314688 -0.0328253 -0.0337686 -0.0343008 -0.0344445 -0.0341957 -0.0335916 -0.0326851 -0.0314968 -0.0300767 -0.0284984 -0.0267903 -0.0250167 -0.0232051 -0.0213795 -0.0195525 -0.0177665 -0.0160155 -0.0143027 -0.0126087 -0.0108862 -0.00907955 -0.00714549 -0.00501358 -0.00264775 -3.03328e-05 0.00282873 0.005831 0.0088362 0.0116465 0.0140225 0.0157008 0.0164396 0.0160412 0.0144065 0.011499 0.00742531 0.00238516 -0.00333696 -0.00942281 -0.0155157 -0.0213064 -0.026533 -0.0310233 -0.0346642 -0.0374701 -0.0394938 -0.0408428 -0.041652 -0.0420478 -0.0420952 -0.0418536 -0.0412794 -0.0402924 -0.0387734 -0.0365862 -0.0335967 -0.0297515 -0.0250372 -0.0195489 -0.0134527 -0.00701137 -0.000516823 0.00570114 0.0113246 0.0160704 0.0197611 0.0222752 0.023623 0.023913 0.0233441 0.0221454 0.0205724 0.018864 0.0172271 0.0157977 0.0146783 0.013906 0.0134816 0.0133918 0.0135877 0.0140361 0.0147066 0.0155661 0.0165895 0.0177769 0.0190992 0.0205459 0.0220861 0.0236985 0.0253318 0.0269824 0.0285937 0.0300996 0.0314486 0.0325675 0.0333961 0.03393 0.0341134 0.0338992 0.0332777 0.0322159 0.0307408 0.0288602 0.0266081 0.0239916 0.0210632 0.017891 0.0145121 0.010964 0.00731496 0.00358864 -0.000180348 -0.00395702 -0.00775387 -0.0115348 -0.0152757 -0.0189415 -0.0225665 -0.0261368 -0.0296102 -0.0329719 -0.0361935 -0.0392373 -0.0420516 -0.0445954 -0.046796 -0.0486129 -0.049986 -0.0508573 -0.0511743 -0.0509504 -0.0502095 -0.0489237 -0.0471384 -0.0449176 -0.0423394 -0.0394465 -0.0363359 -0.0331427 -0.0299326 -0.026779 -0.0237558 -0.0209535 -0.0184066 -0.0161446 -0.0142352 -0.0127039 -0.0115584 -0.0107948 
0 0.0023526 0.00476944 0.00727084 0.00991764 0.0127028 0.0156584 0.0187611 0.02199 0.0253313 0.0287189 0.0321292 0.0354617 0.0386449 0.0415979 0.0442429 0.0465156 0.0483265 0.0496713 0.0505177 0.0508307 0.0506019 0.0498729 0.0486955 0.0470925 0.0451267 0.0428882 0.0404258 0.0377643 0.0349709 0.0320851 0.0291614 0.0261939 0.0231851 0.0201298 0.0170177 0.013885 0.0106793 0.0074102 0.00409085 0.000729434 -0.00267571 -0.00611165 -0.00953731 -0.0129102 -0.0161932 -0.01935 -0.0223387 -0.025117 -0.0275806 -0.0297184 -0.0314998 -0.0329045 -0.0339242 -0.0345429 -0.0347546 -0.0345937 -0.0340883 -0.0332641 -0.0321641 -0.0308165 -0.0292937 -0.0276216 -0.0258573 -0.0240245 -0.0221453 -0.0202468 -0.0183602 -0.0164566 -0.0145458 -0.0125818 -0.0105147 -0.00831745 -0.00592319 -0.00328118 -0.000401288 0.00269558 0.00593199 0.00912652 0.0120772 0.0145185 0.0162024 0.0169026 0.0164223 0.0146206 0.0115336 0.00725007 0.00196132 -0.00403654 -0.0103843 -0.0167692 -0.0228379 -0.0283225 -0.03304 -0.0368984 -0.0398633 -0.042018 -0.0434613 -0.0443367 -0.0447598 -0.0448323 -0.0445691 -0.0439451 -0.0428667 -0.0412209 -0.0388499 -0.0356631 -0.0315772 -0.0265905 -0.0208 -0.0144015 -0.00761172 -0.000771815 0.00578259 0.0117395 0.016814 0.0207595 0.0235085 0.0250562 0.0254934 0.0250039 0.0238445 0.0222691 0.0205537 0.0188855 0.0174285 0.016304 0.0155402 0.0151371 0.0151026 0.0153877 0.0159576 0.016786 0.0177957 0.018972 0.0202882 0.0217179 0.0232443 0.0248454 0.0264495 0.028041 0.0295632 0.0309845 0.0322459 0.033286 0.034042 0.0344729 0.0345545 0.0342708 0.0335835 0.0324765 0.0309704 0.0290543 0.0267917 0.0242001 0.0213175 0.0182126 0.0149514 0.0115605 0.00808504 0.00455805 0.00102976 -0.00246576 -0.00592581 -0.00933855 -0.0127344 -0.0160532 -0.0193053 -0.0225188 -0.0256955 -0.0288332 -0.031913 -0.0349337 -0.0378566 -0.0406377 -0.0432269 -0.0455697 -0.0476075 -0.0493002 -0.050549 -0.0513017 -0.0515468 -0.0512691 -0.0504598 -0.0491051 -0.0472981 -0.0450641 -0.0424488 -0.0395444 -0.036455 -0.0332979 -0.0301128 -0.0270244 -0.024107 -0.0214142 -0.0190048 -0.0169235 -0.0152501 -0.0139686 -0.0131197 
0 0.00280054 0.0056438 0.00858548 0.0116147 0.0147805 0.0180573 0.0214431 0.0249098 0.0284026 0.0318972 0.0352971 0.0385469 0.0415426 0.044216 0.0465156 0.0483592 0.0497247 0.0505783 0.0509245 0.0507444 0.0500491 0.0489172 0.047399 0.0455402 0.0434046 0.0410669 0.0385881 0.0359993 0.033345 0.0306911 0.0280407 0.0254049 0.0227577 0.020084 0.0174055 0.0146888 0.0119197 0.00905345 0.0061005 0.00307178 -4.79205e-05 -0.00324068 -0.00648017 -0.00973806 -0.0129778 -0.0161651 -0.0192731 -0.0222127 -0.0249396 -0.0273939 -0.0295579 -0.031405 -0.0328824 -0.0339728 -0.0346666 -0.034976 -0.034935 -0.0345518 -0.0338224 -0.0328088 -0.0315224 -0.03004 -0.028399 -0.0266224 -0.0247459 -0.0228032 -0.0207972 -0.0187601 -0.016662 -0.0144702 -0.0121584 -0.00966606 -0.00697444 -0.00405775 -0.000899291 0.00246009 0.00589007 0.00925089 0.0123154 0.0148473 0.0165583 0.0172047 0.016606 0.0146953 0.0114225 0.00691385 0.00140114 -0.00482277 -0.0114415 -0.0180555 -0.0243636 -0.0300941 -0.0350375 -0.0390711 -0.042209 -0.0444877 -0.0460317 -0.0469753 -0.0474492 -0.0475168 -0.0472312 -0.0465488 -0.0453788 -0.043589 -0.0410648 -0.0376607 -0.0333367 -0.0281063 -0.0220488 -0.0153249 -0.00823382 -0.00105877 0.00584457 0.0121175 0.0174616 0.0217055 0.0246931 0.0264269 0.0270191 0.026675 0.0256086 0.0240934 0.0223668 0.0206913 0.0192337 0.0180973 0.0173438 0.0170025 0.0170337 0.017427 0.0181302 0.0190835 0.0202467 0.0215476 0.0229576 0.0244587 0.026015 0.0275899 0.029144 0.0305937 0.0319287 0.0330806 0.0340084 0.034665 0.0349958 0.0349673 0.0345805 0.0337999 0.0326224 0.0310508 0.0290967 0.0268174 0.0242333 0.0213933 0.0183345 0.0151283 0.0118436 0.00851992 0.00516421 0.0018246 -0.00147186 -0.00468488 -0.00779278 -0.0108383 -0.0138086 -0.0167157 -0.0195553 -0.0223617 -0.0251656 -0.0279532 -0.0307416 -0.0335302 -0.0362949 -0.0390035 -0.041595 -0.0440158 -0.0462309 -0.0481675 -0.0497599 -0.0509172 -0.0516128 -0.0518227 -0.0514847 -0.0506246 -0.0492575 -0.0474401 -0.0451859 -0.0425618 -0.0396953 -0.0366473 -0.0335345 -0.030433 -0.0274622 -0.0246872 -0.022154 -0.0199647 -0.0181474 -0.0167685 -0.0158376 
0 0.00329137 0.00662462 0.0100033 0.0134616 0.0169815 0.0205789 0.0242219 0.0278683 0.0314829 0.0349822 0.0383168 0.0413808 0.0441114 0.0464457 0.0483265 0.0497247 0.0505962 0.0509568 0.0507981 0.0501418 0.0490303 0.047545 0.0457491 0.0436951 0.0414404 0.0390581 0.0366191 0.0341398 0.0316881 0.0292619 0.0269053 0.024582 0.0222715 0.019987 0.0176878 0.0153861 0.012997 0.0105139 0.00792494 0.00523138 0.00243257 -0.000478904 -0.00349909 -0.00658029 -0.00970963 -0.0128558 -0.0159642 -0.0190102 -0.0218924 -0.0246088 -0.0270894 -0.0293077 -0.0312079 -0.0327465 -0.0339131 -0.0347249 -0.0351683 -0.0352481 -0.034962 -0.0343122 -0.0333687 -0.0321559 -0.0307243 -0.0290855 -0.0272841 -0.0253285 -0.0232862 -0.0211415 -0.018896 -0.0165111 -0.0139581 -0.0111933 -0.00821316 -0.00498492 -0.00155282 0.00203271 0.00568675 0.00922139 0.0124012 0.0149708 0.0166788 0.0172993 0.0166354 0.0145604 0.0111299 0.00644636 0.000720983 -0.00573893 -0.0125588 -0.0194102 -0.0259337 -0.0318513 -0.0369652 -0.0411988 -0.0444874 -0.0469094 -0.0485686 -0.0495887 -0.0500825 -0.050174 -0.0498446 -0.0490853 -0.0478073 -0.0458876 -0.0431813 -0.0396105 -0.0350744 -0.0295891 -0.0232464 -0.0162521 -0.00883527 -0.00134942 0.00584951 0.0124265 0.0180859 0.0225624 0.0257882 0.0277642 0.0285746 0.0283856 0.027435 0.0259939 0.0243361 0.0226745 0.0212124 0.0201002 0.0193882 0.019104 0.0192207 0.0197135 0.0205244 0.0216033 0.0228616 0.0242634 0.0257365 0.0272624 0.0287865 0.0302794 0.0316593 0.0329055 0.0339476 0.0347595 0.0352993 0.0355078 0.0353607 0.0348486 0.0339579 0.0326956 0.031059 0.0290386 0.0267167 0.0241054 0.0212937 0.018287 0.0151361 0.0119093 0.00866427 0.00544915 0.00228437 -0.000827254 -0.00384164 -0.00673257 -0.00951053 -0.0121646 -0.0147552 -0.0172495 -0.0197057 -0.0221412 -0.0245828 -0.0270521 -0.0295342 -0.0320698 -0.0346385 -0.0372256 -0.0397677 -0.0422237 -0.0445439 -0.0466811 -0.0485468 -0.0500703 -0.0511975 -0.0518646 -0.0520361 -0.051666 -0.0507989 -0.0494329 -0.0475981 -0.0453498 -0.0427609 -0.0399412 -0.0369532 -0.0339314 -0.0309704 -0.0281611 -0.0255855 -0.023307 -0.0214218 -0.0199608 -0.0189881 
0 0.00382118 0.00764903 0.0115063 0.01537 0.0192607 0.0231464 0.0270108 0.0308029 0.0344542 0.0379122 0.0410813 0.0439 0.0462966 0.048232 0.0496713 0.0505783 0.0509568 0.0508135 0.050174 0.0490856 0.0476117 0.0458389 0.0438265 0.0416312 0.0393217 0.0369529 0.034601 0.0322876 0.0300359 0.027861 0.0257643 0.0237414 0.0217573 0.0198148 0.0178879 0.015933 0.0139048 0.0117796 0.00954716 0.00720066 0.00472732 0.00210508 -0.000657659 -0.00352587 -0.00647532 -0.00948876 -0.0125414 -0.0155816 -0.0185644 -0.0214457 -0.0241625 -0.0266915 -0.0289585 -0.0309118 -0.0325417 -0.0338232 -0.0347475 -0.0353062 -0.0354749 -0.0352813 -0.03474 -0.0338905 -0.0327515 -0.0313233 -0.0296607 -0.0277865 -0.0257405 -0.02356 -0.0212093 -0.0186598 -0.0158999 -0.0128786 -0.00962374 -0.00613503 -0.00242406 0.00143077 0.00528749 0.00898179 0.0122743 0.0149111 0.0166144 0.0171581 0.0163814 0.0142201 0.0106537 0.00579809 -9.51472e-05 -0.00673045 -0.0137663 -0.0207939 -0.0274979 -0.0336076 -0.0388946 -0.0432649 -0.046708 -0.0492599 -0.051034 -0.0521414 -0.0526895 -0.0527602 -0.052382 -0.0515448 -0.0501626 -0.048104 -0.0452569 -0.0414827 -0.0367175 -0.0310027 -0.0244085 -0.0171179 -0.00943783 -0.00166843 0.00582816 0.012679 0.0185992 0.0233865 0.0268953 0.0291106 0.0301253 0.0301278 0.0293381 0.0280195 0.026423 0.0248248 0.0234271 0.0223496 0.0216781 0.0214562 0.0216368 0.0222156 0.0231177 0.0242611 0.0255946 0.0270308 0.0285069 0.0300027 0.0314378 0.0327628 0.0339184 0.0348426 0.0355201 0.0359151 0.0360031 0.0357405 0.0350981 0.0340881 0.0327159 0.0309929 0.0289427 0.0265619 0.0239155 0.0210719 0.018084 0.0149937 0.0118402 0.00866895 0.00553398 0.00248369 -0.000467469 -0.00331035 -0.00602112 -0.00858974 -0.0110233 -0.0133423 -0.015559 -0.0176942 -0.0197908 -0.021874 -0.0239945 -0.0261513 -0.0283537 -0.0306252 -0.0329747 -0.035401 -0.037847 -0.0402812 -0.0426592 -0.0449181 -0.0469978 -0.0488202 -0.0503208 -0.0514298 -0.0520747 -0.0522285 -0.0518636 -0.0509955 -0.0496363 -0.0478162 -0.0456148 -0.0430863 -0.0403446 -0.0374761 -0.034608 -0.0318463 -0.0292688 -0.0269885 -0.0250593 -0.023581 -0.0225881 
