0 0 0 0 0 0 0 0 0 0 0 0 0 0 0 0 0 0 0 0 0 0 0 0 0 0 0 0 0 0 0 0 0 0 0 0 0 0 0 0 0 0 0 0 0 0 0 0 0 0 0 0 0 0 0 0 0 0 0 0 0 0 0 0 0 0 0 0 0 0 0 0 0 0 0 0 0 0 0 0 0 0 0 0 0 0 0 0 0 0 0 0 0 0 0 0 0 0 0 0 0 0 0 0 0 0 0 0 0 0 0 0 0 0 0 0 0 0 0 0 0 0 0 0 0 0 0 0 0 0 0 0 0 0 0 0 0 0 0 0 0 0 0 0 0 0 0 0 0 0 0 0 0 0 0 0 0 0 0 0 0 0 0 0 0 0 0 0 0 0 0 0 0 0 0 0 0 0 0 0 0 0 0 0 0 0 0 0 0 0 0 0 0 0 0 0 0 0 0 0 
0 1.62647e-05 2.98136e-05 4.69703e-05 7.81843e-05 0.000112802 0.000151514 0.000208767 0.000288096 0.000384234 0.000497731 0.000641861 0.000820365 0.00102347 0.00126732 0.00156337 0.00190812 0.00229839 0.00273267 0.0032227 0.00374039 0.00427289 0.00480594 0.00531373 0.00578568 0.00619285 0.0065322 0.00677614 0.00690891 0.00691321 0.00675406 0.00643448 0.00595635 0.00533005 0.00456715 0.00369927 0.00276236 0.00177558 0.000762457 -0.00024402 -0.00121222 -0.0021076 -0.00288872 -0.00354712 -0.00407299 -0.00445796 -0.00471553 -0.00485648 -0.00489064 -0.00482113 -0.00465701 -0.00441854 -0.0041254 -0.0038071 -0.00348785 -0.00315586 -0.00283101 -0.00251884 -0.00221478 -0.00194742 -0.00170953 -0.00150116 -0.00133044 -0.00118474 -0.00105716 -0.000947427 -0.000841715 -0.00075147 -0.000669506 -0.00059898 -0.00052918 -0.0004392 -0.000318822 -0.00015905 3.94166e-05 0.000261805 0.000507929 0.000765505 0.00100575 0.001216 0.00137266 0.00145068 0.00141438 0.00125578 0.000986668 0.000627966 0.000192205 -0.000283649 -0.000771074 -0.00123298 -0.00165498 -0.00200972 -0.00228369 -0.0024763 -0.00259653 -0.0026345 -0.00262442 -0.00258916 -0.00254249 -0.00250212 -0.00249547 -0.00250306 -0.0025234 -0.00255162 -0.00256795 -0.00254459 -0.00248644 -0.00236712 -0.00217045 -0.00189053 -0.00153479 -0.00110191 -0.000620325 -0.000115773 0.000378482 0.00084414 0.00124176 0.00154791 0.0017496 0.00185616 0.00187381 0.00181156 0.00168563 0.00154025 0.0013868 0.00123909 0.00112014 0.00102741 0.000962053 0.000922892 0.000890397 0.000866045 0.000852666 0.000845931 0.000865009 0.000902962 0.000962828 0.00103572 0.00111681 0.00121931 0.00135027 0.00151444 0.00172554 0.00195732 0.00221282 0.00249544 0.00279115 0.00311324 0.00345122 0.00378383 0.00409995 0.00437827 0.00458938 0.00471809 0.00475163 0.00468441 0.00450427 0.00419985 0.00375533 0.00315866 0.0024313 0.00159758 0.000676585 -0.000301118 -0.00129828 -0.00229333 -0.00325022 -0.00414099 -0.00494234 -0.00561718 -0.00614455 -0.00650273 -0.00670989 -0.00676522 -0.00667424 -0.00647284 -0.00617258 -0.00579637 -0.00535016 -0.00485956 -0.00434816 -0.00382917 -0.00332979 -0.00285682 -0.00242262 -0.00203948 -0.00170521 -0.00141464 -0.00116183 -0.000949073 -0.000772775 -0.000616665 -0.000492208 -0.000398446 -0.000324503 -0.00026309 -0.000214515 -0.000192564 -0.000174788 -0.000162206 
0 2.98136e-05 4.94085e-05 8.5872e-05 0.000142352 0.000218129 0.000300922 0.000423031 0.000591249 0.000789031 0.00102667 0.00132334 0.00168863 0.00210371 0.00259686 0.00318818 0.00388041 0.00465168 0.00551844 0.00648093 0.0074952 0.00854258 0.00957322 0.0105802 0.0114927 0.0122956 0.0129518 0.0134058 0.0136552 0.0136216 0.0132996 0.0126509 0.0117096 0.0104886 0.00899304 0.00730097 0.00546356 0.00352751 0.00154771 -0.000414441 -0.00230368 -0.00403593 -0.00558213 -0.00687749 -0.00794381 -0.00873471 -0.00925947 -0.00956435 -0.00963291 -0.0095086 -0.00920249 -0.0087541 -0.00819896 -0.00760113 -0.0069681 -0.00633165 -0.00568556 -0.00507451 -0.0044903 -0.00396042 -0.00349022 -0.00306708 -0.00270164 -0.00239521 -0.00213945 -0.00191138 -0.00172749 -0.00154621 -0.0013862 -0.00123669 -0.00107674 -0.000870717 -0.000638176 -0.000310503 7.6547e-05 0.000522525 0.00101587 0.00151853 0.00199727 0.00244382 0.00274352 0.00286942 0.002806 0.00250945 0.00198053 0.00125552 0.000378269 -0.000570784 -0.00153901 -0.00247915 -0.00331327 -0.00401717 -0.00457072 -0.00494693 -0.00515377 -0.00524889 -0.00524152 -0.00517109 -0.00509199 -0.00503346 -0.00498606 -0.00499106 -0.00503335 -0.00507865 -0.00510536 -0.00509701 -0.00497867 -0.00472987 -0.00433927 -0.00378223 -0.00305361 -0.00220004 -0.0012384 -0.000224012 0.000768771 0.00168533 0.00246337 0.00307477 0.00350837 0.00371962 0.00372834 0.00361458 0.00337973 0.00308782 0.00278446 0.00249494 0.00224616 0.00206333 0.00190692 0.00182113 0.00176505 0.00173209 0.00171438 0.00172746 0.00175019 0.00182625 0.00193204 0.0020689 0.00223967 0.00246066 0.00272697 0.0030725 0.0034884 0.0039465 0.00446761 0.00502176 0.00562387 0.00625393 0.00690461 0.00753597 0.00813329 0.00865223 0.0090718 0.00931199 0.00938387 0.0092407 0.00885676 0.00824158 0.00733254 0.00615286 0.00471892 0.00308302 0.00127815 -0.000638483 -0.00260614 -0.00455159 -0.00643722 -0.00817607 -0.0097399 -0.0110715 -0.0120968 -0.0128291 -0.0132437 -0.0133812 -0.013225 -0.0128392 -0.0122686 -0.0115257 -0.0106582 -0.00969238 -0.00868659 -0.00766537 -0.00667666 -0.00573808 -0.00487505 -0.00410591 -0.00343695 -0.00285398 -0.00234642 -0.00193104 -0.00157668 -0.00127814 -0.00102699 -0.000839801 -0.000692634 -0.000559006 -0.000467127 -0.000403658 -0.000365105 -0.000326569 
0 4.69703e-05 8.5872e-05 0.000138836 0.000233705 0.000349051 0.000485819 0.000678642 0.000935462 0.00124238 0.00160652 0.00206419 0.00262565 0.00326436 0.00401738 0.00491495 0.00594846 0.00710727 0.00838415 0.00979889 0.0112778 0.0127869 0.0142929 0.015734 0.0170702 0.0182169 0.0191454 0.0197762 0.0200691 0.0199838 0.0194513 0.0184867 0.0171036 0.0153245 0.0131683 0.0107114 0.00804593 0.00523725 0.00236488 -0.000471522 -0.00318777 -0.00570537 -0.00793715 -0.00986268 -0.0114479 -0.0126462 -0.0134669 -0.0139335 -0.0140786 -0.013934 -0.0135382 -0.0129448 -0.0121937 -0.011346 -0.0104555 -0.00950827 -0.00857091 -0.00767777 -0.00682354 -0.00606351 -0.00536703 -0.00472391 -0.00416271 -0.00367544 -0.00326536 -0.00293566 -0.00264561 -0.00239491 -0.00214925 -0.00190657 -0.00164532 -0.00132804 -0.000941914 -0.000462618 0.000114095 0.000765662 0.00149645 0.00226811 0.00299679 0.00363033 0.00408903 0.00430126 0.00418199 0.00371145 0.00292058 0.00186031 0.000568088 -0.000856299 -0.002324 -0.00372295 -0.00498806 -0.0060385 -0.00683672 -0.0073875 -0.00772511 -0.0078477 -0.0078416 -0.0077638 -0.00764745 -0.00753488 -0.00749085 -0.00748575 -0.00752448 -0.00759841 -0.00765504 -0.00761406 -0.0074577 -0.00710627 -0.00651058 -0.00565754 -0.00457409 -0.0032771 -0.00184506 -0.000351128 0.00111636 0.00250034 0.00369322 0.00461971 0.00523498 0.00555198 0.00559546 0.0054083 0.00504863 0.00463377 0.00419725 0.00376742 0.00339644 0.00308696 0.00285533 0.0027188 0.00263886 0.00260989 0.00261813 0.00263396 0.00268958 0.00278158 0.0029348 0.00314919 0.0034218 0.00377625 0.00421034 0.00472463 0.00534579 0.00602272 0.00677612 0.00761562 0.0084974 0.00942857 0.0103641 0.0112485 0.0120674 0.0127847 0.0133367 0.0136685 0.013727 0.0134731 0.0128708 0.0119045 0.0105528 0.00880506 0.00671877 0.00434733 0.00172987 -0.00105751 -0.00391132 -0.00675283 -0.00947628 -0.0119982 -0.0142612 -0.0161784 -0.0176981 -0.0187722 -0.019435 -0.0196762 -0.0194976 -0.0189823 -0.0181662 -0.0171141 -0.0158563 -0.014466 -0.0130089 -0.0115239 -0.0100811 -0.00870197 -0.00742259 -0.00627712 -0.00526664 -0.00438199 -0.00361511 -0.00297526 -0.00244657 -0.00198364 -0.00160596 -0.00131288 -0.00107808 -0.000883155 -0.000729498 -0.000641275 -0.000565328 -0.000505841 
0 7.81843e-05 0.000142352 0.000233705 0.000365413 0.000534596 0.000730137 0.000998243 0.00135071 0.00176676 0.00226649 0.00289046 0.00365431 0.00453157 0.00556038 0.00677073 0.00816025 0.00969061 0.0113743 0.0132021 0.0150993 0.0170296 0.0189246 0.0207594 0.0224205 0.0238518 0.0249775 0.0257021 0.0260113 0.0258066 0.0250811 0.0238006 0.0220153 0.0197427 0.0169876 0.0138626 0.0104633 0.00688369 0.00323623 -0.000360401 -0.00380927 -0.00699289 -0.0098663 -0.0123436 -0.0144298 -0.016036 -0.0171548 -0.017846 -0.0181077 -0.0180148 -0.0176012 -0.0169264 -0.0160373 -0.0150204 -0.0138969 -0.0127201 -0.0115149 -0.0103617 -0.00926167 -0.00825316 -0.00733243 -0.0064802 -0.00571911 -0.00506377 -0.00451301 -0.00403748 -0.00364466 -0.00326953 -0.00292065 -0.00258065 -0.00221705 -0.00177846 -0.00128237 -0.000631624 0.00013726 0.00102164 0.00200188 0.00301026 0.00397084 0.00483586 0.0054217 0.00566075 0.00550968 0.00490491 0.0038538 0.00242351 0.00069754 -0.00118376 -0.00310884 -0.00497015 -0.00663151 -0.00802748 -0.00911386 -0.00985593 -0.0102754 -0.0104609 -0.0104536 -0.010329 -0.0101777 -0.0100559 -0.00996921 -0.00997179 -0.0100434 -0.0101312 -0.0101867 -0.010158 -0.00992559 -0.00943406 -0.00864823 -0.00753182 -0.00608696 -0.00438685 -0.00248388 -0.000482453 0.00148595 0.00331305 0.00487725 0.00610949 0.00697148 0.00740128 0.00743671 0.00720633 0.00674912 0.00618639 0.00559986 0.00503705 0.00454617 0.00416413 0.0038505 0.00366979 0.00356797 0.0035296 0.0035343 0.00358689 0.00366234 0.00382112 0.00404577 0.00434775 0.00473483 0.00522477 0.00580375 0.00650575 0.007319 0.00820711 0.00920487 0.0102783 0.0114287 0.0126086 0.0137782 0.0148654 0.0158502 0.0166805 0.0173188 0.0176448 0.0176414 0.0172253 0.0163546 0.0150483 0.0132432 0.0109841 0.00830953 0.00529054 0.00196999 -0.00156504 -0.00520209 -0.00880699 -0.0122843 -0.0154911 -0.0183725 -0.0208399 -0.0227904 -0.0242318 -0.0251306 -0.0255201 -0.0253678 -0.0247622 -0.0237781 -0.022459 -0.0208928 -0.0191419 -0.0173015 -0.0154185 -0.0135683 -0.0117857 -0.0101156 -0.00859694 -0.00724488 -0.00604654 -0.00499804 -0.00412646 -0.00338912 -0.0027632 -0.00223673 -0.00182896 -0.00150406 -0.00122562 -0.00102714 -0.000889903 -0.000793563 -0.000709736 
0 0.000112802 0.000218129 0.000349051 0.000534596 0.000760362 0.00102917 0.00138483 0.00184248 0.00238799 0.0030405 0.00384909 0.00483238 0.00596517 0.00728354 0.00881768 0.0105468 0.0124418 0.0144872 0.0166851 0.0189468 0.0212201 0.0234555 0.0255766 0.0275006 0.0291133 0.0303475 0.031104 0.0313377 0.0309991 0.0300339 0.0284565 0.0262957 0.0235774 0.0203255 0.0166445 0.0126567 0.00846803 0.00419666 -2.02827e-05 -0.00406746 -0.00784107 -0.011244 -0.0142315 -0.0167554 -0.0187432 -0.0201897 -0.0211286 -0.0215932 -0.0216292 -0.0212789 -0.0206047 -0.0196608 -0.0185296 -0.0172766 -0.0159137 -0.0145171 -0.0131456 -0.0118133 -0.0105831 -0.0094426 -0.00838504 -0.00744394 -0.00661595 -0.00589852 -0.00528189 -0.00473158 -0.00423465 -0.00376674 -0.00331852 -0.00285002 -0.00230077 -0.0016394 -0.000818706 0.000159532 0.00126549 0.00248283 0.00374236 0.00493392 0.00596586 0.00670068 0.00701946 0.00681004 0.0060288 0.00471304 0.00294274 0.000810478 -0.00152679 -0.00392027 -0.00621172 -0.00827965 -0.010014 -0.0113523 -0.0122836 -0.01284 -0.0130565 -0.0130412 -0.0128939 -0.0126963 -0.0125255 -0.0124505 -0.0124608 -0.0125422 -0.0126573 -0.0127268 -0.0126482 -0.0123568 -0.011755 -0.0107728 -0.00938134 -0.00760133 -0.00547656 -0.0031116 -0.000633215 0.00181039 0.00409522 0.00606508 0.00760462 0.00864983 0.00919736 0.00928872 0.00900398 0.00843812 0.00774824 0.00701977 0.00631579 0.00571073 0.00522366 0.00486354 0.00464628 0.00452365 0.00447952 0.00449973 0.00456537 0.00470389 0.0049269 0.00524783 0.00566331 0.00617101 0.00679737 0.00754355 0.00842094 0.0094408 0.010547 0.0117513 0.0130504 0.0143976 0.0157768 0.0171206 0.0183487 0.0194288 0.0203093 0.0209163 0.0211686 0.0210053 0.0203696 0.019223 0.0175573 0.0153522 0.0126166 0.00942434 0.00584353 0.00192645 -0.00223019 -0.0064929 -0.0107333 -0.0148083 -0.0185899 -0.021996 -0.0249195 -0.0272841 -0.0290439 -0.0302139 -0.0307741 -0.0307088 -0.0301014 -0.0290131 -0.0275312 -0.0257259 -0.0237002 -0.0215464 -0.0193259 -0.0171233 -0.0149778 -0.0129445 -0.0110743 -0.00938425 -0.00787097 -0.0065395 -0.00541074 -0.00446188 -0.00364473 -0.00296759 -0.00243109 -0.00199833 -0.00164067 -0.00136605 -0.00118751 -0.00104975 -0.000947592 
0 0.000151514 0.000300922 0.000485819 0.000730137 0.00102917 0.00138669 0.00184775 0.0024325 0.0031306 0.00396462 0.004983 0.00620339 0.00760903 0.00922674 0.0110774 0.0131374 0.015361 0.0177372 0.0202463 0.0228069 0.025357 0.0278281 0.0301513 0.0322108 0.033905 0.0351463 0.0358426 0.0359578 0.0354289 0.0342301 0.0323598 0.029862 0.0267688 0.0231146 0.0190173 0.0146004 0.0099729 0.0052551 0.000579508 -0.00393249 -0.00815759 -0.0120092 -0.0154129 -0.0183321 -0.0206915 -0.0224781 -0.023729 -0.0244551 -0.024697 -0.0244888 -0.0238909 -0.0229724 -0.0218302 -0.020519 -0.0190783 -0.0175574 -0.0160248 -0.0145104 -0.013071 -0.0117221 -0.0104671 -0.00933319 -0.00832865 -0.00744549 -0.00666055 -0.00596179 -0.00531615 -0.00471643 -0.00414293 -0.00354381 -0.00285044 -0.00203234 -0.00102024 0.000170254 0.00151142 0.00296601 0.00445141 0.00586004 0.00708413 0.00793715 0.0082875 0.00803578 0.00711578 0.00554705 0.00342356 0.000877625 -0.00190477 -0.00474583 -0.00747308 -0.00992415 -0.0119848 -0.0135843 -0.014694 -0.0153449 -0.0156191 -0.0156128 -0.0154395 -0.0152146 -0.0150253 -0.0149197 -0.0149269 -0.0150235 -0.0151483 -0.0152192 -0.0151359 -0.014778 -0.014048 -0.0128758 -0.0112204 -0.00909321 -0.0065656 -0.00374339 -0.000780144 0.00214337 0.00485868 0.00719561 0.00903764 0.0103154 0.0109907 0.0111118 0.0107988 0.0101543 0.00933548 0.0084616 0.0076213 0.0068954 0.00632406 0.00589982 0.00564752 0.00551727 0.00548126 0.00552279 0.00563966 0.00583871 0.00615447 0.00658002 0.00711141 0.00775122 0.00852056 0.00942792 0.0104976 0.0117171 0.0130338 0.014441 0.0159074 0.0174054 0.0188972 0.0203249 0.0216075 0.0226988 0.0235345 0.0240428 0.0241264 0.0237447 0.0228412 0.0213868 0.0193825 0.0167925 0.0136451 0.0100062 0.00595934 0.00157293 -0.00305004 -0.00777809 -0.0124722 -0.0170011 -0.021224 -0.0250511 -0.0283714 -0.0310849 -0.0331623 -0.0345874 -0.0353527 -0.0354325 -0.0348944 -0.033811 -0.0322548 -0.0303197 -0.0281049 -0.0257164 -0.02323 -0.0207295 -0.0182688 -0.015908 -0.0137057 -0.0116912 -0.00986821 -0.00825075 -0.00686484 -0.00568483 -0.00467609 -0.0038332 -0.00315815 -0.00260975 -0.00215173 -0.00179844 -0.00154732 -0.00136237 -0.0012265 
0 0.000208767 0.000423031 0.000678642 0.000998243 0.00138483 0.00184775 0.00242946 0.00315496 0.00402331 0.00506002 0.00630741 0.0077806 0.00946929 0.0113875 0.0135452 0.0159112 0.0184355 0.0210977 0.0238628 0.0266541 0.029395 0.0320082 0.034415 0.0364976 0.0381583 0.0393075 0.0398694 0.0398044 0.0390581 0.0376115 0.0354686 0.0326784 0.0292848 0.0253421 0.0209665 0.0162775 0.0113786 0.0063794 0.001404 -0.00342181 -0.00797105 -0.0121529 -0.0158915 -0.0191436 -0.0218454 -0.0239759 -0.0255571 -0.0265922 -0.0271057 -0.0271263 -0.026708 -0.0259241 -0.0248651 -0.0235851 -0.0221319 -0.0205548 -0.0189235 -0.017287 -0.0156944 -0.0141734 -0.0127353 -0.0114084 -0.0102126 -0.00914721 -0.00819277 -0.00733632 -0.00654074 -0.00579319 -0.00506604 -0.00430561 -0.00344663 -0.00244564 -0.00124383 0.000152794 0.00172013 0.00341181 0.00513324 0.00676113 0.00815432 0.00911994 0.00950071 0.00918469 0.00810635 0.00629226 0.00384285 0.000910352 -0.00230594 -0.00559386 -0.00875077 -0.0115838 -0.0139589 -0.0157956 -0.0170713 -0.0178237 -0.0181511 -0.0181612 -0.0179815 -0.0177353 -0.0175208 -0.0173921 -0.0173866 -0.0174823 -0.0176156 -0.0176917 -0.0175943 -0.0171794 -0.0163324 -0.0149659 -0.0130373 -0.010564 -0.00763416 -0.00437218 -0.0009538 0.00242634 0.00557229 0.00829505 0.0104486 0.0119472 0.0127532 0.0129218 0.0125778 0.0118573 0.0109282 0.00993284 0.00897303 0.00813267 0.00746334 0.00697471 0.00668441 0.00655585 0.00655221 0.0066479 0.00683549 0.00711647 0.00752482 0.00805958 0.00872041 0.00951162 0.0104458 0.0115301 0.0127805 0.0141718 0.0156586 0.0172157 0.0188051 0.0203945 0.0219345 0.0233631 0.024604 0.025602 0.0262925 0.0266013 0.02644 0.0257703 0.0245522 0.022772 0.0204299 0.0175005 0.0140099 0.0100238 0.00563009 0.000912649 -0.0040213 -0.00904551 -0.0140274 -0.0188455 -0.0233711 -0.0275048 -0.0311317 -0.0341436 -0.0365012 -0.038179 -0.0391642 -0.0394391 -0.0390512 -0.0380687 -0.0365548 -0.0346001 -0.0323043 -0.0297764 -0.0271082 -0.0243848 -0.0216711 -0.0190327 -0.016533 -0.0142126 -0.0120871 -0.0101812 -0.00852153 -0.00709014 -0.00586322 -0.0048323 -0.0039942 -0.0033087 -0.00273984 -0.00229578 -0.00196878 -0.00173185 -0.00156632 
0 0.000288096 0.000591249 0.000935462 0.00135071 0.00184248 0.0024325 0.00315496 0.0040379 0.00509558 0.00635438 0.00784681 0.00958408 0.0115588 0.0137702 0.016218 0.0188575 0.0216504 0.0245473 0.0275081 0.0304534 0.0332867 0.0359402 0.0383011 0.0402932 0.0418035 0.0427654 0.0431256 0.0428223 0.0418434 0.0401443 0.0377666 0.034747 0.0311423 0.0270312 0.0225074 0.0176866 0.0126656 0.00753861 0.00242214 -0.00255641 -0.00729501 -0.0116801 -0.0156739 -0.0191956 -0.0222034 -0.0246678 -0.0265754 -0.0279495 -0.0287875 -0.0291192 -0.0289837 -0.0284453 -0.0275619 -0.0264075 -0.0250088 -0.0234519 -0.0217926 -0.0200975 -0.0184138 -0.0167638 -0.0151698 -0.0136705 -0.0122902 -0.0110385 -0.00991695 -0.00887886 -0.00791753 -0.006994 -0.00608419 -0.00513988 -0.00410825 -0.00290638 -0.00151756 9.25413e-05 0.0018899 0.00382064 0.00578346 0.00763138 0.00917091 0.0102406 0.0106484 0.010251 0.00900385 0.00694615 0.00417987 0.000875277 -0.00275425 -0.0064674 -0.0100229 -0.013227 -0.0159128 -0.0179848 -0.0194313 -0.0203023 -0.0206718 -0.0206913 -0.0205047 -0.0202325 -0.0199839 -0.0198535 -0.0198426 -0.0199382 -0.0200835 -0.0201627 -0.020023 -0.0195423 -0.0185743 -0.0170129 -0.0148203 -0.0120264 -0.00870618 -0.00501859 -0.00115435 0.0026739 0.00624706 0.00935913 0.0118294 0.0135417 0.0144868 0.0147225 0.0143488 0.0135582 0.0125329 0.011428 0.0103624 0.00942827 0.00866553 0.00812975 0.00780312 0.00767751 0.00771367 0.00788234 0.00815228 0.00854805 0.00906262 0.00972606 0.010534 0.011488 0.0125938 0.0138559 0.015258 0.0167815 0.0183841 0.0200225 0.0216815 0.0232934 0.0248158 0.026162 0.027263 0.0280593 0.0285046 0.0285164 0.0280501 0.0270398 0.0254773 0.023363 0.0206842 0.017464 0.013705 0.00948686 0.00488435 -1.35081e-05 -0.00510388 -0.0102651 -0.0153872 -0.0203408 -0.0250351 -0.0293572 -0.0331909 -0.0364478 -0.0390409 -0.0409684 -0.0421812 -0.0426893 -0.04252 -0.0417195 -0.0403605 -0.038497 -0.0362384 -0.0336782 -0.0309229 -0.0280599 -0.0251621 -0.0223033 -0.01955 -0.0169505 -0.0145375 -0.0123466 -0.0103999 -0.008702 -0.00722952 -0.00598825 -0.00496141 -0.00411669 -0.00342839 -0.00287963 -0.00247532 -0.00217708 -0.00198235 
0 0.000384234 0.000789031 0.00124238 0.00176676 0.00238799 0.0031306 0.00402331 0.00509558 0.00637334 0.00788082 0.0096401 0.0116483 0.0139076 0.0163989 0.0191006 0.0219815 0.0249784 0.0280556 0.0311276 0.034131 0.0369652 0.0395289 0.0417534 0.0435284 0.0448042 0.0454985 0.0455802 0.0450136 0.0437579 0.0418325 0.0392505 0.0360742 0.032361 0.0281893 0.0236452 0.0188257 0.0138182 0.00872107 0.00362585 -0.0013613 -0.0061307 -0.0106306 -0.0147752 -0.0185138 -0.0217882 -0.0245495 -0.0267923 -0.028512 -0.0297155 -0.0304212 -0.0306405 -0.0304245 -0.0298239 -0.0288672 -0.027644 -0.0261924 -0.0245909 -0.0229174 -0.0211913 -0.0194603 -0.0177605 -0.0161154 -0.0145788 -0.0131612 -0.0118448 -0.0106271 -0.00946282 -0.00834693 -0.00724394 -0.00610291 -0.00486536 -0.00346866 -0.00185273 -1.21862e-05 0.00203419 0.0042039 0.0063816 0.00842389 0.0101353 0.011285 0.0116858 0.0112275 0.00983568 0.00752669 0.00443059 0.000755933 -0.00326198 -0.00736006 -0.0112983 -0.0148381 -0.0178215 -0.020148 -0.0217748 -0.0227395 -0.0231779 -0.0232064 -0.0229857 -0.0226865 -0.0224325 -0.0222762 -0.022276 -0.022396 -0.0225393 -0.0225926 -0.0224288 -0.0218555 -0.0207456 -0.0190043 -0.016574 -0.013465 -0.00978623 -0.00568113 -0.00136577 0.00291927 0.00690768 0.0103715 0.0131402 0.0151035 0.0161988 0.0164864 0.0161256 0.0152968 0.0141772 0.0129593 0.0117904 0.0107595 0.00994356 0.00935955 0.00901837 0.00891089 0.0089913 0.0092259 0.00961054 0.0101189 0.0107824 0.011593 0.0125528 0.0136725 0.0149357 0.0163427 0.0178818 0.0194952 0.0211636 0.0228399 0.0244717 0.0260388 0.027442 0.0286128 0.0294834 0.0299894 0.030096 0.0297602 0.0289237 0.027561 0.0256497 0.0231989 0.0202266 0.0167406 0.0128001 0.00844805 0.00376404 -0.00117043 -0.00627183 -0.0114377 -0.0165521 -0.0215201 -0.0262459 -0.0306305 -0.0345823 -0.0379889 -0.0408018 -0.0429485 -0.0444145 -0.0451929 -0.045287 -0.0447575 -0.043626 -0.0419693 -0.0398483 -0.0373614 -0.0346147 -0.0316869 -0.0286764 -0.0256559 -0.0226992 -0.0198642 -0.0171956 -0.0147374 -0.0125187 -0.0105455 -0.00882814 -0.0073542 -0.00611809 -0.00509595 -0.0042593 -0.00360191 -0.00309132 -0.00272766 -0.002488 
0 0.000497731 0.00102667 0.00160652 0.00226649 0.0030405 0.00396462 0.00506002 0.00635438 0.00788082 0.00966172 0.011694 0.0139778 0.0165074 0.0192513 0.0221785 0.0252349 0.0283895 0.0315534 0.0346531 0.0376149 0.0403271 0.042723 0.0446854 0.046187 0.0471423 0.047509 0.0472777 0.0463867 0.0448704 0.0427101 0.0399806 0.0367164 0.0329766 0.0288533 0.0243967 0.0196953 0.0148404 0.00990544 0.00496807 0.000118059 -0.00459376 -0.00907523 -0.0133058 -0.0171718 -0.020646 -0.0236806 -0.0262257 -0.0283064 -0.0298946 -0.030998 -0.0316156 -0.0317876 -0.0315229 -0.030891 -0.0299186 -0.0286887 -0.0272371 -0.0256494 -0.0239602 -0.0222135 -0.0204545 -0.0187261 -0.0170584 -0.0154688 -0.013982 -0.0125502 -0.0111981 -0.00988689 -0.00858091 -0.00722902 -0.00578078 -0.00411488 -0.00225783 -0.000162089 0.00212719 0.00452753 0.00692298 0.00915132 0.010966 0.0122138 0.0126542 0.0121074 0.0105362 0.00799667 0.00460765 0.000587607 -0.00381114 -0.00829816 -0.0125903 -0.0164645 -0.0197273 -0.0222632 -0.0240536 -0.0251504 -0.0256293 -0.0256733 -0.0254626 -0.0251427 -0.0248501 -0.024706 -0.0246964 -0.0248022 -0.0249516 -0.0249993 -0.0247674 -0.0241241 -0.0228997 -0.0209716 -0.0182902 -0.0148826 -0.0108305 -0.00632197 -0.00158683 0.00311491 0.007508 0.0113539 0.0144256 0.0165832 0.017838 0.0182526 0.0179116 0.0170546 0.0158702 0.0145576 0.0132837 0.0121642 0.0112633 0.0106745 0.0103382 0.010269 0.0104165 0.0107455 0.011227 0.0118876 0.012687 0.0136603 0.0147844 0.0160502 0.0174486 0.0189789 0.0205982 0.0222705 0.02396 0.0255877 0.0271377 0.0285329 0.0297245 0.0306212 0.0311759 0.0313236 0.0310464 0.0302933 0.029075 0.0273298 0.0250803 0.0223409 0.0190984 0.0154354 0.011369 0.00698017 0.00232183 -0.0025333 -0.00751947 -0.0125534 -0.0175504 -0.0223966 -0.0270428 -0.0313785 -0.0353254 -0.038829 -0.0417782 -0.0441518 -0.0458681 -0.0469473 -0.047367 -0.0471446 -0.0463354 -0.0449511 -0.0430736 -0.0407598 -0.0381133 -0.0352162 -0.0321646 -0.0290547 -0.0259556 -0.0229349 -0.0200526 -0.0173577 -0.0148753 -0.0126406 -0.0106647 -0.00895393 -0.00748824 -0.00626194 -0.00526664 -0.00446554 -0.00384822 -0.00339462 -0.00310689 
0 0.000641861 0.00132334 0.00206419 0.00289046 0.00384909 0.004983 0.00630741 0.00784681 0.0096401 0.011694 0.0139994 0.016537 0.0193123 0.0222778 0.025376 0.0285717 0.0317992 0.0349882 0.0380183 0.0408353 0.0433431 0.0454483 0.0470966 0.0482249 0.0488133 0.0488032 0.0482051 0.047003 0.0452103 0.0428795 0.040052 0.0367752 0.0330971 0.0290997 0.0248229 0.0203418 0.0157297 0.011064 0.00638538 0.00174957 -0.00277942 -0.00717506 -0.011362 -0.0152752 -0.0188807 -0.0221251 -0.0249654 -0.0273846 -0.02935 -0.0308572 -0.0318849 -0.0324701 -0.0326279 -0.0323687 -0.0317669 -0.0308326 -0.0296143 -0.0282001 -0.0266125 -0.0249168 -0.0231751 -0.0214022 -0.0196516 -0.0179407 -0.0162797 -0.0146759 -0.0131195 -0.0116025 -0.0100779 -0.00849203 -0.0067886 -0.00488836 -0.00276474 -0.000409627 0.00214329 0.00478281 0.00738482 0.0097851 0.0117478 0.0130364 0.0134405 0.0128306 0.0111358 0.00837142 0.00468937 0.000333313 -0.00442272 -0.00927053 -0.0139186 -0.0180988 -0.0216214 -0.0243725 -0.0263079 -0.0274849 -0.0280432 -0.0281269 -0.0279168 -0.0275976 -0.0273065 -0.0271219 -0.027094 -0.0271959 -0.0273232 -0.0273423 -0.0270968 -0.026376 -0.0250155 -0.0229062 -0.0199821 -0.0162623 -0.0118652 -0.00696946 -0.00182271 0.00329314 0.00806875 0.0122394 0.0156102 0.0180457 0.019485 0.0199823 0.0196973 0.0188417 0.0176052 0.0162117 0.0148587 0.0136652 0.0127371 0.01212 0.0118022 0.0117851 0.012013 0.0124429 0.0130688 0.0138663 0.0148362 0.0159668 0.0172356 0.0186354 0.0201298 0.0217217 0.0233772 0.0250346 0.0266705 0.028199 0.0295516 0.0307062 0.0315698 0.0321023 0.0322714 0.0320119 0.0313085 0.0301388 0.0284988 0.0263829 0.0238096 0.0208032 0.0173822 0.0135928 0.00950929 0.0051659 0.000629482 -0.0040378 -0.00879769 -0.0135921 -0.0183482 -0.0229897 -0.0274575 -0.0316559 -0.0355349 -0.0390294 -0.0420854 -0.0446165 -0.0465833 -0.0479705 -0.0487269 -0.0488767 -0.0484189 -0.0473985 -0.04584 -0.0438029 -0.0413675 -0.038596 -0.0356045 -0.0324798 -0.0293047 -0.0261511 -0.0230956 -0.0201923 -0.0174699 -0.0149719 -0.0127426 -0.0107776 -0.00906924 -0.00762574 -0.00644227 -0.00549518 -0.00474516 -0.00420758 -0.00386554 
0 0.000820365 0.00168863 0.00262565 0.00365431 0.00483238 0.00620339 0.0077806 0.00958408 0.0116483 0.0139778 0.016537 0.0193122 0.0222984 0.0254399 0.0286666 0.0319224 0.0351604 0.0382697 0.0411419 0.0437199 0.0459202 0.0476796 0.048926 0.0496519 0.0498212 0.0494078 0.0484432 0.04692 0.0449024 0.0424279 0.0395608 0.0363263 0.0327688 0.0289733 0.0249612 0.0207843 0.0165094 0.0121814 0.00782474 0.00348124 -0.000815813 -0.00501494 -0.00908488 -0.0129463 -0.0165956 -0.0199888 -0.0230531 -0.0257688 -0.0280857 -0.0299849 -0.031444 -0.0324855 -0.0330898 -0.0332781 -0.0330755 -0.0325106 -0.031607 -0.0304482 -0.0290649 -0.0275145 -0.0258522 -0.0241097 -0.0223238 -0.0205247 -0.018751 -0.0169848 -0.0152493 -0.0135207 -0.011755 -0.00991395 -0.00795617 -0.00577825 -0.00339995 -0.000787236 0.00202132 0.00491352 0.00774585 0.0103267 0.0123876 0.0137378 0.0141397 0.0134244 0.0115547 0.00858629 0.00465462 1.04035e-06 -0.00508579 -0.0102768 -0.0152487 -0.0197256 -0.0234957 -0.0264352 -0.0285177 -0.0298094 -0.0304204 -0.0305343 -0.030347 -0.0300232 -0.0297091 -0.029523 -0.0294771 -0.0295555 -0.0296733 -0.0296719 -0.0293624 -0.0285618 -0.027079 -0.0247843 -0.0216164 -0.0176068 -0.012871 -0.00761267 -0.00208988 0.0034035 0.00856011 0.0131075 0.0167931 0.0194554 0.0210762 0.0217125 0.02148 0.0206288 0.0193709 0.0179428 0.0165472 0.015313 0.0143404 0.0137235 0.013422 0.0134575 0.0137808 0.0143407 0.0151089 0.0160735 0.0171869 0.0184602 0.0198587 0.0213568 0.0229213 0.024535 0.0261454 0.0277075 0.0291922 0.0305073 0.0316047 0.0324263 0.0329157 0.0330298 0.0327616 0.0320596 0.0309133 0.0293036 0.0272615 0.0247795 0.0219155 0.0187077 0.0151627 0.0113608 0.00733516 0.00312899 -0.00121215 -0.00562979 -0.0100912 -0.0145618 -0.018998 -0.0233381 -0.0275518 -0.0315429 -0.0352712 -0.0387112 -0.0417859 -0.0444454 -0.0466209 -0.048303 -0.0494179 -0.049945 -0.049896 -0.0492706 -0.0481038 -0.0464225 -0.0442869 -0.0417519 -0.0389142 -0.0358715 -0.0326949 -0.0294711 -0.026293 -0.0232208 -0.0202863 -0.0175472 -0.015063 -0.0128421 -0.0108791 -0.00920093 -0.00781903 -0.00670066 -0.00581816 -0.00518442 -0.00479129 
0 0.00102347 0.00210371 0.00326436 0.00453157 0.00596517 0.00760903 0.00946929 0.0115588 0.0139076 0.0165074 0.0193123 0.0222984 0.0254575 0.0287233 0.0320065 0.0352491 0.0383933 0.0413279 0.0439409 0.046189 0.048013 0.0493535 0.0501614 0.0504365 0.0501689 0.0493505 0.0480312 0.0462362 0.0440343 0.0414765 0.0386144 0.0354699 0.0320885 0.0285509 0.0248657 0.0210593 0.017172 0.0132347 0.00925361 0.00525512 0.00126941 -0.00267495 -0.00654909 -0.0103015 -0.0139334 -0.017402 -0.0206265 -0.0235723 -0.0261896 -0.0284541 -0.030331 -0.031821 -0.0328895 -0.0335345 -0.0337841 -0.0336488 -0.0331441 -0.0323329 -0.0312369 -0.0299043 -0.028396 -0.0267435 -0.0249919 -0.0231761 -0.0213321 -0.0194507 -0.0175498 -0.0156139 -0.0136081 -0.0115071 -0.00927732 -0.0068356 -0.00418263 -0.00129467 0.00178449 0.00492654 0.00797679 0.0107289 0.0129096 0.014295 0.0146643 0.0138666 0.0118565 0.00867741 0.00448721 -0.000453514 -0.00583455 -0.0113191 -0.0165737 -0.0213135 -0.0253207 -0.0284644 -0.030702 -0.0320997 -0.0327775 -0.0329181 -0.0327264 -0.0323922 -0.0320711 -0.0318788 -0.0318342 -0.0319122 -0.032008 -0.0319611 -0.031583 -0.0306766 -0.029049 -0.0265768 -0.0231921 -0.0189205 -0.0138781 -0.00827122 -0.00236749 0.00351416 0.0090415 0.0139191 0.0179046 0.0208319 0.0226556 0.0234245 0.0232826 0.0224744 0.0212231 0.0197753 0.0183542 0.0171015 0.0161281 0.0155148 0.015244 0.0153371 0.0157541 0.0164417 0.0173639 0.018482 0.0197378 0.0211225 0.0226012 0.0241482 0.0257224 0.0272946 0.0287987 0.0301852 0.0314263 0.0324442 0.0331896 0.0336194 0.0336743 0.0333305 0.0325932 0.0314277 0.0298364 0.0278207 0.0254175 0.0226396 0.0195516 0.0161991 0.0126068 0.00884831 0.00496045 0.000957839 -0.00312448 -0.00723594 -0.0113497 -0.0154416 -0.0194913 -0.0234702 -0.0273643 -0.0310951 -0.0346345 -0.0379646 -0.041023 -0.0437522 -0.0460998 -0.0480434 -0.0494956 -0.050413 -0.0507792 -0.0505863 -0.0498453 -0.0485737 -0.0468075 -0.0445859 -0.0419952 -0.0391181 -0.0360232 -0.0328024 -0.0295656 -0.0263812 -0.0232859 -0.0203478 -0.0176402 -0.0151802 -0.0129722 -0.0110591 -0.00946417 -0.00815954 -0.00712081 -0.00637208 -0.00590593 
0 0.00126732 0.00259686 0.00401738 0.00556038 0.00728354 0.00922674 0.0113875 0.0137702 0.0163989 0.0192513 0.0222778 0.0254399 0.0287233 0.0320501 0.0353134 0.0384577 0.0414081 0.0440723 0.0463402 0.0481871 0.0495814 0.0504578 0.0508035 0.050612 0.049916 0.0487227 0.0470917 0.0450809 0.0427406 0.0401428 0.0373181 0.0342992 0.0311357 0.0278949 0.024574 0.0211708 0.0176991 0.0141837 0.0106183 0.00700838 0.00338349 -0.000265323 -0.00389558 -0.00748834 -0.0110346 -0.0144921 -0.0177923 -0.0208893 -0.0237456 -0.0263275 -0.0285848 -0.030489 -0.0320045 -0.0331036 -0.0338309 -0.0341685 -0.0341251 -0.0337331 -0.0330026 -0.0319724 -0.0307047 -0.0292228 -0.027575 -0.0258009 -0.0239283 -0.0219785 -0.0199558 -0.0178583 -0.0156511 -0.0133118 -0.0108002 -0.00807383 -0.00511434 -0.00193648 0.00141254 0.00479453 0.00804464 0.0109426 0.0132348 0.0146625 0.0150124 0.0141376 0.0119861 0.00860821 0.00418713 -0.00101086 -0.00666154 -0.0124144 -0.0179296 -0.0229079 -0.0271284 -0.0304562 -0.0328408 -0.0343392 -0.0350878 -0.0352627 -0.0350787 -0.0347428 -0.0344208 -0.0342153 -0.034165 -0.0342315 -0.0342978 -0.0341988 -0.0337492 -0.0327328 -0.0309648 -0.0283182 -0.0247199 -0.02019 -0.0148523 -0.00891244 -0.00265356 0.00359283 0.00948085 0.0146862 0.0189619 0.0221472 0.0241844 0.0251216 0.025121 0.0243964 0.0231855 0.0217426 0.0203054 0.0190351 0.0180738 0.0174832 0.0172777 0.0174534 0.0179728 0.0187771 0.0198304 0.0210642 0.0224302 0.023886 0.0253996 0.02694 0.0284583 0.029915 0.0312397 0.0323739 0.0332906 0.0339331 0.0342494 0.0342299 0.0338101 0.0329917 0.0317803 0.0301585 0.0281397 0.025758 0.02305 0.0200578 0.0168308 0.0134098 0.00983894 0.00617383 0.00247324 -0.0012788 -0.00505508 -0.00882067 -0.0125549 -0.0162399 -0.0198677 -0.0234458 -0.0269691 -0.0303914 -0.033701 -0.0368766 -0.0398809 -0.042631 -0.0451043 -0.0472601 -0.0490117 -0.0503039 -0.0510814 -0.0513368 -0.0510455 -0.0502217 -0.0488776 -0.0470379 -0.0447784 -0.0421564 -0.0392348 -0.0361037 -0.0328831 -0.0296488 -0.026446 -0.0233515 -0.0204524 -0.0177727 -0.0153323 -0.0131874 -0.0113726 -0.00987379 -0.00866863 -0.00779561 -0.00724609 
0 0.00156337 0.00318818 0.00491495 0.00677073 0.00881768 0.0110774 0.0135452 0.016218 0.0191006 0.0221785 0.025376 0.0286666 0.0320065 0.0353134 0.0384841 0.0414324 0.0441192 0.0464269 0.0482967 0.0497001 0.0506162 0.0510193 0.0508703 0.0502328 0.0491251 0.0476016 0.0457219 0.043536 0.0411216 0.0385195 0.0357827 0.0329353 0.0300274 0.0271053 0.0241569 0.021146 0.018096 0.0150035 0.0118656 0.00867602 0.00541375 0.00210492 -0.00125863 -0.00463287 -0.00801947 -0.0113911 -0.0146794 -0.0178505 -0.0208741 -0.0236933 -0.0262642 -0.0285365 -0.0304518 -0.0320169 -0.0332121 -0.0340436 -0.0344845 -0.0345404 -0.0342297 -0.0335828 -0.0326321 -0.03142 -0.0299567 -0.0282859 -0.0264613 -0.0244891 -0.0224055 -0.0201953 -0.0178223 -0.0152658 -0.0125013 -0.00947497 -0.00622225 -0.0027528 0.000861419 0.00448404 0.00792983 0.0109742 0.0133379 0.014806 0.015146 0.0141859 0.0118988 0.00836943 0.00375052 -0.00167968 -0.00757788 -0.0135833 -0.0193385 -0.0245369 -0.028946 -0.0324215 -0.0349293 -0.0365307 -0.0373423 -0.0375684 -0.0374278 -0.0371063 -0.0367735 -0.0365595 -0.0364788 -0.0365015 -0.0365321 -0.03639 -0.0358611 -0.0347494 -0.0328517 -0.0300241 -0.0262037 -0.0214158 -0.0157845 -0.00952974 -0.00293907 0.00363746 0.00984962 0.0153901 0.0199693 0.0234094 0.0256841 0.0268427 0.0269992 0.0263901 0.0252526 0.0238499 0.022425 0.0211692 0.0202196 0.0196851 0.0195492 0.0198109 0.0204276 0.0213341 0.0224738 0.0238002 0.0252218 0.0267098 0.0282126 0.0296718 0.0310563 0.0323038 0.0333487 0.034155 0.0346839 0.034887 0.0347494 0.0342243 0.0333167 0.0320153 0.0303424 0.0283023 0.0259063 0.023206 0.0202673 0.0171257 0.01384 0.0104379 0.00694073 0.00343948 -5.03934e-05 -0.00350723 -0.00693948 -0.0103276 -0.0136534 -0.0169205 -0.0201286 -0.0232977 -0.0264402 -0.0295322 -0.0325707 -0.035568 -0.0384553 -0.0411919 -0.043723 -0.0460257 -0.0480277 -0.049638 -0.0508245 -0.0515147 -0.0517009 -0.0513551 -0.050474 -0.0490827 -0.0472172 -0.0449389 -0.0422747 -0.0393207 -0.0361914 -0.0329675 -0.029711 -0.0265077 -0.0234546 -0.0205896 -0.017943 -0.0155822 -0.0135573 -0.011861 -0.0104941 -0.00948841 -0.00885159 
0 0.00190812 0.00388041 0.00594846 0.00816025 0.0105468 0.0131374 0.0159112 0.0188575 0.0219815 0.0252349 0.0285717 0.0319224 0.0352491 0.0384577 0.0414324 0.0441226 0.0464452 0.048354 0.0497707 0.0506911 0.0511208 0.0510118 0.0504088 0.0493323 0.0478751 0.0460807 0.0439971 0.0417093 0.0392507 0.0367087 0.0341024 0.0314674 0.0288424 0.0262418 0.0236455 0.0210268 0.0183753 0.0157075 0.0129957 0.0102011 0.00732814 0.00434315 0.00130024 -0.00181557 -0.00498912 -0.00820109 -0.0114166 -0.0145864 -0.0176814 -0.0206583 -0.0234629 -0.0260302 -0.0283316 -0.0303066 -0.0319719 -0.033271 -0.0341891 -0.0347145 -0.0348608 -0.0346417 -0.0340961 -0.0332137 -0.0320203 -0.0305565 -0.0288422 -0.0269421 -0.0248495 -0.0225627 -0.0200572 -0.0173143 -0.0143002 -0.0110464 -0.00751454 -0.00377178 0.000105129 0.00396138 0.00760661 0.0107852 0.0132575 0.0147246 0.0150093 0.0139947 0.0116225 0.00793378 0.00314134 -0.00248062 -0.00859181 -0.0148144 -0.0207781 -0.0261671 -0.0307403 -0.0343575 -0.0369785 -0.0386612 -0.0395606 -0.0398491 -0.0397326 -0.0394297 -0.039109 -0.0388627 -0.0387577 -0.0387509 -0.038722 -0.0385103 -0.037916 -0.0366971 -0.0346583 -0.0316543 -0.0276195 -0.0225827 -0.0166761 -0.0101256 -0.00323046 0.00366964 0.0102118 0.0160406 0.0209185 0.0246782 0.0272211 0.0285762 0.028929 0.0284613 0.0274377 0.0261131 0.024744 0.0235341 0.0226521 0.0221391 0.0220645 0.0223849 0.0230656 0.0240421 0.0252543 0.026607 0.0280553 0.0295038 0.0309143 0.0322296 0.033384 0.0343326 0.0350197 0.0354134 0.0354947 0.0352428 0.0346075 0.0336014 0.0321912 0.0304289 0.0283333 0.0259268 0.0232279 0.0202988 0.0171881 0.0139783 0.0106995 0.00737195 0.00404265 0.000731954 -0.00248604 -0.0056377 -0.00871035 -0.0117032 -0.0146229 -0.0174745 -0.0202769 -0.0230653 -0.0258339 -0.0285914 -0.0313519 -0.0341131 -0.0368681 -0.0395214 -0.0420715 -0.0444609 -0.0466348 -0.0485304 -0.0500534 -0.051177 -0.0518195 -0.0519639 -0.0515768 -0.0506565 -0.0492502 -0.0473664 -0.0450495 -0.0423602 -0.0394071 -0.0362754 -0.0330307 -0.0297824 -0.0266261 -0.0236193 -0.020805 -0.018256 -0.0160345 -0.0141527 -0.0126246 -0.0114897 -0.0107612 
0 0.00229839 0.00465168 0.00710727 0.00969061 0.0124418 0.015361 0.0184355 0.0216504 0.0249784 0.0283895 0.0317992 0.0351604 0.0383933 0.0414081 0.0441192 0.0464452 0.0483655 0.0497993 0.0507323 0.0511471 0.051055 0.0504757 0.0494229 0.0479938 0.0462413 0.0442428 0.042035 0.0396837 0.0372584 0.0348132 0.0323796 0.0299756 0.0276275 0.0253261 0.0230718 0.0208115 0.018564 0.0162944 0.0139808 0.0115848 0.00906171 0.00644368 0.00371962 0.000897797 -0.00202771 -0.00504928 -0.00812908 -0.0112184 -0.0143094 -0.0173422 -0.0202993 -0.0231028 -0.0256916 -0.0280481 -0.0301045 -0.0318473 -0.033235 -0.0342359 -0.0348608 -0.0351191 -0.0349957 -0.034516 -0.033661 -0.0324703 -0.0309776 -0.029211 -0.027181 -0.0248792 -0.022288 -0.0194018 -0.0162141 -0.0127255 -0.00896358 -0.00497705 -0.000862111 0.00322608 0.00705119 0.0103595 0.0128791 0.0143882 0.0146688 0.0135667 0.0110666 0.00727511 0.00234131 -0.00344414 -0.00972365 -0.0161119 -0.0222412 -0.0277851 -0.032507 -0.0362551 -0.0390028 -0.040788 -0.0417464 -0.0420766 -0.0419978 -0.0417054 -0.0413793 -0.0411326 -0.0410082 -0.0409579 -0.0408853 -0.0406065 -0.039898 -0.0385467 -0.0363633 -0.0331837 -0.0289525 -0.0236897 -0.0175323 -0.0107043 -0.00351085 0.00368959 0.0105325 0.0167089 0.0219026 0.025925 0.0287317 0.0303666 0.030933 0.0306474 0.0297649 0.0285653 0.0272925 0.0261605 0.0253157 0.0248592 0.0248128 0.0251591 0.0258677 0.0268733 0.0280919 0.0294396 0.030816 0.0321476 0.0333845 0.0344508 0.0353167 0.0359013 0.0361688 0.0361066 0.0356987 0.0349421 0.0338345 0.0323294 0.0304734 0.0282865 0.0258166 0.0231205 0.0202031 0.0171307 0.0139555 0.0107408 0.00753116 0.00434732 0.00120775 -0.00183387 -0.00478052 -0.00760197 -0.0103241 -0.0129461 -0.0154643 -0.0179219 -0.020337 -0.0227579 -0.0251775 -0.027614 -0.0300805 -0.0326094 -0.0351716 -0.0377334 -0.040247 -0.0426748 -0.0449778 -0.0470637 -0.0488899 -0.0503633 -0.0514427 -0.0520545 -0.052154 -0.0517392 -0.0508029 -0.0493773 -0.0474621 -0.0451252 -0.0424412 -0.039488 -0.0363502 -0.0331305 -0.0299408 -0.0268483 -0.0239158 -0.0212186 -0.018828 -0.016776 -0.0150987 -0.0138352 -0.0130138 
0 0.00273267 0.00551844 0.00838415 0.0113743 0.0144872 0.0177372 0.0210977 0.0245473 0.0280556 0.0315534 0.0349882 0.0382697 0.0413279 0.0440723 0.0464269 0.048354 0.0497993 0.050746 0.0511666 0.0510686 0.0504898 0.0494545 0.0480411 0.0463034 0.044331 0.0421873 0.0399029 0.037564 0.0352151 0.0329218 0.0306849 0.0285149 0.0264322 0.0244154 0.0224648 0.0205519 0.0186527 0.0167449 0.0147935 0.0127527 0.0106037 0.00833407 0.00595889 0.00343634 0.000770679 -0.00202326 -0.00492097 -0.00787616 -0.0108769 -0.0138974 -0.0169131 -0.0198379 -0.0226374 -0.0252554 -0.0276579 -0.029798 -0.0316327 -0.0331055 -0.0342079 -0.0349264 -0.0352632 -0.0352033 -0.0347465 -0.0339157 -0.0327022 -0.0311599 -0.0292703 -0.0270248 -0.024428 -0.0214722 -0.0181446 -0.0145077 -0.0105385 -0.00633025 -0.00200692 0.00225848 0.00623629 0.00964807 0.0122451 0.0137442 0.0139761 0.0128354 0.0102764 0.00635954 0.00130359 -0.00459682 -0.0109993 -0.0175124 -0.0237617 -0.0294379 -0.034288 -0.0381576 -0.0410122 -0.0428841 -0.0439209 -0.0443031 -0.0442376 -0.043955 -0.0436376 -0.0433777 -0.0432419 -0.0431647 -0.0430217 -0.0426482 -0.0418302 -0.0403409 -0.0379974 -0.034638 -0.030212 -0.0247435 -0.0183499 -0.0112645 -0.00379393 0.00371643 0.0108785 0.017332 0.022824 0.0271799 0.0302963 0.0321927 0.0330242 0.032965 0.0322795 0.031223 0.0300526 0.0290033 0.0282361 0.0277998 0.0277766 0.0281181 0.0288019 0.0297751 0.030941 0.0321858 0.0334315 0.0345515 0.0355123 0.0362602 0.0367469 0.0369239 0.0367502 0.0362097 0.0352995 0.0340433 0.0324344 0.0304807 0.0282039 0.0256641 0.0229005 0.0199851 0.0169396 0.0138183 0.0106577 0.00752525 0.00443885 0.00142282 -0.00147764 -0.00425905 -0.00689105 -0.00938807 -0.0117649 -0.0140284 -0.0161865 -0.0182707 -0.0203275 -0.0224077 -0.0245005 -0.0266395 -0.0288347 -0.0311052 -0.03347 -0.035879 -0.0383221 -0.0407393 -0.0430997 -0.0453366 -0.0473691 -0.0491546 -0.0506049 -0.051655 -0.0522365 -0.0523149 -0.0518866 -0.0509325 -0.0494792 -0.0475556 -0.0452185 -0.0425404 -0.0395935 -0.0364969 -0.0333425 -0.0302314 -0.027239 -0.0244435 -0.0219274 -0.0197354 -0.0179335 -0.016556 -0.01565 
