0 0 0 0 0 0 0 0 0 0 0 0 0 0 0 0 0 0 0 0 0 0 0 0 0 0 0 0 0 0 0 0 0 0 0 0 0 0 0 0 0 0 0 0 0 0 0 0 0 0 0 0 0 0 0 0 0 0 0 0 0 0 0 0 0 0 0 0 0 0 0 0 0 0 0 0 0 0 0 0 0 0 0 0 0 0 0 0 0 0 0 0 0 0 0 0 0 0 0 0 0 0 0 0 0 0 0 0 0 0 0 0 0 0 0 0 0 0 0 0 0 0 0 0 0 0 0 0 0 0 0 0 0 0 0 0 0 0 0 0 0 0 0 0 0 0 0 0 0 0 0 0 0 0 0 0 0 0 0 0 0 0 0 0 0 0 0 0 0 0 0 0 0 0 0 0 0 0 0 0 0 0 0 0 0 0 0 0 0 0 0 0 0 0 0 0 0 0 0 0 
0 -2.55071e-06 2.19372e-06 2.39724e-06 4.84874e-06 3.01626e-06 1.07966e-05 1.6439e-05 1.59664e-05 2.04933e-05 2.60962e-05 3.3713e-05 3.10745e-05 3.49096e-05 4.40171e-05 5.0405e-05 5.20438e-05 6.17734e-05 8.61121e-05 0.000110465 0.000143133 0.000184945 0.000251048 0.00032269 0.000414953 0.000532405 0.000669275 0.000841434 0.00103143 0.00126517 0.00152901 0.00184839 0.0022253 0.00264054 0.00310744 0.00361442 0.00415445 0.00470037 0.00523761 0.00574922 0.00622166 0.00662771 0.00697072 0.0072067 0.00733151 0.00733717 0.00718855 0.00688952 0.00642122 0.00581009 0.00506385 0.00421487 0.00328473 0.00229613 0.00126684 0.000248059 -0.000743342 -0.00166744 -0.00248397 -0.00317891 -0.00372312 -0.00410372 -0.00431602 -0.00437956 -0.00428792 -0.00407811 -0.00376106 -0.0033665 -0.0029289 -0.00250354 -0.00212013 -0.0018398 -0.00167502 -0.00163739 -0.00171928 -0.00189424 -0.0021334 -0.00240731 -0.00267715 -0.00292289 -0.00311986 -0.00323706 -0.00327372 -0.00322324 -0.00310036 -0.00290813 -0.00266464 -0.00239375 -0.00212645 -0.00185603 -0.00159656 -0.00134982 -0.00113859 -0.000945344 -0.000776133 -0.000641521 -0.000539192 -0.000441924 -0.000382038 -0.000333056 -0.000284336 -0.00025513 -0.000255177 -0.000257355 -0.000292346 -0.000348619 -0.000422559 -0.000512705 -0.000634314 -0.000772679 -0.000930075 -0.00109893 -0.00129266 -0.00147365 -0.0016262 -0.00173666 -0.00179108 -0.00176259 -0.00164148 -0.00140243 -0.00105573 -0.000598521 -3.66171e-05 0.000601398 0.00128565 0.00198426 0.0026598 0.00328517 0.00384079 0.00431097 0.00470569 0.00501699 0.0052665 0.00545142 0.00558125 0.00565066 0.00567005 0.00562022 0.00551203 0.00532433 0.00504387 0.0046426 0.00411762 0.0034478 0.0026526 0.00176387 0.000790507 -0.000225571 -0.00126157 -0.0022961 -0.00329485 -0.00421604 -0.00504765 -0.00574555 -0.00631026 -0.00670839 -0.00695361 -0.00704877 -0.00700043 -0.00684873 -0.00659104 -0.00624109 -0.00581909 -0.00534678 -0.00483722 -0.00431936 -0.00379662 -0.00329953 -0.00282696 -0.00240685 -0.00203891 -0.0017032 -0.00142223 -0.00117848 -0.000980227 -0.000804257 -0.000659153 -0.000543273 -0.000446204 -0.000370611 -0.000307615 -0.000259992 -0.000221942 -0.00020328 -0.000186851 -0.000172703 -0.000160759 -0.0001597 -0.0001634 -0.000158197 -0.000164028 -0.000169047 -0.000174241 -0.000167757 -0.000164777 -0.000173823 -0.000171187 -0.000167318 -0.000158661 -0.000160391 
0 2.19372e-06 8.66849e-06 2.15272e-05 1.82579e-05 2.16441e-05 3.15246e-05 3.81767e-05 3.92472e-05 3.82945e-05 5.28424e-05 6.08764e-05 5.70781e-05 6.55208e-05 8.35649e-05 0.000100523 0.000107975 0.000128262 0.000179117 0.000227275 0.000290799 0.00038297 0.00050777 0.000665796 0.000846061 0.00108696 0.00137165 0.00171101 0.00211867 0.00258241 0.00313355 0.00377745 0.00452769 0.00536285 0.0062725 0.00727228 0.00832186 0.00938257 0.0104275 0.0114257 0.0123379 0.0131405 0.0137936 0.01425 0.0144818 0.0144613 0.0141659 0.0135511 0.0126304 0.0114275 0.0099624 0.00829812 0.00648302 0.00453663 0.00253828 0.000548094 -0.0013838 -0.00316964 -0.00477647 -0.00613683 -0.00722076 -0.00799343 -0.00843428 -0.00856508 -0.0084086 -0.00798164 -0.0073688 -0.00660205 -0.00575501 -0.00494412 -0.00422487 -0.0036839 -0.00338352 -0.00332034 -0.00347727 -0.00383404 -0.00430393 -0.00484536 -0.00539506 -0.00588903 -0.00626043 -0.00650823 -0.00658183 -0.00647454 -0.00620785 -0.00582074 -0.00533825 -0.00482204 -0.00425705 -0.00369824 -0.00319255 -0.00271615 -0.00226511 -0.00189765 -0.00157343 -0.00129427 -0.00107408 -0.000898744 -0.000748274 -0.000638556 -0.000564496 -0.000529389 -0.000506168 -0.000526979 -0.000595987 -0.000688195 -0.000825355 -0.00103373 -0.00125358 -0.00152426 -0.00186038 -0.00221326 -0.00256347 -0.00292328 -0.00323166 -0.00346825 -0.00357104 -0.00350179 -0.00323923 -0.00277481 -0.00206417 -0.00114034 -2.6743e-05 0.00123749 0.00260862 0.00399242 0.00535396 0.00661713 0.00772698 0.00867767 0.00945666 0.0100502 0.0105196 0.0108584 0.011074 0.0112065 0.0112174 0.0111086 0.0108779 0.0104826 0.00989558 0.00909239 0.0080251 0.00670802 0.00514323 0.00339244 0.00149491 -0.000502376 -0.00253118 -0.00455127 -0.00650375 -0.00830664 -0.00992136 -0.0113104 -0.0124159 -0.0132284 -0.0137344 -0.0139389 -0.013871 -0.0135767 -0.0130766 -0.0123925 -0.0115632 -0.0106364 -0.00964721 -0.00862115 -0.0076108 -0.00662199 -0.00569365 -0.00486466 -0.00411898 -0.00346272 -0.0028835 -0.00240106 -0.0019952 -0.00163587 -0.00134551 -0.00110338 -0.000910287 -0.000757158 -0.000631698 -0.000537933 -0.0004643 -0.000422345 -0.000395988 -0.000361822 -0.000343689 -0.00033855 -0.000335873 -0.000326801 -0.000316788 -0.000330375 -0.000326901 -0.000315084 -0.000312513 -0.000319671 -0.000330636 -0.000315238 -0.000317709 -0.00032411 
0 2.39724e-06 2.15272e-05 2.90642e-05 3.6545e-05 3.36222e-05 5.05111e-05 6.11928e-05 5.66489e-05 6.32441e-05 7.53766e-05 9.11244e-05 8.46159e-05 9.67052e-05 0.000126943 0.000154944 0.000173363 0.00021364 0.000290495 0.000369672 0.00047318 0.000609435 0.000813763 0.00104267 0.0013294 0.00169127 0.00212036 0.00265715 0.00326721 0.00400557 0.00484145 0.00582606 0.0069584 0.00818719 0.00953717 0.0109838 0.012506 0.0140385 0.0155447 0.0169809 0.0183045 0.0194388 0.0203709 0.0209856 0.0212651 0.0211928 0.0206961 0.0197861 0.0184281 0.0166832 0.014569 0.0121627 0.0095222 0.00671411 0.00380602 0.000938002 -0.00183418 -0.00441341 -0.00671192 -0.00869625 -0.010294 -0.0114547 -0.0121433 -0.012387 -0.0121689 -0.0115867 -0.0106998 -0.00960839 -0.00842242 -0.00729046 -0.00628904 -0.005562 -0.00514437 -0.00506696 -0.0053188 -0.00584265 -0.00656078 -0.00738643 -0.00820357 -0.00893662 -0.00950634 -0.00983532 -0.00991901 -0.0097492 -0.00936731 -0.00878723 -0.00805647 -0.00724027 -0.00641568 -0.00558528 -0.00479748 -0.00406286 -0.00343348 -0.00286955 -0.00237313 -0.00196246 -0.00163309 -0.00132834 -0.00112608 -0.000973115 -0.0008443 -0.000777431 -0.000783876 -0.000799332 -0.000892035 -0.00103978 -0.00124455 -0.00151252 -0.00187456 -0.00229639 -0.00277588 -0.00328371 -0.00384301 -0.00436808 -0.00481381 -0.00513949 -0.0052957 -0.00520134 -0.00481665 -0.00407678 -0.00300478 -0.00161016 7.58847e-05 0.0019729 0.00400167 0.00607764 0.00810506 0.00999933 0.0116855 0.0130998 0.0142436 0.0150957 0.0157255 0.0161534 0.0164258 0.016547 0.0165322 0.0163227 0.0159262 0.0152832 0.014364 0.0131161 0.0115395 0.00959419 0.00732391 0.00479914 0.00204121 -0.000847229 -0.00379561 -0.00673279 -0.00955833 -0.0121607 -0.0145077 -0.016502 -0.0181399 -0.0193415 -0.0201243 -0.0204813 -0.0204222 -0.0200404 -0.0193383 -0.0183605 -0.0171709 -0.0158359 -0.0143979 -0.0129288 -0.011445 -0.0100172 -0.00865193 -0.00741981 -0.00632154 -0.00531579 -0.00445551 -0.00370705 -0.00308639 -0.0025384 -0.00208285 -0.00171557 -0.00141278 -0.0011786 -0.00098814 -0.000842564 -0.000726416 -0.000660624 -0.00060651 -0.00056093 -0.000525991 -0.000517218 -0.000513936 -0.000485191 -0.000480378 -0.000482149 -0.00048842 -0.000471097 -0.000463676 -0.000483571 -0.000479438 -0.000475554 -0.000470033 -0.000489351 
0 4.84874e-06 1.82579e-05 3.6545e-05 3.53325e-05 4.17655e-05 5.97291e-05 7.3144e-05 7.63694e-05 8.05978e-05 0.000106082 0.000124079 0.000123807 0.000142579 0.000181191 0.000221295 0.000254148 0.000312998 0.000423071 0.000538604 0.000686173 0.000892482 0.00116747 0.00150614 0.0018988 0.00240063 0.00299823 0.00371474 0.00456805 0.00555021 0.00669434 0.00800917 0.00950288 0.011132 0.0128804 0.0147579 0.0167063 0.0186583 0.0205674 0.0223801 0.0240235 0.0254384 0.0265472 0.0272611 0.0275369 0.0273456 0.0266594 0.0254329 0.0236835 0.0214501 0.0187597 0.0157031 0.0123608 0.00878673 0.0051208 0.00148661 -0.00202112 -0.00527255 -0.00820925 -0.0107406 -0.0128053 -0.0143314 -0.015265 -0.0156209 -0.0154259 -0.0147309 -0.0136783 -0.0123567 -0.0109074 -0.00952296 -0.00831179 -0.00741874 -0.00694584 -0.00690399 -0.00727314 -0.00800902 -0.00897333 -0.010065 -0.0111545 -0.0121144 -0.0128259 -0.0132628 -0.01336 -0.0131111 -0.0125615 -0.0117744 -0.0108016 -0.0097417 -0.00860491 -0.007477 -0.00643811 -0.00547047 -0.00458143 -0.00383767 -0.00318689 -0.0026285 -0.00217652 -0.00180614 -0.00150285 -0.00128103 -0.00113095 -0.00105702 -0.00102366 -0.00106137 -0.001185 -0.00136541 -0.00163519 -0.00203035 -0.00248115 -0.0030277 -0.00368142 -0.00436937 -0.0050608 -0.00574857 -0.00633955 -0.00678395 -0.00697382 -0.00682283 -0.00627904 -0.00530721 -0.00385443 -0.001975 0.000273454 0.0028054 0.00552326 0.00827406 0.01097 0.0134747 0.0156768 0.017532 0.0190029 0.0200712 0.020834 0.021314 0.0215528 0.0216176 0.0214651 0.0210828 0.0204575 0.0195224 0.0182406 0.0165816 0.0144941 0.0119935 0.0090905 0.00586663 0.0023765 -0.00129981 -0.00504496 -0.00877087 -0.0123575 -0.0156655 -0.0186327 -0.0211998 -0.0232939 -0.0248879 -0.0259539 -0.0264813 -0.0265001 -0.0260769 -0.0252475 -0.0240564 -0.0225829 -0.0209147 -0.0191176 -0.017245 -0.0153707 -0.0135194 -0.0117505 -0.0101319 -0.00865164 -0.00731941 -0.00613614 -0.00513108 -0.00427918 -0.00353354 -0.00291864 -0.00240553 -0.00199099 -0.00165957 -0.00139038 -0.00118085 -0.00101403 -0.000905283 -0.00082779 -0.00075324 -0.000710531 -0.000696229 -0.00068555 -0.000661029 -0.000640903 -0.000656807 -0.000656739 -0.000642415 -0.000639224 -0.00064866 -0.000655274 -0.000630743 -0.000634629 -0.00065021 
0 3.01626e-06 2.16441e-05 3.36222e-05 4.17655e-05 4.68281e-05 7.07348e-05 8.94963e-05 9.29614e-05 0.000106725 0.000133612 0.00016097 0.000167747 0.000193855 0.000244067 0.000298001 0.000351154 0.000442815 0.000589415 0.000755292 0.000962816 0.00123542 0.00160645 0.00204192 0.00256869 0.00321853 0.00399323 0.0049324 0.00601976 0.00729533 0.00874292 0.010398 0.0122508 0.0142391 0.0163663 0.018608 0.0209198 0.0232187 0.0254471 0.0275412 0.0294266 0.0310033 0.0322138 0.0329325 0.0331287 0.0327903 0.0318635 0.0303497 0.0282342 0.0255767 0.0224087 0.0188234 0.014904 0.0107427 0.00645735 0.0022195 -0.00187205 -0.00569226 -0.00913709 -0.012139 -0.0146048 -0.016452 -0.0176243 -0.0181388 -0.0179949 -0.017298 -0.0161532 -0.014694 -0.0130847 -0.0115349 -0.0101879 -0.00923527 -0.00876318 -0.00881069 -0.00935498 -0.0103108 -0.0115447 -0.0129141 -0.0142516 -0.0154233 -0.0163046 -0.0168019 -0.016886 -0.0165534 -0.0158604 -0.0148544 -0.0136163 -0.0122503 -0.0108469 -0.00944744 -0.00812132 -0.00688757 -0.00579702 -0.00483722 -0.00400294 -0.00330863 -0.00274828 -0.00226711 -0.00191371 -0.0016428 -0.00142945 -0.00130676 -0.00128171 -0.00131498 -0.00146405 -0.00170817 -0.0020531 -0.00251017 -0.00308985 -0.0037714 -0.00455046 -0.00538299 -0.00626554 -0.00710702 -0.00782154 -0.00833197 -0.0085439 -0.00834108 -0.00765002 -0.0063928 -0.00457068 -0.00221228 0.000618292 0.00379793 0.00718696 0.0106275 0.0139643 0.0170485 0.0197542 0.0219928 0.0237424 0.0249875 0.0258146 0.0262702 0.026422 0.0263094 0.0259494 0.0253015 0.0243707 0.0230953 0.0214368 0.0193447 0.0168025 0.0137833 0.0103325 0.00652973 0.00241867 -0.00188615 -0.00627919 -0.0106506 -0.0148558 -0.0187443 -0.022252 -0.0252822 -0.0278051 -0.0297455 -0.0310961 -0.0318355 -0.0319729 -0.0315943 -0.0307173 -0.0293998 -0.0277334 -0.0258163 -0.0237226 -0.0215396 -0.0193127 -0.0171149 -0.0149827 -0.0130001 -0.0111769 -0.00949502 -0.00801009 -0.00671657 -0.00562056 -0.00466626 -0.00386442 -0.00320207 -0.00265404 -0.00221562 -0.00185789 -0.00157358 -0.0013474 -0.00119304 -0.00107249 -0.000973037 -0.000905041 -0.00087852 -0.000862764 -0.000827562 -0.000815548 -0.000823343 -0.000831752 -0.000816162 -0.000809997 -0.000826989 -0.000821338 -0.000804559 -0.000795754 -0.000810725 
0 1.07966e-05 3.15246e-05 5.05111e-05 5.97291e-05 7.07348e-05 9.3952e-05 0.000112514 0.000118479 0.000131499 0.000161904 0.000192291 0.000210849 0.00024914 0.000314404 0.000389007 0.000473885 0.000603742 0.000797135 0.00102301 0.00129968 0.00166085 0.00212765 0.00269109 0.00336287 0.00418611 0.00516953 0.00633903 0.00770105 0.00926455 0.0110346 0.0130197 0.0152038 0.01753 0.0199785 0.0225306 0.0251271 0.027682 0.0301272 0.032392 0.0343888 0.0360281 0.0372241 0.0378773 0.0379474 0.0374192 0.0362615 0.0344564 0.032014 0.0289883 0.0254309 0.0214405 0.0171123 0.0125322 0.00783506 0.00316929 -0.00134859 -0.00558761 -0.00944368 -0.0128193 -0.0156165 -0.0177444 -0.0191438 -0.0198216 -0.0197995 -0.0191572 -0.0180218 -0.0165266 -0.0148564 -0.0132424 -0.0118722 -0.0109413 -0.0105708 -0.0107887 -0.0115565 -0.0127756 -0.0142851 -0.0159217 -0.0175109 -0.0188879 -0.0199089 -0.0204871 -0.0205644 -0.0201327 -0.0192545 -0.0180124 -0.0165062 -0.0148564 -0.0131432 -0.0114491 -0.00985312 -0.00837057 -0.00703268 -0.00586884 -0.00486292 -0.00401724 -0.00332935 -0.00276321 -0.00231825 -0.00197881 -0.00173067 -0.00158453 -0.00153241 -0.00157872 -0.00175121 -0.00203484 -0.00244461 -0.00299638 -0.00366734 -0.00446499 -0.00538825 -0.00638062 -0.00740308 -0.00838603 -0.00922071 -0.00980562 -0.0100119 -0.00971626 -0.00883832 -0.00731137 -0.00510729 -0.0022677 0.00112513 0.00493953 0.00900523 0.0131187 0.0170917 0.0207326 0.0238856 0.026463 0.0284247 0.0297726 0.0305945 0.0309502 0.0309103 0.0305431 0.0298619 0.0288671 0.0275647 0.0259082 0.0238561 0.0213607 0.0183824 0.014914 0.0109957 0.00671173 0.00213263 -0.0026415 -0.00749559 -0.0123219 -0.0169776 -0.0213133 -0.0252438 -0.0286855 -0.0315734 -0.0338502 -0.0354831 -0.0364481 -0.036762 -0.036485 -0.0356498 -0.0343073 -0.0325511 -0.0304853 -0.0281981 -0.0257743 -0.0232844 -0.0207881 -0.0183481 -0.0160419 -0.0138838 -0.0118841 -0.0100808 -0.0085016 -0.00713944 -0.00595553 -0.00495451 -0.00411662 -0.00342537 -0.00286291 -0.00240467 -0.00203632 -0.00174525 -0.00153522 -0.00137296 -0.00123757 -0.00114303 -0.00109278 -0.00105684 -0.00101365 -0.000987805 -0.000989253 -0.000985968 -0.000966783 -0.000959226 -0.000971217 -0.000974186 -0.00095876 -0.000958204 -0.000973306 
0 1.6439e-05 3.81767e-05 6.11928e-05 7.3144e-05 8.94963e-05 0.000112514 0.000132395 0.000144017 0.000160813 0.000194987 0.00022992 0.000264225 0.000319812 0.000406392 0.000510675 0.000637647 0.000816722 0.00106435 0.00136305 0.00172525 0.00218958 0.00277025 0.00347643 0.00431588 0.00533209 0.00654467 0.00796651 0.00961476 0.0114773 0.0135654 0.0158659 0.0183523 0.0209737 0.0236925 0.0264868 0.0292864 0.0320035 0.0345584 0.0368756 0.038865 0.0404477 0.0415286 0.042034 0.0419201 0.0411699 0.039768 0.0376904 0.0349676 0.0316516 0.0278169 0.0235608 0.0189801 0.0141573 0.00922287 0.00430469 -0.000470469 -0.00497554 -0.00910392 -0.0127438 -0.0157948 -0.0181598 -0.0197781 -0.0206383 -0.0207721 -0.0202438 -0.0191877 -0.0177488 -0.0161317 -0.0145767 -0.0133066 -0.0125133 -0.0123319 -0.0127867 -0.0138295 -0.0153489 -0.0171685 -0.0191004 -0.0209535 -0.0225385 -0.0236956 -0.0243304 -0.0243776 -0.023841 -0.0227834 -0.0213036 -0.0195169 -0.0175603 -0.0155296 -0.0135303 -0.0116423 -0.00990104 -0.00832916 -0.00696071 -0.00577723 -0.00477391 -0.00394366 -0.00327065 -0.00273214 -0.00232499 -0.00203687 -0.00186666 -0.0018015 -0.00185933 -0.00204567 -0.00236123 -0.00282197 -0.00344788 -0.00421575 -0.00513489 -0.00618984 -0.00732809 -0.00848595 -0.0095902 -0.0105155 -0.0111424 -0.011327 -0.0109351 -0.00986234 -0.00804325 -0.0054439 -0.00211598 0.00183919 0.00627133 0.0109801 0.0157301 0.0202979 0.0244574 0.0280229 0.0308879 0.0329962 0.0343663 0.035084 0.0352375 0.0349126 0.0341986 0.0331223 0.0317142 0.0299826 0.0279045 0.0254403 0.0225491 0.0191825 0.015342 0.0110657 0.00643455 0.00153649 -0.00353834 -0.00867981 -0.0137852 -0.0187235 -0.0233607 -0.0275959 -0.0313534 -0.0345448 -0.0371174 -0.03902 -0.040228 -0.0407612 -0.0406578 -0.0399566 -0.0386995 -0.0369706 -0.0348698 -0.0324933 -0.0299242 -0.0272494 -0.0245265 -0.021838 -0.0192534 -0.0167984 -0.0145025 -0.0123953 -0.0105243 -0.0088803 -0.00744636 -0.00622026 -0.00518574 -0.00432965 -0.00362528 -0.0030493 -0.00258036 -0.00220955 -0.00192912 -0.00171205 -0.0015334 -0.00140409 -0.00132223 -0.00126126 -0.00120735 -0.0011699 -0.00116155 -0.00114821 -0.00112762 -0.00111984 -0.0011278 -0.00113498 -0.00112274 -0.00112446 -0.00113454 
0 1.59664e-05 3.92472e-05 5.66489e-05 7.63694e-05 9.29614e-05 0.000118479 0.000144017 0.00016524 0.000197598 0.000237527 0.000284911 0.000340363 0.000419321 0.00053362 0.000675269 0.000851332 0.00109037 0.00139797 0.00178316 0.0022523 0.00283528 0.00356256 0.00442861 0.00547164 0.00670543 0.00816419 0.0098615 0.0117841 0.0139472 0.0163221 0.0189069 0.0216567 0.0245181 0.0274578 0.0304206 0.0333405 0.0361238 0.0386796 0.0409286 0.0428012 0.0442069 0.0450853 0.045362 0.0450064 0.0440114 0.0423488 0.0400363 0.0370921 0.0335812 0.029593 0.0252126 0.0205213 0.0156215 0.0106001 0.00559521 0.000728466 -0.00389605 -0.00814858 -0.0119424 -0.0151626 -0.0177081 -0.0195172 -0.0205646 -0.0208605 -0.0205025 -0.0195894 -0.0183026 -0.0168572 -0.0154831 -0.0144215 -0.0138764 -0.0139609 -0.0147205 -0.016107 -0.0179779 -0.0201623 -0.0224366 -0.0245737 -0.026372 -0.0276745 -0.0283403 -0.0283397 -0.0276886 -0.0264543 -0.024733 -0.022667 -0.0203831 -0.0180409 -0.015728 -0.0135216 -0.0114965 -0.00970176 -0.00810755 -0.00673349 -0.00557373 -0.00460295 -0.00379755 -0.00317548 -0.00270059 -0.00235636 -0.00214562 -0.00208241 -0.00213377 -0.00232474 -0.00267647 -0.00318995 -0.00386385 -0.00474084 -0.00577991 -0.0069437 -0.00819832 -0.00948493 -0.0106781 -0.0116715 -0.0123125 -0.0124635 -0.0119698 -0.010701 -0.00856288 -0.00556546 -0.00174521 0.00277398 0.00780405 0.0131094 0.0184489 0.0235427 0.0281536 0.0320778 0.0351612 0.0373507 0.0386704 0.039193 0.0390466 0.0383545 0.0371961 0.0356643 0.0337825 0.0315758 0.0290476 0.0261671 0.0228925 0.0192075 0.0150832 0.0105757 0.00574697 0.00067372 -0.00454052 -0.00981592 -0.0150453 -0.0201095 -0.0248996 -0.0293174 -0.0332702 -0.0366973 -0.0395078 -0.0416608 -0.0431271 -0.043911 -0.0440526 -0.0435714 -0.0425088 -0.0409294 -0.0389174 -0.0365628 -0.0339612 -0.031179 -0.0283123 -0.0254327 -0.0226136 -0.0199091 -0.0173345 -0.0149554 -0.0127917 -0.010865 -0.00917125 -0.00769683 -0.00644963 -0.0054006 -0.00453189 -0.0038135 -0.00322069 -0.00274809 -0.00237879 -0.00208663 -0.00185858 -0.00168447 -0.00156657 -0.00148138 -0.00141136 -0.0013732 -0.00134875 -0.00133526 -0.00131435 -0.0013027 -0.00130907 -0.00130353 -0.00130043 -0.00129135 -0.00129477 
0 2.04933e-05 3.82945e-05 6.32441e-05 8.05978e-05 0.000106725 0.000131499 0.000160813 0.000197598 0.000238694 0.000292075 0.000351991 0.000434691 0.000544507 0.000693028 0.000879402 0.00112126 0.00142626 0.00181422 0.00230069 0.00289178 0.00362939 0.00450878 0.0055834 0.00684528 0.00832919 0.010064 0.0120263 0.0142475 0.0166693 0.0193191 0.0221445 0.0251016 0.0281583 0.0312345 0.0342874 0.0372246 0.0399596 0.0424001 0.044474 0.046106 0.0472613 0.0478383 0.0478316 0.0471975 0.0459195 0.0440278 0.0415041 0.0384196 0.0348135 0.0307852 0.0264019 0.0217488 0.016892 0.0119545 0.0070138 0.00220469 -0.00237287 -0.00663583 -0.0104665 -0.013765 -0.0164282 -0.0183839 -0.0195747 -0.020061 -0.0198787 -0.0191809 -0.0181306 -0.0169469 -0.015853 -0.0151148 -0.0148922 -0.0153493 -0.0165078 -0.0183078 -0.0206131 -0.0232118 -0.025857 -0.0283193 -0.0303551 -0.0317858 -0.0325203 -0.0324877 -0.0317131 -0.0302688 -0.0283024 -0.0259551 -0.023378 -0.0206889 -0.0180483 -0.0155411 -0.0132372 -0.0111415 -0.0093191 -0.00775366 -0.00641826 -0.00529595 -0.00440734 -0.0036643 -0.00309801 -0.00271023 -0.00246483 -0.00233888 -0.00239732 -0.00259755 -0.00296986 -0.00353303 -0.00430285 -0.00523814 -0.00635876 -0.00762857 -0.00899928 -0.0103509 -0.0116192 -0.0126627 -0.0133234 -0.0134135 -0.0127794 -0.0112789 -0.00885245 -0.00544798 -0.00114329 0.00390385 0.00949778 0.0153722 0.0212317 0.0267952 0.0317835 0.0359637 0.0391999 0.0413908 0.0425806 0.0428428 0.0423275 0.0411709 0.0395233 0.0374534 0.0350633 0.0323597 0.0293728 0.0260824 0.0224761 0.0185099 0.0142075 0.00958157 0.00467805 -0.000408342 -0.00563135 -0.0108928 -0.0161022 -0.0211573 -0.025971 -0.0304304 -0.0344961 -0.0380516 -0.0410629 -0.043442 -0.0451624 -0.0462423 -0.0466631 -0.0464754 -0.0456921 -0.0443591 -0.0425441 -0.0403326 -0.0377876 -0.0350165 -0.032074 -0.0290818 -0.0260943 -0.023169 -0.0203806 -0.0177336 -0.0153114 -0.0131019 -0.0111391 -0.00941433 -0.00792113 -0.00666492 -0.00560118 -0.0047181 -0.00398417 -0.0033929 -0.00291653 -0.00254114 -0.0022439 -0.00202032 -0.00185352 -0.00172844 -0.00164407 -0.00157868 -0.00154609 -0.00151667 -0.00149935 -0.00148881 -0.00147703 -0.00147744 -0.00146436 -0.00146373 -0.00145733 
0 2.60962e-05 5.28424e-05 7.53766e-05 0.000106082 0.000133612 0.000161904 0.000194987 0.000237527 0.000292075 0.000353339 0.000433164 0.00054811 0.000695236 0.000885842 0.00113317 0.0014491 0.00185021 0.00233298 0.00294528 0.00369008 0.0045865 0.00566701 0.00694553 0.00846587 0.0102109 0.0122174 0.0144729 0.0169511 0.0196487 0.0225273 0.0255614 0.0286841 0.03185 0.0349898 0.038018 0.0408545 0.0434248 0.0456386 0.0474272 0.0487567 0.0495604 0.0498028 0.0494554 0.0485063 0.0469633 0.044836 0.0421738 0.0390151 0.0354049 0.0314401 0.0271693 0.0226495 0.0179899 0.013245 0.0085189 0.00391553 -0.000503419 -0.00463344 -0.00839833 -0.0116849 -0.0143829 -0.0164263 -0.0177551 -0.0183892 -0.0184258 -0.0179553 -0.0171803 -0.0163215 -0.0155894 -0.0152468 -0.0154851 -0.0164085 -0.0180606 -0.0203719 -0.0231615 -0.0262246 -0.0292941 -0.0320978 -0.0344033 -0.036039 -0.0368374 -0.0367761 -0.0359027 -0.0342874 -0.0320631 -0.0294171 -0.0264972 -0.0235059 -0.0205512 -0.0177036 -0.0150831 -0.0127441 -0.0106508 -0.00885229 -0.0073402 -0.00607188 -0.00503589 -0.00421964 -0.00357808 -0.00309507 -0.00276767 -0.00263083 -0.00266057 -0.00286147 -0.00327692 -0.0038871 -0.00467114 -0.00569292 -0.00689512 -0.00821884 -0.00965229 -0.0111064 -0.0124314 -0.0135012 -0.0141146 -0.0141154 -0.0133391 -0.0116145 -0.00885174 -0.00507711 -0.000336743 0.00520511 0.0113075 0.0176789 0.0240157 0.0299692 0.0352556 0.0396337 0.0429099 0.0450203 0.0460034 0.0459262 0.0449753 0.0433308 0.0411195 0.0385114 0.0355839 0.032379 0.0289506 0.0252851 0.0213686 0.0172089 0.0127874 0.00814434 0.00330022 -0.00169477 -0.00677364 -0.0118983 -0.0169654 -0.0218886 -0.026605 -0.0310169 -0.0350641 -0.0386974 -0.041831 -0.0444104 -0.0463979 -0.0477705 -0.0485242 -0.0486631 -0.0482161 -0.0472022 -0.0456703 -0.043689 -0.0413266 -0.0386472 -0.0357526 -0.0327304 -0.0296438 -0.0265863 -0.0236003 -0.0207539 -0.0180718 -0.0155981 -0.013369 -0.011368 -0.00962864 -0.0081279 -0.00685487 -0.0057845 -0.00489253 -0.00416916 -0.00357352 -0.00309378 -0.00271966 -0.00242383 -0.002194 -0.00202123 -0.00189592 -0.00181023 -0.00173801 -0.00169802 -0.00167408 -0.00165549 -0.00164329 -0.00162756 -0.00163349 -0.00162738 -0.00162572 
0 3.3713e-05 6.08764e-05 9.11244e-05 0.000124079 0.00016097 0.000192291 0.00022992 0.000284911 0.000351991 0.000433164 0.000542528 0.000699808 0.000896937 0.00114293 0.00145852 0.0018718 0.00237337 0.00297932 0.00373462 0.00464887 0.00574939 0.0070352 0.00857197 0.0103529 0.0123765 0.0146634 0.0171731 0.0199151 0.0228236 0.0259027 0.0290819 0.032292 0.0354979 0.0385945 0.0415043 0.0441417 0.0464475 0.0483476 0.0497858 0.0507221 0.0511442 0.0509851 0.0502817 0.0490236 0.0472177 0.0449244 0.0421635 0.0390021 0.0354611 0.0316318 0.0275515 0.0232869 0.0189066 0.0144938 0.0100851 0.00577825 0.00163144 -0.00229237 -0.00589246 -0.00906548 -0.0117166 -0.0137775 -0.0151723 -0.0159633 -0.016186 -0.0159704 -0.0154982 -0.0149921 -0.0146666 -0.0148046 -0.015554 -0.0170511 -0.019296 -0.0221892 -0.0255452 -0.0291243 -0.0326458 -0.0358471 -0.0384634 -0.040304 -0.0412447 -0.0412166 -0.0402573 -0.0384525 -0.0359918 -0.0330618 -0.0298347 -0.0264827 -0.0231848 -0.0200261 -0.0171092 -0.0144505 -0.0121064 -0.0100896 -0.00836954 -0.00691745 -0.00575738 -0.00478888 -0.00403416 -0.00349734 -0.0031315 -0.00292677 -0.00294454 -0.00313394 -0.0035396 -0.00416731 -0.00501306 -0.00605717 -0.00730194 -0.00869857 -0.0102115 -0.0116947 -0.0130469 -0.0141142 -0.0146946 -0.0145805 -0.0136115 -0.0116343 -0.0085975 -0.0044726 0.000660462 0.00661537 0.0131562 0.0199662 0.0266905 0.0329694 0.0384701 0.042923 0.0461637 0.048099 0.0487989 0.048344 0.0469332 0.044754 0.0419946 0.0388054 0.0353463 0.0316584 0.0278213 0.0238367 0.0197028 0.0154028 0.0109595 0.00637473 0.00166157 -0.00311945 -0.0079631 -0.0128205 -0.0176243 -0.0223104 -0.0268343 -0.0310947 -0.0350724 -0.0386827 -0.0418964 -0.0446295 -0.0468475 -0.0485303 -0.0496132 -0.0501231 -0.0500582 -0.0494253 -0.0482576 -0.0466088 -0.0445125 -0.0420512 -0.0392843 -0.0363274 -0.0332276 -0.03008 -0.0269824 -0.0239514 -0.0210677 -0.0183486 -0.01586 -0.0135997 -0.0115851 -0.00983465 -0.00831662 -0.00703292 -0.00595837 -0.00507547 -0.00433997 -0.00374236 -0.00327078 -0.00289622 -0.00259146 -0.00235718 -0.00219459 -0.00206625 -0.00196575 -0.00189562 -0.00186215 -0.00183652 -0.00180652 -0.00179546 -0.00179643 -0.00179994 -0.00179354 
0 3.10745e-05 5.70781e-05 8.46159e-05 0.000123807 0.000167747 0.000210849 0.000264225 0.000340363 0.000434691 0.00054811 0.000699808 0.000911458 0.00116933 0.00148121 0.00188324 0.00239857 0.00302563 0.00376853 0.00469062 0.00580649 0.00712445 0.00866192 0.0104567 0.0125201 0.0148169 0.0173608 0.0201209 0.0230738 0.0261756 0.0293899 0.0326499 0.0358722 0.0390121 0.0419706 0.044658 0.0470023 0.0489677 0.0504903 0.0515176 0.0520356 0.052021 0.0514583 0.0503844 0.0488213 0.0467941 0.0443566 0.0415589 0.0384494 0.0350463 0.0314326 0.027637 0.0237015 0.0197039 0.0156759 0.0116551 0.00771306 0.00389744 0.00027876 -0.00306014 -0.00602641 -0.00853639 -0.0105372 -0.0119601 -0.0128394 -0.0132352 -0.0132472 -0.0130753 -0.0129475 -0.01308 -0.0137373 -0.0150802 -0.0171947 -0.0200782 -0.0236164 -0.0275971 -0.031766 -0.0358291 -0.0394848 -0.0424681 -0.0445817 -0.0456663 -0.0456814 -0.0446903 -0.042774 -0.0401086 -0.0369064 -0.033356 -0.0296757 -0.0260313 -0.0225194 -0.0192785 -0.0163522 -0.0137396 -0.0114726 -0.00953179 -0.00788016 -0.00653036 -0.005434 -0.00457368 -0.00393707 -0.00349698 -0.00326379 -0.00324121 -0.00340153 -0.0037938 -0.00441123 -0.00524557 -0.0063314 -0.00762838 -0.00906299 -0.010604 -0.0121206 -0.0134696 -0.0144957 -0.0149833 -0.0147487 -0.0136277 -0.0114402 -0.00811981 -0.0036812 0.0017982 0.00812259 0.0150191 0.0221576 0.0291642 0.0356463 0.041261 0.0457281 0.0488504 0.0505637 0.0509332 0.050059 0.0481625 0.0454611 0.0421425 0.0384165 0.0344431 0.0303047 0.0261052 0.0218602 0.0175703 0.0132324 0.00884138 0.00439732 -9.98496e-05 -0.00461876 -0.00914482 -0.0136699 -0.0181334 -0.0225007 -0.0267486 -0.0307922 -0.0346039 -0.0381371 -0.0413468 -0.0441783 -0.0465983 -0.0485574 -0.0499907 -0.050883 -0.0512337 -0.0510248 -0.0502733 -0.0490159 -0.0472761 -0.0451085 -0.0425822 -0.0397826 -0.0367571 -0.0336177 -0.0304536 -0.0273175 -0.0242621 -0.0213405 -0.0186186 -0.0160999 -0.0138246 -0.011801 -0.0100263 -0.00849978 -0.00721056 -0.00613674 -0.00522939 -0.00448648 -0.00389833 -0.0034256 -0.00303669 -0.00273713 -0.00252532 -0.002364 -0.00222764 -0.00213733 -0.00209031 -0.00205221 -0.00201308 -0.00198834 -0.00198904 -0.00197853 -0.00195953 
0 3.49096e-05 6.55208e-05 9.67052e-05 0.000142579 0.000193855 0.00024914 0.000319812 0.000419321 0.000544507 0.000695236 0.000896937 0.00116933 0.00149987 0.00189612 0.0024016 0.00304143 0.00381175 0.00472119 0.00583657 0.00717985 0.008747 0.0105531 0.0126265 0.0149698 0.0175346 0.0203186 0.0232938 0.0264221 0.0296555 0.0329365 0.03619 0.0393286 0.0423042 0.0450257 0.0474029 0.0493808 0.0509382 0.0520268 0.0526012 0.0526619 0.052203 0.0512407 0.0498287 0.0480075 0.0458082 0.043284 0.0404956 0.0374842 0.0342727 0.0309291 0.0274764 0.023938 0.0203713 0.0167842 0.013198 0.00966799 0.00624263 0.00298754 -2.36631e-05 -0.00270903 -0.00500428 -0.00686222 -0.00822634 -0.00912705 -0.009633 -0.00984755 -0.00997531 -0.0102387 -0.0108509 -0.0120527 -0.0139975 -0.0167557 -0.0203148 -0.0245461 -0.029218 -0.0340492 -0.0387193 -0.0428984 -0.0463038 -0.0487315 -0.0500265 -0.0501504 -0.0491622 -0.0471602 -0.0443355 -0.0409103 -0.0370795 -0.0330777 -0.0290925 -0.0252457 -0.0216722 -0.0184289 -0.0155275 -0.0130019 -0.0108275 -0.00897176 -0.00743574 -0.00617724 -0.00518053 -0.00443815 -0.00391237 -0.00360605 -0.00351932 -0.00363453 -0.0039925 -0.00459548 -0.00543036 -0.00652079 -0.0078245 -0.00927492 -0.0108204 -0.0123235 -0.0136364 -0.0146084 -0.015019 -0.0146714 -0.0133925 -0.0110124 -0.00746185 -0.00275802 0.00301065 0.00962691 0.0167929 0.0241578 0.0313281 0.0378994 0.0435212 0.0479095 0.0508648 0.0523257 0.0523524 0.0510619 0.0486859 0.0454683 0.0416241 0.0373946 0.0329621 0.0284398 0.0239433 0.0195085 0.015137 0.010827 0.00655955 0.00231581 -0.00191684 -0.00612226 -0.0102926 -0.0144303 -0.0184957 -0.0224842 -0.0263941 -0.0301656 -0.0337701 -0.0371745 -0.0403341 -0.0432099 -0.0457741 -0.0479684 -0.0497183 -0.0509882 -0.051762 -0.0520014 -0.0517047 -0.0508878 -0.0495632 -0.0477683 -0.0455651 -0.043014 -0.0401563 -0.0371036 -0.0339517 -0.030766 -0.0275983 -0.0245192 -0.0215968 -0.0188491 -0.0163216 -0.0140312 -0.0119888 -0.0102042 -0.00867893 -0.00738785 -0.0062878 -0.0053793 -0.00465541 -0.004067 -0.00357794 -0.00319647 -0.00291872 -0.00270481 -0.00252147 -0.00239528 -0.00232165 -0.00226292 -0.00220874 -0.00217459 -0.00217256 -0.00215671 -0.00213192 
0 4.40171e-05 8.35649e-05 0.000126943 0.000181191 0.000244067 0.000314404 0.000406392 0.00053362 0.000693028 0.000885842 0.00114293 0.00148121 0.00189612 0.00239763 0.00302654 0.00381946 0.00475812 0.0058724 0.00721383 0.00880794 0.0106487 0.0127221 0.0150761 0.0176752 0.020485 0.0234803 0.0266233 0.0298869 0.0331834 0.0364629 0.039625 0.0425899 0.0453127 0.0477068 0.0496957 0.0512406 0.0523292 0.0529352 0.0530317 0.0526191 0.0517419 0.050414 0.0487204 0.0467009 0.0443791 0.0418259 0.0390894 0.0362227 0.0332501 0.0302162 0.0271339 0.0240233 0.0208957 0.0177775 0.0146567 0.0115807 0.00860259 0.00576093 0.0031298 0.000778225 -0.00124775 -0.00289777 -0.00412324 -0.00497891 -0.00551793 -0.00588474 -0.00627418 -0.00690399 -0.00798333 -0.00973631 -0.0122853 -0.01571 -0.0199717 -0.0249233 -0.0303245 -0.0358601 -0.0411791 -0.0459419 -0.0498401 -0.0526443 -0.0542245 -0.0545255 -0.0536007 -0.0515683 -0.0486371 -0.0450251 -0.0409642 -0.0366767 -0.0323785 -0.028212 -0.0243073 -0.0207192 -0.0175146 -0.0147069 -0.0122763 -0.0102029 -0.00848991 -0.00705634 -0.00590276 -0.0050208 -0.00437207 -0.00394411 -0.00377769 -0.00383871 -0.00414992 -0.00471962 -0.00554652 -0.00660348 -0.0078773 -0.0093076 -0.0108278 -0.012293 -0.0135698 -0.0144777 -0.0148137 -0.0143603 -0.0129393 -0.0103958 -0.00667203 -0.00176366 0.00420725 0.0110105 0.0183418 0.0258272 0.0330526 0.0396206 0.0451678 0.0494056 0.0521567 0.0533399 0.0530197 0.0513295 0.0485042 0.0448066 0.0405077 0.0358434 0.0310424 0.0262248 0.0215063 0.0169409 0.0125392 0.0082914 0.0041952 0.000197819 -0.0037261 -0.00756946 -0.01136 -0.0150808 -0.018726 -0.0223097 -0.025847 -0.029306 -0.0326753 -0.0359076 -0.0389849 -0.0418587 -0.0445078 -0.0468835 -0.0488888 -0.0505008 -0.0516713 -0.0523543 -0.0525252 -0.0521777 -0.0513081 -0.0499537 -0.0481475 -0.0459382 -0.0433502 -0.0404731 -0.0374256 -0.0342501 -0.0310352 -0.0278432 -0.0247557 -0.0218153 -0.0190526 -0.0165159 -0.0142076 -0.012163 -0.0103898 -0.00886199 -0.0075504 -0.00645408 -0.00556873 -0.00484004 -0.0042269 -0.00373906 -0.00337517 -0.00308566 -0.0028473 -0.0026721 -0.00256404 -0.00248091 -0.00240535 -0.00236613 -0.00235341 -0.00233963 -0.00231256 
0 5.0405e-05 0.000100523 0.000154944 0.000221295 0.000298001 0.000389007 0.000510675 0.000675269 0.000879402 0.00113317 0.00145852 0.00188324 0.0024016 0.00302654 0.0038099 0.00476449 0.00590974 0.00724753 0.00884098 0.010709 0.0128123 0.0151732 0.0177715 0.0206177 0.0236383 0.0267957 0.0300725 0.0333813 0.036681 0.0398568 0.0428365 0.0455446 0.0479265 0.0499286 0.0514753 0.0525406 0.0531331 0.05324 0.0528479 0.0520054 0.0507291 0.049111 0.0471899 0.0450236 0.0426489 0.0401044 0.037478 0.0347973 0.032092 0.0293812 0.0266781 0.0239679 0.0212974 0.018634 0.0159999 0.0134078 0.0108889 0.00849416 0.00627534 0.00428888 0.00258936 0.00121639 0.000175112 -0.000545407 -0.0010729 -0.00152304 -0.00210941 -0.00304764 -0.00455636 -0.0068099 -0.00997499 -0.0140607 -0.0190318 -0.0247219 -0.030856 -0.0370996 -0.0430996 -0.048472 -0.0529166 -0.056196 -0.0581256 -0.0586725 -0.0578992 -0.0559245 -0.0529351 -0.0491939 -0.0449383 -0.0404281 -0.0358481 -0.0313679 -0.0271301 -0.0232457 -0.01972 -0.0166083 -0.013913 -0.0116097 -0.00965106 -0.00804458 -0.00672197 -0.00565766 -0.00484782 -0.00431848 -0.00402522 -0.00399916 -0.00424615 -0.00475612 -0.00550451 -0.00652724 -0.00775825 -0.00914137 -0.0106011 -0.0120372 -0.0132709 -0.0141284 -0.0143759 -0.0138291 -0.0123077 -0.00965454 -0.0057939 -0.000783716 0.00527289 0.0121551 0.0195291 0.0270287 0.0342327 0.0407162 0.0461236 0.0501755 0.0526619 0.0535601 0.052902 0.0508477 0.0476345 0.0435509 0.0388592 0.0338721 0.0287781 0.0237537 0.0188991 0.014269 0.00987899 0.00574378 0.00183054 -0.00189156 -0.00546692 -0.00894029 -0.0123104 -0.0156156 -0.0188371 -0.0220127 -0.0251658 -0.0283013 -0.0313886 -0.0344344 -0.0373769 -0.0402077 -0.0428972 -0.0453722 -0.0475889 -0.0494731 -0.0510053 -0.0521144 -0.0527532 -0.0528903 -0.0525155 -0.0516309 -0.0502888 -0.0484839 -0.0462448 -0.0436519 -0.0407752 -0.0377187 -0.0345128 -0.0312777 -0.0280797 -0.0249736 -0.0220248 -0.0192449 -0.0166907 -0.0143783 -0.0123408 -0.0105604 -0.00900917 -0.00770306 -0.00662899 -0.00573706 -0.00498571 -0.00437968 -0.0039122 -0.00354203 -0.00323217 -0.00300511 -0.00284988 -0.0027308 -0.00263469 -0.00257068 -0.00255059 -0.00252568 -0.00250053 
0 5.20438e-05 0.000107975 0.000173363 0.000254148 0.000351154 0.000473885 0.000637647 0.000851332 0.00112126 0.0014491 0.0018718 0.00239857 0.00304143 0.00381946 0.00476449 0.00592232 0.00727626 0.00887172 0.0107284 0.012861 0.0152476 0.0178533 0.0207077 0.0237522 0.026952 0.0302372 0.0335599 0.0368652 0.0400515 0.0430414 0.0457413 0.0481021 0.0500788 0.0516284 0.0526875 0.0532595 0.0533424 0.052959 0.0521309 0.05088 0.0492986 0.0474263 0.0453439 0.0430899 0.0406952 0.03823 0.0357513 0.0332899 0.0308752 0.0284884 0.0261384 0.0238453 0.0215882 0.0193962 0.0172329 0.015107 0.0130539 0.0111012 0.00930885 0.00773762 0.006407 0.00535981 0.00458643 0.00402486 0.00359306 0.00311486 0.00239328 0.00121042 -0.000656308 -0.00339485 -0.00710552 -0.0118344 -0.0174943 -0.0238902 -0.0307438 -0.0377073 -0.0443828 -0.0504105 -0.0554473 -0.0592222 -0.0615974 -0.0624981 -0.0619389 -0.060083 -0.0571468 -0.0533554 -0.0489771 -0.0442545 -0.0394279 -0.0346961 -0.0301746 -0.0259575 -0.0221495 -0.0187576 -0.0157711 -0.0131924 -0.0109966 -0.00912829 -0.00758601 -0.00636069 -0.00541332 -0.00471277 -0.00429051 -0.00414039 -0.00425196 -0.00465234 -0.00534635 -0.00627441 -0.00742934 -0.00877357 -0.0102006 -0.0115809 -0.0127641 -0.0135563 -0.0137702 -0.0131728 -0.0115673 -0.00885629 -0.00498094 5.37664e-05 0.0061035 0.0129408 0.020263 0.0276747 0.03476 0.041104 0.0463263 0.050137 0.0523807 0.0529887 0.0520354 0.0496895 0.0461797 0.0417903 0.0368392 0.0315879 0.0262995 0.0211443 0.0162177 0.0115966 0.00728747 0.00328833 -0.000402872 -0.00384625 -0.00708991 -0.010169 -0.0131536 -0.0160353 -0.018857 -0.0216473 -0.0244274 -0.0272252 -0.0300306 -0.032827 -0.0356108 -0.0383491 -0.041015 -0.0435628 -0.0459049 -0.0480246 -0.0498549 -0.0513493 -0.0524365 -0.0530524 -0.0531719 -0.0527911 -0.0519262 -0.0505766 -0.0487573 -0.0465091 -0.043928 -0.0410533 -0.0379733 -0.034763 -0.0315128 -0.0283114 -0.0251901 -0.0222209 -0.0194207 -0.0168538 -0.0145461 -0.0124899 -0.0106894 -0.00914181 -0.00785381 -0.00677258 -0.00586441 -0.00512583 -0.00454606 -0.00407851 -0.0036982 -0.00340491 -0.00319619 -0.0030367 -0.00290334 -0.00281812 -0.00276441 -0.00272967 -0.00269439 
0 6.17734e-05 0.000128262 0.00021364 0.000312998 0.000442815 0.000603742 0.000816722 0.00109037 0.00142626 0.00185021 0.00237337 0.00302563 0.00381175 0.00475812 0.00590974 0.00727626 0.00888775 0.0107465 0.012881 0.0152899 0.0179254 0.0207912 0.0238409 0.027062 0.0303807 0.0337158 0.0370286 0.0402136 0.043218 0.0459226 0.0482691 0.0502241 0.0517376 0.0527899 0.0533381 0.0533904 0.0529778 0.0521376 0.0509065 0.0493445 0.0474948 0.0454593 0.043268 0.0409753 0.0386315 0.0362793 0.0339896 0.0317715 0.0296447 0.0275776 0.0255895 0.0236715 0.0218432 0.0200688 0.0183464 0.0166638 0.015045 0.0135417 0.0122067 0.0110664 0.0101484 0.00946986 0.00897547 0.00865178 0.00835115 0.00791573 0.00712929 0.00576104 0.00357351 0.000433058 -0.00379908 -0.00909383 -0.0153698 -0.0224247 -0.0299627 -0.0376161 -0.0449915 -0.0516785 -0.0573382 -0.0616832 -0.0645244 -0.0658115 -0.0655829 -0.0639741 -0.0611545 -0.0573904 -0.0529621 -0.0481308 -0.0431118 -0.038141 -0.03336 -0.0289078 -0.024815 -0.0211185 -0.0178386 -0.0149775 -0.0124795 -0.0103845 -0.00862267 -0.00715875 -0.00599882 -0.00514859 -0.00454755 -0.00424324 -0.00421442 -0.00447128 -0.00501563 -0.00586329 -0.00695778 -0.00824662 -0.00960635 -0.0109524 -0.0121073 -0.0128745 -0.0130435 -0.0124352 -0.0108611 -0.00819231 -0.00434511 0.00061912 0.00656907 0.0132903 0.020452 0.0276834 0.0345718 0.0406981 0.0457012 0.0493024 0.0513051 0.0516963 0.0505122 0.0479492 0.0442377 0.0396695 0.0345408 0.0291644 0.0237524 0.0185341 0.0136008 0.00902806 0.00483956 0.00103132 -0.00243228 -0.00559022 -0.00850539 -0.0112495 -0.0138515 -0.0163645 -0.0188124 -0.0212438 -0.0236777 -0.0261572 -0.0286578 -0.0312067 -0.0337788 -0.0363873 -0.0389993 -0.0415462 -0.0439915 -0.0462608 -0.0483293 -0.0501399 -0.0516134 -0.0526749 -0.0532819 -0.0533999 -0.053045 -0.0521773 -0.0508202 -0.0490015 -0.0467624 -0.0441877 -0.0412968 -0.0382034 -0.0349801 -0.0317244 -0.0285111 -0.0253712 -0.0223831 -0.0195813 -0.017014 -0.0146929 -0.0126216 -0.010826 -0.009292 -0.00799582 -0.00690583 -0.00600832 -0.00529104 -0.00470741 -0.00423421 -0.00386322 -0.00358459 -0.00337209 -0.00320229 -0.00308124 -0.00300025 -0.00294435 -0.00290235 
