0 0 0 0 0 0 0 0 0 0 0 0 0 0 0 0 0 0 0 0 0 0 0 0 0 0 0 0 0 0 0 0 0 0 0 0 0 0 0 0 0 0 0 0 0 0 0 0 0 0 0 0 0 0 0 0 0 0 0 0 0 0 0 0 0 0 0 0 0 0 0 0 0 0 0 0 0 0 0 0 0 0 0 0 0 0 0 0 0 0 0 0 0 0 0 0 0 0 0 0 0 0 0 0 0 0 0 0 0 0 0 0 0 0 0 0 0 0 0 0 0 0 0 0 0 0 0 0 0 0 0 0 0 0 0 0 0 0 0 0 0 0 0 0 0 0 0 0 0 0 0 0 0 0 0 0 0 0 0 0 0 0 0 0 0 0 0 0 0 0 0 0 0 0 0 0 0 0 0 0 0 0 0 0 0 0 0 0 0 0 0 0 0 0 0 0 0 0 0 0 
0 0.000345389 0.000697161 0.00106127 0.0014657 0.00188575 0.00234269 0.0028349 0.0033612 0.00390243 0.00443255 0.00495872 0.00543842 0.00586452 0.00621925 0.00649264 0.0066541 0.00667105 0.00654554 0.00625454 0.00579704 0.00517909 0.00443278 0.0035784 0.00264491 0.00165993 0.000651039 -0.000349623 -0.00130836 -0.00218329 -0.00295472 -0.00358274 -0.00407441 -0.00443763 -0.00467704 -0.00479191 -0.00478774 -0.00468665 -0.00449489 -0.004237 -0.00394071 -0.003627 -0.00330637 -0.00299681 -0.00268018 -0.00237668 -0.00209922 -0.00185389 -0.00164695 -0.00146433 -0.00131265 -0.0011727 -0.00104542 -0.000935342 -0.000835022 -0.00075537 -0.000701953 -0.00064328 -0.000590473 -0.000534608 -0.000478914 -0.000443072 -0.000414982 -0.000389009 -0.000359708 -0.000323616 -0.000284172 -0.000246366 -0.00021244 -0.000189824 -0.000171807 -0.000162204 -0.000151218 -0.000144337 -0.00013748 -0.000123753 -0.000107919 -0.000100587 -8.93283e-05 -5.53968e-05 1.14978e-05 0.000101811 0.000218789 0.000364217 0.000523401 0.000685497 0.000834395 0.000944032 0.000983758 0.000923557 0.000745442 0.000437323 -6.34267e-06 -0.000553619 -0.00116893 -0.00181498 -0.00243599 -0.00297926 -0.00341413 -0.00370015 -0.00380622 -0.00372682 -0.00346875 -0.0030403 -0.00248748 -0.00186367 -0.00121123 -0.00058304 -2.84121e-05 0.000436027 0.000790157 0.00102413 0.00114758 0.00117988 0.00114399 0.00106362 0.000960749 0.000854979 0.000751283 0.000657043 0.000585522 0.000534254 0.000487427 0.000437424 0.000399535 0.000370228 0.000344956 0.00033141 0.000327421 0.000321771 0.00031681 0.000303008 0.000299543 0.000310844 0.000332984 0.000359782 0.000382105 0.000397868 0.00041363 0.000426888 0.000452161 0.000478837 0.000507452 0.000548027 0.000578398 0.000614926 0.000660324 0.000714153 0.000794178 0.00089433 0.000994684 0.00110882 0.00123243 0.00138666 0.00157476 0.00179749 0.00205112 0.00232371 0.002625 0.0029385 0.00326042 0.00359038 0.00391622 0.00420236 0.00443178 0.00457247 0.00461679 0.00455895 0.00438513 0.0040803 0.00362791 0.00303983 0.00230912 0.00146066 0.000532257 -0.000436409 -0.00142758 -0.00240951 -0.00335178 -0.00422205 -0.00498486 -0.00561771 -0.00608845 -0.00640267 -0.00654449 -0.00654319 -0.0064146 -0.00616953 -0.00583555 -0.0054217 -0.00496826 -0.00446856 -0.00396481 -0.00348325 -0.003035 -0.00263914 -0.0022962 -0.00203974 -0.0018433 -0.00171476 
0 0.000697161 0.00139561 0.0021415 0.00293898 0.0037957 0.00470562 0.00568734 0.00673556 0.00779156 0.00884903 0.00987377 0.0108276 0.0116613 0.0123478 0.0128751 0.0131615 0.0131797 0.0129063 0.0123223 0.0114177 0.0102033 0.00874283 0.00706841 0.00523266 0.00330057 0.00131965 -0.000638744 -0.00250548 -0.00422955 -0.0057393 -0.00700535 -0.00799252 -0.00873026 -0.00922269 -0.00944208 -0.00945176 -0.00925208 -0.00889858 -0.00841204 -0.00784174 -0.00723122 -0.00659841 -0.00598069 -0.00536927 -0.00477993 -0.00424394 -0.00376977 -0.00333338 -0.00296408 -0.00263156 -0.00235008 -0.00210356 -0.001891 -0.00169854 -0.00154043 -0.0014156 -0.0013003 -0.0011948 -0.00108765 -0.00099809 -0.000912577 -0.000853855 -0.000784984 -0.000714489 -0.000642787 -0.000581444 -0.000511994 -0.000471728 -0.000410943 -0.000360688 -0.000336248 -0.00030931 -0.000284822 -0.000268693 -0.000242614 -0.000236183 -0.000219447 -0.000161998 -0.000103068 9.5839e-06 0.000197648 0.000445623 0.000733742 0.00106194 0.00138014 0.00167792 0.0018853 0.00196459 0.00184198 0.00148147 0.000844595 -1.9344e-05 -0.00110213 -0.0023257 -0.00360753 -0.00484182 -0.00596691 -0.00683729 -0.00740369 -0.00761287 -0.00744155 -0.00689046 -0.00605389 -0.00496157 -0.00372372 -0.00243249 -0.00119075 -5.49054e-05 0.000873232 0.00158057 0.00204638 0.00230181 0.00236297 0.00229649 0.00212684 0.00192538 0.00169939 0.00149238 0.00132454 0.00118087 0.00104536 0.000966909 0.000893647 0.000814735 0.000748052 0.000684874 0.000650061 0.000637455 0.00061493 0.000604846 0.00061032 0.000605068 0.000635279 0.000666863 0.000702637 0.000735128 0.000772649 0.000800179 0.0008538 0.000900893 0.000954421 0.00101109 0.00108526 0.00116021 0.001252 0.00135082 0.00146514 0.00161494 0.00179238 0.00200182 0.00222505 0.00250507 0.0028292 0.00321516 0.00366227 0.00415755 0.00469455 0.00529578 0.00591049 0.00654133 0.00717343 0.00777646 0.0083244 0.00874105 0.00902032 0.00909595 0.00897043 0.00861495 0.00798148 0.0070803 0.00590856 0.00447666 0.0028166 0.00099558 -0.000910536 -0.00285946 -0.00479456 -0.00663377 -0.00833539 -0.00982172 -0.0110541 -0.0119924 -0.0126102 -0.0129202 -0.0129287 -0.0126973 -0.0122338 -0.0115804 -0.0107934 -0.00989965 -0.00894288 -0.00795537 -0.00701456 -0.00614041 -0.0053465 -0.00467997 -0.00414926 -0.00375909 -0.00348817 
0 0.00106127 0.0021415 0.00325838 0.00448294 0.00576169 0.00713574 0.00859515 0.0101284 0.0116856 0.0132102 0.0147155 0.016091 0.0172974 0.0182771 0.0189963 0.0193757 0.0193427 0.0189078 0.0180255 0.0166957 0.0149337 0.0128146 0.0103833 0.00771557 0.00489806 0.00202383 -0.000808393 -0.00351221 -0.00599545 -0.00821605 -0.0100746 -0.0115654 -0.0126849 -0.0134287 -0.0137976 -0.0138303 -0.0136011 -0.0131365 -0.012485 -0.0116993 -0.0108259 -0.00990327 -0.00900134 -0.00809977 -0.00725147 -0.00647521 -0.00576484 -0.0051231 -0.00453143 -0.00402819 -0.00358964 -0.00321714 -0.00290264 -0.00260809 -0.00235163 -0.00215621 -0.00196381 -0.00180873 -0.00166415 -0.00152094 -0.0014062 -0.00129099 -0.00117183 -0.00105773 -0.000955906 -0.000871326 -0.00079719 -0.000719968 -0.000642917 -0.000558975 -0.000495453 -0.000443626 -0.000422407 -0.000414074 -0.000388989 -0.000349737 -0.000316314 -0.000260895 -0.000147899 4.92019e-05 0.00031424 0.000661934 0.00109851 0.00158576 0.00208133 0.00252768 0.00284008 0.00293205 0.00272424 0.00217278 0.00124883 -5.50536e-05 -0.00166371 -0.00348499 -0.00541146 -0.00728105 -0.00893288 -0.0102478 -0.0110995 -0.0113989 -0.0111335 -0.0103359 -0.00905574 -0.00742258 -0.00558509 -0.0036624 -0.00179741 -0.000126222 0.00128341 0.00236364 0.00307741 0.00344889 0.00353724 0.00342185 0.00317946 0.00287814 0.00256753 0.00226117 0.001977 0.00175096 0.00158466 0.00145047 0.00132416 0.00122953 0.00114644 0.00105733 0.000985151 0.000940543 0.000911202 0.000911245 0.000911126 0.000934745 0.000977131 0.00102103 0.00106128 0.00109772 0.0011422 0.00120989 0.0012835 0.00137448 0.00145172 0.00152664 0.00164172 0.00175685 0.00190553 0.00207372 0.00224577 0.00246466 0.00273501 0.00303506 0.00340783 0.00383855 0.00435256 0.00493783 0.00559187 0.0063188 0.0071093 0.00799234 0.00890956 0.00982656 0.010724 0.0115726 0.0123031 0.0128838 0.0132376 0.0133228 0.0131005 0.0125225 0.011557 0.0101894 0.00846822 0.00638122 0.00397786 0.00133947 -0.00143461 -0.0042807 -0.00709409 -0.00977423 -0.0122336 -0.0143868 -0.0161851 -0.0175548 -0.0185005 -0.0189782 -0.0190465 -0.0187423 -0.0180935 -0.0171767 -0.0160339 -0.0147707 -0.0133817 -0.0119703 -0.0106073 -0.00932604 -0.00817679 -0.00717348 -0.00639838 -0.00579466 -0.00538914 
0 0.0014657 0.00293898 0.00448294 0.0061203 0.00785212 0.00966583 0.0115764 0.0135649 0.0155471 0.0175082 0.0194035 0.0211535 0.022664 0.0238707 0.0247361 0.0251382 0.0250333 0.0244045 0.0232314 0.021506 0.0192464 0.0165419 0.0134419 0.0100346 0.00644679 0.00278894 -0.000805055 -0.00422544 -0.00739982 -0.0102334 -0.0126659 -0.0146279 -0.0161329 -0.0171707 -0.0177108 -0.0178573 -0.0176424 -0.0171447 -0.016392 -0.0154473 -0.0143756 -0.0132235 -0.0120695 -0.0109231 -0.00981928 -0.00880049 -0.0078692 -0.00699194 -0.0062133 -0.00551677 -0.00492669 -0.00442121 -0.00398391 -0.00358008 -0.00322849 -0.00293523 -0.00267212 -0.00244498 -0.00223411 -0.00205453 -0.0018843 -0.00174436 -0.00158978 -0.00143672 -0.00129419 -0.00117632 -0.00105355 -0.000965293 -0.000846719 -0.000741061 -0.000678507 -0.000623914 -0.000582409 -0.000555209 -0.000510035 -0.000480968 -0.000430022 -0.000314168 -0.000174969 6.26877e-05 0.000432927 0.000918044 0.00148984 0.00213547 0.00277084 0.00335153 0.00375356 0.00388674 0.0036198 0.00288236 0.00161529 -0.000113693 -0.00226254 -0.00468902 -0.00723074 -0.00968433 -0.0118993 -0.0136267 -0.0147472 -0.015157 -0.0148138 -0.0137328 -0.012065 -0.00990257 -0.00744985 -0.00488918 -0.0024163 -0.000164876 0.00169429 0.00311326 0.00405402 0.00456725 0.00470032 0.00457057 0.00424744 0.00385125 0.00341344 0.00300296 0.00265561 0.002359 0.00209734 0.00192988 0.0017853 0.00164514 0.00152411 0.00140732 0.00133155 0.00129143 0.00124691 0.00123061 0.00124251 0.00124896 0.00130461 0.00136074 0.00142064 0.00148143 0.00155838 0.00163629 0.00175208 0.00185633 0.00195875 0.00206485 0.00220924 0.00237646 0.00258751 0.00282052 0.00307619 0.00338649 0.00375178 0.00418518 0.00467719 0.00527878 0.00596593 0.00674824 0.00762017 0.00857059 0.00960327 0.0107487 0.0119193 0.0130851 0.0142032 0.0152221 0.016102 0.016748 0.0171367 0.0171614 0.0167952 0.0159789 0.0146498 0.0128452 0.0105925 0.00791436 0.00485184 0.00149594 -0.00203673 -0.00566087 -0.00925338 -0.0126636 -0.0158034 -0.018556 -0.0208642 -0.0226662 -0.02392 -0.0246225 -0.0247785 -0.0244628 -0.0236925 -0.0225465 -0.0211314 -0.0195185 -0.0177802 -0.0159838 -0.0142488 -0.0126168 -0.0111204 -0.0098384 -0.00880342 -0.00802177 -0.00748278 
0 0.00188575 0.0037957 0.00576169 0.00785212 0.010014 0.0122691 0.014608 0.0170043 0.0193909 0.0217087 0.0239476 0.0259768 0.0277119 0.0290671 0.0299834 0.0303572 0.0301177 0.02928 0.0278135 0.0257208 0.0230264 0.0198193 0.0161603 0.0121538 0.00793303 0.00364102 -0.000580095 -0.00461671 -0.0083639 -0.0117548 -0.0146721 -0.0170777 -0.0189568 -0.0202949 -0.0210884 -0.0213944 -0.0212923 -0.020823 -0.0200405 -0.0190164 -0.0178215 -0.0165145 -0.0151808 -0.0138165 -0.0124881 -0.0112393 -0.0100795 -0.00901198 -0.00803063 -0.00716626 -0.00640083 -0.00573164 -0.00514848 -0.00461747 -0.00415796 -0.00378729 -0.0034415 -0.0031412 -0.00286241 -0.00260558 -0.0023947 -0.0022063 -0.00201892 -0.00183294 -0.00165456 -0.00149084 -0.00133993 -0.00120187 -0.00107326 -0.00095435 -0.000869185 -0.000797762 -0.00075236 -0.000713689 -0.000655089 -0.000586759 -0.000517853 -0.000404886 -0.000206756 0.000123407 0.000581023 0.00117301 0.00188891 0.00267845 0.00347119 0.00418053 0.00467365 0.00481281 0.00446122 0.00353087 0.00197006 -0.000205299 -0.00288421 -0.00590412 -0.00906812 -0.0121239 -0.0148303 -0.0169729 -0.0183644 -0.018871 -0.0184523 -0.0171459 -0.0150531 -0.0123607 -0.00930934 -0.00612153 -0.00303539 -0.000262225 0.00206102 0.00384013 0.00503106 0.00567379 0.00585379 0.00569327 0.00530806 0.00481137 0.0042832 0.00377071 0.00330989 0.00293807 0.00265192 0.00242731 0.00222398 0.0020571 0.0019145 0.00178408 0.00168945 0.0016349 0.00159358 0.00157679 0.0015624 0.0015767 0.00163353 0.00171276 0.00179953 0.001885 0.00197476 0.00208107 0.0022018 0.00234293 0.00248241 0.00263357 0.00283557 0.00305139 0.00331417 0.00361385 0.00394846 0.00436621 0.0048697 0.00543362 0.0060902 0.00683953 0.00770762 0.00868865 0.00977379 0.0109533 0.0122116 0.0135683 0.0149448 0.0162892 0.0175601 0.0187033 0.019634 0.0202949 0.0206038 0.020499 0.0199293 0.0188308 0.0171621 0.0149313 0.0122073 0.00899828 0.00536459 0.00140475 -0.00275761 -0.00702408 -0.0112474 -0.0152742 -0.0189796 -0.022247 -0.0250089 -0.0271837 -0.0287542 -0.0296707 -0.029974 -0.029701 -0.0288824 -0.0276152 -0.025992 -0.0241488 -0.022123 -0.0200396 -0.0180011 -0.0160624 -0.0142859 -0.0127222 -0.0114684 -0.0104916 -0.0098297 
0 0.00234269 0.00470562 0.00713574 0.00966583 0.0122691 0.0149384 0.0176742 0.0204422 0.0231631 0.0257883 0.0282689 0.0304928 0.03235 0.0337565 0.0346491 0.0349204 0.034519 0.0334489 0.0316984 0.02927 0.0261985 0.0225793 0.0184886 0.0140328 0.00935497 0.00459258 -0.000108284 -0.00462433 -0.00885312 -0.0126906 -0.01604 -0.0188381 -0.0210819 -0.0227555 -0.0238371 -0.0243877 -0.024453 -0.0240904 -0.0233542 -0.0223294 -0.0210992 -0.0197252 -0.0182749 -0.0167647 -0.0152511 -0.0138018 -0.0124446 -0.011174 -0.010009 -0.00895091 -0.00800439 -0.00716392 -0.0064228 -0.00576061 -0.00519358 -0.00471916 -0.00429171 -0.00390518 -0.00354577 -0.00322637 -0.00294966 -0.00271348 -0.00248129 -0.00225107 -0.00203189 -0.00183434 -0.00164878 -0.00149229 -0.0013332 -0.00119214 -0.00109107 -0.00100382 -0.000930744 -0.000866532 -0.000789465 -0.000715801 -0.000621252 -0.000459568 -0.000218248 0.000168926 0.00073146 0.0014575 0.00231443 0.00325596 0.00418717 0.00501035 0.0055713 0.00571556 0.00527586 0.0041427 0.00225491 -0.000337317 -0.0035286 -0.00712503 -0.010884 -0.0145173 -0.0177566 -0.0203052 -0.0219536 -0.0225526 -0.0220446 -0.0204704 -0.0179903 -0.0147963 -0.0111659 -0.00737407 -0.00369849 -0.000370591 0.00241023 0.00454141 0.00597736 0.00676865 0.00700478 0.00682896 0.00637242 0.00577907 0.00513467 0.00452075 0.00398722 0.00354412 0.00318463 0.00292029 0.00269503 0.00249164 0.00231182 0.00215232 0.00204393 0.00198196 0.00193249 0.00190832 0.0019034 0.00191554 0.00198013 0.00206908 0.00217091 0.00227679 0.00239028 0.00251345 0.00266819 0.00283799 0.003023 0.00323365 0.00349273 0.00378102 0.00411434 0.00448959 0.00492249 0.00545637 0.00609312 0.00681799 0.00762951 0.00855628 0.00960697 0.010791 0.0120945 0.0134857 0.0149421 0.0164604 0.0179624 0.0194039 0.0207404 0.021907 0.0228225 0.0233918 0.0235544 0.0232359 0.022405 0.0210082 0.0189952 0.0163912 0.0132426 0.00958206 0.00547404 0.00103089 -0.00361528 -0.00835783 -0.0130529 -0.0175399 -0.0216911 -0.025378 -0.0285192 -0.0310396 -0.0328947 -0.0340559 -0.0345347 -0.0343751 -0.0336031 -0.0323055 -0.0306026 -0.0286093 -0.0264101 -0.0241161 -0.0218502 -0.0196783 -0.0176575 -0.0158743 -0.0144061 -0.0132682 -0.0124889 
0 0.0028349 0.00568734 0.00859515 0.0115764 0.014608 0.0176742 0.0207692 0.0238514 0.0268442 0.0296878 0.0323157 0.0346209 0.0364915 0.03785 0.0386308 0.0387449 0.0381479 0.0368412 0.0348233 0.0321022 0.0287283 0.0247999 0.0204096 0.0156634 0.0106925 0.00562648 0.00060205 -0.00425418 -0.00882976 -0.0130106 -0.0167027 -0.0198474 -0.0224371 -0.024451 -0.0258637 -0.026711 -0.02703 -0.0268713 -0.0262913 -0.0253724 -0.0241967 -0.0228291 -0.0213287 -0.0197304 -0.0180949 -0.0164954 -0.0149671 -0.0135133 -0.0121556 -0.0109048 -0.00977381 -0.00876166 -0.00785835 -0.00704905 -0.00634341 -0.00573822 -0.00520273 -0.00472271 -0.00428728 -0.0038995 -0.00355532 -0.00324837 -0.00295217 -0.0026691 -0.0024126 -0.00218792 -0.00198307 -0.00179833 -0.00161061 -0.00143831 -0.00130371 -0.00119715 -0.00111454 -0.00104023 -0.000949727 -0.000847777 -0.0007154 -0.00051126 -0.000206296 0.000257573 0.000911021 0.00174888 0.00274084 0.0038294 0.00490625 0.00584226 0.00646147 0.00658261 0.00602994 0.00468274 0.00248184 -0.000525059 -0.00421479 -0.00837212 -0.012717 -0.0169216 -0.0206617 -0.0236067 -0.0255053 -0.0261878 -0.0255914 -0.0237701 -0.0209 -0.0172155 -0.0130256 -0.00864816 -0.00439442 -0.00053367 0.00271058 0.00520783 0.00690227 0.00783898 0.00812819 0.00793378 0.00741864 0.00674138 0.00600601 0.00529652 0.00466811 0.00414346 0.00372442 0.00340967 0.0031531 0.00293169 0.00273694 0.00256259 0.00242967 0.00234207 0.00228253 0.00225693 0.00226103 0.00229133 0.00236634 0.00246393 0.00257129 0.00268812 0.00282329 0.0029828 0.00317932 0.00339405 0.00362488 0.00388714 0.0042025 0.00456819 0.00499101 0.00546882 0.00601878 0.00667765 0.00745417 0.00833853 0.00932654 0.0104391 0.0116806 0.0130536 0.0145386 0.0160981 0.0177045 0.0193322 0.0209081 0.0223785 0.0236964 0.0247958 0.0255922 0.0259885 0.0259191 0.0253245 0.0241821 0.0224558 0.0201103 0.0171681 0.0136685 0.00965097 0.0051873 0.00039883 -0.00458075 -0.00963838 -0.0146416 -0.019443 -0.023912 -0.0279218 -0.0313763 -0.0341964 -0.0363242 -0.0377302 -0.0384199 -0.0384281 -0.0377851 -0.0365664 -0.0348895 -0.0328629 -0.0305859 -0.0281781 -0.025766 -0.0234311 -0.0212398 -0.0192877 -0.0176571 -0.0163874 -0.0155184 
0 0.0033612 0.00673556 0.0101284 0.0135649 0.0170043 0.0204422 0.0238514 0.0271826 0.0303746 0.0333374 0.0360132 0.0382867 0.0400683 0.0412893 0.0418821 0.0417934 0.0409731 0.0394299 0.0371672 0.0342071 0.0306167 0.0264896 0.0219289 0.0170373 0.0119221 0.00670997 0.00152185 -0.00352238 -0.00829858 -0.0127155 -0.0166656 -0.020114 -0.0230261 -0.0253694 -0.0271329 -0.0283094 -0.0289554 -0.0290918 -0.028774 -0.0280637 -0.0270302 -0.0257459 -0.0242725 -0.0226583 -0.0209748 -0.0192828 -0.0176151 -0.016005 -0.0144591 -0.0130301 -0.0117223 -0.0105433 -0.00947568 -0.00850648 -0.0076386 -0.00688186 -0.00621249 -0.0056217 -0.00509961 -0.00462742 -0.00421584 -0.00383172 -0.00347245 -0.00313661 -0.00283738 -0.002571 -0.00234022 -0.00210913 -0.00189664 -0.00170007 -0.00153686 -0.00141482 -0.00132316 -0.00123081 -0.00112343 -0.000980584 -0.000802116 -0.000558096 -0.000176433 0.00037724 0.001123 0.00207126 0.00319656 0.00441218 0.00561756 0.00664825 0.00731937 0.00741337 0.00674874 0.00518172 0.00266661 -0.00077111 -0.00496154 -0.00966939 -0.014578 -0.0193282 -0.0235249 -0.026845 -0.0289836 -0.029751 -0.02908 -0.0270422 -0.0237922 -0.0196305 -0.0148875 -0.00992667 -0.00509514 -0.000721229 0.0029741 0.0058225 0.00777373 0.00886247 0.00922572 0.00903068 0.00847454 0.0077121 0.00688913 0.00608423 0.00535408 0.00474554 0.00427659 0.00390414 0.00361 0.00337329 0.00316529 0.00298651 0.00283942 0.00273212 0.00266744 0.0026368 0.00263224 0.00267889 0.00275646 0.00286754 0.00299038 0.00312902 0.00329224 0.00350089 0.00373588 0.00400379 0.00428192 0.00459657 0.00497528 0.00542691 0.0059579 0.00656676 0.00725897 0.00806156 0.00899026 0.0100313 0.0112065 0.0125013 0.0139318 0.0154724 0.017095 0.0187685 0.0204639 0.0221381 0.0237288 0.0251558 0.0263649 0.0272969 0.0278619 0.0280018 0.0276273 0.0267159 0.025234 0.0231609 0.0204956 0.0172474 0.0134705 0.00919934 0.00451218 -0.000473401 -0.00563334 -0.0108511 -0.0160064 -0.0209787 -0.0256332 -0.0298604 -0.033553 -0.0366211 -0.0390071 -0.0406583 -0.0415943 -0.0418231 -0.0413873 -0.0403527 -0.0388066 -0.0368677 -0.0346167 -0.0321987 -0.0297279 -0.0273058 -0.0250248 -0.0229659 -0.0212394 -0.0198817 -0.0189618 
0 0.00390243 0.00779156 0.0116856 0.0155471 0.0193909 0.0231631 0.0268442 0.0303746 0.0336753 0.0366862 0.0392989 0.041455 0.0430562 0.0440588 0.0444081 0.0440595 0.0429976 0.0412095 0.0387308 0.0355942 0.0318785 0.0276641 0.0230591 0.0181449 0.0130293 0.00781517 0.00261565 -0.00245445 -0.00731484 -0.0118432 -0.0159934 -0.019684 -0.0228806 -0.0255417 -0.0276354 -0.029181 -0.0301849 -0.030686 -0.0307056 -0.0302829 -0.0294797 -0.0283756 -0.0270129 -0.0254828 -0.0238215 -0.0220972 -0.0203546 -0.0186123 -0.0169347 -0.0153347 -0.0138602 -0.0125076 -0.01126 -0.0101231 -0.00910252 -0.00818114 -0.00738211 -0.006659 -0.00601559 -0.00545207 -0.00494237 -0.00448902 -0.0040694 -0.00367712 -0.00332078 -0.00300507 -0.00271747 -0.00246135 -0.00221314 -0.00199954 -0.00182377 -0.00168517 -0.00155229 -0.00142191 -0.00127955 -0.00111985 -0.000897162 -0.000579151 -0.000135024 0.000491325 0.00135991 0.00244194 0.00368685 0.00502752 0.00633262 0.00743549 0.00813442 0.00820139 0.00742204 0.00563479 0.00277987 -0.00106899 -0.00575745 -0.0110064 -0.016452 -0.0217039 -0.0263627 -0.0300233 -0.0323835 -0.0332413 -0.0325083 -0.030238 -0.026649 -0.0220266 -0.01674 -0.0112099 -0.00582905 -0.000930267 0.00319421 0.00638372 0.00858651 0.00985087 0.0103078 0.0101366 0.00953724 0.00870076 0.00776418 0.00685298 0.0060542 0.00537607 0.00482748 0.00441472 0.00410082 0.00382731 0.00359133 0.00339491 0.00325068 0.0031473 0.00307828 0.00303339 0.00303547 0.0030673 0.00315086 0.00327276 0.00342196 0.00359587 0.00380045 0.00403705 0.00432516 0.00463546 0.00498328 0.0053851 0.00584483 0.00640895 0.00705635 0.00779708 0.00864793 0.00961123 0.0106979 0.0119254 0.013265 0.0147493 0.0163417 0.0180238 0.019755 0.0214864 0.0232058 0.0248486 0.0263591 0.0276547 0.0286626 0.0293188 0.0295782 0.0293617 0.0286457 0.0273796 0.02555 0.0231478 0.0201705 0.0166731 0.0126764 0.00825756 0.00347365 -0.00157001 -0.00676566 -0.0120022 -0.017176 -0.0221767 -0.0268904 -0.0312166 -0.0350467 -0.0383074 -0.0409019 -0.0428128 -0.0440101 -0.0445168 -0.0443674 -0.0435999 -0.0423143 -0.0405634 -0.0384813 -0.0361614 -0.0337392 -0.0313315 -0.0290261 -0.0269543 -0.0251717 -0.0237883 -0.0228415 
0 0.00443255 0.00884903 0.0132102 0.0175082 0.0217087 0.0257883 0.0296878 0.0333374 0.0366862 0.0396358 0.0421198 0.0440634 0.0454173 0.0461435 0.0461871 0.0455535 0.0442221 0.0422063 0.0395509 0.036308 0.0325603 0.0283657 0.023819 0.0190092 0.0140084 0.00893125 0.00386025 -0.00112222 -0.00592744 -0.0104974 -0.0147374 -0.0186105 -0.0220357 -0.0249659 -0.0274058 -0.0293103 -0.0307176 -0.0316132 -0.0320216 -0.0319612 -0.0314783 -0.0306445 -0.0295041 -0.0281234 -0.0265654 -0.0248787 -0.0231102 -0.021331 -0.0195493 -0.0178307 -0.0161909 -0.0146527 -0.0132185 -0.0119118 -0.0107251 -0.00966162 -0.00870961 -0.00784559 -0.00707398 -0.00637514 -0.00577188 -0.0052191 -0.00472165 -0.00426535 -0.00384944 -0.00346949 -0.00315207 -0.00284095 -0.00258476 -0.00235359 -0.00213432 -0.00195516 -0.00179858 -0.00162972 -0.0014558 -0.00123564 -0.000968935 -0.00062406 -8.54095e-05 0.000660756 0.00162213 0.00281096 0.0041936 0.00564852 0.00706438 0.00823397 0.00894157 0.0089278 0.00799764 0.00597323 0.00281834 -0.00144268 -0.00659533 -0.0123522 -0.0183248 -0.0240912 -0.0291587 -0.0331676 -0.0357449 -0.0366654 -0.0358513 -0.0333867 -0.0294352 -0.024376 -0.0185898 -0.0125275 -0.00660814 -0.00123209 0.00334013 0.00689576 0.00938357 0.0108196 0.0113659 0.0112083 0.0105825 0.00966469 0.00865731 0.00765851 0.00674478 0.00598981 0.00541989 0.00495188 0.00458495 0.00429153 0.0040385 0.00384056 0.00367653 0.00355701 0.00350115 0.0034676 0.00345417 0.00350632 0.00358318 0.00372321 0.00389799 0.00410197 0.00433794 0.00462794 0.00494643 0.00533298 0.0057683 0.00627703 0.00686264 0.00754341 0.00831457 0.00919143 0.0101929 0.0113248 0.0125984 0.0139955 0.0155251 0.0171474 0.0188735 0.0206512 0.0224335 0.0241813 0.0258515 0.027373 0.0287102 0.0297699 0.0304867 0.0308113 0.0306793 0.0300832 0.0289598 0.027329 0.0251534 0.022432 0.0192095 0.0155013 0.0113794 0.00690045 0.00213475 -0.00283891 -0.00794694 -0.0130801 -0.0181506 -0.0230704 -0.0277227 -0.0320393 -0.0359189 -0.0392838 -0.0420655 -0.0442051 -0.0456992 -0.0465197 -0.0467116 -0.0463077 -0.0453502 -0.0439253 -0.0421065 -0.04002 -0.0377591 -0.0354563 -0.0332434 -0.0312102 -0.0294716 -0.028097 -0.0271719 
0 0.00495872 0.00987377 0.0147155 0.0194035 0.0239476 0.0282689 0.0323157 0.0360132 0.0392989 0.0421198 0.0443723 0.0460472 0.0470949 0.0474972 0.0472179 0.0462762 0.0446977 0.0424877 0.0397162 0.0364426 0.0327424 0.0286486 0.0242603 0.0196421 0.0148771 0.0100406 0.00519952 0.00042208 -0.00425797 -0.00874114 -0.0130016 -0.0169559 -0.0205441 -0.0237237 -0.0264699 -0.028757 -0.0305526 -0.0318633 -0.0326933 -0.0330494 -0.0329639 -0.0324968 -0.031647 -0.0305137 -0.0291228 -0.0275429 -0.0258385 -0.0240542 -0.0222502 -0.020435 -0.0186713 -0.0169808 -0.015379 -0.0139053 -0.0125613 -0.0113133 -0.0102033 -0.00917693 -0.00825257 -0.00743359 -0.00670006 -0.00604549 -0.00545837 -0.00492294 -0.00443633 -0.00400623 -0.00362705 -0.00328811 -0.00297967 -0.00271349 -0.0024722 -0.00227008 -0.00206351 -0.00185639 -0.00164055 -0.00139021 -0.001051 -0.000601976 5.65225e-06 0.000816687 0.00189983 0.00321993 0.00471733 0.00629472 0.00779523 0.00900476 0.0096958 0.00960671 0.00851378 0.00624085 0.00274537 -0.00189576 -0.00749783 -0.0137401 -0.0202026 -0.0264338 -0.0319403 -0.0362638 -0.0390363 -0.0400206 -0.0391275 -0.0364296 -0.0321711 -0.0267052 -0.020444 -0.0138746 -0.00745109 -0.00156722 0.00343717 0.00735005 0.0101051 0.0117359 0.0123932 0.0122725 0.011616 0.010645 0.00954021 0.00845011 0.00748478 0.00665719 0.0059872 0.00547016 0.00508948 0.00477145 0.00450418 0.004291 0.00413419 0.00401658 0.00394959 0.0039061 0.00391763 0.0039691 0.00406639 0.00421652 0.00441617 0.00465852 0.00494742 0.00528359 0.0056803 0.00613308 0.00666657 0.00729357 0.00799558 0.00882496 0.00974135 0.0107744 0.0119502 0.0132556 0.0146941 0.0162724 0.0179314 0.0196799 0.0214719 0.0232809 0.0250598 0.0267451 0.0282997 0.0296195 0.0306827 0.0314192 0.0317706 0.0316932 0.031162 0.0301311 0.0286101 0.0265906 0.0240765 0.0210869 0.0176546 0.013838 0.00965833 0.00522108 0.000570563 -0.00423135 -0.00913397 -0.0140533 -0.0189166 -0.0236493 -0.0281552 -0.0323772 -0.036227 -0.0396529 -0.0425653 -0.044944 -0.0467275 -0.0478961 -0.0484734 -0.0484659 -0.0479282 -0.04688 -0.0454463 -0.0436847 -0.0416998 -0.0396272 -0.0375873 -0.03572 -0.0340797 -0.0328073 -0.0319455 
0 0.00543842 0.0108276 0.016091 0.0211535 0.0259768 0.0304928 0.0346209 0.0382867 0.041455 0.0440634 0.0460472 0.0474003 0.0481108 0.0481651 0.0475421 0.0463046 0.044496 0.0421393 0.0393077 0.036064 0.0324749 0.028561 0.0244044 0.02008 0.015628 0.0111167 0.00658086 0.00206487 -0.00238496 -0.00671674 -0.0108788 -0.0148369 -0.0185162 -0.0218765 -0.0249043 -0.0275217 -0.0297018 -0.0314251 -0.0326998 -0.0335163 -0.033882 -0.0338268 -0.0333516 -0.032525 -0.031397 -0.0300143 -0.028436 -0.0267383 -0.024948 -0.0231118 -0.0212778 -0.0194808 -0.0177441 -0.0161138 -0.0145846 -0.0131594 -0.0118649 -0.0106795 -0.00961169 -0.00864289 -0.00777797 -0.00698855 -0.00628646 -0.00566615 -0.00511213 -0.00461657 -0.00418986 -0.00378153 -0.00343053 -0.00311857 -0.00282407 -0.00258194 -0.00236104 -0.00212279 -0.00186318 -0.00153606 -0.0011251 -0.000606151 0.000116164 0.00105573 0.00222992 0.00364391 0.00525407 0.00692469 0.00850426 0.00975384 0.0104174 0.0102185 0.00894821 0.00642303 0.00261209 -0.00242916 -0.00847542 -0.0151874 -0.0221221 -0.0287957 -0.034657 -0.0392715 -0.0422289 -0.0432717 -0.0423164 -0.039448 -0.0348767 -0.0290144 -0.0222935 -0.0152294 -0.00830702 -0.00196759 0.00345863 0.00772913 0.010772 0.0125952 0.0133649 0.0132947 0.0126421 0.0116253 0.0104688 0.00930014 0.00821868 0.00730152 0.00658297 0.00600729 0.00557728 0.00525155 0.00499401 0.00479993 0.00463099 0.00449321 0.0044217 0.00438232 0.00439268 0.00447691 0.00459235 0.00477217 0.00500112 0.0052769 0.00561652 0.00603192 0.00650601 0.00706744 0.00771083 0.00845234 0.00928949 0.0102565 0.0113386 0.0125524 0.0139107 0.0153888 0.0169851 0.0186891 0.0204682 0.0222777 0.0240946 0.0258655 0.0275452 0.0290896 0.0304337 0.031479 0.0322064 0.0325551 0.0324859 0.0319775 0.0310005 0.0295504 0.0276132 0.0252292 0.0224039 0.0191785 0.0156248 0.0117607 0.00763036 0.00330798 -0.00115078 -0.00570358 -0.0103254 -0.0149419 -0.0195099 -0.0239743 -0.0282535 -0.0323098 -0.0360677 -0.0394801 -0.0424889 -0.0450557 -0.0471285 -0.0486493 -0.0496349 -0.0500838 -0.0500043 -0.0494346 -0.0484562 -0.0471393 -0.0455485 -0.0438166 -0.0420838 -0.0404527 -0.0390159 -0.0378842 -0.0371306 
0 0.00586452 0.0116613 0.0172974 0.022664 0.0277119 0.03235 0.0364915 0.0400683 0.0430562 0.0454173 0.0470949 0.0481108 0.0484699 0.0481737 0.0472296 0.0457253 0.0437316 0.0412758 0.0384296 0.0352617 0.0318313 0.0281524 0.0243007 0.0203297 0.016261 0.0121262 0.00794789 0.00376335 -0.000400094 -0.00449359 -0.00850182 -0.0123916 -0.0160983 -0.0195803 -0.0228088 -0.0257061 -0.0282198 -0.0303332 -0.0320416 -0.0333152 -0.0341405 -0.0345343 -0.0344858 -0.034062 -0.0332882 -0.0321941 -0.030833 -0.0292773 -0.027579 -0.0257787 -0.0239376 -0.0220891 -0.0202594 -0.0184978 -0.0168143 -0.015214 -0.013748 -0.0123965 -0.0111655 -0.0100428 -0.00902414 -0.00809781 -0.00727702 -0.00655313 -0.00590457 -0.00532694 -0.00481979 -0.00435293 -0.0039458 -0.0035899 -0.00325823 -0.00296841 -0.00268265 -0.00238584 -0.00207067 -0.00168996 -0.00120002 -0.000578964 0.000239955 0.00128428 0.00258853 0.00412861 0.00583974 0.00758933 0.00920857 0.0104565 0.0110731 0.0107744 0.0093272 0.00654444 0.00239551 -0.00303767 -0.00952034 -0.0166809 -0.0240497 -0.0311166 -0.0373213 -0.0421906 -0.0453116 -0.0464157 -0.0454089 -0.0423665 -0.0375239 -0.031292 -0.0241318 -0.0165904 -0.00919131 -0.00239569 0.00342948 0.00803653 0.0113498 0.0133901 0.0143139 0.0143282 0.0136886 0.0126333 0.0113923 0.0101323 0.00897993 0.00799169 0.00719698 0.00657238 0.00611414 0.00576349 0.00548956 0.00528621 0.00512836 0.00500405 0.00493596 0.00489993 0.00492449 0.00501734 0.00515478 0.00535926 0.00562921 0.00596096 0.00637058 0.00686555 0.00744038 0.00811267 0.00888719 0.00976938 0.0107534 0.0118817 0.013136 0.0145339 0.016072 0.0177046 0.0194187 0.0212129 0.0230445 0.0248793 0.0266654 0.0283408 0.0298544 0.0311605 0.0322041 0.0328916 0.0332148 0.0331277 0.0325992 0.0316227 0.0301963 0.028322 0.026017 0.0233149 0.0202394 0.0168504 0.0132264 0.00939539 0.00537445 0.00123737 -0.00297446 -0.00722921 -0.0115085 -0.0157592 -0.0199577 -0.0240772 -0.0280641 -0.0318935 -0.0355039 -0.0388573 -0.0419081 -0.0446327 -0.0469622 -0.048834 -0.0502455 -0.0511764 -0.0516159 -0.0515757 -0.0511401 -0.0503523 -0.0492647 -0.0479954 -0.0466697 -0.045386 -0.0442179 -0.0432929 -0.0426756 
0 0.00621925 0.0123478 0.0182771 0.0238707 0.0290671 0.0337565 0.03785 0.0412893 0.0440588 0.0461435 0.0474972 0.0481651 0.0481737 0.0475475 0.0463252 0.0446072 0.0424826 0.0399788 0.037166 0.0341211 0.0308982 0.0275086 0.0240104 0.0204332 0.0167795 0.0130522 0.00926851 0.00545953 0.0016321 -0.00217698 -0.00598076 -0.00974094 -0.0133995 -0.0169185 -0.0202645 -0.0233757 -0.0261788 -0.0286525 -0.0307691 -0.0324809 -0.0337612 -0.0346177 -0.0350356 -0.0350661 -0.0347095 -0.0339768 -0.0329165 -0.0315933 -0.0300741 -0.0283853 -0.0265939 -0.0247367 -0.0228539 -0.0210011 -0.019201 -0.0174589 -0.0158338 -0.0143158 -0.0129116 -0.0116243 -0.0104433 -0.00937149 -0.00841541 -0.00756673 -0.0068016 -0.00612397 -0.0055271 -0.00500316 -0.00454515 -0.00413969 -0.00375196 -0.00339265 -0.00303375 -0.00267028 -0.0022843 -0.00183696 -0.00127339 -0.000555415 0.000371285 0.00153659 0.0029639 0.00461733 0.00642426 0.00825371 0.00991021 0.0111457 0.0116831 0.011241 0.00958057 0.00653137 0.00205676 -0.00374176 -0.0106272 -0.0182041 -0.025985 -0.0334254 -0.0399559 -0.0450642 -0.0483334 -0.0494806 -0.0484117 -0.0451974 -0.0400985 -0.0335241 -0.0259686 -0.0179944 -0.010155 -0.00292465 0.00330009 0.00826674 0.0118739 0.0141423 0.0152177 0.0153174 0.0146982 0.0136232 0.0123225 0.010984 0.00975256 0.00869539 0.00783914 0.00717172 0.00667281 0.00629056 0.00600322 0.00579303 0.00564077 0.00553358 0.00548557 0.0054759 0.00552769 0.00563459 0.00579736 0.00603154 0.00635181 0.00675359 0.00724948 0.00783648 0.00852177 0.00931632 0.0102411 0.0112887 0.0124463 0.0137434 0.0151598 0.0167132 0.0183943 0.0201481 0.0219476 0.0237891 0.025617 0.0274044 0.0290789 0.0305776 0.0318434 0.0328307 0.0334926 0.0337579 0.0336305 0.0330852 0.0320938 0.0306548 0.0287906 0.026518 0.0238918 0.0209388 0.0176925 0.014217 0.0105902 0.00685147 0.00300144 -0.000893151 -0.00480699 -0.00872251 -0.0126255 -0.0164795 -0.0202755 -0.02401 -0.0276644 -0.0312272 -0.034653 -0.037909 -0.0409598 -0.0437963 -0.0463399 -0.0485343 -0.0503602 -0.0517809 -0.0527665 -0.0533029 -0.0534713 -0.0532906 -0.0528018 -0.0521004 -0.0512865 -0.050445 -0.0496265 -0.048965 -0.0485174 
0 0.00649264 0.0128751 0.0189963 0.0247361 0.0299834 0.0346491 0.0386308 0.0418821 0.0444081 0.0461871 0.0472179 0.0475421 0.0472296 0.0463252 0.0448901 0.0430341 0.0408435 0.0383523 0.0356297 0.0327581 0.0297833 0.0267195 0.0235842 0.0204138 0.0171735 0.0138702 0.010507 0.00708961 0.00363674 0.00012334 -0.00342474 -0.00700139 -0.0105374 -0.0140054 -0.0173994 -0.0206429 -0.0236759 -0.0264473 -0.0289185 -0.0310347 -0.0327618 -0.0340777 -0.0349872 -0.0354808 -0.0355759 -0.0352581 -0.0345642 -0.0335736 -0.0323074 -0.0308156 -0.029142 -0.0273438 -0.0254783 -0.0236036 -0.021727 -0.0198869 -0.0181068 -0.016426 -0.0148534 -0.0133908 -0.012053 -0.0108284 -0.00972615 -0.00874376 -0.00785616 -0.00705831 -0.00636829 -0.00575071 -0.00522593 -0.00475187 -0.00429425 -0.00385797 -0.00343976 -0.00300106 -0.00253868 -0.00199451 -0.00133596 -0.000518061 0.000527527 0.00182221 0.00334994 0.00511065 0.00702361 0.0089187 0.0105997 0.0118064 0.0122391 0.0116218 0.00973083 0.00640132 0.00161026 -0.00454436 -0.0118005 -0.0197606 -0.0279216 -0.035716 -0.0425382 -0.0478738 -0.0512743 -0.0524493 -0.0513063 -0.0479377 -0.0425926 -0.0357112 -0.0278005 -0.0194333 -0.0111747 -0.003534 0.00308975 0.00841547 0.0123311 0.0148365 0.0160723 0.016271 0.0156921 0.0145991 0.0132647 0.011876 0.0105592 0.00942781 0.00851237 0.00778471 0.00723296 0.00683146 0.00653918 0.00634513 0.00619836 0.00610588 0.00607815 0.0061001 0.00617273 0.00632198 0.00651798 0.00680522 0.00719134 0.007679 0.00827766 0.00898251 0.00977988 0.0107121 0.0117849 0.0129968 0.0143448 0.0158068 0.0173864 0.0190738 0.0208576 0.0226883 0.024532 0.0263548 0.0281249 0.029764 0.0312344 0.03246 0.0333933 0.0340097 0.0342373 0.0340467 0.0334406 0.0324212 0.0309751 0.0291078 0.0268374 0.024229 0.0213274 0.0181993 0.0148619 0.011373 0.00782248 0.00421554 0.000594013 -0.00302115 -0.00659267 -0.010129 -0.0136327 -0.0170731 -0.020461 -0.0238002 -0.0271051 -0.0303805 -0.0336027 -0.0367356 -0.0397669 -0.0426702 -0.0453917 -0.047866 -0.0500727 -0.0519732 -0.0534962 -0.0546454 -0.0554457 -0.0559328 -0.056112 -0.0560542 -0.0558496 -0.055524 -0.0551508 -0.0548077 -0.0545777 
0 0.0066541 0.0131615 0.0193757 0.0251382 0.0303572 0.0349204 0.0387449 0.0417934 0.0440595 0.0455535 0.0462762 0.0463046 0.0457253 0.0446072 0.0430341 0.0411054 0.0389072 0.0364857 0.0339023 0.0312477 0.0285509 0.0258117 0.0230492 0.0202581 0.0174414 0.0145607 0.0116199 0.00861575 0.00551983 0.00234745 -0.000929156 -0.00425764 -0.00761015 -0.0109764 -0.0143321 -0.0176391 -0.0208036 -0.0237861 -0.026542 -0.0290147 -0.0311522 -0.032924 -0.0342918 -0.0352662 -0.0358227 -0.03596 -0.0357128 -0.0351042 -0.0341847 -0.0329601 -0.0314914 -0.0298423 -0.0280753 -0.0262315 -0.0243473 -0.0224277 -0.0205459 -0.0187326 -0.0170041 -0.01539 -0.0138752 -0.0124873 -0.0112368 -0.0101112 -0.00909366 -0.00818641 -0.00736076 -0.00664528 -0.00600096 -0.00542619 -0.00489947 -0.00439448 -0.00388481 -0.00337763 -0.00282538 -0.00219061 -0.00140795 -0.000442401 0.000715856 0.00211238 0.00377813 0.00565151 0.00763052 0.00958239 0.0112626 0.0124015 0.0127175 0.0119346 0.0098015 0.0061919 0.00107109 -0.00542952 -0.0130534 -0.021377 -0.0298836 -0.0379721 -0.0450603 -0.0505716 -0.0540806 -0.0552912 -0.0541006 -0.0505834 -0.0450369 -0.0378658 -0.0296178 -0.0208721 -0.0122241 -0.0041848 0.00280982 0.00848357 0.0126844 0.015443 0.0168779 0.0172004 0.0166795 0.0156137 0.0142351 0.0127791 0.0114182 0.0102142 0.00919653 0.00840586 0.00782224 0.0074033 0.00712127 0.006928 0.0068139 0.00674682 0.006721 0.00675852 0.00688241 0.00706803 0.00734524 0.00769808 0.00816495 0.00875292 0.00946155 0.0102839 0.0112334 0.0123046 0.013539 0.0149169 0.0164212 0.0180477 0.0197595 0.0215575 0.0234083 0.0252607 0.0270748 0.0288242 0.0304357 0.0318696 0.0330373 0.0339065 0.0344471 0.0346261 0.0344066 0.0337436 0.0326544 0.0311657 0.0292845 0.0270252 0.0244319 0.0215443 0.0184623 0.0152172 0.0118581 0.0084398 0.00500532 0.00160283 -0.00177905 -0.0050823 -0.0082987 -0.0114461 -0.014531 -0.0175687 -0.0205535 -0.0235094 -0.0264659 -0.0294395 -0.0324333 -0.0354234 -0.0383952 -0.0413386 -0.0441844 -0.0468984 -0.0494495 -0.0517915 -0.0538658 -0.0556263 -0.0571116 -0.0583011 -0.0592044 -0.0598595 -0.0603075 -0.0605853 -0.0606971 -0.0607402 -0.0607516 
0 0.00667105 0.0131797 0.0193427 0.0250333 0.0301177 0.034519 0.0381479 0.0409731 0.0429976 0.0442221 0.0446977 0.044496 0.0437316 0.0424826 0.0408435 0.0389072 0.0367603 0.0344558 0.0320641 0.0296547 0.0272396 0.0248333 0.0224106 0.0200085 0.0175862 0.0151253 0.0126 0.00997535 0.00726622 0.00441828 0.001468 -0.00159139 -0.00472851 -0.00793621 -0.0112071 -0.014475 -0.0176823 -0.0207848 -0.0237417 -0.0264998 -0.0289958 -0.0311496 -0.0329683 -0.0343907 -0.0354334 -0.0360603 -0.0362789 -0.0361265 -0.0355955 -0.0347302 -0.0335559 -0.0321368 -0.0305344 -0.0287936 -0.0269299 -0.0250209 -0.0230836 -0.0211982 -0.019368 -0.0176057 -0.0159319 -0.0143755 -0.0129549 -0.0116793 -0.0105272 -0.00947206 -0.0085248 -0.00767164 -0.00692193 -0.00623735 -0.00559884 -0.00498242 -0.00440196 -0.00379188 -0.00313596 -0.00237854 -0.00149168 -0.000410854 0.000903889 0.00246938 0.004232 0.00619632 0.00825416 0.0102227 0.011878 0.0129543 0.0131309 0.0121462 0.0097746 0.00588134 0.00043982 -0.0064132 -0.0143853 -0.0230487 -0.0318623 -0.040214 -0.0475022 -0.0531708 -0.0567714 -0.0580097 -0.0567737 -0.0531536 -0.047415 -0.0399851 -0.0314222 -0.0223259 -0.0133016 -0.00490026 0.00244635 0.00844869 0.0129604 0.015978 0.0176087 0.0180893 0.0176675 0.0166214 0.0152412 0.0137496 0.0122813 0.0109964 0.00993447 0.00909474 0.0084532 0.00801243 0.00772812 0.00756954 0.00746097 0.00741458 0.00742492 0.0075161 0.00768053 0.00794534 0.0082897 0.00873762 0.00929516 0.00998232 0.0108089 0.0117742 0.0128726 0.0141241 0.0155252 0.0170546 0.0187105 0.0204333 0.0222449 0.0240994 0.025962 0.0277762 0.0294926 0.0310598 0.0324575 0.0335849 0.0344064 0.0348657 0.0349488 0.0346676 0.0339579 0.0328334 0.0312793 0.0293483 0.0270727 0.0244867 0.0216313 0.0185833 0.0153891 0.0121197 0.00880408 0.00549688 0.00225666 -0.000930512 -0.00401892 -0.00702025 -0.00988577 -0.0126491 -0.0153399 -0.0179748 -0.0205854 -0.0231767 -0.0258013 -0.0284756 -0.0312257 -0.0340427 -0.0369344 -0.039872 -0.0428172 -0.0457287 -0.0485818 -0.0513438 -0.0539315 -0.0563272 -0.0584918 -0.0604201 -0.0620764 -0.0634676 -0.0646246 -0.0655195 -0.0661868 -0.0666364 -0.0669249 
0 0.00654554 0.0129063 0.0189078 0.0244045 0.02928 0.0334489 0.0368412 0.0394299 0.0412095 0.0422063 0.0424877 0.0421393 0.0412758 0.0399788 0.0383523 0.0364857 0.0344558 0.0323426 0.0301871 0.0280497 0.0259276 0.0238301 0.0217554 0.0196967 0.0176556 0.0155687 0.013415 0.0111656 0.00880705 0.00632243 0.00368787 0.000923441 -0.00197447 -0.00499515 -0.00810519 -0.0112697 -0.0144384 -0.0175795 -0.0206547 -0.0236062 -0.0263573 -0.0288443 -0.0310402 -0.0329125 -0.0344197 -0.0355267 -0.0362341 -0.0365377 -0.0364587 -0.0360103 -0.035204 -0.0340953 -0.032739 -0.0311652 -0.0294316 -0.0275801 -0.0256697 -0.0237561 -0.0218509 -0.0199913 -0.0181837 -0.0164826 -0.0149157 -0.0134715 -0.0121524 -0.0109502 -0.00984348 -0.0088717 -0.00799079 -0.00718461 -0.00644121 -0.00570575 -0.00497386 -0.00425035 -0.00348165 -0.00261451 -0.00158541 -0.000349849 0.00108977 0.00276787 0.00468291 0.00676057 0.00886742 0.0108577 0.0124736 0.0134315 0.0134547 0.0122697 0.0096265 0.00543524 -0.000325095 -0.00750078 -0.0157887 -0.0247502 -0.0338383 -0.0424186 -0.0499033 -0.0556984 -0.0593701 -0.0606252 -0.0593425 -0.0556048 -0.0497056 -0.0420504 -0.0332217 -0.023816 -0.0144553 -0.00570281 0.00199428 0.00833493 0.0131352 0.0164256 0.0182979 0.0189423 0.0186242 0.0176378 0.0162356 0.014692 0.0132003 0.0118601 0.0107135 0.00981246 0.00914061 0.0086753 0.00837839 0.00820172 0.00813645 0.00815074 0.0082151 0.00837177 0.0086209 0.00894773 0.00938812 0.0099211 0.0105877 0.0114128 0.0123795 0.0134922 0.0147573 0.0161584 0.0177158 0.0193878 0.0211465 0.0229559 0.0247971 0.0266505 0.0284565 0.0301547 0.0316845 0.032997 0.0340633 0.0348334 0.0352406 0.0352604 0.0348799 0.0340964 0.0329057 0.031314 0.0293343 0.027021 0.0244194 0.021575 0.0185519 0.0154103 0.012213 0.00898578 0.00577547 0.00263941 -0.000398204 -0.00330657 -0.00610108 -0.00877029 -0.0112965 -0.0137044 -0.0160134 -0.0182864 -0.0205372 -0.0228047 -0.0251328 -0.0275379 -0.030059 -0.0327018 -0.0354892 -0.038403 -0.0414101 -0.0444887 -0.0476049 -0.0507296 -0.0538065 -0.0567869 -0.0596294 -0.0622773 -0.0646897 -0.0668354 -0.0686956 -0.0702519 -0.0714792 -0.0723852 -0.0729693 
