0 0 0 0 0 0 0 0 0 0 0 0 0 0 0 0 0 0 0 0 0 0 0 0 0 0 0 0 0 0 0 0 0 0 0 0 0 0 0 0 0 0 0 0 0 0 0 0 0 0 0 0 0 0 0 0 0 0 0 0 0 0 0 0 0 0 0 0 0 0 0 0 0 0 0 0 0 0 0 0 0 0 0 0 0 0 0 0 0 0 0 0 0 0 0 0 0 0 0 0 0 0 0 0 0 0 0 0 0 0 0 0 0 0 0 0 0 0 0 0 0 0 0 0 0 0 0 0 0 0 0 0 0 0 0 0 0 0 0 0 0 0 0 0 0 0 0 0 0 0 0 0 0 0 0 0 0 0 0 0 0 0 0 0 0 0 0 0 0 0 0 0 0 0 0 0 0 0 0 0 0 0 0 0 0 0 0 0 0 0 0 0 0 0 0 0 0 0 0 0 
0 1.19444e-05 1.06718e-05 1.35837e-05 1.6394e-05 2.34725e-05 2.14686e-05 2.07753e-05 2.73098e-05 2.43867e-05 2.22476e-05 2.26801e-05 3.37965e-05 4.84978e-05 6.25522e-05 9.13766e-05 0.000129148 0.000181504 0.000251221 0.000335001 0.000441541 0.00056768 0.000721366 0.000899715 0.00110386 0.00135649 0.00164902 0.00198437 0.00237195 0.00281387 0.00330665 0.00382099 0.00435609 0.00489674 0.0054157 0.00590563 0.0063375 0.00669793 0.00697115 0.00714371 0.00719189 0.00708982 0.00683669 0.00643052 0.00587293 0.00517711 0.00437475 0.00347813 0.00252532 0.0015406 0.000536506 -0.000456889 -0.00140346 -0.00227169 -0.00303077 -0.00366331 -0.00416649 -0.0045378 -0.00479231 -0.00491587 -0.00493593 -0.00485017 -0.00465927 -0.00438435 -0.00402884 -0.0035948 -0.00312167 -0.00260875 -0.00207306 -0.0015461 -0.00102907 -0.000557729 -0.000165223 0.00012149 0.000278078 0.000283716 0.000160992 -8.11838e-05 -0.000411491 -0.000804951 -0.00121572 -0.00162837 -0.00200451 -0.002328 -0.00256751 -0.00269953 -0.00272052 -0.00266617 -0.00252103 -0.00231701 -0.00209429 -0.00186285 -0.00162813 -0.00141426 -0.00120186 -0.00100681 -0.000836684 -0.000694336 -0.000589155 -0.000525175 -0.000488325 -0.000494572 -0.000528649 -0.000589034 -0.000676373 -0.000781965 -0.000908537 -0.00107522 -0.00125732 -0.00146272 -0.00167349 -0.00185039 -0.00197836 -0.00205893 -0.00204747 -0.00194353 -0.00174513 -0.00145984 -0.00108159 -0.000625054 -0.000101201 0.000447866 0.00100027 0.00151444 0.00197013 0.00233193 0.00260613 0.00279561 0.00291739 0.00299722 0.00306427 0.0031246 0.00321484 0.00333678 0.00349514 0.00371242 0.00396446 0.00423728 0.00451438 0.00475198 0.0049287 0.00504504 0.00507114 0.00501524 0.00485623 0.00457754 0.00416294 0.00361374 0.00293341 0.00213677 0.00124486 0.000287432 -0.000710724 -0.00172009 -0.0027041 -0.00365099 -0.00452778 -0.00529849 -0.00593547 -0.00642547 -0.00675086 -0.00692827 -0.00696504 -0.00686665 -0.00665427 -0.00634434 -0.00596593 -0.00551743 -0.00502078 -0.00450263 -0.00397211 -0.00346118 -0.00298011 -0.00253634 -0.0021405 -0.00179364 -0.00150064 -0.00124181 -0.00101865 -0.000843221 -0.000696341 -0.000573101 -0.000468193 -0.000386279 -0.000326372 -0.000271917 -0.000236015 -0.000208888 -0.000188066 -0.000174419 -0.000158823 -0.000154605 -0.000147667 -0.000147598 -0.000148219 -0.000143301 -0.000147052 -0.00014546 -0.000150898 -0.000151061 
0 1.06718e-05 1.2125e-05 1.97454e-06 1.97607e-05 2.29397e-05 2.46894e-05 2.79785e-05 3.91554e-05 5.36581e-05 4.86576e-05 6.76897e-05 9.15025e-05 0.000124425 0.000159668 0.000211689 0.000291899 0.000389093 0.000523575 0.00068536 0.000892518 0.00114189 0.00145492 0.00181304 0.00223908 0.00275404 0.00334919 0.00403709 0.00480089 0.0056929 0.00665112 0.00766512 0.00871375 0.00975912 0.0107863 0.0117307 0.0125818 0.0132807 0.0138049 0.0141299 0.0142065 0.0139823 0.0134792 0.012668 0.0115722 0.0102157 0.00862529 0.00687701 0.00498804 0.00305525 0.00108966 -0.000850348 -0.00268881 -0.00437094 -0.00586445 -0.0071103 -0.00812478 -0.00889706 -0.00941457 -0.0096953 -0.00974118 -0.0095805 -0.00921549 -0.00868846 -0.00799426 -0.00717129 -0.0062353 -0.00523189 -0.00417535 -0.00312138 -0.00209729 -0.00116862 -0.000382684 0.000181318 0.000495644 0.00053688 0.000294947 -0.000179978 -0.000835044 -0.00162255 -0.00246006 -0.00328899 -0.0040547 -0.00465676 -0.00509969 -0.00536636 -0.00542543 -0.00529329 -0.00502998 -0.00465338 -0.00421752 -0.00373028 -0.00324841 -0.00278744 -0.00236136 -0.00198305 -0.0016715 -0.00139155 -0.00118936 -0.00105123 -0.000979663 -0.000977187 -0.00103873 -0.00113669 -0.00131364 -0.00153983 -0.00182648 -0.00216363 -0.002538 -0.0029212 -0.00330782 -0.00364873 -0.00393328 -0.00407752 -0.00406335 -0.00389157 -0.00351666 -0.00291067 -0.00214162 -0.00120948 -0.000165674 0.000925916 0.0020225 0.00305098 0.00394263 0.0046836 0.00524579 0.00562721 0.00588034 0.00604114 0.0061656 0.00629495 0.00647837 0.00671358 0.00703855 0.00744125 0.00791681 0.00842645 0.00894404 0.00939056 0.00974532 0.00995511 0.010012 0.00987759 0.00953094 0.00895401 0.00810553 0.00700838 0.00567592 0.00411574 0.00237683 0.000516253 -0.0014517 -0.00341285 -0.0053515 -0.00719739 -0.00890694 -0.0104184 -0.0116675 -0.0126401 -0.0133041 -0.013672 -0.013768 -0.0135979 -0.0131797 -0.012592 -0.0118362 -0.0109675 -0.00999634 -0.00898007 -0.00795783 -0.00694923 -0.00601551 -0.0051363 -0.00435129 -0.0036607 -0.00306962 -0.002546 -0.00209378 -0.00172609 -0.00142117 -0.00116237 -0.000938693 -0.000778028 -0.0006436 -0.000544643 -0.000465785 -0.000412996 -0.000380511 -0.000345467 -0.000334325 -0.000314872 -0.000312502 -0.000309284 -0.000304517 -0.00030563 -0.000295979 -0.000306508 -0.000300868 -0.000300212 
0 1.35837e-05 1.97454e-06 4.60644e-06 1.41467e-05 3.20179e-05 2.83724e-05 3.21054e-05 6.04539e-05 7.45889e-05 9.0191e-05 0.000112696 0.000157737 0.000210301 0.000264049 0.000356432 0.000476617 0.000633915 0.00083802 0.00108501 0.00140038 0.00178275 0.00225375 0.00280948 0.00345576 0.00424576 0.00515551 0.00618479 0.00734853 0.00865078 0.0100741 0.0115475 0.0130658 0.0145902 0.0160541 0.0174269 0.0186335 0.0196255 0.0203546 0.0207805 0.0208414 0.0204802 0.0197038 0.018514 0.0169155 0.014936 0.0126466 0.0100866 0.00735884 0.00454873 0.00170647 -0.00108259 -0.00372815 -0.00616361 -0.0083263 -0.0101762 -0.0116971 -0.012863 -0.0136835 -0.0141173 -0.0142288 -0.0140309 -0.0135405 -0.012816 -0.011861 -0.010673 -0.00933596 -0.00785749 -0.00629394 -0.00474328 -0.00323367 -0.00186293 -0.000717864 0.000130478 0.000617121 0.000681053 0.000356558 -0.000337933 -0.00132315 -0.00251382 -0.00376476 -0.0049992 -0.00610029 -0.00701102 -0.00766693 -0.00802626 -0.00809168 -0.00794779 -0.00755941 -0.0069904 -0.00633233 -0.00561426 -0.00487083 -0.00418196 -0.00352773 -0.0029556 -0.00248299 -0.00210017 -0.00181328 -0.00161811 -0.00148361 -0.0014563 -0.00152 -0.00168539 -0.00196158 -0.00231795 -0.00274441 -0.00326265 -0.00380247 -0.004377 -0.00495292 -0.00544691 -0.00582828 -0.00608426 -0.00609121 -0.00581956 -0.00524047 -0.00436218 -0.00319032 -0.00178229 -0.000196443 0.00144478 0.00307647 0.0045986 0.00595715 0.00706753 0.00792912 0.00853712 0.00892994 0.00917851 0.0093714 0.00955058 0.00981621 0.0101745 0.0106296 0.0112181 0.0118769 0.0125738 0.0132762 0.0138835 0.0143413 0.0146287 0.0146554 0.0144167 0.0138579 0.0129477 0.0116668 0.0100376 0.00807891 0.00582055 0.00330558 0.00060051 -0.00223088 -0.00509492 -0.00788734 -0.0105614 -0.0130324 -0.0152134 -0.0170395 -0.018476 -0.0194754 -0.0200633 -0.0202475 -0.0200331 -0.0194715 -0.0186188 -0.0175549 -0.0162955 -0.0149026 -0.0134485 -0.0119604 -0.010513 -0.00913329 -0.00783975 -0.00666536 -0.00562254 -0.0047268 -0.00393081 -0.00323849 -0.00267637 -0.00220094 -0.0017994 -0.00146188 -0.00120081 -0.00100619 -0.000837567 -0.000719986 -0.000633622 -0.000572588 -0.000535944 -0.000501522 -0.000491928 -0.000476134 -0.000473886 -0.00047236 -0.000458318 -0.000462437 -0.000455683 -0.000459665 -0.00044823 
0 1.6394e-05 1.97607e-05 1.41467e-05 4.53073e-05 5.61608e-05 5.57109e-05 5.96708e-05 8.28675e-05 0.000112804 0.000121077 0.000161397 0.000216587 0.000290368 0.000378853 0.000508 0.000690332 0.000912857 0.00120191 0.00155208 0.00199264 0.00252478 0.00318005 0.00393836 0.0048346 0.00590361 0.00712856 0.00851435 0.0100351 0.0117486 0.0135676 0.0154614 0.0173985 0.019321 0.0211886 0.0228997 0.0244093 0.0256179 0.0264738 0.026931 0.0269183 0.0263707 0.0253304 0.0237737 0.0217302 0.0192295 0.0163132 0.0130897 0.00961768 0.00605672 0.00245656 -0.00107911 -0.00443278 -0.007524 -0.0103054 -0.012694 -0.0146921 -0.016264 -0.0173739 -0.0180302 -0.0182498 -0.0180818 -0.0175434 -0.0166965 -0.0155283 -0.0140782 -0.012376 -0.0104927 -0.00847969 -0.00645056 -0.00447822 -0.00268668 -0.00117299 -6.82662e-05 0.000564238 0.000672501 0.000240216 -0.000661092 -0.00193502 -0.00347675 -0.00512325 -0.00674552 -0.00822124 -0.00939086 -0.0102375 -0.0107302 -0.0108336 -0.0105859 -0.0100701 -0.00932969 -0.00845708 -0.00748505 -0.00650938 -0.00557702 -0.00471928 -0.00396692 -0.00334661 -0.00281123 -0.00241604 -0.00214085 -0.00198493 -0.00195999 -0.00206253 -0.00226257 -0.00261604 -0.0030808 -0.00366111 -0.00433636 -0.00507229 -0.005824 -0.00657137 -0.00723367 -0.00777721 -0.00807352 -0.00806154 -0.00771521 -0.00695855 -0.00575352 -0.0041968 -0.00232051 -0.000227851 0.00195572 0.00413965 0.00619515 0.00800686 0.00952795 0.0107061 0.0115308 0.0120781 0.0124218 0.0126734 0.0129231 0.0132663 0.0137115 0.0143008 0.0150105 0.0158129 0.0166453 0.0174643 0.0181532 0.018668 0.0189251 0.0188821 0.0184726 0.0176568 0.0164108 0.0146984 0.01257 0.0100548 0.00716692 0.00396798 0.000536807 -0.003084 -0.00671283 -0.0102826 -0.0136746 -0.0168071 -0.0195838 -0.0219149 -0.0237743 -0.0251089 -0.0259267 -0.0262446 -0.0260594 -0.0254023 -0.0243911 -0.0230576 -0.0214917 -0.0197342 -0.0178816 -0.0159981 -0.0141254 -0.0123475 -0.0106489 -0.00909512 -0.00770502 -0.00649391 -0.00541931 -0.00448613 -0.00371453 -0.00306896 -0.00252201 -0.00205898 -0.0017108 -0.00142579 -0.00120236 -0.00102311 -0.000894044 -0.000806508 -0.000731631 -0.000693429 -0.000652792 -0.0006355 -0.00062274 -0.00061209 -0.000609434 -0.000598031 -0.000610837 -0.000604883 -0.000601097 
0 2.34725e-05 2.29397e-05 3.20179e-05 5.61608e-05 7.91001e-05 7.73529e-05 8.41195e-05 0.000118864 0.000147565 0.000174696 0.000221198 0.00030143 0.000404981 0.000531081 0.000716607 0.000959848 0.00126431 0.00164756 0.00211401 0.00269413 0.00339457 0.00423808 0.00522498 0.00637234 0.00773369 0.00928268 0.0110052 0.0128998 0.0149687 0.0171685 0.0194222 0.0217086 0.0239724 0.0261304 0.0281077 0.0298064 0.0311403 0.0320419 0.0324589 0.0323212 0.031579 0.0302565 0.0283668 0.0259219 0.0229545 0.0195391 0.0157489 0.0117074 0.00754548 0.00334191 -0.000791161 -0.00473341 -0.00839613 -0.0117002 -0.0145835 -0.0170148 -0.0189545 -0.0203882 -0.0212814 -0.0216881 -0.0216325 -0.0211316 -0.0202395 -0.0189541 -0.0172826 -0.0153098 -0.0130789 -0.0106761 -0.00823654 -0.00584552 -0.00365193 -0.00180323 -0.000433435 0.000350967 0.000472358 -4.42424e-05 -0.00114107 -0.00269935 -0.00457676 -0.00657377 -0.00854893 -0.0103358 -0.0118075 -0.0128698 -0.0134565 -0.0135599 -0.0132663 -0.0125942 -0.0116413 -0.0105401 -0.00935375 -0.00815015 -0.00701429 -0.00594546 -0.00499242 -0.00418512 -0.00351983 -0.00301904 -0.00268157 -0.00248448 -0.00245953 -0.0025866 -0.00286258 -0.00329869 -0.0038633 -0.00455396 -0.00538425 -0.00628666 -0.00724501 -0.00819914 -0.0090292 -0.00966611 -0.0100406 -0.0100151 -0.00953892 -0.00856703 -0.00709771 -0.00516449 -0.00283732 -0.000217244 0.00252843 0.00527291 0.00785873 0.0101653 0.0120819 0.0135767 0.014648 0.015361 0.0158224 0.0161588 0.016462 0.0168547 0.0173635 0.0180064 0.0188034 0.0196835 0.0205864 0.0214481 0.0221397 0.0225883 0.0227461 0.0225236 0.0218931 0.0207974 0.0192 0.0170871 0.0144973 0.0114679 0.00803477 0.00425505 0.000208915 -0.00401905 -0.00828521 -0.0124551 -0.0164373 -0.0201211 -0.0233956 -0.0261789 -0.0284223 -0.0300726 -0.0311392 -0.0316213 -0.0315111 -0.0308569 -0.0297424 -0.0282584 -0.0264592 -0.0244297 -0.0222723 -0.0200448 -0.0178328 -0.015684 -0.0136244 -0.0117078 -0.00997106 -0.00843987 -0.00707323 -0.00588136 -0.00488902 -0.00405304 -0.0033461 -0.00275386 -0.00228573 -0.00191538 -0.00160478 -0.00136586 -0.00118517 -0.00105246 -0.000957972 -0.000884044 -0.000837932 -0.000801052 -0.000783753 -0.000773258 -0.000758415 -0.000759311 -0.000758227 -0.000761807 -0.000752848 
0 2.14686e-05 2.46894e-05 2.83724e-05 5.57109e-05 7.73529e-05 8.55307e-05 0.000104513 0.000148282 0.000196813 0.000242066 0.000318448 0.000432234 0.000578209 0.000758605 0.00100168 0.00131743 0.00170672 0.002191 0.00278341 0.00351363 0.00439548 0.00545238 0.006683 0.00811384 0.00977813 0.0116526 0.0137146 0.0159435 0.0183465 0.0208569 0.0234115 0.0259708 0.0284703 0.0308306 0.0329479 0.0347324 0.0360866 0.0369456 0.0372578 0.036957 0.0359976 0.0344106 0.0322073 0.0294139 0.0260726 0.0222533 0.0180583 0.0135956 0.00900495 0.00436555 -0.000213396 -0.00460531 -0.00870818 -0.0124427 -0.0157322 -0.0185484 -0.0208547 -0.0226173 -0.023818 -0.024474 -0.0246051 -0.0242203 -0.0233588 -0.0220197 -0.0202336 -0.0180645 -0.0155852 -0.0128836 -0.0100941 -0.00733735 -0.00478575 -0.00261597 -0.00100765 -8.68403e-05 6.80812e-05 -0.000537753 -0.00181676 -0.00362974 -0.00581062 -0.00814867 -0.01046 -0.0125587 -0.0142686 -0.0154988 -0.0161839 -0.0163012 -0.0159135 -0.0151041 -0.0139751 -0.0126559 -0.0112285 -0.00979109 -0.00841775 -0.00714219 -0.00600695 -0.00504112 -0.00423531 -0.00362625 -0.00321195 -0.00298519 -0.00295654 -0.00311152 -0.00343231 -0.00394159 -0.00461426 -0.00544739 -0.00642965 -0.0075116 -0.00864367 -0.00976133 -0.0107496 -0.0115162 -0.0119326 -0.0118853 -0.0113126 -0.0101492 -0.00837477 -0.00605493 -0.00326317 -0.000128155 0.00317652 0.00648931 0.0096221 0.0124114 0.0147486 0.0165762 0.0178965 0.0187945 0.0193852 0.0198054 0.0201703 0.0205909 0.0211068 0.0217555 0.0225388 0.0234096 0.0242934 0.0251054 0.0257102 0.0260251 0.0259809 0.0255198 0.0245996 0.0231805 0.0212299 0.0187305 0.0157259 0.0122594 0.00837205 0.00413444 -0.000368093 -0.00505137 -0.00975802 -0.0143742 -0.0187894 -0.0228965 -0.0265799 -0.0297424 -0.0323274 -0.0342807 -0.0355984 -0.0362787 -0.0363099 -0.0357271 -0.0346241 -0.0330722 -0.0311523 -0.0289463 -0.0265641 -0.0240869 -0.0215902 -0.0191417 -0.0167644 -0.0145221 -0.012462 -0.0106102 -0.00894454 -0.00747878 -0.0062362 -0.00518538 -0.00429315 -0.00354445 -0.00294587 -0.00246115 -0.00206592 -0.00175271 -0.00151567 -0.00134028 -0.00120681 -0.00111079 -0.00103833 -0.000991262 -0.000963476 -0.000943455 -0.000926478 -0.000915913 -0.000916799 -0.000913532 -0.000906 
0 2.07753e-05 2.79785e-05 3.21054e-05 5.96708e-05 8.41195e-05 0.000104513 0.000137126 0.000191478 0.000258918 0.000330427 0.00044089 0.000595604 0.000792016 0.00103659 0.00135116 0.00175487 0.00225066 0.0028594 0.00360184 0.00450534 0.00559241 0.00688163 0.00837652 0.0101001 0.0120658 0.0142515 0.0166245 0.0191574 0.0218436 0.0246117 0.0273982 0.0301453 0.0327813 0.0352227 0.0373587 0.039104 0.0403695 0.041098 0.0412409 0.0407381 0.0395533 0.0377105 0.0352314 0.0321531 0.0285307 0.0244376 0.0199846 0.0152725 0.0104244 0.00552091 0.000662444 -0.00402723 -0.0084401 -0.0124932 -0.016112 -0.0192623 -0.021909 -0.024005 -0.0255323 -0.0264813 -0.0268608 -0.0266735 -0.0259371 -0.0246517 -0.02285 -0.0205833 -0.0179382 -0.0150148 -0.0119516 -0.00890528 -0.00606519 -0.00363669 -0.00182423 -0.000779838 -0.000589846 -0.00126363 -0.00270573 -0.00476554 -0.00724281 -0.00990477 -0.0125229 -0.0148911 -0.0168129 -0.0181808 -0.0189286 -0.0190457 -0.0185844 -0.0176485 -0.0163445 -0.0148046 -0.0131365 -0.011454 -0.00983583 -0.0083437 -0.00702171 -0.00590135 -0.00497992 -0.00427912 -0.00379131 -0.00351645 -0.0034589 -0.00362072 -0.00399127 -0.0045836 -0.00537582 -0.00635496 -0.00749029 -0.00873886 -0.0100339 -0.0112989 -0.012421 -0.013291 -0.0137592 -0.0137049 -0.0130327 -0.01167 -0.00959454 -0.00687614 -0.00360439 6.17052e-05 0.00393035 0.00780212 0.0114732 0.0147542 0.0175248 0.0197088 0.0213084 0.0224072 0.0231299 0.0236199 0.0240161 0.0244251 0.0249051 0.0254977 0.0261973 0.0269671 0.0277286 0.0283819 0.0287976 0.0288832 0.0285623 0.027795 0.0265389 0.0247698 0.0224614 0.0196053 0.0162414 0.012418 0.00818395 0.00361654 -0.00119772 -0.00616609 -0.0111455 -0.0160344 -0.0207268 -0.0251231 -0.0291071 -0.0325738 -0.0354494 -0.0376802 -0.0392485 -0.040149 -0.0403709 -0.0399416 -0.038944 -0.0374401 -0.0355131 -0.0332441 -0.0307398 -0.0280963 -0.0253903 -0.022696 -0.02005 -0.0175177 -0.0151572 -0.0129962 -0.0110334 -0.00928831 -0.00778166 -0.00649696 -0.00540021 -0.00447759 -0.00372741 -0.00311381 -0.0026166 -0.00221616 -0.00190757 -0.00167351 -0.00149224 -0.00136128 -0.00125992 -0.00119479 -0.00115272 -0.00112202 -0.00109901 -0.00108021 -0.00107725 -0.00106889 -0.00106064 
0 2.73098e-05 3.91554e-05 6.04539e-05 8.28675e-05 0.000118864 0.000148282 0.000191478 0.000259195 0.000337979 0.000446552 0.00058879 0.000791105 0.00104516 0.00136292 0.00176884 0.00227822 0.00290883 0.00367239 0.00459671 0.00570527 0.00702874 0.00856951 0.0103488 0.012362 0.0146173 0.0170876 0.0197248 0.0225244 0.0254228 0.0283881 0.0313216 0.0341592 0.0368311 0.0392274 0.0412742 0.0428647 0.0439445 0.0444609 0.0443684 0.0436184 0.0421989 0.0401094 0.0374095 0.0341315 0.0303375 0.0261199 0.0215478 0.0167514 0.0117996 0.00678976 0.0018124 -0.00302301 -0.00761675 -0.011871 -0.015743 -0.0191713 -0.0221146 -0.0245339 -0.026376 -0.0276415 -0.0283158 -0.0284007 -0.0278844 -0.0267713 -0.0250518 -0.0227976 -0.0200714 -0.0170047 -0.0137505 -0.0104949 -0.00744138 -0.00483417 -0.00287084 -0.0017369 -0.00153986 -0.00227296 -0.00386288 -0.00614888 -0.0088958 -0.0118459 -0.0147434 -0.0173374 -0.0194595 -0.0209508 -0.0217367 -0.0218307 -0.0213064 -0.0202254 -0.0187315 -0.0169662 -0.0150684 -0.0131365 -0.0112889 -0.00958237 -0.00807217 -0.00678277 -0.00574678 -0.00494276 -0.00438336 -0.00405915 -0.00398154 -0.00414541 -0.00457405 -0.0052409 -0.00614236 -0.00724934 -0.00853904 -0.00993905 -0.0113985 -0.0128139 -0.0140651 -0.0150057 -0.0155267 -0.0154553 -0.0146618 -0.0130828 -0.0107182 -0.00759307 -0.00384779 0.000350981 0.00478305 0.00921268 0.0134224 0.0172207 0.0204364 0.0229966 0.0248961 0.026192 0.0270304 0.0275622 0.0279415 0.0282906 0.0286912 0.0291593 0.0297131 0.0302877 0.0308193 0.0311992 0.0313214 0.0310789 0.0304252 0.0292951 0.0276776 0.0255474 0.0228843 0.0197123 0.0160569 0.0119717 0.00751653 0.00275635 -0.00223242 -0.00732717 -0.0124443 -0.0174484 -0.0222758 -0.0268241 -0.0309834 -0.0346616 -0.0377606 -0.040232 -0.0420483 -0.0431899 -0.0436496 -0.0434593 -0.0426528 -0.0413191 -0.039494 -0.0372766 -0.0347567 -0.0320253 -0.0291921 -0.0263036 -0.0234453 -0.020666 -0.018037 -0.0155916 -0.0133449 -0.011325 -0.00955097 -0.0080181 -0.00670065 -0.00558909 -0.00466196 -0.00390821 -0.00328347 -0.00278209 -0.00238237 -0.00206695 -0.00183042 -0.00164046 -0.00151018 -0.00140963 -0.00134512 -0.00130023 -0.00126042 -0.00124573 -0.00122918 -0.00122753 -0.00121861 
0 2.43867e-05 5.36581e-05 7.45889e-05 0.000112804 0.000147565 0.000196813 0.000258918 0.000337979 0.000453784 0.000597137 0.000795914 0.00105218 0.00137798 0.00179044 0.00229859 0.00293622 0.00371787 0.00465743 0.00578782 0.00712602 0.00870067 0.0105173 0.0125724 0.0148804 0.0174021 0.0201238 0.0230041 0.0259979 0.0290713 0.0321345 0.0351295 0.0379558 0.0405336 0.0427914 0.0446265 0.045979 0.046791 0.0470257 0.0466448 0.0456214 0.043949 0.0416575 0.0387858 0.0353968 0.0315544 0.0273089 0.0227688 0.0180013 0.0130896 0.00812187 0.00317291 -0.00166503 -0.00629526 -0.0106581 -0.0146823 -0.0183214 -0.0215255 -0.0242137 -0.0263774 -0.0279609 -0.0289602 -0.0293709 -0.0291474 -0.028266 -0.0267438 -0.0245777 -0.02188 -0.0187777 -0.0154222 -0.0120429 -0.00886533 -0.00613241 -0.00409129 -0.00293063 -0.0027463 -0.00357795 -0.00532114 -0.00779886 -0.0107667 -0.0139727 -0.0171097 -0.0199331 -0.0222073 -0.0237973 -0.0246373 -0.0247137 -0.0240456 -0.0228102 -0.021134 -0.0191421 -0.0169977 -0.0148484 -0.0127629 -0.010854 -0.00916054 -0.00770726 -0.0065099 -0.00558976 -0.00494523 -0.00459411 -0.00451244 -0.00471223 -0.00517295 -0.00589724 -0.00688827 -0.00812134 -0.00953225 -0.0111024 -0.0127152 -0.0142634 -0.0156449 -0.0166973 -0.017209 -0.0170745 -0.0161581 -0.0143703 -0.0116798 -0.00816616 -0.00395153 0.000756006 0.00574756 0.0107552 0.0155316 0.0198353 0.0235175 0.026454 0.028631 0.0301215 0.0310537 0.0315911 0.031922 0.0321539 0.0323868 0.0326703 0.0329642 0.0332548 0.033457 0.033463 0.033197 0.0325717 0.031508 0.030005 0.0280051 0.0255121 0.0225292 0.019074 0.0151988 0.0109549 0.00639387 0.00157827 -0.0034277 -0.00853039 -0.0136211 -0.0186281 -0.0234483 -0.028014 -0.0322367 -0.0360147 -0.0392678 -0.0419428 -0.0439918 -0.0453924 -0.0461362 -0.0462267 -0.0457121 -0.0446173 -0.0430141 -0.0409558 -0.0385194 -0.0358219 -0.0329311 -0.0299471 -0.0269362 -0.0239712 -0.0211225 -0.0184187 -0.0159103 -0.013621 -0.0115701 -0.00977496 -0.00821492 -0.00688319 -0.00576497 -0.00483155 -0.00407215 -0.00344208 -0.00293654 -0.0025365 -0.00221511 -0.00197813 -0.00178829 -0.00165983 -0.00156181 -0.00148979 -0.00144848 -0.00141062 -0.00140144 -0.00138395 -0.0013798 
0 2.22476e-05 4.86576e-05 9.0191e-05 0.000121077 0.000174696 0.000242066 0.000330427 0.000446552 0.000597137 0.000809658 0.001068 0.00140092 0.00181795 0.00233941 0.0029773 0.00375711 0.00471 0.00584842 0.00720328 0.00878794 0.0106325 0.0127124 0.0150521 0.0176193 0.0203885 0.0233338 0.0263948 0.0295595 0.0327062 0.0358078 0.0387542 0.0414554 0.043848 0.0458365 0.0473854 0.0484069 0.0488847 0.0487881 0.0480868 0.0467737 0.0448871 0.04242 0.039458 0.0360372 0.0322134 0.0280608 0.0236207 0.0190143 0.0142625 0.0094688 0.00468978 -1.39624e-05 -0.00458047 -0.00892425 -0.0130241 -0.0167939 -0.0201745 -0.023115 -0.0255553 -0.0274658 -0.0288077 -0.0295638 -0.0296571 -0.0290776 -0.0277803 -0.0258141 -0.0232386 -0.0202059 -0.0168741 -0.0134815 -0.0102583 -0.00750187 -0.00543705 -0.0042952 -0.00419727 -0.0051365 -0.00703815 -0.00972297 -0.0129109 -0.0163286 -0.0196735 -0.0226592 -0.025102 -0.0267847 -0.0276168 -0.0276248 -0.0268778 -0.0254597 -0.0235587 -0.0213356 -0.0189798 -0.0165906 -0.0142959 -0.0121699 -0.0102669 -0.00861834 -0.00729948 -0.006266 -0.00554871 -0.00514542 -0.00504758 -0.00524673 -0.00577693 -0.00657206 -0.00764703 -0.00896907 -0.010511 -0.0122021 -0.0139738 -0.0156778 -0.0171718 -0.0182492 -0.0187889 -0.0185989 -0.0175113 -0.0154717 -0.0124958 -0.00858725 -0.00391659 0.0013263 0.00689148 0.012468 0.0177938 0.0226261 0.0267371 0.0300273 0.0324827 0.0341392 0.0351555 0.0356832 0.0359044 0.0359482 0.0359392 0.0358998 0.0358574 0.0357556 0.0355446 0.0351111 0.0344018 0.0333203 0.0318408 0.0299192 0.0275533 0.0247305 0.0214556 0.0177891 0.0137584 0.00943267 0.00487417 0.000121676 -0.00478375 -0.00972765 -0.0146922 -0.0195497 -0.0242572 -0.0287339 -0.0329041 -0.0367048 -0.0400372 -0.0428671 -0.0451341 -0.0467914 -0.0478288 -0.0482556 -0.0480538 -0.0472967 -0.0459839 -0.0441918 -0.0419666 -0.0393922 -0.0365789 -0.0335699 -0.0304996 -0.0274117 -0.0243882 -0.0214729 -0.0187224 -0.0161782 -0.0138536 -0.0117814 -0.00995976 -0.00838873 -0.007039 -0.00591577 -0.00497828 -0.00421048 -0.00358304 -0.00307684 -0.00268401 -0.002364 -0.0021322 -0.00194883 -0.00181579 -0.00172056 -0.00164973 -0.00161263 -0.00157311 -0.00155705 -0.0015424 
0 2.26801e-05 6.76897e-05 0.000112696 0.000161397 0.000221198 0.000318448 0.00044089 0.00058879 0.000795914 0.001068 0.00140676 0.00182326 0.00234846 0.00300499 0.00379315 0.00474573 0.00589869 0.00726261 0.00886913 0.0107222 0.0128365 0.0151957 0.0177884 0.0206074 0.0235835 0.0266988 0.0298999 0.0331232 0.0362804 0.039288 0.0420852 0.0445624 0.0466562 0.0483172 0.0494924 0.0501365 0.0502328 0.0497675 0.0487282 0.0471428 0.0450508 0.0424829 0.039482 0.0361064 0.0324044 0.0284087 0.0241991 0.0198367 0.015355 0.0108366 0.00631738 0.00183312 -0.00255352 -0.00680002 -0.0108524 -0.0146572 -0.0181569 -0.0212752 -0.0239863 -0.0262026 -0.0278738 -0.0289691 -0.0293913 -0.0291102 -0.0281237 -0.0264122 -0.0240695 -0.0212227 -0.0180168 -0.0147077 -0.0115563 -0.00884921 -0.00686386 -0.00582603 -0.00584449 -0.00694799 -0.00903801 -0.0119127 -0.0153025 -0.018941 -0.0224807 -0.0256341 -0.0281603 -0.0298769 -0.0307113 -0.030659 -0.0297475 -0.0281723 -0.0260955 -0.0236466 -0.0210289 -0.0183984 -0.0158429 -0.0134971 -0.0114118 -0.00960968 -0.00813193 -0.0069845 -0.00617737 -0.00572782 -0.00560683 -0.00582396 -0.0063663 -0.00721341 -0.00838313 -0.00983313 -0.0114886 -0.0133227 -0.0152025 -0.0169884 -0.0185685 -0.0197273 -0.0202349 -0.0199576 -0.0187305 -0.0164645 -0.0131426 -0.00882531 -0.00367566 0.00207508 0.00818831 0.0143342 0.0202076 0.0255224 0.0300654 0.0336918 0.0363774 0.0381807 0.0392335 0.0397017 0.0397748 0.0395673 0.0392144 0.038786 0.0382767 0.0377045 0.037008 0.0360857 0.0349004 0.0333674 0.0314336 0.0291182 0.026389 0.0232659 0.0197787 0.0159638 0.0118736 0.00756209 0.00308864 -0.00150927 -0.00620126 -0.0109158 -0.0156193 -0.0202568 -0.0247466 -0.0290401 -0.0330833 -0.0368068 -0.0401542 -0.0430852 -0.0455337 -0.0474446 -0.0487981 -0.0495699 -0.0497499 -0.0493511 -0.0484088 -0.0469529 -0.0450141 -0.0426849 -0.0400168 -0.0371009 -0.0340378 -0.0309018 -0.0277687 -0.0246845 -0.021741 -0.0189675 -0.0163866 -0.0140449 -0.0119568 -0.0101284 -0.0085416 -0.00719158 -0.00606782 -0.00512883 -0.00435908 -0.00373671 -0.00323167 -0.00283617 -0.00252026 -0.00228432 -0.00209881 -0.00196179 -0.00187565 -0.00180486 -0.0017618 -0.00172595 -0.00171433 
0 3.37965e-05 9.15025e-05 0.000157737 0.000216587 0.00030143 0.000432234 0.000595604 0.000791105 0.00105218 0.00140092 0.00182326 0.00233982 0.0029898 0.00379812 0.00476508 0.0059211 0.00730504 0.00892932 0.010809 0.0129413 0.0153321 0.0179452 0.0207794 0.0237964 0.0269342 0.030159 0.0334063 0.0366182 0.0396647 0.0424973 0.0450436 0.0472105 0.0489471 0.0502041 0.050965 0.0511842 0.050869 0.0500247 0.0486586 0.0468209 0.0445795 0.041942 0.0389646 0.0356893 0.0321602 0.0284186 0.0245056 0.0204876 0.0163587 0.0121869 0.00799512 0.00380267 -0.000348947 -0.00440189 -0.00833377 -0.012086 -0.0156055 -0.0188392 -0.0217321 -0.0241968 -0.0261598 -0.0275713 -0.0283235 -0.0283885 -0.0277272 -0.0263383 -0.0242787 -0.0216799 -0.0186966 -0.0155878 -0.0126177 -0.0100971 -0.00828546 -0.00742481 -0.00763828 -0.00893571 -0.0112386 -0.0143499 -0.0179725 -0.0218113 -0.0255187 -0.0287883 -0.031401 -0.0331404 -0.0339268 -0.0337865 -0.0327744 -0.031022 -0.0287178 -0.0260274 -0.0231663 -0.0202739 -0.0174811 -0.0149045 -0.0126059 -0.0106234 -0.00902244 -0.00776722 -0.00687519 -0.0063543 -0.00618806 -0.00638503 -0.00696843 -0.00788256 -0.00913419 -0.0106771 -0.01245 -0.0143862 -0.0163773 -0.0182613 -0.0198906 -0.0210381 -0.0215272 -0.021168 -0.0197655 -0.0172412 -0.0136002 -0.00887436 -0.0032524 0.0030294 0.00968868 0.016363 0.0227383 0.0285217 0.0334528 0.0373889 0.0402924 0.0421922 0.0432319 0.0435713 0.0434017 0.0428634 0.042108 0.0412037 0.0401931 0.0390833 0.0378464 0.0363946 0.0347025 0.0326908 0.0303309 0.0276278 0.0245889 0.0212346 0.0176018 0.0137402 0.00967209 0.00545136 0.00113376 -0.00325094 -0.00767516 -0.0120698 -0.0164531 -0.0207646 -0.0249632 -0.0290023 -0.0328397 -0.0364326 -0.0397253 -0.0426971 -0.0452793 -0.0474087 -0.0490608 -0.050198 -0.0507661 -0.050784 -0.0502487 -0.0491926 -0.047627 -0.0456113 -0.0432028 -0.0404542 -0.0374933 -0.0343817 -0.0311997 -0.0280147 -0.024922 -0.021966 -0.0191624 -0.0165704 -0.0142233 -0.0121338 -0.0102886 -0.00869841 -0.00734925 -0.00621645 -0.00527645 -0.00450614 -0.00388047 -0.00337465 -0.00297946 -0.00266963 -0.00242777 -0.00224838 -0.00212432 -0.00203268 -0.00195923 -0.00191438 -0.00189487 
0 4.84978e-05 0.000124425 0.000210301 0.000290368 0.000404981 0.000578209 0.000792016 0.00104516 0.00137798 0.00181795 0.00234846 0.0029898 0.00378894 0.00477381 0.00594544 0.00732947 0.00896581 0.0108606 0.0130148 0.015418 0.0180631 0.0209121 0.0239494 0.0271279 0.0303742 0.0336415 0.0368611 0.0399581 0.0428055 0.0453596 0.0475682 0.0493518 0.0506664 0.0514794 0.0517898 0.0515712 0.050848 0.0496445 0.0479878 0.045946 0.0435903 0.0409322 0.0380163 0.0348902 0.0315952 0.0281618 0.0246121 0.020982 0.0172487 0.0134611 0.00963745 0.00578653 0.00194074 -0.00185646 -0.00558877 -0.00921375 -0.0126811 -0.0159434 -0.0189393 -0.0215746 -0.0237642 -0.0254464 -0.0265082 -0.0269045 -0.0265857 -0.0255352 -0.0238016 -0.0215122 -0.0188302 -0.0160127 -0.0133356 -0.0111019 -0.00957464 -0.00899023 -0.00947627 -0.011044 -0.0136138 -0.0169748 -0.0208306 -0.0248741 -0.0287487 -0.0321332 -0.0348037 -0.036554 -0.037306 -0.0370702 -0.0359067 -0.0339649 -0.0314411 -0.0285044 -0.0253781 -0.022223 -0.0191815 -0.0163772 -0.0138778 -0.0117155 -0.00994779 -0.00855768 -0.00756781 -0.00698534 -0.00679287 -0.00698784 -0.00758103 -0.0085308 -0.00984546 -0.0114745 -0.0133482 -0.0153863 -0.0174629 -0.0194104 -0.0210752 -0.0222189 -0.0226413 -0.0221498 -0.0205594 -0.017778 -0.0138004 -0.00866918 -0.00258918 0.00418595 0.0113536 0.018536 0.0253854 0.0315904 0.0368725 0.0410731 0.0441342 0.0460759 0.0470292 0.0471648 0.046679 0.0457385 0.0445107 0.0430847 0.0415163 0.0398301 0.0380131 0.0360056 0.0337991 0.0313319 0.0285815 0.0255557 0.0222686 0.0187479 0.0150445 0.0112029 0.00723869 0.00318786 -0.000905675 -0.00501925 -0.00912336 -0.0131639 -0.0171696 -0.021107 -0.0249519 -0.0286772 -0.0322593 -0.0356651 -0.0388567 -0.0418139 -0.0444744 -0.0467772 -0.0486957 -0.0501772 -0.0511438 -0.051587 -0.0514904 -0.0508697 -0.049727 -0.0481025 -0.0460317 -0.0435583 -0.0407947 -0.0378027 -0.0346557 -0.0314357 -0.0282509 -0.0251505 -0.0221581 -0.0193381 -0.0167422 -0.014391 -0.012282 -0.0104347 -0.00884316 -0.00749133 -0.00635798 -0.00541933 -0.00464735 -0.0040183 -0.00352109 -0.00312522 -0.00281029 -0.00257219 -0.00240329 -0.00227622 -0.00217563 -0.00211497 -0.00208953 
0 6.25522e-05 0.000159668 0.000264049 0.000378853 0.000531081 0.000758605 0.00103659 0.00136292 0.00179044 0.00233941 0.00300499 0.00379812 0.00477381 0.0059624 0.00736379 0.00899738 0.0108996 0.0130658 0.0154854 0.0181405 0.0210069 0.0240593 0.027247 0.030532 0.0338173 0.0370472 0.0401599 0.0430456 0.0456206 0.0478175 0.0496249 0.0509712 0.0518125 0.0521505 0.0519839 0.0513294 0.0502214 0.0487021 0.046812 0.0446305 0.0422088 0.0395835 0.0367695 0.0338312 0.0308076 0.0276997 0.0245354 0.0212983 0.0179801 0.0146063 0.0111926 0.0077309 0.00424726 0.000748195 -0.00273087 -0.00616803 -0.00951414 -0.0127135 -0.0157247 -0.0184441 -0.0207874 -0.0226779 -0.0240032 -0.0246827 -0.024685 -0.0239589 -0.0225719 -0.02064 -0.0183328 -0.0158955 -0.0136159 -0.0117653 -0.0106254 -0.0104158 -0.0112564 -0.0131718 -0.0160683 -0.0197204 -0.0238376 -0.0281011 -0.0321439 -0.0356588 -0.0383898 -0.0401495 -0.040858 -0.0405182 -0.0391821 -0.0370434 -0.0342871 -0.0310999 -0.0277079 -0.0243051 -0.021008 -0.0179606 -0.0152355 -0.0128798 -0.0109283 -0.0094063 -0.00831153 -0.0076555 -0.00741931 -0.00761287 -0.00820911 -0.00919434 -0.0105561 -0.0122462 -0.01418 -0.0162993 -0.0184431 -0.0204394 -0.0221151 -0.0232398 -0.0235624 -0.0229111 -0.0211063 -0.0180499 -0.0137268 -0.00821504 -0.00169936 0.00553693 0.0131744 0.020822 0.0280957 0.0346566 0.0402301 0.0446284 0.0477792 0.0497092 0.050518 0.0503901 0.0495253 0.0481161 0.0463486 0.0443578 0.0421929 0.0399197 0.037518 0.0349639 0.0322605 0.0293786 0.0262904 0.0230238 0.0195692 0.0159612 0.0122576 0.00848533 0.00467683 0.000846879 -0.00297199 -0.00676459 -0.0105019 -0.0141635 -0.0177553 -0.021297 -0.0247543 -0.0281336 -0.0314322 -0.0346169 -0.0376772 -0.0405753 -0.043257 -0.0456701 -0.0477923 -0.0495607 -0.0509029 -0.0517578 -0.0521184 -0.0519612 -0.0512834 -0.0501149 -0.0484482 -0.0463459 -0.0438699 -0.0410929 -0.0380694 -0.0348872 -0.0316721 -0.0284731 -0.0253344 -0.0223209 -0.0194988 -0.0168964 -0.0145268 -0.0124108 -0.0105644 -0.00897017 -0.0076194 -0.00648949 -0.00554481 -0.00478034 -0.00416059 -0.00366952 -0.00326829 -0.00295802 -0.0027378 -0.00255961 -0.00243037 -0.00233961 -0.00230072 
0 9.13766e-05 0.000211689 0.000356432 0.000508 0.000716607 0.00100168 0.00135116 0.00176884 0.00229859 0.0029773 0.00379315 0.00476508 0.00594544 0.00736379 0.00901778 0.0109229 0.0130945 0.0155356 0.0182085 0.0210918 0.0241605 0.0273599 0.0306609 0.033968 0.0372141 0.0403184 0.0432089 0.0458109 0.0480096 0.0497993 0.051144 0.0520072 0.0523598 0.0522024 0.0515787 0.05052 0.0490762 0.0473014 0.0452439 0.0429667 0.0405469 0.0379836 0.0353284 0.0326171 0.0298758 0.0271205 0.0243208 0.0214802 0.0185788 0.0156292 0.0126425 0.00960097 0.00648466 0.00333082 0.000133397 -0.00306037 -0.00620478 -0.00928098 -0.0122182 -0.0149427 -0.0173635 -0.0193759 -0.0208746 -0.0217899 -0.0220438 -0.0216418 -0.0206082 -0.0190606 -0.0171764 -0.0151891 -0.0133641 -0.012 -0.0113385 -0.0115959 -0.0128963 -0.0152282 -0.0184979 -0.0225002 -0.0269264 -0.0314329 -0.0356813 -0.0393361 -0.0421538 -0.043928 -0.0445671 -0.0440996 -0.0426349 -0.0402889 -0.0372865 -0.0338597 -0.0302187 -0.0265281 -0.022977 -0.019672 -0.0166982 -0.0141245 -0.0120111 -0.0103372 -0.00912734 -0.00838235 -0.00809208 -0.00824067 -0.00884883 -0.0098644 -0.011256 -0.0129807 -0.0149795 -0.0171226 -0.0192998 -0.021331 -0.0229893 -0.0240296 -0.0242646 -0.0234506 -0.0214063 -0.0180511 -0.0133951 -0.00750732 -0.000599714 0.00706195 0.0151134 0.0231458 0.0307717 0.0376339 0.0434128 0.0479306 0.0511044 0.0529353 0.0535489 0.0531097 0.0518208 0.0499084 0.0475765 0.0449666 0.0422082 0.0393342 0.036374 0.0333215 0.0301769 0.0269344 0.0235964 0.0201476 0.0166158 0.0130064 0.00935985 0.0057295 0.00211124 -0.00145859 -0.00496476 -0.00840422 -0.0117569 -0.0150123 -0.0182128 -0.0213445 -0.0244259 -0.0274525 -0.0304348 -0.0333842 -0.0362697 -0.0390762 -0.0417371 -0.0442086 -0.0464726 -0.0484783 -0.0501323 -0.0513869 -0.052181 -0.0524951 -0.0523097 -0.0516076 -0.0504104 -0.0487184 -0.0466167 -0.0441361 -0.0413223 -0.0382755 -0.0350947 -0.031869 -0.0286369 -0.0254792 -0.0224693 -0.0196427 -0.0170244 -0.0146484 -0.012533 -0.0106877 -0.00909934 -0.00774852 -0.0066172 -0.00567742 -0.00492535 -0.00430669 -0.00380423 -0.00341211 -0.00311409 -0.00289359 -0.00271142 -0.00259926 -0.00253557 
0 0.000129148 0.000291899 0.000476617 0.000690332 0.000959848 0.00131743 0.00175487 0.00227822 0.00293622 0.00375711 0.00474573 0.0059211 0.00732947 0.00899738 0.0109229 0.0130996 0.0155482 0.0182425 0.0211521 0.0242405 0.0274557 0.030774 0.034096 0.0373653 0.040473 0.0433488 0.0459466 0.0481504 0.0499379 0.0512473 0.0520988 0.052461 0.0523087 0.0516928 0.0506469 0.0492457 0.0475362 0.0455668 0.0433908 0.0410863 0.0386854 0.0362499 0.0337724 0.031307 0.0288699 0.0264355 0.024012 0.021548 0.0190587 0.0165304 0.0139627 0.0113144 0.00859052 0.00576938 0.002904 6.20766e-06 -0.00289445 -0.00576265 -0.00856309 -0.0112091 -0.0136019 -0.0156356 -0.0172279 -0.0182738 -0.0187608 -0.0186313 -0.0179428 -0.0167858 -0.0153359 -0.0138123 -0.0125168 -0.0116847 -0.0115951 -0.0124166 -0.0142419 -0.0170806 -0.0208135 -0.0252028 -0.0299776 -0.0347925 -0.0392761 -0.0431076 -0.0460008 -0.0477994 -0.0484215 -0.0478649 -0.0462164 -0.0436992 -0.0404957 -0.0368168 -0.0328801 -0.0289239 -0.0250772 -0.0215022 -0.018298 -0.0155242 -0.0131851 -0.0113548 -0.0100127 -0.0091629 -0.00879907 -0.0089276 -0.00948448 -0.0104919 -0.0119083 -0.0136741 -0.0156869 -0.0178728 -0.0200438 -0.0220301 -0.0236301 -0.0246206 -0.024701 -0.0236852 -0.0214174 -0.0177966 -0.0128048 -0.00657288 0.000706825 0.00871483 0.017096 0.0254575 0.0333572 0.0404133 0.0463321 0.0508883 0.0539863 0.0556658 0.0560035 0.0552096 0.0534826 0.0510577 0.0481471 0.0449527 0.0415753 0.0381391 0.0346521 0.0311536 0.0276425 0.0241283 0.0205941 0.0170588 0.0135076 0.00996451 0.0064656 0.00301483 -0.00035094 -0.003638 -0.00682343 -0.00990414 -0.0128652 -0.0157445 -0.0185376 -0.0213043 -0.0240142 -0.0266924 -0.0293656 -0.0320329 -0.0347253 -0.0373928 -0.0399936 -0.0424849 -0.0448419 -0.0470127 -0.0489389 -0.0505177 -0.0517266 -0.0524906 -0.0527842 -0.052586 -0.0518516 -0.0506399 -0.04895 -0.0468442 -0.0443368 -0.0415041 -0.0384637 -0.035276 -0.0320256 -0.0287791 -0.0256243 -0.0226101 -0.0197698 -0.0171411 -0.014763 -0.0126493 -0.0108056 -0.00921655 -0.00786158 -0.00673931 -0.00581328 -0.00505973 -0.0044371 -0.00394379 -0.00357134 -0.00327476 -0.00305332 -0.00289364 -0.00280511 
0 0.000181504 0.000389093 0.000633915 0.000912857 0.00126431 0.00170672 0.00225066 0.00290883 0.00371787 0.00471 0.00589869 0.00730504 0.00896581 0.0108996 0.0130945 0.0155482 0.0182426 0.0211719 0.0242775 0.0275164 0.0308385 0.0341764 0.0374657 0.0405855 0.0434733 0.046047 0.0482568 0.0500406 0.0513463 0.0521727 0.0525085 0.0523646 0.0517431 0.050699 0.0492946 0.0476144 0.0456944 0.0435883 0.0413585 0.0390593 0.0367591 0.0344622 0.0322012 0.0299839 0.0278161 0.0257027 0.0236094 0.0215092 0.0194094 0.0172738 0.0150946 0.0128412 0.0104773 0.00803184 0.00550354 0.00293008 0.000326951 -0.00229927 -0.00488135 -0.00735193 -0.00962569 -0.0115807 -0.0131617 -0.0142936 -0.0149107 -0.0150121 -0.0146123 -0.0138054 -0.0127791 -0.0117594 -0.0110039 -0.01078 -0.0113074 -0.0127436 -0.0151768 -0.0185859 -0.0228358 -0.0277209 -0.0329233 -0.0380631 -0.0428085 -0.0468342 -0.0498632 -0.0517299 -0.0523408 -0.0517264 -0.0500105 -0.0473116 -0.0438539 -0.0399246 -0.0357296 -0.0314729 -0.0273651 -0.0235216 -0.020039 -0.0170167 -0.0144959 -0.0124828 -0.0109878 -0.0100146 -0.00955313 -0.00958814 -0.0101225 -0.0111217 -0.0125147 -0.0142645 -0.0162975 -0.0184584 -0.0206153 -0.0225838 -0.0240873 -0.0249036 -0.0248318 -0.0236277 -0.0211245 -0.0172384 -0.0119726 -0.00545314 0.00211911 0.0104426 0.0191029 0.0276765 0.0357452 0.0429101 0.0488554 0.0533674 0.0563442 0.0577958 0.0578381 0.0566502 0.0544577 0.0515222 0.04807 0.0442988 0.0403852 0.0364131 0.0324586 0.0285797 0.0247682 0.0210531 0.0174251 0.0138545 0.0103623 0.00694942 0.00362664 0.000427696 -0.00267176 -0.00565194 -0.00851444 -0.011251 -0.0138465 -0.016345 -0.018777 -0.0211706 -0.0235496 -0.0259099 -0.0282717 -0.0306797 -0.0331317 -0.0356294 -0.0381197 -0.0405759 -0.0429671 -0.0452485 -0.047359 -0.0492199 -0.0507733 -0.0519586 -0.0527299 -0.0530129 -0.0527951 -0.0520634 -0.0508502 -0.0491705 -0.0470368 -0.0445233 -0.0416924 -0.0386446 -0.03544 -0.0321693 -0.0289199 -0.0257544 -0.0227255 -0.0198713 -0.0172391 -0.014862 -0.012752 -0.0109026 -0.00931495 -0.00797032 -0.00686075 -0.00593736 -0.00518049 -0.00457678 -0.00409876 -0.00373417 -0.00344245 -0.00324578 -0.00312036 
0 0.000251221 0.000523575 0.00083802 0.00120191 0.00164756 0.002191 0.0028594 0.00367239 0.00465743 0.00584842 0.00726261 0.00892932 0.0108606 0.0130658 0.0155356 0.0182425 0.0211719 0.0242889 0.0275464 0.0308814 0.0342209 0.0375148 0.0406551 0.0435541 0.0461339 0.0483335 0.0501217 0.051423 0.0522427 0.0525538 0.0523781 0.0517499 0.0506928 0.0492875 0.0475902 0.0456923 0.0436301 0.0414478 0.0392166 0.0369992 0.0348212 0.0327142 0.0306678 0.0286942 0.0267971 0.024969 0.0231937 0.0214159 0.0196525 0.0178613 0.0160326 0.0141341 0.0121538 0.0100722 0.00791102 0.00568252 0.00338816 0.001052 -0.00126692 -0.00350697 -0.00557914 -0.00737756 -0.00886826 -0.00996123 -0.010634 -0.010861 -0.0106856 -0.0101994 -0.00958651 -0.00905676 -0.00887645 -0.00925761 -0.0104344 -0.0125301 -0.0156106 -0.0196579 -0.0245075 -0.0299114 -0.0355752 -0.0411181 -0.0461857 -0.0504596 -0.0536569 -0.055643 -0.0563221 -0.0556894 -0.0538614 -0.0510335 -0.0474079 -0.0432434 -0.0387649 -0.0342322 -0.0298236 -0.0256963 -0.0219656 -0.018708 -0.0159322 -0.0137154 -0.0120477 -0.0109273 -0.0103538 -0.0103158 -0.0107541 -0.0116849 -0.0130473 -0.0147797 -0.0167782 -0.0189185 -0.0210114 -0.022873 -0.0242619 -0.0249638 -0.0247025 -0.0232739 -0.02055 -0.0164426 -0.010936 -0.00417964 0.0036267 0.0121439 0.0209644 0.0296768 0.0378154 0.0449732 0.0508598 0.0552452 0.0580261 0.0592363 0.0589506 0.0573759 0.0547363 0.0513055 0.0473313 0.043054 0.038639 0.0342265 0.0298843 0.0257035 0.0216839 0.0178557 0.014198 0.0106778 0.00728608 0.00403506 0.000933352 -0.00201058 -0.00479724 -0.0074542 -0.00998537 -0.0123859 -0.0146442 -0.0168155 -0.0189038 -0.0209781 -0.0230455 -0.0251153 -0.0272081 -0.0293505 -0.0315748 -0.0338652 -0.0362073 -0.0385837 -0.0409559 -0.0432845 -0.0455249 -0.0475808 -0.0494202 -0.0509646 -0.0521622 -0.0529283 -0.0532041 -0.0529962 -0.0522735 -0.0510651 -0.0493683 -0.0472269 -0.0447028 -0.041862 -0.0387927 -0.0355674 -0.0322846 -0.0290276 -0.025853 -0.0228142 -0.0199592 -0.017333 -0.0149594 -0.012843 -0.0109986 -0.00941619 -0.0080827 -0.00696782 -0.0060489 -0.0053084 -0.00471614 -0.00425515 -0.00390128 -0.00365377 -0.00349747 
