0 0 0 0 0 0 0 0 0 0 0 0 0 0 0 0 0 0 0 0 0 0 0 0 0 0 0 0 0 0 0 0 0 0 0 0 0 0 0 0 0 0 0 0 0 0 0 0 0 0 0 0 0 0 0 0 0 0 0 0 0 0 0 0 0 0 0 0 0 0 0 0 0 0 0 0 0 0 0 0 0 0 0 0 0 0 0 0 0 0 0 0 0 0 0 0 0 0 0 0 0 0 0 0 0 0 0 0 0 0 0 0 0 0 0 0 0 0 0 0 0 0 0 0 0 0 0 0 0 0 0 0 0 0 0 0 0 0 0 0 0 0 0 0 0 0 0 0 0 0 0 0 0 0 0 0 0 0 0 0 0 0 0 0 0 0 0 0 0 0 0 0 0 0 0 0 0 0 0 0 0 0 0 0 0 0 0 0 0 0 0 0 0 0 0 0 0 0 0 0 
0 -4.67617e-06 -7.47181e-07 5.32911e-06 4.18645e-06 6.23787e-06 1.08787e-05 1.83157e-05 1.84735e-05 2.04553e-05 3.30831e-05 3.87474e-05 4.07779e-05 3.83269e-05 4.65062e-05 5.36728e-05 4.876e-05 5.2332e-05 5.63064e-05 6.49821e-05 6.67546e-05 7.06211e-05 8.78424e-05 9.96053e-05 0.000121966 0.000147743 0.000181515 0.000231162 0.000289573 0.000369131 0.000455237 0.000567407 0.000716546 0.000888493 0.00109228 0.00133102 0.00161683 0.00194694 0.0023243 0.00275063 0.00322032 0.00372491 0.0042627 0.00480797 0.00533461 0.00584125 0.00630634 0.00671649 0.00705369 0.00730366 0.00743965 0.00745721 0.00734036 0.00708673 0.00668674 0.00615389 0.00551958 0.00479477 0.00403023 0.0032476 0.00245626 0.00167971 0.00093352 0.000203223 -0.000478963 -0.00113282 -0.0017607 -0.00236498 -0.00295696 -0.00353908 -0.00409836 -0.00462743 -0.00510189 -0.00549931 -0.00580133 -0.0059845 -0.00604926 -0.00598626 -0.00581487 -0.00554098 -0.00518685 -0.00476921 -0.00431868 -0.00384379 -0.00337869 -0.00292616 -0.00252389 -0.00216932 -0.00185182 -0.00156687 -0.00133445 -0.00112191 -0.000939362 -0.000782583 -0.000656697 -0.00055537 -0.00048101 -0.000407945 -0.000350171 -0.000290795 -0.000232064 -0.00017505 -0.000129099 -8.19078e-05 -5.56455e-05 -3.64605e-05 -2.99547e-05 -2.64408e-05 -2.71385e-05 -3.15778e-05 -6.49883e-05 -0.000101992 -0.000156792 -0.000232769 -0.000326995 -0.000410538 -0.000483263 -0.000523426 -0.000533417 -0.00047864 -0.0003514 -0.000126728 0.000210375 0.000674211 0.00125212 0.00194091 0.00269388 0.00348036 0.00425442 0.00496564 0.00557402 0.00603277 0.00630226 0.00635566 0.00616951 0.00574679 0.00511486 0.00428829 0.00333433 0.00228062 0.00116848 4.24556e-05 -0.00107063 -0.00215556 -0.00316735 -0.00410467 -0.00494263 -0.00565518 -0.00622875 -0.00664924 -0.00691338 -0.0070248 -0.00700734 -0.00686806 -0.0066229 -0.00628082 -0.00587019 -0.00540078 -0.00489678 -0.00438281 -0.00386613 -0.0033627 -0.00289997 -0.00248187 -0.0021058 -0.00177665 -0.00148416 -0.00123732 -0.00102285 -0.00084839 -0.00070288 -0.000569927 -0.000472379 -0.000395275 -0.000336303 -0.000288651 -0.000251566 -0.000234367 -0.000213546 -0.00019799 -0.000186433 -0.000175036 -0.000173707 -0.000171341 -0.00017209 -0.000167324 -0.000164107 -0.000171146 -0.000172873 -0.000174086 -0.000177613 -0.000185484 -0.000188531 -0.00018145 -0.000181687 -0.000187543 -0.000187416 -0.000180453 -0.00017419 -0.000175045 
0 -7.47181e-07 8.64038e-06 2.35836e-05 2.01839e-05 2.47872e-05 3.33132e-05 4.60714e-05 4.44903e-05 4.56822e-05 6.34866e-05 7.31495e-05 7.28038e-05 6.76742e-05 8.67073e-05 9.52034e-05 9.61384e-05 9.63235e-05 0.000111667 0.000130547 0.000129882 0.000152023 0.000171222 0.000209461 0.00024512 0.000297196 0.000375183 0.000465082 0.000606027 0.00076315 0.00095453 0.00119052 0.00149118 0.00184443 0.00225027 0.00272481 0.00329576 0.00394919 0.0046935 0.00554722 0.00645998 0.00746992 0.00851835 0.00959001 0.0106311 0.0116118 0.0125293 0.0133214 0.0139687 0.0144415 0.0146884 0.0146893 0.0144553 0.0139311 0.0131536 0.0121195 0.0108827 0.00948756 0.00799877 0.00646833 0.0049254 0.0034061 0.00193889 0.000535841 -0.000803541 -0.00206476 -0.00329234 -0.00449153 -0.00568202 -0.00685251 -0.00801099 -0.00908475 -0.0100577 -0.0108814 -0.0114988 -0.0118872 -0.0120536 -0.0119496 -0.011624 -0.0111018 -0.0103922 -0.00956898 -0.0086726 -0.00772456 -0.0068086 -0.00594405 -0.00511497 -0.0043755 -0.00373234 -0.00317162 -0.00268203 -0.00226133 -0.00190393 -0.00161438 -0.00135843 -0.00114676 -0.000970811 -0.00082503 -0.000693935 -0.000579215 -0.000463485 -0.000364637 -0.000269483 -0.000194159 -0.000134645 -8.58738e-05 -4.3019e-05 -3.19704e-05 -3.44162e-05 -6.33356e-05 -0.000112302 -0.000193233 -0.0003216 -0.0004731 -0.000609419 -0.000770781 -0.000919733 -0.00100096 -0.00101698 -0.000917734 -0.000648626 -0.00020597 0.000463646 0.00138624 0.00251595 0.0038591 0.00535052 0.00689911 0.00842507 0.00984325 0.0110251 0.0119157 0.0124238 0.0124984 0.0121063 0.0112796 0.0100217 0.00842053 0.00655044 0.00448091 0.00229407 7.4293e-05 -0.00213316 -0.00425794 -0.00625169 -0.00808804 -0.00971488 -0.0111237 -0.0122434 -0.0130852 -0.0136238 -0.0138646 -0.0138495 -0.0136075 -0.0131309 -0.0124886 -0.0116903 -0.0107765 -0.00980429 -0.00878317 -0.00777431 -0.00677024 -0.0058461 -0.00500795 -0.00425179 -0.00358386 -0.00300508 -0.00250012 -0.00207712 -0.00172856 -0.00142711 -0.00117547 -0.000959913 -0.000814423 -0.000683082 -0.00058042 -0.000509089 -0.000459698 -0.000431003 -0.000396268 -0.000382565 -0.000365492 -0.000362308 -0.00036173 -0.000360639 -0.000351183 -0.000344768 -0.000354188 -0.000351474 -0.000349461 -0.000344265 -0.000359492 -0.000357742 -0.000345373 -0.000347384 -0.000353289 -0.000362455 -0.000344929 -0.000347175 -0.00035389 
0 5.32911e-06 2.35836e-05 4.40965e-05 4.28941e-05 4.7967e-05 5.98559e-05 7.59145e-05 7.10705e-05 6.70457e-05 8.88961e-05 9.65688e-05 9.84373e-05 9.50233e-05 0.000120852 0.000144982 0.00013987 0.000153918 0.000171491 0.000199528 0.000209948 0.000227626 0.000277812 0.000320355 0.000389584 0.000473686 0.00058725 0.000749165 0.000949373 0.00121065 0.00150155 0.001866 0.00233037 0.00286408 0.00348787 0.0042169 0.00508165 0.006074 0.00719656 0.00844939 0.0098124 0.0112662 0.0127998 0.0143496 0.0158472 0.0172791 0.0185885 0.019725 0.0206345 0.0212715 0.0215705 0.0215264 0.0211168 0.0203439 0.0191962 0.0177056 0.0159429 0.0139338 0.0117968 0.00959491 0.00736567 0.00518357 0.00309831 0.00108121 -0.000809551 -0.00263652 -0.00443173 -0.00621399 -0.00800817 -0.00980557 -0.0115568 -0.0132187 -0.0147204 -0.0159982 -0.0169963 -0.0176521 -0.0179526 -0.0178631 -0.017425 -0.0166602 -0.0156343 -0.014415 -0.0130936 -0.0117069 -0.0103425 -0.00901038 -0.00779205 -0.0066917 -0.00569564 -0.00480807 -0.00408223 -0.0034481 -0.00291782 -0.00246894 -0.00209369 -0.00176951 -0.00150158 -0.00124361 -0.00103612 -0.000851873 -0.000693605 -0.000554013 -0.000436829 -0.000305758 -0.000204718 -0.000110472 -4.86051e-05 -1.34754e-05 -1.18233e-05 -4.26699e-05 -0.00015081 -0.000269632 -0.000422698 -0.000617114 -0.00084848 -0.00106307 -0.00125752 -0.00137325 -0.00139996 -0.00124089 -0.000858221 -0.000190266 0.00080144 0.00214578 0.00380704 0.00577274 0.00792918 0.0101865 0.0124143 0.0144612 0.0161911 0.0174641 0.0181669 0.0182334 0.0176222 0.0163623 0.0145314 0.0121811 0.00947022 0.0064696 0.00328633 4.62224e-05 -0.00316316 -0.00627408 -0.00916443 -0.011821 -0.0141875 -0.0162109 -0.0178609 -0.0191055 -0.0199297 -0.0203348 -0.0203705 -0.020053 -0.0194171 -0.0184965 -0.0173644 -0.0160574 -0.0146433 -0.0131847 -0.011706 -0.0102494 -0.00888906 -0.00764273 -0.00651073 -0.00550883 -0.0046197 -0.00386177 -0.00320818 -0.00267179 -0.00222174 -0.00181921 -0.00151214 -0.00126785 -0.0010719 -0.000909151 -0.000780866 -0.000710134 -0.000645267 -0.000602675 -0.000576611 -0.000552863 -0.000551737 -0.000547652 -0.000550325 -0.000539713 -0.000533416 -0.000547177 -0.000541166 -0.00052763 -0.000518869 -0.000526766 -0.000526569 -0.00050653 -0.000505956 -0.000520682 -0.000523759 -0.000513369 -0.000514819 -0.000534277 
0 4.18645e-06 2.01839e-05 4.28941e-05 3.8973e-05 4.636e-05 6.5838e-05 9.0435e-05 9.2002e-05 9.53243e-05 0.000122621 0.000140129 0.000143302 0.000142191 0.000175132 0.000193535 0.000196588 0.000202563 0.000232745 0.000270146 0.000282577 0.000327574 0.000381877 0.000466563 0.00055969 0.00068425 0.000856783 0.00106637 0.00136176 0.00170621 0.00211913 0.00262525 0.00325668 0.00399764 0.00485353 0.00585169 0.00703103 0.00836717 0.00985991 0.0115207 0.013278 0.015168 0.0171137 0.0190778 0.0209756 0.022758 0.0243981 0.0257936 0.0268913 0.0276325 0.0279403 0.0277944 0.0272193 0.0261629 0.0246768 0.0227713 0.0205265 0.0180088 0.0153267 0.0125693 0.0097976 0.00708356 0.00447606 0.00198173 -0.000413608 -0.00272797 -0.00504556 -0.00739074 -0.00978688 -0.0122004 -0.0146072 -0.016882 -0.0189676 -0.0207723 -0.0221946 -0.0231749 -0.023697 -0.0236814 -0.0231866 -0.0222577 -0.0209384 -0.0193606 -0.0176211 -0.0157832 -0.0139808 -0.012254 -0.0106025 -0.00910211 -0.0077703 -0.00659908 -0.00558519 -0.00472064 -0.00399364 -0.00339496 -0.00287098 -0.00242423 -0.0020405 -0.00171001 -0.00142149 -0.00117489 -0.000946465 -0.000752296 -0.00057007 -0.000409097 -0.000267396 -0.000141434 -3.44589e-05 1.52209e-05 2.33462e-05 -2.39597e-05 -0.000117315 -0.000260309 -0.000470622 -0.000718105 -0.00095746 -0.00123136 -0.00148707 -0.00163636 -0.00165689 -0.00145113 -0.000926608 -5.65678e-05 0.00123514 0.00297986 0.00510877 0.00761413 0.0103825 0.0132621 0.0161003 0.0187226 0.0208996 0.0224961 0.0233485 0.0233706 0.0225248 0.0208765 0.0184721 0.0154575 0.0119685 0.0081232 0.00405957 -7.29869e-05 -0.00417278 -0.00811261 -0.011793 -0.0151685 -0.01817 -0.0207804 -0.0229105 -0.0245626 -0.0256908 -0.0262909 -0.0264121 -0.0260887 -0.0253213 -0.024212 -0.0228029 -0.0211704 -0.0194114 -0.0175587 -0.0156948 -0.0138257 -0.0120633 -0.0104292 -0.00892814 -0.00757968 -0.00639026 -0.00534885 -0.0044647 -0.00372739 -0.00309472 -0.00256063 -0.00211506 -0.00179015 -0.00150829 -0.0012797 -0.00110843 -0.000986788 -0.000905738 -0.000831976 -0.000793011 -0.000754465 -0.000737375 -0.000726906 -0.000718799 -0.00070342 -0.000697267 -0.00071402 -0.000710274 -0.000700809 -0.000691512 -0.000713146 -0.000714952 -0.00069961 -0.000701811 -0.000711042 -0.000718152 -0.000691392 -0.000695396 -0.00070919 
0 6.23787e-06 2.47872e-05 4.7967e-05 4.636e-05 5.60072e-05 8.01584e-05 0.000107393 0.000112674 0.00011776 0.000151087 0.000172024 0.00018176 0.000186748 0.000219898 0.000247866 0.000247395 0.000266439 0.000301261 0.000348318 0.000379378 0.000429009 0.000520124 0.000627089 0.00077091 0.000949026 0.00117866 0.00147536 0.00184675 0.00230557 0.00284024 0.00349961 0.00431838 0.00527566 0.0063873 0.00767967 0.00918019 0.0108691 0.012732 0.0147544 0.0168961 0.0191373 0.0214448 0.023744 0.0259467 0.0280124 0.0298722 0.0314379 0.0326326 0.0333877 0.0336303 0.0333556 0.032563 0.0312575 0.0294504 0.0271871 0.0245567 0.0216233 0.0185271 0.0153655 0.0121985 0.00911038 0.00614658 0.00327471 0.000507547 -0.00223403 -0.0050217 -0.00789251 -0.0108686 -0.0139211 -0.0169737 -0.0199242 -0.0226575 -0.0250553 -0.0270021 -0.0283975 -0.0291919 -0.0293293 -0.0288505 -0.0278008 -0.0262699 -0.024381 -0.0222676 -0.0200212 -0.0177754 -0.0155876 -0.0135458 -0.0116856 -0.0100046 -0.00850843 -0.00723211 -0.00611933 -0.00517043 -0.00436805 -0.0036924 -0.00312101 -0.00264407 -0.00221584 -0.0018499 -0.00152082 -0.00122268 -0.000953115 -0.000712628 -0.000483018 -0.000296199 -0.000135642 -1.75745e-05 5.78082e-05 9.11477e-05 7.42656e-05 -2.81611e-05 -0.000173053 -0.00038086 -0.000652971 -0.000968611 -0.00128242 -0.00156027 -0.0017224 -0.00172778 -0.0014587 -0.00083514 0.00021922 0.00176859 0.00384461 0.00639945 0.00939072 0.0126703 0.01608 0.0194268 0.0224871 0.0250377 0.0268752 0.0278264 0.0277874 0.0267158 0.0246697 0.0217615 0.0181201 0.0139499 0.00938401 0.00457841 -0.000295089 -0.00511064 -0.0097517 -0.0140799 -0.0180567 -0.0216194 -0.0247134 -0.0272911 -0.0293129 -0.0307439 -0.0315732 -0.0318413 -0.031567 -0.0307808 -0.0295488 -0.0279619 -0.0260964 -0.0240527 -0.0219079 -0.0197069 -0.0175008 -0.0153834 -0.0133909 -0.0115387 -0.00985456 -0.00834213 -0.00701893 -0.00587523 -0.00491449 -0.00409793 -0.00339075 -0.00282632 -0.00238131 -0.00201722 -0.0017154 -0.00147611 -0.00131316 -0.00118123 -0.00108311 -0.00101412 -0.000957043 -0.000928884 -0.00090784 -0.000897384 -0.00087897 -0.000873716 -0.000891418 -0.000890009 -0.00087897 -0.000875309 -0.000894934 -0.000901026 -0.000885041 -0.000884292 -0.00089694 -0.000895984 -0.000873375 -0.000870564 -0.000885034 
0 1.08787e-05 3.33132e-05 5.98559e-05 6.5838e-05 8.01584e-05 0.000107057 0.000132698 0.00013989 0.000148391 0.000179726 0.000204578 0.000214939 0.000224256 0.000258101 0.000286329 0.000297716 0.000323078 0.000373698 0.000435138 0.000486053 0.000563776 0.000679922 0.000832843 0.0010242 0.00126478 0.00157192 0.0019554 0.00243944 0.003023 0.00371604 0.00455985 0.00558709 0.00678734 0.00816796 0.00975498 0.0115705 0.0135881 0.0157846 0.0181396 0.020601 0.0231551 0.0257464 0.0283009 0.0307245 0.0329546 0.0349267 0.0365426 0.0377257 0.0384091 0.0385302 0.0380814 0.03708 0.0355217 0.03344 0.0308859 0.0279553 0.0247444 0.0213877 0.0179877 0.0146075 0.0113096 0.0081205 0.00501499 0.00196336 -0.00110393 -0.00427928 -0.00761605 -0.0111395 -0.0148154 -0.0185647 -0.0222414 -0.0257005 -0.0287811 -0.0313235 -0.0332075 -0.0343648 -0.0347316 -0.0343465 -0.0332703 -0.0315932 -0.029461 -0.0270187 -0.0243919 -0.0217369 -0.0191454 -0.0166889 -0.014436 -0.0124081 -0.0106055 -0.00903106 -0.0076596 -0.00648171 -0.00548256 -0.00463112 -0.00391289 -0.00330786 -0.00278399 -0.00232589 -0.00191273 -0.00152827 -0.00117834 -0.00086056 -0.000576586 -0.00033638 -0.000131978 3.38429e-05 0.00014922 0.000217215 0.000226225 0.000161313 2.43013e-05 -0.000199448 -0.000492044 -0.00081735 -0.00115649 -0.00145386 -0.001623 -0.00160478 -0.00128821 -0.00057232 0.000619639 0.00237107 0.00471819 0.00761291 0.0109961 0.0147099 0.0185528 0.0223014 0.0257075 0.0285105 0.0305001 0.0314866 0.0313542 0.0300645 0.0276826 0.0243224 0.0201621 0.015411 0.0102457 0.00484699 -0.000606099 -0.0059785 -0.0111406 -0.0159751 -0.0204272 -0.0244353 -0.02795 -0.0309059 -0.0332687 -0.0349947 -0.0360728 -0.036534 -0.0363967 -0.0356784 -0.0344535 -0.0328 -0.0308102 -0.0285925 -0.0262216 -0.0237633 -0.0212686 -0.0188375 -0.0165175 -0.0143344 -0.0123216 -0.0104989 -0.00888051 -0.00747484 -0.00627671 -0.0052486 -0.00436833 -0.00364526 -0.0030734 -0.00259943 -0.00220788 -0.00189896 -0.0016712 -0.00149787 -0.00136273 -0.00126678 -0.00119226 -0.00114821 -0.00112072 -0.00110072 -0.00107702 -0.00106644 -0.00107506 -0.00107011 -0.00105609 -0.00105071 -0.00106714 -0.00106844 -0.00105305 -0.00105161 -0.00106415 -0.00106795 -0.00104874 -0.00104911 -0.00106242 
0 1.83157e-05 4.60714e-05 7.59145e-05 9.0435e-05 0.000107393 0.000132698 0.000154366 0.000164444 0.000176512 0.000204584 0.000231285 0.000243854 0.000261147 0.000297604 0.000331952 0.000359438 0.000396201 0.000462538 0.00054002 0.000619109 0.000730742 0.000882669 0.00108771 0.00133749 0.00165178 0.00204856 0.0025383 0.00315156 0.0038831 0.00475832 0.00581091 0.00706865 0.00853095 0.0101962 0.0120862 0.0142101 0.0165396 0.0190409 0.0216835 0.0244135 0.0272096 0.0300037 0.0327161 0.0352519 0.0375316 0.0394929 0.0410424 0.0421098 0.0426345 0.0425721 0.041915 0.0406903 0.0388987 0.0365877 0.0338211 0.0306992 0.0273444 0.0238788 0.0204019 0.0169717 0.0136254 0.010366 0.00716756 0.00396138 0.000673161 -0.00280792 -0.00655424 -0.0105938 -0.0148876 -0.0193407 -0.0237743 -0.028005 -0.0318295 -0.0350474 -0.0375108 -0.039119 -0.0398087 -0.039603 -0.0385757 -0.0368276 -0.034523 -0.0318205 -0.0288777 -0.0258556 -0.0228821 -0.0200335 -0.0173947 -0.0150019 -0.0128684 -0.010987 -0.00935426 -0.00794475 -0.00674144 -0.00570696 -0.00482504 -0.00406494 -0.00340846 -0.00282869 -0.00231547 -0.00184748 -0.00142553 -0.00103572 -0.000684784 -0.000367573 -9.07895e-05 0.000146129 0.000325002 0.00044526 0.000488532 0.000456993 0.000336591 0.000125368 -0.000160566 -0.000483601 -0.000829392 -0.00112922 -0.00130512 -0.00127662 -0.00093794 -0.000168814 0.00111688 0.0030126 0.00555431 0.00870397 0.0123773 0.0164107 0.0205717 0.02461 0.0282543 0.031222 0.033288 0.0342571 0.0340072 0.032508 0.0298294 0.0260953 0.0215182 0.0163125 0.0106925 0.00485727 -0.00101076 -0.00677044 -0.01229 -0.0174775 -0.0222672 -0.0266059 -0.0304437 -0.0337098 -0.0363668 -0.0383703 -0.0397112 -0.0404087 -0.0404783 -0.0399273 -0.0388198 -0.0372188 -0.0352214 -0.0329332 -0.0304324 -0.0277973 -0.0250904 -0.0224087 -0.0198126 -0.0173389 -0.0150234 -0.0129002 -0.010986 -0.00930512 -0.00785001 -0.00659111 -0.00551653 -0.00461792 -0.00389512 -0.00329297 -0.00279396 -0.00239714 -0.00208998 -0.00185877 -0.00167674 -0.00154283 -0.00144426 -0.00137945 -0.00134103 -0.00131038 -0.00128161 -0.00126666 -0.00126519 -0.00125728 -0.00124108 -0.00123346 -0.00124249 -0.00123718 -0.00122183 -0.00121829 -0.00122884 -0.00123564 -0.00122378 -0.00122758 -0.00124012 
0 1.84735e-05 4.44903e-05 7.10705e-05 9.2002e-05 0.000112674 0.00013989 0.000164444 0.000186067 0.000206662 0.000239084 0.000267149 0.000287627 0.000315954 0.000351695 0.000398901 0.000433864 0.000489637 0.00056502 0.000660065 0.000781911 0.000926691 0.00114078 0.00139851 0.00172893 0.00213325 0.00262983 0.00325748 0.00400695 0.00491773 0.00599285 0.00727543 0.00878546 0.0105214 0.0124817 0.0146776 0.0170945 0.019714 0.0224903 0.0253641 0.0283175 0.0312658 0.0341754 0.0369331 0.0394521 0.0416637 0.0434842 0.0448602 0.0457228 0.0460189 0.0457241 0.0448456 0.0433826 0.0413949 0.0389012 0.0360034 0.0328044 0.0294281 0.0259952 0.0225931 0.0192623 0.0160232 0.0128583 0.00970072 0.00648435 0.00307384 -0.000637172 -0.00474249 -0.00926554 -0.0141714 -0.0193042 -0.0245019 -0.0295166 -0.0341123 -0.0380698 -0.0411989 -0.0433462 -0.0444661 -0.0445421 -0.0436426 -0.0419103 -0.0395016 -0.0366068 -0.03342 -0.0300915 -0.0267608 -0.0235689 -0.0205716 -0.0178112 -0.0153274 -0.0131469 -0.0112376 -0.00958405 -0.0081542 -0.0069288 -0.00586211 -0.00493614 -0.00411704 -0.00340125 -0.00276454 -0.00220416 -0.00169177 -0.00122407 -0.0007797 -0.000371195 3.75726e-06 0.000321285 0.0005834 0.000771188 0.000878595 0.000878239 0.000792285 0.000627893 0.000379177 5.03734e-05 -0.000286186 -0.000589523 -0.000793576 -0.000786574 -0.000452938 0.000320097 0.0016623 0.00364458 0.00629453 0.00960324 0.0134495 0.017664 0.0220211 0.026243 0.0300252 0.0331031 0.0351933 0.0361139 0.0357379 0.0340466 0.0311036 0.0270885 0.0221909 0.0166677 0.0107433 0.00462666 -0.0014964 -0.00747327 -0.0131983 -0.0185791 -0.0235636 -0.0281208 -0.0321733 -0.0356927 -0.0385986 -0.0408644 -0.0424769 -0.0434411 -0.0437596 -0.0434615 -0.0425554 -0.0411235 -0.0392407 -0.0369905 -0.0344825 -0.0317598 -0.0289354 -0.0260767 -0.0232641 -0.0205482 -0.0179663 -0.0155554 -0.0133579 -0.0113894 -0.00965972 -0.00815668 -0.0068536 -0.00577251 -0.00486436 -0.00412229 -0.00350092 -0.00299431 -0.00260333 -0.00228734 -0.00205133 -0.00185953 -0.00172218 -0.00162546 -0.00155897 -0.00151185 -0.0014723 -0.00145286 -0.00144359 -0.00143767 -0.00142494 -0.00142394 -0.00142731 -0.00142607 -0.00141694 -0.00141348 -0.00142323 -0.00142119 -0.00141672 -0.00141076 -0.00141519 
0 2.04553e-05 4.56822e-05 6.70457e-05 9.53243e-05 0.00011776 0.000148391 0.000176512 0.000206662 0.000242994 0.000272366 0.000309773 0.000335003 0.000374001 0.000416784 0.000461662 0.000524915 0.000586665 0.000687158 0.000808469 0.000970615 0.0011847 0.00144559 0.00179534 0.00220918 0.00272351 0.00335554 0.00412191 0.00505737 0.00615566 0.00746616 0.00900329 0.0107774 0.0127996 0.0150534 0.017532 0.0202196 0.0230837 0.0260743 0.0291381 0.0322129 0.0352521 0.0381587 0.0408486 0.0432441 0.0452555 0.0468403 0.0479475 0.0485264 0.0485417 0.0479862 0.0468544 0.0451939 0.0430246 0.0404297 0.0374953 0.0343172 0.0310503 0.0277771 0.0245723 0.0214883 0.0184998 0.0155529 0.0125963 0.00946188 0.00603703 0.00217325 -0.00223451 -0.00720263 -0.0126619 -0.018475 -0.0244056 -0.0302052 -0.0356009 -0.0403267 -0.0441686 -0.0469505 -0.0485805 -0.0490293 -0.0483776 -0.0467466 -0.0443267 -0.0413153 -0.0379354 -0.0343613 -0.0307748 -0.027253 -0.0239121 -0.0208358 -0.0180534 -0.0155385 -0.0133406 -0.0114227 -0.00975756 -0.00830114 -0.00703803 -0.00592282 -0.00495788 -0.0040945 -0.00332788 -0.00262565 -0.00198704 -0.00138995 -0.000848128 -0.000330949 0.000136169 0.000563296 0.000920677 0.00119388 0.00136632 0.00147179 0.00145328 0.00132043 0.00109771 0.00081407 0.000461432 0.000120722 -0.000134551 -0.000174551 0.000107065 0.000857808 0.00218135 0.00417236 0.0068552 0.0102041 0.0141019 0.0183962 0.0228336 0.0271354 0.0310031 0.0341144 0.0362084 0.0370727 0.0365787 0.0347238 0.031598 0.0273589 0.0222745 0.0165543 0.0104627 0.00421747 -0.00201486 -0.00807852 -0.0138525 -0.0193021 -0.0243557 -0.0289948 -0.0331894 -0.0368666 -0.0399859 -0.0424949 -0.0443788 -0.0456281 -0.0462492 -0.0462428 -0.0456401 -0.0444681 -0.0428084 -0.0407324 -0.0383044 -0.0356194 -0.0327543 -0.0297969 -0.0268334 -0.0239245 -0.0211138 -0.0184561 -0.0159821 -0.0137406 -0.0117313 -0.00995404 -0.0084248 -0.00710631 -0.00601017 -0.00509176 -0.0043278 -0.00371009 -0.00319918 -0.00280802 -0.00248738 -0.00223536 -0.00204875 -0.00190351 -0.00180813 -0.00172831 -0.00167759 -0.00164751 -0.00162668 -0.00162067 -0.00161257 -0.00161326 -0.00161489 -0.00161376 -0.00161422 -0.00161278 -0.00161295 -0.00161025 -0.00160334 -0.0015978 -0.00159218 
0 3.30831e-05 6.34866e-05 8.88961e-05 0.000122621 0.000151087 0.000179726 0.000204584 0.000239084 0.000272366 0.000301428 0.000331202 0.000367422 0.000418773 0.000462393 0.000531417 0.000610058 0.000715276 0.000841782 0.00100288 0.00123222 0.00149624 0.00184786 0.00227064 0.00280235 0.00344767 0.00422339 0.00518321 0.0063059 0.00764334 0.00920576 0.0110151 0.0130692 0.0153701 0.0179003 0.0206443 0.0235528 0.0266131 0.0297639 0.032915 0.0360523 0.0390463 0.0418573 0.0443696 0.0465269 0.0482701 0.0495319 0.0503067 0.0505501 0.0502327 0.0493724 0.0479998 0.0461257 0.043857 0.0412282 0.0383564 0.035327 0.0322703 0.029265 0.0263791 0.0236376 0.0210085 0.0184139 0.0157293 0.0128045 0.00944014 0.0054998 0.000867403 -0.00446606 -0.0104458 -0.0168573 -0.0235102 -0.0300848 -0.0362754 -0.0418009 -0.0463995 -0.0498318 -0.0520378 -0.0529437 -0.0526094 -0.0511977 -0.0488732 -0.0458505 -0.0423792 -0.0386218 -0.0347735 -0.0310185 -0.0274227 -0.0240484 -0.0209567 -0.0181764 -0.0156877 -0.0134797 -0.0115344 -0.0098505 -0.00837496 -0.00708429 -0.00593644 -0.00490776 -0.00396763 -0.00311739 -0.00231898 -0.0015773 -0.000879719 -0.000236233 0.000355412 0.000875664 0.0013426 0.00173644 0.00204538 0.00222859 0.00229059 0.00224138 0.00205765 0.00173001 0.00135394 0.000975403 0.000651515 0.000529368 0.000718917 0.0013501 0.00258312 0.00448491 0.00708188 0.0103949 0.0142654 0.0185367 0.0229779 0.0272883 0.0311438 0.03427 0.0363332 0.037149 0.0365797 0.0346257 0.0313686 0.0270358 0.0218436 0.0160622 0.00993924 0.00368517 -0.00253248 -0.00855738 -0.0142973 -0.0196982 -0.0247107 -0.0293424 -0.0335392 -0.037307 -0.0405583 -0.0432765 -0.0454316 -0.0469906 -0.0479394 -0.0483029 -0.0480455 -0.0472245 -0.0458836 -0.0440574 -0.0418429 -0.0392711 -0.0364775 -0.0335056 -0.0304626 -0.0274277 -0.0244438 -0.0215697 -0.018865 -0.0163577 -0.0140727 -0.0120318 -0.0102303 -0.00868436 -0.00734234 -0.00623325 -0.00530063 -0.00452843 -0.00390416 -0.00339092 -0.00299449 -0.00266342 -0.00242282 -0.00223744 -0.00209941 -0.001999 -0.00192775 -0.0018842 -0.00184406 -0.00182462 -0.00180967 -0.00180292 -0.00178804 -0.00178403 -0.00178654 -0.00178281 -0.00178026 -0.00177174 -0.00178068 -0.0017771 -0.00177587 
0 3.87474e-05 7.31495e-05 9.65688e-05 0.000140129 0.000172024 0.000204578 0.000231285 0.000267149 0.000309773 0.000331202 0.000370779 0.000415984 0.000478798 0.000535147 0.000608983 0.000728989 0.000862457 0.0010372 0.00125104 0.00154323 0.00189985 0.0023254 0.00286718 0.00352022 0.00431772 0.0052758 0.00642878 0.0077925 0.00937885 0.0112248 0.0133224 0.0156553 0.0182263 0.0210133 0.0239732 0.0270638 0.0302522 0.0334754 0.0366515 0.0397191 0.042595 0.0451898 0.0474297 0.0492748 0.0506581 0.0515437 0.0519317 0.0517917 0.0511232 0.0499648 0.0483481 0.0463361 0.0439957 0.0414157 0.038685 0.0358769 0.0331305 0.0304974 0.0280199 0.0257301 0.0235455 0.0213502 0.0190239 0.0163391 0.0131156 0.00918706 0.0044246 -0.00119147 -0.00758469 -0.0145728 -0.0218945 -0.0292206 -0.0361979 -0.0424974 -0.047828 -0.0519498 -0.0547549 -0.0561712 -0.0562602 -0.0551527 -0.0530202 -0.0500812 -0.0465956 -0.0427587 -0.0387914 -0.0348259 -0.0309869 -0.0273822 -0.0240509 -0.0209789 -0.0182204 -0.0157577 -0.0135665 -0.0116253 -0.00991557 -0.00839487 -0.00704999 -0.00583017 -0.00471138 -0.00366459 -0.00268486 -0.00176633 -0.000916684 -0.000114312 0.000624161 0.0013101 0.00192845 0.00245202 0.00286675 0.00318301 0.00333224 0.00331129 0.00313638 0.00282291 0.00239352 0.0019226 0.00148305 0.00122328 0.00125087 0.00171169 0.00274785 0.00445985 0.00689277 0.0100545 0.013814 0.0180157 0.0224038 0.0266696 0.0304978 0.0335712 0.0356005 0.0363804 0.0357825 0.0338099 0.0305538 0.0262081 0.021043 0.0152882 0.00922209 0.00306347 -0.00304228 -0.00893625 -0.0145243 -0.0197916 -0.0246771 -0.0291937 -0.0333421 -0.0370966 -0.0404294 -0.0433079 -0.0457016 -0.0475625 -0.048865 -0.0496054 -0.0497611 -0.0493414 -0.0483883 -0.0469218 -0.0449866 -0.0426565 -0.0400146 -0.0371246 -0.0340894 -0.0309954 -0.027901 -0.0248735 -0.0219702 -0.0192374 -0.016696 -0.0143807 -0.0123245 -0.0105005 -0.00891605 -0.00757303 -0.00644306 -0.00550884 -0.00472504 -0.0041009 -0.0035907 -0.00317909 -0.00286906 -0.00261956 -0.00243645 -0.00228983 -0.00219616 -0.00212612 -0.00206231 -0.00202852 -0.0020066 -0.00199444 -0.00196997 -0.00196276 -0.00197006 -0.00196669 -0.00195721 -0.00195096 -0.00196377 -0.00196457 -0.001959 
0 4.07779e-05 7.28038e-05 9.84373e-05 0.000143302 0.00018176 0.000214939 0.000243854 0.000287627 0.000335003 0.000367422 0.000415984 0.000482511 0.000563562 0.00063471 0.000736009 0.000886618 0.00107008 0.00128919 0.00156265 0.00193425 0.00237655 0.00291447 0.00357752 0.00438958 0.00536926 0.00653199 0.00792243 0.00953645 0.0113992 0.0135266 0.0159008 0.0184952 0.0213074 0.0243125 0.0274587 0.0306787 0.0339402 0.0371695 0.0402667 0.0431841 0.0458162 0.0481042 0.0499824 0.0514315 0.0524049 0.0528653 0.0528333 0.052301 0.0512834 0.0498426 0.0480365 0.0459157 0.0435797 0.0411012 0.038572 0.0360622 0.0336898 0.0314946 0.0295043 0.0277162 0.026029 0.0242995 0.0223612 0.019989 0.0169612 0.0131043 0.00828113 0.00246195 -0.00428595 -0.0117455 -0.0196609 -0.0276596 -0.0353548 -0.0423942 -0.0484527 -0.0532526 -0.0566848 -0.0586537 -0.0592 -0.0584654 -0.0566143 -0.0538665 -0.0504846 -0.046662 -0.0426262 -0.0385606 -0.0345734 -0.0307623 -0.0272007 -0.0239163 -0.0209266 -0.0182217 -0.0157875 -0.0136133 -0.0116606 -0.00989914 -0.00830322 -0.00684378 -0.00550092 -0.00426247 -0.0030968 -0.00199179 -0.000939071 6.44249e-05 0.00100794 0.00187638 0.0026652 0.00334831 0.00390241 0.0043001 0.00451455 0.00454694 0.00437989 0.00400852 0.00349601 0.00290203 0.00229408 0.00182328 0.00160715 0.00179888 0.00256994 0.00401815 0.00620182 0.00915419 0.0127369 0.0167942 0.0210792 0.0252699 0.0290394 0.0320888 0.0341035 0.0348952 0.0343371 0.0324247 0.0292424 0.0249973 0.0199297 0.0142979 0.00837644 0.00238623 -0.00352029 -0.00919616 -0.0145673 -0.0196199 -0.0243124 -0.0286668 -0.0326848 -0.03638 -0.0397212 -0.0427037 -0.0452928 -0.0474255 -0.0490626 -0.0501926 -0.0507617 -0.0507791 -0.0502612 -0.0492046 -0.0476541 -0.0456512 -0.0432835 -0.0405854 -0.0376575 -0.0345942 -0.0314577 -0.0283272 -0.0252743 -0.022342 -0.0195681 -0.0170045 -0.0146843 -0.0126027 -0.0107513 -0.00916562 -0.00781396 -0.00667533 -0.00571964 -0.00493466 -0.00429783 -0.00377462 -0.00337253 -0.00304807 -0.00279499 -0.00260349 -0.00247461 -0.00237867 -0.00229275 -0.0022443 -0.0022205 -0.00220426 -0.00217377 -0.00216381 -0.00217197 -0.00216653 -0.00215099 -0.00214251 -0.00215775 -0.00215469 -0.0021409 
0 3.83269e-05 6.76742e-05 9.50233e-05 0.000142191 0.000186748 0.000224256 0.000261147 0.000315954 0.000374001 0.000418773 0.000478798 0.000563562 0.000663088 0.000757258 0.000888338 0.00107858 0.0013147 0.00159105 0.00193997 0.00240507 0.00296068 0.00363204 0.00444897 0.00544705 0.00663834 0.00803675 0.00968351 0.0115688 0.0137145 0.0161205 0.0187576 0.0215902 0.0246089 0.0277862 0.0310544 0.0343326 0.0375774 0.0407118 0.0436343 0.0462975 0.0486042 0.0505082 0.0519639 0.052965 0.053482 0.0534886 0.0530258 0.052113 0.0507886 0.0491267 0.0471943 0.0450377 0.042759 0.0404336 0.0381521 0.0359876 0.034038 0.0323319 0.0308707 0.0296223 0.028461 0.0272195 0.0256994 0.0236661 0.0208724 0.0171321 0.0122997 0.0063378 -0.000681676 -0.00853126 -0.016938 -0.025509 -0.0338342 -0.0415403 -0.0482757 -0.0537449 -0.0578055 -0.06035 -0.0613993 -0.0610886 -0.0595776 -0.057093 -0.0538972 -0.0501977 -0.0462085 -0.0421204 -0.0380536 -0.0341234 -0.0304069 -0.0269462 -0.0237605 -0.0208534 -0.018202 -0.0157924 -0.013588 -0.0115726 -0.00972165 -0.00801665 -0.00643044 -0.00495177 -0.00354981 -0.00221709 -0.000937188 0.000289162 0.00145865 0.00254499 0.0035301 0.00437506 0.00506109 0.00555292 0.00582571 0.00586911 0.00567111 0.00522231 0.00457704 0.00378246 0.00292406 0.00215936 0.00162864 0.00149301 0.00193702 0.00306571 0.00495035 0.00762484 0.0109716 0.0148388 0.0189907 0.0231032 0.0268433 0.0299039 0.0319648 0.0328328 0.0323855 0.0306125 0.0275946 0.0235329 0.0186513 0.0132158 0.00750055 0.00173569 -0.00391826 -0.00932011 -0.0144144 -0.0191969 -0.0236508 -0.0278026 -0.0316654 -0.0352621 -0.0385723 -0.0416046 -0.044327 -0.0466772 -0.0486104 -0.0501052 -0.0510924 -0.0515659 -0.0515172 -0.0509256 -0.0498193 -0.0482272 -0.0462163 -0.0438047 -0.0410781 -0.0381292 -0.0350291 -0.0318641 -0.0287175 -0.0256336 -0.0226636 -0.0198742 -0.0173052 -0.014963 -0.0128439 -0.0109978 -0.00940398 -0.00804132 -0.00688827 -0.00592726 -0.00514074 -0.0044923 -0.00398033 -0.00356222 -0.00322494 -0.00296995 -0.00279339 -0.00265819 -0.00254244 -0.00247285 -0.0024403 -0.0024172 -0.00238123 -0.00236909 -0.00237767 -0.00237188 -0.00235279 -0.00234338 -0.00235739 -0.00234867 -0.00232509 
0 4.65062e-05 8.67073e-05 0.000120852 0.000175132 0.000219898 0.000258101 0.000297604 0.000351695 0.000416784 0.000462393 0.000535147 0.00063471 0.000757258 0.000892289 0.00106081 0.00131658 0.00161402 0.0019734 0.00242069 0.00299239 0.00369398 0.00450987 0.00551573 0.00671936 0.00814695 0.00980957 0.0117181 0.0138898 0.0163087 0.0189806 0.0218576 0.0248972 0.028081 0.0313782 0.0346923 0.0379494 0.0410794 0.0440103 0.0466682 0.0489723 0.0508873 0.0523411 0.0533313 0.0538589 0.0539015 0.0534646 0.0525984 0.051346 0.0497707 0.0479491 0.0459333 0.0438038 0.0416215 0.039505 0.037524 0.0357512 0.0342616 0.033068 0.0321377 0.0314307 0.0307962 0.0300406 0.028961 0.0272725 0.0247339 0.0211338 0.0163297 0.0102781 0.00308344 -0.00506388 -0.0138409 -0.0228726 -0.0317337 -0.0400241 -0.047363 -0.0534601 -0.05811 -0.061213 -0.0627828 -0.0629276 -0.0618133 -0.0596651 -0.0567246 -0.0532188 -0.0493716 -0.0453456 -0.0412942 -0.0373466 -0.0335689 -0.0299855 -0.026654 -0.0235707 -0.0207182 -0.0180804 -0.0156523 -0.0133954 -0.0112996 -0.00933615 -0.00748856 -0.00572412 -0.00404378 -0.00243195 -0.000888217 0.000594989 0.00199016 0.00329684 0.00447935 0.00549444 0.0063057 0.00690242 0.0072201 0.00723421 0.00694542 0.0063626 0.00550091 0.00443491 0.00326531 0.00214099 0.00122652 0.000705915 0.000756527 0.0015165 0.00307341 0.00543547 0.00852855 0.0121956 0.0162042 0.0202449 0.0239969 0.0271106 0.0292985 0.0303218 0.0300639 0.0285034 0.02573 0.021912 0.0173006 0.0121272 0.00667679 0.00118204 -0.00419608 -0.00931352 -0.0141156 -0.0186133 -0.0228032 -0.0267115 -0.0303922 -0.0338378 -0.0370795 -0.0401091 -0.0429078 -0.0454212 -0.0476073 -0.0494232 -0.0508167 -0.0517371 -0.0521628 -0.052065 -0.0514266 -0.0503083 -0.0487143 -0.0466773 -0.0442492 -0.041509 -0.0385391 -0.0354247 -0.0322511 -0.0290774 -0.0259593 -0.0229741 -0.0201864 -0.0175819 -0.0152063 -0.0130817 -0.0112257 -0.00962121 -0.00823566 -0.00708535 -0.00611757 -0.00533277 -0.00469751 -0.0041736 -0.00375185 -0.00341932 -0.00318896 -0.00300109 -0.0028458 -0.00274351 -0.00268494 -0.00264067 -0.00258705 -0.00256201 -0.00256246 -0.0025532 -0.00253148 -0.00252596 -0.0025414 -0.00253839 -0.00251758 
0 5.36728e-05 9.52034e-05 0.000144982 0.000193535 0.000247866 0.000286329 0.000331952 0.000398901 0.000461662 0.000531417 0.000608983 0.000736009 0.000888338 0.00106081 0.00129878 0.00160628 0.00199848 0.00244624 0.00301075 0.00372258 0.00456815 0.00558189 0.00678037 0.00822694 0.0099124 0.0118435 0.0140362 0.0164741 0.0191634 0.0220745 0.0251588 0.0283665 0.0316674 0.0350041 0.038295 0.0414265 0.0443473 0.0469908 0.0492774 0.051178 0.0526198 0.0535929 0.0540906 0.0541248 0.0537098 0.052861 0.0516361 0.050115 0.0483506 0.0464178 0.0443922 0.0423104 0.0402952 0.0384245 0.0367817 0.0354365 0.0344171 0.0337222 0.0333252 0.0331298 0.0329996 0.0327284 0.0320466 0.0307033 0.0284107 0.0249618 0.0202254 0.0141652 0.00685784 -0.00146298 -0.0105185 -0.0199067 -0.029194 -0.0379641 -0.0458254 -0.0524435 -0.0576265 -0.0612581 -0.0633229 -0.0639358 -0.0632546 -0.0614844 -0.0588655 -0.0556237 -0.0519649 -0.0481128 -0.0441892 -0.0402878 -0.0365052 -0.0329125 -0.029491 -0.0262638 -0.0232452 -0.0204349 -0.0177943 -0.015323 -0.0129817 -0.0107499 -0.00860518 -0.00655572 -0.00456788 -0.00264868 -0.000801973 0.000948617 0.00260567 0.004123 0.00548506 0.0066655 0.00762048 0.00825925 0.00857307 0.00853752 0.00811053 0.00728694 0.00614743 0.00474629 0.00319833 0.00166063 0.00030857 -0.000660071 -0.00103386 -0.000677882 0.00051161 0.00257482 0.00542345 0.00890834 0.0128096 0.0168186 0.0205998 0.0238394 0.0261973 0.0274533 0.0274683 0.0262025 0.0237339 0.0202503 0.0159441 0.0110961 0.0059549 0.000744593 -0.00433968 -0.00917747 -0.0137104 -0.0179214 -0.021841 -0.0255035 -0.0289452 -0.0322284 -0.0353458 -0.0383306 -0.0411568 -0.0437716 -0.0461454 -0.0482363 -0.0499757 -0.0513224 -0.0522127 -0.0525946 -0.0524684 -0.0518296 -0.0507174 -0.0491164 -0.0470675 -0.0446384 -0.0418913 -0.038921 -0.0358074 -0.0326097 -0.0294034 -0.0262795 -0.0232889 -0.0204703 -0.0178315 -0.0154426 -0.0133169 -0.0114406 -0.00982533 -0.00843357 -0.00727863 -0.00631879 -0.00553648 -0.00489735 -0.00436071 -0.00395232 -0.00363747 -0.00338962 -0.00318359 -0.00303611 -0.00295027 -0.00287472 -0.00280838 -0.00276871 -0.00276038 -0.00274846 -0.00272367 -0.00271905 -0.00273111 -0.00273117 -0.00271425 
0 4.876e-05 9.61384e-05 0.00013987 0.000196588 0.000247395 0.000297716 0.000359438 0.000433864 0.000524915 0.000610058 0.000728989 0.000886618 0.00107858 0.00131658 0.00160628 0.00200241 0.00246779 0.00303153 0.00372911 0.00458048 0.00562354 0.00683036 0.00827995 0.00997955 0.0119408 0.0141641 0.01662 0.01933 0.0222557 0.0253728 0.0286195 0.0319364 0.0352749 0.0385798 0.041732 0.0446608 0.0472821 0.0495488 0.0514315 0.0528463 0.0538073 0.0542621 0.0542581 0.0538169 0.052964 0.0517497 0.0502366 0.0484991 0.0466145 0.0446494 0.0426485 0.0407131 0.0388955 0.0373217 0.0360407 0.0351126 0.0345426 0.0343352 0.0344231 0.0347265 0.0350738 0.0352264 0.0349313 0.033879 0.0318189 0.028537 0.0239037 0.0178709 0.0105549 0.00210626 -0.00712199 -0.016759 -0.0263615 -0.0354889 -0.0437278 -0.0507953 -0.0564209 -0.0605145 -0.0630616 -0.0641288 -0.0638658 -0.062491 -0.06022 -0.0573036 -0.0539485 -0.0503101 -0.0465546 -0.0428089 -0.0391238 -0.0355276 -0.0320958 -0.0288378 -0.0257334 -0.0227698 -0.0199604 -0.0172646 -0.0146804 -0.0121878 -0.00977206 -0.0073989 -0.00509862 -0.00287339 -0.000734764 0.00131123 0.00321733 0.00498158 0.0065474 0.00785115 0.00884817 0.0095256 0.00979715 0.00960925 0.00896709 0.00789459 0.00640341 0.00459039 0.0026003 0.000589118 -0.00122901 -0.0026495 -0.00348176 -0.00353916 -0.00269412 -0.000946549 0.00169238 0.00504928 0.00889331 0.0129263 0.0168212 0.0202029 0.0228085 0.0243503 0.0247017 0.0238053 0.021728 0.0186044 0.0146752 0.0101648 0.00534805 0.0004525 -0.00434411 -0.00890621 -0.0131763 -0.0171362 -0.0208109 -0.0242219 -0.0274546 -0.0305229 -0.0335051 -0.036395 -0.0391881 -0.041847 -0.0443389 -0.0466166 -0.0486516 -0.0503611 -0.0516798 -0.0525529 -0.0529136 -0.0528072 -0.052185 -0.0510747 -0.0494742 -0.0474231 -0.0449975 -0.0422598 -0.0392873 -0.0361503 -0.0329255 -0.0297124 -0.0265907 -0.0235722 -0.0207302 -0.0180817 -0.0156918 -0.0135569 -0.0116653 -0.0100406 -0.00863813 -0.00748342 -0.00651862 -0.00572013 -0.00506724 -0.00454022 -0.0041432 -0.00381424 -0.00355403 -0.00336477 -0.00323861 -0.00314344 -0.00305855 -0.00300989 -0.00298949 -0.0029705 -0.00294358 -0.00293055 -0.00293406 -0.00292907 -0.00291276 
0 5.2332e-05 9.63235e-05 0.000153918 0.000202563 0.000266439 0.000323078 0.000396201 0.000489637 0.000586665 0.000715276 0.000862457 0.00107008 0.0013147 0.00161402 0.00199848 0.00246779 0.00305472 0.00374435 0.00459899 0.00563446 0.00687246 0.00833337 0.0100315 0.0120124 0.0142558 0.0167561 0.0194814 0.0224264 0.0255613 0.0288347 0.0321774 0.0355236 0.0388191 0.0419742 0.0449124 0.0475336 0.0497868 0.0516336 0.053039 0.0539698 0.0544022 0.0543481 0.0538591 0.0529714 0.0517413 0.0502336 0.048491 0.04662 0.0446772 0.0427306 0.0408478 0.0390849 0.0375404 0.0362844 0.0353702 0.0348534 0.0347128 0.0349391 0.0354915 0.0362274 0.0369909 0.0375345 0.0375569 0.0367836 0.0349439 0.0318215 0.0272964 0.0213296 0.0140061 0.00552517 -0.00379528 -0.0135652 -0.0233482 -0.0327001 -0.0412297 -0.0486127 -0.0546062 -0.0590962 -0.0620413 -0.0635098 -0.0636632 -0.0626861 -0.0607935 -0.0582208 -0.055165 -0.051822 -0.0483227 -0.0447499 -0.0412063 -0.0377599 -0.0344001 -0.0311391 -0.0280015 -0.0249757 -0.0220298 -0.0191593 -0.0163511 -0.0135875 -0.0108801 -0.00824545 -0.00566279 -0.00313586 -0.000694677 0.00163319 0.00381301 0.00578055 0.00748909 0.0089053 0.00995936 0.0105619 0.0106917 0.0103258 0.00941911 0.00798386 0.00609093 0.00383442 0.00136837 -0.00113265 -0.0034506 -0.005345 -0.00660236 -0.00704238 -0.00653179 -0.00503035 -0.00257108 0.000698359 0.00454741 0.00867733 0.0127349 0.0163692 0.0192621 0.0211538 0.0218933 0.0214102 0.0197557 0.017063 0.0135195 0.00938812 0.00491421 0.00031978 -0.00417984 -0.00848801 -0.0125304 -0.0162666 -0.0197329 -0.0229421 -0.0259456 -0.0288252 -0.0316234 -0.0343851 -0.0371055 -0.0397477 -0.0422967 -0.0446997 -0.0469379 -0.0489467 -0.0506396 -0.0519482 -0.0528178 -0.0532156 -0.0531273 -0.0525301 -0.0514163 -0.0498151 -0.0477707 -0.0453534 -0.0426087 -0.0396133 -0.0364507 -0.0332267 -0.0300138 -0.0268711 -0.0238408 -0.0209749 -0.0183344 -0.0159243 -0.0137758 -0.0118674 -0.0102254 -0.00883495 -0.0076649 -0.00669873 -0.0058892 -0.00525214 -0.00473625 -0.00432516 -0.00399724 -0.00374677 -0.00357775 -0.00343832 -0.00333702 -0.00326397 -0.00322449 -0.00319538 -0.00316056 -0.00314511 -0.00313507 -0.00313028 -0.00311622 
