0 0 0 0 0 0 0 0 0 0 0 0 0 0 0 0 0 0 0 0 0 0 0 0 0 0 0 0 0 0 0 0 0 0 0 0 0 0 0 0 0 0 0 0 0 0 0 0 0 0 0 0 0 0 0 0 0 0 0 0 0 0 0 0 0 0 0 0 0 0 0 0 0 0 0 0 0 0 0 0 0 0 0 0 0 0 0 0 0 0 0 0 0 0 0 0 0 0 0 0 0 0 0 0 0 0 0 0 0 0 0 0 0 0 0 0 0 0 0 0 0 0 0 0 0 0 0 0 0 0 0 0 0 0 0 0 0 0 0 0 0 0 0 0 0 0 0 0 0 0 0 0 0 0 0 0 0 0 0 0 0 0 0 0 0 0 0 0 0 0 0 0 0 0 0 0 0 0 0 0 0 0 0 0 0 0 0 0 0 0 0 0 0 0 0 0 0 0 0 0 
0 0.000299442 0.000607405 0.00093011 0.00128107 0.00165612 0.00206834 0.00252116 0.00301507 0.00353819 0.00406954 0.00460577 0.00511349 0.00558108 0.00599011 0.00632829 0.00657161 0.00668497 0.00667263 0.00650096 0.00616181 0.00565194 0.00499731 0.00422377 0.00333969 0.00239332 0.00140165 0.000395644 -0.000598279 -0.00153819 -0.00238703 -0.00311938 -0.00371628 -0.00418201 -0.00451669 -0.00472326 -0.0048055 -0.00478687 -0.00466068 -0.0044452 -0.00417163 -0.00386543 -0.00355033 -0.00323143 -0.00291691 -0.00260728 -0.00231338 -0.00204908 -0.00181284 -0.00160571 -0.00144015 -0.00128695 -0.00114693 -0.00101994 -0.000900489 -0.000810923 -0.000742411 -0.000685706 -0.000631873 -0.000574403 -0.00052238 -0.000475996 -0.000434967 -0.000404972 -0.0003674 -0.000333721 -0.000301348 -0.000258461 -0.000223046 -0.000194231 -0.00017436 -0.000172618 -0.000169647 -0.000158212 -0.000150457 -0.00013404 -0.000109144 -8.64886e-05 -6.41036e-05 -2.26885e-05 5.00449e-05 0.000165362 0.000312297 0.000478374 0.000665544 0.000849204 0.000992377 0.00108993 0.00110312 0.000993388 0.000769489 0.000417992 -6.67869e-05 -0.000644842 -0.0012895 -0.00196263 -0.00260218 -0.00316432 -0.00360631 -0.00389212 -0.00399734 -0.00391003 -0.00364182 -0.00320847 -0.00264586 -0.00201517 -0.00134908 -0.000693549 -0.000104358 0.000408645 0.000817916 0.00109015 0.00124852 0.00130528 0.00126783 0.00118302 0.00107561 0.000954837 0.000841409 0.000746295 0.000665354 0.000595286 0.000528202 0.000471482 0.00043276 0.000402534 0.000372569 0.00036115 0.000355493 0.000342973 0.000333195 0.000320396 0.00031356 0.000330518 0.000349551 0.000371587 0.000394649 0.000401875 0.000416716 0.000441146 0.000471572 0.000509603 0.000543662 0.00057411 0.000607625 0.000645288 0.00070169 0.000769157 0.000858833 0.000967272 0.00107701 0.00120499 0.00135244 0.00153064 0.0017519 0.00200352 0.0022694 0.00255667 0.00286154 0.00318502 0.00351542 0.00384163 0.00414107 0.00438577 0.00455939 0.0046325 0.00459888 0.00445499 0.00418805 0.00377093 0.00321156 0.0025128 0.0016935 0.00078253 -0.000186836 -0.0011715 -0.00215928 -0.00310711 -0.00400119 -0.0048004 -0.00546504 -0.00598119 -0.00633366 -0.00653079 -0.00656471 -0.0064679 -0.00626007 -0.00594817 -0.00555375 -0.0051018 -0.00461746 -0.00410759 -0.00360075 -0.00312762 -0.00269949 -0.00232198 -0.00200864 -0.00176699 -0.00158792 -0.00146716 
0 0.000607405 0.00122664 0.0018827 0.00258476 0.00334682 0.0041736 0.00507896 0.00606051 0.00708419 0.00813556 0.00917903 0.0101821 0.0110955 0.0118907 0.0125505 0.0129998 0.0132157 0.0131594 0.0128134 0.0121402 0.011135 0.00986959 0.00834263 0.00662276 0.004752 0.00280297 0.000829659 -0.00112685 -0.0029604 -0.00463725 -0.00608457 -0.00727915 -0.00821823 -0.00889293 -0.00930244 -0.00947277 -0.00943035 -0.00920408 -0.00880377 -0.00829017 -0.00772088 -0.00709456 -0.00647733 -0.00584415 -0.00523574 -0.00466294 -0.0041393 -0.00366485 -0.0032409 -0.00288355 -0.00257232 -0.00229541 -0.00204806 -0.00183764 -0.00164839 -0.00151322 -0.00138143 -0.00126173 -0.00114872 -0.00105526 -0.000961733 -0.0008918 -0.000814012 -0.000733477 -0.000669486 -0.000601572 -0.000539821 -0.000487517 -0.00043296 -0.000381851 -0.000356257 -0.000328139 -0.000321658 -0.000291364 -0.000265734 -0.000245542 -0.000223864 -0.000155044 -4.97305e-05 0.000118959 0.00033175 0.000628739 0.00096658 0.00132471 0.00167121 0.00197646 0.00215909 0.00218379 0.00198912 0.00154217 0.000810545 -0.000150898 -0.00130548 -0.00259764 -0.00392411 -0.00518874 -0.00633301 -0.00721839 -0.00778307 -0.00799689 -0.00781408 -0.00726079 -0.00641488 -0.00530494 -0.00403648 -0.00270791 -0.00140014 -0.00019687 0.000814206 0.00160637 0.0021584 0.00248347 0.00258355 0.00253673 0.00237776 0.00215176 0.00190832 0.00169089 0.00147094 0.00129273 0.00114653 0.00105086 0.000963372 0.000881773 0.000803226 0.00075347 0.000700019 0.000674282 0.000648421 0.000643088 0.000637831 0.000640004 0.000658802 0.00069756 0.000731473 0.000770249 0.000803364 0.000835291 0.000891409 0.000949173 0.00101193 0.00107464 0.00115192 0.0012241 0.00133482 0.00144695 0.00158299 0.00175298 0.00195571 0.00218027 0.00244909 0.00275101 0.00311764 0.00355252 0.00404098 0.00457971 0.00514133 0.00576715 0.00639757 0.00703672 0.00765361 0.00820381 0.00866198 0.00898272 0.00911334 0.00903758 0.0087368 0.00818865 0.00736138 0.00624506 0.00488984 0.00328236 0.00150491 -0.000394776 -0.00234622 -0.00427978 -0.00615802 -0.00789785 -0.00946508 -0.0107675 -0.0117805 -0.0124949 -0.01289 -0.0129822 -0.0128027 -0.0124075 -0.0118067 -0.0110382 -0.0101624 -0.00921593 -0.00822373 -0.00723387 -0.00630655 -0.00546335 -0.00471473 -0.00408849 -0.00360224 -0.00323781 -0.00298999 
0 0.00093011 0.0018827 0.00287694 0.00395236 0.00510364 0.00635605 0.00770842 0.00915275 0.0106583 0.0121786 0.0137051 0.0151523 0.0164769 0.0176218 0.0185444 0.0191752 0.0194279 0.0193134 0.0187618 0.0177587 0.0163006 0.0144477 0.0122507 0.009731 0.00701532 0.00417362 0.00130485 -0.00151264 -0.00417282 -0.00659469 -0.00871782 -0.0104895 -0.0118994 -0.0129252 -0.0135644 -0.0138375 -0.0138251 -0.013534 -0.0130118 -0.0123238 -0.0115161 -0.0106373 -0.00971731 -0.0088003 -0.00791198 -0.00708083 -0.0063233 -0.00561808 -0.00496531 -0.00441393 -0.00392001 -0.00349815 -0.00314091 -0.00281466 -0.0025482 -0.00231751 -0.00210787 -0.00191681 -0.00174148 -0.00159865 -0.00147217 -0.00134754 -0.00123397 -0.0011015 -0.000995202 -0.00091457 -0.000825454 -0.000749515 -0.000669014 -0.00058622 -0.000535647 -0.000490611 -0.000450456 -0.00044101 -0.000424014 -0.000380532 -0.000319892 -0.000229304 -6.84242e-05 0.000181182 0.000534438 0.000965891 0.00144698 0.00198375 0.00251654 0.00294637 0.00323716 0.00327496 0.00295022 0.00227134 0.00120685 -0.000244609 -0.00197318 -0.00389626 -0.00589701 -0.00780232 -0.00948022 -0.0107989 -0.0116495 -0.0119612 -0.0116988 -0.0108969 -0.00960837 -0.00793704 -0.00605209 -0.00406091 -0.00210032 -0.000330736 0.00119913 0.00241041 0.00322326 0.0036981 0.00387621 0.00379116 0.00356133 0.00324892 0.00288303 0.00252194 0.00220357 0.00193909 0.00173232 0.00156372 0.0014344 0.0013413 0.00124672 0.00113357 0.00105599 0.00100739 0.000970749 0.000966637 0.00096496 0.000969933 0.00101312 0.00105082 0.00109729 0.00116166 0.00120549 0.00127222 0.00135264 0.00143122 0.00152036 0.00161381 0.0017278 0.00187455 0.00203988 0.00223192 0.00242805 0.0026702 0.00297631 0.00332295 0.00374802 0.0042331 0.00478737 0.00543437 0.00615592 0.00693194 0.00778369 0.00869094 0.0096248 0.0105357 0.0113926 0.0121538 0.0127688 0.013199 0.013356 0.0132027 0.0127153 0.0118641 0.0106005 0.00896135 0.00696655 0.00465175 0.00207603 -0.000684929 -0.00351446 -0.00635101 -0.00906468 -0.0116016 -0.0138623 -0.0157559 -0.0172524 -0.0183126 -0.0189408 -0.0191089 -0.0188923 -0.0183448 -0.0174918 -0.016396 -0.0151323 -0.0137719 -0.0123392 -0.0109097 -0.00956206 -0.00832668 -0.00722157 -0.00628824 -0.00555558 -0.00500518 -0.00462961 
0 0.00128107 0.00258476 0.00395236 0.00540724 0.00697009 0.00864086 0.0104266 0.012312 0.014246 0.0162061 0.0181413 0.0199887 0.0216579 0.0230854 0.024222 0.0249456 0.0252084 0.0249654 0.0241984 0.0228676 0.0209752 0.0186187 0.0157976 0.0126043 0.00913227 0.00552111 0.00188535 -0.0016912 -0.00505481 -0.0081521 -0.010883 -0.0131973 -0.0150679 -0.016457 -0.0173518 -0.0177973 -0.0178565 -0.0175839 -0.0170022 -0.0161942 -0.0152342 -0.0141304 -0.0129878 -0.011809 -0.01067 -0.00959705 -0.00860146 -0.00766997 -0.00680754 -0.00605358 -0.00539299 -0.004817 -0.0043133 -0.00387614 -0.00348012 -0.0031622 -0.00286229 -0.00259593 -0.00236159 -0.00217271 -0.0019914 -0.00183717 -0.0016679 -0.00149225 -0.0013491 -0.00121604 -0.00109884 -0.000998464 -0.000892667 -0.000790392 -0.000727248 -0.000668096 -0.000641595 -0.000590793 -0.000543858 -0.000496002 -0.000432222 -0.000286731 -6.34432e-05 0.000276247 0.000713459 0.00129488 0.00195666 0.0026623 0.00334704 0.00393605 0.00429135 0.00432286 0.00391357 0.00300483 0.0015496 -0.000368894 -0.0026659 -0.00522533 -0.00785639 -0.0103682 -0.0126204 -0.0143719 -0.015492 -0.0159094 -0.0155515 -0.0144646 -0.0127799 -0.0105815 -0.00806789 -0.00542773 -0.00282837 -0.000440376 0.0015807 0.00316674 0.00427157 0.00492171 0.00514053 0.00505522 0.00475093 0.00431602 0.00383695 0.00339019 0.00295411 0.00259321 0.00230244 0.00210291 0.00193484 0.00178497 0.00164059 0.00153177 0.00142693 0.0013687 0.0013231 0.00131592 0.00131354 0.0013206 0.0013527 0.00141144 0.00147131 0.00154955 0.00162851 0.00171457 0.00183285 0.00194615 0.00206258 0.00218639 0.00234767 0.00252881 0.0027755 0.0030303 0.00331659 0.00366206 0.00408189 0.00457011 0.00515511 0.00580933 0.00656083 0.00741417 0.00835384 0.0093811 0.0104682 0.0116514 0.0128262 0.0139662 0.0150163 0.0159165 0.0166352 0.0171041 0.0172274 0.0169565 0.01625 0.0150737 0.0133955 0.0112333 0.00867084 0.00569951 0.00242333 -0.00108644 -0.00470823 -0.00830897 -0.0117867 -0.0150019 -0.0178869 -0.0203133 -0.0222465 -0.0236654 -0.0245254 -0.0248293 -0.0246206 -0.023982 -0.0229406 -0.0215701 -0.0199845 -0.0182594 -0.0164465 -0.0146281 -0.0129019 -0.0113078 -0.0098707 -0.0086469 -0.00767609 -0.00694412 -0.00644737 
0 0.00165612 0.00334682 0.00510364 0.00697009 0.0089422 0.0110336 0.0132345 0.0155234 0.0178577 0.0201855 0.0224788 0.0246335 0.0265687 0.028198 0.0294476 0.0302147 0.0304044 0.0300209 0.0290123 0.0273672 0.0250957 0.0222719 0.0189456 0.0151652 0.0110885 0.00684437 0.00257236 -0.0016188 -0.00559358 -0.00925656 -0.0125218 -0.015317 -0.0176093 -0.0193582 -0.0205527 -0.021219 -0.0214447 -0.0212486 -0.0206828 -0.0198324 -0.018767 -0.0175465 -0.0162277 -0.0148667 -0.013514 -0.0122154 -0.0109976 -0.00984972 -0.00878044 -0.00784421 -0.00699955 -0.00625193 -0.00559284 -0.00499877 -0.00449639 -0.00407205 -0.00369509 -0.0033536 -0.00304212 -0.00277544 -0.00253788 -0.00231941 -0.00211877 -0.00190711 -0.00172502 -0.0015646 -0.00139982 -0.00125348 -0.00111815 -0.00100109 -0.000932482 -0.000873856 -0.000816065 -0.000766952 -0.000701193 -0.000606988 -0.000492304 -0.000328055 -5.89559e-05 0.000353196 0.000927955 0.00164711 0.00246222 0.00334592 0.00420545 0.00490246 0.0053403 0.00535984 0.00481128 0.0036645 0.00187992 -0.000516675 -0.00337694 -0.00655276 -0.00983739 -0.0129708 -0.0157324 -0.0178989 -0.0192933 -0.0198038 -0.0193719 -0.0180468 -0.0159307 -0.0131898 -0.0100749 -0.00679135 -0.00356058 -0.000617854 0.00191616 0.00392135 0.00530268 0.00611419 0.00641792 0.0062992 0.00592128 0.00539607 0.00480217 0.00422531 0.0037078 0.00327212 0.00291975 0.0026313 0.00240101 0.00222497 0.00206849 0.00192052 0.0018174 0.00175175 0.00169781 0.00167291 0.00165246 0.00165306 0.00170887 0.00178183 0.00186913 0.00197279 0.00205654 0.00216631 0.00230512 0.00245592 0.00262367 0.00280149 0.0030068 0.00325508 0.0035489 0.00389178 0.00427362 0.004738 0.00530047 0.0059365 0.00668115 0.00751613 0.00845899 0.00952956 0.0107006 0.0119418 0.0132583 0.0146275 0.015994 0.017291 0.0184637 0.019449 0.0201834 0.0206078 0.0206143 0.020153 0.0191887 0.0176838 0.0155962 0.0129781 0.00988439 0.00636154 0.00248728 -0.00164608 -0.00589487 -0.0101446 -0.0142256 -0.0180329 -0.0214409 -0.0243353 -0.0266749 -0.028415 -0.0295344 -0.0299938 -0.0298613 -0.029199 -0.0280465 -0.026495 -0.024666 -0.0226665 -0.0205501 -0.0184179 -0.0163724 -0.0144634 -0.0127291 -0.0112353 -0.0100336 -0.00911974 -0.00849877 
0 0.00206834 0.0041736 0.00635605 0.00864086 0.0110336 0.0135299 0.0161226 0.0187837 0.0214599 0.0241063 0.0266649 0.0290451 0.0311419 0.0328679 0.0341439 0.0348546 0.0349338 0.03436 0.0331127 0.0311711 0.0285552 0.0253527 0.0216042 0.0173965 0.0128649 0.00815979 0.00341334 -0.00126458 -0.00572313 -0.00986255 -0.0135754 -0.0167883 -0.0194647 -0.021567 -0.0230796 -0.0240302 -0.0244719 -0.0244369 -0.0239651 -0.0231535 -0.0220921 -0.0208273 -0.019435 -0.0179476 -0.0164317 -0.0149411 -0.0135137 -0.0121584 -0.0108956 -0.00976323 -0.00874003 -0.00781594 -0.00698592 -0.00624962 -0.00561112 -0.00507891 -0.00460312 -0.00416974 -0.00377532 -0.00343184 -0.00312155 -0.00285051 -0.00259417 -0.00234412 -0.00212681 -0.00192627 -0.00173522 -0.0015624 -0.00139909 -0.00125754 -0.00116264 -0.00108279 -0.00101621 -0.000935048 -0.00084502 -0.000741817 -0.000608557 -0.00038753 -4.29271e-05 0.000467461 0.00115028 0.00201437 0.00299621 0.00403621 0.00503405 0.00585695 0.00634572 0.00634142 0.00568607 0.00429954 0.00214026 -0.000717645 -0.00413143 -0.00791594 -0.0118113 -0.0155343 -0.0188317 -0.0214107 -0.0230647 -0.0236676 -0.0231459 -0.0215564 -0.0190497 -0.0158024 -0.012088 -0.00817616 -0.00432644 -0.000793264 0.00222808 0.00461249 0.00628612 0.00727851 0.00765171 0.00754287 0.00710385 0.00647086 0.00576298 0.00507953 0.00444773 0.00391535 0.00348844 0.00316491 0.00290383 0.0026846 0.00248872 0.00232695 0.00219675 0.00211176 0.00204822 0.00201837 0.00200241 0.00201215 0.00207062 0.00216435 0.0022707 0.00238854 0.00249957 0.00262897 0.00280083 0.00299513 0.00321233 0.00344988 0.00372323 0.00403672 0.00441824 0.00485083 0.00535133 0.00595155 0.00665836 0.00745627 0.00836372 0.00937276 0.0105116 0.0117901 0.0131741 0.0146249 0.0161112 0.0176266 0.0190952 0.0204675 0.021678 0.0226482 0.0233132 0.023594 0.0233988 0.0226872 0.0214324 0.0195994 0.0171532 0.0141272 0.0105974 0.00660507 0.00225227 -0.00236081 -0.00709622 -0.0118131 -0.0163695 -0.0206255 -0.0244648 -0.0277566 -0.0304457 -0.0324956 -0.0338604 -0.0345195 -0.034514 -0.0339092 -0.0327446 -0.0311122 -0.0291498 -0.0269659 -0.0246379 -0.022269 -0.0199703 -0.0178023 -0.0158135 -0.0140822 -0.0126674 -0.0115824 -0.0108436 
0 0.00252116 0.00507896 0.00770842 0.0104266 0.0132345 0.0161226 0.0190779 0.0220659 0.0250307 0.0279177 0.0306571 0.0331562 0.0353079 0.0370246 0.0382242 0.0388072 0.0387175 0.0379334 0.0364409 0.0342236 0.0313143 0.0278002 0.0237447 0.0192426 0.0144214 0.00942216 0.00436469 -0.000636691 -0.0054366 -0.00991868 -0.0139742 -0.0175312 -0.020551 -0.0229983 -0.0248524 -0.0261274 -0.0268549 -0.0270607 -0.0267846 -0.0261178 -0.0251493 -0.023931 -0.0225292 -0.0209877 -0.0193759 -0.0177574 -0.0161739 -0.0146444 -0.0131965 -0.0118663 -0.0106521 -0.00954708 -0.00854879 -0.00765827 -0.00687564 -0.00620318 -0.00560249 -0.00505902 -0.00457345 -0.00414915 -0.00376954 -0.00342849 -0.00310487 -0.0027993 -0.00253407 -0.00229977 -0.00208555 -0.00188584 -0.00169446 -0.00152362 -0.00139285 -0.00128635 -0.00119954 -0.00110834 -0.00100553 -0.00087646 -0.000698066 -0.000419336 3.52522e-06 0.00061265 0.00141676 0.0024113 0.00354 0.00473086 0.00586982 0.00680198 0.00734104 0.00729906 0.00650722 0.00486894 0.00235352 -0.000961668 -0.00491766 -0.00929347 -0.0137946 -0.0180989 -0.0218959 -0.0248685 -0.0267755 -0.0274653 -0.0268654 -0.0250337 -0.022133 -0.0183849 -0.0140909 -0.00956547 -0.00511098 -0.00101254 0.0025028 0.00528142 0.00724367 0.00841107 0.00886789 0.00876713 0.0082799 0.00756243 0.00674852 0.00594411 0.00520324 0.00457684 0.00407733 0.00369886 0.00340566 0.00316567 0.00295027 0.00276107 0.00260347 0.00249475 0.00242443 0.00239351 0.0023863 0.0024086 0.00247259 0.00257157 0.00268898 0.00282315 0.00296635 0.00313502 0.00334537 0.00358306 0.00384594 0.00414166 0.00448746 0.00489352 0.00537723 0.00592362 0.00654926 0.00728516 0.00814272 0.00911444 0.0102042 0.0114057 0.0127364 0.0141982 0.0157549 0.0173589 0.0189705 0.0205653 0.0220729 0.0234375 0.0245918 0.025457 0.0259614 0.0260221 0.0255603 0.0245451 0.0229646 0.0207944 0.0180105 0.0146406 0.0107533 0.00640605 0.00170249 -0.00324302 -0.0082964 -0.0133199 -0.0181849 -0.0227582 -0.0269162 -0.0305283 -0.0335212 -0.0358499 -0.0374638 -0.0383435 -0.0385204 -0.0380482 -0.0369693 -0.0353705 -0.0333837 -0.0311208 -0.0286728 -0.0261514 -0.023673 -0.0213112 -0.0191268 -0.0172035 -0.0156098 -0.014378 -0.0135396 
0 0.00301507 0.00606051 0.00915275 0.012312 0.0155234 0.0187837 0.0220659 0.0253286 0.0285199 0.0315615 0.0343911 0.0368999 0.039 0.0406063 0.0416361 0.0420288 0.0417174 0.0407048 0.0389623 0.036497 0.0333578 0.0296152 0.0253765 0.0207107 0.0157535 0.0106141 0.00540401 0.000246834 -0.00474193 -0.00942664 -0.0137217 -0.0175544 -0.0208787 -0.023654 -0.025853 -0.0274698 -0.0285348 -0.0290529 -0.0290714 -0.0286551 -0.0278669 -0.026784 -0.025441 -0.0239248 -0.0222932 -0.0206171 -0.018936 -0.0172724 -0.015661 -0.0141488 -0.012748 -0.0114656 -0.0103003 -0.00923711 -0.00829712 -0.00745482 -0.00670938 -0.00604222 -0.00545664 -0.004943 -0.0044933 -0.00406954 -0.00367626 -0.00330695 -0.00297989 -0.00270404 -0.00245255 -0.00221753 -0.00199929 -0.00180616 -0.00164852 -0.00152674 -0.00140834 -0.00130368 -0.00117386 -0.00100098 -0.000762268 -0.000427763 7.52918e-05 0.000775616 0.00170546 0.00282518 0.00409644 0.00543588 0.00671091 0.00772745 0.00830628 0.00821534 0.0072714 0.00537487 0.0025111 -0.00126486 -0.00575396 -0.0106987 -0.0157867 -0.0206534 -0.0249193 -0.0282708 -0.0304242 -0.0311924 -0.0305186 -0.0284633 -0.0251775 -0.0209451 -0.0160936 -0.0109661 -0.00591483 -0.00127111 0.00273414 0.00590961 0.00815932 0.00950639 0.0100652 0.00997252 0.00944124 0.00864894 0.00773804 0.00681541 0.00597926 0.00525992 0.00468977 0.00424094 0.00390307 0.00363864 0.0034118 0.00319755 0.00303519 0.00291247 0.00283954 0.00280356 0.00279686 0.00282243 0.00289229 0.00299023 0.00312288 0.00328153 0.00346162 0.00368562 0.00394293 0.00423285 0.00454877 0.00490707 0.00532729 0.00584357 0.00643834 0.00712508 0.00789306 0.00877738 0.00979689 0.0109491 0.012228 0.0136259 0.0151317 0.0167399 0.018415 0.020102 0.0217818 0.0233843 0.0248654 0.0261361 0.0271327 0.0277924 0.0280404 0.0278118 0.0270383 0.0256905 0.0237681 0.0212603 0.0181602 0.0145112 0.0103538 0.00577869 0.000863094 -0.00426581 -0.00947683 -0.0146585 -0.0196738 -0.0244315 -0.0287865 -0.0326301 -0.0358715 -0.0384438 -0.0403086 -0.0414281 -0.0418388 -0.0415711 -0.0406728 -0.0392212 -0.0373224 -0.035092 -0.0326247 -0.0300431 -0.0274645 -0.0249792 -0.0226649 -0.0206061 -0.0188822 -0.0175429 -0.0166353 
0 0.00353819 0.00708419 0.0106583 0.014246 0.0178577 0.0214599 0.0250307 0.0285199 0.0318561 0.0349824 0.037792 0.0402196 0.0421637 0.0435646 0.0443607 0.0444863 0.0439333 0.042655 0.0406794 0.0380077 0.0347042 0.0308536 0.0265281 0.0218427 0.0168673 0.0117269 0.0065147 0.00134244 -0.00368105 -0.00845372 -0.0128906 -0.0169292 -0.0205084 -0.0235764 -0.02609 -0.0280613 -0.0294733 -0.0303661 -0.0307461 -0.0306537 -0.0301496 -0.0292734 -0.0281033 -0.0266944 -0.0251274 -0.0234631 -0.0217343 -0.0199794 -0.0182545 -0.0165811 -0.0150228 -0.0135682 -0.0122185 -0.0109927 -0.0098706 -0.00887091 -0.00797387 -0.00717008 -0.00646321 -0.00583969 -0.00528219 -0.00478422 -0.00430932 -0.00388631 -0.00350536 -0.00316357 -0.00286668 -0.00259286 -0.00234125 -0.00212981 -0.00195133 -0.00180504 -0.00167411 -0.00151214 -0.00132892 -0.00112235 -0.000842946 -0.000427634 0.000155253 0.000958684 0.00199346 0.0032571 0.00468763 0.00616081 0.00753337 0.00863943 0.0092142 0.00905198 0.00797554 0.00582399 0.00258062 -0.00162869 -0.00663921 -0.0121495 -0.017787 -0.023175 -0.0279184 -0.0316256 -0.0340028 -0.0348564 -0.0341085 -0.0318129 -0.0281826 -0.023493 -0.0180867 -0.0123818 -0.00676416 -0.00155641 0.00291146 0.00645686 0.00901665 0.0105714 0.0112214 0.0111742 0.0106031 0.00971782 0.0087068 0.00769536 0.00675703 0.00595074 0.00529515 0.00480351 0.00442281 0.00410559 0.00384406 0.00364272 0.00347176 0.00334822 0.00327163 0.00322419 0.0032155 0.00324423 0.00330886 0.0034326 0.00359139 0.00377249 0.00400247 0.00426122 0.0045736 0.00492972 0.00532049 0.00576872 0.00629615 0.00691565 0.00765133 0.00847403 0.00941036 0.010466 0.0116505 0.0129868 0.0144382 0.0160046 0.0176647 0.0193822 0.0211227 0.0228481 0.0245003 0.0260479 0.0273988 0.0284857 0.0292311 0.0295773 0.0294907 0.0289002 0.0277783 0.0260881 0.0238285 0.0210013 0.0176358 0.0137606 0.00944754 0.00475693 -0.000223932 -0.00538624 -0.0106287 -0.0158132 -0.0208689 -0.025664 -0.0301052 -0.0340802 -0.0374893 -0.0402773 -0.0423655 -0.0437552 -0.0444328 -0.0444368 -0.0438079 -0.0426019 -0.0409137 -0.0388273 -0.0364629 -0.0339282 -0.0313461 -0.0288224 -0.0264487 -0.0243207 -0.022517 -0.0211128 -0.0201624 
0 0.00406954 0.00813556 0.0121786 0.0162061 0.0201855 0.0241063 0.0279177 0.0315615 0.0349824 0.0380842 0.0408035 0.0430421 0.0447527 0.04588 0.0463644 0.0462025 0.045348 0.0438212 0.0416188 0.0387948 0.035422 0.0315359 0.0272566 0.022633 0.0177705 0.0127484 0.00766013 0.0026188 -0.0023282 -0.00707013 -0.011555 -0.0157153 -0.0194748 -0.0227783 -0.0255913 -0.027894 -0.0296922 -0.0309713 -0.0317581 -0.0320563 -0.031889 -0.0313415 -0.0304226 -0.0292313 -0.0278082 -0.0262201 -0.0245105 -0.022734 -0.0209417 -0.0191732 -0.0174687 -0.0158475 -0.0143266 -0.0129101 -0.0116377 -0.0104705 -0.00942594 -0.00847634 -0.00762125 -0.006846 -0.00617578 -0.00555907 -0.005014 -0.00452847 -0.00408227 -0.00369475 -0.00334255 -0.00301399 -0.0027303 -0.00249247 -0.00227973 -0.00210445 -0.00191315 -0.00173519 -0.00151805 -0.00124445 -0.000886468 -0.000423414 0.000245966 0.00115356 0.00233916 0.00372717 0.00528514 0.00688887 0.00837401 0.00951202 0.0100931 0.00984577 0.0085767 0.00615795 0.00259549 -0.00205845 -0.00756918 -0.0136056 -0.0197991 -0.0257143 -0.0308657 -0.0349137 -0.0375146 -0.0384302 -0.0376159 -0.0351285 -0.0311276 -0.0259838 -0.0200713 -0.0138094 -0.00763461 -0.00193352 0.00301524 0.00697105 0.00982574 0.0115772 0.0123678 0.0123433 0.0117479 0.0108065 0.00970241 0.00856067 0.0075357 0.00665071 0.00594338 0.00536833 0.00493241 0.00459881 0.00433495 0.00409661 0.00392998 0.00379792 0.00372193 0.00366759 0.00365151 0.00368736 0.00377979 0.00391941 0.00411413 0.00433207 0.00458618 0.00489594 0.00524987 0.00568319 0.00617942 0.0067506 0.00740096 0.0081664 0.00901782 0.0100024 0.011103 0.0123356 0.0137044 0.0152055 0.0168073 0.0185092 0.0202716 0.0220584 0.0238249 0.0255058 0.0270781 0.0284439 0.0295831 0.0303885 0.0308002 0.0307854 0.0302935 0.0293044 0.0278001 0.0257573 0.0231793 0.020076 0.0164902 0.0124825 0.00808581 0.00340922 -0.00151683 -0.00658874 -0.0117154 -0.0168135 -0.0217652 -0.0265089 -0.0309134 -0.0349206 -0.0384338 -0.041367 -0.0436834 -0.0453319 -0.046321 -0.0466442 -0.0463491 -0.0454851 -0.0440975 -0.0422811 -0.0401289 -0.0377595 -0.0352785 -0.0328063 -0.030462 -0.0283341 -0.0265209 -0.0250997 -0.0241424 
0 0.00460577 0.00917903 0.0137051 0.0181413 0.0224788 0.0266649 0.0306571 0.0343911 0.037792 0.0408035 0.0433231 0.0453166 0.0467249 0.0475211 0.0476731 0.0471653 0.0460276 0.0442354 0.0418565 0.0389371 0.0355494 0.0317345 0.0275571 0.0231188 0.0184609 0.013678 0.00883802 0.00402306 -0.000732953 -0.00535666 -0.0097916 -0.0139764 -0.017838 -0.0213267 -0.0243955 -0.0270419 -0.0292 -0.0308897 -0.0320954 -0.0328128 -0.0330716 -0.0329031 -0.0323474 -0.0314408 -0.0302393 -0.0288047 -0.027187 -0.0254555 -0.0236792 -0.0218519 -0.0200598 -0.0183065 -0.0166213 -0.0150525 -0.0135959 -0.012261 -0.011042 -0.00992665 -0.00891734 -0.00800463 -0.00719303 -0.00647478 -0.0058164 -0.00524724 -0.0047267 -0.00426205 -0.00386108 -0.00349797 -0.00316997 -0.00289064 -0.00263305 -0.00241034 -0.0021973 -0.00195658 -0.00168675 -0.00138243 -0.000971737 -0.00039153 0.000385488 0.00140957 0.00269464 0.00421635 0.00591224 0.00762439 0.00917557 0.0103738 0.0109128 0.0105611 0.0091318 0.00644066 0.00248951 -0.00257442 -0.00856427 -0.0151139 -0.0217995 -0.0281825 -0.0337823 -0.038154 -0.0409505 -0.0419343 -0.0410372 -0.0383158 -0.0340139 -0.0284658 -0.0220548 -0.0152667 -0.00856299 -0.00231448 0.00308043 0.00739838 0.0105655 0.0125415 0.0134432 0.0134979 0.012895 0.0118881 0.0106991 0.00947778 0.00834241 0.00735639 0.00655214 0.00594996 0.00549135 0.00511583 0.00481982 0.00459402 0.00440908 0.00427112 0.004191 0.00414136 0.00414767 0.00420031 0.00429332 0.00445762 0.00467671 0.00492561 0.00524822 0.00561186 0.00604733 0.00656861 0.00716829 0.00786273 0.00865716 0.00955471 0.0105726 0.0117092 0.0129943 0.014411 0.0159436 0.0176026 0.0193159 0.0210968 0.0229055 0.0246881 0.0264016 0.0279888 0.0293694 0.0304968 0.0313098 0.0317596 0.0317869 0.0313577 0.0304548 0.0290381 0.0271448 0.0247564 0.0218882 0.0185625 0.014842 0.0107635 0.00639102 0.00179826 -0.00296789 -0.00783655 -0.0127581 -0.0176314 -0.0224088 -0.0269754 -0.0312652 -0.0352204 -0.0387544 -0.0418082 -0.044305 -0.0462379 -0.0475468 -0.0482323 -0.0483251 -0.0478525 -0.0468566 -0.0453889 -0.0435623 -0.0414598 -0.0391866 -0.0368724 -0.0346464 -0.0326154 -0.0308663 -0.0294995 -0.0285809 
0 0.00511349 0.0101821 0.0151523 0.0199887 0.0246335 0.0290451 0.0331562 0.0368999 0.0402196 0.0430421 0.0453166 0.0469957 0.0480662 0.0485034 0.0482842 0.0474465 0.0460093 0.0440078 0.0414894 0.0385324 0.0352001 0.0314982 0.0275178 0.023322 0.0189678 0.0145046 0.00998588 0.00547918 0.000983574 -0.0034287 -0.00771468 -0.0118281 -0.0157065 -0.0193121 -0.0226047 -0.0255382 -0.0280526 -0.0301226 -0.0317542 -0.0329213 -0.0336214 -0.0338987 -0.0337411 -0.0331985 -0.0323038 -0.0311162 -0.0296874 -0.0280911 -0.0263795 -0.024569 -0.0227284 -0.0208936 -0.0191013 -0.0173819 -0.0157678 -0.014245 -0.0128433 -0.0115606 -0.010395 -0.00932904 -0.00838586 -0.00752215 -0.00674767 -0.0060714 -0.00545792 -0.00492608 -0.00446085 -0.00403322 -0.00365603 -0.00332697 -0.00301819 -0.00275121 -0.00248633 -0.00222459 -0.00191099 -0.00151666 -0.00099973 -0.00033538 0.000548423 0.00168731 0.00310383 0.00473178 0.00653088 0.00834654 0.0099813 0.0111901 0.0116985 0.0112267 0.00957732 0.00660358 0.00232497 -0.00316408 -0.00961899 -0.0166513 -0.0238336 -0.0306755 -0.0366305 -0.0412922 -0.0442786 -0.0453209 -0.0443689 -0.0414798 -0.0368541 -0.0308964 -0.0240241 -0.0167265 -0.00950602 -0.00278887 0.00306491 0.00778317 0.0112483 0.0134349 0.0144895 0.0146004 0.0140104 0.012981 0.0117277 0.0103999 0.00917151 0.00809751 0.00722287 0.00653119 0.00601599 0.00563437 0.00534927 0.00510837 0.00492639 0.004783 0.00470386 0.00465967 0.00467351 0.00474725 0.00486848 0.00504749 0.00529638 0.00559466 0.00597763 0.00643741 0.00696272 0.00758988 0.00830588 0.00912735 0.0100634 0.0111292 0.0123063 0.0136284 0.015084 0.0166591 0.0183384 0.0201083 0.0219076 0.023729 0.0255188 0.0272216 0.0287961 0.0301781 0.0313068 0.0320953 0.0325328 0.0325627 0.0321567 0.0313046 0.0299691 0.0281446 0.0258698 0.0231562 0.0200354 0.0165465 0.0127566 0.00870419 0.00442164 3.15046e-06 -0.00453181 -0.00912076 -0.0137282 -0.0183083 -0.0227946 -0.0271252 -0.0312172 -0.0350523 -0.0385571 -0.0416578 -0.0443198 -0.0464976 -0.0481409 -0.0492066 -0.0497202 -0.049701 -0.0491504 -0.0481296 -0.0467177 -0.0449981 -0.0430503 -0.041006 -0.0390111 -0.0371607 -0.0355592 -0.0342988 -0.0334576 
0 0.00558108 0.0110955 0.0164769 0.0216579 0.0265687 0.0311419 0.0353079 0.039 0.0421637 0.0447527 0.0467249 0.0480662 0.0487709 0.0488313 0.0482513 0.047086 0.0453965 0.043218 0.0406174 0.0376711 0.0344342 0.030915 0.0271862 0.0233174 0.0193294 0.015246 0.0111011 0.0069431 0.00276646 -0.00137525 -0.00544857 -0.00942269 -0.0132537 -0.0169093 -0.0203407 -0.0234957 -0.0262904 -0.0287105 -0.0307472 -0.0323579 -0.0335216 -0.0342529 -0.0345458 -0.034426 -0.0339203 -0.0330683 -0.0319095 -0.0305126 -0.0289382 -0.0272012 -0.0253894 -0.023541 -0.0216901 -0.0198729 -0.0181139 -0.0164263 -0.01485 -0.0133996 -0.0120716 -0.0108505 -0.00974886 -0.00874484 -0.0078375 -0.00704534 -0.00632855 -0.00569939 -0.0051529 -0.00466296 -0.00422732 -0.00384485 -0.00348603 -0.00316253 -0.00284082 -0.00250203 -0.00211348 -0.00165312 -0.00105727 -0.000280372 0.000718603 0.00197796 0.00351364 0.00527315 0.00718887 0.00908649 0.0107554 0.0119582 0.0123922 0.0117908 0.00994827 0.00669837 0.00205525 -0.00384246 -0.0107474 -0.0182441 -0.0258686 -0.033114 -0.0394312 -0.044361 -0.0475132 -0.0486151 -0.0476004 -0.0445276 -0.039632 -0.0333058 -0.0259874 -0.0182053 -0.0104916 -0.00329118 0.00298301 0.0080617 0.0118344 0.0142663 0.0154843 0.0156959 0.0151285 0.0140606 0.012735 0.0113301 0.0100114 0.00884941 0.00789207 0.00715023 0.00659074 0.00616442 0.00585265 0.00561798 0.00544444 0.00531424 0.00524167 0.0052088 0.0052421 0.00533486 0.00547797 0.005691 0.00598243 0.0063406 0.00680773 0.00736246 0.00800357 0.00875303 0.00960324 0.0105698 0.0116663 0.0128988 0.0142592 0.0157577 0.0173793 0.0190878 0.0208607 0.0226913 0.0245142 0.0263162 0.0280264 0.0295734 0.0309194 0.0320172 0.0328011 0.0332056 0.0332086 0.0327794 0.0319056 0.0305931 0.0288286 0.0266118 0.0240047 0.021027 0.0177213 0.014143 0.0103644 0.0064093 0.00230156 -0.0018885 -0.00613636 -0.010393 -0.014639 -0.0188463 -0.0229868 -0.0270026 -0.0308463 -0.0345064 -0.0379202 -0.0410268 -0.0437938 -0.0461937 -0.048148 -0.0496028 -0.0505645 -0.0510323 -0.0509922 -0.0504813 -0.049576 -0.048336 -0.0468279 -0.045174 -0.0435135 -0.0419429 -0.0405598 -0.0394658 -0.0387348 
0 0.00599011 0.0118907 0.0176218 0.0230854 0.028198 0.0328679 0.0370246 0.0406063 0.0435646 0.04588 0.0475211 0.0485034 0.0488313 0.0485206 0.0476067 0.0461592 0.044271 0.041972 0.0393405 0.0364499 0.0333506 0.0300627 0.0266353 0.0231361 0.0195473 0.0158717 0.0121318 0.00836076 0.0045534 0.000733356 -0.003076 -0.00685697 -0.0105761 -0.0142027 -0.0176873 -0.0209826 -0.0239992 -0.0267275 -0.0291374 -0.0311653 -0.0327755 -0.0339592 -0.0347255 -0.0350731 -0.0350171 -0.0345703 -0.0337596 -0.0326467 -0.0312927 -0.0297126 -0.0279964 -0.0261883 -0.0243249 -0.0224556 -0.0206006 -0.018795 -0.0170748 -0.0154644 -0.0139604 -0.0125622 -0.0112823 -0.0101257 -0.00908076 -0.00816361 -0.0073333 -0.00659195 -0.005946 -0.00537653 -0.00487408 -0.00442985 -0.00400852 -0.00360646 -0.00321215 -0.00279278 -0.00232505 -0.00177937 -0.00109403 -0.000211954 0.00089825 0.00228873 0.00395359 0.00584125 0.00785941 0.00982857 0.0115203 0.0126942 0.0130283 0.012264 0.0101942 0.00666328 0.00167947 -0.00459892 -0.0119222 -0.0198581 -0.0279094 -0.0355378 -0.0421854 -0.0473556 -0.0506546 -0.0518082 -0.0507339 -0.0474898 -0.0423328 -0.0356548 -0.0279261 -0.0197024 -0.0115355 -0.00388568 0.00280691 0.00826429 0.0123565 0.0150431 0.0164356 0.0167558 0.0162267 0.0151402 0.0137524 0.0122704 0.0108662 0.00963454 0.0086071 0.00780617 0.00719228 0.00672784 0.00639399 0.00616102 0.00599306 0.00588533 0.00583088 0.00581862 0.00587348 0.00599339 0.00617422 0.00644127 0.00679429 0.00722939 0.00778374 0.00843169 0.00918786 0.0100695 0.0110786 0.01222 0.013498 0.0148977 0.0164216 0.0180624 0.0198108 0.0216125 0.0234356 0.0252679 0.0270479 0.0287542 0.0303077 0.031624 0.0326641 0.0333987 0.0337666 0.0337353 0.0332753 0.0323789 0.0310414 0.0292799 0.0271081 0.0245438 0.0216664 0.0185006 0.0150858 0.0114853 0.00777555 0.00397312 9.98132e-05 -0.00380768 -0.00772186 -0.0116101 -0.0154619 -0.0192609 -0.0230144 -0.0266733 -0.0302306 -0.0336778 -0.0369622 -0.0400327 -0.0428595 -0.0454343 -0.0476638 -0.0494892 -0.0508977 -0.0518689 -0.0523745 -0.0524276 -0.0520981 -0.051426 -0.0504639 -0.0493148 -0.0480982 -0.0469034 -0.0458178 -0.0449471 -0.0443611 
0 0.00632829 0.0125505 0.0185444 0.024222 0.0294476 0.0341439 0.0382242 0.0416361 0.0443607 0.0463644 0.0476731 0.0482842 0.0482513 0.0476067 0.0464047 0.0447567 0.0427211 0.0403738 0.0377574 0.0349682 0.0320545 0.0290232 0.0259363 0.0228072 0.0196295 0.0163716 0.0130561 0.00970413 0.00629395 0.00282432 -0.000689256 -0.00423674 -0.00778306 -0.0113013 -0.0147693 -0.0181176 -0.0213042 -0.0242707 -0.0269952 -0.0293958 -0.0314109 -0.0330486 -0.0342818 -0.0351118 -0.0355234 -0.0355153 -0.0351121 -0.0343725 -0.0333217 -0.0320014 -0.0304537 -0.0287538 -0.0269494 -0.0250767 -0.0231897 -0.0213028 -0.0194661 -0.0177115 -0.0160423 -0.0144673 -0.0130277 -0.0117042 -0.0105219 -0.0094599 -0.00849317 -0.00762937 -0.00686969 -0.00619776 -0.00561595 -0.00508871 -0.00458588 -0.00410298 -0.00361726 -0.00312616 -0.00257951 -0.00192554 -0.00112175 -0.000132022 0.00111318 0.00263203 0.00442394 0.00641779 0.00852173 0.01055 0.0122645 0.0133743 0.0136032 0.01266 0.0103325 0.00650523 0.00120131 -0.00546149 -0.0131699 -0.0214955 -0.0299412 -0.0379344 -0.0448707 -0.050274 -0.0537107 -0.0548922 -0.0537459 -0.0503557 -0.0449443 -0.0379498 -0.0298634 -0.0212298 -0.0126191 -0.00455679 0.00255649 0.00839837 0.0128004 0.0157375 0.0173318 0.0177598 0.0172945 0.0162185 0.0147973 0.013245 0.01176 0.0104423 0.00935182 0.00847301 0.00780417 0.00732003 0.00698053 0.00673876 0.00658879 0.00649845 0.00646812 0.00649035 0.00657446 0.00673696 0.00697379 0.00729707 0.0077264 0.00826352 0.00891543 0.00969079 0.0105683 0.0115921 0.0127637 0.0140805 0.0155325 0.0170991 0.0187491 0.0205078 0.0223345 0.0241853 0.0260209 0.0277868 0.0294505 0.0309618 0.0322549 0.0332547 0.0339241 0.0342337 0.0341564 0.033643 0.0327148 0.0313544 0.0295794 0.0274211 0.0248835 0.0220412 0.0189571 0.0156825 0.0122397 0.00868712 0.00509547 0.001493 -0.00211405 -0.0056923 -0.00923901 -0.0127347 -0.0161675 -0.0195613 -0.0228987 -0.026194 -0.0294343 -0.0326425 -0.0357784 -0.0387749 -0.0416419 -0.0443352 -0.0468043 -0.048964 -0.0507966 -0.0522731 -0.053329 -0.0539861 -0.0542707 -0.0542325 -0.0538968 -0.0533438 -0.0526746 -0.0519451 -0.0512483 -0.0506635 -0.0502692 
0 0.00657161 0.0129998 0.0191752 0.0249456 0.0302147 0.0348546 0.0388072 0.0420288 0.0444863 0.0462025 0.0471653 0.0474465 0.047086 0.0461592 0.0447567 0.0429538 0.0408609 0.0384998 0.0359648 0.0333255 0.030623 0.0278894 0.0251244 0.0223713 0.0195826 0.016742 0.0138593 0.0109249 0.00791857 0.00481033 0.00160935 -0.0016588 -0.00497929 -0.00833676 -0.0117059 -0.0150581 -0.0183081 -0.0214382 -0.0243855 -0.0270799 -0.0294738 -0.0315177 -0.0332119 -0.0345052 -0.0353847 -0.0358419 -0.0359 -0.0355866 -0.034932 -0.0339297 -0.0326466 -0.031143 -0.0294682 -0.0276859 -0.0258078 -0.023892 -0.0219801 -0.0201151 -0.0183134 -0.0166059 -0.0149921 -0.0135224 -0.0121748 -0.0109573 -0.00985342 -0.00884887 -0.00795947 -0.00718082 -0.00647651 -0.0058362 -0.00524027 -0.00466276 -0.00410816 -0.00351278 -0.00286121 -0.00210719 -0.00118091 -1.93806e-05 0.00136242 0.00300894 0.00490204 0.00700838 0.0091872 0.0112528 0.0129458 0.0140035 0.0140878 0.0129536 0.0103896 0.00626948 0.000599196 -0.00641169 -0.0144932 -0.0232017 -0.0319874 -0.0402725 -0.0474993 -0.0530867 -0.056628 -0.0578562 -0.0566552 -0.053102 -0.047501 -0.0402212 -0.031778 -0.0227626 -0.0137516 -0.0052526 0.00223927 0.00842618 0.0131443 0.0163556 0.0181382 0.0187261 0.0183464 0.0172965 0.015851 0.0142654 0.0127025 0.0112963 0.0100931 0.00916096 0.00845424 0.00793483 0.00758088 0.00737178 0.00723292 0.00716875 0.00715356 0.00720881 0.00735295 0.00757321 0.007875 0.00828158 0.00879254 0.00943393 0.010221 0.0111242 0.0121675 0.0133391 0.0146662 0.0161419 0.017749 0.0194427 0.0212178 0.0230383 0.0249035 0.0267443 0.0285086 0.0301517 0.0316094 0.0328442 0.0337925 0.0343975 0.0346369 0.0345022 0.0339416 0.0329633 0.0315481 0.0297454 0.0275779 0.0250672 0.02226 0.0192007 0.0159921 0.0126752 0.00927326 0.00583653 0.00241794 -0.000957737 -0.00426356 -0.00750611 -0.010663 -0.0137487 -0.0167757 -0.0197486 -0.0227054 -0.0256182 -0.0285439 -0.0314905 -0.0344367 -0.0373533 -0.0402013 -0.042992 -0.0456343 -0.048088 -0.0503163 -0.0522684 -0.0539011 -0.0551725 -0.0561305 -0.0567742 -0.0571331 -0.0572588 -0.0572044 -0.0570328 -0.0567802 -0.0565423 -0.0563652 
0 0.00668497 0.0132157 0.0194279 0.0252084 0.0304044 0.0349338 0.0387175 0.0417174 0.0439333 0.045348 0.0460276 0.0460093 0.0453965 0.044271 0.0427211 0.0408609 0.0387371 0.0364446 0.034032 0.0315878 0.0291395 0.0266896 0.0242632 0.0218506 0.0194453 0.0170071 0.0145352 0.0120009 0.00938007 0.00662821 0.00376703 0.00080013 -0.00225935 -0.00540593 -0.00864634 -0.0118973 -0.0151478 -0.0183232 -0.0214048 -0.0243252 -0.0270096 -0.0294252 -0.0315185 -0.0332551 -0.0346034 -0.035543 -0.0360859 -0.0362514 -0.0360101 -0.035413 -0.0344588 -0.0332378 -0.0317935 -0.030153 -0.0283686 -0.0264828 -0.02456 -0.0226514 -0.0207719 -0.0189392 -0.0171936 -0.0155449 -0.014044 -0.012663 -0.0114101 -0.01027 -0.00924372 -0.00831463 -0.00749013 -0.00672375 -0.00600425 -0.00531405 -0.0046399 -0.00395404 -0.00319758 -0.002289 -0.00121153 5.95876e-05 0.00159625 0.00339208 0.00541977 0.00761415 0.00984761 0.0119282 0.0136028 0.0145447 0.0144937 0.0131536 0.0103124 0.00589671 -6.75166e-05 -0.00745255 -0.0158883 -0.0249367 -0.0340536 -0.0426236 -0.0500313 -0.0557803 -0.0594226 -0.0606764 -0.0594371 -0.0558003 -0.0499817 -0.0424259 -0.0336723 -0.0242948 -0.0148899 -0.00605084 0.00182133 0.00837394 0.0133983 0.0168744 0.0189023 0.0196383 0.0193746 0.0183785 0.016935 0.0152928 0.0136561 0.0121753 0.0109291 0.00990207 0.00912422 0.00859266 0.00824549 0.00803275 0.00792121 0.0078825 0.00791094 0.00802386 0.00821904 0.00852531 0.00892602 0.00942215 0.0100323 0.0107938 0.0116942 0.0127643 0.0139613 0.0153035 0.0167892 0.0184047 0.0201283 0.0219271 0.0237564 0.025613 0.027439 0.029184 0.0308016 0.0322086 0.0334001 0.0342894 0.0348394 0.0350072 0.0347812 0.0341611 0.0331388 0.0316811 0.0298289 0.0276117 0.0250929 0.0223189 0.0193024 0.0161412 0.0128743 0.00958579 0.00628568 0.00301743 -0.000179359 -0.00328494 -0.00628639 -0.00918146 -0.0119632 -0.014654 -0.0172723 -0.0198715 -0.0224421 -0.0250222 -0.0276268 -0.0303003 -0.0330452 -0.0358224 -0.0386473 -0.0414657 -0.0442571 -0.046953 -0.0495306 -0.0519481 -0.0541267 -0.0560508 -0.057692 -0.0590679 -0.0601664 -0.0610126 -0.0616434 -0.0620681 -0.0623328 -0.0624726 -0.0625458 
0 0.00667263 0.0131594 0.0193134 0.0249654 0.0300209 0.03436 0.0379334 0.0407048 0.042655 0.0438212 0.0442354 0.0440078 0.043218 0.041972 0.0403738 0.0384998 0.0364446 0.0342626 0.0320419 0.0298296 0.0276383 0.0254889 0.0233698 0.0212975 0.0192462 0.0171838 0.01509 0.0129196 0.0106603 0.00827051 0.00574626 0.00309939 0.00031361 -0.00260781 -0.0056482 -0.00876083 -0.0119063 -0.0150676 -0.0181997 -0.0212503 -0.0241556 -0.0268427 -0.0292831 -0.0314217 -0.0332142 -0.0346245 -0.0356511 -0.0362789 -0.0365043 -0.0363384 -0.0358009 -0.0349429 -0.0337922 -0.0323919 -0.0307669 -0.0289927 -0.0271357 -0.0252358 -0.0233189 -0.0214227 -0.0195515 -0.0177843 -0.0161335 -0.0145931 -0.0131812 -0.0118745 -0.0106884 -0.00963109 -0.0086637 -0.00776223 -0.00691556 -0.00608532 -0.00527214 -0.00442298 -0.0035229 -0.00250494 -0.00130239 0.000142518 0.00182506 0.00375695 0.00590878 0.00822574 0.0105212 0.012601 0.0141992 0.0150239 0.0147801 0.0132194 0.0101292 0.00542105 -0.000891896 -0.00859167 -0.0173484 -0.026712 -0.0360948 -0.0448878 -0.0525254 -0.0584103 -0.0621214 -0.0634004 -0.0621049 -0.058327 -0.0523638 -0.0445871 -0.0355475 -0.0258567 -0.0161133 -0.00688996 0.00132278 0.00819944 0.0135436 0.0173237 0.0195898 0.02053 0.0203886 0.0194432 0.017991 0.0163332 0.0146524 0.01311 0.0117779 0.0107154 0.00990446 0.00931568 0.00892602 0.00872817 0.00864818 0.00867151 0.00876318 0.00895194 0.00924401 0.00963347 0.0101292 0.0107391 0.0114685 0.0123651 0.0134185 0.014627 0.0159948 0.0174818 0.019105 0.0208379 0.0226413 0.0244792 0.026325 0.0281276 0.029855 0.0314289 0.0327913 0.0338929 0.0347135 0.035203 0.0353158 0.0350215 0.0343127 0.0332091 0.0317098 0.0298306 0.027578 0.0250245 0.0222345 0.0192517 0.0161364 0.0129386 0.00971401 0.00651625 0.00336752 0.000312482 -0.00262884 -0.00543914 -0.00811442 -0.0106771 -0.0131013 -0.0154215 -0.0176748 -0.0199025 -0.0221437 -0.0244013 -0.0267283 -0.029144 -0.0316696 -0.0343167 -0.0370617 -0.0399055 -0.0427913 -0.0456947 -0.0485801 -0.0513974 -0.0541099 -0.0566417 -0.0589833 -0.0610885 -0.0629446 -0.0645445 -0.0658743 -0.066955 -0.0677632 -0.0683415 -0.0686961 
