0 0 0 0 0 0 0 0 0 0 0 0 0 0 0 0 0 0 0 0 0 0 0 0 0 0 0 0 0 0 0 0 0 0 0 0 0 0 0 0 0 0 0 0 0 0 0 0 0 0 0 0 0 0 0 0 0 0 0 0 0 0 0 0 0 0 0 0 0 0 0 0 0 0 0 0 0 0 0 0 0 0 0 0 0 0 0 0 0 0 0 0 0 0 0 0 0 0 0 0 0 0 0 0 0 0 0 0 0 0 0 0 0 0 0 0 0 0 0 0 0 0 0 0 0 0 0 0 0 0 0 0 0 0 0 0 0 0 0 0 0 0 0 0 0 0 0 0 0 0 0 0 0 0 0 0 0 0 0 0 0 0 0 0 0 0 0 0 0 0 0 0 0 0 0 0 0 0 0 0 0 0 0 0 0 0 0 0 0 0 0 0 0 0 0 0 0 0 0 0 
0 -0.00186911 -0.00367931 -0.00537073 -0.00686725 -0.0081245 -0.00909369 -0.00975672 -0.0101321 -0.010245 -0.0101342 -0.0098143 -0.0093193 -0.00867505 -0.00792449 -0.00713019 -0.0063308 -0.00556961 -0.00485002 -0.00418132 -0.00357182 -0.00303692 -0.00258837 -0.00220482 -0.00188374 -0.00161177 -0.00137452 -0.00117657 -0.00102714 -0.000918 -0.000829391 -0.000747138 -0.000681454 -0.00061902 -0.000571989 -0.000542579 -0.000512939 -0.000491431 -0.00045468 -0.000423853 -0.000399119 -0.000392222 -0.000387372 -0.00036718 -0.000347615 -0.000324441 -0.000303667 -0.00029193 -0.000284235 -0.000271557 -0.000261535 -0.000238486 -0.000224494 -0.000217737 -0.000222595 -0.000219498 -0.000210871 -0.000197692 -0.000183746 -0.000174995 -0.000167732 -0.000166418 -0.000172347 -0.000187371 -0.000190769 -0.000203252 -0.00022941 -0.000275382 -0.000330398 -0.000400554 -0.000476286 -0.000584296 -0.000701544 -0.00084265 -0.00101704 -0.00120431 -0.00139247 -0.00158662 -0.00174965 -0.00187906 -0.0019605 -0.00197832 -0.00192999 -0.00179077 -0.00155856 -0.00124478 -0.000849714 -0.000405807 4.61351e-05 0.000500791 0.000913381 0.00125752 0.00152201 0.00169138 0.00175506 0.0017493 0.0016871 0.00159957 0.00151822 0.00146948 0.00145058 0.00148432 0.00155942 0.00165918 0.00176319 0.00185146 0.0018697 0.00180902 0.00165222 0.00138987 0.00104342 0.000645959 0.00019911 -0.000250541 -0.000678015 -0.00106661 -0.00138266 -0.00161341 -0.00176375 -0.0018266 -0.00181541 -0.00172951 -0.00158011 -0.00140574 -0.00120934 -0.00102052 -0.000852492 -0.000687118 -0.000526168 -0.000395842 -0.000279138 -0.000187606 -0.000105183 -4.27685e-05 2.2051e-06 3.29073e-05 6.98782e-05 9.36016e-05 0.000113382 0.000122192 0.000122732 0.000121786 0.000132857 0.000145857 0.000161349 0.000173747 0.000176233 0.000180727 0.000180123 0.000188903 0.000197224 0.000214672 0.000221866 0.000218919 0.000220157 0.000234754 0.000252929 0.000279321 0.000288781 0.000294523 0.00030756 0.000319297 0.000344226 0.000365873 0.000393083 0.000403424 0.000415303 0.000441253 0.000473455 0.000511851 0.00053994 0.000554874 0.000567999 0.000582451 0.000598064 0.000613716 0.000619985 0.00061181 0.000583458 0.000565788 0.000547571 0.000509284 0.00044284 0.000336948 0.000199532 2.54485e-05 -0.000163751 -0.000382231 -0.00064406 -0.000944786 -0.00128392 -0.00164635 -0.00203564 -0.00243576 -0.00283995 -0.00323473 -0.003591 -0.00389381 -0.00412024 -0.00427121 
0 -0.00367931 -0.00725069 -0.0105596 -0.0135091 -0.0159692 -0.0178975 -0.0192307 -0.0200016 -0.0202632 -0.0200475 -0.0194363 -0.018461 -0.0172215 -0.0157765 -0.0142347 -0.0126792 -0.0111628 -0.00974384 -0.00841825 -0.00722544 -0.00617361 -0.00527179 -0.00449154 -0.0038283 -0.00327557 -0.00280504 -0.00240975 -0.00209977 -0.00186189 -0.00165498 -0.00149201 -0.00135609 -0.00124846 -0.00115307 -0.00107894 -0.00101931 -0.000963115 -0.000914984 -0.00085745 -0.000811586 -0.000783476 -0.000752316 -0.000708735 -0.000680107 -0.000646604 -0.000621638 -0.000594056 -0.00057092 -0.000553291 -0.000529419 -0.000511315 -0.000479245 -0.000462113 -0.000451947 -0.000425078 -0.000405948 -0.000393235 -0.00037332 -0.00037492 -0.00036183 -0.0003526 -0.000357634 -0.000363849 -0.000388768 -0.000420995 -0.000460764 -0.000531102 -0.000643083 -0.000789128 -0.000953108 -0.00114866 -0.00140868 -0.00170936 -0.00204013 -0.00239008 -0.00276088 -0.00313171 -0.00347 -0.0037483 -0.0039271 -0.00396095 -0.0038493 -0.00357048 -0.00310543 -0.00246441 -0.00168362 -0.000807279 0.000111339 0.00100171 0.00181227 0.00251327 0.00304224 0.00337486 0.00353259 0.00351597 0.00338045 0.00321273 0.0030452 0.00292976 0.00291793 0.00298741 0.00313295 0.00334429 0.00354804 0.00369338 0.00374013 0.00361424 0.00329221 0.00278733 0.00210696 0.00129429 0.000413755 -0.000485113 -0.00135518 -0.00212981 -0.00276063 -0.00323224 -0.00352369 -0.00363011 -0.00359172 -0.00342079 -0.00314515 -0.00280444 -0.00243296 -0.00205911 -0.00169336 -0.00134659 -0.00104896 -0.000774643 -0.000539461 -0.000358516 -0.000214223 -9.31438e-05 7.67099e-06 7.85683e-05 0.000121225 0.000167159 0.000203144 0.000232031 0.000252576 0.000256314 0.000281252 0.000295693 0.000301237 0.000316292 0.000325798 0.000339328 0.000362171 0.000366837 0.000387562 0.000412571 0.000433366 0.000446739 0.000459519 0.000486511 0.000512808 0.000544396 0.000566091 0.000590057 0.000624677 0.000664448 0.000692827 0.000740147 0.000786884 0.00082507 0.000866271 0.000912504 0.000968871 0.00101923 0.00106789 0.00110112 0.00113502 0.00116421 0.00118619 0.00119948 0.00121648 0.00120496 0.00117014 0.00113893 0.00108979 0.00100915 0.000859665 0.000667214 0.000390845 4.97572e-05 -0.000340196 -0.000798697 -0.00132044 -0.00193557 -0.0025967 -0.00332874 -0.00409924 -0.00489093 -0.00568996 -0.00644536 -0.00714765 -0.00772415 -0.00817821 -0.00847319 
0 -0.00537073 -0.0105596 -0.0153832 -0.0196506 -0.0232597 -0.0261019 -0.0281239 -0.0293444 -0.0297951 -0.0295557 -0.0286893 -0.0273242 -0.0255656 -0.0235224 -0.0213263 -0.0190589 -0.0168403 -0.0147257 -0.0127728 -0.0110083 -0.00944403 -0.00808482 -0.00688425 -0.00586514 -0.0050219 -0.00431333 -0.00372095 -0.00324011 -0.00284954 -0.00252385 -0.0022561 -0.0020698 -0.00190656 -0.00176472 -0.00164566 -0.0015294 -0.00145744 -0.00137696 -0.00131095 -0.00123638 -0.00117782 -0.00111976 -0.00104953 -0.00101383 -0.000983245 -0.000944147 -0.000901508 -0.000857818 -0.000814233 -0.000796978 -0.000759365 -0.00073011 -0.000696277 -0.000672998 -0.000632857 -0.000601598 -0.000584392 -0.000575605 -0.000570482 -0.000548185 -0.000526415 -0.000525013 -0.000559192 -0.000581675 -0.000629952 -0.000705993 -0.000822917 -0.000966608 -0.00116548 -0.00140607 -0.00174899 -0.00212974 -0.00256484 -0.00306815 -0.003595 -0.00412966 -0.00469252 -0.00519232 -0.00560606 -0.00587627 -0.00594289 -0.00578794 -0.00535276 -0.00463901 -0.00368666 -0.00251186 -0.00120286 0.000135009 0.00147692 0.00270598 0.00374466 0.00454811 0.00506717 0.00527496 0.00526197 0.00507695 0.00481568 0.00457257 0.00442596 0.00438025 0.00448794 0.00471658 0.00501486 0.00531709 0.00555796 0.00559666 0.00540005 0.00492439 0.00415012 0.00313136 0.00195124 0.000624094 -0.000728675 -0.00202787 -0.00320633 -0.00415962 -0.00484297 -0.00526551 -0.00542438 -0.00537197 -0.00512165 -0.00470697 -0.00421699 -0.00365368 -0.00308625 -0.00255413 -0.00203106 -0.00154081 -0.00115183 -0.000821679 -0.000564065 -0.000327139 -0.000133651 1.17173e-05 0.000106304 0.000195874 0.000247698 0.000297787 0.000338755 0.000371777 0.00039659 0.000430257 0.000444433 0.000453962 0.000469382 0.000486171 0.000524383 0.000546616 0.00056823 0.000575016 0.000610159 0.000644673 0.000674171 0.000709552 0.000750471 0.000774472 0.000815198 0.00083965 0.00088382 0.000952321 0.000998091 0.00104909 0.00109264 0.00117322 0.001241 0.00131514 0.00139634 0.0014596 0.00152648 0.00158856 0.00164879 0.00171521 0.00176465 0.00178718 0.00180087 0.00181462 0.00181883 0.00177633 0.00172777 0.00163442 0.00146928 0.00124068 0.00093262 0.000537975 1.77177e-05 -0.000584823 -0.00128561 -0.00209405 -0.00299333 -0.00398869 -0.00505728 -0.00620097 -0.00736439 -0.00851423 -0.00961371 -0.0106018 -0.0114483 -0.0120994 -0.0125403 
0 -0.00686725 -0.0135091 -0.0196506 -0.0251294 -0.0297662 -0.0334918 -0.0361985 -0.0378945 -0.0386198 -0.0384148 -0.0374253 -0.0357628 -0.0336168 -0.0310923 -0.0283384 -0.025474 -0.0226082 -0.0198718 -0.0173066 -0.01498 -0.0128963 -0.0110599 -0.00943893 -0.00805296 -0.0069045 -0.00594165 -0.00513007 -0.00446673 -0.00392981 -0.00346843 -0.00310883 -0.00282662 -0.00260132 -0.00239528 -0.00221818 -0.00206937 -0.0019468 -0.00185157 -0.00175166 -0.0016622 -0.00159111 -0.00151483 -0.00142789 -0.00137488 -0.00131817 -0.00126477 -0.00119927 -0.00113933 -0.00109395 -0.00105023 -0.00101536 -0.000961435 -0.000926263 -0.000900756 -0.000851285 -0.000812971 -0.000786853 -0.000752531 -0.000747183 -0.000720119 -0.000699642 -0.000705519 -0.000724517 -0.000774253 -0.000843758 -0.000934924 -0.00108187 -0.00130051 -0.0015824 -0.00190863 -0.00230842 -0.00282259 -0.00341857 -0.00407988 -0.00478223 -0.00552117 -0.00625874 -0.00692925 -0.00747516 -0.007822 -0.00789034 -0.00766819 -0.00711086 -0.00618919 -0.00492286 -0.003376 -0.00163823 0.000179722 0.00195201 0.00357022 0.00496196 0.00601889 0.00669374 0.00701226 0.00699801 0.00675337 0.00643183 0.00611349 0.00589786 0.0058676 0.00600354 0.00628979 0.00669357 0.00708765 0.00736911 0.00744116 0.00717809 0.00652955 0.00551256 0.00415459 0.0025433 0.000792285 -0.000992543 -0.00271401 -0.00425029 -0.00550567 -0.006439 -0.00701815 -0.00723674 -0.00716122 -0.00682144 -0.00627377 -0.00559618 -0.00485486 -0.00410772 -0.00338285 -0.00269718 -0.00209777 -0.0015582 -0.0010958 -0.000730307 -0.000432621 -0.000184028 1.80808e-05 0.000161356 0.000255307 0.000342227 0.000411174 0.000465775 0.000505457 0.000522053 0.000568966 0.000598021 0.000612724 0.000640364 0.000664985 0.000700579 0.000745153 0.000757423 0.000784953 0.0008228 0.000862531 0.000898861 0.000936139 0.000988171 0.00103187 0.00108513 0.00113188 0.00119399 0.00127482 0.00135052 0.0014004 0.0014756 0.00156448 0.00165385 0.00175162 0.00184961 0.00194815 0.00203444 0.00212723 0.00221351 0.00230732 0.00237922 0.00241435 0.00242477 0.00244617 0.0024385 0.0023861 0.00230247 0.00214287 0.00189927 0.00155118 0.00114143 0.000595544 -9.38481e-05 -0.000913229 -0.00187579 -0.00295337 -0.00417039 -0.00546729 -0.00688032 -0.00835902 -0.00985582 -0.011328 -0.0126991 -0.0139557 -0.0150049 -0.015844 -0.0164039 
0 -0.0081245 -0.0159692 -0.0232597 -0.0297662 -0.0353489 -0.039876 -0.0432508 -0.0454537 -0.0464998 -0.0464673 -0.0454661 -0.0436766 -0.0412675 -0.0383881 -0.0352063 -0.0318461 -0.0284659 -0.0251736 -0.0220586 -0.0191825 -0.0165804 -0.0142758 -0.0122358 -0.0104835 -0.00900624 -0.00774576 -0.00667994 -0.00580828 -0.00510214 -0.00451215 -0.00401998 -0.00363944 -0.00331719 -0.00304913 -0.00283294 -0.00263866 -0.00248885 -0.0023365 -0.00220407 -0.00208438 -0.00199762 -0.00191267 -0.00180701 -0.00172784 -0.00165252 -0.00157538 -0.00150484 -0.0014423 -0.00138038 -0.00133231 -0.00126055 -0.00119785 -0.00115136 -0.00112771 -0.00108341 -0.00103563 -0.000990408 -0.000950898 -0.00092675 -0.000897363 -0.00087982 -0.000889778 -0.000933092 -0.000971523 -0.00104679 -0.00117554 -0.00137634 -0.00163676 -0.00197533 -0.00237882 -0.0029123 -0.00353376 -0.00425767 -0.00509243 -0.00598212 -0.00689472 -0.0078209 -0.00864298 -0.00930636 -0.00972931 -0.00982775 -0.0095638 -0.00886214 -0.00770753 -0.00614178 -0.0042124 -0.0020513 0.000182808 0.00239741 0.00442633 0.00614688 0.00747239 0.00833458 0.00871496 0.00872013 0.00844813 0.00805098 0.00767222 0.0074318 0.00736897 0.00753672 0.00789655 0.00837287 0.00885356 0.00921625 0.00927218 0.00893181 0.00812498 0.00683565 0.00513902 0.00315837 0.000970085 -0.00125593 -0.00338802 -0.00530627 -0.00687029 -0.0080125 -0.00872572 -0.00900936 -0.00892709 -0.00850914 -0.00781929 -0.00698296 -0.00604738 -0.00511221 -0.00423205 -0.00338681 -0.00260468 -0.00194573 -0.00138045 -0.000927053 -0.000536059 -0.000223021 1.14034e-05 0.000177185 0.000325092 0.00043329 0.000524362 0.000585683 0.000621791 0.000647814 0.000697895 0.000741289 0.000779723 0.000816154 0.000842093 0.00088306 0.000915405 0.000950373 0.000983046 0.00104327 0.0010941 0.00113029 0.00117411 0.00123707 0.00129935 0.00138051 0.0014383 0.00150618 0.00159734 0.00167595 0.00176702 0.0018634 0.00198869 0.00209114 0.00219736 0.00232201 0.0024449 0.00257276 0.00268597 0.00278507 0.0028884 0.00297575 0.00303189 0.0030667 0.00308794 0.00307251 0.00298299 0.0028519 0.00262961 0.00228483 0.00182811 0.00125833 0.000551804 -0.000338193 -0.00138046 -0.00258927 -0.0039605 -0.00546603 -0.00708747 -0.00879779 -0.0105777 -0.0123564 -0.0140797 -0.0156955 -0.0171427 -0.018378 -0.0193464 -0.0200073 
0 -0.00909369 -0.0178975 -0.0261019 -0.0334918 -0.039876 -0.0451314 -0.0491287 -0.0518378 -0.0532838 -0.0535199 -0.0526807 -0.0509119 -0.0484074 -0.0453239 -0.0418516 -0.0381516 -0.0343691 -0.0306355 -0.0270296 -0.0236472 -0.0205496 -0.0177793 -0.0153214 -0.0131838 -0.0113492 -0.00976726 -0.00842031 -0.0073149 -0.00641857 -0.00565986 -0.00502948 -0.00451354 -0.00409286 -0.00374613 -0.00346838 -0.00323494 -0.00303222 -0.00284756 -0.00267486 -0.00253002 -0.00241894 -0.00230852 -0.00218358 -0.00208449 -0.00199011 -0.00190372 -0.00181952 -0.0017463 -0.00168256 -0.00161745 -0.00154543 -0.00146396 -0.00140463 -0.00136164 -0.00130046 -0.00124163 -0.00119277 -0.00114625 -0.0011257 -0.00109638 -0.00107689 -0.00108528 -0.00111793 -0.00117677 -0.00127065 -0.00141365 -0.00163797 -0.00195684 -0.00236841 -0.00286481 -0.00348516 -0.00424702 -0.00512773 -0.00610928 -0.00715468 -0.0082447 -0.00933324 -0.0103244 -0.0111276 -0.011637 -0.0117494 -0.0114197 -0.0105827 -0.00921125 -0.0073383 -0.0050496 -0.00248208 0.000196625 0.00282434 0.00523561 0.00730018 0.00888638 0.00992325 0.0104197 0.0104448 0.0101373 0.00968943 0.00924955 0.00895783 0.0089049 0.00910323 0.00952033 0.0100829 0.0106365 0.0110251 0.0110815 0.0106576 0.00967632 0.0081442 0.00612237 0.00373794 0.00113545 -0.00151792 -0.00406687 -0.00634509 -0.00820894 -0.00958049 -0.0104279 -0.0107563 -0.0106426 -0.0101433 -0.00934176 -0.00834781 -0.00725084 -0.00613697 -0.00505933 -0.00403988 -0.00312608 -0.00232474 -0.00164297 -0.00109312 -0.000642967 -0.000276139 1.11782e-05 0.000220461 0.000377878 0.000510522 0.00061985 0.000701639 0.000755766 0.000790046 0.000848573 0.000895597 0.000930075 0.000966581 0.000999282 0.00104483 0.00109778 0.001136 0.00118821 0.001256 0.00131924 0.00137013 0.00142254 0.00149518 0.00157349 0.00166494 0.00174279 0.00182698 0.00192941 0.00203537 0.00214345 0.00227881 0.00242409 0.00255038 0.00267449 0.00281299 0.00296777 0.00312018 0.00325816 0.00336924 0.0034793 0.00357997 0.00365857 0.00371147 0.00373735 0.00369065 0.0035553 0.00335635 0.00305428 0.00261655 0.00202109 0.00128783 0.000374248 -0.000727056 -0.00200123 -0.00346495 -0.00510765 -0.00691975 -0.00883364 -0.0108314 -0.0128571 -0.0148572 -0.0167829 -0.0185682 -0.0201745 -0.0215225 -0.0225846 -0.0232997 
0 -0.00975672 -0.0192307 -0.0281239 -0.0361985 -0.0432508 -0.0491287 -0.0537032 -0.0569346 -0.0588443 -0.0594796 -0.058946 -0.0573783 -0.054952 -0.0518417 -0.0482465 -0.0443433 -0.0402833 -0.0361968 -0.0321842 -0.028358 -0.024806 -0.0215828 -0.018693 -0.0161479 -0.0139392 -0.0120266 -0.0103916 -0.00902871 -0.00790085 -0.00694795 -0.00615425 -0.00550794 -0.00497753 -0.00453585 -0.00417099 -0.00386575 -0.00361046 -0.00338778 -0.00318599 -0.00300889 -0.002858 -0.00271265 -0.00256913 -0.00245611 -0.00235521 -0.00225186 -0.00214366 -0.00204324 -0.00195881 -0.00188514 -0.00180775 -0.001723 -0.00165044 -0.00158736 -0.00151421 -0.00144774 -0.00139662 -0.00135459 -0.00132437 -0.00128514 -0.00125538 -0.00126062 -0.00130327 -0.00137843 -0.00149638 -0.00167495 -0.00193661 -0.00229541 -0.00276198 -0.00334683 -0.00408291 -0.00497163 -0.0059935 -0.00713008 -0.0083427 -0.00960266 -0.010859 -0.0120056 -0.0129321 -0.0135195 -0.0136552 -0.0132684 -0.0122907 -0.0106984 -0.00853298 -0.00589137 -0.00293106 0.00016103 0.00320312 0.00600561 0.00840376 0.0102563 0.0114792 0.0120755 0.0121354 0.0118172 0.0113242 0.01084 0.0105192 0.0104573 0.0106821 0.0111567 0.0117847 0.0124042 0.012829 0.0128609 0.0123413 0.0111848 0.00939308 0.00704734 0.00428868 0.00127769 -0.00179658 -0.00474752 -0.00738711 -0.00954804 -0.0111321 -0.0121054 -0.0124873 -0.0123541 -0.0117786 -0.0108582 -0.00971369 -0.00844565 -0.00715202 -0.00589723 -0.00471023 -0.00363894 -0.00271172 -0.00193255 -0.00129482 -0.000763401 -0.000325903 1.45472e-05 0.000264952 0.000452666 0.000600404 0.000719403 0.000812571 0.000882149 0.000938957 0.00100549 0.00105761 0.00109447 0.00113276 0.00117847 0.00124127 0.00130602 0.00135305 0.0014021 0.00146781 0.0015401 0.0016112 0.00168764 0.00177345 0.00186009 0.00195381 0.00204524 0.00215298 0.00228093 0.00240749 0.00253199 0.0026775 0.00284079 0.00299853 0.0031564 0.00332367 0.00349782 0.00367032 0.00383066 0.003973 0.00411054 0.00423221 0.00432441 0.00438224 0.00439438 0.00431324 0.00411911 0.00382959 0.00341757 0.00284691 0.00209485 0.00116414 2.91438e-05 -0.001309 -0.00283199 -0.00454875 -0.00645808 -0.00853637 -0.0107156 -0.0129469 -0.0151696 -0.017333 -0.0193929 -0.0212956 -0.0229916 -0.0244103 -0.0255125 -0.0262528 
0 -0.0101321 -0.0200016 -0.0293444 -0.0378945 -0.0454537 -0.0518378 -0.0569346 -0.0606937 -0.0631178 -0.0642474 -0.0641428 -0.0629362 -0.0607689 -0.0578233 -0.054285 -0.0503291 -0.046122 -0.0417951 -0.037485 -0.0333068 -0.0293627 -0.0257126 -0.0223891 -0.0194248 -0.0168302 -0.0145753 -0.0126335 -0.0109816 -0.00958348 -0.00840748 -0.00742629 -0.00663248 -0.00596932 -0.00540945 -0.00493688 -0.00454191 -0.00422617 -0.00395437 -0.00371902 -0.00350688 -0.00331823 -0.00314319 -0.00298218 -0.00284717 -0.0027302 -0.00260354 -0.00247512 -0.00235423 -0.00224902 -0.00216391 -0.00206986 -0.00198118 -0.00189901 -0.00182509 -0.00174907 -0.00167381 -0.00160884 -0.00156069 -0.00151373 -0.00147099 -0.00144099 -0.00144544 -0.00149699 -0.00157877 -0.0017142 -0.0019274 -0.00223547 -0.00264743 -0.00317818 -0.00384315 -0.00468053 -0.00567795 -0.00683544 -0.00813302 -0.0095241 -0.0109609 -0.0123871 -0.0136788 -0.014713 -0.0153619 -0.0155115 -0.0150702 -0.0139646 -0.0121698 -0.00972958 -0.00674417 -0.0033935 0.00010658 0.00355781 0.00674148 0.0094601 0.0115736 0.0129886 0.0136941 0.0138077 0.0134977 0.0129725 0.0124544 0.0121139 0.0120424 0.0122924 0.012818 0.0134966 0.0141651 0.0146141 0.0146087 0.0139902 0.0126601 0.010607 0.00793397 0.00480143 0.00138401 -0.00209647 -0.00542473 -0.00840242 -0.0108463 -0.0126416 -0.013752 -0.0142 -0.0140543 -0.0134019 -0.0123539 -0.0110515 -0.00960738 -0.00813669 -0.00671856 -0.0053845 -0.00416646 -0.00311447 -0.00222279 -0.00148462 -0.00086958 -0.000369316 1.60922e-05 0.000302711 0.000526893 0.000695238 0.000831878 0.000935569 0.00101049 0.00108042 0.00114926 0.0012125 0.00126471 0.00131157 0.00136831 0.00144068 0.00150685 0.00156792 0.00161988 0.00169099 0.00177102 0.00185443 0.00194891 0.00204797 0.00214948 0.00225421 0.00236324 0.00249543 0.00265017 0.00279817 0.00294557 0.00309687 0.00327539 0.00346219 0.00365642 0.00385756 0.00404951 0.00424019 0.00442195 0.00460381 0.0047783 0.00492215 0.00501426 0.00505431 0.00502845 0.00490219 0.00464117 0.00424298 0.00368849 0.0029445 0.00200948 0.000862982 -0.000498912 -0.00208681 -0.00387648 -0.00585494 -0.00801989 -0.010321 -0.0127137 -0.0151211 -0.0174924 -0.0197701 -0.0219064 -0.0238652 -0.025582 -0.0270166 -0.0281121 -0.0288495 
0 -0.010245 -0.0202632 -0.0297951 -0.0386198 -0.0464998 -0.0532838 -0.0588443 -0.0631178 -0.0660948 -0.0677658 -0.0682042 -0.0674841 -0.065749 -0.063147 -0.059833 -0.0559922 -0.0517744 -0.0473558 -0.0428694 -0.0384465 -0.0341888 -0.0301614 -0.0264394 -0.0230696 -0.0200776 -0.0174552 -0.0151673 -0.0131919 -0.0115027 -0.010068 -0.00887942 -0.00788419 -0.00706369 -0.00636776 -0.00578079 -0.00530678 -0.00490221 -0.00457151 -0.004273 -0.00402214 -0.00380151 -0.00359831 -0.00341471 -0.00324568 -0.00309295 -0.00295333 -0.00281683 -0.00269069 -0.00258258 -0.0024653 -0.00236008 -0.00224951 -0.00216135 -0.00207856 -0.00199631 -0.00190888 -0.00182966 -0.00175961 -0.00170898 -0.00167112 -0.00165057 -0.00166284 -0.00169936 -0.00179496 -0.0019433 -0.00217237 -0.00251335 -0.00299325 -0.00359589 -0.00435277 -0.00526274 -0.00638633 -0.00769059 -0.00913131 -0.0106845 -0.0123033 -0.0138744 -0.0153112 -0.0164573 -0.0171711 -0.0173307 -0.0168311 -0.0156059 -0.013618 -0.0108984 -0.00758693 -0.00386528 4.90433e-05 0.00388332 0.00742576 0.0104739 0.0128437 0.0144429 0.015296 0.0154714 0.0151754 0.014649 0.0141079 0.0137353 0.0136812 0.0139485 0.0145049 0.0152361 0.0159382 0.01637 0.0163321 0.0156034 0.014084 0.011788 0.00880079 0.0052812 0.00147758 -0.00239747 -0.00610366 -0.00940037 -0.0121119 -0.0141173 -0.0153599 -0.0158661 -0.0157011 -0.0149768 -0.0138237 -0.0123601 -0.0107602 -0.00912446 -0.00752476 -0.0060351 -0.00469924 -0.00350535 -0.00249509 -0.00164782 -0.000970358 -0.000423498 6.78368e-06 0.000336977 0.000576907 0.000783759 0.000943518 0.00106566 0.00115054 0.00121795 0.00128945 0.00136328 0.00142843 0.0014889 0.00155404 0.00161795 0.0016937 0.00175737 0.00184216 0.00192863 0.00202314 0.0021165 0.00221207 0.0023212 0.00244764 0.0025709 0.00270796 0.00285672 0.00301897 0.00319939 0.00336882 0.00356328 0.00375838 0.00397459 0.00419699 0.00441768 0.00464305 0.00485069 0.00505894 0.00526594 0.00545946 0.00561361 0.00569872 0.00570637 0.0056294 0.0054292 0.00508749 0.00456077 0.00383638 0.00289979 0.00173921 0.000369339 -0.00124438 -0.00308394 -0.0051488 -0.00739759 -0.00978578 -0.0122814 -0.0148093 -0.0173405 -0.0197972 -0.0221347 -0.0242992 -0.0262366 -0.0279264 -0.0293082 -0.030374 -0.0310864 
0 -0.0101342 -0.0200475 -0.0295557 -0.0384148 -0.0464673 -0.0535199 -0.0594796 -0.0642474 -0.0677658 -0.0700465 -0.0710905 -0.0709945 -0.0698239 -0.0677187 -0.0647965 -0.0612175 -0.0571645 -0.0527871 -0.0482559 -0.0436833 -0.0391919 -0.034865 -0.0308035 -0.0270617 -0.0236781 -0.0206592 -0.0180037 -0.0156907 -0.0136895 -0.0119942 -0.0105409 -0.00932568 -0.00830113 -0.00745584 -0.00675392 -0.00616718 -0.00567809 -0.00524621 -0.00488318 -0.00457821 -0.00431483 -0.00407938 -0.00386695 -0.00365525 -0.00348007 -0.00331424 -0.00317291 -0.00303848 -0.00290486 -0.00278101 -0.00264286 -0.00252995 -0.00242405 -0.00232388 -0.00223474 -0.00213809 -0.00204377 -0.00198287 -0.00191408 -0.00187392 -0.00185293 -0.0018634 -0.00192116 -0.00201404 -0.0021754 -0.00244402 -0.00282762 -0.0033346 -0.00399372 -0.00483988 -0.00589119 -0.00712262 -0.00854992 -0.0101442 -0.0118585 -0.0136168 -0.0153486 -0.0169157 -0.0181666 -0.018951 -0.0191393 -0.0185876 -0.0172249 -0.0150271 -0.0120519 -0.00841937 -0.00434431 -7.3852e-05 0.00414765 0.00806203 0.0114142 0.0140535 0.015866 0.0168344 0.0170995 0.0168556 0.0163219 0.0157774 0.0154149 0.0153408 0.015628 0.016226 0.0169717 0.0176905 0.0181269 0.0180059 0.0171511 0.0154545 0.0128912 0.00959354 0.0057429 0.00155436 -0.00270986 -0.00677415 -0.0104048 -0.013386 -0.0155762 -0.0169268 -0.017484 -0.0173093 -0.0165225 -0.0152585 -0.0136787 -0.0119164 -0.0101079 -0.00835208 -0.00670611 -0.00518963 -0.00388023 -0.00277605 -0.00185255 -0.00108713 -0.000472541 -1.8771e-06 0.000359533 0.000651763 0.000873695 0.00105155 0.00118598 0.0012824 0.00137761 0.00144647 0.00152683 0.00160485 0.00167085 0.00174459 0.00181981 0.00188546 0.00197806 0.00206725 0.00217612 0.00228576 0.00238676 0.00249698 0.00261343 0.00275989 0.00290903 0.00306777 0.00323192 0.00340619 0.00359399 0.00381403 0.00403572 0.00427556 0.0045158 0.00475498 0.00500596 0.00525467 0.00551057 0.005744 0.00597236 0.00616546 0.00631149 0.0063838 0.00635925 0.00620391 0.00590327 0.00542923 0.00474081 0.00382887 0.00266485 0.00127312 -0.000373437 -0.0022433 -0.00435173 -0.00667735 -0.00915682 -0.0117511 -0.0143686 -0.0170013 -0.0195727 -0.0220605 -0.0243983 -0.0265193 -0.0284026 -0.0299881 -0.0313001 -0.0322893 -0.0329695 
0 -0.0098143 -0.0194363 -0.0286893 -0.0374253 -0.0454661 -0.0526807 -0.058946 -0.0641428 -0.0682042 -0.0710905 -0.072824 -0.0734149 -0.0729239 -0.0714385 -0.0690466 -0.0659098 -0.0621704 -0.0579989 -0.0535388 -0.0489264 -0.0443005 -0.0397606 -0.0354303 -0.0313631 -0.0276002 -0.0241983 -0.0211687 -0.0185085 -0.0161911 -0.0141885 -0.0124721 -0.0109871 -0.00975027 -0.00871694 -0.0078486 -0.00713388 -0.0065132 -0.00599971 -0.00555629 -0.00519275 -0.00487363 -0.00459074 -0.00434813 -0.00411351 -0.00390294 -0.00371718 -0.00354068 -0.00337301 -0.00322722 -0.0030764 -0.00294811 -0.00282017 -0.00269962 -0.00257454 -0.0024688 -0.00236664 -0.00227859 -0.00220168 -0.00213196 -0.0020804 -0.00204929 -0.00205839 -0.00210602 -0.00223839 -0.00243493 -0.00271614 -0.00312315 -0.00369704 -0.00442738 -0.00536491 -0.00648414 -0.00785037 -0.00942519 -0.0111466 -0.0130037 -0.014936 -0.0167999 -0.0185104 -0.0198736 -0.0207142 -0.0208938 -0.0202757 -0.0187953 -0.016423 -0.0131966 -0.00927715 -0.00486662 -0.000209504 0.00436891 0.00861997 0.0122983 0.0151931 0.0171995 0.0183466 0.0187054 0.0185067 0.018014 0.0174736 0.0170926 0.0170494 0.0173475 0.0179529 0.0187293 0.0194444 0.0198196 0.0196357 0.0186457 0.016743 0.0139436 0.0103456 0.00612719 0.00158353 -0.00303804 -0.00744894 -0.0113708 -0.0146037 -0.0169983 -0.0184837 -0.0190918 -0.0188887 -0.0180301 -0.0166762 -0.0149491 -0.0130549 -0.0110947 -0.00915303 -0.0073473 -0.00572662 -0.00428172 -0.00306339 -0.00203175 -0.00120889 -0.00054055 1.32771e-06 0.000424674 0.000726083 0.000971162 0.00115426 0.00130499 0.00142737 0.00153414 0.00162227 0.00170721 0.00178326 0.00185504 0.00194305 0.00202742 0.0021224 0.00221286 0.00232 0.0024197 0.00253525 0.00265898 0.00278643 0.0029264 0.00309069 0.00325131 0.00343965 0.00363186 0.00382447 0.00404869 0.00428055 0.00454263 0.00479747 0.00507171 0.0053436 0.00561572 0.00591333 0.00620141 0.00647971 0.0067258 0.00691026 0.00703253 0.00706864 0.0069836 0.00672817 0.00627622 0.00562944 0.00473493 0.00360101 0.00221142 0.000550897 -0.00136645 -0.00353087 -0.00589278 -0.00844616 -0.0111191 -0.0138437 -0.0165706 -0.019236 -0.021818 -0.0242591 -0.0265242 -0.0285572 -0.0303147 -0.0317944 -0.0329789 -0.0338885 -0.0345075 
0 -0.0093193 -0.018461 -0.0273242 -0.0357628 -0.0436766 -0.0509119 -0.0573783 -0.0629362 -0.0674841 -0.0709945 -0.0734149 -0.0747513 -0.0749933 -0.0742194 -0.0724915 -0.0699283 -0.0666667 -0.0628337 -0.0585909 -0.0540729 -0.0494369 -0.0447932 -0.0402738 -0.0359367 -0.0318514 -0.0280905 -0.0246992 -0.0216723 -0.0189889 -0.0166658 -0.0146406 -0.0129002 -0.0114162 -0.0101672 -0.00910657 -0.00821469 -0.00747266 -0.00684695 -0.00632218 -0.00587349 -0.00547389 -0.00513193 -0.00485541 -0.00458847 -0.00435904 -0.00413661 -0.00393341 -0.00373866 -0.00356093 -0.00340554 -0.00325255 -0.00312108 -0.00298201 -0.00284045 -0.00272774 -0.0026214 -0.00251862 -0.00244428 -0.0023523 -0.00229165 -0.00225829 -0.00226664 -0.00233048 -0.00245988 -0.00267327 -0.00300445 -0.00346404 -0.00406926 -0.00485654 -0.00587391 -0.00711387 -0.00856995 -0.0102582 -0.0121379 -0.0141657 -0.0162402 -0.0182555 -0.0200702 -0.0215091 -0.0224019 -0.0226026 -0.0219372 -0.0203374 -0.0177777 -0.0143218 -0.0101111 -0.00537962 -0.000394668 0.00454208 0.0091406 0.0131108 0.016275 0.018507 0.0198009 0.020286 0.0201777 0.0197161 0.0192018 0.0188484 0.0187964 0.0191079 0.0197339 0.0204936 0.0211841 0.0215198 0.0212202 0.0200796 0.0179891 0.0149265 0.0110308 0.0064996 0.00159984 -0.00337697 -0.00810881 -0.0123262 -0.0157964 -0.018363 -0.0199575 -0.0206294 -0.0204364 -0.0195257 -0.0180586 -0.0162108 -0.0141512 -0.0120279 -0.00995166 -0.00801309 -0.00623205 -0.00467564 -0.00335828 -0.00224387 -0.00132277 -0.000580711 4.83562e-07 0.000453617 0.000805504 0.00106952 0.00126836 0.00142591 0.00155736 0.00169023 0.00178127 0.0018782 0.00196815 0.00204967 0.00214848 0.00224819 0.00234173 0.00245907 0.00256289 0.00267253 0.00279832 0.00294094 0.00310425 0.00326587 0.00344588 0.00361789 0.00382207 0.00404435 0.00427625 0.00452818 0.00480354 0.00507528 0.00536415 0.00567394 0.00599084 0.00631373 0.00663334 0.0069528 0.00724181 0.00750008 0.00766893 0.00774635 0.00771389 0.00752869 0.00713276 0.00651228 0.0056581 0.00452782 0.00314214 0.0014841 -0.000442913 -0.00266151 -0.00510039 -0.00771244 -0.0104539 -0.0132513 -0.0160674 -0.0188233 -0.0215005 -0.0240178 -0.0263564 -0.028479 -0.0303491 -0.0319683 -0.0332967 -0.0343707 -0.0351693 -0.0357245 
0 -0.00867505 -0.0172215 -0.0255656 -0.0336168 -0.0412675 -0.0484074 -0.054952 -0.0607689 -0.065749 -0.0698239 -0.0729239 -0.0749933 -0.0760075 -0.0760133 -0.0750438 -0.0731802 -0.0705157 -0.0671697 -0.0632909 -0.0590186 -0.0545057 -0.0498652 -0.0452405 -0.0407163 -0.0363738 -0.0323137 -0.0285777 -0.0251769 -0.0221209 -0.0194419 -0.0171079 -0.0150693 -0.0133191 -0.0118216 -0.0105388 -0.0094631 -0.00856039 -0.00781125 -0.00717593 -0.00663335 -0.0061533 -0.0057454 -0.00541285 -0.0051 -0.00482047 -0.00457231 -0.00434793 -0.00413633 -0.00394379 -0.0037586 -0.0035906 -0.00343977 -0.0032878 -0.00313323 -0.00300468 -0.00287823 -0.00275736 -0.00265754 -0.00256919 -0.00251871 -0.00249631 -0.00250636 -0.00255882 -0.00269737 -0.00292616 -0.00326865 -0.00376361 -0.00443948 -0.00530315 -0.00640028 -0.00771567 -0.00929066 -0.0111153 -0.0131283 -0.0152972 -0.017524 -0.0196597 -0.021589 -0.0231184 -0.0240585 -0.0242533 -0.0235374 -0.0218327 -0.0191132 -0.0154335 -0.0109564 -0.0059141 -0.000587693 0.0046794 0.0095895 0.0138601 0.0172788 0.0197268 0.0212162 0.0218415 0.0218282 0.0214445 0.0209683 0.0206283 0.0206003 0.0209154 0.0215279 0.0222749 0.022916 0.02316 0.0227517 0.0214554 0.0191587 0.0158605 0.0116766 0.00681112 0.00157305 -0.00373248 -0.00877125 -0.0132474 -0.0169357 -0.0196768 -0.0213969 -0.0221241 -0.0219218 -0.0209576 -0.0194077 -0.0174321 -0.0152413 -0.0129698 -0.0107285 -0.00864362 -0.00675227 -0.00507066 -0.00363063 -0.00240574 -0.00142038 -0.000636746 -9.12621e-06 0.000485381 0.000861834 0.00116197 0.00139115 0.0015753 0.00172418 0.00185194 0.00194635 0.00204542 0.00214667 0.00224505 0.00235486 0.00245607 0.00256129 0.00268727 0.00282025 0.00294765 0.00309063 0.0032505 0.00342336 0.00360448 0.00380226 0.00399916 0.00423598 0.00449155 0.00475608 0.00505215 0.00536227 0.00567603 0.00599348 0.0063448 0.00671175 0.00707586 0.00743161 0.00775478 0.00804554 0.00828926 0.00842528 0.00843618 0.00829208 0.00795327 0.00737128 0.00654491 0.00546505 0.00407561 0.00240214 0.000453759 -0.001766 -0.00425349 -0.00694372 -0.00975654 -0.0126417 -0.0155245 -0.018363 -0.0211104 -0.023723 -0.0261386 -0.0283173 -0.0302466 -0.0319218 -0.0333543 -0.0345366 -0.0354714 -0.0361668 -0.036644 
0 -0.00792449 -0.0157765 -0.0235224 -0.0310923 -0.0383881 -0.0453239 -0.0518417 -0.0578233 -0.063147 -0.0677187 -0.0714385 -0.0742194 -0.0760133 -0.0768357 -0.0766832 -0.0755891 -0.0736204 -0.0708808 -0.0675028 -0.0636123 -0.0593463 -0.0548255 -0.0502058 -0.0455935 -0.0410838 -0.0367834 -0.0327478 -0.0290071 -0.0255991 -0.0225738 -0.0199037 -0.0175442 -0.0154969 -0.0137372 -0.0122234 -0.0109346 -0.00983793 -0.00891666 -0.00814065 -0.00748598 -0.00691621 -0.00643123 -0.00602592 -0.00564887 -0.00531711 -0.00503544 -0.00478917 -0.00455473 -0.00433144 -0.00411481 -0.00391983 -0.0037503 -0.0035847 -0.00341995 -0.00327997 -0.00314305 -0.0030096 -0.0028977 -0.00280159 -0.00274568 -0.00272399 -0.00273775 -0.00279706 -0.00294633 -0.00319782 -0.00357396 -0.00410496 -0.00481914 -0.00574561 -0.00693256 -0.0083581 -0.0100434 -0.0119845 -0.0141299 -0.0164357 -0.0187925 -0.0210519 -0.0230831 -0.024692 -0.025683 -0.025883 -0.0251143 -0.0232952 -0.020409 -0.0165216 -0.0117972 -0.00647536 -0.000844439 0.00474523 0.00997119 0.0145331 0.0182129 0.0208866 0.0225647 0.0233502 0.0234645 0.0231742 0.0227613 0.0224588 0.0224419 0.0227522 0.0233439 0.0240489 0.0246235 0.0247724 0.0242272 0.0227552 0.0202461 0.0166982 0.0122357 0.00707393 0.00152379 -0.00409246 -0.00942341 -0.0141609 -0.0180642 -0.0209652 -0.0227881 -0.0235639 -0.0233634 -0.0223555 -0.020725 -0.0186475 -0.0163275 -0.0139126 -0.0115257 -0.00929216 -0.00725797 -0.00545706 -0.00391969 -0.00261372 -0.00154938 -0.000699247 -2.04267e-05 0.000516981 0.000933661 0.00126354 0.00151219 0.00171056 0.0018762 0.00201782 0.00212371 0.0022333 0.0023492 0.00246614 0.00258813 0.00269499 0.00280406 0.00294115 0.00309249 0.00324356 0.00340871 0.00358661 0.00377366 0.00397086 0.00419137 0.0044253 0.00470078 0.00498686 0.00527305 0.00559392 0.00594502 0.00630902 0.00667852 0.00707355 0.00748012 0.00788171 0.00826559 0.00860142 0.00888181 0.00908775 0.009157 0.00906502 0.00877665 0.00824539 0.00743558 0.00636296 0.00501981 0.00334534 0.00135891 -0.000907329 -0.00342385 -0.00616192 -0.00904769 -0.0120052 -0.0149816 -0.0179028 -0.0207196 -0.0233876 -0.0258706 -0.0281178 -0.0300984 -0.0318086 -0.0332632 -0.034493 -0.035504 -0.0362996 -0.0368897 -0.0372982 
0 -0.00713019 -0.0142347 -0.0213263 -0.0283384 -0.0352063 -0.0418516 -0.0482465 -0.054285 -0.059833 -0.0647965 -0.0690466 -0.0724915 -0.0750438 -0.0766832 -0.0773697 -0.0770923 -0.0759061 -0.0738804 -0.071123 -0.067734 -0.0638381 -0.0595685 -0.0550813 -0.0504883 -0.0458989 -0.0414239 -0.0371525 -0.0331313 -0.0294101 -0.0260532 -0.0230279 -0.0203326 -0.0179657 -0.0159238 -0.0141553 -0.0126175 -0.0113015 -0.0101803 -0.0092461 -0.00845792 -0.00777849 -0.00720198 -0.00671752 -0.00627408 -0.00588893 -0.00555412 -0.00526404 -0.004992 -0.00473188 -0.00449884 -0.00428071 -0.00409247 -0.00390078 -0.00371552 -0.00356167 -0.00342265 -0.00328219 -0.0031644 -0.00305175 -0.00297979 -0.00294793 -0.00295632 -0.00303211 -0.00319796 -0.0034749 -0.00388416 -0.00445198 -0.00520818 -0.00620672 -0.00747216 -0.00900382 -0.0107884 -0.0128387 -0.0151131 -0.0175508 -0.0200299 -0.0224223 -0.024554 -0.0262365 -0.0272658 -0.0274548 -0.0266255 -0.0247 -0.0216632 -0.0175919 -0.0126391 -0.00705287 -0.00113932 0.00475626 0.0102839 0.0151255 0.0190699 0.0219869 0.0238663 0.0248338 0.0250954 0.0249089 0.0245718 0.0243235 0.0243193 0.0246294 0.0251961 0.0258375 0.0263182 0.0263477 0.0256351 0.0239742 0.0212528 0.0174583 0.0127268 0.0072865 0.00143956 -0.004462 -0.0100554 -0.0150324 -0.0191376 -0.0222004 -0.0241339 -0.0249607 -0.0247618 -0.0237061 -0.0219881 -0.01982 -0.0173773 -0.0148267 -0.0123062 -0.00993603 -0.00776464 -0.00585306 -0.00420661 -0.0028179 -0.00167233 -0.000753888 -1.90747e-05 0.000565646 0.00102635 0.00137149 0.0016326 0.00183963 0.00202239 0.00219017 0.00231604 0.00244037 0.00256367 0.00268725 0.00281668 0.0029402 0.00306287 0.00322261 0.00338043 0.00354541 0.00372333 0.00392164 0.00413956 0.00436501 0.00461397 0.00488679 0.00520129 0.00552734 0.00585035 0.00619915 0.00659717 0.00700732 0.0074383 0.0078779 0.00831762 0.00874777 0.00914324 0.0094895 0.00974491 0.00988336 0.00983596 0.00958407 0.00910525 0.00834599 0.00727248 0.00590875 0.00425133 0.00226157 -4.36574e-05 -0.00261894 -0.00540409 -0.00835705 -0.0113777 -0.0144154 -0.0174178 -0.0203194 -0.0230668 -0.0255919 -0.0278881 -0.0299113 -0.031669 -0.0331548 -0.0343857 -0.0354101 -0.0362298 -0.036883 -0.0373663 -0.0377153 
0 -0.0063308 -0.0126792 -0.0190589 -0.025474 -0.0318461 -0.0381516 -0.0443433 -0.0503291 -0.0559922 -0.0612175 -0.0659098 -0.0699283 -0.0731802 -0.0755891 -0.0770923 -0.0776606 -0.0773078 -0.076078 -0.0740305 -0.0712505 -0.0678537 -0.0639784 -0.0597546 -0.0553048 -0.0507275 -0.046176 -0.0417427 -0.0374964 -0.0335068 -0.0298175 -0.0264664 -0.0234256 -0.020743 -0.0183926 -0.0163332 -0.0145393 -0.012982 -0.0116628 -0.0105416 -0.00958372 -0.00876031 -0.00806889 -0.00748736 -0.00698239 -0.00652013 -0.00612964 -0.00577813 -0.00546079 -0.00517903 -0.00491561 -0.00468844 -0.00446742 -0.00424736 -0.00404006 -0.00386734 -0.00371391 -0.00357252 -0.00342592 -0.00331349 -0.00323232 -0.00319513 -0.00320303 -0.00327493 -0.00345961 -0.00376398 -0.00419151 -0.00479463 -0.00561695 -0.00667898 -0.00801781 -0.00962144 -0.0115215 -0.013693 -0.016089 -0.0186513 -0.0212693 -0.0237544 -0.0259749 -0.0277235 -0.0287835 -0.0289565 -0.0280863 -0.0260639 -0.0228911 -0.0186324 -0.0134676 -0.00763362 -0.00144614 0.00472406 0.0105224 0.0156516 0.0198541 0.0230136 0.0251334 0.0262967 0.0267123 0.0266679 0.0264192 0.0262192 0.0262545 0.0265582 0.0270717 0.0276468 0.0280077 0.0278713 0.0269865 0.0251253 0.0221736 0.0181556 0.0131712 0.00745312 0.00133007 -0.00483751 -0.0106845 -0.015872 -0.0201567 -0.0233571 -0.0254035 -0.0262869 -0.0260957 -0.025008 -0.0232326 -0.0209504 -0.0183966 -0.0157183 -0.0130554 -0.0105466 -0.00827615 -0.00624992 -0.00449609 -0.00299987 -0.00178368 -0.000809703 -1.6764e-05 0.000615996 0.00110203 0.00147907 0.00175877 0.00198455 0.00218899 0.00235905 0.00251274 0.00264353 0.00277448 0.00290749 0.0030442 0.00317963 0.00333608 0.00350583 0.00369273 0.00386324 0.00405371 0.00428119 0.00452864 0.00480256 0.00507929 0.005384 0.00573016 0.00609879 0.00647686 0.0068918 0.00733549 0.00780867 0.00828176 0.00877056 0.00924986 0.00969059 0.0100887 0.0103909 0.0105912 0.0106108 0.0103993 0.00993619 0.00921185 0.00819061 0.00682754 0.00514061 0.00313479 0.000804531 -0.00181693 -0.00466073 -0.00767656 -0.0107833 -0.0139035 -0.0169617 -0.0199254 -0.0227441 -0.0253428 -0.0276852 -0.0297279 -0.0315 -0.0330017 -0.0342535 -0.0352752 -0.0360848 -0.0367359 -0.0372325 -0.0376296 -0.0379219 
0 -0.00556961 -0.0111628 -0.0168403 -0.0226082 -0.0284659 -0.0343691 -0.0402833 -0.046122 -0.0517744 -0.0571645 -0.0621704 -0.0666667 -0.0705157 -0.0736204 -0.0759061 -0.0773078 -0.0778116 -0.0774115 -0.0761372 -0.0740596 -0.0712737 -0.0679083 -0.0640732 -0.0598736 -0.0554495 -0.0509268 -0.0464331 -0.0420334 -0.0378119 -0.0338611 -0.0301971 -0.0268606 -0.0238445 -0.0211677 -0.0188056 -0.0167259 -0.0149322 -0.0133799 -0.0120477 -0.0108909 -0.00989707 -0.00906521 -0.00836888 -0.00775726 -0.00722274 -0.00675225 -0.00634811 -0.00598933 -0.00565609 -0.00536815 -0.00510024 -0.00485626 -0.00461605 -0.00439145 -0.00419322 -0.00401919 -0.00384419 -0.00369757 -0.00357356 -0.00349583 -0.00346604 -0.00347168 -0.00355224 -0.00372844 -0.00404344 -0.00452509 -0.00517506 -0.00602352 -0.00715196 -0.00856331 -0.0102793 -0.0122655 -0.0145415 -0.0170801 -0.0197742 -0.02248 -0.0250794 -0.0273609 -0.0291505 -0.0302462 -0.0304265 -0.0295055 -0.0273963 -0.0240865 -0.0196653 -0.0142937 -0.00823056 -0.00180187 0.00463906 0.0107136 0.0160911 0.0205544 0.0239717 0.0263106 0.0277006 0.0283241 0.0284223 0.0282935 0.0281809 0.0282219 0.0285092 0.0289723 0.0294271 0.0296482 0.0293583 0.028266 0.0261938 0.0230294 0.0187622 0.0135272 0.00756525 0.00118284 -0.0052347 -0.011303 -0.0166927 -0.0211382 -0.0244703 -0.026597 -0.0275351 -0.0273803 -0.0262786 -0.0244313 -0.0220863 -0.0194027 -0.0165848 -0.0138073 -0.0111792 -0.00876655 -0.00663742 -0.00478073 -0.00321613 -0.00190297 -0.000848307 -2.20323e-05 0.00063751 0.00117272 0.00158098 0.00190155 0.00215029 0.0023667 0.00255692 0.00270532 0.00284769 0.00299162 0.00314555 0.00329979 0.00345399 0.00361617 0.00381507 0.00401221 0.00421881 0.0044334 0.00468169 0.00496924 0.00527178 0.00559037 0.00593489 0.00631515 0.0067303 0.00717462 0.00765205 0.00817284 0.00868703 0.00921152 0.00973059 0.0102378 0.0106994 0.0110521 0.011289 0.0113561 0.011215 0.0107996 0.0100833 0.00907467 0.00773496 0.00604678 0.00401247 0.00164172 -0.00102958 -0.00394702 -0.00702409 -0.0101942 -0.0134039 -0.0165536 -0.0195882 -0.0224491 -0.0250995 -0.0274966 -0.0295851 -0.0313759 -0.032868 -0.0341142 -0.0351288 -0.0359334 -0.0365673 -0.0370408 -0.0374169 -0.0377073 -0.0379424 
