0 0 0 0 0 0 0 0 0 0 0 0 0 0 0 0 0 0 0 0 0 0 0 0 0 0 0 0 0 0 0 0 0 0 0 0 0 0 0 0 0 0 0 0 0 0 0 0 0 0 0 0 0 0 0 0 0 0 0 0 0 0 0 0 0 0 0 0 0 0 0 0 0 0 0 0 0 0 0 0 0 0 0 0 0 0 0 0 0 0 0 0 0 0 0 0 0 0 0 0 0 0 0 0 0 0 0 0 0 0 0 0 0 0 0 0 0 0 0 0 0 0 0 0 0 0 0 0 0 0 0 0 0 0 0 0 0 0 0 0 0 0 0 0 0 0 0 0 0 0 0 0 0 0 0 0 0 0 0 0 0 0 0 0 0 0 0 0 0 0 0 0 0 0 0 0 0 0 0 0 0 0 0 0 0 0 0 0 0 0 0 0 0 0 0 0 0 0 0 0 
0 -7.63542e-07 4.34084e-06 1.12692e-06 5.04799e-06 2.02285e-06 1.12516e-05 1.71467e-05 1.76845e-05 2.6098e-05 3.28408e-05 4.82766e-05 5.81821e-05 8.20067e-05 0.000117561 0.00015438 0.000204 0.000273944 0.00037184 0.000484472 0.000617156 0.00078391 0.000982403 0.00120925 0.00147904 0.0017958 0.0021634 0.00257605 0.003033 0.0035319 0.00405317 0.00459542 0.00512636 0.00562595 0.00608589 0.00649116 0.00681911 0.00704293 0.007152 0.0071266 0.00694804 0.00660739 0.00611233 0.00546593 0.00470134 0.00384713 0.00291165 0.00193091 0.000929121 -6.4534e-05 -0.00101981 -0.00191233 -0.00271007 -0.00339594 -0.00395393 -0.00437055 -0.00467076 -0.00485644 -0.00492545 -0.00490316 -0.00477439 -0.00455707 -0.00427989 -0.00394841 -0.00358241 -0.00319206 -0.00276726 -0.00231508 -0.00183749 -0.00134339 -0.000854306 -0.000390781 1.3561e-05 0.000336707 0.00055176 0.000647269 0.000615711 0.000458929 0.000189519 -0.000163432 -0.000583806 -0.00103347 -0.00147949 -0.00187596 -0.00219707 -0.0024373 -0.00258333 -0.00261736 -0.00256702 -0.00244747 -0.00227039 -0.00205663 -0.00182503 -0.00158825 -0.00136547 -0.00116182 -0.000987273 -0.000845964 -0.00073507 -0.000658195 -0.000622874 -0.000621155 -0.00065386 -0.000725003 -0.000831229 -0.000967599 -0.00113216 -0.00131337 -0.00150638 -0.00169631 -0.00186863 -0.00200989 -0.00209296 -0.00208783 -0.00199825 -0.00181272 -0.00152161 -0.00113379 -0.000678858 -0.000179071 0.000343026 0.000867269 0.00135249 0.00177922 0.00211957 0.00235961 0.00250123 0.00255915 0.00255965 0.00254752 0.00254262 0.00257137 0.00264072 0.00275106 0.0029081 0.00310454 0.00334328 0.00361699 0.00390137 0.00419011 0.00445883 0.00467913 0.00485549 0.00495247 0.00495856 0.00487308 0.00466915 0.00434167 0.0038859 0.00328678 0.0025569 0.00171856 0.000800135 -0.000168272 -0.00116635 -0.0021609 -0.00313377 -0.00405034 -0.00487202 -0.00558259 -0.00615989 -0.00657985 -0.00683698 -0.00694347 -0.00690601 -0.00675175 -0.00649367 -0.00614437 -0.00571785 -0.0052361 -0.0047303 -0.00420178 -0.00367827 -0.00318406 -0.00272818 -0.0023163 -0.00194962 -0.00163054 -0.00135716 -0.00112202 -0.000924823 -0.000754715 -0.000608044 -0.000498579 -0.000406277 -0.000333144 -0.000271555 -0.000232253 -0.000210465 -0.000183364 -0.000175142 -0.000168738 -0.000168983 -0.000159891 -0.000152347 -0.000161232 -0.000156456 -0.000155091 -0.000146656 -0.00014773 
0 4.34084e-06 7.87303e-06 1.94926e-05 1.50019e-05 2.05519e-05 3.04884e-05 3.71452e-05 4.38155e-05 4.69893e-05 7.23771e-05 9.19988e-05 0.000118374 0.000168073 0.000238816 0.000327541 0.000427053 0.000577834 0.000772291 0.000997306 0.00126385 0.00159714 0.00199417 0.0024552 0.00299373 0.00363369 0.00437344 0.00519397 0.00611887 0.00709643 0.00813944 0.00919934 0.0102369 0.011221 0.0120998 0.0128939 0.0135081 0.0139271 0.0141167 0.0140403 0.0136734 0.0130003 0.0120224 0.0107664 0.00927134 0.00759049 0.00576622 0.00382086 0.00186577 -8.72178e-05 -0.00195417 -0.00369142 -0.00525471 -0.00660753 -0.00770832 -0.00855221 -0.00915687 -0.00952737 -0.00968836 -0.00964287 -0.00942093 -0.00902135 -0.00850449 -0.00787507 -0.00716891 -0.00637552 -0.00553224 -0.0046141 -0.00366087 -0.0026969 -0.00173819 -0.000830773 -3.83988e-05 0.000623185 0.00107405 0.00126732 0.00122446 0.000909252 0.000366961 -0.000349622 -0.00119533 -0.00209104 -0.00294348 -0.00375084 -0.00440799 -0.00487297 -0.00513804 -0.00522881 -0.00512936 -0.00489219 -0.00453024 -0.00410976 -0.00364347 -0.00318068 -0.00272781 -0.00232862 -0.00196993 -0.00168574 -0.00146434 -0.00132438 -0.0012381 -0.00123797 -0.00130595 -0.00145467 -0.00165806 -0.00193744 -0.0022561 -0.00262308 -0.0030029 -0.00338941 -0.00372728 -0.00400305 -0.00415219 -0.00417376 -0.00399937 -0.0036073 -0.00301715 -0.00227605 -0.00135238 -0.000339495 0.000717358 0.00176539 0.00273272 0.00356557 0.00425114 0.0047193 0.00500972 0.00515725 0.00518351 0.00517279 0.00517476 0.00521387 0.00533082 0.00554646 0.00584021 0.00624379 0.00672288 0.00726224 0.00781417 0.00836968 0.00885843 0.00928332 0.00959602 0.00976912 0.00976267 0.00956214 0.00913501 0.00847088 0.00755316 0.00637818 0.00495317 0.00330663 0.00152522 -0.000390623 -0.00234335 -0.00430312 -0.00621513 -0.00800501 -0.00961128 -0.011002 -0.0121276 -0.0129632 -0.0134805 -0.0136984 -0.0136529 -0.0133459 -0.0128621 -0.0121765 -0.0113501 -0.0104238 -0.00943396 -0.00841814 -0.0073891 -0.00641944 -0.00551427 -0.00468838 -0.00394995 -0.00330682 -0.0027487 -0.00227894 -0.00187888 -0.00153748 -0.00125143 -0.00102198 -0.000849998 -0.000691909 -0.000574539 -0.000491854 -0.000433834 -0.000384444 -0.000342583 -0.0003363 -0.000321589 -0.000304273 -0.000294019 -0.00029834 -0.000306029 -0.000290984 -0.000292944 -0.000298749 
0 1.12692e-06 1.94926e-05 1.98133e-05 3.23777e-05 2.74039e-05 4.70238e-05 5.90258e-05 6.20255e-05 8.70243e-05 0.000113915 0.000160761 0.000198442 0.000276286 0.000392696 0.000523709 0.000691667 0.000916348 0.0012136 0.00155586 0.00196333 0.00247551 0.00308929 0.00379371 0.00462291 0.00558832 0.00669621 0.00792803 0.0092766 0.010727 0.0122296 0.0137731 0.0152766 0.0166853 0.0179675 0.019079 0.0199474 0.020503 0.0207198 0.0205574 0.0199806 0.0189738 0.0175569 0.015734 0.0135777 0.0111535 0.00848895 0.00568445 0.00282874 1.14962e-05 -0.00268169 -0.00519236 -0.00745313 -0.00942599 -0.0110673 -0.0123325 -0.0132653 -0.013862 -0.014123 -0.0141171 -0.0138274 -0.0133002 -0.0126001 -0.0117268 -0.0107127 -0.00957834 -0.00831621 -0.00696363 -0.00555184 -0.00411726 -0.00270853 -0.00137093 -0.000180866 0.000800556 0.00148463 0.00181341 0.00175055 0.00129044 0.0004785 -0.000591437 -0.00184996 -0.00318015 -0.00448238 -0.00564299 -0.00658883 -0.00729706 -0.0077287 -0.00784025 -0.00769314 -0.00733275 -0.00679895 -0.00615807 -0.0054671 -0.00476606 -0.0041029 -0.0034957 -0.00296852 -0.00253667 -0.00220008 -0.0019715 -0.00186611 -0.00186676 -0.00197015 -0.00218199 -0.00249389 -0.00289717 -0.00338448 -0.00392752 -0.00450548 -0.00507263 -0.00558099 -0.00598944 -0.00622506 -0.00621408 -0.00595346 -0.00540787 -0.00454801 -0.00339345 -0.00201511 -0.000489714 0.00110059 0.00267675 0.00411933 0.00537047 0.00637169 0.00709648 0.00756133 0.00780272 0.00787683 0.0078849 0.00788061 0.00793928 0.00810552 0.00840443 0.00885818 0.00944571 0.0101504 0.0109281 0.0117052 0.0124631 0.0131479 0.0137034 0.0141321 0.0143381 0.0142745 0.0139287 0.01324 0.012211 0.0108441 0.00911317 0.0070428 0.00467724 0.00207917 -0.000680988 -0.00353596 -0.00638514 -0.00915912 -0.0117555 -0.0140748 -0.0160825 -0.0177284 -0.0189575 -0.0197488 -0.0201216 -0.0200859 -0.0197008 -0.0190071 -0.0180423 -0.0168566 -0.0155173 -0.0141042 -0.0126235 -0.0111402 -0.00971735 -0.00838288 -0.00715713 -0.00605132 -0.00507841 -0.0042374 -0.00351554 -0.00290859 -0.00238833 -0.00194332 -0.00160223 -0.0013179 -0.00108815 -0.00089775 -0.000767869 -0.000681742 -0.000584893 -0.000534461 -0.000499574 -0.000487095 -0.000458423 -0.000436744 -0.000454053 -0.000443531 -0.00044206 -0.000432124 -0.000451247 
0 5.04799e-06 1.50019e-05 3.23777e-05 3.30298e-05 4.34386e-05 6.16729e-05 7.66595e-05 9.42932e-05 0.000117939 0.000174832 0.000231285 0.000299344 0.000412193 0.000571545 0.000770419 0.00100451 0.00132707 0.00173392 0.00220726 0.0027731 0.00347667 0.00431506 0.00528445 0.0064033 0.00770326 0.00917594 0.0107866 0.0125524 0.0143996 0.0163308 0.0182788 0.0201761 0.0219627 0.0235539 0.0249442 0.0259838 0.0266261 0.0268251 0.0265376 0.0257378 0.0244131 0.022571 0.0202465 0.0174986 0.014407 0.0110418 0.00747009 0.00387321 0.000307969 -0.00309851 -0.00628016 -0.00917554 -0.0117316 -0.0138761 -0.0155789 -0.0168506 -0.017688 -0.0181238 -0.0181813 -0.0179084 -0.0173198 -0.0164977 -0.0154436 -0.0141962 -0.0127444 -0.011143 -0.00938425 -0.00754197 -0.00567042 -0.00380857 -0.00203405 -0.00045637 0.000867258 0.00179137 0.00221836 0.00215205 0.00154837 0.000486918 -0.000921616 -0.00257276 -0.00431632 -0.00599097 -0.00754925 -0.00882668 -0.00974532 -0.0102788 -0.0104508 -0.0102537 -0.00977283 -0.0090539 -0.00820898 -0.00728325 -0.00636075 -0.0054675 -0.0046679 -0.00395765 -0.0033855 -0.00294189 -0.00265356 -0.00248991 -0.00248794 -0.00262404 -0.00291263 -0.00331934 -0.00386517 -0.00450183 -0.00522949 -0.00598858 -0.00674945 -0.00741918 -0.0079523 -0.00824267 -0.00826322 -0.00791273 -0.00714925 -0.00599122 -0.00450241 -0.0026679 -0.000637037 0.00148794 0.00359033 0.00552857 0.00720161 0.00856936 0.00953913 0.0101698 0.0105223 0.0106463 0.0106772 0.010703 0.0107849 0.0110028 0.0114023 0.0119674 0.012727 0.0136149 0.0145791 0.0155313 0.0164453 0.0172282 0.0178762 0.0183226 0.0185032 0.0183406 0.0178003 0.0168341 0.0154406 0.0136175 0.0113677 0.00870674 0.00567774 0.00239433 -0.00112429 -0.00473124 -0.00834845 -0.0118674 -0.0151542 -0.0181051 -0.0206726 -0.0227905 -0.0244148 -0.0254972 -0.0260489 -0.0261026 -0.025666 -0.0248536 -0.0236562 -0.0221779 -0.0205047 -0.018708 -0.0168434 -0.0149425 -0.0131133 -0.0113772 -0.00976365 -0.00829499 -0.00698946 -0.00584356 -0.00486427 -0.00402888 -0.00331603 -0.00271598 -0.00223153 -0.00185106 -0.00151775 -0.0012619 -0.00107796 -0.000943291 -0.00082544 -0.000732394 -0.00069755 -0.000665259 -0.0006317 -0.000610194 -0.000610636 -0.000611536 -0.000587263 -0.000586015 -0.000599428 
0 2.02285e-06 2.05519e-05 2.74039e-05 4.34386e-05 5.01475e-05 7.89739e-05 0.000104724 0.000127909 0.000178097 0.000246936 0.000339856 0.000439174 0.000594924 0.000810963 0.00106893 0.00138967 0.00180778 0.00233795 0.00295852 0.00370076 0.00461481 0.00570214 0.00694755 0.00838086 0.0100142 0.0118393 0.0138211 0.0159401 0.0181613 0.020434 0.0227252 0.0249406 0.0270003 0.0288374 0.0303826 0.0315184 0.032159 0.0322716 0.0318212 0.0307819 0.0291429 0.0269298 0.0241611 0.0209219 0.0172984 0.0133492 0.00919862 0.00498659 0.000828337 -0.00316485 -0.00691651 -0.0103492 -0.013403 -0.0160099 -0.0181105 -0.0197328 -0.0208681 -0.0215212 -0.0217502 -0.0215549 -0.0209814 -0.0201056 -0.0189389 -0.0175157 -0.0158551 -0.0139629 -0.0118753 -0.00964589 -0.00734038 -0.00503685 -0.00283415 -0.000862184 0.000764109 0.00190179 0.00245196 0.00237147 0.00165157 0.000368443 -0.00134575 -0.0033649 -0.00551024 -0.00760869 -0.00950081 -0.0110509 -0.0121918 -0.0128693 -0.0130525 -0.0128048 -0.0122034 -0.0113201 -0.0102597 -0.00911088 -0.00794909 -0.00684294 -0.00583801 -0.00496528 -0.00424976 -0.00369663 -0.00332108 -0.00313145 -0.00312281 -0.00329018 -0.00363757 -0.00415259 -0.00482398 -0.00562661 -0.00652347 -0.0074702 -0.00840068 -0.0092337 -0.00989368 -0.0102673 -0.0102547 -0.00980899 -0.00888016 -0.00744697 -0.00555068 -0.00327675 -0.000753773 0.00188776 0.00451201 0.00694631 0.00907338 0.0108001 0.0120658 0.0128954 0.0133533 0.0135378 0.0136013 0.0136501 0.0137837 0.0140727 0.0145512 0.0152332 0.0160991 0.0171096 0.018194 0.0192545 0.0202446 0.021086 0.021719 0.0221181 0.0221781 0.021831 0.0210494 0.0197725 0.0180081 0.0157653 0.0130348 0.00984958 0.00627154 0.00238723 -0.00172263 -0.00595573 -0.0101876 -0.0143075 -0.0181711 -0.0216498 -0.0246923 -0.0272341 -0.029211 -0.0305822 -0.0313505 -0.031519 -0.0311349 -0.0302574 -0.0289332 -0.0272494 -0.0253127 -0.023227 -0.0210252 -0.0187848 -0.0165935 -0.0144974 -0.0125293 -0.0107148 -0.00907913 -0.00763137 -0.00637371 -0.00529919 -0.00437857 -0.00359705 -0.00297192 -0.00245537 -0.00202634 -0.00167911 -0.00142876 -0.0012477 -0.00107953 -0.000968772 -0.000899075 -0.000858894 -0.00081109 -0.000778175 -0.000782346 -0.000764688 -0.000749541 -0.000734089 -0.000748692 
0 1.12516e-05 3.04884e-05 4.70238e-05 6.16729e-05 7.89739e-05 0.000111299 0.00014581 0.000183995 0.000245576 0.000341401 0.000462452 0.00061041 0.000821808 0.00110324 0.00144602 0.0018652 0.00240407 0.00307359 0.00386153 0.00480062 0.00593946 0.00728116 0.00881545 0.0105566 0.0125186 0.0146798 0.0169972 0.0194492 0.0219796 0.0245503 0.0270993 0.0295354 0.0317701 0.033717 0.0353121 0.0364262 0.0369859 0.0369576 0.0363122 0.0350286 0.0331008 0.0305494 0.0274172 0.0237879 0.0197559 0.0153993 0.0108231 0.00618244 0.00158088 -0.00286357 -0.00706261 -0.0109342 -0.0144055 -0.0173984 -0.0198701 -0.0218321 -0.0232803 -0.0242228 -0.0246792 -0.0246616 -0.0241977 -0.0233573 -0.0221646 -0.0206535 -0.0188328 -0.0167271 -0.0143554 -0.011786 -0.0091016 -0.00639506 -0.00379666 -0.00146461 0.000465196 0.00182205 0.00248469 0.00241422 0.00159382 0.000107457 -0.0019011 -0.00427059 -0.00679244 -0.00925407 -0.0114944 -0.0133319 -0.0146592 -0.0154284 -0.0156434 -0.0153438 -0.0146223 -0.0135695 -0.0123088 -0.010936 -0.00955071 -0.00822255 -0.00701806 -0.00596847 -0.00511109 -0.00445198 -0.00400676 -0.0037697 -0.00375456 -0.00395397 -0.00437136 -0.00498538 -0.00578726 -0.00673761 -0.0078034 -0.00892187 -0.0100258 -0.0110133 -0.0117889 -0.0122244 -0.0122229 -0.0116835 -0.0105473 -0.00881929 -0.00656098 -0.00384186 -0.000821311 0.00234433 0.00548742 0.0084204 0.0109973 0.0131133 0.01468 0.0157269 0.0163318 0.0166056 0.0167211 0.0168141 0.0169876 0.0173247 0.017863 0.0186003 0.0195323 0.0206037 0.0217392 0.0228389 0.0238332 0.0246258 0.0251648 0.0253944 0.025237 0.0246299 0.0235454 0.0219444 0.0198263 0.0171947 0.0140498 0.0104231 0.00638635 0.00204653 -0.00252297 -0.00720049 -0.0118796 -0.0164413 -0.0207361 -0.0246364 -0.0280722 -0.030971 -0.0332677 -0.0349126 -0.0359002 -0.0362391 -0.0359554 -0.0351197 -0.0337651 -0.0319901 -0.0299088 -0.02762 -0.0251845 -0.0226711 -0.0201817 -0.0177682 -0.0154708 -0.0133257 -0.0113643 -0.0096058 -0.00806489 -0.00673398 -0.00559077 -0.00462296 -0.00383219 -0.00318303 -0.00263467 -0.00219226 -0.00185875 -0.00160407 -0.00138752 -0.00122573 -0.00112457 -0.00105088 -0.000982863 -0.000939747 -0.000930129 -0.000917303 -0.000896982 -0.000888065 -0.000899692 
0 1.71467e-05 3.71452e-05 5.90258e-05 7.66595e-05 0.000104724 0.00014581 0.000195615 0.00025583 0.000341839 0.000470593 0.000631911 0.000839229 0.00111763 0.00147736 0.00191718 0.00245295 0.00312843 0.00395587 0.00493501 0.00609664 0.00748221 0.00909605 0.010927 0.012976 0.0152479 0.0177126 0.0203242 0.0230494 0.0258276 0.0286138 0.0313282 0.0338773 0.0361663 0.0381073 0.0396328 0.0406303 0.0410346 0.0408146 0.0399476 0.038417 0.0362225 0.0333893 0.0299789 0.026079 0.021784 0.017178 0.0123523 0.00744742 0.00256673 -0.00217681 -0.00668593 -0.0108767 -0.014669 -0.0179875 -0.0207984 -0.0230988 -0.0248835 -0.0261519 -0.0268968 -0.0271286 -0.0268655 -0.0261605 -0.0250439 -0.0235373 -0.0216456 -0.0193936 -0.0168055 -0.0139586 -0.0109523 -0.00789942 -0.00495357 -0.00229019 -7.8804e-05 0.00149339 0.00228218 0.0022284 0.00131818 -0.000357047 -0.00263933 -0.00533241 -0.00820296 -0.0110059 -0.0135486 -0.015637 -0.0171448 -0.0180135 -0.0182478 -0.0178886 -0.017041 -0.0158182 -0.0143543 -0.0127638 -0.0111586 -0.00961819 -0.00821588 -0.00699141 -0.00598421 -0.00521081 -0.00468872 -0.00441507 -0.00440008 -0.00463448 -0.00511467 -0.00582204 -0.00674328 -0.00783815 -0.00906715 -0.010358 -0.0116289 -0.0127666 -0.0136509 -0.0141401 -0.0141233 -0.0134864 -0.0121647 -0.0101583 -0.00752778 -0.00436276 -0.000840707 0.00285441 0.00652211 0.00995694 0.0129856 0.0154882 0.0173763 0.0186713 0.0194541 0.0198507 0.0200368 0.0201709 0.0203689 0.0207244 0.0212814 0.022037 0.0229807 0.0240489 0.0251553 0.0262002 0.0270952 0.0277446 0.0280931 0.0280736 0.0276258 0.0266981 0.0252681 0.0233205 0.0208554 0.0178749 0.0143853 0.0104162 0.00604614 0.00138439 -0.00348575 -0.00844711 -0.0134045 -0.0182428 -0.0228227 -0.0270225 -0.030757 -0.0339473 -0.0365227 -0.0384288 -0.0396513 -0.0401989 -0.0400905 -0.0393834 -0.0381092 -0.0363575 -0.0342393 -0.0318496 -0.0292654 -0.0265607 -0.0238378 -0.0211612 -0.0185782 -0.0161338 -0.0138671 -0.011808 -0.00997998 -0.0083796 -0.00699276 -0.00581312 -0.00483342 -0.00402588 -0.00334464 -0.00279118 -0.00236003 -0.00201976 -0.00174274 -0.00152728 -0.00138365 -0.00127422 -0.00118236 -0.00112272 -0.00109579 -0.00107913 -0.00105508 -0.00104621 -0.00105114 
0 1.76845e-05 4.38155e-05 6.20255e-05 9.42932e-05 0.000127909 0.000183995 0.00025583 0.000343252 0.00047439 0.00063973 0.000860287 0.00113644 0.00149493 0.0019507 0.00250077 0.00317866 0.00400953 0.00501886 0.00621534 0.00762417 0.00927438 0.011172 0.0132952 0.0156437 0.0181965 0.0209232 0.023783 0.0267063 0.0296641 0.0325621 0.0353375 0.037883 0.0400992 0.0419311 0.0432766 0.0440828 0.0442704 0.043818 0.0427108 0.040937 0.038504 0.0354571 0.0318567 0.0278037 0.0233846 0.0186653 0.0137596 0.00874543 0.00375796 -0.00111971 -0.00579233 -0.0101792 -0.0142003 -0.0177961 -0.0209136 -0.0235425 -0.0256704 -0.0272688 -0.0283452 -0.0288765 -0.028895 -0.0284211 -0.0274807 -0.0260676 -0.0242056 -0.0218815 -0.0191648 -0.0161223 -0.0128631 -0.00952902 -0.00628614 -0.00331719 -0.000852108 0.000916165 0.00182961 0.00177746 0.000780335 -0.00107107 -0.00359965 -0.00657796 -0.00974937 -0.012872 -0.015672 -0.0179798 -0.0196604 -0.0206328 -0.0208638 -0.0204453 -0.0194682 -0.0180756 -0.0163997 -0.0145967 -0.012766 -0.0110219 -0.00942019 -0.0080302 -0.00687342 -0.00598906 -0.00538082 -0.00507652 -0.00505329 -0.00531981 -0.00585339 -0.00665539 -0.00768776 -0.00893128 -0.0103146 -0.01178 -0.0132064 -0.0144838 -0.0154626 -0.0160059 -0.0159446 -0.015201 -0.0137044 -0.0114327 -0.00842145 -0.00482958 -0.000808057 0.00342118 0.00762715 0.0115782 0.0150796 0.0179691 0.0201975 0.021756 0.0227273 0.0232679 0.0235386 0.0237068 0.0239162 0.024257 0.0247778 0.0255065 0.026389 0.0273794 0.0283671 0.029253 0.029933 0.0303436 0.0304002 0.030072 0.0292842 0.0280031 0.0262116 0.0239059 0.0211001 0.0178088 0.0140393 0.00982978 0.00526376 0.000415619 -0.00458691 -0.00967988 -0.0147502 -0.0197026 -0.0244216 -0.0287908 -0.0327221 -0.0361374 -0.0389489 -0.0411059 -0.0425816 -0.0433656 -0.0435042 -0.042995 -0.0419069 -0.0402879 -0.038239 -0.0358613 -0.0332166 -0.0304142 -0.0275302 -0.0246544 -0.0218403 -0.019137 -0.0165938 -0.0142526 -0.0121365 -0.0102582 -0.00860894 -0.00718905 -0.00599937 -0.00499862 -0.00417189 -0.00348611 -0.00294292 -0.00250965 -0.00215474 -0.00189017 -0.00168685 -0.00154417 -0.00142503 -0.00134093 -0.00129677 -0.00125614 -0.00123258 -0.00120868 -0.001204 
0 2.6098e-05 4.69893e-05 8.70243e-05 0.000117939 0.000178097 0.000245576 0.000341839 0.00047439 0.000640802 0.000868914 0.00114514 0.00150957 0.00196267 0.00252578 0.00321724 0.00405492 0.00507447 0.00629163 0.00773064 0.00940671 0.0113331 0.0135038 0.0159148 0.0185285 0.021333 0.0242815 0.0273213 0.0303978 0.0334273 0.0363593 0.0390765 0.0415002 0.0435473 0.0451444 0.0462374 0.0467615 0.0466759 0.0459519 0.0445844 0.0425773 0.0399621 0.0367652 0.033087 0.0289931 0.0245588 0.0198764 0.0150021 0.0100475 0.00509922 0.000239303 -0.00445204 -0.008918 -0.0130846 -0.0168733 -0.0202596 -0.0231778 -0.0256149 -0.027563 -0.0289705 -0.0298581 -0.0302194 -0.0300477 -0.0293602 -0.0281407 -0.0263729 -0.0240932 -0.021331 -0.0181788 -0.0147554 -0.0112064 -0.00771982 -0.00451541 -0.0018309 9.98504e-05 0.001087 0.00104074 -3.61754e-05 -0.00204303 -0.00479269 -0.00802505 -0.0114692 -0.0148378 -0.0178999 -0.0204252 -0.0222296 -0.0232473 -0.0235019 -0.0230157 -0.0219089 -0.0203412 -0.0184694 -0.0164378 -0.0143911 -0.0124272 -0.0106348 -0.00907022 -0.0077823 -0.00679226 -0.00611579 -0.0057509 -0.00571148 -0.005994 -0.00659197 -0.0074807 -0.00863721 -0.0100139 -0.0115576 -0.01317 -0.0147483 -0.0161516 -0.017212 -0.0177714 -0.0177069 -0.0168565 -0.0151419 -0.0125795 -0.00923363 -0.00520408 -0.000689372 0.00407435 0.00881842 0.0132961 0.0172779 0.0206027 0.0231755 0.0250053 0.0261874 0.0268672 0.0272174 0.0274209 0.0276108 0.0278949 0.0283401 0.0289446 0.0296986 0.0305138 0.0312858 0.0319172 0.0322962 0.032355 0.0320631 0.031342 0.0301773 0.0285281 0.026361 0.0237156 0.0205966 0.0170317 0.0130619 0.00871747 0.00406684 -0.000801416 -0.00581841 -0.0108828 -0.015934 -0.0208671 -0.0255822 -0.0300011 -0.0340198 -0.0375681 -0.040566 -0.042946 -0.0446655 -0.0457298 -0.0461347 -0.0459124 -0.0450817 -0.0436996 -0.0418417 -0.0395691 -0.03699 -0.0341707 -0.0312172 -0.0282121 -0.025223 -0.0223121 -0.0195293 -0.016928 -0.0145416 -0.0123836 -0.010465 -0.00879945 -0.0073655 -0.00616484 -0.00515193 -0.00432098 -0.00364336 -0.00308691 -0.00265531 -0.00230091 -0.0020443 -0.00183904 -0.001688 -0.00158092 -0.00149421 -0.00144996 -0.0014006 -0.00138252 -0.00136283 
0 3.28408e-05 7.23771e-05 0.000113915 0.000174832 0.000246936 0.000341401 0.000470593 0.00063973 0.000868914 0.00115006 0.00151355 0.00197358 0.00253924 0.00323717 0.00408326 0.00511586 0.00634579 0.00779667 0.00949915 0.0114536 0.0136521 0.0160952 0.0187575 0.021619 0.0246256 0.0277381 0.0309095 0.0340312 0.0370712 0.0399081 0.0424749 0.04468 0.0464458 0.0477494 0.0484897 0.0486786 0.0482607 0.0472265 0.0455919 0.0433806 0.0406267 0.0373847 0.0337154 0.0296923 0.0253715 0.0208133 0.0161231 0.0113274 0.00655034 0.00182931 -0.00277371 -0.00721092 -0.0114065 -0.015314 -0.0188706 -0.0220238 -0.0247558 -0.0270209 -0.0288025 -0.0300593 -0.0307969 -0.0309757 -0.0306014 -0.0296306 -0.0280818 -0.0259166 -0.0232185 -0.0200485 -0.016527 -0.0128413 -0.00920153 -0.00582647 -0.00302266 -0.00100219 5.36178e-05 -9.5651e-06 -0.00115223 -0.00328397 -0.00621885 -0.00968387 -0.0133818 -0.0170291 -0.0202753 -0.0229404 -0.0248638 -0.0259483 -0.0261522 -0.0255939 -0.0243668 -0.0226395 -0.0205564 -0.0183153 -0.0160309 -0.0138599 -0.0118693 -0.0101488 -0.00871262 -0.00761299 -0.00684327 -0.00644649 -0.00638899 -0.00669595 -0.00733353 -0.00831249 -0.00957676 -0.0110989 -0.0127739 -0.0145387 -0.0162368 -0.017747 -0.0188864 -0.0194987 -0.0193628 -0.0183923 -0.0165035 -0.0136633 -0.00990441 -0.00544108 -0.000436635 0.00483793 0.0101059 0.0151055 0.0195878 0.023338 0.0263066 0.0284429 0.029827 0.0306464 0.031053 0.0312444 0.0313885 0.0315743 0.0318623 0.0322961 0.0328019 0.0333458 0.0338067 0.0340948 0.0340925 0.0337666 0.0330397 0.0319023 0.030314 0.0282678 0.0257467 0.022782 0.0194028 0.0156459 0.0115546 0.00717471 0.00257132 -0.0022285 -0.00710805 -0.012054 -0.0169667 -0.0217655 -0.0263767 -0.0307209 -0.0347174 -0.0383082 -0.0414121 -0.0439745 -0.0459394 -0.047276 -0.0480141 -0.0481016 -0.0476137 -0.0465498 -0.0449639 -0.0429249 -0.0404905 -0.037775 -0.0348325 -0.0317788 -0.0286881 -0.025622 -0.0226498 -0.0198265 -0.0171875 -0.0147665 -0.0125826 -0.0106558 -0.00897853 -0.00753389 -0.00632815 -0.00531319 -0.00447688 -0.00378883 -0.00323502 -0.00279988 -0.00244262 -0.0021768 -0.00197495 -0.00182497 -0.00171389 -0.00163109 -0.00158758 -0.00155295 -0.00153301 
0 4.82766e-05 9.19988e-05 0.000160761 0.000231285 0.000339856 0.000462452 0.000631911 0.000860287 0.00114514 0.00151355 0.00196649 0.00254822 0.00324998 0.00410301 0.00514219 0.00639305 0.00786556 0.00957327 0.0115492 0.0137812 0.0162463 0.0189265 0.021821 0.0248694 0.0280277 0.0312398 0.0344419 0.0375467 0.040464 0.0431288 0.0454346 0.0473275 0.0487536 0.049671 0.0500287 0.0498284 0.0490606 0.0477226 0.0458465 0.043472 0.0406566 0.0374183 0.0338455 0.0299692 0.0258349 0.021529 0.0170971 0.0125924 0.00807669 0.00358464 -0.00083743 -0.00515451 -0.00930296 -0.0132176 -0.0168799 -0.0202 -0.0231632 -0.0257412 -0.0278563 -0.0294931 -0.030619 -0.0311738 -0.0311525 -0.0305121 -0.0292186 -0.0272749 -0.0247109 -0.0216081 -0.0180973 -0.0143771 -0.0106717 -0.00723895 -0.00436812 -0.00230509 -0.0012528 -0.00134107 -0.00255817 -0.00482202 -0.00793718 -0.011606 -0.0155171 -0.0193487 -0.0227989 -0.0256197 -0.027603 -0.0286789 -0.0288686 -0.0282154 -0.0268426 -0.0249375 -0.0226693 -0.0202108 -0.0177225 -0.0153351 -0.0131443 -0.0112327 -0.00965562 -0.00844013 -0.0075985 -0.00714363 -0.00707451 -0.0073978 -0.00810139 -0.00915584 -0.0105208 -0.0121473 -0.0139557 -0.01584 -0.0176699 -0.0192871 -0.0204874 -0.021093 -0.0209369 -0.0198415 -0.0177099 -0.0145571 -0.0104537 -0.00554977 -5.62676e-05 0.00574361 0.0115393 0.0170535 0.0220213 0.0262284 0.0295696 0.0320037 0.0336123 0.034552 0.0349955 0.0351471 0.0351752 0.0351867 0.0352585 0.0354006 0.0355918 0.0357627 0.0358246 0.0356963 0.0352643 0.0344837 0.0333188 0.0317164 0.029701 0.027273 0.0244152 0.0212007 0.0176355 0.0137617 0.00963977 0.00530887 0.000818279 -0.00378729 -0.00845945 -0.013151 -0.0178219 -0.0223864 -0.0267846 -0.0309758 -0.0348655 -0.0384195 -0.0415752 -0.0442754 -0.0464552 -0.0480894 -0.0491469 -0.0496064 -0.0494877 -0.0488047 -0.0475823 -0.0458456 -0.0436861 -0.0411556 -0.0383341 -0.0353156 -0.03219 -0.0290351 -0.0259188 -0.0229123 -0.0200537 -0.0173853 -0.0149451 -0.0127629 -0.0108167 -0.00912878 -0.00768822 -0.00647648 -0.00545794 -0.00460838 -0.00393877 -0.00338034 -0.00293685 -0.00258044 -0.00232122 -0.0021278 -0.00196213 -0.00186282 -0.00178593 -0.00174832 -0.00170991 
0 5.81821e-05 0.000118374 0.000198442 0.000299344 0.000439174 0.00061041 0.000839229 0.00113644 0.00150957 0.00197358 0.00254822 0.00326886 0.00413083 0.00516733 0.00641748 0.00790827 0.00963572 0.0116061 0.0138544 0.0163554 0.0190678 0.0219754 0.0250583 0.0282613 0.0315053 0.034735 0.0378865 0.0408479 0.043557 0.0459264 0.0478904 0.0494005 0.0504168 0.0509209 0.050854 0.0502602 0.0491462 0.0475262 0.0454471 0.0429627 0.0401229 0.0369601 0.033532 0.0298739 0.0260187 0.022028 0.0179558 0.0137989 0.00961577 0.00542332 0.00125676 -0.00285348 -0.00684896 -0.0107006 -0.0143778 -0.0178071 -0.0209624 -0.0237871 -0.026212 -0.0281862 -0.0296751 -0.0306076 -0.0309604 -0.0306726 -0.0297164 -0.0280475 -0.025714 -0.0227808 -0.0193775 -0.0157231 -0.0120579 -0.00864024 -0.00579721 -0.0037696 -0.00276229 -0.00293846 -0.00427478 -0.00667939 -0.00995709 -0.0138064 -0.0179008 -0.0219124 -0.025485 -0.0283936 -0.0304492 -0.0315471 -0.0316645 -0.030902 -0.0293826 -0.027294 -0.0248143 -0.0221478 -0.0194397 -0.0168486 -0.0144642 -0.0123783 -0.0106357 -0.00929063 -0.00835592 -0.00786411 -0.00778891 -0.00813725 -0.00887554 -0.00999236 -0.0114415 -0.0131792 -0.0151015 -0.0171162 -0.0190547 -0.0207532 -0.0220021 -0.0226073 -0.0223492 -0.0211005 -0.0187704 -0.0153352 -0.0108467 -0.00550804 0.000472689 0.00678899 0.0131169 0.0191553 0.0246088 0.0292362 0.0329468 0.0356694 0.0374684 0.0385133 0.0389588 0.0390173 0.0388777 0.0386467 0.038408 0.0381991 0.0379706 0.0376887 0.0372709 0.0366514 0.0357365 0.0344964 0.0328741 0.0308476 0.0284301 0.0256477 0.0225103 0.0190882 0.0154073 0.0115011 0.00742514 0.0032201 -0.00107394 -0.00543709 -0.00980596 -0.0141816 -0.0185179 -0.0227598 -0.0268781 -0.0308355 -0.034559 -0.0380171 -0.0411626 -0.0439518 -0.0463194 -0.0482194 -0.0496166 -0.0504416 -0.0507267 -0.0504552 -0.0496305 -0.0482779 -0.0464523 -0.0442167 -0.0416093 -0.0387289 -0.0356658 -0.0324971 -0.0293097 -0.0261726 -0.0231334 -0.0202464 -0.0175632 -0.0151196 -0.0129041 -0.0109435 -0.0092587 -0.00781932 -0.00659596 -0.00557366 -0.00475486 -0.00408067 -0.00352236 -0.00307909 -0.00274663 -0.00248994 -0.00227657 -0.00212789 -0.00202851 -0.00195898 -0.00190032 
0 8.20067e-05 0.000168073 0.000276286 0.000412193 0.000594924 0.000821808 0.00111763 0.00149493 0.00196267 0.00253924 0.00324998 0.00413083 0.00517958 0.00642873 0.00792079 0.0096746 0.0116729 0.0139146 0.016427 0.0191763 0.0221085 0.0251981 0.0284209 0.0317065 0.0349611 0.0381227 0.0411239 0.0438591 0.0462643 0.0482694 0.049824 0.0508969 0.0514651 0.0515167 0.0510181 0.0500341 0.0486 0.046742 0.0445103 0.0419626 0.0391494 0.0361001 0.0328674 0.0294773 0.0259518 0.0223372 0.0186626 0.014906 0.0111014 0.00726268 0.00341476 -0.000420436 -0.00420378 -0.00791947 -0.0115443 -0.015002 -0.0182565 -0.021248 -0.0239042 -0.0261689 -0.027994 -0.0292922 -0.030014 -0.0300893 -0.0294742 -0.0281262 -0.0260845 -0.0234107 -0.0202287 -0.0167554 -0.0132317 -0.00993326 -0.00719475 -0.00528083 -0.00440759 -0.00473366 -0.00623731 -0.00882051 -0.0122743 -0.0162877 -0.0205268 -0.024665 -0.028353 -0.031341 -0.0334245 -0.0345024 -0.0345597 -0.0336851 -0.0320067 -0.0297241 -0.0270332 -0.0241416 -0.0212103 -0.0184017 -0.0158162 -0.013552 -0.0116667 -0.0102059 -0.00918333 -0.00862633 -0.00851735 -0.00886493 -0.00964237 -0.0108241 -0.0123601 -0.0141975 -0.0162291 -0.018347 -0.0203775 -0.0221345 -0.0233959 -0.0239598 -0.0236108 -0.022202 -0.0196351 -0.0158984 -0.0110558 -0.0052951 0.00116756 0.00800717 0.0148705 0.0214228 0.0273463 0.032382 0.036419 0.0393874 0.0413511 0.0424658 0.0428839 0.0428072 0.0424285 0.0418688 0.0412315 0.0405702 0.0398561 0.0390606 0.0381183 0.03697 0.0355425 0.0338155 0.0317444 0.0293146 0.0265492 0.0234812 0.0201324 0.016578 0.0128477 0.00897571 0.00501368 0.000996755 -0.00305014 -0.00711097 -0.0111383 -0.0151376 -0.0190817 -0.022941 -0.0267158 -0.0303899 -0.0338992 -0.0372154 -0.0403006 -0.0431193 -0.0456145 -0.0477376 -0.0494341 -0.0506244 -0.0513177 -0.0514838 -0.0511012 -0.0501796 -0.0487634 -0.0468943 -0.0445958 -0.0419469 -0.0390332 -0.0359342 -0.0327427 -0.0295357 -0.0263677 -0.0233055 -0.0204139 -0.0177317 -0.0152566 -0.0130289 -0.0110847 -0.00940064 -0.00794586 -0.00671701 -0.00572064 -0.00489572 -0.00420708 -0.00365372 -0.003231 -0.00289808 -0.00262228 -0.00242482 -0.00229088 -0.00219374 -0.00211507 
0 0.000117561 0.000238816 0.000392696 0.000571545 0.000810963 0.00110324 0.00147736 0.0019507 0.00252578 0.00323717 0.00410301 0.00516733 0.00642873 0.00791586 0.00967123 0.0116974 0.0139695 0.0164792 0.0192389 0.0222089 0.025326 0.0285462 0.03185 0.0351378 0.0383184 0.0413194 0.0440705 0.0464992 0.0485182 0.0501038 0.0512006 0.0518018 0.0519054 0.0514938 0.0505846 0.0492392 0.0475268 0.0454768 0.0431374 0.0405663 0.0378257 0.0349328 0.0319471 0.0288713 0.0257107 0.022505 0.019238 0.0159045 0.0125 0.00904639 0.00555497 0.00203872 -0.00148896 -0.00500509 -0.00850362 -0.0119013 -0.0151567 -0.0182313 -0.0210399 -0.0235381 -0.0256502 -0.0272744 -0.0283323 -0.02876 -0.0284817 -0.0274871 -0.0257798 -0.0234259 -0.0205439 -0.0173426 -0.0140637 -0.0110107 -0.00849653 -0.00680433 -0.00615761 -0.00668837 -0.00839554 -0.0111771 -0.014819 -0.0190097 -0.0234113 -0.0276631 -0.031444 -0.0344752 -0.0365526 -0.0375796 -0.0375677 -0.036568 -0.0347329 -0.0322576 -0.0293534 -0.0262154 -0.0230504 -0.0200117 -0.0172264 -0.0147829 -0.0127577 -0.0111715 -0.0100572 -0.00942359 -0.00927599 -0.00960565 -0.0104119 -0.0116469 -0.013268 -0.015196 -0.0173304 -0.0195208 -0.021611 -0.0233956 -0.0246505 -0.0251477 -0.024701 -0.0231217 -0.0203096 -0.0162565 -0.0110482 -0.00484716 0.00208184 0.00941201 0.0167695 0.0237959 0.0301538 0.0355812 0.0399194 0.0431076 0.0451995 0.0463228 0.0466476 0.046367 0.0456738 0.0447127 0.043609 0.0424187 0.0411662 0.0398102 0.0383179 0.0366307 0.0346953 0.032488 0.029999 0.0272036 0.0241548 0.0208787 0.0173999 0.0137958 0.0100868 0.00631385 0.00252784 -0.0012442 -0.00499868 -0.00871382 -0.0123863 -0.0159911 -0.0195326 -0.02299 -0.0263861 -0.0297364 -0.0329856 -0.0361134 -0.0390911 -0.041885 -0.0444487 -0.0467435 -0.0486854 -0.0502202 -0.051307 -0.0519168 -0.0519987 -0.0515336 -0.0505742 -0.0491205 -0.0472066 -0.044875 -0.0422016 -0.0392656 -0.0361515 -0.0329475 -0.0297138 -0.0265288 -0.0234716 -0.020583 -0.0178683 -0.0153878 -0.013176 -0.0112341 -0.00952628 -0.00806168 -0.00685934 -0.00584776 -0.00500921 -0.00432016 -0.00378779 -0.00336365 -0.00300973 -0.00276067 -0.00257991 -0.0024592 -0.00236308 
0 0.00015438 0.000327541 0.000523709 0.000770419 0.00106893 0.00144602 0.00191718 0.00250077 0.00321724 0.00408326 0.00514219 0.00641748 0.00792079 0.00967123 0.0116989 0.0139946 0.0165319 0.0192881 0.0222668 0.0254182 0.0286602 0.0319607 0.0352525 0.0384667 0.0414757 0.0442205 0.0466512 0.048679 0.0502765 0.0513799 0.0519936 0.0521079 0.0517344 0.0508947 0.0496093 0.047968 0.0460405 0.0438581 0.0414648 0.0389303 0.0362917 0.033611 0.0308863 0.0281359 0.0253514 0.0225295 0.0196858 0.0167687 0.0137826 0.0107315 0.00761138 0.00442661 0.00119801 -0.00208973 -0.00538152 -0.00864154 -0.0118245 -0.0148818 -0.0177736 -0.0204203 -0.0227372 -0.0246206 -0.0259692 -0.0267002 -0.0267707 -0.0261159 -0.0247663 -0.0227655 -0.0202324 -0.017375 -0.0144566 -0.0117524 -0.00959478 -0.00824006 -0.00789354 -0.00870336 -0.0106712 -0.0136814 -0.0175359 -0.0219278 -0.0264979 -0.0308915 -0.0347395 -0.037785 -0.0398562 -0.0408345 -0.0406936 -0.0395595 -0.0375658 -0.0348926 -0.0317593 -0.0284 -0.0249903 -0.021721 -0.0187236 -0.016096 -0.0138915 -0.0121713 -0.010949 -0.010247 -0.0100586 -0.0103883 -0.0111995 -0.0124744 -0.0141543 -0.0161553 -0.018346 -0.0206046 -0.0227289 -0.0245124 -0.0257418 -0.0261859 -0.0255862 -0.0238065 -0.0207511 -0.0163795 -0.010773 -0.00415161 0.00322494 0.0110007 0.0188005 0.0262552 0.0330025 0.0387623 0.0433766 0.0467493 0.0489056 0.0499844 0.0501336 0.0495666 0.0484911 0.0470687 0.0454329 0.0436895 0.0418384 0.0399016 0.0378438 0.0356218 0.0332037 0.0305727 0.0277011 0.0246205 0.0213533 0.0179441 0.0144373 0.0108541 0.00724454 0.00362814 5.51156e-05 -0.00344007 -0.00686071 -0.010221 -0.0134963 -0.016716 -0.0198473 -0.0229021 -0.0259244 -0.0289189 -0.0318883 -0.0347947 -0.0376282 -0.0403589 -0.0429479 -0.045344 -0.0474887 -0.049297 -0.0507512 -0.0517834 -0.0523218 -0.0523502 -0.0518567 -0.0508798 -0.0493977 -0.0474592 -0.045114 -0.0424213 -0.0394776 -0.0363473 -0.0331148 -0.0298619 -0.0266816 -0.0236176 -0.0206972 -0.0179742 -0.01551 -0.0132995 -0.0113305 -0.00962414 -0.00818332 -0.00698146 -0.00595867 -0.00512841 -0.00446634 -0.00392983 -0.00349888 -0.00316327 -0.00293849 -0.00276564 -0.00264979 
0 0.000204 0.000427053 0.000691667 0.00100451 0.00138967 0.0018652 0.00245295 0.00317866 0.00405492 0.00511586 0.00639305 0.00790827 0.0096746 0.0116974 0.0139946 0.0165507 0.0193252 0.0223056 0.0254598 0.0287372 0.0320565 0.0353452 0.0385652 0.0415959 0.0443551 0.0467703 0.0487903 0.0503916 0.0514926 0.0521065 0.0522087 0.0518317 0.0510171 0.0497749 0.0481874 0.0463132 0.044234 0.0419834 0.039601 0.037144 0.0346767 0.0322104 0.0297679 0.0273268 0.0248782 0.0224428 0.0199807 0.0174873 0.0149138 0.0122618 0.00951859 0.00669349 0.00377076 0.00078015 -0.00227346 -0.00534118 -0.00837718 -0.0113664 -0.0142361 -0.0169322 -0.0193565 -0.0214023 -0.0229603 -0.02397 -0.0243216 -0.024014 -0.0230114 -0.0213771 -0.0192423 -0.0168058 -0.0143113 -0.012073 -0.0103493 -0.00941785 -0.0094903 -0.0106601 -0.0129556 -0.0162768 -0.020398 -0.0250046 -0.0297493 -0.0342502 -0.0382038 -0.0412986 -0.0433347 -0.0442257 -0.0440101 -0.0427148 -0.0405192 -0.0376364 -0.0342988 -0.030695 -0.0270716 -0.0235676 -0.0203365 -0.0174804 -0.0151048 -0.0132251 -0.0118951 -0.0111076 -0.0108826 -0.0111838 -0.0120209 -0.0133182 -0.0150231 -0.0170434 -0.0192893 -0.0215639 -0.023717 -0.0255059 -0.026679 -0.0269831 -0.0262508 -0.0242583 -0.0209062 -0.0161991 -0.0102586 -0.00324051 0.00454254 0.0127451 0.0209553 0.0287723 0.0358431 0.0418908 0.0466885 0.0501679 0.0523443 0.0532977 0.0532234 0.0523153 0.0507928 0.0488625 0.0466791 0.044325 0.0418875 0.039342 0.0367177 0.0339845 0.0311299 0.0281288 0.024987 0.0216888 0.0182983 0.0148413 0.0113575 0.0078817 0.00441798 0.00100388 -0.0023227 -0.00552654 -0.00861537 -0.0115847 -0.0144834 -0.0172885 -0.0200295 -0.0227075 -0.0253596 -0.0280265 -0.0306967 -0.0333655 -0.0360261 -0.0386534 -0.0412159 -0.0436709 -0.0459284 -0.0479666 -0.0497089 -0.051118 -0.0521023 -0.0525961 -0.0526141 -0.0521155 -0.0511241 -0.049632 -0.047678 -0.0453254 -0.0426261 -0.0396654 -0.0365085 -0.033254 -0.0300043 -0.0268079 -0.0237117 -0.0207818 -0.0180708 -0.0156052 -0.0133745 -0.0114121 -0.00973348 -0.00830058 -0.00709259 -0.00608526 -0.00527707 -0.00461887 -0.00407822 -0.00366595 -0.00335623 -0.00313804 -0.00298544 
0 0.000273944 0.000577834 0.000916348 0.00132707 0.00180778 0.00240407 0.00312843 0.00400953 0.00507447 0.00634579 0.00786556 0.00963572 0.0116729 0.0139695 0.0165319 0.0193252 0.0223203 0.0254798 0.0287652 0.0321137 0.0354243 0.0386458 0.04168 0.0444614 0.0468836 0.0488965 0.0504754 0.0515747 0.0521838 0.0522705 0.0518785 0.0510453 0.0498242 0.0482595 0.046425 0.0443828 0.0422093 0.0399388 0.0376114 0.0352944 0.0330019 0.0307911 0.0286094 0.0264648 0.0243522 0.0222576 0.0201771 0.0180613 0.0158708 0.0135966 0.011225 0.00875924 0.00619889 0.00351255 0.000754847 -0.0020813 -0.00493662 -0.00776986 -0.0105464 -0.0131938 -0.015615 -0.0177275 -0.0194168 -0.0205966 -0.0212027 -0.0211759 -0.0205145 -0.0192645 -0.0175574 -0.0155727 -0.0135801 -0.0118435 -0.0106484 -0.0102382 -0.010804 -0.012445 -0.0151797 -0.018861 -0.0232866 -0.0281547 -0.0331054 -0.0377644 -0.0417912 -0.0449126 -0.0469663 -0.0478201 -0.0474651 -0.0460265 -0.0436684 -0.0405754 -0.0369911 -0.0331568 -0.0292743 -0.0255248 -0.0220729 -0.019016 -0.016423 -0.0143784 -0.0129156 -0.0120364 -0.0117531 -0.0120355 -0.0128345 -0.0141258 -0.0158495 -0.0178996 -0.0201528 -0.0224513 -0.0245821 -0.0263049 -0.027393 -0.0275876 -0.0266359 -0.0243935 -0.0207914 -0.0157917 -0.00949775 -0.00212064 0.00603192 0.014589 0.0231435 0.0312865 0.0386147 0.0448418 0.0497535 0.0532601 0.0553561 0.0561461 0.055788 0.0545057 0.0525189 0.0500583 0.0472896 0.04435 0.0412964 0.038178 0.0350137 0.0318077 0.0285773 0.0252998 0.0219565 0.0185613 0.0151226 0.0116777 0.00829233 0.00494634 0.00169057 -0.00147798 -0.00452819 -0.00742608 -0.0101765 -0.0128004 -0.0153144 -0.0177566 -0.0201223 -0.0224489 -0.0247795 -0.0271167 -0.0295081 -0.0319164 -0.0343695 -0.0368528 -0.0393444 -0.0417908 -0.044127 -0.0463058 -0.0482848 -0.0500018 -0.051367 -0.0523234 -0.0528084 -0.0528249 -0.0523271 -0.0513224 -0.0498215 -0.0478634 -0.0455098 -0.0427971 -0.0398151 -0.0366429 -0.0333928 -0.0301247 -0.0269065 -0.0238027 -0.02088 -0.0181676 -0.0156807 -0.0134615 -0.0115108 -0.00983867 -0.00839643 -0.00719579 -0.00620982 -0.00540143 -0.00475453 -0.00423209 -0.00385537 -0.00357072 -0.00339126 
0 0.00037184 0.000772291 0.0012136 0.00173392 0.00233795 0.00307359 0.00395587 0.00501886 0.00629163 0.00779667 0.00957327 0.0116061 0.0139146 0.0164792 0.0192881 0.0223056 0.0254798 0.0287844 0.0321407 0.0354824 0.0387138 0.0417534 0.0445293 0.0469543 0.0489749 0.0505363 0.0516164 0.0522145 0.0523011 0.0518981 0.0510466 0.049815 0.0482676 0.0464406 0.0444282 0.0422779 0.0400612 0.0378268 0.0356104 0.0334523 0.0313745 0.0293919 0.0274727 0.0256066 0.0237958 0.0220332 0.0202786 0.0185037 0.0166565 0.0147264 0.0127071 0.0106056 0.00838162 0.00603046 0.00357166 0.00101089 -0.00158827 -0.00420266 -0.00679375 -0.00930836 -0.0116579 -0.0137506 -0.0154733 -0.0167527 -0.017495 -0.0176945 -0.0173212 -0.0164292 -0.0151544 -0.0136592 -0.012186 -0.0110245 -0.0104082 -0.0105887 -0.0117479 -0.0139353 -0.0171628 -0.0212977 -0.0261041 -0.0312709 -0.0364547 -0.0412836 -0.0454488 -0.0486468 -0.0506918 -0.0514935 -0.0510868 -0.0495211 -0.0469784 -0.0436841 -0.0398785 -0.0357788 -0.0316441 -0.0276329 -0.0239233 -0.0206383 -0.0178731 -0.015666 -0.0140607 -0.0130481 -0.0126572 -0.0128525 -0.0136277 -0.0149175 -0.0166381 -0.0186814 -0.0209376 -0.0231925 -0.0252709 -0.0269193 -0.0278705 -0.0278726 -0.0267415 -0.0242731 -0.0203849 -0.0150828 -0.00849993 -0.00081963 0.00763569 0.0164999 0.0253316 0.0336902 0.0411875 0.0475243 0.0524491 0.0558944 0.0578597 0.0584162 0.0577562 0.0560753 0.0536 0.0505949 0.0472481 0.043706 0.0400983 0.0364512 0.0328227 0.0292276 0.0256868 0.0221867 0.0187238 0.0152841 0.0118827 0.00853427 0.00529198 0.00214892 -0.000874247 -0.00376174 -0.00651046 -0.00909794 -0.0115306 -0.0138233 -0.0160169 -0.0181137 -0.0201474 -0.022156 -0.0241746 -0.0262273 -0.0283396 -0.0304967 -0.0327221 -0.0350217 -0.0373917 -0.0397852 -0.0421337 -0.0444168 -0.0465608 -0.0485241 -0.0502226 -0.0515723 -0.052521 -0.0530139 -0.0530251 -0.0525181 -0.0514924 -0.0499904 -0.0480301 -0.0456588 -0.042935 -0.0399395 -0.0367739 -0.0335039 -0.030226 -0.027 -0.0238983 -0.0209685 -0.0182395 -0.0157603 -0.0135378 -0.0115951 -0.00991036 -0.00848247 -0.00729663 -0.00632142 -0.00553734 -0.00491034 -0.00443939 -0.00409651 -0.00388053 
