0 0 0 0 0 0 0 0 0 0 0 0 0 0 0 0 0 0 0 0 0 0 0 0 0 0 0 0 0 0 0 0 0 0 0 0 0 0 0 0 0 0 0 0 0 0 0 0 0 0 0 0 0 0 0 0 0 0 0 0 0 0 0 0 0 0 0 0 0 0 0 0 0 0 0 0 0 0 0 0 0 0 0 0 0 0 0 0 0 0 0 0 0 0 0 0 0 0 0 0 0 0 0 0 0 0 0 0 0 0 0 0 0 0 0 0 0 0 0 0 0 0 0 0 0 0 0 0 0 0 0 0 0 0 0 0 0 0 0 0 0 0 0 0 0 0 0 0 0 0 0 0 0 0 0 0 0 0 0 0 0 0 0 0 0 0 0 0 0 0 0 0 0 0 0 0 0 0 0 0 0 0 0 0 0 0 0 0 0 0 0 0 0 0 0 0 0 0 0 0 
0 0.000495114 0.00100199 0.00152633 0.00207138 0.00264467 0.00323436 0.00382638 0.0043989 0.00494423 0.00544192 0.00587291 0.00622525 0.00648215 0.00662255 0.00661455 0.00645998 0.0061386 0.00564954 0.00500271 0.00423297 0.00337032 0.00242029 0.00143236 0.000423201 -0.000567962 -0.00151505 -0.00237286 -0.00310675 -0.00371397 -0.00417714 -0.0045111 -0.00471571 -0.00479558 -0.0047592 -0.00462796 -0.00440706 -0.00412832 -0.00381637 -0.00350506 -0.00319137 -0.00287253 -0.00257214 -0.00227334 -0.00201294 -0.00178098 -0.00158074 -0.00140848 -0.00125727 -0.00111889 -0.000991619 -0.000882964 -0.000804806 -0.000743976 -0.000692665 -0.000646752 -0.000584645 -0.000539144 -0.000496266 -0.000461542 -0.000431632 -0.000405455 -0.000372603 -0.000346833 -0.000315321 -0.000284147 -0.000259939 -0.000243065 -0.000224728 -0.000203167 -0.000175072 -0.000141898 -0.000119457 -9.7976e-05 -9.47382e-05 -0.000103843 -0.000111839 -0.000107187 -0.000104506 -9.77658e-05 -9.26116e-05 -6.06891e-05 -1.62744e-05 4.57423e-05 0.000129703 0.000233312 0.000333101 0.000435384 0.000505503 0.000518421 0.00044617 0.000281453 5.56596e-06 -0.000366741 -0.000816572 -0.00130947 -0.00181106 -0.0022619 -0.00262903 -0.00286753 -0.00295472 -0.00288238 -0.00266134 -0.0023065 -0.00186446 -0.00136478 -0.000856426 -0.000378923 2.74629e-05 0.000348061 0.000564861 0.000689637 0.00074038 0.000748627 0.000713648 0.000666075 0.0006098 0.000547667 0.000486485 0.000446919 0.000408843 0.000380664 0.000355291 0.000342587 0.000323082 0.000297918 0.000271332 0.000256969 0.000243695 0.000241579 0.000245077 0.000261055 0.000279727 0.00029196 0.000297379 0.000302831 0.000316517 0.000334812 0.000362085 0.000380213 0.000390988 0.000402678 0.000424744 0.000450097 0.000497887 0.000533354 0.000572793 0.000612787 0.000649426 0.000697481 0.000764287 0.000848534 0.000953608 0.00106788 0.00119195 0.00133842 0.00151539 0.00174277 0.00198421 0.00225698 0.00254243 0.00284195 0.00316057 0.00348476 0.00380392 0.00409865 0.00434553 0.00451054 0.0045809 0.00454925 0.00441137 0.00413294 0.00372106 0.00315933 0.00245601 0.00163224 0.00071339 -0.000252833 -0.00124506 -0.00222057 -0.00317057 -0.00405548 -0.00483592 -0.00548479 -0.00598373 -0.00632065 -0.00648714 -0.00651268 -0.00641133 -0.00619849 -0.0058875 -0.00551545 -0.00509811 -0.00464797 -0.00419771 -0.00377245 -0.00339564 -0.00306956 -0.0028231 -0.00266142 
0 0.00100199 0.00202336 0.00307992 0.00416849 0.00530843 0.00647044 0.00763546 0.00876415 0.00983479 0.0108189 0.0116583 0.0123477 0.0128368 0.013093 0.0130633 0.0127322 0.0120994 0.0111243 0.00986161 0.0083503 0.00664753 0.00478815 0.00282891 0.000862984 -0.00108455 -0.0029272 -0.00459904 -0.00604881 -0.00724001 -0.00817557 -0.00883903 -0.00925319 -0.0094197 -0.00936191 -0.00912951 -0.00873486 -0.00821554 -0.00763212 -0.00702187 -0.00639554 -0.00577025 -0.00516314 -0.00459492 -0.00407334 -0.0036142 -0.00320598 -0.00284592 -0.00254535 -0.00227816 -0.00203394 -0.00182884 -0.00166117 -0.00151337 -0.00139871 -0.00127811 -0.00116946 -0.00108066 -0.00100405 -0.000937292 -0.000868709 -0.000803264 -0.000743983 -0.000684768 -0.000633867 -0.000578216 -0.000512036 -0.000469805 -0.000414504 -0.000373683 -0.000332038 -0.000273126 -0.000231741 -0.000222619 -0.000202835 -0.000198691 -0.000189171 -0.000189268 -0.000198575 -0.000188542 -0.0001596 -0.000127319 -4.40072e-05 9.62788e-05 0.000268285 0.00047336 0.000697135 0.000884818 0.00100413 0.00102916 0.000889543 0.000555241 1.31113e-05 -0.000732902 -0.00163858 -0.00262636 -0.00362315 -0.0045213 -0.00524836 -0.00572363 -0.00589981 -0.00576047 -0.00531989 -0.00461366 -0.00372539 -0.00272199 -0.00170953 -0.000765391 5.08051e-05 0.000686809 0.00112578 0.00139734 0.00150401 0.00149282 0.00142663 0.00132522 0.00120208 0.00109642 0.00100259 0.000902171 0.000833858 0.00078829 0.000734333 0.000678209 0.000626071 0.000580187 0.000567675 0.000537673 0.000517509 0.00051937 0.000519157 0.00052914 0.000564312 0.000579101 0.000607641 0.000626251 0.000644469 0.000681845 0.000723621 0.000757768 0.000792312 0.000825542 0.000870583 0.000924752 0.000985201 0.00105179 0.00111662 0.00120745 0.00130325 0.00141316 0.00155032 0.00171904 0.00191457 0.0021499 0.00240803 0.00270425 0.00307361 0.00350401 0.00398734 0.00452005 0.0050964 0.00570895 0.00634631 0.00698515 0.0075992 0.00815192 0.008619 0.00892777 0.00904727 0.00897731 0.00866599 0.00810149 0.0072566 0.00614137 0.00476501 0.00314613 0.00136404 -0.000544276 -0.00248827 -0.00441468 -0.00628195 -0.00800963 -0.00954202 -0.0108089 -0.0118013 -0.0124769 -0.0128246 -0.0128937 -0.0127078 -0.0122998 -0.0116975 -0.0109714 -0.0101582 -0.00928043 -0.00840171 -0.00757554 -0.00683634 -0.00620326 -0.00571848 -0.00540354 
0 0.00152633 0.00307992 0.00467586 0.00631257 0.00799984 0.00970979 0.0114122 0.013058 0.014623 0.0160463 0.0172662 0.0182426 0.0189257 0.0192588 0.0191658 0.0186576 0.017697 0.0162838 0.0144421 0.0122499 0.00977829 0.00705392 0.00421945 0.00134774 -0.00145442 -0.0041197 -0.00654663 -0.00865706 -0.0104372 -0.0118312 -0.0128516 -0.0134914 -0.0137697 -0.0137298 -0.0134427 -0.0129217 -0.0122266 -0.0114015 -0.0105249 -0.009609 -0.00867874 -0.00781189 -0.00697184 -0.00622483 -0.005533 -0.00490385 -0.0043494 -0.00387824 -0.00347538 -0.00312085 -0.00280875 -0.00255018 -0.00231742 -0.00211221 -0.00194225 -0.00176575 -0.00164656 -0.00153292 -0.00142298 -0.0013111 -0.00121098 -0.001112 -0.00104602 -0.000970945 -0.000882079 -0.000788234 -0.000701026 -0.000615332 -0.000545478 -0.000486007 -0.000427884 -0.000391663 -0.000341334 -0.000311244 -0.000299575 -0.000289628 -0.000268917 -0.000273299 -0.000276321 -0.000273868 -0.000188912 -4.70703e-05 0.000158398 0.000424704 0.000736755 0.00103369 0.00132206 0.00151461 0.00154209 0.00132245 0.000824896 -1.46496e-06 -0.00111912 -0.00246757 -0.00394225 -0.00543446 -0.00677542 -0.00786397 -0.00857362 -0.00883541 -0.00862376 -0.00796572 -0.00690793 -0.0055835 -0.00408978 -0.00257194 -0.00114927 6.5764e-05 0.00102712 0.0016883 0.00207847 0.00224211 0.00226095 0.00214788 0.00198869 0.00180939 0.0016315 0.00147365 0.00137567 0.00128057 0.00119438 0.00109638 0.00102023 0.000939179 0.00086946 0.00082411 0.00081804 0.000807188 0.000801383 0.000787362 0.000797305 0.000828737 0.00086556 0.000903336 0.000941061 0.00098429 0.00102575 0.00108551 0.00113525 0.00118679 0.00125009 0.0013295 0.00139611 0.00149625 0.0015713 0.00168191 0.00183027 0.00199186 0.00217609 0.0023856 0.00262468 0.00292375 0.00327767 0.00368751 0.00416621 0.00471499 0.00537033 0.00606113 0.0068479 0.00769803 0.00860146 0.00954008 0.0104545 0.0113116 0.0120764 0.0127071 0.0131205 0.0132691 0.0131145 0.0126276 0.0117325 0.0104634 0.00880619 0.00679114 0.00446156 0.00186723 -0.000885789 -0.00372897 -0.00653363 -0.00924853 -0.0117604 -0.0139728 -0.0158277 -0.0172861 -0.0183091 -0.0188626 -0.019008 -0.018778 -0.0182145 -0.0173627 -0.0163267 -0.0151589 -0.0139006 -0.0126409 -0.0114508 -0.0103884 -0.00946701 -0.00876432 -0.00830054 
0 0.00207138 0.00416849 0.00631257 0.00848451 0.0107033 0.0129271 0.0151285 0.0172515 0.019254 0.0210745 0.0226072 0.0238218 0.024633 0.024982 0.0247951 0.024065 0.0228033 0.0209634 0.0186184 0.0158242 0.0126647 0.00920781 0.00557986 0.00194826 -0.00162106 -0.00500376 -0.00810365 -0.0108418 -0.0131572 -0.0150226 -0.0163956 -0.0172929 -0.0177273 -0.0177555 -0.0174675 -0.0168878 -0.0160626 -0.0150732 -0.0139825 -0.0128261 -0.0116567 -0.0105257 -0.00946031 -0.00846729 -0.00755431 -0.0067117 -0.00595496 -0.00531573 -0.0047631 -0.00426896 -0.00384342 -0.00347754 -0.00314837 -0.00287945 -0.00262688 -0.00240815 -0.00223341 -0.00207699 -0.00192794 -0.00177319 -0.00162779 -0.00150218 -0.00139058 -0.00129387 -0.00118571 -0.00105894 -0.000960865 -0.000849441 -0.00076188 -0.000679019 -0.000576831 -0.00050296 -0.000471809 -0.000430944 -0.000413034 -0.000392728 -0.000387023 -0.000396211 -0.000376956 -0.000321794 -0.000236076 -5.65318e-05 0.000225764 0.00057338 0.000978046 0.00140553 0.00176829 0.00199711 0.00202739 0.00173488 0.0010576 -3.23779e-05 -0.0015211 -0.00332035 -0.00528289 -0.00725696 -0.0090389 -0.0104765 -0.011416 -0.0117628 -0.0114841 -0.0106071 -0.00920795 -0.00744324 -0.00545502 -0.00344259 -0.00156334 6.12304e-05 0.00133349 0.00221986 0.00276578 0.00299256 0.00298793 0.00285708 0.00265082 0.00240578 0.00218553 0.00199164 0.00180763 0.00167614 0.00158055 0.00147446 0.00136527 0.00126062 0.0011722 0.00113735 0.00109024 0.00105724 0.00105304 0.00104593 0.00106054 0.00111778 0.00115861 0.00122079 0.00126927 0.00131202 0.00137621 0.00144733 0.00151394 0.00159126 0.00167867 0.00178628 0.00190045 0.00201967 0.00214559 0.00228796 0.00249038 0.00271808 0.00297116 0.00326251 0.00360256 0.00400678 0.00450291 0.00506984 0.00571758 0.00647756 0.00732853 0.0082568 0.00927475 0.0103775 0.0115418 0.0127243 0.0138629 0.0149056 0.0158083 0.0165382 0.0169884 0.0170968 0.0168361 0.016118 0.0149146 0.0132126 0.0110484 0.00845505 0.00546344 0.00217475 -0.00135106 -0.00496765 -0.00855661 -0.0120187 -0.0152096 -0.0180354 -0.020403 -0.0223003 -0.0236565 -0.0244392 -0.0247065 -0.0244898 -0.0238403 -0.0228144 -0.0215397 -0.0200914 -0.0185245 -0.0169479 -0.0154547 -0.0141047 -0.0129344 -0.0120264 -0.0114239 
0 0.00264467 0.00530843 0.00799984 0.0107033 0.0134239 0.0161279 0.0187752 0.0213081 0.0236809 0.0258058 0.0275843 0.0289486 0.0298235 0.0301355 0.0298098 0.028867 0.0272923 0.0250856 0.0222855 0.0189779 0.0152518 0.011172 0.00692484 0.00264487 -0.00153951 -0.00553241 -0.00921315 -0.0124808 -0.015292 -0.0175747 -0.0193156 -0.0205049 -0.0211617 -0.0213422 -0.0211314 -0.0205553 -0.0196844 -0.0185901 -0.0173679 -0.0160487 -0.0146772 -0.0133442 -0.01204 -0.0108316 -0.00969891 -0.00865266 -0.00771153 -0.00688965 -0.00616538 -0.00551705 -0.00494857 -0.00447333 -0.00406202 -0.00370727 -0.00339614 -0.00309175 -0.00285203 -0.00263594 -0.00243839 -0.00224941 -0.00207822 -0.0019116 -0.00177386 -0.00163235 -0.00148259 -0.00133829 -0.00121491 -0.00109256 -0.000979598 -0.000865096 -0.000744397 -0.000655622 -0.000580937 -0.000542542 -0.000534311 -0.000524699 -0.000498265 -0.000485457 -0.000457947 -0.000406446 -0.00026053 -2.43861e-05 0.000314804 0.000748323 0.00125274 0.00175291 0.00221079 0.00250396 0.00252014 0.00213239 0.00127806 -0.00010026 -0.00195571 -0.00418519 -0.00662157 -0.00907466 -0.0112879 -0.013075 -0.0142402 -0.014666 -0.0143132 -0.0132222 -0.0114836 -0.00929517 -0.00683339 -0.00432671 -0.00197502 4.74876e-05 0.00164552 0.00275725 0.00342243 0.00371075 0.00374136 0.00357704 0.00332477 0.00303169 0.00273821 0.00247099 0.00227124 0.00210304 0.00196737 0.00183495 0.00172692 0.00161315 0.00150439 0.00142047 0.00137202 0.00133324 0.00131981 0.00131647 0.00134964 0.00141141 0.00146944 0.0015247 0.00157955 0.00164701 0.00172914 0.00183316 0.00192337 0.00201198 0.00211514 0.00224735 0.00238856 0.00257129 0.00274076 0.0029479 0.00320438 0.00348996 0.00381949 0.00420538 0.00465789 0.00520561 0.00584588 0.00657321 0.00740292 0.00834647 0.00942554 0.0105691 0.0118185 0.0131362 0.0144978 0.0158658 0.0171602 0.0183263 0.0193126 0.0200606 0.0204652 0.0204623 0.0200063 0.0190438 0.0174986 0.0154025 0.0127685 0.00964882 0.00610258 0.00220132 -0.00193797 -0.00620282 -0.0104263 -0.0145051 -0.0182807 -0.0216257 -0.0244654 -0.0267569 -0.0284422 -0.0294732 -0.0299027 -0.0297631 -0.029099 -0.0279805 -0.0265499 -0.0249003 -0.0231082 -0.0212949 -0.0195647 -0.0179942 -0.0166226 -0.0155568 -0.014843 
0 0.00323436 0.00647044 0.00970979 0.0129271 0.0161279 0.0192694 0.0223091 0.0251874 0.0278427 0.0301898 0.0321125 0.0335459 0.0344043 0.0346198 0.0341347 0.032957 0.0310992 0.0285472 0.0253667 0.0216413 0.0174691 0.012942 0.00822042 0.00347069 -0.00120282 -0.00567596 -0.00982391 -0.0135394 -0.0167549 -0.0194223 -0.0215116 -0.0230219 -0.0239595 -0.0243665 -0.0243134 -0.0238371 -0.0230044 -0.0219137 -0.0206466 -0.0192411 -0.0177461 -0.0162324 -0.0147411 -0.0133198 -0.0119873 -0.01075 -0.00962367 -0.00862396 -0.00772688 -0.0069125 -0.00619978 -0.00559283 -0.00506793 -0.0046177 -0.00420449 -0.00382462 -0.00350552 -0.00322937 -0.00298395 -0.00275423 -0.00254125 -0.00234245 -0.00215754 -0.00197972 -0.00179589 -0.0016146 -0.00146354 -0.00131634 -0.00118334 -0.00105001 -0.000906892 -0.000798178 -0.000731111 -0.000681983 -0.00065525 -0.000627512 -0.000599874 -0.000578158 -0.00053062 -0.000440381 -0.000277752 2.76189e-06 0.00041636 0.000937053 0.00153537 0.00214604 0.00266988 0.00298986 0.00298509 0.00250515 0.00145934 -0.000193597 -0.0024177 -0.0050843 -0.0079909 -0.0109022 -0.0135356 -0.0156524 -0.0170351 -0.0175422 -0.0171255 -0.0158245 -0.0137601 -0.011146 -0.00820826 -0.00521834 -0.00241559 9.34765e-06 0.00192183 0.00326768 0.00408839 0.00444915 0.00447413 0.00428842 0.00398766 0.00363731 0.00329993 0.00299603 0.00273527 0.00253242 0.00237485 0.0022255 0.00208438 0.00194705 0.00182772 0.00174981 0.00168403 0.00163677 0.00162182 0.00162101 0.00165364 0.0017209 0.00178148 0.00184957 0.00191629 0.00199477 0.00210414 0.00222988 0.00234705 0.00246179 0.00258745 0.00274276 0.00292492 0.00313927 0.00336862 0.0036309 0.00395345 0.00431975 0.00474171 0.00524222 0.00583281 0.00652786 0.00732903 0.00821998 0.00921798 0.0103566 0.0116301 0.0129973 0.0144489 0.01595 0.0174641 0.0189452 0.0203254 0.0215385 0.0225221 0.0232037 0.0234716 0.0232642 0.0225566 0.021289 0.0194183 0.0169454 0.0139016 0.0103381 0.00631622 0.00193951 -0.00269193 -0.00743209 -0.0121373 -0.0166855 -0.0209148 -0.0246959 -0.0279306 -0.0305798 -0.0325701 -0.0338613 -0.0344923 -0.0344917 -0.0339012 -0.0327931 -0.0313129 -0.0295672 -0.0276501 -0.0256908 -0.0238074 -0.0220836 -0.0205787 -0.0194009 -0.0186102 
0 0.00382638 0.00763546 0.0114122 0.0151285 0.0187752 0.0223091 0.0256798 0.0288256 0.0316743 0.0341384 0.0361092 0.0375163 0.0382862 0.0383571 0.0376882 0.0362836 0.0341585 0.031316 0.0278292 0.0237968 0.0193212 0.0145032 0.00948426 0.00441802 -0.000587979 -0.00540536 -0.0099014 -0.0139647 -0.0175243 -0.0205383 -0.0229759 -0.024827 -0.0260865 -0.0267814 -0.0269633 -0.0266738 -0.025979 -0.0249765 -0.023743 -0.0223219 -0.0207665 -0.0191476 -0.0175247 -0.0159441 -0.0144344 -0.0130085 -0.0116906 -0.0105011 -0.00942575 -0.00844928 -0.00758386 -0.00683096 -0.006174 -0.00560228 -0.0050872 -0.00462752 -0.00423448 -0.00389289 -0.00358244 -0.00329262 -0.00302692 -0.00278855 -0.00257206 -0.00236444 -0.00214824 -0.00193201 -0.00173891 -0.00155963 -0.00140115 -0.00125345 -0.0011087 -0.000990605 -0.000905105 -0.000837237 -0.00078929 -0.000744042 -0.000702577 -0.00066744 -0.000611134 -0.000497761 -0.000288712 5.79454e-05 0.000549235 0.00115804 0.00184257 0.002532 0.00311739 0.00346713 0.00343085 0.00284731 0.00160763 -0.000330346 -0.00292067 -0.00601298 -0.00937784 -0.0127366 -0.015776 -0.0182134 -0.0198054 -0.0203891 -0.0199069 -0.018402 -0.0160179 -0.0129907 -0.00959239 -0.00612691 -0.00287445 -5.68745e-05 0.00217233 0.00375325 0.00472293 0.0051671 0.00521701 0.00501092 0.00465892 0.00424709 0.00384655 0.00349399 0.00320246 0.00297608 0.00279 0.00261466 0.00244601 0.00228572 0.00214956 0.00206003 0.00199708 0.0019559 0.00193485 0.00192614 0.00194952 0.00201127 0.00208387 0.00216954 0.00226016 0.00236134 0.00248707 0.00262678 0.00276592 0.00291144 0.00307765 0.00327545 0.00350428 0.00376166 0.00404619 0.00437857 0.00478505 0.00525538 0.00579345 0.00641793 0.00714583 0.00799326 0.00896215 0.0100368 0.0112263 0.0125553 0.01401 0.0155543 0.0171591 0.0187847 0.0203841 0.0219041 0.0232781 0.0244388 0.0253206 0.0258411 0.0258954 0.025425 0.0244129 0.0228186 0.0206151 0.0178017 0.0144101 0.0104895 0.00611024 0.00138104 -0.00358565 -0.00864441 -0.0136645 -0.0185247 -0.0230773 -0.0271865 -0.0307489 -0.0337066 -0.0359847 -0.0375455 -0.038413 -0.0386156 -0.0381881 -0.0372041 -0.0357954 -0.0340728 -0.0321431 -0.0301392 -0.0281907 -0.0263933 -0.024825 -0.0235914 -0.0227603 
0 0.0043989 0.00876415 0.013058 0.0172515 0.0213081 0.0251874 0.0288256 0.032158 0.0351095 0.0375882 0.0395142 0.0408079 0.0414243 0.0413067 0.0404298 0.0388046 0.0364341 0.0333663 0.0296623 0.0254423 0.0208039 0.0158403 0.0106878 0.00545673 0.000282002 -0.00472962 -0.00944449 -0.0137545 -0.0176006 -0.0209229 -0.023696 -0.0258849 -0.0274818 -0.0285071 -0.0289946 -0.0289811 -0.0285271 -0.027702 -0.0265851 -0.0252279 -0.0236885 -0.0220521 -0.0203642 -0.0186843 -0.0170291 -0.0154302 -0.0139298 -0.0125513 -0.0112967 -0.0101567 -0.00912493 -0.00820971 -0.00740558 -0.00669228 -0.00607285 -0.00552099 -0.00504803 -0.00462927 -0.00424012 -0.00387843 -0.00355112 -0.00325783 -0.00300548 -0.00276029 -0.00251124 -0.00227224 -0.00204337 -0.00184231 -0.00165703 -0.00148251 -0.0013244 -0.00119082 -0.00107422 -0.000997081 -0.00093641 -0.000883761 -0.000826422 -0.000767855 -0.000686171 -0.000542829 -0.00026966 0.000142965 0.000702959 0.00139791 0.00217032 0.00292424 0.00356558 0.00393343 0.00384531 0.00314378 0.00170803 -0.000517728 -0.00346613 -0.00697166 -0.0107837 -0.0145801 -0.0180139 -0.0207629 -0.0225555 -0.0232079 -0.0226554 -0.02095 -0.0182533 -0.0148264 -0.0109859 -0.00705973 -0.00336525 -0.000163748 0.00238702 0.00421254 0.00533421 0.00586706 0.00595605 0.00572954 0.00533359 0.00487128 0.00440542 0.00399027 0.00366709 0.00340779 0.00319462 0.00300327 0.00282489 0.00265282 0.00250504 0.00238635 0.00231916 0.00227191 0.00223923 0.00223003 0.00225785 0.00231829 0.00241186 0.00250986 0.00262111 0.00274569 0.00288094 0.003036 0.00319912 0.00337888 0.00359585 0.00385021 0.00413489 0.00445481 0.00479935 0.00521601 0.00571605 0.00630381 0.00697636 0.00773874 0.00861107 0.00961897 0.0107585 0.0120267 0.0134186 0.0149257 0.0165394 0.0182051 0.0199029 0.0215857 0.0232017 0.0246882 0.0259661 0.0269706 0.0276431 0.0279037 0.0276732 0.0268983 0.0255511 0.0236245 0.0210877 0.0179688 0.0142909 0.0101062 0.00549563 0.000544844 -0.00460375 -0.00983473 -0.0150158 -0.0200383 -0.0247793 -0.0290987 -0.0329071 -0.0361144 -0.0386558 -0.0404897 -0.0416235 -0.042088 -0.0419094 -0.0411615 -0.039949 -0.0383773 -0.0365592 -0.0346256 -0.0327133 -0.0309324 -0.029376 -0.0281456 -0.0273105 
0 0.00494423 0.00983479 0.014623 0.019254 0.0236809 0.0278427 0.0316743 0.0351095 0.0380634 0.0404737 0.0422596 0.0433793 0.0437858 0.043443 0.0423527 0.0405016 0.0379436 0.0347086 0.0308982 0.0266047 0.0219162 0.0169513 0.0117811 0.00655324 0.00135163 -0.00369728 -0.00849476 -0.01296 -0.0170032 -0.0205906 -0.023653 -0.0261609 -0.0281018 -0.0294913 -0.0303432 -0.0306942 -0.0305598 -0.0300162 -0.0291054 -0.0279022 -0.0264828 -0.0248866 -0.0232165 -0.0214746 -0.0197254 -0.0179991 -0.0163456 -0.0148007 -0.0133725 -0.0120532 -0.0108537 -0.00976634 -0.00880115 -0.00795133 -0.00718439 -0.00652773 -0.00593749 -0.00542319 -0.00495479 -0.00452721 -0.004131 -0.00378824 -0.00346423 -0.00316865 -0.00288377 -0.00260998 -0.00236126 -0.00213976 -0.0019308 -0.00172883 -0.00153752 -0.00136906 -0.00126179 -0.00117131 -0.00109455 -0.00102324 -0.000959229 -0.00086875 -0.00074079 -0.000526024 -0.000223989 0.000244883 0.000882438 0.001656 0.00250382 0.0033549 0.00402898 0.00438495 0.00423618 0.00340666 0.00174805 -0.000754836 -0.0040568 -0.00797086 -0.0122137 -0.016423 -0.0202437 -0.0232868 -0.0252683 -0.0259864 -0.0253658 -0.023459 -0.0204702 -0.0166569 -0.0123831 -0.00801261 -0.00389435 -0.000295763 0.00256906 0.00463984 0.005938 0.00656802 0.00666665 0.00644419 0.00601415 0.00549842 0.00498863 0.00453688 0.00413563 0.00383566 0.00359984 0.00340789 0.00321455 0.0030365 0.0028831 0.00277023 0.00266609 0.00260025 0.00256311 0.00256373 0.00259961 0.00267221 0.00276686 0.00287832 0.00299882 0.00313343 0.00330249 0.00348189 0.00368498 0.00390706 0.00416534 0.00446449 0.00482099 0.00519726 0.0056447 0.00615311 0.00676153 0.00747833 0.00829069 0.00921072 0.0102544 0.0114278 0.0127445 0.0141905 0.0157497 0.017421 0.0191353 0.020894 0.0226163 0.0242889 0.0258511 0.0272179 0.028322 0.0290826 0.0294515 0.0293716 0.0287906 0.0276649 0.0259783 0.0237015 0.0208654 0.0174645 0.0135685 0.00922297 0.00449095 -0.00051982 -0.00572436 -0.0109733 -0.0161886 -0.0212443 -0.0260407 -0.0304709 -0.0344251 -0.037831 -0.0406015 -0.04271 -0.0441377 -0.0449086 -0.045054 -0.0446318 -0.043723 -0.0424196 -0.0408347 -0.039092 -0.03733 -0.035665 -0.0342104 -0.0330513 -0.0322626 
0 0.00544192 0.0108189 0.0160463 0.0210745 0.0258058 0.0301898 0.0341384 0.0375882 0.0404737 0.042722 0.0443173 0.045197 0.0453605 0.0447741 0.0434537 0.0414246 0.0387093 0.0354136 0.0315818 0.0273208 0.0227018 0.0178235 0.0127895 0.00766926 0.00259574 -0.00237008 -0.00714245 -0.0116484 -0.0158204 -0.0195838 -0.022893 -0.0256945 -0.0279809 -0.0297575 -0.0310151 -0.0317616 -0.0320243 -0.031823 -0.0312181 -0.0302724 -0.0290407 -0.027588 -0.0259696 -0.0242479 -0.0224629 -0.0206681 -0.018916 -0.0172267 -0.015624 -0.0141369 -0.0127563 -0.0115051 -0.010391 -0.00937284 -0.00846892 -0.00765557 -0.00693394 -0.00630543 -0.00574419 -0.00524415 -0.00479076 -0.00437213 -0.00399651 -0.00363241 -0.003292 -0.00299037 -0.00269988 -0.00245184 -0.00221203 -0.00198101 -0.0017881 -0.0016168 -0.00146275 -0.00136575 -0.00127737 -0.00118544 -0.00107228 -0.000938019 -0.000777224 -0.0005416 -0.00015295 0.000388841 0.00108827 0.00194512 0.00287839 0.00376159 0.00448273 0.00484174 0.00460661 0.0036235 0.00175344 -0.00105849 -0.00471289 -0.00901495 -0.0136709 -0.0182823 -0.0224491 -0.0257729 -0.0279334 -0.0287122 -0.0280271 -0.0259453 -0.022664 -0.0184824 -0.0137982 -0.00898783 -0.00443521 -0.000469333 0.00272402 0.00504655 0.00649553 0.00722516 0.00739743 0.00715961 0.00669862 0.00614711 0.00557183 0.00505151 0.00464075 0.0043037 0.00402512 0.0037975 0.00360262 0.00342974 0.00327554 0.00312606 0.00303689 0.00297336 0.00292336 0.00292268 0.00296241 0.00302707 0.00313705 0.00324234 0.00337627 0.00354853 0.00374208 0.0039727 0.00422316 0.00448805 0.00479198 0.00514084 0.00555282 0.00603327 0.00658142 0.00722822 0.00796091 0.00880926 0.0097766 0.0108606 0.0120853 0.0134478 0.0149283 0.0165276 0.0182253 0.0199844 0.0217808 0.0235543 0.025256 0.0268371 0.0282425 0.0294021 0.0302344 0.0306805 0.0306876 0.0302087 0.0292318 0.0277319 0.0256781 0.0230906 0.0199664 0.0163564 0.0123107 0.00788941 0.00317339 -0.00179499 -0.00689219 -0.0120534 -0.017174 -0.0221488 -0.0269032 -0.0313249 -0.035356 -0.0388824 -0.0418568 -0.0442331 -0.0459731 -0.0470977 -0.0476207 -0.0476054 -0.0470911 -0.0461672 -0.0449382 -0.0435121 -0.042019 -0.0405762 -0.0393079 -0.0382889 -0.0375914 
0 0.00587291 0.0116583 0.0172662 0.0226072 0.0275843 0.0321125 0.0361092 0.0395142 0.0422596 0.0443173 0.0456639 0.0462872 0.0461756 0.0453311 0.0438058 0.0416089 0.0388241 0.0355155 0.0317625 0.0276229 0.0231611 0.0185053 0.0136925 0.00882577 0.00396439 -0.000816095 -0.00546742 -0.00993914 -0.0141322 -0.0180094 -0.0215015 -0.0245675 -0.0271869 -0.0293415 -0.0309943 -0.0321622 -0.032836 -0.0330573 -0.0328322 -0.0322246 -0.0312872 -0.0300284 -0.0285692 -0.0269255 -0.0251854 -0.0233894 -0.0215812 -0.0197872 -0.0180478 -0.0163973 -0.0148603 -0.0134372 -0.0121472 -0.0109719 -0.0098906 -0.00894306 -0.00807912 -0.00732633 -0.00665681 -0.00606168 -0.00551004 -0.00502512 -0.00456673 -0.00414923 -0.00376758 -0.0034136 -0.00308399 -0.00280097 -0.00253509 -0.00228722 -0.00207019 -0.00187045 -0.00172487 -0.00158996 -0.00145568 -0.00132925 -0.00120963 -0.00104357 -0.000826503 -0.000502556 -7.33623e-05 0.000539769 0.00132854 0.00226027 0.00325186 0.00421132 0.00493005 0.00524163 0.00492378 0.00379405 0.00168195 -0.00141296 -0.00542047 -0.010119 -0.0151717 -0.0201486 -0.0246557 -0.0282305 -0.030553 -0.031394 -0.0306539 -0.0283915 -0.0248483 -0.0203077 -0.0152114 -0.00998287 -0.00503342 -0.000685895 0.00281006 0.00538303 0.00703613 0.007892 0.00809265 0.00787605 0.00738572 0.00677712 0.00616009 0.00561067 0.0051229 0.00475071 0.00445644 0.00422834 0.00400541 0.00381024 0.00365042 0.00352782 0.00341709 0.00334617 0.00329757 0.00329801 0.00333217 0.00339828 0.00350757 0.00364126 0.00379954 0.00399012 0.00422327 0.00447997 0.00478352 0.00511257 0.00548527 0.00590857 0.00641782 0.00698264 0.00766911 0.00844209 0.00931898 0.0103227 0.011447 0.0127073 0.0141165 0.0156493 0.017289 0.0190137 0.0207926 0.0226099 0.0243926 0.0261431 0.027738 0.0291502 0.0303137 0.0311526 0.0316332 0.0316924 0.0312905 0.0303904 0.0289972 0.0271047 0.0247098 0.02182 0.0184922 0.0147303 0.0106222 0.00621945 0.00158369 -0.00321404 -0.00813024 -0.0130732 -0.0180039 -0.022798 -0.0273964 -0.0317339 -0.0357325 -0.0393259 -0.0424497 -0.0450808 -0.0471528 -0.0486622 -0.0496282 -0.0500845 -0.0500578 -0.0496176 -0.0488626 -0.0478776 -0.0467689 -0.0456499 -0.0446459 -0.0438221 -0.0432493 
0 0.00622525 0.0123477 0.0182426 0.0238218 0.0289486 0.0335459 0.0375163 0.0408079 0.0433793 0.045197 0.0462872 0.0466225 0.0462371 0.0451552 0.0434477 0.0411618 0.0383489 0.0351171 0.0314986 0.0275583 0.0233535 0.0189898 0.0145154 0.00995953 0.00540259 0.000877552 -0.0035729 -0.00790378 -0.0120415 -0.0159427 -0.0195653 -0.022854 -0.0257705 -0.0282729 -0.0303123 -0.0318874 -0.0330117 -0.0336743 -0.033883 -0.033677 -0.0330867 -0.0321389 -0.0309106 -0.0294547 -0.0278312 -0.026091 -0.0242825 -0.0224344 -0.0205972 -0.0188347 -0.0171464 -0.0155582 -0.0140966 -0.0127404 -0.0115123 -0.0104114 -0.00940791 -0.0085112 -0.00770097 -0.00697672 -0.00632334 -0.00574055 -0.00522101 -0.00473671 -0.00429647 -0.00389738 -0.00351568 -0.00318934 -0.00289194 -0.00262132 -0.00239837 -0.00218145 -0.00197635 -0.00181034 -0.00165368 -0.00149854 -0.00133125 -0.00112605 -0.000867654 -0.000497525 3.68135e-05 0.000744961 0.00161115 0.0026192 0.00367416 0.00463974 0.00536613 0.0056381 0.00520208 0.00389267 0.00155685 -0.00184219 -0.00618555 -0.0112466 -0.0166788 -0.0220247 -0.0268403 -0.0306645 -0.0331396 -0.0340237 -0.033215 -0.0307896 -0.0269765 -0.0221061 -0.0166402 -0.0110141 -0.00566401 -0.000965546 0.00285818 0.00569526 0.00752977 0.00851543 0.00881364 0.00860456 0.00809164 0.00743907 0.00675141 0.00613294 0.00563086 0.00523284 0.00491055 0.00465171 0.00442619 0.00423379 0.00406401 0.00390912 0.0038108 0.00374921 0.00369884 0.00369723 0.00372697 0.00378907 0.00391511 0.00406449 0.004256 0.00449197 0.00474788 0.00504433 0.00539158 0.00578785 0.00625217 0.00678299 0.00739899 0.00809635 0.00890453 0.00982938 0.0108592 0.0120264 0.0133288 0.0147556 0.0163254 0.018004 0.0197614 0.0215808 0.0234169 0.0252171 0.0269417 0.0285521 0.0299619 0.0311146 0.0319473 0.0324051 0.0324588 0.0320885 0.0312519 0.0299228 0.0281223 0.0258582 0.0231335 0.0200032 0.0165113 0.0126919 0.00860192 0.00429114 -0.000169404 -0.00474757 -0.00937451 -0.014032 -0.0186714 -0.0231999 -0.0275803 -0.0317509 -0.0356762 -0.0392681 -0.0425091 -0.0453649 -0.0477602 -0.0496766 -0.051109 -0.0520903 -0.0526099 -0.0527358 -0.0525488 -0.0521079 -0.051494 -0.0507992 -0.0501453 -0.0495814 -0.0491774 
0 0.00648215 0.0128368 0.0189257 0.024633 0.0298235 0.0344043 0.0382862 0.0414243 0.0437858 0.0453605 0.0461756 0.0462371 0.0455961 0.0443151 0.0424856 0.0401546 0.0373868 0.0342722 0.0308553 0.027181 0.0233024 0.0193132 0.0152221 0.0110448 0.00683527 0.0026306 -0.00154406 -0.00566224 -0.00966082 -0.013517 -0.017192 -0.0206264 -0.0237702 -0.0265676 -0.0289635 -0.0309553 -0.0325321 -0.033667 -0.034336 -0.0345737 -0.0344067 -0.0338375 -0.032937 -0.0317361 -0.0302983 -0.028681 -0.0269393 -0.0251105 -0.0232519 -0.0214198 -0.0196227 -0.0178843 -0.0162492 -0.0147225 -0.0133222 -0.0120611 -0.0108969 -0.00984081 -0.0088844 -0.00802855 -0.00725283 -0.00656506 -0.00594391 -0.00537835 -0.00487464 -0.00441896 -0.00399317 -0.00362669 -0.00329148 -0.00298499 -0.00272323 -0.00247686 -0.00225901 -0.0020633 -0.00186901 -0.00167807 -0.00147518 -0.0012124 -0.000874593 -0.000419334 0.000178418 0.000956134 0.0019013 0.00298232 0.00409761 0.00510487 0.00580855 0.00599657 0.00542758 0.00392626 0.0013386 -0.00234671 -0.00701679 -0.0124325 -0.0182196 -0.0239024 -0.0290196 -0.033071 -0.0356826 -0.0366045 -0.0357279 -0.0331352 -0.0290814 -0.023903 -0.0180812 -0.0120829 -0.00635985 -0.00129691 0.00284593 0.00595297 0.00800425 0.0091295 0.00949043 0.0093081 0.00878624 0.00810259 0.00738223 0.00672373 0.00615653 0.00570533 0.00535381 0.00508682 0.00485642 0.00466403 0.0045027 0.00436067 0.00424806 0.0041715 0.00412077 0.00412713 0.00416852 0.0042425 0.00437825 0.00455109 0.00476997 0.0050384 0.00534043 0.00568651 0.00610256 0.00658376 0.00714684 0.00779133 0.00853104 0.00935688 0.0103115 0.0113856 0.0125806 0.013925 0.0154049 0.0170007 0.0187071 0.0204826 0.0223028 0.0241511 0.0259731 0.0277021 0.0292771 0.0306742 0.0318048 0.0326275 0.0330831 0.0331172 0.0327233 0.0318916 0.0305999 0.0288411 0.0266516 0.0240512 0.0210565 0.0177344 0.0141546 0.0103433 0.00635168 0.00221179 -0.00202374 -0.00631453 -0.0106183 -0.014922 -0.0192109 -0.0234124 -0.0275112 -0.0314788 -0.035274 -0.0388318 -0.042141 -0.0451832 -0.0478789 -0.050191 -0.0521097 -0.0536408 -0.0547605 -0.0555146 -0.0559694 -0.0561585 -0.0561289 -0.0559533 -0.0557269 -0.0554877 -0.0552949 
0 0.00662255 0.013093 0.0192588 0.024982 0.0301355 0.0346198 0.0383571 0.0413067 0.043443 0.0447741 0.0453311 0.0451552 0.0443151 0.042902 0.0410149 0.0387009 0.0360323 0.0330875 0.0299241 0.0265699 0.0230684 0.0194888 0.0158103 0.0120419 0.00821973 0.0043833 0.000535491 -0.00331796 -0.00712562 -0.0108735 -0.0145226 -0.0180187 -0.0213117 -0.0243442 -0.0270571 -0.0294334 -0.0314349 -0.0330186 -0.0341457 -0.0348478 -0.0351454 -0.035016 -0.0345095 -0.0336403 -0.0324721 -0.0310643 -0.0294707 -0.0277318 -0.0259079 -0.0240562 -0.022199 -0.0203626 -0.0185962 -0.0169222 -0.0153524 -0.0139134 -0.0125712 -0.011345 -0.0102387 -0.00924778 -0.0083445 -0.0075359 -0.0067978 -0.00613455 -0.00555365 -0.00503245 -0.00455339 -0.00412857 -0.0037412 -0.00339486 -0.00309959 -0.00282473 -0.00258226 -0.00235239 -0.00212117 -0.00187873 -0.00161184 -0.00127938 -0.000868418 -0.000333002 0.000344692 0.00120465 0.00222814 0.00337235 0.00453074 0.0055559 0.00623078 0.00633373 0.00562198 0.00391185 0.00106132 -0.00292459 -0.00792462 -0.0136816 -0.0197994 -0.0257886 -0.0311651 -0.0354141 -0.0381471 -0.0391063 -0.0381772 -0.0354419 -0.0311633 -0.0256957 -0.0195327 -0.0131705 -0.00708173 -0.00166652 0.0027904 0.00615993 0.00842292 0.00969865 0.0101527 0.0100178 0.00950015 0.00878931 0.00802888 0.00732534 0.00670855 0.00621148 0.00581696 0.00551989 0.00528315 0.00510119 0.00495064 0.00482003 0.00470534 0.00462606 0.00457633 0.00458358 0.00463262 0.00472282 0.0048706 0.0050671 0.0053163 0.00562762 0.00599288 0.00641508 0.00692196 0.00750406 0.00817128 0.00893053 0.00979963 0.0107763 0.0119042 0.0131539 0.0145256 0.0160359 0.0176695 0.0194035 0.0212132 0.0230459 0.0248764 0.0266853 0.028416 0.0299936 0.0313429 0.0324436 0.0332147 0.0336327 0.0336531 0.0332328 0.032378 0.0310839 0.029343 0.027174 0.0246345 0.0217583 0.018569 0.0151302 0.0115258 0.00778204 0.00394758 3.97052e-05 -0.00391264 -0.00786908 -0.0118104 -0.0157262 -0.019624 -0.0234585 -0.0272384 -0.0309692 -0.0346069 -0.0381032 -0.0414506 -0.0446431 -0.0476082 -0.0502993 -0.0527035 -0.0548015 -0.0565546 -0.0579818 -0.0591278 -0.0600035 -0.060624 -0.0610368 -0.0613027 -0.0614424 -0.0615 
0 0.00661455 0.0130633 0.0191658 0.0247951 0.0298098 0.0341347 0.0376882 0.0404298 0.0423527 0.0434537 0.0438058 0.0434477 0.0424856 0.0410149 0.0391244 0.036892 0.034358 0.0316407 0.0287662 0.0257678 0.0226751 0.019509 0.0162729 0.0129279 0.00953324 0.00609276 0.00259471 -0.000960959 -0.00454648 -0.00812512 -0.0116755 -0.0151546 -0.0185195 -0.021714 -0.0246813 -0.0273666 -0.0297458 -0.0317339 -0.0333128 -0.0344911 -0.0352602 -0.0356121 -0.0355341 -0.0350742 -0.0342635 -0.0331587 -0.031799 -0.0302232 -0.0284907 -0.0266859 -0.024821 -0.0229422 -0.0210922 -0.0192876 -0.0175778 -0.0159625 -0.0144536 -0.0130603 -0.0117968 -0.0106496 -0.00960799 -0.00864702 -0.00778807 -0.00701277 -0.00633733 -0.00574293 -0.00519716 -0.00470603 -0.00426718 -0.00387535 -0.0035417 -0.00323535 -0.00293068 -0.00265499 -0.00237886 -0.00208538 -0.00175276 -0.00135995 -0.000867065 -0.000251577 0.000539474 0.00148911 0.00258619 0.00378854 0.00498593 0.00598719 0.00662179 0.0066263 0.00575209 0.00382027 0.000717999 -0.0035823 -0.00890829 -0.014989 -0.0214174 -0.0276938 -0.0332856 -0.0377116 -0.0405525 -0.0415401 -0.040563 -0.0377109 -0.0332144 -0.0274784 -0.0209979 -0.0142883 -0.0078439 -0.00210814 0.00266258 0.00630214 0.00878322 0.0102251 0.010813 0.0107265 0.010223 0.0094942 0.00868874 0.00792115 0.0072714 0.00673006 0.0063078 0.005979 0.00573648 0.00555766 0.00541186 0.00527257 0.00517661 0.0051035 0.00506336 0.00508015 0.00514025 0.00524741 0.00541989 0.00564271 0.00593439 0.00630327 0.00672698 0.00724245 0.0078484 0.0085532 0.00935156 0.0102503 0.0112582 0.01241 0.0137039 0.0151407 0.0166786 0.0183268 0.0200791 0.0218991 0.0237658 0.0256141 0.0274006 0.029101 0.0306579 0.0319811 0.0330362 0.0337595 0.0341254 0.0340887 0.0336284 0.0327358 0.0314103 0.0296779 0.0275244 0.0249942 0.0221649 0.0190872 0.015783 0.0123209 0.00875099 0.00513364 0.00149161 -0.00215296 -0.00577762 -0.00938278 -0.0129287 -0.0164574 -0.019949 -0.0234029 -0.0268484 -0.0303031 -0.0337648 -0.0371648 -0.040529 -0.0438365 -0.0470348 -0.0500842 -0.0529562 -0.0556313 -0.0580362 -0.0601708 -0.0620423 -0.0636381 -0.0649495 -0.0659877 -0.0667871 -0.0673394 -0.0676735 
0 0.00645998 0.0127322 0.0186576 0.024065 0.028867 0.032957 0.0362836 0.0388046 0.0405016 0.0414246 0.0416089 0.0411618 0.0401546 0.0387009 0.036892 0.03478 0.032466 0.0300039 0.0274644 0.0248351 0.022141 0.0194049 0.01659 0.0137011 0.0107317 0.00769881 0.00456462 0.00132203 -0.00199248 -0.00535269 -0.00874329 -0.0121385 -0.0155062 -0.0187856 -0.021907 -0.0248392 -0.0275107 -0.0298804 -0.0318837 -0.033516 -0.0347641 -0.03558 -0.0359803 -0.0359719 -0.0355899 -0.0348644 -0.033813 -0.032474 -0.0309301 -0.0292314 -0.0274392 -0.0255681 -0.0236664 -0.0217916 -0.0199594 -0.0182143 -0.0165523 -0.0149889 -0.0135533 -0.0122399 -0.0110277 -0.00993139 -0.00892335 -0.00803214 -0.00724988 -0.00654719 -0.00592016 -0.00536293 -0.0048674 -0.00443512 -0.00404147 -0.00367154 -0.00332809 -0.00297566 -0.00262629 -0.00228311 -0.00191169 -0.00144805 -0.00086505 -0.000133436 0.000741082 0.00178834 0.00298047 0.0042369 0.00544302 0.00644804 0.0069918 0.00685136 0.00580771 0.00364945 0.000260152 -0.0043144 -0.00994782 -0.0163411 -0.0230532 -0.0295817 -0.0354047 -0.0399843 -0.0429125 -0.0439194 -0.0428871 -0.0398919 -0.0352168 -0.0292408 -0.0224658 -0.0154485 -0.008694 -0.00261244 0.00245641 0.00636833 0.00911021 0.0107467 0.0114392 0.0114417 0.0109555 0.0101984 0.00936065 0.0085612 0.00784447 0.00726449 0.00681619 0.00648756 0.00623209 0.00603127 0.00587876 0.00576831 0.00566677 0.00560699 0.00559875 0.00563638 0.00571982 0.00584743 0.00603446 0.00630888 0.00666046 0.00708958 0.00760739 0.00820227 0.00892068 0.00975618 0.0107029 0.0117667 0.0129481 0.0142589 0.0157307 0.0173138 0.0189982 0.0207622 0.0225815 0.0244474 0.0262999 0.0280903 0.029766 0.0312799 0.0325716 0.0335744 0.0342328 0.0345443 0.0344545 0.0339492 0.0330079 0.0316279 0.0298628 0.0277188 0.0252207 0.0224071 0.0193636 0.0161546 0.0128171 0.00939099 0.00593861 0.00248731 -0.000924144 -0.00427682 -0.00757396 -0.0107874 -0.0139565 -0.0170822 -0.0201944 -0.0232895 -0.0263996 -0.029594 -0.0328438 -0.036153 -0.0395043 -0.042905 -0.046308 -0.0496669 -0.0529829 -0.056192 -0.0592425 -0.0620756 -0.0646752 -0.0670023 -0.0690099 -0.0706999 -0.0720504 -0.0730518 -0.0736894 
0 0.0061386 0.0120994 0.017697 0.0228033 0.0272923 0.0310992 0.0341585 0.0364341 0.0379436 0.0387093 0.0388241 0.0383489 0.0373868 0.0360323 0.034358 0.032466 0.0304041 0.0282707 0.0260704 0.0238123 0.02152 0.0191769 0.0167984 0.0143282 0.0117833 0.00913977 0.00636698 0.00347057 0.000456068 -0.00264182 -0.00582573 -0.00908733 -0.0123821 -0.0156519 -0.0188526 -0.0219253 -0.024849 -0.0275216 -0.0299067 -0.0319591 -0.0336373 -0.034938 -0.0358074 -0.0362862 -0.0363634 -0.0360602 -0.0353841 -0.0343791 -0.0330988 -0.0316163 -0.0299517 -0.0281556 -0.0262776 -0.0243685 -0.0224916 -0.0206377 -0.0188424 -0.0171172 -0.015507 -0.0140123 -0.012656 -0.0113937 -0.0102569 -0.00922868 -0.00831294 -0.00750109 -0.00677585 -0.00611727 -0.00554786 -0.0050489 -0.00460012 -0.00417954 -0.00374543 -0.00334075 -0.00294452 -0.00252337 -0.00204687 -0.00150598 -0.000836832 -2.66225e-05 0.000975048 0.002115 0.00337934 0.0046926 0.00592949 0.00687205 0.00734146 0.00705587 0.00579082 0.00336949 -0.000268427 -0.00514527 -0.0110643 -0.0177258 -0.0247058 -0.0314915 -0.0374835 -0.0422115 -0.0452199 -0.0462224 -0.0451268 -0.0420313 -0.0371592 -0.0309724 -0.0239566 -0.0166551 -0.00958499 -0.00321073 0.00218926 0.00639954 0.00937907 0.011203 0.0120657 0.0121333 0.0116843 0.010935 0.0100679 0.00920744 0.00847266 0.0078493 0.0073617 0.00697656 0.00671367 0.00653535 0.00639762 0.00627363 0.00620602 0.0061696 0.00618551 0.00624591 0.00634894 0.00651141 0.00674186 0.00706305 0.00749213 0.00802166 0.00863005 0.00934907 0.010173 0.0111448 0.0122466 0.0134822 0.0148331 0.0163298 0.0179358 0.0196591 0.0214467 0.0232806 0.0251438 0.0269854 0.0287582 0.0304005 0.0318629 0.0331028 0.0340634 0.0346631 0.0349013 0.0347289 0.0341781 0.0331987 0.031786 0.0299723 0.0277866 0.0252983 0.0225192 0.0195079 0.0163381 0.0130721 0.00975437 0.00643468 0.00313743 -8.15285e-05 -0.0032301 -0.0062808 -0.00922576 -0.0120822 -0.0148525 -0.0176169 -0.0203649 -0.0231379 -0.0259662 -0.0288951 -0.0319645 -0.0351495 -0.0384881 -0.0419545 -0.0455262 -0.0491726 -0.0528677 -0.0565813 -0.0602203 -0.0637265 -0.06703 -0.0700644 -0.0727677 -0.0750897 -0.0770033 -0.0784524 -0.0794083 
0 0.00564954 0.0111243 0.0162838 0.0209634 0.0250856 0.0285472 0.031316 0.0333663 0.0347086 0.0354136 0.0355155 0.0351171 0.0342722 0.0330875 0.0316407 0.0300039 0.0282707 0.0264601 0.0246147 0.0227186 0.0208033 0.0188608 0.0168711 0.0148136 0.0126522 0.0103837 0.00797617 0.00543153 0.00273871 -7.95862e-05 -0.00303301 -0.00610351 -0.00925618 -0.0124417 -0.0156206 -0.0187779 -0.0218378 -0.0247448 -0.0274232 -0.0298278 -0.0319216 -0.0336649 -0.0350149 -0.0359666 -0.0365132 -0.0366693 -0.036431 -0.0358261 -0.0349146 -0.0337048 -0.0322666 -0.0306234 -0.0288336 -0.0269773 -0.0250828 -0.0231727 -0.0212796 -0.019426 -0.0176731 -0.0160306 -0.0145031 -0.0130899 -0.0117801 -0.0106118 -0.00956679 -0.00862729 -0.00778943 -0.0070303 -0.00635173 -0.0057597 -0.00521593 -0.00472342 -0.00425378 -0.00377332 -0.00328304 -0.00278705 -0.00223471 -0.00157563 -0.000783205 0.000150079 0.00122759 0.00244828 0.00379129 0.00514659 0.00637729 0.00730331 0.00765074 0.00718634 0.00572054 0.00304628 -0.000900424 -0.00605244 -0.0122629 -0.0191997 -0.0264061 -0.033375 -0.0395393 -0.0443671 -0.047429 -0.0484413 -0.0473033 -0.0440924 -0.0390912 -0.0327141 -0.0254497 -0.0178807 -0.0105339 -0.00383224 0.00185208 0.00633466 0.00958834 0.01163 0.0126237 0.0128145 0.0124212 0.011686 0.0108196 0.00994148 0.0091327 0.00844049 0.00789609 0.00750195 0.00722907 0.00703959 0.00692535 0.00685673 0.0067978 0.00676887 0.00680687 0.00689367 0.00704827 0.00726263 0.00754704 0.00794746 0.0084594 0.00907299 0.00980957 0.0106482 0.0116246 0.0127501 0.0140101 0.0154093 0.016925 0.0185634 0.020307 0.0221164 0.0239701 0.0258281 0.0276562 0.0294269 0.0310358 0.0324476 0.0336094 0.0344861 0.0350413 0.035217 0.0349838 0.0343404 0.0332984 0.0318541 0.0300109 0.0277965 0.0252786 0.0224955 0.0195181 0.0163896 0.0131781 0.00993652 0.00670777 0.00352942 0.000439919 -0.00252743 -0.00538402 -0.00811851 -0.0107437 -0.013244 -0.0156789 -0.0180852 -0.0205092 -0.0229924 -0.0255568 -0.0282715 -0.0311428 -0.0342263 -0.0375218 -0.0410425 -0.0447719 -0.0486685 -0.052729 -0.0568803 -0.0610695 -0.065187 -0.0691467 -0.0728533 -0.0762022 -0.0791348 -0.081563 -0.0834378 -0.0846818 
