0 0 0 0 0 0 0 0 0 0 0 0 0 0 0 0 0 0 0 0 0 0 0 0 0 0 0 0 0 0 0 0 0 0 0 0 0 0 0 0 0 0 0 0 0 0 0 0 0 0 0 0 0 0 0 0 0 0 0 0 0 0 0 0 0 0 0 0 0 0 0 0 0 0 0 0 0 0 0 0 0 0 0 0 0 0 0 0 0 0 0 0 0 0 0 0 0 0 0 0 0 0 0 0 0 0 0 0 0 0 0 0 0 0 0 0 0 0 0 0 0 0 0 0 0 0 0 0 0 0 0 0 0 0 0 0 0 0 0 0 0 0 0 0 0 0 0 0 0 0 0 0 0 0 0 0 0 0 0 0 0 0 0 0 0 0 0 0 0 0 0 0 0 0 0 0 0 0 0 0 0 0 0 0 0 0 0 0 0 0 0 0 0 0 0 0 0 0 0 0 
0 4.21848e-05 3.8265e-05 -2.90139e-05 -0.000184271 -0.000425582 -0.000750865 -0.00113711 -0.00157875 -0.00208091 -0.00261641 -0.00316298 -0.00368564 -0.00415135 -0.00452395 -0.00478907 -0.00496293 -0.00503646 -0.0050083 -0.00488992 -0.00468879 -0.00441849 -0.00409681 -0.00376446 -0.00343452 -0.0031033 -0.0027824 -0.00246732 -0.00217446 -0.00191391 -0.00169027 -0.00150411 -0.00133823 -0.00119291 -0.00105621 -0.000943856 -0.000868382 -0.000805201 -0.000748254 -0.000691375 -0.000638189 -0.000589168 -0.000550486 -0.000522803 -0.000498351 -0.000473487 -0.000443172 -0.000409604 -0.000385232 -0.000378062 -0.00036672 -0.000354081 -0.000336664 -0.000312626 -0.000291623 -0.000276274 -0.000260103 -0.000254421 -0.000247347 -0.000231364 -0.000213542 -0.000194234 -0.000190841 -0.000190622 -0.000189611 -0.000178841 -0.000164488 -0.000157503 -0.000156422 -0.000154949 -0.000179141 -0.000208609 -0.000245951 -0.000292697 -0.000348178 -0.000427162 -0.00052552 -0.000637146 -0.000784028 -0.000947582 -0.00111467 -0.00129914 -0.001482 -0.00165114 -0.00179958 -0.0019075 -0.00194641 -0.00190828 -0.00177906 -0.0015571 -0.00123782 -0.00083478 -0.000351368 0.000189435 0.000768708 0.00134949 0.00190606 0.00239792 0.00279635 0.00306604 0.00319548 0.00316642 0.0029912 0.00268159 0.00226734 0.00176883 0.00122234 0.00065056 9.00948e-05 -0.000434563 -0.000887466 -0.00125395 -0.00152111 -0.00169318 -0.00176552 -0.00175884 -0.00168225 -0.00154376 -0.00137175 -0.00119208 -0.000995708 -0.000809635 -0.000643511 -0.000483913 -0.000352624 -0.000247899 -0.000153599 -7.19646e-05 1.45336e-06 5.32654e-05 7.01852e-05 8.97229e-05 0.000105378 0.000120495 0.000138642 0.000154286 0.000163238 0.000172583 0.000172944 0.000177292 0.00018111 0.000192352 0.000203989 0.000211703 0.000214975 0.00021167 0.000216787 0.000235738 0.000256902 0.000273435 0.000288079 0.000292798 0.00030295 0.000317888 0.000335164 0.000358883 0.000386157 0.000401698 0.00041705 0.000443094 0.000484119 0.000536042 0.000582944 0.000627879 0.000670381 0.000734131 0.000816935 0.000912497 0.00103206 0.00115821 0.00129801 0.00146759 0.00167933 0.00193019 0.00219801 0.00248277 0.00277307 0.00306509 0.00335716 0.00362162 0.00384043 0.00398076 0.00401077 0.00391366 0.00367636 0.00329403 0.00273279 0.0019837 0.0010485 -7.80991e-05 -0.00136299 -0.00276621 -0.00422932 -0.00572224 -0.00719449 -0.00857787 -0.00983378 -0.0109026 -0.0117424 -0.0123066 
0 3.8265e-05 4.67447e-06 -0.000159348 -0.000460161 -0.000941751 -0.00157103 -0.00233156 -0.00320709 -0.0041844 -0.00523307 -0.00627468 -0.00728327 -0.00818035 -0.00891258 -0.00944983 -0.00980067 -0.00995758 -0.00990269 -0.00967522 -0.00929322 -0.00878247 -0.0081697 -0.00752759 -0.00686598 -0.00620747 -0.00556343 -0.00495094 -0.00439033 -0.00387495 -0.00344042 -0.00304541 -0.00271908 -0.00242706 -0.00216227 -0.00194561 -0.0017689 -0.00162744 -0.00148697 -0.00137125 -0.00127404 -0.00118532 -0.00110747 -0.00104864 -0.000981801 -0.000941401 -0.000884424 -0.000828798 -0.00078749 -0.000748034 -0.000719254 -0.000673974 -0.000646772 -0.000615094 -0.000587136 -0.000560143 -0.000530958 -0.000500259 -0.000493244 -0.000461176 -0.000436834 -0.000413682 -0.000390105 -0.000379201 -0.000370105 -0.000352942 -0.000335045 -0.000330155 -0.000333923 -0.000362688 -0.000384678 -0.000415988 -0.000482455 -0.00059312 -0.000707927 -0.000862371 -0.00104868 -0.00129623 -0.00158187 -0.00190063 -0.0022463 -0.0026094 -0.00295637 -0.00331217 -0.00360805 -0.00380576 -0.00388586 -0.00381338 -0.00355623 -0.0031254 -0.00249566 -0.00167986 -0.000702906 0.000390288 0.00154803 0.00270652 0.00380733 0.00478048 0.0055696 0.00611321 0.00636936 0.00632087 0.00597853 0.00536594 0.00453419 0.00353365 0.0024282 0.00127978 0.000157791 -0.000874723 -0.00176829 -0.00250139 -0.00303346 -0.00337837 -0.00353969 -0.00351837 -0.00335203 -0.00309763 -0.0027561 -0.00238717 -0.00200703 -0.00163441 -0.00127859 -0.000973233 -0.000711769 -0.000497246 -0.000299899 -0.000155731 -3.70133e-05 5.77111e-05 0.000133462 0.000174814 0.000213448 0.000245976 0.000278192 0.000296953 0.000307934 0.00031814 0.000342678 0.000356046 0.000361387 0.000384294 0.000392641 0.000418977 0.000437038 0.000445571 0.000465273 0.000497 0.000514021 0.000544942 0.000558589 0.000589726 0.000619043 0.000652055 0.00068827 0.000721802 0.000780902 0.000822565 0.000863383 0.000917477 0.000985298 0.00106122 0.00115346 0.0012353 0.00134706 0.0014792 0.00164394 0.00183506 0.00206256 0.00234005 0.00263141 0.00299086 0.00340966 0.00389256 0.00441321 0.00497014 0.00554802 0.00612783 0.00669229 0.00719431 0.00760109 0.00785197 0.00790349 0.00769045 0.00721231 0.00642394 0.00528399 0.00377993 0.00190621 -0.000310334 -0.00285493 -0.0056084 -0.00849753 -0.0114388 -0.0143261 -0.0170495 -0.0194924 -0.0215942 -0.023226 -0.0243318 
0 -2.90139e-05 -0.000159348 -0.000430715 -0.000904001 -0.00159468 -0.00251733 -0.00362876 -0.00490653 -0.00633523 -0.00782446 -0.00931 -0.0107247 -0.0120059 -0.0130696 -0.0138646 -0.0144014 -0.0146396 -0.0145754 -0.0142606 -0.0137349 -0.0130337 -0.0121842 -0.0112661 -0.0103096 -0.00933031 -0.00839095 -0.00749971 -0.0066826 -0.00593481 -0.0052555 -0.004659 -0.0041369 -0.00370268 -0.00331407 -0.00298043 -0.00271317 -0.0024657 -0.00224863 -0.00207076 -0.00193253 -0.00180702 -0.00168714 -0.00157578 -0.00147522 -0.00139815 -0.00133136 -0.00126145 -0.0011964 -0.00114621 -0.00107511 -0.00101129 -0.000965281 -0.000924756 -0.000891885 -0.000854445 -0.000795742 -0.000758261 -0.000732281 -0.000700914 -0.000670482 -0.000625971 -0.000598909 -0.000568409 -0.000541085 -0.000511912 -0.000497656 -0.000512418 -0.000532515 -0.00053327 -0.000576234 -0.000631088 -0.000722457 -0.000863894 -0.00104811 -0.00130046 -0.00160231 -0.00193957 -0.00236632 -0.00284536 -0.00334878 -0.00390354 -0.00445436 -0.00496172 -0.00539613 -0.00570293 -0.0058121 -0.00569986 -0.00532618 -0.0046764 -0.00373037 -0.00251649 -0.00105196 0.000588707 0.00233301 0.00406892 0.00571421 0.00716082 0.00833164 0.00913487 0.00953051 0.00946492 0.00895799 0.00803816 0.00678732 0.0052779 0.00362312 0.00190702 0.000238908 -0.00130857 -0.00264426 -0.00372974 -0.00453181 -0.00505489 -0.00528387 -0.00526612 -0.00503239 -0.00461837 -0.00410749 -0.00357411 -0.00300224 -0.00245197 -0.00194426 -0.00145463 -0.00104466 -0.000722573 -0.000454793 -0.000241259 -5.39678e-05 9.09157e-05 0.000169479 0.000261264 0.000337425 0.000389743 0.000424679 0.000440822 0.00044957 0.000478973 0.000503931 0.000535484 0.000550609 0.000569835 0.00059035 0.000618959 0.000655441 0.000679787 0.000709219 0.000746344 0.000771181 0.000793478 0.000835982 0.000881877 0.000945018 0.00100107 0.00103931 0.00108813 0.00116483 0.00123802 0.00131701 0.00140372 0.00149844 0.00160892 0.00172997 0.00188272 0.00205762 0.0022788 0.00252426 0.00279261 0.00314363 0.00355647 0.00403285 0.00458186 0.00521021 0.00591544 0.00666898 0.00748884 0.00833932 0.00918253 0.00998379 0.0106676 0.0111998 0.0115136 0.0115291 0.0111823 0.0104172 0.00920182 0.00745864 0.00518714 0.0024146 -0.000860464 -0.00456378 -0.00859638 -0.0128082 -0.0170985 -0.0213101 -0.0252492 -0.0288051 -0.0318306 -0.0342084 -0.0358089 
0 -0.000184271 -0.000460161 -0.000904001 -0.00154151 -0.00245792 -0.00364063 -0.0050724 -0.00671474 -0.00851393 -0.0103873 -0.0122161 -0.013972 -0.0155627 -0.0169055 -0.017935 -0.0186358 -0.0189746 -0.0189301 -0.0185779 -0.017965 -0.0171282 -0.0160945 -0.0149586 -0.0137414 -0.0124977 -0.0112793 -0.0101277 -0.00906452 -0.00806407 -0.00716909 -0.00634388 -0.00564927 -0.00505125 -0.00452432 -0.00407858 -0.00369484 -0.00336612 -0.00306166 -0.00282112 -0.00262927 -0.00245311 -0.00228564 -0.00214138 -0.00199466 -0.0018978 -0.00179141 -0.00169033 -0.00160786 -0.00152627 -0.00145388 -0.00136366 -0.00130613 -0.00124923 -0.00119717 -0.00113948 -0.00107161 -0.00100452 -0.000975836 -0.000920224 -0.000877064 -0.000834537 -0.000791293 -0.000762164 -0.000735726 -0.000699271 -0.000666873 -0.000660459 -0.000670029 -0.0007143 -0.00075952 -0.000829075 -0.000964814 -0.00117924 -0.00141663 -0.00172807 -0.00210532 -0.00258908 -0.00315515 -0.00379054 -0.00447887 -0.00520402 -0.00590877 -0.00660938 -0.00719489 -0.0075897 -0.00774305 -0.00759165 -0.00707853 -0.00621106 -0.00495299 -0.00332795 -0.00138448 0.00079025 0.00309506 0.00540223 0.0075924 0.00952893 0.0110938 0.0121679 0.0126724 0.0125696 0.0118815 0.0106595 0.00900175 0.00701145 0.00481604 0.00253747 0.000311912 -0.00173845 -0.00351455 -0.00496563 -0.00602506 -0.00670919 -0.00702497 -0.00698699 -0.00666238 -0.00614902 -0.00547638 -0.00474749 -0.00399571 -0.00326038 -0.00256196 -0.00194799 -0.00142021 -0.000984465 -0.000596608 -0.000303474 -6.46353e-05 0.000123648 0.000268172 0.00035972 0.000439871 0.000503644 0.000561016 0.000595757 0.000619707 0.000649076 0.000698213 0.000729137 0.000741876 0.000773453 0.000787921 0.000832323 0.000871055 0.000898556 0.00094137 0.000998554 0.00103259 0.00108485 0.00112229 0.00119008 0.00125968 0.0013273 0.0013884 0.00144729 0.00155392 0.00165267 0.00176079 0.00188629 0.0020229 0.00217074 0.00235475 0.00255406 0.0028177 0.00311953 0.00346086 0.00384244 0.00430782 0.00488702 0.00552478 0.00627237 0.00710285 0.0080213 0.00900341 0.0100552 0.0111413 0.0122014 0.0131772 0.0139825 0.0145717 0.014865 0.0147867 0.0142217 0.0131334 0.0114384 0.00907614 0.00605533 0.00240372 -0.00182909 -0.00661155 -0.0117706 -0.0171731 -0.0226607 -0.028028 -0.0330631 -0.0375706 -0.0414338 -0.0444471 -0.046494 
0 -0.000425582 -0.000941751 -0.00159468 -0.00245792 -0.00358917 -0.00502291 -0.00672084 -0.00864096 -0.0107306 -0.0128699 -0.01497 -0.0169693 -0.0187971 -0.0203519 -0.0215609 -0.0224132 -0.0228579 -0.0228832 -0.0225518 -0.0219095 -0.0209917 -0.0198348 -0.0185364 -0.0171437 -0.0156893 -0.0142528 -0.0128624 -0.011554 -0.0103299 -0.00920426 -0.00819306 -0.00729962 -0.00652871 -0.00583814 -0.00524317 -0.00475414 -0.00432392 -0.00394398 -0.00362196 -0.00335205 -0.00310848 -0.00289149 -0.00270527 -0.00254076 -0.002401 -0.00226296 -0.00212464 -0.00201043 -0.00192859 -0.00183635 -0.00174004 -0.00165409 -0.00156783 -0.00149328 -0.00142394 -0.00134244 -0.00128353 -0.00123529 -0.0011707 -0.00110478 -0.00103572 -0.000994644 -0.0009617 -0.000928062 -0.000882182 -0.000843129 -0.000837218 -0.000849861 -0.000869711 -0.000947676 -0.00105888 -0.00122664 -0.00146481 -0.00176395 -0.00216107 -0.00264977 -0.00322906 -0.0039403 -0.00473836 -0.00558548 -0.0064924 -0.00739429 -0.00823958 -0.00896264 -0.00946895 -0.00965398 -0.00945852 -0.00882308 -0.00772508 -0.0061475 -0.00412853 -0.00171188 0.000993858 0.00386727 0.0067438 0.00947367 0.0118825 0.0138239 0.0151504 0.015779 0.0156472 0.0147855 0.0132576 0.0111897 0.00871012 0.0059831 0.00315447 0.000393361 -0.00216481 -0.00437934 -0.00617246 -0.00749239 -0.00834125 -0.0087185 -0.00868606 -0.00830402 -0.00764276 -0.00681183 -0.00591693 -0.00497467 -0.00406186 -0.00321586 -0.00243162 -0.001767 -0.00122532 -0.000765199 -0.000387827 -6.67892e-05 0.000175685 0.000319303 0.000444163 0.000547074 0.000628994 0.000699295 0.00074824 0.00078334 0.000827444 0.000862809 0.000897755 0.000922138 0.000961435 0.00100537 0.00105465 0.00109889 0.00112439 0.00116682 0.00123636 0.0013026 0.00136632 0.00143273 0.00149741 0.00158044 0.00166828 0.00175041 0.00184909 0.00197642 0.00209664 0.00222664 0.0023836 0.00256971 0.00278545 0.00302287 0.00329679 0.00361772 0.00401156 0.00446137 0.00496711 0.00558999 0.00631339 0.0071296 0.00805419 0.00909031 0.0102263 0.0114207 0.0126747 0.0139333 0.0151355 0.0162146 0.0170686 0.0176391 0.0178384 0.0175635 0.0167169 0.0152236 0.0130226 0.0100338 0.00627658 0.00181145 -0.00333007 -0.00905491 -0.0152182 -0.0216282 -0.0281208 -0.0344631 -0.0403865 -0.0457072 -0.050229 -0.0537717 -0.056165 
0 -0.000750865 -0.00157103 -0.00251733 -0.00364063 -0.00502291 -0.00667875 -0.00858398 -0.0106972 -0.0129595 -0.0152753 -0.0175393 -0.019701 -0.0216732 -0.0233605 -0.0246987 -0.0256717 -0.0262394 -0.0263746 -0.0261214 -0.0255124 -0.0245772 -0.0233647 -0.0219823 -0.0204743 -0.0188839 -0.0172669 -0.0156736 -0.0141501 -0.0127105 -0.0113946 -0.0101889 -0.00911697 -0.00815697 -0.00729085 -0.00654347 -0.00591443 -0.00537538 -0.00489054 -0.00447451 -0.00411907 -0.00380414 -0.00353141 -0.00330677 -0.00310284 -0.00293233 -0.00275383 -0.00258106 -0.00244056 -0.00232539 -0.00221664 -0.002094 -0.00198851 -0.00188757 -0.00179943 -0.00171638 -0.00162945 -0.0015509 -0.00149406 -0.00141495 -0.00133768 -0.00126394 -0.00120314 -0.00115773 -0.00111622 -0.0010665 -0.00102545 -0.00101791 -0.00103543 -0.00108419 -0.00115989 -0.00127804 -0.00147827 -0.00177366 -0.00213325 -0.002599 -0.00317592 -0.00389093 -0.00473889 -0.00569154 -0.00671716 -0.00779363 -0.0088577 -0.00987639 -0.0107349 -0.0113223 -0.0115422 -0.0113081 -0.0105466 -0.00923755 -0.00735285 -0.00492452 -0.002025 0.00121787 0.00464998 0.00808256 0.0113312 0.0141995 0.0165077 0.0180882 0.0188294 0.0186721 0.0176424 0.0158212 0.0133474 0.0103825 0.0071166 0.00373628 0.000440532 -0.00259484 -0.00522385 -0.00735808 -0.00892862 -0.00993947 -0.0104033 -0.0103629 -0.00990323 -0.00913743 -0.0081551 -0.00707753 -0.00596151 -0.0048704 -0.0038441 -0.00292353 -0.00213413 -0.00147905 -0.000919155 -0.000473285 -0.000109234 0.000175317 0.000382511 0.000533117 0.000656855 0.000755812 0.000839533 0.000896459 0.000937279 0.000982513 0.00103584 0.00107729 0.00110904 0.00115986 0.00121053 0.00127844 0.00133367 0.00137134 0.00142551 0.00150511 0.00157976 0.00166178 0.00173165 0.00181512 0.00191134 0.00201994 0.00213548 0.00226364 0.00242398 0.00257263 0.00272975 0.00292135 0.00315417 0.00342536 0.00373475 0.00407313 0.00448174 0.00497113 0.00554633 0.00620886 0.0069904 0.00789001 0.00887296 0.0099799 0.0112061 0.0125355 0.0139153 0.0153142 0.0166772 0.0179402 0.0190337 0.0198544 0.0203207 0.0203273 0.0197678 0.0185352 0.0165782 0.0138247 0.0102138 0.00576442 0.000536329 -0.00540084 -0.0119559 -0.0189377 -0.0261621 -0.0334378 -0.0405184 -0.0471351 -0.0530545 -0.0580855 -0.0620035 -0.0646533 
0 -0.00113711 -0.00233156 -0.00362876 -0.0050724 -0.00672084 -0.00858398 -0.0106402 -0.0128617 -0.0152057 -0.0175936 -0.0199317 -0.0221569 -0.0241847 -0.0259294 -0.0273424 -0.0284091 -0.0290916 -0.0293539 -0.029215 -0.0286951 -0.0278186 -0.02664 -0.0252526 -0.0237067 -0.0220389 -0.0203056 -0.0185642 -0.0168676 -0.0152455 -0.0137322 -0.0123318 -0.0110617 -0.00991374 -0.0088775 -0.00797156 -0.00719459 -0.00651899 -0.00591913 -0.00540577 -0.00496907 -0.00458409 -0.00424376 -0.00394994 -0.00369217 -0.00347399 -0.00326763 -0.00307283 -0.00290524 -0.0027577 -0.00261383 -0.00246754 -0.00234336 -0.00223328 -0.00213285 -0.00202941 -0.001918 -0.00181874 -0.00174231 -0.00166032 -0.00157756 -0.00149537 -0.00141968 -0.00135383 -0.00129229 -0.00123537 -0.00119993 -0.0012008 -0.00122362 -0.00127036 -0.00135209 -0.00149112 -0.0017219 -0.00205976 -0.00249204 -0.00304318 -0.00372049 -0.00454474 -0.00552128 -0.00662457 -0.00782071 -0.00907638 -0.0103249 -0.0114996 -0.0124862 -0.0131598 -0.0134054 -0.0131242 -0.0122391 -0.0107109 -0.00851866 -0.0056951 -0.00232568 0.00144521 0.00543146 0.0094165 0.0131786 0.0164948 0.0191561 0.0209785 0.0218309 0.0216478 0.0204506 0.018334 0.0154561 0.012012 0.00822143 0.00430861 0.000497677 -0.00300981 -0.00604967 -0.00851315 -0.0103346 -0.0115056 -0.0120442 -0.0120036 -0.011477 -0.0105853 -0.00945352 -0.00820924 -0.00692712 -0.00567201 -0.00448801 -0.00341297 -0.00248314 -0.00170947 -0.00106596 -0.000548114 -0.000128525 0.000197934 0.000440583 0.000628986 0.000784906 0.000904965 0.000993481 0.00105025 0.00109562 0.00115155 0.00121827 0.00127447 0.00131778 0.00136637 0.00141978 0.00148982 0.00155838 0.00161728 0.00168799 0.00177413 0.00185575 0.00194194 0.00203062 0.00213897 0.00226426 0.00239627 0.00252816 0.00267638 0.00285811 0.00304901 0.00325706 0.00350129 0.00378876 0.00412238 0.00450611 0.00494139 0.00545874 0.00606963 0.00677639 0.00758685 0.00852948 0.00959767 0.0107646 0.0120493 0.013449 0.0149347 0.0164473 0.0179363 0.0193363 0.0205804 0.0215915 0.0222692 0.0225175 0.0222243 0.0212764 0.0195794 0.0170902 0.0137561 0.009533 0.00444055 -0.00145612 -0.00807401 -0.0152913 -0.0229077 -0.030725 -0.0385468 -0.0461292 -0.0532008 -0.0595186 -0.0648681 -0.0690269 -0.0718362 
0 -0.00157875 -0.00320709 -0.00490653 -0.00671474 -0.00864096 -0.0106972 -0.0128617 -0.0151254 -0.01747 -0.0198304 -0.0221423 -0.0243286 -0.0263257 -0.0280624 -0.0295042 -0.0306334 -0.031408 -0.0317945 -0.0317914 -0.0314123 -0.0306715 -0.0296128 -0.0282952 -0.0267781 -0.0250943 -0.0233145 -0.0214941 -0.0196809 -0.0179157 -0.0162151 -0.0146286 -0.0131613 -0.0118339 -0.0106332 -0.00956126 -0.00862305 -0.00778818 -0.00705975 -0.00643649 -0.0059076 -0.00544196 -0.00502331 -0.00464728 -0.0043295 -0.00405142 -0.00380984 -0.00358477 -0.0033818 -0.00320415 -0.00302551 -0.00286315 -0.00271786 -0.00259242 -0.00247296 -0.0023477 -0.00221277 -0.00209886 -0.00199614 -0.00190578 -0.00181116 -0.00171797 -0.00163843 -0.00156459 -0.00149282 -0.00142757 -0.00138419 -0.00137568 -0.0013987 -0.00144197 -0.0015449 -0.00171786 -0.00198666 -0.00236358 -0.0028618 -0.00348665 -0.00426352 -0.00519682 -0.00631048 -0.00756779 -0.00892673 -0.0103513 -0.0117799 -0.0131038 -0.0142218 -0.0149879 -0.0152571 -0.0149223 -0.0139048 -0.0121454 -0.00964016 -0.00642845 -0.00260435 0.00167255 0.00619316 0.0107186 0.0149935 0.0187605 0.0217769 0.0238329 0.024781 0.0245529 0.0231768 0.0207654 0.0174988 0.0135978 0.00930566 0.00487632 0.000560513 -0.0034173 -0.006867 -0.00965361 -0.0117179 -0.0130386 -0.0136388 -0.0135962 -0.0130128 -0.0120045 -0.0107369 -0.00933283 -0.00788029 -0.00645801 -0.00512467 -0.00390439 -0.00284817 -0.00195831 -0.0012267 -0.000623701 -0.000136566 0.000239689 0.000508995 0.00072615 0.0008975 0.00103333 0.00113437 0.00120702 0.00126847 0.00133998 0.00141067 0.00147635 0.00152957 0.00157625 0.0016393 0.00170852 0.00178657 0.00186306 0.00194998 0.00204781 0.00214869 0.00224235 0.00235578 0.00248215 0.0026332 0.00278704 0.00293523 0.00310857 0.00331267 0.00355278 0.003823 0.00413156 0.00448405 0.00488982 0.00535349 0.0059051 0.00654876 0.0073042 0.00815616 0.00911702 0.0102214 0.0114531 0.0128093 0.0142622 0.0158061 0.017394 0.0189698 0.0204781 0.0218432 0.0229875 0.0238168 0.0242342 0.0241428 0.0234411 0.0220155 0.0197934 0.0167254 0.0127906 0.00796707 0.00228558 -0.00417671 -0.011336 -0.0190347 -0.0270894 -0.0352806 -0.0434132 -0.0512533 -0.058534 -0.0650305 -0.0705042 -0.074763 -0.0776381 
0 -0.00208091 -0.0041844 -0.00633523 -0.00851393 -0.0107306 -0.0129595 -0.0152057 -0.01747 -0.0197369 -0.0219883 -0.024163 -0.0262225 -0.0281096 -0.0297822 -0.0312129 -0.0323626 -0.0332019 -0.0336991 -0.0338441 -0.0336447 -0.0330961 -0.0322192 -0.031045 -0.0296159 -0.0280001 -0.0262408 -0.0244114 -0.0225441 -0.0206718 -0.0188438 -0.0170887 -0.0154607 -0.013952 -0.0125765 -0.0113335 -0.0102116 -0.00921874 -0.00834051 -0.00758193 -0.00692914 -0.00635835 -0.0058507 -0.00540746 -0.00502049 -0.00468927 -0.00438704 -0.00411519 -0.0038784 -0.003659 -0.00346531 -0.00327609 -0.00310155 -0.00294833 -0.00280317 -0.00265964 -0.00252959 -0.00239904 -0.0022857 -0.00216989 -0.00205279 -0.00195303 -0.00185813 -0.00178265 -0.00171125 -0.00164006 -0.00158493 -0.00155847 -0.00157452 -0.00165355 -0.00176375 -0.00195844 -0.002265 -0.00269044 -0.00323784 -0.00392729 -0.00479179 -0.00586661 -0.00711345 -0.0085198 -0.0100521 -0.0116349 -0.0132107 -0.014699 -0.0159408 -0.0167776 -0.0170769 -0.0166939 -0.0155349 -0.0135557 -0.0107433 -0.00713474 -0.00285894 0.0019175 0.00696106 0.0120108 0.0167779 0.0209814 0.0243383 0.0266208 0.0276555 0.0273835 0.0258311 0.0231362 0.019489 0.0151391 0.0103533 0.00541724 0.000601698 -0.00382168 -0.00765938 -0.010766 -0.0130556 -0.0145159 -0.0151951 -0.015147 -0.0144983 -0.0134113 -0.0120135 -0.0104404 -0.00882777 -0.00723813 -0.00573283 -0.00439258 -0.00322288 -0.0022285 -0.00139516 -0.000709747 -0.000167757 0.000254037 0.000588633 0.000817113 0.000998232 0.00114808 0.00126882 0.0013663 0.00144635 0.00151678 0.00159682 0.0016587 0.00171991 0.00178773 0.00186429 0.00195603 0.00203831 0.00212294 0.00221876 0.00232789 0.00244728 0.0025729 0.00269685 0.00284857 0.00301121 0.00318766 0.00338005 0.00359187 0.00384198 0.00412816 0.00445166 0.00482301 0.00525107 0.00574119 0.00631352 0.00697526 0.00776244 0.00866134 0.00967468 0.0108128 0.0120733 0.0134787 0.0149902 0.01659 0.0182322 0.019862 0.0214327 0.0228708 0.0241143 0.0250634 0.0256089 0.02566 0.0251219 0.0239119 0.0219447 0.0191454 0.0154878 0.0109461 0.00554934 -0.000654024 -0.00758724 -0.0151253 -0.0231401 -0.0314237 -0.0397885 -0.048012 -0.0558677 -0.0631346 -0.0695686 -0.0749884 -0.0791841 -0.0820284 
0 -0.00261641 -0.00523307 -0.00782446 -0.0103873 -0.0128699 -0.0152753 -0.0175936 -0.0198304 -0.0219883 -0.0240514 -0.0260281 -0.0278814 -0.0296017 -0.0311579 -0.0325219 -0.0336504 -0.0345157 -0.0351057 -0.0353995 -0.0353876 -0.0350538 -0.0344037 -0.0334231 -0.0321766 -0.0306946 -0.0290413 -0.0272575 -0.0253808 -0.0234773 -0.0215545 -0.019707 -0.0179232 -0.0162469 -0.0146916 -0.0132612 -0.0119767 -0.0108149 -0.00978953 -0.00887507 -0.00807144 -0.00737634 -0.00677504 -0.00624172 -0.005797 -0.00537956 -0.00501903 -0.00469447 -0.00440755 -0.00416468 -0.00392945 -0.00372047 -0.00350718 -0.00331984 -0.00314834 -0.00299147 -0.00284324 -0.00271871 -0.0025765 -0.00245366 -0.00231823 -0.00219236 -0.00209056 -0.0019994 -0.00190726 -0.00183043 -0.00178126 -0.00176196 -0.00178895 -0.00184483 -0.00198379 -0.00221315 -0.00253929 -0.00298176 -0.00360316 -0.00437991 -0.00535751 -0.0065239 -0.0079073 -0.00946658 -0.0111537 -0.0129083 -0.0146701 -0.0162729 -0.0176207 -0.0185387 -0.0188454 -0.018406 -0.0171324 -0.0149294 -0.011812 -0.00782891 -0.00310067 0.00218148 0.00774669 0.0133111 0.0185502 0.0231491 0.0268153 0.0293063 0.0304371 0.0301392 0.0284332 0.0254554 0.0214257 0.016623 0.011344 0.00591707 0.000639811 -0.00421611 -0.00842618 -0.011818 -0.0143396 -0.0159504 -0.0166885 -0.0166566 -0.0159747 -0.0147633 -0.0132387 -0.0115245 -0.00974887 -0.00800326 -0.00636962 -0.00487275 -0.00357107 -0.00246281 -0.00156731 -0.000809575 -0.000194654 0.000282657 0.000630345 0.000910678 0.00112449 0.00129898 0.00142638 0.00152859 0.00161855 0.00170226 0.00177179 0.00184603 0.00192652 0.00200215 0.00211101 0.00220435 0.00230184 0.00239718 0.0024975 0.0026122 0.00275856 0.00289513 0.00306041 0.00322165 0.00340894 0.00361573 0.0038458 0.0041244 0.00441779 0.0047619 0.00514153 0.00557861 0.00609812 0.00670853 0.00739999 0.00821151 0.00912447 0.0101778 0.0113571 0.0126704 0.0141135 0.0156504 0.0173002 0.0189791 0.0206683 0.0222864 0.0237749 0.0250645 0.0260742 0.0267177 0.0268742 0.0264611 0.0253877 0.0235934 0.0210112 0.0176116 0.0133474 0.00823546 0.00231933 -0.00432759 -0.011598 -0.019383 -0.0275092 -0.0358382 -0.044155 -0.0522519 -0.0599164 -0.0669344 -0.0731318 -0.0783005 -0.082315 -0.0850282 
0 -0.00316298 -0.00627468 -0.00931 -0.0122161 -0.01497 -0.0175393 -0.0199317 -0.0221423 -0.024163 -0.0260281 -0.0277598 -0.0293763 -0.0308764 -0.0322577 -0.0334993 -0.0345529 -0.0354113 -0.0360721 -0.0364933 -0.036656 -0.0365339 -0.0361233 -0.0354016 -0.0343872 -0.0331303 -0.0316312 -0.0299534 -0.0281369 -0.0262431 -0.024318 -0.0223948 -0.0205145 -0.0186859 -0.0169689 -0.0153792 -0.0139183 -0.0125984 -0.0114095 -0.0103348 -0.00938015 -0.00855221 -0.00783004 -0.00720033 -0.00664697 -0.00615582 -0.00571689 -0.00533428 -0.0049988 -0.00468838 -0.0044189 -0.00417387 -0.00393788 -0.00373347 -0.00353777 -0.00334633 -0.0031812 -0.00301361 -0.00285934 -0.00271839 -0.00257774 -0.00245189 -0.00232314 -0.00221237 -0.00211581 -0.00203497 -0.00198267 -0.00195389 -0.0019763 -0.00206733 -0.00219411 -0.00242955 -0.00280295 -0.00331799 -0.0039973 -0.00484391 -0.0059015 -0.0072026 -0.00870411 -0.0104039 -0.0122649 -0.0141816 -0.0160822 -0.0178497 -0.0193021 -0.0202621 -0.0205815 -0.0200887 -0.0186693 -0.0162619 -0.0128488 -0.0084762 -0.00330809 0.00245269 0.00851806 0.01457 0.0202636 0.0252635 0.0292398 0.0319312 0.0331376 0.0327917 0.0309174 0.0276737 0.0232857 0.0180527 0.0123081 0.00640316 0.000660173 -0.00459881 -0.00915702 -0.0128511 -0.0155822 -0.0173319 -0.018157 -0.0181188 -0.0173662 -0.0160894 -0.0144421 -0.0125745 -0.01066 -0.00876879 -0.00697344 -0.00536567 -0.00394638 -0.00272513 -0.00170915 -0.00087337 -0.000225189 0.000284852 0.000709616 0.00101314 0.00124948 0.00144197 0.00158568 0.00170493 0.00180283 0.00188788 0.00198527 0.00207223 0.00216207 0.00224847 0.00234279 0.00244815 0.00255173 0.00267509 0.00280376 0.00293591 0.00309131 0.00325303 0.00342581 0.0036262 0.00383651 0.0040736 0.00435427 0.00467117 0.00502868 0.00543808 0.00590031 0.0064308 0.00705889 0.00779225 0.00863624 0.00959177 0.0106709 0.0118726 0.0132175 0.0147122 0.0162978 0.0179697 0.0196833 0.0213954 0.0230535 0.0245844 0.0259257 0.0269672 0.0276471 0.0278667 0.027531 0.0265705 0.0248954 0.0224544 0.0192191 0.0151785 0.010329 0.00468653 -0.00166232 -0.00863345 -0.016125 -0.02398 -0.0320661 -0.0402229 -0.0482925 -0.0560544 -0.0633161 -0.0699263 -0.0756953 -0.080498 -0.0841958 -0.086707 
0 -0.00368564 -0.00728327 -0.0107247 -0.013972 -0.0169693 -0.019701 -0.0221569 -0.0243286 -0.0262225 -0.0278814 -0.0293763 -0.0307302 -0.0319749 -0.0331314 -0.0341965 -0.0351371 -0.035957 -0.0366526 -0.0371705 -0.0374721 -0.0375435 -0.0373832 -0.0369327 -0.0362106 -0.0352113 -0.0339456 -0.0324457 -0.0307601 -0.0289652 -0.0270636 -0.0251346 -0.0231798 -0.0212567 -0.0194192 -0.0176772 -0.0160527 -0.0145505 -0.013197 -0.011965 -0.0108569 -0.00988305 -0.00902233 -0.00824873 -0.00758887 -0.00699322 -0.00648793 -0.00604416 -0.00563928 -0.00527369 -0.00494402 -0.00466913 -0.00440518 -0.00417327 -0.00394826 -0.00372904 -0.00352515 -0.00334526 -0.00316128 -0.00301273 -0.0028609 -0.00271466 -0.00257806 -0.00245305 -0.00233494 -0.0022482 -0.002198 -0.00216829 -0.00218891 -0.00225753 -0.00241632 -0.00269245 -0.0030877 -0.00362557 -0.00437999 -0.0053182 -0.00648579 -0.00787791 -0.00950703 -0.0113467 -0.0133508 -0.0154291 -0.0175017 -0.0193813 -0.0209373 -0.0219727 -0.0222893 -0.0217209 -0.0201626 -0.0175159 -0.0137987 -0.00907577 -0.00349597 0.00272421 0.0092677 0.0158046 0.0219511 0.0273293 0.0315966 0.0344737 0.0357463 0.0353509 0.0333129 0.0297939 0.0250538 0.0194175 0.0132329 0.0068866 0.000717644 -0.00495438 -0.00987435 -0.0138447 -0.0167917 -0.0186715 -0.0195393 -0.0195089 -0.0187284 -0.0173486 -0.0155942 -0.0136066 -0.0115477 -0.00951462 -0.00759921 -0.00584543 -0.00429726 -0.00296294 -0.00187858 -0.0009682 -0.000240643 0.000325142 0.000760166 0.00110431 0.00137043 0.00158824 0.00174331 0.00187097 0.0019864 0.00208924 0.00218603 0.00228977 0.00239688 0.00248708 0.00259618 0.00269291 0.00281316 0.00296007 0.00311326 0.00326559 0.00344272 0.00361364 0.00382553 0.00405522 0.00431457 0.00460037 0.00492151 0.00529409 0.00569981 0.00619603 0.0067666 0.00741879 0.00817462 0.00904182 0.0100232 0.011151 0.0123916 0.0137639 0.0152634 0.0168921 0.0185992 0.020333 0.0220855 0.0237544 0.0253098 0.0266685 0.0277577 0.0284711 0.0287176 0.0284233 0.0275062 0.0259265 0.023605 0.0204972 0.0165965 0.011936 0.00652667 0.000431893 -0.00625073 -0.0134315 -0.0209993 -0.0288064 -0.0366839 -0.0445196 -0.0521512 -0.0593959 -0.0660982 -0.0721292 -0.0773585 -0.0816501 -0.0849433 -0.0871647 
0 -0.00415135 -0.00818035 -0.0120059 -0.0155627 -0.0187971 -0.0216732 -0.0241847 -0.0263257 -0.0281096 -0.0296017 -0.0308764 -0.0319749 -0.0329456 -0.0338461 -0.0347007 -0.0354939 -0.0362345 -0.0369213 -0.0374873 -0.037897 -0.0381419 -0.0382096 -0.0380306 -0.0375855 -0.036878 -0.0358862 -0.0346378 -0.0331647 -0.0315196 -0.0297213 -0.0278297 -0.0258855 -0.0239308 -0.0220217 -0.0201626 -0.0183751 -0.0166999 -0.0151748 -0.0137756 -0.0125025 -0.0113668 -0.0103501 -0.00944264 -0.00865277 -0.007957 -0.00735435 -0.00682725 -0.00634838 -0.00590908 -0.00552649 -0.00520136 -0.00489218 -0.0046194 -0.00436228 -0.00411996 -0.00390783 -0.00370248 -0.00349824 -0.0033188 -0.00314771 -0.00299018 -0.00284034 -0.00270699 -0.00258778 -0.00248881 -0.00241929 -0.00237342 -0.00239624 -0.00249676 -0.00267069 -0.00296443 -0.00339601 -0.00398133 -0.00477642 -0.00578174 -0.00704301 -0.00856906 -0.0103318 -0.012314 -0.0144687 -0.0166902 -0.0188875 -0.0209012 -0.022548 -0.0236246 -0.023941 -0.0233089 -0.0216002 -0.0187399 -0.0147268 -0.00963492 -0.00364143 0.00302014 0.0100245 0.017009 0.023575 0.0293187 0.0338664 0.0369148 0.0382463 0.0377921 0.0355916 0.0318226 0.0267557 0.0207276 0.0141209 0.00733621 0.000741866 -0.00530839 -0.0105522 -0.0147966 -0.0179338 -0.0199391 -0.0208769 -0.0208499 -0.0200255 -0.0185939 -0.0167408 -0.0146235 -0.0124211 -0.0102387 -0.00817527 -0.00631216 -0.0046673 -0.00324415 -0.00205764 -0.00106716 -0.000283448 0.000336724 0.000836883 0.00120825 0.00148582 0.00171122 0.00188538 0.0020423 0.00217826 0.00229045 0.00239632 0.00250279 0.00261737 0.00273032 0.00285461 0.00297776 0.00311216 0.00327648 0.00344561 0.00361506 0.00381241 0.00401655 0.00425589 0.0045279 0.0048284 0.00516919 0.00556331 0.00600298 0.00649284 0.00707969 0.00776695 0.00855054 0.00944189 0.0104438 0.0115727 0.0128585 0.0142781 0.0158171 0.0174643 0.0192047 0.0209674 0.0227242 0.0244352 0.0260059 0.0273695 0.0284488 0.0291794 0.0294526 0.0291908 0.0283096 0.0267537 0.0245033 0.0215033 0.0177265 0.0131921 0.00795393 0.00205537 -0.00441301 -0.0113239 -0.0185868 -0.0261043 -0.0337134 -0.0412561 -0.048613 -0.0556577 -0.0622337 -0.0682305 -0.0735729 -0.0781431 -0.0818529 -0.0846603 -0.0865458 
0 -0.00452395 -0.00891258 -0.0130696 -0.0169055 -0.0203519 -0.0233605 -0.0259294 -0.0280624 -0.0297822 -0.0311579 -0.0322577 -0.0331314 -0.0338461 -0.0344928 -0.035121 -0.0357312 -0.0363395 -0.036951 -0.0375102 -0.0379844 -0.0383666 -0.038626 -0.0386818 -0.0385037 -0.0380957 -0.0374213 -0.0364769 -0.0352722 -0.0338402 -0.0322057 -0.0304248 -0.0285488 -0.0266144 -0.0246738 -0.0227379 -0.0208374 -0.01903 -0.0173547 -0.0157909 -0.0143428 -0.0130373 -0.0118653 -0.010816 -0.00988535 -0.00905725 -0.00833159 -0.00770236 -0.00714271 -0.00663635 -0.00619505 -0.00580674 -0.00543615 -0.00510482 -0.00480671 -0.00453956 -0.00430918 -0.00408141 -0.0038521 -0.00364331 -0.00345052 -0.00327411 -0.00310748 -0.00295677 -0.00282123 -0.00271237 -0.00263902 -0.00259343 -0.00261475 -0.00272283 -0.00291718 -0.00323627 -0.00369206 -0.00431553 -0.00517044 -0.00626404 -0.00762299 -0.00925746 -0.0111432 -0.0132651 -0.0155704 -0.0179474 -0.0202791 -0.0223983 -0.0241141 -0.0252231 -0.0255248 -0.0248225 -0.0229761 -0.0199063 -0.0156089 -0.0101683 -0.0037693 0.00333439 0.0107923 0.0182105 0.0251637 0.0312251 0.036012 0.0392142 0.0406103 0.0401225 0.0377852 0.0337755 0.0283813 0.021965 0.0149427 0.00774497 0.000762685 -0.00563994 -0.011187 -0.0156815 -0.0190089 -0.021144 -0.0221517 -0.0221433 -0.021289 -0.0197861 -0.0178277 -0.0155908 -0.0132577 -0.0109467 -0.00875916 -0.00677472 -0.00501291 -0.00349198 -0.0022223 -0.00116323 -0.000313829 0.000360951 0.000904824 0.00131422 0.00162564 0.00187228 0.00206131 0.00223124 0.00238292 0.00250637 0.00261798 0.00273026 0.0028558 0.00299088 0.00313701 0.00328239 0.00343388 0.00360904 0.00378644 0.00397228 0.00419686 0.00444701 0.00473339 0.00505038 0.00539281 0.00578884 0.00626115 0.00679485 0.00739102 0.00808749 0.0088963 0.00981787 0.0108631 0.0120286 0.0133276 0.0147779 0.0163541 0.0180294 0.0197857 0.021588 0.0233537 0.0250552 0.026648 0.0280361 0.0291275 0.0298394 0.0301095 0.0298521 0.029003 0.0274841 0.0252507 0.0222972 0.0186002 0.0141642 0.00904338 0.00330644 -0.00298582 -0.00972187 -0.0167499 -0.0239706 -0.0312947 -0.0385635 -0.04563 -0.0523822 -0.0587186 -0.0645165 -0.0697108 -0.0742728 -0.0781177 -0.0811927 -0.0834865 -0.0850164 
0 -0.00478907 -0.00944983 -0.0138646 -0.017935 -0.0215609 -0.0246987 -0.0273424 -0.0295042 -0.0312129 -0.0325219 -0.0334993 -0.0341965 -0.0347007 -0.035121 -0.0355215 -0.035919 -0.036347 -0.0368244 -0.0373251 -0.037812 -0.0382761 -0.0386734 -0.0389154 -0.0389878 -0.0388665 -0.0385188 -0.0378941 -0.0369907 -0.0358383 -0.0344382 -0.0328533 -0.0311017 -0.0292412 -0.0273207 -0.0253645 -0.0234153 -0.021519 -0.0197162 -0.0179976 -0.0163803 -0.0149089 -0.0135842 -0.0123767 -0.0112947 -0.0103086 -0.00944627 -0.00869622 -0.00802961 -0.00743987 -0.00691869 -0.00646444 -0.00604033 -0.00565633 -0.00531373 -0.00500987 -0.00473165 -0.00447331 -0.00420979 -0.00398064 -0.00377287 -0.0035733 -0.00338774 -0.00321789 -0.00306755 -0.00295815 -0.0028833 -0.00283579 -0.00285368 -0.0029467 -0.00315723 -0.00350237 -0.00399386 -0.00467149 -0.00560039 -0.00677504 -0.00822828 -0.0099556 -0.011963 -0.0142197 -0.0166639 -0.0191877 -0.0216575 -0.0238691 -0.0256512 -0.0267898 -0.0270606 -0.0262743 -0.0242894 -0.0210003 -0.0164194 -0.0106453 -0.00385913 0.0036584 0.0115332 0.0193593 0.0266836 0.0330512 0.0380706 0.0414154 0.0428564 0.0423179 0.0398414 0.0356013 0.0299068 0.0231405 0.0157322 0.00814456 0.000796973 -0.00594817 -0.0117917 -0.0165208 -0.020037 -0.0223003 -0.0233659 -0.0233732 -0.0224963 -0.0209184 -0.0188695 -0.0165293 -0.0140735 -0.0116423 -0.00934806 -0.00724459 -0.00537127 -0.00373763 -0.00237501 -0.00124492 -0.000335629 0.000385306 0.000954073 0.0014095 0.00175665 0.00203176 0.00224397 0.00242643 0.00259311 0.00273331 0.00285443 0.0029861 0.00312645 0.0032702 0.00342877 0.00357777 0.00375309 0.00395331 0.00416124 0.00438186 0.00464068 0.0049305 0.00527053 0.00563254 0.0060317 0.00649369 0.00704662 0.00769202 0.00840845 0.00924017 0.0101862 0.0112555 0.0124614 0.0138015 0.015276 0.0168893 0.0185867 0.0203521 0.022161 0.0239667 0.025687 0.0272534 0.0286418 0.0297397 0.0304663 0.0307299 0.0304605 0.0296047 0.0281014 0.0259059 0.0229786 0.0193258 0.0149515 0.00989566 0.00425237 -0.00188773 -0.00846069 -0.0153416 -0.0223728 -0.0294383 -0.0364385 -0.0432379 -0.0496937 -0.0557348 -0.0612702 -0.0662186 -0.0705534 -0.074275 -0.0773628 -0.0797798 -0.0815678 -0.0827494 
0 -0.00496293 -0.00980067 -0.0144014 -0.0186358 -0.0224132 -0.0256717 -0.0284091 -0.0306334 -0.0323626 -0.0336504 -0.0345529 -0.0351371 -0.0354939 -0.0357312 -0.035919 -0.0360994 -0.0363213 -0.0366386 -0.0370277 -0.0374703 -0.037948 -0.03841 -0.0388053 -0.0390761 -0.0392253 -0.0391646 -0.0388533 -0.0382806 -0.037441 -0.0363605 -0.0350163 -0.0334668 -0.0317415 -0.0299084 -0.0280039 -0.0260499 -0.0241072 -0.022207 -0.0203603 -0.0186017 -0.016973 -0.0154757 -0.0141121 -0.0128515 -0.0117289 -0.0107234 -0.00984155 -0.00905424 -0.00834179 -0.00773157 -0.0071975 -0.00671586 -0.00627725 -0.0058807 -0.00551782 -0.00520246 -0.00489073 -0.00461172 -0.00435511 -0.00412873 -0.00391101 -0.00369536 -0.00349868 -0.00334703 -0.00322856 -0.00314182 -0.00308885 -0.00309637 -0.00321061 -0.00342067 -0.00377676 -0.00431308 -0.00505575 -0.00602939 -0.00728966 -0.00883291 -0.0106832 -0.0128009 -0.0151808 -0.0177575 -0.0204117 -0.0229795 -0.0253113 -0.0271551 -0.0283032 -0.0285479 -0.0276749 -0.0255122 -0.0220114 -0.0171535 -0.0110465 -0.00390471 0.00398202 0.0122554 0.0204574 0.0281291 0.0348013 0.0400417 0.0435064 0.0449855 0.0443793 0.0417516 0.0373017 0.0313355 0.0242439 0.0165001 0.00855284 0.000845677 -0.00622169 -0.0123468 -0.01733 -0.0210112 -0.0233848 -0.0245188 -0.0245318 -0.0236119 -0.022005 -0.0198756 -0.0174371 -0.0148723 -0.0123265 -0.00990061 -0.00769403 -0.00571528 -0.00399964 -0.00252818 -0.00132335 -0.000368714 0.000392576 0.00102283 0.00150603 0.00188649 0.00217993 0.00241727 0.00262464 0.0027996 0.00294975 0.00309415 0.00324172 0.0033996 0.00356886 0.00372421 0.00389701 0.00408355 0.00431709 0.0045681 0.00483374 0.00512627 0.00546606 0.00584483 0.00628264 0.00676119 0.00731954 0.0079857 0.0087334 0.00959145 0.0105588 0.0116657 0.012901 0.0142683 0.0157677 0.0174024 0.0191386 0.0209365 0.0227361 0.0245349 0.02628 0.0278642 0.0292377 0.0303062 0.0310214 0.0312745 0.0310039 0.0301455 0.0286329 0.026447 0.0235394 0.0199236 0.0156084 0.0106224 0.00503438 -0.00103533 -0.00747454 -0.0141996 -0.021096 -0.0280046 -0.0348006 -0.0413783 -0.0475957 -0.0533605 -0.058606 -0.0632962 -0.067368 -0.0708199 -0.0736983 -0.0760045 -0.0777802 -0.079062 -0.0799095 
0 -0.00503646 -0.00995758 -0.0146396 -0.0189746 -0.0228579 -0.0262394 -0.0290916 -0.031408 -0.0332019 -0.0345157 -0.0354113 -0.035957 -0.0362345 -0.0363395 -0.036347 -0.0363213 -0.0363498 -0.0364745 -0.0367139 -0.0370386 -0.0374525 -0.037925 -0.0383928 -0.0388302 -0.039167 -0.0393647 -0.0393455 -0.0390997 -0.0386162 -0.0378587 -0.0368308 -0.0355348 -0.0340359 -0.0323714 -0.0305719 -0.0286716 -0.0267291 -0.0247828 -0.0228669 -0.0209989 -0.019224 -0.0175685 -0.0160216 -0.0146132 -0.0133281 -0.0121861 -0.0111605 -0.0102263 -0.00939612 -0.00866998 -0.00803629 -0.00747519 -0.00695366 -0.00648888 -0.00608132 -0.00570409 -0.00536895 -0.00504592 -0.00476173 -0.0045081 -0.00426184 -0.00403126 -0.00381766 -0.00362865 -0.00349456 -0.00339563 -0.00334186 -0.00335527 -0.00346198 -0.00371742 -0.00411075 -0.00465232 -0.0054151 -0.00646281 -0.0078069 -0.00945787 -0.0114039 -0.0136526 -0.0161599 -0.0188536 -0.0216273 -0.0243172 -0.0267003 -0.0285952 -0.0297697 -0.0299636 -0.0289829 -0.0266817 -0.0229468 -0.0178191 -0.0114187 -0.0039299 0.00433225 0.0129663 0.021533 0.0295232 0.036441 0.0418628 0.045443 0.0469469 0.0462991 0.0435555 0.0388997 0.0326664 0.0252821 0.0171997 0.00892219 0.000909613 -0.0064673 -0.0128709 -0.0180551 -0.0219193 -0.0244099 -0.025586 -0.0256247 -0.0247133 -0.0230388 -0.0208433 -0.018319 -0.0156379 -0.0129696 -0.0104446 -0.00811847 -0.00604192 -0.00423004 -0.00270715 -0.00144618 -0.000402656 0.000435523 0.00109012 0.00162347 0.0020342 0.00234888 0.00260146 0.00281192 0.00301446 0.00319088 0.00334295 0.00350796 0.00368518 0.00387115 0.00406578 0.00424958 0.00447349 0.00472776 0.0050102 0.00532037 0.00565702 0.0060476 0.00650158 0.00701089 0.00759942 0.00828006 0.00906299 0.00995383 0.0109362 0.0120614 0.0133295 0.0147405 0.0162731 0.0179128 0.01966 0.0214842 0.0233217 0.0251218 0.0268475 0.0284354 0.0298115 0.0308692 0.0315599 0.0317872 0.0314915 0.0306176 0.0291048 0.0269278 0.0240284 0.0204221 0.0161292 0.0112042 0.0056984 -0.000311773 -0.00669026 -0.0133161 -0.0200815 -0.026864 -0.033523 -0.0399339 -0.0459774 -0.0515413 -0.0565336 -0.0609452 -0.0647523 -0.0679411 -0.0705336 -0.0725791 -0.0741549 -0.0753051 -0.0761268 -0.0766575 
