0 0 0 0 0 0 0 0 0 0 0 0 0 0 0 0 0 0 0 0 0 0 0 0 0 0 0 0 0 0 0 0 0 0 0 0 0 0 0 0 0 0 0 0 0 0 0 0 0 0 0 0 0 0 0 0 0 0 0 0 0 0 0 0 0 0 0 0 0 0 0 0 0 0 0 0 0 0 0 0 0 0 0 0 0 0 0 0 0 0 0 0 0 0 0 0 0 0 0 0 0 0 0 0 0 0 0 0 0 0 0 0 0 0 0 0 0 0 0 0 0 0 0 0 0 0 0 0 0 0 0 0 0 0 0 0 0 0 0 0 0 0 0 0 0 0 0 0 0 0 0 0 0 0 0 0 0 0 0 0 0 0 0 0 0 0 0 0 0 0 0 0 0 0 0 0 0 0 0 0 0 0 0 0 0 0 0 0 0 0 0 0 0 0 0 0 0 0 0 0 
0 0.000257756 0.000524291 0.000811634 0.00110812 0.00144443 0.00181337 0.00222685 0.00268383 0.00317796 0.00370687 0.00423756 0.00476731 0.00526633 0.00572088 0.00611371 0.00642079 0.00662891 0.00671342 0.00665838 0.00643804 0.00604637 0.00550086 0.00481529 0.00400475 0.00310673 0.0021486 0.00115352 0.000142732 -0.000841322 -0.00175601 -0.00258361 -0.003287 -0.00385718 -0.0042892 -0.00458751 -0.00476348 -0.00482436 -0.00477483 -0.00461722 -0.00438112 -0.00409914 -0.00379182 -0.00347076 -0.00315745 -0.00284711 -0.00254399 -0.00226157 -0.0019958 -0.00176485 -0.00157155 -0.0014041 -0.00125209 -0.00110847 -0.000982592 -0.000878376 -0.00079292 -0.000731353 -0.00067186 -0.000615537 -0.000569881 -0.000512694 -0.000463176 -0.000420058 -0.000375734 -0.000344664 -0.000315615 -0.000278149 -0.000245659 -0.000211999 -0.000189728 -0.00018548 -0.000183172 -0.000174316 -0.000158881 -0.000141621 -0.000117743 -8.51797e-05 -4.08306e-05 1.67609e-05 0.000103955 0.000237074 0.000411627 0.000600262 0.000805215 0.000995989 0.00113688 0.00120954 0.00118613 0.00103526 0.000762433 0.000358981 -0.000154881 -0.000756663 -0.00142185 -0.00210159 -0.0027451 -0.00332043 -0.00376089 -0.00403865 -0.00414088 -0.00404651 -0.00376788 -0.00334381 -0.00279053 -0.00215935 -0.00149201 -0.000823905 -0.00019639 0.000354559 0.00080405 0.00112223 0.00132066 0.00140037 0.00138009 0.0012997 0.00118727 0.00105619 0.000938132 0.000833678 0.00073841 0.000646054 0.000570183 0.000515141 0.000472172 0.000434445 0.000406901 0.00038676 0.000372674 0.000355479 0.000342999 0.000338535 0.000336746 0.000350153 0.000366482 0.000380723 0.000398471 0.000407689 0.000422664 0.000459183 0.000494392 0.000537556 0.000575797 0.000601884 0.000640101 0.000691395 0.000756714 0.000840881 0.000937006 0.00104583 0.00117046 0.0013158 0.00149167 0.00169948 0.0019488 0.0022216 0.00250326 0.00280103 0.00311375 0.00344015 0.00377084 0.00407878 0.00433266 0.00452402 0.00462787 0.00462794 0.00451336 0.00427697 0.00390657 0.00338088 0.00271585 0.0019217 0.0010288 7.47584e-05 -0.00091503 -0.00190818 -0.0028713 -0.00377722 -0.00460076 -0.00531118 -0.00586745 -0.00625828 -0.00649692 -0.00657521 -0.00651545 -0.00633159 -0.00605137 -0.00568378 -0.00524023 -0.0047635 -0.00425553 -0.00374951 -0.00325321 -0.00279606 -0.00239272 -0.00203855 -0.0017568 -0.00152695 -0.00136261 -0.00124976 
0 0.000524291 0.00107608 0.00164581 0.00226152 0.00293065 0.00368052 0.00450755 0.00540769 0.00639076 0.00741438 0.0084624 0.00948963 0.0104669 0.0113574 0.0121162 0.0127166 0.0131041 0.0132569 0.0131316 0.0126897 0.0119222 0.0108574 0.00951592 0.00793143 0.00616003 0.00427255 0.00231256 0.000318212 -0.00159962 -0.00340461 -0.00501761 -0.00641377 -0.00755133 -0.00841087 -0.00902371 -0.00936495 -0.00950046 -0.0094127 -0.00912955 -0.00870345 -0.00818121 -0.0075926 -0.0069685 -0.00633245 -0.0057124 -0.00511131 -0.00454458 -0.00403425 -0.00355667 -0.00316881 -0.00281872 -0.00250822 -0.00223054 -0.001992 -0.00178546 -0.00162006 -0.00147326 -0.00133664 -0.00121928 -0.00111504 -0.00102296 -0.000927508 -0.000845083 -0.000757086 -0.000692692 -0.000626434 -0.000571078 -0.000502124 -0.000455171 -0.000408613 -0.000374573 -0.000353373 -0.000343879 -0.000317386 -0.00029686 -0.000254178 -0.00020616 -0.000134797 2.15378e-05 0.000237687 0.000495977 0.000827246 0.00120254 0.00158455 0.0019578 0.0022408 0.00239563 0.00235077 0.00206453 0.00152082 0.000719977 -0.000333136 -0.00154498 -0.00287578 -0.00422809 -0.00551233 -0.00662901 -0.00751143 -0.00806861 -0.00827294 -0.00808916 -0.00756224 -0.00670663 -0.00560194 -0.00433278 -0.00298708 -0.00163406 -0.000397222 0.000695294 0.00157603 0.00221283 0.0026038 0.00277099 0.00274531 0.00260913 0.00237903 0.00212906 0.00188416 0.00162978 0.00141734 0.00126897 0.00113441 0.00102935 0.000952202 0.000876297 0.000820941 0.000761182 0.000714658 0.000691264 0.000684763 0.000669623 0.000679968 0.000693822 0.00072836 0.000763007 0.000807908 0.00083394 0.000881039 0.000932172 0.000999811 0.00107095 0.00114387 0.00121682 0.00130611 0.00142187 0.00155898 0.00171712 0.00190497 0.00213253 0.00237964 0.00269512 0.00303401 0.00344383 0.00392358 0.00445163 0.00501808 0.00561858 0.00624421 0.00689049 0.00752098 0.00809887 0.00857996 0.00892285 0.0091251 0.00909522 0.00885457 0.0083655 0.00761127 0.00658118 0.00527079 0.00373297 0.0019907 0.000124843 -0.00181862 -0.00377581 -0.00567395 -0.00745082 -0.00907055 -0.0104617 -0.0115624 -0.0123504 -0.0128317 -0.013017 -0.0129036 -0.0125615 -0.0120138 -0.0112944 -0.0104375 -0.00949105 -0.00851014 -0.00750499 -0.00653869 -0.00563871 -0.0048348 -0.00414208 -0.00356198 -0.0031152 -0.00277505 -0.00255377 
0 0.000811634 0.00164581 0.00253609 0.00346257 0.00449827 0.00562693 0.00686685 0.00820917 0.00963809 0.0111447 0.0126524 0.0141495 0.0155614 0.0168441 0.0179405 0.018779 0.0193134 0.0194841 0.0192572 0.0185805 0.017446 0.015893 0.0139472 0.0116387 0.00906449 0.00631085 0.00345724 0.000578059 -0.00220801 -0.00479864 -0.00715613 -0.0091975 -0.0108897 -0.0121999 -0.0131211 -0.0136721 -0.0138886 -0.0138037 -0.0134427 -0.0128775 -0.0121691 -0.0113486 -0.0104416 -0.00952113 -0.00860724 -0.00772944 -0.00691838 -0.00615084 -0.00545399 -0.00484135 -0.00429972 -0.00382434 -0.00340681 -0.00305729 -0.00276174 -0.00249417 -0.00226357 -0.00203483 -0.00183378 -0.00168812 -0.0015408 -0.00141533 -0.00129489 -0.0011575 -0.00104796 -0.000952812 -0.00085395 -0.000774659 -0.000691438 -0.000621471 -0.000580278 -0.00054257 -0.000501768 -0.000466094 -0.000442808 -0.000402158 -0.000320059 -0.000175932 3.91513e-05 0.000347285 0.000768268 0.00128022 0.00181669 0.00238562 0.0029223 0.00333524 0.00356502 0.00351641 0.00308822 0.00227457 0.00105474 -0.000511086 -0.00233753 -0.00433456 -0.00635532 -0.0082548 -0.00993599 -0.0112311 -0.0120588 -0.0123759 -0.0121213 -0.0113191 -0.0100598 -0.00840117 -0.00649258 -0.00447052 -0.00245795 -0.000589122 0.00103437 0.00234564 0.00328047 0.00387537 0.0041423 0.00412669 0.00392406 0.00359881 0.00319453 0.00280269 0.00244809 0.00214358 0.00188561 0.00169337 0.00156105 0.00144873 0.00132995 0.00122322 0.00113782 0.00108428 0.00104593 0.00102907 0.00102582 0.00101986 0.00104405 0.00108464 0.00113982 0.00121959 0.00127972 0.00133933 0.00142607 0.00149882 0.00159852 0.00171447 0.00183307 0.00199785 0.00218855 0.00239449 0.0026327 0.00291039 0.00324898 0.00365657 0.00413025 0.00466848 0.0052713 0.00597404 0.00675434 0.00758825 0.00848249 0.00940536 0.0103279 0.0112143 0.0120084 0.0126516 0.0131282 0.0133681 0.0133039 0.0128963 0.0121282 0.0109862 0.0094391 0.00753329 0.00529177 0.00277664 7.19302e-05 -0.00275431 -0.00560244 -0.00836228 -0.0109449 -0.013284 -0.015306 -0.0169179 -0.0180912 -0.0188462 -0.0191495 -0.0190419 -0.018565 -0.0177959 -0.0167703 -0.0155273 -0.0141771 -0.0127379 -0.0112954 -0.00988028 -0.00856601 -0.00738935 -0.00634487 -0.00549289 -0.00480014 -0.0043023 -0.00396396 
0 0.00110812 0.00226152 0.00346257 0.00474817 0.00614145 0.00767161 0.00932413 0.0110842 0.0129574 0.0148858 0.0168325 0.0187315 0.0205239 0.0221396 0.0234916 0.0245125 0.0251109 0.0252461 0.0248687 0.0239364 0.0224494 0.0204499 0.0179605 0.0150261 0.0117428 0.00824107 0.00461718 0.000959017 -0.00255742 -0.00586596 -0.00886433 -0.0115088 -0.0137257 -0.0154621 -0.0167339 -0.0175062 -0.0178768 -0.0178495 -0.0174785 -0.0168451 -0.0160105 -0.0150084 -0.0138893 -0.012717 -0.0115588 -0.0104385 -0.00937925 -0.00839723 -0.00746156 -0.00665147 -0.00591384 -0.00525989 -0.00468611 -0.00419776 -0.00377237 -0.00340997 -0.00308045 -0.00277452 -0.00251555 -0.00229995 -0.00211208 -0.00192437 -0.00174867 -0.00156194 -0.00141204 -0.0012715 -0.00115523 -0.0010318 -0.000939953 -0.000851136 -0.000780395 -0.000727509 -0.000690539 -0.000633938 -0.000586824 -0.000505933 -0.000400932 -0.000235818 7.70602e-05 0.000509658 0.00103891 0.00169762 0.00243342 0.00318517 0.00390629 0.00445632 0.00474689 0.00464606 0.00406606 0.00297222 0.00136498 -0.000724596 -0.00313945 -0.00577914 -0.00845763 -0.0109963 -0.0132093 -0.0149477 -0.0160508 -0.0164545 -0.0160988 -0.0150505 -0.0133611 -0.0111725 -0.00865207 -0.00597568 -0.00329432 -0.000824566 0.00134683 0.00309949 0.00437115 0.00516056 0.00550797 0.0054801 0.00521695 0.00477299 0.00427136 0.00377181 0.00327219 0.00285115 0.00254215 0.00228111 0.00208036 0.00192526 0.00177446 0.00165485 0.00153885 0.00145456 0.00141448 0.00140436 0.00138451 0.00139395 0.0014116 0.00146486 0.00153252 0.00162669 0.00170166 0.00180325 0.00191038 0.00203546 0.00217298 0.00232793 0.00250089 0.00271556 0.00297496 0.00326373 0.0035889 0.00397724 0.00445735 0.00500904 0.00568007 0.00639685 0.00721237 0.00813558 0.00914662 0.0102345 0.0113836 0.012556 0.0137161 0.0147984 0.0157478 0.016508 0.0170263 0.0172734 0.0170984 0.0165034 0.0154384 0.0138932 0.0118716 0.00938955 0.00652425 0.00331201 -0.00013442 -0.00373636 -0.00737268 -0.0108957 -0.0141836 -0.0171653 -0.0197381 -0.0218134 -0.0233588 -0.0243741 -0.0248479 -0.024769 -0.0242333 -0.0232954 -0.0220207 -0.0204776 -0.0187601 -0.0169582 -0.0151105 -0.0133134 -0.0116207 -0.0100817 -0.00872663 -0.00757607 -0.00666772 -0.00598444 -0.00553615 
0 0.00144443 0.00293065 0.00449827 0.00614145 0.00793007 0.00985133 0.0119031 0.0140661 0.0163204 0.018639 0.0209375 0.023177 0.0252646 0.0271233 0.0286589 0.0297704 0.0303811 0.0304264 0.0298736 0.0286831 0.0268617 0.0244558 0.021495 0.0180202 0.0141571 0.0100388 0.00578352 0.00150366 -0.00264301 -0.00653422 -0.0101076 -0.0132684 -0.0159545 -0.0181098 -0.0197164 -0.0207808 -0.0213514 -0.0214627 -0.0211544 -0.0205154 -0.0196217 -0.01852 -0.0172559 -0.0159247 -0.0145719 -0.0132386 -0.0119632 -0.0107393 -0.00959908 -0.00857715 -0.00765602 -0.00682662 -0.00608184 -0.00543505 -0.00487894 -0.00439291 -0.00397636 -0.00358812 -0.0032462 -0.002966 -0.00269513 -0.00244918 -0.00222199 -0.00199422 -0.00180737 -0.00164055 -0.00147292 -0.00132132 -0.00118147 -0.00107138 -0.00100451 -0.000950951 -0.000888358 -0.000814037 -0.000736809 -0.000628058 -0.000468407 -0.000229549 0.000127492 0.000632965 0.00131294 0.00214896 0.00305979 0.00400902 0.00489163 0.00555661 0.00589149 0.00575099 0.00500606 0.00363252 0.00161929 -0.000957265 -0.00395942 -0.00723754 -0.0105671 -0.013715 -0.0164826 -0.018628 -0.0199937 -0.0204934 -0.0200566 -0.0187318 -0.0166441 -0.0139264 -0.0107998 -0.00747965 -0.0041662 -0.00107515 0.0016332 0.00383073 0.00541993 0.00642061 0.00686554 0.00684025 0.00650073 0.00596228 0.0053243 0.00469953 0.00412273 0.00361808 0.00319141 0.00285113 0.00260077 0.00240265 0.00222269 0.00207259 0.00195193 0.00186577 0.00180323 0.00176726 0.00175054 0.00174988 0.00178989 0.00185752 0.00194376 0.00205373 0.00214858 0.00226154 0.0024173 0.00258051 0.00277434 0.00298461 0.0032031 0.00348399 0.00381987 0.00420384 0.00464958 0.00516871 0.00578445 0.00650488 0.00733382 0.00825716 0.0092809 0.0104319 0.0116767 0.0129797 0.0143339 0.0156918 0.0170091 0.0182246 0.0192622 0.0200487 0.0205507 0.0206869 0.0203573 0.0195157 0.0181392 0.0162175 0.0137367 0.010757 0.007329 0.00353232 -0.000529548 -0.00476454 -0.00903604 -0.0131811 -0.0170617 -0.0205821 -0.0236413 -0.0261347 -0.0280266 -0.0293239 -0.0299789 -0.0300093 -0.0294692 -0.0284478 -0.0270089 -0.0252286 -0.0232479 -0.021128 -0.0189693 -0.0168332 -0.0148096 -0.012954 -0.0112889 -0.00988606 -0.00873977 -0.00789287 -0.00732309 
0 0.00181337 0.00368052 0.00562693 0.00767161 0.00985133 0.0121696 0.0146049 0.0171344 0.0197415 0.022375 0.0249679 0.0274514 0.0297392 0.0317385 0.0333434 0.0344591 0.0349989 0.0349113 0.0341604 0.0327159 0.0305901 0.0278312 0.0244754 0.0205829 0.0162765 0.0117034 0.00697969 0.00221843 -0.00240933 -0.00679042 -0.0108221 -0.0144222 -0.0175117 -0.0200367 -0.021993 -0.0233669 -0.0242105 -0.0245331 -0.0243754 -0.0238259 -0.0229671 -0.0218533 -0.020543 -0.0191131 -0.0176252 -0.0161189 -0.0146368 -0.0132102 -0.0118613 -0.0106489 -0.00954334 -0.00853326 -0.00761492 -0.00680253 -0.00609269 -0.00548212 -0.00494798 -0.00446232 -0.00403383 -0.00366084 -0.00331933 -0.00300293 -0.00271744 -0.0024499 -0.00222729 -0.00202353 -0.00182995 -0.00163852 -0.00147403 -0.00133701 -0.00123799 -0.00116373 -0.00109383 -0.00100265 -0.000901452 -0.000760272 -0.000567235 -0.000277681 0.000181447 0.000816836 0.00162546 0.0026081 0.00369498 0.00480702 0.00583899 0.00661765 0.00699435 0.00679854 0.00590008 0.00424678 0.00183918 -0.00124771 -0.00483487 -0.00873815 -0.0126979 -0.0164452 -0.0197184 -0.0222714 -0.0238978 -0.0244849 -0.0239666 -0.0224051 -0.019915 -0.0166842 -0.0129582 -0.0089949 -0.0050382 -0.00135486 0.0018774 0.00450032 0.00641809 0.00762564 0.00817373 0.00816938 0.00778515 0.00714812 0.00640359 0.00565381 0.004937 0.00431751 0.00382315 0.00342523 0.00312284 0.00288876 0.00268447 0.0025164 0.00236771 0.00225267 0.00217883 0.00213931 0.00211634 0.00213028 0.00217997 0.00226895 0.00237754 0.0025033 0.00261939 0.00276595 0.00295129 0.00317018 0.00341799 0.00368591 0.00397572 0.00432822 0.00475732 0.00525749 0.00583516 0.0065034 0.00727799 0.00815653 0.0091628 0.0102658 0.0114942 0.0128524 0.0142972 0.0157858 0.0172892 0.0187661 0.0201731 0.021439 0.0224804 0.0232154 0.0235874 0.0235377 0.0229584 0.0218337 0.0201374 0.0178572 0.0149913 0.0115783 0.00769727 0.00342732 -0.00111327 -0.00582496 -0.0105722 -0.0151878 -0.019529 -0.0234919 -0.0269585 -0.0298221 -0.0320385 -0.0335988 -0.034469 -0.0346415 -0.0341819 -0.0331605 -0.0316508 -0.0297467 -0.0275791 -0.0252504 -0.0228422 -0.0204472 -0.0181493 -0.0160136 -0.0140911 -0.0124378 -0.0110883 -0.0100663 -0.00938298 
0 0.00222685 0.00450755 0.00686685 0.00932413 0.0119031 0.0146049 0.0174029 0.0202697 0.0231773 0.0260688 0.0288739 0.0315128 0.033897 0.0359262 0.0374963 0.0385186 0.0389175 0.038648 0.0376756 0.0359772 0.0335702 0.030507 0.026841 0.0226476 0.0180497 0.0131857 0.00816335 0.00309507 -0.00186195 -0.00658309 -0.0109583 -0.0149008 -0.0183321 -0.0212034 -0.0235032 -0.0252182 -0.0263736 -0.0269717 -0.0270471 -0.026681 -0.0259545 -0.0249243 -0.0236491 -0.0222017 -0.0206486 -0.019039 -0.0174196 -0.0158314 -0.0143077 -0.0129017 -0.0116036 -0.010406 -0.00931334 -0.00833701 -0.00747465 -0.00671793 -0.00604344 -0.00543328 -0.0048962 -0.00442911 -0.00401235 -0.00362873 -0.00327725 -0.00295271 -0.00267291 -0.00242433 -0.00219582 -0.00197749 -0.00178581 -0.00162306 -0.00149442 -0.00138967 -0.0012898 -0.00117906 -0.00105672 -0.000890281 -0.000649321 -0.000285535 0.000266241 0.00102092 0.00197567 0.0031115 0.00435786 0.00562194 0.00678302 0.00765853 0.00806783 0.0078177 0.00675865 0.00481999 0.00201133 -0.00157327 -0.005738 -0.0102531 -0.0148253 -0.0191468 -0.0229138 -0.0258501 -0.0277259 -0.0284027 -0.0278149 -0.0260182 -0.0231445 -0.0194123 -0.0150983 -0.0105033 -0.00592138 -0.00164701 0.00209999 0.00514073 0.00737587 0.00879621 0.00946347 0.00949915 0.00907992 0.0083581 0.0074944 0.00660927 0.00577212 0.00504734 0.00446639 0.0040114 0.00367042 0.00340377 0.00317014 0.00296804 0.00279574 0.00266572 0.0025859 0.00254475 0.00252561 0.00254063 0.00259202 0.00268668 0.00281476 0.00296637 0.0031229 0.0033088 0.00353152 0.00379383 0.00409252 0.0044271 0.00480639 0.00526158 0.00580465 0.0064304 0.00714378 0.00796274 0.00890226 0.00996397 0.0111556 0.0124514 0.0138676 0.0153999 0.0170029 0.0186239 0.0202203 0.0217466 0.0231556 0.024376 0.0253217 0.0259096 0.0260773 0.0257654 0.0248923 0.0234462 0.0214175 0.0187973 0.0155873 0.011823 0.00758423 0.00296496 -0.00191522 -0.00694699 -0.0119996 -0.0169197 -0.0215737 -0.0258548 -0.0296387 -0.0328125 -0.0353187 -0.0371346 -0.0382302 -0.0385963 -0.0382866 -0.0373626 -0.0358932 -0.0339757 -0.0317351 -0.0292866 -0.0267206 -0.0241378 -0.0216314 -0.0192754 -0.0171352 -0.015272 -0.0137355 -0.0125592 -0.0117704 
0 0.00268383 0.00540769 0.00820917 0.0110842 0.0140661 0.0171344 0.0202697 0.0234389 0.0265896 0.0296769 0.0326056 0.0353049 0.0376761 0.0396233 0.0410589 0.0418971 0.0420904 0.0415919 0.0403756 0.0384277 0.0357738 0.0324726 0.0285973 0.0242272 0.0194848 0.0144808 0.00931724 0.00411117 -0.00101772 -0.00592011 -0.0105176 -0.0147056 -0.0184195 -0.0216112 -0.0242367 -0.0263046 -0.0277922 -0.0287193 -0.0291071 -0.0290189 -0.0285212 -0.0276662 -0.0265039 -0.0251206 -0.0235798 -0.0219468 -0.0202703 -0.0185726 -0.01692 -0.0153329 -0.013848 -0.0124632 -0.0111921 -0.0100427 -0.00901807 -0.00809311 -0.00726524 -0.0065193 -0.00586251 -0.00530027 -0.00479353 -0.00433338 -0.00390148 -0.00350579 -0.00315512 -0.00285698 -0.00258078 -0.00234103 -0.0021175 -0.0019314 -0.00178094 -0.00164898 -0.00151119 -0.00137355 -0.00121021 -0.00100413 -0.000702592 -0.000253153 0.000378383 0.0012364 0.00233521 0.0036215 0.00502205 0.00644845 0.00773498 0.00869385 0.00911142 0.00878415 0.0075409 0.00531201 0.00210553 -0.00195205 -0.00667252 -0.0117752 -0.0169422 -0.0218201 -0.026079 -0.0293851 -0.0315009 -0.0322575 -0.0315961 -0.0295568 -0.0263164 -0.0221019 -0.0172283 -0.0120283 -0.00684778 -0.0019873 0.00227323 0.00574504 0.00830467 0.00994566 0.0107315 0.0108038 0.0103428 0.00955173 0.00857883 0.00757038 0.00663408 0.00581353 0.00513152 0.0046106 0.00422008 0.00391188 0.00365413 0.00342374 0.00324208 0.00310977 0.00302513 0.00298028 0.00297157 0.00297904 0.00303436 0.00312753 0.00327053 0.00344754 0.00365337 0.00388492 0.00416641 0.00448018 0.00484343 0.00525711 0.00573558 0.00631036 0.00697974 0.00774058 0.00859961 0.0095761 0.0106865 0.0119493 0.0133259 0.0148171 0.0163917 0.0180493 0.0197499 0.0214344 0.0230572 0.0245612 0.0258846 0.0269606 0.0277056 0.0280474 0.0279426 0.0273102 0.0261212 0.0243345 0.02197 0.0190304 0.015519 0.0114926 0.00700601 0.00217431 -0.00290123 -0.00810316 -0.0133058 -0.0183783 -0.0232033 -0.0276734 -0.0316741 -0.0350863 -0.0378395 -0.0398995 -0.0412268 -0.0418313 -0.0417326 -0.0409972 -0.0396779 -0.0378605 -0.0356684 -0.0331981 -0.0305757 -0.0278866 -0.0252469 -0.0227391 -0.0204303 -0.018408 -0.0167117 -0.0154133 -0.0145357 
0 0.00317796 0.00639076 0.00963809 0.0129574 0.0163204 0.0197415 0.0231773 0.0265896 0.0299319 0.0331197 0.0360923 0.0387391 0.0409917 0.0427585 0.0439654 0.0445581 0.0444873 0.0437301 0.0422595 0.0400823 0.0372361 0.0337854 0.0298013 0.0253826 0.0206114 0.0155979 0.0104324 0.00522172 8.84446e-05 -0.00487765 -0.00956216 -0.0139124 -0.0178426 -0.0212924 -0.0242251 -0.0266121 -0.0284519 -0.029741 -0.0305028 -0.0307726 -0.0305907 -0.0299924 -0.0290483 -0.0278083 -0.0263706 -0.0247906 -0.0231019 -0.0213659 -0.0196106 -0.0178963 -0.016254 -0.0146992 -0.0132553 -0.0119286 -0.0107177 -0.00963221 -0.00863584 -0.00774999 -0.00696954 -0.00627122 -0.00566306 -0.00510023 -0.00458012 -0.00412171 -0.00371259 -0.00335121 -0.00303709 -0.00274137 -0.00249118 -0.00227807 -0.00209334 -0.00193403 -0.00178149 -0.0016007 -0.00138097 -0.00110682 -0.000745463 -0.0002332 0.000503354 0.00148683 0.00269864 0.00412352 0.00570066 0.00726973 0.00867204 0.0097007 0.0101025 0.0096633 0.00823452 0.00571145 0.00212622 -0.00240518 -0.00765708 -0.0133257 -0.0190626 -0.0244894 -0.0292022 -0.0328787 -0.0352244 -0.0360485 -0.0353011 -0.0330456 -0.0294363 -0.0247659 -0.0193565 -0.0135785 -0.00780701 -0.00239048 0.0023797 0.00627533 0.00918345 0.0110509 0.0119582 0.0120727 0.0115861 0.0107084 0.00965603 0.00855237 0.00749309 0.00656537 0.00581452 0.0052206 0.00475813 0.00440436 0.0041265 0.00390031 0.0037101 0.00356436 0.00347682 0.00343037 0.00340922 0.00343546 0.00349523 0.00361232 0.00377995 0.00397848 0.00422239 0.00451358 0.00484438 0.0052468 0.00569386 0.00620219 0.00680447 0.00749607 0.00830644 0.00922424 0.0102465 0.0113983 0.0126911 0.0141223 0.0156799 0.0173148 0.0190205 0.0207549 0.0224853 0.0241695 0.0257335 0.0271311 0.0282853 0.0291196 0.0295675 0.0295835 0.0291154 0.0281348 0.0265893 0.0244721 0.0217876 0.0185536 0.0148184 0.0106067 0.00601045 0.00110225 -0.00401835 -0.00924304 -0.014461 -0.0195535 -0.024422 -0.0289659 -0.0330758 -0.0366499 -0.0396082 -0.0418862 -0.0434697 -0.044332 -0.0445107 -0.0440341 -0.0429557 -0.041359 -0.0393116 -0.0369513 -0.0343588 -0.0316697 -0.0289803 -0.026386 -0.02399 -0.0218429 -0.0200544 -0.018655 -0.0177208 
0 0.00370687 0.00741438 0.0111447 0.0148858 0.018639 0.022375 0.0260688 0.0296769 0.0331197 0.0363414 0.039244 0.0417518 0.0437881 0.0452872 0.0462064 0.04649 0.0461221 0.0450792 0.0433559 0.0409832 0.0380078 0.0344869 0.0305011 0.026121 0.0214396 0.016526 0.0114799 0.00641538 0.00138292 -0.00349614 -0.00818447 -0.0125886 -0.0166491 -0.0203047 -0.023475 -0.0261804 -0.0283592 -0.0300346 -0.0312038 -0.0318735 -0.0320655 -0.031819 -0.0311744 -0.0301994 -0.0289473 -0.0274881 -0.0258692 -0.0241248 -0.0223527 -0.0205533 -0.0188037 -0.0171123 -0.0155073 -0.0140006 -0.0126244 -0.0113578 -0.010207 -0.00916673 -0.00822299 -0.0073812 -0.00662397 -0.00595216 -0.00534567 -0.00482058 -0.00434665 -0.00393787 -0.0035496 -0.00321395 -0.00289996 -0.0026465 -0.00244074 -0.00225136 -0.00204233 -0.00183045 -0.00156107 -0.00123613 -0.00078817 -0.00016427 0.000649098 0.00173115 0.00310924 0.00469066 0.00639552 0.00810145 0.00958709 0.0106481 0.0110228 0.0104887 0.00885682 0.00604393 0.00206956 -0.00290997 -0.00869073 -0.0149113 -0.0212009 -0.0271287 -0.0322892 -0.0362861 -0.038844 -0.0397451 -0.0389408 -0.0364599 -0.0325197 -0.0273973 -0.0214652 -0.0151204 -0.00879398 -0.00282399 0.00243246 0.00674935 0.00997478 0.0120842 0.0131482 0.0133319 0.0128273 0.0119059 0.0107384 0.00950498 0.00836863 0.00735745 0.00649007 0.00582377 0.00531778 0.00492947 0.00463627 0.00438148 0.00419729 0.00405872 0.00395282 0.00388474 0.00387687 0.0039 0.00399884 0.00414224 0.00434603 0.00457971 0.00486792 0.00519529 0.00560346 0.00608212 0.00664176 0.00727653 0.0080059 0.00884528 0.00980144 0.010887 0.0120958 0.013432 0.0148898 0.0164852 0.0181494 0.0199069 0.0216826 0.023449 0.0251635 0.0267595 0.0281815 0.0293724 0.0302581 0.0307757 0.0308615 0.0304813 0.029623 0.0282292 0.0263365 0.0238842 0.0209133 0.0174523 0.0135398 0.00925626 0.00463898 -0.000210182 -0.00524441 -0.0103636 -0.0154657 -0.0204647 -0.0252647 -0.029768 -0.0338906 -0.0375432 -0.0406477 -0.0431338 -0.0449602 -0.0461262 -0.0466107 -0.0464593 -0.0457031 -0.0444027 -0.0426314 -0.0404664 -0.0380389 -0.0354384 -0.032794 -0.0302089 -0.0277775 -0.0256036 -0.0237536 -0.0223216 -0.0213522 
0 0.00423756 0.0084624 0.0126524 0.0168325 0.0209375 0.0249679 0.0288739 0.0326056 0.0360923 0.039244 0.0420108 0.0442908 0.0460441 0.0472193 0.0477891 0.0477265 0.0470194 0.045676 0.0437105 0.0411777 0.0381304 0.034621 0.0307037 0.0264699 0.0219676 0.0172754 0.0124753 0.00765174 0.00285547 -0.00187137 -0.0064407 -0.0108137 -0.0149149 -0.0186839 -0.0220668 -0.0250418 -0.0275664 -0.0296238 -0.0312059 -0.0322995 -0.0329143 -0.0330711 -0.0328273 -0.0321813 -0.0312059 -0.0299525 -0.028463 -0.0268242 -0.0250862 -0.0232872 -0.0214774 -0.0196813 -0.017939 -0.0162745 -0.0147144 -0.0132861 -0.0119529 -0.0107488 -0.00965163 -0.00864239 -0.00775323 -0.00695195 -0.00622896 -0.00561005 -0.00505274 -0.00455797 -0.00412489 -0.00372941 -0.00338403 -0.00308276 -0.00281057 -0.00256176 -0.00232539 -0.00206114 -0.00173821 -0.00134712 -0.000835773 -0.000125814 0.000832942 0.00207313 0.00356203 0.00526288 0.0071091 0.00891048 0.0104687 0.0115667 0.0118986 0.0112337 0.00940697 0.00629552 0.00194082 -0.00350298 -0.00978555 -0.016529 -0.0233291 -0.0297417 -0.0353002 -0.0396248 -0.0423846 -0.0433483 -0.0424684 -0.039801 -0.0355336 -0.0299978 -0.0235678 -0.0166805 -0.00979233 -0.0032985 0.00243426 0.00714835 0.0107138 0.0130608 0.0142742 0.0145459 0.014065 0.0130885 0.0118579 0.0105282 0.00924298 0.0081099 0.0071831 0.00646555 0.00590541 0.00548046 0.00516415 0.00491149 0.00470527 0.00454979 0.00445097 0.00440175 0.00439671 0.0044501 0.00455347 0.00472534 0.00495898 0.00523001 0.00557613 0.0059855 0.0064653 0.00705771 0.00773088 0.00849501 0.00938203 0.0103611 0.0114783 0.0127342 0.0141209 0.0156385 0.0172636 0.0189736 0.0207381 0.0225318 0.0243274 0.026054 0.0276663 0.0291075 0.0302874 0.0311819 0.0317202 0.0318524 0.0315349 0.0307475 0.0294574 0.0276691 0.0254008 0.0226524 0.019445 0.0158138 0.0118306 0.00753047 0.003 -0.00171394 -0.00656018 -0.0114641 -0.0163521 -0.0211502 -0.0257838 -0.0301531 -0.0341916 -0.0378413 -0.0410323 -0.0436764 -0.0457521 -0.0472142 -0.0480523 -0.0482669 -0.0478902 -0.0469785 -0.0455507 -0.0437163 -0.0415398 -0.0391517 -0.036652 -0.0341564 -0.0317994 -0.0296473 -0.0278354 -0.0264037 -0.025446 
0 0.00476731 0.00948963 0.0141495 0.0187315 0.023177 0.0274514 0.0315128 0.0353049 0.0387391 0.0417518 0.0442908 0.0462869 0.0477042 0.048514 0.0487106 0.0482781 0.0472329 0.0456065 0.0434353 0.0407928 0.0377288 0.0342791 0.0305042 0.0264724 0.022244 0.0178573 0.0133857 0.00889822 0.00438954 -7.77061e-05 -0.00446017 -0.00869634 -0.0127483 -0.0165724 -0.0200971 -0.0233152 -0.0261386 -0.0285493 -0.0305261 -0.0320416 -0.0330927 -0.0337016 -0.0338872 -0.0336515 -0.0330253 -0.032068 -0.0308274 -0.0293616 -0.0277508 -0.0259974 -0.0241785 -0.0223322 -0.0205039 -0.0187167 -0.0170173 -0.0154102 -0.0139028 -0.0125222 -0.0112529 -0.0100951 -0.00905616 -0.00812189 -0.00727308 -0.0065298 -0.00585897 -0.00527956 -0.00476431 -0.00432114 -0.00391487 -0.00356083 -0.00324344 -0.00293861 -0.00262877 -0.00231579 -0.00193318 -0.00146717 -0.000844887 -1.00312e-05 0.00104626 0.00239152 0.00403075 0.00586892 0.00782167 0.00972762 0.0113439 0.0124392 0.0127115 0.0119151 0.00985669 0.00644088 0.00170895 -0.00416264 -0.0109253 -0.0181666 -0.0254603 -0.03232 -0.0382688 -0.0428768 -0.0458189 -0.0468484 -0.045912 -0.0430484 -0.0384829 -0.0325445 -0.0256469 -0.0182476 -0.0108415 -0.00383297 0.00237072 0.00749736 0.0113808 0.0139761 0.0153653 0.0157291 0.0152695 0.0142773 0.0129627 0.0115266 0.0101656 0.00894603 0.00790814 0.00710867 0.00650062 0.00604419 0.00570906 0.00543036 0.00523162 0.0050937 0.005001 0.00495924 0.00498 0.00503963 0.00516763 0.00535369 0.00562058 0.00595282 0.00638312 0.00688416 0.00747625 0.00817 0.00896724 0.00987546 0.0109189 0.0120785 0.013365 0.0147902 0.0163386 0.0180006 0.0197463 0.0215542 0.0233563 0.0251612 0.0268948 0.0285002 0.0299311 0.0311157 0.0319841 0.0325018 0.0326205 0.0323147 0.0315607 0.0303462 0.0286518 0.0264664 0.0238691 0.0208491 0.0174595 0.0137423 0.00974606 0.00553131 0.00114126 -0.00335493 -0.0079365 -0.0125396 -0.0171094 -0.0216165 -0.0259919 -0.0301483 -0.0340359 -0.0376177 -0.0408356 -0.0436057 -0.0458944 -0.0476649 -0.0488622 -0.0494814 -0.0495346 -0.049056 -0.048066 -0.0466296 -0.044828 -0.0427498 -0.0405065 -0.0382163 -0.036009 -0.0339901 -0.0322647 -0.0309102 -0.0299949 
0 0.00526633 0.0104669 0.0155614 0.0205239 0.0252646 0.0297392 0.033897 0.0376761 0.0409917 0.0437881 0.0460441 0.0477042 0.0487498 0.0491692 0.0489737 0.048174 0.046811 0.0449406 0.0426176 0.0399179 0.036887 0.0335578 0.0299818 0.0262311 0.022338 0.0183215 0.0142299 0.0101066 0.00594276 0.00177398 -0.0023439 -0.00637791 -0.0103091 -0.0141063 -0.0177062 -0.0210776 -0.0241351 -0.0268492 -0.0291956 -0.0311316 -0.0326331 -0.0336999 -0.0343464 -0.0345484 -0.034336 -0.0337533 -0.0328335 -0.0316318 -0.0302057 -0.0285748 -0.0268185 -0.0249923 -0.0231407 -0.0212854 -0.0194665 -0.0177133 -0.016038 -0.0144897 -0.0130574 -0.0117357 -0.0105406 -0.00945558 -0.00846514 -0.00759248 -0.00680797 -0.00612232 -0.00552541 -0.00500752 -0.00454099 -0.00412249 -0.00373633 -0.00336526 -0.00299893 -0.00260911 -0.00214061 -0.00157986 -0.000864057 7.70919e-05 0.00126471 0.00274575 0.00450225 0.00646343 0.00853662 0.010527 0.0121834 0.0132597 0.0134381 0.0124741 0.0101862 0.00647152 0.00137482 -0.00491858 -0.012134 -0.0198445 -0.0275942 -0.0348757 -0.0411827 -0.0460684 -0.0491789 -0.0502601 -0.0492529 -0.0462117 -0.0413632 -0.0350565 -0.027721 -0.0198419 -0.0119348 -0.00444129 0.00221411 0.00774138 0.0119677 0.0148254 0.0163922 0.01686 0.0164382 0.0154235 0.0140604 0.012552 0.0110857 0.0097666 0.00865249 0.00778289 0.00710732 0.00660233 0.0062445 0.00597339 0.005779 0.0056488 0.00557016 0.00554939 0.00559027 0.00568269 0.00584033 0.00606903 0.00638379 0.0067832 0.00730326 0.00791701 0.0086297 0.00945691 0.0103929 0.0114546 0.0126704 0.0140053 0.0154693 0.0170561 0.0187424 0.020511 0.0223303 0.0241662 0.0259604 0.0276928 0.02929 0.0306804 0.0318278 0.032681 0.0331711 0.0332741 0.0329421 0.0321656 0.0309491 0.0293 0.0272028 0.0246702 0.0217814 0.0185578 0.0150546 0.011322 0.0074091 0.00334973 -0.00081232 -0.0050357 -0.00929569 -0.0135403 -0.0177379 -0.0218858 -0.0259436 -0.0298333 -0.0335214 -0.036987 -0.0401794 -0.0430206 -0.0454857 -0.0475294 -0.0490861 -0.0501209 -0.0506322 -0.0506375 -0.0501359 -0.049187 -0.0478442 -0.0461908 -0.0443193 -0.0423441 -0.0404004 -0.0385912 -0.0370383 -0.035808 -0.0349769 
0 0.00572088 0.0113574 0.0168441 0.0221396 0.0271233 0.0317385 0.0359262 0.0396233 0.0427585 0.0452872 0.0472193 0.048514 0.0491692 0.0491921 0.0486154 0.0474821 0.0458506 0.043794 0.0413737 0.0386614 0.0357027 0.0325352 0.0292052 0.0257797 0.0222594 0.0186437 0.0149606 0.0112343 0.00745993 0.00364196 -0.000160596 -0.00394391 -0.00770073 -0.0114027 -0.0149966 -0.0184319 -0.0216465 -0.0246044 -0.0272771 -0.0296011 -0.0315285 -0.0330422 -0.0341549 -0.0348271 -0.0350793 -0.0349336 -0.0344028 -0.0335378 -0.0323735 -0.0309502 -0.0293384 -0.0276056 -0.0257918 -0.0239233 -0.0220381 -0.0201873 -0.0183848 -0.0166852 -0.015084 -0.0135781 -0.0122051 -0.0109572 -0.00982752 -0.0088267 -0.00792602 -0.00712 -0.00641667 -0.00579357 -0.00524134 -0.0047442 -0.00428361 -0.00383536 -0.00339273 -0.00291384 -0.00235703 -0.00169184 -0.000863228 0.000191417 0.0015041 0.00311759 0.00500658 0.00709991 0.00928026 0.0113289 0.0129958 0.0140187 0.0140836 0.0129412 0.0104157 0.00640124 0.000952939 -0.00574384 -0.0133887 -0.0215468 -0.0297258 -0.0373982 -0.0440284 -0.0491601 -0.0524181 -0.0535515 -0.0524833 -0.0492799 -0.0441646 -0.0375093 -0.0297595 -0.0214322 -0.0130553 -0.00510519 0.00198635 0.0079034 0.0124681 0.0155998 0.0173717 0.0179679 0.0176083 0.0165816 0.0151657 0.0135848 0.0120327 0.0106304 0.00943911 0.00849011 0.0077517 0.00720497 0.00682128 0.00655393 0.00637219 0.00626091 0.00619874 0.0061936 0.00625293 0.00638868 0.00659847 0.00689887 0.00728734 0.00777134 0.00838032 0.00910143 0.00993434 0.0109061 0.0120016 0.0132379 0.0146308 0.0161337 0.0177539 0.0194737 0.0212637 0.0230942 0.0249285 0.0267191 0.0284276 0.0300082 0.0313936 0.0324963 0.0332873 0.0337384 0.033797 0.0334501 0.0326542 0.0314063 0.0297335 0.0276661 0.0252014 0.0223827 0.0192762 0.0159272 0.0123801 0.00869119 0.0049149 0.00106607 -0.00281339 -0.00671524 -0.0106132 -0.0144655 -0.0182558 -0.0220024 -0.0256938 -0.0292737 -0.0327241 -0.0360361 -0.0391615 -0.0420295 -0.0446253 -0.046901 -0.0487928 -0.050237 -0.0512172 -0.0517324 -0.0517625 -0.0513597 -0.0505519 -0.049418 -0.0480285 -0.0464844 -0.0449133 -0.0434094 -0.042106 -0.0410592 -0.0403513 
0 0.00611371 0.0121162 0.0179405 0.0234916 0.0286589 0.0333434 0.0374963 0.0410589 0.0439654 0.0462064 0.0477891 0.0487106 0.0489737 0.0486154 0.0476963 0.0462824 0.0444432 0.0422591 0.0397896 0.0371069 0.0342625 0.0312895 0.0282496 0.0251617 0.0220332 0.0188262 0.0155657 0.0122734 0.00890732 0.00548808 0.00201572 -0.00148237 -0.00501896 -0.00856883 -0.0120729 -0.0155033 -0.0188022 -0.0219397 -0.0248741 -0.027524 -0.0298226 -0.0317634 -0.0333191 -0.0344768 -0.0352048 -0.0355191 -0.0354347 -0.0349656 -0.034164 -0.0330402 -0.0316612 -0.0300936 -0.028377 -0.0265433 -0.0246597 -0.0227516 -0.0208766 -0.0190575 -0.0173021 -0.015636 -0.0140861 -0.0126752 -0.0114007 -0.0102501 -0.00920601 -0.00827198 -0.00743455 -0.0067078 -0.00604928 -0.00545381 -0.00490174 -0.0043631 -0.00381486 -0.00325069 -0.00260032 -0.00182798 -0.000868915 0.000326062 0.00177582 0.00351852 0.00555036 0.00775597 0.0100017 0.0120982 0.0137624 0.0147092 0.0146517 0.0133265 0.0105389 0.00622056 0.000421654 -0.00666193 -0.0147125 -0.0232776 -0.0318513 -0.0398739 -0.0468058 -0.0521561 -0.0555486 -0.0567231 -0.0555988 -0.0522385 -0.0468865 -0.0399096 -0.0317838 -0.0230334 -0.0142129 -0.00582303 0.00168868 0.00799474 0.0128785 0.0162837 0.0182772 0.0190159 0.0187402 0.0177516 0.0162994 0.0146422 0.0130147 0.0115251 0.0102433 0.00921908 0.00843109 0.00785041 0.00744976 0.00716916 0.00700623 0.00692032 0.00688327 0.00690776 0.00701516 0.00719369 0.00747662 0.00784761 0.00832191 0.0089108 0.00962753 0.0104682 0.011448 0.0125651 0.0138332 0.0152482 0.0167943 0.0184478 0.0201742 0.02198 0.0238287 0.025675 0.027468 0.0291547 0.0306771 0.0320238 0.0330997 0.0338449 0.0342281 0.0342194 0.0338153 0.0329887 0.0317294 0.0300378 0.0279531 0.0255158 0.0227537 0.0197085 0.0164753 0.0130763 0.00956001 0.00597838 0.0023664 -0.00122334 -0.00479882 -0.00833787 -0.0118493 -0.015297 -0.0186683 -0.0220072 -0.0253065 -0.02855 -0.031732 -0.0348573 -0.0378798 -0.0407409 -0.0434177 -0.0458831 -0.0480619 -0.0498925 -0.0513367 -0.0523656 -0.0529665 -0.0531407 -0.0529368 -0.0523917 -0.0515781 -0.0505759 -0.0494729 -0.0483859 -0.0473992 -0.0466075 -0.0460592 
0 0.00642079 0.0127166 0.018779 0.0245125 0.0297704 0.0344591 0.0385186 0.0418971 0.0445581 0.04649 0.0477265 0.0482781 0.048174 0.0474821 0.0462824 0.0446573 0.0426817 0.0404251 0.0379662 0.0353637 0.0326744 0.0299428 0.0271902 0.0244544 0.0216883 0.0188865 0.0160539 0.0131799 0.0102511 0.00720799 0.00409583 0.0008972 -0.00237863 -0.00570851 -0.00907648 -0.0124263 -0.0157416 -0.018974 -0.0220731 -0.0249603 -0.0275761 -0.0298836 -0.031876 -0.0334799 -0.0346805 -0.0354676 -0.0358439 -0.0358464 -0.0354593 -0.0347179 -0.0336515 -0.0323273 -0.0307858 -0.0290809 -0.0272445 -0.0253577 -0.0234425 -0.0215466 -0.0196931 -0.0178938 -0.0162043 -0.014639 -0.0131994 -0.0118839 -0.0106871 -0.00959052 -0.00863448 -0.00777264 -0.00700633 -0.00629232 -0.00561307 -0.00495965 -0.00433153 -0.00364755 -0.0028851 -0.00198075 -0.000887918 0.00045029 0.00207131 0.0039687 0.00608917 0.00838717 0.0107143 0.0128232 0.0144641 0.0153402 0.0151338 0.0135917 0.0105551 0.00592526 -0.000223999 -0.00768418 -0.0161077 -0.0250529 -0.033971 -0.0423115 -0.0495044 -0.0550605 -0.0585664 -0.059778 -0.0585899 -0.0550966 -0.0495264 -0.042269 -0.0337901 -0.0246541 -0.0154085 -0.00659778 0.0013173 0.00798158 0.013205 0.0168862 0.0190893 0.0199964 0.0198398 0.0188814 0.0174394 0.0157591 0.0140287 0.0124354 0.0110812 0.00998572 0.00913805 0.00851848 0.00809276 0.0078401 0.00768165 0.0076138 0.00762172 0.00770547 0.00786442 0.00812774 0.00846841 0.00893019 0.00949613 0.0101987 0.0110514 0.0120512 0.0131823 0.0144668 0.0158857 0.0174501 0.0191391 0.0208933 0.0227049 0.0245414 0.0263841 0.028179 0.0298635 0.0313558 0.0326353 0.0336379 0.0343391 0.0346639 0.034591 0.0341193 0.0332252 0.0319231 0.0302068 0.0281027 0.0256647 0.0229366 0.0199415 0.016765 0.0134566 0.0100914 0.00667448 0.00324567 -0.000138656 -0.00346996 -0.00670058 -0.0098739 -0.0129786 -0.0160095 -0.0189791 -0.0219085 -0.0248288 -0.0277252 -0.0306204 -0.0335319 -0.0364202 -0.0392388 -0.0419647 -0.0445625 -0.0469852 -0.0491564 -0.0510377 -0.0525866 -0.0537595 -0.0545633 -0.0549962 -0.0551141 -0.0549528 -0.0545728 -0.0540493 -0.053447 -0.0528722 -0.0523725 -0.052023 
0 0.00662891 0.0131041 0.0193134 0.0251109 0.0303811 0.0349989 0.0389175 0.0420904 0.0444873 0.0461221 0.0470194 0.0472329 0.046811 0.0458506 0.0444432 0.0426817 0.0406296 0.0383716 0.0359777 0.0335147 0.0310345 0.0285515 0.0261112 0.0236864 0.0212808 0.0188584 0.0164245 0.0139654 0.0114158 0.00876692 0.00599502 0.00312859 0.000151285 -0.00293228 -0.0061036 -0.00932563 -0.0125743 -0.015803 -0.0189715 -0.0220116 -0.0248587 -0.0274977 -0.029844 -0.0318766 -0.0335193 -0.0347716 -0.0356434 -0.0361152 -0.0361898 -0.035867 -0.0351775 -0.0341856 -0.0329219 -0.0314194 -0.0297413 -0.0279153 -0.0260389 -0.0241239 -0.0222096 -0.020332 -0.0185186 -0.0168054 -0.0152181 -0.0137349 -0.0123749 -0.0111422 -0.010027 -0.00902944 -0.00811285 -0.0072596 -0.00645382 -0.00567969 -0.00490004 -0.00410547 -0.00321841 -0.00216577 -0.00089803 0.000597405 0.00235215 0.00436818 0.00664204 0.00904321 0.0114061 0.0135315 0.0151293 0.0158714 0.0155044 0.0137523 0.0104301 0.00549923 -0.000969471 -0.00877914 -0.0175607 -0.0268519 -0.0361019 -0.0447208 -0.0521363 -0.0578472 -0.0614526 -0.0626958 -0.0614726 -0.0578587 -0.0520895 -0.0445564 -0.0357617 -0.0262643 -0.0166409 -0.00745337 0.000846269 0.00788657 0.0134219 0.0173914 0.0198538 0.0209323 0.0208951 0.0200194 0.0185722 0.0168406 0.0150805 0.0134268 0.0119818 0.0107898 0.00988438 0.00923529 0.00880045 0.00852987 0.00840932 0.00838603 0.0084418 0.00858044 0.00882505 0.00916791 0.00962423 0.0101793 0.0108564 0.0116928 0.0126847 0.0138417 0.0151462 0.0165723 0.0181338 0.0198244 0.0215983 0.0234455 0.0252822 0.0271039 0.0288659 0.0305113 0.0319821 0.0332103 0.0341478 0.0347762 0.0350342 0.0349014 0.0343619 0.0334013 0.0320543 0.030288 0.0281543 0.0256863 0.0229559 0.0200107 0.0168853 0.0136369 0.0103435 0.00705396 0.00379259 0.000584385 -0.00255562 -0.00557009 -0.00847857 -0.0112694 -0.0139774 -0.0166062 -0.0191764 -0.0217381 -0.0242924 -0.0268677 -0.0294742 -0.0321514 -0.0348768 -0.0376204 -0.0403507 -0.0430442 -0.045651 -0.0481169 -0.0503982 -0.052435 -0.0541976 -0.0556318 -0.0567583 -0.057578 -0.0581296 -0.0584484 -0.0585587 -0.0585396 -0.0584171 -0.0582768 -0.0581484 
0 0.00671342 0.0132569 0.0194841 0.0252461 0.0304264 0.0349113 0.038648 0.0415919 0.0437301 0.0450792 0.045676 0.0456065 0.0449406 0.043794 0.0422591 0.0404251 0.0383716 0.0361632 0.0338985 0.0316201 0.0293682 0.0271595 0.0250001 0.0228997 0.0208216 0.0187664 0.0167083 0.0146044 0.0124293 0.0101297 0.00772096 0.00518686 0.00251868 -0.00028833 -0.00323965 -0.00627319 -0.00938473 -0.0125391 -0.0156984 -0.0188118 -0.0218253 -0.0246853 -0.0273348 -0.029712 -0.0317677 -0.03347 -0.0348044 -0.0357596 -0.0362936 -0.0364291 -0.0361821 -0.0355943 -0.0346788 -0.0334756 -0.0320033 -0.030345 -0.0285687 -0.0267047 -0.0247996 -0.0228765 -0.0209804 -0.0191563 -0.0174301 -0.0158021 -0.0142918 -0.0128853 -0.0116211 -0.0104581 -0.00939695 -0.00839261 -0.00742413 -0.00649462 -0.00558303 -0.00461081 -0.0035617 -0.00235864 -0.000956686 0.000688031 0.00262133 0.00480499 0.00718006 0.00967845 0.0121084 0.0142095 0.0157221 0.0163333 0.0157599 0.0137602 0.0101868 0.00496262 -0.001831 -0.00996942 -0.0190723 -0.0286792 -0.0382029 -0.0470677 -0.0546889 -0.060554 -0.0642383 -0.0654988 -0.0642141 -0.0604833 -0.0545424 -0.0467858 -0.0377026 -0.0278876 -0.0179125 -0.00836041 0.0002903 0.00766352 0.0135457 0.0178235 0.0205339 0.0218258 0.0219374 0.0211189 0.0197063 0.017981 0.0161501 0.0144249 0.0129327 0.0116929 0.0107272 0.0100188 0.0095462 0.00930783 0.00921067 0.00923248 0.00936398 0.00959161 0.00992351 0.0103852 0.010945 0.0116372 0.0124478 0.013419 0.0145568 0.0158659 0.0173148 0.0188851 0.0205576 0.0223307 0.0241586 0.0260064 0.0278212 0.0295467 0.0311514 0.032566 0.033735 0.0346011 0.035152 0.0353341 0.035136 0.0345226 0.0334912 0.0320694 0.030276 0.0281191 0.0256351 0.0228812 0.0199381 0.0168582 0.0136775 0.0104588 0.00723287 0.00408454 0.0010187 -0.00194591 -0.00478239 -0.00749063 -0.0100515 -0.0125003 -0.0148372 -0.0170888 -0.0193052 -0.0215108 -0.023747 -0.0260208 -0.0283579 -0.0307966 -0.0333351 -0.0359745 -0.0386773 -0.0414244 -0.0441782 -0.0468868 -0.0495167 -0.0520085 -0.0543213 -0.0563979 -0.0582175 -0.0597765 -0.0610739 -0.0621233 -0.0629331 -0.063531 -0.0639393 -0.0641946 -0.0643343 
