0 0 0 0 0 0 0 0 0 0 0 0 0 0 0 0 0 0 0 0 0 0 0 0 0 0 0 0 0 0 0 0 0 0 0 0 0 0 0 0 0 0 0 0 0 0 0 0 0 0 0 0 0 0 0 0 0 0 0 0 0 0 0 0 0 0 0 0 0 0 0 0 0 0 0 0 0 0 0 0 0 0 0 0 0 0 0 0 0 0 0 0 0 0 0 0 0 0 0 0 0 0 0 0 0 0 0 0 0 0 0 0 0 0 0 0 0 0 0 0 0 0 0 0 0 0 0 0 0 0 0 0 0 0 0 0 0 0 0 0 0 0 0 0 0 0 0 0 0 0 0 0 0 0 0 0 0 0 0 0 0 0 0 0 0 0 0 0 0 0 0 0 0 0 0 0 0 0 0 0 0 0 0 0 0 0 0 0 0 0 0 0 0 0 0 0 0 0 0 0 
0 2.0875e-06 6.7012e-06 5.46826e-06 1.61292e-05 1.64035e-05 1.96446e-05 2.38225e-05 3.36476e-05 5.30615e-05 6.69943e-05 0.000100406 0.000139786 0.000192824 0.000258888 0.000348649 0.000468085 0.000596393 0.000752984 0.00094176 0.00117205 0.00143391 0.00174301 0.00210714 0.0025208 0.00297912 0.00347641 0.00401149 0.00454927 0.00508819 0.00559042 0.00604872 0.00644645 0.0067646 0.00698751 0.00707546 0.00703885 0.00684978 0.00649803 0.00598829 0.00533672 0.00456127 0.00369454 0.00275247 0.00176535 0.000753765 -0.000247821 -0.00119723 -0.00209194 -0.00287212 -0.00353077 -0.00405276 -0.00443376 -0.00468938 -0.00483643 -0.00487356 -0.00481273 -0.00466031 -0.00443852 -0.00417056 -0.00387158 -0.00357038 -0.00325626 -0.00294501 -0.00263293 -0.00231838 -0.00199559 -0.00167624 -0.00134432 -0.00101112 -0.000675254 -0.0003327 1.77189e-05 0.000351339 0.000661355 0.000914704 0.00106976 0.00111552 0.00102983 0.000815119 0.000509197 0.000120748 -0.000334298 -0.00079394 -0.00124445 -0.0016582 -0.00200563 -0.00226875 -0.00242974 -0.00247943 -0.00245464 -0.0023508 -0.00218994 -0.00200102 -0.00179665 -0.00158263 -0.00139666 -0.00123906 -0.00111717 -0.00103115 -0.000995148 -0.000999827 -0.00104755 -0.00114054 -0.00127877 -0.00142881 -0.00160162 -0.00178208 -0.0019419 -0.00206856 -0.00215143 -0.0021439 -0.00205138 -0.00186395 -0.00158232 -0.00121752 -0.000773632 -0.000267665 0.000241509 0.000747468 0.00121663 0.00159981 0.00188477 0.00206775 0.00214633 0.00215439 0.00211001 0.00203012 0.00194679 0.00186661 0.00179952 0.00176329 0.00177649 0.00183426 0.00195435 0.00211849 0.0023121 0.00252889 0.00277161 0.00302595 0.00331633 0.00361881 0.00392319 0.00421276 0.00446382 0.00466308 0.00479214 0.00483701 0.00478425 0.00461432 0.00432027 0.00389583 0.0033118 0.00260493 0.00177221 0.000853757 -0.000114191 -0.00111211 -0.00211384 -0.00308891 -0.00400213 -0.00482478 -0.00553369 -0.00610466 -0.00651564 -0.00677676 -0.00686932 -0.0068325 -0.00667773 -0.00641825 -0.00606837 -0.00564435 -0.00517701 -0.00466519 -0.00414035 -0.00361969 -0.0031287 -0.00267165 -0.00226393 -0.00190087 -0.00158292 -0.00131706 -0.00108818 -0.000896858 -0.000725049 -0.000595057 -0.000487675 -0.000394708 -0.000322718 -0.000266234 -0.00023171 -0.000192069 -0.000170478 -0.000161078 -0.000153008 -0.000145417 -0.000135268 -0.000142842 -0.000142159 -0.000142719 
0 6.7012e-06 3.57081e-06 1.44492e-05 1.82794e-05 3.23199e-05 3.58096e-05 4.65435e-05 7.72808e-05 0.000104207 0.000149658 0.000207166 0.000297498 0.000406619 0.000535438 0.000724362 0.000951657 0.0012205 0.00153497 0.00192253 0.00239435 0.0029246 0.00355273 0.00428509 0.00510992 0.0060206 0.00699877 0.00803831 0.009092 0.0101241 0.0111085 0.01199 0.01276 0.0133818 0.0137925 0.0139675 0.0138695 0.0134939 0.0127987 0.0117941 0.0105224 0.00900217 0.00729691 0.00544945 0.00350716 0.00152218 -0.000420124 -0.00228184 -0.00400511 -0.00553955 -0.00683887 -0.00788073 -0.00866385 -0.00919175 -0.00949883 -0.00959497 -0.00948853 -0.00920745 -0.00881039 -0.00829485 -0.00773987 -0.00714677 -0.00652296 -0.0059028 -0.005286 -0.00466204 -0.00405275 -0.00342403 -0.0027718 -0.00210316 -0.00139937 -0.000692502 1.75381e-05 0.000692707 0.0013004 0.00177976 0.00208602 0.00216521 0.00202156 0.0016189 0.00100531 0.000216758 -0.000663551 -0.00159425 -0.00251038 -0.0033454 -0.00401582 -0.00452874 -0.00484567 -0.00497223 -0.00491243 -0.0047005 -0.00437863 -0.00399825 -0.00357489 -0.00318036 -0.002812 -0.00247702 -0.00222608 -0.00207109 -0.00198107 -0.00200433 -0.002116 -0.00228862 -0.0025368 -0.00285799 -0.00320229 -0.0035629 -0.00388778 -0.00414445 -0.00428359 -0.00428081 -0.0041081 -0.00374699 -0.003164 -0.00241764 -0.00152812 -0.000547245 0.000485723 0.0014899 0.00240158 0.00315608 0.00375323 0.0041307 0.00431811 0.0043361 0.00423536 0.00406455 0.00388246 0.0037067 0.00359409 0.00354244 0.00358533 0.00372599 0.00395439 0.00427437 0.00465157 0.00507575 0.00555738 0.00607968 0.00663856 0.00724177 0.00781744 0.00836812 0.00885043 0.00922953 0.00947178 0.00955467 0.00942038 0.00906007 0.0084562 0.00758602 0.00644485 0.00504641 0.00342908 0.00163661 -0.000259527 -0.00221574 -0.00418016 -0.00610146 -0.00788532 -0.00950514 -0.0109018 -0.012024 -0.0128636 -0.0133821 -0.0135996 -0.0135386 -0.0132438 -0.0127429 -0.0120465 -0.0112194 -0.0102991 -0.00930035 -0.00827758 -0.00726077 -0.00629373 -0.00539679 -0.00457696 -0.0038561 -0.00321181 -0.00267053 -0.00221391 -0.00181179 -0.00147839 -0.00120139 -0.000990011 -0.00080333 -0.000651724 -0.00055441 -0.000471083 -0.000408915 -0.000356302 -0.000338042 -0.000325945 -0.000298394 -0.000292972 -0.000289358 -0.000293809 -0.000281879 
0 5.46826e-06 1.44492e-05 9.87368e-06 3.33191e-05 4.04839e-05 5.87238e-05 8.31286e-05 0.000122077 0.000182641 0.000237258 0.000345256 0.000479619 0.000652154 0.000860839 0.001136 0.00149495 0.00189747 0.00239084 0.00298839 0.00370787 0.00452217 0.00546963 0.00656718 0.00779596 0.00913497 0.0105644 0.0120778 0.0135912 0.0150967 0.0165033 0.0177818 0.0188818 0.0197437 0.0203155 0.0205015 0.0203255 0.0197316 0.0186978 0.0172378 0.0153899 0.0131921 0.010723 0.00803178 0.00521056 0.0023363 -0.000485316 -0.00314912 -0.00565103 -0.00786342 -0.00977022 -0.0113286 -0.0125119 -0.0133375 -0.0138378 -0.0140144 -0.0139083 -0.013553 -0.0130105 -0.0123297 -0.0115412 -0.0107039 -0.00980073 -0.00888803 -0.00797779 -0.00707627 -0.00616489 -0.0052485 -0.00427065 -0.00324839 -0.00218725 -0.00110346 -2.0198e-05 0.000984311 0.00188535 0.00260585 0.0030508 0.00318931 0.00296327 0.00236426 0.00147464 0.000321883 -0.00103405 -0.00242233 -0.00377834 -0.00501216 -0.00603639 -0.00680386 -0.00727284 -0.00742625 -0.00735103 -0.00704522 -0.00656968 -0.00600273 -0.00538725 -0.00475409 -0.00419791 -0.00372603 -0.00336191 -0.00310777 -0.00299507 -0.00300816 -0.00315253 -0.00342954 -0.00383598 -0.0042895 -0.0048028 -0.00533348 -0.00580833 -0.00618759 -0.00643259 -0.00642302 -0.00615416 -0.00559155 -0.00473483 -0.00362277 -0.00228448 -0.000784576 0.000722306 0.00220562 0.00358077 0.00472927 0.00561528 0.00621091 0.0064971 0.00654396 0.00640196 0.00613676 0.00585923 0.0056154 0.00544855 0.0053969 0.00548882 0.00569736 0.0060537 0.00652007 0.00707299 0.0077058 0.00842343 0.00917913 0.0100085 0.0108448 0.0116571 0.0124153 0.0130713 0.013589 0.0139085 0.0139738 0.0137324 0.0131395 0.0121932 0.010897 0.00919897 0.00718403 0.00484023 0.00225281 -0.000491672 -0.00333536 -0.00619541 -0.00897544 -0.0115708 -0.0139077 -0.0159299 -0.0175807 -0.0188082 -0.0196233 -0.0199745 -0.0199435 -0.0195564 -0.0188485 -0.0178657 -0.016668 -0.0153447 -0.0139038 -0.0124237 -0.010947 -0.00953505 -0.00820416 -0.00699431 -0.00590297 -0.00493553 -0.00411412 -0.00340577 -0.00280705 -0.00227895 -0.00186899 -0.00153188 -0.00124384 -0.00102079 -0.000852786 -0.000745234 -0.0006324 -0.000563054 -0.000526822 -0.000497537 -0.000470535 -0.000441525 -0.000451706 -0.000439087 -0.000423191 
0 1.61292e-05 1.82794e-05 3.33191e-05 4.48876e-05 7.22843e-05 9.34087e-05 0.000129888 0.000196327 0.00026572 0.000366768 0.000505517 0.000706596 0.000950735 0.0012399 0.0016314 0.00210826 0.00267382 0.00334644 0.00416634 0.00514641 0.00624955 0.00752706 0.00898921 0.0106066 0.0123555 0.014202 0.0161314 0.0180706 0.0199634 0.0217533 0.0233467 0.0247034 0.0257477 0.0263784 0.0265488 0.0262248 0.0254038 0.0240384 0.0221473 0.0197888 0.0169934 0.0138521 0.0104434 0.00686342 0.00322206 -0.000331972 -0.00372495 -0.00688342 -0.00973036 -0.0121993 -0.0142421 -0.0158332 -0.0169643 -0.0176759 -0.01799 -0.0179347 -0.0175684 -0.0169813 -0.0161783 -0.0152556 -0.0142213 -0.0130885 -0.0119241 -0.0107482 -0.00955785 -0.00837562 -0.0071477 -0.00585035 -0.00449026 -0.00305592 -0.00160469 -0.000163226 0.00119237 0.00239765 0.00334879 0.00395692 0.00413371 0.00385925 0.00308384 0.00188439 0.000335044 -0.00141875 -0.00326374 -0.00507086 -0.00670776 -0.00803499 -0.00903918 -0.00966057 -0.00990332 -0.00979066 -0.0093785 -0.00874578 -0.0079883 -0.00715449 -0.0063566 -0.00561924 -0.0049653 -0.00446879 -0.00415092 -0.00398122 -0.00401816 -0.00423103 -0.00458265 -0.00508356 -0.00571156 -0.00639332 -0.00709793 -0.00773401 -0.00823637 -0.00851846 -0.00851425 -0.00816989 -0.00744455 -0.00629315 -0.00480222 -0.00302594 -0.0010661 0.000975571 0.00296132 0.00477089 0.00628772 0.00748793 0.00828069 0.0086937 0.00876982 0.00859709 0.0082759 0.00792636 0.00760918 0.00741897 0.00736805 0.00749695 0.00780026 0.00826248 0.00888187 0.0096123 0.0104401 0.0113708 0.0123617 0.0133921 0.0144443 0.015416 0.016307 0.0170629 0.0176301 0.0179466 0.0179504 0.017544 0.0167048 0.0154218 0.0136836 0.0114931 0.00888255 0.00589869 0.00260632 -0.000886177 -0.00449792 -0.00812784 -0.0116626 -0.0149461 -0.0179189 -0.0204974 -0.0226101 -0.0242362 -0.0253186 -0.0258619 -0.0258943 -0.0254704 -0.024632 -0.0234134 -0.0219302 -0.0202628 -0.0184492 -0.0165743 -0.0146898 -0.012866 -0.0111401 -0.00953846 -0.00809505 -0.00679442 -0.00567845 -0.00472434 -0.00389222 -0.00319374 -0.00261739 -0.00216025 -0.00176294 -0.0014395 -0.0012144 -0.00103216 -0.000886955 -0.000768958 -0.000708432 -0.000666671 -0.000614284 -0.000596545 -0.000589963 -0.000590483 -0.000568523 
0 1.64035e-05 3.23199e-05 4.04839e-05 7.22843e-05 9.8688e-05 0.000137901 0.000194761 0.000279055 0.000392536 0.000523503 0.00072518 0.00098669 0.00131224 0.00170639 0.00221056 0.00284119 0.00357293 0.00445384 0.00551265 0.00676268 0.00817228 0.00977804 0.0115901 0.013573 0.015686 0.0178969 0.0201873 0.0224648 0.0246915 0.0267586 0.0285931 0.0301155 0.0312361 0.0318741 0.0319404 0.0314549 0.030382 0.0286995 0.0264284 0.0236208 0.0203269 0.0166429 0.0126487 0.00846656 0.00421674 4.53266e-05 -0.00392665 -0.00766524 -0.0110389 -0.0139992 -0.0164838 -0.0184523 -0.0199097 -0.0208912 -0.0214056 -0.0214949 -0.021209 -0.0206255 -0.0197986 -0.0187819 -0.0176323 -0.016349 -0.0149978 -0.013601 -0.0121687 -0.0106904 -0.00916134 -0.00753431 -0.00582734 -0.00405215 -0.00224083 -0.000433203 0.00126772 0.00279129 0.00400904 0.00477665 0.00501394 0.00465137 0.00368041 0.00220739 0.000312166 -0.00187845 -0.00414793 -0.00636355 -0.00837758 -0.0100493 -0.0112998 -0.0120676 -0.0123392 -0.0122034 -0.0116976 -0.010919 -0.00998095 -0.00896172 -0.00793635 -0.00701182 -0.00622031 -0.0056093 -0.00519455 -0.00500244 -0.00503103 -0.0052778 -0.00573062 -0.00637763 -0.00713473 -0.00797912 -0.00884515 -0.00962878 -0.0102487 -0.0106204 -0.0106028 -0.0101561 -0.00923086 -0.0078215 -0.00598492 -0.00377988 -0.00131777 0.00120579 0.00368315 0.00596498 0.00788419 0.00937016 0.0103714 0.0108875 0.0110129 0.0108417 0.0104869 0.0100967 0.00974967 0.00952254 0.00947165 0.00964078 0.0100165 0.0106168 0.0113947 0.0123041 0.0133183 0.0144268 0.0155745 0.0167713 0.0179432 0.0190279 0.0199845 0.0207552 0.0212887 0.0215128 0.0213539 0.0207352 0.0196107 0.0179797 0.0158478 0.0131852 0.010075 0.00653133 0.00265332 -0.00144694 -0.00568215 -0.00993676 -0.0140722 -0.0179385 -0.0214371 -0.0244905 -0.0270283 -0.0289951 -0.0303742 -0.0311132 -0.0312749 -0.0308883 -0.0299919 -0.0286467 -0.0269542 -0.0250327 -0.0229215 -0.020717 -0.0184833 -0.0162987 -0.0142033 -0.0122484 -0.0104509 -0.00882641 -0.0074104 -0.00617988 -0.00512176 -0.00420934 -0.00347408 -0.00286801 -0.0023502 -0.00193236 -0.00161328 -0.00137868 -0.00116883 -0.00101861 -0.000924589 -0.000854301 -0.000795257 -0.00075316 -0.000752429 -0.0007383 -0.000717956 
0 1.96446e-05 3.58096e-05 5.87238e-05 9.34087e-05 0.000137901 0.000192552 0.00027448 0.000395539 0.000547898 0.000741451 0.00100311 0.001345 0.00176346 0.00227163 0.00291585 0.00370373 0.00463182 0.00573512 0.00705136 0.0085866 0.0103102 0.0122456 0.0143945 0.0167114 0.0191506 0.0216718 0.0242431 0.0267828 0.0292199 0.0314613 0.0334061 0.0349784 0.0360876 0.0366415 0.0365813 0.0359003 0.0345854 0.0326099 0.0299988 0.0268163 0.0231259 0.0190263 0.0146139 0.0100008 0.00531381 0.000702647 -0.00372706 -0.00790028 -0.0117096 -0.015078 -0.0179453 -0.0202778 -0.0220758 -0.0233664 -0.0241598 -0.0244732 -0.0243551 -0.0238826 -0.0231027 -0.0220952 -0.0209018 -0.0195398 -0.0180666 -0.0165058 -0.0148624 -0.0131441 -0.0113283 -0.00939281 -0.00734977 -0.00521204 -0.00302653 -0.000848912 0.00121544 0.00305423 0.00451383 0.00544097 0.00572518 0.00530793 0.00417588 0.00242814 0.000185158 -0.00237927 -0.0050676 -0.00769989 -0.0100882 -0.0120615 -0.0135374 -0.0144477 -0.0147865 -0.0146134 -0.0140043 -0.0130743 -0.0119519 -0.010735 -0.00953553 -0.00843301 -0.00747801 -0.00673978 -0.00624956 -0.00601328 -0.00605433 -0.00635481 -0.0068858 -0.0076335 -0.00854419 -0.00955227 -0.0105832 -0.0115195 -0.0122536 -0.0126686 -0.0126448 -0.0121105 -0.0110103 -0.00932388 -0.00712573 -0.00450312 -0.00158988 0.00143803 0.00440691 0.0071327 0.00944291 0.0112484 0.0124736 0.0131345 0.0133206 0.0131558 0.0127845 0.0123599 0.0119828 0.0117502 0.0117193 0.0119389 0.0124141 0.0131361 0.0140651 0.0151328 0.0162966 0.0175339 0.0187994 0.0200774 0.021317 0.0224298 0.0233703 0.0240733 0.0244747 0.0245113 0.0241169 0.0232178 0.021785 0.0198148 0.0173018 0.0142431 0.0106914 0.00670035 0.00236592 -0.0021918 -0.00687637 -0.0115786 -0.0161607 -0.0204668 -0.0243954 -0.0278528 -0.0307571 -0.0330577 -0.0347063 -0.0356769 -0.036 -0.0357118 -0.034847 -0.0334594 -0.031668 -0.0295819 -0.0272673 -0.0248179 -0.0223097 -0.019824 -0.0174144 -0.01513 -0.0130042 -0.0110572 -0.00933173 -0.00782074 -0.00650307 -0.00537668 -0.00444703 -0.00368315 -0.0030341 -0.00250255 -0.0020963 -0.00177753 -0.00151446 -0.00131325 -0.00118148 -0.00108254 -0.000994302 -0.000939661 -0.00091593 -0.000897237 -0.000870428 
0 2.38225e-05 4.65435e-05 8.31286e-05 0.000129888 0.000194761 0.00027448 0.000389353 0.000551738 0.000756178 0.00101976 0.00135793 0.00179165 0.00231937 0.00296296 0.00376499 0.00473485 0.00588147 0.00723111 0.00882011 0.010645 0.0126791 0.0149265 0.0173793 0.0199886 0.0227021 0.0254736 0.0282536 0.0309642 0.033512 0.0358083 0.0377488 0.0392593 0.0402575 0.0406562 0.0404136 0.0395115 0.0379458 0.0356985 0.0328017 0.0293287 0.0253595 0.0209902 0.016319 0.0114451 0.00649121 0.00159688 -0.00313642 -0.00761221 -0.0117379 -0.0154251 -0.0186185 -0.0212885 -0.0234313 -0.0250595 -0.0261746 -0.0267781 -0.0269106 -0.0266378 -0.0260104 -0.025104 -0.0239541 -0.0225905 -0.0210594 -0.0193919 -0.0175958 -0.0156794 -0.013616 -0.0113931 -0.00901885 -0.00651942 -0.00395416 -0.00140449 0.00101243 0.00315368 0.00484979 0.00593527 0.00627781 0.0058133 0.0045375 0.00254324 -2.45022e-05 -0.00296278 -0.00605393 -0.00907399 -0.0118115 -0.0140808 -0.0157725 -0.0168131 -0.0172035 -0.0169985 -0.0162972 -0.0152257 -0.0139238 -0.0125126 -0.0111229 -0.00984338 -0.00874438 -0.00789154 -0.00732159 -0.00704255 -0.00707999 -0.00742039 -0.00803727 -0.0089007 -0.00995651 -0.0111189 -0.0122995 -0.0133743 -0.0142161 -0.0146846 -0.0146543 -0.0140263 -0.0127437 -0.010792 -0.00824141 -0.00519923 -0.00182787 0.00168345 0.00512497 0.00829266 0.0110029 0.0131358 0.0146103 0.0154433 0.0157222 0.0155896 0.0152154 0.0147685 0.0143797 0.0141568 0.0141658 0.0144509 0.0150219 0.0158543 0.0169032 0.0180922 0.0193661 0.0206844 0.0220066 0.0232965 0.0245072 0.0255507 0.0263718 0.0269062 0.0270868 0.0268556 0.0261545 0.0249263 0.0231562 0.0208461 0.0179894 0.0145979 0.0107056 0.0063857 0.00173556 -0.00312469 -0.00809452 -0.0130736 -0.0179341 -0.0225331 -0.0267643 -0.0305264 -0.0337301 -0.0363165 -0.0382235 -0.0394352 -0.0399642 -0.0398448 -0.0391039 -0.0377901 -0.0360141 -0.0338755 -0.0314584 -0.0288528 -0.0261478 -0.0234264 -0.0207544 -0.0181829 -0.0157552 -0.0135053 -0.0114771 -0.00967945 -0.00809452 -0.00673161 -0.00558691 -0.00463766 -0.00383696 -0.00317733 -0.0026621 -0.00224784 -0.00191321 -0.00165169 -0.00147001 -0.00133339 -0.00121659 -0.00114023 -0.00109349 -0.001063 -0.00103094 
0 3.36476e-05 7.72808e-05 0.000122077 0.000196327 0.000279055 0.000395539 0.000551738 0.000756536 0.00102991 0.00136437 0.00180167 0.00234006 0.00299912 0.00380646 0.00478528 0.00596887 0.0073529 0.00897093 0.0108401 0.0129487 0.0152797 0.0178114 0.0205271 0.0233815 0.0263094 0.0292618 0.0321706 0.0349474 0.037506 0.039734 0.0415628 0.0429087 0.0437003 0.0438821 0.0433957 0.0422508 0.0404268 0.0379373 0.0348234 0.0311559 0.0270313 0.0225369 0.0177552 0.0127824 0.00773038 0.00270928 -0.00215951 -0.00680761 -0.0111298 -0.0150552 -0.0185259 -0.0215005 -0.0239739 -0.0259407 -0.027388 -0.028326 -0.028783 -0.0287952 -0.0284377 -0.0277284 -0.0267192 -0.0254367 -0.0239185 -0.0222059 -0.0203237 -0.0182507 -0.0159876 -0.0135061 -0.0108176 -0.00797841 -0.00504774 -0.00213772 0.000612867 0.00304615 0.0049828 0.00622784 0.00665103 0.00614884 0.0047405 0.00251915 -0.000348701 -0.00365993 -0.00712538 -0.0105013 -0.0135564 -0.0161068 -0.0179939 -0.0191586 -0.0195877 -0.0193619 -0.0185742 -0.0173658 -0.0158879 -0.0142987 -0.0127072 -0.0112522 -0.0100169 -0.00904989 -0.0083888 -0.00808292 -0.00811361 -0.00848724 -0.00919128 -0.010177 -0.0113573 -0.0126702 -0.0139915 -0.0151926 -0.0161268 -0.0166535 -0.0166096 -0.0158927 -0.0144266 -0.012224 -0.00933124 -0.00587428 -0.00203008 0.00194982 0.00585904 0.00946972 0.0125811 0.0150358 0.0167819 0.0178064 0.0182158 0.0181537 0.0178041 0.0173583 0.0169808 0.0167725 0.0168299 0.0171826 0.0178271 0.018749 0.0198728 0.0211345 0.0224707 0.0238204 0.0251339 0.0263725 0.027449 0.0283191 0.0289043 0.0291597 0.0290352 0.0284741 0.0274205 0.0258456 0.0237283 0.0210857 0.0179303 0.0142633 0.0101396 0.00561056 0.000786723 -0.00422622 -0.00932994 -0.014429 -0.0194055 -0.024151 -0.0285455 -0.0325003 -0.0359288 -0.0387413 -0.0408988 -0.0423522 -0.0431274 -0.043238 -0.0427023 -0.0415757 -0.0399259 -0.0378539 -0.0354414 -0.0327752 -0.0299568 -0.0270715 -0.0241934 -0.0213879 -0.0186928 -0.0161714 -0.0138589 -0.0117742 -0.00992671 -0.00830494 -0.00693284 -0.00576852 -0.00479199 -0.00398723 -0.00333014 -0.00281021 -0.00237483 -0.00204157 -0.00178979 -0.00159785 -0.00145467 -0.00134272 -0.00128321 -0.00123386 -0.00120442 
0 5.30615e-05 0.000104207 0.000182641 0.00026572 0.000392536 0.000547898 0.000756178 0.00102991 0.00136662 0.00180895 0.00234649 0.0030211 0.00383607 0.00482585 0.00602084 0.00742797 0.00907956 0.0109715 0.0131203 0.0155028 0.0181058 0.02089 0.0238292 0.0268669 0.0299444 0.0329932 0.0359208 0.0386682 0.0410996 0.0431647 0.0447657 0.0458542 0.0463768 0.0462613 0.0455175 0.0441002 0.0420444 0.0393659 0.0361122 0.0323584 0.0281961 0.023691 0.0189382 0.014003 0.00899738 0.00402605 -0.000851021 -0.00551122 -0.00993126 -0.0140081 -0.0176883 -0.0209307 -0.0237073 -0.0259933 -0.027795 -0.0290971 -0.0299289 -0.0303192 -0.0302895 -0.0298837 -0.0290978 -0.0279853 -0.0265702 -0.0249 -0.022981 -0.020831 -0.0184 -0.0157059 -0.0127538 -0.00959909 -0.00633398 -0.00309576 -7.8779e-06 0.00271788 0.0048796 0.00629592 0.00678277 0.00626522 0.00474769 0.00230212 -0.000858341 -0.00445878 -0.00827634 -0.0119995 -0.0153585 -0.0181413 -0.0202098 -0.0214833 -0.0219742 -0.0217056 -0.0208281 -0.0194864 -0.0178446 -0.0160643 -0.0143191 -0.0126888 -0.0112884 -0.0101944 -0.00946901 -0.00911092 -0.00915903 -0.0095879 -0.0103621 -0.0114251 -0.0127484 -0.0141955 -0.0156542 -0.0169816 -0.0180119 -0.0185566 -0.0185023 -0.0176951 -0.016071 -0.013604 -0.0103633 -0.00650735 -0.00224658 0.00223215 0.00662058 0.0106645 0.0141735 0.0169799 0.0189958 0.0202468 0.0208013 0.0208347 0.0205568 0.0201415 0.0197814 0.0196076 0.0196999 0.0200924 0.0208033 0.0217612 0.0229268 0.0242095 0.0255404 0.0268459 0.0280881 0.0291668 0.0300451 0.0306362 0.0308952 0.0307934 0.0302869 0.0293451 0.0279213 0.0259818 0.023532 0.020588 0.0171587 0.0133118 0.00903535 0.00443776 -0.00041904 -0.00544286 -0.0105333 -0.0156124 -0.0205773 -0.0253269 -0.0297696 -0.0338132 -0.0373727 -0.0403826 -0.0427432 -0.044464 -0.0454996 -0.045883 -0.0456276 -0.0447574 -0.0433482 -0.0414428 -0.0391479 -0.0365261 -0.033686 -0.0307162 -0.027706 -0.0247145 -0.0218085 -0.0190457 -0.0164674 -0.0141144 -0.0119839 -0.0101144 -0.0084794 -0.00708964 -0.00591539 -0.00493179 -0.00413343 -0.00346571 -0.00293967 -0.00250832 -0.00217818 -0.00192758 -0.00172925 -0.00159746 -0.00149113 -0.00143216 -0.0013891 
0 6.69943e-05 0.000149658 0.000237258 0.000366768 0.000523503 0.000741451 0.00101976 0.00136437 0.00180895 0.00235287 0.00303499 0.00385675 0.00485412 0.00606104 0.00748018 0.00914664 0.0110644 0.0132391 0.0156577 0.0182926 0.0211391 0.0241385 0.0272418 0.0304045 0.0335427 0.0365878 0.0394386 0.0420199 0.0442463 0.0460254 0.0473286 0.0480886 0.0482647 0.0478364 0.0467817 0.0451177 0.0428539 0.0400478 0.0367458 0.0330005 0.0288973 0.0245004 0.0198736 0.0151012 0.0102771 0.00545749 0.000730237 -0.00385576 -0.00824493 -0.0123738 -0.0161838 -0.0196193 -0.0226561 -0.0252641 -0.0274165 -0.0291192 -0.0303676 -0.0311457 -0.0315159 -0.0314455 -0.0309681 -0.0301206 -0.0289056 -0.0273592 -0.0255067 -0.0233125 -0.0207912 -0.0179356 -0.0147648 -0.0113613 -0.00780313 -0.00424393 -0.00085217 0.00215399 0.00455225 0.00611291 0.00666886 0.00610684 0.00447483 0.00186462 -0.00151541 -0.00542626 -0.00953781 -0.0135439 -0.0171773 -0.0202246 -0.0224638 -0.0238332 -0.0243256 -0.0240252 -0.0230609 -0.0215964 -0.0197973 -0.0178601 -0.0159082 -0.0141086 -0.0125822 -0.0113801 -0.0105565 -0.0101788 -0.0102113 -0.0106627 -0.0115195 -0.0127053 -0.0141254 -0.0157024 -0.0172827 -0.018724 -0.0198369 -0.0204412 -0.0203533 -0.0194343 -0.0176032 -0.014898 -0.0113528 -0.00711608 -0.00239872 0.00251573 0.00736722 0.0118835 0.0158304 0.0189885 0.0213077 0.022777 0.023509 0.0236737 0.023479 0.0231264 0.0228163 0.022658 0.0227697 0.0231814 0.0238932 0.0248731 0.0260218 0.0272673 0.0285211 0.029692 0.0307371 0.0315869 0.0321505 0.0324143 0.0322939 0.0317778 0.0308548 0.0294905 0.0276592 0.0253636 0.0225934 0.019381 0.0157659 0.0117868 0.00748995 0.00292513 -0.00183108 -0.00672662 -0.0116842 -0.0166228 -0.0214557 -0.0261115 -0.0304853 -0.0345145 -0.0381352 -0.0412506 -0.0438154 -0.0457707 -0.0471 -0.0477925 -0.0478522 -0.0473235 -0.0462137 -0.044583 -0.0425032 -0.0400317 -0.0372733 -0.0343112 -0.0312418 -0.0281414 -0.0250706 -0.0221152 -0.0193035 -0.0166825 -0.0142953 -0.0121452 -0.0102572 -0.00860993 -0.00721513 -0.00604644 -0.00506038 -0.00426263 -0.003604 -0.003084 -0.00265981 -0.00232696 -0.00208547 -0.00188818 -0.00175501 -0.00164969 -0.00159314 
0 0.000100406 0.000207166 0.000345256 0.000505517 0.00072518 0.00100311 0.00135793 0.00180167 0.00234649 0.00303499 0.00386189 0.00486708 0.00607371 0.00751416 0.00919374 0.0111185 0.0133159 0.0157599 0.0184285 0.021289 0.0243369 0.0274967 0.0307109 0.0339135 0.0370329 0.0399788 0.0426394 0.044979 0.0468811 0.0483217 0.0492428 0.0496149 0.0494171 0.0486223 0.0472803 0.0453688 0.0429477 0.0400722 0.0367829 0.0331225 0.0291663 0.024957 0.0205761 0.0160737 0.0115317 0.00699329 0.00247943 -0.00191222 -0.00619389 -0.0102808 -0.0141258 -0.017686 -0.020931 -0.0238094 -0.026308 -0.0283922 -0.0300474 -0.0312551 -0.0320272 -0.032368 -0.0322608 -0.0317485 -0.0308113 -0.029475 -0.0277363 -0.0256088 -0.0230588 -0.0201223 -0.0168118 -0.0131973 -0.00938626 -0.00556196 -0.00188484 0.00136651 0.00394282 0.00563562 0.00624029 0.00567382 0.00396536 0.00118755 -0.00241287 -0.00653421 -0.0109226 -0.015214 -0.0190914 -0.0223145 -0.0247014 -0.0261609 -0.0267028 -0.0263558 -0.025295 -0.0236883 -0.0217265 -0.0196074 -0.0175183 -0.0155639 -0.0138868 -0.0125658 -0.0116784 -0.0112395 -0.011277 -0.0117673 -0.012677 -0.0139287 -0.015483 -0.017188 -0.0188982 -0.0204442 -0.021625 -0.0222218 -0.0220995 -0.0210812 -0.0190981 -0.0161328 -0.0122506 -0.00763932 -0.00253295 0.00285845 0.00818226 0.013141 0.017509 0.0210617 0.0237063 0.0254572 0.0263846 0.0266908 0.026609 0.0263195 0.0260451 0.0259165 0.0260275 0.0264166 0.0271051 0.0280123 0.0290836 0.030211 0.0312996 0.0322494 0.0330282 0.0335324 0.0337366 0.0335902 0.0330453 0.0320913 0.0307147 0.0289142 0.0266839 0.0240406 0.0210031 0.0175966 0.0138489 0.00984772 0.00557965 0.00114854 -0.00341957 -0.00809046 -0.0127961 -0.0174851 -0.0220865 -0.0265376 -0.0307595 -0.0346898 -0.0382754 -0.0414572 -0.044147 -0.0463414 -0.0479498 -0.0489678 -0.0493897 -0.0492235 -0.0484923 -0.0471982 -0.0454303 -0.0432132 -0.040638 -0.0377839 -0.0347462 -0.0316029 -0.0284412 -0.0253406 -0.022337 -0.0194938 -0.0168511 -0.0144559 -0.0122913 -0.0103876 -0.00874991 -0.00735152 -0.00617274 -0.0051837 -0.00439386 -0.00374168 -0.00320882 -0.00278849 -0.00246571 -0.00222602 -0.0020308 -0.00190451 -0.00182754 
0 0.000139786 0.000297498 0.000479619 0.000706596 0.00098669 0.001345 0.00179165 0.00234006 0.0030211 0.00385675 0.00486708 0.00607426 0.0075161 0.00921619 0.0111611 0.0133603 0.0158257 0.0185272 0.0214215 0.0244711 0.0276666 0.0309236 0.0341581 0.0373139 0.040306 0.0430477 0.0454362 0.0474343 0.0489733 0.0500072 0.0505194 0.0504759 0.0498736 0.0487305 0.0470925 0.0449764 0.0424316 0.0395306 0.0363105 0.0328001 0.0290602 0.025139 0.0210823 0.0169388 0.0127573 0.00854296 0.00433115 0.000181084 -0.00389804 -0.00785566 -0.0116556 -0.0152617 -0.0186443 -0.0217506 -0.0245326 -0.0269647 -0.0290061 -0.0306162 -0.0318216 -0.0325856 -0.0328978 -0.0327786 -0.0321866 -0.0311273 -0.0296052 -0.0275994 -0.0251102 -0.0221561 -0.0187622 -0.0150133 -0.0110268 -0.0069966 -0.00312465 0.000312972 0.0030541 0.00486113 0.00552692 0.00494719 0.00316132 0.000258901 -0.0035224 -0.00788677 -0.0125001 -0.0169954 -0.0210692 -0.024475 -0.0269827 -0.0285076 -0.0290498 -0.0286697 -0.0275259 -0.0257977 -0.02368 -0.0213941 -0.0191153 -0.0170067 -0.015211 -0.0137929 -0.0128185 -0.012339 -0.0123501 -0.0128537 -0.0138299 -0.0151908 -0.0168448 -0.0186609 -0.0204682 -0.0220944 -0.0233259 -0.023948 -0.0237819 -0.0226535 -0.0204807 -0.0172809 -0.0131003 -0.00810838 -0.00255375 0.00327784 0.00905424 0.014471 0.0192711 0.0232095 0.0262024 0.0282457 0.0294222 0.0299185 0.0299554 0.0297387 0.0294922 0.0293498 0.0294211 0.0297457 0.0303286 0.0311138 0.0320147 0.0329407 0.0337834 0.0344349 0.0348552 0.0349629 0.0347178 0.0341209 0.0331166 0.0317031 0.0298879 0.0276644 0.0250577 0.0221142 0.0188586 0.0153234 0.0115458 0.00758055 0.00344374 -0.000800751 -0.005116 -0.00948953 -0.0138744 -0.0182239 -0.0225014 -0.0266669 -0.0306496 -0.0344041 -0.037893 -0.0410527 -0.0438381 -0.0462141 -0.0481017 -0.0494562 -0.050254 -0.050502 -0.0501742 -0.0492841 -0.0478873 -0.0460046 -0.0437061 -0.0410539 -0.0381385 -0.0350413 -0.0318576 -0.0286782 -0.0255392 -0.0225095 -0.019658 -0.0170168 -0.0145957 -0.0124191 -0.010521 -0.00888046 -0.00746303 -0.00627789 -0.00530745 -0.00451406 -0.00385217 -0.00332268 -0.00292376 -0.00260689 -0.002366 -0.00219562 -0.00210275 
0 0.000192824 0.000406619 0.000652154 0.000950735 0.00131224 0.00176346 0.00231937 0.00299912 0.00383607 0.00485412 0.00607371 0.0075161 0.0092165 0.0111869 0.013404 0.0158672 0.0185819 0.0215096 0.0245901 0.0277822 0.0310647 0.0343425 0.0375181 0.04053 0.0433023 0.0457479 0.0477785 0.0493711 0.0504775 0.0510654 0.0511277 0.050651 0.0496555 0.0481867 0.0463068 0.0440376 0.0414284 0.0385546 0.0354521 0.0321443 0.0286818 0.0251016 0.0214315 0.0176957 0.0139172 0.0100846 0.00622219 0.00238242 -0.00143526 -0.00520346 -0.0088967 -0.0124851 -0.0159335 -0.0191808 -0.0221772 -0.0248936 -0.0272811 -0.0292897 -0.0309195 -0.0321214 -0.0328677 -0.0331612 -0.0329549 -0.0322364 -0.0309962 -0.0292078 -0.0268595 -0.0239696 -0.0205728 -0.0167607 -0.012674 -0.00852153 -0.00452005 -0.000959227 0.00188541 0.00377128 0.00448164 0.00390199 0.00205455 -0.00096693 -0.00490837 -0.00945294 -0.0142616 -0.0189496 -0.0231825 -0.0267013 -0.029291 -0.0308626 -0.0314088 -0.0309855 -0.0297524 -0.0278988 -0.0256343 -0.0231888 -0.0207516 -0.0184855 -0.0165399 -0.0150025 -0.0139494 -0.0134286 -0.0134416 -0.0139782 -0.0150038 -0.0164328 -0.0181748 -0.0200872 -0.0219876 -0.0236854 -0.0249547 -0.0255724 -0.0253548 -0.0241247 -0.0217864 -0.0183357 -0.0138315 -0.00846472 -0.00249368 0.00378933 0.0100258 0.0158872 0.0211071 0.0254449 0.0288057 0.0311751 0.0326197 0.0333173 0.0334833 0.033324 0.0330725 0.0328822 0.0328655 0.0330673 0.0334845 0.0340531 0.0346923 0.0353147 0.0358175 0.0361009 0.036116 0.0357828 0.0350703 0.0339884 0.0325066 0.0306375 0.0284022 0.0258082 0.0228934 0.0197182 0.0163175 0.0127248 0.00897937 0.00512696 0.00117748 -0.00281621 -0.0068294 -0.0108584 -0.0148648 -0.018818 -0.0227098 -0.0265278 -0.0302245 -0.0337635 -0.0371115 -0.0402122 -0.0430323 -0.0455428 -0.0476585 -0.0493186 -0.0504873 -0.0511478 -0.0512548 -0.0508027 -0.0498313 -0.0483511 -0.0464092 -0.044053 -0.0413536 -0.0383902 -0.0352641 -0.0320683 -0.0288481 -0.0256816 -0.0226532 -0.0197995 -0.0171338 -0.0146961 -0.0125361 -0.010641 -0.00897981 -0.00756939 -0.00640109 -0.00543503 -0.00462482 -0.00397166 -0.00347113 -0.00307182 -0.00276344 -0.00254655 -0.00242566 
0 0.000258888 0.000535438 0.000860839 0.0012399 0.00170639 0.00227163 0.00296296 0.00380646 0.00482585 0.00606104 0.00751416 0.00921619 0.0111869 0.0134265 0.0159094 0.0186165 0.0215522 0.0246643 0.0278822 0.0311589 0.0344564 0.0376699 0.0406985 0.0434717 0.0459368 0.0480088 0.0496161 0.0507566 0.0513858 0.0515075 0.0511085 0.0502111 0.0488601 0.0471105 0.0450467 0.0426744 0.0400531 0.0372537 0.0343148 0.0312564 0.0281143 0.0249023 0.0216399 0.0183238 0.0149597 0.0115392 0.00805798 0.00457562 0.00106377 -0.00246315 -0.00598746 -0.00948444 -0.0129153 -0.0162159 -0.0193552 -0.0222922 -0.024972 -0.0273394 -0.0293455 -0.0309541 -0.0321157 -0.0328242 -0.0330303 -0.0327015 -0.0317961 -0.0302969 -0.0281626 -0.0254226 -0.0221188 -0.0183393 -0.0142437 -0.0100523 -0.00599168 -0.00237079 0.000515971 0.0024249 0.00312268 0.00250739 0.000591843 -0.0025236 -0.0065888 -0.0112622 -0.0162201 -0.0210587 -0.0254253 -0.0290388 -0.0316965 -0.0332805 -0.0337995 -0.0333101 -0.0319862 -0.0300157 -0.0276187 -0.0250125 -0.0224174 -0.0199903 -0.0178963 -0.0162415 -0.0151143 -0.0145421 -0.014552 -0.015116 -0.016188 -0.0176765 -0.0194959 -0.021478 -0.0234527 -0.0252091 -0.0265162 -0.027125 -0.0268435 -0.0254791 -0.0229536 -0.0192439 -0.0144287 -0.00870313 -0.00233802 0.00438666 0.0110796 0.0174019 0.0230665 0.0278276 0.0315589 0.0342544 0.0359612 0.0368554 0.0371474 0.0370359 0.0367542 0.0364757 0.036307 0.0363081 0.0364807 0.0367434 0.0370382 0.0372684 0.0373455 0.0371873 0.0367449 0.0359371 0.0347588 0.0331983 0.0312623 0.0289714 0.0263567 0.0234514 0.0202994 0.0169625 0.0134856 0.00989762 0.00623742 0.00255986 -0.00114729 -0.00482888 -0.00849408 -0.012144 -0.0157461 -0.0192844 -0.0227658 -0.0262011 -0.0295754 -0.032861 -0.0360255 -0.0390293 -0.0418286 -0.0444193 -0.0467018 -0.0486193 -0.0501308 -0.0511875 -0.0517418 -0.0517492 -0.0512393 -0.0502097 -0.0486865 -0.0467058 -0.0443128 -0.0415765 -0.0385976 -0.0354595 -0.0322218 -0.0289737 -0.0258057 -0.0227755 -0.0198866 -0.0172068 -0.0147892 -0.0126326 -0.0107252 -0.00907015 -0.00769092 -0.00652878 -0.00555454 -0.00476381 -0.00413908 -0.00364756 -0.00325028 -0.00297628 -0.00280941 
0 0.000348649 0.000724362 0.001136 0.0016314 0.00221056 0.00291585 0.00376499 0.00478528 0.00602084 0.00748018 0.00919374 0.0111611 0.013404 0.0159094 0.0186376 0.0215718 0.0246919 0.0279418 0.0312407 0.0345333 0.0377594 0.0408248 0.0436064 0.0460671 0.0481461 0.0497834 0.0509348 0.0515714 0.0517236 0.0513579 0.0505255 0.0492492 0.047587 0.0456328 0.0434223 0.0410049 0.0384127 0.0357268 0.0329882 0.0302093 0.0273931 0.0245651 0.0216984 0.0188082 0.0158766 0.0128686 0.00981012 0.00668503 0.00350755 0.000253427 -0.00305544 -0.00639411 -0.00972018 -0.013005 -0.0161938 -0.0192745 -0.0221727 -0.0248066 -0.0271406 -0.0290983 -0.0306526 -0.0317692 -0.0323918 -0.0324531 -0.0319272 -0.0307398 -0.0288987 -0.0263962 -0.0232793 -0.0196381 -0.0156351 -0.0114756 -0.0074529 -0.00385891 -0.000999536 0.00084739 0.00147921 0.000785584 -0.00122039 -0.00441057 -0.00855823 -0.0133614 -0.018415 -0.0233441 -0.0278061 -0.0315049 -0.0341922 -0.03578 -0.0362498 -0.0356956 -0.0342622 -0.0321648 -0.0296156 -0.0268614 -0.0240924 -0.0215239 -0.0193021 -0.0175436 -0.0163196 -0.0157056 -0.015682 -0.0162483 -0.0173518 -0.0189125 -0.0207885 -0.0228484 -0.0248824 -0.0266831 -0.0279917 -0.0285764 -0.0282003 -0.0266975 -0.0239525 -0.0199913 -0.0148879 -0.00881399 -0.00203047 0.00510068 0.0122423 0.0190376 0.0251577 0.0303446 0.034461 0.0374634 0.0394289 0.0405057 0.040886 0.040806 0.0404658 0.0400437 0.039661 0.0393823 0.0391978 0.0390829 0.0389383 0.0387129 0.0383101 0.0376645 0.036719 0.0354366 0.0337779 0.0317799 0.0294335 0.0267713 0.0238511 0.0206994 0.0173884 0.0139771 0.0104985 0.00697753 0.0034661 -2.36524e-05 -0.00343859 -0.00679579 -0.0100844 -0.0133306 -0.0165274 -0.0196452 -0.0227165 -0.0257619 -0.0287857 -0.0317837 -0.0347346 -0.0375859 -0.0403417 -0.0429414 -0.0453418 -0.0474573 -0.0492484 -0.0506795 -0.0516463 -0.052129 -0.0520894 -0.0515393 -0.0504815 -0.0489309 -0.0469223 -0.044503 -0.0417618 -0.0387737 -0.0356018 -0.0323389 -0.0290996 -0.0259265 -0.0228662 -0.0199664 -0.0173043 -0.0148923 -0.0127114 -0.0108092 -0.00917284 -0.0077958 -0.00662643 -0.00566679 -0.00491286 -0.0042981 -0.00382875 -0.00348296 -0.00327887 
0 0.000468085 0.000951657 0.00149495 0.00210826 0.00284119 0.00370373 0.00473485 0.00596887 0.00742797 0.00914664 0.0111185 0.0133603 0.0158672 0.0186165 0.0215718 0.0246973 0.0279596 0.0312919 0.0346012 0.0378266 0.0408964 0.0437053 0.046172 0.0482315 0.0498742 0.0510359 0.0516845 0.0518302 0.0514762 0.0506751 0.0494428 0.047848 0.045957 0.0438378 0.041554 0.0391283 0.0366163 0.0340863 0.0315728 0.0290741 0.0265935 0.0241124 0.0216468 0.0191707 0.0166568 0.0140841 0.0114151 0.00866841 0.00582164 0.0028623 -0.000190321 -0.00332108 -0.00650059 -0.00967996 -0.0128571 -0.0159747 -0.0189749 -0.0218004 -0.0243602 -0.0266255 -0.0285365 -0.03003 -0.031046 -0.0315032 -0.0313288 -0.0305067 -0.0289878 -0.0267873 -0.0239411 -0.0205236 -0.016702 -0.0127095 -0.00881786 -0.00535499 -0.00263692 -0.000916321 -0.000402713 -0.0011982 -0.00330648 -0.00660734 -0.0108608 -0.0157234 -0.0208637 -0.0258809 -0.0303843 -0.0340778 -0.0367835 -0.0383578 -0.0387924 -0.038156 -0.0366097 -0.034358 -0.0316521 -0.0287241 -0.0258182 -0.0231062 -0.0207517 -0.0188812 -0.0175843 -0.0168885 -0.0168354 -0.0173973 -0.0185181 -0.0201093 -0.0220608 -0.024181 -0.0262727 -0.0280847 -0.0293716 -0.0298792 -0.0293925 -0.0277335 -0.0248189 -0.0205957 -0.0151621 -0.00873288 -0.0015815 0.00599218 0.0135831 0.020815 0.0273575 0.0329574 0.0374428 0.0407708 0.042975 0.0442063 0.0446666 0.044558 0.0440977 0.0434737 0.0427951 0.0421426 0.0415377 0.0409307 0.0403002 0.0395639 0.0386499 0.0375029 0.0360571 0.0342756 0.0321787 0.0297583 0.0270656 0.0241257 0.0209714 0.0176762 0.0142887 0.0108751 0.00747386 0.00409042 0.00075641 -0.00248766 -0.00563172 -0.00864322 -0.011562 -0.0144102 -0.0171883 -0.0199083 -0.0225798 -0.0252435 -0.0279203 -0.0306129 -0.0333082 -0.0359933 -0.0386381 -0.0412272 -0.0436788 -0.0459337 -0.0479589 -0.0496821 -0.0510479 -0.0519622 -0.0524006 -0.05234 -0.0517659 -0.050692 -0.0491163 -0.0470881 -0.0446703 -0.0419203 -0.0389043 -0.0357167 -0.0324625 -0.0292188 -0.0260181 -0.0229442 -0.0200599 -0.0173901 -0.0149574 -0.0127735 -0.0108881 -0.00925844 -0.00787584 -0.0067339 -0.00580759 -0.00508342 -0.00450467 -0.00410387 -0.00384926 
0 0.000596393 0.0012205 0.00189747 0.00267382 0.00357293 0.00463182 0.00588147 0.0073529 0.00907956 0.0110644 0.0133159 0.0158257 0.0185819 0.0215522 0.0246919 0.0279596 0.0313029 0.0346377 0.0378762 0.0409451 0.0437572 0.0462421 0.0483038 0.049928 0.0510812 0.0517337 0.0518841 0.0515146 0.0507158 0.0495004 0.0479465 0.0461035 0.0440332 0.0418303 0.0395105 0.0371437 0.0347634 0.0324256 0.0301541 0.027943 0.0257639 0.0236341 0.0215265 0.0194411 0.0173222 0.0151211 0.012843 0.0104406 0.0079412 0.00530264 0.00253451 -0.000358252 -0.00333173 -0.00637669 -0.00944688 -0.0125203 -0.015538 -0.0184363 -0.0211575 -0.0236374 -0.0258292 -0.0276455 -0.0290142 -0.0298255 -0.0300356 -0.0295567 -0.0283942 -0.026524 -0.0239862 -0.0208678 -0.0173443 -0.0136122 -0.0100033 -0.00679229 -0.00428311 -0.00276695 -0.00243316 -0.00339021 -0.00565006 -0.00906411 -0.013419 -0.0184054 -0.02359 -0.0286134 -0.0331379 -0.0368555 -0.0395241 -0.0410483 -0.041399 -0.040675 -0.0390102 -0.0366351 -0.0337728 -0.0306874 -0.0275952 -0.0247321 -0.0222423 -0.0202628 -0.0188597 -0.0181119 -0.0180094 -0.0185584 -0.0196926 -0.0213336 -0.0233091 -0.0254614 -0.0275553 -0.0293632 -0.0306073 -0.0310512 -0.0304424 -0.0286206 -0.0254578 -0.0209768 -0.0152632 -0.00847791 -0.000894358 0.00707657 0.0150829 0.0227388 0.0296794 0.0356522 0.0404757 0.0440801 0.0465258 0.0479071 0.0483859 0.0482082 0.0475504 0.0466265 0.0455742 0.0444814 0.0433662 0.0422474 0.0410558 0.0397772 0.038331 0.0366733 0.0347326 0.0325084 0.0299903 0.0272316 0.0242678 0.0211304 0.0178613 0.0144977 0.0111139 0.00776198 0.00448331 0.00128365 -0.00180606 -0.00479764 -0.00762032 -0.0103129 -0.012872 -0.0153336 -0.017731 -0.0200615 -0.0223685 -0.0246804 -0.027026 -0.0294173 -0.0318516 -0.0343184 -0.0368399 -0.0393451 -0.0418128 -0.0441528 -0.046332 -0.0483104 -0.0499868 -0.0513154 -0.0521971 -0.0526242 -0.0525543 -0.0519696 -0.0508742 -0.0492842 -0.0472542 -0.0448203 -0.0420419 -0.0390048 -0.0358161 -0.0325483 -0.0292761 -0.0260664 -0.0229993 -0.0201133 -0.017432 -0.0150053 -0.0128488 -0.0109758 -0.00936138 -0.00800762 -0.00690754 -0.00602295 -0.00534467 -0.00484978 -0.00454002 
0 0.000752984 0.00153497 0.00239084 0.00334644 0.00445384 0.00573512 0.00723111 0.00897093 0.0109715 0.0132391 0.0157599 0.0185272 0.0215096 0.0246643 0.0279418 0.0312919 0.0346377 0.0378951 0.0409688 0.0437873 0.0462696 0.0483473 0.049976 0.0511154 0.0517663 0.0519056 0.0515519 0.0507267 0.0495035 0.0479552 0.0461284 0.0440918 0.0419093 0.039662 0.0373803 0.0351237 0.0329221 0.0308056 0.0287823 0.0268374 0.0249611 0.0231343 0.0213665 0.0196204 0.0178355 0.0159839 0.0140443 0.0119932 0.00983403 0.00752082 0.00505171 0.00242722 -0.000316453 -0.00314371 -0.00605573 -0.00900306 -0.0119543 -0.0148669 -0.0176492 -0.0202577 -0.0226365 -0.0246797 -0.0263233 -0.0274557 -0.0279914 -0.0278725 -0.0270619 -0.0255488 -0.0233704 -0.0206177 -0.0174566 -0.014102 -0.0108493 -0.00798958 -0.00582169 -0.00461488 -0.0045458 -0.00573087 -0.00818436 -0.0117629 -0.0162365 -0.021285 -0.0265361 -0.0316153 -0.0361312 -0.0397902 -0.0424121 -0.043868 -0.0441324 -0.0433 -0.0415131 -0.0389908 -0.0359817 -0.0327359 -0.0294878 -0.0264502 -0.0237936 -0.02167 -0.0201715 -0.0193529 -0.0192272 -0.0197694 -0.0209025 -0.0225323 -0.0245125 -0.0266628 -0.028755 -0.030528 -0.0317114 -0.0320502 -0.0312956 -0.029287 -0.025919 -0.0211532 -0.0150934 -0.00795914 -2.96776e-05 0.0083345 0.0167418 0.0247797 0.0320816 0.0383933 0.0435231 0.047383 0.0500007 0.0514594 0.0519218 0.0515971 0.0506839 0.0494042 0.0479147 0.0463201 0.0446679 0.0429625 0.0411924 0.0393302 0.0373356 0.0351833 0.0327998 0.0301869 0.0273555 0.0243269 0.0211756 0.0179319 0.0146111 0.0112793 0.00796826 0.00473507 0.00162502 -0.00135723 -0.00419263 -0.00688338 -0.00940098 -0.0117613 -0.0139908 -0.0161091 -0.0181476 -0.020141 -0.0221087 -0.0241059 -0.0261565 -0.0282687 -0.0304403 -0.0326869 -0.0350214 -0.0374093 -0.0398192 -0.0421822 -0.0444643 -0.0466054 -0.0485525 -0.050215 -0.0515134 -0.0524054 -0.0528287 -0.0527534 -0.0521497 -0.0510403 -0.049445 -0.0473922 -0.0449323 -0.0421348 -0.039088 -0.0358808 -0.0325939 -0.0293119 -0.0261089 -0.0230369 -0.0201508 -0.0174786 -0.0150727 -0.0129365 -0.0110798 -0.00950383 -0.00819384 -0.00715257 -0.00633701 -0.0057546 -0.00537591 
