0 0 0 0 0 0 0 0 0 0 0 0 0 0 0 0 0 0 0 0 0 0 0 0 0 0 0 0 0 0 0 0 0 0 0 0 0 0 0 0 0 0 0 0 0 0 0 0 0 0 0 0 0 0 0 0 0 0 0 0 0 0 0 0 0 0 0 0 0 0 0 0 0 0 0 0 0 0 0 0 0 0 0 0 0 0 0 0 0 0 0 0 0 0 0 0 0 0 0 0 0 0 0 0 0 0 0 0 0 0 0 0 0 0 0 0 0 0 0 0 0 0 0 0 0 0 0 0 0 0 0 0 0 0 0 0 0 0 0 0 0 0 0 0 0 0 0 0 0 0 0 0 0 0 0 0 0 0 0 0 0 0 0 0 0 0 0 0 0 0 0 0 0 0 0 0 0 0 0 0 0 0 0 0 0 0 0 0 0 0 0 0 0 0 0 0 0 0 0 0 
0 1.13252e-05 1.19695e-05 1.56978e-05 1.7547e-05 2.62528e-05 2.33138e-05 2.40991e-05 2.78322e-05 2.49047e-05 2.12584e-05 1.54787e-05 2.17626e-05 2.43165e-05 2.87255e-05 3.22222e-05 3.89479e-05 4.94206e-05 6.46942e-05 8.73514e-05 0.000107493 0.000142325 0.000182257 0.0002365 0.000295489 0.000378288 0.000489654 0.000610718 0.000760723 0.000936933 0.00115831 0.00141172 0.00170732 0.00205375 0.00244823 0.00289438 0.00338904 0.00391028 0.00444468 0.00499006 0.00551464 0.0060129 0.00644907 0.0068326 0.00713412 0.00733127 0.00741788 0.00734983 0.00712424 0.0067416 0.00620196 0.00551692 0.00471429 0.00381113 0.00285249 0.00185293 0.000857806 -0.000117257 -0.00104401 -0.00187354 -0.00258223 -0.00314123 -0.00352831 -0.00375161 -0.00383081 -0.00377164 -0.00361616 -0.00339023 -0.00312938 -0.002871 -0.00266719 -0.00253009 -0.00249337 -0.00255904 -0.00270302 -0.0029038 -0.00313434 -0.00334273 -0.00351821 -0.00363543 -0.0036743 -0.00365218 -0.0035611 -0.00339181 -0.00316904 -0.00290495 -0.00260569 -0.00229607 -0.00198385 -0.00169562 -0.00144688 -0.00122712 -0.00102848 -0.000869415 -0.000733192 -0.000607426 -0.000497637 -0.000411127 -0.000330463 -0.000274048 -0.00024903 -0.000237763 -0.000224945 -0.00022815 -0.000236294 -0.000250229 -0.00028692 -0.000357129 -0.000442095 -0.000556484 -0.000705312 -0.000871363 -0.00103775 -0.00120352 -0.0013526 -0.00148548 -0.00157873 -0.00160542 -0.00156029 -0.0014187 -0.00114634 -0.000747856 -0.000224318 0.000411705 0.00111711 0.00187007 0.00263351 0.00337074 0.00405915 0.00467804 0.00519277 0.00560204 0.00589069 0.00606272 0.00612407 0.00609666 0.00596983 0.0057578 0.0054541 0.00504129 0.00451736 0.00388493 0.00312651 0.00226856 0.001329 0.000320086 -0.000709639 -0.00174903 -0.00276513 -0.00373843 -0.00463463 -0.00542048 -0.00606842 -0.00656443 -0.00688789 -0.00706821 -0.00709606 -0.00698432 -0.00676797 -0.00644909 -0.0060612 -0.00560938 -0.00511777 -0.00459515 -0.00406877 -0.00356206 -0.0030875 -0.00263972 -0.00223792 -0.00188561 -0.0015739 -0.00131214 -0.00108154 -0.000891818 -0.000726332 -0.000596715 -0.000490733 -0.000397974 -0.000330361 -0.000284405 -0.000255256 -0.000224033 -0.000206136 -0.000195634 -0.000191647 -0.000181512 -0.000175383 -0.000175493 -0.000169529 -0.000168728 -0.000160536 -0.000162622 -0.000158644 -0.000156867 -0.000158818 -0.00015503 -0.000161969 -0.000159706 -0.000164634 -0.000163688 
0 1.19695e-05 1.16591e-05 6.78028e-06 1.66955e-05 2.74638e-05 2.58635e-05 3.2309e-05 4.28538e-05 5.23871e-05 5.14622e-05 5.17334e-05 6.73626e-05 7.33404e-05 8.15572e-05 8.7255e-05 9.51226e-05 0.000114415 0.000134702 0.000172687 0.000211006 0.000269501 0.000361721 0.000462074 0.000595502 0.000766403 0.00099024 0.00125478 0.00154816 0.00192672 0.00236929 0.00288756 0.00349024 0.00417581 0.00496907 0.00584508 0.00681737 0.00784066 0.00888909 0.00995538 0.0109982 0.0119651 0.0128311 0.013569 0.0141353 0.0145039 0.0146231 0.0144668 0.0139956 0.0132338 0.0121807 0.0108535 0.00928528 0.00753831 0.00564971 0.00369045 0.00174033 -0.000182817 -0.00198228 -0.00360273 -0.00498476 -0.00607549 -0.00683864 -0.00730119 -0.00745316 -0.0073625 -0.00705741 -0.00661887 -0.00612436 -0.00564384 -0.00526766 -0.00504867 -0.00499938 -0.00513892 -0.00543333 -0.00581743 -0.0062708 -0.00669734 -0.00705818 -0.00731143 -0.00742465 -0.00736009 -0.00715458 -0.00680303 -0.00635082 -0.00579774 -0.00520062 -0.00458392 -0.00399821 -0.00342987 -0.00291084 -0.0024506 -0.00207541 -0.00172969 -0.00143504 -0.00118903 -0.000987406 -0.000806475 -0.000687509 -0.000588211 -0.000502831 -0.000440032 -0.000427982 -0.000419606 -0.000444482 -0.000501877 -0.000591269 -0.000702897 -0.000891574 -0.00112436 -0.00139646 -0.00169164 -0.00203252 -0.00236965 -0.0026916 -0.00295307 -0.00314273 -0.00320202 -0.00310569 -0.00277257 -0.00221595 -0.00141654 -0.000374604 0.000877067 0.00226348 0.0037704 0.00528965 0.00676928 0.0081586 0.00937596 0.0103854 0.0111762 0.0117158 0.0120291 0.0121402 0.0120465 0.0117834 0.0113275 0.0106943 0.00985582 0.0088128 0.0075556 0.00608765 0.00440214 0.00256482 0.000588795 -0.00145229 -0.0034932 -0.00549481 -0.00740239 -0.00914691 -0.0106731 -0.0119449 -0.012903 -0.0135651 -0.0139278 -0.0140084 -0.0138189 -0.0134041 -0.0128012 -0.0120446 -0.0111631 -0.0102019 -0.00917656 -0.00813479 -0.00714474 -0.00619143 -0.00531449 -0.00451212 -0.00380827 -0.00320057 -0.00266405 -0.00221963 -0.00182928 -0.00150238 -0.00124384 -0.00102342 -0.000842034 -0.000694682 -0.000596091 -0.000525703 -0.000452699 -0.000407422 -0.000381776 -0.00036481 -0.000348587 -0.000332963 -0.000336114 -0.000332338 -0.000328404 -0.000329262 -0.000328206 -0.000332936 -0.000329777 -0.000330238 -0.000330538 -0.000327419 -0.000332047 -0.000327805 -0.00032646 
0 1.56978e-05 6.78028e-06 1.17573e-05 1.96159e-05 4.12633e-05 3.51396e-05 4.02891e-05 6.00099e-05 7.10505e-05 7.9944e-05 8.15863e-05 0.000105598 0.000116485 0.000129674 0.000141473 0.000161333 0.000187953 0.000223061 0.000276291 0.000330456 0.000430872 0.000559535 0.000733891 0.000933943 0.00120393 0.00155695 0.0019497 0.00242572 0.00298731 0.00367612 0.00446321 0.00536988 0.00641371 0.00758687 0.00889101 0.0103166 0.0118084 0.0133333 0.0148845 0.0163806 0.0177912 0.0190193 0.020068 0.0208563 0.0213254 0.0214583 0.0211635 0.0204433 0.019312 0.0177734 0.0158487 0.0135959 0.0110553 0.00833712 0.00549818 0.00266896 -9.19859e-05 -0.00269785 -0.00502764 -0.00702152 -0.00861078 -0.00973982 -0.0104211 -0.0106924 -0.0105714 -0.0101663 -0.0095662 -0.00888634 -0.00824103 -0.00776809 -0.00749665 -0.00749179 -0.00774746 -0.00820029 -0.00879752 -0.0094804 -0.0101222 -0.0106813 -0.0110742 -0.0112267 -0.0111552 -0.0108417 -0.0102799 -0.00955527 -0.00872467 -0.00782503 -0.00691914 -0.00602316 -0.00518366 -0.00442774 -0.0037347 -0.00309968 -0.00257582 -0.00214165 -0.00177391 -0.00147665 -0.00124937 -0.00103847 -0.000870819 -0.000760864 -0.000679357 -0.00060968 -0.000602233 -0.000640396 -0.000722573 -0.000872494 -0.00109735 -0.00134984 -0.00166116 -0.00205305 -0.00250363 -0.00298738 -0.00349605 -0.00397718 -0.00440121 -0.00468418 -0.00474032 -0.00454844 -0.00405336 -0.00319219 -0.00198425 -0.000435095 0.00142708 0.00350287 0.00573684 0.00801745 0.0102261 0.0122725 0.0140742 0.0155357 0.0166559 0.0174093 0.0178204 0.0179129 0.0177357 0.0172662 0.0165375 0.0155447 0.0142621 0.0126978 0.0108599 0.00870269 0.0062716 0.00360264 0.000727001 -0.00222567 -0.00520042 -0.00809724 -0.0108514 -0.0133721 -0.0155819 -0.0174198 -0.0188517 -0.019832 -0.0204188 -0.0205826 -0.0203464 -0.0197918 -0.0189343 -0.0178625 -0.0166023 -0.0152198 -0.0137426 -0.0122422 -0.0107834 -0.00939795 -0.00808413 -0.00689317 -0.00584092 -0.00491024 -0.00411873 -0.00342413 -0.00284337 -0.00234022 -0.00194015 -0.00160901 -0.0013186 -0.00109409 -0.000928586 -0.000809395 -0.000693273 -0.000619084 -0.000574534 -0.000552686 -0.000522853 -0.000506267 -0.000508716 -0.000500109 -0.000503385 -0.000491744 -0.000501856 -0.000498157 -0.000496803 -0.000500578 -0.000489666 -0.0004995 -0.000489955 -0.000496637 -0.000489161 
0 1.7547e-05 1.66955e-05 1.96159e-05 4.17003e-05 6.17414e-05 5.74224e-05 6.27313e-05 8.12432e-05 0.000100255 0.000106334 0.000110434 0.000134373 0.000145218 0.000161125 0.00018162 0.000211585 0.000261035 0.000315562 0.000399516 0.000495479 0.000636484 0.000839024 0.00107073 0.00136176 0.00172897 0.00219852 0.0027522 0.00338622 0.00417622 0.00510579 0.00618332 0.00741863 0.00880928 0.010374 0.0120749 0.0139143 0.0158239 0.0177627 0.0197169 0.0216159 0.023369 0.0249123 0.0261902 0.0271212 0.027653 0.0277181 0.0272766 0.026294 0.0248118 0.0228364 0.0203889 0.0175163 0.0143105 0.0108501 0.00726199 0.00369288 0.00020228 -0.00306127 -0.00599833 -0.00852129 -0.0105467 -0.0120143 -0.0129468 -0.0133329 -0.013261 -0.0128013 -0.0121006 -0.0113129 -0.0105821 -0.0100658 -0.00984572 -0.00994142 -0.0103626 -0.0110417 -0.0118757 -0.0128102 -0.0136915 -0.0144371 -0.0149578 -0.0151789 -0.015044 -0.0145968 -0.0138501 -0.0128921 -0.0117591 -0.010549 -0.00931766 -0.00813559 -0.0069981 -0.0059504 -0.00500933 -0.00421013 -0.00349742 -0.00289678 -0.0024021 -0.00200225 -0.00166211 -0.00141474 -0.00120619 -0.00102835 -0.000892173 -0.000835615 -0.000814635 -0.000864478 -0.000985579 -0.0011761 -0.00142207 -0.00178171 -0.00221964 -0.00273242 -0.00330191 -0.00395069 -0.00461175 -0.00524506 -0.00576528 -0.0061176 -0.00619447 -0.00593657 -0.0052277 -0.00407198 -0.00245268 -0.000377462 0.00209591 0.00484661 0.00781706 0.0108212 0.0137289 0.0164167 0.0187315 0.0205946 0.0219874 0.0228795 0.0233214 0.0233621 0.0230132 0.0223188 0.0212613 0.0198691 0.0181235 0.0160419 0.0136237 0.0108628 0.00774961 0.00436122 0.000724123 -0.00303687 -0.00680336 -0.0104872 -0.0139856 -0.0171853 -0.0200001 -0.0223721 -0.0242218 -0.0255584 -0.0263752 -0.0266742 -0.0264644 -0.0258129 -0.0247835 -0.0234488 -0.0218729 -0.0201352 -0.0182725 -0.0163656 -0.0145138 -0.0127118 -0.0110132 -0.00943721 -0.00802593 -0.0067827 -0.00568286 -0.00474734 -0.00393211 -0.00324598 -0.00269617 -0.00223353 -0.00184821 -0.00153372 -0.00130779 -0.00113757 -0.000978897 -0.000872844 -0.000806814 -0.000762188 -0.000720597 -0.000687152 -0.000683009 -0.000672852 -0.000664763 -0.000661154 -0.0006595 -0.00066387 -0.000660762 -0.0006612 -0.000659697 -0.000656578 -0.000660536 -0.000657846 -0.00065459 
0 2.62528e-05 2.74638e-05 4.12633e-05 6.17414e-05 8.79473e-05 8.37458e-05 8.64624e-05 0.00010675 0.000121152 0.000128434 0.000131499 0.000157255 0.000175091 0.000199319 0.000232035 0.000283128 0.000351983 0.000439108 0.000557755 0.000697648 0.000902534 0.00116307 0.00148469 0.00186292 0.00234653 0.00295949 0.00366899 0.00451367 0.00552035 0.00672122 0.00809337 0.00964925 0.0113968 0.0133217 0.0154031 0.0176163 0.0198908 0.0221821 0.0244711 0.0266628 0.0286839 0.0304188 0.0318317 0.0328243 0.0333242 0.0332965 0.0326625 0.0314228 0.0296076 0.0272308 0.0243185 0.0209397 0.0171694 0.013142 0.00896912 0.0048158 0.000773045 -0.00303458 -0.00646515 -0.00942616 -0.0118237 -0.0135861 -0.014718 -0.0152543 -0.015243 -0.0148144 -0.0141139 -0.0133149 -0.0125911 -0.0121297 -0.0120024 -0.0122757 -0.0129374 -0.0138944 -0.0150416 -0.0162698 -0.0174 -0.018337 -0.0189676 -0.0192024 -0.0190393 -0.0184797 -0.0175382 -0.0163194 -0.0149052 -0.0133711 -0.0118076 -0.0102736 -0.00883177 -0.0075263 -0.00635398 -0.00531544 -0.00443568 -0.00369411 -0.00306364 -0.00253931 -0.00211529 -0.00175658 -0.00147676 -0.00128302 -0.00114817 -0.00105808 -0.00104036 -0.00108813 -0.00120863 -0.00142858 -0.00175975 -0.00218158 -0.00271194 -0.00335871 -0.00409153 -0.00487519 -0.00567098 -0.00641202 -0.0070364 -0.00743609 -0.00749051 -0.00713231 -0.0062622 -0.0048059 -0.00276661 -0.000163294 0.00293425 0.00637493 0.01004 0.0137395 0.0172871 0.0205266 0.0233113 0.0255142 0.0271139 0.0280872 0.028481 0.0283529 0.0277688 0.0267425 0.0253155 0.0235013 0.0212922 0.0187103 0.0157691 0.0124361 0.00874555 0.00474416 0.000476861 -0.00391013 -0.00831863 -0.0126238 -0.0167234 -0.0204934 -0.0238326 -0.0266618 -0.0289248 -0.0305801 -0.0316595 -0.0321265 -0.0319928 -0.0313384 -0.0302086 -0.0287127 -0.0269157 -0.0249094 -0.0227459 -0.0205181 -0.0183128 -0.0161643 -0.0140924 -0.0121587 -0.0104007 -0.00882035 -0.00743368 -0.0062166 -0.00517501 -0.00428524 -0.00356422 -0.00296523 -0.00245338 -0.00204495 -0.00173625 -0.0015028 -0.00129716 -0.00115285 -0.00105748 -0.000992947 -0.000930002 -0.000886992 -0.000871878 -0.00085359 -0.00084448 -0.000826981 -0.000827074 -0.000821173 -0.000819184 -0.00082109 -0.000813122 -0.000820545 -0.000816376 -0.000824179 -0.000820259 
0 2.33138e-05 2.58635e-05 3.51396e-05 5.74224e-05 8.37458e-05 8.86638e-05 9.86741e-05 0.000125268 0.000148066 0.000161535 0.000174993 0.000208114 0.000238115 0.00027225 0.000318098 0.000382957 0.000474203 0.000589534 0.000745267 0.000939792 0.0012043 0.00154663 0.00195676 0.00245273 0.00307267 0.00384415 0.00475249 0.00581705 0.00708488 0.00856545 0.010247 0.0121291 0.0142082 0.0164709 0.0188824 0.0214098 0.0239834 0.026552 0.0290811 0.0314808 0.033646 0.0354766 0.0369077 0.037854 0.0382509 0.0380493 0.0371987 0.0356921 0.0335661 0.0308456 0.0275647 0.0237929 0.01963 0.0151947 0.0106218 0.00606264 0.00161492 -0.00258083 -0.0063829 -0.0096761 -0.0123531 -0.014345 -0.0156593 -0.016327 -0.01643 -0.0160903 -0.0154738 -0.0147681 -0.0141639 -0.0138515 -0.0139372 -0.0144711 -0.0154406 -0.0167439 -0.0182422 -0.0197957 -0.0212132 -0.0223615 -0.0231229 -0.0234086 -0.0231907 -0.0224945 -0.0213601 -0.0198859 -0.0181599 -0.0162913 -0.0143838 -0.0125241 -0.0107671 -0.00916544 -0.00774001 -0.00650031 -0.00542754 -0.00451263 -0.00373874 -0.00309322 -0.00256103 -0.00213682 -0.00180201 -0.00154885 -0.0013706 -0.00127192 -0.00124529 -0.00129867 -0.00144174 -0.00168941 -0.00205328 -0.00255537 -0.00319151 -0.00395029 -0.0048023 -0.00572069 -0.00664254 -0.00749363 -0.00818394 -0.00861011 -0.0086443 -0.00818021 -0.00709413 -0.00532603 -0.00286344 0.000265267 0.00395986 0.00805129 0.0123799 0.0167173 0.0208528 0.0246 0.0277751 0.0302504 0.0319782 0.0329387 0.0331883 0.0328096 0.0318794 0.0304627 0.0286048 0.0263406 0.023675 0.0206276 0.0172064 0.0133984 0.00922309 0.00473901 1.97804e-06 -0.00486005 -0.00972951 -0.0144979 -0.0190509 -0.0232605 -0.0270173 -0.0302341 -0.032839 -0.0348079 -0.0361422 -0.0368186 -0.03684 -0.0362644 -0.0351543 -0.0336005 -0.0316876 -0.0295067 -0.0271249 -0.0246422 -0.022155 -0.0196975 -0.0173112 -0.0150505 -0.0129651 -0.0110738 -0.00938329 -0.00789724 -0.00660425 -0.00550228 -0.00459427 -0.0038326 -0.00318832 -0.0026613 -0.00225584 -0.00193784 -0.00166796 -0.00146791 -0.0013279 -0.00122634 -0.00113966 -0.00107903 -0.00105116 -0.00103025 -0.00101579 -0.00100215 -0.000997743 -0.000994738 -0.00099402 -0.000994514 -0.000990615 -0.000991814 -0.000990576 -0.000990867 -0.000985084 
0 2.40991e-05 3.2309e-05 4.02891e-05 6.27313e-05 8.64624e-05 9.86741e-05 0.00011433 0.000143994 0.000171459 0.000190339 0.000214955 0.000255758 0.000301771 0.000351649 0.0004176 0.000506698 0.000629711 0.000786493 0.000990016 0.00125055 0.00158821 0.00202264 0.00254211 0.00317644 0.00395738 0.00491048 0.00603759 0.00734666 0.00888743 0.0106561 0.0126444 0.0148384 0.0172248 0.0197866 0.0224819 0.0252653 0.0280682 0.0308314 0.0335007 0.0359895 0.0381772 0.0399788 0.0413163 0.0421236 0.0423455 0.0419273 0.040839 0.0390723 0.0366672 0.0336623 0.0301051 0.026069 0.0216644 0.0169973 0.0122059 0.00741695 0.00273714 -0.00169131 -0.00572542 -0.00923105 -0.0120955 -0.0142551 -0.0157167 -0.0165179 -0.0167587 -0.0165622 -0.0161065 -0.0155881 -0.0152123 -0.0151645 -0.0155696 -0.0164651 -0.0178252 -0.0195373 -0.0214395 -0.0233598 -0.0251025 -0.0264999 -0.0274223 -0.0277782 -0.0275249 -0.0266932 -0.0253453 -0.0235891 -0.0215416 -0.019337 -0.0170886 -0.0148999 -0.0128315 -0.0109342 -0.00923497 -0.00775033 -0.0064603 -0.00536447 -0.00444761 -0.00368793 -0.00305841 -0.00255637 -0.00215388 -0.00183925 -0.00161117 -0.00147928 -0.00143164 -0.00148648 -0.001655 -0.00194536 -0.00236117 -0.00292804 -0.00363732 -0.00447975 -0.00543194 -0.00646235 -0.00749602 -0.00845051 -0.0092093 -0.00964876 -0.00962927 -0.0090213 -0.00769958 -0.00560696 -0.00272463 0.000904397 0.00515795 0.00985594 0.0147944 0.0197171 0.0243801 0.0285601 0.0320476 0.0347066 0.0364685 0.0373258 0.0373434 0.0366285 0.0352811 0.0334082 0.0310766 0.0283422 0.0252281 0.0217528 0.0179182 0.0137237 0.00918087 0.00434901 -0.000701761 -0.00586424 -0.0110183 -0.0160727 -0.0209169 -0.0254294 -0.0294966 -0.033022 -0.0359235 -0.0381802 -0.0397715 -0.0406842 -0.040917 -0.0405065 -0.0395208 -0.0380297 -0.0361223 -0.0338804 -0.031384 -0.0287359 -0.0260368 -0.0233328 -0.0206803 -0.0181326 -0.015747 -0.0135566 -0.0115683 -0.0098023 -0.00824511 -0.00690995 -0.00578896 -0.00484238 -0.00404375 -0.00338262 -0.00286203 -0.00244344 -0.00209787 -0.00183087 -0.00163783 -0.00149409 -0.00138074 -0.00129984 -0.0012527 -0.00122279 -0.00119871 -0.00118389 -0.00117378 -0.00116955 -0.00116675 -0.00116312 -0.00116034 -0.00115731 -0.00115909 -0.00115622 -0.00115181 
0 2.78322e-05 4.28538e-05 6.00099e-05 8.12432e-05 0.00010675 0.000125268 0.000143994 0.000173231 0.000197706 0.000220956 0.000252148 0.000296366 0.000357081 0.000426341 0.000518303 0.000647321 0.000813739 0.00103434 0.00130522 0.00164959 0.00208907 0.00262565 0.00328708 0.00407525 0.00504046 0.00619861 0.00755021 0.00913107 0.0109391 0.0130015 0.0152843 0.0177667 0.0204365 0.0232506 0.0261801 0.0291531 0.032102 0.03496 0.0376574 0.0400975 0.0421909 0.0438361 0.0449814 0.0455737 0.0455542 0.0448967 0.0435553 0.041551 0.0389154 0.0357012 0.0319666 0.0277996 0.0232812 0.018543 0.0136912 0.00883586 0.00410799 -0.000386297 -0.00449026 -0.00807331 -0.0110317 -0.0133063 -0.014883 -0.0158341 -0.0162218 -0.0162092 -0.0159685 -0.0157079 -0.0156498 -0.0159801 -0.0168025 -0.0181678 -0.0200125 -0.0222036 -0.0245796 -0.0269236 -0.0290361 -0.0307287 -0.0318474 -0.0322809 -0.0320188 -0.0310637 -0.0295022 -0.0274606 -0.0251065 -0.0225622 -0.0199739 -0.0174315 -0.0150379 -0.0128368 -0.0108556 -0.00908985 -0.00758405 -0.00630473 -0.00523039 -0.00433897 -0.00362049 -0.0030127 -0.00252817 -0.00215814 -0.00188812 -0.00169716 -0.00163311 -0.00168255 -0.00185833 -0.00217735 -0.00266071 -0.00327122 -0.00403789 -0.00495325 -0.00599892 -0.00710919 -0.00823216 -0.00925427 -0.0100694 -0.0105038 -0.0104063 -0.00963103 -0.00808176 -0.00565709 -0.00236642 0.00173031 0.00650194 0.0117582 0.0172381 0.0226867 0.0278044 0.0323241 0.0360373 0.0387736 0.0404649 0.0411316 0.0408455 0.0397307 0.0379398 0.0355681 0.0327434 0.029523 0.0259605 0.0220849 0.0179081 0.0134158 0.00864409 0.0036119 -0.00159549 -0.00688284 -0.0121643 -0.017338 -0.0223189 -0.0269994 -0.0312662 -0.0350109 -0.0381695 -0.0406779 -0.0425342 -0.0437034 -0.0441891 -0.0440217 -0.0432436 -0.0419283 -0.0401427 -0.0379574 -0.0354602 -0.0327534 -0.0299225 -0.027056 -0.0241898 -0.0214058 -0.0187548 -0.0162734 -0.0140044 -0.0119384 -0.0101113 -0.00851798 -0.00715685 -0.00600788 -0.00502955 -0.00422649 -0.0035743 -0.00304491 -0.00261499 -0.00227059 -0.00201347 -0.00181957 -0.00166736 -0.00155862 -0.00148001 -0.00142819 -0.00139142 -0.00136228 -0.00135092 -0.00133879 -0.00133513 -0.00133047 -0.00132342 -0.0013266 -0.00132268 -0.00132515 -0.00132025 
0 2.49047e-05 5.23871e-05 7.10505e-05 0.000100255 0.000121152 0.000148066 0.000171459 0.000197706 0.000229062 0.000261325 0.00030578 0.000358694 0.000437404 0.000530697 0.000660312 0.00082745 0.00105467 0.00134098 0.00169338 0.00214441 0.00268777 0.00336944 0.00417437 0.00515815 0.00633135 0.00770948 0.00933019 0.0111714 0.0132764 0.0156102 0.0181717 0.0209215 0.0238222 0.0268476 0.0299411 0.0330224 0.036025 0.0388704 0.0414672 0.0437584 0.0456208 0.0470287 0.0478894 0.0481865 0.0478887 0.0469352 0.0453472 0.0431251 0.0403153 0.0369803 0.0331865 0.0289923 0.0245137 0.0198197 0.0150537 0.0102935 0.00566041 0.00127637 -0.00274904 -0.0062866 -0.00923615 -0.0115514 -0.0132252 -0.0142793 -0.0148378 -0.0150201 -0.0150292 -0.0150869 -0.015426 -0.0161975 -0.0175492 -0.0194638 -0.0218736 -0.0246422 -0.0275627 -0.0303959 -0.0329448 -0.034968 -0.0363124 -0.0368813 -0.0366059 -0.035542 -0.0338134 -0.0315343 -0.0288623 -0.0259826 -0.0230328 -0.0201458 -0.0173953 -0.0148494 -0.0125665 -0.0105773 -0.00883568 -0.00734593 -0.00609988 -0.00506264 -0.00419055 -0.00350395 -0.0029462 -0.00248809 -0.00214848 -0.00194778 -0.00184595 -0.00187933 -0.00205979 -0.00238533 -0.00285973 -0.00353234 -0.00437481 -0.0053593 -0.00645983 -0.00764423 -0.00882193 -0.00989338 -0.0106973 -0.0110924 -0.0109243 -0.0100042 -0.00820168 -0.00547596 -0.00180515 0.00273417 0.00797374 0.013721 0.0196834 0.0255572 0.0310341 0.0358135 0.0396334 0.0423597 0.0438942 0.0442855 0.0436319 0.0420912 0.0398014 0.0369411 0.0336037 0.0299001 0.0259099 0.0216749 0.0172096 0.0125412 0.00764945 0.00256572 -0.00263915 -0.00792496 -0.013175 -0.0183382 -0.0233177 -0.0280286 -0.0323701 -0.0362487 -0.0395729 -0.0423217 -0.0444177 -0.0458654 -0.0466526 -0.0467688 -0.0462913 -0.045232 -0.043673 -0.041656 -0.039269 -0.0366024 -0.0337495 -0.030784 -0.0277927 -0.024823 -0.0219473 -0.0192275 -0.0166736 -0.0143455 -0.01223 -0.0103772 -0.0087615 -0.00737445 -0.00620808 -0.00522532 -0.00442645 -0.00376281 -0.00322872 -0.00279215 -0.00245356 -0.00219109 -0.00199171 -0.00184002 -0.00172474 -0.00165007 -0.00158899 -0.00155743 -0.00152923 -0.00151912 -0.00150935 -0.00149831 -0.00149954 -0.00149003 -0.00149746 -0.00149005 -0.00149092 
0 2.12584e-05 5.14622e-05 7.9944e-05 0.000106334 0.000128434 0.000161535 0.000190339 0.000220956 0.000261325 0.00031076 0.000376086 0.000445988 0.000553599 0.0006871 0.000858237 0.00108543 0.00136735 0.00173633 0.00217756 0.00273517 0.00341874 0.00423557 0.00523682 0.00642506 0.0078414 0.00948339 0.0113693 0.0135177 0.0158882 0.0184939 0.0212987 0.024263 0.0273524 0.0305095 0.0336889 0.0367904 0.0397415 0.0424664 0.0448738 0.0468903 0.048464 0.0495301 0.0500452 0.0499969 0.0493516 0.0481039 0.0462562 0.0438541 0.0409356 0.0375617 0.0337952 0.0297093 0.0253582 0.0208614 0.0163093 0.0117708 0.00738537 0.00321866 -0.000615293 -0.0039987 -0.00685252 -0.00912869 -0.0107957 -0.0119317 -0.012606 -0.0130004 -0.0133002 -0.0137268 -0.0145115 -0.0158091 -0.0177167 -0.0202561 -0.0233142 -0.0267252 -0.0302792 -0.0336848 -0.0367155 -0.0391275 -0.040742 -0.0414508 -0.0412498 -0.0401489 -0.0382677 -0.0357508 -0.0328093 -0.0295913 -0.0262792 -0.0230029 -0.019907 -0.0170509 -0.0144733 -0.0121704 -0.0101966 -0.00850329 -0.00706474 -0.00585419 -0.00485958 -0.0040172 -0.00334798 -0.00283748 -0.00246518 -0.00218981 -0.00205961 -0.00206071 -0.00220715 -0.00252406 -0.00304443 -0.00371919 -0.00458152 -0.00561737 -0.00679704 -0.00802653 -0.0092378 -0.010302 -0.0111032 -0.0114425 -0.0111541 -0.0100637 -0.00807541 -0.00506984 -0.00105839 0.00386364 0.00952402 0.0156957 0.0220328 0.0282417 0.0339643 0.0388716 0.0427346 0.0453673 0.0466883 0.046764 0.0456977 0.043664 0.0408765 0.0374829 0.0336634 0.0295173 0.0251515 0.0206252 0.0159659 0.0111822 0.00629025 0.00126156 -0.00383422 -0.00896663 -0.0140836 -0.0190977 -0.0239524 -0.0285757 -0.0328783 -0.0367748 -0.040215 -0.0431228 -0.04546 -0.0471862 -0.048289 -0.0487589 -0.04862 -0.0479097 -0.0466616 -0.0449115 -0.0427406 -0.0402233 -0.0374278 -0.0344709 -0.0314091 -0.0283295 -0.0252954 -0.0223648 -0.0196002 -0.0170062 -0.0146443 -0.0125225 -0.0106345 -0.00900142 -0.00759429 -0.00641585 -0.005424 -0.00460226 -0.0039424 -0.0033938 -0.00296158 -0.00261998 -0.00235869 -0.00216082 -0.00200329 -0.00189681 -0.00181758 -0.00176228 -0.00172774 -0.00170259 -0.00168793 -0.00167508 -0.00166852 -0.00166683 -0.00166205 -0.00166205 -0.00166186 
0 1.54787e-05 5.17334e-05 8.15863e-05 0.000110434 0.000131499 0.000174993 0.000214955 0.000252148 0.00030578 0.000376086 0.000464904 0.000561477 0.000702831 0.000880847 0.0011111 0.00139464 0.00175864 0.00221533 0.00276908 0.00346704 0.00429846 0.00531006 0.00651035 0.00794836 0.00962309 0.0115285 0.0137067 0.0161218 0.0187677 0.0216027 0.0246181 0.0277599 0.0309657 0.0341856 0.0373523 0.0403615 0.0431527 0.0456501 0.0477578 0.0494452 0.0506354 0.0513284 0.0514469 0.0510086 0.0500162 0.0484522 0.0463826 0.0438441 0.0408797 0.0375478 0.0339114 0.0300079 0.0259205 0.0217072 0.0174806 0.0132795 0.00921929 0.00537723 0.00183068 -0.00131096 -0.00396659 -0.00610483 -0.00772001 -0.00885382 -0.00964296 -0.0102332 -0.0108255 -0.0116417 -0.0129109 -0.0147512 -0.0172981 -0.0205112 -0.0242709 -0.0283984 -0.0326337 -0.0366584 -0.0402437 -0.0431046 -0.045064 -0.0460216 -0.0459177 -0.0448059 -0.0428359 -0.0401388 -0.0369127 -0.0333796 -0.0297267 -0.0261146 -0.0226589 -0.0194491 -0.0165508 -0.0139926 -0.0117449 -0.00979798 -0.00814623 -0.006758 -0.00558944 -0.00464787 -0.0038797 -0.00324815 -0.00277035 -0.00245323 -0.00226511 -0.00223465 -0.00236595 -0.00266085 -0.00313636 -0.00382722 -0.0047178 -0.00577705 -0.00696332 -0.00822099 -0.00945228 -0.0105289 -0.0112777 -0.0115411 -0.0111588 -0.00992476 -0.0077149 -0.0044699 -0.000176529 0.00506051 0.0110391 0.017528 0.024155 0.0305818 0.0364516 0.0414197 0.0452184 0.0477034 0.0487654 0.0484876 0.0469932 0.0444837 0.0411724 0.0372959 0.0330119 0.0284772 0.0238106 0.019071 0.0142873 0.00949554 0.00466803 -0.000207087 -0.00508528 -0.00998791 -0.014846 -0.0196253 -0.0242564 -0.0286913 -0.0328581 -0.036697 -0.0401517 -0.0431905 -0.0457182 -0.0477237 -0.0491703 -0.0500044 -0.0502701 -0.049945 -0.0490748 -0.0476701 -0.0458033 -0.043529 -0.0409084 -0.0380381 -0.0350134 -0.0318923 -0.0287582 -0.0256894 -0.0227204 -0.0199186 -0.0173016 -0.0149248 -0.0127671 -0.0108614 -0.0092187 -0.0078044 -0.00660902 -0.0056021 -0.00479114 -0.00411517 -0.00356593 -0.00312675 -0.00278766 -0.0025249 -0.00231772 -0.00217463 -0.00206327 -0.00199172 -0.00193384 -0.00190176 -0.00187744 -0.00185864 -0.00185679 -0.00184343 -0.00184205 -0.00183201 -0.00183444 
0 2.17626e-05 6.73626e-05 0.000105598 0.000134373 0.000157255 0.000208114 0.000255758 0.000296366 0.000358694 0.000445988 0.000561477 0.000687241 0.00086929 0.00110787 0.00140625 0.00177796 0.00223714 0.00281505 0.00350866 0.00436632 0.00539144 0.00660805 0.00805523 0.00974978 0.0116958 0.0138745 0.0163138 0.0189922 0.0218607 0.0248929 0.0280642 0.0313156 0.0345722 0.0377668 0.0408278 0.0436561 0.0461917 0.0483725 0.0501145 0.0513828 0.0521501 0.0524016 0.0520973 0.051266 0.0499292 0.0481067 0.0458642 0.043251 0.040303 0.0370683 0.0336081 0.0299697 0.0261988 0.0223688 0.0185469 0.0147592 0.0111121 0.00766109 0.00447784 0.00166658 -0.000712917 -0.00263833 -0.00411165 -0.00520982 -0.00605453 -0.0068183 -0.00769211 -0.00889302 -0.0106396 -0.0130545 -0.016236 -0.0201553 -0.0246582 -0.0295349 -0.0345036 -0.0392191 -0.0434129 -0.0467967 -0.0491675 -0.0504143 -0.0505003 -0.0494582 -0.0474275 -0.0445792 -0.0411463 -0.037341 -0.0333735 -0.0294204 -0.0256324 -0.0220977 -0.0188689 -0.0159743 -0.0134428 -0.0112508 -0.00937963 -0.00779871 -0.00646864 -0.00535666 -0.00444618 -0.00371295 -0.00314747 -0.00272745 -0.00246373 -0.00236964 -0.00244952 -0.0027184 -0.00319435 -0.00385817 -0.00471791 -0.00576317 -0.0069551 -0.00821206 -0.0094357 -0.0104887 -0.0112151 -0.0114206 -0.0109252 -0.00954803 -0.007182 -0.00374132 0.00076954 0.00623215 0.0124449 0.0191455 0.0259452 0.0324937 0.0384078 0.0433288 0.0470097 0.0492835 0.0500626 0.0494336 0.0475271 0.0445562 0.0407801 0.0364416 0.0317586 0.0269014 0.022003 0.0171296 0.0123052 0.00755621 0.00286722 -0.00179257 -0.0063906 -0.0109584 -0.0154813 -0.0199211 -0.0242477 -0.0284262 -0.0323971 -0.0361146 -0.0395436 -0.0426347 -0.0453152 -0.0475556 -0.0493131 -0.0505278 -0.0511984 -0.0513086 -0.0508645 -0.0498767 -0.0484018 -0.0464698 -0.0441197 -0.0414489 -0.0385396 -0.0354625 -0.0323008 -0.0291345 -0.0260273 -0.0230292 -0.0201989 -0.0175726 -0.0151474 -0.0129766 -0.0110695 -0.0094149 -0.00798365 -0.00677375 -0.00578947 -0.00496511 -0.00428856 -0.0037378 -0.00330757 -0.00296749 -0.00269727 -0.0025016 -0.00235 -0.00224298 -0.00216127 -0.00210725 -0.00206871 -0.00204277 -0.00203458 -0.00202177 -0.00201268 -0.00200552 -0.00200956 
0 2.43165e-05 7.33404e-05 0.000116485 0.000145218 0.000175091 0.000238115 0.000301771 0.000357081 0.000437404 0.000553599 0.000702831 0.00086929 0.00110014 0.0014058 0.00178376 0.00225083 0.00282445 0.00353862 0.00439659 0.00544119 0.00668407 0.00814172 0.00985378 0.0118236 0.0140431 0.0164882 0.0191773 0.0220873 0.0251503 0.0283344 0.0316057 0.0348977 0.0381202 0.0411954 0.0440508 0.046599 0.0487904 0.0505746 0.051882 0.0526852 0.0529853 0.0527779 0.0520495 0.0508432 0.0492025 0.0471675 0.0448051 0.042168 0.0392853 0.0362026 0.0329804 0.0296623 0.0262749 0.0228745 0.0195004 0.0161728 0.0129838 0.00998682 0.00724275 0.00483475 0.00280406 0.00115445 -0.000131366 -0.0011379 -0.00199218 -0.00287486 -0.00397915 -0.00552797 -0.00773171 -0.0107098 -0.0145367 -0.0191655 -0.0244184 -0.0300621 -0.0357895 -0.0412363 -0.0461003 -0.0500759 -0.0529348 -0.0545465 -0.0548707 -0.0539526 -0.0519442 -0.0490306 -0.0454495 -0.0414313 -0.0372029 -0.0329453 -0.0288194 -0.0249382 -0.0213782 -0.0181768 -0.0153588 -0.0128991 -0.0107831 -0.00898157 -0.00745823 -0.00617791 -0.00511482 -0.00423754 -0.00354274 -0.00301322 -0.00265673 -0.002481 -0.00248891 -0.00269264 -0.00311575 -0.00374511 -0.00458278 -0.00560346 -0.00676157 -0.00798473 -0.00918122 -0.0102051 -0.0108941 -0.0110539 -0.0104952 -0.00902963 -0.0065433 -0.0029611 0.00169475 0.00729498 0.0136322 0.0204287 0.0272943 0.0338627 0.0397399 0.0445569 0.0480623 0.0500892 0.050568 0.0495927 0.0473129 0.0439502 0.0397826 0.0350703 0.0300573 0.0249399 0.0198689 0.0149185 0.0101164 0.00547933 0.000985291 -0.00340263 -0.00767277 -0.0118674 -0.0160007 -0.0200525 -0.0240186 -0.0278837 -0.0316062 -0.0351527 -0.0384984 -0.0415899 -0.0443644 -0.0467911 -0.0488235 -0.0503934 -0.0514695 -0.0520199 -0.0520255 -0.051492 -0.0504599 -0.04894 -0.0469504 -0.0445736 -0.0418816 -0.0389413 -0.0358351 -0.0326465 -0.029453 -0.0263138 -0.0233043 -0.0204594 -0.0177909 -0.0153621 -0.0131954 -0.011285 -0.00960373 -0.00816561 -0.00697578 -0.00597482 -0.00514157 -0.00445738 -0.00391431 -0.00347855 -0.00312991 -0.00286685 -0.0026641 -0.00251686 -0.00240891 -0.00233347 -0.00227872 -0.00224309 -0.00222731 -0.00221076 -0.00219388 -0.0021845 -0.00218666 
0 2.87255e-05 8.15572e-05 0.000129674 0.000161125 0.000199319 0.00027225 0.000351649 0.000426341 0.000530697 0.0006871 0.000880847 0.00110787 0.0014058 0.00179306 0.00227224 0.00284775 0.00356121 0.0044277 0.00547247 0.00672758 0.00819929 0.00992352 0.0119007 0.0141537 0.0166411 0.0193406 0.0222701 0.0253738 0.0285996 0.031876 0.0351745 0.0384191 0.041506 0.0443623 0.0469177 0.0491017 0.0508819 0.0522145 0.0530395 0.0533595 0.0531716 0.0525189 0.0513936 0.0498542 0.0479684 0.0457694 0.043339 0.0407201 0.0379429 0.0350548 0.0321186 0.0291519 0.026192 0.0232423 0.0203414 0.0175072 0.014805 0.0123014 0.010036 0.00806413 0.00642105 0.0050975 0.00405022 0.00321575 0.00241953 0.00148892 0.000208572 -0.00164882 -0.00428215 -0.00778695 -0.0122366 -0.0175423 -0.0235237 -0.029932 -0.036427 -0.0426279 -0.0482006 -0.0528078 -0.0562037 -0.0582566 -0.0588979 -0.0581934 -0.0563006 -0.0534085 -0.0497428 -0.0455747 -0.0411263 -0.0366073 -0.0321795 -0.0279833 -0.0241026 -0.0206048 -0.0174837 -0.0147452 -0.0123733 -0.0103366 -0.00858029 -0.00710807 -0.00586532 -0.00482149 -0.00397306 -0.00332256 -0.00283504 -0.00254446 -0.00245361 -0.00257217 -0.00290508 -0.0034772 -0.00426183 -0.00524032 -0.00635506 -0.00754665 -0.00870871 -0.00971099 -0.0103615 -0.0104898 -0.00990091 -0.0084013 -0.00585789 -0.00222786 0.00247924 0.00812475 0.0144847 0.0212732 0.028108 0.0345989 0.0403629 0.0450328 0.0483323 0.0501176 0.0503153 0.0490247 0.0464186 0.0427358 0.0382498 0.0332672 0.0280136 0.0227234 0.0175528 0.012582 0.00784827 0.00337077 -0.00089807 -0.00498061 -0.00889832 -0.0127093 -0.0164237 -0.0200662 -0.0236343 -0.027142 -0.0305719 -0.0339072 -0.0371177 -0.040168 -0.0429761 -0.0455326 -0.0477871 -0.0496623 -0.0511264 -0.0521038 -0.0525709 -0.0525141 -0.0519561 -0.050893 -0.0493305 -0.0473211 -0.044941 -0.0422318 -0.0392752 -0.0361592 -0.0329473 -0.0297435 -0.0266005 -0.0235803 -0.0206988 -0.0180192 -0.015598 -0.0134117 -0.0114676 -0.00977614 -0.00835174 -0.00714998 -0.00613526 -0.00530097 -0.00462904 -0.0040851 -0.00364683 -0.00330351 -0.00303508 -0.00283755 -0.00268919 -0.00258375 -0.00250152 -0.00244656 -0.00242039 -0.00239401 -0.00237595 -0.00236341 -0.00236804 
0 3.22222e-05 8.7255e-05 0.000141473 0.00018162 0.000232035 0.000318098 0.0004176 0.000518303 0.000660312 0.000858237 0.0011111 0.00140625 0.00178376 0.00227224 0.00285901 0.00358119 0.00444506 0.00550385 0.00676651 0.00825156 0.00999471 0.0119749 0.0142426 0.0167539 0.0194921 0.0224297 0.0255422 0.0288115 0.0321205 0.0354268 0.0386657 0.0417628 0.0446237 0.0471699 0.049341 0.0511018 0.0524126 0.0532476 0.0535807 0.0533907 0.0527577 0.0516806 0.0502196 0.0484175 0.0463341 0.0440417 0.0415897 0.0390359 0.0364144 0.0337656 0.0311318 0.0285542 0.0260017 0.0235188 0.0210902 0.0187533 0.0165638 0.0145646 0.0127856 0.0112736 0.0100351 0.00906303 0.00832619 0.00769797 0.0070377 0.00611534 0.00471093 0.00259645 -0.000397022 -0.00439894 -0.00939876 -0.015345 -0.0220275 -0.029165 -0.0364033 -0.0433578 -0.0496261 -0.0548911 -0.0588758 -0.0614198 -0.062486 -0.0621074 -0.060404 -0.0576005 -0.0539511 -0.0496898 -0.0450775 -0.0403428 -0.0356835 -0.0312279 -0.0270672 -0.0232504 -0.0198397 -0.0168186 -0.0141689 -0.0118661 -0.0098903 -0.00817343 -0.00671424 -0.00549167 -0.00447705 -0.00363844 -0.00301067 -0.00257839 -0.00235232 -0.00235052 -0.00259637 -0.00305939 -0.00375491 -0.00466603 -0.00575448 -0.00692779 -0.00807706 -0.0090531 -0.00971189 -0.00984378 -0.00924065 -0.00774949 -0.00525008 -0.00165552 0.00299594 0.0085693 0.0148617 0.0215461 0.0282624 0.0346191 0.0402165 0.0446921 0.0478035 0.0493526 0.0493213 0.0477827 0.0449262 0.0409971 0.0363106 0.0311332 0.0257578 0.0203856 0.0151848 0.0102522 0.00562817 0.00132163 -0.0026875 -0.00645151 -0.0100154 -0.01342 -0.016741 -0.0199635 -0.0231364 -0.0262717 -0.0293799 -0.0324614 -0.0355111 -0.0384573 -0.0412688 -0.0438963 -0.0463035 -0.0484459 -0.0502284 -0.0516194 -0.0525297 -0.0529568 -0.052894 -0.0523179 -0.0512236 -0.0496541 -0.0476499 -0.0452662 -0.042555 -0.0395844 -0.0364564 -0.0332301 -0.0300282 -0.026868 -0.0238077 -0.0209188 -0.0182382 -0.0158016 -0.0135799 -0.011632 -0.00995506 -0.00852271 -0.00730991 -0.00629408 -0.00547223 -0.00479894 -0.00425318 -0.00381465 -0.00346996 -0.00320709 -0.00301431 -0.00286662 -0.00275332 -0.00267628 -0.00262828 -0.00259714 -0.00256478 -0.0025527 -0.0025514 
0 3.89479e-05 9.51226e-05 0.000161333 0.000211585 0.000283128 0.000382957 0.000506698 0.000647321 0.00082745 0.00108543 0.00139464 0.00177796 0.00225083 0.00284775 0.00358119 0.00444963 0.00551361 0.00677986 0.00829233 0.0100481 0.0120538 0.014332 0.0168549 0.0196278 0.0225849 0.0257074 0.0289719 0.0323081 0.0356412 0.0388772 0.0419644 0.0448269 0.0473755 0.0495402 0.0512808 0.0525623 0.0533763 0.0536971 0.0535111 0.0528605 0.051786 0.0503605 0.0486192 0.0466102 0.0444091 0.0420717 0.0396638 0.0372382 0.034814 0.0324329 0.0301299 0.0278991 0.0257678 0.0237084 0.02174 0.0198998 0.0182045 0.0167079 0.0154306 0.0143784 0.0135775 0.0130023 0.0125809 0.0122199 0.0117062 0.0108345 0.00936564 0.00707012 0.00377869 -0.000605806 -0.00611357 -0.0126286 -0.0199491 -0.0277743 -0.0357148 -0.0433626 -0.0503238 -0.0562445 -0.0608482 -0.0639666 -0.0655021 -0.0655028 -0.064107 -0.0614993 -0.0579092 -0.0536521 -0.0489792 -0.044122 -0.0392653 -0.0345768 -0.0301669 -0.0261139 -0.0224135 -0.0190988 -0.016165 -0.0135898 -0.0113346 -0.00939513 -0.00770884 -0.00624617 -0.00499936 -0.00398585 -0.00316851 -0.00256659 -0.00218899 -0.00203903 -0.00211848 -0.00247825 -0.00309521 -0.0039491 -0.00498222 -0.00613268 -0.00729347 -0.00831991 -0.00899558 -0.00916266 -0.00863711 -0.00723501 -0.00482041 -0.00136019 0.00313744 0.00855 0.0146616 0.0211735 0.0277199 0.0338838 0.0392842 0.0435726 0.0464682 0.0478378 0.0476357 0.0459394 0.0429444 0.0388982 0.0340866 0.0288413 0.0234056 0.0180269 0.012867 0.00801161 0.003526 -0.000578418 -0.00433809 -0.00777552 -0.010976 -0.0140111 -0.0169243 -0.0197762 -0.0225705 -0.0253452 -0.0281313 -0.030941 -0.0337743 -0.0365948 -0.0393406 -0.0419892 -0.044497 -0.0468101 -0.048875 -0.0505997 -0.0519341 -0.0528334 -0.0532674 -0.0532033 -0.0526153 -0.0515203 -0.0499617 -0.0479662 -0.0455753 -0.0428532 -0.0398615 -0.0367208 -0.0334979 -0.030266 -0.0270826 -0.024007 -0.0211272 -0.018434 -0.0159676 -0.0137516 -0.0118061 -0.0101295 -0.00867855 -0.00746443 -0.00645669 -0.0056334 -0.00496198 -0.00441266 -0.00397973 -0.00364206 -0.0033889 -0.00319352 -0.00304138 -0.00293518 -0.00286584 -0.00281458 -0.00277338 -0.0027483 -0.00273927 
0 4.94206e-05 0.000114415 0.000187953 0.000261035 0.000351983 0.000474203 0.000629711 0.000813739 0.00105467 0.00136735 0.00175864 0.00223714 0.00282445 0.00356121 0.00444506 0.00551361 0.00678283 0.00829827 0.0100763 0.0120989 0.0143939 0.0169265 0.0197173 0.0227061 0.025852 0.0291281 0.0324643 0.0358201 0.0390735 0.0421592 0.0450031 0.0475394 0.0497034 0.0514326 0.0526871 0.0534734 0.0537687 0.0535718 0.0529116 0.051811 0.0503819 0.0486443 0.0466868 0.0445397 0.042268 0.0399618 0.0376617 0.0354102 0.0332238 0.0311246 0.0291212 0.0272463 0.0254772 0.0238373 0.0223029 0.020924 0.019709 0.0186968 0.0178999 0.0173326 0.016981 0.0168114 0.0167564 0.0166524 0.0163264 0.0155396 0.0140493 0.0116312 0.00814034 0.00342654 -0.00246465 -0.00945969 -0.0173345 -0.0257579 -0.0343304 -0.042656 -0.0502724 -0.0568448 -0.0620679 -0.0657481 -0.067811 -0.0682722 -0.0672236 -0.06489 -0.0615228 -0.0573701 -0.0526998 -0.0477808 -0.0428278 -0.0379824 -0.0333674 -0.0290548 -0.0251086 -0.0215448 -0.0183459 -0.0154889 -0.0129708 -0.0107282 -0.00876565 -0.00707269 -0.00560587 -0.0043406 -0.00330594 -0.00248198 -0.00190118 -0.00158394 -0.00154502 -0.00177937 -0.00229314 -0.00307041 -0.00408969 -0.00525411 -0.00643783 -0.00750001 -0.00828514 -0.00858394 -0.00818363 -0.00694119 -0.00472871 -0.0014711 0.00280478 0.00798364 0.0138744 0.0201414 0.0264571 0.0324039 0.0375886 0.0416751 0.0444227 0.0456496 0.0453733 0.0436295 0.0406088 0.0365476 0.0317422 0.0264809 0.0210783 0.0157485 0.0106697 0.0059444 0.00162178 -0.00228781 -0.00579391 -0.00893634 -0.0118109 -0.0144736 -0.0170351 -0.0195199 -0.021979 -0.0244263 -0.0269044 -0.0294354 -0.0320375 -0.0346651 -0.0373095 -0.0399136 -0.0424475 -0.0448894 -0.0471337 -0.0491504 -0.0508397 -0.0521734 -0.0530898 -0.0535295 -0.0534599 -0.0528733 -0.0517878 -0.0502421 -0.0482471 -0.0458424 -0.0431102 -0.0401157 -0.0369788 -0.0337328 -0.0304789 -0.0272841 -0.0242115 -0.0213179 -0.0186027 -0.0161348 -0.013919 -0.0119742 -0.0102826 -0.00883245 -0.00762285 -0.00661894 -0.00579735 -0.00512034 -0.0045781 -0.00414935 -0.00381833 -0.00355877 -0.00335919 -0.00321703 -0.00311617 -0.00304572 -0.00298778 -0.00295472 -0.00293603 
