0 0 0 0 0 0 0 0 0 0 0 0 0 0 0 0 0 0 0 0 0 0 0 0 0 0 0 0 0 0 0 0 0 0 0 0 0 0 0 0 0 0 0 0 0 0 0 0 0 0 0 0 0 0 0 0 0 0 0 0 0 0 0 0 0 0 0 0 0 0 0 0 0 0 0 0 0 0 0 0 0 0 0 0 0 0 0 0 0 0 0 0 0 0 0 0 0 0 0 0 0 0 0 0 0 0 0 0 0 0 0 0 0 0 0 0 0 0 0 0 0 0 0 0 0 0 0 0 0 0 0 0 0 0 0 0 0 0 0 0 0 0 0 0 0 0 0 0 0 0 0 0 0 0 0 0 0 0 0 0 0 0 0 0 0 0 0 0 0 0 0 0 0 0 0 0 0 0 0 0 0 0 0 0 0 0 0 0 0 0 0 0 0 0 0 0 0 0 0 0 
0 -0.00111138 -0.00217854 -0.00318426 -0.00411078 -0.00493916 -0.00566503 -0.00628717 -0.00678337 -0.00712023 -0.0072996 -0.00732768 -0.00722397 -0.00701357 -0.00672765 -0.0063753 -0.00595053 -0.00548369 -0.00499078 -0.0045029 -0.00402778 -0.00357985 -0.00315865 -0.00275846 -0.00239895 -0.00207658 -0.00181262 -0.00159457 -0.00140966 -0.00124293 -0.00109984 -0.000983532 -0.000887663 -0.000816846 -0.000762099 -0.000707406 -0.000642077 -0.000593023 -0.000550929 -0.000527194 -0.000501946 -0.000469858 -0.000437286 -0.000406005 -0.000389509 -0.000372758 -0.000367641 -0.000361035 -0.000340406 -0.000316465 -0.000299408 -0.000282421 -0.000280908 -0.000268679 -0.000253519 -0.000240129 -0.000225999 -0.000219528 -0.000212612 -0.000213628 -0.000210559 -0.000201048 -0.000188119 -0.000173577 -0.000162842 -0.000173023 -0.000184447 -0.000205818 -0.000221827 -0.000239705 -0.000281345 -0.000346033 -0.000416765 -0.000507646 -0.000622578 -0.000757777 -0.000909788 -0.00107446 -0.00125235 -0.00144164 -0.00162481 -0.0017851 -0.00190746 -0.00195261 -0.00192622 -0.00183011 -0.00164397 -0.00137832 -0.00104833 -0.000640889 -0.000199712 0.000252392 0.000699638 0.00110989 0.00146427 0.0017628 0.0019875 0.00215388 0.00226936 0.00235388 0.00241448 0.00245236 0.00245635 0.00240709 0.00227962 0.00207941 0.00178765 0.00142346 0.00100821 0.000545364 6.35546e-05 -0.000399093 -0.000843485 -0.00122185 -0.00151265 -0.00171844 -0.00182339 -0.00182726 -0.00176284 -0.00163724 -0.00147414 -0.00129506 -0.00111109 -0.000926592 -0.000746869 -0.000578234 -0.00043423 -0.000314522 -0.000210113 -0.000133709 -7.31066e-05 -1.12057e-05 3.89061e-05 6.84856e-05 9.19236e-05 9.76573e-05 0.000108772 0.000115952 0.000121374 0.000136847 0.000156118 0.000164579 0.000170711 0.000167804 0.000175278 0.000186654 0.000199357 0.000209377 0.000208468 0.000216742 0.000221703 0.000233242 0.000256519 0.000280053 0.000296739 0.000310115 0.000308966 0.000324303 0.000349031 0.000376234 0.000394457 0.000406682 0.0004275 0.00045134 0.000494224 0.000540686 0.000588161 0.000631131 0.000678405 0.000734083 0.000819102 0.000920394 0.00102398 0.00113595 0.00126198 0.00141327 0.0015783 0.00177312 0.00197138 0.00215999 0.00233239 0.00248455 0.00260896 0.00267395 0.00265338 0.00250578 0.00221436 0.00176583 0.00115851 0.000394319 -0.000519207 -0.00157476 -0.00274659 -0.00398317 -0.00523595 -0.00645257 -0.00758103 -0.00855723 -0.00934011 -0.00988481 
0 -0.00217854 -0.00428138 -0.00626552 -0.00811035 -0.00975556 -0.0111997 -0.0124245 -0.013394 -0.0140631 -0.0144254 -0.014517 -0.0143354 -0.0139429 -0.0133818 -0.0126788 -0.0118526 -0.0109323 -0.00998603 -0.009019 -0.00807695 -0.00717751 -0.0063257 -0.00554766 -0.00483132 -0.00421066 -0.00367166 -0.00322282 -0.00284296 -0.00250138 -0.00223146 -0.00199795 -0.00180246 -0.00164197 -0.001515 -0.00140344 -0.00128906 -0.00119756 -0.00112626 -0.00106299 -0.00101079 -0.000953558 -0.000895662 -0.000858843 -0.000810957 -0.000770308 -0.000732157 -0.000704457 -0.000667809 -0.000630759 -0.000603602 -0.000577576 -0.000559143 -0.000534545 -0.000506503 -0.000479165 -0.00046889 -0.000438668 -0.000415494 -0.000396205 -0.000383207 -0.000374492 -0.000366018 -0.000338759 -0.000341603 -0.000352514 -0.00036023 -0.000382903 -0.000415354 -0.000482 -0.000569811 -0.000675761 -0.000824231 -0.00101964 -0.00123813 -0.00151104 -0.00181781 -0.0021675 -0.0025229 -0.00289377 -0.00324899 -0.00355541 -0.00377258 -0.00389785 -0.00386712 -0.00368114 -0.00331815 -0.00278735 -0.00208505 -0.00127211 -0.000389388 0.000514858 0.00139316 0.00218468 0.00290243 0.00349267 0.00395365 0.00430908 0.00455728 0.00471577 0.00484057 0.0048917 0.00488 0.00477878 0.00453483 0.00413192 0.0035802 0.00285805 0.0020195 0.00108982 0.000119823 -0.000842305 -0.00171445 -0.00245601 -0.00302652 -0.00341412 -0.00360472 -0.00365226 -0.00353449 -0.00329147 -0.00296665 -0.00260152 -0.00221257 -0.00184739 -0.00148977 -0.00116421 -0.000859246 -0.0006196 -0.000429757 -0.000263567 -0.00011606 -7.38437e-06 7.20643e-05 0.000122155 0.000174756 0.000215263 0.000239098 0.000267691 0.00027993 0.000295477 0.000314449 0.000328593 0.000332569 0.000349043 0.000355703 0.000378559 0.000398481 0.000412172 0.000425484 0.000453368 0.000467934 0.000486292 0.000507584 0.000531233 0.000565075 0.000587331 0.000613955 0.000639792 0.000690692 0.000738643 0.000774113 0.000820127 0.000872307 0.000925703 0.000999456 0.00107395 0.00116362 0.00126394 0.00136953 0.00150309 0.00165991 0.00186289 0.00206651 0.00229903 0.00257579 0.0028723 0.00320779 0.00356596 0.0039493 0.00431294 0.00464492 0.00494074 0.00515113 0.00525014 0.00516653 0.00485093 0.00426049 0.00336297 0.00215595 0.000632271 -0.00117638 -0.00325714 -0.00555424 -0.00797324 -0.0104243 -0.012806 -0.0150134 -0.0169217 -0.0184471 -0.0195066 
0 -0.00318426 -0.00626552 -0.00919702 -0.0119235 -0.0143708 -0.0164986 -0.018289 -0.0196972 -0.0206698 -0.0212346 -0.0214055 -0.0212 -0.0206543 -0.0198458 -0.0188265 -0.0176186 -0.0163116 -0.014937 -0.0135458 -0.0121533 -0.0108148 -0.00956272 -0.00840376 -0.00737442 -0.00644244 -0.00563718 -0.00493791 -0.00434023 -0.0038296 -0.00341549 -0.00307331 -0.00276329 -0.00249984 -0.0022906 -0.00211949 -0.00195566 -0.00183627 -0.00171377 -0.00161354 -0.00151318 -0.00142216 -0.00135487 -0.00129233 -0.00123824 -0.00115566 -0.00109371 -0.00104831 -0.000997669 -0.000954376 -0.00092172 -0.000870045 -0.000841181 -0.000790903 -0.000750736 -0.000729953 -0.000706702 -0.000680356 -0.000632255 -0.00059728 -0.000568344 -0.000550762 -0.000543661 -0.000532332 -0.0005166 -0.000532267 -0.000542936 -0.00058514 -0.000633687 -0.000707175 -0.000845819 -0.00103856 -0.00124574 -0.00151026 -0.0018521 -0.00226807 -0.0027425 -0.00325311 -0.00378553 -0.00433157 -0.00485159 -0.00530911 -0.00566788 -0.00582858 -0.0057845 -0.00552059 -0.00497342 -0.00416513 -0.00314296 -0.00190224 -0.000573157 0.000769669 0.00207894 0.0032779 0.00432794 0.00522828 0.00593171 0.00646653 0.00684078 0.00709814 0.007261 0.00733906 0.00731597 0.00714975 0.006776 0.00619653 0.0053538 0.00428136 0.00303137 0.00162571 0.00015804 -0.00125025 -0.00257158 -0.00367782 -0.00451665 -0.00510286 -0.00540964 -0.00544459 -0.00527992 -0.00492881 -0.00444906 -0.00390124 -0.00332865 -0.00276258 -0.00222416 -0.00173045 -0.00130645 -0.000945756 -0.00062505 -0.000379356 -0.000189086 -2.04601e-05 0.000104337 0.000180531 0.000257316 0.000308597 0.000374371 0.000414468 0.00042318 0.000436546 0.000459887 0.000474943 0.000503812 0.000520086 0.000550417 0.000574064 0.000592306 0.0006133 0.000630312 0.000683236 0.000717857 0.000740657 0.000767474 0.000796295 0.000835822 0.000895513 0.000929345 0.000984935 0.00104145 0.00109953 0.00115769 0.00123126 0.00133251 0.00141808 0.00151881 0.00162033 0.00175096 0.00190993 0.00209727 0.0022949 0.00254051 0.00282201 0.00313195 0.00349892 0.0039218 0.00439313 0.00486932 0.00539528 0.00593173 0.00645633 0.00693792 0.00733501 0.00760119 0.00765914 0.00746192 0.00692646 0.00600856 0.00465396 0.00283897 0.000570115 -0.00211182 -0.005164 -0.00850875 -0.0120153 -0.0155603 -0.0190014 -0.022183 -0.0249232 -0.0271057 -0.0286139 
0 -0.00411078 -0.00811035 -0.0119235 -0.0154927 -0.0186847 -0.0214538 -0.0237591 -0.0255613 -0.0268274 -0.0275783 -0.0278628 -0.0276513 -0.027009 -0.0260084 -0.0247243 -0.0232201 -0.021563 -0.0198435 -0.0180601 -0.0162779 -0.0145485 -0.0129104 -0.011412 -0.0100369 -0.00881238 -0.00771619 -0.00676621 -0.00595189 -0.00524573 -0.00468662 -0.00420658 -0.00378342 -0.00341742 -0.00312163 -0.00287875 -0.00265618 -0.00247483 -0.00231503 -0.00216172 -0.00202943 -0.00190817 -0.00180427 -0.00173292 -0.00164217 -0.00155132 -0.00146942 -0.00141111 -0.00134632 -0.00128258 -0.00122921 -0.00117231 -0.00112435 -0.00106777 -0.00101179 -0.000965295 -0.000944486 -0.000895548 -0.000849534 -0.000809991 -0.00078042 -0.000760017 -0.000741685 -0.000698354 -0.000696656 -0.000711896 -0.000726781 -0.000771947 -0.000842551 -0.000973046 -0.00115099 -0.00137054 -0.00166282 -0.00204039 -0.00247856 -0.003019 -0.00363267 -0.00432264 -0.00503417 -0.00577109 -0.00647642 -0.00708536 -0.00752406 -0.00776069 -0.00769791 -0.00732579 -0.00660542 -0.00555075 -0.00416928 -0.00255616 -0.000800779 0.00100105 0.00275497 0.00435099 0.00578476 0.00697269 0.00790324 0.00861499 0.00911499 0.00944304 0.00968438 0.00978682 0.00975418 0.00953336 0.00903152 0.00821841 0.00710169 0.00566347 0.00399424 0.00214946 0.000227174 -0.00166988 -0.00340179 -0.00487511 -0.00601171 -0.00678616 -0.00717679 -0.00726135 -0.0070301 -0.0065512 -0.00590807 -0.00518106 -0.00441349 -0.0036816 -0.00297402 -0.00232702 -0.00173252 -0.00125057 -0.00085972 -0.000524836 -0.000236527 -1.81041e-05 0.000139899 0.000242481 0.000342024 0.000419972 0.000473323 0.0005263 0.000551064 0.000580896 0.000618822 0.00065019 0.000670325 0.00070422 0.000724777 0.000763191 0.00079417 0.000816814 0.000845933 0.000904802 0.000947415 0.000988295 0.00102792 0.00107141 0.00113751 0.00119963 0.00126551 0.00132553 0.00140901 0.00148611 0.00155752 0.00166317 0.00178904 0.00191092 0.00205021 0.00219271 0.00237734 0.00260472 0.00285675 0.00314522 0.00346545 0.00385431 0.00426832 0.00475653 0.00533116 0.00593562 0.00657436 0.00723176 0.00791773 0.00857252 0.00915714 0.00962518 0.00987182 0.0098442 0.0094532 0.00864148 0.00734629 0.00549954 0.00307727 7.55025e-05 -0.00342903 -0.00738066 -0.0116678 -0.0161331 -0.0206262 -0.0249712 -0.0289709 -0.0324009 -0.0351184 -0.0369877 
0 -0.00493916 -0.00975556 -0.0143708 -0.0186847 -0.0225552 -0.0258985 -0.0286825 -0.0308678 -0.0324209 -0.0333873 -0.0337884 -0.0336252 -0.0329376 -0.0318227 -0.0303636 -0.0286137 -0.0266856 -0.0246383 -0.0225318 -0.0204078 -0.0183417 -0.0163792 -0.0145369 -0.0128523 -0.0113132 -0.00995279 -0.00875871 -0.00771912 -0.00681456 -0.00606027 -0.00542603 -0.00487077 -0.00440213 -0.00402016 -0.00369507 -0.00339081 -0.00314966 -0.00293133 -0.00275154 -0.00258268 -0.00242312 -0.00228617 -0.00216366 -0.00205903 -0.00194489 -0.0018607 -0.00179082 -0.00170132 -0.00160978 -0.00153646 -0.00146091 -0.00141576 -0.00134684 -0.00127564 -0.00121839 -0.00116812 -0.00112209 -0.00106795 -0.00103012 -0.000992592 -0.000955648 -0.00091991 -0.000880774 -0.000858476 -0.000885248 -0.000920045 -0.000990998 -0.00107586 -0.00120561 -0.00142441 -0.00172801 -0.00208604 -0.00254041 -0.00310719 -0.00378478 -0.00455308 -0.00539117 -0.00627488 -0.00718812 -0.00806637 -0.0088331 -0.0094098 -0.00967294 -0.00958573 -0.00912436 -0.00822383 -0.0069067 -0.00522594 -0.00320994 -0.00102141 0.00121844 0.00340996 0.00542851 0.00720401 0.00870381 0.00987612 0.0107599 0.0113836 0.0118147 0.0120976 0.0122336 0.0121893 0.0118923 0.0112468 0.0102372 0.00881436 0.00702415 0.00495074 0.00265222 0.000260511 -0.00206113 -0.00422612 -0.00606224 -0.00747587 -0.00845334 -0.00896168 -0.00902802 -0.00873985 -0.00815032 -0.00735957 -0.00646238 -0.00552545 -0.00460065 -0.0037126 -0.00289187 -0.00217441 -0.00156957 -0.00105461 -0.000649002 -0.000322372 -4.18043e-05 0.000174787 0.000320264 0.000442901 0.000521117 0.000598063 0.000650662 0.000679939 0.000724373 0.000781649 0.000819427 0.000852642 0.000870989 0.0009083 0.000955906 0.00100269 0.00104233 0.00106949 0.00112972 0.00117852 0.00123043 0.00129696 0.00136736 0.00144245 0.00152426 0.00158104 0.00166704 0.00177079 0.00187958 0.0019839 0.00210487 0.00225927 0.00241352 0.00260209 0.00280762 0.00305451 0.00333922 0.00366127 0.0040184 0.00445269 0.00495384 0.00549939 0.00611829 0.00681466 0.00756951 0.00833645 0.00914083 0.0099322 0.0106641 0.0112819 0.0117154 0.0118776 0.0116676 0.0110204 0.00985375 0.0081196 0.00575315 0.00272339 -0.000952593 -0.00520026 -0.00993467 -0.0150268 -0.0202912 -0.0255496 -0.0306055 -0.0352342 -0.039189 -0.0423118 -0.0444542 
0 -0.00566503 -0.0111997 -0.0164986 -0.0214538 -0.0258985 -0.0297537 -0.0329762 -0.0355257 -0.0373742 -0.0385485 -0.0390927 -0.0390014 -0.0383404 -0.0371962 -0.0356451 -0.0337508 -0.0316073 -0.0293213 -0.0269455 -0.0245557 -0.0222138 -0.0199562 -0.0178168 -0.0158162 -0.0139934 -0.0123624 -0.0109262 -0.0096581 -0.00853184 -0.00757746 -0.00676321 -0.00606475 -0.0054767 -0.00498807 -0.00456389 -0.00417665 -0.00385676 -0.0035916 -0.00336509 -0.00316458 -0.00297337 -0.00279855 -0.00265114 -0.00250805 -0.00237294 -0.0022598 -0.00216313 -0.00205209 -0.00194045 -0.00184816 -0.00176872 -0.00170668 -0.0016317 -0.00154856 -0.00147298 -0.00141545 -0.00134618 -0.00127797 -0.00122223 -0.00117532 -0.00113628 -0.00109991 -0.00105444 -0.00104666 -0.00107056 -0.00110459 -0.00117415 -0.00128209 -0.00146132 -0.00172229 -0.00206356 -0.00250171 -0.00305867 -0.00373153 -0.00454081 -0.00546153 -0.00647478 -0.00753327 -0.00861721 -0.00965531 -0.0105566 -0.0112224 -0.0115621 -0.0114782 -0.0109296 -0.00986447 -0.00829411 -0.00625785 -0.00385919 -0.0012468 0.00143388 0.00404536 0.00645005 0.00859167 0.0103911 0.0118173 0.0129034 0.013674 0.01419 0.0145278 0.0146644 0.0145803 0.014202 0.0134222 0.0121957 0.0105076 0.00837038 0.00588369 0.00314124 0.000288421 -0.00250634 -0.00507063 -0.00724686 -0.00892675 -0.0100726 -0.010669 -0.0107808 -0.0104505 -0.00975908 -0.00881994 -0.00774415 -0.00661245 -0.00550697 -0.00444859 -0.00347455 -0.00260323 -0.0018762 -0.00127751 -0.000781675 -0.000369303 -4.14456e-05 0.000203794 0.000377849 0.00052805 0.000643654 0.000731813 0.000802124 0.000844513 0.000892902 0.000949573 0.000992298 0.00102204 0.00105467 0.00109298 0.00115403 0.00121483 0.00126333 0.00130859 0.00137495 0.00143282 0.00149431 0.00156545 0.00164366 0.00173391 0.00181996 0.00190304 0.00200453 0.00214163 0.00228486 0.00242118 0.00257764 0.00275675 0.00295179 0.00318853 0.00345661 0.00377268 0.00413034 0.00452534 0.00498191 0.00552522 0.00616141 0.00684102 0.00758515 0.00840608 0.00927134 0.0101668 0.0110684 0.0119316 0.0126742 0.0132346 0.013552 0.0135234 0.0130639 0.0120756 0.0104894 0.00825651 0.00533327 0.0017124 -0.0025842 -0.00746915 -0.0128556 -0.0185912 -0.0244709 -0.0302899 -0.0358362 -0.0408808 -0.0451759 -0.0485599 -0.0508792 
0 -0.00628717 -0.0124245 -0.018289 -0.0237591 -0.0286825 -0.0329762 -0.0365927 -0.039482 -0.0416106 -0.043 -0.0436957 -0.0437202 -0.0431405 -0.0420389 -0.0404795 -0.0385224 -0.036268 -0.0338286 -0.0312785 -0.0286917 -0.0261297 -0.0236325 -0.0212355 -0.0189732 -0.0168849 -0.0149921 -0.0132972 -0.0117806 -0.0104305 -0.00926679 -0.00826638 -0.0074012 -0.0066638 -0.00604453 -0.00551183 -0.00504069 -0.00464439 -0.00430698 -0.00401241 -0.00375084 -0.00351595 -0.0033127 -0.00313753 -0.00296704 -0.00279978 -0.00265618 -0.0025361 -0.00241541 -0.00229716 -0.00219101 -0.00209111 -0.00200153 -0.00190615 -0.00181328 -0.00173683 -0.00167374 -0.00159798 -0.00151424 -0.00143941 -0.00137879 -0.00133422 -0.00129747 -0.00125858 -0.00124441 -0.00126051 -0.00129801 -0.00137708 -0.0015073 -0.00171839 -0.00202678 -0.0024296 -0.00293372 -0.0035688 -0.00435272 -0.00529576 -0.00637104 -0.00754602 -0.00877532 -0.0100243 -0.0112196 -0.0122611 -0.013035 -0.0134251 -0.0133329 -0.0126985 -0.0114675 -0.00964733 -0.00729177 -0.00451228 -0.00148058 0.00163099 0.00466407 0.00747265 0.00997025 0.0120809 0.0137661 0.0150476 0.0159621 0.0165771 0.0169588 0.0171039 0.0169799 0.0165055 0.0155759 0.0141353 0.0121605 0.00967968 0.006791 0.00361059 0.000307619 -0.00292069 -0.00588265 -0.00839618 -0.0103392 -0.0116654 -0.0123653 -0.0124942 -0.0121192 -0.0113316 -0.0102531 -0.00900672 -0.00769417 -0.00640261 -0.00517382 -0.00404784 -0.0030502 -0.00220237 -0.00149264 -0.000907728 -0.000430162 -5.17755e-05 0.000231194 0.000435517 0.00060396 0.000741717 0.000855321 0.000940086 0.000991218 0.0010393 0.00109551 0.00114676 0.00119345 0.00124226 0.00129611 0.00135983 0.0014188 0.00146931 0.00152772 0.00161175 0.00169364 0.00177102 0.00184968 0.00193647 0.00204113 0.00215344 0.00226564 0.00239284 0.00254434 0.002704 0.00286999 0.00306601 0.00329376 0.00354336 0.00383086 0.0041589 0.00454522 0.00498882 0.0054842 0.0060479 0.00670518 0.00745515 0.008262 0.00913315 0.0100711 0.0110442 0.0120254 0.0129831 0.0138529 0.0145418 0.0149738 0.0150809 0.0147734 0.0139635 0.0125574 0.0104847 0.00770791 0.00421134 1.21115e-05 -0.00484245 -0.010265 -0.0161572 -0.0223564 -0.0286462 -0.034804 -0.0406134 -0.0458524 -0.0502957 -0.0537853 -0.0561737 
0 -0.00678337 -0.013394 -0.0196972 -0.0255613 -0.0308678 -0.0355257 -0.039482 -0.0426761 -0.0450703 -0.0466872 -0.0475627 -0.0477513 -0.0473054 -0.0463053 -0.0448101 -0.0428794 -0.0406235 -0.0381317 -0.0354988 -0.0327817 -0.0300532 -0.0273716 -0.0247697 -0.0222988 -0.0199714 -0.0178256 -0.0158653 -0.0140948 -0.0125244 -0.0111484 -0.00995194 -0.00889822 -0.00798715 -0.00721655 -0.0065613 -0.00599518 -0.00551144 -0.00508552 -0.00471323 -0.00438094 -0.00409464 -0.00385709 -0.0036431 -0.00344504 -0.00324596 -0.00307652 -0.00293259 -0.00279724 -0.00266563 -0.00254139 -0.00242015 -0.00230845 -0.00219341 -0.00208574 -0.00200031 -0.00191915 -0.00184019 -0.0017498 -0.00166966 -0.0016027 -0.00154754 -0.00149603 -0.00145652 -0.00143061 -0.0014456 -0.0014937 -0.00158687 -0.00174188 -0.00197939 -0.0023299 -0.00279655 -0.00337287 -0.00409304 -0.00499011 -0.00605296 -0.00726877 -0.00859438 -0.00999754 -0.0114205 -0.0127815 -0.0139642 -0.014844 -0.0152689 -0.0151572 -0.0144301 -0.0130352 -0.0109767 -0.00832871 -0.00518858 -0.00175206 0.00178783 0.00525178 0.00848151 0.0113407 0.013766 0.0157052 0.0171732 0.0182265 0.0189456 0.0193741 0.0195368 0.0193763 0.0187983 0.0177029 0.0160318 0.0137502 0.0109217 0.0076414 0.00404511 0.000317735 -0.00331615 -0.0066656 -0.00951466 -0.0117256 -0.0132386 -0.0140487 -0.0141867 -0.0137617 -0.0128708 -0.0116521 -0.0102429 -0.00876656 -0.00730115 -0.00591012 -0.00462545 -0.00349634 -0.00252548 -0.00170679 -0.00103843 -0.000497983 -6.20398e-05 0.000265706 0.000507759 0.00069529 0.00084385 0.000972381 0.00106241 0.00112815 0.00119032 0.00125849 0.00132128 0.00138247 0.00143475 0.00150124 0.00156663 0.00162938 0.00168803 0.00175683 0.00185123 0.00195219 0.00204596 0.00214022 0.00224395 0.00236407 0.00250457 0.0026421 0.00279965 0.00296625 0.0031447 0.00334374 0.00358118 0.00386671 0.00418246 0.00453119 0.00492766 0.00539182 0.00593377 0.00655084 0.00723593 0.00801336 0.0088649 0.00978832 0.0107792 0.0118218 0.0128816 0.0138957 0.0148391 0.0156301 0.0161849 0.0164111 0.0162204 0.0155405 0.0142795 0.0123749 0.00976424 0.00642697 0.00237117 -0.0023676 -0.00770847 -0.0135592 -0.0197993 -0.0262632 -0.0327399 -0.0390082 -0.0448606 -0.0500891 -0.0545017 -0.0579497 -0.0603026 
0 -0.00712023 -0.0140631 -0.0206698 -0.0268274 -0.0324209 -0.0373742 -0.0416106 -0.0450703 -0.0477313 -0.0495889 -0.0506982 -0.0510894 -0.0508313 -0.0499838 -0.0486111 -0.0468025 -0.0446221 -0.0421817 -0.0395308 -0.0367577 -0.0339302 -0.0311163 -0.0283812 -0.0257307 -0.023215 -0.0208376 -0.0186392 -0.0166344 -0.014836 -0.0132412 -0.0118234 -0.0105695 -0.0094763 -0.00853914 -0.00773585 -0.00705162 -0.00644776 -0.00594037 -0.00548627 -0.00509519 -0.00475306 -0.00445221 -0.00419669 -0.00394888 -0.00373263 -0.00353372 -0.00335528 -0.00318909 -0.00302845 -0.00287609 -0.00275327 -0.00262387 -0.00250556 -0.00238258 -0.00226688 -0.00217066 -0.0020691 -0.0019791 -0.00189252 -0.00181896 -0.0017513 -0.00168504 -0.00162785 -0.00161922 -0.00163699 -0.00169921 -0.0017983 -0.00197351 -0.00224956 -0.00263348 -0.00313599 -0.00380424 -0.00463487 -0.00563395 -0.00681858 -0.00816873 -0.00965017 -0.0112178 -0.0128077 -0.0143276 -0.0156454 -0.016602 -0.0170911 -0.0169674 -0.0161438 -0.0145966 -0.0123167 -0.0093488 -0.00587235 -0.00204109 0.00192869 0.00581309 0.0094379 0.0126789 0.0154096 0.0176107 0.0192875 0.0204968 0.0213061 0.0217949 0.021951 0.0217313 0.0210427 0.0197828 0.0178599 0.0152974 0.0121215 0.00844529 0.00444669 0.000315154 -0.0037433 -0.00744519 -0.0106122 -0.013087 -0.0147699 -0.015667 -0.0158485 -0.0153741 -0.0143891 -0.0130392 -0.0114773 -0.00983175 -0.00820016 -0.00664431 -0.00521035 -0.00392299 -0.00282603 -0.00192986 -0.00117971 -0.000561608 -7.67891e-05 0.000294016 0.000580876 0.000797611 0.00097822 0.00110025 0.00120032 0.00128336 0.0013615 0.00144014 0.00151619 0.00157024 0.00163329 0.00169399 0.00177445 0.00185852 0.00193342 0.00202385 0.00211296 0.00221699 0.00232312 0.00243334 0.00256005 0.0027051 0.00284881 0.00301846 0.00319186 0.00339836 0.00362028 0.0038642 0.00415477 0.00448367 0.00487033 0.00529303 0.00577766 0.00633632 0.00698428 0.00771633 0.0085396 0.0094348 0.0104069 0.0114414 0.0125324 0.0136599 0.014748 0.015755 0.0165925 0.01722 0.0175376 0.0174534 0.01688 0.0157223 0.0139347 0.0114543 0.00827624 0.00438556 -0.000190024 -0.00539207 -0.0111297 -0.0172753 -0.0236969 -0.0302188 -0.0366581 -0.0428179 -0.0485084 -0.0535478 -0.0577734 -0.0610537 -0.0632813 
0 -0.0072996 -0.0144254 -0.0212346 -0.0275783 -0.0333873 -0.0385485 -0.043 -0.0466872 -0.0495889 -0.0517176 -0.0530688 -0.0537129 -0.0536734 -0.0530303 -0.0518558 -0.0502241 -0.048221 -0.0458822 -0.0433128 -0.0405612 -0.0377164 -0.034857 -0.0320171 -0.0292541 -0.02657 -0.024023 -0.0216261 -0.0194029 -0.0173831 -0.0155408 -0.0138955 -0.0124357 -0.0111562 -0.0100412 -0.00906692 -0.00822466 -0.00749649 -0.00687315 -0.00634787 -0.00587854 -0.00546223 -0.00509951 -0.00476905 -0.00449009 -0.00423752 -0.0040122 -0.00379726 -0.0035966 -0.00340724 -0.00323804 -0.00309135 -0.00295637 -0.00282057 -0.00268456 -0.00256276 -0.00243413 -0.00232973 -0.00222429 -0.00212404 -0.00203643 -0.00195559 -0.00187937 -0.00184243 -0.00181361 -0.001835 -0.00191224 -0.00203164 -0.0022243 -0.00251001 -0.00293581 -0.00351819 -0.00424235 -0.00514347 -0.00627032 -0.00758765 -0.00908716 -0.0107133 -0.0124398 -0.0141749 -0.0158299 -0.0172708 -0.0183438 -0.0188624 -0.0187371 -0.0178481 -0.0161451 -0.013623 -0.010381 -0.00653449 -0.00230837 0.00205694 0.00634358 0.0103769 0.0139566 0.0170223 0.0195091 0.0213998 0.0227712 0.0237039 0.0242117 0.0243588 0.0240681 0.0232385 0.0217937 0.0196591 0.0167926 0.0132897 0.0092406 0.00482547 0.000270173 -0.00415602 -0.00822539 -0.0116896 -0.0143877 -0.0162378 -0.0172491 -0.0174319 -0.0169339 -0.0158783 -0.014416 -0.0127035 -0.0108977 -0.00908136 -0.00735564 -0.00576056 -0.00436789 -0.00315889 -0.00213497 -0.00130568 -0.000643278 -0.000103512 0.000319719 0.000651937 0.000893828 0.00108314 0.00124324 0.00134995 0.00144427 0.00152781 0.0016094 0.00168933 0.00176196 0.00182004 0.00190467 0.00198887 0.00208575 0.00218592 0.00228549 0.00238462 0.00249598 0.00261224 0.0027456 0.00290073 0.00306069 0.00323288 0.00340777 0.00362067 0.00385936 0.00413725 0.00445011 0.0047865 0.00517518 0.00562566 0.00613754 0.00673378 0.00740547 0.00816133 0.00901113 0.00994631 0.0109764 0.0120576 0.0132015 0.0143653 0.0155041 0.0165797 0.0174864 0.0181721 0.0185379 0.0185202 0.0180287 0.0169623 0.015275 0.012889 0.00981461 0.00605065 0.00162515 -0.00341057 -0.00899832 -0.0150068 -0.0213167 -0.0277479 -0.0341437 -0.0403485 -0.0462005 -0.0515503 -0.0562342 -0.0601392 -0.0631395 -0.0651655 
0 -0.00732768 -0.014517 -0.0214055 -0.0278628 -0.0337884 -0.0390927 -0.0436957 -0.0475627 -0.0506982 -0.0530688 -0.0546889 -0.0555845 -0.0558137 -0.0554291 -0.0545026 -0.0531324 -0.051339 -0.0492026 -0.0467779 -0.0441534 -0.0413846 -0.0385302 -0.0356627 -0.0328008 -0.0300188 -0.0273328 -0.0247773 -0.022365 -0.0201225 -0.0180542 -0.0161814 -0.0145167 -0.0130432 -0.0117309 -0.0105672 -0.00956706 -0.00867797 -0.00793792 -0.00728824 -0.00672671 -0.0062306 -0.00578906 -0.00541203 -0.0050677 -0.00478026 -0.00450892 -0.00425627 -0.00403535 -0.00383173 -0.00363221 -0.00346895 -0.00329097 -0.00314011 -0.00299429 -0.00285539 -0.00272666 -0.0025948 -0.002476 -0.0023579 -0.00226428 -0.00218391 -0.0021109 -0.00205593 -0.00204181 -0.00204429 -0.00211148 -0.00223225 -0.00246306 -0.00281105 -0.00327859 -0.00388323 -0.00469314 -0.00569664 -0.0069049 -0.00833618 -0.00997227 -0.0117596 -0.0136492 -0.0155418 -0.0173346 -0.0188879 -0.0200201 -0.0206102 -0.0204804 -0.0195019 -0.0176563 -0.0149258 -0.0113698 -0.00721214 -0.00261646 0.00216101 0.00685257 0.0112655 0.0152356 0.0186121 0.0213743 0.0234988 0.0250442 0.0260667 0.0266363 0.0267526 0.0263726 0.0254098 0.0237812 0.0213772 0.0182374 0.0143937 0.00996283 0.005171 0.000241737 -0.00458742 -0.00897261 -0.0127229 -0.0156604 -0.0176622 -0.0187516 -0.0189969 -0.0184691 -0.0173374 -0.0157531 -0.013893 -0.0119188 -0.00994371 -0.00807056 -0.0063509 -0.00480667 -0.00347653 -0.00237882 -0.00144959 -0.000687247 -9.39673e-05 0.00035449 0.00070608 0.000967207 0.00119604 0.00135712 0.00149274 0.00160964 0.00170243 0.00178111 0.0018689 0.00194415 0.00203716 0.00212429 0.00221863 0.00231767 0.00241728 0.00254192 0.00265225 0.00278897 0.00292919 0.00307735 0.00324989 0.00343892 0.00362724 0.00385789 0.00409583 0.00438038 0.00470532 0.00507305 0.00548642 0.00593774 0.0064805 0.00708972 0.00780574 0.00860583 0.00948692 0.0104506 0.0115103 0.0126386 0.0138246 0.0150379 0.016218 0.0173154 0.0182647 0.0190176 0.0194448 0.0194857 0.0190403 0.0180386 0.0164204 0.0141286 0.0111503 0.00746973 0.00314828 -0.0017769 -0.00721851 -0.013078 -0.0192361 -0.0255435 -0.031832 -0.0379384 -0.0437477 -0.0491358 -0.0539825 -0.0581778 -0.0616416 -0.0642813 -0.0660483 
0 -0.00722397 -0.0143354 -0.0212 -0.0276513 -0.0336252 -0.0390014 -0.0437202 -0.0477513 -0.0510894 -0.0537129 -0.0555845 -0.0567762 -0.0573064 -0.0572297 -0.0566061 -0.055509 -0.0539892 -0.0520766 -0.0498789 -0.0474389 -0.0448076 -0.0420389 -0.0391872 -0.0363232 -0.0334843 -0.030722 -0.0280439 -0.0254742 -0.023057 -0.0207871 -0.0187054 -0.0168257 -0.0151322 -0.0136097 -0.0122598 -0.0110897 -0.0100534 -0.00914695 -0.00836308 -0.00767611 -0.00708356 -0.00657201 -0.00611329 -0.00571082 -0.00535801 -0.00503855 -0.00475001 -0.00450631 -0.00428074 -0.00405888 -0.00384948 -0.00364562 -0.00346472 -0.00330437 -0.0031611 -0.00300779 -0.00287272 -0.00274313 -0.00261299 -0.00250634 -0.00241299 -0.00232812 -0.00228275 -0.00224323 -0.00224753 -0.00233182 -0.00247752 -0.00272274 -0.00308373 -0.00359717 -0.00428622 -0.00515532 -0.00623164 -0.00755734 -0.00910699 -0.0108689 -0.01279 -0.0148308 -0.0168738 -0.0188105 -0.0204896 -0.0217222 -0.0223233 -0.0221661 -0.0211109 -0.0191163 -0.0161748 -0.0123844 -0.00789984 -0.00294059 0.00221858 0.00731796 0.0121481 0.0164711 0.0201878 0.0232322 0.0255667 0.0272731 0.0284206 0.0290203 0.0291304 0.0286741 0.027552 0.0257069 0.0230575 0.0195928 0.0154157 0.0106344 0.00546814 0.000170795 -0.0049742 -0.0096864 -0.0137166 -0.0168774 -0.0190557 -0.0202589 -0.0205044 -0.0199397 -0.0187318 -0.0170451 -0.0150587 -0.0129485 -0.0108171 -0.00878562 -0.0069116 -0.00525863 -0.00381519 -0.00258576 -0.00157475 -0.000765603 -0.000119461 0.000387503 0.00078642 0.00107156 0.00130159 0.00149298 0.00163655 0.0017684 0.00187193 0.00195923 0.00205764 0.00215592 0.00225508 0.0023674 0.00246212 0.00256085 0.00267222 0.00280033 0.00293518 0.00309646 0.00326356 0.00343629 0.00362799 0.00383248 0.00406486 0.00433348 0.00463173 0.0049511 0.00531976 0.00575385 0.0062414 0.00680315 0.0074519 0.00817651 0.00900857 0.00992851 0.0109344 0.012028 0.0131962 0.0144193 0.0156572 0.0168988 0.018051 0.0190324 0.0198059 0.0202814 0.0203745 0.0199778 0.0190187 0.0174355 0.0151798 0.0122646 0.00866348 0.00442194 -0.000413911 -0.00576749 -0.0115142 -0.0175329 -0.0236707 -0.0298183 -0.0357943 -0.0414738 -0.046762 -0.0515614 -0.0557965 -0.059394 -0.0623442 -0.0645687 -0.0660526 
0 -0.00701357 -0.0139429 -0.0206543 -0.027009 -0.0329376 -0.0383404 -0.0431405 -0.0473054 -0.0508313 -0.0536734 -0.0558137 -0.0573064 -0.0581762 -0.0584393 -0.0581409 -0.0573637 -0.0561383 -0.0545182 -0.0525809 -0.050376 -0.0479326 -0.0452999 -0.0425538 -0.0397413 -0.0369156 -0.0341093 -0.0313518 -0.0286801 -0.0261358 -0.0237148 -0.021446 -0.0193545 -0.0174411 -0.0157025 -0.0141547 -0.0128068 -0.0115889 -0.0105179 -0.00957703 -0.0087664 -0.00806971 -0.00746021 -0.00692035 -0.00643559 -0.00601991 -0.00563878 -0.00529186 -0.00499783 -0.00473271 -0.00447542 -0.00424917 -0.00402485 -0.00383039 -0.00364932 -0.00347428 -0.00330045 -0.00314422 -0.00300634 -0.00286692 -0.002746 -0.00263436 -0.0025372 -0.00248065 -0.00246061 -0.0024736 -0.0025623 -0.00271685 -0.00298565 -0.0033802 -0.00392534 -0.00465451 -0.00561625 -0.00680201 -0.00821995 -0.0098755 -0.0117606 -0.0138251 -0.0160187 -0.0182126 -0.0202785 -0.0220577 -0.0233511 -0.0239994 -0.0238293 -0.0226951 -0.0205664 -0.0174317 -0.0133713 -0.00859051 -0.0032845 0.00226273 0.00775626 0.0129645 0.0176638 0.0217025 0.0250308 0.0276105 0.0295005 0.0307515 0.0314017 0.031471 0.030907 0.0296279 0.0275722 0.0246509 0.0208964 0.0163825 0.0112415 0.00572224 8.26778e-05 -0.00540336 -0.0104006 -0.0146839 -0.0180565 -0.0203832 -0.021671 -0.0219668 -0.0213835 -0.0201096 -0.0183183 -0.0162067 -0.0139545 -0.0116787 -0.00950432 -0.00749355 -0.00568875 -0.00412232 -0.00281307 -0.00172303 -0.000839521 -0.000138005 0.000412672 0.000853778 0.0011822 0.00144801 0.00164099 0.00179618 0.00194164 0.0020626 0.00216331 0.00227148 0.00237146 0.00248152 0.00259432 0.00270448 0.00282575 0.00296118 0.00311396 0.00325587 0.00342643 0.00360803 0.00380121 0.00401772 0.00425212 0.0045156 0.00484199 0.00519426 0.00558005 0.00601676 0.00652654 0.00711214 0.00777844 0.00854994 0.00939495 0.0103456 0.0113844 0.0125126 0.0137307 0.0150108 0.0162936 0.0175443 0.0187396 0.0197865 0.0205912 0.0210885 0.021205 0.020834 0.0199077 0.0183567 0.0161389 0.0132357 0.0096711 0.00547764 0.000708691 -0.00455417 -0.0102266 -0.0161577 -0.0221873 -0.0281682 -0.0339938 -0.0395235 -0.0446531 -0.0493214 -0.0534549 -0.0570026 -0.0599519 -0.0623376 -0.064125 -0.0653119 
0 -0.00672765 -0.0133818 -0.0198458 -0.0260084 -0.0318227 -0.0371962 -0.0420389 -0.0463053 -0.0499838 -0.0530303 -0.0554291 -0.0572297 -0.0584393 -0.0590503 -0.059098 -0.058664 -0.0577786 -0.056484 -0.0548454 -0.0529079 -0.0507002 -0.0482739 -0.0457012 -0.0430135 -0.0402534 -0.0374589 -0.0346766 -0.0319532 -0.0293218 -0.0267776 -0.0243485 -0.0220756 -0.0199671 -0.0180247 -0.0162715 -0.0147193 -0.0133115 -0.0120628 -0.0109644 -0.0100084 -0.00917353 -0.00843581 -0.0077884 -0.00722187 -0.00674229 -0.00630106 -0.00589254 -0.00553937 -0.00522671 -0.00493688 -0.00468387 -0.00444061 -0.00422226 -0.00401571 -0.00381286 -0.00361808 -0.00344873 -0.00330239 -0.00314976 -0.00300927 -0.00288004 -0.00277478 -0.00271371 -0.00269046 -0.00270667 -0.00280577 -0.00297979 -0.00326478 -0.00368353 -0.00426771 -0.00505155 -0.00607598 -0.00734426 -0.00886701 -0.0106476 -0.0126638 -0.0148667 -0.0171933 -0.0195133 -0.0216923 -0.0235704 -0.024938 -0.025623 -0.0254407 -0.02424 -0.0219754 -0.0186437 -0.014332 -0.00924882 -0.00360629 0.00229937 0.00816823 0.0137502 0.0188112 0.0231885 0.026816 0.0296451 0.0317225 0.0330885 0.0337748 0.033799 0.0331172 0.0316585 0.0293746 0.0261922 0.0221438 0.0173081 0.0118282 0.00595713 -2.38252e-05 -0.00582071 -0.0110949 -0.0156113 -0.0191685 -0.0216361 -0.0230107 -0.0233414 -0.022748 -0.021429 -0.019559 -0.0173367 -0.0149444 -0.0125161 -0.0101868 -0.00804142 -0.00612122 -0.00445001 -0.00303776 -0.00186387 -0.000917585 -0.000164383 0.000439368 0.000924143 0.00128684 0.00157278 0.00178257 0.00195205 0.00210827 0.00224036 0.00235362 0.00247457 0.00258686 0.00270687 0.00282713 0.00294893 0.00308894 0.00325175 0.00342542 0.00358392 0.00376474 0.00396759 0.00419689 0.00445809 0.00473782 0.00504478 0.00541609 0.00582342 0.00628094 0.00680917 0.00742393 0.00811856 0.00889863 0.00978763 0.0107646 0.011847 0.0130092 0.0142448 0.0155532 0.016897 0.0181928 0.0193935 0.020465 0.0213171 0.0218511 0.0219911 0.0216537 0.0207371 0.0191983 0.0170031 0.0141353 0.010593 0.00641509 0.00166587 -0.00356042 -0.00915503 -0.0150137 -0.0209773 -0.0268759 -0.0325662 -0.0379559 -0.0429297 -0.0474185 -0.0513942 -0.0548126 -0.05765 -0.0599358 -0.0617472 -0.0630843 -0.0639657 
0 -0.0063753 -0.0126788 -0.0188265 -0.0247243 -0.0303636 -0.0356451 -0.0404795 -0.0448101 -0.0486111 -0.0518558 -0.0545026 -0.0566061 -0.0581409 -0.059098 -0.0595107 -0.0594385 -0.0589264 -0.0579725 -0.0566595 -0.0550176 -0.0530865 -0.0509176 -0.0485548 -0.0460426 -0.0433972 -0.0406825 -0.0379394 -0.0352137 -0.0325339 -0.0299028 -0.0273629 -0.0249613 -0.0226966 -0.0205701 -0.0186141 -0.0168465 -0.015251 -0.0138124 -0.0125477 -0.0114234 -0.0104284 -0.00955074 -0.00877557 -0.00811538 -0.00754644 -0.00703067 -0.00655739 -0.00614761 -0.00578546 -0.00545775 -0.00515282 -0.00487813 -0.0046247 -0.00439326 -0.00417151 -0.00395021 -0.00376252 -0.00359466 -0.0034284 -0.00327837 -0.00314688 -0.0030388 -0.002978 -0.00293187 -0.00293838 -0.00303271 -0.00322742 -0.00354327 -0.00400097 -0.00462942 -0.00547537 -0.00655645 -0.00790127 -0.00952556 -0.0114145 -0.0135529 -0.0158936 -0.0183568 -0.0208057 -0.0230978 -0.0250637 -0.0265043 -0.0272105 -0.0270088 -0.0257398 -0.0233385 -0.0198137 -0.0152811 -0.0099101 -0.00395151 0.00229732 0.00853834 0.0145007 0.0199136 0.0246349 0.0285602 0.0316374 0.0339021 0.0353926 0.0361072 0.036088 0.0352858 0.0336386 0.0311108 0.0276649 0.0233051 0.0181493 0.0123473 0.00614662 -0.000153384 -0.0062248 -0.0117669 -0.0165042 -0.0202352 -0.0228399 -0.0243045 -0.024664 -0.024069 -0.0227021 -0.0207548 -0.0184245 -0.0159029 -0.0133401 -0.0108759 -0.0085985 -0.00656954 -0.00479428 -0.00326872 -0.00200287 -0.000978679 -0.000164063 0.000483747 0.00099435 0.00138086 0.00167769 0.00191982 0.00211249 0.00229299 0.00244124 0.00256379 0.0026882 0.00281698 0.00294835 0.00309058 0.00322211 0.00337091 0.00355096 0.003736 0.00392513 0.00413066 0.0043671 0.00463711 0.00494155 0.00526709 0.00563513 0.00605786 0.00653921 0.00707412 0.00770454 0.00844038 0.00925406 0.0101624 0.0111662 0.0122796 0.0134988 0.0147874 0.0161165 0.0174752 0.0188173 0.0200646 0.0211458 0.0220176 0.0225791 0.0227286 0.0224101 0.0215224 0.020002 0.0177995 0.014932 0.0114136 0.00725888 0.00253506 -0.00269451 -0.00827526 -0.0140858 -0.019987 -0.0258233 -0.0314467 -0.0367224 -0.0415856 -0.0459249 -0.0497104 -0.0529463 -0.0556284 -0.0577683 -0.0594159 -0.0606789 -0.061578 -0.0621603 
0 -0.00595053 -0.0118526 -0.0176186 -0.0232201 -0.0286137 -0.0337508 -0.0385224 -0.0428794 -0.0468025 -0.0502241 -0.0531324 -0.055509 -0.0573637 -0.058664 -0.0594385 -0.0597479 -0.0595843 -0.0589889 -0.0579954 -0.0566764 -0.0550503 -0.0531511 -0.0510385 -0.0487265 -0.046271 -0.0437007 -0.0410646 -0.038396 -0.035717 -0.0330585 -0.0304647 -0.0279724 -0.0255851 -0.0232987 -0.0211599 -0.0192063 -0.0174096 -0.015788 -0.0143237 -0.0130259 -0.0118715 -0.0108397 -0.00993604 -0.00914138 -0.00845726 -0.00784441 -0.00729601 -0.00682349 -0.00640783 -0.00601354 -0.00565975 -0.00533093 -0.00504972 -0.00479731 -0.00454598 -0.00431106 -0.00409208 -0.00389884 -0.00371822 -0.00355294 -0.003411 -0.00330375 -0.00322028 -0.00318613 -0.0031883 -0.00327836 -0.00348653 -0.00383246 -0.00432912 -0.0049991 -0.0058842 -0.00705389 -0.00849535 -0.0101963 -0.0121871 -0.0144418 -0.01691 -0.0195045 -0.022089 -0.0244948 -0.0265469 -0.0280307 -0.0287654 -0.0285285 -0.0271751 -0.0246508 -0.020966 -0.0162012 -0.0105837 -0.00432613 0.00227396 0.00888121 0.015196 0.0209881 0.0260323 0.0302455 0.0335847 0.0360427 0.0376335 0.038407 0.0383308 0.0373944 0.0355652 0.0327948 0.0290474 0.0243974 0.0189132 0.0127833 0.00628202 -0.000293939 -0.00664189 -0.0124038 -0.0173455 -0.0212572 -0.0239971 -0.0255346 -0.0259459 -0.0253391 -0.023924 -0.021898 -0.019476 -0.0168417 -0.0141575 -0.0115682 -0.00917862 -0.00701047 -0.00511383 -0.00350633 -0.00215118 -0.00104679 -0.000171524 0.000519534 0.00106152 0.00148513 0.00182046 0.00206785 0.00229083 0.0024869 0.00265218 0.00278742 0.00291657 0.0030541 0.00321529 0.00336922 0.00352681 0.00368948 0.00387422 0.00408231 0.00429217 0.00453811 0.00481661 0.00512766 0.00547021 0.00584526 0.00627181 0.0067867 0.00735461 0.00799777 0.00873458 0.00958199 0.0105357 0.0115706 0.0127122 0.0139501 0.0152849 0.0166709 0.0180581 0.0194192 0.0207028 0.0218188 0.0227118 0.0233008 0.0234822 0.0231605 0.0222658 0.0207657 0.0185772 0.0157052 0.0121619 0.00799778 0.00328292 -0.00192987 -0.00750909 -0.0133263 -0.0192025 -0.0249984 -0.0305656 -0.0357638 -0.0405263 -0.0447674 -0.0484296 -0.0514783 -0.0539618 -0.0559242 -0.0573948 -0.0584681 -0.0592247 -0.0597327 -0.0600398 
0 -0.00548369 -0.0109323 -0.0163116 -0.021563 -0.0266856 -0.0316073 -0.036268 -0.0406235 -0.0446221 -0.048221 -0.051339 -0.0539892 -0.0561383 -0.0577786 -0.0589264 -0.0595843 -0.0597875 -0.0595238 -0.0588822 -0.0578924 -0.0565789 -0.0549771 -0.0531157 -0.0510626 -0.0488268 -0.0464554 -0.0439722 -0.0414131 -0.0388068 -0.0361855 -0.0335837 -0.0310429 -0.0285587 -0.0261585 -0.0238887 -0.0217584 -0.0197937 -0.0179567 -0.016308 -0.0148249 -0.0135027 -0.0123221 -0.0112546 -0.0103247 -0.00950166 -0.00877539 -0.00813505 -0.00757805 -0.00708044 -0.00663547 -0.00621028 -0.00585154 -0.00552584 -0.00523626 -0.00495903 -0.00469033 -0.00445804 -0.0042467 -0.00404311 -0.00384744 -0.00368188 -0.00355515 -0.00348433 -0.00343267 -0.00345501 -0.00356482 -0.00379171 -0.00413646 -0.00464837 -0.00535955 -0.00632879 -0.00754589 -0.00905807 -0.010877 -0.0129749 -0.0153362 -0.0179329 -0.0206475 -0.0233441 -0.0258543 -0.0279801 -0.029524 -0.030249 -0.0299813 -0.0285708 -0.0259231 -0.0220629 -0.0171179 -0.0112238 -0.00467233 0.00223482 0.00919007 0.0158754 0.0219916 0.0273859 0.0319038 0.035488 0.0381353 0.039866 0.040652 0.0405318 0.0394688 0.0374279 0.0343929 0.030388 0.0254122 0.0196201 0.0131955 0.0063861 -0.000479495 -0.00703907 -0.0130303 -0.0181501 -0.0222 -0.025068 -0.0267037 -0.0271399 -0.0265398 -0.0250864 -0.0230075 -0.0205002 -0.0177573 -0.0149621 -0.0122407 -0.00970809 -0.00744565 -0.00545315 -0.00371987 -0.00229021 -0.00113425 -0.000214103 0.000539742 0.0011431 0.00161623 0.00196316 0.00225034 0.00247384 0.00267766 0.00285174 0.00300594 0.00315325 0.00331578 0.00348007 0.00365928 0.00383087 0.00401599 0.004235 0.00445631 0.00471037 0.00498152 0.00530358 0.00566551 0.00605934 0.00649205 0.00700738 0.00760391 0.00830124 0.00906044 0.00992045 0.010896 0.0119688 0.0131594 0.0144246 0.0157892 0.0172016 0.0186274 0.0200175 0.0213245 0.0224787 0.0233924 0.0239866 0.0241932 0.0239021 0.0230119 0.0214897 0.0192913 0.0164311 0.0128816 0.00870331 0.00395623 -0.00126978 -0.00684448 -0.0126634 -0.0185353 -0.0243289 -0.0298755 -0.0350411 -0.0397282 -0.0438687 -0.0474434 -0.0503846 -0.0527092 -0.0544706 -0.0557468 -0.0566167 -0.0571621 -0.0574909 -0.0576554 -0.0577366 
