0 0 0 0 0 0 0 0 0 0 0 0 0 0 0 0 0 0 0 0 0 0 0 0 0 0 0 0 0 0 0 0 0 0 0 0 0 0 0 0 0 0 0 0 0 0 0 0 0 0 0 0 0 0 0 0 0 0 0 0 0 0 0 0 0 0 0 0 0 0 0 0 0 0 0 0 0 0 0 0 0 0 0 0 0 0 0 0 0 0 0 0 0 0 0 0 0 0 0 0 0 0 0 0 0 0 0 0 0 0 0 0 0 0 0 0 0 0 0 0 0 0 0 0 0 0 0 0 0 0 0 0 0 0 0 0 0 0 0 0 0 0 0 0 0 0 0 0 0 0 0 0 0 0 0 0 0 0 0 0 0 0 0 0 0 0 0 0 0 0 0 0 0 0 0 0 0 0 0 0 0 0 0 0 0 0 0 0 0 0 0 0 0 0 0 0 0 0 0 0 
0 7.45296e-05 0.00015768 0.000249462 0.000360585 0.000485463 0.000630439 0.000806734 0.00101621 0.00126781 0.00155588 0.00189901 0.00229207 0.00273029 0.00321774 0.00373664 0.00427633 0.00479536 0.00529666 0.00576017 0.00615672 0.00647578 0.00669456 0.00680803 0.00677067 0.00657869 0.00622703 0.00571179 0.00505036 0.0042643 0.00338406 0.00243541 0.00144346 0.00043067 -0.000570108 -0.00152396 -0.00237466 -0.00312411 -0.00373725 -0.00420939 -0.00455006 -0.00475886 -0.00486079 -0.0048418 -0.00472933 -0.00452491 -0.00425846 -0.00396216 -0.00365103 -0.00332639 -0.00301378 -0.0027036 -0.00240455 -0.0021268 -0.00186682 -0.00164287 -0.00144914 -0.00129235 -0.00114533 -0.00101367 -0.000889172 -0.000785424 -0.000696976 -0.000632974 -0.000571204 -0.000513561 -0.00045886 -0.000411035 -0.000371601 -0.000350437 -0.000335086 -0.000315805 -0.000303381 -0.000268331 -0.000210751 -0.000125236 -6.44412e-06 0.000140083 0.000305912 0.000522242 0.00074489 0.000972697 0.00119656 0.00138506 0.00149311 0.00150855 0.0013935 0.00116626 0.000820466 0.000377465 -0.00013737 -0.000694477 -0.00127954 -0.00183709 -0.00235589 -0.00281496 -0.00320075 -0.00349656 -0.00371473 -0.00384096 -0.00387913 -0.00382975 -0.00370693 -0.00349105 -0.00319312 -0.00281414 -0.00235599 -0.00182515 -0.0012663 -0.00068165 -0.000107924 0.000425314 0.000890612 0.00126964 0.00153015 0.00168903 0.00173409 0.00170473 0.00161842 0.00148349 0.00132353 0.00118079 0.00102826 0.000896054 0.000789198 0.000713001 0.000667218 0.000642666 0.000610417 0.000585907 0.000555798 0.000526537 0.000513422 0.000515119 0.000524802 0.000542529 0.00056713 0.000590823 0.000633111 0.000682769 0.000745685 0.000819542 0.000910225 0.00100345 0.00111791 0.00124133 0.00139798 0.00158554 0.00181534 0.00207372 0.00234437 0.00263704 0.00294266 0.00326374 0.00359889 0.00392165 0.00420621 0.00445179 0.0046124 0.00469029 0.00465672 0.00451615 0.00425279 0.00384799 0.00330552 0.00260865 0.00179439 0.000891666 -7.36685e-05 -0.00107389 -0.00206782 -0.00303352 -0.00393854 -0.00475919 -0.00545102 -0.00599437 -0.00638075 -0.00659766 -0.00667357 -0.00660264 -0.00641283 -0.00611938 -0.00574874 -0.00531502 -0.00482239 -0.00431295 -0.00379693 -0.00329282 -0.00281268 -0.00238085 -0.00200163 -0.00166156 -0.00136969 -0.00112612 -0.000923851 -0.000749612 -0.000609803 -0.000507462 -0.000430147 -0.000376137 
0 0.00015768 0.000318556 0.000513153 0.000725541 0.000989467 0.0012825 0.00164355 0.00207625 0.0025747 0.00316989 0.00384743 0.00464194 0.00550877 0.00646336 0.0074894 0.00852905 0.00956059 0.0105329 0.0114491 0.0122284 0.0128404 0.0132693 0.0134591 0.0133741 0.0129721 0.0122684 0.0112542 0.00994923 0.00840615 0.00667165 0.0047995 0.00285043 0.000868532 -0.00108584 -0.00292796 -0.00459797 -0.00605643 -0.00728143 -0.00823359 -0.00891903 -0.00936085 -0.00956142 -0.00954499 -0.00933877 -0.00896113 -0.00846516 -0.00790391 -0.00728918 -0.00665456 -0.00601806 -0.00540519 -0.00482524 -0.0042774 -0.00378655 -0.00333492 -0.00294492 -0.00262047 -0.00231718 -0.00204705 -0.00181124 -0.00158905 -0.00141866 -0.00127547 -0.00114097 -0.00103372 -0.000933703 -0.000853622 -0.000792041 -0.000737736 -0.00068916 -0.000644468 -0.000588387 -0.000518112 -0.000412717 -0.000268718 -4.71924e-05 0.0002529 0.000616473 0.00102745 0.0014822 0.00196044 0.00240806 0.00275109 0.00296256 0.00298574 0.00276907 0.00231376 0.00162702 0.000740186 -0.000289208 -0.0014092 -0.00255303 -0.00366986 -0.00472383 -0.00564169 -0.00640224 -0.0070051 -0.00742032 -0.00766011 -0.00775624 -0.00767276 -0.00741312 -0.0069921 -0.00638945 -0.00561413 -0.00470369 -0.0036659 -0.00253859 -0.00137259 -0.00022739 0.000833754 0.0017636 0.00251208 0.00304506 0.0033705 0.00348729 0.00341273 0.00321404 0.00294379 0.00264366 0.00232851 0.00203313 0.00179241 0.0016011 0.00144595 0.00134251 0.00126114 0.00119973 0.00113966 0.00108405 0.0010487 0.0010353 0.00103991 0.00106324 0.00108544 0.00113245 0.00119287 0.00127051 0.00138488 0.00150305 0.00164662 0.00182971 0.00202911 0.0022688 0.00254963 0.00285907 0.00323976 0.00368221 0.00417707 0.00471826 0.00529647 0.00591124 0.00654919 0.00719646 0.00781087 0.00835506 0.00880668 0.00912542 0.00925484 0.00917952 0.00887842 0.00832192 0.00750761 0.00641357 0.00504593 0.00345053 0.00168533 -0.000203624 -0.00216185 -0.00411616 -0.00599767 -0.00777295 -0.00937024 -0.010725 -0.011807 -0.0125689 -0.0130319 -0.0131892 -0.0130772 -0.0127167 -0.0121432 -0.0114299 -0.010565 -0.00961076 -0.00860173 -0.00759306 -0.0066055 -0.00565497 -0.00481091 -0.00404913 -0.00337972 -0.00279276 -0.00230484 -0.00190023 -0.00154334 -0.00126498 -0.0010478 -0.000891335 -0.000775509 
0 0.000249462 0.000513153 0.000801323 0.00114462 0.00153894 0.00200094 0.00255613 0.00320842 0.0039795 0.00486319 0.0059012 0.00707689 0.00836596 0.00977141 0.0112514 0.012778 0.0142551 0.01568 0.0169949 0.0181097 0.018982 0.0195496 0.0197918 0.0196057 0.0189884 0.0179411 0.0164564 0.0145692 0.0123264 0.00980226 0.00707583 0.00423451 0.00135959 -0.00145463 -0.00412171 -0.00652085 -0.00866347 -0.0104656 -0.0118944 -0.0129499 -0.0136209 -0.0139665 -0.013974 -0.0137248 -0.0132327 -0.0125635 -0.0117812 -0.0109133 -0.00997485 -0.00905115 -0.00815005 -0.00730311 -0.00652547 -0.00579188 -0.00512728 -0.00452314 -0.00400971 -0.00353994 -0.00313532 -0.00277115 -0.00246182 -0.00218582 -0.00196139 -0.00174895 -0.0015684 -0.0014223 -0.00131156 -0.00121935 -0.00114966 -0.00106889 -0.000965832 -0.000883214 -0.000766642 -0.000612072 -0.000390983 -6.5726e-05 0.000367486 0.000890456 0.00155945 0.00225272 0.00294508 0.00359848 0.00412795 0.0044238 0.00444969 0.00410986 0.00343777 0.00241669 0.00110079 -0.000437462 -0.00210866 -0.00385343 -0.00552306 -0.00707326 -0.00844072 -0.0095872 -0.0104715 -0.0111176 -0.0114938 -0.0116116 -0.0114703 -0.0111016 -0.0104608 -0.00956947 -0.00843033 -0.0070555 -0.00547133 -0.00379649 -0.00205754 -0.000356498 0.00122486 0.00261198 0.00375102 0.00455723 0.0050571 0.0052149 0.0051229 0.00483895 0.00440939 0.00391968 0.00348821 0.00306337 0.00270734 0.00241479 0.00218391 0.00201456 0.00189368 0.00177223 0.00169624 0.00163419 0.00158813 0.00157573 0.00158246 0.00159722 0.00163396 0.00170641 0.00180078 0.00195105 0.00211727 0.00230273 0.00251227 0.00277993 0.00308803 0.00348023 0.00391267 0.0044163 0.00497878 0.00563145 0.00636038 0.00714518 0.00800875 0.00891397 0.00984142 0.0107677 0.0116258 0.0123658 0.0129942 0.0134015 0.0135687 0.0134072 0.0129123 0.0120512 0.0108007 0.00918744 0.00718416 0.00487649 0.00232531 -0.000413229 -0.00326188 -0.00609875 -0.00884337 -0.0114055 -0.0137224 -0.0156915 -0.0172671 -0.0184203 -0.019115 -0.0194047 -0.0192732 -0.0187852 -0.0179861 -0.0169517 -0.0157248 -0.0143322 -0.012885 -0.0114179 -0.00997555 -0.00858968 -0.00732531 -0.00619669 -0.00517798 -0.00429445 -0.00355108 -0.00292944 -0.00239612 -0.00196536 -0.00164328 -0.00140012 -0.00122795 
0 0.000360585 0.000725541 0.00114462 0.00160669 0.00216472 0.00279983 0.00356455 0.00446692 0.00550366 0.00671754 0.00809223 0.00965811 0.0113416 0.0131516 0.0150597 0.0169838 0.018878 0.0206645 0.0223189 0.0237023 0.0247478 0.0254156 0.0256255 0.0253213 0.0244624 0.0230826 0.0211748 0.0187632 0.0159145 0.0127057 0.00923578 0.00562784 0.00198193 -0.00159195 -0.00496517 -0.00805126 -0.0108002 -0.0131627 -0.0150586 -0.0164725 -0.0174237 -0.017928 -0.0180309 -0.0177941 -0.0172526 -0.0164819 -0.0155538 -0.0144844 -0.0133311 -0.0121495 -0.0109989 -0.00990554 -0.0088696 -0.00791172 -0.00701013 -0.00619955 -0.00550125 -0.0048632 -0.0043045 -0.00382009 -0.00337485 -0.00300763 -0.0026865 -0.0023881 -0.00214391 -0.00193608 -0.00177527 -0.00165034 -0.00153662 -0.00142342 -0.00130751 -0.00117811 -0.00102324 -0.000809722 -0.000515039 -7.27241e-05 0.000524231 0.00125153 0.00208514 0.00299324 0.00392834 0.00479414 0.00546201 0.00586068 0.00588788 0.00544968 0.00454224 0.00317813 0.00141851 -0.000627142 -0.00285132 -0.00512849 -0.00734698 -0.00942607 -0.0112459 -0.0127581 -0.0139494 -0.014781 -0.0152665 -0.0154467 -0.015279 -0.0147681 -0.0139271 -0.012732 -0.0111985 -0.00938222 -0.00731351 -0.00507381 -0.00275957 -0.000488121 0.00161848 0.00346572 0.00496086 0.00603657 0.00669781 0.00694346 0.00681645 0.0064318 0.0058904 0.00528261 0.00466244 0.00408464 0.00360811 0.0032269 0.00291988 0.0027023 0.00253418 0.00240504 0.00229666 0.00220713 0.00215358 0.00213492 0.0021423 0.00217552 0.00222155 0.00232183 0.00246545 0.00265517 0.00290157 0.00315574 0.00345193 0.00382341 0.00425161 0.00477435 0.00537933 0.00604219 0.00680961 0.00767506 0.00863041 0.00967186 0.0107844 0.011949 0.013122 0.0142626 0.0152981 0.0161785 0.0168823 0.0173408 0.0174598 0.0171864 0.0164766 0.0152904 0.0136395 0.0115176 0.00894625 0.00599625 0.00274636 -0.000740828 -0.00437 -0.0079971 -0.0114873 -0.0147585 -0.0177005 -0.0202166 -0.0222615 -0.0237653 -0.0247391 -0.0251678 -0.0250861 -0.0245259 -0.02355 -0.0222774 -0.0207184 -0.0189771 -0.0171305 -0.0152654 -0.0134158 -0.0116139 -0.00996719 -0.00845828 -0.00710691 -0.0059121 -0.00490397 -0.00405971 -0.00333069 -0.00275622 -0.00231163 -0.00199033 -0.00175961 
0 0.000485463 0.000989467 0.00153894 0.00216472 0.00288507 0.00372267 0.00471247 0.00586717 0.00720465 0.00872657 0.0104579 0.0123746 0.0144291 0.0166116 0.0188744 0.0211636 0.0233737 0.0254656 0.0273573 0.0289159 0.0300655 0.0307337 0.0308776 0.0304005 0.0293006 0.0276005 0.0253008 0.022437 0.0190691 0.0152915 0.0112201 0.00698583 0.0027107 -0.00147895 -0.00546364 -0.00911142 -0.0124045 -0.0152437 -0.0175626 -0.0193443 -0.0205834 -0.0213331 -0.0215978 -0.0214588 -0.0209457 -0.0201406 -0.0191266 -0.0179438 -0.0166277 -0.0152743 -0.0139174 -0.0125983 -0.0113423 -0.0101449 -0.0090343 -0.00802154 -0.00713437 -0.00632188 -0.00560072 -0.00495321 -0.00439022 -0.00390276 -0.00349416 -0.00311958 -0.00279214 -0.00251257 -0.00228681 -0.00210261 -0.00195914 -0.00182003 -0.0016652 -0.00151507 -0.00130716 -0.00101755 -0.000611409 -4.32497e-05 0.000690706 0.00157024 0.00263065 0.00375456 0.00488876 0.00595159 0.00680177 0.00728183 0.00729801 0.00672902 0.00559181 0.00389094 0.00171155 -0.000827472 -0.00358551 -0.00643824 -0.00919452 -0.0117559 -0.014014 -0.0159029 -0.0173718 -0.0184279 -0.0190479 -0.0192485 -0.019025 -0.0184024 -0.0173454 -0.0158673 -0.0139781 -0.0117104 -0.00911677 -0.0063411 -0.0034672 -0.000647308 0.001979 0.00428267 0.00615984 0.00750452 0.00832918 0.00861939 0.00848931 0.00804355 0.00737357 0.00660082 0.0058596 0.00514105 0.00452475 0.00402279 0.00363903 0.00337323 0.00319012 0.00302793 0.0029084 0.0028029 0.00272342 0.00269582 0.00271062 0.00275736 0.00284214 0.00297949 0.00316057 0.00341713 0.00372124 0.00406884 0.00447145 0.00496265 0.00552591 0.00620178 0.00695666 0.00781429 0.00877817 0.00986871 0.0110586 0.0123161 0.0136448 0.0150009 0.0163502 0.017647 0.0188007 0.0197452 0.0204689 0.0208592 0.0208662 0.0203956 0.019424 0.0179154 0.0158589 0.0132871 0.0101996 0.00669768 0.00286028 -0.00124447 -0.00550991 -0.00976957 -0.0138861 -0.0177341 -0.0212141 -0.0242076 -0.0266563 -0.0285127 -0.0297384 -0.030362 -0.0303661 -0.0298063 -0.0287477 -0.027297 -0.0255202 -0.0234886 -0.0213384 -0.0191344 -0.016928 -0.0147682 -0.0127464 -0.0108906 -0.00919466 -0.00769367 -0.00640915 -0.00532219 -0.00439938 -0.00365785 -0.00309633 -0.00268217 -0.00239712 
0 0.000630439 0.0012825 0.00200094 0.00279983 0.00372267 0.00478087 0.00601983 0.00745822 0.00909681 0.0109508 0.0130094 0.0152616 0.0176443 0.0201405 0.0227068 0.0252602 0.0277169 0.029998 0.0320281 0.0336631 0.034815 0.0354266 0.035433 0.0347686 0.0334162 0.0314098 0.0287596 0.0255041 0.021719 0.0175076 0.0129906 0.00830383 0.00356733 -0.00109339 -0.00553933 -0.00965521 -0.0133783 -0.0166304 -0.0193328 -0.0214667 -0.0230418 -0.0240771 -0.0245881 -0.0246232 -0.0242214 -0.0234704 -0.0224626 -0.0212411 -0.0198601 -0.0183878 -0.0168806 -0.01538 -0.0139168 -0.0125204 -0.0112082 -0.0100086 -0.00893521 -0.00794165 -0.0070371 -0.0062249 -0.00550333 -0.00489362 -0.004375 -0.00391154 -0.00350897 -0.00316083 -0.0028717 -0.00263531 -0.00243462 -0.00224621 -0.00205211 -0.00184159 -0.00157527 -0.00121564 -0.00072228 -3.66124e-05 0.000851659 0.00192234 0.00316146 0.00450014 0.00586026 0.0071148 0.0080933 0.00864792 0.00864143 0.00795721 0.00658393 0.00454852 0.00194431 -0.00108102 -0.00436625 -0.00774077 -0.0110269 -0.0140877 -0.0167839 -0.0190323 -0.0207912 -0.0220363 -0.0227713 -0.0230201 -0.0227655 -0.0220112 -0.0207513 -0.0189788 -0.016715 -0.0140141 -0.0109438 -0.00762857 -0.00420165 -0.000831996 0.00230647 0.00506279 0.00730227 0.00892522 0.0099204 0.0102989 0.0101503 0.00961704 0.00883638 0.00794085 0.0070354 0.0061783 0.00544355 0.00484836 0.00438833 0.00406425 0.00383411 0.0036545 0.00350959 0.00338762 0.00330767 0.00328609 0.00332001 0.00339948 0.0035182 0.00369425 0.00392662 0.00423272 0.00461758 0.00506264 0.00559228 0.00622782 0.00695197 0.00778666 0.00871841 0.00975106 0.0109166 0.012214 0.0136082 0.0150628 0.0165502 0.018041 0.019496 0.0208651 0.0220548 0.0229898 0.023627 0.0238794 0.0236721 0.0229488 0.0216796 0.0198341 0.0174134 0.014426 0.0109025 0.0069366 0.00262613 -0.00195034 -0.00668141 -0.011406 -0.0159763 -0.0202744 -0.0241795 -0.0275745 -0.0303897 -0.0325579 -0.0340592 -0.0348854 -0.03504 -0.034553 -0.0334936 -0.0319748 -0.030055 -0.0278418 -0.0254538 -0.0229851 -0.0204866 -0.018016 -0.0156765 -0.0134914 -0.0114829 -0.00967835 -0.00811632 -0.00678281 -0.00564785 -0.00473604 -0.00403255 -0.0035179 -0.00316512 
0 0.000806734 0.00164355 0.00255613 0.00356455 0.00471247 0.00601983 0.00752868 0.00925928 0.0112052 0.0133734 0.0157428 0.0182922 0.020963 0.0237213 0.0265172 0.0292568 0.0318541 0.0342187 0.0362657 0.0378637 0.0389225 0.0393929 0.0392124 0.0383308 0.0367311 0.034446 0.0315004 0.0279427 0.0238602 0.0193605 0.0145621 0.0095881 0.00455246 -0.000421929 -0.00519267 -0.00964672 -0.0137032 -0.0172904 -0.0203352 -0.0228143 -0.0247342 -0.0260946 -0.026905 -0.0271908 -0.0269964 -0.0264037 -0.0255003 -0.0243343 -0.0229614 -0.0214454 -0.0198532 -0.0182331 -0.0166229 -0.0150593 -0.013564 -0.0121727 -0.0108972 -0.00971469 -0.00862928 -0.00765131 -0.00677904 -0.00602816 -0.00537621 -0.00479866 -0.00429667 -0.00386963 -0.00351615 -0.00322346 -0.00296386 -0.00271135 -0.00245161 -0.00217054 -0.00183688 -0.00140216 -0.000814523 -1.35512e-05 0.00102043 0.00227775 0.00372127 0.00527624 0.00683618 0.00825839 0.00935964 0.00996979 0.00992751 0.00911935 0.0075162 0.00515631 0.00214277 -0.00135953 -0.00516476 -0.0090668 -0.012868 -0.0163992 -0.0195144 -0.022117 -0.0241579 -0.0256057 -0.026463 -0.0267442 -0.0264454 -0.0255663 -0.0241059 -0.0220552 -0.019436 -0.0163033 -0.0127463 -0.00890163 -0.00493635 -0.00103767 0.00259799 0.00579664 0.00840288 0.0103109 0.0114862 0.0119546 0.0118097 0.011206 0.0103048 0.00926765 0.00821677 0.00723754 0.00639104 0.00570088 0.00516479 0.00477675 0.00449582 0.00428679 0.00412715 0.0040097 0.00394374 0.0039379 0.00398904 0.00409039 0.00424298 0.0044654 0.00476665 0.00515583 0.00563657 0.00619336 0.00685014 0.00762569 0.00851649 0.00952718 0.0106481 0.0118728 0.013227 0.0147029 0.0162622 0.0178616 0.0194599 0.0210229 0.0225082 0.0238584 0.0249831 0.0258063 0.0262678 0.0262943 0.0258112 0.024782 0.0231851 0.0210055 0.0182466 0.0149118 0.0110414 0.0067258 0.00207196 -0.00282953 -0.00786413 -0.0128855 -0.0177548 -0.0223604 -0.0265785 -0.0302908 -0.0334094 -0.0358606 -0.0376197 -0.038669 -0.0390137 -0.0386736 -0.0377149 -0.0362332 -0.0342924 -0.0320005 -0.0294738 -0.0268176 -0.0240933 -0.0213736 -0.0187546 -0.0162744 -0.0139668 -0.011868 -0.0100248 -0.00843465 -0.0070823 -0.00598697 -0.0051377 -0.00451616 -0.00409905 
0 0.00101621 0.00207625 0.00320842 0.00446692 0.00586717 0.00745822 0.00925928 0.0112855 0.013539 0.0159948 0.0186533 0.0214544 0.0243646 0.0273239 0.0302633 0.0331025 0.0357239 0.0380629 0.0400053 0.0414572 0.0423368 0.0425879 0.0421782 0.0410507 0.0392116 0.0366822 0.0335072 0.0297496 0.025496 0.020852 0.0159284 0.0108241 0.00564874 0.000523357 -0.00443008 -0.00908727 -0.0133856 -0.017237 -0.0205842 -0.0233928 -0.0256426 -0.0273424 -0.028482 -0.0290834 -0.0291886 -0.0288592 -0.0281608 -0.0271493 -0.0258634 -0.0243904 -0.0227895 -0.0211192 -0.0194273 -0.0177292 -0.0160765 -0.0145002 -0.0130235 -0.0116566 -0.0103994 -0.0092517 -0.00823375 -0.00732283 -0.00652161 -0.00581252 -0.00518902 -0.00466539 -0.00423065 -0.00386074 -0.00353366 -0.0032124 -0.00287807 -0.00253074 -0.00212086 -0.00159967 -0.000898111 3.4777e-05 0.0012236 0.00265599 0.00430543 0.00605787 0.00779275 0.00936482 0.0105853 0.0112341 0.0111516 0.0102127 0.00838107 0.00569674 0.00228218 -0.00168687 -0.0059913 -0.0104122 -0.0147117 -0.018696 -0.0222205 -0.0251716 -0.0274757 -0.0291244 -0.0301049 -0.030415 -0.0300733 -0.0290822 -0.0274175 -0.0250924 -0.0221285 -0.0185733 -0.0145359 -0.0101813 -0.00568693 -0.0012698 0.00285618 0.00648637 0.00945454 0.0116416 0.0130044 0.0135627 0.0134431 0.0127956 0.0117905 0.0106109 0.00942638 0.00831442 0.00734587 0.00655448 0.00594782 0.00550292 0.00518917 0.00495321 0.00479041 0.00468363 0.00463064 0.00464434 0.00471748 0.00484257 0.00504151 0.00532316 0.00570738 0.00620903 0.00679969 0.00748911 0.0082807 0.00919585 0.0102519 0.0114432 0.0127484 0.0141708 0.0156907 0.0173099 0.0189872 0.0206694 0.0223234 0.023891 0.0253262 0.0265594 0.0275076 0.028105 0.0283018 0.0280243 0.0272285 0.0258648 0.02393 0.0214283 0.0183577 0.014747 0.0106254 0.00608627 0.00122731 -0.00385364 -0.00904222 -0.0142072 -0.0192317 -0.0240009 -0.0284106 -0.0323418 -0.0356889 -0.0383902 -0.0403863 -0.0416797 -0.0422493 -0.0421232 -0.0413587 -0.0400122 -0.0381721 -0.0359059 -0.0333475 -0.0305886 -0.0277124 -0.0248119 -0.0219586 -0.0192289 -0.0166477 -0.0142784 -0.0121629 -0.0103153 -0.0087456 -0.00745388 -0.00645335 -0.00571378 -0.00523023 
0 0.00126781 0.0025747 0.0039795 0.00550366 0.00720465 0.00909681 0.0112052 0.013539 0.0160731 0.0188162 0.0217099 0.0247306 0.0278151 0.030893 0.0339013 0.0367155 0.039274 0.0414587 0.0431992 0.0444155 0.0450302 0.0450222 0.0443272 0.0429507 0.0408774 0.0381453 0.0348164 0.0309511 0.0266396 0.0219753 0.0170498 0.0119594 0.00679774 0.0016699 -0.00329665 -0.00804542 -0.0124611 -0.0165067 -0.0201011 -0.0231889 -0.0257649 -0.0277896 -0.029295 -0.0302626 -0.0307361 -0.0307508 -0.0303487 -0.0295657 -0.0284773 -0.0271247 -0.0256043 -0.0239644 -0.0222359 -0.0204734 -0.0187014 -0.0169848 -0.0153418 -0.0138061 -0.0123675 -0.0110563 -0.00985496 -0.00879209 -0.00783335 -0.00698556 -0.00624109 -0.00560149 -0.00505492 -0.00459476 -0.00417088 -0.00377031 -0.00337953 -0.00293804 -0.00243807 -0.00180973 -0.000984449 9.2461e-05 0.0014449 0.00307128 0.00486693 0.00680539 0.00873362 0.0104531 0.0117495 0.0124402 0.0122996 0.011228 0.00915486 0.00615232 0.00233944 -0.00207442 -0.00686512 -0.0117561 -0.0165431 -0.0209863 -0.024911 -0.0281868 -0.0307648 -0.0325844 -0.033672 -0.0340322 -0.0336658 -0.032544 -0.0306928 -0.0280879 -0.0247687 -0.0208076 -0.0163336 -0.0114749 -0.00647062 -0.00153811 0.00306817 0.00713179 0.0104497 0.0129171 0.0144568 0.0151406 0.0150383 0.0143395 0.0132636 0.0119979 0.0106507 0.00940347 0.00830751 0.00741687 0.00673402 0.00623768 0.00588557 0.00565981 0.00548767 0.00538398 0.00535265 0.00538591 0.00549562 0.00567843 0.00593821 0.00629742 0.00678317 0.00737897 0.00810591 0.00893361 0.00988573 0.0109645 0.0121965 0.013554 0.0150448 0.0166208 0.0182898 0.0200076 0.0217406 0.0234518 0.0250713 0.0265664 0.0278645 0.0288867 0.0295665 0.0298574 0.0296944 0.0290735 0.0279094 0.0262048 0.0239327 0.021111 0.0177777 0.0139356 0.00966878 0.00502597 0.000103134 -0.00500722 -0.0102035 -0.0153774 -0.0204117 -0.0252217 -0.0296924 -0.033735 -0.0372433 -0.0401315 -0.0423724 -0.0439014 -0.0447415 -0.0448807 -0.044372 -0.0432642 -0.0416018 -0.0394887 -0.03699 -0.0342326 -0.0312963 -0.0282802 -0.0252746 -0.0223353 -0.0195418 -0.0169314 -0.0145671 -0.012477 -0.0106786 -0.00919469 -0.00801779 -0.00715525 -0.00659007 
0 0.00155588 0.00316989 0.00486319 0.00671754 0.00872657 0.0109508 0.0133734 0.0159948 0.0188162 0.021785 0.0248979 0.028062 0.0312541 0.034374 0.0373312 0.0400485 0.042411 0.0443678 0.0458084 0.0467102 0.0470143 0.0466776 0.0456914 0.044045 0.0417716 0.0388931 0.0354847 0.0316096 0.0273404 0.022753 0.0179446 0.0129842 0.00796574 0.00298534 -0.00189087 -0.00658191 -0.0110344 -0.0151655 -0.0189265 -0.0222551 -0.025107 -0.0274773 -0.0293567 -0.0307258 -0.0316107 -0.0320199 -0.0319687 -0.0315174 -0.0306933 -0.0295767 -0.0282146 -0.0266694 -0.0249951 -0.0232157 -0.0214076 -0.0196099 -0.0178392 -0.0161538 -0.0145487 -0.0130402 -0.0116807 -0.0104391 -0.0093303 -0.00834665 -0.0074608 -0.00668671 -0.00601722 -0.00543213 -0.00491452 -0.00442279 -0.00392654 -0.00339674 -0.00278273 -0.00202226 -0.00104642 0.000172229 0.0016666 0.00344108 0.00544843 0.00756933 0.00964281 0.0114922 0.0128991 0.0135869 0.0133707 0.0121353 0.00982694 0.00651031 0.00233349 -0.00250897 -0.0077563 -0.0131413 -0.0183856 -0.0232426 -0.0275457 -0.0311554 -0.0339781 -0.0360034 -0.0372126 -0.0375898 -0.0371672 -0.0359422 -0.0338884 -0.0310279 -0.0273892 -0.0230299 -0.0180922 -0.0127646 -0.00726883 -0.0018567 0.00322237 0.00770923 0.0113969 0.0141483 0.0158861 0.0166508 0.0165967 0.0158909 0.0147337 0.0133379 0.0119005 0.0105382 0.00931922 0.00830912 0.00754311 0.00699092 0.00662091 0.00637268 0.0062166 0.00613832 0.00612545 0.00619792 0.00635904 0.00660893 0.00696533 0.00742065 0.00800173 0.0087232 0.00956001 0.0105503 0.0116743 0.0129311 0.0143455 0.0158718 0.0174959 0.0192124 0.0209634 0.0227325 0.0244719 0.0261158 0.0276292 0.0289426 0.0300089 0.0307431 0.0310893 0.0310077 0.0304567 0.0294183 0.0278788 0.0258065 0.0232085 0.0201178 0.0165507 0.0125736 0.00823635 0.00360955 -0.00124879 -0.0062568 -0.0113284 -0.0163807 -0.021318 -0.0260418 -0.0304715 -0.034526 -0.0380999 -0.0411451 -0.0435758 -0.0453691 -0.0464857 -0.0469359 -0.0467515 -0.0459296 -0.0445614 -0.0426712 -0.0403588 -0.0376974 -0.034791 -0.0317564 -0.0286458 -0.0255823 -0.0226108 -0.0198159 -0.0172343 -0.0149139 -0.012911 -0.0112169 -0.00987585 -0.00886876 -0.00821931 
0 0.00189901 0.00384743 0.0059012 0.00809223 0.0104579 0.0130094 0.0157428 0.0186533 0.0217099 0.0248979 0.028149 0.0314124 0.0346229 0.0376801 0.0405072 0.0429947 0.0450987 0.0467212 0.0478057 0.0483381 0.0482698 0.0475941 0.0462832 0.0443962 0.0419543 0.0389905 0.0355821 0.0317789 0.0276422 0.0232407 0.0186487 0.0139405 0.00918066 0.00443445 -0.000232253 -0.00480834 -0.0091831 -0.0133282 -0.0171818 -0.0206782 -0.0237916 -0.0264667 -0.0287162 -0.030481 -0.0317812 -0.0326137 -0.0329842 -0.0329217 -0.0324808 -0.0316673 -0.0305511 -0.0291844 -0.0276131 -0.0259078 -0.0241161 -0.0222933 -0.0204497 -0.0186526 -0.0168973 -0.0152404 -0.0136951 -0.0122935 -0.0110128 -0.0098676 -0.00883838 -0.00792509 -0.00711461 -0.00640794 -0.0057528 -0.00513636 -0.00453642 -0.00386888 -0.0031303 -0.00224821 -0.00114295 0.000229561 0.00190037 0.00387404 0.00602371 0.00831589 0.0105593 0.0125137 0.013943 0.0146356 0.0143418 0.0129627 0.0104168 0.00679159 0.00222853 -0.00302949 -0.00871907 -0.0145238 -0.0202059 -0.0254831 -0.0301603 -0.0340772 -0.0371647 -0.0393524 -0.0406613 -0.0410844 -0.0406326 -0.0392744 -0.0370392 -0.0339118 -0.0299429 -0.0252116 -0.0198729 -0.0140757 -0.00809668 -0.00219211 0.00333701 0.00823189 0.0122569 0.0152878 0.0172253 0.0181531 0.0181454 0.0174082 0.0162005 0.0147371 0.0131524 0.011669 0.0103449 0.00925764 0.00842327 0.00781055 0.00739169 0.00715164 0.00699865 0.00694906 0.00699486 0.00712309 0.00735817 0.00769821 0.00814543 0.00870978 0.00941681 0.0102496 0.0112407 0.0123822 0.0136824 0.0151142 0.0166908 0.0183449 0.0200811 0.0218529 0.0236425 0.0253926 0.0270599 0.0285865 0.0298911 0.0309428 0.0316793 0.0320369 0.0319856 0.0314966 0.0305095 0.0290641 0.0271188 0.0247091 0.0218303 0.0185213 0.0148287 0.0107783 0.00647453 0.00194161 -0.00276023 -0.00756087 -0.0124027 -0.0172295 -0.0219555 -0.0265068 -0.0307956 -0.0347733 -0.0383518 -0.0414718 -0.0440868 -0.0461064 -0.047529 -0.0483176 -0.0484869 -0.0480315 -0.0469919 -0.0454351 -0.043379 -0.0409207 -0.0381469 -0.035164 -0.032052 -0.0289056 -0.0258348 -0.0228911 -0.0201343 -0.017625 -0.0154221 -0.0135533 -0.0120349 -0.0109006 -0.0101602 
0 0.00229207 0.00464194 0.00707689 0.00965811 0.0123746 0.0152616 0.0182922 0.0214544 0.0247306 0.028062 0.0314124 0.0346834 0.0378299 0.0407411 0.0433284 0.0455288 0.047277 0.048524 0.0491962 0.0493153 0.0488562 0.0478101 0.0461997 0.0440888 0.0415275 0.0385347 0.0351843 0.0315227 0.0276001 0.0234631 0.0191857 0.0148078 0.0103781 0.00594624 0.00153461 -0.00281901 -0.00704804 -0.0111028 -0.0149614 -0.018568 -0.0218686 -0.0248182 -0.0273937 -0.0295331 -0.0312469 -0.0325188 -0.0333322 -0.0337223 -0.0336954 -0.0332737 -0.0324843 -0.0313863 -0.0300338 -0.0284722 -0.026771 -0.024974 -0.0230997 -0.0212383 -0.0193994 -0.0176194 -0.0159493 -0.0143809 -0.0129304 -0.0116151 -0.0104185 -0.00934377 -0.00838454 -0.00752112 -0.0067247 -0.00596549 -0.00521797 -0.00442463 -0.00355107 -0.002517 -0.00124579 0.000292195 0.00213335 0.00428009 0.00663426 0.00908222 0.0114286 0.0134613 0.0149442 0.0156002 0.0152131 0.0136687 0.0108972 0.00697656 0.0020721 -0.0035863 -0.00970238 -0.015956 -0.0220491 -0.0277014 -0.0327159 -0.0369343 -0.0402551 -0.0426352 -0.044055 -0.0444994 -0.0439923 -0.0425304 -0.0401098 -0.0367451 -0.0324738 -0.0273717 -0.0215982 -0.015357 -0.00892018 -0.002574 0.00338818 0.00867435 0.0130486 0.0163636 0.0185219 0.0195756 0.0196586 0.0189525 0.0176906 0.0161134 0.014435 0.0128437 0.0114161 0.0102325 0.00932924 0.0086726 0.00823311 0.00797652 0.00785055 0.00785369 0.00796045 0.00816724 0.00848099 0.00891076 0.00946884 0.01016 0.0110066 0.0120062 0.0131473 0.0144551 0.0159019 0.0174667 0.0191613 0.0209128 0.0227074 0.0245143 0.0262681 0.0279276 0.0294456 0.0307474 0.0317791 0.0324814 0.0328201 0.0327438 0.0322492 0.0313194 0.0299081 0.0280408 0.0257277 0.0229955 0.0198788 0.0164288 0.012669 0.00865661 0.00445375 9.87645e-05 -0.00437413 -0.00889752 -0.0134274 -0.0179404 -0.0223752 -0.0266643 -0.030744 -0.0345734 -0.0380767 -0.0412254 -0.0439475 -0.0461814 -0.047884 -0.0490249 -0.0495852 -0.0495202 -0.0488913 -0.047711 -0.0460116 -0.0438411 -0.0412937 -0.0384718 -0.0354264 -0.0322952 -0.0291695 -0.0261396 -0.0232532 -0.0205888 -0.0182329 -0.0161967 -0.0145361 -0.0132745 -0.012456 
0 0.00273029 0.00550877 0.00836596 0.0113416 0.0144291 0.0176443 0.020963 0.0243646 0.0278151 0.0312541 0.0346229 0.0378299 0.0408189 0.0434878 0.0457582 0.0475821 0.0489227 0.0497332 0.0499645 0.0496521 0.0487971 0.0474112 0.0455354 0.0432541 0.0406173 0.0376386 0.0343885 0.0309163 0.0272615 0.0234575 0.0195494 0.0155608 0.0115147 0.00744357 0.00336162 -0.000710724 -0.00470863 -0.00860771 -0.0124012 -0.0160394 -0.0194607 -0.0226078 -0.0254529 -0.0279332 -0.030043 -0.0317515 -0.0330222 -0.0338684 -0.0342966 -0.0343061 -0.0339169 -0.0331747 -0.032118 -0.0307898 -0.029253 -0.0275555 -0.0257336 -0.0238799 -0.0220118 -0.0201652 -0.01838 -0.0166692 -0.0150566 -0.0135741 -0.0122172 -0.0109809 -0.00985333 -0.00882094 -0.00785214 -0.00693036 -0.0060283 -0.00507432 -0.00403619 -0.00283683 -0.00139241 0.000332022 0.00236511 0.00469262 0.00720307 0.00979543 0.0122653 0.0143654 0.0158495 0.0164608 0.015971 0.014259 0.0112588 0.00704971 0.00180296 -0.0042285 -0.010737 -0.0173883 -0.0238788 -0.0299104 -0.0352602 -0.0397556 -0.0432958 -0.0458278 -0.0473431 -0.0478318 -0.0473008 -0.0457342 -0.0431355 -0.039517 -0.0349322 -0.0294767 -0.0233179 -0.0166596 -0.00978574 -0.00299882 0.0033804 0.0090494 0.013759 0.0173517 0.0197329 0.0209538 0.0211254 0.0204425 0.0191645 0.017532 0.0157531 0.0140464 0.0125163 0.0112527 0.0102875 0.00958517 0.00912425 0.00887784 0.00878384 0.00884235 0.00903075 0.0093319 0.00975427 0.0103016 0.010983 0.0118118 0.0128076 0.0139612 0.0152677 0.0167288 0.0183108 0.0199833 0.0217484 0.0235409 0.0253421 0.0271058 0.0287559 0.0302354 0.0315032 0.0325008 0.0331761 0.0334836 0.033384 0.0328432 0.0318809 0.0304969 0.0286614 0.0264128 0.0237711 0.0207813 0.0174894 0.0139526 0.010203 0.00628681 0.00226309 -0.00185428 -0.00603938 -0.0102282 -0.0143908 -0.0185228 -0.0225931 -0.0265568 -0.030368 -0.0339977 -0.0373848 -0.0405052 -0.0432978 -0.0456932 -0.0476512 -0.0491256 -0.0500674 -0.050417 -0.0502104 -0.0494591 -0.0481639 -0.0463618 -0.0441357 -0.0415685 -0.0387082 -0.0356797 -0.0325969 -0.0295498 -0.0266013 -0.0238433 -0.021368 -0.0192057 -0.0174122 -0.0160402 -0.0151405 
0 0.00321774 0.00646336 0.00977141 0.0131516 0.0166116 0.0201405 0.0237213 0.0273239 0.030893 0.034374 0.0376801 0.0407411 0.0434878 0.045837 0.0477285 0.0491234 0.0500165 0.0503576 0.0501346 0.0493938 0.0481654 0.0464829 0.0443933 0.0419941 0.0393258 0.0364049 0.0332985 0.0300604 0.0267161 0.023281 0.0197673 0.0161893 0.012554 0.00887867 0.00517403 0.00143355 -0.00228061 -0.0059702 -0.00963162 -0.0132195 -0.0166766 -0.0199419 -0.022994 -0.0257709 -0.0282416 -0.0303549 -0.0320603 -0.0333505 -0.0342433 -0.0347132 -0.0347738 -0.0344501 -0.0337617 -0.0327533 -0.0314723 -0.0299675 -0.0282842 -0.0265063 -0.0246615 -0.0227949 -0.0209353 -0.019125 -0.0173854 -0.0157552 -0.0142387 -0.0128271 -0.0115142 -0.0103013 -0.009154 -0.00805914 -0.006983 -0.00584074 -0.00460142 -0.00319421 -0.0015492 0.000364359 0.00257234 0.00506933 0.00773615 0.0104684 0.0130489 0.0152118 0.0166934 0.0172447 0.0166252 0.0147229 0.0114877 0.00700355 0.00144082 -0.00493474 -0.0118143 -0.0188426 -0.0257017 -0.0320799 -0.03774 -0.0425016 -0.0462647 -0.048957 -0.0505678 -0.0510865 -0.0505136 -0.0488347 -0.0460656 -0.0422124 -0.0373366 -0.0315436 -0.0250107 -0.0179537 -0.0106721 -0.00347188 0.00330781 0.00935759 0.0144097 0.0182867 0.020887 0.02227 0.0225394 0.0219031 0.0206279 0.0189627 0.017118 0.0153287 0.0137052 0.01235 0.011308 0.0105609 0.0100886 0.00986997 0.00983089 0.00996585 0.0102494 0.0106547 0.0111982 0.0118842 0.0127129 0.0136972 0.0148442 0.0161358 0.0175828 0.0191653 0.0208527 0.0226006 0.0243904 0.0261632 0.0278972 0.0295319 0.0309942 0.0322085 0.0331408 0.0337545 0.0340052 0.0338739 0.0333164 0.0323134 0.030894 0.0290715 0.0268376 0.0242518 0.0213416 0.0181685 0.0147754 0.0112159 0.00753569 0.00377095 -1.57054e-05 -0.00383898 -0.00768361 -0.0114979 -0.0152614 -0.0189804 -0.0226481 -0.0262458 -0.0297474 -0.0331361 -0.0363681 -0.0394135 -0.0422275 -0.0447306 -0.0468964 -0.0486668 -0.049969 -0.0507371 -0.0509694 -0.0506804 -0.049835 -0.048465 -0.0466372 -0.044411 -0.0418338 -0.0390016 -0.0360493 -0.0330603 -0.0301189 -0.0273292 -0.0247856 -0.0225453 -0.020659 -0.0192118 -0.0182535 
0 0.00373664 0.0074894 0.0112514 0.0150597 0.0188744 0.0227068 0.0265172 0.0302633 0.0339013 0.0373312 0.0405072 0.0433284 0.0457582 0.0477285 0.0491825 0.0501302 0.0505361 0.0504091 0.0497387 0.048599 0.0470508 0.0451176 0.0428784 0.0404037 0.0377482 0.0349302 0.0320093 0.0290393 0.0260336 0.0229726 0.0198681 0.0167082 0.0135011 0.0102544 0.00693245 0.0035589 0.000132674 -0.00331159 -0.00678829 -0.0102631 -0.0136675 -0.0169787 -0.0201556 -0.0231497 -0.0259076 -0.028365 -0.0304574 -0.0321923 -0.0335383 -0.0344936 -0.0350222 -0.0351418 -0.0348802 -0.0342543 -0.0333172 -0.0320961 -0.0306319 -0.0289995 -0.027253 -0.0254141 -0.0235594 -0.0216941 -0.0198734 -0.0181256 -0.0164591 -0.0148714 -0.01338 -0.0119674 -0.0106364 -0.00935258 -0.00806499 -0.00672552 -0.0052696 -0.0036364 -0.00177479 0.000342142 0.00274524 0.00540631 0.00825475 0.0111093 0.0137612 0.0159604 0.0174403 0.0178992 0.0171544 0.0150657 0.0116015 0.00683556 0.000973501 -0.00573813 -0.0129533 -0.020332 -0.0275153 -0.0342103 -0.040161 -0.0451924 -0.0491632 -0.0520254 -0.0537282 -0.054266 -0.0536348 -0.0518508 -0.0489005 -0.0448294 -0.0396847 -0.0335845 -0.0266913 -0.0192606 -0.0115763 -0.00398508 0.00318825 0.00959372 0.0149694 0.0191209 0.0219655 0.0235071 0.0239103 0.0233626 0.0221072 0.0204021 0.0185241 0.0166575 0.014961 0.0135285 0.0124235 0.0116456 0.0111788 0.0109783 0.011016 0.0112466 0.0116345 0.0121708 0.0128471 0.013684 0.0146798 0.0158278 0.0171173 0.0185446 0.0200813 0.0217509 0.0234885 0.0252588 0.0270141 0.0286963 0.0302632 0.0316817 0.032854 0.0337333 0.0342794 0.0344521 0.0342507 0.0336356 0.0326031 0.0311411 0.0292874 0.027063 0.0244927 0.0216207 0.0185313 0.0152555 0.0118517 0.00835838 0.00479557 0.00124266 -0.00228599 -0.00577763 -0.00925143 -0.0126719 -0.0160212 -0.0193213 -0.0225779 -0.0257872 -0.0289549 -0.0320686 -0.0351045 -0.0380468 -0.0408248 -0.0434005 -0.0457131 -0.047732 -0.0493646 -0.0505232 -0.0512132 -0.0513845 -0.0510294 -0.0501285 -0.04875 -0.0469414 -0.0447159 -0.0421877 -0.0394453 -0.0366097 -0.0337554 -0.0310011 -0.0284646 -0.0261936 -0.0242849 -0.0228006 -0.0218219 
0 0.00427633 0.00852905 0.012778 0.0169838 0.0211636 0.0252602 0.0292568 0.0331025 0.0367155 0.0400485 0.0429947 0.0455288 0.0475821 0.0491234 0.0501302 0.0505855 0.0505211 0.0499202 0.0488449 0.0473601 0.0455388 0.0434251 0.041077 0.038581 0.0359816 0.0333094 0.0306077 0.027925 0.0252434 0.0225601 0.0198414 0.0171046 0.0143332 0.0114989 0.00858776 0.00555955 0.00246434 -0.000709876 -0.0039544 -0.0072462 -0.0105499 -0.0138271 -0.0170448 -0.0201649 -0.0231132 -0.0258326 -0.0282769 -0.030399 -0.0322046 -0.0336134 -0.034616 -0.0352077 -0.0353997 -0.0352268 -0.0346989 -0.0338268 -0.0326658 -0.0312645 -0.0296862 -0.0279879 -0.0261843 -0.0243424 -0.0224838 -0.0206508 -0.0188676 -0.017139 -0.0154627 -0.0138634 -0.0123152 -0.010815 -0.00931784 -0.00775058 -0.00606449 -0.00421337 -0.00212788 0.000229963 0.00286298 0.00573208 0.008719 0.01169 0.0144236 0.016626 0.0180295 0.0184166 0.0175413 0.0152743 0.0115914 0.00657254 0.000401536 -0.00661452 -0.0141475 -0.0218302 -0.0293276 -0.0363184 -0.042547 -0.047811 -0.0519898 -0.0549862 -0.0567754 -0.0573405 -0.0566769 -0.0547757 -0.0516679 -0.0473716 -0.0419632 -0.0355591 -0.0283445 -0.020552 -0.0124952 -0.00451314 0.00300955 0.00975116 0.0154327 0.0198542 0.0229319 0.0247121 0.0252665 0.024802 0.0235956 0.0219045 0.0199637 0.0180269 0.0162655 0.0147967 0.0136651 0.012867 0.0124006 0.0122465 0.0123484 0.0126741 0.0131975 0.0138706 0.0147078 0.0157029 0.0168538 0.0181571 0.0195882 0.0211079 0.0227327 0.0244177 0.0261474 0.0278645 0.0294993 0.0310074 0.0323382 0.0334371 0.0342587 0.0347355 0.0348426 0.0345724 0.0338812 0.032792 0.0312755 0.029372 0.0271287 0.0245723 0.0217369 0.0186817 0.0154709 0.012178 0.00883406 0.00545804 0.00209285 -0.00123868 -0.00446822 -0.00762967 -0.0107201 -0.0137329 -0.0166755 -0.0195595 -0.0224176 -0.02525 -0.0280735 -0.0308905 -0.0337063 -0.03649 -0.0392079 -0.0417849 -0.0442 -0.0464012 -0.0482978 -0.0498286 -0.0509264 -0.0515819 -0.051711 -0.0513213 -0.0504426 -0.0490939 -0.0473221 -0.0451623 -0.0427512 -0.0401532 -0.0374806 -0.034855 -0.0323806 -0.0301716 -0.0282791 -0.026825 -0.0258513 
0 0.00479536 0.00956059 0.0142551 0.018878 0.0233737 0.0277169 0.0318541 0.0357239 0.039274 0.042411 0.0450987 0.047277 0.0489227 0.0500165 0.0505361 0.0505211 0.0499744 0.048955 0.0475206 0.0457502 0.0437267 0.0414771 0.0390868 0.0366185 0.0341248 0.0316394 0.0291779 0.026771 0.0244097 0.022062 0.0197262 0.0173804 0.0150124 0.0125842 0.0100374 0.00739399 0.00463161 0.00177773 -0.00118931 -0.00426569 -0.00740419 -0.0105894 -0.0137697 -0.0169218 -0.0199821 -0.022895 -0.0256009 -0.0280752 -0.0302478 -0.0320876 -0.0335419 -0.0346033 -0.0352893 -0.0355943 -0.0355191 -0.0350664 -0.0342776 -0.0331961 -0.0318994 -0.0303942 -0.0287455 -0.0269682 -0.0251311 -0.0232745 -0.0214213 -0.0195744 -0.0177598 -0.0159609 -0.0142121 -0.0124908 -0.0107469 -0.00895987 -0.00703518 -0.00491407 -0.00256798 2.9779e-05 0.00288957 0.00594695 0.00912912 0.0122032 0.0149632 0.017168 0.0185466 0.0187992 0.0177704 0.0153158 0.0114229 0.0061647 -0.000238028 -0.0075389 -0.0153685 -0.0233679 -0.0311514 -0.0384163 -0.0448801 -0.0503647 -0.0547077 -0.0578508 -0.0597217 -0.0603116 -0.0596033 -0.0576194 -0.0543486 -0.0498521 -0.0441806 -0.0374815 -0.0299277 -0.021802 -0.0134064 -0.00511164 0.00275421 0.00981888 0.0158114 0.0205212 0.0238677 0.0258233 0.0265579 0.0262449 0.0251046 0.0234054 0.0214702 0.0194954 0.0176981 0.0161795 0.0150135 0.0142263 0.0137926 0.0136662 0.0138571 0.0142967 0.0149489 0.0157919 0.0167822 0.0179344 0.0192343 0.0206598 0.0221837 0.0237874 0.0254252 0.0271006 0.0287434 0.0303199 0.031751 0.0329994 0.0340074 0.0347416 0.0351341 0.0351597 0.0347959 0.0340353 0.0328879 0.0313276 0.029382 0.0270912 0.0245199 0.021711 0.018712 0.0155445 0.0123077 0.00904 0.00579939 0.0026006 -0.000550435 -0.00359038 -0.00652633 -0.00933744 -0.0120499 -0.0146716 -0.0172082 -0.019704 -0.0221862 -0.0246662 -0.0271654 -0.0296839 -0.0322507 -0.0348554 -0.0374469 -0.039998 -0.042444 -0.0447653 -0.0468713 -0.0486908 -0.0501819 -0.051262 -0.0518942 -0.0520221 -0.0516711 -0.0508522 -0.0495716 -0.0478986 -0.0458891 -0.0436501 -0.0412615 -0.0388495 -0.0365482 -0.0344475 -0.0326639 -0.0312656 -0.0303353 
0 0.00529666 0.0105329 0.01568 0.0206645 0.0254656 0.029998 0.0342187 0.0380629 0.0414587 0.0443678 0.0467212 0.048524 0.0497332 0.0503576 0.0504091 0.0499202 0.048955 0.0475599 0.0458388 0.0438528 0.0416815 0.0393694 0.0369935 0.034613 0.0322705 0.0299929 0.0277727 0.0256373 0.0235604 0.0215472 0.0195502 0.017567 0.0155646 0.0134853 0.0113107 0.00901793 0.00661654 0.00407957 0.0013978 -0.00142741 -0.00436582 -0.00738999 -0.0104538 -0.0135662 -0.0166545 -0.0196692 -0.0225668 -0.0252758 -0.0277703 -0.0299681 -0.0318448 -0.0333623 -0.034514 -0.0352996 -0.0356991 -0.0357026 -0.0353668 -0.0346945 -0.0337427 -0.0325368 -0.0310864 -0.0294593 -0.027708 -0.0258835 -0.0240134 -0.0221138 -0.0201805 -0.0182401 -0.0163038 -0.014373 -0.0123978 -0.0103442 -0.0081359 -0.00575165 -0.00314443 -0.000282998 0.00281146 0.0060646 0.00938114 0.0125727 0.0154124 0.0176031 0.0188792 0.0190279 0.0178451 0.0152023 0.0111032 0.00562557 -0.00103654 -0.00857995 -0.0166594 -0.0249083 -0.0329607 -0.040478 -0.0471841 -0.0528656 -0.0573753 -0.0606264 -0.0625744 -0.0631893 -0.0624607 -0.060376 -0.0569521 -0.0522363 -0.046317 -0.0393378 -0.0315055 -0.0230777 -0.0143671 -0.00573163 0.00244377 0.00981978 0.0161105 0.0210935 0.0246864 0.0268997 0.0278129 0.0276192 0.026585 0.0249754 0.0230605 0.0210756 0.0192513 0.0177196 0.0165425 0.0157447 0.0153348 0.015283 0.015574 0.0161391 0.0169473 0.0179426 0.0190994 0.0203907 0.0218065 0.0233172 0.0248928 0.0264956 0.0281158 0.0296943 0.0311955 0.0325559 0.033689 0.034589 0.0352012 0.0354909 0.0354274 0.0349678 0.0341038 0.0328712 0.0312554 0.0292905 0.0269705 0.0243695 0.021549 0.0185619 0.0154718 0.0122939 0.0090961 0.00593441 0.00284573 -0.000154377 -0.0030321 -0.00578339 -0.00838452 -0.0108626 -0.0132145 -0.0154653 -0.0176367 -0.0197587 -0.0218949 -0.0240484 -0.026244 -0.0284794 -0.0307985 -0.0331892 -0.0356372 -0.0381032 -0.0405476 -0.04293 -0.0451741 -0.0472387 -0.0490356 -0.0505226 -0.0516112 -0.0522629 -0.0524579 -0.0521804 -0.0514635 -0.0503104 -0.048808 -0.0470075 -0.0450099 -0.0429294 -0.0408802 -0.0390037 -0.0373761 -0.0361102 -0.0352525 
