0 0 0 0 0 0 0 0 0 0 0 0 0 0 0 0 0 0 0 0 0 0 0 0 0 0 0 0 0 0 0 0 0 0 0 0 0 0 0 0 0 0 0 0 0 0 0 0 0 0 0 0 0 0 0 0 0 0 0 0 0 0 0 0 0 0 0 0 0 0 0 0 0 0 0 0 0 0 0 0 0 0 0 0 0 0 0 0 0 0 0 0 0 0 0 0 0 0 0 0 0 0 0 0 0 0 0 0 0 0 0 0 0 0 0 0 0 0 0 0 0 0 0 0 0 0 0 0 0 0 0 0 0 0 0 0 0 0 0 0 0 0 0 0 0 0 0 0 0 0 0 0 0 0 0 0 0 0 0 0 0 0 0 0 0 0 0 0 0 0 0 0 0 0 0 0 0 0 0 0 0 0 0 0 0 0 0 0 0 0 0 0 0 0 0 0 0 0 0 0 
0 1.14502e-06 8.30468e-06 1.98447e-05 3.33452e-05 5.13682e-05 8.29343e-05 0.000121928 0.000176834 0.000250891 0.000343722 0.000458299 0.000590441 0.000754745 0.000946816 0.00117722 0.00144965 0.00175944 0.00212437 0.00253859 0.00300444 0.0035024 0.0040247 0.00456757 0.00508892 0.00558053 0.00602518 0.00640806 0.00670651 0.006891 0.0069636 0.00688866 0.00665365 0.006255 0.00569071 0.00499078 0.00417703 0.00327906 0.00231265 0.00130943 0.000304076 -0.00068028 -0.00161717 -0.00246226 -0.00319378 -0.00379663 -0.00425898 -0.004597 -0.00481226 -0.00490754 -0.00488494 -0.00476653 -0.00456099 -0.00429483 -0.00398398 -0.00365736 -0.00332556 -0.00300297 -0.00270092 -0.00240072 -0.00211915 -0.00186395 -0.00163523 -0.00144609 -0.00129603 -0.00115218 -0.0010326 -0.000913037 -0.000797347 -0.000687107 -0.000569062 -0.000429099 -0.000267585 -6.25581e-05 0.000177539 0.000443299 0.000715727 0.000971238 0.00118991 0.00133977 0.00139697 0.00134767 0.0012014 0.000952187 0.000600524 0.000168712 -0.000298375 -0.000789784 -0.00125672 -0.00167198 -0.0020081 -0.00225166 -0.00239749 -0.00246731 -0.00245828 -0.00241694 -0.00234675 -0.0022593 -0.00218199 -0.00213156 -0.00208989 -0.00209508 -0.0021293 -0.00218343 -0.00225484 -0.00233042 -0.00236736 -0.00235905 -0.00226745 -0.00209142 -0.00182091 -0.00146723 -0.00104616 -0.000583484 -8.63358e-05 0.000396672 0.000849604 0.00125112 0.00158151 0.00180701 0.0019184 0.00192698 0.0018606 0.00173604 0.00159003 0.00144565 0.00131617 0.00121023 0.0011181 0.00105207 0.00100959 0.000988888 0.000991773 0.00101209 0.00103657 0.00108644 0.00114048 0.0012211 0.00133301 0.00147338 0.00165089 0.0018727 0.00211527 0.00238712 0.00267608 0.00297644 0.00329783 0.00363237 0.00396284 0.00426088 0.00450961 0.00468121 0.00477088 0.00476191 0.0046441 0.00439339 0.00400879 0.00348659 0.00281969 0.00202763 0.00113902 0.00018023 -0.000807815 -0.00179677 -0.00277598 -0.0037059 -0.00455958 -0.00529605 -0.00590336 -0.00636012 -0.0066463 -0.006784 -0.00677074 -0.00663286 -0.00638808 -0.00604669 -0.005633 -0.00515956 -0.0046599 -0.00413889 -0.00361173 -0.00311618 -0.00265934 -0.00224868 -0.00188098 -0.0015659 -0.00130068 -0.00106618 -0.000869936 -0.000709128 -0.000578146 -0.000468461 -0.000377181 -0.000310394 -0.000257746 -0.000217186 -0.000189351 -0.000169707 -0.000157815 -0.00014713 
0 8.30468e-06 3.16204e-05 5.55114e-05 8.8429e-05 0.000125598 0.000191882 0.000271257 0.000377597 0.000521283 0.000701815 0.000926762 0.00119306 0.00152357 0.00191214 0.00238341 0.00293096 0.00356829 0.00430013 0.00513604 0.00606621 0.00704455 0.00808441 0.00913289 0.0101633 0.0111143 0.0119772 0.0127236 0.0132769 0.0136288 0.0137297 0.0135616 0.0130814 0.0122886 0.0111922 0.00982729 0.00824035 0.00648509 0.00458453 0.00261077 0.000644276 -0.00129589 -0.00311188 -0.00477705 -0.00620971 -0.00739969 -0.00833087 -0.00899825 -0.00943626 -0.00962925 -0.0095944 -0.00938393 -0.00901731 -0.00852005 -0.00795511 -0.00731496 -0.00666705 -0.006021 -0.00540542 -0.00481485 -0.00426372 -0.00376383 -0.00332356 -0.00294529 -0.00262815 -0.00234675 -0.0020891 -0.00186149 -0.00163468 -0.00141273 -0.00116819 -0.000883017 -0.000523861 -0.000117414 0.000355565 0.00086856 0.00139663 0.00190323 0.00234397 0.00263807 0.0027899 0.00272625 0.00240785 0.00187644 0.00116684 0.000303202 -0.000633447 -0.00160293 -0.00252176 -0.00332591 -0.00399796 -0.00449253 -0.00479564 -0.00494934 -0.00495476 -0.00484681 -0.00469187 -0.00451913 -0.00436017 -0.00424306 -0.00418632 -0.00419942 -0.00426774 -0.00439022 -0.00454394 -0.00466069 -0.00472285 -0.00469862 -0.0045159 -0.00417319 -0.00366076 -0.00296029 -0.00212126 -0.0011841 -0.000186158 0.000791696 0.00172367 0.00252985 0.00313904 0.00356353 0.00380267 0.00382475 0.00370456 0.00347682 0.00319645 0.00290736 0.00264082 0.00239693 0.00222031 0.00209071 0.00201418 0.00198333 0.00199868 0.00202455 0.00208915 0.00218222 0.00230955 0.002493 0.00272613 0.00300798 0.00335881 0.00377575 0.00425566 0.00479967 0.00537577 0.00599843 0.00662692 0.00728368 0.00791236 0.00847085 0.00893413 0.00925821 0.00940496 0.00937913 0.00911388 0.0085961 0.00782638 0.00677816 0.00548218 0.00392705 0.00219315 0.000312399 -0.00163566 -0.00358963 -0.0055144 -0.00734952 -0.00901129 -0.0104548 -0.0116443 -0.0125342 -0.0131198 -0.0133873 -0.0133881 -0.0131223 -0.0126506 -0.0119937 -0.0111769 -0.0102637 -0.00928088 -0.00826994 -0.00724239 -0.00627127 -0.00537442 -0.00455735 -0.00382194 -0.00318874 -0.00265093 -0.00217704 -0.0017805 -0.00144726 -0.00118355 -0.000951844 -0.000769515 -0.000631424 -0.000521132 -0.000444609 -0.000378904 -0.000347613 -0.000316538 -0.000299352 
0 1.98447e-05 5.55114e-05 9.62306e-05 0.000143485 0.000209019 0.000315717 0.000444879 0.000613129 0.000832999 0.00110898 0.00145462 0.00186278 0.00236922 0.00296501 0.00367718 0.00451688 0.00547307 0.00658225 0.0078238 0.00919325 0.010637 0.0121348 0.0136718 0.015145 0.0165249 0.0177635 0.0188126 0.019599 0.0200462 0.0201552 0.0198537 0.0191213 0.0179579 0.0163604 0.0143897 0.0120918 0.00953533 0.00677215 0.00390456 0.00104368 -0.00174035 -0.00437837 -0.00677228 -0.00887087 -0.0106353 -0.0120244 -0.0130566 -0.0137288 -0.0140478 -0.014038 -0.0137735 -0.0132868 -0.0126338 -0.0118393 -0.0109557 -0.0100139 -0.00906671 -0.00816699 -0.00729171 -0.00648393 -0.00575533 -0.00509289 -0.00452054 -0.00404006 -0.00358677 -0.00320888 -0.00285303 -0.00251214 -0.00217267 -0.00178983 -0.0013295 -0.000801192 -0.000172664 0.000530714 0.00128801 0.0020641 0.00281157 0.00347492 0.00395408 0.00416393 0.00404024 0.00358776 0.00280357 0.00171378 0.000403966 -0.000991388 -0.00242709 -0.00378112 -0.00498598 -0.00597967 -0.00672213 -0.00719151 -0.00742939 -0.00742585 -0.00729162 -0.00705616 -0.00676954 -0.00651959 -0.00636224 -0.00626508 -0.00630688 -0.00643311 -0.00660625 -0.00680693 -0.00699405 -0.00707149 -0.00702222 -0.00675359 -0.0062536 -0.00548554 -0.00445785 -0.00320551 -0.00179778 -0.000278353 0.00120312 0.00257355 0.0037585 0.00470196 0.00533829 0.00566136 0.00570765 0.0055497 0.0052253 0.00481585 0.00438141 0.0039688 0.00361906 0.00333324 0.00314537 0.00304351 0.00300837 0.0030309 0.00309204 0.00317523 0.00334024 0.0035462 0.00383735 0.00420797 0.00463714 0.00514829 0.0057711 0.00647169 0.00727753 0.00814943 0.00905118 0.00997763 0.0108976 0.0117691 0.0125354 0.0131651 0.0135907 0.0137826 0.013685 0.0132555 0.0124425 0.0112606 0.0097176 0.00780688 0.00556777 0.0030588 0.000337489 -0.00248949 -0.00533304 -0.00813925 -0.010792 -0.0132092 -0.015296 -0.0170272 -0.0183526 -0.0192213 -0.0196732 -0.0197002 -0.0193609 -0.0187047 -0.017764 -0.0166067 -0.0152795 -0.0138727 -0.0124061 -0.010919 -0.0095035 -0.00817751 -0.00696075 -0.00585366 -0.00489168 -0.00407301 -0.00335275 -0.00274576 -0.0022426 -0.00182996 -0.00148448 -0.00120125 -0.000990055 -0.000823084 -0.000692545 -0.0005985 -0.000533135 -0.00049062 -0.000459196 
0 3.33452e-05 8.8429e-05 0.000143485 0.000217263 0.000314658 0.000468604 0.000655681 0.000892193 0.00119846 0.0015825 0.00205918 0.00262905 0.00332581 0.00414474 0.00512212 0.00625265 0.00754923 0.00901286 0.0106431 0.0124153 0.014259 0.0161848 0.0181184 0.0200006 0.0217349 0.0232869 0.0245928 0.025522 0.0260388 0.0260806 0.0256244 0.0246268 0.0230963 0.0210473 0.0185278 0.0156007 0.0123508 0.00883761 0.00520035 0.00158753 -0.00194945 -0.00527532 -0.00834305 -0.0110408 -0.0133387 -0.0151926 -0.0165788 -0.0175272 -0.0180197 -0.018095 -0.0178475 -0.0173199 -0.0165506 -0.0156175 -0.0145176 -0.0133497 -0.0121556 -0.0109992 -0.00988488 -0.00884111 -0.00788116 -0.00701029 -0.00623456 -0.00555665 -0.00494544 -0.00439582 -0.00390882 -0.00343712 -0.00296764 -0.00244536 -0.00183418 -0.00109131 -0.000253372 0.000694261 0.00170961 0.00274793 0.00374317 0.00461047 0.00520701 0.0054974 0.005357 0.00472587 0.00366423 0.00224087 0.000525325 -0.00133134 -0.00323754 -0.00504395 -0.00663547 -0.00796077 -0.0089442 -0.00956048 -0.00986879 -0.00988259 -0.00967846 -0.00936771 -0.00901734 -0.00869924 -0.00847047 -0.0083605 -0.00839216 -0.00853704 -0.00877752 -0.00906651 -0.009294 -0.00940582 -0.00933964 -0.00897783 -0.00830129 -0.00728537 -0.00590877 -0.00424712 -0.00237947 -0.000389634 0.00156854 0.00341735 0.00501337 0.006236 0.00708324 0.00755473 0.0076247 0.00741178 0.00698356 0.00644013 0.00586565 0.00532464 0.00484154 0.00448802 0.00424643 0.0041192 0.00408353 0.00412701 0.00419969 0.00434123 0.00455608 0.00485605 0.00527083 0.00578196 0.00637465 0.0070739 0.00788621 0.00881166 0.00985644 0.0109661 0.0121328 0.0132851 0.0144316 0.0154886 0.0163974 0.0171225 0.0175937 0.0177437 0.0175492 0.0169037 0.015784 0.0142089 0.0121686 0.00971439 0.00684042 0.00365046 0.000193422 -0.00340296 -0.00702312 -0.0105831 -0.01396 -0.017017 -0.0196818 -0.0219086 -0.0236319 -0.0248272 -0.0254668 -0.0256015 -0.0252355 -0.0244574 -0.0233095 -0.0218506 -0.0201911 -0.0183966 -0.0165349 -0.0146352 -0.0128083 -0.0110861 -0.00948279 -0.00801514 -0.00672731 -0.00561837 -0.00464381 -0.00381839 -0.00312358 -0.00256042 -0.00207736 -0.00169139 -0.00139279 -0.0011539 -0.000975011 -0.000829385 -0.000744001 -0.000673671 -0.000633957 
0 5.13682e-05 0.000125598 0.000209019 0.000314658 0.000456857 0.000664053 0.000919365 0.00123872 0.00164637 0.00215287 0.00277778 0.00352055 0.00442174 0.00548096 0.00672729 0.00816975 0.00979249 0.0116142 0.013604 0.0157386 0.0179533 0.0202243 0.022513 0.0246991 0.0267132 0.0284839 0.0299311 0.0309406 0.0314263 0.0313733 0.0307252 0.0294639 0.0275983 0.0251386 0.022148 0.0186931 0.0148641 0.0107497 0.00649843 0.00226338 -0.00186482 -0.00579211 -0.00940989 -0.0126361 -0.0154122 -0.0176806 -0.0194388 -0.020684 -0.0214119 -0.0216551 -0.0214994 -0.0209928 -0.0201989 -0.0191662 -0.0179568 -0.0166332 -0.0152663 -0.0139212 -0.0125894 -0.0113182 -0.0101355 -0.00904312 -0.00807185 -0.00722176 -0.00643113 -0.00572955 -0.00507376 -0.00444387 -0.00381933 -0.00314042 -0.00235376 -0.00144248 -0.000378508 0.000817572 0.00210253 0.00340798 0.00464671 0.00571168 0.00645478 0.00676447 0.00654705 0.00578669 0.00449757 0.0027294 0.000602568 -0.00170138 -0.00407012 -0.00631917 -0.0083136 -0.00995275 -0.0111642 -0.0119249 -0.012294 -0.0122994 -0.0120761 -0.0117047 -0.0112675 -0.0108758 -0.0106042 -0.0104505 -0.0104875 -0.0106696 -0.0109516 -0.0112892 -0.0115943 -0.0117402 -0.011654 -0.0112049 -0.0103546 -0.00906614 -0.0073532 -0.00528749 -0.00297367 -0.000505653 0.00192513 0.00419518 0.00617633 0.00775622 0.00884707 0.00942544 0.00952759 0.00926527 0.00873137 0.00805719 0.00735141 0.00669116 0.00612861 0.00568463 0.00538752 0.00522981 0.005192 0.00525874 0.00539821 0.00560153 0.00591533 0.00631457 0.00684323 0.00749756 0.00825557 0.00914096 0.0101707 0.0113093 0.0125655 0.0138857 0.0152251 0.0165586 0.0178465 0.01902 0.0200016 0.02074 0.0211567 0.0212025 0.0208165 0.0199288 0.0184885 0.0165186 0.0140407 0.0110735 0.00766548 0.00389348 -0.000167005 -0.00438176 -0.0086272 -0.0128064 -0.0167661 -0.0203772 -0.023534 -0.0261971 -0.0283031 -0.0297896 -0.0306658 -0.0309227 -0.0306067 -0.0297824 -0.0284997 -0.0268503 -0.0249258 -0.0228434 -0.0206505 -0.018405 -0.0162185 -0.0141277 -0.0121627 -0.010343 -0.0087255 -0.00731554 -0.00607266 -0.00501031 -0.00411901 -0.00338316 -0.00276591 -0.00226096 -0.00186602 -0.00155066 -0.00130208 -0.00111334 -0.000981811 -0.000888306 -0.000826912 
0 8.29343e-05 0.000191882 0.000315717 0.000468604 0.000664053 0.000931619 0.00126306 0.00167339 0.00219162 0.00283311 0.00361531 0.00454968 0.00567138 0.00698882 0.0085257 0.0102786 0.0122374 0.0143938 0.0167221 0.0191822 0.0217067 0.024273 0.0268121 0.0292211 0.0313982 0.0332731 0.0347593 0.0357323 0.0361283 0.0359109 0.03505 0.0335226 0.0313408 0.0285309 0.0251558 0.0212948 0.0170448 0.0124981 0.0078045 0.00311622 -0.00148111 -0.00586774 -0.00994442 -0.0135994 -0.0167724 -0.019415 -0.0215142 -0.0230785 -0.0240914 -0.0245755 -0.0246025 -0.0242211 -0.0234865 -0.0224733 -0.0212299 -0.0198421 -0.0183735 -0.0168825 -0.0153817 -0.0139172 -0.01253 -0.011246 -0.010089 -0.00905394 -0.00809698 -0.00721186 -0.00638209 -0.00557773 -0.00477682 -0.00391981 -0.00294928 -0.00182029 -0.000531465 0.000911088 0.00245396 0.00401655 0.00549096 0.00674464 0.00760969 0.00797874 0.00772682 0.00680239 0.00524783 0.00314635 0.000624286 -0.0021242 -0.00493599 -0.00760662 -0.00996954 -0.0119152 -0.0133561 -0.014269 -0.0147113 -0.014735 -0.014461 -0.0140173 -0.0135102 -0.0130497 -0.0127164 -0.0125473 -0.0125815 -0.01279 -0.0131304 -0.0135333 -0.0138761 -0.014043 -0.0139271 -0.0133906 -0.0123749 -0.0108441 -0.00880309 -0.00634049 -0.00357595 -0.000644694 0.00225778 0.00498287 0.00735614 0.00922911 0.0105363 0.0112563 0.0114048 0.011109 0.0104921 0.00970526 0.00887776 0.00810112 0.00742843 0.00691293 0.00656378 0.006384 0.00635859 0.00646934 0.00667583 0.006983 0.00740022 0.00792679 0.00859109 0.00939033 0.0103157 0.0113865 0.0126038 0.013939 0.0153723 0.0168441 0.0183195 0.019753 0.0211179 0.0223252 0.0232877 0.0239398 0.0242076 0.0240404 0.0234039 0.0222218 0.0204607 0.0181359 0.0152593 0.0118704 0.00800807 0.00377015 -0.000758598 -0.00544158 -0.0101528 -0.0147874 -0.0191987 -0.0232376 -0.0268037 -0.0298375 -0.0322682 -0.0340439 -0.0351419 -0.0355748 -0.0353639 -0.0345772 -0.033267 -0.0315159 -0.0294423 -0.0271515 -0.0247166 -0.0221995 -0.019712 -0.0173067 -0.015014 -0.0128695 -0.0109317 -0.00921399 -0.00769128 -0.00637608 -0.00526335 -0.00433939 -0.00356133 -0.00292424 -0.00241416 -0.00200497 -0.00168363 -0.00143351 -0.00125922 -0.00113059 -0.00104944 
0 0.000121928 0.000271257 0.000444879 0.000655681 0.000919365 0.00126306 0.00168888 0.00221166 0.00286376 0.003663 0.00462773 0.00577762 0.00714124 0.00873267 0.0105614 0.0126178 0.0148868 0.0173474 0.0199703 0.0227021 0.0254768 0.0282538 0.0309524 0.0334703 0.0356984 0.037563 0.0389775 0.0398315 0.0400692 0.0396523 0.038561 0.0367759 0.0343122 0.0312124 0.0275457 0.0234025 0.0188758 0.0140617 0.00909505 0.0041136 -0.00078944 -0.00549508 -0.00989647 -0.0138804 -0.017381 -0.020359 -0.0227968 -0.0246947 -0.0260288 -0.0268106 -0.0270918 -0.0269219 -0.0263519 -0.0254541 -0.0242796 -0.0229107 -0.0214144 -0.0198449 -0.0182352 -0.0166311 -0.0150829 -0.0136274 -0.012289 -0.0110619 -0.00992072 -0.00884717 -0.00783348 -0.00684617 -0.00585235 -0.00479106 -0.00360328 -0.00224285 -0.000712038 0.000977912 0.0027688 0.00457329 0.00627441 0.00771767 0.00871857 0.00913322 0.00883032 0.00775106 0.00593932 0.00349583 0.000579866 -0.00259603 -0.00582454 -0.00889179 -0.0116096 -0.0138503 -0.0155183 -0.016589 -0.0171073 -0.0171506 -0.01684 -0.0163249 -0.0157357 -0.0152001 -0.0148115 -0.0146289 -0.0146732 -0.0149195 -0.0153101 -0.0157596 -0.0161355 -0.0163127 -0.0161565 -0.0155326 -0.0143586 -0.0125943 -0.0102443 -0.00739904 -0.00418888 -0.000787971 0.00259005 0.00575105 0.00850212 0.0106793 0.0122044 0.0130533 0.0132609 0.012956 0.0122835 0.0114019 0.0104587 0.00956417 0.00878941 0.00819939 0.00781091 0.00762882 0.00763593 0.00780412 0.00809364 0.00850748 0.00904413 0.00971414 0.01053 0.0114878 0.0125793 0.013816 0.0151912 0.0166802 0.0182421 0.0198159 0.0213552 0.0228115 0.0241502 0.0252841 0.0261248 0.0265972 0.0266358 0.0261952 0.0252507 0.0237436 0.0216536 0.0189923 0.0157756 0.012043 0.00784165 0.00326889 -0.00157443 -0.00655725 -0.0115615 -0.0164826 -0.0211897 -0.0255346 -0.0294144 -0.0327508 -0.0354673 -0.0375094 -0.0388446 -0.0394855 -0.0394489 -0.0387889 -0.0375547 -0.0358208 -0.0337046 -0.0313091 -0.0287172 -0.0260057 -0.0232802 -0.0206085 -0.0180281 -0.0155854 -0.0133407 -0.0113164 -0.00950896 -0.00792959 -0.00658081 -0.00544776 -0.00449192 -0.00370422 -0.00306435 -0.00254947 -0.00214171 -0.00182204 -0.0015902 -0.00141948 -0.00131041 
0 0.000176834 0.000377597 0.000613129 0.000892193 0.00123872 0.00167339 0.00221166 0.00286965 0.00367998 0.00466166 0.00583824 0.00722961 0.00885696 0.0107347 0.01285 0.0151983 0.0177425 0.0204703 0.0233322 0.0262687 0.0292219 0.0321085 0.0348696 0.0373739 0.0395432 0.0412897 0.0425302 0.0431967 0.0432108 0.0425666 0.041228 0.0391977 0.0364953 0.0331739 0.0293158 0.0250139 0.0203472 0.0154196 0.0103425 0.00522803 0.000195866 -0.0046796 -0.0092612 -0.0134748 -0.0172395 -0.0205128 -0.0232811 -0.0255093 -0.0271811 -0.0283008 -0.0288984 -0.0290202 -0.0287196 -0.028025 -0.0270198 -0.025751 -0.0243078 -0.0227453 -0.0211062 -0.0194366 -0.0177877 -0.0161901 -0.0146796 -0.0132596 -0.0119132 -0.0106483 -0.00943616 -0.00825716 -0.00705972 -0.0057808 -0.0043513 -0.00275461 -0.000959117 0.000990768 0.00303974 0.00509053 0.00701353 0.00863044 0.00976211 0.010198 0.00982391 0.00860097 0.00654886 0.00377608 0.000489313 -0.00309005 -0.00672319 -0.0101774 -0.0132493 -0.015775 -0.0176602 -0.0188793 -0.0194654 -0.019517 -0.0191841 -0.0186086 -0.017946 -0.0173454 -0.0169132 -0.0167023 -0.0167499 -0.017028 -0.0174602 -0.0179477 -0.0183691 -0.0185559 -0.0183573 -0.0176416 -0.0163039 -0.0142963 -0.0116433 -0.00842641 -0.00479577 -0.000945479 0.00289579 0.00647637 0.00959892 0.0121031 0.0138612 0.0148412 0.0151257 0.0148219 0.0141012 0.013134 0.0120836 0.0110781 0.0102258 0.00956863 0.00916314 0.00899921 0.00905512 0.00928838 0.00967504 0.0101885 0.010857 0.0116776 0.0126568 0.0137872 0.0150448 0.0164241 0.0179208 0.0195022 0.0211251 0.0227366 0.0242553 0.0256566 0.0268631 0.0278158 0.028431 0.0286361 0.0283772 0.027626 0.0263353 0.0244911 0.0220701 0.0190896 0.0155948 0.0115983 0.00718342 0.0024126 -0.00259278 -0.00771646 -0.0128531 -0.0179022 -0.0227465 -0.0272674 -0.0313495 -0.0349099 -0.0378715 -0.040155 -0.0417488 -0.0426244 -0.0428257 -0.0423711 -0.0413056 -0.0397048 -0.0376489 -0.0352579 -0.0325981 -0.0297751 -0.0268826 -0.0240009 -0.0211846 -0.0184832 -0.0159595 -0.0136444 -0.011557 -0.00970676 -0.00810818 -0.00674074 -0.00558647 -0.00462215 -0.00383214 -0.00319436 -0.00268015 -0.00228288 -0.00197841 -0.00176443 -0.00162387 
0 0.000250891 0.000521283 0.000832999 0.00119846 0.00164637 0.00219162 0.00286376 0.00367998 0.00466709 0.0058567 0.00726202 0.00891649 0.0108152 0.0129744 0.0153739 0.0179815 0.020786 0.0237285 0.0267815 0.0298591 0.0328953 0.0358167 0.0385092 0.0409069 0.0428956 0.0444186 0.0454049 0.0457868 0.0455402 0.0446151 0.0430271 0.0407739 0.0378849 0.034433 0.0304912 0.0261462 0.0214753 0.0165663 0.0115208 0.00644016 0.00141134 -0.00346285 -0.00811562 -0.0124502 -0.0163972 -0.0199196 -0.0229636 -0.025502 -0.0275105 -0.0289884 -0.0299549 -0.0304484 -0.0304806 -0.0301035 -0.0293402 -0.0282762 -0.0269829 -0.0255075 -0.0239241 -0.0222603 -0.0205567 -0.0188748 -0.0172306 -0.0156332 -0.0141189 -0.0126441 -0.0112305 -0.00983943 -0.00841697 -0.00690498 -0.00524508 -0.00337549 -0.00132019 0.00090549 0.00322951 0.00554174 0.00768422 0.00946043 0.0106689 0.0111344 0.0107133 0.00932383 0.00702919 0.0039766 0.000347752 -0.00363096 -0.00765803 -0.0114934 -0.0148984 -0.0176993 -0.0197874 -0.0211402 -0.0217883 -0.0218663 -0.0214916 -0.020865 -0.0201606 -0.0195098 -0.0190178 -0.0187953 -0.0188242 -0.0191088 -0.0195856 -0.020129 -0.0205729 -0.0207748 -0.0205365 -0.0197265 -0.0182186 -0.0159738 -0.0130109 -0.00943064 -0.00538762 -0.00112684 0.0031371 0.00715061 0.0106615 0.0134619 0.0154603 0.0166248 0.0169935 0.0166958 0.0159296 0.0148864 0.0137494 0.0126651 0.0117323 0.01105 0.0106327 0.0104909 0.010603 0.0109214 0.0114076 0.0120671 0.0128661 0.0138506 0.0149936 0.0162737 0.0176788 0.0191764 0.0207392 0.0223635 0.0239772 0.0255304 0.0269664 0.0282035 0.029199 0.0298737 0.0301685 0.0300254 0.0294132 0.0282962 0.0266577 0.0244639 0.0217316 0.0184808 0.0147509 0.0106039 0.00607672 0.00125129 -0.00377476 -0.00890382 -0.0140375 -0.0190764 -0.0239335 -0.028491 -0.0326663 -0.03636 -0.0394907 -0.0420053 -0.0438302 -0.0449822 -0.0454509 -0.045262 -0.0444568 -0.0430706 -0.0412037 -0.0389122 -0.0362997 -0.0334595 -0.030479 -0.0274632 -0.0244635 -0.0215559 -0.0187884 -0.016206 -0.0138491 -0.0117268 -0.00986077 -0.00824456 -0.00686363 -0.00570543 -0.00474372 -0.00396065 -0.00333011 -0.00283009 -0.00245218 -0.00217832 -0.00200442 
0 0.000343722 0.000701815 0.00110898 0.0015825 0.00215287 0.00283311 0.003663 0.00466166 0.0058567 0.00727365 0.00893765 0.0108592 0.01303 0.0154599 0.0181073 0.020961 0.0239648 0.0270881 0.0302597 0.0333965 0.0364441 0.0392732 0.0418259 0.0439881 0.0457144 0.046928 0.0475662 0.0476251 0.0470425 0.0458328 0.0439899 0.0415523 0.0385535 0.0350574 0.0311341 0.0268609 0.0222868 0.0175197 0.0126344 0.00769674 0.00282691 -0.0019575 -0.00654584 -0.0109085 -0.0149526 -0.0186298 -0.0219049 -0.0247126 -0.0270455 -0.0289003 -0.0302614 -0.0311506 -0.0315939 -0.0315727 -0.0311697 -0.0304034 -0.0293594 -0.0280723 -0.026609 -0.0250022 -0.0233123 -0.0215872 -0.0198689 -0.0181695 -0.0164989 -0.0148599 -0.0132306 -0.0116082 -0.00993972 -0.00817599 -0.00624426 -0.00413465 -0.00179165 0.000717256 0.00331743 0.00587982 0.00823713 0.0101661 0.0114876 0.0119396 0.0114303 0.00992764 0.0074341 0.00407341 0.000102051 -0.00424146 -0.00864157 -0.0128297 -0.0165542 -0.0196064 -0.0218843 -0.0233673 -0.0240811 -0.0241733 -0.0238036 -0.0231355 -0.0223613 -0.0216488 -0.0211236 -0.0208681 -0.0209042 -0.0212168 -0.0217136 -0.0222686 -0.0227494 -0.0229522 -0.0226716 -0.0217703 -0.0201029 -0.0176195 -0.014364 -0.0104294 -0.00599672 -0.0013111 0.00338729 0.00777437 0.0116335 0.0147849 0.0170467 0.0183606 0.0188383 0.018573 0.0177927 0.0166986 0.0154931 0.0143427 0.0133867 0.0126576 0.0122396 0.0121215 0.0122929 0.0127063 0.0133444 0.0141492 0.0151262 0.0162621 0.0175341 0.0189316 0.0204283 0.0219893 0.0235876 0.0251883 0.0267206 0.0281467 0.0293712 0.0303738 0.031051 0.0313751 0.0312869 0.0307377 0.0297179 0.0282226 0.0262046 0.0236941 0.0206876 0.017211 0.0133476 0.00911256 0.00460404 -0.000162714 -0.00507892 -0.0100811 -0.0150943 -0.0200151 -0.0247638 -0.0292628 -0.0334166 -0.0371471 -0.0403905 -0.0430626 -0.0451347 -0.0465452 -0.0473273 -0.047453 -0.0469603 -0.0458977 -0.044292 -0.0422292 -0.0397603 -0.0370071 -0.0340344 -0.0309487 -0.0278369 -0.0247664 -0.0217989 -0.0189807 -0.0163723 -0.0139858 -0.0118533 -0.00997267 -0.0083565 -0.0069792 -0.00582613 -0.00487992 -0.00410514 -0.0034986 -0.0030224 -0.00268774 -0.00246758 
0 0.000458299 0.000926762 0.00145462 0.00205918 0.00277778 0.00361531 0.00462773 0.00583824 0.00726202 0.00893765 0.0108649 0.013065 0.0155003 0.0181776 0.0210603 0.0241023 0.0272765 0.0304959 0.0337112 0.0368163 0.0397485 0.0424071 0.0446867 0.0465527 0.0479291 0.0487732 0.0490361 0.0487134 0.0478037 0.0462901 0.0442234 0.0416442 0.0385904 0.0351246 0.0313026 0.0271805 0.0228173 0.0182946 0.0136754 0.00900838 0.00436283 -0.000206692 -0.00466399 -0.00895016 -0.0129915 -0.0167539 -0.0201811 -0.0232221 -0.025864 -0.0280796 -0.02984 -0.0311523 -0.0320087 -0.0324295 -0.032428 -0.0320512 -0.0313422 -0.0303168 -0.0290601 -0.0276023 -0.0259911 -0.0243111 -0.022576 -0.0207975 -0.0190253 -0.0172167 -0.0153966 -0.0135535 -0.0116389 -0.00961034 -0.00741399 -0.00499652 -0.00237073 0.000422445 0.00329399 0.00610719 0.00866429 0.0107415 0.0121352 0.01263 0.0120836 0.0104159 0.00768309 0.00406418 -0.000222475 -0.00492045 -0.00966003 -0.0141665 -0.0181726 -0.0214636 -0.0239312 -0.0255508 -0.0263427 -0.0264676 -0.0260624 -0.0253461 -0.0245335 -0.0237759 -0.0232006 -0.022935 -0.0229586 -0.023277 -0.0238115 -0.024406 -0.0248844 -0.0250683 -0.0247293 -0.0237295 -0.0219097 -0.0192165 -0.0156846 -0.0114123 -0.0065864 -0.00150249 0.00359986 0.00841074 0.0126404 0.0160647 0.0185575 0.0200799 0.020686 0.0204905 0.0197241 0.0186111 0.0173644 0.0161681 0.0151555 0.0144277 0.014021 0.0139482 0.0141962 0.0147172 0.0154804 0.0164531 0.0175722 0.0188547 0.0202424 0.0217092 0.0232544 0.0248211 0.0263691 0.0278776 0.0292459 0.030433 0.0313841 0.0320327 0.0323372 0.0322503 0.0317353 0.0307558 0.0293144 0.027412 0.025045 0.0222353 0.0190171 0.0154098 0.0114714 0.00726573 0.00283622 -0.00176689 -0.00647338 -0.0112454 -0.0160218 -0.0207143 -0.025262 -0.0295938 -0.0336438 -0.0373332 -0.0406077 -0.043421 -0.0456896 -0.047393 -0.0484956 -0.0489729 -0.0488535 -0.048145 -0.0468957 -0.0451191 -0.0429022 -0.0403314 -0.0374591 -0.0344038 -0.0312456 -0.0280856 -0.0249677 -0.021958 -0.0191275 -0.0164931 -0.0140962 -0.0119488 -0.010075 -0.0084599 -0.00708853 -0.00595124 -0.00502032 -0.00428213 -0.00371111 -0.00330114 -0.00303608 
0 0.000590441 0.00119306 0.00186278 0.00262905 0.00352055 0.00454968 0.00577762 0.00722961 0.00891649 0.0108592 0.013065 0.0155316 0.018219 0.0211198 0.0241863 0.0273804 0.0306386 0.0338888 0.0370487 0.0400206 0.0427506 0.0451208 0.0470705 0.0485499 0.04953 0.0499609 0.0498064 0.0491073 0.0478578 0.0460831 0.0438306 0.0411619 0.0381139 0.0347341 0.0310703 0.0271758 0.02309 0.0188961 0.0146243 0.0102876 0.00596437 0.00166536 -0.00255317 -0.00667478 -0.0106304 -0.014392 -0.0179208 -0.0211479 -0.0240527 -0.0265985 -0.0287282 -0.0304364 -0.0317303 -0.0325893 -0.0330489 -0.033108 -0.0327994 -0.0321294 -0.0311718 -0.0299521 -0.0285225 -0.0269446 -0.0252475 -0.0234518 -0.0215983 -0.0196824 -0.0177043 -0.0156633 -0.0135133 -0.0112178 -0.00872588 -0.00602934 -0.00310349 -2.29263e-05 0.00311587 0.00616849 0.00893574 0.01117 0.0126642 0.0131491 0.0125167 0.0107261 0.00780231 0.00391131 -0.000668529 -0.005665 -0.0107132 -0.0155177 -0.0197975 -0.023319 -0.0259648 -0.0277047 -0.0285643 -0.0287114 -0.0283101 -0.0275618 -0.0266919 -0.025881 -0.0252748 -0.0249848 -0.0250151 -0.0253525 -0.025898 -0.0264959 -0.0269838 -0.0271475 -0.0267506 -0.0256426 -0.0236624 -0.0207536 -0.0169576 -0.012372 -0.00719467 -0.00171234 0.00380276 0.00898443 0.0135617 0.017322 0.0200805 0.0217813 0.0225277 0.0224246 0.0217142 0.0206157 0.0193514 0.0181277 0.0171101 0.0163724 0.0159997 0.0159902 0.0163273 0.0169588 0.0178539 0.0189467 0.0201988 0.0215856 0.0230488 0.0245595 0.0260952 0.0275995 0.0290283 0.0303457 0.0314591 0.0323341 0.0329041 0.0331445 0.0329954 0.0324549 0.0314936 0.0300823 0.0282337 0.0259613 0.0232622 0.0202072 0.0168302 0.0131518 0.00923899 0.00511908 0.000864244 -0.00350791 -0.00792399 -0.0123723 -0.0168204 -0.021192 -0.0254481 -0.0295472 -0.0334216 -0.0370088 -0.0402696 -0.0431516 -0.0456023 -0.0475574 -0.0489916 -0.0498386 -0.0501115 -0.0498191 -0.0489576 -0.0475551 -0.0456624 -0.0433678 -0.0406981 -0.0377547 -0.0346413 -0.03145 -0.0282428 -0.0250894 -0.0220736 -0.0192226 -0.0165809 -0.0141741 -0.012041 -0.0101731 -0.00856734 -0.00722112 -0.00611072 -0.00522974 -0.00454324 -0.00405104 -0.0037295 
0 0.000754745 0.00152357 0.00236922 0.00332581 0.00442174 0.00567138 0.00714124 0.00885696 0.0108152 0.01303 0.0155003 0.018219 0.0211328 0.0242211 0.027435 0.0307171 0.0339985 0.0371904 0.040208 0.0429576 0.0453879 0.047402 0.0489445 0.0499932 0.0505276 0.0505119 0.0499318 0.0488511 0.0472929 0.0452886 0.0428959 0.0401809 0.037181 0.0339358 0.0304911 0.0268862 0.023155 0.0193514 0.0154799 0.0115334 0.0075708 0.0036107 -0.000316521 -0.0042036 -0.00800319 -0.0116949 -0.0152407 -0.0185713 -0.0216644 -0.0244742 -0.0269386 -0.0290374 -0.0307619 -0.0320838 -0.0330086 -0.0335299 -0.0336626 -0.0334101 -0.0328343 -0.031951 -0.0307875 -0.0293994 -0.0278107 -0.0260556 -0.0241877 -0.0222089 -0.0201189 -0.0179152 -0.0155544 -0.0130068 -0.0102378 -0.00724328 -0.00402178 -0.000650559 0.00276509 0.00606719 0.00903078 0.0114022 0.0129637 0.0134627 0.0127717 0.0108456 0.00773306 0.00362444 -0.00121335 -0.00649094 -0.0118272 -0.0169031 -0.0214281 -0.0251568 -0.0279673 -0.0298227 -0.0307544 -0.0309246 -0.0305119 -0.0297359 -0.0288354 -0.0279908 -0.0273535 -0.0270371 -0.0270536 -0.0273895 -0.0279498 -0.0285638 -0.0290483 -0.0291774 -0.0287144 -0.0274946 -0.025357 -0.0222391 -0.0181839 -0.0132918 -0.00777465 -0.00193035 0.00395617 0.00952293 0.0144591 0.0185278 0.0215513 0.0234814 0.0243995 0.0244178 0.0237776 0.0227178 0.0214679 0.0202458 0.0192285 0.0185157 0.0181892 0.0182521 0.0186793 0.0194128 0.0204109 0.0216026 0.022939 0.0243892 0.0258872 0.0273874 0.0288577 0.0302233 0.0314378 0.032468 0.0332386 0.0337242 0.0338777 0.0336649 0.0330449 0.0320252 0.0305995 0.0287616 0.0265321 0.0239309 0.0209693 0.0177313 0.0142663 0.0105977 0.0067758 0.00282648 -0.00120252 -0.005288 -0.00937424 -0.0134603 -0.0175256 -0.0215176 -0.0254195 -0.0292189 -0.0328628 -0.0362964 -0.0394857 -0.0423902 -0.0449581 -0.0471311 -0.048861 -0.0500687 -0.0507467 -0.0508821 -0.0504544 -0.0494674 -0.0479716 -0.0460305 -0.0436542 -0.0409259 -0.0379458 -0.0348107 -0.0315819 -0.0283451 -0.0251914 -0.022161 -0.0193038 -0.0166545 -0.0142641 -0.012137 -0.0102838 -0.00871079 -0.00740357 -0.0063584 -0.00554431 -0.00495702 -0.00457389 
0 0.000946816 0.00191214 0.00296501 0.00414474 0.00548096 0.00698882 0.00873267 0.0107347 0.0129744 0.0154599 0.0181776 0.0211198 0.0242211 0.0274467 0.0307483 0.0340404 0.0372613 0.0402999 0.0430844 0.0455307 0.0475861 0.0491907 0.0502781 0.050866 0.0509288 0.050457 0.0494667 0.0480308 0.0462111 0.0440252 0.0415432 0.0388277 0.0359207 0.0328584 0.0296811 0.0264073 0.0230658 0.0196734 0.0162193 0.0126925 0.00912046 0.00554353 0.00194557 -0.00166178 -0.00525462 -0.008813 -0.0122922 -0.0156383 -0.0188333 -0.0218315 -0.0245731 -0.027022 -0.0291407 -0.0309095 -0.0322917 -0.0332911 -0.0338967 -0.0341071 -0.0339631 -0.0334719 -0.0326365 -0.0315135 -0.0301207 -0.0284967 -0.0267022 -0.0247269 -0.022578 -0.0202467 -0.0177029 -0.0149254 -0.0119056 -0.00862536 -0.00511955 -0.00145863 0.0022285 0.00576724 0.00891189 0.0114131 0.0130255 0.0135317 0.012793 0.0107602 0.00749368 0.00319243 -0.00188818 -0.00742371 -0.0130203 -0.0183404 -0.0230806 -0.0269892 -0.0299397 -0.0318947 -0.0328964 -0.0331032 -0.0326958 -0.0319046 -0.0309719 -0.0300893 -0.0294193 -0.0290838 -0.0290926 -0.0294246 -0.0299823 -0.0305921 -0.031056 -0.0311477 -0.0306217 -0.0292941 -0.0270023 -0.0236788 -0.0193664 -0.0141769 -0.00832763 -0.00213048 0.0041022 0.0100239 0.0153026 0.0196855 0.0229994 0.025189 0.0263033 0.0264802 0.0259449 0.0249542 0.0237484 0.0225615 0.0215683 0.0209 0.0206153 0.0207374 0.0212354 0.0220545 0.023135 0.024407 0.0257881 0.0272445 0.0286994 0.0301004 0.0314159 0.0325612 0.0334853 0.0341577 0.0345208 0.034558 0.034256 0.0335602 0.0324618 0.03096 0.0290774 0.0268358 0.0242702 0.0214038 0.0182652 0.0149238 0.0114427 0.00784744 0.00416902 0.000450826 -0.0033001 -0.00704569 -0.0107645 -0.0144604 -0.018117 -0.0217019 -0.0252166 -0.028673 -0.0320445 -0.035283 -0.0383543 -0.041233 -0.0438562 -0.046194 -0.0481684 -0.0497085 -0.0507851 -0.0513558 -0.0513933 -0.05086 -0.0498149 -0.048286 -0.0462763 -0.0438488 -0.0410877 -0.0380929 -0.0349165 -0.0316602 -0.0284206 -0.0252555 -0.0222212 -0.0193617 -0.016734 -0.0143599 -0.012262 -0.0104555 -0.00893853 -0.00770898 -0.0067509 -0.00605209 -0.00559728 
0 0.00117722 0.00238341 0.00367718 0.00512212 0.00672729 0.0085257 0.0105614 0.01285 0.0153739 0.0181073 0.0210603 0.0241863 0.027435 0.0307483 0.0340573 0.0372935 0.0403472 0.0431523 0.0456109 0.0476745 0.0493033 0.050429 0.0510457 0.0511367 0.0507357 0.0498337 0.0484736 0.0467564 0.0447249 0.0424246 0.0399017 0.03723 0.0344582 0.0316165 0.028725 0.025803 0.0228424 0.0198624 0.0168339 0.0137299 0.0105896 0.00739768 0.00416196 0.000857168 -0.00249199 -0.00585246 -0.009197 -0.0124865 -0.0157029 -0.0188217 -0.0217672 -0.0244841 -0.0269504 -0.0290992 -0.030928 -0.0323941 -0.0334767 -0.0341701 -0.0344838 -0.0344154 -0.0339825 -0.0331935 -0.0320835 -0.0306864 -0.0290232 -0.0271241 -0.0249703 -0.0225632 -0.0198898 -0.0169346 -0.0136815 -0.0101611 -0.00637662 -0.00243989 0.00149998 0.00524621 0.00855996 0.0111716 0.0128518 0.0133563 0.0125669 0.0104588 0.00706923 0.00257231 -0.00271617 -0.00845883 -0.0142833 -0.0198141 -0.0247353 -0.0288052 -0.0318837 -0.0339278 -0.0349964 -0.035234 -0.0348444 -0.0340463 -0.0330836 -0.0321696 -0.031479 -0.031112 -0.0311116 -0.0314373 -0.0319805 -0.0325708 -0.0330114 -0.0330526 -0.0324559 -0.0310107 -0.0285643 -0.0250464 -0.0204869 -0.0150121 -0.00886047 -0.00231784 0.00427319 0.010522 0.0161243 0.0208381 0.0244558 0.0269059 0.0282596 0.0286321 0.0282522 0.0273662 0.0262307 0.0250955 0.024164 0.023532 0.0232998 0.0234657 0.0240022 0.0248632 0.0259871 0.0272729 0.028661 0.0300525 0.0313822 0.0326035 0.0336604 0.0345011 0.0350702 0.0353221 0.0352304 0.034788 0.033979 0.0328053 0.0312251 0.0292791 0.0269896 0.0243969 0.0215583 0.0185035 0.0152602 0.0119068 0.00848047 0.00500874 0.00153218 -0.00194002 -0.00536155 -0.00874115 -0.0120608 -0.015341 -0.0185824 -0.0217518 -0.0248689 -0.0279662 -0.0310333 -0.0340443 -0.0369719 -0.0397727 -0.0424241 -0.0448583 -0.0470306 -0.0488542 -0.0502838 -0.0512862 -0.0517694 -0.0517235 -0.0511481 -0.0500746 -0.0484945 -0.0464349 -0.0439913 -0.0412186 -0.0381907 -0.0349922 -0.0317305 -0.0284851 -0.0253116 -0.0222766 -0.0194337 -0.016827 -0.0144902 -0.0124474 -0.0107115 -0.00928916 -0.00817583 -0.00736238 -0.00683449 
0 0.00144965 0.00293096 0.00451688 0.00625265 0.00816975 0.0102786 0.0126178 0.0151983 0.0179815 0.020961 0.0241023 0.0273804 0.0307171 0.0340404 0.0372935 0.0403621 0.0431878 0.0456584 0.0477311 0.0493621 0.0504996 0.0511407 0.0512369 0.0508542 0.0499995 0.0487107 0.0470566 0.045104 0.0429379 0.0405683 0.038062 0.0354852 0.0328869 0.0302852 0.0276944 0.025095 0.0225134 0.0199243 0.017308 0.0146489 0.0119134 0.00913743 0.00625458 0.00328311 0.000222386 -0.00289991 -0.00605392 -0.00922746 -0.012414 -0.0155649 -0.0186229 -0.021533 -0.024238 -0.026734 -0.0289435 -0.0308496 -0.0323899 -0.0335535 -0.0343308 -0.034736 -0.0347396 -0.0343668 -0.0336113 -0.0324936 -0.0310535 -0.0292864 -0.0272014 -0.0247947 -0.0220549 -0.018968 -0.0155573 -0.0118025 -0.0077998 -0.00363224 0.000534363 0.0044859 0.00794383 0.0106694 0.0123822 0.012914 0.0120931 0.0098723 0.00634863 0.00174103 -0.00371295 -0.00963511 -0.015631 -0.0213268 -0.0264105 -0.0306193 -0.0338156 -0.0359517 -0.0370844 -0.0373477 -0.0369553 -0.0361507 -0.0351801 -0.0342507 -0.0335345 -0.0331421 -0.0331142 -0.0334166 -0.0339492 -0.034531 -0.0349336 -0.0349064 -0.0342136 -0.0326417 -0.030039 -0.0263264 -0.0215454 -0.0158136 -0.00935937 -0.0025009 0.00439915 0.0110202 0.0169818 0.0219972 0.0259081 0.0286651 0.030268 0.0308788 0.0306758 0.0299385 0.0289216 0.0278721 0.0269779 0.0264138 0.0262069 0.0263976 0.0269404 0.0277898 0.0288757 0.0301238 0.0314173 0.0326812 0.0338205 0.0347717 0.0355074 0.035964 0.0361091 0.0359029 0.0353291 0.034376 0.0330804 0.0314046 0.0293938 0.0270488 0.0244256 0.0215753 0.0185433 0.0153677 0.0121024 0.00878973 0.00548248 0.00219915 -0.00106197 -0.0042353 -0.00734107 -0.0103291 -0.0132428 -0.0161076 -0.0189249 -0.021698 -0.0244324 -0.0271703 -0.0299281 -0.0326881 -0.0354281 -0.0381326 -0.0407421 -0.0432433 -0.0455372 -0.0475823 -0.0493217 -0.0506866 -0.0516219 -0.0520357 -0.0519608 -0.0513659 -0.050252 -0.0486371 -0.0465659 -0.044115 -0.041313 -0.0382621 -0.0350559 -0.0317882 -0.0285362 -0.0253654 -0.0223495 -0.0195387 -0.0169826 -0.0147141 -0.0127602 -0.0111405 -0.00986422 -0.00892548 -0.00831759 
0 0.00175944 0.00356829 0.00547307 0.00754923 0.00979249 0.0122374 0.0148868 0.0177425 0.020786 0.0239648 0.0272765 0.0306386 0.0339985 0.0372613 0.0403472 0.0431878 0.0456719 0.0477624 0.0493873 0.050541 0.0511856 0.0513008 0.0509193 0.0500667 0.0488174 0.0472021 0.0452998 0.0431843 0.0409149 0.0385357 0.0360973 0.0336612 0.0312684 0.0289272 0.026616 0.0243475 0.0221095 0.0199018 0.0176838 0.0154188 0.0130955 0.0106866 0.00817787 0.00555321 0.00280515 -3.94393e-05 -0.00296834 -0.00598909 -0.00906437 -0.0121756 -0.0152535 -0.0182483 -0.0211415 -0.0238774 -0.0264229 -0.0287038 -0.030655 -0.0322698 -0.0335164 -0.0343843 -0.0348703 -0.0349246 -0.0345656 -0.0338084 -0.0326501 -0.0311195 -0.0291954 -0.0268587 -0.0241145 -0.0209611 -0.0174169 -0.0135284 -0.00934868 -0.00499598 -0.000653129 0.00344857 0.00705601 0.00987863 0.0116441 0.0121451 0.011262 0.00898639 0.00538756 0.000638424 -0.00493036 -0.0109529 -0.0170835 -0.0229202 -0.0281244 -0.0324603 -0.0357554 -0.037956 -0.0391407 -0.0394418 -0.0390726 -0.0382678 -0.0372676 -0.0363061 -0.0355682 -0.0351558 -0.035122 -0.0354128 -0.0359111 -0.0364463 -0.0367926 -0.0366959 -0.0359118 -0.0342008 -0.0314283 -0.0275316 -0.0225227 -0.0165495 -0.00984515 -0.00267634 0.00457418 0.0115086 0.0178021 0.0231788 0.0274312 0.030473 0.0323495 0.0332076 0.033245 0.0326957 0.03182 0.0308682 0.0300499 0.0294955 0.0292953 0.029464 0.0299662 0.0307571 0.0317526 0.0328562 0.033986 0.0350145 0.0358699 0.0365 0.0368362 0.0368686 0.0365531 0.0358536 0.0347887 0.0333522 0.031564 0.0294583 0.0270383 0.0243669 0.0214931 0.0184656 0.0153373 0.0121257 0.00889109 0.00568396 0.00254009 -0.000520917 -0.00349871 -0.00638357 -0.00913809 -0.0117674 -0.0142932 -0.0167547 -0.0191832 -0.0215754 -0.0239601 -0.0263627 -0.0288109 -0.0313018 -0.0338287 -0.0363706 -0.0389151 -0.0414035 -0.0437772 -0.0459816 -0.0479539 -0.0496542 -0.0509684 -0.0518527 -0.0522545 -0.0521536 -0.0515368 -0.0503843 -0.0487589 -0.0466732 -0.0441921 -0.0413716 -0.0383073 -0.035106 -0.0318365 -0.0286009 -0.0254591 -0.0224926 -0.0197508 -0.0172777 -0.0151212 -0.0133043 -0.0118597 -0.0107822 -0.0100815 
0 0.00212437 0.00430013 0.00658225 0.00901286 0.0116142 0.0143938 0.0173474 0.0204703 0.0237285 0.0270881 0.0304959 0.0338888 0.0371904 0.0402999 0.0431523 0.0456584 0.0477624 0.049402 0.0505505 0.051205 0.0513272 0.050952 0.0500981 0.0488497 0.04726 0.0453839 0.0433078 0.0410753 0.0387711 0.0364329 0.0341112 0.0318497 0.0296722 0.0275763 0.0255482 0.0235774 0.0216852 0.0198272 0.0179639 0.0160697 0.0140929 0.0120486 0.00988523 0.00760716 0.00518017 0.0026214 -5.41768e-05 -0.00285792 -0.00576777 -0.00875033 -0.0117713 -0.0147946 -0.017773 -0.02069 -0.0234658 -0.0260428 -0.0283448 -0.0303624 -0.0320388 -0.0333692 -0.0343035 -0.0348074 -0.0348741 -0.0345104 -0.0337189 -0.0324887 -0.0307964 -0.0286176 -0.0259495 -0.0227999 -0.0192203 -0.0152244 -0.0109371 -0.00646084 -0.00198502 0.00223323 0.00590227 0.00876613 0.0105308 0.0110454 0.0101436 0.00779698 0.0041226 -0.000673687 -0.00633842 -0.0124722 -0.0186954 -0.024611 -0.029898 -0.0343025 -0.0376717 -0.0399507 -0.0411977 -0.0415251 -0.0411604 -0.04035 -0.0393416 -0.038368 -0.0376105 -0.0371695 -0.0371049 -0.0373654 -0.0378342 -0.0383295 -0.0386079 -0.0384069 -0.0375002 -0.0356586 -0.0327374 -0.0286542 -0.0234366 -0.0172144 -0.0102205 -0.0027629 0.0047666 0.0120433 0.0186835 0.0243766 0.0289559 0.0323553 0.0345582 0.0357247 0.0360016 0.0356542 0.0349399 0.0340907 0.0333057 0.0327727 0.0325309 0.0326337 0.0330378 0.0336914 0.0345087 0.0354003 0.0362498 0.0369605 0.0374548 0.0376776 0.0375857 0.0371508 0.0363506 0.0351549 0.0336045 0.0317034 0.029503 0.0270108 0.0242824 0.0213487 0.018291 0.015168 0.0120119 0.00884332 0.0057188 0.00266388 -0.000270932 -0.00306585 -0.00575369 -0.00830418 -0.0107368 -0.0130186 -0.0152007 -0.0173084 -0.0193673 -0.0214163 -0.0234683 -0.0255558 -0.0277113 -0.0299322 -0.032221 -0.0345833 -0.0369997 -0.0394467 -0.0418347 -0.0441401 -0.0462927 -0.0482352 -0.0498965 -0.0511812 -0.0520521 -0.0524365 -0.0523202 -0.0516745 -0.0505119 -0.0488658 -0.0467609 -0.0442594 -0.0414281 -0.0383695 -0.0351702 -0.0319234 -0.028721 -0.0256424 -0.0227554 -0.0201142 -0.0177763 -0.0157853 -0.0141752 -0.0129646 -0.01217 
