0 0 0 0 0 0 0 0 0 0 0 0 0 0 0 0 0 0 0 0 0 0 0 0 0 0 0 0 0 0 0 0 0 0 0 0 0 0 0 0 0 0 0 0 0 0 0 0 0 0 0 0 0 0 0 0 0 0 0 0 0 0 0 0 0 0 0 0 0 0 0 0 0 0 0 0 0 0 0 0 0 0 0 0 0 0 0 0 0 0 0 0 0 0 0 0 0 0 0 0 0 0 0 0 0 0 0 0 0 0 0 0 0 0 0 0 0 0 0 0 0 0 0 0 0 0 0 0 0 0 0 0 0 0 0 0 0 0 0 0 0 0 0 0 0 0 0 0 0 0 0 0 0 0 0 0 0 0 0 0 0 0 0 0 0 0 0 0 0 0 0 0 0 0 0 0 0 0 0 0 0 0 0 0 0 0 0 0 0 0 0 0 0 0 0 0 0 0 0 0 
0 -5.61926e-06 -3.2902e-06 3.7851e-06 3.42522e-06 3.47844e-06 1.14754e-05 1.87795e-05 2.2753e-05 2.48763e-05 4.01979e-05 5.18191e-05 5.33832e-05 5.27385e-05 5.51832e-05 6.54577e-05 6.13269e-05 6.32976e-05 6.62596e-05 7.04134e-05 7.37643e-05 7.18528e-05 8.30107e-05 8.74492e-05 9.9463e-05 0.000109036 0.00011515 0.000122017 0.000134831 0.000156844 0.000175476 0.000200784 0.000239988 0.000302192 0.000366931 0.000456304 0.000559729 0.000682869 0.000833374 0.00100062 0.00120073 0.00141554 0.00167502 0.00198021 0.00232355 0.00271499 0.00315849 0.00364027 0.00417146 0.00473372 0.0053107 0.00589091 0.0064504 0.00700096 0.00750912 0.00797301 0.00837315 0.00867182 0.00884161 0.00886359 0.00868843 0.00830229 0.00769098 0.00684265 0.00577649 0.00452406 0.00312632 0.00162992 0.000106431 -0.00139631 -0.00281162 -0.00408112 -0.00516092 -0.00602457 -0.00664592 -0.00704702 -0.00723528 -0.00724095 -0.00709673 -0.00682594 -0.00645456 -0.00601757 -0.00552735 -0.00501667 -0.00451374 -0.00403228 -0.0035821 -0.00316615 -0.00278661 -0.00244513 -0.00213255 -0.00183909 -0.00157114 -0.00134165 -0.00114778 -0.000969481 -0.000822179 -0.000705308 -0.000584622 -0.000460213 -0.00034898 -0.000226289 -0.000103605 -2.51145e-06 9.34228e-05 0.00019868 0.000302609 0.000412974 0.000542651 0.000698131 0.000863261 0.00102923 0.00120074 0.00137411 0.00154493 0.0017148 0.00187897 0.00204175 0.00220023 0.00233318 0.00243917 0.00250942 0.00253988 0.00253697 0.00251071 0.00246411 0.00241049 0.00233656 0.00224392 0.00211456 0.00193766 0.00169878 0.00139142 0.000995128 0.000509058 -8.00422e-05 -0.000769988 -0.00155416 -0.00239736 -0.0032668 -0.00411491 -0.00487782 -0.00553152 -0.00604364 -0.00639182 -0.00658733 -0.00663571 -0.00652941 -0.00631305 -0.00598799 -0.0055888 -0.00513763 -0.00465364 -0.0041604 -0.00366731 -0.00319983 -0.00277589 -0.00238933 -0.00204614 -0.00175247 -0.00148175 -0.00125769 -0.00106252 -0.000896839 -0.000748133 -0.000617302 -0.000516744 -0.000431309 -0.000367652 -0.000317172 -0.00027833 -0.000242927 -0.000228439 -0.000218793 -0.000211595 -0.000204559 -0.000203024 -0.00021037 -0.000202022 -0.000198389 -0.000191594 -0.000190211 -0.000188003 -0.000183874 -0.000183808 -0.000178734 -0.000181339 -0.000184978 -0.000189163 -0.00018937 -0.000194905 -0.000203315 -0.000205727 -0.000203032 -0.000202387 -0.000208463 -0.000204384 -0.000196946 -0.000191916 -0.000192512 
0 -3.2902e-06 1.36909e-05 2.56991e-05 3.34759e-05 2.83104e-05 4.41295e-05 5.58769e-05 5.14019e-05 5.56946e-05 6.55486e-05 8.88007e-05 8.43717e-05 8.20614e-05 9.88072e-05 0.000110103 0.000122621 0.000119214 0.000136196 0.00015099 0.000150035 0.000163117 0.00016531 0.000183586 0.00019666 0.000210495 0.000231598 0.000237749 0.000279173 0.000324426 0.000370765 0.000429534 0.000512226 0.000634236 0.000771638 0.000939607 0.00114997 0.00139575 0.00168501 0.00203556 0.00241937 0.00286619 0.00338669 0.00400072 0.00470185 0.00548511 0.00637029 0.00733043 0.0083703 0.00946658 0.0106 0.0117118 0.0128198 0.0138861 0.0148849 0.0158002 0.0165782 0.0171548 0.0174839 0.0175035 0.0171499 0.0163937 0.0151778 0.0135301 0.011434 0.00897362 0.00622573 0.0032845 0.000270805 -0.00266759 -0.00546067 -0.00795717 -0.0100837 -0.0118032 -0.0130608 -0.0138673 -0.0142697 -0.014295 -0.0140038 -0.0134828 -0.0127616 -0.0119096 -0.0109783 -0.0100178 -0.00903319 -0.00809147 -0.00719695 -0.00637364 -0.00561474 -0.00492626 -0.00427565 -0.0037225 -0.00321925 -0.00275601 -0.00234875 -0.0020203 -0.00170293 -0.00142383 -0.0011632 -0.000931234 -0.000691629 -0.000471005 -0.000255498 -4.39778e-05 0.000193023 0.000393818 0.000617244 0.000876362 0.00115233 0.00142461 0.00175029 0.00208077 0.00242845 0.00277258 0.00312043 0.00345753 0.00380855 0.00412284 0.00440426 0.00463827 0.00482035 0.00491507 0.00495971 0.00494367 0.00486837 0.00476798 0.00464186 0.00446861 0.00427532 0.0040259 0.00367356 0.00323862 0.00264954 0.00189166 0.000957446 -0.000177068 -0.00152479 -0.00302438 -0.00467052 -0.00635778 -0.00801325 -0.00952873 -0.0108352 -0.0118682 -0.0125945 -0.0130035 -0.0131125 -0.0129301 -0.0124949 -0.0118767 -0.0110971 -0.010224 -0.0092928 -0.00834019 -0.0073767 -0.00647247 -0.00562616 -0.00485629 -0.00417197 -0.00355905 -0.00302368 -0.00255094 -0.00215779 -0.00182009 -0.00151473 -0.00125527 -0.00105157 -0.000876652 -0.000751904 -0.000648326 -0.000565224 -0.000504523 -0.000458046 -0.000448904 -0.0004189 -0.00040007 -0.000398285 -0.000395166 -0.000396779 -0.000380109 -0.000383106 -0.000386762 -0.00038499 -0.00039226 -0.000385844 -0.00038643 -0.000385709 -0.000389822 -0.00039296 -0.000381136 -0.000385806 -0.000390878 -0.000390314 -0.000381406 -0.0003791 -0.000392418 -0.000389294 -0.000380338 -0.000378845 -0.00038945 
0 3.7851e-06 2.56991e-05 5.00479e-05 5.10068e-05 5.11766e-05 7.13906e-05 8.80337e-05 8.97175e-05 8.27451e-05 0.000105047 0.000123336 0.000122237 0.000122768 0.000136948 0.000168839 0.000167045 0.000177174 0.000194581 0.000216414 0.000234026 0.000237677 0.00026526 0.000276742 0.000303027 0.000326293 0.000346698 0.000374368 0.000426498 0.000506116 0.000583376 0.000680485 0.000815869 0.00101004 0.0012146 0.00148069 0.00178997 0.00215814 0.00260687 0.00311788 0.00372691 0.0043998 0.00520595 0.00614807 0.00720277 0.00838317 0.0096933 0.0110955 0.0126121 0.0142018 0.0158267 0.0174566 0.0190393 0.0205918 0.0220281 0.0233289 0.0244322 0.0252384 0.0256743 0.0256881 0.0251593 0.0240442 0.022296 0.0198804 0.0168347 0.0132457 0.00923155 0.00493351 0.000555467 -0.00375365 -0.00781571 -0.0114716 -0.0146053 -0.0171443 -0.0190137 -0.020252 -0.0208735 -0.0209505 -0.0205752 -0.0198319 -0.0188083 -0.0176108 -0.0162839 -0.0149041 -0.0135258 -0.0121766 -0.0108757 -0.00964101 -0.0084961 -0.00746383 -0.00653423 -0.00569242 -0.00493737 -0.00427772 -0.00369232 -0.00313117 -0.00262889 -0.00220167 -0.00178904 -0.00140178 -0.00107281 -0.000735671 -0.000395312 -8.17297e-05 0.000251453 0.000625924 0.00100714 0.00139623 0.00180821 0.00225694 0.00272339 0.0031993 0.00370755 0.00424099 0.00477862 0.00530248 0.00578437 0.00621713 0.0065937 0.00687507 0.00707054 0.00716869 0.00716849 0.00708129 0.00692622 0.00671237 0.00647522 0.00619374 0.00588454 0.00550911 0.00503475 0.00441723 0.00361805 0.0025722 0.00126655 -0.000335277 -0.00222857 -0.0043878 -0.00672875 -0.00916303 -0.011567 -0.0137761 -0.0157112 -0.0172707 -0.0183802 -0.0190445 -0.0192676 -0.0190352 -0.0184611 -0.0175737 -0.0164711 -0.0152237 -0.0138868 -0.0125174 -0.0111384 -0.00981362 -0.00858423 -0.00744167 -0.00640484 -0.00549137 -0.00464981 -0.00393804 -0.00332257 -0.00280179 -0.00234296 -0.00194622 -0.00163643 -0.00137428 -0.0011736 -0.00101139 -0.000882436 -0.000770074 -0.000711295 -0.000669857 -0.000632626 -0.000598307 -0.000583926 -0.000596403 -0.000581977 -0.000581949 -0.000579723 -0.000589635 -0.000594737 -0.000593115 -0.000596088 -0.000585658 -0.000589661 -0.000592381 -0.000590544 -0.000575169 -0.000572758 -0.000579723 -0.000575068 -0.000561708 -0.000559081 -0.00057707 -0.00057536 -0.00056656 -0.000566815 -0.000586256 
0 3.42522e-06 3.34759e-05 5.10068e-05 5.87911e-05 5.45125e-05 8.43245e-05 0.000111013 0.000110818 0.000116515 0.000132721 0.000166722 0.000166059 0.000170548 0.000202201 0.000226936 0.000243459 0.000241039 0.000268733 0.000297698 0.000307097 0.000328996 0.000341218 0.000371272 0.000399305 0.000431771 0.000475623 0.000510095 0.000597 0.000702041 0.00081523 0.00095665 0.00114867 0.00141089 0.00170951 0.00206862 0.0025075 0.00302427 0.00363612 0.00436473 0.005183 0.00612362 0.007213 0.00847296 0.00988436 0.0114354 0.0131407 0.0149616 0.0169007 0.0189244 0.0209981 0.0230403 0.0250572 0.0269944 0.028792 0.0304096 0.031756 0.0327239 0.0332364 0.0331983 0.0325011 0.0310777 0.0288311 0.0257684 0.0218729 0.0172742 0.0121221 0.00660408 0.00095703 -0.00456216 -0.00979345 -0.0144963 -0.0185369 -0.0218391 -0.024313 -0.0259645 -0.0268527 -0.0270312 -0.0266084 -0.0257319 -0.0244877 -0.0230021 -0.0213683 -0.0196674 -0.0179172 -0.0162033 -0.0145418 -0.0129702 -0.0114988 -0.0101499 -0.00889496 -0.00780321 -0.00681302 -0.00590186 -0.00508014 -0.00436192 -0.00367289 -0.0030516 -0.0024762 -0.00196214 -0.00146917 -0.00100913 -0.000555072 -9.58987e-05 0.000412729 0.000899292 0.00142153 0.00199007 0.00257604 0.00315764 0.00380361 0.00446332 0.0051557 0.00585188 0.00654253 0.0071946 0.00781452 0.00832812 0.00873394 0.00901561 0.00917403 0.00917722 0.00907394 0.00885763 0.00853822 0.00816846 0.00776578 0.00732243 0.00688617 0.00641242 0.00583068 0.00513355 0.00419725 0.00296186 0.00139172 -0.000562018 -0.00291416 -0.00557999 -0.00852325 -0.0115851 -0.0146309 -0.0174796 -0.0200007 -0.0220688 -0.0235985 -0.0245519 -0.0249327 -0.0247478 -0.024073 -0.0230217 -0.021662 -0.0201116 -0.0184406 -0.0167088 -0.0149449 -0.0132487 -0.011636 -0.010135 -0.00876722 -0.00752513 -0.0064157 -0.00543652 -0.00460775 -0.00389641 -0.00326514 -0.00272811 -0.00229498 -0.00192792 -0.00164801 -0.00141719 -0.00123042 -0.00108826 -0.000986877 -0.000941042 -0.000875507 -0.000826459 -0.000808119 -0.000798277 -0.000794154 -0.000771898 -0.00077387 -0.000778393 -0.000775246 -0.000782442 -0.000773839 -0.000773752 -0.000775291 -0.000782932 -0.000785604 -0.000766932 -0.000772348 -0.000780949 -0.000780512 -0.000766295 -0.000763457 -0.000782429 -0.000777865 -0.000764769 -0.000760843 -0.000778869 
0 3.47844e-06 2.83104e-05 5.11766e-05 5.45125e-05 5.92266e-05 9.23221e-05 0.00012608 0.000139286 0.000145951 0.000179397 0.000213615 0.000223229 0.000233197 0.000260068 0.000295539 0.000298611 0.000305361 0.000329538 0.000360776 0.000384221 0.000399308 0.000433186 0.000465158 0.00051254 0.000564354 0.000619599 0.000685284 0.000790127 0.000931139 0.00108557 0.00127927 0.00154041 0.00188839 0.00228021 0.0027597 0.00332695 0.00400057 0.00480622 0.00573822 0.00681631 0.00802466 0.00942214 0.0110126 0.0127646 0.0146741 0.0167399 0.0189224 0.0212318 0.0236258 0.0260533 0.0284594 0.0307915 0.0330325 0.0350875 0.0369109 0.0384147 0.0394804 0.0400124 0.0399252 0.0390728 0.0373645 0.0347108 0.0310617 0.0264433 0.0209796 0.014851 0.00828196 0.00156671 -0.00504008 -0.0112868 -0.0169334 -0.0218077 -0.0257999 -0.0288145 -0.0308782 -0.0320284 -0.0323577 -0.031992 -0.0310647 -0.0296986 -0.0280344 -0.0261599 -0.0241775 -0.0221585 -0.0201606 -0.018215 -0.016351 -0.0145964 -0.0129722 -0.0114666 -0.0100844 -0.0088185 -0.00767439 -0.00664192 -0.00568506 -0.00481297 -0.00403674 -0.00329822 -0.00259876 -0.00195176 -0.00130836 -0.000669868 -5.61206e-05 0.000578329 0.00124334 0.00192972 0.00264719 0.0034032 0.00420344 0.00503951 0.00588413 0.00674454 0.00760121 0.00842362 0.00918051 0.00984175 0.0103782 0.0107744 0.010992 0.0110331 0.0108876 0.0105747 0.0101194 0.00956308 0.00895123 0.00834089 0.0077377 0.00717471 0.00661155 0.00599101 0.0052441 0.0042742 0.00297182 0.00127879 -0.000873353 -0.00349831 -0.00655234 -0.00993879 -0.0135188 -0.0171147 -0.0205111 -0.023564 -0.0261191 -0.0280601 -0.0293482 -0.0299638 -0.029894 -0.0292517 -0.0281138 -0.0266048 -0.0248392 -0.0229057 -0.0208796 -0.0188068 -0.0167757 -0.0148381 -0.0130071 -0.0113117 -0.00977052 -0.00835622 -0.00712003 -0.00604745 -0.00512555 -0.0043161 -0.00361931 -0.00305194 -0.00257433 -0.0021945 -0.00188404 -0.00163201 -0.00142808 -0.00129751 -0.00120914 -0.00112981 -0.0010638 -0.00103084 -0.0010266 -0.00100542 -0.000989606 -0.00097693 -0.000974924 -0.000969924 -0.000964652 -0.0009619 -0.000953511 -0.000959786 -0.000968617 -0.000971209 -0.00096075 -0.000968056 -0.0009856 -0.000987586 -0.000974691 -0.000973515 -0.000989858 -0.000983147 -0.000965805 -0.000957546 -0.00097093 
0 1.14754e-05 4.41295e-05 7.13906e-05 8.43245e-05 9.23221e-05 0.00012501 0.000157765 0.000168304 0.000179069 0.000208715 0.00024495 0.000256802 0.000269342 0.000302472 0.000338072 0.000355104 0.000367752 0.000401817 0.000441067 0.000468346 0.000493606 0.000527551 0.000572905 0.000630976 0.000699928 0.000779934 0.00087561 0.00101943 0.00120449 0.00141676 0.00167983 0.00202385 0.00246174 0.00296903 0.00357093 0.00428812 0.00513741 0.0061429 0.0073125 0.00864469 0.0101449 0.0118482 0.0137585 0.0158441 0.0180872 0.0204786 0.0229859 0.0255989 0.0282797 0.0309723 0.0336089 0.0361527 0.0385642 0.0407695 0.0427128 0.0443007 0.0454133 0.0459462 0.0457847 0.0447847 0.04283 0.0398151 0.0356954 0.0304896 0.0243305 0.0174167 0.00999769 0.00238362 -0.00512116 -0.0122433 -0.018705 -0.024305 -0.0289133 -0.0324364 -0.034884 -0.0363183 -0.0368363 -0.0365748 -0.0356854 -0.0342974 -0.0325489 -0.0305528 -0.0284116 -0.0261974 -0.0239892 -0.0218315 -0.0197561 -0.0177826 -0.0159218 -0.0141661 -0.0125396 -0.0110285 -0.00963175 -0.00835966 -0.0072012 -0.00613079 -0.00514857 -0.00421913 -0.00333466 -0.0024842 -0.00164987 -0.000827095 -1.58818e-05 0.000811636 0.00164556 0.00250918 0.0034237 0.00438233 0.00537814 0.00641607 0.00745752 0.0084868 0.00947202 0.0103816 0.0111874 0.0118654 0.012368 0.0126699 0.0127421 0.0125743 0.0121624 0.0115468 0.0107702 0.00989392 0.00899745 0.00814285 0.00735827 0.00667685 0.0060591 0.00543427 0.00472944 0.00381669 0.00257481 0.00091249 -0.00126294 -0.00399147 -0.00723555 -0.0109146 -0.0148696 -0.0189009 -0.0227793 -0.0263155 -0.0293345 -0.0317029 -0.0333526 -0.0342509 -0.0343919 -0.0338612 -0.0327633 -0.0312156 -0.0293476 -0.0272606 -0.0250317 -0.0227237 -0.0204295 -0.0182027 -0.016074 -0.0140756 -0.0122229 -0.0105202 -0.00900041 -0.0076744 -0.00652251 -0.00551132 -0.00464345 -0.00392216 -0.00331882 -0.00283028 -0.0024285 -0.00209818 -0.00183489 -0.00164804 -0.00151843 -0.00140305 -0.00131137 -0.00126093 -0.00123799 -0.0012154 -0.0011913 -0.00117904 -0.00117582 -0.0011726 -0.00117384 -0.00117039 -0.00116688 -0.00116965 -0.00117554 -0.00117307 -0.00115893 -0.00116339 -0.00117536 -0.00117483 -0.00115906 -0.00115731 -0.00117271 -0.00116857 -0.00115585 -0.00115176 -0.00116702 
0 1.87795e-05 5.58769e-05 8.80337e-05 0.000111013 0.00012608 0.000157765 0.000188295 0.000198791 0.000215138 0.000242462 0.000277977 0.000293185 0.000308334 0.000344908 0.000379968 0.000409649 0.000430173 0.00047185 0.000518619 0.000553672 0.000592872 0.00063329 0.000694917 0.000766829 0.000855169 0.000962945 0.00109679 0.00128751 0.00152726 0.00181191 0.00216024 0.00260285 0.00314608 0.00378675 0.00453244 0.0054196 0.00646569 0.00769103 0.0091131 0.0107135 0.0125135 0.0145222 0.0167407 0.0191379 0.0216823 0.0243538 0.027126 0.0299682 0.0328432 0.0356911 0.0384411 0.0410703 0.0435284 0.0457707 0.0477355 0.0493308 0.0504388 0.0509424 0.0507003 0.0495687 0.0474085 0.0441055 0.0396179 0.0339635 0.0272769 0.019765 0.0116952 0.00338125 -0.0048389 -0.0126685 -0.0198047 -0.0260197 -0.03116 -0.0351375 -0.0379463 -0.0396656 -0.0403988 -0.0402898 -0.0395011 -0.0381723 -0.0364383 -0.0344277 -0.0322407 -0.0299513 -0.0276395 -0.0253506 -0.0231196 -0.0209708 -0.0189183 -0.0169621 -0.0151292 -0.0134084 -0.0117938 -0.0102929 -0.00890789 -0.00760635 -0.00638602 -0.00523348 -0.00413622 -0.0030683 -0.0020289 -0.00100364 2.39734e-05 0.00107212 0.00212811 0.00321977 0.00435847 0.00553242 0.00672813 0.00794975 0.00915801 0.0103261 0.0114176 0.0123926 0.0132096 0.0138391 0.0142264 0.0143403 0.0141627 0.0136811 0.0129068 0.0118984 0.0107212 0.00946177 0.00823057 0.00710198 0.00612974 0.00534142 0.00470197 0.00413171 0.00354602 0.00279656 0.00174871 0.000272363 -0.00175149 -0.004398 -0.00765352 -0.0114564 -0.0156408 -0.0199888 -0.0242571 -0.0282129 -0.0316592 -0.0344463 -0.0364797 -0.0377122 -0.038145 -0.0378313 -0.0368892 -0.035425 -0.0335715 -0.031437 -0.0291012 -0.0266437 -0.0241576 -0.0217007 -0.0193198 -0.0170489 -0.0149032 -0.0129171 -0.0111105 -0.00951775 -0.00811868 -0.00689021 -0.0058343 -0.00494208 -0.00419708 -0.00358247 -0.00307288 -0.00264881 -0.00231105 -0.00205404 -0.00186791 -0.00170795 -0.00158388 -0.00150824 -0.0014619 -0.00143361 -0.00140238 -0.00139006 -0.00138554 -0.00138428 -0.00138818 -0.00138256 -0.00138091 -0.00137951 -0.00138209 -0.00137487 -0.00135964 -0.00135926 -0.00136411 -0.00136101 -0.00134528 -0.00134341 -0.00135568 -0.00135535 -0.00134771 -0.00134856 -0.00136346 
0 2.2753e-05 5.14019e-05 8.97175e-05 0.000110818 0.000139286 0.000168304 0.000198791 0.00022454 0.000245353 0.000287682 0.000318296 0.000347395 0.000371981 0.000403961 0.00044954 0.000473235 0.000508892 0.000544705 0.000590431 0.000641035 0.000680546 0.000746869 0.000818077 0.000916314 0.0010346 0.00117297 0.00136599 0.00160666 0.00191479 0.00228232 0.00272705 0.00328008 0.00394936 0.00473744 0.0056648 0.00674813 0.00802137 0.0095046 0.0111846 0.0130801 0.0151686 0.0174715 0.0199719 0.0226348 0.0254317 0.0283237 0.0312819 0.0342708 0.0372429 0.0401251 0.0428889 0.0454716 0.0478714 0.050046 0.0519363 0.0534641 0.0545139 0.0549456 0.054625 0.0533866 0.0510732 0.0475888 0.0428414 0.0368851 0.029828 0.0218819 0.0133292 0.00450859 -0.00426201 -0.0126128 -0.0202645 -0.0269662 -0.032539 -0.0369 -0.040052 -0.0420452 -0.0430085 -0.0430949 -0.0424489 -0.0412422 -0.039616 -0.0376856 -0.0355463 -0.0333032 -0.0309899 -0.028661 -0.0263475 -0.02409 -0.0219032 -0.0198221 -0.017815 -0.015914 -0.0141213 -0.0124201 -0.0107747 -0.00923073 -0.00776373 -0.00636204 -0.00500731 -0.00371877 -0.00244299 -0.00117508 9.46038e-05 0.00137056 0.00270889 0.00406679 0.00543881 0.00682936 0.00824378 0.00962399 0.0109717 0.0122406 0.013402 0.0143971 0.0151769 0.0156667 0.0158521 0.0156866 0.0151519 0.0142549 0.0130455 0.0115678 0.00992895 0.00824831 0.00663389 0.00520404 0.00403923 0.00315506 0.00253239 0.00210628 0.00172563 0.00126775 0.000545692 -0.000607701 -0.00233706 -0.00473693 -0.00786013 -0.0116129 -0.015875 -0.0204049 -0.0249432 -0.0292397 -0.0330683 -0.0362538 -0.038692 -0.0403111 -0.0410999 -0.0411189 -0.0404334 -0.0391798 -0.0374581 -0.0353796 -0.0330322 -0.0305117 -0.0278953 -0.0252753 -0.0226927 -0.020187 -0.0177981 -0.01554 -0.013475 -0.01161 -0.00995353 -0.00849511 -0.0072235 -0.00613758 -0.00522789 -0.00446209 -0.00382715 -0.00329831 -0.00286624 -0.00254204 -0.00227814 -0.00207745 -0.00191447 -0.00179893 -0.00173199 -0.00167121 -0.00163702 -0.00160577 -0.00159231 -0.00158959 -0.00157849 -0.00157711 -0.00156698 -0.00156996 -0.00157373 -0.00156784 -0.00156586 -0.00156245 -0.00156913 -0.00156591 -0.00155728 -0.00155798 -0.00156212 -0.00156285 -0.00155303 -0.00155224 -0.0015568 
0 2.48763e-05 5.56946e-05 8.27451e-05 0.000116515 0.000145951 0.000179069 0.000215138 0.000245353 0.00028885 0.000321988 0.000363313 0.000398222 0.000430015 0.000474596 0.000505387 0.000552459 0.000582316 0.000624182 0.000673719 0.000722269 0.000792256 0.000858841 0.000966103 0.00108941 0.001244 0.00143924 0.00168771 0.00200438 0.00238748 0.00285126 0.00340937 0.00409105 0.00489488 0.00586971 0.00698791 0.00830608 0.0098352 0.011578 0.0135556 0.0157175 0.0181025 0.0206685 0.0234074 0.0262952 0.0292819 0.032319 0.0353918 0.0384261 0.0413859 0.0442135 0.046853 0.0493145 0.0515466 0.0535697 0.0553179 0.0567128 0.0576485 0.0580001 0.057587 0.0562772 0.0538936 0.0502988 0.0454319 0.0392985 0.0320072 0.0237734 0.0148998 0.00570282 -0.00342355 -0.0121496 -0.0201601 -0.0272049 -0.0331037 -0.0377908 -0.041219 -0.0434816 -0.0446788 -0.0449629 -0.0445094 -0.0434845 -0.0420142 -0.0402495 -0.0382657 -0.036126 -0.0338935 -0.0316209 -0.029341 -0.027076 -0.0248416 -0.0226637 -0.0205617 -0.0185282 -0.0165458 -0.0146254 -0.0127991 -0.0110224 -0.0092808 -0.00761878 -0.00601821 -0.00443031 -0.00288892 -0.00136202 0.000202008 0.00178493 0.00336609 0.00497817 0.00661496 0.00824625 0.00983811 0.0113842 0.0128577 0.0142024 0.0153666 0.0162953 0.0169325 0.0172299 0.0171245 0.0165764 0.0156101 0.0142288 0.012495 0.0105047 0.00837105 0.00622144 0.00422279 0.00247914 0.00111704 0.000170386 -0.000368716 -0.000593555 -0.000633464 -0.000697601 -0.000969954 -0.00167522 -0.00298337 -0.00502783 -0.00785079 -0.011427 -0.0156054 -0.020166 -0.024867 -0.0294086 -0.0335633 -0.0371403 -0.0399888 -0.042024 -0.0432522 -0.0436542 -0.0433487 -0.0424031 -0.0409275 -0.0390234 -0.0367672 -0.0342699 -0.0316178 -0.0288902 -0.0261683 -0.0234918 -0.0208801 -0.018417 -0.0160929 -0.0139772 -0.0120584 -0.0103441 -0.00884285 -0.00753072 -0.00642837 -0.00549266 -0.00470963 -0.00405475 -0.00352938 -0.00310073 -0.0027699 -0.00250075 -0.00229291 -0.00213957 -0.00201807 -0.0019458 -0.00187455 -0.00183622 -0.00180694 -0.00179081 -0.0017823 -0.00176374 -0.00176441 -0.00176037 -0.0017671 -0.00176772 -0.00176936 -0.00177421 -0.00177332 -0.00177518 -0.00177323 -0.00177467 -0.00177322 -0.00176988 -0.00176233 -0.00175711 -0.00175169 
0 4.01979e-05 6.55486e-05 0.000105047 0.000132721 0.000179397 0.000208715 0.000242462 0.000287682 0.000321988 0.000366422 0.000391967 0.00043891 0.000480125 0.000514043 0.000559977 0.000597711 0.00065452 0.000696567 0.000753019 0.000830598 0.000908044 0.0010182 0.00114552 0.00131447 0.00151895 0.00176467 0.00209303 0.00248128 0.00295731 0.00353616 0.0042298 0.00506279 0.00604523 0.00721165 0.00856838 0.0101248 0.0119123 0.0139335 0.0161631 0.0186085 0.0212452 0.0240547 0.0270047 0.0300635 0.0331822 0.0362977 0.0393753 0.0423604 0.0452047 0.0478497 0.0503075 0.0525334 0.0545445 0.0563489 0.0578887 0.0591056 0.05991 0.0601541 0.059692 0.0583536 0.0559463 0.0523458 0.0474212 0.0412144 0.0338087 0.0254181 0.0163577 0.00697391 -0.00239276 -0.0113368 -0.0195859 -0.0268764 -0.033007 -0.037907 -0.0415643 -0.044026 -0.0454299 -0.0459376 -0.0456923 -0.0448778 -0.0436312 -0.042063 -0.0402543 -0.0383192 -0.0362661 -0.0341414 -0.0319749 -0.0297948 -0.027603 -0.025443 -0.0232606 -0.0211123 -0.0190139 -0.0169426 -0.01488 -0.0128927 -0.0109379 -0.00902154 -0.00711618 -0.00524244 -0.00336983 -0.00150275 0.000362734 0.00220232 0.00409442 0.00598247 0.00784039 0.0096776 0.0114862 0.0131701 0.0147289 0.0160806 0.0171862 0.0179836 0.0184075 0.0183739 0.0178911 0.0169111 0.0154405 0.013516 0.0112327 0.00867206 0.00600042 0.00338903 0.000990574 -0.00102677 -0.00252751 -0.0034871 -0.00389687 -0.00382781 -0.00348991 -0.0030507 -0.00277058 -0.00291422 -0.00368064 -0.00522368 -0.0076556 -0.0109042 -0.0148823 -0.0193618 -0.0240929 -0.0287968 -0.0332156 -0.0371384 -0.0404011 -0.0428851 -0.0445659 -0.0454447 -0.0455585 -0.0450199 -0.0438885 -0.0422581 -0.0402143 -0.0378596 -0.0352629 -0.0325338 -0.0297418 -0.0269367 -0.0241752 -0.0215015 -0.0189702 -0.0165995 -0.0144219 -0.0124599 -0.0107043 -0.00916089 -0.00784398 -0.00671052 -0.00575568 -0.00495385 -0.00429102 -0.0037572 -0.0033101 -0.00297357 -0.00270541 -0.00249326 -0.00234375 -0.00222381 -0.00214886 -0.00208417 -0.00204468 -0.00202785 -0.00200022 -0.00199303 -0.00198017 -0.00197963 -0.00197817 -0.00197156 -0.0019814 -0.00197269 -0.00197202 -0.00196657 -0.00197025 -0.00197292 -0.00196098 -0.0019645 -0.00195948 -0.00196191 -0.00195234 
0 5.18191e-05 8.88007e-05 0.000123336 0.000166722 0.000213615 0.00024495 0.000277977 0.000318296 0.000363313 0.000391967 0.000421865 0.000469805 0.000517191 0.000562098 0.000599418 0.000665162 0.000730627 0.000792318 0.000865232 0.000954282 0.00106921 0.00119352 0.00136338 0.00157261 0.00183055 0.00215176 0.00255903 0.0030487 0.0036371 0.0043537 0.00521102 0.00622633 0.00740163 0.00880573 0.0104045 0.0122311 0.014291 0.0165705 0.01907 0.0217452 0.0246159 0.0276161 0.0307147 0.0338834 0.0370561 0.040155 0.0431574 0.0459856 0.0486097 0.0510009 0.0531578 0.0551012 0.0568151 0.0583526 0.0596619 0.0606909 0.0613573 0.0615352 0.0610342 0.0597016 0.0573285 0.0537485 0.0488585 0.0426644 0.0352484 0.0268253 0.0177157 0.00823614 -0.00121845 -0.0102851 -0.0186596 -0.0260779 -0.0323392 -0.0373879 -0.0411771 -0.0437974 -0.0453668 -0.0460472 -0.0460025 -0.0454068 -0.0443793 -0.0430578 -0.0415074 -0.0398019 -0.037977 -0.0360805 -0.0341283 -0.032116 -0.0300413 -0.0279355 -0.0257851 -0.0236092 -0.0214111 -0.0192015 -0.0170173 -0.0148384 -0.0126301 -0.0104459 -0.00826576 -0.00605909 -0.00387124 -0.00168944 0.000518551 0.00270143 0.00485757 0.00699625 0.00909944 0.0111451 0.0130872 0.0148698 0.0164647 0.0177812 0.0187508 0.0193169 0.0194281 0.0190338 0.0181054 0.0166081 0.0145873 0.0120788 0.00919246 0.00606091 0.00286615 -0.000204402 -0.00294066 -0.00518924 -0.00678383 -0.00768888 -0.00789609 -0.0075018 -0.0066912 -0.0057059 -0.00480247 -0.00429835 -0.00442801 -0.00538527 -0.0072853 -0.0101198 -0.0137793 -0.0180674 -0.0227539 -0.0275307 -0.0321508 -0.0363834 -0.0400262 -0.0429437 -0.0451091 -0.0464599 -0.0470689 -0.0469878 -0.0462836 -0.0450324 -0.0433013 -0.0411904 -0.0387604 -0.0361044 -0.0333188 -0.0304588 -0.0275751 -0.0247689 -0.0220412 -0.0194598 -0.0170435 -0.0148294 -0.01283 -0.0110348 -0.00948593 -0.00813727 -0.0069869 -0.0060158 -0.00521194 -0.00453388 -0.00397702 -0.00353607 -0.00319073 -0.00291379 -0.00269472 -0.00254642 -0.00242889 -0.0023509 -0.00229427 -0.0022633 -0.00223949 -0.00222022 -0.00221764 -0.00220546 -0.00219545 -0.00218592 -0.00218845 -0.00218047 -0.00216649 -0.00216232 -0.0021677 -0.00216745 -0.0021529 -0.00215529 -0.0021623 -0.00216664 -0.00215641 
0 5.33832e-05 8.43717e-05 0.000122237 0.000166059 0.000223229 0.000256802 0.000293185 0.000347395 0.000398222 0.00043891 0.000469805 0.000529981 0.000588457 0.000630598 0.000673424 0.000738762 0.000819546 0.000887961 0.000972438 0.00108834 0.00123121 0.00140052 0.00161417 0.00188498 0.00221582 0.00262213 0.00313062 0.00373326 0.00445348 0.00532974 0.00637299 0.00759208 0.0089987 0.0106476 0.012521 0.0146188 0.0169464 0.0194852 0.0222156 0.0251124 0.0281676 0.0313141 0.0345034 0.0376986 0.040828 0.043814 0.0466219 0.0492008 0.0515246 0.0535838 0.0554112 0.0570164 0.0584136 0.0596584 0.0607173 0.061554 0.0621013 0.0622195 0.0617249 0.0604313 0.0581206 0.0546194 0.0498055 0.0436895 0.0363481 0.0279839 0.0189126 0.00945649 -1.11243e-05 -0.00910034 -0.0175102 -0.0249703 -0.0312744 -0.0363615 -0.0402147 -0.0429103 -0.0445846 -0.0454034 -0.0455215 -0.0451112 -0.0443054 -0.0432191 -0.0419266 -0.040513 -0.0389857 -0.0373637 -0.0356603 -0.0338683 -0.0319819 -0.0300249 -0.0279643 -0.0258344 -0.0236471 -0.0213817 -0.019055 -0.0166959 -0.0142807 -0.0118436 -0.00937514 -0.00687456 -0.00436736 -0.00185517 0.000662593 0.00314253 0.00560815 0.00802194 0.0103332 0.0125307 0.0145749 0.0163841 0.0179287 0.0191181 0.0198879 0.0201822 0.0199315 0.0190816 0.0176401 0.0155906 0.0129773 0.00987106 0.00639761 0.00270517 -0.000990909 -0.00446808 -0.0075072 -0.00991317 -0.0115236 -0.0123036 -0.01225 -0.011463 -0.0101599 -0.00857625 -0.00700861 -0.00580326 -0.00522795 -0.00551414 -0.00682021 -0.0091459 -0.0124112 -0.0164308 -0.0209695 -0.0257379 -0.0304744 -0.0349427 -0.0389252 -0.0422652 -0.0449035 -0.0467694 -0.0478862 -0.0483092 -0.0480789 -0.04726 -0.0459237 -0.0441471 -0.0419797 -0.0395082 -0.0368223 -0.0339834 -0.0310652 -0.0281607 -0.0253005 -0.0225348 -0.0199079 -0.0174675 -0.0152214 -0.0131809 -0.0113811 -0.00979338 -0.00842154 -0.00725644 -0.00628006 -0.00545227 -0.00475921 -0.00421164 -0.00377557 -0.00341612 -0.0031334 -0.00292391 -0.00276889 -0.00265084 -0.00256438 -0.00250993 -0.00246327 -0.00244053 -0.00242935 -0.00241603 -0.00239843 -0.00238854 -0.0024004 -0.00239202 -0.00238202 -0.00237844 -0.00238918 -0.00238778 -0.00236552 -0.0023688 -0.00237586 -0.00237895 -0.00235986 
0 5.27385e-05 8.20614e-05 0.000122768 0.000170548 0.000233197 0.000269342 0.000308334 0.000371981 0.000430015 0.000480125 0.000517191 0.000588457 0.000659039 0.000704844 0.000756578 0.000828024 0.000923343 0.00100404 0.00110467 0.00125047 0.00142899 0.00164813 0.00191544 0.00225836 0.00267802 0.00319054 0.0038213 0.00456236 0.00544213 0.00650234 0.0077549 0.00919906 0.0108536 0.0127588 0.0149078 0.0172757 0.0198611 0.0226414 0.0255811 0.0286629 0.0318513 0.0350754 0.03827 0.041393 0.0443757 0.0471481 0.0496747 0.0519287 0.0538936 0.055579 0.0570395 0.0582865 0.0593604 0.0603183 0.0611508 0.0618285 0.0622872 0.0623753 0.0619045 0.0606666 0.0584427 0.055054 0.0503708 0.0443945 0.0371887 0.0289426 0.0199598 0.0105738 0.00115677 -0.00788497 -0.0162451 -0.0236536 -0.0299157 -0.0349677 -0.0388129 -0.0415197 -0.043232 -0.044118 -0.0443378 -0.0440662 -0.0434488 -0.0425907 -0.0415622 -0.0404334 -0.0392023 -0.0378798 -0.0364702 -0.034953 -0.0333162 -0.0315768 -0.0296936 -0.0276845 -0.025555 -0.0232878 -0.0208943 -0.0184061 -0.0158093 -0.0131447 -0.0104202 -0.00765244 -0.00486097 -0.00205277 0.000762768 0.00353346 0.00626499 0.00890386 0.0113931 0.0137049 0.0157865 0.0175532 0.0189765 0.0199687 0.0204619 0.0204045 0.019735 0.0184036 0.0164244 0.0137982 0.0105838 0.00688625 0.00285178 -0.00134735 -0.00547502 -0.00928711 -0.0125537 -0.0150525 -0.0166202 -0.0172097 -0.0168284 -0.0155896 -0.0137365 -0.0115208 -0.00927172 -0.00735061 -0.00605428 -0.00563879 -0.00629462 -0.00804638 -0.0108417 -0.0145166 -0.0188376 -0.0235266 -0.0283127 -0.032951 -0.0372134 -0.0409327 -0.0440189 -0.0463928 -0.0480351 -0.0489877 -0.0492686 -0.0489304 -0.0480444 -0.0466705 -0.0448479 -0.0426518 -0.0401605 -0.0374369 -0.0345691 -0.031642 -0.0287073 -0.0258056 -0.0230026 -0.020354 -0.0178726 -0.0155867 -0.0135275 -0.0116869 -0.0100757 -0.00869774 -0.00752995 -0.00653418 -0.00569074 -0.00501661 -0.00446983 -0.00401064 -0.00364407 -0.00335872 -0.00314912 -0.00298215 -0.00285847 -0.002772 -0.00270057 -0.00266749 -0.00264762 -0.00263221 -0.00260949 -0.00260118 -0.00261823 -0.00261152 -0.00260257 -0.00260052 -0.00261511 -0.00261263 -0.00258694 -0.00258815 -0.00259512 -0.00259338 -0.00256655 
0 5.51832e-05 9.88072e-05 0.000136948 0.000202201 0.000260068 0.000302472 0.000344908 0.000403961 0.000474596 0.000514043 0.000562098 0.000630598 0.000704844 0.000764894 0.000816907 0.000915144 0.00102065 0.00113261 0.00126732 0.00145013 0.00169304 0.00196581 0.0023111 0.00273599 0.00325685 0.00389382 0.00465553 0.00555497 0.00661683 0.00788405 0.00937131 0.0110692 0.0129831 0.0151624 0.0175698 0.0201945 0.0230099 0.0259837 0.0290999 0.0322998 0.0355613 0.0387842 0.0418983 0.0448617 0.0476127 0.0500864 0.0522712 0.0541398 0.055699 0.0569917 0.0580537 0.0589538 0.0597181 0.0604213 0.0610721 0.0616381 0.0620394 0.0621382 0.0617069 0.0605451 0.058435 0.055169 0.0506452 0.0448264 0.0377737 0.0296718 0.0208181 0.0115343 0.00223729 -0.00670594 -0.0149577 -0.0222549 -0.0284138 -0.0333774 -0.0371308 -0.039777 -0.0414505 -0.0423233 -0.042581 -0.042397 -0.0419055 -0.0412273 -0.0404307 -0.0395449 -0.0385913 -0.0375726 -0.0364772 -0.0352696 -0.0339387 -0.0324605 -0.0308183 -0.0289892 -0.026966 -0.0247455 -0.0223686 -0.0198155 -0.0171022 -0.0142781 -0.0113649 -0.00835233 -0.00531178 -0.00225341 0.00081034 0.00382991 0.00674446 0.00953715 0.0121444 0.0145113 0.0165585 0.01823 0.0194612 0.0201906 0.0203434 0.019873 0.0187336 0.016907 0.0143791 0.0111826 0.00740435 0.00315822 -0.00138904 -0.00602157 -0.010499 -0.0145669 -0.0179592 -0.0204709 -0.0219265 -0.0222651 -0.0215078 -0.0197954 -0.0173492 -0.014491 -0.0115459 -0.00889999 -0.0068787 -0.00576061 -0.00573385 -0.00688895 -0.00916349 -0.0124343 -0.0164856 -0.021026 -0.0257983 -0.0305399 -0.0350101 -0.0390427 -0.0425323 -0.0453653 -0.0475331 -0.0490111 -0.0498244 -0.0500065 -0.049614 -0.0487043 -0.0473063 -0.0454693 -0.0432673 -0.0407568 -0.0380147 -0.0351524 -0.0321926 -0.0292161 -0.0262821 -0.0234564 -0.0207776 -0.0182612 -0.015954 -0.0138569 -0.0119899 -0.0103714 -0.00898364 -0.00777858 -0.00676411 -0.00592903 -0.0052516 -0.0046852 -0.00421432 -0.00386062 -0.00357719 -0.00336779 -0.00320383 -0.00307767 -0.00299013 -0.00292792 -0.00290354 -0.00287153 -0.00284186 -0.00283332 -0.00283844 -0.00283488 -0.00281169 -0.00281126 -0.00282364 -0.0028183 -0.00279824 -0.00279346 -0.00280962 -0.00280437 -0.0027814 
0 6.54577e-05 0.000110103 0.000168839 0.000226936 0.000295539 0.000338072 0.000379968 0.00044954 0.000505387 0.000559977 0.000599418 0.000673424 0.000756578 0.000816907 0.000902444 0.00100376 0.00114815 0.00129118 0.00146584 0.00171163 0.00200395 0.00236519 0.00278598 0.0033129 0.00395466 0.00472609 0.00564603 0.00672561 0.00799476 0.00950011 0.0112447 0.0132063 0.0154095 0.0178374 0.020512 0.0233597 0.0263676 0.0295082 0.0327173 0.0359862 0.0392195 0.0423491 0.0452928 0.048008 0.0504455 0.0525757 0.0543542 0.0558073 0.0569392 0.0578021 0.0584919 0.0590415 0.0595451 0.0600457 0.0605686 0.0610707 0.0614775 0.0615994 0.0612538 0.06019 0.058192 0.0550708 0.0506884 0.0450128 0.0381132 0.0301638 0.0214476 0.0123366 0.00318207 -0.00560285 -0.0137037 -0.0208556 -0.0268822 -0.0316845 -0.0353114 -0.0378148 -0.0393705 -0.0401629 -0.0403804 -0.0401927 -0.0397719 -0.0391912 -0.0385366 -0.0378611 -0.0371638 -0.0364189 -0.0356231 -0.0347406 -0.0337287 -0.0325481 -0.0311561 -0.0295426 -0.0277076 -0.0256267 -0.0232912 -0.0207555 -0.0180371 -0.0151334 -0.0120771 -0.00892674 -0.00569413 -0.00242993 0.00079378 0.00393853 0.00698889 0.00986063 0.0124788 0.0147956 0.0167497 0.018255 0.0192445 0.0196485 0.0194153 0.0185152 0.0168963 0.014539 0.0114798 0.00776789 0.00346545 -0.00125794 -0.0062269 -0.0112136 -0.015949 -0.0201499 -0.0235906 -0.02601 -0.02728 -0.027326 -0.0261768 -0.0239609 -0.0209503 -0.0174262 -0.0137923 -0.0104278 -0.00768836 -0.00587077 -0.00519228 -0.00572799 -0.00747452 -0.0103153 -0.0140322 -0.0183874 -0.02308 -0.0278552 -0.0324664 -0.0367412 -0.0405405 -0.0437987 -0.0464222 -0.0484218 -0.0497691 -0.0504828 -0.0506259 -0.0502175 -0.049292 -0.0478862 -0.0460442 -0.0438205 -0.0413104 -0.0385639 -0.03568 -0.0326812 -0.0296758 -0.0267343 -0.0238822 -0.0211834 -0.0186407 -0.0162985 -0.0141763 -0.012304 -0.0106665 -0.00924059 -0.00801183 -0.00700221 -0.0061671 -0.00546645 -0.00489814 -0.00443269 -0.00408805 -0.00380548 -0.00359534 -0.00343178 -0.00330027 -0.00322902 -0.00316856 -0.00312951 -0.00308518 -0.00306626 -0.00307057 -0.00304934 -0.00303013 -0.00301908 -0.00303254 -0.00302978 -0.00300791 -0.00301059 -0.00302027 -0.00302204 -0.00300156 
0 6.13269e-05 0.000122621 0.000167045 0.000243459 0.000298611 0.000355104 0.000409649 0.000473235 0.000552459 0.000597711 0.000665162 0.000738762 0.000828024 0.000915144 0.00100376 0.00114632 0.00130442 0.00149487 0.00171893 0.0020107 0.00238422 0.00281772 0.00334671 0.00398748 0.00476954 0.00570996 0.00681453 0.0081072 0.0096223 0.011383 0.0133961 0.0156351 0.0180934 0.0207832 0.0236699 0.0267234 0.0298907 0.0331273 0.0363968 0.0396307 0.0427586 0.0456964 0.0483735 0.0507578 0.0528248 0.0545354 0.0558928 0.056895 0.0575857 0.0580584 0.0583762 0.0586499 0.0589437 0.0593022 0.0597573 0.0602554 0.0606846 0.0608931 0.0606352 0.0596834 0.0578121 0.0548007 0.0505504 0.0450049 0.0382373 0.0304417 0.0218935 0.0129347 0.00397348 -0.00464324 -0.0125667 -0.0195326 -0.0253711 -0.0300035 -0.0334293 -0.0357584 -0.0371474 -0.0377786 -0.0378667 -0.0375993 -0.0371207 -0.0365606 -0.0360031 -0.0354469 -0.0349277 -0.0344357 -0.0339157 -0.033312 -0.0325932 -0.0316929 -0.0305968 -0.0292443 -0.0276127 -0.0257164 -0.0235716 -0.0211371 -0.0184516 -0.015551 -0.0124828 -0.00926766 -0.00597786 -0.00265793 0.000644841 0.00387528 0.00691421 0.00973314 0.0122807 0.0144726 0.0162219 0.0174827 0.0181647 0.0182313 0.0176083 0.016246 0.0141435 0.0113184 0.00776132 0.00355992 -0.00117357 -0.0062906 -0.0115845 -0.0167986 -0.0216745 -0.02593 -0.0292948 -0.0315662 -0.0325904 -0.0322928 -0.0307194 -0.0280208 -0.0244188 -0.0202795 -0.0159765 -0.0119167 -0.00849497 -0.00601702 -0.00468808 -0.00464547 -0.00585432 -0.00823451 -0.0116041 -0.0156991 -0.0202638 -0.0250121 -0.0296935 -0.0341369 -0.0381952 -0.0417749 -0.0448278 -0.0472836 -0.0491401 -0.050391 -0.0510572 -0.0511746 -0.0507521 -0.0498133 -0.0483962 -0.0465471 -0.0443331 -0.0418277 -0.0390746 -0.0361517 -0.0331397 -0.030119 -0.0271599 -0.0242902 -0.0215528 -0.0189827 -0.0166175 -0.0144955 -0.0126092 -0.0109387 -0.00949681 -0.00827608 -0.00726192 -0.006415 -0.00570036 -0.00513331 -0.00467178 -0.00431654 -0.00403606 -0.00380719 -0.00364766 -0.00352356 -0.00345198 -0.00338192 -0.00332891 -0.00330996 -0.00329424 -0.00328695 -0.00325408 -0.00325276 -0.00326085 -0.0032546 -0.00324547 -0.00323253 -0.00324976 -0.00323957 -0.00322595 
0 6.32976e-05 0.000119214 0.000177174 0.000241039 0.000305361 0.000367752 0.000430173 0.000508892 0.000582316 0.00065452 0.000730627 0.000819546 0.000923343 0.00102065 0.00114815 0.00130442 0.00150375 0.00173656 0.00201468 0.00238029 0.00282611 0.00337344 0.00402111 0.0048057 0.00575802 0.00688998 0.00821045 0.00974584 0.0115179 0.0135499 0.0158272 0.0183187 0.0210359 0.0239301 0.0270175 0.0302177 0.0334829 0.0367652 0.0399895 0.0431234 0.0460497 0.0487171 0.0510641 0.0530628 0.0546961 0.0559673 0.056852 0.0574025 0.0576767 0.0577814 0.057826 0.0578863 0.0580585 0.0583497 0.0587878 0.0593082 0.059811 0.0600936 0.059952 0.0591125 0.0573399 0.0544367 0.0502873 0.0448419 0.038201 0.0305482 0.0221407 0.0133617 0.00456167 -0.00387455 -0.0116075 -0.0183708 -0.0240041 -0.0283955 -0.031606 -0.0337037 -0.0348726 -0.0352973 -0.0351957 -0.0347491 -0.0341464 -0.0334919 -0.0329008 -0.0324015 -0.0320086 -0.0316668 -0.031336 -0.0309712 -0.0305101 -0.0298716 -0.0290421 -0.0279725 -0.0266308 -0.0249927 -0.0230289 -0.0207676 -0.0182584 -0.0154842 -0.012499 -0.00937722 -0.00614084 -0.00286809 0.000341748 0.00345807 0.00640654 0.00909741 0.0114532 0.0133937 0.0148623 0.0158132 0.0161488 0.0158248 0.0147964 0.0130274 0.0104896 0.00720236 0.00320938 -0.0013747 -0.00645649 -0.0118426 -0.0173345 -0.0226754 -0.027596 -0.0317953 -0.0350383 -0.0370704 -0.0377845 -0.0371009 -0.0350807 -0.0318728 -0.0277364 -0.0229945 -0.0180785 -0.0133785 -0.00931198 -0.00620828 -0.00428453 -0.0036667 -0.00435969 -0.00627601 -0.00923896 -0.0130438 -0.0174047 -0.0220647 -0.0267682 -0.0313303 -0.0355752 -0.0394415 -0.0428206 -0.0456803 -0.0479851 -0.0497214 -0.0509108 -0.0515482 -0.0516525 -0.0512254 -0.050283 -0.0488688 -0.0470492 -0.04484 -0.0423339 -0.0395545 -0.0366121 -0.0335911 -0.0305543 -0.0275775 -0.0246651 -0.0218968 -0.019307 -0.0169377 -0.0147967 -0.0128827 -0.0111996 -0.00976053 -0.00854173 -0.00751688 -0.00665656 -0.00593815 -0.00536964 -0.00490401 -0.0045405 -0.00424549 -0.00402189 -0.00386695 -0.00374738 -0.00366224 -0.00359277 -0.00356036 -0.0035423 -0.00352261 -0.00350265 -0.00349252 -0.00349675 -0.00348998 -0.00347719 -0.00346944 -0.00347185 -0.00346632 -0.0034543 
