0 0 0 0 0 0 0 0 0 0 0 0 0 0 0 0 0 0 0 0 0 0 0 0 0 0 0 0 0 0 0 0 0 0 0 0 0 0 0 0 0 0 0 0 0 0 0 0 0 0 0 0 0 0 0 0 0 0 0 0 0 0 0 0 0 0 0 0 0 0 0 0 0 0 0 0 0 0 0 0 0 0 0 0 0 0 0 0 0 0 0 0 0 0 0 0 0 0 0 0 0 0 0 0 0 0 0 0 0 0 0 0 0 0 0 0 0 0 0 0 0 0 0 0 0 0 0 0 0 0 0 0 0 0 0 0 0 0 0 0 0 0 0 0 0 0 0 0 0 0 0 0 0 0 0 0 0 0 0 0 0 0 0 0 0 0 0 0 0 0 0 0 0 0 0 0 0 0 0 0 0 0 0 0 0 0 0 0 0 0 0 0 0 0 0 0 0 0 0 0 
0 8.03023e-06 1.12863e-05 9.62442e-06 1.79291e-05 2.02017e-05 2.08727e-05 2.00131e-05 2.44721e-05 2.87142e-05 2.36654e-05 2.41164e-05 3.01803e-05 3.6124e-05 3.36648e-05 3.64143e-05 4.58245e-05 5.50494e-05 5.60425e-05 6.34652e-05 8.1232e-05 9.78017e-05 0.000122745 0.000153123 0.000204033 0.000262424 0.000338475 0.000436292 0.000550683 0.000699242 0.000874633 0.0010795 0.00130931 0.00158387 0.00190728 0.00227682 0.00268928 0.00315382 0.00366012 0.00419009 0.00474295 0.00528074 0.00579873 0.006277 0.00670093 0.00704816 0.00729015 0.00742283 0.00742539 0.00727557 0.00697831 0.00652087 0.0059062 0.00517832 0.00434532 0.00344507 0.00250267 0.00154092 0.000596104 -0.000302078 -0.00111297 -0.00180472 -0.00236461 -0.00277226 -0.00303552 -0.00318306 -0.00322853 -0.00322192 -0.00320221 -0.00319306 -0.00322064 -0.00330041 -0.00342069 -0.00357897 -0.0037664 -0.00395554 -0.00412431 -0.00425913 -0.00432669 -0.00431497 -0.00422897 -0.00405209 -0.00380788 -0.00352799 -0.00320631 -0.00286255 -0.00252788 -0.00219725 -0.00188809 -0.00160439 -0.0013447 -0.00113315 -0.000964264 -0.00080839 -0.000678165 -0.000568585 -0.000467664 -0.000383865 -0.000321709 -0.000271907 -0.000231446 -0.00019889 -0.000184895 -0.000174893 -0.000164297 -0.000171825 -0.000191159 -0.000217443 -0.000283863 -0.000377668 -0.000481817 -0.000605543 -0.000740859 -0.000884809 -0.00104256 -0.00117851 -0.00128721 -0.00136236 -0.00135711 -0.00125009 -0.00103881 -0.000698218 -0.000232956 0.000344461 0.00102975 0.00179592 0.00260777 0.0034365 0.00423917 0.0049605 0.00556982 0.00603613 0.00633366 0.0064715 0.00646302 0.00630373 0.00602294 0.00561672 0.00507811 0.0044257 0.00366161 0.0027988 0.00186669 0.000874175 -0.000155599 -0.00120289 -0.00224646 -0.00324439 -0.00418494 -0.00502402 -0.0057397 -0.00632215 -0.00674256 -0.006998 -0.00710831 -0.00707422 -0.00691954 -0.00666099 -0.00630619 -0.00587817 -0.0053906 -0.00488108 -0.00435276 -0.00382543 -0.00332103 -0.00285389 -0.00243033 -0.00205933 -0.00173596 -0.00144727 -0.00120485 -0.00099897 -0.000830252 -0.000677762 -0.000553753 -0.000458962 -0.000378523 -0.000317182 -0.000268679 -0.000238623 -0.000217276 -0.000205 -0.00019505 -0.00018533 -0.000178097 -0.000180722 -0.00018153 -0.000175072 -0.000172453 -0.00016924 -0.000169164 -0.000157006 -0.000156416 -0.000162208 -0.000161114 -0.000158475 -0.000152549 -0.000164691 -0.000166937 -0.000167414 
0 1.12863e-05 1.02337e-05 1.19721e-05 2.17468e-05 3.10496e-05 3.19896e-05 3.13425e-05 4.4835e-05 5.27e-05 4.88843e-05 5.15989e-05 6.50623e-05 7.78176e-05 7.43024e-05 7.71445e-05 9.97822e-05 0.000113092 0.000121268 0.000137562 0.000170114 0.000214787 0.000253417 0.000329524 0.000424951 0.000547091 0.000708786 0.000891784 0.00113637 0.00141591 0.00177275 0.00218093 0.00264002 0.00320409 0.0038529 0.00460313 0.00543461 0.00636148 0.00736555 0.00841797 0.00948965 0.0105536 0.0115502 0.0124803 0.013304 0.0139571 0.014427 0.0146587 0.0146465 0.0143382 0.0137432 0.0128357 0.0116422 0.0102012 0.00857804 0.00680778 0.0049485 0.0030724 0.00121657 -0.000529474 -0.00209719 -0.00343731 -0.00452799 -0.00531426 -0.00586127 -0.00616033 -0.00628115 -0.00629684 -0.00627686 -0.006272 -0.00635497 -0.00651832 -0.00678513 -0.00713293 -0.00752304 -0.00792737 -0.00828485 -0.00855662 -0.00869555 -0.00867465 -0.00848396 -0.00815038 -0.00766833 -0.00709061 -0.0064322 -0.00576249 -0.00507921 -0.00441084 -0.00378195 -0.00323577 -0.0027335 -0.00230583 -0.00191819 -0.00160437 -0.00134787 -0.00113063 -0.000933287 -0.000796967 -0.000650133 -0.000538536 -0.000469188 -0.000413867 -0.000349848 -0.000333438 -0.00031287 -0.000325942 -0.000373707 -0.000467194 -0.00058194 -0.000742478 -0.000932072 -0.00119267 -0.0014671 -0.00175922 -0.00205044 -0.0023351 -0.00255464 -0.00268524 -0.00265634 -0.00246391 -0.00203523 -0.00135509 -0.000424035 0.000741723 0.00211831 0.00363513 0.00525231 0.00688101 0.0084419 0.00986335 0.0110502 0.0119629 0.0125516 0.0128155 0.0127704 0.0124438 0.011838 0.0110094 0.00992137 0.00862042 0.00711564 0.00543669 0.00360328 0.00167517 -0.000344863 -0.00240262 -0.00443627 -0.00640177 -0.008237 -0.00988083 -0.0112903 -0.0124417 -0.0132722 -0.0138029 -0.014018 -0.0139744 -0.0136769 -0.0131729 -0.0124968 -0.0116593 -0.0107243 -0.00973758 -0.00871235 -0.00768578 -0.00670068 -0.00576848 -0.00493655 -0.0041808 -0.00353231 -0.00295092 -0.00244815 -0.00204602 -0.00168768 -0.00139211 -0.00113742 -0.000943831 -0.000788325 -0.000653472 -0.000558863 -0.000486258 -0.000437012 -0.000406289 -0.000381126 -0.000359223 -0.00034598 -0.00034596 -0.000349854 -0.000338031 -0.000334935 -0.00034206 -0.000340686 -0.0003328 -0.000328268 -0.000342999 -0.000344557 -0.000331305 -0.000329786 -0.000335857 -0.000341127 -0.000330605 
0 9.62442e-06 1.19721e-05 6.47793e-06 2.6477e-05 3.55113e-05 4.02518e-05 4.35379e-05 6.26265e-05 8.17486e-05 7.89394e-05 8.73892e-05 0.00010797 0.000124802 0.000117987 0.000123109 0.000146421 0.000171137 0.000180144 0.00020956 0.000269809 0.000332242 0.000417296 0.000524552 0.000688387 0.000880188 0.00112146 0.00142023 0.00176965 0.00221191 0.00274068 0.00336459 0.0040778 0.00493024 0.00592572 0.00705149 0.00829048 0.00965891 0.0111275 0.0126484 0.0142138 0.0157325 0.0171842 0.0185171 0.0196844 0.0206166 0.0212386 0.0215332 0.0214568 0.0209623 0.0200678 0.0187466 0.0170054 0.0149435 0.0125841 0.0100208 0.00733071 0.00459679 0.00192908 -0.000577026 -0.00281787 -0.00472468 -0.00627984 -0.0074454 -0.00824703 -0.00874405 -0.00896709 -0.00903476 -0.00905189 -0.00909811 -0.00925893 -0.00958449 -0.0100498 -0.0106331 -0.0112884 -0.0119291 -0.0124824 -0.0129077 -0.0131237 -0.0131012 -0.0128492 -0.0123318 -0.0116015 -0.0107408 -0.0097509 -0.00869996 -0.00767598 -0.00668144 -0.00575833 -0.00491462 -0.00413851 -0.00348192 -0.00293275 -0.00243583 -0.00202642 -0.00169552 -0.00141192 -0.00118617 -0.00100944 -0.000854787 -0.000715319 -0.00059246 -0.000520032 -0.000479625 -0.000460175 -0.000500407 -0.000577887 -0.000674487 -0.000859404 -0.0011108 -0.00139844 -0.00175208 -0.00215122 -0.00258406 -0.00304749 -0.00344647 -0.00375272 -0.0039427 -0.00390015 -0.00357027 -0.00293102 -0.0019137 -0.000521019 0.00121558 0.00327038 0.00554894 0.00793874 0.0103402 0.0126323 0.0146763 0.0163929 0.0177017 0.0185318 0.0188884 0.0187921 0.0182352 0.0172975 0.0159992 0.0143503 0.0124166 0.010213 0.00776621 0.00513228 0.00232777 -0.0005961 -0.00357808 -0.00654586 -0.00938309 -0.0120456 -0.0144244 -0.0164683 -0.0181513 -0.0193984 -0.0201957 -0.0205785 -0.0205493 -0.0201638 -0.0194709 -0.0185007 -0.0173176 -0.015969 -0.0145509 -0.0130741 -0.0115878 -0.0101474 -0.00878983 -0.0075394 -0.00642048 -0.00542966 -0.00454046 -0.00378435 -0.00314396 -0.00261375 -0.00214556 -0.00176485 -0.00147195 -0.00122767 -0.00103532 -0.000878317 -0.000767135 -0.000681269 -0.000624481 -0.000580897 -0.000543891 -0.000517762 -0.000516561 -0.000513387 -0.000496759 -0.000497485 -0.000505717 -0.000520364 -0.000503033 -0.000506234 -0.000522442 -0.000521038 -0.000513448 -0.000499331 -0.000519728 -0.000509998 -0.000494619 
0 1.79291e-05 2.17468e-05 2.6477e-05 4.67932e-05 6.32227e-05 6.57203e-05 6.6533e-05 8.8183e-05 0.000104344 0.000101151 0.000108407 0.000131682 0.000153745 0.000152752 0.000163006 0.000204575 0.000236206 0.000262822 0.000309054 0.000389289 0.000491951 0.000597521 0.00076445 0.000979644 0.00125105 0.00159673 0.00199933 0.00250883 0.00310625 0.00384651 0.0047034 0.00567859 0.00684375 0.00817196 0.0096673 0.0112957 0.013069 0.0149562 0.0169085 0.0188802 0.0208165 0.0226294 0.0242964 0.0257415 0.0268524 0.0275842 0.0278644 0.0276815 0.0269789 0.0257786 0.0240539 0.0218412 0.019204 0.0162323 0.0129941 0.009594 0.0061647 0.00280253 -0.000341472 -0.00314954 -0.00555115 -0.00752065 -0.00899422 -0.0100581 -0.0107161 -0.0110657 -0.0112337 -0.0113489 -0.0115178 -0.0118664 -0.0124039 -0.0131451 -0.0140346 -0.0149856 -0.0159174 -0.0167194 -0.0173186 -0.017635 -0.0176252 -0.0172767 -0.016618 -0.0156592 -0.0144897 -0.0131538 -0.011771 -0.0103752 -0.00902016 -0.0077563 -0.00663923 -0.00561922 -0.00473617 -0.00394835 -0.00329037 -0.00274929 -0.00230014 -0.00191166 -0.00162547 -0.00134773 -0.00112356 -0.000959672 -0.000823014 -0.000695225 -0.00064495 -0.000612412 -0.000646271 -0.000743567 -0.000912198 -0.00113263 -0.00143407 -0.00179941 -0.00228546 -0.00281774 -0.00338544 -0.00395119 -0.00447736 -0.00486994 -0.00507639 -0.00498052 -0.00455104 -0.00368013 -0.00232344 -0.000475046 0.00183542 0.00455184 0.00753827 0.0106812 0.0138093 0.0167638 0.0194032 0.0215758 0.023204 0.0242062 0.0245754 0.0243358 0.0235313 0.0221994 0.0204404 0.0182441 0.0157004 0.0128393 0.00970055 0.00631364 0.00274889 -0.000977909 -0.00477317 -0.00852316 -0.0121316 -0.0154948 -0.0185154 -0.021132 -0.0233073 -0.0249465 -0.0260564 -0.0266124 -0.0266735 -0.0262544 -0.025427 -0.0242515 -0.0227692 -0.0210889 -0.0192971 -0.0174241 -0.0155297 -0.0136811 -0.0119083 -0.0102799 -0.00878303 -0.00746041 -0.00626905 -0.00523397 -0.00438142 -0.00363665 -0.00300974 -0.00247765 -0.00206238 -0.00172729 -0.00144423 -0.00123128 -0.001064 -0.000942169 -0.000860622 -0.000798909 -0.0007509 -0.000719646 -0.0007109 -0.000704658 -0.000678472 -0.000671035 -0.000683307 -0.000686083 -0.000671019 -0.000661396 -0.000677854 -0.000678612 -0.000662218 -0.000663464 -0.000679146 -0.000681276 -0.000662307 
0 2.02017e-05 3.10496e-05 3.55113e-05 6.32227e-05 7.93155e-05 8.39595e-05 8.84145e-05 0.000111266 0.000132242 0.000130433 0.000139308 0.000165515 0.000190625 0.000194682 0.000215429 0.000261803 0.000309856 0.000348069 0.000417259 0.000533872 0.000669891 0.000837637 0.00105414 0.00135018 0.00171043 0.00215729 0.00270141 0.00335284 0.00414903 0.00510102 0.00621126 0.00747794 0.00895254 0.0106265 0.0124748 0.0144654 0.0166054 0.018858 0.0211633 0.0234894 0.0257348 0.0278438 0.0297467 0.0313623 0.0325819 0.0333156 0.0335283 0.0331861 0.0322519 0.0307511 0.0286694 0.0260289 0.0229361 0.0194489 0.0156774 0.0117338 0.00774769 0.00386295 0.000224229 -0.0030334 -0.00582392 -0.00811712 -0.00987368 -0.0111376 -0.0119787 -0.0124745 -0.0127882 -0.0130758 -0.013465 -0.0140691 -0.0149355 -0.0160283 -0.0172863 -0.0186143 -0.0198839 -0.0209716 -0.0217943 -0.0222428 -0.0222678 -0.0218691 -0.021036 -0.0198352 -0.0183794 -0.0167141 -0.0149494 -0.0131942 -0.0114886 -0.00989452 -0.0084443 -0.00713351 -0.00601059 -0.00505514 -0.00422161 -0.00352412 -0.00294217 -0.00244338 -0.00203982 -0.00170815 -0.00143264 -0.00120665 -0.00102012 -0.000891858 -0.000816069 -0.000775177 -0.000809559 -0.000910715 -0.0010743 -0.00135574 -0.0017447 -0.00221236 -0.00278159 -0.0034161 -0.00409425 -0.0047891 -0.00539594 -0.00584718 -0.00607945 -0.0059438 -0.00535554 -0.00424897 -0.0025465 -0.000248246 0.00259945 0.00593296 0.00959979 0.013426 0.0172269 0.0207998 0.0239379 0.0264946 0.0283508 0.0294236 0.0297206 0.0292852 0.0281529 0.0264295 0.0241829 0.0214538 0.0183365 0.0148736 0.011109 0.0071013 0.00288531 -0.00148711 -0.00592864 -0.0103294 -0.0145476 -0.0184985 -0.0220576 -0.0251622 -0.0277695 -0.0297879 -0.0311888 -0.0319824 -0.0321735 -0.0318083 -0.0309466 -0.029639 -0.0279697 -0.0260311 -0.0239461 -0.0217517 -0.0195152 -0.0173086 -0.0151822 -0.0131835 -0.011344 -0.00967884 -0.00817211 -0.00686307 -0.00574783 -0.00480016 -0.00397577 -0.00328961 -0.00274267 -0.00229324 -0.00193031 -0.00163864 -0.00141802 -0.0012489 -0.00113088 -0.00104246 -0.000972733 -0.000925588 -0.000908456 -0.000891336 -0.000859602 -0.000848418 -0.000853008 -0.000858271 -0.000832996 -0.000826041 -0.000838747 -0.000837921 -0.000827504 -0.000821257 -0.000848367 -0.000846041 -0.000832758 
0 2.08727e-05 3.19896e-05 4.02518e-05 6.57203e-05 8.39595e-05 9.17066e-05 0.000102397 0.00012953 0.000154075 0.000159037 0.000172787 0.000203073 0.000233597 0.000249469 0.000280705 0.00034142 0.00040326 0.000466474 0.000564766 0.000716755 0.000905465 0.00112903 0.00142223 0.00180005 0.00226587 0.00283793 0.00352552 0.00435724 0.00535382 0.00654245 0.00791686 0.00947954 0.0112727 0.0132789 0.0154671 0.0178004 0.0202708 0.02284 0.0254454 0.0280282 0.0304997 0.0327755 0.0347911 0.0364564 0.0376577 0.0383196 0.0383965 0.0378652 0.0366975 0.0349106 0.0325017 0.0295117 0.0260357 0.0221687 0.0180144 0.0136934 0.0093451 0.00510601 0.00113316 -0.00243182 -0.00549954 -0.00802624 -0.00997736 -0.0114157 -0.0124119 -0.0130851 -0.0136088 -0.014151 -0.0148486 -0.015814 -0.0170733 -0.0185961 -0.0203008 -0.0220678 -0.023755 -0.025211 -0.0263123 -0.0269392 -0.0270277 -0.0265707 -0.0255943 -0.0241672 -0.0224082 -0.0204078 -0.0182949 -0.0161642 -0.0140854 -0.0121349 -0.0103662 -0.00877636 -0.00739628 -0.0062055 -0.00519052 -0.00434063 -0.0036243 -0.00301178 -0.00251187 -0.00208451 -0.00173636 -0.00146609 -0.00124925 -0.00108047 -0.00097636 -0.000916826 -0.000937184 -0.00104635 -0.00125171 -0.0015704 -0.00200692 -0.00254686 -0.00320781 -0.00394038 -0.00471212 -0.00548204 -0.00616967 -0.00667618 -0.0069028 -0.00670171 -0.00597392 -0.00461779 -0.00256677 0.000174682 0.00354859 0.00745669 0.0117255 0.0161627 0.0205435 0.0246318 0.0281987 0.031049 0.0330472 0.0341091 0.0342457 0.0335222 0.0320216 0.0298536 0.0271237 0.0238857 0.0202365 0.0162381 0.0119459 0.007418 0.00270738 -0.00214621 -0.00705745 -0.0119137 -0.0165937 -0.0209883 -0.0249824 -0.0285011 -0.0314838 -0.0338385 -0.0355328 -0.0365568 -0.0369301 -0.0366826 -0.0358721 -0.0345551 -0.0328045 -0.0307346 -0.0284595 -0.026037 -0.0235394 -0.0210423 -0.0186025 -0.0162806 -0.0141076 -0.0121137 -0.010296 -0.00869249 -0.00731792 -0.00613111 -0.0051081 -0.00424573 -0.003546 -0.00297274 -0.00250004 -0.00212211 -0.0018243 -0.00159561 -0.00142795 -0.00129912 -0.00119923 -0.00113088 -0.00109791 -0.00107233 -0.00103859 -0.0010245 -0.00102977 -0.00103132 -0.00101278 -0.00100753 -0.00102118 -0.00102288 -0.00100896 -0.00100313 -0.00101959 -0.00101749 -0.00100182 
0 2.00131e-05 3.13425e-05 4.35379e-05 6.6533e-05 8.84145e-05 0.000102397 0.00012082 0.000150779 0.000178238 0.00019267 0.000213261 0.000248473 0.000283361 0.000311082 0.000353598 0.000427212 0.000509222 0.000605969 0.000744177 0.000941824 0.0011929 0.00149119 0.00187628 0.00235729 0.00294984 0.00366782 0.00452432 0.00555588 0.00677733 0.00821855 0.00987013 0.0117368 0.0138413 0.0161621 0.0186593 0.0212933 0.0240394 0.0268557 0.0296765 0.0324199 0.0350034 0.0373287 0.0393324 0.040926 0.0420061 0.0425109 0.0423946 0.0416408 0.040234 0.0381821 0.0354989 0.0322414 0.0284992 0.0243891 0.0200106 0.015484 0.0109455 0.00652765 0.00238978 -0.00132804 -0.00453551 -0.00718369 -0.00925825 -0.010829 -0.0119797 -0.012856 -0.0136342 -0.0144896 -0.0155665 -0.0169698 -0.0187148 -0.0207629 -0.0230092 -0.0253056 -0.0274851 -0.0293702 -0.0308039 -0.0316592 -0.0318607 -0.0313914 -0.0302981 -0.0286625 -0.0266115 -0.0242753 -0.0217989 -0.0192904 -0.0168476 -0.0145468 -0.0124447 -0.0105557 -0.00890012 -0.00746366 -0.00624282 -0.00521454 -0.00434998 -0.0036235 -0.00302787 -0.00251969 -0.00209785 -0.00175625 -0.00147823 -0.00125785 -0.00111733 -0.00104522 -0.0010608 -0.0011765 -0.00140609 -0.00175237 -0.00222697 -0.00282235 -0.00354158 -0.0043463 -0.00519967 -0.0060403 -0.0067883 -0.00732568 -0.00752663 -0.00724455 -0.00635954 -0.00475519 -0.00237478 0.000777186 0.00463302 0.00906375 0.0138752 0.018845 0.0237135 0.0282144 0.0320965 0.0351359 0.0371818 0.038154 0.0380668 0.0370037 0.0350894 0.0324525 0.0292287 0.025503 0.021374 0.0169215 0.0122103 0.00729659 0.00223868 -0.00293014 -0.00813658 -0.0132781 -0.0182552 -0.0229502 -0.0272598 -0.0310988 -0.0343877 -0.0370391 -0.0390111 -0.0402841 -0.0408827 -0.0408277 -0.0401663 -0.0389505 -0.0372417 -0.0351563 -0.0327965 -0.0302394 -0.0275612 -0.0248417 -0.0221478 -0.0195472 -0.017077 -0.014774 -0.0126537 -0.0107528 -0.00909865 -0.00765467 -0.00641041 -0.00535443 -0.00448464 -0.00377019 -0.00317595 -0.00269593 -0.00230914 -0.00200853 -0.00177913 -0.0016001 -0.00146057 -0.00136284 -0.00130523 -0.00126409 -0.00122566 -0.00120559 -0.00120717 -0.00120368 -0.00119153 -0.00118934 -0.00120196 -0.00120465 -0.0011895 -0.00118374 -0.00118976 -0.00118801 -0.00117334 
0 2.44721e-05 4.4835e-05 6.26265e-05 8.8183e-05 0.000111266 0.00012953 0.000150779 0.000175603 0.000200993 0.000221541 0.000247387 0.000288029 0.000328545 0.000371565 0.000435549 0.000524625 0.000644116 0.00078439 0.000975991 0.00123349 0.00154787 0.00194557 0.0024258 0.00303501 0.0037743 0.0046576 0.00572316 0.00697112 0.00845777 0.0101664 0.0121079 0.0142818 0.0166751 0.0192821 0.0220423 0.0249198 0.0278742 0.0308555 0.0337877 0.0365925 0.039157 0.0414203 0.043293 0.0447026 0.0455806 0.0458471 0.0454919 0.0444838 0.0428311 0.0405375 0.0376439 0.0342015 0.030328 0.0261103 0.0216666 0.017106 0.0125381 0.00811761 0.00398136 0.000261563 -0.00295052 -0.0056091 -0.00774658 -0.00939314 -0.0106915 -0.011771 -0.0128199 -0.0140231 -0.0155377 -0.0174413 -0.0197737 -0.0224444 -0.0253273 -0.0282488 -0.0309921 -0.0333626 -0.0351863 -0.0363216 -0.036688 -0.0362765 -0.035107 -0.0333009 -0.0309931 -0.0283405 -0.0254838 -0.0226004 -0.0197902 -0.0171406 -0.0146888 -0.012489 -0.010542 -0.00886493 -0.00741133 -0.00618361 -0.0051572 -0.00430966 -0.00358745 -0.00300381 -0.00250336 -0.00207282 -0.00171488 -0.00145493 -0.00125986 -0.00116814 -0.00117561 -0.00129182 -0.00151136 -0.00187719 -0.00237444 -0.00301403 -0.00376464 -0.0046254 -0.00554156 -0.00645159 -0.00722367 -0.00775827 -0.00791233 -0.00753966 -0.00648042 -0.00465469 -0.00198266 0.00152994 0.00580377 0.0106919 0.0159852 0.0214023 0.0266674 0.0314819 0.0355539 0.0386759 0.0406714 0.0414744 0.0411102 0.0396805 0.0373198 0.0342212 0.0305052 0.0263267 0.021781 0.0169625 0.0119383 0.00677624 0.00149929 -0.00383339 -0.00917512 -0.0144499 -0.0195513 -0.0243984 -0.0288873 -0.0329367 -0.0364544 -0.0393659 -0.0415952 -0.0431482 -0.0440059 -0.0442119 -0.0437883 -0.0427653 -0.0412195 -0.0392254 -0.0368903 -0.0342971 -0.0315243 -0.028655 -0.0257788 -0.0229465 -0.0202341 -0.0176533 -0.0152528 -0.0130735 -0.0111211 -0.00941809 -0.00792062 -0.00665049 -0.00558537 -0.00469782 -0.00396901 -0.00336109 -0.00287687 -0.0024923 -0.00219265 -0.00195985 -0.00177614 -0.0016444 -0.00155635 -0.00148939 -0.00143921 -0.00140577 -0.00138996 -0.00137897 -0.0013596 -0.00135727 -0.00136052 -0.00135987 -0.00135275 -0.00134493 -0.00135443 -0.0013529 -0.00134961 
0 2.87142e-05 5.27e-05 8.17486e-05 0.000104344 0.000132242 0.000154075 0.000178238 0.000200993 0.000223933 0.000251296 0.000286204 0.000332001 0.000382619 0.000451596 0.00053728 0.000662531 0.000816805 0.00102074 0.00127663 0.00159594 0.00200602 0.00249449 0.00311124 0.00385257 0.00476264 0.00584889 0.00712707 0.00864425 0.0103931 0.0123933 0.0146223 0.0170816 0.0197468 0.0225935 0.0255693 0.0286365 0.0317254 0.0347822 0.037739 0.0404698 0.0429239 0.0449918 0.0466314 0.0477721 0.048349 0.0483344 0.0476862 0.0464052 0.0445167 0.0420215 0.0389748 0.0354664 0.0315517 0.027371 0.0229955 0.0185343 0.0141054 0.00982971 0.00584851 0.00227653 -0.000821425 -0.003404 -0.00550558 -0.00720371 -0.00859448 -0.00986451 -0.0111906 -0.0127645 -0.0147471 -0.0172335 -0.0201982 -0.0235704 -0.0271729 -0.0307785 -0.0341612 -0.0371024 -0.0393766 -0.0408591 -0.0414557 -0.0411298 -0.0399623 -0.0380461 -0.0355061 -0.032563 -0.0293941 -0.0261282 -0.0229287 -0.0198982 -0.0171087 -0.0145999 -0.0123602 -0.0103916 -0.00871907 -0.0072933 -0.00608509 -0.00507676 -0.00423183 -0.00350778 -0.00290291 -0.00240623 -0.00200207 -0.00166547 -0.00142598 -0.00129061 -0.00125136 -0.00133588 -0.00157099 -0.0019219 -0.00241545 -0.00307109 -0.00386838 -0.0047789 -0.00573623 -0.00664255 -0.00743529 -0.00796071 -0.00804144 -0.00756267 -0.00637664 -0.00434386 -0.00142334 0.00239005 0.00702319 0.0122844 0.0179504 0.0237294 0.0292854 0.0342939 0.0384768 0.0415712 0.0434337 0.0440075 0.0433219 0.0414909 0.0387112 0.0351401 0.0309818 0.0263968 0.0214978 0.0164036 0.0111856 0.00588004 0.000536214 -0.00482851 -0.0101722 -0.015416 -0.0205174 -0.0253608 -0.0298999 -0.034049 -0.0377103 -0.0408179 -0.043304 -0.0451179 -0.046283 -0.0467916 -0.0466628 -0.0459366 -0.0446352 -0.0428602 -0.04066 -0.0381415 -0.0353776 -0.0324512 -0.0294569 -0.0264734 -0.0235541 -0.020747 -0.018103 -0.0156477 -0.01343 -0.0114342 -0.00968975 -0.00817171 -0.00687963 -0.00580281 -0.00489422 -0.00415255 -0.00354012 -0.00305937 -0.00267497 -0.00237162 -0.00213695 -0.0019614 -0.00183244 -0.0017354 -0.00166713 -0.00161459 -0.00158588 -0.00155715 -0.0015432 -0.00152963 -0.0015243 -0.00152349 -0.00151483 -0.00152166 -0.001517 -0.00152544 -0.00152465 
0 2.36654e-05 4.88843e-05 7.89394e-05 0.000101151 0.000130433 0.000159037 0.00019267 0.000221541 0.000251296 0.00029756 0.00034497 0.000405034 0.000471485 0.000566081 0.000689669 0.000836799 0.00104452 0.00130423 0.0016345 0.00204275 0.00254522 0.00318233 0.00393543 0.00485909 0.00596646 0.00726928 0.00881011 0.0105773 0.012618 0.0148861 0.0173865 0.0201124 0.0230049 0.0260549 0.0291955 0.0323803 0.0355278 0.0385682 0.0414224 0.0439987 0.0462037 0.0480022 0.0493173 0.0501017 0.0503352 0.0499664 0.0490042 0.0474447 0.0453403 0.0427005 0.0396016 0.0360989 0.0322839 0.0282267 0.0240312 0.0197967 0.0156094 0.0116169 0.00792513 0.00461628 0.00175332 -0.000640102 -0.00265296 -0.00430593 -0.00577271 -0.007209 -0.00880683 -0.0107657 -0.0132547 -0.0163214 -0.0199781 -0.0240799 -0.0284353 -0.0327988 -0.0368887 -0.0404592 -0.0432774 -0.0451835 -0.0460758 -0.045931 -0.0447888 -0.0427993 -0.0401104 -0.0369388 -0.0334428 -0.0298477 -0.0263021 -0.0229103 -0.0197313 -0.0168758 -0.014329 -0.0121238 -0.0102035 -0.00854996 -0.00713775 -0.00595436 -0.00492303 -0.00408921 -0.00338092 -0.00277449 -0.00227637 -0.00190112 -0.00158796 -0.00139834 -0.00130624 -0.00133869 -0.00150616 -0.00185095 -0.00235764 -0.00304394 -0.00383198 -0.00473843 -0.00570057 -0.00663582 -0.00740445 -0.00789854 -0.00794222 -0.00739758 -0.00606839 -0.00387253 -0.000741575 0.00331799 0.00821114 0.0137468 0.019688 0.0256922 0.0314285 0.0365498 0.0407278 0.043742 0.0454153 0.0457158 0.0446925 0.042479 0.0392651 0.035288 0.0307115 0.0257793 0.0206073 0.0153244 0.0100105 0.0047063 -0.000597307 -0.00585686 -0.0110698 -0.0161936 -0.0211554 -0.0259027 -0.030375 -0.0345113 -0.0382233 -0.0414671 -0.0441462 -0.0462413 -0.0477063 -0.0485603 -0.0487885 -0.0484024 -0.0474566 -0.0459793 -0.044033 -0.0417038 -0.0390569 -0.0361725 -0.0331598 -0.0300782 -0.0270268 -0.0240278 -0.0211675 -0.0184803 -0.0159778 -0.0137274 -0.0117049 -0.00993918 -0.00840754 -0.00710288 -0.0060157 -0.00509482 -0.00434666 -0.00373814 -0.00324203 -0.00284968 -0.00253777 -0.00230465 -0.00212298 -0.00198691 -0.00189938 -0.0018316 -0.00178533 -0.00175501 -0.00174001 -0.00172976 -0.00171444 -0.0017092 -0.00170999 -0.00170916 -0.00170271 -0.00169828 -0.00169803 
0 2.41164e-05 5.15989e-05 8.73892e-05 0.000108407 0.000139308 0.000172787 0.000213261 0.000247387 0.000286204 0.00034497 0.000408682 0.00047993 0.000569168 0.000705099 0.000867035 0.00106831 0.00132669 0.0016689 0.00208866 0.00259186 0.00322925 0.00400416 0.00494466 0.00605744 0.00739171 0.00895339 0.0107532 0.012814 0.0151214 0.0176597 0.0204073 0.0233557 0.0264393 0.029629 0.0328606 0.0360852 0.0391914 0.0421079 0.0447727 0.0470663 0.0489619 0.0503865 0.0513091 0.0516866 0.0515076 0.0507761 0.0494879 0.0476741 0.0454046 0.0426878 0.0395936 0.036202 0.032539 0.028717 0.0248018 0.0208932 0.0170797 0.0134713 0.0101615 0.0072156 0.00466844 0.00253514 0.000730348 -0.000829274 -0.00228655 -0.0038542 -0.00571879 -0.00807251 -0.0110627 -0.0147476 -0.0190686 -0.0239075 -0.0290397 -0.0341808 -0.0390366 -0.0433324 -0.0467671 -0.0491779 -0.0504431 -0.0505193 -0.0495009 -0.0475184 -0.0447146 -0.0413609 -0.0376482 -0.0337446 -0.0298511 -0.0261049 -0.0225998 -0.0194199 -0.016553 -0.0140231 -0.011843 -0.00995718 -0.00833542 -0.00696054 -0.0057756 -0.00476751 -0.003918 -0.00320681 -0.00262096 -0.0021294 -0.00173312 -0.00146043 -0.00129302 -0.00126761 -0.00141678 -0.00171266 -0.00217237 -0.0028191 -0.00360542 -0.00451583 -0.00546952 -0.00636471 -0.00713566 -0.00762571 -0.00762706 -0.00702224 -0.00562525 -0.00330088 -1.57447e-05 0.0042214 0.00930937 0.0150108 0.0210885 0.027207 0.0330041 0.0381279 0.0422697 0.0451499 0.0466213 0.0466444 0.0452774 0.0426754 0.0390866 0.0347226 0.0298255 0.0246268 0.0192612 0.013875 0.00854992 0.0033063 -0.00184685 -0.00691005 -0.0118951 -0.0167681 -0.0215167 -0.0260586 -0.0303844 -0.0344284 -0.0381144 -0.0414166 -0.0442583 -0.0465757 -0.0483535 -0.0495557 -0.05016 -0.0501845 -0.0496317 -0.0485506 -0.046943 -0.0449027 -0.0424778 -0.0397362 -0.0367848 -0.0337017 -0.0305679 -0.0274465 -0.0244239 -0.0215252 -0.0187985 -0.0162768 -0.0140046 -0.0119689 -0.0101749 -0.00863353 -0.00731551 -0.00621107 -0.00528704 -0.00453653 -0.00391343 -0.00341238 -0.00301956 -0.00271334 -0.00247005 -0.00228655 -0.00216773 -0.00207466 -0.00200692 -0.00195764 -0.00194442 -0.00192577 -0.00190292 -0.00189593 -0.00189468 -0.00189988 -0.00187805 -0.00187571 -0.00187407 
0 3.01803e-05 6.50623e-05 0.00010797 0.000131682 0.000165515 0.000203073 0.000248473 0.000288029 0.000332001 0.000405034 0.00047993 0.000569449 0.000687862 0.000865288 0.00108373 0.00133814 0.0016747 0.00210793 0.00263909 0.00327182 0.00405429 0.0050168 0.00615483 0.00749921 0.00908326 0.0109131 0.0129971 0.0153277 0.0179028 0.0206814 0.0236491 0.0267858 0.0300071 0.0332712 0.0365125 0.0396659 0.0426204 0.0453012 0.0476544 0.0495963 0.051089 0.0521006 0.0525893 0.0525301 0.0519437 0.050845 0.0492589 0.0472304 0.0448359 0.0420938 0.0390754 0.0358394 0.032427 0.0289104 0.0253661 0.021878 0.0185081 0.0153586 0.012502 0.00997771 0.00782153 0.00602835 0.00448175 0.00309625 0.00168257 2.77182e-05 -0.00205987 -0.00476733 -0.00823435 -0.01249 -0.0174856 -0.023064 -0.0289836 -0.0349346 -0.0405818 -0.0456114 -0.0497122 -0.0526891 -0.0544084 -0.0548215 -0.0540012 -0.0520976 -0.0492773 -0.0458034 -0.04188 -0.0377375 -0.0335797 -0.0295335 -0.025694 -0.0221793 -0.0189931 -0.0161694 -0.0136966 -0.0115421 -0.00968683 -0.00811175 -0.00674444 -0.00558889 -0.00458952 -0.00371528 -0.00297244 -0.0023585 -0.00184895 -0.00148596 -0.00124408 -0.00114478 -0.00120855 -0.00144122 -0.0018503 -0.00245257 -0.00318463 -0.00405253 -0.00499553 -0.00590862 -0.00667616 -0.00715476 -0.00714915 -0.00652026 -0.0050712 -0.0026904 0.00066247 0.004974 0.0101309 0.0159026 0.0220334 0.0281694 0.0339479 0.0390115 0.043031 0.0457484 0.0470005 0.0467576 0.0450893 0.0421671 0.0382496 0.0335958 0.0284457 0.0230654 0.0175967 0.0121809 0.0069089 0.00179935 -0.003156 -0.00795261 -0.012629 -0.0171885 -0.0216206 -0.0258922 -0.0299902 -0.0338665 -0.0374619 -0.0407653 -0.0437071 -0.0462332 -0.048296 -0.0498537 -0.0508565 -0.0512984 -0.0511891 -0.0505306 -0.0493286 -0.0476526 -0.0455391 -0.0430448 -0.0402641 -0.0372673 -0.0341451 -0.0309652 -0.0278297 -0.0247727 -0.021831 -0.0190783 -0.0165459 -0.0142476 -0.012188 -0.0103849 -0.00883536 -0.00751103 -0.00640319 -0.00548519 -0.00471783 -0.00409871 -0.00360578 -0.00321733 -0.00289642 -0.00265197 -0.00248606 -0.00235359 -0.00224887 -0.00217299 -0.00214311 -0.00211296 -0.00207745 -0.00206393 -0.00206544 -0.00206788 -0.00204703 -0.00204726 -0.00205684 
0 3.6124e-05 7.78176e-05 0.000124802 0.000153745 0.000190625 0.000233597 0.000283361 0.000328545 0.000382619 0.000471485 0.000569168 0.000687862 0.000847943 0.00107822 0.0013624 0.00169202 0.00212137 0.00266738 0.0033288 0.00411045 0.00506391 0.00622801 0.00759069 0.00918263 0.0110313 0.0131399 0.0155032 0.0180994 0.020919 0.0239135 0.0270637 0.0303338 0.0336271 0.0368841 0.04004 0.043024 0.0457293 0.0480867 0.050055 0.0515752 0.0526161 0.0531637 0.0531862 0.0526805 0.0516939 0.050264 0.0484295 0.0462423 0.0437758 0.0410564 0.0381524 0.0351208 0.0320031 0.0288543 0.0257435 0.0227343 0.0198694 0.0172301 0.0148712 0.0128185 0.0110974 0.00968409 0.00844919 0.00727984 0.00596809 0.00428953 0.00204268 -0.000956709 -0.00484199 -0.00963442 -0.0152692 -0.0215676 -0.0282607 -0.0350066 -0.0414409 -0.0472196 -0.0520119 -0.0555986 -0.0578333 -0.0586599 -0.0581395 -0.0564148 -0.0536627 -0.0501549 -0.0461165 -0.0417892 -0.0373916 -0.033079 -0.0289619 -0.0251504 -0.0216572 -0.0185263 -0.0157606 -0.0133386 -0.0112391 -0.00943694 -0.0078609 -0.0065058 -0.00532142 -0.00427938 -0.00337796 -0.00261182 -0.00196186 -0.00146725 -0.00111046 -0.000910312 -0.000879932 -0.00102114 -0.0013418 -0.00186845 -0.00255798 -0.00340533 -0.00433871 -0.00525413 -0.00603369 -0.00652707 -0.00653818 -0.00592318 -0.00449614 -0.00214517 0.00117735 0.00545965 0.0105871 0.0163306 0.0224242 0.0285066 0.0342023 0.0391478 0.0430111 0.0455384 0.0465754 0.046098 0.0441845 0.0410187 0.0368676 0.0320097 0.0267041 0.021225 0.0157273 0.0103487 0.00517928 0.00023899 -0.00447986 -0.00897456 -0.0132954 -0.017476 -0.0215311 -0.0254657 -0.0292814 -0.0329415 -0.0363999 -0.0396513 -0.0426382 -0.0453094 -0.0476094 -0.0494839 -0.0508671 -0.0517351 -0.0520833 -0.0518861 -0.0511388 -0.0498911 -0.0481691 -0.0460143 -0.0435021 -0.0406921 -0.03767 -0.0345162 -0.0313383 -0.0281792 -0.025079 -0.0221264 -0.0193613 -0.0168078 -0.0144797 -0.0124048 -0.0105952 -0.00902863 -0.00770393 -0.00659125 -0.00565641 -0.00489669 -0.00428864 -0.00379969 -0.00338975 -0.00307309 -0.00284842 -0.00266815 -0.0025203 -0.0024137 -0.00236186 -0.00231703 -0.00226943 -0.00224803 -0.00224819 -0.00224554 -0.00222337 -0.00222404 -0.0022401 
0 3.36648e-05 7.43024e-05 0.000117987 0.000152752 0.000194682 0.000249469 0.000311082 0.000371565 0.000451596 0.000566081 0.000705099 0.000865288 0.00107822 0.00137089 0.00172198 0.00214452 0.00267123 0.00334712 0.0041555 0.00510672 0.00626914 0.0076543 0.00928135 0.0111382 0.0132641 0.015655 0.0182761 0.0211231 0.0241439 0.0273132 0.0305885 0.033917 0.0372012 0.0403597 0.0433332 0.0460574 0.0484296 0.0503922 0.0519242 0.0529665 0.05353 0.0535837 0.0531364 0.0522059 0.0508504 0.0491438 0.0471152 0.044824 0.0423375 0.0396948 0.0369518 0.0341854 0.0313986 0.0286585 0.0260025 0.02348 0.0211374 0.0190274 0.0171936 0.015655 0.0144075 0.013401 0.0125187 0.0115868 0.0104228 0.00877344 0.0064305 0.00320587 -0.00102289 -0.00629845 -0.0125068 -0.0194728 -0.0268923 -0.0343888 -0.0415807 -0.0481023 -0.0535946 -0.0578254 -0.0606309 -0.0619295 -0.0617904 -0.0603358 -0.0577462 -0.0542966 -0.0502468 -0.0458121 -0.0412406 -0.0367065 -0.0323483 -0.0282611 -0.0245004 -0.0210905 -0.0180607 -0.0153711 -0.0130069 -0.0109354 -0.00912397 -0.00752766 -0.00613189 -0.00490234 -0.00383061 -0.0028847 -0.00208081 -0.00141748 -0.000900285 -0.00054504 -0.000388143 -0.000414853 -0.000655263 -0.00110807 -0.00176186 -0.00258794 -0.00351838 -0.00443911 -0.00526437 -0.00581355 -0.00589444 -0.00535709 -0.0040343 -0.00178705 0.00141644 0.00557231 0.0105763 0.0161981 0.02217 0.0281384 0.0337037 0.0384958 0.0421982 0.0445347 0.0453898 0.0447369 0.0426617 0.03935 0.0350781 0.0300995 0.0247268 0.0192108 0.0137414 0.00846048 0.00345014 -0.0012774 -0.00571688 -0.00989309 -0.0138499 -0.017633 -0.0213025 -0.0248654 -0.0283647 -0.0317663 -0.0350429 -0.0381877 -0.0411655 -0.0439091 -0.0463892 -0.0485231 -0.0502483 -0.0515352 -0.0523351 -0.0526267 -0.0523657 -0.0515933 -0.0503247 -0.0485851 -0.0464257 -0.0438991 -0.0410625 -0.0380218 -0.0348741 -0.0316693 -0.0284771 -0.0253614 -0.0224105 -0.0196265 -0.0170471 -0.0147116 -0.0126248 -0.0108063 -0.00923181 -0.0078956 -0.00676169 -0.00582631 -0.00507724 -0.00446015 -0.00394608 -0.00354435 -0.00325141 -0.00301947 -0.00282838 -0.00269072 -0.00261649 -0.00255395 -0.00249466 -0.002463 -0.00245446 -0.00244515 -0.0024142 -0.00241011 -0.0024209 
0 3.64143e-05 7.71445e-05 0.000123109 0.000163006 0.000215429 0.000280705 0.000353598 0.000435549 0.00053728 0.000689669 0.000867035 0.00108373 0.0013624 0.00172198 0.00217015 0.00268766 0.00335156 0.00416845 0.00514919 0.00631165 0.00769081 0.00934765 0.0112345 0.013381 0.0157812 0.0184305 0.0213071 0.024353 0.0275495 0.030832 0.034163 0.0374682 0.0406458 0.0436059 0.0463108 0.0486795 0.0506509 0.0521678 0.0532002 0.0537583 0.0538025 0.0533801 0.0524831 0.0511652 0.049512 0.0475807 0.0454208 0.0430885 0.0406341 0.0381195 0.0356069 0.0331217 0.0307163 0.0283796 0.026177 0.0241429 0.0223145 0.0207407 0.0194531 0.0184329 0.0176757 0.0171042 0.0165744 0.0159346 0.0149447 0.01337 0.0109817 0.00759048 0.00306227 -0.00259386 -0.00930756 -0.0168438 -0.0248958 -0.0330825 -0.0409968 -0.048222 -0.054426 -0.059315 -0.062712 -0.064544 -0.064836 -0.0637189 -0.0614063 -0.0581214 -0.0541179 -0.0496827 -0.0450382 -0.0403566 -0.0357952 -0.031488 -0.027495 -0.023855 -0.0205602 -0.017606 -0.0149718 -0.0126316 -0.0105441 -0.00870683 -0.00707382 -0.00561652 -0.00432226 -0.00318675 -0.0021789 -0.00131933 -0.000615472 -8.88523e-05 0.000241219 0.000337034 0.000188412 -0.000211614 -0.000824853 -0.00162472 -0.00256942 -0.00356637 -0.00445869 -0.00510501 -0.00534109 -0.00496578 -0.00380804 -0.00175422 0.00126317 0.00522754 0.0100185 0.0154539 0.0212351 0.0270163 0.0324163 0.0370618 0.0406046 0.0428229 0.0435571 0.0428085 0.0406641 0.0373125 0.032997 0.0280193 0.0226443 0.017163 0.0117794 0.00663008 0.00181187 -0.00266422 -0.00681815 -0.0106655 -0.0142611 -0.0176832 -0.0209567 -0.0241698 -0.0273292 -0.0304448 -0.0335067 -0.036504 -0.0394087 -0.0421833 -0.0447603 -0.0470927 -0.0491106 -0.0507561 -0.05201 -0.0527672 -0.0530186 -0.0527448 -0.0519623 -0.0506919 -0.0489525 -0.0467814 -0.0442307 -0.0413884 -0.0383525 -0.0351907 -0.0319503 -0.0287517 -0.0256373 -0.0226687 -0.0198662 -0.017269 -0.014928 -0.0128279 -0.0110055 -0.00941725 -0.00806163 -0.00693348 -0.00600753 -0.00525082 -0.00461046 -0.0041104 -0.00373179 -0.00343152 -0.00318493 -0.00300543 -0.00289327 -0.00280597 -0.00272793 -0.00268004 -0.00266407 -0.00264208 -0.00261303 -0.00259852 -0.00260456 
0 4.58245e-05 9.97822e-05 0.000146421 0.000204575 0.000261803 0.00034142 0.000427212 0.000524625 0.000662531 0.000836799 0.00106831 0.00133814 0.00169202 0.00214452 0.00268766 0.00335521 0.00416265 0.00516824 0.00635411 0.00774626 0.00939764 0.0113066 0.0134883 0.0158991 0.0185581 0.021451 0.0245243 0.0277508 0.0310515 0.0343914 0.0377014 0.0408912 0.04387 0.0465506 0.0488911 0.0508455 0.0523488 0.0533641 0.0538876 0.053912 0.0534764 0.0525883 0.0512983 0.0496715 0.047779 0.0457015 0.0434776 0.0411578 0.0387996 0.0364685 0.034197 0.0320401 0.0299788 0.0280508 0.0262878 0.0247239 0.0234162 0.0223794 0.0216134 0.0211153 0.0208329 0.020676 0.0205375 0.0201825 0.0194088 0.0179437 0.0155467 0.012033 0.0073017 0.00132076 -0.00576972 -0.0137757 -0.0223709 -0.0311564 -0.0397131 -0.0476198 -0.0544866 -0.0600161 -0.0640155 -0.0663902 -0.0671779 -0.0664811 -0.0644913 -0.0614507 -0.0576431 -0.0532781 -0.0486151 -0.0438808 -0.039244 -0.0347807 -0.0305975 -0.0267194 -0.0231873 -0.0199817 -0.0170946 -0.0144863 -0.0121559 -0.0100379 -0.00813701 -0.00642295 -0.00487956 -0.00347329 -0.00223731 -0.00114776 -0.000241997 0.000468966 0.000944459 0.00118089 0.00114193 0.000840555 0.000239924 -0.000603036 -0.00160898 -0.00267593 -0.00372107 -0.00455339 -0.00499059 -0.00484045 -0.00394572 -0.00214857 0.000606255 0.00431136 0.0088595 0.0140426 0.0195834 0.025156 0.0303713 0.0348629 0.0383193 0.0404603 0.0411734 0.0404246 0.0383018 0.034995 0.030758 0.0258436 0.0205816 0.0152012 0.00994287 0.00496102 0.000334997 -0.00390544 -0.00776527 -0.0113027 -0.0145597 -0.0176141 -0.0205474 -0.0234 -0.0262362 -0.0290554 -0.0318735 -0.0346884 -0.0374907 -0.0402271 -0.0428623 -0.0453181 -0.0475489 -0.0495121 -0.0511331 -0.0523514 -0.0530871 -0.0533205 -0.0530505 -0.0522776 -0.0510107 -0.0492713 -0.0470834 -0.0445419 -0.0417137 -0.0386627 -0.0354746 -0.032219 -0.0290132 -0.0258841 -0.0228851 -0.0200691 -0.0174584 -0.0151131 -0.0130163 -0.0111793 -0.00959046 -0.00823995 -0.00713045 -0.00619512 -0.00542161 -0.00479762 -0.00431039 -0.00392329 -0.00359863 -0.00336156 -0.00319361 -0.00306713 -0.00296299 -0.00289345 -0.00286308 -0.00283477 -0.00280701 -0.00279173 -0.0027943 
0 5.50494e-05 0.000113092 0.000171137 0.000236206 0.000309856 0.00040326 0.000509222 0.000644116 0.000816805 0.00104452 0.00132669 0.0016747 0.00212137 0.00267123 0.00335156 0.00416265 0.00516165 0.0063623 0.0077781 0.00943833 0.0113492 0.0135498 0.0159932 0.0186757 0.0215715 0.0246617 0.027909 0.0312362 0.0345873 0.0378961 0.0410932 0.0440789 0.0467745 0.0490937 0.051025 0.052499 0.0535 0.0539942 0.0539719 0.0535043 0.0525909 0.0513124 0.0496973 0.0478293 0.0457853 0.0436235 0.0413954 0.0391565 0.0369374 0.0348149 0.0328228 0.0309568 0.0292566 0.0277045 0.0263644 0.0252606 0.0244418 0.0239037 0.0236451 0.0236265 0.0238074 0.024077 0.0242963 0.0242493 0.0236789 0.0223313 0.0199657 0.0164052 0.0115323 0.00536519 -0.0020241 -0.0103978 -0.0194327 -0.0287292 -0.037848 -0.0463117 -0.0537795 -0.0599045 -0.0644847 -0.0674297 -0.0687337 -0.0684905 -0.0669177 -0.0641939 -0.0606002 -0.0564273 -0.0519004 -0.0472028 -0.042518 -0.0379693 -0.0336584 -0.0296208 -0.0258776 -0.0224462 -0.0193166 -0.0164619 -0.0138657 -0.0114908 -0.00930743 -0.00729479 -0.00544298 -0.00376 -0.0022519 -0.000921193 0.00020197 0.00110201 0.00175805 0.00212644 0.00217672 0.00190531 0.00131355 0.000446397 -0.000670141 -0.00194021 -0.00318618 -0.004246 -0.00496935 -0.00511336 -0.00452339 -0.00305754 -0.00062442 0.00276424 0.00699712 0.0119266 0.0172301 0.0225937 0.027647 0.0320253 0.0353987 0.0375505 0.0383081 0.0376603 0.0356741 0.0325238 0.0284329 0.0236955 0.0185884 0.0133754 0.00829547 0.00349069 -0.000935844 -0.00495012 -0.00855851 -0.0118088 -0.0147501 -0.0174909 -0.0200794 -0.0226241 -0.0251371 -0.0276609 -0.0302243 -0.0328251 -0.0354759 -0.0381482 -0.0407716 -0.0432988 -0.0456808 -0.0478577 -0.0498018 -0.0513918 -0.0525931 -0.0533197 -0.0535657 -0.053324 -0.0525638 -0.051304 -0.0495563 -0.0473884 -0.0448527 -0.0420157 -0.0389383 -0.0357313 -0.0324717 -0.0292505 -0.026105 -0.0230875 -0.0202628 -0.0176529 -0.0153043 -0.0131935 -0.0113502 -0.00976508 -0.00842522 -0.00730209 -0.00635848 -0.00559677 -0.00498204 -0.00448913 -0.00408301 -0.00377367 -0.00354396 -0.00337005 -0.00323422 -0.00313738 -0.00308513 -0.00304241 -0.00301414 -0.00299246 -0.00298887 
