0 0 0 0 0 0 0 0 0 0 0 0 0 0 0 0 0 0 0 0 0 0 0 0 0 0 0 0 0 0 0 0 0 0 0 0 0 0 0 0 0 0 0 0 0 0 0 0 0 0 0 0 0 0 0 0 0 0 0 0 0 0 0 0 0 0 0 0 0 0 0 0 0 0 0 0 0 0 0 0 0 0 0 0 0 0 0 0 0 0 0 0 0 0 0 0 0 0 0 0 0 0 0 0 0 0 0 0 0 0 0 0 0 0 0 0 0 0 0 0 0 0 0 0 0 0 0 0 0 0 0 0 0 0 0 0 0 0 0 0 0 0 0 0 0 0 0 0 0 0 0 0 0 0 0 0 0 0 0 0 0 0 0 0 0 0 0 0 0 0 0 0 0 0 0 0 0 0 0 0 0 0 0 0 0 0 0 0 0 0 0 0 0 0 0 0 0 0 0 0 
0 -6.27772e-06 -5.96309e-06 5.27116e-06 -1.41489e-06 2.71645e-06 7.0641e-06 1.37306e-05 1.72617e-05 1.70991e-05 3.57302e-05 4.12614e-05 4.45523e-05 4.43957e-05 4.86818e-05 5.77046e-05 5.35189e-05 5.77757e-05 5.89636e-05 6.05706e-05 6.4924e-05 6.88575e-05 8.23255e-05 9.87656e-05 0.000127008 0.000164282 0.000203697 0.000262412 0.0003422 0.000435191 0.000543381 0.000673848 0.000839753 0.00103456 0.00125949 0.00152996 0.00184115 0.00220399 0.00262285 0.0030863 0.00358701 0.0041171 0.00466738 0.00520998 0.00572561 0.00620017 0.00662277 0.00697214 0.0072434 0.00741408 0.00745084 0.00735918 0.00712079 0.00673414 0.00621177 0.00556631 0.0048209 0.0040148 0.00317364 0.00233802 0.0015179 0.000737593 1.99012e-05 -0.0006431 -0.00122767 -0.00174348 -0.00221685 -0.00265551 -0.00307812 -0.00351446 -0.00393781 -0.00435301 -0.00473948 -0.00507135 -0.00532942 -0.0055108 -0.0055916 -0.00557636 -0.00546602 -0.00525895 -0.0049612 -0.00460339 -0.00419181 -0.00374484 -0.00330246 -0.00287756 -0.00248675 -0.00214337 -0.00183114 -0.0015557 -0.00133057 -0.00111401 -0.000916123 -0.000761844 -0.000638124 -0.000535072 -0.000465523 -0.00040274 -0.000343199 -0.000283128 -0.00023055 -0.000179291 -0.000127779 -8.59902e-05 -7.16828e-05 -5.85949e-05 -6.40278e-05 -8.76862e-05 -9.94406e-05 -0.000110371 -0.000156358 -0.000214361 -0.000291786 -0.000395188 -0.000508847 -0.000623262 -0.000722275 -0.000775665 -0.000780632 -0.000723072 -0.000573535 -0.000321866 4.37472e-05 0.000533848 0.00114985 0.00186431 0.00265937 0.00348848 0.00429886 0.00504452 0.00568484 0.00615586 0.00645052 0.00653259 0.00638752 0.00603379 0.00548118 0.00474418 0.0038791 0.00290149 0.00185064 0.00076995 -0.000324249 -0.00140068 -0.00244288 -0.00343125 -0.00434612 -0.00516177 -0.00584883 -0.00638288 -0.00676718 -0.00698786 -0.00706483 -0.00701335 -0.00683653 -0.00655435 -0.00619144 -0.00576251 -0.00528148 -0.00477404 -0.00424919 -0.00373049 -0.00323701 -0.00278463 -0.00237403 -0.00199898 -0.00167629 -0.00140106 -0.00116436 -0.000968973 -0.000801987 -0.00066023 -0.000546352 -0.000456028 -0.000387099 -0.000324786 -0.00027978 -0.000255296 -0.000227501 -0.000205669 -0.000186067 -0.000177815 -0.000174728 -0.000164583 -0.000166931 -0.000162275 -0.000164679 -0.00016759 -0.000167776 -0.000175221 -0.000173522 -0.000184005 -0.000183686 -0.00018176 -0.000183931 -0.000182475 -0.000186488 -0.000174739 -0.000173796 -0.000172932 
0 -5.96309e-06 1.2193e-05 2.0582e-05 2.52759e-05 2.06277e-05 3.39883e-05 4.74761e-05 3.90911e-05 4.74968e-05 5.80826e-05 7.52883e-05 7.07474e-05 6.71625e-05 8.45452e-05 8.83179e-05 9.74051e-05 9.73462e-05 0.000111802 0.000124058 0.000135006 0.00015915 0.000182972 0.00022336 0.00027843 0.000350579 0.0004294 0.000548217 0.000702619 0.000898849 0.00111417 0.00138392 0.00172845 0.00211335 0.00258689 0.00311687 0.00374977 0.00447009 0.00528997 0.00620985 0.00718157 0.00822326 0.00930196 0.0103669 0.0113818 0.0123254 0.0131425 0.0138371 0.0143449 0.0146573 0.0147107 0.0144933 0.0140162 0.0132467 0.0122228 0.0109693 0.00952582 0.0079462 0.00632422 0.00467951 0.00308597 0.00156878 0.0001654 -0.00112238 -0.00226044 -0.00328585 -0.0042211 -0.00509764 -0.00596404 -0.00683184 -0.00770142 -0.00855219 -0.00934841 -0.0100415 -0.0106063 -0.010985 -0.011187 -0.0111689 -0.0109497 -0.010539 -0.00995944 -0.00922654 -0.00841578 -0.00754204 -0.00667957 -0.00583748 -0.00504651 -0.00433184 -0.00371021 -0.00314231 -0.00264858 -0.00222281 -0.00188278 -0.00158479 -0.00132234 -0.00111538 -0.000951903 -0.000791084 -0.000681309 -0.000579461 -0.000456974 -0.000357009 -0.000289169 -0.000212412 -0.000170047 -0.000145675 -0.000127509 -0.000124594 -0.000163831 -0.000232443 -0.000326569 -0.000432835 -0.000601416 -0.00079607 -0.000998998 -0.00120161 -0.00138594 -0.00149623 -0.00152934 -0.00140364 -0.00111188 -0.000617207 0.000114124 0.00110404 0.00231288 0.00374329 0.00530536 0.0069349 0.00852779 0.00999494 0.0112315 0.0121638 0.0127202 0.0128634 0.0125686 0.0118541 0.0107561 0.00931335 0.00760621 0.00568491 0.00362849 0.00148379 -0.000659592 -0.00278504 -0.00483111 -0.00676263 -0.00854436 -0.0101438 -0.0114735 -0.0125399 -0.0133045 -0.0137592 -0.0139503 -0.0138668 -0.0135534 -0.0130179 -0.0123179 -0.0114845 -0.0105483 -0.00954151 -0.00852138 -0.00748546 -0.00651497 -0.00562104 -0.00479478 -0.00406392 -0.00340612 -0.00286173 -0.00238026 -0.00197865 -0.0016379 -0.00134266 -0.00110435 -0.000919189 -0.000770646 -0.000641911 -0.000554045 -0.000494432 -0.000456293 -0.00040726 -0.000384598 -0.000374116 -0.000364796 -0.000361208 -0.000348616 -0.000353524 -0.000345619 -0.000348914 -0.000349574 -0.000343834 -0.000348811 -0.000347804 -0.000352678 -0.000343453 -0.000343028 -0.000351883 -0.000349168 -0.000346047 -0.000341057 -0.000349669 
0 5.27116e-06 2.0582e-05 5.34299e-05 4.08319e-05 4.99519e-05 6.24495e-05 7.67406e-05 7.49953e-05 6.08576e-05 8.81523e-05 9.06359e-05 9.16512e-05 9.16499e-05 0.000108202 0.000135078 0.000133768 0.000153409 0.000172944 0.000196803 0.000226314 0.00025474 0.00030174 0.000357267 0.000442628 0.000554436 0.000680029 0.00086265 0.0011101 0.00140373 0.00174755 0.00216268 0.00268225 0.00328993 0.00399209 0.00482165 0.0057704 0.00685757 0.00808819 0.00943166 0.0108635 0.0123696 0.013926 0.0154643 0.0169307 0.0182807 0.0194717 0.020439 0.0211534 0.0215551 0.0215667 0.0212095 0.0204603 0.0193243 0.017839 0.0160337 0.0139601 0.0117102 0.0093572 0.00700757 0.00470736 0.00252866 0.00053084 -0.00130675 -0.00294352 -0.00441954 -0.00580997 -0.00713967 -0.00845235 -0.00980747 -0.0111408 -0.012455 -0.0136989 -0.0148024 -0.0157043 -0.0163706 -0.0167247 -0.016754 -0.0164597 -0.0158521 -0.0149703 -0.0139116 -0.0127146 -0.0114286 -0.0101459 -0.00889069 -0.00769997 -0.00661579 -0.00562171 -0.00474865 -0.00404073 -0.00340648 -0.00285616 -0.0024226 -0.00205584 -0.00172614 -0.001463 -0.00121896 -0.00100555 -0.00082374 -0.000687405 -0.000573711 -0.000459305 -0.000348406 -0.000277159 -0.000195414 -0.000157585 -0.000183775 -0.000219427 -0.000288125 -0.000455218 -0.000651184 -0.000879915 -0.00114843 -0.00142635 -0.0017065 -0.00195995 -0.00211375 -0.0021464 -0.0019953 -0.00156702 -0.000819678 0.000279415 0.00174509 0.00355771 0.00563822 0.007924 0.0102929 0.0126052 0.0147321 0.0165458 0.0178711 0.0186619 0.0188254 0.0183332 0.0172473 0.0156132 0.0134853 0.0110032 0.00821004 0.00520291 0.00209434 -0.00105296 -0.00414419 -0.00711697 -0.00991337 -0.0124854 -0.0147788 -0.0167263 -0.0182783 -0.0194347 -0.0201558 -0.0204779 -0.020425 -0.0200013 -0.0192572 -0.0182625 -0.0170662 -0.0157149 -0.0142771 -0.0127854 -0.0112978 -0.00987156 -0.0085488 -0.00733426 -0.00622017 -0.0052465 -0.00440642 -0.00367705 -0.00306441 -0.00253796 -0.00208971 -0.00172544 -0.00143452 -0.00120439 -0.00100042 -0.000849994 -0.000761441 -0.000681072 -0.000623316 -0.000580923 -0.000567639 -0.000564674 -0.000543664 -0.000547241 -0.000535557 -0.000536826 -0.000537054 -0.000526765 -0.00052853 -0.000511146 -0.000523135 -0.000514667 -0.000504952 -0.0005089 -0.000509701 -0.000523237 -0.000505138 -0.000515592 -0.000525526 
0 -1.41489e-06 2.52759e-05 4.08319e-05 4.24596e-05 3.90746e-05 6.57072e-05 9.32982e-05 8.74939e-05 9.63771e-05 0.00011485 0.000139841 0.000139623 0.000142379 0.000173139 0.00018588 0.000197289 0.000203098 0.000232112 0.000264649 0.000298957 0.000352431 0.000414744 0.000507408 0.000634728 0.000797918 0.000985155 0.00124549 0.00157902 0.00199172 0.00245947 0.00303572 0.00375487 0.00457595 0.00555782 0.00666915 0.00796194 0.00941432 0.0110304 0.0127939 0.0146347 0.0165677 0.0185466 0.0204906 0.0223339 0.0240283 0.0254814 0.0266673 0.0274885 0.0279133 0.0278558 0.0273151 0.0263175 0.0248377 0.0229322 0.0206395 0.0180204 0.0151659 0.0122244 0.00926219 0.00639985 0.00369704 0.00120878 -0.00107579 -0.00313179 -0.00503525 -0.00684568 -0.00861658 -0.0104145 -0.0122532 -0.0141127 -0.0159522 -0.0177034 -0.019275 -0.0205986 -0.0215672 -0.0221506 -0.0222727 -0.021951 -0.0212097 -0.0201054 -0.0187012 -0.0171243 -0.0154256 -0.0137238 -0.0120464 -0.0104489 -0.00898128 -0.00767435 -0.00649659 -0.00548513 -0.00462195 -0.00392085 -0.00331938 -0.002791 -0.00234952 -0.00198154 -0.00163549 -0.00137527 -0.00115035 -0.00092456 -0.000742466 -0.000605005 -0.000456053 -0.000349534 -0.000263998 -0.000199245 -0.000179364 -0.000237941 -0.000363108 -0.000551222 -0.000769293 -0.00107098 -0.0014104 -0.00176015 -0.00210789 -0.00242428 -0.00262043 -0.00266577 -0.0024249 -0.00184878 -0.000867638 0.000571429 0.00248985 0.0048182 0.00752364 0.0104596 0.0134994 0.0164622 0.019179 0.0214564 0.0231344 0.0240809 0.0242203 0.0235237 0.0220482 0.0198816 0.0171157 0.0138956 0.0103093 0.00647967 0.00249957 -0.00149032 -0.00542988 -0.00920956 -0.0127624 -0.0160317 -0.0189659 -0.02145 -0.0234806 -0.0250034 -0.0259923 -0.0264946 -0.026491 -0.0260315 -0.0251425 -0.0239234 -0.0224414 -0.0207599 -0.0189432 -0.0170732 -0.0151656 -0.0133374 -0.0116184 -0.0100068 -0.00854443 -0.00722153 -0.00609197 -0.00509561 -0.00425219 -0.0035337 -0.00291761 -0.00241769 -0.00202208 -0.00169942 -0.00142063 -0.00121502 -0.00107081 -0.000967669 -0.000865888 -0.000807339 -0.000774139 -0.00074759 -0.000728187 -0.000705613 -0.000706479 -0.000697273 -0.000702074 -0.000701037 -0.000692274 -0.000695773 -0.000697974 -0.00070409 -0.000691776 -0.000691572 -0.000703923 -0.000700414 -0.000690819 -0.000686917 -0.000699168 
0 2.71645e-06 2.06277e-05 4.99519e-05 3.90746e-05 4.80303e-05 7.48422e-05 0.000104171 0.000111659 0.000112245 0.000149462 0.000170191 0.000181151 0.000191237 0.000219591 0.000248741 0.000253218 0.000274394 0.000307381 0.00035032 0.000401955 0.000465973 0.000559221 0.000685762 0.000863511 0.00108881 0.00135202 0.00169856 0.00214394 0.0026749 0.00329772 0.00405024 0.00497265 0.0060483 0.00729159 0.00872483 0.0103484 0.0121642 0.0141613 0.0162952 0.0185163 0.0208083 0.0231305 0.0253955 0.0275238 0.0294463 0.031089 0.0323715 0.033235 0.0336116 0.0334243 0.0326954 0.0314288 0.0296337 0.0273616 0.0246565 0.0215925 0.0182914 0.0148794 0.0114894 0.00820793 0.00511928 0.0022771 -0.000346409 -0.00274342 -0.00498798 -0.00718439 -0.00938809 -0.0116608 -0.0140465 -0.0164763 -0.0189057 -0.0212409 -0.0233602 -0.0251531 -0.026529 -0.0273886 -0.0276834 -0.0274107 -0.0265903 -0.0252844 -0.0236161 -0.0216805 -0.0195735 -0.0174353 -0.0153339 -0.0133362 -0.0115044 -0.00983977 -0.00836265 -0.00710591 -0.00599455 -0.00503495 -0.00424425 -0.00357698 -0.00300922 -0.00254804 -0.00213783 -0.00178283 -0.00146941 -0.00119662 -0.000958092 -0.000738739 -0.000540891 -0.000402187 -0.000283361 -0.000219613 -0.000227457 -0.000267009 -0.000360133 -0.000561411 -0.000822341 -0.00115494 -0.00155295 -0.00197497 -0.00239674 -0.00276287 -0.00297412 -0.0029787 -0.00267544 -0.00195255 -0.000742408 0.00100663 0.00331236 0.0061303 0.00936188 0.0128815 0.0165062 0.0200228 0.0232244 0.0258974 0.0278142 0.0288607 0.0289268 0.0279873 0.0261326 0.0234619 0.0200964 0.0162232 0.0119429 0.00738954 0.00270402 -0.00200778 -0.00663172 -0.0110726 -0.0152524 -0.0191068 -0.0225677 -0.0255451 -0.0279879 -0.029871 -0.0311494 -0.0318472 -0.0319726 -0.0315326 -0.030587 -0.0292328 -0.0275525 -0.0256235 -0.0235326 -0.021339 -0.0191058 -0.01692 -0.0148358 -0.0128697 -0.0110388 -0.00939161 -0.00794365 -0.00667474 -0.00559089 -0.004661 -0.00387145 -0.00322436 -0.00270442 -0.0022794 -0.00191237 -0.00162891 -0.0014316 -0.00126917 -0.00113749 -0.00104046 -0.000983211 -0.000945305 -0.000904258 -0.000889373 -0.000875217 -0.000874111 -0.000877091 -0.000871773 -0.000874114 -0.000868105 -0.000885789 -0.000885389 -0.000876477 -0.000877926 -0.000881493 -0.000887898 -0.000864222 -0.000866252 -0.00087195 
0 7.0641e-06 3.39883e-05 6.24495e-05 6.57072e-05 7.48422e-05 0.000104148 0.000131853 0.000136712 0.000144341 0.000174556 0.000200595 0.000209855 0.000220979 0.000252964 0.000282185 0.000301608 0.00033157 0.000382963 0.000447771 0.000523572 0.000622018 0.000753287 0.000931387 0.00116856 0.00146234 0.00181117 0.00225689 0.00281702 0.00349166 0.00428372 0.0052402 0.0063964 0.00773497 0.00927497 0.0110168 0.0129712 0.015123 0.0174516 0.019912 0.0224438 0.0250286 0.027616 0.030112 0.0324264 0.0344817 0.0361888 0.0374803 0.0382827 0.0385393 0.0381882 0.0372409 0.0357212 0.0336406 0.031055 0.0280254 0.02464 0.0210267 0.0173361 0.0136833 0.010167 0.00685511 0.00378344 0.000930135 -0.00171882 -0.00425213 -0.00677595 -0.00937484 -0.0121268 -0.0150589 -0.0181156 -0.0212114 -0.0242158 -0.0269718 -0.0293372 -0.0311793 -0.0324031 -0.0329376 -0.0327786 -0.0319522 -0.0305276 -0.0286178 -0.0263609 -0.0238814 -0.0213357 -0.0188185 -0.0164184 -0.0142057 -0.0122019 -0.0104057 -0.00883757 -0.00746753 -0.00629734 -0.00530639 -0.00446335 -0.00375884 -0.00317678 -0.00266781 -0.0022378 -0.00185247 -0.00149117 -0.00117135 -0.000894146 -0.000647681 -0.000463314 -0.000321288 -0.000227864 -0.000196958 -0.00022851 -0.000330245 -0.000521763 -0.000785151 -0.00114643 -0.0015846 -0.00205625 -0.00252194 -0.00291751 -0.00314048 -0.00311705 -0.00272591 -0.00187029 -0.000469124 0.00154148 0.00418386 0.00740293 0.0111048 0.0151199 0.0192373 0.0232073 0.0267832 0.0297171 0.0317877 0.0328472 0.032799 0.0316262 0.0294143 0.0262879 0.0223987 0.0179431 0.0130672 0.00792658 0.00266564 -0.00258449 -0.00772643 -0.0126613 -0.0173158 -0.0216267 -0.0255204 -0.0288976 -0.0317122 -0.0339188 -0.0354834 -0.0364213 -0.0367249 -0.0364079 -0.0355146 -0.0341414 -0.0323766 -0.0303057 -0.0280174 -0.0255892 -0.0230835 -0.0206028 -0.0182037 -0.0159092 -0.0137562 -0.0117833 -0.0100273 -0.00847146 -0.0071231 -0.0059601 -0.00496595 -0.004144 -0.00347677 -0.00292519 -0.00245814 -0.00209307 -0.00182489 -0.00161455 -0.00143953 -0.00131321 -0.0012305 -0.00117197 -0.00112492 -0.00109489 -0.00107843 -0.00106776 -0.00106389 -0.00105561 -0.0010477 -0.00104527 -0.00105378 -0.00105407 -0.00104361 -0.00104163 -0.0010493 -0.00105192 -0.00103824 -0.00103889 -0.00104859 
0 1.37306e-05 4.74761e-05 7.67406e-05 9.32982e-05 0.000104171 0.000131853 0.000155439 0.000160719 0.000173992 0.000198307 0.000226771 0.000237014 0.000252679 0.000289225 0.00032483 0.000362667 0.000407392 0.000479393 0.000569889 0.000677285 0.000816717 0.000994906 0.00123206 0.00153614 0.00190901 0.00236029 0.00292501 0.00362452 0.00446661 0.00545737 0.00664299 0.00805134 0.00967085 0.0115125 0.0135645 0.0158347 0.0182974 0.0209197 0.0236534 0.026434 0.0292319 0.0319866 0.0346025 0.0369825 0.0390443 0.0406997 0.041892 0.0425488 0.0426201 0.0420645 0.0408839 0.0391159 0.0367847 0.0339525 0.0306984 0.0271246 0.0233605 0.0195591 0.0158195 0.0122351 0.00885648 0.00569936 0.00274609 -4.81033e-05 -0.00278392 -0.00557933 -0.00854575 -0.0117708 -0.0152656 -0.0189778 -0.0227817 -0.0265135 -0.0299813 -0.0330064 -0.0354167 -0.037099 -0.0379616 -0.0379892 -0.0372141 -0.0357224 -0.0336359 -0.0311196 -0.028325 -0.025414 -0.0225101 -0.0197155 -0.0171065 -0.0147305 -0.0125982 -0.0107192 -0.00908777 -0.00769225 -0.0064984 -0.00547926 -0.00462079 -0.00388903 -0.00325133 -0.002707 -0.00223005 -0.0017951 -0.00141317 -0.00107859 -0.000776296 -0.000522532 -0.000323099 -0.000176849 -9.70752e-05 -0.000100463 -0.000193208 -0.000376508 -0.000650714 -0.0010247 -0.00147239 -0.00195855 -0.002438 -0.00283993 -0.00306742 -0.0030241 -0.0025788 -0.00162641 -6.88922e-05 0.00216243 0.00508532 0.00863638 0.0127106 0.01711 0.0215992 0.0259023 0.0297414 0.0328413 0.0349823 0.0359925 0.0357894 0.0343695 0.031821 0.0282901 0.023958 0.0190238 0.0136742 0.00808092 0.0023964 -0.00323572 -0.00872744 -0.0139899 -0.018962 -0.0235883 -0.0277951 -0.0314858 -0.0346092 -0.0371069 -0.0389542 -0.0401513 -0.0406846 -0.040565 -0.0398239 -0.0385436 -0.0368101 -0.0347101 -0.0323297 -0.0297573 -0.0270643 -0.0243578 -0.0217007 -0.0191264 -0.016683 -0.014408 -0.0123484 -0.0105031 -0.00887858 -0.007465 -0.00624921 -0.005232 -0.00439567 -0.00369739 -0.00311255 -0.00264702 -0.00228971 -0.00201287 -0.00178421 -0.00161748 -0.00150163 -0.00141768 -0.00135815 -0.00131111 -0.00128613 -0.00126585 -0.00125405 -0.00124273 -0.0012272 -0.00122521 -0.00122479 -0.00122267 -0.00121219 -0.00120898 -0.00121876 -0.00121894 -0.00121401 -0.00121406 -0.00122518 
0 1.72617e-05 3.90911e-05 7.49953e-05 8.74939e-05 0.000111659 0.000136712 0.000160719 0.000184776 0.000198615 0.00023744 0.000262789 0.000286528 0.000313979 0.000348874 0.000402177 0.000444716 0.000510772 0.000595511 0.000710137 0.000857873 0.00103955 0.0012809 0.00158776 0.00197503 0.00244754 0.00302614 0.00373372 0.00460629 0.00563545 0.00685774 0.00829298 0.00996166 0.0118799 0.0140059 0.0163683 0.0189225 0.0216627 0.0245401 0.0274844 0.0304535 0.0333783 0.0361956 0.0388129 0.0411318 0.0430625 0.0445582 0.0455347 0.0459724 0.0458012 0.0450057 0.0435991 0.0416014 0.0390758 0.036082 0.0327097 0.0290692 0.025305 0.0215238 0.0178599 0.0143588 0.0110699 0.00798737 0.00507731 0.00225065 -0.000593579 -0.00361229 -0.00692546 -0.0106063 -0.0146784 -0.0190501 -0.0235795 -0.0280736 -0.0323093 -0.0360541 -0.0391338 -0.0413567 -0.0426433 -0.0429479 -0.0423047 -0.0408074 -0.0386303 -0.0359157 -0.0328621 -0.0296283 -0.0263728 -0.0232032 -0.0202148 -0.0174499 -0.0149753 -0.0127971 -0.0108943 -0.00923521 -0.00782969 -0.00662863 -0.00558588 -0.00468507 -0.0039172 -0.00322959 -0.00263338 -0.00212888 -0.00167796 -0.00125606 -0.000890602 -0.000561651 -0.000274375 -5.81999e-05 6.55254e-05 0.000118319 7.10359e-05 -9.55891e-05 -0.000376604 -0.000733454 -0.00117213 -0.00165326 -0.00213512 -0.00253835 -0.00277513 -0.00271464 -0.00225672 -0.00123881 0.000436201 0.0028334 0.0059564 0.00976153 0.0140821 0.0187465 0.0234801 0.0279972 0.0319973 0.0351984 0.0373401 0.0382685 0.0378849 0.0362044 0.0333409 0.0294535 0.0247554 0.0194612 0.0137754 0.00787262 0.0019355 -0.00393281 -0.0096102 -0.0150477 -0.0201927 -0.0250012 -0.029398 -0.0333223 -0.0366782 -0.0394314 -0.041548 -0.0430005 -0.0438044 -0.0439313 -0.04343 -0.0423493 -0.0407662 -0.038758 -0.0364119 -0.0337927 -0.0310176 -0.0281589 -0.0253044 -0.0225105 -0.0198024 -0.0172649 -0.0149074 -0.0127799 -0.0108761 -0.00919713 -0.00774819 -0.00651735 -0.00549055 -0.00462994 -0.00391085 -0.00332417 -0.00286524 -0.00249102 -0.00219985 -0.00196733 -0.00180177 -0.00168324 -0.00158699 -0.0015278 -0.00147554 -0.00145373 -0.00143504 -0.00142108 -0.00141578 -0.00140574 -0.00141412 -0.00140537 -0.00140156 -0.00140199 -0.00140232 -0.00140803 -0.00139504 -0.00139776 -0.00139895 
0 1.70991e-05 4.74968e-05 6.08576e-05 9.63771e-05 0.000112245 0.000144341 0.000173992 0.000198615 0.000239557 0.000263985 0.000308059 0.000336902 0.000375589 0.000424865 0.00047472 0.000548628 0.000623681 0.000736473 0.000885013 0.00107582 0.00132398 0.00163484 0.00203318 0.00252359 0.00311671 0.00384457 0.00472787 0.00578392 0.00704154 0.0085061 0.0102119 0.0121617 0.0143544 0.0167817 0.0194036 0.0222192 0.0251857 0.0282472 0.0313442 0.0344075 0.0373654 0.0401404 0.0426406 0.0447793 0.0464877 0.0477005 0.0484043 0.048539 0.0480799 0.047035 0.0453937 0.0432176 0.0405659 0.0374995 0.0341228 0.0305439 0.0268801 0.0232751 0.0197968 0.0165302 0.0134824 0.0106103 0.00787085 0.0051291 0.00223587 -0.000942111 -0.00455656 -0.00868632 -0.0132966 -0.0183301 -0.023598 -0.0288734 -0.0339059 -0.0384423 -0.0422213 -0.0450747 -0.0468635 -0.0475342 -0.0471268 -0.045753 -0.0435366 -0.0406971 -0.0374432 -0.0339379 -0.0303597 -0.0268525 -0.0235078 -0.0204228 -0.017619 -0.0150901 -0.0128951 -0.0110036 -0.00934128 -0.00790356 -0.00667817 -0.00560289 -0.00467311 -0.00387267 -0.00316801 -0.00252044 -0.00194122 -0.00143505 -0.000976366 -0.000551875 -0.000206401 8.75555e-05 0.000322882 0.000430119 0.000414334 0.000317894 9.78422e-05 -0.000240084 -0.000662403 -0.00114913 -0.00163446 -0.00204672 -0.00230723 -0.00226884 -0.00178285 -0.000741448 0.000984439 0.00346682 0.00670764 0.0106323 0.0151146 0.019918 0.0247867 0.0294212 0.0335002 0.036714 0.0388372 0.0396482 0.0390845 0.0371773 0.0340267 0.0298456 0.0248774 0.0193249 0.013435 0.00738621 0.00131815 -0.00461627 -0.0103557 -0.0158352 -0.0210208 -0.0258851 -0.0303689 -0.0344069 -0.0379408 -0.0408932 -0.0432525 -0.0449847 -0.0460634 -0.0465057 -0.0463098 -0.0455206 -0.0441973 -0.0424003 -0.040191 -0.0376554 -0.0348792 -0.0319643 -0.0289894 -0.0260173 -0.0231205 -0.0203325 -0.0177215 -0.0153186 -0.0131333 -0.0111875 -0.00947939 -0.00801315 -0.00677012 -0.00571892 -0.00484562 -0.00412626 -0.00353563 -0.00306829 -0.00268215 -0.0023834 -0.00215462 -0.00197878 -0.00185944 -0.00175333 -0.00169477 -0.00165008 -0.00162444 -0.00161547 -0.00159662 -0.00160364 -0.00159199 -0.00159516 -0.00159227 -0.00158829 -0.00159643 -0.0015821 -0.00158765 -0.00157493 -0.00157543 
0 3.57302e-05 5.80826e-05 8.81523e-05 0.00011485 0.000149462 0.000174556 0.000198307 0.00023744 0.000263985 0.000297739 0.000325962 0.000369237 0.000422038 0.000471304 0.000552248 0.000644551 0.00076826 0.000919403 0.00111865 0.00137866 0.00169515 0.00209716 0.00259626 0.00320361 0.00393806 0.00483827 0.00591077 0.00719459 0.00868516 0.0104304 0.0124172 0.0146379 0.0171224 0.0197947 0.0226742 0.0256886 0.0288246 0.03201 0.0351572 0.0382239 0.041101 0.043712 0.0459878 0.0478541 0.049238 0.0501342 0.0504808 0.0502908 0.0495149 0.0481928 0.0463471 0.0440169 0.0413013 0.0382581 0.0349794 0.0315683 0.0281579 0.0248188 0.0216777 0.0187538 0.0160518 0.0135023 0.011028 0.00844025 0.00560066 0.00232291 -0.00153895 -0.00604204 -0.0111818 -0.0168459 -0.0228368 -0.0289019 -0.0347532 -0.0400766 -0.0446296 -0.0481474 -0.0505175 -0.0516486 -0.0515673 -0.050374 -0.0482572 -0.0453759 -0.0419859 -0.0382633 -0.0344355 -0.0306416 -0.0269971 -0.0235754 -0.0204699 -0.0176645 -0.0151695 -0.0129449 -0.0110216 -0.00936891 -0.0079302 -0.00667342 -0.00560506 -0.00462298 -0.00374864 -0.00298816 -0.00228429 -0.00161713 -0.00104285 -0.000511931 -5.06405e-05 0.00032411 0.000607541 0.00082257 0.000931643 0.00091592 0.000736196 0.000453518 5.21917e-05 -0.000435018 -0.000950805 -0.00139595 -0.00169131 -0.00166864 -0.00124201 -0.000228443 0.001485 0.00396549 0.00720954 0.0111837 0.0156905 0.0205509 0.0254632 0.0301244 0.0342049 0.0374013 0.0394398 0.0401443 0.0394223 0.0373185 0.0339686 0.0295812 0.0244327 0.0187453 0.0127658 0.00666663 0.000615514 -0.00530482 -0.0109774 -0.0163886 -0.0215024 -0.0263011 -0.0307406 -0.0348115 -0.0384186 -0.0415336 -0.0441238 -0.0461187 -0.0475261 -0.0483 -0.0484701 -0.048037 -0.0470491 -0.0455515 -0.0435964 -0.0412305 -0.0385819 -0.0356972 -0.0326821 -0.0296276 -0.0265708 -0.0236141 -0.0207673 -0.018123 -0.0156747 -0.0134512 -0.0114821 -0.00975156 -0.00825986 -0.00698923 -0.00592874 -0.00504357 -0.00431565 -0.00371805 -0.00324864 -0.00286192 -0.00256654 -0.00234369 -0.00217061 -0.00204864 -0.00194798 -0.00189285 -0.00184494 -0.00181549 -0.00180112 -0.0017829 -0.00177695 -0.00176469 -0.00176742 -0.00176681 -0.00175943 -0.00176031 -0.00175777 -0.00176009 -0.00175476 
0 4.12614e-05 7.52883e-05 9.06359e-05 0.000139841 0.000170191 0.000200595 0.000226771 0.000262789 0.000308059 0.000325962 0.000368253 0.000419171 0.000484831 0.000551983 0.000641124 0.000778022 0.000937477 0.00114282 0.00140456 0.001739 0.00215081 0.00265751 0.00328201 0.00403491 0.00493722 0.00603248 0.0073316 0.00884645 0.01061 0.0126305 0.0149034 0.0174019 0.0201326 0.0230566 0.0261254 0.0293017 0.0325346 0.0357449 0.0388542 0.0418038 0.0444897 0.046842 0.0488009 0.0503149 0.0513354 0.0518316 0.0518084 0.0512429 0.0501399 0.048564 0.0465323 0.0441149 0.0414055 0.0384537 0.0353584 0.0322143 0.0291248 0.0261899 0.023466 0.0209952 0.0187325 0.016573 0.014419 0.0120621 0.0093159 0.00602097 0.00199959 -0.00282192 -0.00840366 -0.0146566 -0.0213498 -0.0281838 -0.0348376 -0.0409773 -0.0462819 -0.0505105 -0.0535015 -0.0551527 -0.0554841 -0.0546001 -0.0526292 -0.0498011 -0.0463762 -0.0425387 -0.0385218 -0.0345074 -0.0306038 -0.0269259 -0.0235204 -0.020384 -0.0175986 -0.0151383 -0.0129471 -0.0110335 -0.00937246 -0.00790076 -0.00661951 -0.00547938 -0.00444855 -0.00349742 -0.00261774 -0.00182192 -0.00110268 -0.000429699 0.000147211 0.000654741 0.00109709 0.00140602 0.00158261 0.00166181 0.0015777 0.00134082 0.000964258 0.000461138 -8.24763e-05 -0.000582801 -0.000962343 -0.00104219 -0.000687227 0.000223518 0.00183102 0.00421118 0.00737122 0.0112646 0.015741 0.020565 0.0254544 0.0300869 0.0341131 0.0372223 0.0391766 0.0397649 0.0389308 0.0367265 0.0332602 0.0287757 0.02355 0.0178057 0.0118206 0.00577975 -0.000187854 -0.00595765 -0.0114771 -0.0167179 -0.0216625 -0.0263083 -0.0306294 -0.034625 -0.0382473 -0.0414484 -0.0442151 -0.046475 -0.0481859 -0.0493383 -0.0499017 -0.0498759 -0.0492878 -0.0481633 -0.0465338 -0.0444538 -0.0420127 -0.039271 -0.0363181 -0.0332467 -0.030137 -0.0270426 -0.0240322 -0.0211709 -0.018475 -0.0159926 -0.0137468 -0.011747 -0.00998768 -0.00847391 -0.0072036 -0.00613501 -0.00523702 -0.0045097 -0.00391971 -0.0034414 -0.00306029 -0.00276025 -0.00254158 -0.00236073 -0.00223802 -0.00214506 -0.00207315 -0.00203004 -0.0019933 -0.00198299 -0.00195425 -0.00194891 -0.00194945 -0.00194264 -0.00194079 -0.00192746 -0.0019459 -0.0019394 -0.00193661 
0 4.45523e-05 7.07474e-05 9.16512e-05 0.000139623 0.000181151 0.000209855 0.000237014 0.000286528 0.000336902 0.000369237 0.000419171 0.000493504 0.000582093 0.000667735 0.000789329 0.000963014 0.00117609 0.00143652 0.00176553 0.00218554 0.00269662 0.00332278 0.00408976 0.00501017 0.00611346 0.00744016 0.00899141 0.0107812 0.0128221 0.0151332 0.0176786 0.0204227 0.0233791 0.0264866 0.0297081 0.032972 0.0362266 0.0393834 0.0423548 0.0450924 0.0474923 0.0494903 0.0510538 0.0521489 0.0527334 0.0528081 0.0523706 0.0514402 0.0500333 0.0482337 0.0460783 0.0436262 0.0409769 0.0381862 0.0353413 0.0325349 0.0298682 0.0273952 0.0251756 0.0232083 0.0214276 0.0197115 0.0179354 0.0158627 0.0133002 0.0100507 0.00592986 0.000864619 -0.00511666 -0.0118918 -0.0192112 -0.0267526 -0.034162 -0.0410689 -0.0471443 -0.0520943 -0.0557451 -0.0579676 -0.0587632 -0.05823 -0.0565274 -0.0538595 -0.0504974 -0.0466412 -0.0425408 -0.0383718 -0.0342607 -0.0303306 -0.0266754 -0.0232993 -0.0202524 -0.0175108 -0.0150706 -0.0129222 -0.0110161 -0.00930729 -0.00780185 -0.00642563 -0.00518174 -0.00406386 -0.0030231 -0.00204534 -0.00115264 -0.000304369 0.000457692 0.00112542 0.00169604 0.00214717 0.00245678 0.00262117 0.00258501 0.00238769 0.00202708 0.00151286 0.000911851 0.000317056 -0.000185013 -0.000413014 -0.00024627 0.000479961 0.00190791 0.00411333 0.00710618 0.0108559 0.0151926 0.0199092 0.0247091 0.0292634 0.0332194 0.0362621 0.0381345 0.0386523 0.0377547 0.0355008 0.0320152 0.0275276 0.0223199 0.0166233 0.0107154 0.00479232 -0.00100285 -0.00657418 -0.0118556 -0.0168532 -0.0215603 -0.0259831 -0.0301184 -0.0339895 -0.0375516 -0.0407867 -0.0436769 -0.0461403 -0.0481425 -0.0496419 -0.0506089 -0.051011 -0.050859 -0.0501649 -0.0489445 -0.0472327 -0.0451128 -0.0426109 -0.0398142 -0.0368248 -0.0337139 -0.0305645 -0.0274309 -0.0244037 -0.0215043 -0.0187876 -0.0162974 -0.0140341 -0.012008 -0.0102383 -0.00872985 -0.00744175 -0.00634638 -0.00544425 -0.00471475 -0.00411183 -0.00362492 -0.00323792 -0.00294148 -0.00271076 -0.00253944 -0.00241584 -0.00231602 -0.00225068 -0.00220942 -0.00218573 -0.00215751 -0.00214533 -0.00214823 -0.0021412 -0.00212851 -0.00212046 -0.00213376 -0.00212971 -0.00211687 
0 4.43957e-05 6.71625e-05 9.16499e-05 0.000142379 0.000191237 0.000220979 0.000252679 0.000313979 0.000375589 0.000422038 0.000484831 0.000582093 0.000696651 0.000811371 0.000969741 0.00118963 0.00146248 0.00179047 0.00220342 0.00272819 0.00336485 0.00413901 0.00507807 0.00620003 0.00753558 0.00911752 0.0109404 0.0130082 0.0153276 0.0179103 0.0207047 0.0236666 0.0268015 0.0300447 0.0333454 0.036616 0.0397951 0.0427934 0.0455289 0.0479605 0.049996 0.051581 0.0526998 0.0533359 0.0534611 0.0530933 0.0522496 0.0509746 0.04931 0.047346 0.0451284 0.0427076 0.0401793 0.0376046 0.0350663 0.0326517 0.0304477 0.0284826 0.0267959 0.0253629 0.024097 0.0228606 0.0214968 0.0197525 0.0174073 0.0142459 0.0100778 0.00482928 -0.00147047 -0.00868014 -0.0165416 -0.0247097 -0.0328068 -0.0404348 -0.0472367 -0.0528891 -0.0571957 -0.0600123 -0.0613274 -0.0612266 -0.0598656 -0.0574489 -0.0542455 -0.050464 -0.0463541 -0.0421094 -0.0378765 -0.0337839 -0.0299287 -0.0263379 -0.023066 -0.020096 -0.0174154 -0.0150127 -0.0128468 -0.0108868 -0.00913566 -0.00752979 -0.00605976 -0.00471607 -0.00345614 -0.00227178 -0.00117623 -0.000134147 0.000825783 0.00168937 0.00244157 0.00304556 0.00347596 0.0037273 0.00375464 0.00357961 0.00319715 0.00262298 0.00192335 0.00118383 0.000497287 4.67675e-05 -3.15949e-05 0.000436077 0.0015998 0.00354697 0.00629803 0.00982799 0.0139713 0.0185256 0.0231969 0.0276544 0.0315412 0.034541 0.036385 0.036896 0.0360116 0.0337926 0.0303683 0.0259668 0.0208619 0.0152948 0.00953906 0.00380194 -0.00176884 -0.00708276 -0.0120812 -0.0167875 -0.0212117 -0.025373 -0.0292873 -0.0329887 -0.036445 -0.0396542 -0.0425997 -0.0452099 -0.0474502 -0.0492734 -0.0506347 -0.0514786 -0.0517917 -0.051567 -0.0508065 -0.0495331 -0.0478095 -0.045641 -0.0430994 -0.0402833 -0.0372648 -0.0341313 -0.0309442 -0.0277995 -0.024735 -0.0218155 -0.0190954 -0.0165794 -0.0142867 -0.0122528 -0.0104897 -0.00896144 -0.00764619 -0.00654831 -0.00565338 -0.0049084 -0.0042981 -0.00380639 -0.00341906 -0.00311939 -0.00289125 -0.00272272 -0.00258863 -0.00249801 -0.00244341 -0.00240478 -0.00236759 -0.00234758 -0.00234804 -0.00233865 -0.00231908 -0.00231203 -0.00232354 -0.00231925 -0.00230017 
0 4.86818e-05 8.45452e-05 0.000108202 0.000173139 0.000219591 0.000252964 0.000289225 0.000348874 0.000424865 0.000471304 0.000551983 0.000667735 0.000811371 0.00097226 0.00117479 0.00146525 0.00181265 0.00223392 0.00275666 0.00340884 0.00419991 0.00514792 0.00628407 0.00763428 0.00922261 0.01107 0.0131737 0.0155069 0.0181004 0.0209256 0.0239398 0.0270891 0.0303429 0.0336699 0.0369607 0.0401529 0.0431575 0.0458958 0.0483088 0.0503499 0.0519507 0.0530713 0.0537045 0.0538546 0.0535278 0.052729 0.0515343 0.0499688 0.0481129 0.0460476 0.0438131 0.0414704 0.0391064 0.0367894 0.0346042 0.0326298 0.0309097 0.029486 0.0283364 0.0274477 0.0267068 0.0259614 0.0250177 0.0236231 0.0215053 0.0184614 0.014295 0.00892259 0.00239706 -0.00514864 -0.013451 -0.0221469 -0.0308392 -0.0391232 -0.04658 -0.0528996 -0.0578369 -0.0612464 -0.0631016 -0.0634916 -0.0625267 -0.060443 -0.0574793 -0.0538619 -0.0498271 -0.0456028 -0.0413319 -0.0371725 -0.0331967 -0.0294508 -0.0259902 -0.0228237 -0.0199057 -0.0172551 -0.0148503 -0.0126509 -0.0106341 -0.00878767 -0.00706951 -0.00545621 -0.0039344 -0.00251334 -0.00116388 0.000109755 0.00127755 0.00233905 0.00328976 0.00405179 0.00461325 0.00495874 0.00504377 0.00485315 0.00440869 0.00371355 0.00285417 0.00190425 0.000971899 0.000222772 -0.000157602 -2.59688e-05 0.000802668 0.00242818 0.00488889 0.00814284 0.0120688 0.0164263 0.0209531 0.0253131 0.0291506 0.0321445 0.0340353 0.0346156 0.0338351 0.0317437 0.0284588 0.024227 0.0193009 0.0139326 0.00838977 0.00288892 -0.00244018 -0.00746963 -0.0121828 -0.0165785 -0.0206923 -0.0245587 -0.028218 -0.0317051 -0.0350266 -0.0381668 -0.0411173 -0.0438284 -0.0462404 -0.0483447 -0.0500555 -0.0513207 -0.0520958 -0.0523525 -0.0520769 -0.0512936 -0.0500196 -0.0482676 -0.0460758 -0.0435239 -0.0407059 -0.0376661 -0.0345136 -0.0313122 -0.0281341 -0.0250572 -0.0221284 -0.0193802 -0.0168254 -0.0145222 -0.0124903 -0.0107041 -0.00914592 -0.00783564 -0.00674615 -0.00584537 -0.00509658 -0.00448448 -0.00400243 -0.00361056 -0.00332233 -0.00308779 -0.00290809 -0.00278394 -0.00269516 -0.00264163 -0.0025763 -0.00255072 -0.00254238 -0.00252784 -0.00251169 -0.0024959 -0.0025164 -0.00250591 -0.00248904 
0 5.77046e-05 8.83179e-05 0.000135078 0.00018588 0.000248741 0.000282185 0.00032483 0.000402177 0.00047472 0.000552248 0.000641124 0.000789329 0.000969741 0.00117479 0.00144801 0.00180505 0.00225091 0.00277839 0.00342953 0.00423365 0.00520268 0.0063522 0.00771858 0.00931792 0.0111788 0.0133056 0.0156723 0.0182807 0.0211066 0.0241574 0.0273497 0.030626 0.0339587 0.037266 0.0404789 0.0434869 0.0462227 0.0486207 0.0506301 0.0522156 0.0533355 0.0539459 0.054077 0.0537494 0.0529752 0.0518205 0.0503126 0.0485384 0.0465572 0.0444382 0.0422453 0.0400263 0.0378621 0.0358489 0.0340417 0.0325093 0.031299 0.0303875 0.0297908 0.0294385 0.0292147 0.0289523 0.0284216 0.027342 0.0254691 0.0225528 0.0184271 0.0130186 0.00634527 -0.00143688 -0.0100641 -0.0191844 -0.0283767 -0.0371932 -0.0452412 -0.0521507 -0.0576759 -0.0616625 -0.0640633 -0.0649284 -0.0644228 -0.0627164 -0.0600491 -0.0566741 -0.0528351 -0.0487227 -0.0445186 -0.0403492 -0.0363301 -0.0325154 -0.0289206 -0.0255566 -0.0224642 -0.0196162 -0.0169747 -0.0145353 -0.0122811 -0.0101485 -0.00814064 -0.00626087 -0.00446567 -0.00273842 -0.00111772 0.000407118 0.00183261 0.00311374 0.00421692 0.00514596 0.00584709 0.00625974 0.00635231 0.00612587 0.00556978 0.00471839 0.00361603 0.00236897 0.00111631 2.08239e-05 -0.000758818 -0.00100328 -0.000554673 0.000705905 0.00283334 0.00580578 0.00947585 0.0136555 0.018049 0.0223273 0.026151 0.0291961 0.0311774 0.0319226 0.0313395 0.0294575 0.0264194 0.0224208 0.0177301 0.0126136 0.00732036 0.00206987 -0.00297521 -0.00774278 -0.012159 -0.0162574 -0.0200684 -0.0236271 -0.027009 -0.0302639 -0.0334021 -0.0364441 -0.0393588 -0.0420986 -0.044646 -0.0469415 -0.0489542 -0.0505923 -0.0517981 -0.0525299 -0.0527515 -0.0524704 -0.051696 -0.0504092 -0.0486402 -0.046458 -0.0439118 -0.0410895 -0.0380404 -0.0348679 -0.0316451 -0.0284516 -0.0253702 -0.0224092 -0.0196224 -0.0170606 -0.0147592 -0.0127068 -0.0108974 -0.00934305 -0.0080422 -0.00694913 -0.00603729 -0.00529111 -0.0046774 -0.00419819 -0.00381066 -0.00351106 -0.00327128 -0.00309421 -0.00298383 -0.00288273 -0.00281243 -0.0027601 -0.00274569 -0.00273177 -0.00269938 -0.00269942 -0.00269897 -0.00270265 -0.00268127 
0 5.35189e-05 9.74051e-05 0.000133768 0.000197289 0.000253218 0.000301608 0.000362667 0.000444716 0.000548628 0.000644551 0.000778022 0.000963014 0.00118963 0.00146525 0.00180505 0.00225392 0.00279741 0.00344749 0.00424347 0.0052138 0.00638321 0.00776523 0.00937876 0.0112568 0.0134015 0.0158037 0.0184489 0.0212907 0.024352 0.0275681 0.0308861 0.0342357 0.0375363 0.0407601 0.0437709 0.0465129 0.0488967 0.0508777 0.0524344 0.0535249 0.0541245 0.0542271 0.053861 0.0530737 0.0519259 0.0504391 0.04871 0.0467716 0.0447224 0.0426189 0.0405182 0.0384816 0.0365812 0.0348904 0.0334731 0.0323881 0.0316318 0.0312392 0.0311498 0.0313139 0.0315863 0.0317767 0.0316148 0.0308571 0.0291978 0.0264352 0.0223951 0.0169839 0.0102453 0.00231493 -0.00655064 -0.0159739 -0.0255301 -0.0347895 -0.0432927 -0.0507166 -0.0567631 -0.0612776 -0.064193 -0.0655644 -0.0654819 -0.0641849 -0.0618824 -0.0588307 -0.0552341 -0.0513356 -0.0472835 -0.0432208 -0.0392107 -0.035353 -0.0316905 -0.0282672 -0.0250317 -0.0220003 -0.0191663 -0.0165039 -0.0139643 -0.0115845 -0.0093046 -0.00709987 -0.00498709 -0.00298968 -0.0010603 0.000747482 0.0024164 0.00392579 0.00525162 0.00630285 0.0070653 0.00750063 0.00759397 0.00727734 0.00656357 0.00546262 0.00407043 0.00246787 0.000814835 -0.000725535 -0.00190692 -0.00257784 -0.00253838 -0.00166097 0.000127392 0.00278659 0.00624205 0.0102448 0.0145466 0.0188069 0.0226702 0.0258149 0.0279747 0.0289363 0.0286286 0.0270567 0.0243194 0.0206376 0.0162326 0.0113959 0.00637878 0.00141079 -0.0033706 -0.00784214 -0.012003 -0.0158263 -0.0193622 -0.02265 -0.0257639 -0.0287607 -0.0317018 -0.0345901 -0.037412 -0.0401472 -0.0427348 -0.0451829 -0.0474095 -0.0493634 -0.0509604 -0.0521362 -0.0528462 -0.0530851 -0.0528132 -0.0520343 -0.0507419 -0.0489758 -0.0468136 -0.0442646 -0.0414368 -0.0383694 -0.0351762 -0.0319525 -0.028755 -0.0256495 -0.0226624 -0.0198721 -0.0173167 -0.0149972 -0.0129219 -0.01111 -0.00955452 -0.00824498 -0.00713603 -0.00621774 -0.00547052 -0.00485979 -0.00438367 -0.00398879 -0.00368405 -0.00345703 -0.00329154 -0.00317117 -0.00306198 -0.00300279 -0.00296877 -0.00294146 -0.00291499 -0.00289449 -0.00290293 -0.0028929 -0.00287888 
0 5.77757e-05 9.73462e-05 0.000153409 0.000203098 0.000274394 0.00033157 0.000407392 0.000510772 0.000623681 0.00076826 0.000937477 0.00117609 0.00146248 0.00181265 0.00225091 0.00279741 0.00346951 0.0042683 0.00523733 0.00640402 0.0078032 0.00943266 0.0113187 0.0134697 0.015894 0.018568 0.0214496 0.0245282 0.027758 0.031105 0.0344767 0.0378005 0.0410014 0.0440094 0.0467435 0.0491237 0.0510873 0.0526077 0.0536746 0.0542451 0.0543342 0.0539312 0.0531088 0.0519251 0.0504385 0.0487213 0.0468074 0.0447851 0.0427333 0.0407007 0.0387579 0.0369576 0.035339 0.0339978 0.0329648 0.0322972 0.0320045 0.0320697 0.0324654 0.0330873 0.0337892 0.0343735 0.0345597 0.0340776 0.0326631 0.0300583 0.0261116 0.020738 0.0139618 0.00593756 -0.00305554 -0.0126687 -0.0224709 -0.032011 -0.0408768 -0.0487049 -0.0551866 -0.0601613 -0.0635427 -0.0653487 -0.0657317 -0.0648609 -0.0629373 -0.060241 -0.0569793 -0.0533296 -0.0494817 -0.045562 -0.0416799 -0.0379165 -0.0342703 -0.0307758 -0.027475 -0.0243331 -0.0213277 -0.0184619 -0.0157046 -0.0130344 -0.0104557 -0.00797255 -0.00557223 -0.00324328 -0.00101991 0.00106545 0.00300577 0.00473513 0.00619312 0.00737613 0.00821965 0.00864059 0.00862196 0.00813538 0.00718299 0.00580911 0.00404892 0.00202731 -5.90239e-05 -0.00204793 -0.00371522 -0.00482146 -0.00519637 -0.00469478 -0.00323398 -0.000845557 0.00238532 0.00626938 0.0105278 0.0148276 0.0188223 0.0221574 0.0245476 0.0258012 0.0258169 0.0245876 0.022238 0.0189193 0.0148669 0.0103617 0.0056415 0.000941622 -0.00356206 -0.00779712 -0.011707 -0.0152965 -0.018601 -0.0216429 -0.024515 -0.0272691 -0.0299826 -0.0326939 -0.0353845 -0.0380414 -0.0406452 -0.0431474 -0.0455344 -0.047726 -0.0496438 -0.0512255 -0.0523986 -0.0531415 -0.0533911 -0.0531292 -0.0523405 -0.0510536 -0.0493053 -0.0471415 -0.0445974 -0.0417424 -0.0386749 -0.0354833 -0.0322588 -0.0290421 -0.0259108 -0.0229186 -0.0201244 -0.0175472 -0.015204 -0.0131172 -0.0112988 -0.00974366 -0.00841683 -0.00731087 -0.00639077 -0.00565421 -0.00504875 -0.0045611 -0.00417404 -0.0038724 -0.00366141 -0.00348109 -0.00335729 -0.00326281 -0.00320881 -0.00317095 -0.00312521 -0.00311421 -0.00309696 -0.00309675 -0.00307945 
