0 0 0 0 0 0 0 0 0 0 0 0 0 0 0 0 0 0 0 0 0 0 0 0 0 0 0 0 0 0 0 0 0 0 0 0 0 0 0 0 0 0 0 0 0 0 0 0 0 0 0 0 0 0 0 0 0 0 0 0 0 0 0 0 0 0 0 0 0 0 0 0 0 0 0 0 0 0 0 0 0 0 0 0 0 0 0 0 0 0 0 0 0 0 0 0 0 0 0 0 0 0 0 0 0 0 0 0 0 0 0 0 0 0 0 0 0 0 0 0 0 0 0 0 0 0 0 0 0 0 0 0 0 0 0 0 0 0 0 0 0 0 0 0 0 0 0 0 0 0 0 0 0 0 0 0 0 0 0 0 0 0 0 0 0 0 0 0 0 0 0 0 0 0 0 0 0 0 0 0 0 0 0 0 0 0 0 0 0 0 0 0 0 0 0 0 0 0 0 0 
0 -2.18969e-06 1.61183e-06 1.42097e-05 1.6397e-05 3.29664e-05 5.97233e-05 9.35081e-05 0.00013804 0.000196426 0.000283722 0.000377975 0.000494228 0.000639403 0.000810484 0.00101477 0.00124671 0.00153054 0.00185849 0.00223581 0.0026675 0.00313682 0.00364934 0.00418135 0.00471823 0.00523583 0.00571657 0.00615284 0.00650903 0.00677277 0.00693688 0.00697253 0.00685688 0.00657606 0.0061331 0.00554377 0.00481401 0.00398405 0.00306548 0.00208955 0.00109362 8.70195e-05 -0.000892718 -0.00181519 -0.00263609 -0.00334207 -0.00391489 -0.00435342 -0.00465888 -0.00484124 -0.0049009 -0.0048557 -0.00472293 -0.00450162 -0.00422293 -0.00390961 -0.0035836 -0.00325898 -0.00295286 -0.00264161 -0.00234849 -0.00207057 -0.0018214 -0.00160917 -0.00143042 -0.00127658 -0.00114047 -0.00100881 -0.000881017 -0.000745159 -0.000590772 -0.000424276 -0.00022057 3.06591e-06 0.000255476 0.000531384 0.000806127 0.00104585 0.00124552 0.00135564 0.00137119 0.00126763 0.00105526 0.000749652 0.000369455 -8.72621e-05 -0.000568389 -0.0010445 -0.00148193 -0.00186109 -0.00214413 -0.00233165 -0.00242726 -0.00244004 -0.00238193 -0.00229918 -0.00219928 -0.00209594 -0.00200991 -0.00194895 -0.00190404 -0.00190207 -0.00194066 -0.0020101 -0.00210491 -0.00221223 -0.0022869 -0.00231524 -0.00227731 -0.00215612 -0.00193592 -0.00163568 -0.0012557 -0.000810577 -0.000326049 0.00015569 0.000639203 0.00108268 0.00145244 0.00172344 0.00189024 0.00194565 0.00192671 0.00182799 0.0016985 0.00156297 0.00142706 0.00129855 0.00120043 0.00111612 0.00107331 0.00106086 0.00107139 0.00110072 0.00113835 0.0011834 0.00124759 0.00134009 0.00146894 0.00163631 0.00183547 0.00207354 0.00232983 0.00261785 0.00292245 0.00324217 0.0035697 0.00390224 0.00420448 0.00446494 0.00465771 0.0047617 0.00477661 0.00469078 0.00448082 0.00413201 0.00364197 0.00300388 0.0022439 0.00137222 0.000429586 -0.000564721 -0.00156573 -0.00254284 -0.0034905 -0.00436411 -0.0051366 -0.0057788 -0.00626858 -0.00660033 -0.00677375 -0.00679984 -0.00669414 -0.00646933 -0.00616088 -0.00576775 -0.00530558 -0.00480843 -0.00428876 -0.00377155 -0.00325838 -0.00278488 -0.00236048 -0.00197873 -0.00165241 -0.00136625 -0.00112762 -0.000922263 -0.000750309 -0.000613783 -0.000497293 -0.000411111 -0.000336802 -0.000278063 -0.000234697 -0.000203218 -0.000185786 -0.000163438 -0.000151903 -0.000143633 
0 1.61183e-06 2.78494e-05 4.36882e-05 6.80269e-05 9.09389e-05 0.000151033 0.000218155 0.000295192 0.000420459 0.000572677 0.000770784 0.000992779 0.00128527 0.00163773 0.00204233 0.00253073 0.00309605 0.00376988 0.00452818 0.00538939 0.00632956 0.00733374 0.00838331 0.00942897 0.010438 0.0113754 0.0122232 0.0129077 0.0134153 0.0137064 0.0137578 0.0135078 0.0129388 0.0120788 0.0109111 0.00949985 0.00786217 0.00605641 0.00413608 0.00216498 0.00019615 -0.0017213 -0.00351773 -0.0051141 -0.00649523 -0.0076326 -0.00849708 -0.00912995 -0.00949246 -0.00963146 -0.00956364 -0.00931838 -0.00892104 -0.00839718 -0.00779808 -0.00716461 -0.0065169 -0.00589361 -0.00528716 -0.00469625 -0.00417176 -0.00368812 -0.00327024 -0.00291181 -0.00259309 -0.00229865 -0.00204001 -0.00177716 -0.00150539 -0.00120791 -0.00086172 -0.00045134 3.42657e-06 0.000512032 0.00104704 0.00156946 0.00206806 0.0024634 0.00268661 0.00272469 0.00254221 0.0021183 0.00149176 0.000683013 -0.000218357 -0.00115808 -0.00210567 -0.00297829 -0.00369982 -0.0042778 -0.00466028 -0.00484723 -0.00488587 -0.00480927 -0.00462834 -0.00441345 -0.00419615 -0.00400421 -0.00386273 -0.00380965 -0.00382584 -0.00391034 -0.00405761 -0.00424429 -0.00441201 -0.00455743 -0.0046229 -0.00454232 -0.00430012 -0.00389639 -0.00328736 -0.0025286 -0.00165446 -0.000680469 0.000331406 0.00129587 0.00216819 0.00288039 0.00342102 0.00375684 0.0038732 0.00382292 0.00365871 0.00340687 0.00312811 0.00285159 0.00259848 0.00239776 0.00224943 0.00216104 0.00213329 0.00215853 0.00220425 0.0022855 0.00239469 0.00254093 0.00274616 0.00302188 0.00333707 0.00373615 0.00418627 0.00469193 0.00526682 0.00587429 0.00650342 0.0071522 0.00778025 0.00836477 0.00886052 0.00921658 0.00941703 0.00941062 0.00921604 0.00876529 0.00804747 0.00706671 0.00581637 0.00432582 0.00264154 0.00079261 -0.00115209 -0.00311634 -0.00505207 -0.00690029 -0.00862677 -0.0101302 -0.0113914 -0.0123585 -0.0130157 -0.0133739 -0.0134391 -0.0132412 -0.012811 -0.012209 -0.0114387 -0.0105445 -0.00956436 -0.00856404 -0.00754782 -0.00655125 -0.00562791 -0.00478023 -0.00403563 -0.00336514 -0.00280035 -0.00231056 -0.00189204 -0.00154778 -0.00124983 -0.00101955 -0.000823023 -0.000675329 -0.00055221 -0.000458074 -0.000403766 -0.000355374 -0.000327224 -0.00030026 -0.000293921 
0 1.42097e-05 4.36882e-05 8.9104e-05 0.000110191 0.000166792 0.000253511 0.000359297 0.000492005 0.000666085 0.000917663 0.00120137 0.00155342 0.00199755 0.00252971 0.00316581 0.00389748 0.00477714 0.00578598 0.00692811 0.00820998 0.00958655 0.0110612 0.012575 0.0140872 0.0155403 0.0168885 0.0181023 0.0190797 0.0197751 0.0201636 0.0201792 0.0197733 0.0189235 0.0176447 0.0159679 0.0139036 0.0115386 0.00891037 0.00611253 0.00326025 0.000403268 -0.00235857 -0.00494764 -0.00726595 -0.0092887 -0.0109704 -0.012292 -0.013241 -0.0138268 -0.0140587 -0.0139954 -0.0136955 -0.0131643 -0.0124648 -0.0116411 -0.0107376 -0.00979754 -0.00888392 -0.00796915 -0.00712235 -0.00634259 -0.00564409 -0.00502945 -0.00448072 -0.00398108 -0.00352761 -0.00310427 -0.00270879 -0.00230169 -0.00184115 -0.00132595 -0.000698237 -7.1188e-06 0.000753912 0.00156235 0.00235625 0.00305977 0.00365091 0.00400007 0.00407069 0.00378334 0.00314759 0.00220665 0.00102574 -0.000359003 -0.00179442 -0.00318927 -0.00445471 -0.00554373 -0.0063773 -0.00695406 -0.00727575 -0.00735442 -0.00721222 -0.00695663 -0.00662525 -0.00627736 -0.00598979 -0.0058016 -0.00570079 -0.00573687 -0.00588563 -0.00610465 -0.0063675 -0.00663919 -0.00682224 -0.00688591 -0.00677842 -0.00644613 -0.00583291 -0.00495978 -0.00382456 -0.00247313 -0.00099199 0.000486106 0.0019346 0.00323921 0.0043141 0.0051054 0.0056031 0.00579321 0.00575978 0.00549464 0.0051165 0.00470267 0.00428821 0.00391069 0.00363033 0.00340631 0.00329001 0.00324923 0.00326749 0.00334545 0.00347399 0.00365699 0.00391343 0.0042472 0.0046587 0.00514453 0.00570441 0.00637211 0.00711692 0.00796837 0.008871 0.00979418 0.0107065 0.0115952 0.0123881 0.0130623 0.0135511 0.0137894 0.0137545 0.0134091 0.0126977 0.0116016 0.0101354 0.00829638 0.00614374 0.00369518 0.00103331 -0.00178948 -0.00464917 -0.007449 -0.0101495 -0.0126318 -0.0148217 -0.0166537 -0.0180766 -0.019074 -0.0196369 -0.0197801 -0.0195338 -0.0189352 -0.0180794 -0.0169773 -0.0156802 -0.0142797 -0.0128191 -0.0113579 -0.00990568 -0.00854743 -0.00730593 -0.00617146 -0.00517787 -0.00430225 -0.00356328 -0.00292771 -0.00239006 -0.00194925 -0.00157285 -0.00128547 -0.00104729 -0.000861043 -0.000722017 -0.000619243 -0.00055532 -0.000491715 -0.000463488 -0.000449478 
0 1.6397e-05 6.80269e-05 0.000110191 0.000165299 0.000235344 0.000369541 0.000526984 0.000711426 0.000978977 0.00131193 0.0017287 0.00221062 0.00282408 0.00356144 0.0044164 0.00543036 0.00660074 0.0079568 0.00946136 0.0111291 0.0129188 0.0148034 0.0167434 0.0186638 0.0205061 0.022209 0.0237238 0.0249178 0.0257458 0.0261461 0.0260843 0.0254863 0.0243403 0.0226929 0.0205258 0.0179158 0.0148965 0.0115606 0.00801542 0.00438822 0.000779262 -0.00272135 -0.00600823 -0.00896865 -0.011578 -0.0137851 -0.0155295 -0.0168398 -0.0176574 -0.0180473 -0.0180571 -0.0177497 -0.0171655 -0.0163441 -0.0153527 -0.0142506 -0.0130819 -0.011921 -0.0107767 -0.00966881 -0.008667 -0.00773795 -0.00690587 -0.00615853 -0.00547472 -0.00484131 -0.00427751 -0.00372721 -0.00316391 -0.00254436 -0.00182528 -0.000977123 -3.8653e-05 0.000989973 0.00205812 0.00309463 0.00406019 0.00482923 0.0052746 0.00535039 0.00498484 0.00414462 0.00289469 0.00129449 -0.000504 -0.00237828 -0.00424168 -0.00595019 -0.00737767 -0.00850873 -0.00926962 -0.00966066 -0.0097494 -0.009596 -0.0092445 -0.00881288 -0.00837283 -0.00798959 -0.00771556 -0.00760809 -0.00764723 -0.00782401 -0.00811541 -0.00847347 -0.00880335 -0.00907253 -0.00918299 -0.00902602 -0.00855613 -0.0077537 -0.00656092 -0.00505423 -0.00329966 -0.00135689 0.000647439 0.00256519 0.00429364 0.00571246 0.00678696 0.00746532 0.00772792 0.00765955 0.00734412 0.00685138 0.00629494 0.005742 0.0052458 0.00486299 0.00459056 0.00443858 0.00439776 0.00445028 0.00455717 0.00474339 0.0050041 0.00535511 0.00581675 0.00639202 0.00703638 0.00780859 0.00867996 0.00965994 0.0107612 0.0119117 0.0130687 0.0142089 0.0152742 0.0162288 0.0170139 0.0175489 0.0177883 0.017646 0.0171251 0.0161292 0.0146533 0.0127231 0.0103475 0.00757739 0.00447166 0.001074 -0.00251119 -0.00614676 -0.00972697 -0.0131417 -0.0163097 -0.0190831 -0.0214289 -0.0232771 -0.0246011 -0.0253999 -0.0256647 -0.0254265 -0.0247344 -0.023691 -0.0223214 -0.0207058 -0.018925 -0.0170826 -0.0152015 -0.0133373 -0.0115751 -0.00992957 -0.00844065 -0.00708872 -0.00592254 -0.00491263 -0.00405018 -0.00333047 -0.00271274 -0.0022172 -0.00180487 -0.00148679 -0.00122627 -0.00102353 -0.000886527 -0.000770549 -0.000691675 -0.000633669 -0.000614193 
0 3.29664e-05 9.09389e-05 0.000166792 0.000235344 0.000352915 0.000527571 0.000742262 0.00100501 0.00134797 0.00180239 0.0023357 0.00297893 0.00377184 0.00471847 0.00583204 0.00711835 0.00861599 0.0103049 0.0121679 0.0142001 0.0163508 0.0186035 0.0208916 0.023147 0.0252929 0.0272569 0.0289728 0.030301 0.0311676 0.0315344 0.0313392 0.0305345 0.0291095 0.0270951 0.0245187 0.0214093 0.0178586 0.0139429 0.00979376 0.00556234 0.00133738 -0.00276503 -0.00663567 -0.010156 -0.0132817 -0.0159501 -0.0181168 -0.01976 -0.0208704 -0.0214684 -0.0216217 -0.0213998 -0.0208247 -0.019965 -0.0188889 -0.0176603 -0.0163425 -0.0150099 -0.0136528 -0.01234 -0.0110998 -0.00995196 -0.00891288 -0.00796999 -0.00710336 -0.00630348 -0.00555368 -0.00483319 -0.00409135 -0.00327526 -0.00236193 -0.00129463 -0.000115491 0.0011715 0.00252236 0.00384092 0.00501813 0.00596511 0.00651346 0.00658809 0.00609993 0.00505425 0.00351633 0.00157753 -0.000664069 -0.00301378 -0.00532184 -0.00743386 -0.00923576 -0.0106217 -0.0115601 -0.0120584 -0.012161 -0.011936 -0.011519 -0.0109975 -0.010461 -0.0100047 -0.00968521 -0.00951694 -0.00954729 -0.00976099 -0.010113 -0.0105531 -0.0110023 -0.0113302 -0.011447 -0.0112537 -0.0106705 -0.00963829 -0.00817039 -0.00629745 -0.00409674 -0.00168827 0.000757331 0.00314298 0.00530826 0.00711028 0.00845626 0.00930506 0.00964809 0.00958979 0.00918195 0.00857835 0.00790586 0.00723507 0.00663011 0.00616361 0.00581789 0.00564119 0.00560764 0.00568942 0.00586951 0.00613481 0.00648739 0.00695154 0.00754249 0.00826301 0.00909964 0.010056 0.0111453 0.0123361 0.0136405 0.0149865 0.0163217 0.017605 0.0187982 0.0198223 0.0206295 0.0211341 0.02126 0.0209653 0.0202079 0.0189182 0.0170786 0.0147153 0.0118471 0.0085466 0.00485743 0.000865364 -0.00334249 -0.00760779 -0.011796 -0.0158192 -0.0195323 -0.0228229 -0.0256172 -0.0278537 -0.0295052 -0.030548 -0.0309759 -0.0308059 -0.0300887 -0.0289368 -0.0273881 -0.0255247 -0.0234659 -0.0212938 -0.0190767 -0.0168523 -0.014721 -0.0127212 -0.0108647 -0.0091898 -0.00770158 -0.00641761 -0.00531262 -0.00437564 -0.00359324 -0.00293699 -0.00241508 -0.00198886 -0.0016457 -0.00137887 -0.00117797 -0.00103157 -0.000907094 -0.000832751 -0.000792141 
0 5.97233e-05 0.000151033 0.000253511 0.000369541 0.000527571 0.000757033 0.00103664 0.00137458 0.00181862 0.0023803 0.0030592 0.00386807 0.00485969 0.00604231 0.00741789 0.00900779 0.0108204 0.0128466 0.0150486 0.0174118 0.0198898 0.0224454 0.0250165 0.0275187 0.0298682 0.0319843 0.033785 0.0351325 0.0359559 0.0362067 0.0358427 0.0348117 0.0331093 0.030777 0.027832 0.0243364 0.0203655 0.0160228 0.0114392 0.00675509 0.00207484 -0.00249247 -0.00682123 -0.0107841 -0.0143243 -0.017383 -0.019909 -0.0218987 -0.02332 -0.0242018 -0.024589 -0.0245338 -0.0240698 -0.0232572 -0.0221789 -0.0209124 -0.0195224 -0.0180752 -0.0165833 -0.0150917 -0.0136642 -0.0123185 -0.0110831 -0.00995175 -0.0089018 -0.00791317 -0.00698042 -0.00606253 -0.00511816 -0.00409897 -0.00296155 -0.00166544 -0.000236538 0.00131325 0.00292499 0.00449582 0.0059167 0.00703458 0.00767762 0.0077507 0.00717022 0.00592052 0.00407774 0.00174966 -0.000897942 -0.00367644 -0.00641817 -0.00893447 -0.011065 -0.0127213 -0.0138387 -0.0144241 -0.0145488 -0.0143063 -0.0138079 -0.0131868 -0.0125524 -0.0120029 -0.011611 -0.0114289 -0.0114688 -0.0117186 -0.0121374 -0.0126556 -0.013163 -0.0135527 -0.0136935 -0.0134539 -0.0127471 -0.0115245 -0.0097658 -0.00753662 -0.00493025 -0.00206778 0.00087637 0.00372723 0.0063106 0.00846079 0.0100824 0.0111106 0.0115395 0.0114731 0.0110247 0.0103349 0.00955051 0.00876692 0.00806081 0.0075027 0.00710609 0.00690183 0.00688358 0.00702324 0.00728239 0.00765192 0.0081225 0.00871385 0.00944894 0.0103335 0.0113437 0.0124955 0.0137656 0.0151334 0.0165882 0.0180607 0.0194986 0.0208635 0.0220953 0.0231207 0.0238627 0.0242305 0.0241642 0.0236158 0.0225705 0.0209589 0.0187666 0.016015 0.0127304 0.00898201 0.00484 0.000380377 -0.00428608 -0.00900911 -0.013661 -0.0181283 -0.0222849 -0.0259883 -0.0291652 -0.0317442 -0.0336886 -0.0349771 -0.0355909 -0.0355434 -0.0348862 -0.0337187 -0.0320905 -0.0300918 -0.0278389 -0.0254397 -0.0229529 -0.0204423 -0.0180013 -0.0156745 -0.0134982 -0.011495 -0.00970265 -0.00812508 -0.00675673 -0.00559024 -0.00460115 -0.00378167 -0.00310966 -0.00256534 -0.00211983 -0.0017681 -0.00150722 -0.00130661 -0.00115379 -0.00104988 -0.00099503 
0 9.35081e-05 0.000218155 0.000359297 0.000526984 0.000742262 0.00103664 0.00139768 0.00183576 0.00239749 0.00309347 0.00393616 0.00494013 0.00615412 0.0075908 0.00924535 0.011135 0.0132542 0.0155898 0.0180979 0.020748 0.0234952 0.0262848 0.0290512 0.0316998 0.0341416 0.0362921 0.0380595 0.0393267 0.0400233 0.0401051 0.0395348 0.0382674 0.0363029 0.0336849 0.030446 0.0266607 0.0224068 0.0177939 0.0129445 0.00798126 0.00300985 -0.00186492 -0.00650911 -0.0107989 -0.0146634 -0.01805 -0.020912 -0.0232376 -0.0249936 -0.026195 -0.0268725 -0.0270633 -0.0268042 -0.0261483 -0.0251775 -0.0239683 -0.0225887 -0.021096 -0.019525 -0.0179197 -0.0163526 -0.0148515 -0.0134429 -0.0121243 -0.0108772 -0.00968636 -0.0085482 -0.00742397 -0.0062685 -0.00502931 -0.00365108 -0.00210605 -0.000408019 0.00141379 0.00329041 0.00510878 0.00674495 0.00802299 0.00876762 0.00884576 0.00816909 0.00671988 0.00458103 0.00188034 -0.00118264 -0.00439381 -0.00754314 -0.0104255 -0.0128668 -0.0147709 -0.0160693 -0.0167665 -0.0169293 -0.0166625 -0.0160885 -0.0153627 -0.0146201 -0.0139784 -0.0135257 -0.0133244 -0.0133815 -0.0136789 -0.0141633 -0.014749 -0.0153129 -0.0157375 -0.0158778 -0.0155949 -0.0147841 -0.0133823 -0.0113592 -0.00877869 -0.00574891 -0.00242533 0.000994952 0.00429822 0.00729021 0.00978641 0.0116736 0.0128828 0.0134218 0.0133821 0.0129017 0.0121322 0.0112404 0.0103478 0.00955028 0.00891844 0.00848811 0.00827708 0.00828438 0.00847991 0.00882564 0.00930805 0.00991658 0.0106615 0.0115585 0.0126048 0.0137781 0.0150856 0.0164988 0.0179987 0.0195523 0.0210931 0.0225598 0.0239097 0.0250774 0.0259928 0.0265681 0.026717 0.0263849 0.025537 0.0241656 0.0222232 0.0196976 0.0166051 0.0129809 0.00888932 0.00441385 -0.000366057 -0.00533047 -0.010342 -0.0152827 -0.0200408 -0.0244989 -0.0285148 -0.031999 -0.0348733 -0.0370909 -0.0386255 -0.0394564 -0.0395912 -0.0390798 -0.0379978 -0.0364008 -0.0343749 -0.0320335 -0.0294925 -0.0268173 -0.0240867 -0.0213878 -0.0187785 -0.0163061 -0.0139987 -0.0119043 -0.0100327 -0.00839185 -0.00697805 -0.00577128 -0.00476598 -0.00393257 -0.00325164 -0.00269236 -0.00224705 -0.00190955 -0.00164703 -0.00144887 -0.00130821 -0.00122712 
0 0.00013804 0.000295192 0.000492005 0.000711426 0.00100501 0.00137458 0.00183576 0.00240474 0.00310169 0.00396988 0.0049972 0.00623201 0.00769218 0.00939481 0.0113405 0.0135117 0.015921 0.0185239 0.0212934 0.024176 0.0271217 0.0300701 0.0329361 0.0356285 0.038052 0.0401234 0.0417479 0.0428434 0.0433319 0.0431943 0.0423771 0.0408631 0.0386584 0.0357949 0.0323543 0.0283811 0.0239845 0.019249 0.0142888 0.00921447 0.00411541 -0.000899441 -0.00570598 -0.0102011 -0.0143018 -0.0179559 -0.0211327 -0.0237705 -0.0258693 -0.0274028 -0.0284068 -0.0289115 -0.02894 -0.0285447 -0.0277873 -0.0267317 -0.025454 -0.0240062 -0.0224298 -0.0207985 -0.0191472 -0.0175357 -0.0159757 -0.0144724 -0.0130218 -0.0116312 -0.010277 -0.00894752 -0.00757629 -0.00609745 -0.00446306 -0.00264535 -0.000656687 0.00144808 0.00359696 0.00567075 0.00749975 0.00892791 0.00976283 0.00983749 0.00905489 0.00741673 0.00499612 0.00196104 -0.00150237 -0.00513268 -0.00867338 -0.01191 -0.0146756 -0.016811 -0.0182766 -0.0190786 -0.0192702 -0.0189613 -0.0183313 -0.0175178 -0.0166789 -0.0159587 -0.0154591 -0.0152173 -0.0152803 -0.0156166 -0.0161544 -0.0167989 -0.0174408 -0.0179002 -0.0180356 -0.0177091 -0.0167895 -0.0151831 -0.012905 -0.00998507 -0.00654366 -0.00277746 0.00108354 0.004832 0.00822652 0.0110799 0.0132384 0.0146403 0.0153042 0.0153184 0.0148074 0.013971 0.012982 0.0119866 0.0111066 0.010422 0.00997325 0.00978423 0.00983766 0.0100956 0.0105398 0.0111345 0.0118834 0.0127907 0.013855 0.0150553 0.0163861 0.017807 0.0193247 0.0208998 0.0224882 0.024027 0.0254402 0.0266679 0.0276649 0.0283517 0.0286612 0.0285233 0.0278697 0.0267033 0.0249845 0.0227122 0.019874 0.016489 0.0126052 0.00828659 0.00360171 -0.00134813 -0.0064613 -0.011609 -0.0166741 -0.0215779 -0.0261845 -0.0303996 -0.0340984 -0.0372091 -0.0396757 -0.041453 -0.0425297 -0.0429015 -0.0426136 -0.0417145 -0.0402601 -0.0383174 -0.0360029 -0.0334088 -0.030633 -0.0277502 -0.024849 -0.0220112 -0.0192711 -0.0166983 -0.0143118 -0.0121589 -0.0102454 -0.0085696 -0.0071388 -0.00591852 -0.00491299 -0.00407146 -0.00338327 -0.00283169 -0.00239299 -0.00206117 -0.00179614 -0.00161673 -0.00150043 
0 0.000196426 0.000420459 0.000666085 0.000978977 0.00134797 0.00181862 0.00239749 0.00310169 0.00397337 0.0050099 0.00626554 0.00773876 0.00946173 0.0114442 0.0136622 0.0161236 0.0187833 0.0216322 0.0246151 0.02767 0.0307502 0.0337629 0.036634 0.0392595 0.0415508 0.0434342 0.0448178 0.0456454 0.0458691 0.0454437 0.0443609 0.0425971 0.0401759 0.0371516 0.0335766 0.0295481 0.025115 0.0203859 0.0154541 0.0104017 0.00533471 0.000334442 -0.00449295 -0.00906425 -0.0133014 -0.0171588 -0.0205729 -0.0235086 -0.0259126 -0.0277932 -0.0291608 -0.0300235 -0.0304205 -0.0303651 -0.0299021 -0.0290986 -0.0280165 -0.0266971 -0.0252275 -0.0236246 -0.0219696 -0.0202923 -0.0186173 -0.0169652 -0.0153436 -0.013753 -0.0122047 -0.0106471 -0.00903573 -0.00731267 -0.00540003 -0.00330595 -0.00102512 0.00137636 0.00379792 0.00611392 0.0081753 0.00973804 0.0106324 0.0106825 0.00981074 0.00798675 0.00530378 0.0019252 -0.00187834 -0.00588182 -0.00981736 -0.0134292 -0.0164827 -0.0188699 -0.0204919 -0.0213548 -0.0215562 -0.0212441 -0.0205411 -0.0196569 -0.0187577 -0.0179677 -0.0173949 -0.0171403 -0.0171895 -0.0175328 -0.0181221 -0.0188417 -0.0195248 -0.0200463 -0.0202026 -0.0198124 -0.0187516 -0.016961 -0.0143926 -0.0111407 -0.00734136 -0.00317651 0.00114546 0.00532045 0.00911731 0.0123152 0.0147712 0.0163893 0.0171842 0.0172269 0.0167302 0.015849 0.014782 0.0137113 0.0127704 0.012035 0.0115919 0.011422 0.0115338 0.0118916 0.0124403 0.0131705 0.0140678 0.0151257 0.0163434 0.0176911 0.0191309 0.0206531 0.0222061 0.0237914 0.025335 0.0267781 0.0280439 0.0290692 0.029787 0.0301653 0.030125 0.0296202 0.0286206 0.0270896 0.0250302 0.022432 0.0193083 0.0156882 0.0116343 0.00719358 0.00245007 -0.00253809 -0.00765076 -0.0127902 -0.0178632 -0.0227555 -0.0274025 -0.0316813 -0.0355016 -0.0387822 -0.04145 -0.0434676 -0.0447983 -0.0454435 -0.0454367 -0.0447943 -0.0435737 -0.0418319 -0.0396434 -0.0371205 -0.0343312 -0.0313886 -0.0283669 -0.0253496 -0.0224173 -0.0195962 -0.0169641 -0.014534 -0.0123456 -0.0104092 -0.0087116 -0.0072736 -0.00604629 -0.00503337 -0.00419368 -0.00350978 -0.00297131 -0.0025347 -0.00221654 -0.00197764 -0.00183205 
0 0.000283722 0.000572677 0.000917663 0.00131193 0.00180239 0.0023803 0.00309347 0.00396988 0.0050099 0.00626945 0.00774753 0.00949095 0.0114793 0.0137248 0.0162237 0.0189306 0.0218353 0.0248775 0.0280262 0.0311926 0.0343151 0.0373051 0.0400687 0.0425169 0.0445713 0.046167 0.0472214 0.0477236 0.0476082 0.0468806 0.0455046 0.0435131 0.0409375 0.0378007 0.0342137 0.0301984 0.0258502 0.0212323 0.0164374 0.0115454 0.00663243 0.00177654 -0.00294415 -0.00748758 -0.0117635 -0.0157184 -0.0193216 -0.0224684 -0.0251751 -0.0273911 -0.029136 -0.0304045 -0.0312032 -0.0315474 -0.0314617 -0.0309884 -0.0301965 -0.029114 -0.0278001 -0.026326 -0.0247078 -0.0230329 -0.0213145 -0.0195763 -0.0178244 -0.0160831 -0.0143122 -0.0125212 -0.0106527 -0.00864873 -0.00646554 -0.00409849 -0.00152926 0.00115743 0.00386852 0.00646016 0.00870328 0.0104102 0.0113836 0.0114121 0.0104138 0.00841576 0.00548999 0.00183583 -0.00233711 -0.00672762 -0.0110126 -0.0149346 -0.0182933 -0.0208771 -0.0226486 -0.0236185 -0.0238516 -0.0234864 -0.0227512 -0.0217974 -0.0208114 -0.0199579 -0.0193565 -0.0190433 -0.0190916 -0.0194687 -0.0200943 -0.0208543 -0.0216217 -0.0221576 -0.0222888 -0.0218508 -0.0206854 -0.0186823 -0.0158817 -0.0123108 -0.00811662 -0.00353605 0.0011738 0.00576882 0.00996361 0.0135386 0.0162756 0.018096 0.0190357 0.0191722 0.0186701 0.0177716 0.016672 0.01556 0.0145841 0.0138235 0.0133637 0.0132246 0.0133979 0.013846 0.0145451 0.0154241 0.0164805 0.0176873 0.0190263 0.0204602 0.0219865 0.0235213 0.0250712 0.0265835 0.0279895 0.0292464 0.030273 0.0309969 0.0313823 0.0313714 0.0309222 0.030016 0.028606 0.0267233 0.0243129 0.0214283 0.018073 0.0142845 0.0101436 0.00569827 0.000998062 -0.00387762 -0.00886274 -0.0138745 -0.0188131 -0.0236135 -0.0281618 -0.0324213 -0.0362628 -0.039636 -0.042471 -0.0446965 -0.0462937 -0.0472341 -0.0475438 -0.047215 -0.0463036 -0.0448429 -0.042902 -0.0405396 -0.0378599 -0.0349488 -0.0318864 -0.0287822 -0.0256879 -0.0226955 -0.0198259 -0.0171526 -0.0146995 -0.0124817 -0.010534 -0.00882686 -0.00738211 -0.00615408 -0.00514337 -0.00431812 -0.00363966 -0.00311601 -0.00270644 -0.00242359 -0.00223429 
0 0.000377975 0.000770784 0.00120137 0.0017287 0.0023357 0.0030592 0.00393616 0.0049972 0.00626554 0.00774753 0.00950044 0.011512 0.0137719 0.0162805 0.0190167 0.0219581 0.0250381 0.0282251 0.0314587 0.0346443 0.0377182 0.040575 0.0431342 0.0453142 0.0470488 0.0482908 0.0489691 0.0490852 0.0486173 0.047543 0.045891 0.0436936 0.040999 0.0378441 0.0342898 0.0304043 0.0262203 0.0218221 0.0172807 0.0126459 0.00799417 0.0033784 -0.00115329 -0.00556493 -0.00977818 -0.0137503 -0.0174292 -0.0207636 -0.0237152 -0.026265 -0.0283908 -0.0300564 -0.0312795 -0.0320531 -0.0323846 -0.0323237 -0.0319053 -0.0311351 -0.0300985 -0.0288078 -0.0273301 -0.0257247 -0.0240201 -0.022247 -0.020416 -0.0185304 -0.0165921 -0.0145709 -0.012446 -0.0101755 -0.00769696 -0.00503192 -0.00216312 0.000822227 0.00379894 0.0066219 0.00908921 0.0109296 0.0119602 0.0119814 0.0109154 0.00874256 0.00556195 0.00158137 -0.0028975 -0.00760591 -0.0122231 -0.0164551 -0.020044 -0.0228485 -0.02477 -0.0258137 -0.0260841 -0.0257414 -0.0249389 -0.0239075 -0.0228488 -0.0219158 -0.0212431 -0.0209375 -0.0209945 -0.0213909 -0.0220633 -0.0228729 -0.0236359 -0.0241935 -0.0243226 -0.0238159 -0.0225254 -0.0203707 -0.01731 -0.0134336 -0.0089017 -0.00393148 0.00123215 0.00624276 0.0108167 0.0147067 0.0177322 0.0197886 0.0208914 0.0211107 0.0206865 0.0198071 0.0186861 0.0175459 0.0165419 0.015763 0.0153266 0.0152212 0.0154651 0.0160303 0.0168488 0.0178768 0.0190725 0.0203937 0.021819 0.0233106 0.0248394 0.0263611 0.027815 0.0291802 0.0303618 0.0313249 0.0320159 0.0323711 0.0323478 0.0319241 0.0310412 0.0296975 0.0278944 0.0256293 0.0229144 0.0197853 0.0162693 0.0124038 0.00826592 0.00389418 -0.000653447 -0.0053347 -0.0100806 -0.0148492 -0.019573 -0.0241514 -0.0285391 -0.0326629 -0.0364459 -0.0398393 -0.0427717 -0.0451905 -0.0470417 -0.048303 -0.0489663 -0.048999 -0.0484529 -0.0473524 -0.0457241 -0.0436312 -0.0411411 -0.0383593 -0.0353492 -0.0322134 -0.0290495 -0.0259085 -0.0228724 -0.0199793 -0.0172827 -0.0148135 -0.012588 -0.0106372 -0.00892903 -0.00748165 -0.00627043 -0.00526787 -0.00445435 -0.00379805 -0.00331631 -0.00295636 -0.00272553 
0 0.000494228 0.000992779 0.00155342 0.00221062 0.00297893 0.00386807 0.00494013 0.00623201 0.00773876 0.00949095 0.011512 0.0138065 0.0163288 0.0190737 0.0220312 0.0251459 0.0283601 0.0316128 0.0348492 0.0379634 0.0408807 0.0435071 0.0457665 0.0475942 0.0489448 0.049778 0.0500384 0.0497568 0.0489119 0.047523 0.0456141 0.0432583 0.0405043 0.0373634 0.0339203 0.0302043 0.0262727 0.0221781 0.0179742 0.0136919 0.00937759 0.00507359 0.000813122 -0.00339265 -0.00746549 -0.0113665 -0.0150768 -0.0185163 -0.0216782 -0.0245023 -0.0269574 -0.0289986 -0.0306303 -0.0318471 -0.0326437 -0.0330376 -0.033052 -0.0326785 -0.0319734 -0.0309776 -0.0297147 -0.0282625 -0.026644 -0.0248902 -0.0230147 -0.0210456 -0.0189569 -0.0167538 -0.0144061 -0.0118687 -0.00910473 -0.00613856 -0.00295908 0.000324456 0.00358165 0.00664955 0.00928476 0.0112565 0.0123623 0.0123737 0.011205 0.00887886 0.00548625 0.00125254 -0.0035453 -0.00857642 -0.0134835 -0.0179707 -0.0218045 -0.0247853 -0.0268479 -0.0279961 -0.0283076 -0.0279338 -0.0270996 -0.0260043 -0.0248652 -0.0238718 -0.0231686 -0.0228207 -0.0228808 -0.0233071 -0.0240078 -0.0248443 -0.0256528 -0.0262006 -0.0262863 -0.025716 -0.0243205 -0.0219838 -0.0187083 -0.0145392 -0.00964349 -0.00427888 0.00126226 0.00666381 0.0116133 0.0158587 0.0191705 0.0214594 0.0227574 0.0231333 0.0227819 0.0219388 0.0208244 0.0196746 0.0186685 0.0179055 0.0175026 0.0174657 0.0177895 0.0184411 0.019372 0.0205043 0.0218061 0.023213 0.0246833 0.0261695 0.0276536 0.0290549 0.0303476 0.0314752 0.0323522 0.032954 0.0332335 0.0331414 0.0326632 0.0317749 0.0304442 0.0286842 0.0264922 0.0239078 0.0209251 0.0176241 0.0140257 0.0101618 0.00610391 0.00188136 -0.0024619 -0.00686707 -0.0112986 -0.0157366 -0.0201291 -0.024418 -0.0285398 -0.0324733 -0.0361286 -0.0394808 -0.0424716 -0.0450335 -0.0471275 -0.0487032 -0.0497317 -0.050155 -0.0500116 -0.0493126 -0.0480691 -0.0463099 -0.0441102 -0.0415469 -0.0386779 -0.0356083 -0.0324241 -0.0292167 -0.0260456 -0.0229854 -0.0200809 -0.0173702 -0.0149012 -0.0126834 -0.0107276 -0.00903198 -0.00760354 -0.0064117 -0.00542475 -0.00464309 -0.00404899 -0.00361539 -0.00332299 
0 0.000639403 0.00128527 0.00199755 0.00282408 0.00377184 0.00485969 0.00615412 0.00769218 0.00946173 0.0114793 0.0137719 0.0163288 0.0190945 0.0220522 0.0251873 0.028434 0.031716 0.0349658 0.03812 0.0410719 0.0437432 0.0460546 0.0479422 0.0493605 0.0502755 0.0506593 0.0504783 0.0497788 0.0485721 0.0468847 0.0447656 0.0422954 0.0395222 0.0364538 0.0331624 0.0296855 0.0260655 0.0223375 0.0185267 0.0146403 0.0107083 0.00676835 0.00283489 -0.00108827 -0.00494334 -0.00870272 -0.0123539 -0.0158331 -0.0191184 -0.0221509 -0.0248841 -0.0272672 -0.0292969 -0.0309564 -0.0322157 -0.033079 -0.0335498 -0.0336176 -0.0333292 -0.0327067 -0.0317591 -0.0305421 -0.029079 -0.0274073 -0.0255554 -0.0235544 -0.0213874 -0.0190473 -0.0165102 -0.0137347 -0.0106961 -0.00742706 -0.00394396 -0.000365326 0.00315803 0.00645554 0.00927653 0.0113688 0.0125199 0.0125205 0.0112804 0.00881297 0.00522144 0.000750379 -0.00429911 -0.00959432 -0.0147781 -0.0195275 -0.0235826 -0.0267437 -0.0289268 -0.0301363 -0.0304713 -0.0300942 -0.029224 -0.0280828 -0.0268956 -0.0258509 -0.0251001 -0.0247264 -0.0247717 -0.0251986 -0.0259204 -0.026788 -0.0276152 -0.0281731 -0.0282375 -0.0275892 -0.0260587 -0.0235389 -0.0200224 -0.0155746 -0.0103704 -0.00465742 0.00126694 0.0070569 0.0123762 0.0169578 0.0205781 0.0231372 0.0246459 0.0251826 0.0249512 0.0241834 0.0231049 0.0219706 0.0209757 0.0202446 0.019894 0.019929 0.0203336 0.0210697 0.0220737 0.0232739 0.0246282 0.0260663 0.0275311 0.0289633 0.0303247 0.031537 0.0325669 0.0333664 0.0338637 0.0340412 0.0338688 0.0333031 0.0323431 0.0309826 0.029209 0.0270502 0.0245216 0.0216564 0.0184731 0.0150563 0.0114404 0.0076555 0.00375213 -0.000252598 -0.00432652 -0.00841208 -0.0124828 -0.0165378 -0.0205498 -0.024477 -0.028286 -0.0319633 -0.0354411 -0.0386984 -0.0416826 -0.0443353 -0.0466143 -0.0484712 -0.0498468 -0.0506663 -0.0509466 -0.050685 -0.049871 -0.0485166 -0.0466838 -0.0444322 -0.0418053 -0.0388927 -0.0357853 -0.0325764 -0.0293416 -0.0261593 -0.0230841 -0.0201658 -0.0174587 -0.0149881 -0.0127664 -0.0108136 -0.00914513 -0.00773728 -0.0065658 -0.00563155 -0.00492499 -0.00440499 -0.00405615 
0 0.000810484 0.00163773 0.00252971 0.00356144 0.00471847 0.00604231 0.0075908 0.00939481 0.0114442 0.0137248 0.0162805 0.0190737 0.0220522 0.0251854 0.028444 0.0317631 0.0350373 0.0382043 0.0411868 0.0438875 0.0462311 0.0481548 0.049612 0.0505738 0.0510153 0.0509244 0.0503 0.0491979 0.0476712 0.0457354 0.0434669 0.0409354 0.0381875 0.035243 0.0321444 0.0289543 0.0256801 0.0223453 0.018947 0.0154757 0.0119552 0.00841551 0.00484865 0.00125322 -0.00233766 -0.00590454 -0.00942204 -0.0128625 -0.0161776 -0.0193364 -0.0222808 -0.0249575 -0.0273523 -0.0294287 -0.0311327 -0.0324594 -0.0333937 -0.0339245 -0.0340929 -0.0338866 -0.0333183 -0.0324104 -0.0311922 -0.0296988 -0.0279646 -0.0260012 -0.023811 -0.0213677 -0.0186671 -0.0156849 -0.0124078 -0.00887364 -0.00512085 -0.0012633 0.002523 0.00604023 0.00904012 0.0112428 0.0124323 0.0124171 0.0111107 0.00852202 0.00477659 0.00010275 -0.00517365 -0.0107142 -0.016146 -0.0211253 -0.0253619 -0.0286801 -0.0309705 -0.0322407 -0.0326008 -0.03223 -0.0313267 -0.0301477 -0.0289183 -0.027828 -0.0270285 -0.0266332 -0.0266589 -0.027081 -0.0278149 -0.0287059 -0.0295352 -0.0300917 -0.0301217 -0.029392 -0.0277296 -0.0250402 -0.0212863 -0.0165632 -0.0110509 -0.00500351 0.00127782 0.00742635 0.013114 0.0180405 0.0219857 0.0248319 0.0265753 0.0272989 0.0272205 0.0265585 0.02556 0.024487 0.0235344 0.0228443 0.0225337 0.022611 0.0230655 0.0238599 0.0249086 0.02615 0.0275112 0.0289166 0.0302955 0.0315866 0.0327293 0.0336694 0.0343503 0.0347489 0.0348085 0.0345211 0.0338748 0.0328317 0.0313905 0.0295678 0.0273714 0.0248489 0.0220461 0.0189706 0.015672 0.012211 0.00864042 0.00499222 0.0012991 -0.00243204 -0.00617919 -0.00990304 -0.0135791 -0.0172222 -0.0208271 -0.0243548 -0.0278195 -0.0311982 -0.0344651 -0.0375901 -0.0405212 -0.0432136 -0.0456175 -0.0477011 -0.0493818 -0.0505793 -0.0512837 -0.0514776 -0.0511244 -0.0502264 -0.0488207 -0.0469557 -0.0446579 -0.0419911 -0.0390533 -0.0359185 -0.0326918 -0.0294399 -0.026237 -0.0231494 -0.0202284 -0.0175294 -0.0150495 -0.0128453 -0.0109306 -0.00929327 -0.00792459 -0.00681489 -0.00598174 -0.00535958 -0.00494911 
0 0.00101477 0.00204233 0.00316581 0.0044164 0.00583204 0.00741789 0.00924535 0.0113405 0.0136622 0.0162237 0.0190167 0.0220312 0.0251873 0.028444 0.0317723 0.0350733 0.0382597 0.0412424 0.0439578 0.0463209 0.0482607 0.0497386 0.0507251 0.0511984 0.051159 0.0506025 0.0495628 0.0481211 0.0463178 0.0442099 0.0418357 0.0392902 0.0366161 0.0338207 0.0309699 0.0280763 0.0251677 0.0222266 0.0192384 0.0161954 0.0131058 0.00998075 0.00680684 0.00355488 0.000253521 -0.00306675 -0.00641004 -0.00972228 -0.0130071 -0.0162134 -0.0192912 -0.0221932 -0.0248788 -0.0273034 -0.0294187 -0.0311805 -0.0325757 -0.0335926 -0.0342175 -0.0344712 -0.0343155 -0.0337803 -0.032889 -0.0316629 -0.0301193 -0.0282824 -0.0261135 -0.02363 -0.0208225 -0.0176752 -0.0142085 -0.0104516 -0.00645516 -0.00235433 0.00167087 0.00539726 0.00853244 0.0108402 0.0120821 0.0120608 0.010686 0.00800463 0.00412083 -0.000716668 -0.0062067 -0.0119581 -0.0175837 -0.0227335 -0.0271438 -0.030576 -0.0329616 -0.0343109 -0.0347109 -0.0343248 -0.0334183 -0.0321988 -0.0309065 -0.0297672 -0.0289453 -0.0285069 -0.0285291 -0.0289643 -0.0296976 -0.0305759 -0.0314171 -0.0319347 -0.0319019 -0.031095 -0.0293195 -0.0264456 -0.022492 -0.0175102 -0.0116883 -0.00529893 0.0013158 0.00782087 0.013858 0.0191413 0.0234067 0.0265432 0.0285517 0.0295228 0.0296178 0.0291039 0.0282241 0.0272333 0.0263439 0.0257019 0.0254086 0.0255094 0.0259758 0.0267683 0.0278286 0.0290454 0.0303518 0.0316478 0.032848 0.0338964 0.0347491 0.0353267 0.0356195 0.0355642 0.0351437 0.0343646 0.0332206 0.0317017 0.0298154 0.0275689 0.0250089 0.0221956 0.0191723 0.0159862 0.012642 0.00922184 0.0057591 0.00228922 -0.00115663 -0.00457954 -0.00797196 -0.0112967 -0.0145633 -0.0177891 -0.0209697 -0.0241095 -0.027193 -0.0302592 -0.0332755 -0.0362288 -0.0390778 -0.0417549 -0.0442449 -0.0464952 -0.0484336 -0.0499755 -0.0510839 -0.0517261 -0.051849 -0.0514239 -0.0504869 -0.0490531 -0.0471454 -0.044814 -0.0421183 -0.0391623 -0.0360109 -0.0327685 -0.0295005 -0.0262842 -0.0232076 -0.0202898 -0.01759 -0.0151321 -0.012972 -0.0111032 -0.00950851 -0.00822739 -0.00723167 -0.00651218 -0.00602993 
0 0.00124671 0.00253073 0.00389748 0.00543036 0.00711835 0.00900779 0.011135 0.0135117 0.0161236 0.0189306 0.0219581 0.0251459 0.028434 0.0317631 0.0350733 0.0382862 0.0412833 0.0439988 0.0463645 0.0483191 0.0498034 0.0507966 0.0512777 0.0512592 0.0507408 0.0497526 0.0483622 0.0466254 0.044635 0.0423878 0.039978 0.0374632 0.0348912 0.032303 0.0296914 0.0271169 0.0245496 0.0219884 0.0194068 0.0167882 0.0141297 0.01143 0.00863569 0.00574579 0.00276223 -0.000293947 -0.00338841 -0.00655228 -0.00972988 -0.0129198 -0.0160486 -0.0190719 -0.0219521 -0.0246522 -0.027102 -0.0292711 -0.0311036 -0.0325753 -0.0336842 -0.034388 -0.034693 -0.0345803 -0.0340702 -0.0331674 -0.0318981 -0.0302298 -0.0281885 -0.0257382 -0.0228968 -0.0196677 -0.0160658 -0.0121171 -0.00792823 -0.00361741 0.00059822 0.00447481 0.00775781 0.0101477 0.0114076 0.0113894 0.00999285 0.00720943 0.003199 -0.00179628 -0.00742041 -0.0133173 -0.0191013 -0.0244088 -0.0289236 -0.0324862 -0.0349633 -0.0363606 -0.0367885 -0.0364376 -0.0354841 -0.0342248 -0.032902 -0.0317178 -0.0308343 -0.0304022 -0.0304043 -0.0308233 -0.0315639 -0.0324523 -0.0332369 -0.0337242 -0.0336327 -0.0327195 -0.0308008 -0.0277869 -0.0236102 -0.0183854 -0.0122942 -0.00560032 0.00137762 0.00824156 0.0146387 0.0202353 0.0248355 0.0283064 0.030604 0.031824 0.0321656 0.0318325 0.0310895 0.0301982 0.0293635 0.0287696 0.0285004 0.0285902 0.0290276 0.0297771 0.0307434 0.0318697 0.0330255 0.0341258 0.0350703 0.0358082 0.0362773 0.036466 0.0363044 0.0357807 0.0348692 0.0335771 0.0319411 0.029965 0.0276656 0.0250749 0.0222351 0.0192038 0.0160648 0.0128102 0.00951603 0.00619126 0.00289361 -0.00034911 -0.00353141 -0.00663627 -0.00965824 -0.0125895 -0.0154378 -0.018243 -0.021027 -0.0237619 -0.0264985 -0.0292183 -0.0319695 -0.0347211 -0.037433 -0.0400741 -0.0425845 -0.0449565 -0.0470885 -0.048918 -0.0503882 -0.05145 -0.0520336 -0.0520988 -0.0516432 -0.0506806 -0.0492187 -0.0472782 -0.044928 -0.0422152 -0.0392454 -0.0360795 -0.0328143 -0.0295435 -0.0263344 -0.0232666 -0.0203521 -0.0176804 -0.0152814 -0.0131723 -0.0113708 -0.00987906 -0.00873591 -0.00788387 -0.00733117 
0 0.00153054 0.00309605 0.00477714 0.00660074 0.00861599 0.0108204 0.0132542 0.015921 0.0187833 0.0218353 0.0250381 0.0283601 0.031716 0.0350373 0.0382597 0.0412833 0.0440183 0.0463894 0.0483478 0.049852 0.0508527 0.0513367 0.0513151 0.0508016 0.0498416 0.0484687 0.0467706 0.0448198 0.0426639 0.040361 0.037954 0.0355286 0.0331188 0.0307403 0.0284043 0.0261146 0.0238789 0.0216751 0.0194741 0.0172577 0.0150113 0.0126968 0.010288 0.00775633 0.00510809 0.00236622 -0.000481224 -0.00342577 -0.00646483 -0.0095586 -0.0126447 -0.0157022 -0.0186926 -0.0215742 -0.0243085 -0.0268042 -0.0290142 -0.0309147 -0.0324518 -0.0336258 -0.0343903 -0.0347241 -0.0346349 -0.0341123 -0.0331601 -0.0317725 -0.0299153 -0.0275969 -0.0248062 -0.0215499 -0.0178753 -0.0138203 -0.00949164 -0.00504199 -0.000679956 0.00332461 0.00667883 0.00913517 0.0104353 0.0103921 0.00892035 0.00607877 0.00199582 -0.00308396 -0.00883537 -0.0148522 -0.020739 -0.0261422 -0.0307827 -0.0344185 -0.0369642 -0.0384255 -0.0388764 -0.0384963 -0.0375517 -0.0362668 -0.0348935 -0.0336745 -0.0327788 -0.0322904 -0.0322752 -0.0326927 -0.0334103 -0.0342628 -0.0350508 -0.035476 -0.0352888 -0.0342727 -0.0322229 -0.0290143 -0.0246553 -0.0192 -0.0128284 -0.00582229 0.00145863 0.00865552 0.0154029 0.0213849 0.0263313 0.0301153 0.0327306 0.0342673 0.0348523 0.0347296 0.0341533 0.0333659 0.0325994 0.0320276 0.0317364 0.0317895 0.0321504 0.032768 0.0335911 0.0345098 0.0354323 0.0362531 0.0368648 0.0372194 0.0372726 0.0369905 0.0363676 0.0353511 0.0339547 0.0321939 0.0300932 0.0277086 0.0250625 0.0221898 0.0191587 0.0160142 0.0128115 0.00959074 0.00637207 0.00320602 0.000120068 -0.00286596 -0.00574897 -0.008531 -0.0111957 -0.0137408 -0.0161959 -0.0186047 -0.0209945 -0.0233824 -0.0257645 -0.028178 -0.0306462 -0.0331631 -0.0357141 -0.038245 -0.040744 -0.0431583 -0.0454215 -0.0474712 -0.0492383 -0.050675 -0.0516976 -0.052243 -0.0522894 -0.0518205 -0.0508386 -0.0493535 -0.0473925 -0.0450254 -0.0423002 -0.0393065 -0.0361252 -0.0328523 -0.0295948 -0.026393 -0.0233355 -0.0204648 -0.0178539 -0.0155302 -0.0135032 -0.0118329 -0.0105005 -0.00952898 -0.00888525 
0 0.00185849 0.00376988 0.00578598 0.0079568 0.0103049 0.0128466 0.0155898 0.0185239 0.0216322 0.0248775 0.0282251 0.0316128 0.0349658 0.0382043 0.0412424 0.0439988 0.0463894 0.0483557 0.0498591 0.0508754 0.0513699 0.051348 0.0508294 0.0498733 0.0485216 0.0468327 0.0449035 0.0427762 0.0405361 0.0382064 0.0358727 0.0335795 0.031349 0.0292116 0.0271275 0.0251316 0.0232068 0.0213393 0.0194881 0.0176263 0.0157316 0.0137747 0.0117113 0.0095426 0.00724293 0.0048121 0.00226271 -0.000449264 -0.00327968 -0.00621748 -0.00920083 -0.0122246 -0.0152512 -0.0182477 -0.0211514 -0.0238886 -0.0263919 -0.0286385 -0.0305872 -0.0321859 -0.033403 -0.0341833 -0.0345219 -0.034403 -0.0338412 -0.0327744 -0.031204 -0.0290861 -0.0264159 -0.0232197 -0.0195488 -0.0154395 -0.0110544 -0.00653277 -0.00210433 0.00194903 0.005355 0.00782045 0.00909104 0.00903414 0.00755303 0.00465099 0.000498753 -0.00465131 -0.0104531 -0.0165376 -0.0225081 -0.0279982 -0.0326886 -0.0363906 -0.0389784 -0.0404574 -0.0409224 -0.0405715 -0.0395969 -0.0382876 -0.0368999 -0.0356466 -0.0346956 -0.0341981 -0.034145 -0.0345224 -0.0352211 -0.0360535 -0.0367693 -0.0371419 -0.0368782 -0.035743 -0.0335366 -0.0301628 -0.0255776 -0.0198844 -0.0132633 -0.00598813 0.00161558 0.00915452 0.0162512 0.022558 0.0278663 0.0320298 0.0349886 0.0368329 0.0377135 0.0378256 0.0374235 0.0367426 0.0360062 0.0354277 0.0350778 0.0350222 0.0352392 0.035672 0.0362422 0.036884 0.0374652 0.0379164 0.0381295 0.0380554 0.037641 0.0368901 0.0357629 0.0342612 0.0324039 0.0302101 0.0277323 0.0250216 0.0221101 0.0190464 0.0159007 0.0127088 0.00953723 0.00638339 0.00331281 0.000329556 -0.00251197 -0.00520061 -0.00776821 -0.0102106 -0.012527 -0.014727 -0.0168278 -0.0188776 -0.0209227 -0.0229687 -0.0250499 -0.0271559 -0.0293543 -0.0316242 -0.0339625 -0.0363616 -0.0387788 -0.0411962 -0.0435273 -0.0457322 -0.0477359 -0.0494821 -0.050896 -0.0518954 -0.0524276 -0.0524621 -0.0519833 -0.0509791 -0.0494724 -0.0474975 -0.0451118 -0.0423673 -0.0393553 -0.0361718 -0.0329101 -0.0296563 -0.0264819 -0.02347 -0.0206759 -0.0181514 -0.0159375 -0.0140704 -0.0125775 -0.0114633 -0.0107356 
