0 0 0 0 0 0 0 0 0 0 0 0 0 0 0 0 0 0 0 0 0 0 0 0 0 0 0 0 0 0 0 0 0 0 0 0 0 0 0 0 0 0 0 0 0 0 0 0 0 0 0 0 0 0 0 0 0 0 0 0 0 0 0 0 0 0 0 0 0 0 0 0 0 0 0 0 0 0 0 0 0 0 0 0 0 0 0 0 0 0 0 0 0 0 0 0 0 0 0 0 0 0 0 0 0 0 0 0 0 0 0 0 0 0 0 0 0 0 0 0 0 0 0 0 0 0 0 0 0 0 0 0 0 0 0 0 0 0 0 0 0 0 0 0 0 0 0 0 0 0 0 0 0 0 0 0 0 0 0 0 0 0 0 0 0 0 0 0 0 0 0 0 0 0 0 0 0 0 0 0 0 0 0 0 0 0 0 0 0 0 0 0 0 0 0 0 0 0 0 0 
0 1.18089e-05 1.41814e-05 1.46339e-05 2.05972e-05 2.67093e-05 2.65435e-05 2.52399e-05 3.13671e-05 3.33586e-05 2.86485e-05 2.42048e-05 3.04591e-05 4.0304e-05 3.83734e-05 4.22751e-05 4.80862e-05 5.8495e-05 6.10025e-05 6.15111e-05 7.4568e-05 7.59564e-05 8.41177e-05 8.4486e-05 9.15548e-05 0.000104031 0.000115685 0.000145531 0.000167146 0.000207788 0.000264825 0.000335738 0.000417708 0.000512212 0.000634955 0.000782504 0.000951008 0.00115293 0.00139125 0.00166013 0.0019885 0.00235215 0.0027654 0.00321521 0.00370676 0.00423216 0.00475836 0.00528704 0.00578944 0.00625644 0.00667932 0.00705584 0.00735078 0.00757062 0.00769164 0.00770967 0.00761342 0.00740523 0.00707584 0.0066276 0.00607328 0.00541015 0.0046509 0.00378277 0.00282029 0.0017506 0.000600278 -0.000604157 -0.00181747 -0.00300705 -0.00409769 -0.00507781 -0.00590028 -0.00653671 -0.00698621 -0.00723931 -0.0072845 -0.00716095 -0.00687853 -0.00646443 -0.00597765 -0.00544257 -0.0048919 -0.00435316 -0.00383639 -0.00334457 -0.00290073 -0.00248841 -0.00211758 -0.0017993 -0.00154553 -0.00132081 -0.00113145 -0.00097356 -0.000843192 -0.000713396 -0.000601197 -0.000492682 -0.000397858 -0.000313275 -0.000255868 -0.000199279 -0.000143221 -7.76145e-05 -1.38232e-05 6.50614e-05 0.000131107 0.000190517 0.000246666 0.000306686 0.000342075 0.000377692 0.000422218 0.000475506 0.000517894 0.000569441 0.00061522 0.000660568 0.000718419 0.000796449 0.000901968 0.00106953 0.00128756 0.00156079 0.00190838 0.00230402 0.00274378 0.00321907 0.00368557 0.0041052 0.00445195 0.00465018 0.00468175 0.00450914 0.00411918 0.0035089 0.00271479 0.00174985 0.000674389 -0.000471176 -0.00162905 -0.0027607 -0.00380821 -0.00473684 -0.0055139 -0.00611329 -0.0065348 -0.00678209 -0.00688737 -0.0068535 -0.00671295 -0.00647501 -0.0061525 -0.00575614 -0.00532436 -0.00484523 -0.00435237 -0.0038576 -0.00336976 -0.00291791 -0.00249741 -0.00213025 -0.00179465 -0.0014995 -0.00125172 -0.00104294 -0.000862401 -0.000717395 -0.000589212 -0.000486187 -0.000407604 -0.000346325 -0.000304264 -0.00025579 -0.000233465 -0.000214772 -0.000199111 -0.000188575 -0.00018055 -0.000187938 -0.000187317 -0.000191447 -0.000192007 -0.000190976 -0.000193145 -0.000195595 -0.000196882 -0.000190788 -0.000187724 -0.000186699 -0.000182773 -0.000173422 -0.000171897 -0.00017641 -0.000175897 -0.000171143 -0.000170329 -0.000179839 -0.000182902 -0.000183139 
0 1.41814e-05 1.50895e-05 1.16994e-05 2.50794e-05 3.52076e-05 3.74607e-05 3.82957e-05 5.17277e-05 6.70578e-05 5.96438e-05 6.30917e-05 7.53996e-05 9.36775e-05 9.45587e-05 8.93522e-05 0.00010949 0.000115342 0.000122969 0.000122574 0.000136937 0.000155571 0.00015749 0.00017779 0.000190162 0.000218604 0.000254274 0.000299054 0.000353465 0.000420158 0.000531947 0.000671125 0.000832211 0.00102758 0.00128377 0.00158466 0.00194022 0.00235658 0.00283832 0.00340106 0.00404636 0.00479037 0.00560489 0.00649212 0.00746482 0.00848256 0.0095144 0.0105456 0.0115236 0.0124378 0.0132713 0.0139896 0.0145741 0.0149729 0.0151903 0.0152027 0.0149846 0.0145671 0.0139241 0.0130507 0.0119875 0.0107121 0.0092247 0.00754587 0.00564442 0.00354418 0.001283 -0.00108623 -0.00348334 -0.00581395 -0.00799149 -0.00993923 -0.0115857 -0.0128777 -0.0137897 -0.0143018 -0.0144223 -0.0141952 -0.0136545 -0.0128819 -0.0119423 -0.0108923 -0.00980173 -0.00872631 -0.00768433 -0.00671665 -0.00581861 -0.00501074 -0.00430771 -0.0036858 -0.00312769 -0.00267371 -0.00230132 -0.00197221 -0.00167627 -0.00142763 -0.00120117 -0.000998516 -0.000827935 -0.000676753 -0.000519238 -0.000380143 -0.000254545 -0.000126985 4.56017e-06 0.000127328 0.000263234 0.0004007 0.000512691 0.000602009 0.000713226 0.000821992 0.000913509 0.00100192 0.00109489 0.00117745 0.00126509 0.00135318 0.00147003 0.00163036 0.00185114 0.0021533 0.00256262 0.00308711 0.00374334 0.00450943 0.00537129 0.00628595 0.00718628 0.00800556 0.00865766 0.00905441 0.0091228 0.00879727 0.00804868 0.006873 0.00529994 0.00341741 0.00128977 -0.000962258 -0.0032257 -0.0054356 -0.00748009 -0.0092813 -0.0108128 -0.012 -0.0128415 -0.0133711 -0.0135917 -0.0135578 -0.0132958 -0.0128352 -0.0122056 -0.0114357 -0.0105778 -0.00965272 -0.00868059 -0.00771068 -0.00676377 -0.0058601 -0.00504563 -0.00430896 -0.00364622 -0.00306 -0.00256097 -0.00213908 -0.00177737 -0.00147305 -0.00121529 -0.00100146 -0.000830566 -0.000715696 -0.000610656 -0.000529232 -0.000476682 -0.000442851 -0.000422251 -0.000388491 -0.000383802 -0.000378997 -0.00037626 -0.000375887 -0.000367119 -0.000367896 -0.000363919 -0.00037253 -0.000374256 -0.000366421 -0.000367525 -0.000373188 -0.000372752 -0.000363083 -0.000362198 -0.000373503 -0.000373616 -0.000360805 -0.000361274 -0.000370128 -0.000372682 -0.000361855 
0 1.46339e-05 1.16994e-05 1.03338e-05 2.6918e-05 4.5452e-05 4.7784e-05 4.97552e-05 7.46053e-05 9.44796e-05 9.82662e-05 0.000100155 0.000122786 0.000147812 0.000141121 0.000146316 0.000159917 0.00018304 0.000186552 0.000185224 0.000215079 0.00022356 0.000248408 0.00026164 0.000292741 0.000339726 0.000387523 0.000476207 0.000549474 0.000669283 0.000838136 0.00105098 0.00130341 0.00160423 0.00199321 0.00246268 0.00300377 0.00364547 0.00439519 0.00524081 0.00624211 0.00734193 0.00856069 0.00986664 0.0112712 0.0127529 0.0142371 0.0157237 0.0171426 0.0184638 0.0196546 0.0206923 0.0214836 0.0220313 0.022289 0.0222559 0.0219205 0.0213019 0.0203789 0.0191498 0.0176326 0.0158053 0.0136845 0.0112401 0.00850392 0.00545756 0.00217157 -0.00128011 -0.00478105 -0.0082364 -0.011453 -0.0143718 -0.0168543 -0.0188065 -0.0202076 -0.0210307 -0.0212578 -0.0209916 -0.0202704 -0.0191703 -0.0178328 -0.0163245 -0.014734 -0.0131453 -0.0116065 -0.0101499 -0.0088394 -0.00764355 -0.00657586 -0.00564505 -0.00486347 -0.004152 -0.00353015 -0.003002 -0.00256987 -0.00218035 -0.00186165 -0.0015668 -0.00129919 -0.00103853 -0.000818572 -0.0005934 -0.000376738 -0.000159622 2.90147e-05 0.000232935 0.000407688 0.000581177 0.000769355 0.000984504 0.00115383 0.00131402 0.00147169 0.00162482 0.00173902 0.00186853 0.00199335 0.00213014 0.00230594 0.0025312 0.00281989 0.0032515 0.00381277 0.00452938 0.00545591 0.00653553 0.00775125 0.00906486 0.0103542 0.0115141 0.0124666 0.0130262 0.0131332 0.0126823 0.0116217 0.00993057 0.00768829 0.00494484 0.00186767 -0.00140586 -0.00470331 -0.00790668 -0.0108654 -0.0134917 -0.0157126 -0.0174639 -0.0187407 -0.0195484 -0.0199488 -0.0199466 -0.0196148 -0.0189811 -0.0180874 -0.016977 -0.0157529 -0.0144029 -0.0130085 -0.0116046 -0.0102158 -0.00891152 -0.00769113 -0.00660402 -0.005604 -0.00471401 -0.00395413 -0.00330594 -0.00274534 -0.00228632 -0.00188603 -0.00156075 -0.00130792 -0.00111091 -0.000966258 -0.000820285 -0.000745551 -0.000690316 -0.000646079 -0.000610906 -0.00058053 -0.000581192 -0.000564035 -0.000559413 -0.000550393 -0.000541463 -0.000542374 -0.000546223 -0.000548729 -0.000538332 -0.000541898 -0.000556282 -0.000562676 -0.00055306 -0.0005574 -0.000573266 -0.000573426 -0.000558903 -0.000552532 -0.00056649 -0.000560433 -0.00054125 
0 2.05972e-05 2.50794e-05 2.6918e-05 5.43035e-05 7.47778e-05 7.7383e-05 7.76325e-05 9.9814e-05 0.000127592 0.000124705 0.000133313 0.000155185 0.00018208 0.000183188 0.000180482 0.000214722 0.000233306 0.000247286 0.000250784 0.000278496 0.000312795 0.00033043 0.000371516 0.000410818 0.000477662 0.000562034 0.000671255 0.000800167 0.000963567 0.00120459 0.00150253 0.00185139 0.00227249 0.00281115 0.00344808 0.00419625 0.00506947 0.00607723 0.00723839 0.0085572 0.0100377 0.0116347 0.0133395 0.0151633 0.0170503 0.0189455 0.0208243 0.0226045 0.0242553 0.0257364 0.0269841 0.0279479 0.0285586 0.0288236 0.0287277 0.0282568 0.0274585 0.0262996 0.0247609 0.0228784 0.0206066 0.0179344 0.0148764 0.0113997 0.0075337 0.00334324 -0.00108167 -0.00560925 -0.0100785 -0.0143188 -0.0181785 -0.0215014 -0.0241635 -0.0261011 -0.027271 -0.0276878 -0.0274337 -0.0265812 -0.0252624 -0.0235993 -0.0216915 -0.0196615 -0.0176145 -0.0156086 -0.013721 -0.0119742 -0.010397 -0.00900672 -0.00776819 -0.00665642 -0.00570691 -0.00489691 -0.00418305 -0.00355671 -0.00302956 -0.00256844 -0.00215828 -0.00179948 -0.00146436 -0.00112185 -0.000801563 -0.000505828 -0.000218749 5.67135e-05 0.0003156 0.000588225 0.000870735 0.00113497 0.001384 0.00165517 0.00191493 0.00213699 0.00233548 0.00251979 0.00268663 0.00285664 0.00302961 0.00324066 0.00350877 0.00385734 0.00433295 0.00498227 0.00584044 0.00694821 0.00827803 0.00979699 0.011426 0.0130348 0.0144969 0.0156669 0.0163878 0.0165343 0.0159888 0.0146803 0.0125843 0.00974585 0.00629716 0.00238045 -0.00178367 -0.00597971 -0.0100642 -0.0138464 -0.0172019 -0.0200756 -0.0223633 -0.0240551 -0.0251887 -0.0257689 -0.025861 -0.0255083 -0.0247607 -0.0236757 -0.0223176 -0.0207845 -0.0191145 -0.017352 -0.0155675 -0.0137969 -0.0120837 -0.0104975 -0.009038 -0.00770351 -0.00650754 -0.00547316 -0.00458886 -0.00382866 -0.00318903 -0.00264605 -0.00219557 -0.00183379 -0.00156808 -0.00133663 -0.00114917 -0.00102351 -0.00094031 -0.000883682 -0.000817967 -0.000792066 -0.000773277 -0.000759806 -0.000754214 -0.000742007 -0.000742329 -0.000738127 -0.000748399 -0.000746599 -0.000732278 -0.000734174 -0.000746311 -0.000747878 -0.000731827 -0.000728861 -0.000743604 -0.000743422 -0.000726062 -0.000727047 -0.000742437 -0.000744591 -0.000725977 
0 2.67093e-05 3.52076e-05 4.5452e-05 7.47778e-05 0.000101061 0.000103647 0.000104731 0.000130653 0.000154606 0.000158181 0.00016131 0.000187403 0.00021683 0.000217934 0.00023026 0.000261804 0.000297541 0.000311994 0.000321683 0.000363535 0.000396534 0.000438225 0.000479003 0.000539702 0.000628763 0.000739255 0.000901851 0.00107938 0.00132181 0.00164611 0.00204276 0.00250814 0.00306345 0.00375701 0.00458579 0.00554663 0.00666864 0.00796283 0.00942564 0.0110946 0.0129177 0.0148808 0.016949 0.019124 0.0213661 0.0235947 0.0257841 0.0278495 0.0297397 0.0314033 0.0327898 0.0338035 0.0344269 0.0346385 0.0344476 0.0338595 0.0329038 0.0315532 0.0297915 0.0276232 0.0250091 0.0219414 0.018387 0.0143496 0.0098175 0.00486286 -0.000412309 -0.00585207 -0.0112883 -0.01647 -0.0212412 -0.0253933 -0.0287651 -0.0312811 -0.0328862 -0.0335663 -0.033429 -0.0325531 -0.0310664 -0.0291508 -0.0269308 -0.0245426 -0.0221099 -0.0197138 -0.0174179 -0.0152914 -0.0133331 -0.0115669 -0.0100035 -0.00864821 -0.00744403 -0.00639249 -0.00548175 -0.00469876 -0.00399858 -0.00339007 -0.00283518 -0.00233542 -0.00187238 -0.00145992 -0.0010624 -0.000678263 -0.000292374 7.77599e-05 0.000461891 0.000829176 0.00119296 0.00156037 0.00193708 0.00227483 0.0025956 0.00290211 0.00319191 0.00343828 0.00367253 0.00388079 0.00407641 0.0042904 0.00454462 0.00487429 0.00536804 0.00604928 0.00696736 0.00818528 0.00966082 0.011364 0.0132228 0.015077 0.016771 0.0181581 0.0190124 0.0192096 0.0186049 0.0171089 0.0146885 0.0114172 0.0073933 0.00282738 -0.00205701 -0.00701004 -0.0118374 -0.0163278 -0.0203423 -0.0237836 -0.0265637 -0.0286663 -0.0301055 -0.0309294 -0.0311603 -0.0308695 -0.0301004 -0.0289147 -0.0273904 -0.0256491 -0.0237149 -0.0216709 -0.0195716 -0.0174582 -0.0154085 -0.0134591 -0.0116593 -0.00998743 -0.0084761 -0.00715745 -0.00601855 -0.0050363 -0.00421294 -0.00350761 -0.00292513 -0.00245946 -0.0020915 -0.00179375 -0.0015291 -0.00135478 -0.00122924 -0.00113278 -0.00105405 -0.000999364 -0.000980146 -0.000958548 -0.000952251 -0.0009447 -0.000938549 -0.000939778 -0.000944132 -0.000941288 -0.000924437 -0.000922601 -0.000933278 -0.000930601 -0.000910358 -0.000906118 -0.0009195 -0.000919144 -0.000904645 -0.000905441 -0.000926057 -0.000927989 -0.000912338 
0 2.65435e-05 3.74607e-05 4.7784e-05 7.7383e-05 0.000103647 0.000112434 0.000122183 0.00015234 0.000183476 0.000191876 0.000203293 0.000233192 0.0002655 0.000275962 0.000288953 0.000325595 0.000358494 0.000376646 0.000393209 0.000437572 0.000490008 0.000543766 0.000610812 0.000697132 0.000818785 0.00097641 0.00118367 0.00143044 0.00174674 0.00216074 0.00266449 0.00325789 0.00396966 0.00484737 0.0058894 0.00709932 0.00849425 0.010083 0.0118696 0.0138595 0.0160195 0.0183071 0.0206941 0.023172 0.0256901 0.0281749 0.0305792 0.0328183 0.0348352 0.0365766 0.0379804 0.0389778 0.0395339 0.0396527 0.0393454 0.0386264 0.0375272 0.036028 0.0341074 0.0317662 0.028957 0.0256431 0.0217842 0.0173402 0.0122995 0.00672234 0.000723224 -0.00552384 -0.0118019 -0.0178567 -0.0234711 -0.0284197 -0.0325167 -0.0356503 -0.0377429 -0.0387827 -0.0388488 -0.0380399 -0.0365092 -0.0344407 -0.031991 -0.0293235 -0.0265767 -0.0238454 -0.0212082 -0.0187238 -0.016422 -0.0143313 -0.0124538 -0.0107901 -0.0093325 -0.00806448 -0.00694928 -0.00596248 -0.00508313 -0.00429737 -0.00358572 -0.00294894 -0.00236754 -0.00182763 -0.00131945 -0.000832129 -0.000344185 0.000143161 0.000638603 0.00113771 0.00163345 0.00211115 0.00257376 0.00302111 0.00345202 0.00385484 0.00422602 0.00455147 0.00483124 0.00505866 0.00524175 0.00541467 0.00561421 0.00588807 0.00631472 0.00694819 0.00784684 0.00906275 0.010581 0.0123679 0.0143432 0.0163525 0.0182272 0.0197778 0.0207801 0.0210565 0.0204466 0.0188433 0.0162128 0.012618 0.00819259 0.00314385 -0.00227183 -0.00779029 -0.0131927 -0.0182519 -0.0228062 -0.0267459 -0.029972 -0.0324586 -0.0342283 -0.0353097 -0.0357454 -0.0355881 -0.0348856 -0.0337005 -0.0321196 -0.0302551 -0.0281612 -0.0259091 -0.0235664 -0.0211864 -0.0188385 -0.0165881 -0.014469 -0.0124871 -0.0106743 -0.00906643 -0.00766219 -0.00644386 -0.00540608 -0.00452006 -0.0037809 -0.00318213 -0.00270713 -0.00231142 -0.00198047 -0.00174032 -0.00156687 -0.0014335 -0.00132075 -0.00124607 -0.00120134 -0.00116943 -0.00115051 -0.00113311 -0.00112196 -0.00111698 -0.00112175 -0.0011189 -0.00110729 -0.0011094 -0.00112172 -0.00112112 -0.0011046 -0.00110297 -0.00111726 -0.00111698 -0.00110105 -0.00109956 -0.00111401 -0.00111418 -0.00109777 
0 2.52399e-05 3.82957e-05 4.97552e-05 7.76325e-05 0.000104731 0.000122183 0.000142389 0.000176276 0.000211826 0.000227237 0.000247208 0.000280813 0.00031451 0.000333626 0.000348749 0.000387139 0.00041978 0.00044482 0.000472988 0.000522111 0.000593188 0.000664297 0.000761421 0.000883373 0.00104862 0.00126535 0.00153093 0.00186067 0.0022679 0.00278765 0.00341704 0.00416089 0.00505379 0.00613622 0.00741294 0.00888893 0.0105694 0.012458 0.0145609 0.0168549 0.0193179 0.0218877 0.0245398 0.0272514 0.0299644 0.0326125 0.0351254 0.0374269 0.0394554 0.0411621 0.0424835 0.043378 0.0438066 0.0437921 0.0433508 0.0425096 0.0412979 0.0397081 0.0377194 0.0353185 0.0324518 0.0290476 0.0250451 0.0203612 0.014976 0.00893198 0.00235336 -0.00457171 -0.0115855 -0.0184276 -0.0248252 -0.0305358 -0.0353499 -0.0391193 -0.0417472 -0.043218 -0.0435818 -0.0429492 -0.0414854 -0.039374 -0.0368013 -0.0339461 -0.0309609 -0.0279592 -0.0250388 -0.0222552 -0.0196589 -0.0172781 -0.0151196 -0.0131738 -0.0114519 -0.0099288 -0.00857669 -0.00737169 -0.00630627 -0.00534514 -0.00447572 -0.00368467 -0.00295764 -0.00226598 -0.00161339 -0.000982191 -0.000359513 0.000264063 0.000880388 0.00150605 0.00213247 0.00274885 0.0033457 0.00393418 0.00449038 0.00499998 0.00545108 0.00583587 0.00613403 0.00634959 0.00648728 0.00657933 0.00666986 0.00682176 0.00710644 0.00760429 0.00838402 0.00949431 0.0109494 0.0127187 0.0147203 0.0168119 0.0188144 0.0205044 0.0216568 0.0220452 0.0214931 0.0198743 0.0171535 0.0133832 0.00872223 0.0033746 -0.00238406 -0.0082881 -0.0140971 -0.0195823 -0.0245629 -0.0289136 -0.0325302 -0.0353759 -0.0374742 -0.0388432 -0.039537 -0.0395912 -0.0390528 -0.037977 -0.0364521 -0.0345713 -0.0324154 -0.0300461 -0.0275409 -0.0249664 -0.022387 -0.0198852 -0.0174856 -0.0152177 -0.0131136 -0.0112134 -0.00952973 -0.00805725 -0.00678411 -0.00569687 -0.00478186 -0.00403186 -0.00342945 -0.00292187 -0.00251072 -0.00219204 -0.00195802 -0.00177606 -0.00162379 -0.00151987 -0.00144447 -0.00139612 -0.00135972 -0.00133012 -0.00131095 -0.00129969 -0.00130166 -0.00129756 -0.00129032 -0.00129437 -0.00130688 -0.00130905 -0.00129995 -0.00130214 -0.00131681 -0.00131814 -0.00130364 -0.00129973 -0.00130557 -0.00130212 -0.00128486 
0 3.13671e-05 5.17277e-05 7.46053e-05 9.9814e-05 0.000130653 0.00015234 0.000176276 0.000209523 0.000235462 0.000260067 0.000278674 0.000315006 0.000348133 0.000369825 0.000400395 0.000431937 0.000481384 0.000516825 0.000564255 0.000632586 0.000712569 0.000822188 0.000943126 0.00111538 0.00133475 0.00161362 0.00196173 0.0023801 0.00290631 0.00355274 0.00433361 0.00525915 0.00636268 0.00766836 0.00920179 0.0109464 0.0129103 0.0150923 0.0174739 0.0200535 0.0227641 0.0255744 0.0284377 0.0313092 0.0341416 0.036854 0.0393637 0.0416134 0.0435354 0.0450894 0.0462444 0.0469431 0.0472025 0.0470206 0.0464377 0.045502 0.044225 0.0426154 0.0406636 0.0383123 0.0355066 0.0321542 0.0281305 0.0233626 0.0177882 0.01144 0.00444185 -0.00300529 -0.0106487 -0.0181765 -0.0253042 -0.0317474 -0.0372621 -0.0416697 -0.0448631 -0.0467979 -0.0475294 -0.0471716 -0.0458712 -0.0438332 -0.041256 -0.0383161 -0.0351807 -0.0319938 -0.0288488 -0.025842 -0.023008 -0.0203696 -0.0179575 -0.015782 -0.0137936 -0.011996 -0.010397 -0.00897846 -0.0076965 -0.00655227 -0.00551268 -0.00454382 -0.00363015 -0.00277909 -0.00195015 -0.00113916 -0.000350299 0.00042044 0.00119915 0.00196529 0.00272835 0.0035065 0.0042912 0.00502346 0.00570464 0.0063259 0.0068541 0.00726113 0.00755499 0.00771809 0.00777077 0.00773649 0.00765426 0.00759506 0.0076553 0.00791208 0.00846112 0.00937697 0.0106818 0.0123576 0.0143292 0.0164497 0.018525 0.0203379 0.021625 0.0221585 0.0217355 0.0202102 0.0175314 0.0137602 0.00902008 0.00355704 -0.00237283 -0.00850128 -0.0145577 -0.0203277 -0.0256251 -0.0302885 -0.0342341 -0.0374117 -0.0398141 -0.0414983 -0.0424779 -0.0428076 -0.0425207 -0.0416606 -0.040308 -0.0385413 -0.0364294 -0.0340545 -0.0314772 -0.0287755 -0.0260414 -0.0233238 -0.0206926 -0.0181649 -0.0157887 -0.0136084 -0.0116436 -0.00990603 -0.00838653 -0.0070742 -0.0059617 -0.00504173 -0.00427531 -0.00364786 -0.00312292 -0.00271411 -0.00240092 -0.00214942 -0.00196157 -0.00180878 -0.00171189 -0.00163991 -0.00158814 -0.00155366 -0.00152329 -0.00151542 -0.00150781 -0.00150192 -0.00149326 -0.00149031 -0.00149564 -0.00149272 -0.0014862 -0.00148601 -0.00149258 -0.00149162 -0.00148271 -0.00147925 -0.00148559 -0.00148469 -0.00147797 
0 3.33586e-05 6.70578e-05 9.44796e-05 0.000127592 0.000154606 0.000183476 0.000211826 0.000235462 0.000264536 0.000284601 0.00031661 0.000348169 0.000378908 0.000417141 0.000445049 0.000495442 0.000541791 0.000602174 0.000674506 0.000750459 0.000871375 0.000998599 0.0011777 0.00139801 0.00168058 0.00204786 0.00247274 0.00301654 0.00366993 0.00447057 0.00543137 0.00656525 0.00790554 0.0094676 0.0112609 0.0132917 0.0155341 0.0179788 0.0206336 0.0234277 0.0263585 0.0293392 0.0323427 0.0353058 0.0381537 0.0408291 0.0432302 0.0453085 0.0470175 0.0483359 0.0492164 0.0496841 0.0497084 0.0493438 0.0486291 0.0476192 0.0463354 0.0447942 0.042959 0.0407688 0.0381395 0.0349258 0.0310246 0.0262825 0.0206615 0.0141637 0.00690065 -0.000941416 -0.00905839 -0.0171936 -0.0249664 -0.0320843 -0.0382774 -0.043315 -0.0470612 -0.0495021 -0.050638 -0.0506023 -0.0495714 -0.0477055 -0.0452168 -0.0423023 -0.0391311 -0.0358472 -0.0325836 -0.0293997 -0.0263843 -0.023564 -0.0209405 -0.018493 -0.0162868 -0.0142846 -0.0124569 -0.0107862 -0.00929576 -0.00791898 -0.00666326 -0.00549609 -0.00440411 -0.00333048 -0.00230739 -0.00131409 -0.000345512 0.000629995 0.0015741 0.0025426 0.00351763 0.004471 0.00537648 0.00627733 0.00710166 0.00781231 0.00838027 0.00881002 0.00905354 0.00913045 0.0090364 0.00879681 0.00846758 0.00812782 0.00784407 0.00776526 0.00800579 0.00862957 0.00972306 0.0112579 0.0131414 0.0152499 0.0173841 0.0192747 0.0207232 0.0214333 0.0212089 0.0198864 0.0173985 0.0137521 0.0091204 0.00368338 -0.00226288 -0.00845536 -0.0146225 -0.0205443 -0.026025 -0.0309162 -0.0351179 -0.0385716 -0.0412877 -0.043265 -0.0445735 -0.0452172 -0.0452437 -0.0446883 -0.0436159 -0.0420614 -0.040126 -0.0378406 -0.0352877 -0.0325596 -0.0297168 -0.0268711 -0.0240415 -0.0213066 -0.0186979 -0.0162569 -0.0140276 -0.0120268 -0.0102407 -0.0086902 -0.00735395 -0.0062268 -0.00529128 -0.00449562 -0.00386251 -0.00333063 -0.00292107 -0.00259844 -0.00233736 -0.00215174 -0.00200131 -0.00191024 -0.00183563 -0.00178273 -0.00175352 -0.00173148 -0.00172432 -0.00170973 -0.00170032 -0.00169312 -0.00168529 -0.00167989 -0.00167364 -0.0016707 -0.00166845 -0.00166522 -0.00166255 -0.00166341 -0.00166649 -0.0016701 -0.00167206 
0 2.86485e-05 5.96438e-05 9.82662e-05 0.000124705 0.000158181 0.000191876 0.000227237 0.000260067 0.000284601 0.000328168 0.000362539 0.000401185 0.00043476 0.000474681 0.0005267 0.000564455 0.000630613 0.000700292 0.000794531 0.000902584 0.00103796 0.00122748 0.00144608 0.00173941 0.00210075 0.00255464 0.00310193 0.00377256 0.00459381 0.00557275 0.00673835 0.0081083 0.00971055 0.0115306 0.013607 0.0159088 0.0184214 0.021128 0.0239959 0.0270005 0.0300661 0.0331576 0.0362131 0.0391479 0.0419077 0.044428 0.0466088 0.048435 0.0498564 0.0508597 0.0514447 0.0516 0.0513828 0.0508138 0.0499712 0.0489343 0.0477058 0.0462973 0.0446823 0.0427315 0.0403552 0.0374011 0.0336929 0.0291106 0.0235634 0.0170368 0.00962656 0.00152838 -0.00699008 -0.0155951 -0.0239215 -0.0316293 -0.0384193 -0.0440385 -0.0483536 -0.0512965 -0.0528872 -0.053243 -0.0525078 -0.0508761 -0.048575 -0.0457818 -0.0426755 -0.039418 -0.036116 -0.0328677 -0.0297288 -0.0267325 -0.0239371 -0.0213578 -0.018953 -0.0167214 -0.0146856 -0.0128219 -0.0110825 -0.00947099 -0.00797675 -0.00655489 -0.00521037 -0.00395401 -0.00272783 -0.00151241 -0.000319785 0.000873315 0.00207733 0.00326067 0.00441959 0.00557141 0.00668977 0.00770744 0.00861051 0.0093941 0.0100055 0.0104056 0.0105761 0.0104963 0.0101833 0.00966156 0.0089819 0.00825169 0.00758293 0.00710594 0.00695938 0.00725029 0.00805412 0.0093775 0.0111424 0.0132202 0.0153959 0.0174252 0.0190452 0.0199914 0.0200342 0.0189986 0.0167947 0.0134344 0.00901881 0.00377342 -0.00205159 -0.00818808 -0.01433 -0.0202807 -0.025842 -0.030844 -0.035224 -0.0389205 -0.0418996 -0.0442131 -0.0458543 -0.0468589 -0.0472501 -0.0470515 -0.0463191 -0.0450724 -0.0433818 -0.041301 -0.0388785 -0.036207 -0.0333828 -0.0304562 -0.0275211 -0.0246235 -0.02182 -0.0191559 -0.0166721 -0.01441 -0.0123599 -0.0105494 -0.00897333 -0.00762932 -0.00647976 -0.00552875 -0.00473879 -0.00408569 -0.00356056 -0.00313308 -0.00281115 -0.00254301 -0.00235284 -0.00221049 -0.00210098 -0.00202721 -0.00196889 -0.00194253 -0.00191328 -0.00189816 -0.0018908 -0.00188305 -0.00187809 -0.00187358 -0.00187913 -0.00187816 -0.00187183 -0.00186943 -0.00187298 -0.00187194 -0.00186628 -0.00186221 -0.00186346 
0 2.42048e-05 6.30917e-05 0.000100155 0.000133313 0.00016131 0.000203293 0.000247208 0.000278674 0.00031661 0.000362539 0.00041458 0.000451012 0.000486895 0.000545702 0.000599502 0.000655794 0.000718044 0.000812417 0.000934704 0.00106595 0.0012569 0.00149212 0.00179518 0.00216758 0.00262644 0.0032021 0.00387432 0.00471047 0.00570815 0.00688821 0.00828077 0.00990509 0.011778 0.0138796 0.0162206 0.0187943 0.0215539 0.0244728 0.0275351 0.0306594 0.033815 0.0369237 0.0399338 0.0427524 0.0453142 0.0475806 0.0494635 0.0509509 0.0520212 0.0526753 0.0529011 0.0527606 0.0522817 0.0515361 0.0506074 0.0495754 0.0484476 0.0472364 0.045879 0.0442475 0.0422154 0.0395858 0.0361911 0.0318392 0.0264446 0.0199711 0.0125006 0.00422291 -0.00454943 -0.0135261 -0.0222789 -0.0304676 -0.0377834 -0.0439405 -0.0487701 -0.0522214 -0.054262 -0.0550133 -0.0546424 -0.0533124 -0.0512496 -0.0486568 -0.0457072 -0.0425485 -0.0393101 -0.0360639 -0.0329015 -0.0298618 -0.0269686 -0.0242199 -0.0216782 -0.0193093 -0.0170842 -0.0149874 -0.0130316 -0.0111681 -0.00941954 -0.00775765 -0.00617951 -0.00464237 -0.00315571 -0.00169616 -0.000256404 0.00120146 0.00263438 0.00407273 0.0054873 0.00683328 0.0080747 0.00923729 0.0102499 0.0110719 0.0116555 0.0119811 0.011992 0.0116908 0.0110737 0.0101784 0.00908897 0.00791981 0.00677536 0.0058443 0.00527851 0.00517718 0.00566942 0.00675806 0.00837147 0.0104093 0.0126588 0.0148346 0.0167127 0.0179616 0.0183474 0.0176804 0.0158526 0.012839 0.0087722 0.00381507 -0.00176278 -0.00770159 -0.0137108 -0.0195802 -0.0251153 -0.0301629 -0.0346537 -0.0385298 -0.0417708 -0.0443744 -0.0463706 -0.0477424 -0.0485207 -0.0487244 -0.0483871 -0.0475064 -0.0461627 -0.0443685 -0.0421787 -0.0396835 -0.0369441 -0.0340539 -0.031066 -0.028079 -0.0251374 -0.0222842 -0.0195835 -0.0170736 -0.0147565 -0.0126819 -0.0108448 -0.00924764 -0.00787687 -0.00671655 -0.00577164 -0.00496344 -0.00430793 -0.00377763 -0.00335265 -0.00301926 -0.00274917 -0.00255732 -0.0024016 -0.00228852 -0.00221474 -0.00215956 -0.00212216 -0.00209717 -0.00209302 -0.00208823 -0.00207616 -0.00207719 -0.00208464 -0.00208497 -0.00207248 -0.00206868 -0.00207801 -0.00207423 -0.00206155 -0.00205374 -0.00205795 
0 3.04591e-05 7.53996e-05 0.000122786 0.000155185 0.000187403 0.000233192 0.000280813 0.000315006 0.000348169 0.000401185 0.000451012 0.000487164 0.000526298 0.000593581 0.000670377 0.000736116 0.000823891 0.000948908 0.00111151 0.00129344 0.00153244 0.0018441 0.00222477 0.00269408 0.00326544 0.00397043 0.00480641 0.00582628 0.00703966 0.00845504 0.0101036 0.0120036 0.0141586 0.0165254 0.0191211 0.0219228 0.024887 0.0279777 0.0311549 0.0343505 0.0374979 0.0405378 0.0434032 0.0459991 0.0482763 0.0502098 0.0517268 0.0528336 0.0535156 0.0537823 0.053655 0.0531982 0.0524914 0.0516035 0.0506358 0.0496699 0.048705 0.047736 0.0466993 0.0454304 0.0437815 0.0415394 0.0384875 0.0344277 0.0292438 0.0228866 0.0154307 0.00707719 -0.00187763 -0.0111039 -0.0201845 -0.0287571 -0.0364978 -0.0431052 -0.0484053 -0.0523095 -0.0547917 -0.0559534 -0.0559467 -0.0549468 -0.0531849 -0.0508486 -0.0481147 -0.0451376 -0.0420401 -0.0389035 -0.035802 -0.0327781 -0.0298776 -0.0271019 -0.0244573 -0.0219304 -0.0195344 -0.0172613 -0.0150942 -0.0130152 -0.0110331 -0.00910548 -0.00723944 -0.00542869 -0.00364718 -0.00188105 -0.000145825 0.00158524 0.00328994 0.00495925 0.00657718 0.00812746 0.00956359 0.0108427 0.0119036 0.0127186 0.0132309 0.0133995 0.0131804 0.0125689 0.0115764 0.010249 0.00867417 0.00699458 0.00534935 0.00393097 0.00290892 0.0024155 0.00257711 0.00342776 0.00491164 0.00693528 0.00928406 0.0116803 0.0138533 0.0154728 0.0162678 0.0160347 0.0146498 0.0120848 0.00843941 0.00388252 -0.00135142 -0.00700918 -0.0127983 -0.0185183 -0.0239673 -0.0289896 -0.0335281 -0.037531 -0.0409635 -0.0438433 -0.0461629 -0.0479107 -0.0490967 -0.0497275 -0.0498215 -0.0493653 -0.0484195 -0.0469978 -0.0451334 -0.042901 -0.0403628 -0.0375765 -0.0346283 -0.0316079 -0.0285771 -0.0255858 -0.0226996 -0.0199727 -0.0174151 -0.0150853 -0.0129899 -0.0111333 -0.00950662 -0.00812376 -0.00697102 -0.00598765 -0.00517418 -0.00451058 -0.00398402 -0.00355396 -0.00321513 -0.00295755 -0.00275455 -0.00260767 -0.00250286 -0.00242722 -0.00236266 -0.00232587 -0.00231424 -0.00229964 -0.00227761 -0.00226995 -0.00227856 -0.00227572 -0.00225964 -0.00225755 -0.00227175 -0.00226944 -0.00225277 -0.00224699 -0.00225772 
0 4.0304e-05 9.36775e-05 0.000147812 0.00018208 0.00021683 0.0002655 0.00031451 0.000348133 0.000378908 0.00043476 0.000486895 0.000526298 0.000572969 0.00065268 0.000751369 0.000837622 0.00095603 0.00112201 0.00133331 0.00157511 0.00187752 0.00227525 0.00275371 0.0033375 0.00404278 0.00490072 0.00592492 0.00715407 0.00860543 0.0102769 0.0121971 0.0143801 0.0168123 0.0194383 0.0222658 0.0252667 0.0283922 0.0315952 0.0348166 0.0379921 0.0410393 0.0439118 0.0465386 0.0488332 0.0507598 0.0523021 0.0534096 0.0540926 0.0543547 0.0542191 0.0537405 0.0530009 0.0521105 0.0511401 0.0501927 0.0493399 0.0485781 0.0478895 0.0472001 0.046328 0.0450905 0.043253 0.0405614 0.0368074 0.0318561 0.0256594 0.0182856 0.0099407 0.00090699 -0.00846937 -0.0177807 -0.0266444 -0.0347202 -0.0416917 -0.0473708 -0.051652 -0.0545146 -0.056051 -0.0564073 -0.0557567 -0.0543157 -0.0522722 -0.0498026 -0.047063 -0.0441729 -0.0412234 -0.0382785 -0.0353727 -0.0325328 -0.0297694 -0.027089 -0.0244902 -0.0219787 -0.0195558 -0.0172034 -0.0149197 -0.0127039 -0.0105213 -0.00836735 -0.00624785 -0.00414056 -0.00205389 -5.78122e-06 0.00201426 0.00399385 0.00591184 0.00775128 0.00947842 0.0110494 0.0124095 0.013496 0.0142537 0.0146211 0.0145529 0.0140232 0.0130275 0.0115909 0.00977211 0.00767327 0.00544601 0.0032588 0.00132296 -0.000164329 -0.00104061 -0.00117321 -0.000514986 0.000886359 0.00293567 0.00541835 0.00806285 0.0105725 0.0126125 0.0138785 0.0141479 0.0132718 0.0112145 0.00805317 0.00395527 -0.000869227 -0.00617177 -0.0116776 -0.0171863 -0.0224971 -0.0274528 -0.0319928 -0.0360672 -0.039637 -0.0427273 -0.0453204 -0.0474085 -0.048988 -0.050056 -0.0506043 -0.0506122 -0.0501137 -0.049121 -0.0476516 -0.0457631 -0.0435075 -0.0409198 -0.0380976 -0.0351282 -0.0320842 -0.0290201 -0.0260061 -0.0231025 -0.0203358 -0.0177677 -0.015418 -0.0132937 -0.0113972 -0.00976526 -0.00837822 -0.00719216 -0.00619637 -0.00537939 -0.00472627 -0.00418561 -0.00375771 -0.00342002 -0.00315662 -0.00296412 -0.00282405 -0.00271961 -0.0026277 -0.00257347 -0.00255001 -0.00252415 -0.00248992 -0.00247331 -0.00247747 -0.00246923 -0.00244716 -0.00244315 -0.00245892 -0.00245717 -0.002441 -0.00244067 -0.00246087 
0 3.83734e-05 9.45587e-05 0.000141121 0.000183188 0.000217934 0.000275962 0.000333626 0.000369825 0.000417141 0.000474681 0.000545702 0.000593581 0.00065268 0.000753662 0.000862377 0.000984974 0.00112705 0.00134209 0.00160692 0.00190836 0.00229706 0.00278034 0.0033847 0.00410023 0.00496516 0.00601154 0.00725083 0.00872687 0.0104388 0.0123845 0.0145821 0.0170399 0.0197226 0.022588 0.0256038 0.0287661 0.0320016 0.0352465 0.0384486 0.041504 0.0443694 0.0469771 0.0492748 0.0511943 0.0527039 0.0537999 0.0544667 0.0547026 0.0545462 0.0540409 0.0532452 0.052296 0.0512759 0.0502852 0.0494112 0.0487115 0.0481872 0.0478169 0.0474867 0.0470233 0.0461963 0.0447391 0.0424038 0.0389491 0.0342458 0.0282448 0.021006 0.0127167 0.00368093 -0.00578038 -0.0152329 -0.0242859 -0.0325861 -0.0398192 -0.0457699 -0.0503558 -0.0535349 -0.0553912 -0.0560775 -0.0557542 -0.0546199 -0.0528844 -0.0507163 -0.0482593 -0.0456423 -0.0429349 -0.0402012 -0.0374798 -0.0347763 -0.0320866 -0.0294578 -0.0268722 -0.0243104 -0.0217811 -0.0192979 -0.0168225 -0.0143661 -0.0119254 -0.00949818 -0.00706369 -0.00464738 -0.0022542 0.000112409 0.00244825 0.00469877 0.00686794 0.00892452 0.0108018 0.0124446 0.0138339 0.0148762 0.0155005 0.0156545 0.015296 0.0143883 0.012952 0.0110116 0.00864493 0.00598939 0.00320094 0.000465541 -0.00197043 -0.00389314 -0.00512848 -0.00550735 -0.00498906 -0.00360955 -0.00147019 0.0012128 0.00414253 0.00703676 0.00952335 0.0112959 0.0121096 0.0117942 0.0102848 0.00766503 0.00405754 -0.000319329 -0.00522288 -0.0104109 -0.0156612 -0.0207868 -0.0256408 -0.0301429 -0.0342426 -0.0379185 -0.0411555 -0.0439793 -0.0463549 -0.048288 -0.0497706 -0.050762 -0.0512371 -0.0512117 -0.0506782 -0.0496582 -0.0481914 -0.0462912 -0.0440119 -0.0414015 -0.0385768 -0.0355975 -0.0325223 -0.0294395 -0.0263999 -0.0234614 -0.0206854 -0.0181017 -0.0157195 -0.0135658 -0.0116678 -0.0100404 -0.00862457 -0.00742292 -0.00643187 -0.00561313 -0.00495136 -0.00439961 -0.00396669 -0.00362036 -0.00335734 -0.003173 -0.00301718 -0.00289985 -0.002818 -0.00277916 -0.00274444 -0.00270015 -0.00268758 -0.00269066 -0.00268723 -0.00266518 -0.00266026 -0.0026761 -0.00266953 -0.00265046 -0.00264485 -0.00266147 
0 4.22751e-05 8.93522e-05 0.000146316 0.000180482 0.00023026 0.000288953 0.000348749 0.000400395 0.000445049 0.0005267 0.000599502 0.000670377 0.000751369 0.000862377 0.00101004 0.00114981 0.00134813 0.001609 0.00193565 0.00232868 0.00279781 0.00341289 0.00414609 0.00503014 0.0060863 0.00734063 0.00883643 0.0105713 0.0125597 0.014783 0.017247 0.0199544 0.022866 0.0259154 0.0290925 0.032346 0.0356217 0.0388431 0.0419128 0.0447852 0.047366 0.0496401 0.0515445 0.0530271 0.0540762 0.0546977 0.0548935 0.0546969 0.0541535 0.0533165 0.0523027 0.0511951 0.0501331 0.049182 0.048428 0.0479232 0.0476741 0.0476204 0.0476652 0.0475852 0.047129 0.0460403 0.0440161 0.0408573 0.0364056 0.0306058 0.0235131 0.0153287 0.00630219 -0.00316118 -0.0126767 -0.0218239 -0.0302381 -0.0376118 -0.0437589 -0.0485424 -0.0519656 -0.0540882 -0.055033 -0.0549834 -0.0541473 -0.052704 -0.0508301 -0.0486841 -0.0463602 -0.0439404 -0.041461 -0.0389544 -0.0364473 -0.033962 -0.0314455 -0.0289135 -0.0263809 -0.023835 -0.0212292 -0.0186078 -0.0159579 -0.0132726 -0.0105612 -0.00787281 -0.00516661 -0.00246436 0.000203151 0.00280671 0.00535181 0.00774726 0.00995439 0.0119416 0.0136561 0.0149831 0.0158864 0.016307 0.016188 0.0154698 0.014142 0.0122036 0.00972546 0.00680082 0.00356534 0.000215401 -0.00301968 -0.00591482 -0.0082327 -0.00974918 -0.0103329 -0.00989317 -0.0084621 -0.00616468 -0.00322801 7.43344e-05 0.00337039 0.00634467 0.00864399 0.0100153 0.0102766 0.00936213 0.00728693 0.00421278 0.000301897 -0.00419544 -0.0090303 -0.0140029 -0.0189148 -0.0236272 -0.0280634 -0.0321683 -0.0358939 -0.039263 -0.0422407 -0.0448529 -0.0470826 -0.0489221 -0.0503284 -0.0512646 -0.0517077 -0.0516657 -0.0511331 -0.0501272 -0.048675 -0.0467591 -0.0444745 -0.0418748 -0.0390425 -0.0360429 -0.0329434 -0.0298288 -0.0267626 -0.0238112 -0.0210212 -0.0184045 -0.0159901 -0.0138436 -0.0119433 -0.0102931 -0.00886141 -0.00765644 -0.00666885 -0.00583492 -0.00516534 -0.00460535 -0.00416255 -0.00382447 -0.00356104 -0.00336489 -0.00319696 -0.003095 -0.0030334 -0.0029798 -0.00293531 -0.00290977 -0.00291777 -0.00290771 -0.00288569 -0.00287978 -0.00288682 -0.00288419 -0.00285885 -0.00285435 -0.00286374 
0 4.80862e-05 0.00010949 0.000159917 0.000214722 0.000261804 0.000325595 0.000387139 0.000431937 0.000495442 0.000564455 0.000655794 0.000736116 0.000837622 0.000984974 0.00114981 0.00135748 0.00160199 0.00194081 0.00235288 0.00284035 0.00344515 0.00418348 0.00509371 0.00616269 0.00743418 0.00893226 0.0106875 0.0126988 0.0149594 0.0174476 0.0201629 0.0230994 0.0261889 0.0294047 0.0326627 0.0359524 0.0391822 0.0422647 0.045135 0.0476997 0.0499416 0.0518115 0.0532716 0.0542916 0.0548639 0.0549975 0.054756 0.0541498 0.0532702 0.0521871 0.050992 0.0498279 0.04877 0.0479246 0.0473534 0.04709 0.0471315 0.0474241 0.0477987 0.0480712 0.0479518 0.0471612 0.0454314 0.0425296 0.0382971 0.0326846 0.0257453 0.0176532 0.0087163 -0.000709122 -0.0102037 -0.0193558 -0.0277987 -0.0352486 -0.0414701 -0.0463792 -0.0499412 -0.0522233 -0.0533688 -0.0535523 -0.0529437 -0.0517677 -0.050177 -0.0483057 -0.0462624 -0.0441256 -0.0419392 -0.0397331 -0.0374817 -0.0351873 -0.0328683 -0.0305043 -0.0280412 -0.0254865 -0.0228637 -0.0201486 -0.0173391 -0.014486 -0.0115798 -0.00861004 -0.0056359 -0.00268584 0.000246928 0.00310592 0.00583272 0.00840362 0.0107613 0.0127991 0.0144514 0.0156819 0.0164168 0.0165621 0.016082 0.0149408 0.0131339 0.0106895 0.00766494 0.00416895 0.000396858 -0.00347077 -0.00718368 -0.010474 -0.0130925 -0.0148316 -0.0155097 -0.015076 -0.0135369 -0.0110265 -0.00777046 -0.00408578 -0.000313514 0.00316062 0.00600594 0.00794769 0.0087939 0.00845824 0.00696712 0.00441475 0.000981989 -0.00309206 -0.00759691 -0.0122783 -0.0169677 -0.0215281 -0.025865 -0.0299247 -0.0336875 -0.0371046 -0.0402113 -0.0429877 -0.0454489 -0.0475994 -0.0493708 -0.0507402 -0.0516548 -0.0520971 -0.0520669 -0.0515624 -0.0505656 -0.0491075 -0.0471942 -0.0449204 -0.0423302 -0.0394816 -0.036465 -0.0333337 -0.0302031 -0.0271244 -0.0241596 -0.0213279 -0.0186812 -0.0162646 -0.0141056 -0.0121882 -0.0105076 -0.00907894 -0.00786889 -0.00687761 -0.00604203 -0.0053636 -0.00481237 -0.00437676 -0.00404965 -0.00377383 -0.00357118 -0.00342097 -0.00332664 -0.00325001 -0.00317906 -0.00314782 -0.00313262 -0.00311989 -0.0030928 -0.00308166 -0.00308929 -0.00308309 -0.00306932 -0.00306281 -0.00307164 
0 5.8495e-05 0.000115342 0.00018304 0.000233306 0.000297541 0.000358494 0.00041978 0.000481384 0.000541791 0.000630613 0.000718044 0.000823891 0.00095603 0.00112705 0.00134813 0.00160199 0.00193353 0.00235046 0.00286205 0.00348223 0.00421816 0.00512954 0.00621877 0.00750747 0.00902006 0.0107712 0.0128048 0.0150889 0.0176144 0.0203602 0.0233067 0.026436 0.0296799 0.03298 0.0362746 0.0394983 0.0425861 0.0454515 0.0480059 0.050216 0.0520385 0.0534606 0.0544423 0.0549721 0.0550598 0.0547403 0.0540843 0.0531468 0.0520067 0.0507322 0.049455 0.0482657 0.0472823 0.0465939 0.0462501 0.0462686 0.0466405 0.0472553 0.047963 0.0485366 0.0486879 0.0481546 0.0466364 0.0439358 0.0398857 0.0344293 0.0276337 0.0196866 0.0108473 0.00153423 -0.00788225 -0.0169812 -0.025385 -0.0328096 -0.0390514 -0.0439759 -0.0475933 -0.049962 -0.0512076 -0.0515226 -0.0510999 -0.0501182 -0.0487391 -0.0471206 -0.0453471 -0.0434918 -0.0415883 -0.0396582 -0.0376983 -0.0357089 -0.0336037 -0.0313893 -0.0290697 -0.0266207 -0.0240124 -0.0212904 -0.0184297 -0.0154534 -0.0123733 -0.00924298 -0.00606839 -0.00289209 0.000239386 0.00325071 0.00613729 0.00879258 0.01115 0.0131655 0.0147658 0.0158158 0.0162791 0.0160891 0.0152148 0.0136248 0.0113249 0.00834168 0.00478325 0.000768594 -0.00352161 -0.00785306 -0.0119453 -0.0155433 -0.0183803 -0.0202169 -0.0209219 -0.0204048 -0.0186849 -0.0159157 -0.012322 -0.00820095 -0.00396966 3.4169e-05 0.00343445 0.00594337 0.00737331 0.00763099 0.00669162 0.00467396 0.00170543 -0.00197951 -0.00615176 -0.0105745 -0.0150447 -0.0194324 -0.0236426 -0.0276253 -0.0313541 -0.03481 -0.0379748 -0.0408805 -0.0435201 -0.0459024 -0.0479851 -0.0497307 -0.0510705 -0.0519868 -0.0524538 -0.052445 -0.0519523 -0.0509557 -0.0494952 -0.0476032 -0.0453346 -0.0427431 -0.0398806 -0.0368343 -0.033708 -0.0305654 -0.0274784 -0.0244756 -0.0216154 -0.0189617 -0.016528 -0.0143504 -0.0124067 -0.0107207 -0.0092926 -0.00808689 -0.00709115 -0.00625452 -0.00557756 -0.00503865 -0.00460335 -0.00426208 -0.00398469 -0.00378893 -0.00364644 -0.00353092 -0.00344754 -0.00338613 -0.00336289 -0.00333517 -0.00331017 -0.00330022 -0.00329662 -0.00329968 -0.0032828 -0.00328224 -0.00328222 
