0 0 0 0 0 0 0 0 0 0 0 0 0 0 0 0 0 0 0 0 0 0 0 0 0 0 0 0 0 0 0 0 0 0 0 0 0 0 0 0 0 0 0 0 0 0 0 0 0 0 0 0 0 0 0 0 0 0 0 0 0 0 0 0 0 0 0 0 0 0 0 0 0 0 0 0 0 0 0 0 0 0 0 0 0 0 0 0 0 0 0 0 0 0 0 0 0 0 0 0 0 0 0 0 0 0 0 0 0 0 0 0 0 0 0 0 0 0 0 0 0 0 0 0 0 0 0 0 0 0 0 0 0 0 0 0 0 0 0 0 0 0 0 0 0 0 0 0 0 0 0 0 0 0 0 0 0 0 0 0 0 0 0 0 0 0 0 0 0 0 0 0 0 0 0 0 0 0 0 0 0 0 0 0 0 0 0 0 0 0 0 0 0 0 0 0 0 0 0 0 
0 0.000189331 0.000392972 0.00060048 0.000827315 0.00108052 0.0013783 0.00171226 0.00208481 0.00251538 0.00298945 0.0034981 0.00402463 0.00455955 0.00507615 0.0055429 0.00596201 0.00631413 0.00657279 0.00671619 0.00672569 0.00658967 0.00628307 0.00581232 0.00519296 0.00443762 0.00358235 0.00264584 0.00165738 0.000647236 -0.000356882 -0.0013166 -0.00220597 -0.00297406 -0.0036033 -0.00410357 -0.00446686 -0.00470349 -0.00481572 -0.00481667 -0.00471364 -0.0045226 -0.00426819 -0.00396945 -0.00365572 -0.00334365 -0.00303108 -0.00271461 -0.00241611 -0.0021341 -0.00188184 -0.00166559 -0.00147746 -0.00131475 -0.00117694 -0.00105054 -0.000935321 -0.000835943 -0.000754324 -0.000694602 -0.000636422 -0.000584718 -0.000519882 -0.000456781 -0.000409152 -0.000370441 -0.000340374 -0.000323047 -0.00029238 -0.000269239 -0.000246446 -0.00021649 -0.000202044 -0.000192646 -0.000178121 -0.000163262 -0.000137399 -8.90005e-05 -1.40397e-05 0.000108911 0.000259369 0.000431043 0.000628207 0.000849845 0.00105369 0.00122913 0.00134215 0.00135625 0.0012463 0.00101684 0.00064729 0.000166564 -0.000409507 -0.00104857 -0.00171663 -0.00237553 -0.00299777 -0.00352313 -0.00393493 -0.0041908 -0.00427213 -0.00418273 -0.00393625 -0.0035375 -0.00303151 -0.00242941 -0.00177362 -0.00109823 -0.000442468 0.000158016 0.000663347 0.00107002 0.00134428 0.00149709 0.00154456 0.00150795 0.00140415 0.00127999 0.00113888 0.000990837 0.00085364 0.000750728 0.000665889 0.000605801 0.000557539 0.000515604 0.000479449 0.00043716 0.000394423 0.0003785 0.000372659 0.000375424 0.000389693 0.00038943 0.000394711 0.000405498 0.000417462 0.000442017 0.000477187 0.000507953 0.000550891 0.000589152 0.000630401 0.000676925 0.000739199 0.000817753 0.000911074 0.00101417 0.0011239 0.00124936 0.00140874 0.00160714 0.00183434 0.00209491 0.00237415 0.00267044 0.00298479 0.00331005 0.00363138 0.00395005 0.00423569 0.0044577 0.00459824 0.00464137 0.00458725 0.00441457 0.00411785 0.00367552 0.00308214 0.00236215 0.00152071 0.000591998 -0.000383127 -0.00137525 -0.00235849 -0.0033124 -0.00418988 -0.00496126 -0.00560507 -0.00609054 -0.00641626 -0.00657769 -0.00658814 -0.00647026 -0.0062386 -0.00591772 -0.00551222 -0.00505339 -0.00456197 -0.00404547 -0.00353716 -0.00305136 -0.00261009 -0.00220608 -0.00185317 -0.00156668 -0.00132531 -0.00113457 -0.000987493 -0.000896895 
0 0.000392972 0.000802262 0.00124175 0.0016938 0.00221848 0.00281159 0.00347997 0.00422924 0.00507296 0.00601724 0.00700311 0.00803694 0.00908007 0.0100901 0.0110138 0.0118311 0.0125223 0.0130157 0.0132805 0.0132804 0.0129949 0.0123789 0.0114526 0.0102299 0.00875307 0.00707036 0.00522622 0.00329305 0.00130327 -0.000639405 -0.00251635 -0.00424246 -0.00574911 -0.00701071 -0.00800952 -0.00876518 -0.00924649 -0.00948764 -0.009506 -0.00932206 -0.00897169 -0.00850254 -0.00792546 -0.00732078 -0.00669582 -0.00606739 -0.00545258 -0.00485706 -0.00432586 -0.00382593 -0.00339378 -0.0030068 -0.00266403 -0.0023752 -0.00212969 -0.0018928 -0.00170011 -0.00152722 -0.0013822 -0.00126386 -0.00114631 -0.00103213 -0.00092396 -0.000836388 -0.000752735 -0.000688588 -0.000620063 -0.000558582 -0.000501556 -0.000468638 -0.000437527 -0.000418832 -0.000384653 -0.000361282 -0.000326901 -0.000268235 -0.000157389 2.96858e-06 0.000218555 0.000504317 0.000874829 0.0012769 0.00169451 0.00210797 0.00245023 0.00266534 0.00269595 0.00249142 0.00202346 0.00129268 0.000330286 -0.000816322 -0.00210895 -0.00345263 -0.00477793 -0.00600308 -0.00704453 -0.00783901 -0.00834745 -0.00852339 -0.00837316 -0.0078835 -0.0070963 -0.00606709 -0.00485349 -0.00353204 -0.00219353 -0.000885657 0.000305038 0.00132189 0.00211832 0.00267106 0.00298815 0.00308772 0.00300928 0.00282445 0.00255853 0.0022589 0.00198951 0.00174003 0.00151289 0.00132987 0.0012029 0.001107 0.00103018 0.00095195 0.000889178 0.000832017 0.000798498 0.000768718 0.000766189 0.000765243 0.000774349 0.000789735 0.000828429 0.000869693 0.000924884 0.000975362 0.00103798 0.00110385 0.00118781 0.00128102 0.00137273 0.00150154 0.00164707 0.00182391 0.00203706 0.00227065 0.00253658 0.00288015 0.00326039 0.00371483 0.00420994 0.00475637 0.00534766 0.00596733 0.0066111 0.00723503 0.00784085 0.00838849 0.00881524 0.00908114 0.00917342 0.00903939 0.00868891 0.00806792 0.00717344 0.0060006 0.00457451 0.00293941 0.0011129 -0.000795276 -0.00274492 -0.00467598 -0.00654074 -0.00825583 -0.00976675 -0.0110295 -0.0119984 -0.0126583 -0.0129983 -0.0130509 -0.0128296 -0.0123986 -0.0117668 -0.0109775 -0.0100796 -0.00910494 -0.00810008 -0.00708157 -0.00613114 -0.00524623 -0.00444286 -0.0037445 -0.00315854 -0.00268996 -0.00229595 -0.00201878 -0.00184142 
0 0.00060048 0.00124175 0.00190509 0.00262237 0.00341422 0.00432418 0.00533575 0.00645575 0.00772449 0.00910102 0.0105534 0.0120459 0.0135587 0.0150249 0.0163575 0.0175419 0.0185158 0.019199 0.0195359 0.0194862 0.019028 0.0181079 0.0167449 0.0149767 0.0128304 0.01039 0.00771074 0.00488589 0.00201452 -0.000814055 -0.00350826 -0.00601262 -0.00821506 -0.0100718 -0.011587 -0.0127196 -0.0134719 -0.0138548 -0.0139182 -0.0137007 -0.0132501 -0.0126168 -0.0118315 -0.0109597 -0.0100526 -0.00913071 -0.00821397 -0.00736507 -0.00657614 -0.00585439 -0.0052033 -0.00460665 -0.00407686 -0.00363342 -0.00324841 -0.00290715 -0.00260397 -0.0023331 -0.00210931 -0.00190312 -0.00173683 -0.00156727 -0.00141359 -0.00128853 -0.00116157 -0.00103589 -0.000936374 -0.0008252 -0.000760071 -0.000720562 -0.000670371 -0.000643439 -0.000607194 -0.000543922 -0.000475068 -0.000383221 -0.000237401 -1.68073e-05 0.000337632 0.000786978 0.00131265 0.00191002 0.00256111 0.00315624 0.0036571 0.00397615 0.00401445 0.003699 0.00302293 0.00192875 0.000484315 -0.00125509 -0.0031883 -0.00519832 -0.00716393 -0.00899494 -0.0105368 -0.0117393 -0.0124986 -0.0127604 -0.0125235 -0.0118084 -0.0106294 -0.00910319 -0.00728321 -0.00530313 -0.00327923 -0.00132768 0.000447493 0.00194563 0.00315214 0.00398436 0.00446217 0.00462307 0.00452154 0.0042163 0.00383557 0.00341016 0.0029789 0.00258486 0.00227608 0.00201404 0.00181331 0.00165017 0.00152137 0.00142916 0.00134054 0.00125413 0.00121633 0.00118077 0.00115261 0.00115472 0.00114729 0.00118312 0.00125272 0.00132331 0.00140526 0.00149059 0.00156192 0.00167519 0.00180207 0.00195048 0.00210968 0.00229529 0.00251426 0.00278205 0.00310627 0.00348128 0.00391511 0.00443049 0.00502016 0.00566643 0.00639614 0.00719568 0.00806486 0.00898864 0.00992187 0.0108105 0.0116564 0.0124005 0.0129767 0.0133357 0.0134202 0.0132022 0.012623 0.0116737 0.0103267 0.00859045 0.00652898 0.00414721 0.00151451 -0.00126578 -0.00410481 -0.00691532 -0.00962526 -0.0121096 -0.0142975 -0.0161394 -0.0175635 -0.0185582 -0.0191022 -0.0192169 -0.0189492 -0.0183394 -0.0174513 -0.0163136 -0.0150157 -0.0136175 -0.0121442 -0.0106791 -0.00926995 -0.00797398 -0.00678168 -0.00573165 -0.00486521 -0.00413824 -0.00356373 -0.00313391 -0.00287562 
0 0.000827315 0.0016938 0.00262237 0.00359707 0.00469918 0.00593233 0.00730079 0.00881007 0.0104745 0.0122831 0.0141465 0.0160642 0.0179865 0.0198404 0.0215289 0.0230002 0.0241966 0.0249977 0.0253488 0.0252062 0.024549 0.0233219 0.0215592 0.0192851 0.016555 0.0134404 0.0100214 0.00643262 0.0027665 -0.000805315 -0.00423757 -0.00741725 -0.0102436 -0.012669 -0.0146507 -0.0161822 -0.0172079 -0.0177772 -0.0179395 -0.017745 -0.0172536 -0.0165285 -0.0155818 -0.0145264 -0.0133936 -0.0122278 -0.0110749 -0.00996337 -0.00894943 -0.00798485 -0.00711202 -0.00630805 -0.0055883 -0.00497969 -0.00446667 -0.00399197 -0.00358783 -0.00321789 -0.00289394 -0.00261804 -0.0023645 -0.00213111 -0.00192026 -0.00174474 -0.00157329 -0.00142588 -0.00127834 -0.00114787 -0.00104139 -0.000978454 -0.000918898 -0.000872181 -0.000797488 -0.000728895 -0.000641496 -0.000512341 -0.000294047 2.3081e-05 0.000461822 0.00104143 0.00177281 0.00257485 0.00340788 0.00421322 0.00487404 0.00528065 0.00532077 0.00489886 0.00396352 0.00250915 0.000594498 -0.00169137 -0.00425531 -0.00692206 -0.00954739 -0.0119722 -0.0140322 -0.0156081 -0.0166127 -0.0169626 -0.0166603 -0.0156945 -0.0141357 -0.012095 -0.00968774 -0.0070656 -0.00440055 -0.00180642 0.000558949 0.00258107 0.00417474 0.00528897 0.00593412 0.00614738 0.00600564 0.00563536 0.00511163 0.00452491 0.00398139 0.00348335 0.00304175 0.00268115 0.00241731 0.00221439 0.00205356 0.00190622 0.0017895 0.00168836 0.00162666 0.00157151 0.00155295 0.00154476 0.00155899 0.00159956 0.00168533 0.00177749 0.00188478 0.00198352 0.00210108 0.00224427 0.00243321 0.0026506 0.00287382 0.00314792 0.00345195 0.00381845 0.00426497 0.00477529 0.00536261 0.00607655 0.0068541 0.00773744 0.00869384 0.00974338 0.0108762 0.012052 0.0132312 0.0143296 0.0153436 0.0162199 0.0168744 0.0172446 0.0172875 0.0169089 0.0160993 0.0147924 0.013002 0.0107485 0.00808345 0.00505871 0.00169833 -0.00183663 -0.00545805 -0.00904537 -0.0124934 -0.015658 -0.0184496 -0.020805 -0.0226561 -0.0239746 -0.0247331 -0.0249607 -0.0246749 -0.0239632 -0.0228584 -0.0214424 -0.0198143 -0.0180415 -0.0161943 -0.0143142 -0.0125229 -0.0108352 -0.0092797 -0.00790201 -0.00672829 -0.00576703 -0.00497191 -0.00440146 -0.00403863 
0 0.00108052 0.00221848 0.00341422 0.00469918 0.00611405 0.00769724 0.00942792 0.0113063 0.0133591 0.0155374 0.0177824 0.0200549 0.0223199 0.0244858 0.0264357 0.0281167 0.0294386 0.0302851 0.0305878 0.0303092 0.0294322 0.0279112 0.0257736 0.0230674 0.019832 0.0161632 0.0121483 0.00792532 0.003638 -0.000576297 -0.00460961 -0.00837938 -0.0117543 -0.0146689 -0.0171002 -0.0189961 -0.0203374 -0.0211463 -0.0214828 -0.0213959 -0.0209436 -0.0201859 -0.0191701 -0.0179885 -0.0167098 -0.0153675 -0.0139975 -0.0126731 -0.0114145 -0.0102329 -0.00914834 -0.00814883 -0.00724911 -0.00647091 -0.0057843 -0.00516811 -0.00462409 -0.00414633 -0.00374198 -0.00337824 -0.0030571 -0.00274148 -0.0024539 -0.00221768 -0.00200381 -0.00181277 -0.00165198 -0.0014859 -0.00136095 -0.00126552 -0.00116675 -0.00109502 -0.00101783 -0.00091725 -0.000798857 -0.000630965 -0.00036486 3.25983e-05 0.000615593 0.00135617 0.00223215 0.0032182 0.00427038 0.00525287 0.00606485 0.00656348 0.00659263 0.00604114 0.00487687 0.00305622 0.000668072 -0.00218483 -0.00535594 -0.00865961 -0.0119069 -0.014925 -0.0174889 -0.0194689 -0.0207153 -0.0211392 -0.0207358 -0.0195359 -0.0175988 -0.0150821 -0.0121025 -0.00885332 -0.00552399 -0.00229398 0.000655784 0.00316696 0.00516973 0.00656436 0.0073682 0.00764544 0.00748965 0.00701816 0.00639232 0.00568851 0.00498174 0.00433293 0.00379838 0.0033625 0.00303433 0.00277844 0.00257453 0.00240883 0.00225134 0.00210882 0.00203193 0.00198259 0.00196371 0.00197886 0.00198894 0.00203897 0.00212959 0.00223382 0.0023671 0.00251831 0.00267647 0.00288559 0.00312428 0.00339494 0.00369401 0.00404809 0.00446697 0.00496549 0.00554919 0.00620838 0.00696061 0.00784232 0.00883736 0.00992847 0.0111202 0.0123922 0.0137332 0.0151129 0.0164647 0.0177129 0.0188386 0.0197696 0.0204197 0.0207256 0.020621 0.0200519 0.0189569 0.017313 0.0151092 0.0123775 0.00919976 0.00559738 0.00164493 -0.00252302 -0.00678203 -0.0110033 -0.0150659 -0.0188022 -0.0221116 -0.0249238 -0.0271598 -0.0287927 -0.0297895 -0.0301596 -0.0299393 -0.0291812 -0.0279585 -0.0263408 -0.0244562 -0.0223977 -0.0202172 -0.0180099 -0.0158577 -0.0138268 -0.0119307 -0.010229 -0.00877927 -0.00755702 -0.00657399 -0.00584231 -0.00538453 
0 0.0013783 0.00281159 0.00432418 0.00593233 0.00769724 0.00963379 0.0117253 0.0139653 0.0163599 0.0188745 0.0214313 0.0239981 0.0265207 0.0288999 0.0310176 0.0327989 0.0341558 0.0349663 0.0351634 0.0347153 0.0336049 0.0317962 0.0293227 0.0262319 0.0225885 0.0184846 0.0140234 0.00934925 0.00459323 -8.66998e-05 -0.00459997 -0.00883087 -0.0126524 -0.0159931 -0.0188121 -0.0210803 -0.0227581 -0.0238709 -0.0244585 -0.0245584 -0.0242238 -0.0235231 -0.0225115 -0.0213015 -0.0199516 -0.0184986 -0.0169858 -0.0154725 -0.0140193 -0.012633 -0.0113503 -0.0101618 -0.00907672 -0.00811191 -0.00725098 -0.00646467 -0.00577548 -0.00517225 -0.00465403 -0.00419997 -0.00378415 -0.00339054 -0.00303457 -0.00273566 -0.00247063 -0.00224126 -0.00202945 -0.00183055 -0.00166468 -0.00154066 -0.00143023 -0.001339 -0.00123419 -0.00111785 -0.000967731 -0.000745814 -0.000399311 9.98678e-05 0.000785562 0.00166392 0.00272367 0.0038991 0.00512464 0.00628649 0.00723467 0.00780213 0.00781851 0.00715102 0.00573428 0.00355721 0.000704278 -0.00269637 -0.00648144 -0.0104222 -0.0142965 -0.0178756 -0.0209213 -0.0232569 -0.024735 -0.0252496 -0.0247862 -0.0233601 -0.0210611 -0.0180495 -0.0144964 -0.0106204 -0.00665611 -0.00280569 0.000714709 0.00372766 0.00611392 0.00779304 0.00877414 0.00912296 0.00895383 0.00842356 0.00767488 0.00682826 0.00599821 0.00523359 0.00457262 0.0040373 0.00363954 0.00334283 0.00311215 0.0029131 0.00273794 0.0025859 0.00248712 0.00242191 0.00240222 0.00241124 0.00243853 0.00249924 0.002607 0.00273982 0.00290709 0.00309524 0.00331104 0.00356862 0.0038697 0.00420689 0.00458268 0.00503946 0.00558061 0.00622264 0.00696296 0.00778386 0.0087056 0.00977441 0.0109625 0.0122709 0.0136648 0.0151245 0.0166258 0.0181297 0.0195812 0.0209017 0.0220583 0.0229713 0.0235392 0.0236916 0.0233793 0.0225408 0.0211481 0.0191581 0.0165727 0.0134268 0.00979203 0.00572443 0.00129158 -0.00335087 -0.00808149 -0.0127707 -0.0172889 -0.0214731 -0.0252076 -0.0284083 -0.0309963 -0.0329301 -0.0341748 -0.0347347 -0.0346297 -0.0339218 -0.0326651 -0.0309508 -0.0289065 -0.026634 -0.024213 -0.0217268 -0.0192886 -0.01695 -0.0147514 -0.0127611 -0.011035 -0.00958249 -0.00839697 -0.00752049 -0.00695881 
0 0.00171226 0.00347997 0.00533575 0.00730079 0.00942792 0.0117253 0.014173 0.0167569 0.0194688 0.0222716 0.025089 0.0278761 0.0305668 0.0330547 0.0352252 0.036994 0.0382769 0.0389648 0.0389952 0.0383421 0.0369874 0.034911 0.0321448 0.0287491 0.0248026 0.0204014 0.0156537 0.0106901 0.00563673 0.0006356 -0.00421163 -0.00878042 -0.0129446 -0.0166283 -0.0197899 -0.0224016 -0.0244237 -0.0258661 -0.0267522 -0.0271103 -0.0269865 -0.0264433 -0.0255467 -0.0243965 -0.0230546 -0.0215602 -0.0199644 -0.0183322 -0.0167309 -0.0151815 -0.013716 -0.0123381 -0.0110629 -0.00991002 -0.00887059 -0.00792271 -0.00707795 -0.00633198 -0.00567975 -0.00510835 -0.00459118 -0.00411771 -0.00369453 -0.00333003 -0.00300403 -0.00271273 -0.00244439 -0.0022063 -0.00201225 -0.0018648 -0.00173729 -0.0016175 -0.00147991 -0.00131984 -0.00111936 -0.000842389 -0.000432606 0.000158947 0.000966847 0.00199848 0.00322886 0.00459098 0.00599658 0.00731674 0.00837891 0.00899854 0.00898641 0.00819534 0.00654058 0.00401414 0.000698137 -0.00325326 -0.00763962 -0.0122 -0.016674 -0.0207943 -0.024305 -0.0269944 -0.0286976 -0.0292976 -0.0287666 -0.0271257 -0.0244781 -0.0209928 -0.0168792 -0.0123872 -0.00778911 -0.00333154 0.000741212 0.00423486 0.00700818 0.00897965 0.0101475 0.0105835 0.0104135 0.00981462 0.00895311 0.00797715 0.00700959 0.00612179 0.00535638 0.00473797 0.0042649 0.00390792 0.00363422 0.00341059 0.00322175 0.00306634 0.00295809 0.00288679 0.00285612 0.00285549 0.00288778 0.00296654 0.00310153 0.00327318 0.00347854 0.00370801 0.00397468 0.00429286 0.00467147 0.00510022 0.00558444 0.00615633 0.00682938 0.00761888 0.00852222 0.00952306 0.0106364 0.0118921 0.0132688 0.0147557 0.0163141 0.0179156 0.0195256 0.0210983 0.0225713 0.0238739 0.0249585 0.0257459 0.0261349 0.0260532 0.0254586 0.0243085 0.0225869 0.0202625 0.0173376 0.0138471 0.00985666 0.00543295 0.00066124 -0.00430886 -0.00935017 -0.0143443 -0.0191653 -0.0236639 -0.0277181 -0.0312304 -0.0341187 -0.0363264 -0.037817 -0.0385867 -0.0386537 -0.0380711 -0.036887 -0.03519 -0.0330982 -0.0307189 -0.0281444 -0.0254695 -0.022811 -0.0202298 -0.0177789 -0.0155336 -0.0135583 -0.0118794 -0.0105038 -0.00947648 -0.00880874 
0 0.00208481 0.00422924 0.00645575 0.00881007 0.0113063 0.0139653 0.0167569 0.0196601 0.0226603 0.0256975 0.0287165 0.0316397 0.0343997 0.0368861 0.0389922 0.0406403 0.0417476 0.0422354 0.0420445 0.0411544 0.0395484 0.0372295 0.0342242 0.030615 0.0264775 0.0219149 0.0170295 0.0119246 0.00673848 0.00156579 -0.00345631 -0.00822771 -0.0126257 -0.0165705 -0.0200324 -0.0229534 -0.0253127 -0.0270898 -0.0283038 -0.0289803 -0.0291555 -0.0288689 -0.0281962 -0.0271955 -0.0259478 -0.0244959 -0.0228938 -0.0212277 -0.019533 -0.0178652 -0.0162351 -0.0146741 -0.0132131 -0.0118795 -0.0106623 -0.00956161 -0.00855333 -0.00765137 -0.00685135 -0.00613661 -0.00550391 -0.0049319 -0.00442587 -0.00398372 -0.00359268 -0.0032323 -0.00291723 -0.00263496 -0.00241343 -0.0022326 -0.00207133 -0.00190874 -0.00173625 -0.00152113 -0.00126597 -0.000926768 -0.000448157 0.000235235 0.00117164 0.00235639 0.00374298 0.00528684 0.00687701 0.00834151 0.00950872 0.0101685 0.0101071 0.00916644 0.00726517 0.00438473 0.000620696 -0.00385857 -0.00881252 -0.0139702 -0.0190245 -0.0236817 -0.0276502 -0.0306934 -0.0326108 -0.0332865 -0.0326728 -0.0308169 -0.0278242 -0.0238881 -0.0192405 -0.0141667 -0.00895515 -0.00390429 0.000722439 0.00469607 0.00786803 0.0101337 0.0114867 0.0120129 0.0118541 0.0111845 0.010224 0.00913497 0.00803021 0.00701773 0.00615584 0.00545429 0.00490711 0.0044904 0.00416873 0.00392325 0.00371377 0.00354998 0.00343733 0.00337064 0.00333336 0.00333924 0.00337537 0.00347636 0.0036353 0.00384317 0.00408528 0.0043647 0.00468341 0.00508124 0.00555369 0.00609896 0.00672337 0.00742774 0.00824571 0.0091844 0.0102466 0.0114295 0.0127409 0.0141743 0.015731 0.0173539 0.0190327 0.0207204 0.022379 0.0239584 0.0253709 0.0265584 0.0274604 0.0280094 0.0281261 0.0277464 0.0268203 0.0253411 0.0232727 0.0206274 0.0174003 0.0136337 0.00939623 0.00473801 -0.000222413 -0.00537353 -0.0105739 -0.0157216 -0.0207001 -0.0253777 -0.0296374 -0.0333743 -0.036502 -0.0389517 -0.0406833 -0.0416793 -0.0419694 -0.0415782 -0.0405658 -0.0389953 -0.0369712 -0.034601 -0.0319703 -0.029207 -0.0264015 -0.0236518 -0.021011 -0.0185586 -0.0163749 -0.014483 -0.0129365 -0.0117563 -0.0109829 
0 0.00251538 0.00507296 0.00772449 0.0104745 0.0133591 0.0163599 0.0194688 0.0226603 0.0258854 0.0291052 0.0322335 0.0352054 0.0379267 0.0403001 0.0422438 0.0436724 0.0445296 0.0447552 0.0443011 0.0431533 0.0413005 0.0387674 0.0355986 0.0318578 0.0276496 0.0230435 0.0181437 0.0130489 0.00785842 0.00269276 -0.00236693 -0.00719526 -0.0117151 -0.0158541 -0.0195455 -0.0227546 -0.0254249 -0.0275442 -0.0291163 -0.0301624 -0.0307016 -0.0307613 -0.0303809 -0.0296289 -0.0285582 -0.0272322 -0.025725 -0.0240787 -0.0223696 -0.0206249 -0.0188772 -0.0171739 -0.0155534 -0.0140403 -0.0126526 -0.0113664 -0.0101906 -0.00912427 -0.00815947 -0.00730953 -0.00653288 -0.0058441 -0.00523666 -0.00469813 -0.0042312 -0.00382315 -0.0034427 -0.00312624 -0.00284731 -0.00261434 -0.002419 -0.00221318 -0.00198686 -0.00174396 -0.00143728 -0.00102059 -0.000439014 0.000364416 0.0014076 0.00272384 0.00428733 0.00599958 0.00772818 0.00934623 0.010612 0.0112892 0.0111692 0.0100765 0.00789155 0.00465992 0.000460981 -0.00451525 -0.0100191 -0.0157455 -0.0213729 -0.026543 -0.0309626 -0.0343315 -0.0364568 -0.0372014 -0.0365177 -0.0344411 -0.0311205 -0.0267383 -0.0215868 -0.0159506 -0.0101592 -0.00452872 0.000646088 0.00512104 0.008671 0.0112294 0.0127776 0.0133929 0.0132454 0.0125582 0.0115014 0.0102857 0.00907235 0.00795037 0.00695988 0.00615869 0.00554126 0.00508627 0.00474232 0.0044575 0.0042345 0.00406844 0.00393939 0.0038693 0.00385115 0.00386014 0.00393272 0.00404832 0.00422709 0.00447244 0.00476057 0.00509513 0.00550656 0.00598456 0.00656742 0.00723664 0.00799464 0.00885818 0.00983333 0.0109382 0.012172 0.0135311 0.0150183 0.0166203 0.0183014 0.0200368 0.0217652 0.0234692 0.0251005 0.026588 0.0278596 0.0288405 0.0294685 0.0296978 0.0294711 0.0287354 0.0274664 0.0256302 0.0232392 0.0202809 0.0167933 0.0128298 0.0084303 0.00368678 -0.00133158 -0.00650529 -0.0117238 -0.0168893 -0.0218859 -0.0266181 -0.0309677 -0.0348358 -0.0381432 -0.0408034 -0.0427727 -0.0440299 -0.0445786 -0.0444567 -0.0436861 -0.0423421 -0.0404932 -0.0382274 -0.0356606 -0.0328819 -0.0300255 -0.0271645 -0.0243975 -0.0218032 -0.0194427 -0.0173982 -0.0156925 -0.0143997 -0.0135315 
0 0.00298945 0.00601724 0.00910102 0.0122831 0.0155374 0.0188745 0.0222716 0.0256975 0.0291052 0.0324164 0.0355823 0.0384974 0.0410819 0.0432497 0.0449367 0.0460771 0.046616 0.0465279 0.0457779 0.0443577 0.0422704 0.0395767 0.0363033 0.0325392 0.0283476 0.023811 0.0190181 0.0140377 0.00900409 0.00395114 -0.000992654 -0.00577309 -0.0103174 -0.0145465 -0.0184141 -0.0218347 -0.0247951 -0.0272482 -0.0291922 -0.0306382 -0.0315878 -0.0320305 -0.0320315 -0.0315941 -0.0308007 -0.0296989 -0.0283433 -0.0268126 -0.0251293 -0.0233882 -0.0215933 -0.0198089 -0.0180727 -0.0164102 -0.0148263 -0.0133644 -0.0119949 -0.0107563 -0.00964152 -0.00863108 -0.00771934 -0.00689692 -0.00616707 -0.00552341 -0.00497691 -0.00448143 -0.00405211 -0.00366632 -0.00333847 -0.00304454 -0.00279101 -0.00253864 -0.00229258 -0.00198188 -0.00160412 -0.00110553 -0.000436093 0.000482091 0.0016844 0.0031593 0.00484364 0.00670812 0.00860276 0.0103203 0.0116525 0.012344 0.0121476 0.0108862 0.00846542 0.00488229 0.000241129 -0.00524783 -0.0112845 -0.0175656 -0.0237125 -0.0293682 -0.0341993 -0.0378961 -0.0402141 -0.0410296 -0.0402654 -0.0379986 -0.0343653 -0.0295763 -0.023922 -0.0177378 -0.0113569 -0.00516029 0.000536067 0.00545301 0.00939682 0.012251 0.0139947 0.0147329 0.0146371 0.0138994 0.0127821 0.0114853 0.0101242 0.00885632 0.00776753 0.00688533 0.00619692 0.00568516 0.00530206 0.00502441 0.00478545 0.00460333 0.00446942 0.0044101 0.00439217 0.004434 0.00451761 0.00466989 0.00487606 0.00516277 0.00551045 0.00593878 0.00644199 0.00704222 0.00773104 0.00851816 0.00942499 0.0104358 0.0115977 0.0128907 0.0143046 0.015837 0.0174791 0.0191823 0.0209641 0.022727 0.0244609 0.026103 0.0276062 0.0289174 0.0299414 0.0306397 0.0309304 0.0307781 0.0301565 0.0290322 0.0273739 0.0252059 0.0224886 0.0192769 0.0155893 0.0114939 0.00705362 0.00231355 -0.00261202 -0.00769037 -0.0127965 -0.0178533 -0.0227586 -0.0274236 -0.0317575 -0.0356643 -0.0390763 -0.0419069 -0.0441062 -0.0456323 -0.0464926 -0.046675 -0.0462265 -0.0451822 -0.0435982 -0.041555 -0.0391349 -0.0364683 -0.033629 -0.0307517 -0.0279287 -0.0252466 -0.0227902 -0.0206157 -0.018821 -0.0174271 -0.0164961 
0 0.0034981 0.00700311 0.0105534 0.0141465 0.0177824 0.0214313 0.025089 0.0287165 0.0322335 0.0355823 0.0386879 0.0414665 0.0438245 0.0457033 0.0470681 0.0478529 0.0480231 0.0475799 0.0465078 0.0448171 0.0425288 0.0397153 0.0364226 0.0326933 0.0286168 0.0242372 0.0196453 0.0149118 0.0101144 0.00531449 0.00056206 -0.00406219 -0.00852862 -0.0127674 -0.0167013 -0.0202846 -0.0234804 -0.0262462 -0.0285525 -0.030392 -0.0317478 -0.0326193 -0.0330306 -0.033008 -0.0325767 -0.0317857 -0.0306953 -0.0293353 -0.0277821 -0.0261036 -0.0243265 -0.0225162 -0.0207072 -0.0189171 -0.0171944 -0.0155568 -0.0140264 -0.0126169 -0.0113212 -0.0101514 -0.00907131 -0.00810653 -0.00725404 -0.00649011 -0.00583656 -0.00526357 -0.00473646 -0.00428978 -0.00388659 -0.00353101 -0.00323008 -0.00291867 -0.00258956 -0.00223076 -0.00178091 -0.00118361 -0.00039204 0.000651178 0.00196542 0.00357731 0.00544836 0.00746608 0.00946145 0.0112835 0.0126633 0.0133248 0.0130475 0.0116287 0.00892968 0.00500991 -4.37822e-05 -0.0060127 -0.0125795 -0.0193951 -0.0260662 -0.0321713 -0.0373794 -0.0413463 -0.0438487 -0.0447392 -0.0439395 -0.0414944 -0.0375629 -0.0323514 -0.0262143 -0.0194924 -0.0125697 -0.0058432 0.000357072 0.00574211 0.0100464 0.0131995 0.015172 0.0160371 0.0159911 0.0152668 0.0140661 0.0126433 0.0111873 0.00982459 0.00861776 0.00763034 0.00686522 0.00630927 0.00590089 0.00558179 0.0053465 0.00518115 0.00504872 0.00498848 0.00498739 0.00503147 0.0051621 0.00534539 0.00559747 0.00594703 0.00636463 0.00687396 0.00749745 0.00820789 0.00903752 0.00997657 0.0110356 0.0122283 0.0135608 0.0150307 0.0166096 0.0182839 0.0200338 0.0218144 0.0236109 0.0253756 0.0270359 0.0285512 0.0298545 0.0308767 0.0315741 0.0319008 0.0317948 0.0312278 0.0301849 0.0286435 0.0266094 0.0240918 0.0211111 0.0176891 0.0138798 0.00974892 0.00532729 0.000710024 -0.00405285 -0.00891505 -0.0138051 -0.0186508 -0.0233537 -0.0278625 -0.0320821 -0.0359415 -0.0393845 -0.0423271 -0.04472 -0.0465166 -0.0476872 -0.0482218 -0.0481292 -0.0474559 -0.0462249 -0.0444907 -0.0423541 -0.0398884 -0.0372022 -0.0343957 -0.0316071 -0.0289251 -0.0264155 -0.0241965 -0.0223277 -0.0208861 -0.0199005 
0 0.00402463 0.00803694 0.0120459 0.0160642 0.0200549 0.0239981 0.0278761 0.0316397 0.0352054 0.0384974 0.0414665 0.044019 0.0460789 0.0476109 0.0485984 0.0489888 0.0487589 0.0479395 0.0465493 0.04461 0.0421606 0.0392915 0.0360258 0.0324165 0.0285182 0.0243888 0.0200967 0.0156805 0.0112203 0.00671445 0.00223946 -0.00216588 -0.00647341 -0.0106191 -0.0145518 -0.0182121 -0.0215906 -0.0246194 -0.0272468 -0.0294539 -0.0312194 -0.0325223 -0.0333995 -0.0338217 -0.0338154 -0.0334084 -0.0326422 -0.0315641 -0.0302123 -0.0286841 -0.0269927 -0.0252095 -0.0233773 -0.021526 -0.019693 -0.0179382 -0.0162533 -0.0146732 -0.0132055 -0.0118549 -0.0106182 -0.0095078 -0.0085134 -0.00761369 -0.0068334 -0.00613372 -0.00552331 -0.00499808 -0.00453891 -0.00411724 -0.00373731 -0.00334532 -0.00294463 -0.00247875 -0.00192946 -0.00124178 -0.000360352 0.000799198 0.00226867 0.00403805 0.00603902 0.00820187 0.0103369 0.012227 0.013625 0.0142506 0.0138554 0.0122438 0.00929903 0.00503861 -0.000431556 -0.00686704 -0.0139188 -0.0212314 -0.028369 -0.0349115 -0.0404948 -0.0447557 -0.0474292 -0.0483736 -0.0474941 -0.0448676 -0.0406545 -0.0350801 -0.0284931 -0.0212754 -0.0138188 -0.00656527 0.000123339 0.00593445 0.0106281 0.0140893 0.0162816 0.0172971 0.0173231 0.0165754 0.015328 0.0138347 0.0122568 0.0107736 0.00948391 0.00842736 0.00758937 0.0069563 0.00648612 0.00615628 0.00591486 0.00575963 0.005656 0.00562857 0.00564438 0.00571878 0.00586625 0.00609802 0.00640803 0.00683152 0.00734036 0.00795892 0.00869403 0.00954569 0.0105213 0.0116287 0.0128746 0.0142375 0.0157412 0.0173557 0.0190593 0.0208395 0.0226604 0.0244509 0.0262182 0.0278769 0.0293913 0.0306923 0.03171 0.0323883 0.0326799 0.0325808 0.0320304 0.0310161 0.0295409 0.0275939 0.0251863 0.0223732 0.0191602 0.0156148 0.011772 0.00768556 0.00339028 -0.00105259 -0.00556076 -0.0101436 -0.0147304 -0.0192726 -0.0236987 -0.0279637 -0.0320015 -0.0357439 -0.0391511 -0.0421507 -0.0446975 -0.0467382 -0.0482298 -0.0491249 -0.0494357 -0.0491782 -0.0483601 -0.047024 -0.0452446 -0.0431027 -0.040658 -0.0380377 -0.0353745 -0.0327651 -0.0302964 -0.0280787 -0.0262203 -0.0247643 -0.0237692 
0 0.00455955 0.00908007 0.0135587 0.0179865 0.0223199 0.0265207 0.0305668 0.0343997 0.0379267 0.0410819 0.0438245 0.0460789 0.0477817 0.0489212 0.0494984 0.0494752 0.0488452 0.0476715 0.0459976 0.0438583 0.0413026 0.038417 0.0352316 0.031779 0.0281209 0.0243008 0.0203662 0.016335 0.0122482 0.00810733 0.00396345 -0.000144555 -0.00421248 -0.00819728 -0.0120522 -0.0157336 -0.0192269 -0.0224564 -0.0253563 -0.0278981 -0.0300518 -0.0317924 -0.0331221 -0.0340074 -0.0344475 -0.0344715 -0.0341145 -0.0333949 -0.0323444 -0.0310408 -0.0295065 -0.027819 -0.0260315 -0.0241758 -0.0223021 -0.0204582 -0.018654 -0.0169191 -0.0152784 -0.0137548 -0.0123508 -0.0110829 -0.00993904 -0.0088929 -0.00797444 -0.0071579 -0.00643762 -0.00581676 -0.00526246 -0.00475165 -0.00428507 -0.00380937 -0.00331761 -0.00277194 -0.00212464 -0.00131347 -0.000290862 0.00100283 0.00259986 0.00450117 0.0066499 0.0089383 0.0111694 0.0131296 0.0145442 0.0151101 0.0145846 0.012762 0.00952685 0.00492477 -0.000926341 -0.00778386 -0.01529 -0.0230691 -0.0306678 -0.0376301 -0.0435617 -0.0480814 -0.0509146 -0.0519061 -0.0509641 -0.0481621 -0.0436714 -0.0377389 -0.0307372 -0.0230596 -0.0151193 -0.00737163 -0.000193919 0.00606994 0.0111417 0.0149037 0.0173221 0.0184806 0.0185864 0.0178695 0.0165907 0.0150209 0.0133609 0.011782 0.0103851 0.00922304 0.00830722 0.00762604 0.00712804 0.00677515 0.00653814 0.00639873 0.00631779 0.00631381 0.00636436 0.00647886 0.00668425 0.00697648 0.00736165 0.00787409 0.00848609 0.00922108 0.0100879 0.0110786 0.0122111 0.0134931 0.0149167 0.0164564 0.0181033 0.0198289 0.0216101 0.023439 0.0252703 0.0270226 0.0286767 0.0301577 0.0314196 0.0324114 0.0330683 0.0333353 0.0331909 0.0326309 0.0316181 0.0301543 0.0282627 0.0259465 0.0232298 0.020169 0.0167951 0.0131786 0.00936768 0.00540054 0.00128942 -0.00289992 -0.0071087 -0.0113426 -0.015561 -0.0197294 -0.023803 -0.0277662 -0.031564 -0.0351456 -0.0384724 -0.0414852 -0.0441449 -0.0464003 -0.0481899 -0.0494509 -0.0501758 -0.0503649 -0.0500019 -0.049112 -0.047768 -0.0460252 -0.0439335 -0.0416018 -0.039169 -0.0367335 -0.0343857 -0.0322629 -0.0304727 -0.0290696 -0.0281044 
0 0.00507615 0.0100901 0.0150249 0.0198404 0.0244858 0.0288999 0.0330547 0.0368861 0.0403001 0.0432497 0.0457033 0.0476109 0.0489212 0.0496417 0.0497913 0.0493531 0.0483455 0.0468563 0.0449477 0.0426584 0.0400431 0.0371817 0.0341174 0.0308677 0.0274969 0.0240297 0.0204862 0.0168685 0.0131814 0.00944274 0.00567354 0.00190855 -0.00187201 -0.00564516 -0.00935943 -0.0129863 -0.0165039 -0.0198486 -0.0229521 -0.0257801 -0.028288 -0.03044 -0.0321999 -0.0335384 -0.0344353 -0.0349202 -0.0350177 -0.0347132 -0.0340357 -0.0330379 -0.0317573 -0.0302627 -0.0286065 -0.0268156 -0.0249528 -0.0230607 -0.0211767 -0.0193272 -0.0175477 -0.0158728 -0.0143075 -0.0128767 -0.0115732 -0.010377 -0.00931324 -0.00836941 -0.00752125 -0.00677948 -0.00610066 -0.00547396 -0.00490039 -0.00433694 -0.00375178 -0.00311161 -0.00234682 -0.00140309 -0.000233082 0.00121394 0.00296264 0.00500255 0.0072832 0.00967864 0.0119883 0.0139901 0.0153872 0.0158719 0.0152038 0.0131753 0.0096686 0.00473597 -0.00149858 -0.00877675 -0.0167256 -0.0249382 -0.0329528 -0.0402906 -0.0465378 -0.0512961 -0.0542796 -0.0553121 -0.0543144 -0.0513547 -0.0466153 -0.0403536 -0.0329561 -0.0248279 -0.016415 -0.00819116 -0.000561563 0.00611799 0.0115519 0.0156177 0.0182785 0.0196097 0.0198189 0.0191519 0.0178652 0.0162373 0.0144915 0.0128041 0.0112997 0.0100445 0.00905569 0.00832308 0.00780217 0.00744048 0.00721491 0.00708654 0.00702562 0.00704781 0.00714576 0.00731933 0.00760369 0.0079761 0.00845293 0.00906279 0.00979296 0.0106642 0.011686 0.0128321 0.014122 0.0155597 0.0171316 0.0188189 0.0205842 0.0223952 0.0242181 0.0260398 0.0278066 0.0294403 0.0308941 0.0321127 0.0330375 0.0336409 0.0338717 0.0336869 0.0330895 0.0320669 0.0305984 0.0286982 0.0264133 0.0237704 0.0208104 0.0175763 0.0141177 0.0104957 0.00677612 0.00298487 -0.000883293 -0.00476419 -0.00863105 -0.0124793 -0.0162964 -0.0200546 -0.0237356 -0.0273511 -0.0308643 -0.0342428 -0.0374471 -0.0404281 -0.0431518 -0.0455747 -0.0476232 -0.0492305 -0.0503673 -0.0510187 -0.0511435 -0.0507476 -0.0499 -0.0486302 -0.0469839 -0.0450438 -0.0429473 -0.0407895 -0.0386612 -0.0367212 -0.0350712 -0.0337806 -0.0328886 
0 0.0055429 0.0110138 0.0163575 0.0215289 0.0264357 0.0310176 0.0352252 0.0389922 0.0422438 0.0449367 0.0470681 0.0485984 0.0494984 0.0497913 0.0495142 0.0486805 0.0473386 0.0455822 0.0434929 0.0411012 0.038467 0.0356786 0.0327652 0.0297684 0.0267046 0.0236084 0.0204685 0.0172638 0.0140108 0.0106861 0.00733005 0.00392455 0.000453205 -0.0030651 -0.0065916 -0.0100859 -0.0135462 -0.0169225 -0.0201499 -0.0231861 -0.0259835 -0.0284753 -0.0306393 -0.0324075 -0.033775 -0.0347467 -0.0353139 -0.0354726 -0.0352137 -0.0345975 -0.0336576 -0.0324401 -0.0309873 -0.0293387 -0.0275395 -0.0256806 -0.0237784 -0.0218742 -0.0200076 -0.018198 -0.0164863 -0.0148954 -0.0134238 -0.0120744 -0.0108607 -0.00976019 -0.00878133 -0.00789099 -0.00707897 -0.0063229 -0.00561857 -0.00493747 -0.00425023 -0.00347662 -0.0025784 -0.00149647 -0.000179409 0.00142367 0.00333525 0.00552878 0.00792669 0.0104234 0.0128078 0.0148053 0.0161489 0.0165426 0.0157129 0.0134659 0.00971191 0.00445397 -0.00215592 -0.00983671 -0.0182068 -0.0268391 -0.0352287 -0.042905 -0.049425 -0.0543933 -0.0575046 -0.0585884 -0.0575477 -0.0544538 -0.0494836 -0.0429164 -0.0351274 -0.0265747 -0.0177163 -0.00904067 -0.000987958 0.00606718 0.0118669 0.01624 0.0191479 0.0206858 0.0210332 0.020414 0.0191354 0.0174715 0.0156396 0.0138539 0.0122601 0.0109241 0.00986604 0.00907247 0.00851013 0.00815363 0.0079348 0.00782726 0.00780747 0.00787531 0.00802569 0.00828526 0.00864693 0.00912622 0.00970958 0.010424 0.0112822 0.0123011 0.0134771 0.0148007 0.0162462 0.0178252 0.0195241 0.0213011 0.0231424 0.0249811 0.0267865 0.0285302 0.0301475 0.0315632 0.0327453 0.0336209 0.0341692 0.0343408 0.0341032 0.0334462 0.0323691 0.0308948 0.0289955 0.0267008 0.0240742 0.0211687 0.018032 0.0147187 0.0112481 0.00769993 0.00412275 0.000538666 -0.0030391 -0.00659465 -0.01008 -0.0135339 -0.016938 -0.0202786 -0.0235633 -0.0268009 -0.0300025 -0.0331372 -0.036179 -0.039084 -0.0418198 -0.0443494 -0.0466044 -0.0485104 -0.050039 -0.0511451 -0.051774 -0.0519173 -0.0516112 -0.0508945 -0.0497705 -0.048331 -0.0466811 -0.0449091 -0.0431181 -0.041438 -0.0400084 -0.0388679 -0.0380835 
0 0.00596201 0.0118311 0.0175419 0.0230002 0.0281167 0.0327989 0.036994 0.0406403 0.0436724 0.0460771 0.0478529 0.0489888 0.0494752 0.0493531 0.0486805 0.0475056 0.0458879 0.0439384 0.0417219 0.0392842 0.0366921 0.0340108 0.0313088 0.028568 0.0258318 0.0230911 0.0203339 0.0175563 0.0147116 0.0118298 0.00886745 0.00583074 0.00268761 -0.000552156 -0.00382975 -0.00714552 -0.0104864 -0.013823 -0.0170963 -0.0202527 -0.0232343 -0.0260109 -0.0285005 -0.0306829 -0.0324937 -0.0339302 -0.034981 -0.0355997 -0.0358135 -0.0356317 -0.0350956 -0.0342251 -0.0330545 -0.0316096 -0.0299847 -0.028218 -0.0263814 -0.0244844 -0.0225664 -0.0206768 -0.0188514 -0.0171217 -0.015502 -0.0139903 -0.0125968 -0.0113478 -0.0102029 -0.00917564 -0.00821954 -0.0073275 -0.00647937 -0.00565515 -0.00479459 -0.00389387 -0.00284918 -0.00160841 -0.000123204 0.00163245 0.00368833 0.00602223 0.00857563 0.0111576 0.0135678 0.0155708 0.0168535 0.0171115 0.0161125 0.013644 0.00959452 0.0040217 -0.00292354 -0.0109739 -0.0197333 -0.0287296 -0.0374837 -0.0454773 -0.0522467 -0.0574007 -0.0606391 -0.0617475 -0.0606689 -0.0574449 -0.0522524 -0.0453917 -0.0372692 -0.0283221 -0.0190591 -0.00997417 -0.00150824 0.00595244 0.0120917 0.0167685 0.0199493 0.0216843 0.0221667 0.0216547 0.0203944 0.0186781 0.0168034 0.0149552 0.0132819 0.0118575 0.0107242 0.0098774 0.00928584 0.00888649 0.00869134 0.00863021 0.0086785 0.00881563 0.00905387 0.00938911 0.00986291 0.0104388 0.0111488 0.0119957 0.0129962 0.0141649 0.0155035 0.0169739 0.01857 0.0202722 0.0220495 0.0238904 0.0257231 0.0275227 0.0292312 0.0308125 0.0321942 0.0333213 0.0341291 0.0346191 0.0347292 0.0344479 0.0337385 0.0325849 0.0310471 0.0291245 0.0268441 0.0242258 0.0213362 0.0182443 0.0150162 0.0116778 0.00828757 0.00486774 0.00148735 -0.00184391 -0.00513027 -0.00831582 -0.0114301 -0.014462 -0.0174569 -0.0203947 -0.0232827 -0.02616 -0.0290266 -0.0319017 -0.0347494 -0.0375438 -0.0402539 -0.0428424 -0.0452464 -0.0474083 -0.049283 -0.0508234 -0.0519548 -0.0526461 -0.0529256 -0.0527889 -0.0522629 -0.0513937 -0.0502868 -0.0490145 -0.0476544 -0.0463518 -0.0452002 -0.0442834 -0.0436401 
0 0.00631413 0.0125223 0.0185158 0.0241966 0.0294386 0.0341558 0.0382769 0.0417476 0.0445296 0.046616 0.0480231 0.0487589 0.0488452 0.0483455 0.0473386 0.0458879 0.0440823 0.0420002 0.0397287 0.0373071 0.0348057 0.0322987 0.0298071 0.027354 0.0249129 0.0225115 0.020125 0.0177302 0.0153043 0.0128109 0.0102462 0.00756691 0.00476649 0.00185102 -0.00115359 -0.00424853 -0.00742533 -0.0106654 -0.0139018 -0.0170842 -0.0201829 -0.0231397 -0.0259169 -0.0284245 -0.0306263 -0.0324906 -0.0339795 -0.0350792 -0.0357707 -0.0360576 -0.035974 -0.0355122 -0.0346971 -0.0335753 -0.032186 -0.0306186 -0.0288932 -0.0270543 -0.0251537 -0.0232309 -0.0213516 -0.0195378 -0.0177851 -0.0161283 -0.0145702 -0.0131335 -0.0118409 -0.0106484 -0.00954006 -0.00848886 -0.00747039 -0.00647978 -0.00547714 -0.00438253 -0.00315938 -0.00175872 -0.000113582 0.00182296 0.00405041 0.00653151 0.0091712 0.0118373 0.0143102 0.016279 0.0174659 0.017599 0.0163861 0.0136605 0.00935922 0.00347127 -0.00382058 -0.0122021 -0.0212988 -0.0306344 -0.0396886 -0.0479718 -0.0549957 -0.06034 -0.0636774 -0.0648073 -0.0636564 -0.060288 -0.0549025 -0.0478057 -0.03937 -0.030084 -0.0204466 -0.0109472 -0.00209213 0.00571989 0.0122292 0.0172216 0.0206493 0.0226142 0.0232592 0.0228228 0.0216212 0.0199329 0.0180098 0.0160861 0.0143348 0.0128525 0.0116573 0.0107382 0.0100932 0.00971277 0.00953317 0.00951945 0.00964693 0.00987776 0.0102116 0.0106669 0.0112335 0.0119467 0.0127997 0.013792 0.01496 0.0162846 0.0177536 0.0193536 0.0210404 0.0228121 0.0246429 0.0264691 0.0282575 0.029929 0.031456 0.0327917 0.0338626 0.0346191 0.0350141 0.0350324 0.0346785 0.0339163 0.0327285 0.0311296 0.0291443 0.0268405 0.0242332 0.0213726 0.0183151 0.0151282 0.0118715 0.00858441 0.0053052 0.00207885 -0.00106286 -0.00412164 -0.00707277 -0.00991829 -0.0126337 -0.0152687 -0.0178531 -0.0203968 -0.0229262 -0.0254446 -0.0280035 -0.0306006 -0.0332381 -0.0358955 -0.0385457 -0.0411564 -0.0436664 -0.0460282 -0.0482023 -0.0501284 -0.0517327 -0.0529739 -0.0538351 -0.054323 -0.0544254 -0.0542026 -0.0537183 -0.0530314 -0.0522207 -0.0513685 -0.0505965 -0.0499467 -0.0494939 
0 0.00657279 0.0130157 0.019199 0.0249977 0.0302851 0.0349663 0.0389648 0.0422354 0.0447552 0.0465279 0.0475799 0.0479395 0.0476715 0.0468563 0.0455822 0.0439384 0.0420002 0.0398604 0.037584 0.035237 0.0328861 0.0305644 0.0283179 0.0261187 0.023977 0.0218894 0.0198409 0.0178188 0.0157462 0.0136333 0.0114267 0.00911148 0.00667034 0.00408725 0.00138118 -0.00147232 -0.00444714 -0.00752193 -0.0106519 -0.0137914 -0.0169123 -0.0199927 -0.0229382 -0.0257021 -0.0282151 -0.0304504 -0.0323697 -0.0339215 -0.0350957 -0.0358566 -0.03624 -0.036233 -0.0358504 -0.0351074 -0.0340673 -0.0327544 -0.0312331 -0.0295355 -0.0277132 -0.025828 -0.0239427 -0.0220717 -0.0202365 -0.0184666 -0.016764 -0.0151874 -0.0137135 -0.0123376 -0.0110335 -0.00979635 -0.0085971 -0.00743509 -0.00624101 -0.00499325 -0.00358357 -0.00196651 -0.000102457 0.0020134 0.00439509 0.00701358 0.00978782 0.012508 0.0149739 0.0169116 0.0180037 0.0179641 0.016549 0.013576 0.00897317 0.00279088 -0.00478649 -0.0134805 -0.0229006 -0.0325365 -0.0418938 -0.0504352 -0.0576449 -0.0631279 -0.0665606 -0.0677038 -0.0665211 -0.0630481 -0.0574681 -0.0501206 -0.0414091 -0.0317979 -0.0218253 -0.0119848 -0.00275924 0.00543385 0.0122727 0.0175669 0.0212776 0.0234601 0.0242799 0.0240007 0.0228766 0.0211881 0.0192596 0.0172976 0.0154747 0.0138948 0.0126233 0.0116748 0.0110359 0.0106453 0.0105069 0.0105483 0.010748 0.0110621 0.0115092 0.0120889 0.0128187 0.0136776 0.0146906 0.0158348 0.0171445 0.0186027 0.0201853 0.0218637 0.0236079 0.0253956 0.0271957 0.0289643 0.0306077 0.0320831 0.0333368 0.0343358 0.0350251 0.0353725 0.0353068 0.0348581 0.0340057 0.0327597 0.0311198 0.0290979 0.0267568 0.0241293 0.0212846 0.0182643 0.0151241 0.0119311 0.00873 0.0055383 0.00242738 -0.000588427 -0.00346458 -0.00621814 -0.00884955 -0.0113356 -0.0137072 -0.0159572 -0.0181657 -0.0203477 -0.0225287 -0.0247374 -0.0269915 -0.0293262 -0.0317314 -0.0342176 -0.0367707 -0.0393545 -0.0419254 -0.0444381 -0.0468527 -0.0491139 -0.0511533 -0.0529209 -0.0543776 -0.0555014 -0.0562887 -0.0567623 -0.0569699 -0.0569511 -0.056757 -0.0564526 -0.0561095 -0.0557918 -0.0555553 
