0 0 0 0 0 0 0 0 0 0 0 0 0 0 0 0 0 0 0 0 0 0 0 0 0 0 0 0 0 0 0 0 0 0 0 0 0 0 0 0 0 0 0 0 0 0 0 0 0 0 0 0 0 0 0 0 0 0 0 0 0 0 0 0 0 0 0 0 0 0 0 0 0 0 0 0 0 0 0 0 0 0 0 0 0 0 0 0 0 0 0 0 0 0 0 0 0 0 0 0 0 0 0 0 0 0 0 0 0 0 0 0 0 0 0 0 0 0 0 0 0 0 0 0 0 0 0 0 0 0 0 0 0 0 0 0 0 0 0 0 0 0 0 0 0 0 0 0 0 0 0 0 0 0 0 0 0 0 0 0 0 0 0 0 0 0 0 0 0 0 0 0 0 0 0 0 0 0 0 0 0 0 0 0 0 0 0 0 0 0 0 0 0 0 0 0 0 0 0 0 
0 -5.31474e-06 -4.82828e-06 6.05669e-06 6.42127e-07 4.11762e-06 9.40394e-06 1.70434e-05 2.23548e-05 2.28802e-05 4.05232e-05 4.86958e-05 5.48281e-05 5.50295e-05 5.83308e-05 6.55538e-05 6.41913e-05 6.81911e-05 6.60619e-05 6.67094e-05 6.53471e-05 6.9496e-05 7.14906e-05 7.64453e-05 9.01278e-05 0.000102699 0.00011491 0.000117481 0.000142082 0.000165061 0.000193497 0.000228995 0.000273591 0.000342312 0.000416596 0.000520344 0.000637919 0.000775492 0.000944858 0.00114467 0.0013654 0.0016213 0.00191319 0.00225293 0.0026386 0.00306288 0.00354072 0.00403551 0.00457059 0.00512421 0.00567539 0.00621576 0.00673222 0.00720776 0.00763971 0.00801133 0.00830183 0.00848804 0.00853808 0.00844417 0.00816693 0.00770627 0.00704568 0.00618315 0.00512103 0.00389492 0.00252474 0.00106404 -0.000425952 -0.00188791 -0.00326492 -0.00448498 -0.00551396 -0.00632763 -0.00689391 -0.00724048 -0.00738142 -0.00733121 -0.00713284 -0.00681842 -0.00639289 -0.00591138 -0.00538482 -0.00484066 -0.00431694 -0.00382885 -0.00336558 -0.00295772 -0.00259233 -0.00225877 -0.00194824 -0.00167322 -0.00142927 -0.00122178 -0.0010356 -0.000877931 -0.000744807 -0.000635879 -0.000529658 -0.000425583 -0.000316248 -0.000208645 -0.000101549 -1.07386e-05 7.43708e-05 0.000159236 0.000254093 0.000350398 0.00045973 0.000578242 0.000718305 0.000866041 0.00100708 0.0011377 0.001281 0.00141088 0.00154021 0.00168062 0.00182165 0.00195064 0.00207991 0.00217617 0.00225689 0.00233086 0.00239562 0.00246503 0.00255326 0.00263108 0.00269811 0.00273052 0.0026925 0.00256943 0.00234368 0.0019931 0.00150998 0.000901091 0.000154771 -0.000701868 -0.00163696 -0.00260911 -0.00357202 -0.00445273 -0.0052314 -0.0058589 -0.00632243 -0.00661679 -0.00674432 -0.00671853 -0.00655838 -0.00628845 -0.0059396 -0.00552227 -0.00505736 -0.00457831 -0.00407368 -0.00359501 -0.00314188 -0.0027227 -0.00234289 -0.0020026 -0.00170385 -0.00144319 -0.00121705 -0.00102291 -0.000849215 -0.000693123 -0.000579343 -0.000478627 -0.000403888 -0.000340884 -0.000295066 -0.000264563 -0.000239956 -0.00023259 -0.000219421 -0.000211609 -0.000207151 -0.000210504 -0.000202994 -0.000193244 -0.00018923 -0.00018829 -0.000186922 -0.000176068 -0.000179615 -0.000179076 -0.000183848 -0.000185434 -0.00018591 -0.000192742 -0.000190232 -0.000198463 -0.000197701 -0.000199216 -0.000200751 -0.000197575 -0.000199363 -0.000189719 -0.000191445 -0.000189907 
0 -4.82828e-06 1.43469e-05 2.32126e-05 3.07474e-05 2.59982e-05 4.01082e-05 5.52053e-05 4.94595e-05 5.65551e-05 6.62477e-05 8.44032e-05 8.65118e-05 8.29626e-05 9.78626e-05 0.000104436 0.000115878 0.000123717 0.000130467 0.000142538 0.000146334 0.000160867 0.000166678 0.000170638 0.000194367 0.000213535 0.000228592 0.00024376 0.00027946 0.000340689 0.000394927 0.000469583 0.000574564 0.000700339 0.000869332 0.00106651 0.00130672 0.00158432 0.00191727 0.00231972 0.00276374 0.00327352 0.00386574 0.00454957 0.00531527 0.0061802 0.00711381 0.0081087 0.00915927 0.0102413 0.0113255 0.0123724 0.0133731 0.0142995 0.0151305 0.0158449 0.016418 0.0167596 0.0168701 0.0166781 0.0161351 0.0152357 0.0139409 0.0122357 0.0101586 0.00773528 0.00503625 0.00217317 -0.000766384 -0.00363469 -0.00633717 -0.00874702 -0.0107901 -0.012404 -0.0135727 -0.0142806 -0.0145875 -0.0145089 -0.0141267 -0.0134904 -0.0126704 -0.0117249 -0.0107202 -0.00968768 -0.00867493 -0.0076996 -0.00680257 -0.00598052 -0.00521897 -0.00454012 -0.00394907 -0.00341186 -0.002926 -0.00250293 -0.00213801 -0.00183089 -0.00155482 -0.00129766 -0.00106241 -0.000848939 -0.000640812 -0.000447999 -0.000256745 -5.93907e-05 0.000138405 0.000325512 0.000516277 0.000718689 0.000953073 0.00120844 0.00146241 0.00172842 0.002016 0.00230222 0.0025794 0.00285967 0.00313822 0.00341103 0.00365537 0.00388706 0.00408911 0.00426067 0.00440757 0.00454428 0.00465732 0.0047975 0.00493187 0.00506742 0.00517944 0.00522806 0.0051537 0.00493787 0.00450377 0.00384871 0.00292958 0.00174692 0.000312048 -0.00135385 -0.00317985 -0.00507605 -0.00696192 -0.00871136 -0.0102375 -0.0115049 -0.0124299 -0.0130283 -0.0133005 -0.0132649 -0.0129585 -0.0124532 -0.0117746 -0.0109741 -0.0100869 -0.00914608 -0.00818285 -0.00723626 -0.00634788 -0.00551679 -0.00475396 -0.00406634 -0.00346625 -0.0029273 -0.00247537 -0.00208153 -0.00172561 -0.0014295 -0.00118412 -0.000997041 -0.000836405 -0.000705829 -0.000613753 -0.000535621 -0.000486487 -0.000458036 -0.000425728 -0.000405288 -0.000393777 -0.000397446 -0.000393274 -0.000374331 -0.000381525 -0.000386668 -0.000386916 -0.000381417 -0.000374947 -0.000386408 -0.000381105 -0.000382226 -0.00038282 -0.000377849 -0.000384634 -0.000378945 -0.00038567 -0.000381827 -0.000380652 -0.000388712 -0.000378886 -0.00038059 -0.000374863 -0.000383141 
0 6.05669e-06 2.32126e-05 5.64675e-05 4.85425e-05 5.65115e-05 7.11085e-05 8.76308e-05 9.02116e-05 7.79869e-05 0.000102478 0.000110807 0.000117715 0.000117778 0.00013114 0.000154142 0.000159608 0.000178553 0.000189641 0.000210755 0.000226989 0.000251419 0.000262681 0.000274586 0.000304897 0.000333482 0.000362882 0.000375894 0.000446131 0.000522177 0.000615927 0.000735313 0.000888319 0.00110721 0.00135197 0.00167227 0.00203572 0.00245739 0.00296934 0.00357351 0.00424865 0.00503107 0.0059271 0.00696195 0.00812534 0.00939496 0.0107927 0.0122322 0.0137607 0.0153274 0.0168804 0.0183938 0.0198341 0.0211554 0.0223431 0.0233533 0.0241317 0.0246158 0.0247319 0.0244503 0.0236695 0.0223725 0.0205026 0.0180421 0.0149984 0.0114672 0.00752535 0.0033328 -0.000935848 -0.00511796 -0.00906453 -0.0125942 -0.0156126 -0.0180445 -0.0197959 -0.0209068 -0.0214031 -0.0213225 -0.0207869 -0.0199035 -0.0187214 -0.0173914 -0.0159548 -0.0144729 -0.0130236 -0.011635 -0.0102873 -0.00905917 -0.00793993 -0.00692537 -0.00600667 -0.00520952 -0.00451138 -0.00390662 -0.00334734 -0.00284398 -0.00238995 -0.00199697 -0.00163181 -0.00130106 -0.000984826 -0.000688109 -0.000390532 -0.000110497 0.000182698 0.00049538 0.000838943 0.00117926 0.00153064 0.00188305 0.00227348 0.00268676 0.00310531 0.00352378 0.0039836 0.00440936 0.00480772 0.00518744 0.00552124 0.00579304 0.00604637 0.00622581 0.00638168 0.00653384 0.00666776 0.00680882 0.00698096 0.00712332 0.00724331 0.00729332 0.0071903 0.00689083 0.00632854 0.00542833 0.00414868 0.00249114 0.000430609 -0.00195963 -0.00458618 -0.00732951 -0.0100605 -0.01259 -0.0148491 -0.0167097 -0.018119 -0.0190511 -0.0195026 -0.0195028 -0.0191058 -0.0183886 -0.0174379 -0.0162958 -0.0150213 -0.013694 -0.0122943 -0.010941 -0.00963949 -0.00841112 -0.00727398 -0.00623721 -0.00531481 -0.0045046 -0.00380552 -0.00320868 -0.00268261 -0.00221975 -0.00186915 -0.00156209 -0.00132011 -0.00111178 -0.000950892 -0.000832925 -0.000739053 -0.000692272 -0.000637992 -0.00060251 -0.000584108 -0.000591433 -0.000579871 -0.000566053 -0.000571187 -0.000584531 -0.000593175 -0.00057641 -0.000585875 -0.000583891 -0.000588109 -0.000583407 -0.000575698 -0.000580608 -0.00056623 -0.000573637 -0.000563046 -0.000559606 -0.00056218 -0.000561423 -0.000572139 -0.000557807 -0.000567841 -0.000574731 
0 6.42127e-07 3.07474e-05 4.85425e-05 5.55313e-05 5.24197e-05 7.97004e-05 0.000109523 0.000108447 0.000116291 0.000133118 0.000159755 0.000167916 0.000171135 0.000198585 0.000215901 0.000231386 0.000243752 0.000257432 0.000282304 0.000299555 0.000327636 0.000342055 0.000353594 0.000396002 0.000438803 0.000480427 0.000527709 0.000615953 0.000745831 0.000877932 0.00105 0.00128034 0.00156405 0.00192193 0.00234475 0.0028482 0.00343391 0.00413523 0.00497055 0.00590533 0.00696952 0.00818719 0.00956679 0.0110877 0.0127587 0.0145375 0.0163994 0.0183419 0.0203269 0.0223024 0.0242073 0.0260114 0.0276639 0.0291223 0.0303483 0.0312948 0.0318403 0.0319683 0.0315795 0.0305825 0.0289417 0.0265753 0.0234404 0.0195814 0.0150605 0.010013 0.00464518 -0.000854932 -0.00623956 -0.0113275 -0.0159065 -0.0198397 -0.0230129 -0.0253668 -0.0268736 -0.0276035 -0.0275969 -0.026996 -0.0259131 -0.0244791 -0.0228163 -0.0210312 -0.0191818 -0.0173408 -0.0155393 -0.0138333 -0.0122399 -0.0107559 -0.00941948 -0.00824185 -0.00718175 -0.00622632 -0.00538014 -0.0046257 -0.00395714 -0.003344 -0.00277666 -0.00225889 -0.00179334 -0.00135751 -0.000952494 -0.000549756 -0.000132953 0.000300007 0.000737229 0.00119002 0.00165928 0.00216512 0.00269094 0.00321474 0.00375724 0.00433307 0.00491409 0.00548631 0.00604142 0.00655723 0.00701556 0.00738027 0.00767162 0.00788711 0.00803401 0.0081382 0.0082268 0.00828752 0.00838533 0.00849055 0.00860924 0.00872039 0.00876904 0.008663 0.0083474 0.00768879 0.00663187 0.00508921 0.00304072 0.000496519 -0.00249223 -0.00579628 -0.00925675 -0.01272 -0.0159746 -0.0188755 -0.0213335 -0.0232127 -0.0245038 -0.0251904 -0.0252902 -0.0248675 -0.024038 -0.0228725 -0.0214622 -0.0198787 -0.0181857 -0.0164308 -0.0146866 -0.0130137 -0.0114185 -0.00992324 -0.00854878 -0.00731878 -0.00621416 -0.00526867 -0.00444681 -0.00371567 -0.00309861 -0.00258958 -0.00218299 -0.00183806 -0.00155347 -0.00134009 -0.00116662 -0.00104787 -0.000969813 -0.000893832 -0.000840007 -0.000808834 -0.000806034 -0.000792089 -0.000762171 -0.000767914 -0.000776097 -0.000776735 -0.000766744 -0.000759737 -0.000772286 -0.000765673 -0.000764899 -0.000764959 -0.000761157 -0.000769515 -0.000764421 -0.000768848 -0.000761073 -0.000759639 -0.000772037 -0.000764647 -0.000764634 -0.000756242 -0.000764702 
0 4.11762e-06 2.59982e-05 5.65115e-05 5.24197e-05 6.04216e-05 8.90411e-05 0.000122289 0.000136334 0.000140748 0.000175791 0.000202732 0.000220372 0.000231715 0.000257711 0.00028588 0.000295624 0.000310317 0.000322497 0.000346222 0.000368325 0.000399287 0.00041971 0.000446404 0.000502211 0.000566557 0.000635841 0.000703901 0.000836018 0.000996664 0.0011846 0.00141891 0.00171774 0.00210674 0.00256336 0.0031241 0.00377599 0.00453942 0.00545514 0.00653051 0.00773883 0.00910809 0.0106476 0.0123696 0.0142522 0.0162693 0.0184171 0.0206231 0.0229156 0.0252434 0.02754 0.0297523 0.0318302 0.0337109 0.0353591 0.0367248 0.0377433 0.0383313 0.038415 0.0379293 0.0367508 0.0348203 0.0320423 0.0283678 0.0238061 0.018465 0.0124811 0.00608513 -0.00046774 -0.00692001 -0.013038 -0.0185664 -0.0233409 -0.0272337 -0.0301324 -0.0320538 -0.0330437 -0.0331685 -0.0325851 -0.0314407 -0.0298404 -0.0279595 -0.0258885 -0.023719 -0.0215516 -0.0194394 -0.0173963 -0.0154948 -0.0137326 -0.0121121 -0.0106277 -0.00929426 -0.0080945 -0.00702435 -0.00604735 -0.00516882 -0.00437393 -0.00366234 -0.00300088 -0.00238518 -0.00179157 -0.00122287 -0.000661172 -0.000116071 0.00043906 0.00101217 0.00162084 0.00224587 0.00290062 0.00357412 0.00428565 0.0050158 0.0057418 0.00644636 0.0071484 0.00778415 0.00834752 0.00883238 0.00920491 0.00945157 0.00960119 0.00962126 0.0095701 0.00948901 0.00939154 0.00933363 0.00934632 0.00939412 0.00947639 0.00952938 0.00944309 0.00913296 0.00847476 0.00734898 0.00566617 0.00339183 0.000501405 -0.00292291 -0.00674632 -0.0107917 -0.0148651 -0.0187214 -0.0222212 -0.0252037 -0.0275606 -0.0292362 -0.0302038 -0.030479 -0.0301269 -0.0292569 -0.0279816 -0.026387 -0.024565 -0.0226116 -0.0205487 -0.0184994 -0.0164984 -0.014572 -0.0127468 -0.0110467 -0.00949856 -0.00811012 -0.00689463 -0.00583748 -0.00490424 -0.00409539 -0.00344432 -0.00289472 -0.00244525 -0.00206937 -0.00177556 -0.00155117 -0.00138102 -0.00127056 -0.00116639 -0.00109014 -0.00104592 -0.00103409 -0.00100699 -0.000973463 -0.000963988 -0.000966111 -0.000963687 -0.000944339 -0.000948216 -0.000951792 -0.000956158 -0.000954644 -0.000953057 -0.000961064 -0.000960046 -0.000970302 -0.000965641 -0.000960627 -0.00096155 -0.000963501 -0.000967062 -0.000952098 -0.000952227 -0.000954827 
0 9.40394e-06 4.01082e-05 7.11085e-05 7.97004e-05 8.90411e-05 0.000119912 0.000152849 0.000165344 0.000176077 0.000206157 0.000236537 0.000252734 0.000265629 0.000295216 0.000326409 0.000347471 0.00036855 0.000391585 0.000423744 0.000456159 0.00049357 0.000525158 0.000563401 0.000632761 0.000715863 0.000806333 0.000913873 0.00108061 0.00129731 0.00154871 0.00186019 0.00225497 0.0027464 0.00333482 0.00403592 0.00485725 0.00581965 0.00696166 0.00829215 0.00978703 0.0114581 0.0133188 0.0153669 0.017576 0.0199235 0.0223781 0.0248934 0.0274658 0.0300484 0.0325712 0.0349694 0.037192 0.0391868 0.0409144 0.0423352 0.0433872 0.0439749 0.0440286 0.043452 0.0421223 0.0399553 0.0368479 0.0327371 0.0276398 0.0216464 0.014916 0.00769145 0.000247264 -0.00711913 -0.0141293 -0.0205035 -0.0260347 -0.0305696 -0.0340075 -0.0363429 -0.037634 -0.0379632 -0.0374837 -0.0363453 -0.0346883 -0.0326753 -0.0304294 -0.0280538 -0.0256506 -0.0232852 -0.0210037 -0.0188479 -0.0168224 -0.0149423 -0.013211 -0.0116193 -0.0101605 -0.00884027 -0.00764561 -0.00656947 -0.00558888 -0.00468745 -0.00384503 -0.00305183 -0.0022896 -0.00155251 -0.000824929 -0.000103 0.000623494 0.00135881 0.00211812 0.00290817 0.00374417 0.00461363 0.00550363 0.00640098 0.00728571 0.00812691 0.00891007 0.00960141 0.0101838 0.0106395 0.010936 0.0110673 0.0110414 0.0108574 0.0105659 0.0102228 0.00987397 0.0095994 0.00943503 0.00938046 0.00942085 0.00948224 0.00944828 0.00920778 0.0086127 0.00753245 0.00585307 0.0035091 0.000474262 -0.00319541 -0.00736166 -0.0118343 -0.0163916 -0.0207737 -0.024788 -0.0282678 -0.0310714 -0.0331323 -0.0344158 -0.0349273 -0.034733 -0.0339449 -0.0326717 -0.0310153 -0.0290751 -0.0269403 -0.0246724 -0.0223727 -0.020102 -0.0178879 -0.0157601 -0.0137531 -0.0118988 -0.0102152 -0.00872568 -0.00741535 -0.00625624 -0.00525676 -0.00442746 -0.00373716 -0.00316018 -0.00268014 -0.00229801 -0.00199526 -0.00176674 -0.00159851 -0.00145412 -0.00134487 -0.00127901 -0.00125055 -0.00121734 -0.00118043 -0.00116861 -0.00116935 -0.0011653 -0.00115227 -0.0011519 -0.00115872 -0.00115895 -0.00115501 -0.00115109 -0.00115073 -0.00115333 -0.00115726 -0.0011559 -0.00114928 -0.00114906 -0.00115515 -0.00115359 -0.00114572 -0.00114315 -0.0011488 
0 1.70434e-05 5.52053e-05 8.76308e-05 0.000109523 0.000122289 0.000152849 0.000182922 0.00019481 0.000211386 0.000236621 0.000268984 0.000285143 0.000300879 0.000332373 0.000366001 0.000398008 0.000425884 0.000460415 0.00050169 0.000547077 0.000594257 0.000641615 0.000698085 0.000784271 0.000890701 0.00100929 0.00116452 0.00137521 0.00165501 0.00198275 0.00238532 0.0028912 0.0035052 0.00424753 0.00511546 0.00613262 0.00731885 0.0087056 0.0103003 0.0120839 0.0140528 0.0162198 0.0185712 0.0210771 0.023713 0.0264231 0.0291806 0.0319476 0.0346807 0.0373098 0.0397677 0.04201 0.0440025 0.0457123 0.0471106 0.0481384 0.0486964 0.0487097 0.048057 0.0466195 0.0442847 0.0409456 0.0365263 0.0310416 0.0245657 0.0172715 0.00940625 0.00126049 -0.00684144 -0.0145844 -0.0216735 -0.0278671 -0.0329869 -0.036938 -0.0396916 -0.0413078 -0.0418826 -0.0415647 -0.0405094 -0.0388869 -0.0368468 -0.034537 -0.0320691 -0.0295417 -0.0270212 -0.0245715 -0.0222167 -0.0199767 -0.0178709 -0.0159136 -0.0140927 -0.0124118 -0.0108672 -0.00945234 -0.00815188 -0.00695135 -0.00583152 -0.00478346 -0.00378983 -0.00283654 -0.00190991 -0.000997868 -8.34195e-05 0.000839134 0.00177926 0.00274192 0.00373589 0.00476393 0.00582105 0.00688308 0.00793903 0.00896426 0.00992312 0.0107728 0.0114902 0.0120398 0.0123947 0.0125294 0.0124463 0.0121425 0.0116524 0.0110263 0.0103395 0.00967082 0.00911759 0.00872762 0.00853298 0.00850923 0.00858116 0.00863065 0.00852063 0.00808435 0.00717221 0.00564352 0.00339741 0.00039522 -0.0033365 -0.00766826 -0.0124067 -0.0173066 -0.0221012 -0.0265478 -0.0304669 -0.0336914 -0.0361392 -0.0377676 -0.0385761 -0.0386264 -0.0380248 -0.0368711 -0.0352726 -0.0333287 -0.031119 -0.0287387 -0.0262685 -0.023791 -0.0213393 -0.0189479 -0.0166606 -0.0145163 -0.0125451 -0.0107789 -0.00920696 -0.00781225 -0.00660755 -0.00558372 -0.00473202 -0.00400811 -0.00340424 -0.0029127 -0.00251511 -0.00221184 -0.0019735 -0.00178092 -0.00163207 -0.00153749 -0.0014834 -0.0014386 -0.00139699 -0.00138064 -0.001379 -0.00137318 -0.00136547 -0.00135987 -0.00136688 -0.00136412 -0.00135904 -0.0013534 -0.00134544 -0.00134819 -0.00134492 -0.00134491 -0.0013371 -0.00133485 -0.0013419 -0.0013367 -0.00133602 -0.00133437 -0.0013444 
0 2.23548e-05 4.94595e-05 9.02116e-05 0.000108447 0.000136334 0.000165344 0.00019481 0.000222606 0.000240301 0.000279363 0.000310835 0.000338206 0.000364456 0.000392649 0.000433787 0.000464678 0.00049726 0.000534331 0.000576558 0.000630402 0.000684942 0.000746401 0.000830417 0.000938227 0.00107914 0.0012474 0.00145786 0.0017436 0.00209059 0.00251839 0.00303041 0.0036539 0.00442176 0.0053241 0.00639237 0.00762794 0.00906195 0.0107174 0.0125869 0.0146591 0.016923 0.0193701 0.0219876 0.0247505 0.0275979 0.0305045 0.0334054 0.0362695 0.0390444 0.0416571 0.044062 0.046219 0.048106 0.0497185 0.0510277 0.0519639 0.0524725 0.05242 0.0517128 0.0502176 0.0477945 0.0443307 0.039747 0.0340126 0.0272227 0.0195361 0.0111969 0.00253607 -0.00612892 -0.0144474 -0.0221094 -0.0288541 -0.0344977 -0.0389052 -0.0420708 -0.0440188 -0.044864 -0.0447485 -0.043857 -0.0423421 -0.0403866 -0.0381187 -0.0356623 -0.0331122 -0.0305456 -0.027988 -0.0255042 -0.0231279 -0.0208595 -0.0187057 -0.016699 -0.0148307 -0.0130843 -0.0114447 -0.00990509 -0.00846245 -0.00711123 -0.00583322 -0.00461402 -0.00344067 -0.00229502 -0.00116305 -3.46114e-05 0.00110972 0.00228435 0.00349118 0.00472088 0.00595705 0.00719054 0.00842987 0.00963794 0.0107672 0.0117929 0.0126867 0.0133753 0.0138256 0.0140064 0.0139005 0.013494 0.0128266 0.0119259 0.0108792 0.00977805 0.00873653 0.00784061 0.00720043 0.00683088 0.00673317 0.00683659 0.00701867 0.00710815 0.00694491 0.00631505 0.00506748 0.00307211 0.000246664 -0.00337882 -0.00770289 -0.0125409 -0.0176284 -0.0226933 -0.0274887 -0.031768 -0.0353929 -0.0382309 -0.0402325 -0.0413987 -0.0417783 -0.0414525 -0.0405342 -0.0391041 -0.0372591 -0.0350903 -0.0326755 -0.0301275 -0.0275084 -0.0248802 -0.0222826 -0.0197599 -0.0173559 -0.0151249 -0.0130807 -0.0112398 -0.00959909 -0.00815322 -0.00692515 -0.00587366 -0.00499085 -0.00424739 -0.00362795 -0.00313622 -0.00274141 -0.00243214 -0.00218414 -0.00198879 -0.0018555 -0.00176286 -0.00168925 -0.00163681 -0.00160004 -0.00158789 -0.00157678 -0.00156039 -0.0015578 -0.00155058 -0.00155597 -0.0015519 -0.00154652 -0.00154895 -0.00154104 -0.00154838 -0.00154124 -0.00154057 -0.00154272 -0.001539 -0.00154374 -0.00153054 -0.00153602 -0.00153723 
0 2.28802e-05 5.65551e-05 7.79869e-05 0.000116291 0.000140748 0.000176077 0.000211386 0.000240301 0.000282052 0.000312358 0.000357584 0.000391427 0.000425973 0.000462434 0.00049698 0.000539043 0.000571271 0.000613463 0.000659953 0.000722224 0.000784964 0.000871233 0.000979991 0.00112411 0.00130927 0.00152823 0.00182828 0.00217792 0.00263153 0.00316607 0.00380585 0.00458572 0.00550186 0.00661118 0.00788367 0.00936401 0.0110666 0.0129959 0.0151445 0.0175049 0.0200363 0.0227425 0.0255851 0.0285307 0.0315465 0.0345358 0.0375048 0.0403558 0.0430571 0.0455558 0.0478041 0.0497782 0.0514911 0.0529289 0.0540818 0.0549046 0.0553088 0.0552142 0.0544707 0.05297 0.0505419 0.0470613 0.0424101 0.0365833 0.0296104 0.0216817 0.0130461 0.00401533 -0.00505548 -0.0137946 -0.0219068 -0.0290975 -0.035149 -0.0399752 -0.0434977 -0.045765 -0.0469002 -0.0470371 -0.0463388 -0.0450282 -0.0432228 -0.0410933 -0.0387473 -0.0362619 -0.0337021 -0.0311667 -0.0286464 -0.0261891 -0.0238276 -0.0215911 -0.0194366 -0.0173828 -0.0154249 -0.0135823 -0.0118257 -0.0101585 -0.0085508 -0.00702091 -0.00554465 -0.00412416 -0.00272718 -0.00134736 5.36323e-05 0.00146114 0.00289207 0.00432708 0.00578694 0.00725465 0.00872053 0.0101129 0.0114287 0.0126418 0.0137097 0.0145392 0.0151324 0.0154176 0.0153475 0.0149056 0.0141141 0.0129724 0.0116014 0.0100654 0.00848518 0.00700961 0.00576125 0.00481949 0.00428662 0.00413368 0.00429908 0.00467378 0.00505808 0.00524279 0.00501885 0.00417738 0.0025437 5.44512e-05 -0.00332458 -0.00748725 -0.0122585 -0.0173781 -0.0225982 -0.0276063 -0.0322015 -0.0361735 -0.0393971 -0.0418021 -0.0433685 -0.0441386 -0.0441856 -0.0435845 -0.0424302 -0.040804 -0.0387581 -0.0364386 -0.0338829 -0.0312132 -0.0284825 -0.0257369 -0.0230359 -0.0204236 -0.0179514 -0.0156551 -0.0135431 -0.0116332 -0.00995027 -0.0084638 -0.00721448 -0.00613593 -0.00523427 -0.00448276 -0.00386214 -0.00337711 -0.00296922 -0.00265581 -0.00240312 -0.00221682 -0.00207425 -0.00196927 -0.00189043 -0.00183631 -0.00180533 -0.00178032 -0.00176852 -0.00174641 -0.00174651 -0.00174222 -0.00174449 -0.00174816 -0.00174298 -0.00175414 -0.00174493 -0.00175021 -0.00174777 -0.0017465 -0.00175174 -0.00173864 -0.00174251 -0.00173169 -0.00173188 
0 4.05232e-05 6.62477e-05 0.000102478 0.000133118 0.000175791 0.000206157 0.000236621 0.000279363 0.000312358 0.000350233 0.000383066 0.000425361 0.000469344 0.00050225 0.000546958 0.000593041 0.000640023 0.000694527 0.000753644 0.000834306 0.00092214 0.00103547 0.00119287 0.00137626 0.00161324 0.00190466 0.00227176 0.00272318 0.00326241 0.00393178 0.00472357 0.00566475 0.00679052 0.00810792 0.0096342 0.0113748 0.0133512 0.0155551 0.0179654 0.0205747 0.023354 0.0262674 0.0292864 0.03238 0.0354628 0.0384901 0.041406 0.0441462 0.0466739 0.0489464 0.0509506 0.0526768 0.054135 0.0553533 0.0563149 0.0569678 0.0572927 0.0571437 0.0564153 0.0549727 0.0526131 0.0491899 0.0445884 0.0387377 0.031711 0.0236711 0.014862 0.00562796 -0.00369765 -0.0127326 -0.021161 -0.0286844 -0.0350854 -0.0402216 -0.0440591 -0.0466118 -0.0480169 -0.0484076 -0.0479775 -0.0468934 -0.0453137 -0.0433702 -0.0411861 -0.0388441 -0.036426 -0.0339617 -0.0315075 -0.0291052 -0.0267378 -0.0244087 -0.02216 -0.0199934 -0.0178877 -0.0158442 -0.0138667 -0.0119641 -0.0101283 -0.0083503 -0.0066063 -0.00488756 -0.00318522 -0.00150066 0.000176728 0.00185427 0.00355054 0.00526323 0.00697819 0.00865528 0.0102786 0.0118413 0.0132818 0.0145246 0.0155389 0.0162795 0.0166758 0.0166855 0.0162733 0.015436 0.0141707 0.0125325 0.0106074 0.00852146 0.006422 0.00449452 0.00285633 0.00166239 0.000972765 0.000793876 0.00107104 0.00168376 0.00241291 0.00305626 0.00332893 0.00300509 0.0018808 -0.000173718 -0.00316956 -0.00704106 -0.0116205 -0.0166441 -0.0218694 -0.0270162 -0.0318114 -0.0360986 -0.0396884 -0.0424932 -0.0444941 -0.0457 -0.0461597 -0.0459622 -0.0451674 -0.0438479 -0.0420713 -0.039927 -0.0375001 -0.0348612 -0.0321021 -0.0292789 -0.0264462 -0.0236655 -0.0210022 -0.0184725 -0.0161149 -0.0139617 -0.0120135 -0.010293 -0.00879135 -0.00750653 -0.00641314 -0.0054822 -0.0047255 -0.00409775 -0.00358404 -0.00317921 -0.00285517 -0.00260935 -0.00241142 -0.00226801 -0.00216994 -0.00208903 -0.00204118 -0.00200961 -0.00198716 -0.00197367 -0.00195709 -0.00195996 -0.00195682 -0.00195277 -0.00195698 -0.00194853 -0.00195147 -0.00194118 -0.00194294 -0.00194444 -0.00193441 -0.0019407 -0.00193186 -0.0019369 -0.00192891 
0 4.86958e-05 8.44032e-05 0.000110807 0.000159755 0.000202732 0.000236537 0.000268984 0.000310835 0.000357584 0.000383066 0.000417602 0.000461031 0.000508642 0.000547464 0.000591076 0.000652398 0.000714336 0.000785921 0.000865536 0.00097104 0.00108577 0.0012422 0.00143971 0.0016773 0.00197438 0.00233685 0.00280978 0.00335427 0.00403021 0.00484871 0.00582061 0.00697254 0.00830933 0.0098836 0.0116648 0.0136797 0.0159316 0.0183937 0.0210426 0.0238781 0.0268473 0.029923 0.033052 0.0361919 0.0392799 0.0422176 0.0450033 0.0475368 0.0498014 0.0517813 0.0534726 0.0548775 0.0560417 0.0569892 0.0577281 0.05824 0.0584792 0.058343 0.0576733 0.0563327 0.0540926 0.0507899 0.0462782 0.0405182 0.033529 0.0254911 0.0166472 0.00731238 -0.00215719 -0.0113632 -0.0200013 -0.0277484 -0.034364 -0.0397513 -0.0438288 -0.0466311 -0.0482963 -0.0489465 -0.0487448 -0.0479107 -0.0465589 -0.0448531 -0.0429055 -0.0407878 -0.038561 -0.0363036 -0.0339974 -0.031681 -0.0293716 -0.0270932 -0.0248112 -0.0225526 -0.0203217 -0.018144 -0.015997 -0.0138927 -0.0118013 -0.00974548 -0.00770597 -0.00569493 -0.00368899 -0.00169336 0.000316337 0.00231056 0.00430228 0.00626062 0.00819636 0.0100838 0.0119013 0.0135612 0.015036 0.0162715 0.0172106 0.017752 0.0178876 0.0175527 0.0167159 0.0153833 0.0135903 0.011372 0.00888819 0.00624633 0.00362262 0.00123576 -0.000756136 -0.00221479 -0.00300908 -0.00315908 -0.00271891 -0.00180294 -0.000655752 0.00048229 0.00133171 0.0016111 0.00107394 -0.000408354 -0.00291662 -0.0063846 -0.0106595 -0.0154897 -0.020647 -0.0258135 -0.0307602 -0.0352756 -0.0391846 -0.0423777 -0.0448096 -0.0464776 -0.0474095 -0.0476624 -0.0473019 -0.0463823 -0.0449394 -0.0430973 -0.0408713 -0.0383689 -0.0356691 -0.0328353 -0.0299414 -0.0270501 -0.0242285 -0.0215093 -0.018928 -0.0165339 -0.0143495 -0.0123603 -0.0106226 -0.00909731 -0.00779113 -0.00667426 -0.00573709 -0.0049665 -0.00431119 -0.00380052 -0.0033885 -0.00306333 -0.00280187 -0.00261416 -0.00248311 -0.00237735 -0.00230314 -0.00225393 -0.00222864 -0.00219923 -0.00218426 -0.00217251 -0.0021649 -0.00215904 -0.00215215 -0.00215413 -0.00214386 -0.00214402 -0.00214504 -0.00214332 -0.00213995 -0.00213505 -0.00214338 -0.00213792 -0.00212953 
0 5.48281e-05 8.65118e-05 0.000117715 0.000167916 0.000220372 0.000252734 0.000285143 0.000338206 0.000391427 0.000425361 0.000461031 0.000514596 0.000572163 0.00061538 0.000664215 0.00073272 0.000806397 0.000889645 0.000986038 0.00111439 0.00126665 0.00146576 0.00172322 0.00202621 0.00240327 0.00287019 0.00345451 0.00413672 0.00495572 0.0059537 0.00713094 0.00850481 0.0100921 0.0119245 0.0139825 0.0162714 0.0187863 0.0214884 0.02435 0.0273637 0.0304847 0.0336548 0.0368193 0.0399303 0.0429057 0.0456726 0.048211 0.0504482 0.0523742 0.053994 0.0553251 0.0563894 0.0572345 0.0579161 0.0584475 0.0588212 0.0590155 0.0589022 0.0583241 0.0571188 0.0550395 0.051902 0.0475614 0.0419445 0.0350801 0.0271259 0.0183203 0.00898261 -0.00052712 -0.00981125 -0.0185447 -0.0264089 -0.0331656 -0.038701 -0.0429504 -0.0459405 -0.0478015 -0.0486592 -0.0486863 -0.0480778 -0.0469699 -0.045515 -0.0438301 -0.0419857 -0.0400349 -0.0380146 -0.0359304 -0.0338064 -0.0316327 -0.0294217 -0.0271866 -0.0249434 -0.0226773 -0.0203936 -0.0180921 -0.0157875 -0.0134707 -0.0111582 -0.0088362 -0.00650885 -0.00417822 -0.00185538 0.00046758 0.00276993 0.00505491 0.00729628 0.00946781 0.0115223 0.0134346 0.0151576 0.016635 0.0177858 0.0185516 0.0188551 0.0186514 0.0178914 0.0165601 0.0146841 0.0123084 0.00950569 0.00643039 0.00323042 0.000106666 -0.00270296 -0.00501984 -0.00666866 -0.00752526 -0.00759272 -0.00692536 -0.00565839 -0.00404657 -0.00235034 -0.000883265 4.70296e-05 0.000170656 -0.000689019 -0.00262124 -0.00559789 -0.00947783 -0.0140238 -0.0190087 -0.0241301 -0.0291341 -0.0338262 -0.0380081 -0.0415547 -0.0444125 -0.0465439 -0.0479549 -0.0486898 -0.0487961 -0.048318 -0.0472968 -0.0458195 -0.0439091 -0.0416374 -0.0390921 -0.0363415 -0.0334567 -0.0305191 -0.0275966 -0.0247264 -0.0219601 -0.0193584 -0.0169373 -0.0147046 -0.0127034 -0.0109307 -0.00938778 -0.00805356 -0.00693068 -0.0059845 -0.00518709 -0.00455194 -0.00403805 -0.00362067 -0.00327687 -0.00302596 -0.00284473 -0.00269464 -0.00258187 -0.00250691 -0.00246296 -0.0024276 -0.00240275 -0.00238851 -0.00237576 -0.0023666 -0.00236471 -0.00236101 -0.00235499 -0.00235096 -0.00235383 -0.00235041 -0.00233781 -0.00233857 -0.00234445 -0.00234497 -0.00233246 
0 5.50295e-05 8.29626e-05 0.000117778 0.000171135 0.000231715 0.000265629 0.000300879 0.000364456 0.000425973 0.000469344 0.000508642 0.000572163 0.000640272 0.000691177 0.000747553 0.000824944 0.000914166 0.00101361 0.00113419 0.00129336 0.0014909 0.00174209 0.00206409 0.0024453 0.0029177 0.00350816 0.00422926 0.00507558 0.00607268 0.0072788 0.00868947 0.0103089 0.0121577 0.0142496 0.016574 0.0191179 0.0218702 0.0247837 0.0278255 0.0309779 0.0341926 0.0373869 0.0404985 0.0434767 0.0462384 0.048736 0.0509436 0.0528187 0.0543564 0.0555826 0.0565332 0.0572486 0.0577877 0.0582261 0.0585871 0.0588692 0.0590531 0.0589937 0.0585275 0.0574678 0.0555669 0.0526236 0.0484908 0.0430722 0.0363888 0.0285757 0.0198671 0.0105829 0.00109499 -0.00819469 -0.016944 -0.0248373 -0.031643 -0.03724 -0.0415766 -0.044677 -0.0466659 -0.0476727 -0.0478767 -0.0474644 -0.0465906 -0.045394 -0.0439856 -0.0424264 -0.0407665 -0.0390229 -0.0372047 -0.0353218 -0.0333672 -0.0313359 -0.0292311 -0.0270515 -0.0247937 -0.0224623 -0.0200653 -0.0176078 -0.015091 -0.0125333 -0.00994036 -0.00731934 -0.0046843 -0.00204418 0.000593202 0.00320082 0.00575885 0.00823834 0.0106028 0.0128054 0.0147954 0.0165175 0.0179058 0.018889 0.0194047 0.0193879 0.0187838 0.0175584 0.0157024 0.0132542 0.0102737 0.00687412 0.00322015 -0.000505546 -0.00408327 -0.00725934 -0.00983511 -0.0116113 -0.0124627 -0.0123773 -0.0114171 -0.00973827 -0.00761226 -0.00532738 -0.00322044 -0.00162031 -0.000811549 -0.00100138 -0.0022973 -0.00470673 -0.00811019 -0.0122991 -0.0170442 -0.0220555 -0.0270609 -0.0318655 -0.03626 -0.0401119 -0.0433567 -0.0459347 -0.0478268 -0.0490575 -0.0496554 -0.0496526 -0.0490964 -0.0480443 -0.0465234 -0.0445764 -0.0422872 -0.0397194 -0.0369401 -0.0340357 -0.0310751 -0.028103 -0.025188 -0.0224024 -0.0197638 -0.0172973 -0.0150391 -0.0130146 -0.0112247 -0.00966116 -0.00833026 -0.00718913 -0.00622618 -0.00544337 -0.00480548 -0.00427466 -0.00383326 -0.00350201 -0.00325624 -0.00305301 -0.00289463 -0.00278661 -0.00271649 -0.00266722 -0.00262886 -0.0026079 -0.00258925 -0.0025773 -0.00257833 -0.00257148 -0.00256833 -0.00256467 -0.00257191 -0.00256907 -0.00255116 -0.002553 -0.00255576 -0.00255617 -0.00253782 
0 5.83308e-05 9.78626e-05 0.00013114 0.000198585 0.000257711 0.000295216 0.000332373 0.000392649 0.000462434 0.00050225 0.000547464 0.00061538 0.000691177 0.000754869 0.000820515 0.000915519 0.00102997 0.00115872 0.00131918 0.00152747 0.00178341 0.00211081 0.00250612 0.00298671 0.00357149 0.00429252 0.0051748 0.00618726 0.00739351 0.00882062 0.0104821 0.0123722 0.0144832 0.0168457 0.0194222 0.022204 0.0251638 0.0282481 0.0314162 0.0346489 0.0378698 0.0410046 0.0439737 0.0467203 0.049202 0.0513504 0.0531778 0.0546428 0.0557548 0.0565664 0.0571321 0.0575059 0.0577813 0.0580199 0.0582585 0.058509 0.058705 0.0587341 0.0583975 0.0574971 0.0557898 0.0530614 0.0491345 0.0439341 0.0374375 0.0297852 0.0212162 0.0120353 0.00263076 -0.00659327 -0.0152973 -0.0231617 -0.0299408 -0.0355344 -0.0398674 -0.0429846 -0.0450125 -0.0461006 -0.0464119 -0.0461642 -0.0454846 -0.0445169 -0.0433585 -0.0420705 -0.0406808 -0.0392424 -0.0377256 -0.0361265 -0.0344438 -0.0326713 -0.0307552 -0.0287042 -0.0265198 -0.0242073 -0.0217613 -0.0192067 -0.016541 -0.0137889 -0.0109596 -0.00808087 -0.00516448 -0.00223818 0.000679319 0.00354458 0.00634026 0.00901131 0.0115157 0.0138065 0.0158289 0.0174768 0.0187032 0.0194516 0.0196528 0.0192301 0.0181781 0.0164518 0.0140571 0.0110375 0.00748005 0.00349624 -0.000694477 -0.00490265 -0.00887308 -0.0123391 -0.0150725 -0.0168984 -0.0176605 -0.0173631 -0.0160724 -0.013949 -0.0112776 -0.00838584 -0.005611 -0.00332165 -0.00182377 -0.0013201 -0.00196758 -0.00377487 -0.00665257 -0.0104282 -0.0148796 -0.019709 -0.024674 -0.0295231 -0.03407 -0.0381693 -0.0417351 -0.0447124 -0.0470591 -0.0487706 -0.0498701 -0.0503718 -0.0503066 -0.0497413 -0.0486583 -0.0471168 -0.0451671 -0.0428667 -0.0402875 -0.0375004 -0.0345766 -0.0315758 -0.0285722 -0.0256476 -0.0228401 -0.0201553 -0.0176669 -0.015383 -0.0133341 -0.0115261 -0.00994624 -0.00858958 -0.00742213 -0.00646741 -0.00568221 -0.0050191 -0.00447171 -0.00404758 -0.00372578 -0.00346452 -0.00325511 -0.00310687 -0.00300928 -0.0029324 -0.00288322 -0.00284467 -0.00282107 -0.00280895 -0.00280054 -0.00279744 -0.00277872 -0.00277965 -0.00278383 -0.00277732 -0.0027653 -0.00275548 -0.00277027 -0.00276284 -0.002749 
0 6.55538e-05 0.000104436 0.000154142 0.000215901 0.00028588 0.000326409 0.000366001 0.000433787 0.00049698 0.000546958 0.000591076 0.000664215 0.000747553 0.000820515 0.000903573 0.0010203 0.00116554 0.00133596 0.00154604 0.00180882 0.00214737 0.00255023 0.00305173 0.00364196 0.00435876 0.00524622 0.00628578 0.00751824 0.00893639 0.0106174 0.0125483 0.0147019 0.0170966 0.0197014 0.0225218 0.0255122 0.0286377 0.0318404 0.0350767 0.0382911 0.0414386 0.044403 0.0471305 0.04958 0.0516872 0.0534617 0.0548552 0.0558867 0.0565649 0.0569619 0.0571549 0.0572411 0.0572876 0.0573894 0.0575701 0.057816 0.0580898 0.058226 0.0580512 0.0573324 0.0558273 0.0532902 0.0495761 0.044545 0.0382332 0.03075 0.0223317 0.0133001 0.00403864 -0.00508263 -0.0136794 -0.0214502 -0.0281684 -0.033673 -0.0379395 -0.0410078 -0.0429962 -0.044073 -0.0444453 -0.0442636 -0.0437139 -0.0429061 -0.0419469 -0.0408902 -0.0397904 -0.0386216 -0.0374178 -0.0361477 -0.0347707 -0.0332332 -0.0315673 -0.0297264 -0.0276915 -0.0254484 -0.0230353 -0.0204369 -0.0176916 -0.0148072 -0.0118177 -0.00872407 -0.00558852 -0.00243328 0.000692866 0.00376668 0.00671731 0.00952712 0.0121166 0.0144128 0.0163336 0.017861 0.018887 0.019337 0.0191511 0.0183199 0.0167721 0.0145225 0.0115811 0.00801262 0.00389949 -0.000579249 -0.00525618 -0.00985929 -0.0141236 -0.017781 -0.0205962 -0.0223574 -0.0229768 -0.0224158 -0.0207514 -0.0181771 -0.0149543 -0.0114313 -0.00799095 -0.00500711 -0.00279922 -0.0016344 -0.00162517 -0.00283915 -0.00518561 -0.0085221 -0.0126236 -0.0172443 -0.022085 -0.0269369 -0.0315713 -0.0358434 -0.0396751 -0.0429846 -0.0457335 -0.047905 -0.0494921 -0.0504953 -0.050962 -0.0508797 -0.0502963 -0.0491965 -0.0476476 -0.0456994 -0.0433944 -0.0408161 -0.0380159 -0.0350587 -0.0320378 -0.0290377 -0.0260888 -0.0232495 -0.020532 -0.018019 -0.0157134 -0.0136405 -0.0118179 -0.0101995 -0.00882314 -0.00766123 -0.00670484 -0.00589778 -0.00522242 -0.00469546 -0.00428167 -0.00394764 -0.00367824 -0.00347997 -0.00333668 -0.00323572 -0.00315256 -0.00309914 -0.00305934 -0.00303715 -0.00303163 -0.00301025 -0.00299983 -0.00298987 -0.002999 -0.00299721 -0.00297719 -0.00298077 -0.00297999 -0.00298225 -0.00296314 
0 6.41913e-05 0.000115878 0.000159608 0.000231386 0.000295624 0.000347471 0.000398008 0.000464678 0.000539043 0.000593041 0.000652398 0.00073272 0.000824944 0.000915519 0.0010203 0.00116108 0.00134525 0.00155805 0.0018214 0.00215223 0.0025635 0.00307639 0.00367886 0.00441223 0.00529011 0.0063536 0.00761522 0.00906654 0.0107582 0.0127005 0.0149042 0.0173351 0.0199736 0.0228134 0.0258314 0.0289856 0.0322235 0.0354812 0.038696 0.0418292 0.0447874 0.0475062 0.049916 0.051975 0.0536823 0.0550064 0.0559514 0.0565327 0.0567817 0.0567986 0.0566841 0.056525 0.0564345 0.0564521 0.0566189 0.0569349 0.0572988 0.0575927 0.0575996 0.0570611 0.0557374 0.0533826 0.0498119 0.044954 0.0387987 0.0314798 0.0232337 0.0143633 0.0052491 -0.00371988 -0.0121793 -0.0198134 -0.026382 -0.0317607 -0.0359024 -0.038862 -0.0407639 -0.0417819 -0.042088 -0.0418946 -0.0413649 -0.0406346 -0.0398085 -0.0389479 -0.0380688 -0.0371944 -0.0362759 -0.035274 -0.0341858 -0.0329758 -0.031566 -0.0299387 -0.0280996 -0.0260345 -0.0237209 -0.0211779 -0.0184255 -0.0154803 -0.0123887 -0.00920337 -0.00594322 -0.00264997 0.000616388 0.00380389 0.0068531 0.00968045 0.0122228 0.0144354 0.0162455 0.0175389 0.0182637 0.0183873 0.0178335 0.0165411 0.0145142 0.0117433 0.00826976 0.00417488 -0.000420117 -0.00534649 -0.0103686 -0.0152489 -0.0197037 -0.0234554 -0.0262498 -0.0279075 -0.0283004 -0.0274208 -0.0253592 -0.0222993 -0.0185249 -0.0144023 -0.0103064 -0.00664529 -0.00377005 -0.00192826 -0.0013048 -0.00193416 -0.00375626 -0.00664933 -0.0103904 -0.0147304 -0.0194267 -0.0242007 -0.0288677 -0.0332697 -0.0372888 -0.0408786 -0.0439715 -0.0465391 -0.0485761 -0.0500669 -0.0510285 -0.0514708 -0.051376 -0.0507722 -0.0496773 -0.0481347 -0.0461996 -0.0439042 -0.0413116 -0.0384822 -0.03551 -0.0324837 -0.0294639 -0.0264843 -0.0236063 -0.0208762 -0.0183383 -0.0160292 -0.0139356 -0.0120809 -0.0104548 -0.0090773 -0.00792283 -0.00693857 -0.00612416 -0.00546134 -0.004938 -0.00451242 -0.00416535 -0.00389991 -0.00370454 -0.0035575 -0.00344988 -0.00336515 -0.00331001 -0.00328074 -0.00325773 -0.00324316 -0.00321634 -0.0032147 -0.00321791 -0.00321208 -0.00320545 -0.00319348 -0.0032069 -0.00319575 -0.00318391 
0 6.81911e-05 0.000123717 0.000178553 0.000243752 0.000310317 0.00036855 0.000425884 0.00049726 0.000571271 0.000640023 0.000714336 0.000806397 0.000914166 0.00102997 0.00116554 0.00134525 0.00157024 0.00184135 0.00216875 0.00256995 0.00308428 0.00370025 0.00444581 0.00533372 0.00639899 0.00768509 0.00916751 0.0108942 0.0128485 0.0150665 0.0175346 0.020207 0.0230819 0.0261078 0.0292866 0.0325521 0.0358336 0.0390638 0.0421852 0.0451257 0.0478336 0.0502225 0.0522537 0.0538993 0.0551427 0.0560155 0.0564851 0.0566197 0.0564721 0.0561616 0.0557951 0.0554934 0.0553231 0.0553384 0.0555642 0.0559736 0.0564832 0.0569319 0.0571091 0.0567324 0.0555599 0.0533326 0.0499102 0.0451723 0.0391653 0.031998 0.0238964 0.0151802 0.00623569 -0.00258199 -0.0108627 -0.0183126 -0.0247187 -0.0299132 -0.033886 -0.0366913 -0.038432 -0.0392935 -0.0394912 -0.039187 -0.0385968 -0.0378526 -0.0370733 -0.0363107 -0.0356053 -0.0349141 -0.0342412 -0.0335261 -0.0327151 -0.0317352 -0.0306107 -0.0292712 -0.0276782 -0.0258042 -0.0236713 -0.0212524 -0.0186018 -0.0157223 -0.0126678 -0.00945914 -0.00617288 -0.00285724 0.000408589 0.00359103 0.00657988 0.00933967 0.0117767 0.0138025 0.0153335 0.0163633 0.0167836 0.0165341 0.0155511 0.0138307 0.0113241 0.00807384 0.0041226 -0.00041882 -0.0054178 -0.0106581 -0.0159526 -0.0210015 -0.0255295 -0.0292736 -0.0319724 -0.0334236 -0.033552 -0.0323121 -0.0298102 -0.0262696 -0.0219483 -0.017237 -0.0125383 -0.00824895 -0.00472938 -0.00227982 -0.00104269 -0.0011108 -0.00241737 -0.00485631 -0.00820788 -0.0122619 -0.0167432 -0.0214163 -0.0260661 -0.0305341 -0.0347014 -0.0384906 -0.0418519 -0.0447461 -0.0471618 -0.0490852 -0.0505389 -0.0514699 -0.0519059 -0.0518083 -0.0512035 -0.050129 -0.048609 -0.0466833 -0.0443815 -0.0417661 -0.0389301 -0.0359568 -0.0329116 -0.0298692 -0.0268487 -0.0239533 -0.0212084 -0.0186628 -0.0163318 -0.014209 -0.0123478 -0.0107227 -0.00934378 -0.00816454 -0.00716881 -0.00635462 -0.00569137 -0.00515697 -0.00472036 -0.00437701 -0.00411818 -0.00392656 -0.00377892 -0.0036691 -0.00359058 -0.00354349 -0.00351096 -0.00347981 -0.00345642 -0.00344259 -0.00344035 -0.0034319 -0.0034201 -0.00341773 -0.00342003 -0.00341841 -0.00340913 
