0 0 0 0 0 0 0 0 0 0 0 0 0 0 0 0 0 0 0 0 0 0 0 0 0 0 0 0 0 0 0 0 0 0 0 0 0 0 0 0 0 0 0 0 0 0 0 0 0 0 0 0 0 0 0 0 0 0 0 0 0 0 0 0 0 0 0 0 0 0 0 0 0 0 0 0 0 0 0 0 0 0 0 0 0 0 0 0 0 0 0 0 0 0 0 0 0 0 0 0 0 0 0 0 0 0 0 0 0 0 0 0 0 0 0 0 0 0 0 0 0 0 0 0 0 0 0 0 0 0 0 0 0 0 0 0 0 0 0 0 0 0 0 0 0 0 0 0 0 0 0 0 0 0 0 0 0 0 0 0 0 0 0 0 0 0 0 0 0 0 0 0 0 0 0 0 0 0 0 0 0 0 0 0 0 0 0 0 0 0 0 0 0 0 0 0 0 0 0 0 
0 -0.00165066 -0.00324671 -0.00471808 -0.00603157 -0.00715284 -0.00806068 -0.00872239 -0.00913454 -0.00932029 -0.00928486 -0.00906366 -0.00868326 -0.00817604 -0.00755979 -0.00687518 -0.0061801 -0.00549493 -0.00484766 -0.00424787 -0.00369893 -0.00318869 -0.00272771 -0.00233429 -0.00200708 -0.00173386 -0.00150299 -0.00130225 -0.001128 -0.000993859 -0.000886064 -0.000811741 -0.000744639 -0.000683075 -0.00061999 -0.00057043 -0.000549551 -0.000521802 -0.0005019 -0.000473361 -0.00044546 -0.000419025 -0.000399482 -0.000387168 -0.000375632 -0.000357662 -0.000333794 -0.000305964 -0.000293643 -0.000292072 -0.000281136 -0.000279398 -0.000261639 -0.000247411 -0.000231335 -0.000219617 -0.000211779 -0.000209774 -0.000198823 -0.000183282 -0.000169474 -0.000165835 -0.000170379 -0.000179202 -0.000190455 -0.000192453 -0.000201256 -0.000217174 -0.000256216 -0.000306987 -0.000376665 -0.000460777 -0.00057805 -0.000704827 -0.000842612 -0.00100076 -0.00118644 -0.00137209 -0.00156376 -0.00173054 -0.00186106 -0.00194533 -0.00196806 -0.00191717 -0.00178124 -0.00154374 -0.00123006 -0.000842782 -0.00039862 5.52322e-05 0.00050423 0.000918421 0.00125548 0.00151457 0.00169443 0.0017913 0.00183482 0.00184132 0.00182911 0.00181694 0.00182631 0.00185906 0.00190905 0.00196811 0.00201082 0.0019953 0.00191578 0.00174345 0.00146388 0.00110672 0.000682493 0.00021385 -0.000244172 -0.000678653 -0.00106855 -0.00138194 -0.00162081 -0.00176919 -0.00182643 -0.00180278 -0.00170861 -0.00156749 -0.00140296 -0.00121037 -0.00102455 -0.000843681 -0.000669369 -0.000508795 -0.000377755 -0.000256313 -0.000161805 -9.11028e-05 -4.61444e-05 -3.97118e-06 3.58254e-05 7.97948e-05 0.000102074 0.000117101 0.000126972 0.000132237 0.000136924 0.00014288 0.000152077 0.00016085 0.000165451 0.000163672 0.000164902 0.00017367 0.000198378 0.000207607 0.000221109 0.000220025 0.000220361 0.000230101 0.000240197 0.000254728 0.000275062 0.000287052 0.000294847 0.000306538 0.000330314 0.00036575 0.000390098 0.000415092 0.000422942 0.000448488 0.000483303 0.000521752 0.000566657 0.000603639 0.000637598 0.000671978 0.000730598 0.000799592 0.000865903 0.000924587 0.000984983 0.0010491 0.00112807 0.00121059 0.00128366 0.00133793 0.00135496 0.00133626 0.00126727 0.00114557 0.000935336 0.000626624 0.000225736 -0.000271843 -0.000850723 -0.00150436 -0.00221457 -0.00298992 -0.00380397 -0.00460174 -0.00534127 -0.00597152 -0.00645884 -0.00677376 
0 -0.00324671 -0.00637907 -0.00929514 -0.0118766 -0.0141014 -0.0158847 -0.0171975 -0.0180315 -0.018412 -0.0183782 -0.0179469 -0.0172177 -0.0162244 -0.0150298 -0.0137122 -0.0123566 -0.0110232 -0.00972945 -0.0085329 -0.00743383 -0.0064241 -0.00552061 -0.00473779 -0.00407323 -0.00350847 -0.00303121 -0.00263404 -0.00229888 -0.002032 -0.00181802 -0.00164268 -0.00151024 -0.00138454 -0.00127183 -0.00118195 -0.00111668 -0.00105349 -0.000985962 -0.000934641 -0.000884115 -0.000835304 -0.000793648 -0.000755909 -0.000722586 -0.000698431 -0.000661834 -0.000625788 -0.000606057 -0.00058097 -0.000555552 -0.000528142 -0.000506105 -0.000486221 -0.00046359 -0.000444303 -0.000423787 -0.000413643 -0.000409339 -0.00038251 -0.000364208 -0.000358315 -0.000350904 -0.000364198 -0.000360209 -0.000369602 -0.000418928 -0.000473988 -0.0005401 -0.000637103 -0.000765758 -0.000945621 -0.00115124 -0.00139447 -0.00169227 -0.00202147 -0.00237665 -0.00275403 -0.00312231 -0.00344728 -0.00371893 -0.00390394 -0.0039536 -0.00383892 -0.00355049 -0.00307334 -0.00243865 -0.00166836 -0.000811465 9.38119e-05 0.000991493 0.00180835 0.00249903 0.00304607 0.00339722 0.00360261 0.00368927 0.00367261 0.00363586 0.00362753 0.00363738 0.00372592 0.00385066 0.00395776 0.00402849 0.00399969 0.00380752 0.00345705 0.00291447 0.00220105 0.00136029 0.000451347 -0.000472267 -0.00135099 -0.00213516 -0.00277618 -0.00325849 -0.00354206 -0.00364052 -0.00358875 -0.00341554 -0.0031438 -0.00280785 -0.00243402 -0.00204369 -0.00166715 -0.00134138 -0.00104496 -0.000768648 -0.000537397 -0.000348715 -0.000209796 -9.0076e-05 1.45865e-05 8.21971e-05 0.000137913 0.000183461 0.000201793 0.000232986 0.00025176 0.000265588 0.00028762 0.000298091 0.000314451 0.000336048 0.000342382 0.000350833 0.000368187 0.000387192 0.000405153 0.000418361 0.000436801 0.000457329 0.000485644 0.000508533 0.000527327 0.000559438 0.000592412 0.000612711 0.000637851 0.000677173 0.000716688 0.000766546 0.000806776 0.000848015 0.000905774 0.00096912 0.00103944 0.00111263 0.00120102 0.00128142 0.00136403 0.00147731 0.00160048 0.0017229 0.00184841 0.00197715 0.00212097 0.00227045 0.00242339 0.0025605 0.00265575 0.00270043 0.00264528 0.0025021 0.00222932 0.00178916 0.00116862 0.000356883 -0.000620108 -0.00178976 -0.00308835 -0.00451116 -0.00604303 -0.00762356 -0.00917716 -0.0105904 -0.0118241 -0.0127675 -0.0133938 
0 -0.00471808 -0.00929514 -0.0135451 -0.0173495 -0.0206001 -0.0232341 -0.0251813 -0.0264426 -0.0270692 -0.0270612 -0.026495 -0.0254549 -0.0240489 -0.022351 -0.0204712 -0.0185392 -0.0165907 -0.0146933 -0.0129038 -0.0112674 -0.00977395 -0.00843634 -0.00726911 -0.00625295 -0.00537315 -0.00463684 -0.0040324 -0.00353321 -0.00313493 -0.00278456 -0.00251049 -0.00228107 -0.00210251 -0.00194102 -0.00180149 -0.00170301 -0.00157446 -0.00147838 -0.00139604 -0.00133634 -0.0012746 -0.001207 -0.00114148 -0.00108636 -0.00104177 -0.00100285 -0.000953118 -0.000918281 -0.000883003 -0.000818499 -0.000791395 -0.000753681 -0.000737545 -0.000709607 -0.00067297 -0.000633292 -0.000614424 -0.000593003 -0.000573115 -0.000555903 -0.000545666 -0.000534934 -0.00052919 -0.000540608 -0.00055683 -0.000614169 -0.000696914 -0.000826251 -0.000971371 -0.00115799 -0.00139242 -0.00172741 -0.00210976 -0.00253659 -0.00301969 -0.00356872 -0.00411719 -0.00467855 -0.00517711 -0.00557792 -0.00584225 -0.00591435 -0.00575119 -0.00532333 -0.00459967 -0.00365495 -0.0025093 -0.00121201 0.000122364 0.00145289 0.00269559 0.00373279 0.00454181 0.00510066 0.0053991 0.00551673 0.005513 0.00546089 0.0054278 0.00547202 0.00559659 0.00576816 0.00594436 0.00604881 0.00597245 0.00569801 0.00516312 0.00433539 0.00328573 0.00204149 0.000662272 -0.000710563 -0.00202512 -0.00320701 -0.00415865 -0.00487084 -0.00530207 -0.00546069 -0.00538527 -0.00511138 -0.00470056 -0.00421057 -0.00363475 -0.00306576 -0.00251579 -0.0020026 -0.00154506 -0.00117098 -0.000822606 -0.000531138 -0.00029206 -0.000121473 1.94055e-05 0.000124667 0.000218574 0.000260107 0.000299039 0.000346839 0.000390129 0.000420081 0.000434678 0.000446812 0.000466834 0.000495846 0.000518804 0.000540259 0.000557874 0.000593162 0.000593424 0.000625179 0.000650564 0.000690596 0.000739447 0.000763187 0.000784059 0.000830503 0.000881002 0.000931912 0.000978271 0.00102561 0.00108395 0.00113131 0.00121297 0.00127954 0.00138203 0.00147735 0.00156161 0.00167491 0.00180636 0.00195329 0.00209074 0.00225481 0.00242353 0.00259725 0.00278645 0.00300125 0.0032166 0.00343531 0.00363535 0.00380663 0.0039369 0.00397032 0.00387928 0.00361303 0.00316525 0.00246779 0.00151338 0.000315743 -0.0011516 -0.00287106 -0.00481663 -0.00691651 -0.00915285 -0.0114363 -0.0136341 -0.0156614 -0.0174119 -0.0187931 -0.0197108 
0 -0.00603157 -0.0118766 -0.0173495 -0.022235 -0.026457 -0.0298797 -0.0324546 -0.0341729 -0.0350659 -0.0351739 -0.0345286 -0.0332962 -0.03157 -0.0294721 -0.0271332 -0.024681 -0.0221973 -0.0197286 -0.0173942 -0.015239 -0.0132699 -0.011505 -0.00994872 -0.0085837 -0.00739521 -0.00638872 -0.00556274 -0.00487537 -0.00430778 -0.00382407 -0.0034159 -0.00310343 -0.00284089 -0.00261923 -0.00243498 -0.00228406 -0.00213429 -0.00199425 -0.00189382 -0.00180512 -0.00171457 -0.00162469 -0.00153758 -0.00146018 -0.00140409 -0.00133695 -0.00127219 -0.00122948 -0.00117604 -0.00111741 -0.00106332 -0.00102214 -0.000988507 -0.000946788 -0.000902197 -0.000853378 -0.000822499 -0.000804568 -0.000759421 -0.000728817 -0.000717068 -0.00070495 -0.000721595 -0.000720915 -0.000744475 -0.000833698 -0.000940994 -0.00107632 -0.00126908 -0.00152761 -0.00188031 -0.00229885 -0.00279277 -0.00338218 -0.00403764 -0.00474745 -0.00549354 -0.00622264 -0.00686963 -0.00740465 -0.00776551 -0.00786322 -0.00764172 -0.00707255 -0.00613107 -0.00487259 -0.00334418 -0.00163575 0.000162113 0.00194242 0.00356896 0.00494627 0.00603216 0.00675209 0.00717634 0.00736381 0.00735932 0.00730323 0.00728577 0.00731504 0.007476 0.00770466 0.0079085 0.00803328 0.00795809 0.00757439 0.00686539 0.00577929 0.00435856 0.00268559 0.000873116 -0.000960166 -0.00270235 -0.00425455 -0.00552373 -0.0064737 -0.00704134 -0.0072444 -0.00714544 -0.00680029 -0.00626196 -0.00559604 -0.00485168 -0.00407827 -0.00333132 -0.0026694 -0.00207189 -0.00152917 -0.00106977 -0.00069464 -0.00041065 -0.000172889 3.03697e-05 0.000170318 0.000283366 0.000369604 0.000416331 0.000479168 0.00052182 0.000549902 0.000582086 0.000596396 0.000624228 0.000664544 0.000686412 0.000710009 0.000743771 0.000779403 0.000810222 0.000839373 0.000878892 0.000924896 0.000979268 0.00101775 0.00104715 0.00110413 0.001173 0.0012337 0.00129995 0.00137743 0.00144984 0.00153879 0.001632 0.00173877 0.00187056 0.00199505 0.0021166 0.00225418 0.00243911 0.0026318 0.00282555 0.00304748 0.00327521 0.00351335 0.00377995 0.00406695 0.00436018 0.00462718 0.00485946 0.00504323 0.00514943 0.00514769 0.00494553 0.0045357 0.00386213 0.00288173 0.00159303 -1.50307e-05 -0.00192885 -0.00419845 -0.00672441 -0.0094534 -0.0123143 -0.015184 -0.0179422 -0.0204507 -0.0226611 -0.0243991 -0.0255838 
0 -0.00715284 -0.0141014 -0.0206001 -0.026457 -0.031525 -0.0356948 -0.0388712 -0.0410411 -0.0422482 -0.0425032 -0.0418985 -0.0405712 -0.038666 -0.036294 -0.0335981 -0.0307401 -0.0277933 -0.0248576 -0.022039 -0.0194099 -0.0169794 -0.0147752 -0.0128234 -0.0111069 -0.00960531 -0.00832282 -0.00724306 -0.00633335 -0.00558448 -0.00494398 -0.00442988 -0.0040056 -0.00365651 -0.00334718 -0.00308862 -0.0028994 -0.00270334 -0.00254236 -0.0023977 -0.00227178 -0.00215022 -0.00203934 -0.00194423 -0.00185993 -0.00177561 -0.00168422 -0.0015887 -0.00152761 -0.00147895 -0.00140392 -0.00135301 -0.00128667 -0.00123694 -0.00118136 -0.00112618 -0.00107379 -0.00104222 -0.00100205 -0.000951956 -0.000910102 -0.000890569 -0.000886468 -0.000899619 -0.000924779 -0.000955102 -0.00103485 -0.00115635 -0.00134901 -0.00159627 -0.00192523 -0.00234424 -0.00289089 -0.00351652 -0.0042237 -0.00502631 -0.00592743 -0.00684897 -0.00777044 -0.00858798 -0.00924138 -0.00966779 -0.00978249 -0.00951546 -0.00881737 -0.0076498 -0.00609374 -0.00419736 -0.00205433 0.000173304 0.00238068 0.00442168 0.00613697 0.00747641 0.00840588 0.00893866 0.00917798 0.00921351 0.00916212 0.00912728 0.00918641 0.00936543 0.00962057 0.00987799 0.0100242 0.00990045 0.00943411 0.00853764 0.00716614 0.00540421 0.00332619 0.00105296 -0.00121832 -0.00337711 -0.00530513 -0.00687424 -0.00804852 -0.00876803 -0.00904089 -0.00892208 -0.00847461 -0.00779414 -0.00697225 -0.00603608 -0.00509694 -0.00418806 -0.00334005 -0.00257459 -0.0019211 -0.00134072 -0.000866534 -0.000493047 -0.000216813 1.36213e-05 0.000199687 0.000363765 0.000462165 0.000533776 0.000601028 0.000653966 0.00069212 0.000722706 0.000754423 0.000794712 0.000836735 0.000860521 0.000884111 0.000920953 0.000987368 0.00102445 0.00107627 0.00110926 0.00115305 0.00121595 0.00126771 0.00132384 0.00140424 0.00148095 0.00155252 0.00163071 0.00172851 0.00184445 0.00194992 0.00207627 0.00219079 0.00235169 0.00251931 0.00268533 0.00288494 0.00310945 0.00335018 0.00359061 0.00387299 0.00417381 0.00448514 0.00481392 0.00516164 0.00549876 0.0058116 0.00606511 0.00623575 0.00629638 0.00618163 0.00584104 0.00522179 0.00430249 0.00301379 0.00135406 -0.000660678 -0.00305535 -0.00581989 -0.00889085 -0.0121529 -0.0155306 -0.0188873 -0.0220643 -0.0249676 -0.0274952 -0.0295106 -0.0308797 
0 -0.00806068 -0.0158847 -0.0232341 -0.0298797 -0.0356948 -0.0405257 -0.0442741 -0.0469072 -0.0484504 -0.048948 -0.0484764 -0.0472032 -0.0452497 -0.0427383 -0.039818 -0.0366539 -0.033363 -0.0300426 -0.0268209 -0.0237638 -0.0208982 -0.0182722 -0.0159283 -0.0138607 -0.0120448 -0.0104671 -0.00911584 -0.00796418 -0.00700448 -0.00620447 -0.00554519 -0.00500762 -0.00454407 -0.00414086 -0.00380955 -0.00355163 -0.0033169 -0.00310372 -0.0029194 -0.00275059 -0.00259348 -0.0024572 -0.00234253 -0.0022392 -0.00214253 -0.00203134 -0.00192574 -0.00185237 -0.00178218 -0.00169967 -0.00162039 -0.00154587 -0.00148267 -0.00141877 -0.00135679 -0.00129843 -0.00125785 -0.0012219 -0.00116352 -0.00111601 -0.00108986 -0.00107539 -0.00108664 -0.00110085 -0.00114602 -0.0012624 -0.00142258 -0.00163907 -0.00193388 -0.0023269 -0.00284082 -0.00347025 -0.0042104 -0.00507233 -0.00604305 -0.00710446 -0.00821025 -0.00929403 -0.010263 -0.0110507 -0.0115698 -0.0117057 -0.0113762 -0.0105286 -0.00914068 -0.00728147 -0.00502755 -0.00249787 0.000158552 0.00279157 0.00521951 0.00729035 0.00892138 0.010046 0.0107145 0.0110203 0.0110619 0.0110071 0.0109843 0.0110544 0.0112775 0.0115877 0.0118695 0.012009 0.0118426 0.0112452 0.0101541 0.00852459 0.00641728 0.00394249 0.00125474 -0.00145895 -0.00404026 -0.00634042 -0.0082257 -0.0096272 -0.0104784 -0.0107929 -0.0106483 -0.0101284 -0.00932714 -0.00833951 -0.00723585 -0.00610067 -0.00500511 -0.00400656 -0.00310821 -0.00231048 -0.00162311 -0.00105823 -0.00061624 -0.000261283 3.09061e-05 0.000249375 0.000421757 0.000542749 0.000623783 0.000706866 0.00077223 0.00082162 0.000870125 0.00090932 0.000960598 0.00101494 0.00104675 0.00107519 0.0011194 0.00117984 0.00123502 0.00128849 0.00133978 0.00139964 0.00147654 0.00155041 0.00162439 0.00171924 0.00181062 0.00189011 0.00198058 0.00209915 0.00223336 0.00237638 0.00251932 0.00266814 0.00285602 0.00306352 0.00328639 0.00353464 0.00381449 0.00409783 0.00439399 0.00474148 0.00512007 0.00550886 0.00590138 0.00628994 0.00666162 0.0069913 0.00724208 0.00736863 0.00731991 0.00704713 0.00648579 0.00562112 0.00440685 0.00278393 0.000742528 -0.00171034 -0.00455712 -0.00779441 -0.0113093 -0.0150009 -0.0187701 -0.0224766 -0.0259732 -0.0291309 -0.0318739 -0.0340358 -0.0355082 
0 -0.00872239 -0.0171975 -0.0251813 -0.0324546 -0.0388712 -0.0442741 -0.0485462 -0.0516417 -0.0535765 -0.0543963 -0.0541848 -0.0530879 -0.0512249 -0.0487147 -0.0457112 -0.0423849 -0.0388658 -0.0352665 -0.0317143 -0.0282896 -0.0250403 -0.0220286 -0.0193076 -0.0168807 -0.0147273 -0.0128373 -0.0112004 -0.00979645 -0.00861003 -0.00760954 -0.00677548 -0.00608556 -0.00550143 -0.0050025 -0.00458961 -0.00425332 -0.00395211 -0.00368742 -0.00346614 -0.00327238 -0.00309133 -0.00292317 -0.00277266 -0.00263971 -0.00252059 -0.00239973 -0.00228483 -0.0021907 -0.00209595 -0.00199109 -0.0018977 -0.00181938 -0.00175298 -0.0016811 -0.00160044 -0.00152104 -0.00146166 -0.00141366 -0.00135912 -0.00131379 -0.00128254 -0.00126123 -0.00126174 -0.00128046 -0.00134037 -0.00147181 -0.00166373 -0.00192303 -0.00226523 -0.00271678 -0.00330804 -0.00404609 -0.00491763 -0.0059201 -0.00704703 -0.00827674 -0.00955344 -0.0108044 -0.0119294 -0.0128396 -0.0134337 -0.0135906 -0.0132104 -0.0122279 -0.0106263 -0.00847554 -0.0058702 -0.00294625 0.000125231 0.00316997 0.00598945 0.00840633 0.0103137 0.011651 0.0124571 0.0128367 0.0129197 0.0128791 0.0128614 0.0129538 0.0132005 0.0135384 0.0138448 0.0139729 0.0137459 0.0130289 0.0117392 0.00984021 0.00739762 0.00453372 0.00142341 -0.00172019 -0.00470888 -0.00736942 -0.00955136 -0.0111661 -0.0121528 -0.0125251 -0.0123614 -0.0117607 -0.0108363 -0.00969395 -0.00841676 -0.00710214 -0.00582964 -0.00465781 -0.00360988 -0.00269219 -0.00190103 -0.00124145 -0.000712975 -0.000292333 4.47562e-05 0.00030202 0.00049729 0.000632498 0.000732878 0.000833511 0.000920347 0.000983905 0.00103094 0.00106792 0.00111765 0.00117787 0.00122768 0.00127362 0.00132805 0.00138961 0.00144499 0.00150418 0.00157023 0.00165039 0.0017413 0.00182203 0.00190184 0.00200437 0.0021171 0.00222912 0.0023498 0.00248922 0.00264242 0.00280811 0.00298606 0.00318061 0.0034113 0.00366079 0.00392581 0.00422387 0.00455886 0.0049082 0.00527563 0.00568911 0.00613448 0.00658737 0.00703384 0.00745859 0.00784171 0.00815262 0.00834544 0.0083657 0.00815557 0.00766097 0.00683387 0.00566188 0.00410905 0.00212034 -0.000319235 -0.00319203 -0.00646541 -0.0100934 -0.0139572 -0.0179494 -0.0219736 -0.0259013 -0.0295826 -0.032886 -0.0357145 -0.0379241 -0.0394191 
0 -0.00913454 -0.0180315 -0.0264426 -0.0341729 -0.0410411 -0.0469072 -0.0516417 -0.0551935 -0.0575688 -0.058792 -0.058949 -0.0581401 -0.0564935 -0.0541246 -0.051188 -0.047848 -0.044227 -0.0404561 -0.0366586 -0.0329436 -0.0293813 -0.0260373 -0.022965 -0.0201793 -0.017678 -0.0154677 -0.0135388 -0.0118712 -0.0104358 -0.00919967 -0.00816007 -0.00728885 -0.00656777 -0.00595918 -0.00544882 -0.00502078 -0.00463893 -0.00431743 -0.00404966 -0.00382297 -0.00361125 -0.00340704 -0.00321999 -0.0030579 -0.00291062 -0.00277448 -0.00264387 -0.00252697 -0.00241609 -0.00229509 -0.00219336 -0.00210341 -0.00202516 -0.00194171 -0.00184709 -0.00175689 -0.00168517 -0.00161785 -0.00155743 -0.00150358 -0.00146638 -0.00145125 -0.00145106 -0.00148374 -0.00155686 -0.00169225 -0.00190311 -0.00219967 -0.00259113 -0.00311453 -0.00378742 -0.00463332 -0.00562857 -0.00676444 -0.00804625 -0.00944773 -0.0108919 -0.0123054 -0.0135779 -0.0145991 -0.0152591 -0.0154336 -0.0150075 -0.0139029 -0.012104 -0.00967541 -0.0067258 -0.00340467 8.28923e-05 0.00353482 0.00673612 0.00948415 0.0116541 0.0132082 0.0141648 0.014641 0.0147946 0.0147889 0.0147802 0.0148923 0.015143 0.0154851 0.0158002 0.0159077 0.015617 0.014788 0.0133008 0.0111285 0.00834522 0.00508866 0.00155783 -0.00200032 -0.00537624 -0.0083772 -0.0108417 -0.0126638 -0.0137881 -0.0142252 -0.0140503 -0.013373 -0.012327 -0.0110322 -0.00958168 -0.00809496 -0.00665567 -0.0053149 -0.00411281 -0.00306803 -0.00216479 -0.00141773 -0.000813868 -0.000339849 3.77125e-05 0.000340055 0.000572232 0.00073222 0.00085981 0.000967898 0.00106302 0.00113448 0.00118193 0.00122851 0.00128342 0.00134646 0.00140802 0.00146604 0.00153088 0.00160495 0.00166785 0.00173987 0.00181596 0.00190993 0.00201104 0.00209992 0.00219114 0.00230339 0.00243561 0.00258082 0.00273411 0.00289801 0.00307712 0.00326539 0.00348451 0.00372831 0.00400833 0.00430414 0.00461036 0.00495869 0.00534942 0.00577659 0.00622673 0.00670731 0.00720829 0.00770996 0.00819768 0.00864926 0.00902034 0.00926822 0.00933764 0.00918095 0.0087515 0.00798507 0.00685188 0.00532026 0.00337765 0.000985772 -0.00186031 -0.00512149 -0.00876341 -0.0126913 -0.0168025 -0.0209776 -0.0251282 -0.0291414 -0.0328665 -0.0361884 -0.038981 -0.0411457 -0.042598 
0 -0.00932029 -0.018412 -0.0270692 -0.0350659 -0.0422482 -0.0484504 -0.0535765 -0.0575688 -0.0603983 -0.0620968 -0.0626889 -0.0622787 -0.0609619 -0.0588717 -0.0561539 -0.0529348 -0.0493556 -0.0455298 -0.041604 -0.0376944 -0.0338946 -0.0302733 -0.0268808 -0.0237527 -0.020917 -0.018381 -0.0161485 -0.0141963 -0.0124842 -0.0110115 -0.00974197 -0.00868617 -0.00778978 -0.00703911 -0.00641138 -0.00586609 -0.00541269 -0.00500938 -0.00467786 -0.0043879 -0.00412808 -0.003892 -0.00368132 -0.00349286 -0.00332308 -0.00315349 -0.00300435 -0.00287083 -0.00274092 -0.00262605 -0.00249595 -0.00239029 -0.0022842 -0.00218585 -0.00208917 -0.00200464 -0.00192402 -0.00185364 -0.00177284 -0.00170529 -0.00166369 -0.00164925 -0.00166219 -0.00169103 -0.00177428 -0.00192894 -0.00216542 -0.00248375 -0.00293688 -0.00353409 -0.00430831 -0.00523099 -0.00633173 -0.00761126 -0.00904962 -0.0105997 -0.0122272 -0.0137932 -0.0152037 -0.0163408 -0.0170706 -0.0172535 -0.0167721 -0.0155395 -0.0135549 -0.0108547 -0.00757406 -0.00389085 5.54365e-06 0.0038588 0.00742164 0.0105102 0.0129688 0.0147326 0.0158625 0.0164538 0.0166657 0.0166986 0.0167241 0.0168413 0.017108 0.0174653 0.0177621 0.0178247 0.0174673 0.0164883 0.0147955 0.0123655 0.00924217 0.00560412 0.00168807 -0.00227795 -0.00603313 -0.00936268 -0.0121117 -0.014142 -0.015401 -0.0158924 -0.0157017 -0.0149602 -0.013797 -0.0123385 -0.0107408 -0.00907846 -0.00746917 -0.00598529 -0.00464893 -0.00345117 -0.00243726 -0.00159575 -0.000933438 -0.000393668 3.51509e-05 0.000373516 0.000626855 0.00082897 0.000973174 0.00109101 0.00118533 0.00126104 0.00133154 0.00139616 0.00146899 0.00153934 0.00160081 0.00165843 0.00173351 0.00180876 0.00190576 0.00198285 0.00207668 0.00217743 0.00228346 0.00239849 0.00251696 0.00265046 0.00280239 0.00296001 0.00313204 0.00332457 0.00352916 0.00376749 0.00401281 0.00431013 0.00462979 0.00497852 0.00535559 0.00576029 0.00622253 0.00671564 0.00724603 0.00779003 0.00833897 0.00887455 0.00937774 0.00981437 0.0101353 0.0102653 0.0101572 0.00976843 0.00905637 0.00798515 0.00649427 0.00457757 0.0022007 -0.000618548 -0.00385966 -0.00748051 -0.0114001 -0.0155514 -0.0197995 -0.0240599 -0.0282207 -0.0321758 -0.0358159 -0.0390055 -0.0416669 -0.0436959 -0.0450613 
0 -0.00928486 -0.0183782 -0.0270612 -0.0351739 -0.0425032 -0.048948 -0.0543963 -0.058792 -0.0620968 -0.0642814 -0.0653938 -0.0654586 -0.0645958 -0.0629098 -0.060528 -0.0575678 -0.0541465 -0.0504121 -0.0464792 -0.0424816 -0.0385227 -0.0346793 -0.0310143 -0.0275906 -0.0244419 -0.0215923 -0.0190345 -0.0167705 -0.0147787 -0.0130425 -0.0115589 -0.010274 -0.00918338 -0.00825422 -0.00747466 -0.00681932 -0.00626233 -0.00578566 -0.00536427 -0.00500186 -0.00469057 -0.00441821 -0.00417776 -0.00396814 -0.00375588 -0.00356512 -0.00338944 -0.0032289 -0.00309132 -0.00295072 -0.00281625 -0.00268359 -0.00255926 -0.00244775 -0.00233979 -0.00224706 -0.00216318 -0.00206733 -0.00199431 -0.00192208 -0.00186836 -0.00185198 -0.00184822 -0.00189622 -0.00199469 -0.00214752 -0.00241245 -0.0027962 -0.0032973 -0.00395595 -0.00478919 -0.00583203 -0.00706071 -0.00845747 -0.0100337 -0.0117548 -0.0135249 -0.0152535 -0.0168178 -0.0180623 -0.0188476 -0.0190459 -0.0185097 -0.0171509 -0.0149669 -0.0120114 -0.00842265 -0.00438162 -0.000120767 0.00410466 0.00805424 0.011486 0.0142278 0.0162488 0.0175441 0.0182374 0.018541 0.0186189 0.0186569 0.0188204 0.0190963 0.0194436 0.0197375 0.0197425 0.0192608 0.0181353 0.0162198 0.0135098 0.0100837 0.00610071 0.00179726 -0.0025514 -0.0066767 -0.0103432 -0.0133633 -0.0155885 -0.0169712 -0.0175279 -0.0173254 -0.0165028 -0.0152254 -0.0136384 -0.0118689 -0.0100571 -0.00829752 -0.0066394 -0.00514482 -0.00384746 -0.00272665 -0.00179059 -0.00102204 -0.000425915 3.50413e-05 0.000416696 0.00070668 0.000915844 0.00108693 0.00121079 0.00132385 0.0014202 0.00149 0.00157631 0.00165567 0.00172824 0.00180061 0.00186601 0.00194242 0.00203697 0.00213296 0.0022361 0.00233484 0.00244613 0.00256536 0.00269587 0.00285093 0.00300946 0.00318001 0.00335817 0.00354802 0.00376478 0.00402251 0.00429749 0.00460312 0.00493464 0.00530037 0.00571278 0.00616374 0.00666322 0.0071856 0.00775019 0.00833995 0.00893827 0.00953203 0.0100851 0.0105642 0.0109312 0.0111255 0.0110834 0.0107448 0.0100684 0.00902918 0.00757472 0.0056988 0.00334873 0.000539495 -0.00269659 -0.00630939 -0.0102086 -0.0143439 -0.0185885 -0.0228851 -0.0271101 -0.0311618 -0.0349462 -0.0383505 -0.0413212 -0.0437416 -0.0456033 -0.0468494 
0 -0.00906366 -0.0179469 -0.026495 -0.0345286 -0.0418985 -0.0484764 -0.0541848 -0.058949 -0.0626889 -0.0653938 -0.0670496 -0.0676897 -0.0673708 -0.0661918 -0.064256 -0.0616484 -0.0585195 -0.0549924 -0.0511805 -0.0471976 -0.0431639 -0.0391774 -0.0353146 -0.0316508 -0.0282408 -0.0250869 -0.022214 -0.0196387 -0.0173442 -0.0153487 -0.013593 -0.0120762 -0.0107517 -0.00962982 -0.00869105 -0.00788043 -0.00722137 -0.00663683 -0.00613652 -0.00570107 -0.00532879 -0.00500254 -0.00471223 -0.00445166 -0.00421566 -0.00399486 -0.00380405 -0.00361787 -0.00343839 -0.00329235 -0.00313011 -0.00299771 -0.00286163 -0.00273494 -0.0026077 -0.0024982 -0.00238826 -0.0022973 -0.00221318 -0.00213749 -0.00207987 -0.0020501 -0.00204786 -0.00208509 -0.00220371 -0.00240179 -0.00269936 -0.00308988 -0.00364098 -0.00436259 -0.00529498 -0.00641094 -0.00775475 -0.00931531 -0.0110519 -0.0128998 -0.0148327 -0.0166862 -0.018369 -0.0197294 -0.0205919 -0.0207968 -0.0202071 -0.0187254 -0.0163676 -0.0131604 -0.00926874 -0.0048977 -0.000257835 0.00434425 0.0086326 0.0123999 0.0154435 0.0176908 0.0191902 0.0200342 0.0204175 0.0205575 0.0206503 0.020818 0.0211048 0.0214508 0.0216875 0.0216093 0.0210291 0.0197231 0.0175912 0.0146302 0.0108783 0.00653941 0.00188319 -0.00284243 -0.00732158 -0.0112937 -0.0145767 -0.0169907 -0.0184937 -0.0190915 -0.0188794 -0.018019 -0.0166513 -0.0149169 -0.0130144 -0.0110179 -0.00907427 -0.00727577 -0.00565895 -0.0042164 -0.0029985 -0.00197702 -0.00115551 -0.000474106 6.2147e-05 0.000478922 0.00077721 0.00101991 0.00120417 0.00135001 0.00147364 0.00157922 0.00166998 0.00175108 0.00183098 0.00190742 0.00199504 0.00208305 0.00218065 0.0022668 0.0023829 0.00247935 0.00260496 0.00273641 0.00286719 0.00302068 0.0031861 0.00335971 0.00355641 0.00376568 0.00399563 0.0042567 0.00454813 0.00488842 0.00523548 0.00563869 0.00605386 0.00652611 0.00706306 0.0076303 0.00823612 0.00885557 0.00950476 0.0101438 0.0107612 0.0113106 0.0117268 0.0119601 0.0119635 0.0116725 0.0110483 0.0100377 0.00859984 0.00672177 0.00438706 0.00160437 -0.00163098 -0.00523462 -0.00913962 -0.0132636 -0.0174966 -0.0217611 -0.0259691 -0.0300511 -0.0338793 -0.0373674 -0.0404646 -0.0431046 -0.0452571 -0.0468961 -0.0480172 
0 -0.00868326 -0.0172177 -0.0254549 -0.0332962 -0.0405712 -0.0472032 -0.0530879 -0.0581401 -0.0622787 -0.0654586 -0.0676897 -0.06893 -0.0692263 -0.0686327 -0.0672285 -0.0650966 -0.0623702 -0.0591827 -0.0556065 -0.0517536 -0.0477557 -0.0437241 -0.0397392 -0.0358959 -0.0322476 -0.0288286 -0.0256635 -0.0227928 -0.0202113 -0.0179137 -0.0158898 -0.0141022 -0.0125556 -0.0112286 -0.0100921 -0.00910747 -0.00828365 -0.00758583 -0.00698564 -0.00647248 -0.00603181 -0.0056384 -0.00528252 -0.00497983 -0.00469902 -0.00446029 -0.00423892 -0.00401367 -0.00380945 -0.00363086 -0.00346757 -0.00331937 -0.0031729 -0.00303287 -0.0028892 -0.00275941 -0.00263766 -0.00251697 -0.00243638 -0.00235684 -0.00229116 -0.00226373 -0.00226 -0.00232003 -0.00244943 -0.00263778 -0.00295498 -0.00340847 -0.00400883 -0.00479245 -0.00579007 -0.00702514 -0.00848998 -0.0101627 -0.0120309 -0.0140456 -0.0161148 -0.01812 -0.0199344 -0.0213753 -0.022272 -0.0224881 -0.0218553 -0.0202773 -0.0177531 -0.014319 -0.0101347 -0.00541902 -0.000424703 0.00453346 0.00918274 0.0132646 0.0165793 0.0190833 0.0207795 0.02178 0.0223114 0.0225433 0.0226735 0.0228696 0.0231307 0.0234204 0.0236098 0.0234482 0.0227346 0.0212741 0.0189197 0.0156737 0.0116155 0.00693587 0.00191334 -0.00316193 -0.00796403 -0.012224 -0.0157374 -0.0183288 -0.0199541 -0.0206349 -0.0204323 -0.0195052 -0.0180295 -0.0161724 -0.014106 -0.0119737 -0.0098909 -0.00792721 -0.00615108 -0.0046038 -0.00328172 -0.00216937 -0.00124866 -0.000519567 4.48342e-05 0.000506449 0.000852925 0.00111934 0.00133455 0.0014905 0.00162992 0.00175049 0.00183623 0.00193192 0.00201178 0.00209294 0.00219769 0.00230694 0.00241808 0.00252528 0.0026352 0.00275179 0.00288559 0.00303753 0.00319165 0.00335821 0.00354665 0.00373375 0.0039585 0.00421648 0.00449939 0.00480449 0.00514188 0.00551056 0.00592625 0.00639513 0.00689257 0.00744376 0.00804843 0.00869803 0.00936315 0.0100574 0.0107506 0.0114028 0.0119953 0.0124739 0.0127675 0.0128119 0.0125575 0.0119602 0.0109892 0.00959268 0.00773261 0.00538664 0.00259841 -0.000628893 -0.00424037 -0.00814553 -0.0122719 -0.0165183 -0.0207973 -0.0249719 -0.0290143 -0.0328336 -0.0363325 -0.0394529 -0.0421534 -0.0444404 -0.0462576 -0.0476592 -0.048619 
0 -0.00817604 -0.0162244 -0.0240489 -0.03157 -0.038666 -0.0452497 -0.0512249 -0.0564935 -0.0609619 -0.0645958 -0.0673708 -0.0692263 -0.0701602 -0.0702071 -0.0694194 -0.0678526 -0.0656326 -0.0628714 -0.0596325 -0.056024 -0.0521827 -0.0482171 -0.044202 -0.0402382 -0.0364159 -0.0327771 -0.0293706 -0.0262335 -0.0233601 -0.0207686 -0.0184466 -0.0163986 -0.0146074 -0.0130571 -0.011706 -0.010514 -0.00951994 -0.0086731 -0.00794794 -0.0073231 -0.00678732 -0.0063167 -0.00589982 -0.00554011 -0.00522019 -0.00494042 -0.00469149 -0.00444357 -0.00421404 -0.00402175 -0.00382662 -0.00364759 -0.00347304 -0.0033169 -0.00317038 -0.00304242 -0.0029094 -0.00278294 -0.00268172 -0.00259025 -0.0025223 -0.00249385 -0.00249502 -0.00255053 -0.00268605 -0.00290032 -0.003241 -0.00372168 -0.00438748 -0.00524983 -0.00633352 -0.00763795 -0.00919851 -0.011007 -0.0130195 -0.0151679 -0.017388 -0.0195207 -0.021446 -0.0229834 -0.0239369 -0.0241475 -0.0234605 -0.0217745 -0.0190912 -0.0154376 -0.0109837 -0.00596047 -0.000625584 0.0046793 0.00965696 0.0140624 0.0176802 0.0204403 0.0223634 0.0235461 0.0241979 0.0245207 0.0247159 0.0249291 0.0251873 0.0254434 0.0255448 0.0252644 0.0244038 0.0227438 0.0201599 0.0166549 0.0122927 0.00728888 0.0019391 -0.00346688 -0.00858266 -0.0131197 -0.0168668 -0.0196356 -0.0213801 -0.0221104 -0.021908 -0.0209426 -0.0193778 -0.0173891 -0.0151923 -0.0129058 -0.0106718 -0.00858183 -0.00668332 -0.00499656 -0.00355712 -0.00234991 -0.00136861 -0.00057375 4.86348e-05 0.000540764 0.000910595 0.00121336 0.0014526 0.00162499 0.00176519 0.00189 0.00200143 0.00211778 0.00222098 0.00231328 0.00242107 0.00253162 0.00264621 0.00275875 0.00289509 0.00303054 0.00319182 0.00336201 0.003534 0.00373374 0.00395168 0.0041698 0.00442245 0.00471397 0.00504176 0.00539818 0.00578216 0.00621006 0.00668635 0.00724112 0.00782485 0.00846009 0.00914514 0.00985113 0.0105776 0.0113184 0.0120424 0.0126742 0.0131828 0.0135229 0.0136233 0.0134231 0.0128645 0.0119022 0.0105219 0.00868471 0.00636136 0.00355609 0.000319097 -0.00330548 -0.00724576 -0.0113779 -0.0156262 -0.0199116 -0.0241258 -0.0281442 -0.0319175 -0.0353889 -0.0384773 -0.0411602 -0.0434462 -0.0453389 -0.0468231 -0.0479496 -0.0487295 
0 -0.00755979 -0.0150298 -0.022351 -0.0294721 -0.036294 -0.0427383 -0.0487147 -0.0541246 -0.0588717 -0.0629098 -0.0661918 -0.0686327 -0.0702071 -0.0709286 -0.0708165 -0.0698915 -0.0682495 -0.06599 -0.0631774 -0.0599188 -0.0563442 -0.0525454 -0.0485891 -0.0445918 -0.0406674 -0.0368755 -0.033269 -0.0298915 -0.0267547 -0.0238861 -0.0212884 -0.0189676 -0.0169117 -0.0151083 -0.0135225 -0.0121244 -0.0109459 -0.00993339 -0.00905299 -0.00829291 -0.00765213 -0.00710362 -0.00662018 -0.00619394 -0.00580773 -0.0054707 -0.00517716 -0.00489894 -0.00464618 -0.00442897 -0.00420695 -0.0039954 -0.00379563 -0.00362261 -0.00346632 -0.00332444 -0.00317464 -0.00303161 -0.00292049 -0.00282333 -0.00274837 -0.00271223 -0.00271564 -0.00277969 -0.00292423 -0.00315238 -0.00352019 -0.00404856 -0.00476776 -0.00569048 -0.00685174 -0.00825859 -0.00993318 -0.0118613 -0.0139977 -0.0162781 -0.018628 -0.0208947 -0.0229401 -0.0245666 -0.0255659 -0.0257748 -0.0250317 -0.0232379 -0.0203923 -0.0165333 -0.0118302 -0.00652442 -0.00088366 0.00474752 0.0100625 0.0147951 0.0187216 0.0217541 0.023905 0.0252731 0.02607 0.0264985 0.0267619 0.0270037 0.0272523 0.0274565 0.0274666 0.0270532 0.0260136 0.0241368 0.021307 0.0175307 0.0128883 0.00759252 0.00193726 -0.00377747 -0.0091918 -0.0140004 -0.0179683 -0.0209034 -0.022755 -0.0235414 -0.0233418 -0.0223288 -0.0206793 -0.0185834 -0.0162585 -0.0138395 -0.0114626 -0.0092232 -0.00718217 -0.00537882 -0.00384013 -0.00254005 -0.00147186 -0.000611504 5.93953e-05 0.000588472 0.000992859 0.00132378 0.00158472 0.00177619 0.00193029 0.0020662 0.00218929 0.00231904 0.00243491 0.00253911 0.00265501 0.00277302 0.00289373 0.00302013 0.00317519 0.00333627 0.00351562 0.00369458 0.0038777 0.00410236 0.00436205 0.00462761 0.00492257 0.00525228 0.00562274 0.00603497 0.00648948 0.00699595 0.00755617 0.00818886 0.0088532 0.00957187 0.0103398 0.0111154 0.0118866 0.0126478 0.0133554 0.0139205 0.0142918 0.0144223 0.014254 0.0137358 0.0128111 0.0114309 0.00958569 0.0072579 0.00444786 0.00119202 -0.0024436 -0.00640292 -0.0105918 -0.0148669 -0.0191434 -0.0233533 -0.0273967 -0.0311534 -0.0345773 -0.0376267 -0.0402517 -0.0424691 -0.0443232 -0.0458303 -0.0469823 -0.0478397 -0.048434 
0 -0.00687518 -0.0137122 -0.0204712 -0.0271332 -0.0335981 -0.039818 -0.0457112 -0.051188 -0.0561539 -0.060528 -0.064256 -0.0672285 -0.0694194 -0.0708165 -0.0714004 -0.0711595 -0.0701476 -0.0684595 -0.0661554 -0.0633357 -0.0601165 -0.0565782 -0.0527872 -0.0488724 -0.0449429 -0.0410734 -0.0373146 -0.0337354 -0.0303807 -0.0272658 -0.0244159 -0.021811 -0.0194764 -0.0174039 -0.0155709 -0.0139623 -0.0125748 -0.011377 -0.0103197 -0.00940902 -0.00864473 -0.00799393 -0.00741737 -0.00691083 -0.0064494 -0.00605753 -0.0057108 -0.00538605 -0.00509908 -0.00484306 -0.00460622 -0.00437338 -0.00415832 -0.00396469 -0.00378605 -0.00361583 -0.00345227 -0.00329415 -0.00318077 -0.00307622 -0.00298616 -0.00293739 -0.002936 -0.00301653 -0.00318433 -0.00343655 -0.00382834 -0.00439551 -0.00514965 -0.0061318 -0.00736247 -0.00887384 -0.0106655 -0.0127189 -0.0149841 -0.0174006 -0.0198582 -0.0222429 -0.0243911 -0.0260921 -0.0271325 -0.0273434 -0.0265489 -0.024663 -0.0216695 -0.0176205 -0.0126784 -0.00709097 -0.00115172 0.00479259 0.0104297 0.0154685 0.0196903 0.0230047 0.0253999 0.0269793 0.0279521 0.0285072 0.0288441 0.0291165 0.0293392 0.0294653 0.0293621 0.0287979 0.0275646 0.0254749 0.0224024 0.0183524 0.0134307 0.00784445 0.0018899 -0.00410919 -0.00979319 -0.0148451 -0.0190093 -0.0221005 -0.0240517 -0.024898 -0.0247158 -0.0236707 -0.0219533 -0.0197679 -0.0173066 -0.0147521 -0.0122303 -0.00984347 -0.00766532 -0.00575713 -0.00412283 -0.0027486 -0.00159646 -0.000667414 6.7064e-05 0.000645614 0.00108757 0.00143539 0.00171645 0.00192389 0.00209743 0.00225135 0.00238313 0.00252188 0.00263749 0.0027504 0.00288303 0.00302573 0.00316566 0.00331428 0.00347354 0.00365863 0.00385321 0.00405358 0.00426277 0.00451216 0.00481048 0.00512069 0.00546501 0.00584943 0.00627796 0.00675616 0.00729505 0.00788721 0.00854989 0.00925766 0.00999716 0.0107861 0.0116215 0.0124631 0.0132528 0.0139914 0.014614 0.0150471 0.0152259 0.0150917 0.0145931 0.0136853 0.0123262 0.0104805 0.00814015 0.00530682 0.00201512 -0.00166574 -0.00563523 -0.0098459 -0.014182 -0.0185051 -0.022718 -0.0267466 -0.0305178 -0.0339126 -0.0369228 -0.0395086 -0.0416567 -0.043412 -0.0448335 -0.0459689 -0.0467969 -0.0474031 -0.047818 
0 -0.0061801 -0.0123566 -0.0185392 -0.024681 -0.0307401 -0.0366539 -0.0423849 -0.047848 -0.0529348 -0.0575678 -0.0616484 -0.0650966 -0.0678526 -0.0698915 -0.0711595 -0.0716133 -0.071285 -0.0702383 -0.0685214 -0.0662151 -0.0634241 -0.0602299 -0.0567152 -0.0529805 -0.0491478 -0.0452656 -0.0414242 -0.0377078 -0.0341752 -0.0308683 -0.0277699 -0.024918 -0.022314 -0.0199828 -0.0179 -0.0160429 -0.0144274 -0.0130128 -0.0117702 -0.0106941 -0.00977637 -0.0089863 -0.0082988 -0.00768885 -0.00717035 -0.0067119 -0.00630765 -0.00592875 -0.00558291 -0.00529732 -0.0050295 -0.00477924 -0.00454378 -0.00432304 -0.00411865 -0.00392908 -0.00373978 -0.0035875 -0.00345485 -0.00334322 -0.00324894 -0.00318896 -0.00319276 -0.00327376 -0.0034485 -0.00373459 -0.00414947 -0.00473785 -0.00555497 -0.00660425 -0.00791583 -0.00949868 -0.0113892 -0.0135698 -0.0159663 -0.0184956 -0.0210908 -0.0235808 -0.025809 -0.0275766 -0.0286549 -0.0288454 -0.0280134 -0.026046 -0.0229231 -0.0186935 -0.0135242 -0.00766833 -0.00143794 0.00481247 0.0107405 0.0160773 0.0205978 0.0241827 0.026844 0.0286711 0.0298269 0.0305314 0.0309671 0.0312492 0.0314364 0.031479 0.0312241 0.0304902 0.0290655 0.0267439 0.023427 0.0191175 0.0139094 0.00803726 0.00180223 -0.00446017 -0.0103883 -0.0156517 -0.019991 -0.0232239 -0.0252917 -0.0261939 -0.0260348 -0.0249766 -0.0231936 -0.0208965 -0.0183315 -0.0156409 -0.0129808 -0.0104719 -0.00818104 -0.00614534 -0.00440519 -0.00293583 -0.00172693 -0.000727422 7.41758e-05 0.000686799 0.00115812 0.00153993 0.00183995 0.00207614 0.00226328 0.0024273 0.00258867 0.00272637 0.00285485 0.00297536 0.00312055 0.00328762 0.00345367 0.00361414 0.00379519 0.0039852 0.00421016 0.00444383 0.00469366 0.00499332 0.00532006 0.00567773 0.00606998 0.00652078 0.00702984 0.0075915 0.00820522 0.00888984 0.00963557 0.0104401 0.0112603 0.0121151 0.0130085 0.013867 0.0146536 0.0153021 0.0157761 0.0159927 0.0158963 0.0154349 0.0145406 0.0131826 0.0113285 0.00897653 0.00613737 0.00282941 -0.000898873 -0.0049338 -0.00917141 -0.0135249 -0.0179029 -0.022167 -0.0262168 -0.0299915 -0.0333919 -0.036372 -0.0389099 -0.0410273 -0.0427159 -0.0440244 -0.0450466 -0.0458033 -0.0463427 -0.0467056 -0.0469643 
0 -0.00549493 -0.0110232 -0.0165907 -0.0221973 -0.0277933 -0.033363 -0.0388658 -0.044227 -0.0493556 -0.0541465 -0.0585195 -0.0623702 -0.0656326 -0.0682495 -0.0701476 -0.071285 -0.0716591 -0.0712962 -0.070218 -0.0684777 -0.0661815 -0.0634161 -0.0602556 -0.0568043 -0.0531364 -0.049349 -0.0455136 -0.0417348 -0.0380938 -0.0346032 -0.0313189 -0.0282369 -0.0254151 -0.0228402 -0.0204929 -0.0183889 -0.0165161 -0.0148841 -0.0134398 -0.0121757 -0.0110806 -0.0101326 -0.00930434 -0.00859532 -0.00797704 -0.00745146 -0.00697232 -0.00653035 -0.00614503 -0.00579938 -0.00549912 -0.00520425 -0.0049346 -0.00468982 -0.00447244 -0.00425623 -0.00405979 -0.00387406 -0.00373546 -0.00361793 -0.00351595 -0.00345674 -0.00346102 -0.00355002 -0.00372375 -0.00400133 -0.00444525 -0.00510927 -0.00597348 -0.00708891 -0.00846611 -0.0101542 -0.0121401 -0.0144085 -0.016913 -0.0195881 -0.0222781 -0.0248912 -0.0272176 -0.0290328 -0.0301285 -0.0303236 -0.0294349 -0.0273827 -0.0241236 -0.0197281 -0.0143508 -0.00825714 -0.00177416 0.0047517 0.0109885 0.0166216 0.0214407 0.025327 0.0282521 0.0303145 0.0316884 0.0325479 0.0330714 0.0333945 0.0335432 0.0334751 0.0330805 0.0321577 0.0304948 0.0279318 0.0243557 0.0197674 0.0143075 0.00818492 0.00169572 -0.00480742 -0.0109615 -0.0164319 -0.020938 -0.0243116 -0.0264624 -0.0274384 -0.0273087 -0.0262126 -0.0243641 -0.0219997 -0.019303 -0.0165162 -0.0137523 -0.0111117 -0.00867929 -0.00653802 -0.00468886 -0.00313079 -0.00181119 -0.000760244 6.85046e-05 0.000719304 0.00123604 0.00164676 0.001981 0.00223652 0.00244529 0.00262524 0.00278747 0.00295264 0.00309392 0.00323777 0.0033932 0.00356817 0.00374249 0.00392944 0.00411761 0.00435018 0.004596 0.00486823 0.00517008 0.00550869 0.00589373 0.00629948 0.00675223 0.0072772 0.00787397 0.00852839 0.0092377 0.00999551 0.0108412 0.0117232 0.0126393 0.0135604 0.0144635 0.0153083 0.0160015 0.0165204 0.0167719 0.0167026 0.0162546 0.0153777 0.0140359 0.0121763 0.00979421 0.00691504 0.00357984 -0.000161558 -0.00424706 -0.008561 -0.012967 -0.0173791 -0.0216802 -0.0257715 -0.0295614 -0.0329785 -0.0359626 -0.0384592 -0.0405176 -0.0421571 -0.0434096 -0.0443213 -0.0449568 -0.0453905 -0.0456494 -0.0458235 -0.0459482 
