0 0 0 0 0 0 0 0 0 0 0 0 0 0 0 0 0 0 0 0 0 0 0 0 0 0 0 0 0 0 0 0 0 0 0 0 0 0 0 0 0 0 0 0 0 0 0 0 0 0 0 0 0 0 0 0 0 0 0 0 0 0 0 0 0 0 0 0 0 0 0 0 0 0 0 0 0 0 0 0 0 0 0 0 0 0 0 0 0 0 0 0 0 0 0 0 0 0 0 0 0 0 0 0 0 0 0 0 0 0 0 0 0 0 0 0 0 0 0 0 0 0 0 0 0 0 0 0 0 0 0 0 0 0 0 0 0 0 0 0 0 0 0 0 0 0 0 0 0 0 0 0 0 0 0 0 0 0 0 0 0 0 0 0 0 0 0 0 0 0 0 0 0 0 0 0 0 0 0 0 0 0 0 0 0 0 0 0 0 0 0 0 0 0 0 0 0 0 0 0 
0 7.92571e-06 1.03748e-05 1.23902e-05 1.82073e-05 2.71119e-05 3.65219e-05 5.218e-05 7.32044e-05 0.000100633 0.000137043 0.000190722 0.000263138 0.000353781 0.000468671 0.000602099 0.000768386 0.000966888 0.00120709 0.00148476 0.00180392 0.00218638 0.00260853 0.00307908 0.0035805 0.00411382 0.00465172 0.00516209 0.00565533 0.00609366 0.00647132 0.00675971 0.00694718 0.00701621 0.00694279 0.00671738 0.00632465 0.00576757 0.00507788 0.0042744 0.00336919 0.00240944 0.00140443 0.00040026 -0.00059163 -0.00152781 -0.00237789 -0.00312124 -0.00372198 -0.00419428 -0.00454137 -0.00476623 -0.0048701 -0.00487163 -0.00476174 -0.00457528 -0.00432118 -0.00402622 -0.00370338 -0.00338203 -0.00306817 -0.00276866 -0.00248667 -0.00221543 -0.00196271 -0.00172597 -0.00151703 -0.00131529 -0.00111523 -0.000895676 -0.000651615 -0.00037239 -8.93771e-05 0.000213908 0.000503013 0.000765969 0.000994425 0.00116724 0.00124846 0.00123528 0.00108949 0.000829932 0.000476972 3.45217e-05 -0.000453811 -0.000928569 -0.001371 -0.00175536 -0.00205918 -0.00227462 -0.00239444 -0.00242952 -0.00238563 -0.00228089 -0.00213655 -0.00196997 -0.00179249 -0.00163435 -0.00150468 -0.00142294 -0.00139246 -0.00141253 -0.00147385 -0.00157217 -0.00168789 -0.00182368 -0.00196192 -0.0020856 -0.00217413 -0.0022075 -0.00216237 -0.00202753 -0.00178762 -0.00145488 -0.00103474 -0.000542765 -3.91587e-05 0.000448972 0.000914853 0.00131564 0.00162927 0.00186256 0.00198963 0.00203308 0.00199721 0.00189445 0.0017598 0.00162968 0.00150082 0.00141461 0.00135971 0.00134282 0.00135661 0.00140478 0.00146939 0.00156839 0.00169414 0.0018548 0.00204639 0.0022709 0.00251445 0.00278014 0.00307294 0.00338649 0.00372043 0.00404493 0.00434413 0.00457655 0.00474231 0.00482118 0.00480087 0.00466672 0.00441447 0.00401241 0.00348122 0.00281191 0.00201283 0.00112326 0.00016178 -0.00082342 -0.0018246 -0.00280394 -0.00374107 -0.00460377 -0.00535014 -0.00595418 -0.00641535 -0.00670862 -0.00684179 -0.00683002 -0.00668868 -0.00644695 -0.00610256 -0.00569674 -0.00522622 -0.00472294 -0.00420816 -0.00368708 -0.00318969 -0.00272611 -0.00231945 -0.00195141 -0.0016258 -0.00135009 -0.00111666 -0.000914951 -0.000741941 -0.000605029 -0.000492607 -0.000398344 -0.000321192 -0.000268147 -0.000227871 -0.000196377 -0.000175027 -0.000161195 -0.000154196 -0.000145224 -0.000143002 -0.000141471 
0 1.03748e-05 1.19396e-05 1.56091e-05 2.73919e-05 4.64349e-05 6.56691e-05 9.97396e-05 0.000149098 0.000210468 0.000296787 0.000407704 0.000561134 0.000745841 0.000976641 0.00125466 0.0015813 0.0019902 0.00246185 0.00301863 0.00365746 0.00440586 0.00525556 0.00616822 0.00716755 0.00820964 0.009265 0.0102797 0.0112387 0.0121157 0.0128471 0.0134094 0.013761 0.0138683 0.0136983 0.0132329 0.0124437 0.0113536 0.0100037 0.00843149 0.00667312 0.00477747 0.00282274 0.000844469 -0.0010939 -0.00292256 -0.00460057 -0.00606436 -0.00726764 -0.00822337 -0.00892436 -0.00937909 -0.00959766 -0.00958999 -0.00940076 -0.00904354 -0.00857678 -0.00802949 -0.00741056 -0.00678712 -0.00617017 -0.00556425 -0.00500754 -0.00447379 -0.00396325 -0.00350476 -0.00306592 -0.00264886 -0.00223441 -0.00178933 -0.00130103 -0.000770095 -0.000197093 0.000396153 0.000984968 0.00154081 0.00202105 0.00235753 0.00251001 0.00245552 0.00216053 0.0016384 0.000914104 5.1758e-05 -0.000870989 -0.00181774 -0.0027291 -0.00349787 -0.0041128 -0.00455202 -0.00479023 -0.0048523 -0.00476872 -0.00454657 -0.00424772 -0.00390435 -0.00356411 -0.00326617 -0.00302859 -0.00286201 -0.00279397 -0.00280748 -0.00291664 -0.00310974 -0.00336148 -0.00364533 -0.00393099 -0.00416862 -0.00434807 -0.00440644 -0.00430381 -0.00402806 -0.00354968 -0.00286483 -0.00204644 -0.00111396 -0.000108055 0.000898601 0.00183344 0.00264378 0.00329251 0.00375789 0.0040084 0.00406788 0.00397757 0.00378255 0.00353637 0.00327904 0.00305127 0.00287382 0.00275987 0.00271911 0.00274455 0.00283546 0.00298907 0.00317876 0.00343648 0.00375138 0.00412047 0.00456944 0.00506189 0.0055919 0.00618227 0.00679215 0.00742037 0.00804234 0.00858551 0.00903062 0.00933824 0.00948138 0.00943035 0.00915203 0.00862794 0.0078331 0.00677187 0.00546088 0.00390337 0.00214949 0.000276595 -0.0016744 -0.00363642 -0.00555781 -0.00738902 -0.0090647 -0.0105144 -0.0116997 -0.0126046 -0.0132039 -0.0134926 -0.013492 -0.0132543 -0.0127852 -0.0121385 -0.0113417 -0.0104248 -0.00944628 -0.00842576 -0.00741509 -0.00642175 -0.00550731 -0.00468942 -0.00394525 -0.00329243 -0.00273009 -0.00226255 -0.00185423 -0.00150618 -0.00122985 -0.00100323 -0.000813035 -0.000661564 -0.000551451 -0.000471706 -0.000405862 -0.000359007 -0.000332814 -0.000310547 -0.000296298 -0.000285461 -0.000284251 
0 1.23902e-05 1.56091e-05 2.45883e-05 4.74195e-05 7.6713e-05 0.000108308 0.000161689 0.000240582 0.000346563 0.000481748 0.000663161 0.000895163 0.00118074 0.00153835 0.00195802 0.00247233 0.00308231 0.00380991 0.00464876 0.00560996 0.00674197 0.00798565 0.00935093 0.0107978 0.0123225 0.0138559 0.0153157 0.0167162 0.0179599 0.019011 0.0197883 0.0202515 0.0203574 0.0200568 0.0193387 0.0181775 0.0165855 0.0146347 0.0123631 0.00979922 0.00706392 0.00420731 0.00135701 -0.00144128 -0.00408219 -0.00649888 -0.00864244 -0.0104237 -0.0118589 -0.0129356 -0.0136453 -0.0139908 -0.0140317 -0.0137751 -0.013318 -0.0126899 -0.0119412 -0.0110887 -0.0101999 -0.00929856 -0.00841966 -0.00759012 -0.00679939 -0.00605952 -0.00535619 -0.0047054 -0.00406195 -0.00341969 -0.00273869 -0.00200832 -0.00119716 -0.000361349 0.000545033 0.00144025 0.00227484 0.00299614 0.00351984 0.00374219 0.00365354 0.00318091 0.00238843 0.0013412 6.19391e-05 -0.00134286 -0.00273395 -0.00405612 -0.00522612 -0.00616707 -0.00683551 -0.00720019 -0.00728752 -0.00712784 -0.00678722 -0.0063419 -0.00584996 -0.00534867 -0.00490787 -0.00454468 -0.00430112 -0.00419005 -0.0042166 -0.00437179 -0.00465328 -0.00501449 -0.00544697 -0.00588878 -0.00627294 -0.00653027 -0.00660028 -0.00642812 -0.00599497 -0.00527479 -0.00430014 -0.00308596 -0.00166417 -0.000173306 0.00130932 0.00273832 0.00397989 0.00494951 0.00564159 0.00599843 0.00609368 0.00596842 0.00567742 0.00531524 0.00496462 0.00461538 0.00436147 0.00418805 0.00412639 0.00417308 0.00433619 0.00456421 0.0048796 0.00525868 0.00572307 0.00627767 0.00694046 0.00767763 0.00847991 0.0093375 0.0102135 0.0111002 0.0119371 0.0126948 0.0132867 0.0137044 0.0138806 0.0137628 0.0133027 0.0124908 0.0112708 0.0097061 0.00778541 0.00552283 0.00300218 0.000270891 -0.00254886 -0.00541137 -0.00820243 -0.010853 -0.0132772 -0.0153761 -0.0170965 -0.0184388 -0.0193397 -0.0198049 -0.0198606 -0.019541 -0.0189118 -0.0179795 -0.0168489 -0.0155291 -0.0141097 -0.0126494 -0.0111664 -0.00973012 -0.00837279 -0.0071536 -0.00603814 -0.00504513 -0.00419937 -0.0034827 -0.00286453 -0.00233472 -0.00191007 -0.001562 -0.00127153 -0.00103526 -0.00086526 -0.000733613 -0.000628653 -0.000554174 -0.000505284 -0.000476442 -0.000446648 -0.000434391 -0.000428822 
0 1.82073e-05 2.73919e-05 4.74195e-05 8.29132e-05 0.000128442 0.000175932 0.000253177 0.000368435 0.000516416 0.000712352 0.000957562 0.00127915 0.00167036 0.00215743 0.0027468 0.00344517 0.00429812 0.00528543 0.00643416 0.00774037 0.00923431 0.0108867 0.0126385 0.0145104 0.0164436 0.0183825 0.0202387 0.0219809 0.023546 0.0248255 0.0257578 0.0262734 0.026323 0.0258658 0.0248909 0.0233675 0.0213313 0.0188403 0.0159438 0.0126972 0.00919941 0.00559221 0.00196715 -0.00156888 -0.00490886 -0.00799226 -0.0107317 -0.0130473 -0.0149409 -0.0163828 -0.0173678 -0.0179074 -0.0180341 -0.0178251 -0.0173237 -0.0166124 -0.0157279 -0.0146823 -0.0135738 -0.0124395 -0.0113086 -0.010249 -0.00923148 -0.00825387 -0.00734267 -0.00645462 -0.00558275 -0.00470405 -0.00377396 -0.00277294 -0.00169693 -0.000549217 0.000646367 0.00183842 0.00296196 0.00392672 0.00460134 0.00489878 0.00477263 0.00417209 0.00313089 0.00171055 1.86618e-05 -0.00180527 -0.00366984 -0.00545765 -0.0069922 -0.00822079 -0.00909431 -0.00956929 -0.00968711 -0.009505 -0.00906247 -0.00846871 -0.00779776 -0.00713239 -0.00654584 -0.00607528 -0.00574799 -0.00560347 -0.00562792 -0.00583709 -0.00621228 -0.00670776 -0.00727498 -0.00784587 -0.0083284 -0.00867545 -0.00877846 -0.00856149 -0.00799767 -0.0070431 -0.00570407 -0.00408604 -0.00223815 -0.000249193 0.00174879 0.00362455 0.005258 0.0065634 0.00749226 0.0079962 0.00812453 0.00796212 0.00759949 0.00714108 0.00666388 0.00623052 0.00588895 0.00566909 0.00559827 0.00567742 0.00590412 0.0062554 0.00668598 0.00722133 0.00784983 0.00857634 0.00944252 0.0103963 0.0114192 0.0125175 0.0136179 0.0147034 0.0157323 0.0166083 0.0172966 0.0177373 0.0178698 0.0176279 0.01695 0.0158134 0.0141972 0.012137 0.00966409 0.00678421 0.00356571 0.000115638 -0.00348582 -0.00711788 -0.0106696 -0.0140401 -0.017117 -0.019793 -0.0220137 -0.023759 -0.0249775 -0.0256476 -0.0257882 -0.0254649 -0.0246977 -0.0235685 -0.0221428 -0.0204837 -0.018697 -0.0168309 -0.0149588 -0.0131027 -0.011354 -0.00974986 -0.00826919 -0.00694778 -0.00579845 -0.00482629 -0.00397779 -0.00325292 -0.00266664 -0.00218554 -0.00178452 -0.00146122 -0.00121784 -0.00103278 -0.000882827 -0.000773037 -0.000703566 -0.000651251 -0.000614142 -0.000587394 -0.000577502 
0 2.71119e-05 4.64349e-05 7.6713e-05 0.000128442 0.000191924 0.00026605 0.000376236 0.00053336 0.000738319 0.000996031 0.00132758 0.00174598 0.00226143 0.00289867 0.00365905 0.00457573 0.0056627 0.00693709 0.00839474 0.0100395 0.0119005 0.013908 0.0160418 0.0182675 0.0205625 0.0228416 0.0250012 0.0270211 0.0287867 0.0302144 0.0312037 0.0316947 0.0316398 0.0309961 0.0297577 0.0279065 0.0254653 0.022512 0.0190964 0.0152713 0.0111858 0.00695197 0.00272319 -0.00141544 -0.00534238 -0.00897504 -0.0122373 -0.0150256 -0.0173364 -0.0191466 -0.0204391 -0.0212156 -0.0215336 -0.0214223 -0.0209762 -0.0202475 -0.0192925 -0.018145 -0.0168976 -0.015597 -0.0142919 -0.0130234 -0.0117839 -0.0105874 -0.00943422 -0.0083313 -0.00723508 -0.00612087 -0.00493545 -0.00365615 -0.00226183 -0.000809933 0.000710038 0.00219987 0.00357828 0.00475586 0.00560349 0.00598309 0.00584305 0.00509981 0.00381217 0.00206948 -4.31899e-05 -0.00235199 -0.0046591 -0.00683603 -0.0087375 -0.0102565 -0.0113308 -0.0119264 -0.0120795 -0.0118436 -0.0113071 -0.0105815 -0.00976051 -0.00892618 -0.00818161 -0.00757742 -0.00717354 -0.00699829 -0.00705239 -0.00732157 -0.00778558 -0.00838113 -0.00907052 -0.00976971 -0.0103795 -0.0107993 -0.0109245 -0.0106613 -0.00995801 -0.0087728 -0.00713802 -0.00510822 -0.00276469 -0.000291959 0.00216632 0.00449803 0.00653126 0.00814908 0.00931354 0.0099631 0.0101713 0.0100087 0.00957095 0.00900005 0.0084209 0.00787646 0.00747673 0.00723193 0.00717522 0.00730442 0.00761599 0.00805675 0.00862797 0.00930928 0.0101106 0.0110326 0.012088 0.0132315 0.0144424 0.0157048 0.0169644 0.0181927 0.0193134 0.0202595 0.020939 0.021322 0.021331 0.020897 0.0199598 0.0185008 0.0164836 0.0139808 0.0110056 0.00758099 0.00379753 -0.000267117 -0.00447749 -0.00874019 -0.0129073 -0.0168673 -0.0204972 -0.0236726 -0.0263303 -0.028455 -0.0299716 -0.0308623 -0.0311425 -0.0308525 -0.0300555 -0.0287913 -0.027178 -0.0252686 -0.0231849 -0.0210093 -0.0187835 -0.0165813 -0.0144642 -0.0125002 -0.0106721 -0.00901404 -0.0075651 -0.00631425 -0.00522649 -0.00429364 -0.00353122 -0.00290462 -0.00238157 -0.00195465 -0.00162791 -0.00137215 -0.00116905 -0.00101894 -0.000914603 -0.000842249 -0.000784466 -0.00075055 -0.000733212 
0 3.65219e-05 6.56691e-05 0.000108308 0.000175932 0.00026605 0.000376709 0.000532708 0.000746873 0.00101791 0.00135993 0.00178928 0.00232937 0.00298853 0.00379127 0.00475207 0.00589219 0.00724233 0.00879992 0.0105684 0.0125421 0.0147265 0.0170685 0.0195155 0.0220526 0.0246303 0.0271644 0.0295502 0.0317321 0.0336123 0.0350791 0.0360442 0.036443 0.036231 0.035374 0.0338667 0.0316967 0.0289049 0.025566 0.0217433 0.0175088 0.0129901 0.00832904 0.00364837 -0.000944597 -0.00533265 -0.00942304 -0.0131152 -0.0163125 -0.0190007 -0.0211578 -0.022771 -0.0238408 -0.024397 -0.0244864 -0.0241693 -0.0235187 -0.0225893 -0.0214272 -0.0201274 -0.018744 -0.0173152 -0.0158894 -0.0144615 -0.0130483 -0.0116768 -0.0103398 -0.00901057 -0.00765091 -0.00620265 -0.00463365 -0.0029407 -0.00115883 0.000674937 0.00247316 0.00413731 0.00554825 0.00654719 0.00699943 0.00682191 0.00594821 0.00441779 0.00233096 -0.000170224 -0.00288715 -0.00563296 -0.00822856 -0.0104814 -0.0122787 -0.013551 -0.0142592 -0.0144442 -0.0141755 -0.0135413 -0.0126714 -0.0116857 -0.0106968 -0.00981357 -0.00910382 -0.00862297 -0.00840838 -0.00846205 -0.00877905 -0.00932934 -0.0100485 -0.010869 -0.0116914 -0.0124011 -0.0128933 -0.0130376 -0.0127227 -0.0118843 -0.0104718 -0.00850801 -0.00608893 -0.00332122 -0.000369266 0.00258269 0.00536196 0.00779099 0.00974465 0.0111526 0.0119646 0.0122345 0.0120628 0.0115738 0.0109237 0.0102473 0.00963913 0.00918908 0.00893538 0.00890161 0.00908526 0.00947332 0.0100287 0.0107274 0.0115687 0.0125445 0.013646 0.0148744 0.0161723 0.0175117 0.0188794 0.0202203 0.0214962 0.0226345 0.0235324 0.024117 0.0243363 0.0241319 0.0234445 0.0222206 0.0204342 0.0180665 0.0151654 0.0117637 0.00789286 0.00364095 -0.000880908 -0.00555842 -0.01027 -0.0148853 -0.0192841 -0.0233347 -0.0269115 -0.0299435 -0.0323974 -0.0342063 -0.0353379 -0.0358004 -0.0356372 -0.0348862 -0.0336127 -0.0319066 -0.0298511 -0.0275694 -0.0251461 -0.0226509 -0.020143 -0.0177119 -0.0154149 -0.0132557 -0.0112765 -0.00951552 -0.00797959 -0.00663425 -0.00547948 -0.00452405 -0.00373419 -0.00307462 -0.00253379 -0.00210936 -0.00177483 -0.00150836 -0.00130725 -0.00116353 -0.00105742 -0.000978746 -0.000926778 -0.000898956 
0 5.218e-05 9.97396e-05 0.000161689 0.000253177 0.000376236 0.000532708 0.000743407 0.0010226 0.00137241 0.00181053 0.00235613 0.00303403 0.00385738 0.00484819 0.00602955 0.00741936 0.00904485 0.0108962 0.0129694 0.0152543 0.017736 0.0203686 0.0230874 0.0258702 0.0286524 0.0313428 0.0338393 0.0360634 0.0379292 0.0393233 0.0401686 0.0404049 0.0399927 0.0389054 0.0371347 0.0346832 0.031603 0.0279736 0.0238692 0.0193718 0.0145919 0.00966896 0.00470856 -0.000176593 -0.0048759 -0.00928638 -0.0132989 -0.0168291 -0.0198496 -0.0223428 -0.0242901 -0.0256851 -0.0265381 -0.0268943 -0.0268003 -0.026329 -0.0255312 -0.0244607 -0.0231995 -0.021807 -0.0203238 -0.0187945 -0.0172289 -0.0156461 -0.0140796 -0.0125227 -0.0109564 -0.00933769 -0.00761491 -0.00575299 -0.00375677 -0.00165019 0.000506572 0.0026243 0.00458058 0.00622824 0.00738766 0.00790879 0.00768383 0.00666687 0.00490072 0.00249985 -0.000366423 -0.00348227 -0.00663671 -0.00961724 -0.0122181 -0.0143013 -0.0157745 -0.0165959 -0.0168027 -0.0164812 -0.0157436 -0.0147388 -0.0136058 -0.0124751 -0.0114593 -0.0106429 -0.0100857 -0.00983042 -0.00988398 -0.0102418 -0.0108674 -0.0116977 -0.0126471 -0.0136017 -0.0144241 -0.0149822 -0.0151291 -0.0147453 -0.0137567 -0.0121217 -0.00986128 -0.00707166 -0.003882 -0.000468567 0.00295971 0.00619429 0.00903652 0.0113318 0.0129818 0.0139524 0.0142955 0.0141316 0.0136109 0.0129061 0.012165 0.011509 0.0110226 0.010765 0.0107602 0.0110111 0.0114954 0.0121777 0.013019 0.014014 0.0151452 0.016401 0.0177641 0.019177 0.020599 0.0220043 0.0233437 0.0245694 0.0256114 0.0263633 0.0267571 0.0267345 0.0262504 0.0252555 0.0237105 0.0215894 0.0188913 0.0156488 0.0119025 0.00769464 0.003112 -0.00172155 -0.00669754 -0.0116914 -0.0165908 -0.021279 -0.0256269 -0.0295091 -0.0328458 -0.0355828 -0.0376588 -0.0390335 -0.0397106 -0.039727 -0.0391094 -0.0379232 -0.0362376 -0.0341483 -0.0317701 -0.0291952 -0.0265054 -0.0237661 -0.0210752 -0.0184889 -0.0160321 -0.0137493 -0.0116856 -0.00985836 -0.00824702 -0.00685488 -0.00568495 -0.00470891 -0.00389155 -0.00321862 -0.00268029 -0.0022519 -0.00190841 -0.00164258 -0.00144613 -0.00129889 -0.00119271 -0.00112055 -0.00108001 
0 7.32044e-05 0.000149098 0.000240582 0.000368435 0.00053336 0.000746873 0.0010226 0.0013762 0.00182138 0.00236815 0.00305099 0.00388225 0.00489114 0.00609518 0.00751441 0.00918049 0.0110848 0.0132369 0.0156022 0.018174 0.0209253 0.023792 0.0267354 0.0296801 0.0325759 0.0353122 0.0377925 0.0399418 0.0416646 0.042886 0.043524 0.0435352 0.0428869 0.0415586 0.0395404 0.0368609 0.0335682 0.0297543 0.0254951 0.020865 0.015982 0.0109401 0.00586657 0.000851929 -0.00400139 -0.00858294 -0.0128026 -0.0165847 -0.0198859 -0.0226929 -0.0249712 -0.0267018 -0.0279029 -0.0285824 -0.0288093 -0.0286176 -0.0280512 -0.0271686 -0.0260262 -0.024692 -0.0232307 -0.0216659 -0.0200315 -0.0183495 -0.0166241 -0.0148779 -0.0130792 -0.0111945 -0.0091862 -0.00702697 -0.00471085 -0.00228548 0.000203198 0.00264106 0.00488198 0.0067554 0.00807775 0.00866465 0.00840534 0.00725514 0.00526913 0.00258285 -0.000633319 -0.00415165 -0.00769661 -0.0110353 -0.0139745 -0.0163233 -0.0179746 -0.0189018 -0.0191348 -0.0187623 -0.0179364 -0.0168076 -0.0155347 -0.0142592 -0.0131106 -0.0121824 -0.0115525 -0.0112584 -0.0113205 -0.0117194 -0.0124206 -0.0133501 -0.0144141 -0.0154849 -0.0164165 -0.0170316 -0.0171843 -0.0167425 -0.0156057 -0.0137434 -0.0111995 -0.00804 -0.00441918 -0.000560938 0.00331779 0.00699889 0.0102482 0.0128813 0.0147874 0.0159307 0.0163776 0.0162509 0.0157213 0.0149818 0.0142053 0.013506 0.0129991 0.0127424 0.0127731 0.0131021 0.013704 0.0145205 0.0155235 0.0166593 0.0179165 0.0192829 0.0207168 0.0221817 0.0236261 0.0249948 0.0262522 0.0273364 0.0281672 0.0286815 0.0287881 0.0284566 0.0276402 0.0262975 0.0244061 0.02195 0.0189402 0.0154219 0.0114242 0.00700225 0.00224307 -0.00275789 -0.007866 -0.0129914 -0.0180214 -0.0228532 -0.0273715 -0.0314549 -0.0350173 -0.0379899 -0.0403055 -0.0419235 -0.0428434 -0.0430773 -0.0426735 -0.0416562 -0.0401036 -0.0380937 -0.035725 -0.0331072 -0.0303027 -0.0274194 -0.02453 -0.0217096 -0.0189996 -0.0164399 -0.0140935 -0.011973 -0.0100899 -0.00844319 -0.00703523 -0.00584813 -0.0048502 -0.00402484 -0.00335599 -0.00281744 -0.00238495 -0.00204394 -0.00178203 -0.00158708 -0.0014414 -0.00134316 -0.00128148 
0 0.000100633 0.000210468 0.000346563 0.000516416 0.000738319 0.00101791 0.00137241 0.00182138 0.0023758 0.00306548 0.00390049 0.00491874 0.00613823 0.00757516 0.0092632 0.0111949 0.0133918 0.0158132 0.0184495 0.0212759 0.0242317 0.027295 0.0303645 0.0334032 0.0363033 0.0389754 0.0413444 0.0432967 0.0447984 0.045752 0.0461183 0.0458523 0.0449304 0.0433518 0.0411145 0.0382521 0.034841 0.0309434 0.026639 0.0220204 0.0171443 0.01215 0.00709899 0.00211139 -0.00274384 -0.00737964 -0.0116986 -0.0156548 -0.019187 -0.0222605 -0.0248421 -0.0269199 -0.0284671 -0.0295413 -0.0301393 -0.0303092 -0.030064 -0.0294513 -0.0285164 -0.0273406 -0.0259716 -0.0244564 -0.0228231 -0.0210774 -0.0192574 -0.0173415 -0.0153377 -0.0132074 -0.0109211 -0.00844901 -0.00582526 -0.0030455 -0.000239754 0.00250689 0.00503155 0.0071299 0.00858789 0.00925378 0.00896903 0.00772399 0.00553924 0.00254928 -0.00100265 -0.00486412 -0.00880004 -0.0125095 -0.0157371 -0.0183153 -0.0201339 -0.0211529 -0.021413 -0.0210268 -0.0201217 -0.0188685 -0.017448 -0.0160317 -0.0147459 -0.013718 -0.0130142 -0.0126862 -0.0127492 -0.013197 -0.0139694 -0.0150026 -0.016172 -0.017338 -0.0183389 -0.0190148 -0.0191799 -0.0186837 -0.0174226 -0.0153519 -0.0124842 -0.00895422 -0.0049489 -0.0006407 0.00370588 0.00780094 0.0114286 0.0144048 0.0165779 0.0179404 0.0185103 0.018446 0.0179452 0.0171995 0.0163783 0.0156752 0.0151511 0.0149191 0.0150025 0.0154138 0.0161161 0.0170755 0.0181988 0.0194641 0.0208167 0.0222373 0.0236904 0.0251315 0.0265076 0.0277622 0.0288448 0.0296831 0.0302279 0.0303881 0.0301462 0.029437 0.0282486 0.0265457 0.0243111 0.0215332 0.0182679 0.014527 0.0103772 0.00586943 0.00105362 -0.00394542 -0.00906202 -0.0141653 -0.0191891 -0.0240295 -0.02858 -0.0327488 -0.0364484 -0.039588 -0.0421214 -0.0439849 -0.0451648 -0.045682 -0.0455349 -0.0447923 -0.0434597 -0.0416413 -0.0394036 -0.0368274 -0.0340241 -0.0310582 -0.028051 -0.0250498 -0.0221294 -0.0193405 -0.0167245 -0.014332 -0.0121705 -0.0102607 -0.00859818 -0.00717655 -0.00597788 -0.00497824 -0.00415599 -0.00348769 -0.00294699 -0.00251499 -0.00217879 -0.00192118 -0.00173303 -0.00159819 -0.00151354 
0 0.000137043 0.000296787 0.000481748 0.000712352 0.000996031 0.00135993 0.00181053 0.00236815 0.00306548 0.00390858 0.0049377 0.00616199 0.00762262 0.00932442 0.0112753 0.0134951 0.0159429 0.0186252 0.0214872 0.0245119 0.0276356 0.0307914 0.0339352 0.0369477 0.039763 0.0422749 0.0444193 0.0461116 0.0472914 0.0479233 0.0479548 0.0473651 0.0461476 0.0443221 0.0418894 0.0389213 0.035461 0.0315813 0.0273466 0.0228272 0.0181144 0.0132672 0.0083945 0.00356218 -0.00117893 -0.00574577 -0.0100742 -0.0141227 -0.017806 -0.0211011 -0.0239573 -0.0263505 -0.0282816 -0.0297341 -0.0307512 -0.0313181 -0.0314509 -0.0312015 -0.0305843 -0.0296609 -0.028502 -0.0271022 -0.0255193 -0.0237773 -0.0218786 -0.0198574 -0.0176959 -0.0153562 -0.0128155 -0.0100585 -0.00709653 -0.00399449 -0.000848322 0.00220634 0.00498802 0.00728794 0.00891681 0.00965851 0.00936572 0.00800791 0.00563508 0.00240017 -0.00147223 -0.00571374 -0.00997395 -0.013965 -0.0174815 -0.0202932 -0.0222671 -0.0233924 -0.0236849 -0.0232463 -0.0222623 -0.0209034 -0.0193548 -0.0177987 -0.016387 -0.0152458 -0.0144708 -0.0141114 -0.0141885 -0.0146731 -0.0155152 -0.0166296 -0.0178897 -0.0191546 -0.0202507 -0.0209579 -0.0211104 -0.020556 -0.0191516 -0.0168731 -0.0137623 -0.00988181 -0.00543441 -0.000696568 0.00407076 0.00859369 0.0126186 0.0159269 0.0183773 0.019949 0.0206966 0.0207409 0.0202839 0.0195403 0.0187246 0.0180037 0.0175078 0.0173174 0.0174684 0.0179626 0.0187561 0.0197879 0.0210113 0.0223439 0.0237516 0.0252022 0.0266117 0.0279632 0.0291888 0.0302149 0.0310217 0.0315348 0.0316861 0.0314611 0.0307927 0.0296782 0.0280983 0.0260295 0.0234747 0.0204283 0.0169472 0.013072 0.00884981 0.00434862 -0.000379587 -0.00528107 -0.0102475 -0.0152227 -0.0201164 -0.0248419 -0.0293163 -0.0334559 -0.0371922 -0.040435 -0.043136 -0.0452344 -0.0467025 -0.0475168 -0.0477106 -0.0472819 -0.0462712 -0.0447362 -0.0427186 -0.0403129 -0.0375785 -0.0346454 -0.0315772 -0.0284645 -0.025394 -0.0224087 -0.0195766 -0.0169227 -0.0145042 -0.0123276 -0.0104 -0.00872967 -0.00730272 -0.00610308 -0.00510058 -0.00427657 -0.0036072 -0.00306842 -0.00264137 -0.00231515 -0.00206997 -0.00189809 -0.00178673 
0 0.000190722 0.000407704 0.000663161 0.000957562 0.00132758 0.00178928 0.00235613 0.00305099 0.00390049 0.0049377 0.00616959 0.00763466 0.00935214 0.0113223 0.013557 0.0160303 0.0187383 0.0216344 0.0246945 0.0278756 0.0310827 0.0342826 0.037372 0.0402773 0.0428873 0.0451324 0.0469749 0.048307 0.0491204 0.0493664 0.0490316 0.0481021 0.0465895 0.0445377 0.0419675 0.0389384 0.0355157 0.0317301 0.0276468 0.0233533 0.0188813 0.0143234 0.00971526 0.0051371 0.000608972 -0.003809 -0.00804755 -0.0120843 -0.0158406 -0.019276 -0.0223546 -0.0250583 -0.0273329 -0.0291984 -0.0306261 -0.0316207 -0.0321826 -0.0323506 -0.0321203 -0.0315471 -0.0306573 -0.0294681 -0.0280245 -0.0263434 -0.0244655 -0.0223819 -0.0201041 -0.0175944 -0.0148308 -0.0118017 -0.00856161 -0.00513088 -0.00168244 0.00167108 0.00473443 0.0072606 0.00901902 0.00983365 0.00952013 0.0080763 0.00552813 0.00203895 -0.00210083 -0.00660523 -0.0111886 -0.015501 -0.0192642 -0.0222751 -0.0244027 -0.0256054 -0.0259187 -0.0254669 -0.0244035 -0.0229224 -0.0212415 -0.0195625 -0.018034 -0.0168086 -0.0159663 -0.0155638 -0.0156267 -0.0161446 -0.0170458 -0.0182534 -0.0196162 -0.0209643 -0.0221092 -0.0228572 -0.0230015 -0.022371 -0.0208398 -0.0183609 -0.0149469 -0.010736 -0.00594964 -0.000792424 0.00443058 0.009375 0.0137891 0.0174554 0.0202005 0.0220239 0.0229332 0.023093 0.0227271 0.022041 0.0212406 0.020562 0.0200853 0.0199422 0.0201517 0.0207066 0.0215563 0.0226583 0.0239137 0.0252812 0.0266873 0.0280833 0.0293901 0.0305623 0.0315395 0.0322597 0.0327043 0.0328113 0.0325469 0.0318658 0.0307674 0.029212 0.0272247 0.024803 0.0219585 0.0186988 0.0150977 0.0111595 0.00695836 0.00255865 -0.00201656 -0.00668965 -0.0114298 -0.0161515 -0.020815 -0.0253323 -0.0296278 -0.0336554 -0.0373479 -0.04062 -0.0434472 -0.0457561 -0.0475 -0.0486518 -0.0491882 -0.0491406 -0.0484866 -0.0473031 -0.0456021 -0.0434374 -0.0409074 -0.038081 -0.0350616 -0.0319112 -0.0287481 -0.0256344 -0.0226098 -0.0197417 -0.0170735 -0.0146404 -0.0124471 -0.0105133 -0.008846 -0.00742018 -0.00621705 -0.00521697 -0.00440005 -0.00373813 -0.00320691 -0.00279389 -0.00248096 -0.00225723 -0.00211224 
0 0.000263138 0.000561134 0.000895163 0.00127915 0.00174598 0.00232937 0.00303403 0.00388225 0.00491874 0.00616199 0.00763466 0.00935017 0.0113362 0.0135825 0.0160759 0.0188042 0.0217237 0.024812 0.0280149 0.0312827 0.034517 0.0376515 0.0406172 0.0433009 0.0456237 0.0475241 0.0489775 0.0499018 0.050279 0.0501054 0.0493784 0.0481077 0.0463259 0.0440956 0.0414369 0.0384248 0.0350935 0.0314766 0.0276285 0.023619 0.0194912 0.0152722 0.0110116 0.00675347 0.00251152 -0.00165968 -0.00571404 -0.00964691 -0.0133829 -0.0168991 -0.0201522 -0.0231085 -0.0257185 -0.0279481 -0.029791 -0.0312178 -0.0322299 -0.032855 -0.0330655 -0.0328835 -0.0323456 -0.0314378 -0.030216 -0.0287024 -0.0269083 -0.0248442 -0.0225107 -0.0198752 -0.0169295 -0.0136814 -0.0101703 -0.00646131 -0.0027084 0.000932536 0.00424155 0.00695893 0.00886527 0.00973868 0.00941342 0.00788135 0.00519761 0.00152656 -0.00285795 -0.00765677 -0.0125037 -0.0170594 -0.021065 -0.0242745 -0.0265304 -0.0278101 -0.0281358 -0.0276323 -0.0264944 -0.0249251 -0.023134 -0.0213344 -0.0196943 -0.0183661 -0.017452 -0.0170184 -0.0170835 -0.0176254 -0.018579 -0.0198508 -0.0212866 -0.022721 -0.0239434 -0.0247155 -0.0248332 -0.0241244 -0.0224396 -0.019754 -0.0160994 -0.0115722 -0.00639447 -0.000843963 0.00477784 0.0101386 0.0149621 0.0189926 0.022054 0.0241283 0.025257 0.0255789 0.0253229 0.0247103 0.0239723 0.023323 0.0228865 0.022773 0.0230196 0.0236141 0.0244996 0.0256142 0.0268736 0.028197 0.0295198 0.0307835 0.0318876 0.0328044 0.0334622 0.0338014 0.0338226 0.0334795 0.0327409 0.0316125 0.030064 0.0280924 0.0257206 0.0229684 0.0198763 0.0164658 0.0128048 0.00889896 0.00479951 0.000573083 -0.00375354 -0.00814593 -0.0125547 -0.0169545 -0.0213021 -0.0255328 -0.0295935 -0.0334433 -0.0370309 -0.0402754 -0.0431622 -0.0456299 -0.0476231 -0.0490849 -0.0499942 -0.050331 -0.0500884 -0.049307 -0.0479826 -0.0461649 -0.0439131 -0.0413166 -0.0384273 -0.0353309 -0.0321521 -0.0289574 -0.0258062 -0.0227526 -0.0198755 -0.0172013 -0.0147485 -0.0125513 -0.0106239 -0.00895563 -0.0075259 -0.00632626 -0.00533726 -0.00452936 -0.00387556 -0.00336183 -0.00296914 -0.00268833 -0.00250674 
0 0.000353781 0.000745841 0.00118074 0.00167036 0.00226143 0.00298853 0.00385738 0.00489114 0.00613823 0.00762262 0.00935214 0.0113362 0.0135908 0.0160998 0.0188387 0.0217828 0.0248857 0.0281084 0.031392 0.0346679 0.0378309 0.0408114 0.0435417 0.0459193 0.0478736 0.0493674 0.0503877 0.0508659 0.0507945 0.0501978 0.0490973 0.0475215 0.0455161 0.0431495 0.0404512 0.0374879 0.0342949 0.0308951 0.0273382 0.0236822 0.0199442 0.0161243 0.0122517 0.00836017 0.00445978 0.000590288 -0.00322113 -0.00698172 -0.0106356 -0.0141533 -0.0174985 -0.0206339 -0.0235014 -0.0260609 -0.0282895 -0.0301432 -0.0316089 -0.0326907 -0.0333483 -0.0335916 -0.0334451 -0.0328977 -0.031987 -0.0307218 -0.0290993 -0.0271189 -0.0247857 -0.0220843 -0.0190142 -0.0155958 -0.011874 -0.00792287 -0.00391177 -1.84443e-05 0.00351812 0.00641288 0.00843002 0.00935548 0.00902998 0.00743852 0.00463553 0.000794751 -0.00379273 -0.008816 -0.013912 -0.0187118 -0.0229167 -0.0262771 -0.0286396 -0.0299731 -0.0303125 -0.0297865 -0.0285838 -0.0269162 -0.025013 -0.0230974 -0.0213513 -0.0199351 -0.0189562 -0.0184821 -0.0185373 -0.0191009 -0.0201029 -0.0214395 -0.0229475 -0.0244405 -0.0257011 -0.0264909 -0.0265885 -0.0258032 -0.023985 -0.0210927 -0.0171616 -0.0123189 -0.00679673 -0.000863265 0.00516529 0.0109343 0.0161504 0.0205526 0.0239579 0.0263293 0.0276976 0.0282093 0.0281019 0.0275992 0.0269384 0.0263404 0.0259342 0.0258331 0.026081 0.0266639 0.0275312 0.0286133 0.0298096 0.0310254 0.0321806 0.0332055 0.0340143 0.0345823 0.0348514 0.0347685 0.0343317 0.0335071 0.0322813 0.0306798 0.0286957 0.026333 0.0236251 0.0206079 0.0173326 0.013842 0.0101965 0.00639353 0.00247063 -0.00151715 -0.00555061 -0.00960318 -0.0136404 -0.017651 -0.0216129 -0.0254853 -0.029239 -0.0328561 -0.0362861 -0.0394568 -0.0423572 -0.0449374 -0.0471392 -0.0488957 -0.0501651 -0.050906 -0.0510949 -0.0507509 -0.0498558 -0.0484386 -0.046553 -0.044264 -0.0416057 -0.0386555 -0.0355405 -0.0323396 -0.0291114 -0.0259273 -0.0228734 -0.0199875 -0.0172931 -0.0148339 -0.012642 -0.0107146 -0.00904378 -0.00762371 -0.00644032 -0.00546532 -0.0046705 -0.00404231 -0.00355822 -0.00321165 -0.00298752 
0 0.000468671 0.000976641 0.00153835 0.00215743 0.00289867 0.00379127 0.00484819 0.00609518 0.00757516 0.00932442 0.0113223 0.0135825 0.0160998 0.0188532 0.0218147 0.0249328 0.0281754 0.0314674 0.0347557 0.0379503 0.0409425 0.0436795 0.0460807 0.0480819 0.0496084 0.0506517 0.0512076 0.0512185 0.0507016 0.0496986 0.0482616 0.0464287 0.044251 0.0417923 0.0390992 0.0362212 0.0332095 0.0300697 0.0268429 0.0235762 0.0202474 0.0168579 0.0134038 0.00992047 0.00640878 0.00288256 -0.000648383 -0.00419327 -0.00771454 -0.0111647 -0.0145198 -0.0177517 -0.0207927 -0.0236197 -0.0261746 -0.0284126 -0.0303031 -0.0318277 -0.0329414 -0.0336448 -0.0339314 -0.0337997 -0.0332561 -0.0322936 -0.0309111 -0.0290889 -0.0268384 -0.0241535 -0.0210345 -0.0175061 -0.0136334 -0.00948971 -0.00527555 -0.00118513 0.00252823 0.00557225 0.00768782 0.00867222 0.00835231 0.00671097 0.00380509 -0.000186631 -0.00495877 -0.0101681 -0.0154581 -0.0204408 -0.024794 -0.0282823 -0.0307483 -0.032133 -0.0324815 -0.0319294 -0.0306573 -0.0288948 -0.0268873 -0.0248623 -0.0230108 -0.0215081 -0.0204647 -0.0199516 -0.0199964 -0.0205801 -0.0216203 -0.0230092 -0.0245787 -0.0261222 -0.0274065 -0.0281975 -0.0282537 -0.0273741 -0.0254252 -0.02235 -0.018166 -0.01302 -0.00715042 -0.000824102 0.00560952 0.0117813 0.017387 0.02216 0.0259111 0.0286024 0.0302463 0.0309938 0.031069 0.0306963 0.0301149 0.0295675 0.0291768 0.0290706 0.0292861 0.0298051 0.0305792 0.0315433 0.0325804 0.0336055 0.0345162 0.0352294 0.0356805 0.0358355 0.0356606 0.0351178 0.0341978 0.0328799 0.0311752 0.0291112 0.0267307 0.0240334 0.0210681 0.0178746 0.0144973 0.0109942 0.0074179 0.00376258 6.55376e-05 -0.00363477 -0.00733455 -0.0110054 -0.0146485 -0.0182401 -0.0217857 -0.0252616 -0.0286638 -0.0320053 -0.0352346 -0.0382913 -0.0411599 -0.0437995 -0.0461535 -0.0481615 -0.0497548 -0.0508915 -0.051516 -0.0516291 -0.0511971 -0.0502193 -0.0487602 -0.0468415 -0.0445012 -0.0417896 -0.0388287 -0.0357059 -0.0324695 -0.0292192 -0.0260354 -0.0229789 -0.0200748 -0.0173718 -0.0149203 -0.0127244 -0.010796 -0.00913104 -0.00772514 -0.00655645 -0.00560017 -0.00484284 -0.00425929 -0.00384203 -0.00357492 
0 0.000602099 0.00125466 0.00195802 0.0027468 0.00365905 0.00475207 0.00602955 0.00751441 0.0092632 0.0112753 0.013557 0.0160759 0.0188387 0.0218147 0.024947 0.0282099 0.0315139 0.0348183 0.038024 0.0410428 0.0437915 0.0461855 0.0482067 0.0497581 0.0508164 0.0513753 0.0514325 0.0509828 0.0500321 0.0486688 0.0469487 0.0449158 0.0426208 0.0401263 0.0374758 0.0347428 0.0319419 0.0290961 0.0262241 0.0233338 0.0204328 0.0174617 0.0144503 0.0113921 0.0082841 0.00512271 0.0018969 -0.00139992 -0.00472088 -0.00803765 -0.0113298 -0.0145666 -0.0177265 -0.0207284 -0.0235445 -0.0260975 -0.0283562 -0.0302897 -0.0318556 -0.0330086 -0.0337562 -0.0340565 -0.0339102 -0.0333158 -0.0322303 -0.0306549 -0.0285764 -0.0259843 -0.0228878 -0.0193334 -0.0153616 -0.01112 -0.00676506 -0.00253831 0.00129369 0.00443771 0.00664891 0.00766355 0.00734529 0.00564614 0.00265301 -0.00144837 -0.00636336 -0.0117431 -0.017162 -0.0222652 -0.0267504 -0.0303431 -0.0328708 -0.0343031 -0.0346619 -0.034065 -0.0327305 -0.030889 -0.0287741 -0.0266362 -0.024692 -0.0230979 -0.0219865 -0.0214404 -0.0214763 -0.0220647 -0.0231444 -0.0245769 -0.0261815 -0.0277609 -0.0290694 -0.029833 -0.0298309 -0.028866 -0.0267693 -0.0234972 -0.0190938 -0.0136627 -0.00742706 -0.00072724 0.00609571 0.0126779 0.018687 0.0238361 0.027952 0.0309578 0.0329165 0.0339304 0.0342076 0.033978 0.0334964 0.0329633 0.0325759 0.0324171 0.0325497 0.0329485 0.033559 0.0343017 0.0350994 0.0358287 0.0364143 0.0367617 0.0367928 0.0364998 0.0358449 0.0348146 0.0334097 0.031625 0.0294673 0.0270142 0.0242776 0.0213208 0.0181704 0.0148748 0.0114813 0.00803727 0.00457809 0.00112 -0.00232035 -0.00570638 -0.00902708 -0.0123116 -0.015529 -0.0187146 -0.0218427 -0.0249164 -0.027962 -0.0309925 -0.0339896 -0.0368964 -0.0396879 -0.0423369 -0.044789 -0.0469755 -0.0488512 -0.0503262 -0.0513758 -0.0519416 -0.0519801 -0.051489 -0.0504778 -0.0490037 -0.04704 -0.0446581 -0.0419458 -0.0389746 -0.0358224 -0.0325583 -0.0293081 -0.0261196 -0.0230425 -0.0201326 -0.0174351 -0.0149893 -0.0127987 -0.010884 -0.00924066 -0.00785857 -0.00672465 -0.00581576 -0.00511698 -0.00461022 -0.00428667 
0 0.000768386 0.0015813 0.00247233 0.00344517 0.00457573 0.00589219 0.00741936 0.00918049 0.0111949 0.0134951 0.0160303 0.0188042 0.0217828 0.0249328 0.0282099 0.0315262 0.0348457 0.0380571 0.0410976 0.0438614 0.0462675 0.0482847 0.0498467 0.0509298 0.0514836 0.051538 0.0511083 0.0502062 0.0488779 0.0472072 0.0452619 0.043088 0.0407342 0.0382471 0.035713 0.0331483 0.0306049 0.028058 0.0255216 0.0230148 0.0204932 0.0179537 0.0153621 0.0127209 0.0100144 0.00721694 0.00431058 0.00131566 -0.0017682 -0.00488477 -0.00804816 -0.0112449 -0.0144169 -0.0175337 -0.0205067 -0.0232952 -0.0258601 -0.0281516 -0.0301125 -0.0317051 -0.032866 -0.0336028 -0.0338802 -0.0336787 -0.0329696 -0.0317082 -0.0298681 -0.0274521 -0.0244633 -0.0209432 -0.0169847 -0.0127008 -0.00829651 -0.00400893 -0.000112454 0.00309098 0.00529889 0.00631669 0.00597841 0.00424019 0.00117418 -0.00301472 -0.00802278 -0.013475 -0.0190259 -0.0242613 -0.0288194 -0.0324656 -0.0350508 -0.0364804 -0.036822 -0.0362087 -0.0348147 -0.0328762 -0.0306745 -0.028437 -0.0263829 -0.024707 -0.023539 -0.0229415 -0.0229611 -0.0235649 -0.0246581 -0.0261133 -0.027761 -0.0293508 -0.0306417 -0.0313918 -0.0313383 -0.0302519 -0.0280196 -0.0245525 -0.01987 -0.014144 -0.00761951 -0.00055846 0.00665728 0.0136458 0.020051 0.0255971 0.0300964 0.0334771 0.0357359 0.0370207 0.0375165 0.0374417 0.0370293 0.0365182 0.036068 0.0358136 0.0357973 0.0359966 0.0363642 0.0368213 0.0372677 0.0376264 0.0378021 0.0377007 0.0372894 0.0365103 0.0353707 0.0338645 0.0319919 0.0297718 0.0272475 0.0244501 0.0214662 0.0183105 0.0150434 0.0117203 0.00836664 0.00504868 0.00176977 -0.00145826 -0.00460893 -0.00765887 -0.0106122 -0.0134725 -0.0162944 -0.0190619 -0.0217986 -0.0244983 -0.0271838 -0.0299084 -0.0326373 -0.0353586 -0.0380322 -0.0406398 -0.0431281 -0.0454441 -0.047515 -0.049292 -0.0507084 -0.0517075 -0.0522277 -0.0522168 -0.0517143 -0.0506952 -0.0491841 -0.0471943 -0.0448028 -0.0420847 -0.0390763 -0.0358985 -0.0326303 -0.0293724 -0.0261702 -0.023084 -0.0201835 -0.0174935 -0.0150583 -0.0128849 -0.0109949 -0.0093876 -0.0080525 -0.00698011 -0.0061443 -0.00554 -0.00515015 
0 0.000966888 0.0019902 0.00308231 0.00429812 0.0056627 0.00724233 0.00904485 0.0110848 0.0133918 0.0159429 0.0187383 0.0217237 0.0248857 0.0281754 0.0315139 0.0348457 0.0380657 0.0411166 0.0438921 0.0463101 0.0483274 0.0498841 0.0509764 0.0515445 0.0515957 0.0511628 0.0502709 0.0489852 0.0473401 0.0454309 0.043323 0.0410604 0.0386976 0.0362862 0.0338897 0.031548 0.0292479 0.0269933 0.0247841 0.0226108 0.0204747 0.0183161 0.0161286 0.0138762 0.0115481 0.00911539 0.00655395 0.00386786 0.00107026 -0.0018267 -0.00482705 -0.00789867 -0.0110311 -0.0141398 -0.0171843 -0.020117 -0.0229002 -0.0254707 -0.0277776 -0.0297282 -0.0312951 -0.032442 -0.033137 -0.0333602 -0.0330329 -0.0321246 -0.030591 -0.028417 -0.0256215 -0.0222562 -0.0183729 -0.0141557 -0.00976465 -0.00548964 -0.00162994 0.00152299 0.00370458 0.00465419 0.00426218 0.00247068 -0.000626794 -0.00485345 -0.00993284 -0.0154923 -0.0210932 -0.0263721 -0.0310026 -0.0346971 -0.0372792 -0.0387125 -0.0390278 -0.0383422 -0.036884 -0.0348861 -0.0325871 -0.0302503 -0.0281154 -0.0263489 -0.0251044 -0.0244717 -0.024468 -0.0250516 -0.0261584 -0.0276296 -0.0292715 -0.0308737 -0.0321739 -0.0328718 -0.0327315 -0.0315386 -0.0291217 -0.0254336 -0.0205315 -0.0145277 -0.00764529 -0.000242898 0.00732172 0.0146902 0.0215068 0.0274667 0.0323745 0.0361058 0.0387156 0.0402812 0.0409717 0.0410225 0.0406803 0.0401328 0.0396097 0.039187 0.0389406 0.0388602 0.0388909 0.0389569 0.0389982 0.0389003 0.0386063 0.0380286 0.0371207 0.0358674 0.0342518 0.0322935 0.0299983 0.0274044 0.0245589 0.0215357 0.0183691 0.0151261 0.0118232 0.00852378 0.00527468 0.00211957 -0.00094219 -0.00389633 -0.0067438 -0.00946375 -0.0120414 -0.0145269 -0.0169364 -0.0193235 -0.0216796 -0.0240214 -0.0263844 -0.028789 -0.0312471 -0.0337469 -0.0362598 -0.038782 -0.0412624 -0.0436406 -0.0458665 -0.0478619 -0.0496021 -0.050986 -0.0519486 -0.0524383 -0.05242 -0.0519097 -0.050866 -0.0493292 -0.0473361 -0.0449329 -0.0421882 -0.0391592 -0.0359722 -0.0327 -0.0294225 -0.0262129 -0.0231242 -0.02023 -0.0175478 -0.0151268 -0.0129849 -0.0111381 -0.0095972 -0.00833694 -0.00736438 -0.00665073 -0.00619781 
0 0.00120709 0.00246185 0.00380991 0.00528543 0.00693709 0.00879992 0.0108962 0.0132369 0.0158132 0.0186252 0.0216344 0.024812 0.0281084 0.0314674 0.0348183 0.0380571 0.0411166 0.0439004 0.0463395 0.0483555 0.0499135 0.0509934 0.0515623 0.0516171 0.0511679 0.0502769 0.0489866 0.0473762 0.045492 0.0434156 0.0412067 0.0389225 0.0366174 0.0343195 0.0321117 0.0299745 0.0279216 0.0259342 0.0240215 0.0221835 0.0203812 0.0185891 0.0167574 0.014859 0.0128879 0.0108076 0.00857644 0.00621513 0.0036932 0.00104699 -0.00174006 -0.00464191 -0.00763206 -0.010674 -0.0137 -0.0166895 -0.0195986 -0.0223539 -0.0248962 -0.0271592 -0.029064 -0.0306041 -0.031711 -0.0323361 -0.0324013 -0.0318584 -0.0306495 -0.0287787 -0.0262549 -0.0231101 -0.0194278 -0.0153659 -0.0111132 -0.00696059 -0.00321275 -0.000163499 0.00188325 0.00273481 0.0022611 0.000396902 -0.00277859 -0.00705881 -0.0121684 -0.0177299 -0.0233775 -0.028699 -0.0333301 -0.037015 -0.0396043 -0.0410033 -0.0412763 -0.0405486 -0.0390144 -0.0369084 -0.0345262 -0.0321033 -0.0298744 -0.0280351 -0.0267327 -0.0260281 -0.025982 -0.0265504 -0.0276435 -0.0291153 -0.0307797 -0.0323627 -0.0336106 -0.0342476 -0.0340124 -0.0326674 -0.0300926 -0.0261975 -0.0210217 -0.0147279 -0.00756495 0.000179544 0.0081235 0.0158931 0.0230981 0.0294488 0.0347457 0.0388607 0.0417799 0.0436128 0.0445041 0.0446787 0.0443635 0.0437645 0.0430824 0.0424289 0.0418631 0.0413949 0.0409979 0.0406079 0.0401684 0.0395894 0.0387963 0.037705 0.0363084 0.034565 0.0325086 0.0301551 0.0275087 0.0246179 0.0215521 0.0183561 0.0151158 0.0118558 0.00860068 0.0054064 0.00230155 -0.000648685 -0.00346648 -0.00613509 -0.00866746 -0.0110628 -0.0133116 -0.0154356 -0.0174975 -0.0195098 -0.0215107 -0.0235198 -0.0255643 -0.0276825 -0.0298634 -0.0321366 -0.0344644 -0.0368624 -0.0392888 -0.041687 -0.0439938 -0.0461583 -0.0481368 -0.0498408 -0.0512029 -0.0521417 -0.052625 -0.0526035 -0.0520694 -0.051015 -0.049464 -0.0474603 -0.0450367 -0.0422691 -0.0392306 -0.0360288 -0.0327414 -0.0294516 -0.026237 -0.0231605 -0.0202754 -0.01762 -0.0152395 -0.0131594 -0.0113952 -0.00994576 -0.00881225 -0.00798534 -0.00745668 
