0 0 0 0 0 0 0 0 0 0 0 0 0 0 0 0 0 0 0 0 0 0 0 0 0 0 0 0 0 0 0 0 0 0 0 0 0 0 0 0 0 0 0 0 0 0 0 0 0 0 0 0 0 0 0 0 0 0 0 0 0 0 0 0 0 0 0 0 0 0 0 0 0 0 0 0 0 0 0 0 0 0 0 0 0 0 0 0 0 0 0 0 0 0 0 0 0 0 0 0 0 0 0 0 0 0 0 0 0 0 0 0 0 0 0 0 0 0 0 0 0 0 0 0 0 0 0 0 0 0 0 0 0 0 0 0 0 0 0 0 0 0 0 0 0 0 0 0 0 0 0 0 0 0 0 0 0 0 0 0 0 0 0 0 0 0 0 0 0 0 0 0 0 0 0 0 0 0 0 0 0 0 0 0 0 0 0 0 0 0 0 0 0 0 0 0 0 0 0 0 
0 0.0004443 0.000890682 0.00136318 0.00185633 0.00238464 0.00292938 0.00349451 0.00406298 0.0046095 0.00513055 0.00559557 0.00600267 0.00632194 0.00654359 0.00664464 0.00660097 0.0064046 0.00603195 0.00549998 0.00482286 0.00403017 0.00313517 0.00217364 0.00117784 0.0001698 -0.000819831 -0.00174895 -0.00257092 -0.00328216 -0.00385024 -0.00428261 -0.00457576 -0.00474623 -0.00480154 -0.00473942 -0.00458605 -0.00434327 -0.00405876 -0.00375649 -0.00344411 -0.00312683 -0.00281712 -0.00251173 -0.00222545 -0.00195954 -0.00173151 -0.00153764 -0.00136702 -0.00122522 -0.00108052 -0.00096338 -0.000869747 -0.000794466 -0.000734723 -0.000681497 -0.000622815 -0.000572005 -0.00052007 -0.000474631 -0.000436815 -0.000407654 -0.000387914 -0.00036091 -0.000333836 -0.000297179 -0.000263773 -0.000239542 -0.000224557 -0.000201134 -0.0001781 -0.000147967 -0.00012658 -0.000111694 -0.000105813 -0.000104565 -0.000118626 -0.000122179 -0.000108228 -9.04193e-05 -6.23091e-05 -9.98566e-06 5.76581e-05 0.000148086 0.000254514 0.000370342 0.000499257 0.000608541 0.000678555 0.000687296 0.000585779 0.00036148 3.01135e-05 -0.000415441 -0.000934715 -0.00148492 -0.00203199 -0.00253033 -0.00292543 -0.00318611 -0.00328475 -0.00321374 -0.00296883 -0.00258791 -0.00209978 -0.00153741 -0.000963913 -0.00043006 4.46197e-05 0.000407147 0.000656939 0.000816355 0.000887443 0.000894593 0.000867273 0.000805526 0.000730732 0.000650078 0.000569609 0.000507692 0.00045503 0.000414939 0.000397673 0.000381752 0.000348481 0.000318173 0.00029236 0.000275301 0.000264883 0.000264551 0.0002637 0.000276331 0.000284068 0.000292677 0.000305369 0.000321691 0.000337139 0.000365703 0.000384795 0.000401413 0.000411037 0.000421069 0.00044566 0.000480779 0.000526481 0.0005662 0.000601757 0.000644102 0.000694107 0.00075512 0.00084238 0.000928274 0.00103954 0.00116076 0.00129662 0.00146499 0.00167159 0.00191829 0.00218956 0.0024764 0.00277364 0.00308535 0.00341129 0.00374156 0.0040359 0.00429593 0.00448176 0.0045785 0.00457456 0.00446028 0.00422817 0.00385143 0.0033331 0.0026628 0.00186956 0.00097788 2.16129e-05 -0.000973198 -0.0019615 -0.00291766 -0.00382597 -0.00464341 -0.00533838 -0.0058746 -0.00626011 -0.00647433 -0.00653222 -0.00645879 -0.00626755 -0.00598196 -0.00560543 -0.00518255 -0.00472201 -0.00425014 -0.00379207 -0.00336478 -0.00299717 -0.00268704 -0.00246037 -0.00230904 
0 0.000890682 0.00179903 0.00273458 0.0037369 0.00477704 0.00586446 0.0069813 0.0080971 0.00918767 0.0102026 0.0111327 0.0119233 0.0125473 0.0129707 0.0131409 0.0130419 0.0126267 0.0118893 0.0108353 0.00950254 0.00794431 0.00617885 0.00428645 0.00232983 0.000353893 -0.00157419 -0.00338201 -0.00499095 -0.00637914 -0.00751897 -0.0083759 -0.00897641 -0.00932431 -0.0094386 -0.00934801 -0.00906066 -0.00862921 -0.00808973 -0.00750623 -0.00688777 -0.00624614 -0.00562791 -0.00503265 -0.00447452 -0.00396574 -0.0035176 -0.00312001 -0.00278619 -0.00248531 -0.00221439 -0.00197924 -0.00178793 -0.00162661 -0.00148319 -0.00135868 -0.00124624 -0.00114869 -0.00106524 -0.000988621 -0.000898887 -0.000841251 -0.000776189 -0.000717765 -0.000664195 -0.00059651 -0.000530665 -0.000485984 -0.000425503 -0.000383035 -0.000341289 -0.000288664 -0.000253983 -0.000230757 -0.000224318 -0.000219533 -0.000201727 -0.000186263 -0.000191396 -0.000170581 -0.000118996 -2.4431e-05 0.000103788 0.000297757 0.000525405 0.000781214 0.00103202 0.00124942 0.0013667 0.00135202 0.00113895 0.000725015 6.19079e-05 -0.000813112 -0.00183909 -0.00295335 -0.00407234 -0.0050457 -0.00584593 -0.00637165 -0.00655538 -0.00640468 -0.00593373 -0.00514322 -0.00416542 -0.0030622 -0.00193036 -0.000864511 5.61507e-05 0.0008066 0.00133788 0.00166877 0.00180286 0.00181437 0.00173003 0.00159817 0.0014452 0.001302 0.00115363 0.00103661 0.000945462 0.000884379 0.000809268 0.000741564 0.000687967 0.000641459 0.000598477 0.000572907 0.000553742 0.000553884 0.000548714 0.000548248 0.00057648 0.000596806 0.000624897 0.000652559 0.000672723 0.000706856 0.000754637 0.000781924 0.000826293 0.00086071 0.000907604 0.000971907 0.00104491 0.00110965 0.00118827 0.0012785 0.00138686 0.00152243 0.0016799 0.00186663 0.00208777 0.00235277 0.00264633 0.00298951 0.00339752 0.00387558 0.00439575 0.00496897 0.00556362 0.00618651 0.00684001 0.00746435 0.00803999 0.00852198 0.00887967 0.00906006 0.00902907 0.00878514 0.00828688 0.00751849 0.00647727 0.00515396 0.00360134 0.00186078 -1.61557e-05 -0.00196217 -0.00391106 -0.0057828 -0.0075581 -0.00915743 -0.010504 -0.0115729 -0.0123307 -0.0127819 -0.0129147 -0.0127852 -0.0124332 -0.0118699 -0.0111568 -0.010324 -0.00943514 -0.00851416 -0.00761251 -0.00678781 -0.00605114 -0.00545228 -0.00498997 -0.0046915 
0 0.00136318 0.00273458 0.00417167 0.00566113 0.00722713 0.0088258 0.0104653 0.0121049 0.0136813 0.0151763 0.0165105 0.017661 0.0185427 0.0191183 0.0193288 0.0191239 0.0184923 0.0173889 0.0158531 0.0139171 0.0116482 0.00908336 0.0063278 0.00348348 0.000625329 -0.00216068 -0.00477151 -0.00710276 -0.00915156 -0.010835 -0.0121469 -0.01306 -0.0136062 -0.0138165 -0.0137099 -0.0133617 -0.0127767 -0.0120489 -0.011224 -0.0103241 -0.0093884 -0.00848193 -0.00761423 -0.00681252 -0.00606029 -0.00538438 -0.00478012 -0.00424232 -0.00379907 -0.00338018 -0.00304121 -0.00275362 -0.00249327 -0.00226019 -0.00205606 -0.0018711 -0.00173736 -0.00161731 -0.00150332 -0.001384 -0.00126992 -0.001176 -0.00107979 -0.000999831 -0.000903447 -0.000808983 -0.000724996 -0.000654619 -0.000571756 -0.000506519 -0.000442226 -0.000405628 -0.000374854 -0.000346268 -0.000311159 -0.000307635 -0.000294129 -0.000264197 -0.000240093 -0.000187317 -5.15107e-05 0.000157481 0.000455739 0.00080997 0.00118322 0.00156396 0.00186577 0.00203602 0.00202091 0.00170158 0.00104304 7.0077e-05 -0.00123555 -0.00277258 -0.00442333 -0.00607601 -0.00758067 -0.00877505 -0.00955279 -0.00983091 -0.00959381 -0.00884675 -0.00769879 -0.00624885 -0.00459775 -0.00291243 -0.00132952 8.76195e-05 0.00120087 0.0019895 0.00249304 0.00271321 0.00271946 0.00260127 0.00238872 0.00215623 0.0019333 0.00172993 0.00157715 0.00143652 0.00130801 0.00121773 0.00113192 0.00102352 0.000945872 0.000896085 0.0008706 0.000849044 0.000836249 0.000816277 0.000836042 0.000862346 0.000900937 0.000945379 0.000983168 0.00100506 0.00105941 0.00111188 0.00118206 0.00125215 0.00131688 0.00139323 0.00147251 0.00157011 0.00166938 0.00179012 0.00195087 0.00213473 0.00233386 0.00258358 0.00284106 0.00318969 0.00359932 0.0040625 0.00459731 0.00520575 0.00590139 0.00666916 0.00750545 0.0083913 0.00931226 0.0102403 0.0111342 0.0119083 0.0125792 0.0130573 0.0132885 0.0132178 0.0128054 0.012033 0.0108564 0.00930445 0.00736574 0.00510959 0.00258616 -0.000131507 -0.002971 -0.00580202 -0.0085331 -0.0111073 -0.0134145 -0.0153807 -0.0169311 -0.0180811 -0.0187712 -0.0190185 -0.0188763 -0.0183838 -0.0176073 -0.0165735 -0.015397 -0.0141107 -0.0127856 -0.0114931 -0.0102859 -0.00923491 -0.00834102 -0.0076704 -0.00721885 
0 0.00185633 0.0037369 0.00566113 0.00767173 0.0097256 0.0118261 0.0139503 0.0160521 0.0180844 0.01997 0.0216727 0.0230987 0.0241808 0.0248529 0.0250366 0.0247124 0.0238349 0.0224016 0.0204268 0.0179583 0.0150683 0.0117967 0.00828416 0.00466101 0.00102201 -0.00251657 -0.00584015 -0.0088362 -0.0114739 -0.0136958 -0.0154281 -0.0166795 -0.0174524 -0.0177885 -0.0177495 -0.0173719 -0.0167251 -0.0158596 -0.0148572 -0.0137414 -0.0125581 -0.0114026 -0.0102928 -0.00924329 -0.00826032 -0.00735814 -0.00653386 -0.00581994 -0.0051906 -0.00463446 -0.00415775 -0.00375687 -0.00340327 -0.00308221 -0.00280173 -0.00256001 -0.00236081 -0.00219191 -0.00203083 -0.00184841 -0.00170795 -0.00156816 -0.00144621 -0.00134088 -0.00121805 -0.00109578 -0.000998324 -0.000879539 -0.00078293 -0.000693822 -0.000598398 -0.000536221 -0.000496 -0.000477121 -0.000456592 -0.000420233 -0.000386844 -0.000377535 -0.000330448 -0.000224916 -3.44188e-05 0.000234365 0.000622806 0.00107987 0.00158257 0.00207402 0.00248603 0.00270503 0.00265784 0.00222325 0.00137628 5.4728e-05 -0.00168554 -0.00372677 -0.00593588 -0.00814293 -0.0100879 -0.0116682 -0.0127033 -0.0130698 -0.0127662 -0.0118183 -0.0102646 -0.00832379 -0.00613521 -0.00389051 -0.00177372 6.93564e-05 0.00156335 0.002631 0.00329978 0.00358709 0.00361527 0.00345473 0.00319103 0.00288593 0.00259477 0.0023076 0.00207704 0.00189464 0.00176036 0.00161799 0.00148842 0.00138027 0.0012912 0.001216 0.00116784 0.00112982 0.00111677 0.00109955 0.00110167 0.00115363 0.00120569 0.00126968 0.00132659 0.00136589 0.00142708 0.00151124 0.0015805 0.00167884 0.00176649 0.0018688 0.00199281 0.00213089 0.00227046 0.00244847 0.00266481 0.002917 0.00320689 0.00353156 0.00390964 0.00437412 0.0049407 0.00557873 0.0063007 0.00711746 0.00803667 0.00903423 0.0101281 0.0112689 0.0124403 0.0136135 0.014688 0.0156289 0.0163916 0.0169275 0.0171448 0.0169673 0.0163697 0.0152928 0.0137272 0.0116914 0.00919028 0.00630535 0.00309363 -0.00037185 -0.00398399 -0.00760836 -0.011095 -0.0143793 -0.0173287 -0.0198318 -0.021854 -0.0233538 -0.0243145 -0.0247042 -0.0245911 -0.0240373 -0.0230801 -0.0218248 -0.0203449 -0.0187453 -0.0170823 -0.015446 -0.013931 -0.0125706 -0.0114384 -0.0105521 -0.00996505 
0 0.00238464 0.00477704 0.00722713 0.0097256 0.0122757 0.0148355 0.0174024 0.0199262 0.0223288 0.0245623 0.0265319 0.0281721 0.0293721 0.0300663 0.0301851 0.0296879 0.0285699 0.0268054 0.0244348 0.0214997 0.0180755 0.0142237 0.0100947 0.00583893 0.00157067 -0.00259206 -0.00651633 -0.0100763 -0.0132479 -0.0159321 -0.0180874 -0.0196772 -0.0207258 -0.021272 -0.0213517 -0.0210453 -0.0203808 -0.0194604 -0.0183526 -0.0170949 -0.0157459 -0.0143948 -0.0130658 -0.0117921 -0.0105744 -0.00945237 -0.0084339 -0.00752183 -0.00673037 -0.00599669 -0.00537337 -0.00484425 -0.00438292 -0.00397752 -0.00362069 -0.0032951 -0.00302593 -0.00278375 -0.00256093 -0.00234855 -0.00216429 -0.00200607 -0.001848 -0.00170036 -0.00153441 -0.00137833 -0.00124743 -0.00113316 -0.00100942 -0.000894172 -0.000776114 -0.000692512 -0.000632185 -0.000594299 -0.00056222 -0.000555331 -0.000529324 -0.00047374 -0.000395728 -0.000259003 -1.07042e-05 0.000340895 0.000815484 0.00137624 0.00197952 0.00258803 0.00308502 0.00336217 0.00330849 0.00275966 0.00165454 3.9547e-06 -0.00217187 -0.00471745 -0.00744534 -0.0101559 -0.0126019 -0.0145533 -0.0158285 -0.0162931 -0.0159149 -0.0147109 -0.0128172 -0.0104117 -0.00768118 -0.00488285 -0.00224638 8.17813e-05 0.0019265 0.00324097 0.00407166 0.00445281 0.00449741 0.00432615 0.00400515 0.0036287 0.00324712 0.00288641 0.00259778 0.00235721 0.00216518 0.00202766 0.00190222 0.00175498 0.00162934 0.00152956 0.00146502 0.00142084 0.00140152 0.001387 0.00141524 0.00145887 0.00151544 0.00158305 0.00165231 0.00171503 0.00181414 0.00191321 0.00201649 0.00211951 0.0022242 0.00235943 0.00252324 0.00271733 0.00291653 0.00314472 0.00342559 0.00375445 0.00413063 0.0045816 0.00507522 0.00568957 0.00640428 0.00720943 0.00812388 0.00915077 0.0102948 0.0115285 0.0128384 0.0141884 0.0155505 0.0168785 0.0180975 0.0191124 0.0199195 0.0204224 0.0205424 0.0202048 0.019361 0.0179816 0.0160309 0.0135463 0.0105369 0.00709415 0.00328846 -0.000794221 -0.0050499 -0.00930806 -0.0134243 -0.017299 -0.0207847 -0.0237768 -0.026201 -0.0280566 -0.0292763 -0.0298533 -0.0298367 -0.0292765 -0.0282501 -0.0268279 -0.0251539 -0.0233078 -0.0213883 -0.0194949 -0.0177092 -0.0161177 -0.0147565 -0.0137065 -0.0129957 
0 0.00292938 0.00586446 0.0088258 0.0118261 0.0148355 0.0178333 0.0207969 0.023674 0.0263921 0.0288716 0.0310351 0.0327822 0.0340171 0.0346653 0.0346607 0.0339793 0.0326044 0.0305357 0.0278064 0.0244744 0.0206214 0.016324 0.0117364 0.00701249 0.00226517 -0.0023781 -0.00677764 -0.0108032 -0.0144001 -0.0174927 -0.0200151 -0.0219555 -0.0233192 -0.0241327 -0.0244319 -0.0242626 -0.0236867 -0.0227912 -0.021665 -0.0203498 -0.0189011 -0.0174067 -0.0159051 -0.0144307 -0.013016 -0.0117 -0.0104949 -0.00941217 -0.00843221 -0.00753058 -0.00673619 -0.00605648 -0.00546974 -0.00495509 -0.00450056 -0.00409478 -0.0037427 -0.00343449 -0.00315452 -0.00288839 -0.00266627 -0.00246076 -0.00226174 -0.00206926 -0.00186402 -0.00167237 -0.00151558 -0.00136552 -0.00122703 -0.00109302 -0.000956545 -0.00085283 -0.000781982 -0.000737585 -0.000697673 -0.000654491 -0.000604964 -0.000549951 -0.000451578 -0.000271695 2.62934e-05 0.000448779 0.00101983 0.00169511 0.00242597 0.00313999 0.00371846 0.00401769 0.00390603 0.00322641 0.0019105 -7.39136e-05 -0.002666 -0.00569882 -0.00896141 -0.0121972 -0.0150909 -0.0174112 -0.0189263 -0.0194735 -0.01902 -0.0175999 -0.0153304 -0.0124569 -0.00921494 -0.00588609 -0.00273756 2.60318e-05 0.00225186 0.00385787 0.00486834 0.00533475 0.00539719 0.00518392 0.00480421 0.00435655 0.00390882 0.00348423 0.00313319 0.00285447 0.00263959 0.00245391 0.00228435 0.00212459 0.00198557 0.00187111 0.00179245 0.00174221 0.0017227 0.001712 0.00172919 0.00178083 0.00184122 0.00191573 0.00199519 0.00207694 0.00219227 0.00232327 0.00244528 0.00257692 0.00271154 0.00288027 0.00309376 0.00333767 0.00359264 0.00388317 0.0042293 0.00464268 0.00513416 0.00570927 0.0063659 0.007137 0.0080223 0.00900521 0.0101046 0.0113345 0.012687 0.0141233 0.0156179 0.01712 0.0186034 0.0200278 0.0212972 0.0223355 0.0230889 0.0234774 0.0234116 0.022826 0.021696 0.0199831 0.0176722 0.014781 0.0113337 0.00742508 0.00314063 -0.00142631 -0.00615758 -0.0108924 -0.0154767 -0.0198059 -0.0237298 -0.0271216 -0.0299184 -0.0320843 -0.0335752 -0.0343647 -0.0344983 -0.0340292 -0.0330132 -0.0315542 -0.0297742 -0.0277936 -0.0257105 -0.0236344 -0.0216679 -0.0198841 -0.0183642 -0.0171723 -0.0163693 
0 0.00349451 0.0069813 0.0104653 0.0139503 0.0174024 0.0207969 0.024103 0.0272651 0.0302061 0.0328398 0.0350842 0.036838 0.0380143 0.0385448 0.038378 0.0374912 0.0358703 0.0335243 0.0304947 0.0268553 0.0226942 0.0181037 0.0132246 0.00819813 0.00313429 -0.00184159 -0.00658383 -0.0109624 -0.0149043 -0.0183416 -0.021212 -0.0235003 -0.0252032 -0.0263307 -0.0269046 -0.0269598 -0.0265611 -0.0257931 -0.0247406 -0.0234499 -0.021979 -0.0204113 -0.0187999 -0.0171845 -0.0156074 -0.0141097 -0.012715 -0.0114395 -0.0102703 -0.00919777 -0.00824081 -0.00740763 -0.00667714 -0.00602949 -0.00545613 -0.00495279 -0.00451896 -0.00414169 -0.00379697 -0.00347262 -0.00318875 -0.00293024 -0.00268935 -0.00245872 -0.00222432 -0.00200273 -0.00181038 -0.00162925 -0.001462 -0.00130553 -0.00116198 -0.00105123 -0.000969312 -0.000903703 -0.000840939 -0.000775307 -0.000705277 -0.000626347 -0.000503775 -0.000290408 6.06083e-05 0.000569202 0.00124283 0.00203417 0.00287921 0.00368661 0.00432629 0.00464112 0.0044722 0.00365577 0.0021042 -0.000209932 -0.00321223 -0.00672226 -0.0104947 -0.0142299 -0.0175827 -0.0202625 -0.0220053 -0.0226323 -0.0220952 -0.0204438 -0.0178269 -0.0145071 -0.0107659 -0.00691935 -0.00326832 -5.6279e-05 0.00254052 0.00442928 0.00562427 0.00619469 0.00628351 0.00603908 0.00559723 0.00507402 0.00455234 0.00407281 0.00367267 0.00335025 0.00309302 0.00287293 0.00267326 0.00248876 0.00233136 0.00221109 0.00213011 0.00207639 0.00204422 0.00202658 0.00204093 0.0020961 0.00217158 0.00226255 0.00235694 0.00245618 0.00258423 0.00273592 0.00289242 0.00306276 0.00324385 0.00345676 0.0037142 0.00400655 0.00432674 0.00469882 0.00514299 0.00566912 0.00628486 0.00699181 0.0078003 0.0087348 0.00979742 0.0109703 0.0122606 0.0136772 0.0152051 0.0168027 0.0184281 0.0200262 0.0215615 0.0229878 0.0242143 0.025165 0.0257729 0.0259596 0.02564 0.0247623 0.0233122 0.021267 0.0186193 0.0153792 0.0115805 0.00731254 0.00267359 -0.00223501 -0.00728865 -0.0123352 -0.0172345 -0.021878 -0.0261249 -0.0298419 -0.0329535 -0.0354084 -0.037162 -0.03819 -0.0385274 -0.0382224 -0.0373263 -0.0359381 -0.0341766 -0.0321686 -0.0300231 -0.0278575 -0.0257845 -0.0238902 -0.0222682 -0.0209919 -0.0201296 
0 0.00406298 0.0080971 0.0121049 0.0160521 0.0199262 0.023674 0.0272651 0.0306392 0.0337064 0.0363985 0.0386121 0.0402779 0.0413115 0.0416614 0.0412968 0.0401852 0.038333 0.0357471 0.0324904 0.0286458 0.0243014 0.0195612 0.0145408 0.00936333 0.00414027 -0.00101309 -0.00595339 -0.0105624 -0.0147652 -0.0184838 -0.0216756 -0.024293 -0.0263342 -0.0277987 -0.0286897 -0.0290527 -0.0289229 -0.0283864 -0.0275003 -0.0263178 -0.0249082 -0.0233485 -0.0217034 -0.020018 -0.0183251 -0.0166711 -0.0150996 -0.0136261 -0.012275 -0.0110287 -0.00991069 -0.00891657 -0.00802801 -0.00723479 -0.00653199 -0.00591637 -0.00539094 -0.00492604 -0.00449595 -0.00410367 -0.00373998 -0.00342661 -0.0031406 -0.0028716 -0.00261061 -0.00236365 -0.00213191 -0.00192869 -0.00172588 -0.00153998 -0.00138045 -0.00125348 -0.00115757 -0.00107546 -0.000994433 -0.000921017 -0.000834325 -0.000712426 -0.000548758 -0.000283966 0.000135577 0.000733695 0.0014951 0.00238775 0.0033288 0.00422351 0.00491547 0.00524245 0.00501248 0.00405474 0.00224989 -0.000394652 -0.00381147 -0.00779794 -0.0120641 -0.0162673 -0.0200629 -0.023074 -0.0250301 -0.0257432 -0.025137 -0.0232601 -0.0203187 -0.0165594 -0.0123202 -0.00796148 -0.00382055 -0.000160784 0.002792 0.00495562 0.00633464 0.00702032 0.0071475 0.00689576 0.00640654 0.00581778 0.00521282 0.00466417 0.00420364 0.00383184 0.00352786 0.00329195 0.00308114 0.00287769 0.00270547 0.00257471 0.00248078 0.00241704 0.00236821 0.00234347 0.00236532 0.00242007 0.00251614 0.0026274 0.00274153 0.00286283 0.00300816 0.00317156 0.00336673 0.00357149 0.00380601 0.00407596 0.00438674 0.00474193 0.00514418 0.00561309 0.006177 0.00683534 0.00758466 0.00843651 0.00939268 0.0104974 0.0117396 0.0131074 0.0145866 0.0161661 0.0178251 0.0195289 0.0212199 0.0228523 0.0243711 0.0257091 0.0267971 0.0275431 0.027907 0.0278064 0.0271775 0.0259799 0.0241911 0.0218195 0.0188575 0.015326 0.0112681 0.00676012 0.00190287 -0.00319966 -0.00842747 -0.0136323 -0.0187024 -0.0235225 -0.0279706 -0.0319255 -0.0352832 -0.0379983 -0.0400026 -0.0412907 -0.0418794 -0.0418061 -0.0411351 -0.0399276 -0.038315 -0.0363974 -0.0343029 -0.0321543 -0.0300623 -0.0281495 -0.0264907 -0.0251911 -0.0243035 
0 0.0046095 0.00918767 0.0136813 0.0180844 0.0223288 0.0263921 0.0302061 0.0337064 0.0368269 0.0394659 0.0415747 0.0430629 0.0438946 0.0440192 0.0434136 0.0420747 0.0399935 0.0372206 0.0338106 0.0298597 0.0254478 0.0206778 0.0156441 0.0104601 0.00522556 5.77477e-05 -0.00492843 -0.00964952 -0.0140004 -0.0179473 -0.0213938 -0.0243187 -0.0266863 -0.0284921 -0.0297608 -0.0304796 -0.0307151 -0.0304883 -0.0298571 -0.0288761 -0.0276149 -0.0261462 -0.0245484 -0.022847 -0.0211028 -0.0193468 -0.0176343 -0.0160167 -0.0144794 -0.0130745 -0.0117756 -0.0106042 -0.0095514 -0.00860443 -0.00775632 -0.00702132 -0.0063678 -0.00579601 -0.00527385 -0.00479522 -0.00437251 -0.00398847 -0.00364665 -0.00331951 -0.00301387 -0.00272754 -0.00247448 -0.00223036 -0.0020163 -0.00180527 -0.00161607 -0.00145477 -0.0013401 -0.00124802 -0.00116945 -0.00105849 -0.000940301 -0.000802579 -0.000578559 -0.000229905 0.000258312 0.000931905 0.00177881 0.00275882 0.0038015 0.00476992 0.00551803 0.0058391 0.00551837 0.00439831 0.00236263 -0.000634786 -0.00445691 -0.0088978 -0.01365 -0.0183221 -0.0225001 -0.0258357 -0.0280014 -0.0287864 -0.028113 -0.0260556 -0.0227722 -0.0185855 -0.0138746 -0.00901584 -0.00438081 -0.000312473 0.00301068 0.00546272 0.00702948 0.00782371 0.00800594 0.00774533 0.00722929 0.00657907 0.00590697 0.00528309 0.00473651 0.00431478 0.00399909 0.00372715 0.00349119 0.00329803 0.00311654 0.00296728 0.00284758 0.00276896 0.00272069 0.00270915 0.00271942 0.00278849 0.00288411 0.00300237 0.00313097 0.00328216 0.00344867 0.00365603 0.00387507 0.00412511 0.0044092 0.00473493 0.00512323 0.00555773 0.00605818 0.00664119 0.00732344 0.00811795 0.00902857 0.0100294 0.0111775 0.0124473 0.0138697 0.0154147 0.0170486 0.0187588 0.0205023 0.0222455 0.0239374 0.0255222 0.0269401 0.0281202 0.0289649 0.0294405 0.0294605 0.0290118 0.0280292 0.0264785 0.0243589 0.0216563 0.0184143 0.01464 0.0104081 0.00577814 0.000839983 -0.00431341 -0.00956244 -0.0147928 -0.0198927 -0.0247586 -0.0292925 -0.0333705 -0.036918 -0.0398355 -0.0420952 -0.0436586 -0.0445384 -0.0447761 -0.0443985 -0.0434994 -0.042136 -0.04044 -0.0385137 -0.0364844 -0.0344933 -0.0326338 -0.0310382 -0.0297641 -0.0289023 
0 0.00513055 0.0102026 0.0151763 0.01997 0.0245623 0.0288716 0.0328398 0.0363985 0.0394659 0.0419936 0.0439001 0.0451648 0.0457406 0.0455994 0.0447427 0.0431605 0.0408934 0.0379833 0.0345069 0.030546 0.0261668 0.0214754 0.0165506 0.0114834 0.00638476 0.001335 -0.00357355 -0.00828218 -0.0127082 -0.0167742 -0.0204361 -0.0236134 -0.0262932 -0.0284635 -0.0301112 -0.0312486 -0.0318743 -0.0320285 -0.0317313 -0.0310419 -0.0300284 -0.0287415 -0.0272493 -0.0256107 -0.023868 -0.0220749 -0.0202983 -0.018553 -0.0168824 -0.0153009 -0.0138284 -0.0124788 -0.0112536 -0.0101479 -0.0091502 -0.00825417 -0.00746568 -0.00676166 -0.00613072 -0.00558797 -0.00507982 -0.00463511 -0.00422229 -0.00381981 -0.00345262 -0.00312248 -0.00281919 -0.00257276 -0.0023263 -0.00209138 -0.00189093 -0.00171407 -0.00156791 -0.00143962 -0.00132298 -0.00121121 -0.00106724 -0.000853809 -0.00057846 -0.000186814 0.000377445 0.00114944 0.00208519 0.00316765 0.00429367 0.00533038 0.00609803 0.00639979 0.00598989 0.00469771 0.00237601 -0.000943842 -0.00516071 -0.010046 -0.0152435 -0.020336 -0.0249415 -0.0285785 -0.0309312 -0.0317904 -0.0310419 -0.0287549 -0.0251896 -0.0206096 -0.0154398 -0.0101059 -0.00500829 -0.000485821 0.00319001 0.00591914 0.00768436 0.0086159 0.00885115 0.00859801 0.00803953 0.00733335 0.00658136 0.00589908 0.0053116 0.00483445 0.00444979 0.00416985 0.00393617 0.00371229 0.00351053 0.00335081 0.00323088 0.00315424 0.00309923 0.00308974 0.00312483 0.0031751 0.00327168 0.0033855 0.00352463 0.00370955 0.00392396 0.00416591 0.00445281 0.00474021 0.00508045 0.00547712 0.00593834 0.00647947 0.00710158 0.00780763 0.00862666 0.00956711 0.0106315 0.0118268 0.0131515 0.0146118 0.0161842 0.0178637 0.0196123 0.0213954 0.0231748 0.0249042 0.0265113 0.0279601 0.0291814 0.0300914 0.0306423 0.0307547 0.0304026 0.0295498 0.0281789 0.026277 0.0238163 0.020834 0.0173462 0.0134017 0.0090805 0.00443177 -0.000463942 -0.0055321 -0.0106783 -0.0158006 -0.0208197 -0.0256177 -0.0301189 -0.0342399 -0.0378779 -0.0409762 -0.043461 -0.0453216 -0.0465366 -0.0471209 -0.0471341 -0.0466003 -0.0456153 -0.0442433 -0.0426091 -0.0408331 -0.0390303 -0.0373522 -0.0358727 -0.0347115 -0.0339121 
0 0.00559557 0.0111327 0.0165105 0.0216727 0.0265319 0.0310351 0.0350842 0.0386121 0.0415747 0.0439001 0.0455716 0.04655 0.0468372 0.0464104 0.0452841 0.0434947 0.0410777 0.0381104 0.034649 0.0307669 0.0265187 0.0220083 0.0172964 0.012467 0.00759817 0.00276648 -0.00197528 -0.0065971 -0.0109815 -0.0151051 -0.0188785 -0.0222707 -0.0252321 -0.0277364 -0.0297818 -0.0313135 -0.0323707 -0.0329401 -0.0330472 -0.0327384 -0.0320572 -0.0310289 -0.0297346 -0.0282189 -0.0265664 -0.0248098 -0.0230101 -0.0212114 -0.0194099 -0.0176986 -0.0160601 -0.0145375 -0.013143 -0.0118707 -0.0107033 -0.00966211 -0.00871672 -0.00787919 -0.00713021 -0.00646702 -0.00586924 -0.00532568 -0.00483811 -0.00437468 -0.003962 -0.00358396 -0.00324611 -0.00293462 -0.00266763 -0.00241257 -0.00219023 -0.0019883 -0.00182796 -0.00167642 -0.00153374 -0.00134774 -0.00115258 -0.000926622 -0.000594054 -0.000114715 0.000520805 0.00137578 0.00241393 0.003591 0.00481119 0.00589722 0.00667632 0.00691619 0.00637162 0.00489172 0.00234042 -0.00131776 -0.00591673 -0.0112268 -0.0168788 -0.0224073 -0.0273497 -0.0312755 -0.0338121 -0.0347262 -0.0339117 -0.0314615 -0.0275736 -0.0226018 -0.0170051 -0.0112189 -0.0056691 -0.000763093 0.00328666 0.00632881 0.00831848 0.00938361 0.00968664 0.00942815 0.00884059 0.00807329 0.00726971 0.00653018 0.00587016 0.00535516 0.00496034 0.00462137 0.00433633 0.00411816 0.00392218 0.00376902 0.00364004 0.00355535 0.00350124 0.00349341 0.00350373 0.00357245 0.00367711 0.0038143 0.00397931 0.00419508 0.00443316 0.00472735 0.00505279 0.00541541 0.00583495 0.00631651 0.00688566 0.00753665 0.00829359 0.00914806 0.0101127 0.0112073 0.0124462 0.0138039 0.0153295 0.0169415 0.0186507 0.0204272 0.0222259 0.0240286 0.0257751 0.0274149 0.0288703 0.0300895 0.031013 0.0315807 0.0317356 0.031465 0.0306818 0.0294129 0.0276394 0.0253675 0.0226128 0.0193825 0.0157417 0.0117099 0.00739132 0.00282163 -0.00193531 -0.0068153 -0.011745 -0.0166655 -0.0214987 -0.0261376 -0.0305244 -0.034585 -0.0382629 -0.0414644 -0.0441654 -0.0463153 -0.0478833 -0.0488782 -0.0493128 -0.0492486 -0.0487072 -0.047785 -0.0465643 -0.0451532 -0.0436816 -0.0422529 -0.0410004 -0.0399887 -0.0393015 
0 0.00600267 0.0119233 0.017661 0.0230987 0.0281721 0.0327822 0.036838 0.0402779 0.0430629 0.0451648 0.04655 0.0472285 0.0472052 0.0464878 0.0451203 0.0431519 0.0406495 0.0376791 0.0342975 0.0305631 0.0265257 0.0222834 0.0178859 0.0133771 0.00883046 0.00428672 -0.000214643 -0.00464896 -0.00892403 -0.0129945 -0.0168333 -0.0203745 -0.023575 -0.0263878 -0.028777 -0.0307086 -0.0321834 -0.0332009 -0.0337558 -0.0338802 -0.0335997 -0.0329218 -0.0319059 -0.0306243 -0.0291325 -0.0274741 -0.0257145 -0.0238832 -0.0220295 -0.0202204 -0.0184666 -0.0167975 -0.0152346 -0.0137877 -0.0124559 -0.0112442 -0.0101525 -0.00916212 -0.0082666 -0.00747772 -0.00674773 -0.00610424 -0.00553624 -0.00500728 -0.00454036 -0.00411413 -0.0037139 -0.00336867 -0.00305207 -0.00276478 -0.00252658 -0.00230812 -0.00210596 -0.00190865 -0.00172141 -0.00152289 -0.00128988 -0.000984712 -0.000583873 -4.08586e-05 0.000694261 0.00165813 0.00278919 0.00405142 0.00532757 0.00644113 0.00720615 0.00739224 0.0067322 0.00505574 0.00221509 -0.00177033 -0.00675055 -0.0124723 -0.0185275 -0.0244357 -0.029745 -0.0339347 -0.036632 -0.0376032 -0.0367183 -0.0340685 -0.0299214 -0.0245984 -0.0185844 -0.0123593 -0.00637632 -0.00104752 0.00334645 0.0066665 0.00887399 0.0101033 0.0105002 0.0102768 0.00966578 0.00884552 0.00796231 0.00715597 0.00645426 0.00588374 0.00542849 0.00507803 0.00479701 0.00455676 0.00434769 0.00418898 0.00406852 0.00398362 0.00391724 0.00389978 0.00392497 0.0039898 0.00411691 0.00427941 0.00447888 0.00473222 0.00500739 0.00533312 0.00572834 0.00616587 0.0066878 0.00728537 0.00796148 0.00874301 0.00964318 0.0106586 0.0118006 0.0130723 0.0144738 0.016 0.0176583 0.0193999 0.021195 0.0230252 0.0248359 0.0265839 0.0282224 0.0296882 0.0309015 0.0318164 0.0323706 0.032511 0.0322352 0.0315154 0.0303102 0.0286205 0.02646 0.0238588 0.0208314 0.0174342 0.0137016 0.00967559 0.00543912 0.00101838 -0.00352672 -0.0081429 -0.0127761 -0.0173984 -0.0219606 -0.0263597 -0.0305538 -0.0345031 -0.0381432 -0.0414189 -0.0442873 -0.0467166 -0.0486495 -0.0500655 -0.0509873 -0.051422 -0.0514172 -0.0510206 -0.0503186 -0.0493982 -0.0483508 -0.0473023 -0.0463359 -0.0455577 -0.0450171 
0 0.00632194 0.0125473 0.0185427 0.0241808 0.0293721 0.0340171 0.0380143 0.0413115 0.0438946 0.0457406 0.0468372 0.0472052 0.0468825 0.0459042 0.0443347 0.0422467 0.039709 0.0367879 0.0335355 0.0300041 0.0262434 0.0223371 0.01831 0.0141828 0.0100019 0.00580509 0.00161332 -0.00255945 -0.00662885 -0.010581 -0.0143938 -0.0180162 -0.0213821 -0.0244342 -0.027138 -0.0294441 -0.0313493 -0.0328223 -0.0338395 -0.0344202 -0.034579 -0.0343105 -0.0336643 -0.0326945 -0.0314531 -0.0299734 -0.0283234 -0.0265539 -0.0247106 -0.0228734 -0.0210406 -0.0192445 -0.0175243 -0.0159092 -0.0144066 -0.013033 -0.0117755 -0.0106239 -0.00957493 -0.00863614 -0.00777534 -0.00700892 -0.00633469 -0.00572007 -0.00518151 -0.00469192 -0.00423918 -0.00383674 -0.00348201 -0.00315936 -0.00287846 -0.00261901 -0.00238657 -0.00216223 -0.00194266 -0.00168963 -0.00140006 -0.00103792 -0.000549348 9.83862e-05 0.000924497 0.00196914 0.00318279 0.00451836 0.00585679 0.00700138 0.0077471 0.00784296 0.007026 0.00513209 0.00202444 -0.0022913 -0.00764117 -0.0137552 -0.0202078 -0.0264868 -0.032096 -0.0365242 -0.0393727 -0.04039 -0.0394496 -0.0366452 -0.0322277 -0.0265621 -0.0201577 -0.0135165 -0.00711824 -0.00140533 0.00334435 0.0069669 0.00940902 0.0107947 0.0112855 0.011102 0.0104922 0.00963925 0.0087074 0.00783172 0.0070516 0.00642507 0.00593945 0.00555504 0.00525325 0.00502022 0.00482154 0.00466374 0.00453059 0.00443538 0.00437416 0.00436517 0.00439272 0.00447283 0.00461228 0.0047982 0.00503096 0.00532374 0.00564584 0.00603146 0.00649441 0.00702923 0.00766464 0.00838791 0.00919828 0.0101158 0.011166 0.0123454 0.0136609 0.0151096 0.0166791 0.0183478 0.0201237 0.0219383 0.0237738 0.0256019 0.0273545 0.0289765 0.0304101 0.0316026 0.0324925 0.03304 0.0331855 0.0328838 0.032144 0.0309723 0.0293297 0.0272411 0.0247285 0.021833 0.0185956 0.0150749 0.0113236 0.00737222 0.00329056 -0.000911012 -0.00518754 -0.00948266 -0.0137592 -0.0180186 -0.0222351 -0.0263309 -0.0302818 -0.0340654 -0.0376326 -0.0409285 -0.0439313 -0.0466054 -0.0488877 -0.050742 -0.0521644 -0.0531561 -0.0537352 -0.0539464 -0.0538509 -0.0535138 -0.0530076 -0.0524218 -0.0518383 -0.0513411 -0.0509887 
0 0.00654359 0.0129707 0.0191183 0.0248529 0.0300663 0.0346653 0.0385448 0.0416614 0.0440192 0.0455994 0.0464104 0.0464878 0.0459042 0.0447201 0.0430122 0.0408665 0.0383474 0.0355241 0.0324493 0.029174 0.0257449 0.022219 0.0185979 0.0148832 0.0111051 0.00729876 0.00346575 -0.000393496 -0.00421266 -0.00799559 -0.0117199 -0.0153442 -0.0187928 -0.0220118 -0.0249739 -0.0276162 -0.0299187 -0.031819 -0.033283 -0.0343237 -0.0349486 -0.0351394 -0.0349233 -0.0343336 -0.0334146 -0.0321953 -0.0307397 -0.0291112 -0.0273493 -0.0255378 -0.0236764 -0.0218038 -0.0199732 -0.0182227 -0.0165633 -0.0150175 -0.0135777 -0.0122521 -0.0110497 -0.00996749 -0.00898014 -0.00808335 -0.00728252 -0.00655523 -0.00591803 -0.00534841 -0.00483781 -0.00438014 -0.00398218 -0.00361979 -0.00329724 -0.00299721 -0.00271892 -0.00244802 -0.00218419 -0.00187921 -0.00152148 -0.00107979 -0.000499397 0.000240915 0.00116013 0.00229388 0.00359707 0.0050029 0.00638893 0.00754328 0.00825003 0.00824359 0.00726245 0.00513189 0.00173743 -0.00291116 -0.00861833 -0.0150967 -0.0219069 -0.0285257 -0.0344186 -0.0390711 -0.0420557 -0.0431072 -0.0421038 -0.0391479 -0.0344874 -0.0285183 -0.0217531 -0.0147173 -0.00791516 -0.00181696 0.00328375 0.00719893 0.00987964 0.0114374 0.0120422 0.0119137 0.0113116 0.0104285 0.00945173 0.0085182 0.00767802 0.0069892 0.00645464 0.00603513 0.00572001 0.00548581 0.00528756 0.00513039 0.00499991 0.00490645 0.00485706 0.00486434 0.00490745 0.00500458 0.0051495 0.00534961 0.0056155 0.00596131 0.00635971 0.00683854 0.00739683 0.00804312 0.00879362 0.00964537 0.010601 0.0116777 0.0128989 0.0142539 0.0157378 0.0173441 0.0190543 0.0208368 0.0226882 0.0245239 0.0263306 0.0280759 0.0296898 0.0311059 0.0322568 0.0330955 0.033586 0.0337034 0.0334002 0.0326392 0.0314326 0.0298108 0.0277487 0.0252975 0.0224928 0.0193809 0.0160131 0.0124418 0.00873125 0.00491277 0.00104216 -0.00288419 -0.00684165 -0.0107773 -0.0146645 -0.0185253 -0.0223526 -0.026103 -0.0297739 -0.0333597 -0.0368243 -0.0401091 -0.0432095 -0.0460917 -0.0486974 -0.0509809 -0.0529133 -0.054488 -0.0556936 -0.0565661 -0.0571403 -0.0574595 -0.0575754 -0.0575358 -0.0574096 -0.0572525 -0.0571271 
0 0.00664464 0.0131409 0.0193288 0.0250366 0.0301851 0.0346607 0.038378 0.0412968 0.0434136 0.0447427 0.0452841 0.0451203 0.0443347 0.0430122 0.0412379 0.0390907 0.0366476 0.0339731 0.0311267 0.0281544 0.0250923 0.0219632 0.0187644 0.0154705 0.0121233 0.00872868 0.00527402 0.0017572 -0.00179993 -0.00535829 -0.00894057 -0.0124785 -0.015926 -0.0192413 -0.022378 -0.0252965 -0.0279226 -0.0302027 -0.0320891 -0.0335872 -0.0346888 -0.0353662 -0.0356047 -0.0354544 -0.0349246 -0.0340528 -0.0328891 -0.031467 -0.0298649 -0.0281276 -0.0263001 -0.0244154 -0.022533 -0.0206903 -0.0189125 -0.0172009 -0.0155947 -0.0140938 -0.0127253 -0.0114919 -0.0103481 -0.00930681 -0.00836784 -0.00752304 -0.00678196 -0.00613044 -0.00553419 -0.00501941 -0.00455304 -0.00413976 -0.0037725 -0.00343172 -0.00309334 -0.00276711 -0.00243162 -0.00207534 -0.00164817 -0.00111255 -0.000447061 0.000378335 0.00141258 0.00264846 0.00403847 0.00551652 0.00693154 0.00807258 0.00870714 0.0085733 0.00741235 0.00504332 0.00135491 -0.00360531 -0.00966248 -0.0164966 -0.0236432 -0.0305637 -0.036724 -0.0415619 -0.0446607 -0.0457467 -0.0446933 -0.0415841 -0.0367103 -0.0304544 -0.0233458 -0.0159433 -0.00877651 -0.00230193 0.00313432 0.00734949 0.0102873 0.0120434 0.0127795 0.012722 0.0121272 0.0112255 0.0101987 0.00920461 0.00832717 0.007586 0.00699012 0.00654058 0.0062099 0.00595555 0.00576382 0.00561075 0.00549843 0.00541537 0.00537448 0.00538965 0.00546357 0.00557232 0.00574936 0.00598148 0.0062971 0.00670437 0.00718827 0.0077566 0.00843315 0.00919903 0.0100845 0.0110868 0.012197 0.0134557 0.0148551 0.0163827 0.0180174 0.0197429 0.0215369 0.023394 0.0252552 0.0270709 0.0287763 0.0303532 0.0317417 0.0328618 0.0336665 0.0340987 0.0341423 0.0337894 0.0330075 0.0317721 0.0301239 0.0280687 0.0256418 0.0228747 0.0198437 0.0166033 0.0131813 0.00965036 0.00603315 0.00240024 -0.00122079 -0.00483423 -0.00843249 -0.0119861 -0.0154748 -0.0189317 -0.0223636 -0.0257532 -0.0291194 -0.0324855 -0.0358108 -0.0390651 -0.0422218 -0.0452737 -0.0481661 -0.0508449 -0.0532911 -0.0554508 -0.057327 -0.058899 -0.0601931 -0.0612268 -0.0620096 -0.0625866 -0.0629593 -0.0631975 -0.0633245 
0 0.00660097 0.0130419 0.0191239 0.0247124 0.0296879 0.0339793 0.0374912 0.0401852 0.0420747 0.0431605 0.0434947 0.0431519 0.0422467 0.0408665 0.0390907 0.0370088 0.0346962 0.0322238 0.029649 0.0270024 0.0243104 0.0215799 0.0187869 0.0159342 0.0130162 0.0100481 0.00698325 0.00380777 0.000563595 -0.00275269 -0.00611277 -0.00951325 -0.0128952 -0.0162234 -0.0194668 -0.0225547 -0.0254344 -0.0280329 -0.030308 -0.0322451 -0.0338126 -0.0349571 -0.0356811 -0.0359879 -0.0359148 -0.035463 -0.0346499 -0.0335332 -0.03215 -0.030582 -0.0288621 -0.0270299 -0.0251502 -0.0232664 -0.0213945 -0.0195782 -0.0178184 -0.0161607 -0.0146274 -0.0132046 -0.0118998 -0.0106964 -0.00960997 -0.00864953 -0.00779924 -0.00703604 -0.0063555 -0.00573352 -0.00520383 -0.00473574 -0.00430284 -0.00389257 -0.00349922 -0.00310445 -0.00270422 -0.00225924 -0.00175971 -0.00116499 -0.000397716 0.000561071 0.00169954 0.00303151 0.00452046 0.00604949 0.00747821 0.00859101 0.00913485 0.00884176 0.00747835 0.00485736 0.000897529 -0.00438232 -0.0107711 -0.017931 -0.0253963 -0.0326115 -0.0389783 -0.0439909 -0.0471944 -0.0482933 -0.0471852 -0.0439637 -0.038868 -0.0323502 -0.024937 -0.0171961 -0.00967781 -0.00286892 0.00290617 0.00742963 0.0106441 0.0126073 0.0134913 0.0135245 0.0129622 0.0120366 0.0109803 0.00993336 0.00897982 0.00819315 0.00757993 0.00708823 0.00671656 0.00646065 0.00627401 0.00613871 0.00603061 0.00595975 0.00594612 0.00598389 0.00606254 0.00621627 0.00642537 0.00672038 0.00710857 0.0075864 0.00815561 0.00882824 0.00960473 0.0105216 0.0115625 0.012728 0.014022 0.0154406 0.017007 0.0186845 0.0204385 0.0222476 0.0240874 0.0259343 0.0277585 0.0294593 0.0310007 0.0323301 0.0333969 0.0341548 0.0345408 0.0345331 0.0341142 0.0332778 0.0320117 0.0303233 0.0282475 0.0258389 0.0231018 0.0201075 0.0169255 0.013614 0.0102319 0.00678667 0.00333857 -8.10285e-05 -0.00342906 -0.00670858 -0.00993778 -0.0130912 -0.0161845 -0.0192489 -0.0222984 -0.0253391 -0.028403 -0.0315251 -0.0347022 -0.0378908 -0.0410913 -0.0442766 -0.0474123 -0.0504609 -0.0533711 -0.0561241 -0.0586539 -0.0609511 -0.0629847 -0.0647461 -0.066243 -0.0674456 -0.0683828 -0.0690418 -0.0694652 
0 0.0064046 0.0126267 0.0184923 0.0238349 0.0285699 0.0326044 0.0358703 0.038333 0.0399935 0.0408934 0.0410777 0.0406495 0.039709 0.0383474 0.0366476 0.0346962 0.0325791 0.0303632 0.0280859 0.025772 0.0234413 0.0210814 0.0186974 0.0162543 0.0137701 0.0112061 0.00852151 0.00572113 0.00279173 -0.000211789 -0.00333649 -0.00654204 -0.00980466 -0.0130879 -0.0163312 -0.0195175 -0.0225606 -0.025414 -0.0280225 -0.0303439 -0.0323249 -0.0339281 -0.0351121 -0.0359153 -0.0363123 -0.0363146 -0.0359254 -0.0351642 -0.0341184 -0.0328013 -0.0312764 -0.0295696 -0.0277507 -0.0258678 -0.0239767 -0.0220744 -0.0202163 -0.0184174 -0.0167197 -0.0151346 -0.0136574 -0.0122992 -0.0110675 -0.00996726 -0.00897691 -0.00809443 -0.00728487 -0.00658077 -0.00594912 -0.00540072 -0.0049043 -0.00443364 -0.00394556 -0.00347678 -0.00299251 -0.00249625 -0.00190435 -0.00117535 -0.00030321 0.000741159 0.00201119 0.00344699 0.00500553 0.0065874 0.00801598 0.00907534 0.00951304 0.00906302 0.00748572 0.00459404 0.000320573 -0.00526067 -0.0119644 -0.019424 -0.0271598 -0.0346152 -0.0412073 -0.0463639 -0.0496469 -0.0507585 -0.0495936 -0.0462304 -0.0409713 -0.0342324 -0.0265424 -0.0184904 -0.0106466 -0.00347788 0.00262299 0.0074429 0.0109187 0.0131055 0.0141635 0.0143081 0.0137912 0.0128828 0.0117877 0.0106805 0.00970178 0.00885034 0.00815398 0.00763805 0.00727066 0.00699763 0.00681601 0.00667779 0.00660584 0.00656446 0.00657051 0.00663009 0.00676303 0.00693859 0.00720508 0.00755758 0.00803083 0.00860793 0.0092898 0.0100696 0.0109853 0.0120428 0.0132505 0.0145953 0.0160476 0.0176294 0.019318 0.0211067 0.0229467 0.0248026 0.026632 0.0284279 0.0300985 0.0316172 0.0328916 0.0338947 0.0345881 0.0349062 0.0348386 0.0343533 0.0334623 0.0321597 0.0304406 0.0283296 0.025901 0.0231827 0.0202466 0.0171038 0.0138493 0.0105479 0.00723026 0.0039501 0.000695026 -0.0024603 -0.00551935 -0.00846904 -0.0113207 -0.0140889 -0.0167898 -0.0194795 -0.0221759 -0.0248981 -0.0276804 -0.0305719 -0.0335784 -0.0366985 -0.0399094 -0.043207 -0.0465563 -0.0499201 -0.0532753 -0.0565616 -0.0597419 -0.0627367 -0.0655058 -0.0680066 -0.0701978 -0.0720628 -0.0735542 -0.0746789 -0.0754117 
0 0.00603195 0.0118893 0.0173889 0.0224016 0.0268054 0.0305357 0.0335243 0.0357471 0.0372206 0.0379833 0.0381104 0.0376791 0.0367879 0.0355241 0.0339731 0.0322238 0.0303632 0.028439 0.026482 0.0245007 0.0225181 0.0205303 0.0185177 0.0164771 0.0143708 0.0121834 0.00986638 0.00742234 0.00484954 0.00214169 -0.000700897 -0.00368756 -0.00677364 -0.00992505 -0.0131048 -0.0162936 -0.0194276 -0.0224501 -0.0253001 -0.0279253 -0.0302692 -0.0322758 -0.0339285 -0.0351941 -0.0360731 -0.0365499 -0.036612 -0.0362992 -0.0356479 -0.034674 -0.0334189 -0.0319107 -0.0302282 -0.0284323 -0.0265614 -0.0246556 -0.0227232 -0.0208299 -0.0190136 -0.0172767 -0.0156541 -0.0141358 -0.0127321 -0.0114816 -0.0103486 -0.00932562 -0.00840551 -0.00757024 -0.00683757 -0.00618957 -0.00558491 -0.00501567 -0.00447099 -0.00393063 -0.00336177 -0.00274328 -0.0020421 -0.0012118 -0.00020788 0.000985162 0.0023434 0.00385073 0.00548353 0.00710021 0.0085269 0.00954705 0.00986188 0.00921081 0.00738915 0.00421821 -0.000343415 -0.00623064 -0.0132357 -0.0209746 -0.0289681 -0.0366439 -0.0433793 -0.0486509 -0.0520016 -0.0531165 -0.0519116 -0.048465 -0.0430356 -0.0360864 -0.0281472 -0.0198101 -0.0116599 -0.00417949 0.00224647 0.00737953 0.011144 0.0135529 0.0147727 0.0150445 0.0146051 0.0137251 0.0126435 0.0115056 0.0104382 0.00952137 0.00878513 0.00821785 0.00780576 0.00754255 0.00738914 0.0072888 0.00722142 0.00719624 0.00724202 0.00735052 0.00752311 0.00777299 0.00809664 0.0085315 0.00909527 0.00977174 0.0105843 0.0115116 0.0125677 0.013794 0.0151616 0.0166615 0.0182797 0.0199791 0.0217714 0.023621 0.0254843 0.0273242 0.0290888 0.0307414 0.0322088 0.0334326 0.0343693 0.0349782 0.0352342 0.0351016 0.0345405 0.0335726 0.0322081 0.0304602 0.0283384 0.025881 0.0231519 0.0202197 0.0171394 0.0139447 0.0107014 0.00746096 0.0042842 0.00117806 -0.00181978 -0.00469197 -0.0074394 -0.0100553 -0.0125631 -0.0149649 -0.0173134 -0.0196535 -0.0220288 -0.0244694 -0.027003 -0.029675 -0.0325192 -0.0355437 -0.0387535 -0.0421368 -0.045672 -0.0493348 -0.0530795 -0.05688 -0.0606487 -0.0643158 -0.0677905 -0.0709971 -0.0738821 -0.0763644 -0.07842 -0.0799789 -0.0810192 
