0 0 0 0 0 0 0 0 0 0 0 0 0 0 0 0 0 0 0 0 0 0 0 0 0 0 0 0 0 0 0 0 0 0 0 0 0 0 0 0 0 0 0 0 0 0 0 0 0 0 0 0 0 0 0 0 0 0 0 0 0 0 0 0 0 0 0 0 0 0 0 0 0 0 0 0 0 0 0 0 0 0 0 0 0 0 0 0 0 0 0 0 0 0 0 0 0 0 0 0 0 0 0 0 0 0 0 0 0 0 0 0 0 0 0 0 0 0 0 0 0 0 0 0 0 0 0 0 0 0 0 0 0 0 0 0 0 0 0 0 0 0 0 0 0 0 0 0 0 0 0 0 0 0 0 0 0 0 0 0 0 0 0 0 0 0 0 0 0 0 0 0 0 0 0 0 0 0 0 0 0 0 0 0 0 0 0 0 0 0 0 0 0 0 0 0 0 0 0 0 
0 1.08509e-05 1.05823e-05 1.46002e-05 1.7993e-05 2.64389e-05 2.10886e-05 1.99099e-05 2.59449e-05 2.32855e-05 2.15954e-05 1.83467e-05 3.21034e-05 4.1511e-05 5.00827e-05 7.5764e-05 0.000108063 0.000154912 0.000203747 0.000275064 0.000367495 0.000471754 0.000606719 0.000759648 0.00094685 0.00116738 0.00142592 0.00173295 0.00208201 0.00249596 0.00295602 0.00344799 0.00397072 0.0045107 0.00504908 0.00556018 0.00602937 0.00644548 0.00678685 0.00703969 0.00718855 0.00719731 0.00706859 0.00678706 0.00634725 0.00575444 0.0050316 0.0042049 0.00329521 0.00233256 0.00133104 0.000320548 -0.000673417 -0.00159982 -0.00244644 -0.00318219 -0.00378853 -0.0042673 -0.00461662 -0.00482939 -0.0049307 -0.00491695 -0.0047837 -0.00455072 -0.00420544 -0.0037766 -0.00328171 -0.00274909 -0.00219993 -0.00166117 -0.00114433 -0.000691483 -0.000313148 -5.64044e-05 6.57262e-05 4.32248e-05 -0.00011823 -0.000392889 -0.000739661 -0.00113882 -0.00154595 -0.00192746 -0.00225969 -0.00252221 -0.00270309 -0.00277956 -0.00275174 -0.00264033 -0.00246962 -0.00225124 -0.00201078 -0.00176311 -0.0015346 -0.00131423 -0.00110986 -0.000929775 -0.000773565 -0.000630217 -0.000534206 -0.000471563 -0.000436342 -0.000435921 -0.000473202 -0.00051788 -0.000590468 -0.000689649 -0.000814587 -0.00096376 -0.00114876 -0.00134685 -0.00154736 -0.00173078 -0.00189205 -0.00199757 -0.00202709 -0.00197232 -0.00183004 -0.00158899 -0.00124861 -0.000808703 -0.000300495 0.000247321 0.00081929 0.00136548 0.00186054 0.0022905 0.00263758 0.00290152 0.0031036 0.00323744 0.00334383 0.00343323 0.00353282 0.00365885 0.00382791 0.00403543 0.00428349 0.00453588 0.00478191 0.00497703 0.0051022 0.00515019 0.00510124 0.00495209 0.004695 0.00430554 0.00377505 0.00311903 0.00233576 0.0014612 0.00051634 -0.00047272 -0.00148695 -0.00248392 -0.00344498 -0.00433891 -0.00513764 -0.00581353 -0.00634008 -0.00671165 -0.00691466 -0.00697815 -0.00691485 -0.00672855 -0.00644079 -0.00607244 -0.00563548 -0.00515519 -0.00464187 -0.00411851 -0.00360132 -0.00310879 -0.00266615 -0.00225325 -0.00189116 -0.00158056 -0.00131305 -0.00108607 -0.000885297 -0.000730514 -0.000601451 -0.0004948 -0.000412012 -0.000339512 -0.000289604 -0.000249031 -0.000222834 -0.000201221 -0.000180102 -0.00017169 -0.000158557 -0.000149092 -0.00014248 -0.000144829 -0.000147556 -0.000139817 -0.000141079 -0.000145715 -0.000151807 -0.000152549 
0 1.05823e-05 9.08164e-06 2.73335e-06 1.67551e-05 2.50997e-05 2.17444e-05 2.57488e-05 3.82648e-05 5.30646e-05 4.72557e-05 6.0761e-05 8.64003e-05 0.000108339 0.000132954 0.000168981 0.000245479 0.000320628 0.000425656 0.000564704 0.000743004 0.000966577 0.00122502 0.00155258 0.00192798 0.0023823 0.00291264 0.00352429 0.00422932 0.00504398 0.00595078 0.00691803 0.00794216 0.0089972 0.0100603 0.0110527 0.011985 0.0127943 0.0134572 0.0139508 0.0142091 0.0142197 0.0139358 0.0133713 0.0125021 0.0113344 0.00991732 0.00830045 0.00650638 0.00462258 0.00266063 0.000679221 -0.00124039 -0.00305879 -0.00470317 -0.00615773 -0.00737372 -0.00834521 -0.0090584 -0.00951068 -0.00970766 -0.00968966 -0.00943319 -0.00897584 -0.00833008 -0.00750922 -0.00655845 -0.00552642 -0.00444308 -0.00335787 -0.00233983 -0.00141945 -0.000676389 -0.00017373 6.58167e-05 3.08505e-05 -0.000290321 -0.000812953 -0.00151443 -0.00231202 -0.00311423 -0.00388077 -0.00456289 -0.00506005 -0.00538721 -0.00552882 -0.00548733 -0.00528595 -0.00494582 -0.00450353 -0.00403867 -0.00354755 -0.0030569 -0.00260894 -0.00220431 -0.00183094 -0.00152526 -0.00128151 -0.00108668 -0.000947993 -0.000885281 -0.000873226 -0.000907217 -0.00100666 -0.0011702 -0.00136753 -0.00162961 -0.0019526 -0.00230224 -0.00268086 -0.00308749 -0.00344957 -0.00375102 -0.003958 -0.00403417 -0.00395328 -0.00367449 -0.00316171 -0.00247589 -0.00160533 -0.000581586 0.000520668 0.00164472 0.00274711 0.00373736 0.00460873 0.00531359 0.00584397 0.00622669 0.0065039 0.00670051 0.00688965 0.00710257 0.00736069 0.00768817 0.00809044 0.00853342 0.00900166 0.00945721 0.0098147 0.0100644 0.0101506 0.0100451 0.00973813 0.00920653 0.0084074 0.00735977 0.00604489 0.00451983 0.00280336 0.000952341 -0.000979536 -0.00296869 -0.00492095 -0.00679167 -0.00853917 -0.0100965 -0.0114136 -0.0124698 -0.0132018 -0.0136408 -0.0137854 -0.0136836 -0.0133409 -0.0127794 -0.0120683 -0.0112134 -0.0102728 -0.00926974 -0.00824513 -0.00722356 -0.00626372 -0.00537566 -0.00456655 -0.00384177 -0.00321785 -0.00269313 -0.00222077 -0.0018301 -0.00149802 -0.001233 -0.00100926 -0.000824103 -0.000683517 -0.000565239 -0.000489737 -0.000429808 -0.000387121 -0.000354593 -0.000338928 -0.00032972 -0.000313221 -0.00030826 -0.000313582 -0.000316966 -0.00030454 -0.000300554 -0.000307832 -0.000309117 -0.00030062 
0 1.46002e-05 2.73335e-06 6.31868e-06 1.51871e-05 3.69953e-05 2.81819e-05 3.28038e-05 5.98582e-05 7.04331e-05 8.2388e-05 9.25768e-05 0.000141816 0.000179355 0.000214486 0.000291721 0.0003922 0.000530967 0.000684396 0.000902158 0.00118268 0.00150729 0.00192012 0.00240163 0.00298933 0.00368364 0.00449148 0.00543043 0.00648456 0.00770182 0.0090369 0.010451 0.0119403 0.0134721 0.0149969 0.0164453 0.0177756 0.0189458 0.0198893 0.0205589 0.0209062 0.0208507 0.0204029 0.0195415 0.0182571 0.0165619 0.01451 0.0121622 0.00957423 0.00683271 0.00399058 0.00113738 -0.00165049 -0.00425493 -0.00664935 -0.00876984 -0.0105659 -0.0120248 -0.0131183 -0.0138106 -0.0141539 -0.0141527 -0.0138134 -0.0131978 -0.0122858 -0.0111353 -0.00978023 -0.00828162 -0.00669674 -0.0051099 -0.0035831 -0.00224089 -0.00113598 -0.000388615 -3.23767e-05 -8.89541e-05 -0.000544341 -0.0013312 -0.00234883 -0.00353024 -0.00474353 -0.00588069 -0.00685837 -0.00760888 -0.00810389 -0.0083003 -0.00821183 -0.00789718 -0.0074133 -0.00678642 -0.00607673 -0.00532272 -0.00459794 -0.00390235 -0.0032724 -0.00273709 -0.00229608 -0.00191356 -0.00164772 -0.00145743 -0.00132961 -0.00128978 -0.00135964 -0.00148786 -0.00172238 -0.00205132 -0.00245883 -0.00292571 -0.0034649 -0.00402682 -0.00459281 -0.00512038 -0.00559394 -0.00592345 -0.00603731 -0.00589243 -0.00546415 -0.00472327 -0.00368146 -0.00235437 -0.000830111 0.000809036 0.00251496 0.00416223 0.00567099 0.00698862 0.00805278 0.00885341 0.00944604 0.00984052 0.0101541 0.0104357 0.0107516 0.0111317 0.0116001 0.0121397 0.0127539 0.0133734 0.0139802 0.0144681 0.0147785 0.0148685 0.0146685 0.0141603 0.0133272 0.0121236 0.010548 0.00864312 0.0064114 0.00393062 0.00125017 -0.00156257 -0.00444497 -0.00727372 -0.00998368 -0.0124952 -0.0147407 -0.0166596 -0.0181929 -0.0193154 -0.0199879 -0.0202629 -0.0201629 -0.0196941 -0.0189147 -0.0178902 -0.0166648 -0.0153109 -0.0138632 -0.0123807 -0.0109064 -0.00949219 -0.00819723 -0.00698179 -0.00589847 -0.00495794 -0.00414302 -0.00344217 -0.0028233 -0.00232668 -0.0019078 -0.00155842 -0.00128344 -0.00105171 -0.000886115 -0.000754347 -0.00066379 -0.000593453 -0.000536975 -0.00052175 -0.000500833 -0.000485396 -0.000472333 -0.000477817 -0.000482583 -0.000462343 -0.000461683 -0.000466031 -0.000467698 -0.000448815 
0 1.7993e-05 1.67551e-05 1.51871e-05 4.05392e-05 5.67471e-05 5.17838e-05 5.80363e-05 8.20919e-05 0.000108729 0.00011031 0.000139514 0.00019485 0.000250212 0.000316032 0.000413179 0.000576722 0.000756276 0.00098972 0.00129456 0.00167866 0.00214806 0.00269952 0.00338055 0.00417729 0.00512947 0.00623317 0.00748997 0.00890734 0.0105046 0.012245 0.0140753 0.0159841 0.0179308 0.0198697 0.0216808 0.0233551 0.0247907 0.0259274 0.0267118 0.0270464 0.0269082 0.0262543 0.0251121 0.0234552 0.0212908 0.0186846 0.0157096 0.0124136 0.00893759 0.00533346 0.00171231 -0.00179269 -0.00510747 -0.00813976 -0.0108613 -0.0131968 -0.0151186 -0.0165817 -0.0175616 -0.0180668 -0.0181545 -0.0178083 -0.0170882 -0.0160089 -0.0145906 -0.012892 -0.0109912 -0.00895459 -0.00688709 -0.00492517 -0.00316197 -0.00173821 -0.000771932 -0.00030915 -0.000370118 -0.000964423 -0.00196532 -0.00330954 -0.00485356 -0.00642845 -0.00792743 -0.00924122 -0.0102077 -0.0108281 -0.0110795 -0.0109756 -0.0105644 -0.00989673 -0.00903724 -0.0081057 -0.00711934 -0.00613622 -0.0052239 -0.0044017 -0.00366608 -0.00306352 -0.00258074 -0.00220289 -0.00193081 -0.00178739 -0.00174657 -0.00181022 -0.00200093 -0.00232299 -0.00273548 -0.00326787 -0.00390468 -0.00459896 -0.00534087 -0.00611887 -0.00682858 -0.00742962 -0.00784513 -0.00799723 -0.00782278 -0.00724941 -0.00622461 -0.00483414 -0.00308344 -0.00104576 0.00115192 0.00340673 0.00562146 0.00764357 0.00942834 0.0108824 0.0119815 0.0127711 0.0133268 0.0137247 0.0140934 0.0144963 0.0149686 0.0155378 0.0161992 0.0169066 0.0176318 0.0183198 0.0188425 0.01916 0.019174 0.0188218 0.0180784 0.0169163 0.0152888 0.0132353 0.0107522 0.00791473 0.00475493 0.0013499 -0.00221827 -0.00588711 -0.00949075 -0.0129336 -0.0161334 -0.0189906 -0.0214352 -0.0234313 -0.0248891 -0.0258294 -0.0262455 -0.0261896 -0.0256665 -0.0247213 -0.0234672 -0.0219395 -0.0202386 -0.0184129 -0.01653 -0.0146377 -0.0128246 -0.0111177 -0.00952746 -0.00807841 -0.00680748 -0.00571656 -0.0047478 -0.00393081 -0.00323912 -0.002674 -0.00219932 -0.0018103 -0.00150656 -0.00125818 -0.00108123 -0.000938582 -0.000829527 -0.000748672 -0.000706923 -0.000680009 -0.00064477 -0.000625077 -0.00062417 -0.000624104 -0.000606778 -0.000604478 -0.000617438 -0.000619701 -0.000601917 
0 2.64389e-05 2.50997e-05 3.69953e-05 5.67471e-05 8.1916e-05 7.53028e-05 8.17002e-05 0.000114534 0.000135479 0.000153624 0.000182934 0.000260639 0.00034211 0.000438121 0.000593526 0.000801542 0.00106299 0.00137115 0.00177805 0.00228827 0.00289059 0.00362247 0.0044892 0.00552536 0.00674315 0.00814612 0.00973866 0.0115047 0.0134711 0.0155831 0.0177819 0.0200512 0.0223477 0.024601 0.0267113 0.0286159 0.0302379 0.0314849 0.0322873 0.0325751 0.0322827 0.03142 0.0299889 0.0279792 0.0254037 0.0223268 0.0188248 0.0149778 0.0109067 0.00669851 0.00247484 -0.00164606 -0.00553344 -0.0091307 -0.0123682 -0.0151732 -0.0175119 -0.0193366 -0.0206029 -0.0213509 -0.0215925 -0.0213268 -0.0206042 -0.0194118 -0.0178007 -0.0158301 -0.0135912 -0.0111814 -0.00872967 -0.00636313 -0.0042489 -0.00251395 -0.00132365 -0.000751355 -0.000833098 -0.00154928 -0.00279112 -0.00441927 -0.00629597 -0.0082261 -0.0100469 -0.0116208 -0.0128261 -0.0136071 -0.0139107 -0.0137527 -0.0132109 -0.0123709 -0.0113063 -0.0101228 -0.00888917 -0.00769252 -0.00655934 -0.00552638 -0.00462171 -0.00385751 -0.00321542 -0.00274307 -0.00241578 -0.00222518 -0.00218277 -0.00229638 -0.00252624 -0.00290458 -0.00342038 -0.00406904 -0.00483599 -0.00571561 -0.00665374 -0.00760507 -0.00848785 -0.00924463 -0.0097571 -0.00991938 -0.00965989 -0.00892718 -0.00768054 -0.00594228 -0.00374469 -0.00120281 0.00154887 0.00439858 0.00717318 0.00972885 0.0119718 0.0138081 0.0152141 0.0162475 0.0169547 0.0174739 0.017908 0.018353 0.0188641 0.0194758 0.0201741 0.0209378 0.0216899 0.0223752 0.0228602 0.0230645 0.0229188 0.0223435 0.0213155 0.019814 0.0177964 0.0152793 0.01231 0.00891998 0.00518977 0.00118617 -0.00300857 -0.00730061 -0.0115251 -0.0155686 -0.0193234 -0.0226938 -0.0256046 -0.0279902 -0.0297985 -0.0309911 -0.0315999 -0.031645 -0.0311299 -0.0301209 -0.0287119 -0.026976 -0.0250134 -0.0228878 -0.0206765 -0.0184435 -0.0162672 -0.014208 -0.0122493 -0.010451 -0.0088505 -0.00744553 -0.00621965 -0.00515442 -0.00427326 -0.00353561 -0.00291982 -0.00242213 -0.00201161 -0.00169556 -0.00144541 -0.00125442 -0.00110134 -0.000982353 -0.00091954 -0.000864937 -0.000818877 -0.000784393 -0.000777871 -0.000774513 -0.000752664 -0.000754652 -0.000765542 -0.000772936 -0.000756519 
0 2.10886e-05 2.17444e-05 2.81819e-05 5.17838e-05 7.53028e-05 7.95949e-05 9.65203e-05 0.000138384 0.000179579 0.000212503 0.000270718 0.000371271 0.000488218 0.000630777 0.00083197 0.00110626 0.00143536 0.00183825 0.00235411 0.00299613 0.00376704 0.00468556 0.00578214 0.0070727 0.00857708 0.0102915 0.0122061 0.01431 0.0166055 0.0190406 0.0215531 0.024115 0.0266775 0.0291639 0.0314581 0.0334977 0.0351878 0.0364419 0.0371892 0.037351 0.0368882 0.0357941 0.0340867 0.0317579 0.0288264 0.025365 0.0214626 0.0172031 0.012714 0.00808009 0.00341706 -0.00114247 -0.00548528 -0.00952322 -0.0131897 -0.016405 -0.019124 -0.0212957 -0.0228853 -0.0239028 -0.0243647 -0.0242538 -0.0235955 -0.0223927 -0.0206827 -0.0185399 -0.0160684 -0.0133764 -0.0106032 -0.00791305 -0.00547485 -0.00347303 -0.00208852 -0.00142245 -0.00151864 -0.00235937 -0.00381004 -0.00572387 -0.00791191 -0.0101563 -0.0122789 -0.0141177 -0.0155101 -0.0163966 -0.0167375 -0.0165471 -0.0158939 -0.0148704 -0.0135822 -0.0121627 -0.0106893 -0.00924564 -0.00789053 -0.00665777 -0.00556492 -0.00464064 -0.00388269 -0.00330368 -0.00290109 -0.00268056 -0.00263125 -0.00275015 -0.00303152 -0.00348387 -0.00409036 -0.00486092 -0.00578187 -0.00682146 -0.00793712 -0.00907407 -0.0101233 -0.0109982 -0.0115819 -0.0117643 -0.0114543 -0.0105699 -0.00906136 -0.0069712 -0.00433859 -0.00127754 0.00204865 0.00547822 0.00882874 0.0119156 0.0146284 0.0168617 0.018586 0.0198508 0.020734 0.0213538 0.0218448 0.0223064 0.0228068 0.0233909 0.0240568 0.0247661 0.025454 0.0260348 0.0263729 0.0263893 0.0260023 0.0251516 0.0238145 0.021966 0.019568 0.0166429 0.0132253 0.0093817 0.00518514 0.000719726 -0.00392924 -0.00866838 -0.0133375 -0.0178171 -0.0220004 -0.0257815 -0.0290765 -0.0318194 -0.0339337 -0.0353985 -0.0362194 -0.0364189 -0.036 -0.0350153 -0.0335649 -0.031723 -0.0295955 -0.0272596 -0.0247976 -0.0222851 -0.0198129 -0.0174312 -0.0151532 -0.0130279 -0.011107 -0.00940215 -0.00789107 -0.00658103 -0.00547121 -0.00454188 -0.00376203 -0.00311881 -0.00259416 -0.0021738 -0.00184826 -0.00159295 -0.00139183 -0.00124063 -0.00114571 -0.00107489 -0.00101334 -0.000973697 -0.00096278 -0.000953045 -0.000928966 -0.00092164 -0.000927606 -0.00092812 -0.000910457 
0 1.99099e-05 2.57488e-05 3.28038e-05 5.80363e-05 8.17002e-05 9.65203e-05 0.000123063 0.000172749 0.000229655 0.000284614 0.000374216 0.000504945 0.000665884 0.000864581 0.00112838 0.00147989 0.00190086 0.00241891 0.00306535 0.00386067 0.0048178 0.00594872 0.00729185 0.00885499 0.010653 0.0126751 0.0148995 0.0173156 0.0199028 0.0226116 0.0253772 0.0281569 0.0308946 0.0335028 0.0358671 0.0379152 0.039557 0.0407152 0.0413223 0.0413047 0.0406356 0.0393034 0.0373308 0.034721 0.0315057 0.0277652 0.0235945 0.0190844 0.0143444 0.00945837 0.00452799 -0.000314417 -0.00496323 -0.00931652 -0.0133049 -0.0168511 -0.0199006 -0.0224002 -0.0243165 -0.0256361 -0.0263623 -0.0264716 -0.0259616 -0.0248422 -0.0231395 -0.0209329 -0.0183276 -0.0154456 -0.0124379 -0.00949588 -0.00680841 -0.00459995 -0.00306478 -0.00233278 -0.00245665 -0.00341179 -0.00505912 -0.00723316 -0.0097124 -0.0122575 -0.0146567 -0.0167205 -0.0182786 -0.0192513 -0.0196036 -0.0193555 -0.0185848 -0.0173942 -0.0159038 -0.0142471 -0.012524 -0.0108239 -0.00922882 -0.00778239 -0.00651063 -0.00543838 -0.0045712 -0.00390018 -0.0034277 -0.0031566 -0.00308068 -0.00319805 -0.00352113 -0.0040463 -0.00476166 -0.00566539 -0.00673784 -0.00793309 -0.00920864 -0.0104968 -0.0116924 -0.0126868 -0.0133507 -0.0135503 -0.0131737 -0.0121258 -0.0103572 -0.00790137 -0.00481944 -0.00123905 0.00265673 0.0066704 0.0105993 0.0142329 0.0174277 0.0200691 0.0221196 0.0236183 0.0246629 0.02537 0.0258897 0.0263287 0.0267662 0.0272505 0.0277909 0.0283454 0.0288584 0.0292267 0.0293254 0.0290662 0.0283694 0.0271897 0.0255084 0.023304 0.0205507 0.0172678 0.0134884 0.00929277 0.00475531 -2.98321e-05 -0.00497795 -0.00999158 -0.0149341 -0.0196884 -0.0241558 -0.028232 -0.0318268 -0.0348641 -0.0372579 -0.038986 -0.0400413 -0.0404406 -0.0401883 -0.0393258 -0.0379393 -0.0361069 -0.0339254 -0.031482 -0.0288609 -0.0261492 -0.0234429 -0.0207913 -0.0182319 -0.0158098 -0.0135848 -0.0115792 -0.0097799 -0.00820585 -0.00685095 -0.00570787 -0.00474561 -0.00394333 -0.00328703 -0.00275283 -0.00233498 -0.00200325 -0.00174112 -0.00154422 -0.00140607 -0.00130566 -0.00122295 -0.00116973 -0.0011474 -0.00112831 -0.00110127 -0.00108615 -0.00108622 -0.00108248 -0.00106749 
0 2.59449e-05 3.82648e-05 5.98582e-05 8.20919e-05 0.000114534 0.000138384 0.000172749 0.000231435 0.000292282 0.000380819 0.00049563 0.000665486 0.000877508 0.00113814 0.00148946 0.00192402 0.00247228 0.00312673 0.00393382 0.0049156 0.00607714 0.00745722 0.00905492 0.010905 0.0129909 0.0153012 0.0178134 0.0205021 0.0233382 0.0262658 0.0292169 0.0321326 0.0349491 0.0375573 0.0398795 0.041804 0.0432859 0.0442478 0.0446246 0.0443807 0.0434625 0.0418968 0.0396842 0.0368537 0.0334512 0.0295532 0.0252459 0.0206375 0.0157907 0.0108055 0.00577356 0.000797401 -0.00399211 -0.00852934 -0.0127233 -0.0165145 -0.0198373 -0.0226369 -0.0248585 -0.0264975 -0.0275124 -0.0278962 -0.0276229 -0.0266794 -0.0250943 -0.0229303 -0.0202835 -0.0172985 -0.0141512 -0.0110336 -0.00819927 -0.00586704 -0.00425057 -0.00349915 -0.00367745 -0.00473511 -0.006573 -0.00897329 -0.0117164 -0.0145461 -0.0171999 -0.0194506 -0.021162 -0.0222062 -0.0225481 -0.0222201 -0.0213158 -0.019952 -0.018261 -0.0163572 -0.0143821 -0.012443 -0.010608 -0.0089399 -0.00749469 -0.00627015 -0.0052693 -0.0045084 -0.00397262 -0.00364122 -0.0035397 -0.00367476 -0.00403078 -0.0046171 -0.00544222 -0.00646815 -0.00767026 -0.00902249 -0.0104571 -0.0118824 -0.0132158 -0.0143252 -0.0150614 -0.0152638 -0.014796 -0.0135645 -0.0115379 -0.00870231 -0.0051614 -0.00107143 0.00338035 0.00798264 0.0124816 0.01668 0.020372 0.0234371 0.0258206 0.0275541 0.0287211 0.0294862 0.0299812 0.0303423 0.0306593 0.030976 0.031298 0.0316076 0.0318315 0.0318798 0.0316538 0.0310369 0.0299798 0.0284319 0.0263802 0.0238156 0.0207376 0.017147 0.0131148 0.0086814 0.0039488 -0.00100672 -0.00610889 -0.0112437 -0.0163126 -0.0212023 -0.0258163 -0.0300693 -0.0338713 -0.0371191 -0.0397598 -0.0417224 -0.0430269 -0.0436609 -0.0436337 -0.042989 -0.0417678 -0.0400653 -0.0379477 -0.0355063 -0.032824 -0.0300004 -0.0271203 -0.0242607 -0.0214572 -0.0187769 -0.016274 -0.0139722 -0.0119005 -0.0100457 -0.00844467 -0.00706832 -0.00590622 -0.00493541 -0.00412206 -0.00346867 -0.00293252 -0.00250982 -0.00216774 -0.00190311 -0.00170988 -0.00155795 -0.00144779 -0.00136662 -0.00132208 -0.00128927 -0.00125748 -0.00124242 -0.00123712 -0.0012363 -0.00122887 
0 2.32855e-05 5.30646e-05 7.04331e-05 0.000108729 0.000135479 0.000179579 0.000229655 0.000292282 0.000388342 0.000500752 0.000673593 0.00088286 0.00115981 0.00150981 0.00194148 0.00250002 0.00316779 0.00399457 0.00498217 0.00616539 0.00757626 0.00920375 0.0110899 0.0132153 0.0155811 0.0181618 0.0209203 0.0238457 0.0268731 0.0299497 0.0330073 0.0359632 0.0387423 0.0412537 0.0434019 0.0451203 0.0463397 0.0470225 0.0471196 0.0465786 0.0454096 0.0436013 0.0411898 0.0382103 0.0347135 0.0307658 0.0264542 0.0218546 0.0170431 0.0120988 0.00710086 0.00216888 -0.00263721 -0.00721458 -0.0115093 -0.0154653 -0.0189994 -0.0220423 -0.0245622 -0.0264901 -0.0278181 -0.0285158 -0.0285229 -0.0278446 -0.0264601 -0.0244275 -0.0218459 -0.0188615 -0.0156605 -0.0124945 -0.00958484 -0.0072205 -0.00559861 -0.00488462 -0.00514136 -0.00634029 -0.00834777 -0.0109811 -0.0139612 -0.0170211 -0.0198976 -0.0223488 -0.0241692 -0.0252499 -0.0255779 -0.0251783 -0.0241274 -0.0225534 -0.0206216 -0.018483 -0.0162723 -0.0140819 -0.0120299 -0.0101661 -0.0085173 -0.00711627 -0.00599316 -0.00510561 -0.00448113 -0.0041288 -0.00402681 -0.00415803 -0.0045656 -0.00521739 -0.00610636 -0.00723159 -0.0085723 -0.0100563 -0.0116422 -0.0132346 -0.0147096 -0.0159033 -0.0166675 -0.0168469 -0.016293 -0.0148745 -0.0125434 -0.00933993 -0.0053638 -0.00075654 0.00426642 0.00943641 0.0145245 0.0192696 0.0234601 0.0269481 0.0296571 0.0315893 0.0328787 0.0336376 0.0340596 0.0342777 0.0343908 0.0344514 0.0344791 0.0344279 0.0342754 0.0339132 0.0332666 0.0322526 0.030788 0.028859 0.0264437 0.0235354 0.0201601 0.0163463 0.0121266 0.00759658 0.00279751 -0.00218678 -0.00728672 -0.0124119 -0.0174697 -0.0223574 -0.0269961 -0.0313043 -0.0351986 -0.0385979 -0.04141 -0.0436126 -0.0451626 -0.0460642 -0.0463277 -0.0459593 -0.0450082 -0.0435318 -0.0415894 -0.0392612 -0.0366224 -0.0337744 -0.0308148 -0.0278009 -0.0248274 -0.0219324 -0.0191825 -0.016625 -0.0142664 -0.0121556 -0.0102754 -0.00865392 -0.00726812 -0.00608505 -0.00510981 -0.00429078 -0.00363439 -0.00309399 -0.00265927 -0.00232533 -0.00205493 -0.0018603 -0.00170423 -0.00159829 -0.00152285 -0.0014671 -0.00143632 -0.00140878 -0.00140343 -0.00139287 -0.00139092 
0 2.15954e-05 4.72557e-05 8.2388e-05 0.00011031 0.000153624 0.000212503 0.000284614 0.000380819 0.000500752 0.000680635 0.000897922 0.00117697 0.00153529 0.00197862 0.0025389 0.00320642 0.00404393 0.0050444 0.00623902 0.00765814 0.00931108 0.0112259 0.0133754 0.0157812 0.018405 0.0212226 0.0242015 0.0273058 0.0304631 0.0336114 0.0366739 0.0395611 0.0421993 0.0444832 0.0463874 0.047793 0.0486961 0.0490492 0.0488055 0.0479716 0.0465192 0.0445032 0.0419296 0.0388592 0.0353482 0.0314475 0.0272147 0.0227563 0.0180891 0.0133177 0.00850877 0.00372168 -0.000952674 -0.00547831 -0.00977281 -0.0137976 -0.0174603 -0.0206987 -0.0234469 -0.0256741 -0.0273033 -0.0283234 -0.0286536 -0.0282568 -0.0271274 -0.0253104 -0.0228853 -0.0200189 -0.0169136 -0.0137812 -0.0109223 -0.0085922 -0.00701842 -0.00639339 -0.00680041 -0.0081637 -0.0104015 -0.0132505 -0.016456 -0.0197408 -0.0227979 -0.0253596 -0.0273002 -0.0284373 -0.0287287 -0.02821 -0.0269934 -0.0252189 -0.0230641 -0.0206579 -0.0181914 -0.0157787 -0.0134965 -0.0114064 -0.00957913 -0.00800516 -0.00671279 -0.00572379 -0.00503684 -0.00461779 -0.00449798 -0.00466604 -0.00509948 -0.00579202 -0.00677044 -0.00798693 -0.00942763 -0.0110601 -0.0128011 -0.0145141 -0.0161016 -0.0173791 -0.0181784 -0.0183061 -0.017604 -0.0159752 -0.0133992 -0.00982196 -0.00538462 -0.00026329 0.00532312 0.0110985 0.0167482 0.0220396 0.0266842 0.0305467 0.0335454 0.0356785 0.0370359 0.0377899 0.0380757 0.0380674 0.0378842 0.0375838 0.0371981 0.0367233 0.0361041 0.035265 0.0341623 0.0326823 0.0308034 0.0284897 0.0257301 0.0225271 0.0189282 0.0149382 0.0106494 0.00609147 0.00134757 -0.00353995 -0.00852212 -0.0134935 -0.0184134 -0.0231778 -0.027711 -0.0319621 -0.0358612 -0.0393096 -0.0422797 -0.0446757 -0.0464954 -0.0476901 -0.0482675 -0.0482448 -0.0476092 -0.0464472 -0.0447714 -0.0426581 -0.0401729 -0.0374143 -0.0344574 -0.0313947 -0.0283049 -0.0252609 -0.0223137 -0.0195086 -0.0169108 -0.0145144 -0.0123735 -0.0104761 -0.00883602 -0.00743105 -0.00623716 -0.00525741 -0.00443508 -0.00377305 -0.0032336 -0.00280866 -0.0024731 -0.00220874 -0.00201919 -0.00187236 -0.00176369 -0.0016855 -0.00163819 -0.00160597 -0.00157855 -0.00156097 -0.00155285 
0 1.83467e-05 6.0761e-05 9.25768e-05 0.000139514 0.000182934 0.000270718 0.000374216 0.00049563 0.000673593 0.000897922 0.00119449 0.00153996 0.00199349 0.0025625 0.00324284 0.00407459 0.00507629 0.00629671 0.00772368 0.00939238 0.0113292 0.0135126 0.0159464 0.0186039 0.0214635 0.0244858 0.0276249 0.0308442 0.0340478 0.037167 0.0401353 0.0428509 0.045237 0.0472271 0.048778 0.0498272 0.0503389 0.0503056 0.0497048 0.0485364 0.0468393 0.0446388 0.0419666 0.038881 0.0354326 0.0316534 0.0276074 0.0233616 0.0189586 0.0144673 0.00993522 0.00542466 0.00095625 -0.0034022 -0.00759754 -0.0115973 -0.0153062 -0.0186559 -0.0216106 -0.0240733 -0.0259924 -0.0273196 -0.0279512 -0.0278673 -0.0270365 -0.025497 -0.0233332 -0.0206916 -0.0177656 -0.0148049 -0.0120734 -0.00988531 -0.0084651 -0.00801436 -0.00861128 -0.0102057 -0.0126697 -0.015773 -0.0192081 -0.0226906 -0.0259223 -0.0286318 -0.0306153 -0.0317329 -0.0319722 -0.0313619 -0.0299858 -0.027999 -0.0255988 -0.0229508 -0.0202252 -0.0175352 -0.0150071 -0.012704 -0.0106681 -0.00892864 -0.00751988 -0.00640919 -0.00562313 -0.00516362 -0.00501475 -0.00515589 -0.00561999 -0.00637607 -0.00742168 -0.00874244 -0.0103121 -0.0120542 -0.0139042 -0.015738 -0.0174157 -0.0187341 -0.0195181 -0.0195928 -0.0187868 -0.0169564 -0.0140533 -0.0100972 -0.00521513 0.000427341 0.00658142 0.0129135 0.0191244 0.0249111 0.0299928 0.034206 0.0374548 0.0397215 0.0411316 0.0417994 0.0419033 0.0416065 0.0410387 0.0402901 0.0394192 0.0384204 0.0372861 0.0359311 0.0343226 0.0323893 0.0300797 0.0274049 0.024345 0.0209048 0.0171431 0.0130823 0.00877391 0.00430007 -0.0003105 -0.00500786 -0.00975021 -0.0144772 -0.0191509 -0.0236953 -0.0280456 -0.0321557 -0.035967 -0.0394141 -0.0424468 -0.0450223 -0.0470747 -0.0485659 -0.0494926 -0.0498292 -0.0495793 -0.048781 -0.0474509 -0.0456408 -0.043404 -0.0408257 -0.0379763 -0.034932 -0.031815 -0.0286787 -0.0255836 -0.022599 -0.0197687 -0.0171439 -0.0147292 -0.0125669 -0.0106635 -0.00899781 -0.00758956 -0.00639306 -0.00540364 -0.00458285 -0.00391835 -0.00339348 -0.00295472 -0.00262579 -0.00236896 -0.0021808 -0.00202708 -0.0019138 -0.00185518 -0.00179821 -0.00176188 -0.00172848 -0.00172262 
0 3.21034e-05 8.64003e-05 0.000141816 0.00019485 0.000260639 0.000371271 0.000504945 0.000665486 0.00088286 0.00117697 0.00153996 0.00197579 0.00253969 0.00324466 0.00409392 0.00510177 0.0063273 0.00778961 0.00948137 0.0114255 0.0136321 0.0160907 0.0187684 0.0216517 0.0247024 0.0278738 0.0311151 0.0343688 0.0375303 0.0405312 0.0433039 0.0457547 0.0478133 0.0494201 0.0505743 0.0511973 0.0512878 0.0508461 0.0498697 0.048401 0.0464732 0.0441395 0.0414163 0.038366 0.0350397 0.0314608 0.0276702 0.0237411 0.0196773 0.0155398 0.0113599 0.00716174 0.00297979 -0.00114373 -0.00514875 -0.00901698 -0.0126691 -0.0160542 -0.0191182 -0.0217781 -0.0239351 -0.0255356 -0.0264696 -0.0266921 -0.0261785 -0.0249593 -0.0230985 -0.0207471 -0.0181046 -0.0153993 -0.0129336 -0.011001 -0.00983462 -0.00964377 -0.0105141 -0.0123722 -0.0151145 -0.0184769 -0.0221614 -0.0258659 -0.0292612 -0.0320605 -0.0341038 -0.0352196 -0.0353769 -0.0346239 -0.0330789 -0.0308953 -0.0282672 -0.0253517 -0.0223481 -0.0193913 -0.0165998 -0.0140524 -0.0118212 -0.00991563 -0.00836074 -0.00714961 -0.00628305 -0.00573774 -0.00553512 -0.00566902 -0.006144 -0.00694476 -0.00807734 -0.00949358 -0.0111606 -0.0130121 -0.0149599 -0.0168619 -0.018591 -0.0199425 -0.0207263 -0.0207248 -0.019752 -0.0176864 -0.0144924 -0.0101456 -0.00480074 0.00134326 0.00802186 0.0148939 0.0216118 0.027873 0.0333483 0.0378667 0.0413215 0.0436856 0.0450596 0.0455889 0.0454248 0.0447586 0.0437407 0.0424765 0.0410532 0.0395005 0.0378059 0.0359135 0.0338029 0.0313959 0.0286806 0.0256636 0.0223453 0.0187405 0.0149109 0.0108604 0.00664998 0.00232147 -0.00207918 -0.00652062 -0.010968 -0.0153662 -0.0197183 -0.0239631 -0.0280502 -0.0319503 -0.0356134 -0.0389778 -0.0420337 -0.044715 -0.0469737 -0.0487437 -0.0500085 -0.0507367 -0.0508905 -0.0505106 -0.0495838 -0.0481509 -0.0462539 -0.0439559 -0.0413044 -0.0383822 -0.0353049 -0.0321454 -0.028961 -0.0258288 -0.0228249 -0.0199794 -0.017332 -0.0149098 -0.0127429 -0.0108262 -0.00916983 -0.0077592 -0.0065598 -0.00556305 -0.00474746 -0.00408718 -0.00353629 -0.00310277 -0.00277409 -0.00251937 -0.00231232 -0.00216099 -0.00207282 -0.00200009 -0.00194175 -0.00190559 -0.00190201 
0 4.1511e-05 0.000108339 0.000179355 0.000250212 0.00034211 0.000488218 0.000665884 0.000877508 0.00115981 0.00153529 0.00199349 0.00253969 0.00323541 0.0041001 0.00513178 0.00634781 0.00781032 0.00953405 0.0114992 0.0137167 0.0161906 0.0189024 0.0218061 0.0248793 0.0280768 0.0313402 0.0346079 0.0378054 0.0408289 0.0436106 0.0460959 0.048201 0.0498617 0.0510402 0.0517456 0.0519208 0.0515722 0.050724 0.0494 0.0476619 0.045555 0.0431315 0.0404061 0.0374415 0.0342886 0.0309624 0.0274906 0.0239212 0.0202471 0.0165034 0.0127121 0.00888341 0.00504308 0.00122639 -0.0025184 -0.00618553 -0.00971228 -0.0130529 -0.0161511 -0.0189132 -0.021234 -0.023047 -0.024245 -0.024767 -0.0245801 -0.0236944 -0.0221675 -0.0201461 -0.0178392 -0.0154824 -0.0133817 -0.0118225 -0.0110325 -0.0112039 -0.0124165 -0.0146037 -0.0176569 -0.0213132 -0.0252641 -0.0291948 -0.032769 -0.035688 -0.0377693 -0.0388592 -0.0389378 -0.0380576 -0.0363305 -0.033921 -0.0310357 -0.0278537 -0.0245729 -0.0213443 -0.0182949 -0.0155122 -0.0130642 -0.0109714 -0.00925317 -0.00790787 -0.00693761 -0.00632868 -0.00608859 -0.00620917 -0.00669139 -0.00752545 -0.0087065 -0.0101931 -0.0119432 -0.0138819 -0.0159098 -0.0178849 -0.019655 -0.0210051 -0.0217334 -0.0216263 -0.020487 -0.0181778 -0.0146542 -0.00992097 -0.0041409 0.00247303 0.00963728 0.0169912 0.0241695 0.0308453 0.0366748 0.0414562 0.0450587 0.0474449 0.0487083 0.0490033 0.0484967 0.0474005 0.0458829 0.0440708 0.0420658 0.0399208 0.0376398 0.0351982 0.032588 0.0297521 0.026683 0.0233931 0.0198859 0.0161853 0.012353 0.0083918 0.00434584 0.000241765 -0.00388815 -0.00801981 -0.0121163 -0.0161424 -0.0201157 -0.0240056 -0.0277791 -0.0314196 -0.0348844 -0.0381241 -0.0411398 -0.0438765 -0.046283 -0.0482925 -0.0498785 -0.0509899 -0.0515717 -0.0516331 -0.0511495 -0.0501434 -0.048649 -0.0467094 -0.0443498 -0.0416456 -0.0387058 -0.0356068 -0.032407 -0.0291953 -0.0260598 -0.0230392 -0.0201786 -0.0175137 -0.0150844 -0.0129024 -0.010987 -0.00932948 -0.00790117 -0.0066989 -0.00570963 -0.00489888 -0.00421725 -0.00367373 -0.00325612 -0.00292771 -0.00265746 -0.00245711 -0.00233166 -0.00222919 -0.00214625 -0.00209705 -0.00208961 
0 5.00827e-05 0.000132954 0.000214486 0.000316032 0.000438121 0.000630777 0.000864581 0.00113814 0.00150981 0.00197862 0.0025625 0.00324466 0.0041001 0.00515466 0.00638853 0.00784794 0.00955845 0.0115543 0.0137891 0.0162633 0.0189876 0.0219152 0.0250125 0.0282253 0.0315117 0.0347992 0.0380116 0.0410649 0.0438617 0.046337 0.0484561 0.0501463 0.0513478 0.0520606 0.0522786 0.0520041 0.0512304 0.0500144 0.048405 0.0464523 0.0442281 0.0417559 0.0390679 0.0362238 0.0332762 0.0302296 0.0271082 0.0239125 0.0206521 0.0173282 0.0139546 0.0105439 0.00708562 0.00362418 0.000181447 -0.00323513 -0.00657801 -0.00979306 -0.0128428 -0.0156076 -0.0180098 -0.0199612 -0.0213581 -0.0221324 -0.0222363 -0.021664 -0.0204828 -0.0188323 -0.0169181 -0.0149986 -0.0133441 -0.0122442 -0.0119158 -0.0125365 -0.0141724 -0.0167805 -0.0202069 -0.0242131 -0.0284649 -0.0326355 -0.0363904 -0.0394477 -0.04158 -0.0426654 -0.0426756 -0.0416629 -0.039739 -0.0370952 -0.0339409 -0.0304891 -0.0269315 -0.0234311 -0.0201238 -0.017101 -0.014414 -0.0121098 -0.0102119 -0.00871477 -0.00762696 -0.00695329 -0.00667298 -0.00677369 -0.00726052 -0.00811566 -0.00931652 -0.0108457 -0.0126539 -0.0146565 -0.0167458 -0.0187779 -0.0205658 -0.0218941 -0.0225354 -0.0222827 -0.0209436 -0.0183803 -0.0145295 -0.0094427 -0.0032592 0.00379356 0.0114066 0.0191899 0.0267777 0.0337858 0.0398874 0.0448457 0.0485188 0.0508593 0.051964 0.0519632 0.0510645 0.0494845 0.0474177 0.0450239 0.04242 0.0396708 0.0368114 0.0338388 0.0307569 0.0275529 0.0241989 0.0207217 0.0171089 0.0133866 0.0096077 0.0057933 0.00195292 -0.00187156 -0.00568863 -0.0094711 -0.0131804 -0.016811 -0.0203702 -0.0238661 -0.0272859 -0.0306259 -0.0338545 -0.0369459 -0.0398795 -0.0426361 -0.0451335 -0.0473286 -0.0491886 -0.0506409 -0.0516411 -0.0521413 -0.0521216 -0.0515771 -0.0505362 -0.0490221 -0.0470435 -0.0446522 -0.0419527 -0.0390042 -0.0358693 -0.0326491 -0.0294252 -0.0262771 -0.0232282 -0.0203476 -0.0176696 -0.0152206 -0.0130456 -0.0111176 -0.00944893 -0.0080172 -0.00683218 -0.00585292 -0.00502001 -0.00435843 -0.0038328 -0.00342106 -0.00307588 -0.0028142 -0.00264272 -0.00249687 -0.00238537 -0.00230988 -0.00228772 
0 7.5764e-05 0.000168981 0.000291721 0.000413179 0.000593526 0.00083197 0.00112838 0.00148946 0.00194148 0.0025389 0.00324284 0.00409392 0.00513178 0.00638853 0.0078717 0.00957673 0.0115722 0.0138321 0.0163355 0.0190627 0.0220014 0.0251283 0.0283624 0.0316628 0.0349621 0.0381836 0.0412471 0.0440607 0.0465376 0.0486386 0.0503232 0.0515457 0.0522632 0.0524691 0.0522153 0.0514863 0.0503323 0.0488025 0.0469534 0.0448608 0.0425586 0.0400934 0.0374922 0.0348119 0.0321002 0.0293627 0.0265781 0.0237699 0.0209106 0.0180142 0.0150895 0.0121021 0.00906521 0.0059775 0.0028627 -0.000260197 -0.00335786 -0.00639395 -0.00929268 -0.0119962 -0.0143862 -0.0163848 -0.017904 -0.0188479 -0.0191802 -0.0189017 -0.0180598 -0.0168036 -0.0153412 -0.0138915 -0.0127563 -0.0121799 -0.0123839 -0.0135338 -0.0156959 -0.0187877 -0.022676 -0.027077 -0.0316776 -0.0361363 -0.0401084 -0.0432937 -0.0455193 -0.0466263 -0.0465663 -0.0454142 -0.0433185 -0.040455 -0.0370485 -0.0333155 -0.029472 -0.0256953 -0.0221077 -0.0188104 -0.0158867 -0.0133658 -0.0112684 -0.00962519 -0.00842323 -0.00764054 -0.00728954 -0.00736469 -0.00783175 -0.00868655 -0.00991737 -0.0114746 -0.0133102 -0.0153545 -0.0174789 -0.0195196 -0.0212869 -0.0225561 -0.023107 -0.0226977 -0.0211295 -0.0182978 -0.014165 -0.00873348 -0.00217266 0.00526683 0.0132611 0.0214228 0.029324 0.0365955 0.0428661 0.0479016 0.0515591 0.0537972 0.0546733 0.0543636 0.053038 0.0509468 0.0483148 0.0453183 0.0421084 0.038786 0.0353765 0.0319236 0.0284444 0.0249203 0.0213756 0.0177852 0.014149 0.010482 0.00681779 0.00317803 -0.000402892 -0.00393681 -0.00740007 -0.0108024 -0.0141206 -0.0173384 -0.0204979 -0.0236001 -0.0266578 -0.0296805 -0.0326516 -0.0355508 -0.0383867 -0.0410998 -0.0436482 -0.0459688 -0.0480296 -0.0497866 -0.0511507 -0.052086 -0.0525266 -0.0524606 -0.0519029 -0.0508519 -0.0493047 -0.0473048 -0.044919 -0.0422131 -0.0392362 -0.0360771 -0.0328539 -0.0296166 -0.0264491 -0.0233878 -0.0204916 -0.0178111 -0.0153619 -0.0131813 -0.0112387 -0.00956892 -0.00816104 -0.0069734 -0.00597988 -0.00515506 -0.00451481 -0.00398722 -0.00355391 -0.00322297 -0.00298095 -0.00280163 -0.00264361 -0.00255105 -0.00250518 
0 0.000108063 0.000245479 0.0003922 0.000576722 0.000801542 0.00110626 0.00147989 0.00192402 0.00250002 0.00320642 0.00407459 0.00510177 0.00634781 0.00784794 0.00957673 0.0115757 0.0138348 0.0163699 0.0191267 0.0220753 0.0252143 0.0284745 0.0318021 0.0351094 0.038334 0.0413966 0.0442126 0.0466932 0.0487859 0.0504426 0.0516563 0.0523839 0.052589 0.0523238 0.0515919 0.050478 0.048987 0.047197 0.0451796 0.0429741 0.0406576 0.0382395 0.0357719 0.0332984 0.0308505 0.0284099 0.0259803 0.0235194 0.0210632 0.0185852 0.016079 0.0135259 0.0108856 0.00818336 0.00542365 0.00263425 -0.00017178 -0.00294247 -0.00565525 -0.00819464 -0.0104988 -0.0124561 -0.0139889 -0.0150228 -0.0155273 -0.0154815 -0.0149666 -0.0141007 -0.0130676 -0.0121324 -0.0115331 -0.0115353 -0.0123542 -0.0141185 -0.0168545 -0.0205264 -0.0249139 -0.0297824 -0.0347823 -0.0395682 -0.0438027 -0.0472106 -0.0495144 -0.0506359 -0.0505498 -0.0493196 -0.0470578 -0.0439962 -0.0403474 -0.0363584 -0.0322184 -0.028129 -0.0242376 -0.0206738 -0.0174865 -0.0147479 -0.0124687 -0.0106495 -0.00928747 -0.00840768 -0.00796421 -0.00795829 -0.0083855 -0.00923549 -0.0104609 -0.0120466 -0.0139089 -0.0159595 -0.0180625 -0.0200794 -0.0217917 -0.0229825 -0.0233852 -0.0228068 -0.0210529 -0.0179843 -0.0135245 -0.00779195 -0.000914793 0.00684626 0.01515 0.0235767 0.0317238 0.0391373 0.045505 0.05054 0.0540966 0.0561451 0.0567648 0.0560824 0.0543336 0.0517374 0.0485386 0.0449669 0.0411825 0.037312 0.0334257 0.0295669 0.0257481 0.0220076 0.0183133 0.0146867 0.0110929 0.00754486 0.00405224 0.00065442 -0.00266089 -0.00585815 -0.0089699 -0.0119898 -0.0149027 -0.0177451 -0.0205135 -0.0232544 -0.0259706 -0.0286723 -0.0313588 -0.0340483 -0.0367145 -0.0393628 -0.041896 -0.04429 -0.0465082 -0.0484848 -0.0501884 -0.0515025 -0.0523955 -0.0528092 -0.0527411 -0.0521772 -0.051098 -0.0495307 -0.0475337 -0.0451444 -0.0424126 -0.0394212 -0.0362564 -0.0330297 -0.0297802 -0.0266013 -0.0235321 -0.0206322 -0.0179571 -0.0154977 -0.0133034 -0.0113642 -0.00970876 -0.00829715 -0.00709023 -0.00610371 -0.00529757 -0.00464971 -0.00410863 -0.00368669 -0.00337964 -0.00313421 -0.00294882 -0.00281786 -0.00275227 
0 0.000154912 0.000320628 0.000530967 0.000756276 0.00106299 0.00143536 0.00190086 0.00247228 0.00316779 0.00404393 0.00507629 0.0063273 0.00781032 0.00955845 0.0115722 0.0138348 0.0163749 0.0191478 0.0221302 0.0252707 0.0285397 0.0318848 0.0352152 0.0384498 0.0415089 0.0443216 0.0468093 0.0489008 0.0505464 0.0517374 0.0524447 0.052659 0.0523763 0.0516366 0.0505089 0.0490434 0.0472958 0.0453167 0.0431754 0.040936 0.0386445 0.036325 0.0340274 0.0317719 0.0295746 0.0274332 0.0253087 0.0232068 0.0211169 0.01903 0.0169268 0.0147514 0.0125013 0.0101776 0.00778321 0.00536063 0.0028974 0.000413292 -0.00202004 -0.00435262 -0.00647663 -0.00829963 -0.00976807 -0.0108062 -0.0113911 -0.0115262 -0.0112626 -0.0107348 -0.0101314 -0.00968699 -0.0096654 -0.010288 -0.0117523 -0.0141691 -0.0175585 -0.0218333 -0.0268011 -0.0321853 -0.0376521 -0.0428312 -0.0473707 -0.050979 -0.0534608 -0.0546845 -0.0545969 -0.0532925 -0.050933 -0.047703 -0.0438292 -0.0395624 -0.035134 -0.0307524 -0.0265657 -0.0227053 -0.019258 -0.016272 -0.0137707 -0.0117741 -0.0102621 -0.0092235 -0.00865806 -0.00857364 -0.00894008 -0.00974336 -0.0109558 -0.0125221 -0.0143664 -0.0164034 -0.0184852 -0.0204402 -0.0220575 -0.02312 -0.0233989 -0.0226467 -0.0206601 -0.0173482 -0.012674 -0.00668041 0.000463565 0.00847129 0.0169822 0.0255891 0.0338448 0.0413297 0.0476837 0.0526328 0.0560336 0.0578566 0.0581545 0.0571037 0.0549087 0.0518181 0.0481032 0.0439935 0.0396926 0.0353542 0.0310526 0.0268646 0.0228079 0.0188943 0.0151448 0.0115214 0.00802296 0.00465053 0.00138484 -0.00174201 -0.0047363 -0.00761716 -0.0103739 -0.0130258 -0.0155746 -0.0180344 -0.0204507 -0.0228429 -0.0252378 -0.0276351 -0.0300415 -0.0324864 -0.0349746 -0.037487 -0.0399759 -0.0423915 -0.0446918 -0.0468497 -0.048793 -0.0504493 -0.0517418 -0.0526178 -0.0530466 -0.0529805 -0.0524011 -0.0513144 -0.0497534 -0.0477544 -0.0453529 -0.042602 -0.0396039 -0.0364349 -0.0331894 -0.0299314 -0.0267282 -0.0236623 -0.0207554 -0.0180684 -0.0156003 -0.0134042 -0.0114856 -0.00981571 -0.00840201 -0.00720187 -0.00623606 -0.0054308 -0.0047724 -0.00425397 -0.00384526 -0.0035453 -0.00329544 -0.00313664 -0.00303496 
0 0.000203747 0.000425656 0.000684396 0.00098972 0.00137115 0.00183825 0.00241891 0.00312673 0.00399457 0.0050444 0.00629671 0.00778961 0.00953405 0.0115543 0.0138321 0.0163699 0.0191478 0.0221358 0.0252988 0.0285736 0.0319218 0.0352661 0.0385256 0.0416008 0.0444109 0.0468995 0.0489982 0.0506423 0.0518144 0.052496 0.0526875 0.0523925 0.051634 0.0504932 0.0490075 0.0472778 0.0453298 0.043221 0.0410289 0.0388027 0.0366015 0.0344253 0.03232 0.0302915 0.028342 0.0264633 0.0246438 0.0228474 0.0210951 0.0193558 0.0176007 0.0157933 0.0139168 0.0119766 0.00996238 0.00790703 0.00578261 0.00362397 0.00147875 -0.000565272 -0.00243946 -0.00404954 -0.00535818 -0.00631435 -0.00690782 -0.00712487 -0.00705229 -0.00681357 -0.00658742 -0.00663802 -0.00718267 -0.00843177 -0.01057 -0.0136678 -0.0177138 -0.0226506 -0.0282288 -0.0341839 -0.0401577 -0.0457751 -0.050686 -0.0546094 -0.0572834 -0.058633 -0.0586304 -0.0573444 -0.0548962 -0.0515228 -0.0474537 -0.0429551 -0.038253 -0.0335803 -0.029097 -0.0249587 -0.0212299 -0.0179814 -0.0152348 -0.013006 -0.0112921 -0.0101154 -0.00942883 -0.00923344 -0.00950604 -0.0102324 -0.0113725 -0.0128936 -0.0146952 -0.0166858 -0.0187005 -0.0205791 -0.0220987 -0.0230367 -0.0231307 -0.0221921 -0.0200347 -0.0165352 -0.0116319 -0.0054469 0.00186886 0.0100207 0.0186408 0.0273047 0.0355769 0.0430007 0.0492662 0.0540693 0.0572607 0.0588203 0.0588031 0.0573644 0.0547576 0.0512178 0.0470346 0.0424749 0.0377361 0.0329981 0.0283684 0.0239292 0.0197045 0.0157323 0.0119857 0.00844643 0.00508735 0.00191147 -0.00111002 -0.00394319 -0.0066246 -0.00916573 -0.0115876 -0.0138963 -0.0160956 -0.0182246 -0.0203007 -0.0223818 -0.0244858 -0.0266063 -0.0287534 -0.0309673 -0.0332399 -0.0355972 -0.0379821 -0.0403691 -0.0427103 -0.0449657 -0.0471009 -0.0490056 -0.0506398 -0.0519278 -0.0528172 -0.0532485 -0.0531788 -0.0526005 -0.0515236 -0.0499688 -0.0479671 -0.0455494 -0.0427891 -0.0397812 -0.0365955 -0.0333273 -0.0300442 -0.0268394 -0.0237586 -0.0208449 -0.0181454 -0.0156874 -0.0135018 -0.011575 -0.0099162 -0.00850703 -0.00733292 -0.00636152 -0.00556152 -0.00491982 -0.00440904 -0.00401566 -0.00371327 -0.00350225 -0.00336799 
