0 0 0 0 0 0 0 0 0 0 0 0 0 0 0 0 0 0 0 0 0 0 0 0 0 0 0 0 0 0 0 0 0 0 0 0 0 0 0 0 0 0 0 0 0 0 0 0 0 0 0 0 0 0 0 0 0 0 0 0 0 0 0 0 0 0 0 0 0 0 0 0 0 0 0 0 0 0 0 0 0 0 0 0 0 0 0 0 0 0 0 0 0 0 0 0 0 0 0 0 0 0 0 0 0 0 0 0 0 0 0 0 0 0 0 0 0 0 0 0 0 0 0 0 0 0 0 0 0 0 0 0 0 0 0 0 0 0 0 0 0 0 0 0 0 0 0 0 0 0 0 0 0 0 0 0 0 0 0 0 0 0 0 0 0 0 0 0 0 0 0 0 0 0 0 0 0 0 0 0 0 0 0 0 0 0 0 0 0 0 0 0 0 0 0 0 0 0 0 0 
0 4.19766e-06 8.54364e-06 8.84368e-06 1.60476e-05 1.90117e-05 1.66433e-05 1.73302e-05 1.90001e-05 2.405e-05 2.15697e-05 2.42816e-05 3.48714e-05 4.06444e-05 5.00877e-05 6.6169e-05 9.79542e-05 0.000131518 0.000166434 0.000224049 0.000298409 0.000389272 0.000499459 0.00063647 0.000806739 0.000999661 0.00123015 0.00150663 0.00182462 0.0022026 0.00262305 0.0030882 0.00358984 0.00411821 0.00466617 0.00518734 0.00568954 0.00615017 0.00655129 0.00687754 0.00710819 0.0072267 0.00721195 0.00705333 0.00673523 0.00625565 0.00562602 0.00488359 0.00403085 0.00310417 0.00212297 0.00111165 0.000100131 -0.000872787 -0.00178696 -0.00261706 -0.00332785 -0.00391708 -0.00436308 -0.00467802 -0.00485827 -0.0049178 -0.00484965 -0.00465762 -0.00434095 -0.00393089 -0.00343107 -0.00289235 -0.0023402 -0.0017906 -0.00128838 -0.000852986 -0.000503994 -0.000283183 -0.000199192 -0.000245905 -0.000439218 -0.000729416 -0.0010897 -0.00148327 -0.00187535 -0.00222069 -0.00250832 -0.00269992 -0.00280782 -0.00282594 -0.00275803 -0.00260099 -0.00240795 -0.00218021 -0.00192974 -0.00167349 -0.00144003 -0.00121333 -0.00102008 -0.000851562 -0.000708194 -0.000583201 -0.000492167 -0.000426023 -0.000396208 -0.000387041 -0.000409808 -0.000446429 -0.000508528 -0.00060083 -0.000726806 -0.000867522 -0.00104465 -0.00122838 -0.00141515 -0.00160263 -0.00178353 -0.00190793 -0.00198063 -0.00198139 -0.00189386 -0.00168924 -0.00138542 -0.000972258 -0.000485036 5.93204e-05 0.0006334 0.00120777 0.00173875 0.00223528 0.00265785 0.0030022 0.00327762 0.00347805 0.00362236 0.0037502 0.00386664 0.00400242 0.00417838 0.00437348 0.00459521 0.00481536 0.00501006 0.00514976 0.00522141 0.00519366 0.00506693 0.00482044 0.00445481 0.00394737 0.00330819 0.00254421 0.00167736 0.000738296 -0.000243315 -0.00124769 -0.00225756 -0.00322704 -0.0041445 -0.00496837 -0.00567209 -0.00623787 -0.00665334 -0.00690032 -0.00699646 -0.00695362 -0.00679739 -0.00653603 -0.00618162 -0.00576424 -0.00527979 -0.0047753 -0.00425696 -0.00373796 -0.00324193 -0.00278041 -0.00237047 -0.00199787 -0.00166956 -0.00139244 -0.00115236 -0.000949045 -0.000778315 -0.000633484 -0.000519689 -0.00042738 -0.000358422 -0.000299516 -0.000251678 -0.000227657 -0.000206834 -0.000189848 -0.000173912 -0.000166668 -0.000162359 -0.000148052 -0.000145358 -0.000148135 -0.00014974 -0.00014481 -0.000140549 -0.000150435 -0.000152755 -0.000153851 
0 8.54364e-06 3.61451e-06 1.24477e-05 1.22477e-05 2.76434e-05 2.20847e-05 2.5951e-05 4.02635e-05 4.42163e-05 5.30503e-05 5.42162e-05 8.06526e-05 9.39686e-05 0.000108758 0.000143771 0.000201048 0.000270788 0.00034545 0.000465815 0.00062085 0.00081145 0.0010316 0.0013181 0.00165666 0.00205117 0.00251945 0.00306354 0.00371215 0.00444555 0.00528839 0.00620091 0.00718498 0.00823438 0.00929789 0.0103347 0.0113162 0.012222 0.0130076 0.0136372 0.0140689 0.0142856 0.0142222 0.0138949 0.0132574 0.0123027 0.0110861 0.00962114 0.00796646 0.0061504 0.00422683 0.00224911 0.000272545 -0.00163743 -0.0034168 -0.00505466 -0.00646327 -0.00762921 -0.00854154 -0.0091669 -0.00953772 -0.00966178 -0.00953335 -0.00916534 -0.00857989 -0.00778804 -0.00684754 -0.00580259 -0.00471298 -0.00362499 -0.00261873 -0.00173798 -0.00105428 -0.000618946 -0.00045721 -0.000573588 -0.000946436 -0.00151519 -0.00223276 -0.0030139 -0.00377473 -0.0044631 -0.00502291 -0.00542359 -0.00563648 -0.00565106 -0.00550649 -0.00523533 -0.00483395 -0.00435569 -0.00385579 -0.00336261 -0.00288075 -0.00244095 -0.00204848 -0.00169701 -0.00139928 -0.00117888 -0.00100018 -0.000871999 -0.000802411 -0.000775587 -0.000796672 -0.000890763 -0.00102832 -0.00121289 -0.00145152 -0.0017443 -0.00207602 -0.00245051 -0.00284731 -0.00322325 -0.00354114 -0.00380704 -0.00396475 -0.00395507 -0.00376013 -0.0033667 -0.00275855 -0.00195099 -0.000969729 0.000124623 0.00127272 0.00242358 0.00351657 0.00450765 0.00535356 0.00604056 0.00657073 0.00696405 0.00725779 0.00751269 0.0077579 0.00804243 0.00836941 0.00874836 0.00914898 0.0095502 0.0099078 0.0101658 0.0102806 0.0102275 0.00994773 0.00945154 0.00871754 0.00770225 0.00644806 0.00494695 0.00324276 0.00140362 -0.000526901 -0.0025087 -0.00447509 -0.00638761 -0.00816236 -0.00977234 -0.0111473 -0.0122551 -0.0130894 -0.0135961 -0.0138092 -0.0137548 -0.0134667 -0.0129644 -0.0122909 -0.0114652 -0.0105375 -0.00954255 -0.00852915 -0.00751319 -0.00651988 -0.00561454 -0.00478356 -0.00404337 -0.003384 -0.0028255 -0.00234719 -0.00193764 -0.00159316 -0.001302 -0.00106596 -0.000874474 -0.000732467 -0.00060063 -0.000508883 -0.0004447 -0.000404893 -0.000368894 -0.000334863 -0.000337899 -0.00032328 -0.000316466 -0.000306161 -0.000316266 -0.000324514 -0.00030383 -0.000308359 -0.000306679 -0.000315238 -0.000303153 
0 8.84368e-06 1.24477e-05 1.06725e-05 2.61925e-05 3.62813e-05 3.56412e-05 4.36547e-05 5.53027e-05 7.18541e-05 7.23408e-05 8.60005e-05 0.000122375 0.000147768 0.000180453 0.000232501 0.000326806 0.000435427 0.000558502 0.000748729 0.000990079 0.00127889 0.00162473 0.00205279 0.00258121 0.00318603 0.00390094 0.00474322 0.00570325 0.00681856 0.00804993 0.0093962 0.0108369 0.0123482 0.0139046 0.0153948 0.0168249 0.0181328 0.019257 0.0201429 0.020731 0.0209798 0.0208446 0.0203133 0.0193568 0.017974 0.0161949 0.0140991 0.0116941 0.00906523 0.00627516 0.00340287 0.000540004 -0.00220785 -0.00478997 -0.00715215 -0.00921002 -0.0109488 -0.0123037 -0.0132795 -0.0138595 -0.0140746 -0.0139209 -0.0134226 -0.0125928 -0.0115038 -0.0101611 -0.00867277 -0.00710009 -0.00549782 -0.00400338 -0.00270309 -0.00167914 -0.0010476 -0.000829723 -0.000999003 -0.00156962 -0.00241112 -0.00344703 -0.00458091 -0.00571717 -0.00673401 -0.0075815 -0.00815537 -0.00846807 -0.00850505 -0.00828524 -0.00781825 -0.00723543 -0.00655372 -0.00580778 -0.00504384 -0.00433166 -0.00364619 -0.00305603 -0.00254786 -0.00212295 -0.00176491 -0.00149958 -0.00130335 -0.00120097 -0.00116074 -0.0012134 -0.00132488 -0.0015189 -0.00180442 -0.00218305 -0.00260832 -0.00312586 -0.00366968 -0.00422828 -0.00478969 -0.00532178 -0.00569778 -0.00590792 -0.00589226 -0.00560858 -0.00499407 -0.00408806 -0.00287217 -0.00142684 0.000203619 0.00194417 0.00370226 0.00534678 0.00686129 0.00813316 0.00914736 0.00993904 0.0105197 0.0109581 0.0113573 0.011727 0.0121274 0.0125948 0.0130825 0.0136152 0.0141415 0.0146087 0.0149385 0.0150775 0.0149327 0.014487 0.0136967 0.012571 0.0110687 0.0092216 0.00704469 0.00458457 0.00191504 -0.000887841 -0.00376123 -0.00663711 -0.00938889 -0.0119699 -0.014283 -0.0162687 -0.0178918 -0.0191225 -0.0199073 -0.0202747 -0.020245 -0.0198729 -0.0191823 -0.0182145 -0.0170502 -0.0156984 -0.0142752 -0.0128042 -0.0113184 -0.00987949 -0.00852718 -0.00730578 -0.00618947 -0.00519808 -0.0043521 -0.00361867 -0.00299508 -0.00246725 -0.00201737 -0.00165488 -0.00135897 -0.00113269 -0.000940811 -0.000787291 -0.000696997 -0.000622852 -0.000564184 -0.000519004 -0.00050672 -0.00050353 -0.000476257 -0.000470336 -0.000477098 -0.000480531 -0.000467922 -0.000457597 -0.000474011 -0.000468948 -0.000454121 
0 1.60476e-05 1.22477e-05 2.61925e-05 3.11991e-05 5.33949e-05 5.064e-05 6.04605e-05 8.4514e-05 9.55039e-05 0.000110296 0.000123284 0.000176308 0.00021793 0.000266179 0.00034968 0.000477189 0.000633518 0.000814407 0.00107962 0.00141441 0.00181728 0.00228727 0.0028841 0.00359888 0.00443517 0.00541887 0.00655302 0.00786815 0.00933734 0.0109773 0.0127293 0.014585 0.0165282 0.0184834 0.0203764 0.0221615 0.0237893 0.0251728 0.0262358 0.0269034 0.027146 0.0268847 0.0261484 0.0248848 0.0230876 0.0208306 0.0181412 0.0150957 0.0117525 0.00821164 0.00457967 0.000967169 -0.00251368 -0.00577154 -0.00878591 -0.0114344 -0.0136835 -0.0154916 -0.016797 -0.0176222 -0.0179778 -0.0178607 -0.0172965 -0.0163247 -0.0149717 -0.013314 -0.0114284 -0.00941401 -0.00736636 -0.00544577 -0.00376358 -0.00246118 -0.00164357 -0.00135483 -0.00159153 -0.0023119 -0.00340329 -0.00477127 -0.00626786 -0.00774286 -0.00908122 -0.0101736 -0.0109429 -0.0113401 -0.0113529 -0.011044 -0.0104736 -0.00967305 -0.00873133 -0.00773765 -0.00674774 -0.00578526 -0.00489678 -0.00410461 -0.00340517 -0.00281702 -0.00236837 -0.00201243 -0.00175583 -0.00161051 -0.00155412 -0.00159857 -0.00177519 -0.00204779 -0.00242032 -0.00289877 -0.00347545 -0.00413319 -0.00486647 -0.00563933 -0.00638409 -0.00703048 -0.00754845 -0.00784184 -0.00780731 -0.00740054 -0.00659293 -0.00537029 -0.00375768 -0.00180902 0.00037592 0.00268881 0.00502273 0.00724912 0.00927199 0.010994 0.012381 0.0134435 0.0142278 0.0148134 0.0153115 0.0157717 0.0162646 0.016798 0.0173783 0.0179744 0.018559 0.019063 0.0193912 0.0194568 0.0191912 0.0185058 0.0174092 0.0158866 0.0138959 0.011504 0.00870806 0.0055696 0.00218427 -0.00137483 -0.00503216 -0.00866676 -0.0121828 -0.0154451 -0.0183945 -0.0209343 -0.0230229 -0.0246432 -0.0257085 -0.026249 -0.0262893 -0.025875 -0.0250408 -0.0238614 -0.0223918 -0.0207185 -0.018916 -0.0170586 -0.0151754 -0.0133157 -0.0115779 -0.0099595 -0.00848536 -0.00715439 -0.00600331 -0.0050086 -0.00415579 -0.00343584 -0.00282577 -0.0023255 -0.00191795 -0.00160418 -0.00132871 -0.00112475 -0.000977996 -0.000872709 -0.000780994 -0.000706109 -0.000692785 -0.000665945 -0.000644318 -0.000620993 -0.000627647 -0.000634025 -0.000608242 -0.000616585 -0.000620539 -0.000629815 -0.000607183 
0 1.90117e-05 2.76434e-05 3.62813e-05 5.33949e-05 6.88408e-05 7.16986e-05 8.36791e-05 0.000105084 0.000127031 0.000139234 0.00016786 0.000232001 0.000296427 0.000377652 0.000498122 0.000676567 0.000889763 0.00114084 0.00149107 0.00193 0.00245247 0.00307561 0.00384185 0.0047736 0.00585397 0.00711505 0.00857016 0.0102116 0.0120519 0.0140492 0.0161754 0.0183997 0.0206905 0.0229938 0.0251926 0.02726 0.0291174 0.0306666 0.0318187 0.0324958 0.0326516 0.0322435 0.0312716 0.0297088 0.027555 0.0248573 0.0216952 0.0181074 0.0141932 0.0100554 0.00581146 0.00158892 -0.00247968 -0.00632168 -0.00987337 -0.0130289 -0.0157456 -0.0179465 -0.0196052 -0.0207041 -0.0212592 -0.0212599 -0.0207202 -0.0196593 -0.0181469 -0.0162263 -0.0140301 -0.0116682 -0.00925182 -0.0069718 -0.00497545 -0.00340667 -0.00242165 -0.00207441 -0.0023528 -0.00324204 -0.00458603 -0.00625004 -0.00807192 -0.00988423 -0.0115113 -0.012843 -0.013755 -0.0142276 -0.0142484 -0.0138539 -0.01309 -0.0120977 -0.0109432 -0.00969868 -0.00844142 -0.00724996 -0.00612837 -0.00514105 -0.00428301 -0.00355771 -0.0029616 -0.00250847 -0.00218425 -0.00200732 -0.00194808 -0.00202712 -0.00222201 -0.00254425 -0.00300695 -0.00361137 -0.00431954 -0.00515649 -0.00605839 -0.00698956 -0.00790905 -0.00874672 -0.00936429 -0.00969887 -0.00965188 -0.00915007 -0.00812168 -0.00658543 -0.00454916 -0.00211535 0.000619526 0.00352742 0.00645886 0.00923954 0.0117884 0.0139639 0.0157219 0.0170842 0.0180779 0.0188005 0.0193873 0.019892 0.0204016 0.0209611 0.0215381 0.0221385 0.0227032 0.0231532 0.0233842 0.0233082 0.0228187 0.0218718 0.020435 0.0185152 0.016084 0.0131884 0.00985692 0.00615116 0.00216656 -0.00200617 -0.00628297 -0.0105539 -0.0146643 -0.0185134 -0.0219852 -0.0249978 -0.0275079 -0.0294748 -0.0308271 -0.0315751 -0.031736 -0.0313583 -0.0304769 -0.0291586 -0.0275017 -0.0255646 -0.0234787 -0.0212987 -0.0190689 -0.0168653 -0.0147566 -0.0127904 -0.0109599 -0.00929474 -0.00783219 -0.00655287 -0.00545613 -0.00452425 -0.00373433 -0.00308481 -0.0025535 -0.00213341 -0.00178048 -0.00150243 -0.0013105 -0.00115813 -0.0010307 -0.000932441 -0.000886548 -0.00085422 -0.000807805 -0.000782222 -0.000780581 -0.000778176 -0.000760477 -0.000756422 -0.000775473 -0.0007786 -0.000764294 
0 1.66433e-05 2.20847e-05 3.56412e-05 5.064e-05 7.16986e-05 7.99757e-05 9.7693e-05 0.000130947 0.000161771 0.000192571 0.000237502 0.000320167 0.000412519 0.000527894 0.000695023 0.000926018 0.00120573 0.00154213 0.00199015 0.00255002 0.00321907 0.00401327 0.00498397 0.00614376 0.00748904 0.00903996 0.0108014 0.0127745 0.0149401 0.0172721 0.0197203 0.0222539 0.0248375 0.0273932 0.0298201 0.0320596 0.0340348 0.0356406 0.036782 0.0373833 0.0374064 0.0368081 0.0355973 0.0337474 0.0312619 0.028207 0.0246511 0.0206671 0.0163426 0.0117865 0.00711557 0.00245567 -0.0020677 -0.00636106 -0.0103579 -0.0139412 -0.0170477 -0.0196148 -0.0215968 -0.022988 -0.0237875 -0.0239731 -0.0235398 -0.022506 -0.0209173 -0.018854 -0.016442 -0.0138174 -0.0111233 -0.00855996 -0.00629994 -0.00452638 -0.00340184 -0.00300844 -0.00335462 -0.00439405 -0.00597665 -0.00793773 -0.0100734 -0.0121763 -0.0140633 -0.0155916 -0.0166462 -0.0171742 -0.0171681 -0.0166808 -0.0157837 -0.0145766 -0.0131679 -0.0116672 -0.0101662 -0.00872862 -0.00739567 -0.00620664 -0.00516565 -0.0042854 -0.00358012 -0.00303419 -0.00264607 -0.0024239 -0.00234825 -0.00242793 -0.00266956 -0.00306047 -0.00360782 -0.0043152 -0.00516627 -0.00615179 -0.00723293 -0.0083533 -0.00943684 -0.0103912 -0.0111169 -0.0115055 -0.0114336 -0.0108129 -0.00958129 -0.00772717 -0.00527864 -0.00233233 0.000973698 0.00447551 0.00799822 0.0113589 0.014424 0.0170584 0.0192011 0.0208528 0.0220544 0.0229041 0.0235389 0.0240488 0.0245319 0.0250328 0.0255485 0.0260551 0.0264979 0.0267865 0.0268152 0.0264906 0.0257287 0.0244693 0.0227002 0.0204107 0.0175771 0.0142475 0.0104551 0.00627813 0.00182471 -0.00281165 -0.00754494 -0.0122568 -0.0168157 -0.0210916 -0.0249805 -0.0283857 -0.0312547 -0.0335432 -0.0351748 -0.0361504 -0.0364857 -0.0362165 -0.0353782 -0.0340411 -0.0322882 -0.0302116 -0.0279235 -0.025504 -0.023004 -0.0204989 -0.0180793 -0.0157808 -0.0136239 -0.0116361 -0.00986136 -0.0082977 -0.00694222 -0.00578289 -0.00479679 -0.00397568 -0.00330042 -0.00275477 -0.00229611 -0.00193535 -0.00166913 -0.00146469 -0.00129518 -0.00116638 -0.00109917 -0.00104651 -0.000997614 -0.000964995 -0.000962306 -0.000958232 -0.000934642 -0.00093007 -0.000936188 -0.000937957 -0.00091933 
0 1.73302e-05 2.5951e-05 4.36547e-05 6.04605e-05 8.36791e-05 9.7693e-05 0.000120572 0.000161905 0.000203043 0.000253485 0.000322303 0.000428556 0.000557682 0.000718788 0.000943696 0.0012399 0.00160181 0.00204231 0.00260538 0.00330405 0.00413878 0.00513019 0.00632553 0.0077356 0.00936173 0.0112098 0.0132775 0.0155618 0.0180269 0.0206465 0.0233636 0.0261414 0.0289349 0.0316508 0.0341973 0.0364926 0.0384635 0.0400094 0.0410398 0.041489 0.041322 0.0405072 0.0390482 0.03693 0.034166 0.0308322 0.0269995 0.0227567 0.0181819 0.013377 0.00844919 0.00351773 -0.00130022 -0.00590348 -0.010213 -0.01412 -0.0175447 -0.0204326 -0.0227291 -0.0244246 -0.0254977 -0.0259165 -0.0256576 -0.0247338 -0.0231776 -0.0210839 -0.018572 -0.0157909 -0.0129103 -0.0101388 -0.0076857 -0.00576658 -0.0045585 -0.0041637 -0.00460197 -0.00580072 -0.00761038 -0.0098348 -0.0122493 -0.0146206 -0.016748 -0.0184553 -0.0196266 -0.0201918 -0.0201482 -0.0195487 -0.0184902 -0.0170734 -0.0154304 -0.0136794 -0.0119231 -0.0102303 -0.00866919 -0.00727297 -0.00605902 -0.00503519 -0.00421391 -0.0035738 -0.00311901 -0.00284769 -0.00275319 -0.00283402 -0.00310653 -0.00355864 -0.00419691 -0.00501758 -0.0060102 -0.00714184 -0.00838076 -0.00966224 -0.010902 -0.0119874 -0.0128116 -0.0132336 -0.0131227 -0.0123721 -0.0109193 -0.00873777 -0.00587515 -0.00242867 0.00144147 0.00554751 0.00967951 0.0136344 0.0172285 0.0203218 0.0228347 0.024758 0.0261439 0.0270982 0.0277548 0.0282297 0.0286225 0.0289839 0.0293313 0.029634 0.0298442 0.0298694 0.0296077 0.0289632 0.0278666 0.02626 0.0241416 0.0214944 0.0183086 0.0146198 0.0104722 0.00595147 0.00117057 -0.00377378 -0.00879512 -0.0137815 -0.0186211 -0.0231813 -0.0273633 -0.0310672 -0.0342307 -0.0367962 -0.0386945 -0.0399108 -0.0404611 -0.040369 -0.0396673 -0.0384172 -0.0366866 -0.03458 -0.0321953 -0.0296259 -0.0269343 -0.0242001 -0.0215209 -0.018937 -0.0164848 -0.0141975 -0.0121201 -0.0102678 -0.00864068 -0.00723193 -0.00602669 -0.0050126 -0.00417527 -0.00348746 -0.00291272 -0.00245514 -0.0021026 -0.00183181 -0.00161032 -0.00144344 -0.00134019 -0.00125984 -0.00119716 -0.00115261 -0.0011404 -0.00112904 -0.00110248 -0.00109383 -0.00109231 -0.00109312 -0.00107808 
0 1.90001e-05 4.02635e-05 5.53027e-05 8.4514e-05 0.000105084 0.000130947 0.000161905 0.000204756 0.000261866 0.000327587 0.000430369 0.000564616 0.000739675 0.000960556 0.00125363 0.0016312 0.0020933 0.00265924 0.00335957 0.00421959 0.00524012 0.00645885 0.00789208 0.00957206 0.0114838 0.0136239 0.0159944 0.0185559 0.0213013 0.0241568 0.027091 0.0300449 0.0329498 0.0357262 0.0382628 0.0404895 0.0423285 0.0436989 0.0445239 0.0447549 0.0443443 0.0433003 0.0415925 0.039239 0.0362703 0.0327403 0.028758 0.02438 0.0196988 0.0147961 0.0097691 0.00472939 -0.000208448 -0.00496996 -0.00944482 -0.0135625 -0.0172355 -0.0203875 -0.0229857 -0.0249803 -0.0263402 -0.0270261 -0.0270035 -0.0262591 -0.0248448 -0.0228172 -0.0203127 -0.0174793 -0.0145084 -0.0116239 -0.00908138 -0.00710045 -0.00588712 -0.0055486 -0.00609566 -0.00746278 -0.00948894 -0.0119503 -0.0146188 -0.0172489 -0.0195943 -0.021471 -0.0227286 -0.0233082 -0.0232134 -0.0224888 -0.0212304 -0.0196077 -0.0177381 -0.0157343 -0.0137128 -0.0117805 -0.00997953 -0.0083703 -0.00698202 -0.00581704 -0.00485824 -0.00412756 -0.00360387 -0.00328151 -0.00316403 -0.00326099 -0.00355138 -0.00406037 -0.00478818 -0.00572118 -0.00683141 -0.00811263 -0.0094976 -0.0109195 -0.0123031 -0.0135363 -0.0144365 -0.0148721 -0.0147079 -0.0138153 -0.0121116 -0.00959439 -0.00630286 -0.00236657 0.00205589 0.00676215 0.0115057 0.0160483 0.0201869 0.0237429 0.0266165 0.0287994 0.0303361 0.0313515 0.0319842 0.0323634 0.0325869 0.0327315 0.0327983 0.0327957 0.0326675 0.0323369 0.0317095 0.0306961 0.0292111 0.0272389 0.0247524 0.0217576 0.0182717 0.0143014 0.0099187 0.00519796 0.000239145 -0.00485724 -0.0100052 -0.0151228 -0.0200808 -0.0247975 -0.0291463 -0.0330512 -0.0364413 -0.0392308 -0.0413766 -0.0428367 -0.0436254 -0.0437623 -0.0432756 -0.0422014 -0.0406155 -0.0385848 -0.0362253 -0.0336085 -0.0308149 -0.0279421 -0.0250578 -0.0222495 -0.019536 -0.0169792 -0.0146161 -0.0124753 -0.0105716 -0.0088974 -0.00745379 -0.00622839 -0.00520993 -0.00436049 -0.00366033 -0.00308501 -0.00263603 -0.00227711 -0.0019887 -0.00177295 -0.00160997 -0.0014984 -0.00140055 -0.00134146 -0.0013085 -0.00128279 -0.00126437 -0.00124407 -0.00125004 -0.00124411 -0.00124099 
0 2.405e-05 4.42163e-05 7.18541e-05 9.55039e-05 0.000127031 0.000161771 0.000203043 0.000261866 0.000331075 0.000434461 0.00057197 0.000749643 0.000983193 0.00127388 0.00165244 0.00212372 0.00270262 0.00341742 0.00427756 0.00532241 0.00656493 0.00802378 0.00972986 0.0116742 0.0138723 0.0162943 0.0189219 0.0217481 0.024701 0.0277546 0.0308287 0.0338683 0.0368001 0.0395085 0.0419357 0.043976 0.0455799 0.046686 0.0472326 0.0471775 0.046501 0.0451937 0.0432604 0.0407177 0.0376031 0.033999 0.0299556 0.0255761 0.0209118 0.0160437 0.0110655 0.00607959 0.00116043 -0.00359506 -0.00812103 -0.0123491 -0.0161752 -0.0195529 -0.0223942 -0.0246672 -0.0263134 -0.0272851 -0.0275347 -0.0270585 -0.0258397 -0.0239865 -0.0215804 -0.0187897 -0.0158435 -0.0129667 -0.0104287 -0.00849877 -0.00735085 -0.00711212 -0.00782075 -0.00935932 -0.0116006 -0.0143154 -0.0172382 -0.0200849 -0.0226299 -0.024635 -0.0259771 -0.0265502 -0.0263668 -0.0254984 -0.024092 -0.0222231 -0.0200779 -0.0178181 -0.0155592 -0.0133644 -0.0113551 -0.00953544 -0.0079458 -0.00660545 -0.00553425 -0.00469247 -0.00409686 -0.00372643 -0.00359551 -0.00367911 -0.00401907 -0.00459042 -0.0053835 -0.00639368 -0.00763649 -0.00902815 -0.0105643 -0.0121583 -0.0136786 -0.0149764 -0.015956 -0.0164051 -0.0161653 -0.0150983 -0.0131515 -0.0102816 -0.00657289 -0.00212057 0.0028647 0.00814919 0.0134769 0.0186103 0.0232611 0.0272693 0.0305019 0.0329098 0.0345709 0.0356001 0.0361307 0.0363389 0.0363221 0.0361386 0.0358588 0.0354444 0.0348877 0.0341219 0.0330651 0.0316244 0.0297538 0.0273923 0.0245648 0.0212599 0.0175177 0.0133653 0.0088545 0.00406587 -0.000919813 -0.00602402 -0.0111664 -0.0162549 -0.0212224 -0.0259408 -0.0303451 -0.0343469 -0.0378705 -0.0408426 -0.0432047 -0.0449125 -0.0459707 -0.0463822 -0.0461727 -0.045375 -0.0440132 -0.0421921 -0.0399533 -0.0373995 -0.0346112 -0.0316655 -0.028672 -0.0256782 -0.022765 -0.0199731 -0.0173462 -0.0149387 -0.012754 -0.0108101 -0.00911227 -0.00765094 -0.0064235 -0.00538796 -0.0045286 -0.0038268 -0.00325034 -0.00279605 -0.0024279 -0.00214532 -0.00193197 -0.00176363 -0.00164733 -0.00155497 -0.00149882 -0.0014608 -0.00143073 -0.00142019 -0.00140632 -0.00140683 -0.00140252 
0 2.15697e-05 5.30503e-05 7.23408e-05 0.000110296 0.000139234 0.000192571 0.000253485 0.000327587 0.000434461 0.000570314 0.000761345 0.000990061 0.00129456 0.00167584 0.00215394 0.00273867 0.00345766 0.00433954 0.00538784 0.00664717 0.00812596 0.00986419 0.0118341 0.0140618 0.0165287 0.0192023 0.0220751 0.0250849 0.0282164 0.031367 0.0344985 0.0375276 0.0403573 0.0429137 0.0451161 0.0468939 0.0481916 0.0489686 0.0491799 0.0488078 0.047813 0.0462554 0.0441012 0.0414143 0.038248 0.0346322 0.0306604 0.026372 0.0218455 0.0171399 0.0123378 0.00752305 0.00276839 -0.00188963 -0.00634445 -0.0105776 -0.0144863 -0.017985 -0.0210279 -0.0235367 -0.0254475 -0.0267077 -0.02726 -0.0270524 -0.026113 -0.0244806 -0.0222738 -0.019651 -0.016846 -0.0140835 -0.0116719 -0.00985196 -0.0088437 -0.00877764 -0.00968057 -0.0114642 -0.0139713 -0.0169304 -0.0200852 -0.0231536 -0.0258545 -0.0279701 -0.0293436 -0.0299056 -0.0296612 -0.0286508 -0.0270012 -0.0249116 -0.0225297 -0.0199946 -0.0174452 -0.0150143 -0.012756 -0.0107229 -0.00896144 -0.00747103 -0.00622381 -0.0052739 -0.00459959 -0.00417918 -0.00403176 -0.00414716 -0.00448346 -0.00508581 -0.00595016 -0.00706088 -0.00839948 -0.00994275 -0.0116074 -0.0133051 -0.0149344 -0.0163592 -0.0173572 -0.0177627 -0.017433 -0.0162121 -0.0140018 -0.0107899 -0.00663408 -0.00168726 0.0038524 0.00973579 0.0156512 0.0213168 0.026457 0.0308653 0.034397 0.0370123 0.0387501 0.0397439 0.0401264 0.0400802 0.0397152 0.03914 0.038392 0.0375053 0.036447 0.0351816 0.0336446 0.0317639 0.0294725 0.0267698 0.0236282 0.0200712 0.0161647 0.0119006 0.00737351 0.0026322 -0.00226697 -0.00725392 -0.012256 -0.0172221 -0.0220442 -0.0266724 -0.0309992 -0.0349862 -0.0385664 -0.0416431 -0.0442031 -0.0461611 -0.0475121 -0.048247 -0.0483774 -0.0479055 -0.0468753 -0.0453239 -0.0433239 -0.0409278 -0.038231 -0.0353297 -0.0322785 -0.0291987 -0.0261299 -0.0231566 -0.0203094 -0.0176477 -0.0152029 -0.0129821 -0.0110187 -0.00930228 -0.00783594 -0.00658134 -0.00554512 -0.00468067 -0.00397392 -0.00339896 -0.0029404 -0.00258819 -0.00229585 -0.00208934 -0.00192556 -0.00181403 -0.00172485 -0.00166064 -0.0016342 -0.00159927 -0.0015885 -0.00156711 -0.00156534 
0 2.42816e-05 5.42162e-05 8.60005e-05 0.000123284 0.00016786 0.000237502 0.000322303 0.000430369 0.00057197 0.000761345 0.00100667 0.00130188 0.00168939 0.00217241 0.00276716 0.00348569 0.00436323 0.00544259 0.00670691 0.00820433 0.00995475 0.011965 0.0142231 0.0167072 0.0194292 0.0223332 0.0253867 0.0285578 0.0317685 0.0349604 0.0380491 0.0409605 0.0436034 0.0458895 0.0477896 0.0492176 0.0501353 0.0505229 0.050356 0.0496228 0.0483304 0.0465181 0.044201 0.0414308 0.0382587 0.0347318 0.0308833 0.0267908 0.0225024 0.0180685 0.013558 0.00903526 0.00452217 8.1988e-05 -0.00422538 -0.00836965 -0.0122449 -0.0157982 -0.0189479 -0.0216345 -0.0237764 -0.0253012 -0.0261375 -0.0262413 -0.0255803 -0.0242446 -0.0223068 -0.0199351 -0.0173774 -0.0148521 -0.0126537 -0.011069 -0.0102894 -0.0104667 -0.0116504 -0.0137119 -0.0165053 -0.0197616 -0.0231758 -0.0264339 -0.029287 -0.0314871 -0.0328971 -0.0334171 -0.033061 -0.0319009 -0.0300967 -0.0277514 -0.0250735 -0.0222625 -0.0194527 -0.0167374 -0.014248 -0.0119904 -0.0100145 -0.00834615 -0.00699078 -0.0059288 -0.00516894 -0.00468415 -0.00449608 -0.00457438 -0.00494755 -0.00560727 -0.00653012 -0.00771288 -0.00916974 -0.0108036 -0.0125899 -0.0144236 -0.0161384 -0.0175706 -0.018591 -0.0189691 -0.0185326 -0.0171173 -0.0146469 -0.0110809 -0.00650328 -0.00103617 0.00506457 0.0115038 0.0179629 0.0241461 0.0297149 0.0344794 0.0382759 0.0410284 0.0428022 0.0437011 0.0438551 0.0434812 0.0427046 0.0416337 0.0403829 0.0389482 0.0373435 0.0355422 0.0334936 0.031142 0.0284656 0.0254312 0.0220523 0.0183278 0.0143209 0.0100474 0.00557071 0.000957067 -0.00375899 -0.0085289 -0.0132928 -0.0180017 -0.0226077 -0.0270229 -0.031202 -0.0350968 -0.0386448 -0.0417827 -0.0444801 -0.0466652 -0.0483053 -0.0493716 -0.0498623 -0.0497726 -0.0491069 -0.047927 -0.0462365 -0.0441039 -0.0416132 -0.0388285 -0.0358393 -0.0327232 -0.0295823 -0.0264782 -0.023453 -0.0205869 -0.0178974 -0.0154244 -0.0131966 -0.0112166 -0.00949255 -0.00799702 -0.00674743 -0.00570394 -0.00482852 -0.00411855 -0.00354862 -0.003099 -0.00273022 -0.00244842 -0.00224867 -0.00209342 -0.00197093 -0.0018842 -0.00183528 -0.00179913 -0.00176182 -0.00174029 -0.00173238 
0 3.48714e-05 8.06526e-05 0.000122375 0.000176308 0.000232001 0.000320167 0.000428556 0.000564616 0.000749643 0.000990061 0.00130188 0.00167579 0.00216223 0.00277059 0.00350911 0.00439158 0.00546676 0.00677014 0.00828193 0.0100399 0.012059 0.0143494 0.0168627 0.0195937 0.0225346 0.0256257 0.0288277 0.0320744 0.0353097 0.0384369 0.0413897 0.0440865 0.0464347 0.0483798 0.0498946 0.0509157 0.0514075 0.0513682 0.050799 0.0497154 0.0481274 0.0461124 0.0436713 0.0408713 0.0377665 0.0343736 0.0307396 0.0269111 0.0229403 0.0188549 0.014702 0.010521 0.00633308 0.00217196 -0.00188415 -0.00583114 -0.00958594 -0.013089 -0.0162846 -0.0190912 -0.0214103 -0.0231571 -0.0242521 -0.0246242 -0.0242683 -0.0232382 -0.0216216 -0.0195774 -0.0173457 -0.0151429 -0.0132797 -0.0120228 -0.0115847 -0.0121107 -0.0136368 -0.016046 -0.0191698 -0.0227175 -0.0263927 -0.0298815 -0.0328969 -0.0351935 -0.0366189 -0.0370974 -0.0366385 -0.0353063 -0.0332634 -0.0306898 -0.0277697 -0.0246792 -0.021567 -0.0185743 -0.0158051 -0.0133072 -0.0111404 -0.00931272 -0.00779787 -0.0066226 -0.00576988 -0.00521105 -0.00497458 -0.00504504 -0.00540686 -0.00609292 -0.00708478 -0.00835984 -0.00990089 -0.01164 -0.0135046 -0.015394 -0.0171692 -0.0186685 -0.0196788 -0.0199811 -0.0194078 -0.0177899 -0.0150271 -0.0110991 -0.00608793 -0.000155764 0.00644715 0.0134155 0.0203886 0.0270304 0.0329974 0.0380608 0.0420455 0.0448803 0.0466063 0.0473393 0.0472099 0.0464383 0.0451719 0.0435615 0.0417256 0.0397173 0.0375444 0.0352034 0.0326554 0.0298613 0.0268053 0.0234918 0.0199152 0.0160925 0.0120833 0.00787893 0.0035533 -0.000851734 -0.00531239 -0.0097884 -0.0142312 -0.0186229 -0.0229141 -0.0270659 -0.0310215 -0.0347578 -0.0382186 -0.0413415 -0.0441283 -0.0464946 -0.0483986 -0.0497951 -0.0506606 -0.0509682 -0.0507239 -0.0499488 -0.0486507 -0.0468637 -0.0446668 -0.0421179 -0.0392676 -0.0362247 -0.0330736 -0.0299016 -0.0267525 -0.0237091 -0.0208121 -0.0180985 -0.0156188 -0.0133783 -0.0113906 -0.00964561 -0.00817173 -0.00692383 -0.00586732 -0.00499385 -0.00429056 -0.00372507 -0.0032463 -0.0028806 -0.00260643 -0.00239846 -0.00222578 -0.00210163 -0.00203548 -0.0019779 -0.00193598 -0.00190854 -0.00191005 
0 4.06444e-05 9.39686e-05 0.000147768 0.00021793 0.000296427 0.000412519 0.000557682 0.000739675 0.000983193 0.00129456 0.00168939 0.00216223 0.00276637 0.00351792 0.00441894 0.00549129 0.00678641 0.00833678 0.0101147 0.0121433 0.0144371 0.0169909 0.0197473 0.0226914 0.025811 0.0290382 0.0323149 0.0355649 0.0387254 0.0416992 0.0444206 0.0468139 0.0487959 0.0503328 0.0514094 0.0519794 0.052015 0.0515377 0.0505774 0.0491679 0.0473383 0.0451635 0.0426541 0.0398724 0.0368734 0.033668 0.0302939 0.0267871 0.0231869 0.0194991 0.01575 0.0119621 0.00814615 0.00433413 0.00058876 -0.00309248 -0.00665255 -0.0100372 -0.0131936 -0.0160313 -0.0184461 -0.0203445 -0.0216472 -0.0222749 -0.0222134 -0.0215018 -0.0202214 -0.0185304 -0.0166717 -0.0148744 -0.0134417 -0.0126355 -0.0126521 -0.013621 -0.0155638 -0.0183662 -0.0218526 -0.0257411 -0.0297171 -0.0334543 -0.0366539 -0.0390664 -0.0405234 -0.0409532 -0.0403741 -0.0388761 -0.0366229 -0.0337953 -0.0305903 -0.0272117 -0.0238142 -0.0205439 -0.0175084 -0.0147631 -0.0123661 -0.0103416 -0.00866836 -0.00736398 -0.00640643 -0.00577265 -0.00548221 -0.005527 -0.00589514 -0.00660922 -0.00763915 -0.00896587 -0.0105673 -0.012376 -0.014315 -0.0162757 -0.0180915 -0.0195924 -0.0205653 -0.0207835 -0.0200526 -0.0182017 -0.015134 -0.0108476 -0.00542869 0.000945379 0.00800686 0.0154278 0.0228406 0.0298808 0.0361866 0.0414946 0.0456098 0.048447 0.050047 0.0505278 0.050041 0.0488177 0.0470297 0.0448484 0.0424157 0.0398099 0.0370607 0.0341876 0.0311664 0.0279752 0.0246076 0.021076 0.0173755 0.0135289 0.00958235 0.00552707 0.00141627 -0.0027192 -0.00686894 -0.0109996 -0.0150706 -0.0190809 -0.0230052 -0.0268296 -0.0305175 -0.0340523 -0.0373779 -0.0404459 -0.0432616 -0.0457561 -0.0478776 -0.0495738 -0.0508027 -0.0515196 -0.0517165 -0.0513894 -0.0505297 -0.0491552 -0.0473328 -0.0451011 -0.0424938 -0.0396098 -0.0365385 -0.0333697 -0.0301594 -0.0269957 -0.0239301 -0.0210124 -0.0182987 -0.0158056 -0.0135494 -0.0115409 -0.00981684 -0.00833608 -0.00706729 -0.00600533 -0.00514601 -0.00444629 -0.00385213 -0.00338907 -0.0030371 -0.00276599 -0.00254043 -0.00237599 -0.00227884 -0.00219669 -0.00213396 -0.00209491 -0.00209155 
0 5.00877e-05 0.000108758 0.000180453 0.000266179 0.000377652 0.000527894 0.000718788 0.000960556 0.00127388 0.00167584 0.00217241 0.00277059 0.00351792 0.00443658 0.00552626 0.00681844 0.008355 0.0101669 0.0122168 0.0145119 0.0170732 0.0198635 0.0228428 0.0259599 0.0292102 0.0325138 0.0357816 0.0389541 0.0419332 0.0446613 0.0470568 0.0490628 0.0506183 0.0516941 0.0523012 0.0524037 0.0519898 0.0511028 0.049798 0.0481107 0.0460997 0.0438026 0.0412679 0.0385419 0.0356792 0.0327073 0.0296255 0.0264771 0.0232715 0.020003 0.0166804 0.0133194 0.00990745 0.00649372 0.00309566 -0.000277672 -0.00358845 -0.00679645 -0.00982916 -0.012604 -0.0150197 -0.0169832 -0.0184156 -0.019252 -0.0194404 -0.0190338 -0.0180918 -0.01678 -0.0153382 -0.0140122 -0.0130733 -0.0127945 -0.0133396 -0.0148272 -0.0172733 -0.0205513 -0.0244703 -0.0287582 -0.0330749 -0.037081 -0.0404867 -0.0430269 -0.0445407 -0.0449513 -0.0442757 -0.0426164 -0.0401587 -0.0370658 -0.033571 -0.0298996 -0.0262149 -0.0226497 -0.0193495 -0.0163556 -0.0137189 -0.0114707 -0.00962012 -0.00815146 -0.00707266 -0.00636509 -0.00602995 -0.00603766 -0.00640454 -0.00711858 -0.00815673 -0.00950898 -0.0111627 -0.0130161 -0.0150084 -0.0170175 -0.0188541 -0.0203199 -0.0212273 -0.0213224 -0.0204072 -0.0183175 -0.0149632 -0.0103385 -0.00455052 0.00222845 0.00970269 0.0175174 0.0252993 0.0326557 0.0392004 0.0446583 0.0488202 0.0515813 0.0529971 0.053172 0.0522848 0.0505758 0.0482457 0.0454728 0.0424443 0.0392357 0.0359249 0.0325475 0.0291024 0.0255813 0.0219918 0.0183194 0.0145755 0.0107713 0.00693778 0.00309058 -0.000757736 -0.00457613 -0.00837436 -0.0121293 -0.0158083 -0.0194053 -0.0229375 -0.0263846 -0.0297639 -0.0330525 -0.0361992 -0.0391813 -0.0419795 -0.044558 -0.0468504 -0.0488044 -0.0503657 -0.0514818 -0.0521144 -0.0522539 -0.0518518 -0.0509314 -0.0495406 -0.0476924 -0.0454274 -0.042793 -0.0399031 -0.0368218 -0.0336241 -0.0304037 -0.0272131 -0.0241313 -0.021207 -0.0184765 -0.0159568 -0.0136814 -0.0116906 -0.00995819 -0.00845324 -0.00718426 -0.00614797 -0.00529455 -0.00457732 -0.00399849 -0.00355982 -0.00320745 -0.00291925 -0.00270585 -0.00256084 -0.00245199 -0.00235415 -0.00230056 -0.00228025 
0 6.6169e-05 0.000143771 0.000232501 0.00034968 0.000498122 0.000695023 0.000943696 0.00125363 0.00165244 0.00215394 0.00276716 0.00350911 0.00441894 0.00552626 0.00683655 0.00837074 0.0101782 0.0122545 0.0145797 0.0171398 0.0199391 0.0229567 0.0261029 0.0293596 0.0326711 0.0359665 0.0391553 0.0421355 0.0448647 0.0472495 0.0492535 0.0508177 0.0518913 0.0524825 0.0525931 0.0522237 0.0513826 0.0501254 0.0485216 0.0466288 0.0444717 0.0421214 0.0396001 0.0369735 0.0342998 0.0315717 0.0288126 0.0260198 0.0232066 0.0203634 0.0174845 0.0145573 0.0115933 0.00858054 0.0055599 0.00252616 -0.000504063 -0.00345948 -0.00629654 -0.00892372 -0.0112451 -0.0131858 -0.0146743 -0.0156179 -0.0160148 -0.0158562 -0.0152403 -0.0143265 -0.013335 -0.0125096 -0.0121293 -0.0124098 -0.0135413 -0.0156217 -0.0186367 -0.0224792 -0.0269245 -0.031664 -0.0363664 -0.0407009 -0.0443329 -0.047029 -0.048619 -0.0490451 -0.0483157 -0.0465314 -0.0438501 -0.0405307 -0.0367767 -0.0327978 -0.0287934 -0.0249522 -0.0213475 -0.0180808 -0.0152077 -0.0127445 -0.0106752 -0.00905198 -0.00784093 -0.00702663 -0.00660807 -0.00658734 -0.00690724 -0.00759722 -0.00864604 -0.0100239 -0.0116787 -0.0135831 -0.0155997 -0.0175943 -0.0194059 -0.0208441 -0.021636 -0.0215787 -0.0204712 -0.0181614 -0.0145412 -0.00961924 -0.00348311 0.00363694 0.0114593 0.0196149 0.0276822 0.03524 0.0419257 0.0474237 0.0515333 0.0541711 0.0553468 0.0551932 0.0538943 0.0516821 0.0487937 0.0454552 0.0418269 0.0380687 0.0342391 0.0304088 0.0266047 0.022831 0.0190836 0.0153708 0.0116505 0.00795019 0.00428793 0.000664188 -0.00288082 -0.00636139 -0.00978475 -0.0131436 -0.0164197 -0.0196197 -0.0227406 -0.0258247 -0.0288662 -0.0318799 -0.0348279 -0.0376747 -0.0404282 -0.043032 -0.0454356 -0.0475843 -0.04942 -0.0508848 -0.0519439 -0.0525295 -0.0526115 -0.0521695 -0.0512407 -0.049846 -0.0479688 -0.0456881 -0.0430534 -0.0401529 -0.037057 -0.0338417 -0.030603 -0.0274001 -0.0243154 -0.021381 -0.0186224 -0.016095 -0.0138362 -0.0118369 -0.0100814 -0.0085765 -0.00733251 -0.00629762 -0.00542235 -0.00471684 -0.00415763 -0.0037154 -0.00334835 -0.0030698 -0.0028786 -0.00272195 -0.00260391 -0.00252092 -0.00248625 
0 9.79542e-05 0.000201048 0.000326806 0.000477189 0.000676567 0.000926018 0.0012399 0.0016312 0.00212372 0.00273867 0.00348569 0.00439158 0.00549129 0.00681844 0.00837074 0.0101819 0.0122597 0.0146127 0.0172023 0.0200034 0.0230313 0.0262078 0.0294964 0.0328063 0.0361053 0.0393108 0.0423026 0.0450329 0.047403 0.0493998 0.0509561 0.0520354 0.0526171 0.0527027 0.0523264 0.0515094 0.0502765 0.0487016 0.0468638 0.0447963 0.0425764 0.0402015 0.0377639 0.035293 0.0328263 0.0303811 0.0279223 0.0254765 0.0230375 0.0206014 0.0181482 0.015666 0.0131141 0.0105301 0.00788553 0.00521612 0.0025305 -0.00013174 -0.00270462 -0.0051112 -0.00727527 -0.0091135 -0.0105487 -0.0115416 -0.0120354 -0.0120806 -0.01175 -0.011208 -0.0106582 -0.0103649 -0.0105386 -0.0114394 -0.0132065 -0.0159298 -0.0195873 -0.0240431 -0.0290469 -0.0343193 -0.0394748 -0.0441639 -0.0480911 -0.0510004 -0.0527203 -0.0531803 -0.052408 -0.0505334 -0.0477332 -0.0441878 -0.0401598 -0.0359026 -0.0316117 -0.0274311 -0.0235296 -0.0199816 -0.0168301 -0.0141219 -0.0118927 -0.0100836 -0.00871043 -0.00777371 -0.00724352 -0.00710269 -0.00739243 -0.00806262 -0.00909138 -0.0104642 -0.0121427 -0.014019 -0.0160194 -0.0180027 -0.0197632 -0.0210752 -0.021758 -0.0215672 -0.0202806 -0.0177435 -0.0138735 -0.00868236 -0.00228531 0.00512476 0.0132205 0.0215906 0.0298373 0.0375125 0.0442297 0.0496857 0.0536798 0.0561081 0.0570252 0.0565143 0.0547927 0.052089 0.0486721 0.0447725 0.0406272 0.0363601 0.0321006 0.0279038 0.0238123 0.0198483 0.0160229 0.0123061 0.0086861 0.00514975 0.00168712 -0.00165357 -0.00489567 -0.00801633 -0.011052 -0.0140109 -0.0168951 -0.0196978 -0.022463 -0.0251818 -0.0279121 -0.0306412 -0.0333466 -0.036043 -0.0386823 -0.0412693 -0.0437216 -0.0459962 -0.0480403 -0.0498052 -0.0512323 -0.0522646 -0.0528139 -0.0528723 -0.0524409 -0.051509 -0.0500999 -0.0482036 -0.0459206 -0.0432787 -0.0403645 -0.0372542 -0.0340198 -0.0307758 -0.0275719 -0.02448 -0.0215211 -0.0187628 -0.0162492 -0.0139841 -0.0119656 -0.0102112 -0.00873018 -0.00747762 -0.00642433 -0.00555058 -0.00486036 -0.00429604 -0.00383721 -0.0034842 -0.00322007 -0.00302829 -0.00286828 -0.00277142 -0.00271583 
0 0.000131518 0.000270788 0.000435427 0.000633518 0.000889763 0.00120573 0.00160181 0.0020933 0.00270262 0.00345766 0.00436323 0.00546676 0.00678641 0.008355 0.0101782 0.0122597 0.0146236 0.0172287 0.0200637 0.0230841 0.0262742 0.0295823 0.0329151 0.0362228 0.0394147 0.0424282 0.0451608 0.047533 0.0495097 0.0510471 0.0521212 0.0526938 0.0527628 0.0523631 0.0515341 0.0503191 0.0487706 0.0469506 0.0449321 0.0427758 0.0405155 0.038197 0.0358735 0.033586 0.0313579 0.0291696 0.0270153 0.0248957 0.0228062 0.0207523 0.0186974 0.016597 0.0144568 0.0122568 0.0100107 0.00773602 0.00541663 0.00310227 0.000832358 -0.00131484 -0.00324856 -0.00490652 -0.00621962 -0.00713659 -0.0076722 -0.00782909 -0.00772026 -0.00750652 -0.00737145 -0.00756939 -0.00833418 -0.0098542 -0.0122902 -0.0156998 -0.0200244 -0.0251316 -0.0307557 -0.0365692 -0.042218 -0.0473596 -0.0516369 -0.0548077 -0.0567129 -0.0572863 -0.0565455 -0.0546146 -0.0516599 -0.0479617 -0.0437419 -0.039207 -0.034601 -0.0301317 -0.0258987 -0.0220478 -0.0186424 -0.0156948 -0.0132122 -0.0112134 -0.00966863 -0.00856972 -0.00790247 -0.00768296 -0.0078697 -0.00846262 -0.00946574 -0.0108232 -0.0124513 -0.0143193 -0.0162715 -0.0181566 -0.0198328 -0.0210853 -0.0216378 -0.0212834 -0.0198062 -0.0170732 -0.0129977 -0.0075896 -0.00096931 0.00660686 0.0148421 0.0233397 0.0316545 0.0393362 0.0460117 0.051347 0.0551511 0.0573492 0.0579484 0.057081 0.0549543 0.0517876 0.0478793 0.043504 0.0388739 0.034205 0.0295973 0.025124 0.0208426 0.0167643 0.0128984 0.00924221 0.00574866 0.00241715 -0.000779122 -0.00382976 -0.0067257 -0.00949874 -0.0121596 -0.0147335 -0.0172427 -0.0196882 -0.0220966 -0.0245035 -0.0269219 -0.0293647 -0.0318282 -0.0343146 -0.0368248 -0.0393352 -0.0417954 -0.0441473 -0.0463396 -0.048335 -0.050081 -0.0514901 -0.052494 -0.0530405 -0.0531058 -0.052686 -0.051749 -0.0503225 -0.0484348 -0.0461388 -0.0435001 -0.0405605 -0.037432 -0.0341913 -0.0309349 -0.0277238 -0.0246009 -0.0216467 -0.0188915 -0.0163716 -0.0140915 -0.0120766 -0.0103413 -0.00885309 -0.00759306 -0.00654374 -0.0056911 -0.00499837 -0.00443064 -0.00398323 -0.00364349 -0.00338377 -0.00318899 -0.00305348 -0.00297498 
0 0.000166434 0.00034545 0.000558502 0.000814407 0.00114084 0.00154213 0.00204231 0.00265924 0.00341742 0.00433954 0.00544259 0.00677014 0.00833678 0.0101669 0.0122545 0.0146127 0.0172287 0.0200702 0.023113 0.0263056 0.0296245 0.0329784 0.0363079 0.0395154 0.0425205 0.0452628 0.0476412 0.0496156 0.0511272 0.0521791 0.0527405 0.0527925 0.0523683 0.0515144 0.0502859 0.048744 0.0469415 0.0449426 0.042817 0.0406136 0.0384001 0.0361725 0.0340114 0.0319259 0.0299174 0.0279831 0.0261017 0.0242874 0.0225268 0.0208214 0.0191228 0.0173932 0.0156163 0.0138097 0.011945 0.0100534 0.00811122 0.00614664 0.00421142 0.00239013 0.00075063 -0.000648551 -0.00174688 -0.00254353 -0.00302786 -0.00323508 -0.00327405 -0.00331219 -0.00353222 -0.00420956 -0.00552785 -0.00768705 -0.0107973 -0.0148911 -0.0198931 -0.0256575 -0.0319057 -0.0383305 -0.0445329 -0.0501507 -0.0548466 -0.0583627 -0.0605218 -0.0612519 -0.0605947 -0.0586921 -0.0557019 -0.0518557 -0.0474221 -0.0426543 -0.0377984 -0.0330338 -0.0285179 -0.0243789 -0.0206652 -0.0174242 -0.0147072 -0.0124657 -0.0107097 -0.00945038 -0.00863896 -0.00827335 -0.0083727 -0.00887858 -0.00978348 -0.0110559 -0.012625 -0.0144138 -0.016306 -0.0181401 -0.0197299 -0.0208356 -0.0212493 -0.02076 -0.0191348 -0.0162315 -0.0119868 -0.00643108 0.000298664 0.00796908 0.0162552 0.0247353 0.0329973 0.0405888 0.0471325 0.0522983 0.0558882 0.0578119 0.0581069 0.0568811 0.0543761 0.0508129 0.046506 0.0417321 0.0367403 0.0317314 0.026859 0.0221883 0.0177872 0.0136754 0.00985187 0.00629777 0.00298344 -0.000116781 -0.00304604 -0.0057783 -0.00835698 -0.010793 -0.0131114 -0.0153373 -0.0175006 -0.0195998 -0.0216898 -0.0237872 -0.025931 -0.0281102 -0.0303279 -0.0326149 -0.0349452 -0.0373482 -0.0397615 -0.0421345 -0.0444192 -0.0465806 -0.0485629 -0.0502914 -0.0516822 -0.052685 -0.0532398 -0.0533172 -0.0528987 -0.0519538 -0.0505321 -0.0486467 -0.046359 -0.0436981 -0.040747 -0.0376099 -0.0343564 -0.0310816 -0.0278395 -0.024715 -0.0217481 -0.0189837 -0.0164509 -0.0141739 -0.0121733 -0.010435 -0.00895551 -0.0077074 -0.00668073 -0.00583684 -0.00514756 -0.00459403 -0.00415544 -0.00382225 -0.00356614 -0.00338787 -0.00327207 
