0 0 0 0 0 0 0 0 0 0 0 0 0 0 0 0 0 0 0 0 0 0 0 0 0 0 0 0 0 0 0 0 0 0 0 0 0 0 0 0 0 0 0 0 0 0 0 0 0 0 0 0 0 0 0 0 0 0 0 0 0 0 0 0 0 0 0 0 0 0 0 0 0 0 0 0 0 0 0 0 0 0 0 0 0 0 0 0 0 0 0 0 0 0 0 0 0 0 0 0 0 0 0 0 0 0 0 0 0 0 0 0 0 0 0 0 0 0 0 0 0 0 0 0 0 0 0 0 0 0 0 0 0 0 0 0 0 0 0 0 0 0 0 0 0 0 0 0 0 0 0 0 0 0 0 0 0 0 0 0 0 0 0 0 0 0 0 0 0 0 0 0 0 0 0 0 0 0 0 0 0 0 0 0 0 0 0 0 0 0 0 0 0 0 0 0 0 0 0 0 
0 0.000165357 0.000337735 0.000514909 0.000714575 0.000935203 0.00119641 0.00149115 0.00182714 0.00221705 0.00265232 0.00313646 0.00364608 0.00418075 0.00470916 0.005206 0.00567003 0.0060749 0.00640747 0.00663273 0.00674741 0.00673086 0.00654498 0.0061976 0.00568451 0.00502796 0.00424065 0.00335347 0.00240529 0.00140453 0.000392295 -0.000607016 -0.00155489 -0.0024066 -0.00313898 -0.00374015 -0.00420774 -0.00453858 -0.00473995 -0.00483211 -0.00481453 -0.00468873 -0.00448473 -0.00421302 -0.00391108 -0.00359602 -0.00327688 -0.00295597 -0.00264442 -0.00234991 -0.00207241 -0.00182612 -0.00161389 -0.00143952 -0.00128525 -0.00115333 -0.00102219 -0.000903226 -0.000807896 -0.00073145 -0.000663897 -0.000609669 -0.000545014 -0.000483945 -0.000436268 -0.000389053 -0.000359314 -0.000333475 -0.000309416 -0.000288928 -0.000268147 -0.000238264 -0.00021722 -0.000196265 -0.000190664 -0.000172915 -0.000138679 -7.6333e-05 1.9211e-05 0.000164267 0.000343646 0.000547043 0.000752179 0.000967212 0.00116555 0.00131889 0.00139874 0.00137807 0.00123051 0.000950949 0.0005446 3.57098e-05 -0.00056329 -0.0012151 -0.00186996 -0.00251089 -0.00309669 -0.00357757 -0.00395095 -0.0041903 -0.00426329 -0.00419215 -0.00397298 -0.00360191 -0.00311907 -0.00254605 -0.00190303 -0.00123966 -0.000590261 1.78422e-05 0.000551489 0.000985039 0.00130008 0.00150331 0.00159413 0.00158664 0.00151186 0.00139041 0.00123108 0.00107238 0.000926715 0.000813675 0.000721606 0.000650795 0.000599782 0.000561643 0.000510758 0.000467123 0.000424937 0.000405654 0.00039882 0.000402078 0.000406867 0.000410222 0.000409136 0.000424522 0.000443861 0.000477317 0.000515595 0.000544124 0.000579174 0.000618189 0.00066421 0.000726554 0.000805929 0.00089131 0.000997193 0.00110774 0.00123135 0.00137811 0.00156413 0.00178288 0.00203701 0.0023096 0.00259651 0.00290309 0.00322771 0.00356361 0.0038816 0.00417812 0.00441935 0.00458225 0.00465602 0.00462201 0.00447335 0.00420853 0.003803 0.00325054 0.00255592 0.00174565 0.000846464 -0.000123678 -0.00110985 -0.00209876 -0.00305819 -0.00395746 -0.00477039 -0.00545086 -0.00598609 -0.00635221 -0.00656252 -0.00662258 -0.0065333 -0.0063326 -0.0060319 -0.00565136 -0.00520078 -0.00470973 -0.00420524 -0.00368687 -0.0031879 -0.00272561 -0.00231248 -0.00194301 -0.00162191 -0.00136146 -0.00114308 -0.000968152 -0.000837421 -0.00075587 
0 0.000337735 0.000685126 0.00105771 0.00145774 0.0019135 0.00243528 0.00302811 0.00370761 0.00447845 0.00535388 0.00629766 0.00730633 0.00835128 0.00938512 0.0103715 0.0112692 0.0120741 0.0127036 0.0131338 0.0133346 0.013267 0.0128927 0.012183 0.0111853 0.00989332 0.00835569 0.00662293 0.00475774 0.00280527 0.000824927 -0.00112045 -0.00296549 -0.00463372 -0.00608515 -0.00728377 -0.0082437 -0.00891079 -0.00933266 -0.00952235 -0.00948945 -0.00926961 -0.0088775 -0.00838098 -0.00780179 -0.00719073 -0.00656396 -0.00592918 -0.00531559 -0.00475292 -0.00420756 -0.00372758 -0.00329805 -0.00292108 -0.00260789 -0.00232133 -0.00206758 -0.00183536 -0.00164494 -0.00148514 -0.00134603 -0.00121546 -0.00109914 -0.000977724 -0.00088862 -0.000799739 -0.000717942 -0.000650289 -0.000592132 -0.000539935 -0.000508163 -0.000480858 -0.000449466 -0.000420709 -0.00037723 -0.000323738 -0.000255096 -0.000124457 9.06468e-05 0.000346044 0.000678333 0.00107426 0.0015077 0.00195032 0.00234901 0.00264261 0.00281073 0.00274975 0.00244994 0.00190525 0.0010911 5.23141e-05 -0.00112216 -0.00242013 -0.00374258 -0.00501149 -0.00616904 -0.00715399 -0.00789011 -0.00835438 -0.00851697 -0.00837561 -0.0079149 -0.00719199 -0.00623344 -0.00507488 -0.00380147 -0.00249187 -0.0011689 4.24528e-05 0.00109586 0.00197204 0.00261454 0.00300727 0.00319867 0.0031763 0.00301317 0.00275904 0.00246498 0.00217702 0.00190547 0.00164377 0.00145478 0.00131021 0.00119013 0.00109671 0.00102457 0.000953386 0.000898347 0.000854339 0.000823333 0.000817625 0.000816504 0.000811621 0.000827098 0.000862105 0.000901804 0.000973303 0.00103025 0.00109296 0.0011671 0.00125287 0.00135262 0.00147888 0.00161393 0.00178812 0.00198364 0.00222229 0.0024891 0.00279371 0.00317616 0.003605 0.00409983 0.00464222 0.0052126 0.00582237 0.00647158 0.00710596 0.00772438 0.00827211 0.00873369 0.00904894 0.00918413 0.00911875 0.00880645 0.00826538 0.00744682 0.00634466 0.00497326 0.00338698 0.00161169 -0.000286301 -0.00223966 -0.00418237 -0.00606192 -0.00782771 -0.00939835 -0.0107433 -0.0117849 -0.0125247 -0.0129568 -0.0130898 -0.0129447 -0.0125549 -0.0119868 -0.0112408 -0.0103635 -0.00940347 -0.00840713 -0.00739338 -0.00640185 -0.00548872 -0.00466163 -0.00392143 -0.00327889 -0.00275274 -0.00231924 -0.00196873 -0.00171277 -0.00155432 
0 0.000514909 0.00105771 0.0016238 0.00225369 0.00294524 0.00374745 0.00465054 0.005675 0.00684521 0.00813186 0.00953287 0.0109932 0.0125125 0.0140146 0.0154311 0.0167435 0.0178757 0.0187761 0.0193528 0.0195947 0.0194558 0.0188559 0.0178205 0.0163493 0.0144869 0.0122569 0.00973457 0.00702631 0.00417952 0.00131396 -0.00149557 -0.0041583 -0.00657544 -0.0086966 -0.0104859 -0.0119164 -0.0129524 -0.0136005 -0.0139153 -0.0139157 -0.0136283 -0.0131307 -0.0124462 -0.0116471 -0.0107718 -0.00985367 -0.00892368 -0.00803398 -0.00720854 -0.00643102 -0.00571574 -0.00506056 -0.00448449 -0.00397125 -0.00354178 -0.00315094 -0.00280964 -0.00252756 -0.00228066 -0.00204827 -0.00185388 -0.001656 -0.00148603 -0.00135613 -0.00121766 -0.00110079 -0.000984304 -0.000880952 -0.000812012 -0.000771828 -0.000726094 -0.000692893 -0.000637487 -0.000587973 -0.000492174 -0.000354111 -0.000153805 0.000124271 0.000525206 0.00103119 0.00162438 0.00224961 0.00290811 0.00351204 0.00396928 0.00419556 0.00411102 0.00365194 0.00280821 0.00159379 7.39271e-05 -0.0017064 -0.00364585 -0.00560481 -0.00751649 -0.00926146 -0.0107027 -0.0118142 -0.0125226 -0.0127457 -0.0125308 -0.0118705 -0.0107669 -0.00932602 -0.00761547 -0.00570522 -0.00373081 -0.0017889 3.30809e-05 0.00163846 0.00294945 0.0039039 0.00450825 0.0047693 0.00473449 0.00450299 0.00414774 0.00370433 0.00326379 0.00284941 0.00249917 0.00219395 0.00194481 0.00176464 0.00164823 0.00153364 0.00144732 0.00135831 0.00130139 0.00125541 0.00122965 0.00122132 0.00123167 0.00125235 0.0013153 0.00137815 0.00146329 0.00155747 0.00164453 0.00177065 0.00192128 0.00208481 0.00226999 0.00247951 0.00271238 0.00302421 0.00339023 0.00381695 0.00430597 0.00487789 0.00551573 0.00624009 0.007029 0.00787501 0.00877835 0.00971151 0.0106345 0.0114792 0.0122456 0.0128684 0.0132892 0.0134624 0.0133183 0.0128234 0.0119766 0.0107352 0.00910215 0.00710166 0.00479625 0.00223786 -0.000529331 -0.00336283 -0.00619992 -0.00893742 -0.0114858 -0.0137783 -0.0157134 -0.0172591 -0.0183573 -0.0190275 -0.0192717 -0.0190874 -0.0185675 -0.0177502 -0.01669 -0.015423 -0.0140338 -0.0125971 -0.011118 -0.00968037 -0.00833208 -0.00710831 -0.00600253 -0.00503549 -0.00424335 -0.00358431 -0.00305965 -0.0026708 -0.00243291 
0 0.000714575 0.00145774 0.00225369 0.00311491 0.0040802 0.00517097 0.00639831 0.00778298 0.00932518 0.0110249 0.0128242 0.0147092 0.0166421 0.018547 0.0203549 0.0219914 0.0234188 0.0245018 0.025182 0.0254152 0.0251483 0.0243329 0.0229481 0.0210623 0.0186693 0.0158255 0.0126123 0.00914681 0.00552856 0.00188185 -0.00168175 -0.00506011 -0.0081459 -0.0108804 -0.0132018 -0.0151011 -0.0164809 -0.0173933 -0.0178711 -0.0179462 -0.0176831 -0.017118 -0.0163386 -0.0153758 -0.0143003 -0.0131515 -0.0119685 -0.010819 -0.00975468 -0.00872566 -0.00778553 -0.00691639 -0.00613234 -0.00546019 -0.00486341 -0.00434167 -0.00387305 -0.00347487 -0.00312318 -0.00280531 -0.00251453 -0.00226097 -0.00202453 -0.00184689 -0.00167216 -0.00150533 -0.00135493 -0.00122445 -0.00111698 -0.001051 -0.000996832 -0.000935366 -0.000867176 -0.000771415 -0.000647448 -0.000485348 -0.000215663 0.000200399 0.000715633 0.00137841 0.0021655 0.00302396 0.00389619 0.00467952 0.00525489 0.00555774 0.00542217 0.00481169 0.00370985 0.00209297 4.12446e-05 -0.00230014 -0.00487101 -0.00749112 -0.0100129 -0.0123098 -0.0142541 -0.0157158 -0.0166364 -0.0169559 -0.0166713 -0.015766 -0.0143271 -0.0124209 -0.01013 -0.00760469 -0.00499731 -0.0023851 2.66811e-05 0.0021363 0.00388304 0.00517075 0.00597123 0.0063516 0.00631863 0.00600397 0.00550835 0.00492977 0.00435709 0.00381664 0.00330946 0.0029201 0.00261553 0.00237242 0.00219063 0.00205112 0.0019244 0.00182143 0.00173529 0.00166999 0.00164646 0.00164132 0.00164704 0.00169117 0.00177018 0.00185529 0.00198041 0.00209029 0.00221956 0.00238805 0.00259406 0.00282894 0.00310124 0.00338904 0.00374246 0.00416059 0.00467415 0.00525808 0.00591411 0.00668528 0.00752952 0.00848111 0.00952043 0.0106202 0.0117815 0.0129763 0.0141062 0.0151504 0.016042 0.016759 0.0172139 0.0173403 0.01708 0.0163549 0.0151891 0.0135303 0.0113919 0.00881403 0.00587672 0.00261249 -0.000890275 -0.00451096 -0.00812202 -0.0116065 -0.01486 -0.0177601 -0.0202538 -0.0222369 -0.0236991 -0.0246221 -0.0250012 -0.024854 -0.0242376 -0.0232539 -0.0219249 -0.0203364 -0.018585 -0.0167558 -0.0148828 -0.0130329 -0.0112942 -0.00968965 -0.00823062 -0.00694766 -0.00587784 -0.0049934 -0.00428173 -0.00375807 -0.00343096 
0 0.000935203 0.0019135 0.00294524 0.0040802 0.005328 0.00673793 0.00830515 0.0100437 0.0119649 0.0140289 0.0162121 0.0184563 0.0207451 0.0229841 0.0250795 0.0269764 0.0285738 0.0297742 0.0304685 0.0306319 0.0302152 0.0291488 0.0274613 0.0251778 0.0223373 0.0189739 0.0151856 0.0111154 0.00686395 0.0025872 -0.00159979 -0.00558264 -0.00924124 -0.0125041 -0.015314 -0.0176241 -0.0193751 -0.0205772 -0.0212883 -0.0215336 -0.0213505 -0.0208188 -0.0199896 -0.018943 -0.0177404 -0.0164296 -0.0150588 -0.013703 -0.0124047 -0.0111563 -0.00998765 -0.00890823 -0.00794063 -0.00707561 -0.00631766 -0.00562666 -0.0050099 -0.00448601 -0.00403017 -0.00361642 -0.00325529 -0.00290876 -0.00260179 -0.0023548 -0.00212153 -0.00192372 -0.00174373 -0.00158472 -0.00146033 -0.00136341 -0.00126196 -0.00117084 -0.00106919 -0.000970583 -0.000820009 -0.000597508 -0.000255245 0.000241116 0.000922702 0.00177294 0.00275329 0.00379085 0.00485211 0.0058126 0.00653221 0.00688012 0.0067152 0.0059443 0.00454347 0.00252993 1.39721e-06 -0.00293503 -0.00612648 -0.00936564 -0.0125073 -0.0153689 -0.0177579 -0.0195832 -0.0207364 -0.0211181 -0.0207589 -0.0196592 -0.0178555 -0.0154818 -0.0126534 -0.00950898 -0.00624754 -0.00302866 -1.95553e-05 0.0026279 0.00479733 0.00639502 0.00741445 0.0078825 0.0078648 0.00750063 0.0069093 0.00617794 0.00543538 0.00474054 0.00414554 0.00365583 0.00326977 0.00298292 0.00277503 0.00258159 0.00241684 0.00226858 0.00217122 0.00211115 0.00209029 0.00209303 0.00211201 0.00215075 0.00224092 0.0023508 0.00250198 0.00266989 0.00284236 0.00306509 0.00333044 0.00363295 0.0039863 0.00438958 0.0048525 0.00542008 0.00607453 0.00681624 0.00765412 0.00861521 0.00968033 0.0108596 0.0121192 0.0134338 0.0147951 0.0161622 0.0174626 0.018616 0.019593 0.0203211 0.0207231 0.0207362 0.0202775 0.0193 0.0178021 0.0157461 0.0131477 0.0100583 0.00656243 0.002717 -0.00141133 -0.00565965 -0.00991168 -0.0140191 -0.017849 -0.0212974 -0.0242524 -0.0266557 -0.0284483 -0.029631 -0.0301889 -0.0301122 -0.0294937 -0.0283969 -0.0268939 -0.0250605 -0.0230216 -0.0208811 -0.0186651 -0.016471 -0.0143721 -0.01242 -0.0106258 -0.0090333 -0.00769233 -0.00657129 -0.00567614 -0.0050109 -0.00459366 
0 0.00119641 0.00243528 0.00374745 0.00517097 0.00673793 0.00847726 0.0103905 0.0124811 0.0147434 0.0171515 0.0196548 0.0222133 0.0247816 0.0272659 0.0295699 0.0316076 0.0332937 0.0344988 0.0351378 0.0351728 0.0345581 0.033248 0.0312505 0.0286225 0.0253913 0.0216149 0.0173988 0.012882 0.00818299 0.00344149 -0.00121833 -0.00567419 -0.00979974 -0.0135093 -0.0167337 -0.0194349 -0.0215413 -0.0230769 -0.0240743 -0.0245484 -0.0245379 -0.0240997 -0.0233209 -0.0222743 -0.021036 -0.0196522 -0.0181679 -0.0166561 -0.0151749 -0.0137225 -0.0123513 -0.0110753 -0.00991142 -0.00886625 -0.00791772 -0.0070529 -0.0062743 -0.00560582 -0.00502761 -0.0045151 -0.00405325 -0.00362892 -0.00324193 -0.00292019 -0.00262791 -0.00236986 -0.00214407 -0.00195032 -0.00179014 -0.00166588 -0.00155089 -0.00143418 -0.00130909 -0.00116291 -0.000967659 -0.000690702 -0.000262566 0.000359686 0.00116452 0.00216531 0.00332611 0.00457451 0.00583081 0.00695669 0.007788 0.00818311 0.00795905 0.00702544 0.00534918 0.00293925 -9.53055e-05 -0.00358856 -0.00738572 -0.0112536 -0.0149857 -0.0183795 -0.0212379 -0.0234025 -0.0247628 -0.0252317 -0.0248031 -0.0234808 -0.0213479 -0.0185228 -0.0151447 -0.011405 -0.0075198 -0.00366508 -7.45321e-05 0.0030807 0.00567615 0.00760178 0.00882904 0.0094111 0.00941039 0.0089844 0.00827843 0.00742632 0.0065557 0.00573142 0.00499418 0.00440301 0.00394408 0.00359476 0.00333306 0.00311783 0.00293081 0.00277554 0.00266069 0.00258886 0.0025651 0.00256518 0.00258069 0.00263197 0.00273502 0.00287608 0.00307226 0.00328411 0.0035181 0.00379746 0.00412612 0.00450639 0.00495549 0.00547023 0.00607858 0.00679129 0.00761005 0.00852086 0.00953812 0.0106974 0.0119734 0.0133644 0.0148229 0.016306 0.0178016 0.0192759 0.0206435 0.0218436 0.0228054 0.0234645 0.0237317 0.0235422 0.0228378 0.0215695 0.0197439 0.0173213 0.0143137 0.0107805 0.00681591 0.00248468 -0.00211811 -0.00684888 -0.0115688 -0.0161368 -0.0204195 -0.0242885 -0.0276471 -0.0304003 -0.0325083 -0.033951 -0.0347083 -0.0347777 -0.0342211 -0.0331224 -0.0315373 -0.0295643 -0.0273328 -0.02495 -0.0224693 -0.0199787 -0.0175737 -0.0153053 -0.0132021 -0.0113196 -0.00970882 -0.00835967 -0.00727643 -0.00647436 -0.00596484 
0 0.00149115 0.00302811 0.00465054 0.00639831 0.00830515 0.0103905 0.0126517 0.0150814 0.0176669 0.0203771 0.0231573 0.0259611 0.0287268 0.0313589 0.0337559 0.0358254 0.0374785 0.0385946 0.0390989 0.0389543 0.0381211 0.036565 0.0342935 0.0313675 0.0278297 0.0237525 0.0192467 0.0144417 0.0094552 0.00440875 -0.000571994 -0.00536005 -0.0098264 -0.0138769 -0.0174448 -0.0204855 -0.0229415 -0.0248209 -0.0261406 -0.026905 -0.0271412 -0.0269005 -0.0262704 -0.0253243 -0.0241346 -0.0227485 -0.0212172 -0.0196165 -0.0180076 -0.0164091 -0.0148659 -0.0134045 -0.0120453 -0.0108042 -0.00966666 -0.00862834 -0.00769177 -0.00687273 -0.00615374 -0.00551285 -0.00493423 -0.00441303 -0.00394911 -0.00355465 -0.00320184 -0.00288134 -0.00259741 -0.00235489 -0.00216018 -0.0020089 -0.00187376 -0.00173117 -0.00157314 -0.001378 -0.0011219 -0.000767094 -0.000252668 0.00047096 0.00140899 0.00257043 0.00391071 0.00535284 0.00679344 0.00807745 0.00901678 0.00943539 0.00914399 0.00803552 0.00607172 0.00327606 -0.00023607 -0.00428415 -0.00867265 -0.0131478 -0.0174622 -0.0213794 -0.0246787 -0.0271771 -0.0287438 -0.0292894 -0.0287917 -0.0272664 -0.0248021 -0.021532 -0.0176256 -0.0133024 -0.00880211 -0.00434565 -0.000181945 0.00348852 0.00651017 0.00876247 0.0102078 0.0108966 0.0109186 0.0104441 0.00964244 0.0086708 0.00766563 0.00671322 0.00586103 0.00516049 0.00460876 0.00419261 0.00388659 0.0036502 0.00345075 0.00328828 0.00316241 0.00307947 0.00304296 0.00304032 0.00306693 0.00314185 0.00327097 0.00344859 0.0036784 0.0039362 0.00423229 0.00458749 0.00500842 0.00549473 0.00605617 0.00669612 0.00744508 0.00831514 0.0093086 0.0104071 0.0116194 0.0129651 0.0144267 0.0159854 0.0175908 0.019192 0.0207646 0.0222687 0.0236234 0.0247642 0.0256152 0.0261067 0.0261532 0.025693 0.0246818 0.0230926 0.0209301 0.0181694 0.0148177 0.0109348 0.00661426 0.00193499 -0.00299419 -0.00803876 -0.0130605 -0.0179315 -0.0225252 -0.0267127 -0.0303874 -0.0334443 -0.035835 -0.0375301 -0.038506 -0.0387614 -0.0383449 -0.0373311 -0.0357755 -0.0337741 -0.0314542 -0.0289242 -0.0262585 -0.02355 -0.0209 -0.0183699 -0.0159996 -0.0138537 -0.0119884 -0.0104137 -0.00914271 -0.00819619 -0.00758599 
0 0.00182714 0.00370761 0.005675 0.00778298 0.0100437 0.0124811 0.0150814 0.0178288 0.0207123 0.0236746 0.0266799 0.0296507 0.0325241 0.0352008 0.0375726 0.0395671 0.0410717 0.0420153 0.042314 0.0419436 0.0408737 0.039069 0.0365649 0.0333975 0.0296494 0.0253898 0.0207286 0.0157829 0.0106563 0.0054609 0.000316026 -0.00465336 -0.00932655 -0.0136105 -0.0174525 -0.0207792 -0.023566 -0.025777 -0.0274308 -0.028529 -0.029078 -0.0291404 -0.0287603 -0.0280187 -0.0269657 -0.0256548 -0.0241525 -0.02254 -0.0208664 -0.0191832 -0.0175048 -0.0158802 -0.0143451 -0.0129113 -0.0116004 -0.0103911 -0.00929492 -0.00831176 -0.00743095 -0.00663354 -0.00592456 -0.00528496 -0.00473821 -0.00426381 -0.0038432 -0.00346294 -0.00311985 -0.00282297 -0.00258964 -0.00239845 -0.00222129 -0.0020421 -0.00183409 -0.00159247 -0.00127692 -0.000840423 -0.000235604 0.000583073 0.00167186 0.00299951 0.00452003 0.00614509 0.00775756 0.00917894 0.0102105 0.0106266 0.0102625 0.00897532 0.00671916 0.0035431 -0.000426793 -0.00502509 -0.00998525 -0.0150409 -0.0199229 -0.0243536 -0.0280709 -0.0308986 -0.0326694 -0.03328 -0.0327097 -0.0309954 -0.0282014 -0.0244996 -0.0200898 -0.0151983 -0.010091 -0.00505834 -0.000331238 0.00384875 0.00728742 0.00986458 0.0115455 0.0123494 0.0124112 0.0118974 0.0110085 0.00991562 0.00877177 0.00768409 0.00673491 0.00592863 0.00529006 0.00481408 0.00446587 0.00419356 0.00397941 0.00379982 0.00366808 0.00358266 0.00353939 0.00354321 0.00359388 0.00369448 0.00385723 0.00407652 0.00433583 0.00464782 0.00500647 0.00544992 0.00598288 0.00660033 0.00729695 0.00808861 0.00898251 0.0100228 0.0111903 0.0124794 0.0138862 0.0153955 0.0170073 0.0186808 0.0203725 0.022036 0.0236273 0.0250849 0.0263451 0.027313 0.0279492 0.028171 0.0279193 0.0271399 0.0257837 0.0238596 0.0213569 0.0182852 0.0146539 0.010522 0.00596993 0.00109131 -0.00401651 -0.00921477 -0.0143863 -0.0194119 -0.0241732 -0.0285672 -0.0324555 -0.0357593 -0.0383929 -0.0403302 -0.0415422 -0.0420191 -0.041816 -0.0409688 -0.0395523 -0.0376348 -0.0353363 -0.0327635 -0.0300011 -0.0271612 -0.0243333 -0.0216024 -0.0190159 -0.0166447 -0.0145521 -0.0127642 -0.0113131 -0.0102194 -0.00950358 
0 0.00221705 0.00447845 0.00684521 0.00932518 0.0119649 0.0147434 0.0176669 0.0207123 0.0238378 0.0270155 0.0301585 0.0332251 0.0361051 0.0387158 0.0409689 0.0427633 0.0440482 0.0447241 0.0447677 0.0441305 0.0427913 0.0407627 0.0380469 0.0347282 0.0308609 0.0265397 0.0218568 0.0168988 0.0117827 0.00659129 0.00143975 -0.00355806 -0.00831065 -0.0127366 -0.0167702 -0.020353 -0.0234218 -0.0259619 -0.0279541 -0.0294061 -0.0303393 -0.0307567 -0.0307207 -0.0302625 -0.0294358 -0.0282973 -0.0269203 -0.0253734 -0.0237213 -0.0219971 -0.020241 -0.0185001 -0.0168097 -0.0152242 -0.0137286 -0.0123463 -0.0110747 -0.00991093 -0.00885813 -0.0079145 -0.00704899 -0.0062955 -0.00563238 -0.00505171 -0.00455302 -0.00409628 -0.00369623 -0.00335473 -0.00306128 -0.00281133 -0.00259101 -0.00235371 -0.00210391 -0.00179556 -0.00142419 -0.000921593 -0.000213908 0.000756344 0.0019753 0.00345596 0.00514595 0.00695792 0.00871885 0.0102572 0.0113494 0.0117722 0.0113115 0.0098411 0.00730621 0.00374818 -0.000703338 -0.00580668 -0.0113172 -0.0169496 -0.0223642 -0.0272716 -0.0314259 -0.0345562 -0.0365065 -0.0371998 -0.0365625 -0.0346332 -0.0315471 -0.0274353 -0.0225203 -0.0170884 -0.0114115 -0.00577943 -0.000507081 0.00415472 0.0080066 0.0109153 0.0128158 0.0137666 0.0138851 0.0133504 0.0123701 0.0111711 0.0099038 0.00869266 0.00759672 0.00670004 0.00600248 0.00547079 0.00506475 0.00477058 0.00452643 0.00434524 0.00420215 0.00411818 0.0040926 0.00411231 0.00417647 0.00430889 0.00449472 0.00475745 0.00507813 0.00544867 0.00590449 0.0064417 0.00708698 0.00783996 0.00868717 0.00963401 0.0107128 0.011913 0.0132615 0.0147266 0.0162963 0.0179525 0.0196697 0.0214073 0.0231233 0.0247678 0.026289 0.0276224 0.0286768 0.0294007 0.029716 0.0295984 0.0289961 0.0278554 0.0261608 0.0238978 0.0210801 0.0177323 0.013882 0.00959305 0.00493451 -1.62311e-05 -0.00514622 -0.0103695 -0.015549 -0.0205921 -0.0254031 -0.0298601 -0.0338799 -0.0373364 -0.0401818 -0.042349 -0.0438035 -0.0445588 -0.0446102 -0.0440249 -0.0428287 -0.0411034 -0.0389367 -0.0364151 -0.0336637 -0.0307645 -0.0278399 -0.0249636 -0.0222161 -0.0196714 -0.0173838 -0.0154205 -0.0138031 -0.0125818 -0.0117673 
0 0.00265232 0.00535388 0.00813186 0.0110249 0.0140289 0.0171515 0.0203771 0.0236746 0.0270155 0.0303211 0.0335515 0.0366063 0.0394024 0.0418549 0.0438715 0.0454058 0.0463624 0.0467311 0.0464564 0.0455181 0.0439165 0.041661 0.0388148 0.0354034 0.0315262 0.0272468 0.0226455 0.0178028 0.0128176 0.00776947 0.00275203 -0.00215174 -0.00687118 -0.0113332 -0.0154932 -0.0192384 -0.0225668 -0.0253974 -0.0277311 -0.0295693 -0.0308915 -0.0317272 -0.0320652 -0.0319655 -0.0314526 -0.0305815 -0.0294232 -0.0280405 -0.0264628 -0.0247859 -0.0230093 -0.0212102 -0.0194351 -0.0177001 -0.0160475 -0.0144758 -0.0130199 -0.0116781 -0.0104645 -0.0093612 -0.00836678 -0.00745764 -0.00666771 -0.00595834 -0.00534974 -0.00481589 -0.00434833 -0.00393791 -0.00359608 -0.00328383 -0.00298762 -0.00270088 -0.00239046 -0.00203816 -0.00159105 -0.000974155 -0.000152603 0.000913445 0.00230908 0.00395943 0.00580372 0.00774987 0.00964644 0.0112883 0.0124517 0.012842 0.0122952 0.0106287 0.0077892 0.00385707 -0.00102027 -0.00665681 -0.0127 -0.0188577 -0.0247959 -0.0301801 -0.0346982 -0.0381374 -0.0402825 -0.0410243 -0.0403183 -0.038232 -0.034831 -0.0303199 -0.0249464 -0.0189776 -0.0127183 -0.00655537 -0.000742016 0.00441599 0.00867043 0.0118904 0.0140356 0.0151112 0.0153026 0.0147705 0.013753 0.0124529 0.011042 0.00968276 0.00850595 0.00749476 0.00670159 0.0061184 0.00568853 0.00535991 0.00510644 0.00490258 0.0047711 0.00470735 0.00468981 0.00473139 0.00482551 0.00497328 0.00519324 0.00551102 0.00589202 0.0063772 0.00693788 0.00759723 0.00836418 0.00924833 0.010239 0.0113681 0.012615 0.01401 0.0155176 0.0171348 0.0188436 0.0205883 0.0223749 0.024119 0.0257818 0.0273206 0.0286714 0.0297613 0.0305475 0.0309263 0.0308873 0.0303711 0.029372 0.0278598 0.0258021 0.0232363 0.0201345 0.0165684 0.0125739 0.00821776 0.00355588 -0.00132957 -0.00636964 -0.0114739 -0.0165489 -0.0214979 -0.026227 -0.0306631 -0.0346828 -0.0382394 -0.0412291 -0.0436051 -0.0453209 -0.0463591 -0.0467386 -0.0464508 -0.0455679 -0.0441191 -0.0421811 -0.0398323 -0.0371776 -0.034332 -0.0313802 -0.0284388 -0.025594 -0.0229274 -0.0205043 -0.0183923 -0.0166503 -0.0153149 -0.0144207 
0 0.00313646 0.00629766 0.00953287 0.0128242 0.0162121 0.0196548 0.0231573 0.0266799 0.0301585 0.0335515 0.0367572 0.0397261 0.0423373 0.0445348 0.0462593 0.0474368 0.0480438 0.0480349 0.0474236 0.0461733 0.0443047 0.0418837 0.0389363 0.0355248 0.0317019 0.0275488 0.0231259 0.0184915 0.0137504 0.00895448 0.00416836 -0.000541104 -0.00513301 -0.00954426 -0.0137101 -0.0175596 -0.0210523 -0.0241482 -0.0267981 -0.0289945 -0.0307275 -0.0319685 -0.0327368 -0.0330523 -0.0329359 -0.0324265 -0.0315776 -0.0304213 -0.0290165 -0.0274349 -0.0257227 -0.0239392 -0.0221186 -0.0203119 -0.0185237 -0.0168037 -0.0151848 -0.0136657 -0.012274 -0.011013 -0.00984139 -0.00879782 -0.00786558 -0.00702621 -0.00630811 -0.00566593 -0.00510452 -0.00461918 -0.00419032 -0.00380801 -0.00346488 -0.00311167 -0.00273462 -0.00228151 -0.00174081 -0.00102966 -8.37236e-05 0.00114341 0.00265269 0.00443712 0.00644348 0.00856682 0.0105893 0.0123137 0.0134896 0.0138446 0.0131671 0.0113056 0.00819459 0.0038986 -0.00143615 -0.00753935 -0.014099 -0.0207925 -0.0272155 -0.0330239 -0.0379333 -0.0416335 -0.0439378 -0.0447614 -0.044006 -0.0417237 -0.0380592 -0.033167 -0.0273184 -0.0208458 -0.0140646 -0.00733999 -0.00102045 0.00459117 0.00924856 0.0128078 0.0151892 0.0164373 0.0167043 0.0161729 0.015083 0.0137031 0.0122059 0.0107474 0.00941998 0.00830843 0.00744153 0.00678572 0.00629204 0.00595103 0.00569358 0.00551486 0.00538616 0.00532388 0.0053253 0.00538479 0.00550665 0.00570746 0.00597884 0.00636482 0.00683803 0.00741005 0.00810322 0.00888744 0.0097937 0.0108331 0.0119916 0.0132934 0.0147393 0.0162908 0.0179508 0.019682 0.0214612 0.0232526 0.0250291 0.0267199 0.028268 0.0296211 0.0307118 0.0314843 0.0318921 0.0318926 0.0314286 0.0304921 0.0290736 0.0271539 0.0247578 0.0218972 0.0185807 0.0148689 0.010813 0.00647672 0.00190685 -0.00282761 -0.00765548 -0.0125445 -0.0173962 -0.0221405 -0.0267051 -0.0309952 -0.0349578 -0.0385096 -0.0416019 -0.0441506 -0.0461038 -0.0474619 -0.048169 -0.0482507 -0.0477201 -0.0466291 -0.0450152 -0.0429292 -0.0405016 -0.0377961 -0.0349337 -0.0320085 -0.0291455 -0.0264305 -0.0239171 -0.0217169 -0.0198723 -0.0184585 -0.0174969 
0 0.00364608 0.00730633 0.0109932 0.0147092 0.0184563 0.0222133 0.0259611 0.0296507 0.0332251 0.0366063 0.0397261 0.042503 0.0448512 0.0467249 0.0480748 0.0488675 0.0490557 0.0486595 0.0476854 0.046131 0.0440429 0.0414874 0.0385207 0.0351578 0.0314689 0.0275176 0.0233519 0.0190191 0.0145991 0.0101259 0.00564312 0.00119214 -0.00318997 -0.0074473 -0.0115405 -0.0153865 -0.0189978 -0.0222933 -0.0252224 -0.0277602 -0.0298695 -0.0315393 -0.0327459 -0.0335158 -0.0338421 -0.0337457 -0.0332664 -0.0324313 -0.0312719 -0.0298952 -0.0283179 -0.0266083 -0.0248112 -0.0229617 -0.0211067 -0.0192834 -0.0175359 -0.0158618 -0.0142979 -0.0128495 -0.0115164 -0.0103041 -0.00923019 -0.0082541 -0.00740444 -0.0066489 -0.00598358 -0.00539831 -0.00489441 -0.00443221 -0.0039949 -0.0035606 -0.00309032 -0.00254869 -0.00189835 -0.00106173 -2.30815e-06 0.00132627 0.00300168 0.0049564 0.00711545 0.00936513 0.0115005 0.0132889 0.0144789 0.0147599 0.0139512 0.0118726 0.00846709 0.00381868 -0.00191365 -0.00849572 -0.0155422 -0.0227144 -0.0296091 -0.0358467 -0.0410887 -0.0450638 -0.0475399 -0.0484034 -0.0475826 -0.0451483 -0.0411988 -0.0359456 -0.0296769 -0.0227176 -0.0154139 -0.00819611 -0.00137757 0.00470082 0.00975985 0.0136432 0.016283 0.0176888 0.0180491 0.0175399 0.0164292 0.0149682 0.0133515 0.0117743 0.010377 0.00916725 0.00820237 0.00747606 0.0069409 0.00656738 0.00630769 0.00612881 0.00602902 0.00599664 0.00601621 0.00611153 0.0062861 0.00654521 0.00689367 0.00736151 0.00791607 0.00860406 0.00941569 0.0103515 0.0114234 0.012638 0.0139721 0.0154508 0.0170427 0.0187354 0.0204949 0.0223001 0.0241139 0.0258733 0.0275699 0.0291115 0.0304518 0.0315396 0.0322983 0.0326752 0.0326672 0.0322197 0.0313254 0.0299527 0.028115 0.0258166 0.023087 0.0199882 0.01651 0.0127372 0.00871212 0.00448233 8.4906e-05 -0.00441168 -0.00896083 -0.0135365 -0.0180837 -0.0225436 -0.0268544 -0.0309534 -0.0347696 -0.0382772 -0.0414005 -0.0440756 -0.0462488 -0.0478947 -0.0489631 -0.049417 -0.0492953 -0.0486114 -0.0473879 -0.0456667 -0.0435481 -0.0411074 -0.0384258 -0.0356242 -0.0328287 -0.0301331 -0.0276082 -0.0253652 -0.0234821 -0.0220214 -0.0210262 
0 0.00418075 0.00835128 0.0125125 0.0166421 0.0207451 0.0247816 0.0287268 0.0325241 0.0361051 0.0394024 0.0423373 0.0448512 0.0468662 0.0483592 0.0493052 0.0496723 0.049444 0.0486513 0.0473373 0.045514 0.0432427 0.0406052 0.0376461 0.0343815 0.030872 0.0271845 0.0233485 0.0193861 0.0153504 0.0112595 0.0071339 0.00300738 -0.00109559 -0.0051349 -0.0090778 -0.0128739 -0.0165254 -0.0199594 -0.0231002 -0.0259171 -0.0283767 -0.0304487 -0.0320987 -0.0333272 -0.0341126 -0.0344665 -0.0344183 -0.0339752 -0.0331651 -0.0320674 -0.0307088 -0.029146 -0.0274322 -0.0256202 -0.023756 -0.0218845 -0.0200452 -0.0182365 -0.0165087 -0.0148911 -0.0133868 -0.0120195 -0.0107898 -0.00966439 -0.00866943 -0.00778054 -0.00699221 -0.00629633 -0.00567923 -0.0051131 -0.00458075 -0.00405056 -0.00347996 -0.00283072 -0.00206814 -0.00111091 9.26292e-05 0.00158039 0.00339428 0.00548695 0.00779009 0.0101711 0.0123969 0.0142277 0.0153976 0.0156016 0.0146393 0.0123411 0.00864796 0.00364459 -0.00249693 -0.00950636 -0.0170085 -0.0246401 -0.0319709 -0.0386025 -0.0441859 -0.0484063 -0.0510316 -0.0519443 -0.051064 -0.0484564 -0.044254 -0.0386643 -0.0319894 -0.024579 -0.0167974 -0.00907423 -0.00177429 0.00474465 0.0101928 0.0144033 0.0172946 0.0188885 0.0193593 0.0188933 0.0177602 0.0162405 0.0145451 0.0128671 0.0113477 0.0100418 0.00900479 0.00821654 0.00763204 0.00723353 0.00697299 0.00681375 0.00673836 0.00673454 0.00679564 0.00693798 0.00717376 0.00750929 0.00794814 0.00851421 0.00918177 0.00998618 0.0109355 0.0120192 0.0132551 0.0146431 0.0161492 0.0177811 0.0195008 0.0212776 0.0230909 0.0249138 0.0266948 0.0283663 0.0298929 0.0311976 0.03224 0.0329811 0.0333471 0.0332918 0.0328208 0.0319104 0.0305595 0.0287638 0.026543 0.0239127 0.0209277 0.0176459 0.0140814 0.0103131 0.00638631 0.00232915 -0.00183655 -0.0060479 -0.0102639 -0.014474 -0.0186449 -0.0227452 -0.0267388 -0.030572 -0.0342004 -0.0375989 -0.0407094 -0.0434649 -0.0458183 -0.0477434 -0.0491566 -0.050011 -0.0503162 -0.0500813 -0.0493017 -0.048003 -0.0462814 -0.0441857 -0.0417931 -0.0392103 -0.0365745 -0.0339856 -0.0315229 -0.0293196 -0.0274577 -0.0260117 -0.0250235 
0 0.00470916 0.00938512 0.0140146 0.018547 0.0229841 0.0272659 0.0313589 0.0352008 0.0387158 0.0418549 0.0445348 0.0467249 0.0483592 0.0494342 0.0499483 0.0498727 0.0492317 0.048065 0.0464502 0.0444092 0.042007 0.0393345 0.0364225 0.0333001 0.0300168 0.0266388 0.0231721 0.0196114 0.0159859 0.0123059 0.00857687 0.00482127 0.00104734 -0.00272551 -0.00646549 -0.0101517 -0.0137651 -0.0172523 -0.0205273 -0.0235601 -0.0263241 -0.0287593 -0.0308217 -0.032482 -0.033718 -0.0345361 -0.0349551 -0.0349589 -0.0345679 -0.0338263 -0.0327725 -0.031447 -0.0299022 -0.0282018 -0.0263856 -0.0245136 -0.022625 -0.0207319 -0.0188899 -0.0171437 -0.0154908 -0.0139691 -0.0125681 -0.0112783 -0.0101257 -0.00909526 -0.00817416 -0.00735153 -0.00660011 -0.0059032 -0.00524952 -0.00460662 -0.00393455 -0.00317495 -0.00228262 -0.00118106 0.000179607 0.00183857 0.00380731 0.0060489 0.00847712 0.0109517 0.0132372 0.015092 0.0162272 0.0163463 0.0152223 0.0126981 0.00871776 0.00337003 -0.00316628 -0.010589 -0.0185278 -0.0265869 -0.0343202 -0.0413108 -0.0472016 -0.0516469 -0.0544132 -0.0553698 -0.0544389 -0.0516765 -0.0472397 -0.0413333 -0.0342727 -0.0264269 -0.0181877 -0.00998557 -0.00223002 0.00471307 0.0105389 0.0150672 0.0182075 0.0199996 0.0206006 0.0202152 0.0190992 0.017537 0.0157565 0.0139742 0.0123371 0.010938 0.0098231 0.00897863 0.00836202 0.00795003 0.00768576 0.00754258 0.00749567 0.00753576 0.00765868 0.00787049 0.00818497 0.00860772 0.00914343 0.00981643 0.0106193 0.0115698 0.0126836 0.0139278 0.0153187 0.0168508 0.0184946 0.0202419 0.0220541 0.0238736 0.0256884 0.0274619 0.0291352 0.0306414 0.0319169 0.0329017 0.0335636 0.0338823 0.0338007 0.0332867 0.0323439 0.030977 0.0291822 0.0269897 0.0244289 0.0215313 0.0183679 0.0149773 0.011395 0.00768963 0.00391638 8.81652e-05 -0.00378809 -0.00766635 -0.0115108 -0.0153226 -0.0190819 -0.0227827 -0.0264162 -0.0299407 -0.0333434 -0.0365906 -0.0396433 -0.0424294 -0.0449132 -0.047072 -0.0487988 -0.0500441 -0.0507829 -0.0510203 -0.0507249 -0.0499066 -0.0486526 -0.0469885 -0.0449849 -0.0427271 -0.0403537 -0.0379673 -0.0356581 -0.0335745 -0.0318023 -0.0304247 -0.0294818 
0 0.005206 0.0103715 0.0154311 0.0203549 0.0250795 0.0295699 0.0337559 0.0375726 0.0409689 0.0438715 0.0462593 0.0480748 0.0493052 0.0499483 0.0500096 0.049513 0.0484721 0.0469905 0.0451226 0.0429188 0.0404444 0.037771 0.0349585 0.032011 0.0289933 0.025945 0.0228533 0.0196987 0.01649 0.0132325 0.00992775 0.0065633 0.0031405 -0.000330694 -0.00383675 -0.00733434 -0.01084 -0.0142818 -0.0176068 -0.020785 -0.0237698 -0.0265122 -0.0289301 -0.0309936 -0.0326756 -0.0339676 -0.034863 -0.0353439 -0.0353916 -0.0350706 -0.0343918 -0.0333906 -0.032116 -0.0306 -0.0289143 -0.0271107 -0.0252371 -0.023325 -0.0214268 -0.0195752 -0.0178108 -0.0161308 -0.0145682 -0.0131178 -0.0118002 -0.0106196 -0.00955257 -0.00857229 -0.00767684 -0.00683567 -0.00603434 -0.00526467 -0.00445823 -0.00356648 -0.00251966 -0.00125089 0.000273749 0.00207899 0.00421847 0.00661086 0.00916047 0.0117182 0.0140619 0.0159075 0.0169813 0.0169757 0.0156823 0.0129295 0.0086718 0.00299529 -0.00389937 -0.0117349 -0.0200889 -0.0285419 -0.0366517 -0.0439792 -0.0501199 -0.0547741 -0.0576759 -0.0586663 -0.0576925 -0.0548133 -0.0501411 -0.0439335 -0.0365129 -0.0282488 -0.0195649 -0.0109351 -0.00274981 0.00459513 0.0107887 0.0156337 0.0190506 0.021053 0.021805 0.0214991 0.0204199 0.0188323 0.0169827 0.0151049 0.0133924 0.0118975 0.0106934 0.00978518 0.00913603 0.00870369 0.00845332 0.00832909 0.00833185 0.00843268 0.00862034 0.00892174 0.00933658 0.00986163 0.0105166 0.0113094 0.012246 0.0133638 0.0146328 0.0160465 0.0175811 0.0192292 0.0209726 0.0227975 0.024643 0.0264661 0.0282067 0.0298445 0.0313185 0.0325539 0.0335103 0.0341148 0.0343561 0.034219 0.0336628 0.0326713 0.031272 0.0294586 0.0272685 0.024718 0.0218674 0.0187769 0.0154985 0.0120908 0.00855658 0.0049762 0.00140063 -0.00216226 -0.00571023 -0.009219 -0.0126738 -0.0160688 -0.0194124 -0.0227057 -0.0259522 -0.0291529 -0.0322821 -0.0353535 -0.0382978 -0.041067 -0.0436332 -0.0459524 -0.0479574 -0.0495473 -0.0507195 -0.0514324 -0.0516459 -0.051364 -0.050626 -0.0494836 -0.0479524 -0.0461324 -0.0441312 -0.0420508 -0.0400045 -0.038115 -0.0365089 -0.0352403 -0.0343768 
0 0.00567003 0.0112692 0.0167435 0.0219914 0.0269764 0.0316076 0.0358254 0.0395671 0.0427633 0.0454058 0.0474368 0.0488675 0.0496723 0.0498727 0.049513 0.0486044 0.0472446 0.0454915 0.0434426 0.041136 0.0386318 0.0360256 0.0333412 0.030619 0.0278815 0.0251614 0.0224353 0.0196752 0.0168766 0.0140507 0.0111612 0.0081955 0.00513126 0.0019696 -0.00124209 -0.00452825 -0.00784371 -0.0111906 -0.0144956 -0.0177264 -0.0208582 -0.0238042 -0.0265173 -0.0289372 -0.0310336 -0.0327787 -0.034145 -0.0350805 -0.0356106 -0.03573 -0.0354918 -0.0348873 -0.0339398 -0.0327047 -0.0312263 -0.0295802 -0.0278076 -0.0259428 -0.0240294 -0.0221342 -0.0202639 -0.0184806 -0.0167722 -0.0151712 -0.0136915 -0.0123455 -0.0111081 -0.00997977 -0.00891349 -0.00791585 -0.00697259 -0.00603422 -0.00505979 -0.00399164 -0.00277356 -0.00135005 0.000340922 0.00233901 0.00460279 0.00713174 0.00982087 0.0124792 0.0148478 0.0166748 0.0176457 0.0175072 0.0160081 0.0130223 0.00849172 0.00250227 -0.00475583 -0.0129321 -0.0216685 -0.030499 -0.0389518 -0.0465726 -0.0529878 -0.0578131 -0.0608233 -0.0618579 -0.0608468 -0.0578127 -0.0529473 -0.0464591 -0.0386927 -0.0300533 -0.0209905 -0.0119259 -0.00334141 0.00438877 0.0109433 0.0161213 0.0198073 0.0220487 0.0229529 0.0227567 0.0217002 0.0200972 0.0182254 0.016307 0.0144843 0.0129214 0.01165 0.0106698 0.00996356 0.0095107 0.00927142 0.00921187 0.00927432 0.00944674 0.00973454 0.0101282 0.0106569 0.0113135 0.0121043 0.0130333 0.0141259 0.0153733 0.016803 0.0183517 0.0200128 0.0217539 0.0235577 0.0253912 0.0272165 0.0289425 0.0305412 0.0319562 0.0331291 0.0340276 0.0345735 0.0347597 0.0345523 0.0339436 0.0329072 0.0314489 0.0295913 0.0273941 0.0248528 0.0220331 0.0189772 0.0157541 0.0124559 0.00907926 0.00567897 0.00227463 -0.00106536 -0.00433417 -0.0075382 -0.0106638 -0.0137106 -0.0166949 -0.0196257 -0.0225224 -0.0253997 -0.0282506 -0.0311119 -0.0339565 -0.0367727 -0.0394859 -0.0420765 -0.044522 -0.046721 -0.0486355 -0.0501924 -0.0513747 -0.052108 -0.0523714 -0.052209 -0.0516175 -0.0506486 -0.049345 -0.0478204 -0.0461644 -0.0444729 -0.0428912 -0.0415093 -0.040422 -0.0396729 
0 0.0060749 0.0120741 0.0178757 0.0234188 0.0285738 0.0332937 0.0374785 0.0410717 0.0440482 0.0463624 0.0480438 0.0490557 0.049444 0.0492317 0.0484721 0.0472446 0.0456072 0.0436767 0.0414986 0.0391451 0.0366795 0.0341718 0.0316719 0.0291834 0.0267323 0.0243253 0.0219432 0.0195606 0.0171651 0.0147385 0.0122581 0.00966958 0.00696574 0.00415165 0.00123565 -0.00177506 -0.00489702 -0.00808889 -0.011313 -0.0145294 -0.0176988 -0.0207752 -0.0236959 -0.0263962 -0.0288422 -0.0309835 -0.0327684 -0.0341734 -0.0351686 -0.0357832 -0.0360101 -0.0358414 -0.0352993 -0.0344039 -0.0332291 -0.0318283 -0.0302236 -0.0284736 -0.02662 -0.0247159 -0.0228367 -0.0209767 -0.0191697 -0.0174398 -0.0157971 -0.0142784 -0.0128753 -0.0115645 -0.0103419 -0.00917369 -0.00803798 -0.00692155 -0.00576655 -0.00451781 -0.00310255 -0.00147996 0.000385804 0.00253271 0.00498943 0.0076778 0.0104619 0.0131666 0.0155669 0.0173483 0.0182259 0.0179275 0.0162264 0.0129816 0.00816809 0.00186942 -0.00569512 -0.014223 -0.0232912 -0.0324339 -0.0411995 -0.0491195 -0.0557512 -0.0607725 -0.0638971 -0.0649337 -0.0638526 -0.0607072 -0.0556273 -0.0488949 -0.0408443 -0.0318626 -0.0224148 -0.0129809 -0.00400096 0.0041098 0.011025 0.0165117 0.0204768 0.0229406 0.0240274 0.0239489 0.0229893 0.0214112 0.0194944 0.0175034 0.0156484 0.0140147 0.0126591 0.0116158 0.0108804 0.0104158 0.0102006 0.0101812 0.0103339 0.0106142 0.0109984 0.0115145 0.0121689 0.012965 0.0139161 0.0150008 0.0162381 0.0176405 0.0191727 0.0208347 0.0225716 0.0243519 0.0261625 0.0279444 0.0296449 0.0312088 0.0325636 0.0336829 0.0345096 0.0349883 0.0350948 0.0347996 0.0341164 0.0330302 0.0315277 0.029627 0.0273747 0.0248287 0.0220392 0.019034 0.0158674 0.0126178 0.00933667 0.00607377 0.00283552 -0.000336917 -0.00340766 -0.00637219 -0.00922476 -0.0119739 -0.0146247 -0.0171997 -0.0197381 -0.0222619 -0.0247781 -0.0273128 -0.0298736 -0.0324944 -0.0351355 -0.0377609 -0.0403514 -0.0428505 -0.0452255 -0.0473814 -0.0493004 -0.0509095 -0.0521412 -0.052973 -0.0533773 -0.0534005 -0.0530226 -0.0523227 -0.0513645 -0.0502257 -0.0490157 -0.0478141 -0.0467616 -0.0459008 -0.0453178 
0 0.00640747 0.0127036 0.0187761 0.0245018 0.0297742 0.0344988 0.0385946 0.0420153 0.0447241 0.0467311 0.0480349 0.0486595 0.0486513 0.048065 0.0469905 0.0454915 0.0436767 0.0416168 0.0393827 0.0370442 0.0346613 0.0323086 0.0300001 0.0277551 0.0255744 0.0234585 0.0213996 0.0193725 0.0173395 0.0152884 0.0131684 0.0109498 0.00860885 0.00613777 0.00355588 0.000806089 -0.0020673 -0.00506759 -0.00814086 -0.0112533 -0.0143945 -0.017507 -0.0205523 -0.0234473 -0.0261534 -0.028622 -0.0307973 -0.0326243 -0.0341021 -0.0351828 -0.0358882 -0.0361885 -0.0360904 -0.0356241 -0.0348305 -0.0337511 -0.0324013 -0.0308413 -0.0291122 -0.0272996 -0.0254433 -0.0235853 -0.0217195 -0.0198959 -0.018127 -0.016458 -0.0148748 -0.0133867 -0.0119514 -0.0105831 -0.00927051 -0.00796 -0.00661059 -0.00516436 -0.00354277 -0.0017101 0.000385961 0.00276767 0.00536401 0.00817088 0.0110646 0.0138275 0.0162078 0.0179347 0.0186861 0.0182284 0.0163097 0.0128235 0.00773345 0.00113953 -0.00674369 -0.0155576 -0.0249375 -0.0343865 -0.0434312 -0.0515869 -0.058439 -0.0635922 -0.0667985 -0.0678681 -0.0667527 -0.0634732 -0.0582283 -0.0512579 -0.0429194 -0.0336247 -0.0238549 -0.0140438 -0.00470431 0.00375999 0.011004 0.0168034 0.0210397 0.0237566 0.0250394 0.0251314 0.0242587 0.0227223 0.0208299 0.018816 0.0168516 0.0151428 0.0137339 0.0126525 0.0118991 0.0114396 0.0112584 0.0113148 0.0115367 0.0119072 0.0124226 0.0130685 0.013877 0.0148345 0.0159451 0.0171843 0.0185739 0.0200805 0.0217119 0.0234198 0.0251762 0.0269346 0.0286794 0.0303328 0.0318474 0.0331426 0.0341819 0.0349283 0.0353392 0.035388 0.0350105 0.0342366 0.0330656 0.031511 0.029583 0.0273072 0.0247196 0.0219211 0.0189391 0.0158398 0.0126535 0.00944154 0.00626941 0.00313869 0.000116874 -0.00280478 -0.00558527 -0.00822862 -0.0107462 -0.0131397 -0.0154228 -0.0176228 -0.0197889 -0.0219615 -0.0241497 -0.0263696 -0.0286595 -0.0310209 -0.0334711 -0.0359701 -0.0385061 -0.0410367 -0.0435071 -0.0458786 -0.048083 -0.0500801 -0.0517878 -0.0531626 -0.0541753 -0.0548173 -0.0551044 -0.0550609 -0.0547509 -0.0542311 -0.0535753 -0.052866 -0.0521903 -0.051626 -0.0512321 
