0 0 0 0 0 0 0 0 0 0 0 0 0 0 0 0 0 0 0 0 0 0 0 0 0 0 0 0 0 0 0 0 0 0 0 0 0 0 0 0 0 0 0 0 0 0 0 0 0 0 0 0 0 0 0 0 0 0 0 0 0 0 0 0 0 0 0 0 0 0 0 0 0 0 0 0 0 0 0 0 0 0 0 0 0 0 0 0 0 0 0 0 0 0 0 0 0 0 0 0 0 0 0 0 0 0 0 0 0 0 0 0 0 0 0 0 0 0 0 0 0 0 0 0 0 0 0 0 0 0 0 0 0 0 0 0 0 0 0 0 0 0 0 0 0 0 0 0 0 0 0 0 0 0 0 0 0 0 0 0 0 0 0 0 0 0 0 0 0 0 0 0 0 0 0 0 0 0 0 0 0 0 0 0 0 0 0 0 0 0 0 0 0 0 0 0 0 0 0 0 
0 -5.02254e-06 -3.10287e-06 2.10367e-06 -3.01932e-06 -9.98518e-07 6.0518e-06 1.36124e-05 1.70053e-05 2.35715e-05 4.49454e-05 5.87652e-05 7.79832e-05 0.00010578 0.000149007 0.000200196 0.000255565 0.000343405 0.000447022 0.00057658 0.000727368 0.000910959 0.00113401 0.00138878 0.0016979 0.002049 0.00245412 0.00290771 0.00339998 0.00391677 0.00444773 0.00498518 0.0054977 0.00596551 0.00637633 0.00672446 0.0069752 0.00711771 0.00712763 0.00698443 0.00668653 0.00622732 0.00561829 0.00487307 0.00402679 0.00310948 0.00213444 0.00112882 0.000130356 -0.000846315 -0.00175138 -0.00256089 -0.00326642 -0.00384066 -0.00428843 -0.00460677 -0.0048073 -0.00490286 -0.00489469 -0.00479647 -0.00461265 -0.00434883 -0.00404432 -0.00370499 -0.003343 -0.00297471 -0.00257743 -0.00215347 -0.00171164 -0.00124975 -0.00078738 -0.000351688 4.72484e-05 0.000382396 0.000628702 0.000771487 0.000794784 0.000683464 0.000457259 0.000129163 -0.000288743 -0.000743842 -0.00119513 -0.00161982 -0.00198116 -0.00226708 -0.00246495 -0.0025526 -0.00256088 -0.00249692 -0.00234612 -0.00214501 -0.0019222 -0.00167666 -0.00144733 -0.00124974 -0.00107542 -0.000929518 -0.000820028 -0.000742985 -0.000700401 -0.000692639 -0.000730857 -0.000803361 -0.000911828 -0.0010693 -0.00125156 -0.00143494 -0.00163198 -0.00180855 -0.00194564 -0.0020563 -0.00210847 -0.00206688 -0.0019364 -0.00170226 -0.00136743 -0.000947722 -0.000455564 6.65141e-05 0.000580836 0.0010757 0.00152011 0.00188432 0.00216022 0.00233824 0.00242146 0.0024319 0.00240011 0.0023508 0.00232374 0.00233579 0.00238707 0.00249106 0.00264289 0.00282614 0.00305678 0.00331598 0.00359089 0.00388922 0.00417867 0.00444495 0.00467443 0.00483387 0.00491346 0.00490525 0.0047945 0.00457725 0.00422704 0.00374295 0.00311775 0.00236173 0.00151387 0.000585612 -0.000394714 -0.00139231 -0.00238612 -0.00334768 -0.00423981 -0.00504563 -0.00573174 -0.00627276 -0.00664703 -0.00686142 -0.00693188 -0.00686318 -0.00667829 -0.00639058 -0.00601749 -0.00557672 -0.00509706 -0.0045807 -0.00405479 -0.00354321 -0.00306218 -0.00261931 -0.00220997 -0.00186188 -0.00155442 -0.00128927 -0.00105946 -0.000862276 -0.000703526 -0.000567739 -0.000464491 -0.000375935 -0.000306711 -0.000258787 -0.00022391 -0.000200059 -0.000182709 -0.00017799 -0.000172674 -0.000162229 -0.000156615 -0.000159309 -0.000159886 -0.000152756 -0.000147159 -0.000145659 
0 -3.10287e-06 1.04232e-05 1.86862e-05 1.75001e-05 1.64561e-05 3.13467e-05 4.33533e-05 4.1536e-05 5.70273e-05 8.39646e-05 0.000116133 0.000146533 0.000203365 0.00029789 0.000395978 0.000529257 0.000699054 0.000923593 0.00118674 0.00149078 0.00187672 0.00231277 0.00284165 0.00344865 0.00415214 0.00495979 0.00585046 0.00683468 0.00784764 0.00889904 0.00995515 0.0109597 0.0118744 0.0126759 0.0133353 0.0138127 0.0140559 0.0140447 0.0137458 0.0131319 0.012243 0.0110403 0.00959413 0.00794221 0.00614108 0.00423273 0.00226162 0.000302884 -0.00159701 -0.0033652 -0.00495558 -0.00633361 -0.00749448 -0.00838271 -0.0090345 -0.00944198 -0.0096314 -0.00961983 -0.00944343 -0.0090938 -0.00861677 -0.00804911 -0.00739708 -0.00670375 -0.005957 -0.00515846 -0.00430736 -0.00342362 -0.00250781 -0.00161518 -0.000741024 4.17695e-05 0.000720133 0.00122259 0.00151224 0.00155629 0.00135128 0.000878775 0.000218562 -0.000595103 -0.00148534 -0.00238997 -0.00324838 -0.00398355 -0.0045428 -0.00493544 -0.00513539 -0.00513372 -0.00496357 -0.00466664 -0.00428837 -0.00384343 -0.00338208 -0.00294016 -0.00251652 -0.00214265 -0.00186608 -0.00163667 -0.00147609 -0.00140646 -0.00139969 -0.00146297 -0.00163569 -0.0018653 -0.00214985 -0.00248942 -0.00286144 -0.00323707 -0.00360247 -0.00391838 -0.00413899 -0.00421042 -0.00413266 -0.00387645 -0.00339252 -0.00271627 -0.0018812 -0.000916012 0.000117361 0.00116412 0.00217129 0.00304222 0.00377555 0.00432444 0.00467669 0.00485078 0.00489807 0.00484257 0.00477781 0.0047192 0.00473284 0.00482177 0.00501815 0.00530905 0.00569986 0.00616214 0.00669001 0.00723509 0.00779405 0.00833852 0.00883027 0.00924934 0.00954827 0.0096929 0.00964996 0.00942675 0.00895941 0.00825773 0.00728985 0.0060542 0.00457612 0.00291661 0.00108898 -0.000832117 -0.00280332 -0.00476094 -0.00663672 -0.00839363 -0.00994641 -0.0112931 -0.012347 -0.0130874 -0.0135291 -0.0136828 -0.0135693 -0.013225 -0.0126701 -0.0119494 -0.0110969 -0.0101533 -0.00915784 -0.00811353 -0.00711516 -0.00615876 -0.00527068 -0.00446396 -0.00374949 -0.00314779 -0.00260851 -0.00215674 -0.00176963 -0.00144693 -0.00118569 -0.000967346 -0.000793743 -0.000648418 -0.000545901 -0.000470263 -0.000407773 -0.000365394 -0.00034443 -0.00032952 -0.000307426 -0.00029552 -0.000300554 -0.000302525 -0.000291842 -0.000289001 -0.000296079 
0 2.10367e-06 1.86862e-05 3.94001e-05 3.18073e-05 3.78243e-05 5.53501e-05 7.13188e-05 7.52902e-05 8.88091e-05 0.000140606 0.000180299 0.000238441 0.000329047 0.000469409 0.00063949 0.000832011 0.0011118 0.00144348 0.00184942 0.00232448 0.00290145 0.00359347 0.00438359 0.00531902 0.00637299 0.00757154 0.00889816 0.0103263 0.0118125 0.0133307 0.0148561 0.0163065 0.0176241 0.0187668 0.0197061 0.0203471 0.0206568 0.0205839 0.0200911 0.0191846 0.0178574 0.0161303 0.0140331 0.0116456 0.00904368 0.00627359 0.00341918 0.000592597 -0.00215689 -0.00470906 -0.0070112 -0.00904567 -0.0107448 -0.0120987 -0.0130851 -0.0137205 -0.0140393 -0.0140635 -0.0138447 -0.0134044 -0.0127563 -0.0119788 -0.0110698 -0.0100522 -0.00896624 -0.00777933 -0.00651574 -0.00521162 -0.00386591 -0.00252128 -0.00123574 -4.32384e-05 0.000976937 0.00173712 0.00217785 0.00225018 0.00192076 0.0012465 0.000278273 -0.000939565 -0.00227168 -0.00360832 -0.00487996 -0.00597585 -0.00684125 -0.00742911 -0.00768244 -0.00767649 -0.00744934 -0.00699227 -0.0064081 -0.00576842 -0.00507355 -0.00440728 -0.00380401 -0.00325313 -0.00278527 -0.0024322 -0.00219961 -0.00209393 -0.00210559 -0.00224373 -0.00247208 -0.00278557 -0.00321912 -0.0037275 -0.0042645 -0.00485334 -0.00540363 -0.00584725 -0.00618735 -0.0063299 -0.00618951 -0.0057759 -0.00506064 -0.00405988 -0.00281619 -0.00136139 0.000194627 0.00174776 0.0032445 0.00458356 0.00567871 0.00650349 0.00704097 0.00731552 0.00739416 0.00735379 0.00725772 0.00719679 0.00721917 0.00734287 0.00762199 0.00806011 0.0086226 0.00932485 0.0100958 0.010877 0.0116743 0.012417 0.0130838 0.0136504 0.0140355 0.0141983 0.0141014 0.013701 0.0129844 0.0119031 0.0104646 0.0086585 0.0065088 0.00410156 0.00145826 -0.00134487 -0.0042076 -0.00705094 -0.00978147 -0.0122988 -0.014559 -0.0164925 -0.0180405 -0.0191511 -0.019834 -0.0201152 -0.0199962 -0.0195298 -0.0187526 -0.0177205 -0.0164907 -0.0151415 -0.0136871 -0.0121934 -0.0107274 -0.0093303 -0.00802462 -0.00680845 -0.00575337 -0.004822 -0.00401814 -0.00332689 -0.0027369 -0.00225489 -0.00184259 -0.00151875 -0.00124296 -0.00102465 -0.000865121 -0.000739455 -0.000639418 -0.000559727 -0.000520564 -0.000491051 -0.000457178 -0.000438937 -0.000442927 -0.000444193 -0.000431022 -0.000430807 -0.00044721 
0 -3.01932e-06 1.75001e-05 3.18073e-05 3.10161e-05 3.40543e-05 6.38805e-05 9.12532e-05 0.000101703 0.000140902 0.000206811 0.000285211 0.000370147 0.000504881 0.000706918 0.000932217 0.00122128 0.00158851 0.00205557 0.0026067 0.00325328 0.00405705 0.00498393 0.00607927 0.00732634 0.00873891 0.0103229 0.0120432 0.0138975 0.015793 0.0177305 0.0196599 0.0214872 0.023139 0.0245616 0.025692 0.0264493 0.0267544 0.0265812 0.0258959 0.0246781 0.0229799 0.0207553 0.0180908 0.0150518 0.0117329 0.00821574 0.00459787 0.00101427 -0.00244964 -0.00568279 -0.00862198 -0.0112228 -0.0134607 -0.0152462 -0.0165993 -0.0175041 -0.0179979 -0.0181185 -0.0179321 -0.017439 -0.0167003 -0.0157674 -0.0146433 -0.0133835 -0.011985 -0.0104568 -0.00881572 -0.00710166 -0.00532456 -0.00356388 -0.00183533 -0.000255039 0.00111644 0.00214291 0.00273847 0.00283867 0.00243285 0.00152091 0.000233029 -0.00135095 -0.00308861 -0.00485699 -0.00653717 -0.00798634 -0.00910473 -0.00987734 -0.0102561 -0.0102434 -0.0099016 -0.00930595 -0.00854839 -0.00767626 -0.00676788 -0.00588927 -0.0050533 -0.0043098 -0.00373085 -0.00326658 -0.00294945 -0.00280991 -0.00280958 -0.00295466 -0.00328509 -0.00373144 -0.00429083 -0.00495614 -0.00568809 -0.00644154 -0.00717017 -0.00779336 -0.00822728 -0.00837165 -0.00819998 -0.00766838 -0.00671018 -0.00537469 -0.00372051 -0.00180585 0.000255231 0.00235005 0.00436659 0.00613498 0.0076124 0.00872282 0.00944929 0.00983443 0.00997368 0.00993205 0.00985301 0.00978369 0.00982433 0.00999789 0.0103647 0.0109202 0.0116638 0.0125461 0.0135233 0.0145022 0.0154624 0.016357 0.0171372 0.0177755 0.0181917 0.0183177 0.0180907 0.0175007 0.0164685 0.015011 0.0131042 0.010757 0.00801178 0.00495267 0.00159936 -0.00194088 -0.00557797 -0.00919025 -0.0126476 -0.0158652 -0.0187245 -0.0212112 -0.0232087 -0.0246772 -0.0256262 -0.0260569 -0.0259849 -0.0254582 -0.0245181 -0.0232469 -0.0217189 -0.0200144 -0.0181946 -0.0162853 -0.0144228 -0.012618 -0.0109101 -0.00932468 -0.00789596 -0.00665543 -0.00554916 -0.00460831 -0.00380293 -0.00312714 -0.00256976 -0.0021054 -0.00173066 -0.00142494 -0.00120179 -0.00103098 -0.000887295 -0.000783033 -0.000723907 -0.000685466 -0.000643064 -0.000617074 -0.000615799 -0.000609007 -0.000586946 -0.000580706 -0.000594279 
0 -9.98518e-07 1.64561e-05 3.78243e-05 3.40543e-05 4.74127e-05 8.27694e-05 0.000119543 0.000148148 0.000199807 0.000301434 0.000407561 0.000540767 0.000727816 0.000987902 0.00129997 0.0016708 0.00216441 0.00276218 0.00348015 0.00432795 0.00535246 0.00656319 0.00794956 0.00953752 0.0113 0.0132455 0.0153425 0.0175528 0.0198112 0.0220866 0.0243355 0.0264515 0.0283458 0.0299467 0.0311932 0.0319684 0.0322189 0.0319007 0.0309875 0.0294902 0.0274164 0.0247776 0.0216221 0.0180494 0.0141654 0.010054 0.00583321 0.00165068 -0.00241057 -0.00621492 -0.00969373 -0.0128129 -0.0154979 -0.0177055 -0.0194078 -0.020612 -0.0213507 -0.0216541 -0.0215748 -0.0211337 -0.0203592 -0.0193356 -0.0180756 -0.0166167 -0.0149933 -0.0131829 -0.0112088 -0.00911738 -0.00693063 -0.00472299 -0.00258326 -0.00060208 0.00109896 0.00237776 0.00312876 0.00327545 0.0027774 0.00169422 0.00012037 -0.00184266 -0.00399998 -0.0061736 -0.00822888 -0.0100008 -0.0113912 -0.0123356 -0.0127757 -0.0127743 -0.0123886 -0.0116475 -0.0106814 -0.00959315 -0.00843785 -0.00732611 -0.00631474 -0.00541615 -0.00467231 -0.00410092 -0.00371331 -0.00352022 -0.00351517 -0.00371051 -0.00408788 -0.00462916 -0.00535205 -0.00619941 -0.00710597 -0.00805452 -0.00894082 -0.0096696 -0.0102008 -0.0104089 -0.01019 -0.00951444 -0.00833677 -0.00668137 -0.00461534 -0.0022114 0.000368366 0.00296604 0.00546343 0.00770154 0.00956028 0.0109794 0.0119298 0.0124526 0.01265 0.0126402 0.0125485 0.0124999 0.0125768 0.0128159 0.0132747 0.0139513 0.0148106 0.0158388 0.0169506 0.0180597 0.0191449 0.0201218 0.0209485 0.0215812 0.0219245 0.0219145 0.0215019 0.0206422 0.0193093 0.0174697 0.0151324 0.0123032 0.00902811 0.00540603 0.00146978 -0.00268494 -0.00693645 -0.011163 -0.015226 -0.0189936 -0.0223873 -0.025331 -0.0277418 -0.0295554 -0.0307699 -0.0313941 -0.0314212 -0.0309025 -0.0298864 -0.028458 -0.0267093 -0.0247446 -0.0226085 -0.0203803 -0.0181616 -0.0160046 -0.0139418 -0.0119906 -0.0102292 -0.00864819 -0.0072516 -0.00603819 -0.00499755 -0.00412886 -0.00339535 -0.00279927 -0.00230131 -0.00190354 -0.0016038 -0.00136902 -0.00117972 -0.00103382 -0.000948412 -0.0008867 -0.000827984 -0.000790846 -0.000780382 -0.000767564 -0.000740423 -0.000730924 -0.000742316 
0 6.0518e-06 3.13467e-05 5.53501e-05 6.38805e-05 8.27694e-05 0.000126822 0.000172961 0.000214961 0.000290468 0.000413132 0.00056152 0.000741691 0.00099141 0.00132756 0.001729 0.00222142 0.0028456 0.00361142 0.00451904 0.00558813 0.00686746 0.00835307 0.0100508 0.0119548 0.0140507 0.0163289 0.0187508 0.0212776 0.0238325 0.0263812 0.0288638 0.0311676 0.0331933 0.0348643 0.0361046 0.0368171 0.0369345 0.0364289 0.0352818 0.0334969 0.0311023 0.0280992 0.0245602 0.0205867 0.0162889 0.0117607 0.00711493 0.00248857 -0.00201436 -0.00626847 -0.0101901 -0.0137243 -0.0168126 -0.0193887 -0.0214409 -0.0229683 -0.023994 -0.0245429 -0.0246531 -0.0243324 -0.0236269 -0.0226056 -0.0212955 -0.0197396 -0.0179481 -0.0159108 -0.0136458 -0.0112016 -0.00862686 -0.00602173 -0.00348 -0.00113431 0.000885135 0.00241481 0.00332609 0.00352634 0.00297697 0.00171242 -0.000139953 -0.00243867 -0.00497604 -0.00754958 -0.00997518 -0.0120642 -0.0136907 -0.0147949 -0.015328 -0.0153171 -0.0148324 -0.0139566 -0.0128152 -0.0115115 -0.0101442 -0.00881715 -0.0075879 -0.00650728 -0.0056303 -0.00494938 -0.00448269 -0.00424967 -0.00423712 -0.0044562 -0.00491673 -0.00557875 -0.00642891 -0.00742679 -0.00850975 -0.00962137 -0.0106725 -0.011557 -0.0121763 -0.0124014 -0.0121433 -0.0113376 -0.00992439 -0.00793729 -0.00545838 -0.00259395 0.000486466 0.00360757 0.00660427 0.00928788 0.0115439 0.0132863 0.0144818 0.0151744 0.0154745 0.0155098 0.0154463 0.0154114 0.0155163 0.0158129 0.0163486 0.0171146 0.0180799 0.0191971 0.0203903 0.0215666 0.0226801 0.0236564 0.024431 0.0249498 0.0251258 0.0248942 0.0242133 0.0230609 0.0213941 0.0192001 0.0164692 0.013215 0.00949847 0.00541608 0.00102102 -0.00358549 -0.0082904 -0.0129644 -0.0174651 -0.0216687 -0.025469 -0.0287995 -0.0315563 -0.0336779 -0.0351567 -0.0359876 -0.0361708 -0.035742 -0.0347486 -0.033276 -0.0314214 -0.0292867 -0.0269397 -0.0244548 -0.0219536 -0.0194888 -0.017101 -0.014828 -0.0127314 -0.0108376 -0.00913955 -0.00765425 -0.00637269 -0.00528799 -0.00437862 -0.00362247 -0.00299476 -0.00248253 -0.00208477 -0.00177074 -0.00151411 -0.00131925 -0.00118944 -0.00109404 -0.00101039 -0.0009565 -0.000937215 -0.000920064 -0.000894056 -0.000883521 -0.000893052 
0 1.36124e-05 4.33533e-05 7.13188e-05 9.12532e-05 0.000119543 0.000172961 0.000234377 0.000302397 0.00041 0.000566394 0.000765061 0.00100861 0.00133594 0.00176136 0.00227319 0.00290097 0.00367678 0.00462538 0.00574464 0.00705919 0.00860643 0.010381 0.0123847 0.0145952 0.0169993 0.0195723 0.0222726 0.0250504 0.0278289 0.0305591 0.0331667 0.0355398 0.0375757 0.0391997 0.0403356 0.0409043 0.0408391 0.0401169 0.038727 0.0366751 0.0339963 0.030708 0.0268937 0.0226587 0.0181082 0.0133337 0.00843521 0.00353195 -0.00126037 -0.00582551 -0.0100707 -0.0139295 -0.0173483 -0.0202598 -0.0226511 -0.0245165 -0.0258662 -0.026717 -0.0270871 -0.0269814 -0.0264435 -0.0255258 -0.0242621 -0.022686 -0.0207974 -0.0185956 -0.0160993 -0.0133614 -0.0104531 -0.00748524 -0.00457261 -0.00187211 0.000458475 0.0022353 0.00330321 0.00355482 0.00295337 0.00153593 -0.00056229 -0.00316775 -0.00605695 -0.00899674 -0.0117665 -0.0141611 -0.0160256 -0.0172755 -0.017872 -0.0178392 -0.0172597 -0.0162449 -0.0149255 -0.0134201 -0.0118501 -0.0103161 -0.00888572 -0.00762176 -0.00658153 -0.0057753 -0.00523075 -0.00496534 -0.00496741 -0.00523217 -0.00576219 -0.00652203 -0.00748913 -0.0086277 -0.00987759 -0.011158 -0.0123729 -0.0134011 -0.0141106 -0.0143614 -0.0140495 -0.0130919 -0.0114426 -0.00913543 -0.00625652 -0.00293625 0.000641158 0.00427819 0.00777413 0.0109254 0.013592 0.0156705 0.0171264 0.0180084 0.0184334 0.0185468 0.0185295 0.0185242 0.0186531 0.0189853 0.0195629 0.0203778 0.0213969 0.0225511 0.0237585 0.0249229 0.0259766 0.026851 0.0274749 0.0277855 0.027708 0.027182 0.026179 0.0246901 0.0226814 0.0201466 0.0170709 0.0134717 0.0094161 0.00499497 0.000283246 -0.00461998 -0.00960779 -0.0145558 -0.0193331 -0.0238244 -0.027921 -0.0315474 -0.0345947 -0.0369966 -0.0387335 -0.0397944 -0.0401816 -0.0399166 -0.0390421 -0.037633 -0.0357838 -0.0335884 -0.0311272 -0.0284817 -0.0257723 -0.0230642 -0.0204041 -0.0178458 -0.0154451 -0.0132472 -0.0112534 -0.0094854 -0.00794418 -0.00662312 -0.00551088 -0.00457648 -0.00379909 -0.0031593 -0.00264981 -0.00224282 -0.00191088 -0.00165638 -0.00147377 -0.00133604 -0.0012219 -0.00114487 -0.00110795 -0.00108168 -0.00105401 -0.0010408 -0.0010452 
0 1.70053e-05 4.1536e-05 7.52902e-05 0.000101703 0.000148148 0.000214961 0.000302397 0.000415874 0.000565487 0.000778961 0.00103682 0.00136639 0.00178813 0.00231536 0.00296461 0.0037368 0.0046933 0.0058357 0.0071878 0.00876857 0.0105837 0.012658 0.0149456 0.0174492 0.0201278 0.0229509 0.0258802 0.0288319 0.0317535 0.0345607 0.0371764 0.0394965 0.0414238 0.0428881 0.0438335 0.0441813 0.0438931 0.0429326 0.0412975 0.0390199 0.0361047 0.0326292 0.0286486 0.0242801 0.0196172 0.0147403 0.00974284 0.00472936 -0.000191782 -0.00491063 -0.00934092 -0.0134315 -0.0171005 -0.0203204 -0.0230339 -0.0252406 -0.0269356 -0.0281271 -0.0288095 -0.0290058 -0.0287215 -0.0280014 -0.0268783 -0.0253533 -0.0234494 -0.0211575 -0.0185069 -0.0155538 -0.0123852 -0.00909649 -0.00585903 -0.0028157 -0.000187868 0.0018269 0.00304423 0.00334617 0.0026795 0.00113044 -0.00118944 -0.00407559 -0.00728247 -0.0105446 -0.0136224 -0.0162903 -0.0183818 -0.0197678 -0.0204086 -0.0203568 -0.0196979 -0.0185367 -0.0170282 -0.0153302 -0.0135478 -0.0117976 -0.0101815 -0.00874951 -0.00753855 -0.00661927 -0.00600299 -0.00568975 -0.00569445 -0.00601082 -0.00659295 -0.00744325 -0.00854083 -0.00982426 -0.011227 -0.012681 -0.0140498 -0.0151926 -0.01598 -0.0162601 -0.0158812 -0.0147655 -0.0128914 -0.0102753 -0.00700959 -0.00323585 0.000843209 0.00499749 0.00899902 0.0126474 0.0157319 0.0181583 0.0198875 0.020973 0.0215361 0.021762 0.021802 0.0218467 0.021994 0.0223341 0.0229066 0.0237171 0.0247131 0.0258404 0.0269796 0.0280415 0.0289442 0.0296094 0.0299867 0.0300081 0.0296097 0.0287409 0.0273869 0.0255225 0.0231685 0.0202934 0.0169165 0.0130562 0.00877593 0.00415734 -0.00071182 -0.00575487 -0.010859 -0.0159191 -0.0208267 -0.025457 -0.0297449 -0.0335664 -0.0368449 -0.0394934 -0.0414737 -0.0427813 -0.0434071 -0.0433669 -0.0426984 -0.0414557 -0.0397236 -0.0375882 -0.0351149 -0.0324207 -0.0295839 -0.0267084 -0.0238411 -0.0210384 -0.0183808 -0.0158886 -0.0136146 -0.0115547 -0.00973519 -0.00815974 -0.0068087 -0.00567688 -0.00472151 -0.00393957 -0.00330479 -0.00279119 -0.00237997 -0.0020551 -0.00181546 -0.00162996 -0.00148476 -0.001382 -0.00131723 -0.00127233 -0.00123266 -0.00120862 -0.00119858 
0 2.35715e-05 5.70273e-05 8.88091e-05 0.000140902 0.000199807 0.000290468 0.00041 0.000565487 0.000779454 0.00103998 0.00138438 0.00180323 0.00233544 0.00299235 0.00378311 0.00475232 0.00589673 0.00727731 0.00888235 0.010736 0.0128417 0.0151802 0.017754 0.0205021 0.0234176 0.0264416 0.0295201 0.0325774 0.0355369 0.0383188 0.0408308 0.0429849 0.0446968 0.045917 0.0465734 0.0466492 0.0460773 0.0448537 0.0429916 0.0405039 0.0374498 0.0338657 0.0298432 0.0254649 0.0208102 0.0159672 0.0110195 0.0060384 0.00115515 -0.00357483 -0.00807503 -0.012276 -0.016146 -0.0196002 -0.0226089 -0.0251386 -0.0271745 -0.0287224 -0.029771 -0.0303076 -0.0303629 -0.0299187 -0.0290087 -0.0276422 -0.0258006 -0.0235097 -0.0207944 -0.0176987 -0.0143263 -0.0108034 -0.00727297 -0.00395393 -0.00106807 0.0011558 0.00250933 0.00285232 0.00216311 0.000468676 -0.00206436 -0.00519175 -0.00867493 -0.0122427 -0.0155913 -0.0184952 -0.0207532 -0.0222554 -0.0229764 -0.0229052 -0.0221338 -0.0208471 -0.0191681 -0.0172424 -0.0152518 -0.0132972 -0.0114632 -0.00986037 -0.00854187 -0.00751718 -0.00681451 -0.0064576 -0.00643878 -0.00675022 -0.00740991 -0.00838157 -0.00959309 -0.0110207 -0.0125973 -0.0141829 -0.015682 -0.0169577 -0.0177953 -0.0180561 -0.0176274 -0.0163841 -0.0142833 -0.0113536 -0.00768702 -0.00347336 0.00109839 0.00579052 0.0103167 0.0144324 0.0179607 0.0207532 0.0227805 0.0240967 0.0248316 0.0251607 0.0252877 0.0253569 0.0255058 0.0258274 0.0263504 0.0270836 0.0280019 0.0289981 0.0299851 0.0308588 0.0315008 0.0318773 0.0319168 0.0315679 0.030796 0.0295506 0.0278109 0.025592 0.0228758 0.0197024 0.0160703 0.0120247 0.00763767 0.00295185 -0.001938 -0.00696683 -0.0120547 -0.0170928 -0.0219817 -0.0266451 -0.0309753 -0.0349061 -0.0383263 -0.0411685 -0.0433818 -0.044932 -0.0458333 -0.0460697 -0.0456774 -0.0446948 -0.0431874 -0.0412091 -0.0388505 -0.0361884 -0.0333289 -0.0303575 -0.0273423 -0.0243719 -0.0214796 -0.0187543 -0.0162057 -0.0138743 -0.0117822 -0.00993073 -0.00834196 -0.00697128 -0.00582679 -0.00487123 -0.00408701 -0.00345116 -0.00293226 -0.00252853 -0.00220751 -0.00196367 -0.00177639 -0.00163749 -0.00153979 -0.00146656 -0.00141654 -0.00138126 -0.00136088 
0 4.49454e-05 8.39646e-05 0.000140606 0.000206811 0.000301434 0.000413132 0.000566394 0.000778961 0.00103998 0.0013797 0.00179898 0.00233693 0.00299573 0.00379153 0.00477591 0.00594211 0.00733734 0.00896178 0.0108441 0.0129876 0.0153533 0.0179692 0.0207701 0.0237441 0.0268369 0.0299895 0.03315 0.0362033 0.039106 0.0417496 0.0440499 0.0459427 0.0473593 0.0482484 0.0485748 0.0483035 0.0474278 0.0459282 0.0438364 0.0412109 0.0380564 0.0344779 0.030508 0.0262329 0.0217168 0.017037 0.0122664 0.00746751 0.00272821 -0.00189934 -0.00635877 -0.0106078 -0.0145601 -0.0181944 -0.0214254 -0.0242341 -0.0265993 -0.0285155 -0.0299347 -0.0308736 -0.0312948 -0.0311891 -0.0305826 -0.0294404 -0.0277737 -0.0255778 -0.0228746 -0.0197163 -0.0162204 -0.0124983 -0.00877909 -0.00524219 -0.00217289 0.000203789 0.00166171 0.00205384 0.0013171 -0.000455353 -0.00315817 -0.0065295 -0.0102864 -0.0141047 -0.0176877 -0.0207908 -0.0232165 -0.0248023 -0.0255267 -0.0254359 -0.0246123 -0.0231805 -0.0213033 -0.0191817 -0.0169621 -0.0147835 -0.0127882 -0.011036 -0.00954432 -0.00841224 -0.00764133 -0.00722099 -0.00719365 -0.00755367 -0.00824202 -0.0092855 -0.0106394 -0.0122166 -0.0139302 -0.0156743 -0.0172907 -0.0186244 -0.0195173 -0.0198107 -0.019313 -0.0179075 -0.0155833 -0.0123426 -0.00828535 -0.00359854 0.00148017 0.00666867 0.0116803 0.0163031 0.0202696 0.0234608 0.0258262 0.0274065 0.0283182 0.0287754 0.028932 0.0290153 0.029129 0.0293855 0.0298122 0.0304193 0.0311515 0.0319444 0.0326711 0.0332531 0.0335762 0.0335759 0.0332196 0.0324464 0.031242 0.0295831 0.0274689 0.0248846 0.0218852 0.0184549 0.0146493 0.0105113 0.00609951 0.00145479 -0.00333992 -0.00825072 -0.0131947 -0.018089 -0.0228574 -0.0274029 -0.0316901 -0.0355963 -0.0390834 -0.0420664 -0.0444755 -0.0462886 -0.0474807 -0.0480373 -0.0479785 -0.0473217 -0.0461155 -0.0444011 -0.0422354 -0.0397306 -0.0369252 -0.0339498 -0.0308731 -0.0277755 -0.0247367 -0.0217909 -0.0190255 -0.0164377 -0.0140815 -0.0119764 -0.0101169 -0.00851551 -0.0071402 -0.00599333 -0.00503253 -0.00423737 -0.0035979 -0.00307672 -0.00266372 -0.00233657 -0.00209311 -0.00191003 -0.00176612 -0.00166842 -0.00160244 -0.00156338 -0.00153541 
0 5.87652e-05 0.000116133 0.000180299 0.000285211 0.000407561 0.00056152 0.000765061 0.00103682 0.00138438 0.00179898 0.00233947 0.00300565 0.00381633 0.0047899 0.0059678 0.00738736 0.00902426 0.0109254 0.0130815 0.0154938 0.0181253 0.0209572 0.0239733 0.0271012 0.0303104 0.0335184 0.0366567 0.0396244 0.0423617 0.0447734 0.0467781 0.0483313 0.049381 0.0498967 0.049824 0.0491971 0.0479918 0.0462322 0.0439676 0.0412339 0.0380819 0.0345622 0.0307359 0.0266522 0.022363 0.0179463 0.0134626 0.00892838 0.00444243 6.27039e-06 -0.00432995 -0.0085023 -0.012476 -0.0161861 -0.0195878 -0.0226362 -0.0252992 -0.0275544 -0.0293515 -0.0306632 -0.0314874 -0.0317629 -0.0315094 -0.0306925 -0.0292702 -0.0272467 -0.0246404 -0.0214933 -0.0179432 -0.0141471 -0.0102995 -0.0066469 -0.00346089 -0.000984496 0.000544092 0.000950192 0.000197022 -0.00169363 -0.0045595 -0.00811099 -0.0120762 -0.0161387 -0.0199325 -0.0232105 -0.025747 -0.027406 -0.0281638 -0.0280127 -0.0270476 -0.0254812 -0.0234476 -0.0211273 -0.0187226 -0.0163535 -0.014131 -0.012187 -0.0105698 -0.00931863 -0.00845595 -0.00800435 -0.00796541 -0.00833078 -0.00910007 -0.0102492 -0.0116828 -0.0133657 -0.0152156 -0.0170717 -0.0188106 -0.0202736 -0.0212072 -0.0214597 -0.0208814 -0.0193284 -0.0167596 -0.0131931 -0.00873239 -0.00361645 0.00194154 0.00765628 0.0131901 0.0182814 0.0227105 0.0263031 0.0290174 0.0308767 0.0319905 0.032549 0.0327539 0.0327873 0.03281 0.0329393 0.033197 0.0335924 0.0340829 0.0345605 0.0349416 0.035147 0.0350493 0.0346308 0.033829 0.032603 0.0309588 0.0288865 0.0263905 0.0235039 0.0202398 0.0166436 0.012738 0.00858398 0.00424506 -0.000270943 -0.00487465 -0.0095488 -0.014247 -0.0188934 -0.0234249 -0.0277911 -0.0319125 -0.035735 -0.0391977 -0.0422528 -0.0448295 -0.0468726 -0.0483727 -0.0492709 -0.0495836 -0.0493096 -0.0484756 -0.0470957 -0.0452398 -0.04297 -0.0403406 -0.0374504 -0.0343875 -0.0312572 -0.0280992 -0.0250137 -0.0220438 -0.0192364 -0.0166362 -0.0142614 -0.0121463 -0.0102699 -0.00866009 -0.00728672 -0.00612539 -0.00516152 -0.00437214 -0.00373638 -0.00320895 -0.00279603 -0.00248454 -0.00224353 -0.00205176 -0.00191224 -0.00182703 -0.0017659 -0.00172048 
0 7.79832e-05 0.000146533 0.000238441 0.000370147 0.000540767 0.000741691 0.00100861 0.00136639 0.00180323 0.00233693 0.00300565 0.00383782 0.00482832 0.00600046 0.00741652 0.00908282 0.0109925 0.0131516 0.0155726 0.0182393 0.0210926 0.0241287 0.027297 0.0305392 0.0337914 0.0369682 0.039998 0.0427728 0.0452479 0.0473327 0.0489568 0.0501014 0.0507338 0.0508244 0.0503527 0.0493536 0.0478544 0.0458771 0.0434791 0.0407122 0.0375978 0.0342112 0.0305881 0.0267696 0.0227935 0.0187213 0.0145877 0.0103992 0.00621494 0.00204338 -0.00207777 -0.00610264 -0.00998243 -0.0136986 -0.0171935 -0.0204211 -0.0233386 -0.0259039 -0.0280411 -0.0297374 -0.0309506 -0.0316226 -0.0317534 -0.0312794 -0.0301618 -0.0283881 -0.0259674 -0.022948 -0.0194643 -0.015668 -0.0117962 -0.00808733 -0.00484943 -0.00233991 -0.000809927 -0.000435671 -0.00126963 -0.0032503 -0.00624675 -0.00997227 -0.0141267 -0.0183628 -0.0223291 -0.0257569 -0.0284053 -0.0301007 -0.0308227 -0.0306049 -0.0295468 -0.0278241 -0.025605 -0.0230996 -0.02049 -0.0179164 -0.015522 -0.0134033 -0.0116042 -0.0102225 -0.00928124 -0.00878214 -0.00874952 -0.00916096 -0.00996572 -0.0111671 -0.0127007 -0.0144946 -0.0164571 -0.0184438 -0.0202883 -0.0218068 -0.0227776 -0.0230217 -0.0223416 -0.020598 -0.0177773 -0.0138966 -0.00906249 -0.00349724 0.00254986 0.00876361 0.014805 0.0204124 0.0253025 0.0293031 0.0323538 0.0344713 0.0357608 0.0364228 0.0366324 0.0366075 0.0364956 0.0364233 0.0364265 0.0365163 0.0366446 0.0367286 0.0366763 0.0364287 0.0358793 0.0349957 0.0337421 0.0320688 0.0299929 0.0275261 0.0246907 0.0215223 0.0180774 0.0143747 0.01046 0.00638211 0.00218231 -0.00212605 -0.00646941 -0.0108382 -0.0151998 -0.0195087 -0.0237314 -0.0278222 -0.0317366 -0.0353983 -0.0387898 -0.0418654 -0.0445522 -0.0468053 -0.0485825 -0.0498235 -0.0505185 -0.0506504 -0.0502253 -0.0492453 -0.0477614 -0.0458337 -0.0434726 -0.0407776 -0.0378342 -0.0347369 -0.0315523 -0.0283582 -0.0252428 -0.0222405 -0.0194132 -0.0167947 -0.0144055 -0.0122684 -0.0103967 -0.0087874 -0.00740625 -0.00624551 -0.00529916 -0.00451852 -0.0038715 -0.00335041 -0.00295472 -0.0026433 -0.00238563 -0.00220232 -0.00208084 -0.00199416 -0.0019227 
0 0.00010578 0.000203365 0.000329047 0.000504881 0.000727816 0.00099141 0.00133594 0.00178813 0.00233544 0.00299573 0.00381633 0.00482832 0.00602403 0.00742719 0.00909711 0.0110354 0.0132173 0.0156404 0.0183142 0.02121 0.0242607 0.0274468 0.0307141 0.0339902 0.0371967 0.0402459 0.043064 0.0455576 0.0476879 0.0493779 0.0505711 0.0512649 0.0514467 0.0510993 0.0502215 0.0488752 0.04711 0.0449592 0.0424795 0.0397182 0.0367003 0.0334939 0.0301323 0.0266366 0.0230262 0.0193432 0.0156041 0.0118004 0.00797545 0.00413162 0.000294095 -0.00350244 -0.00722799 -0.0108746 -0.0143909 -0.0177202 -0.0208107 -0.023609 -0.0260395 -0.028077 -0.0296683 -0.0307349 -0.0312499 -0.0311407 -0.0303589 -0.0288876 -0.0267336 -0.0239367 -0.020621 -0.0169444 -0.0131433 -0.00948008 -0.00627881 -0.00381564 -0.00234922 -0.00206184 -0.00300502 -0.00512217 -0.00826409 -0.0121397 -0.0164458 -0.0208337 -0.0249329 -0.0284579 -0.0311653 -0.0328881 -0.0335905 -0.033297 -0.0321139 -0.0302346 -0.0278359 -0.02513 -0.0223098 -0.0195273 -0.0169301 -0.0146367 -0.0127039 -0.0112119 -0.010182 -0.00962415 -0.00955698 -0.00996897 -0.0108228 -0.0121033 -0.01373 -0.0156279 -0.0176954 -0.0197794 -0.021707 -0.0232799 -0.0242536 -0.0244378 -0.0236413 -0.0217257 -0.018658 -0.0144562 -0.00923815 -0.00323801 0.00329124 0.0100213 0.016587 0.022689 0.0280321 0.0324236 0.0357936 0.0381513 0.0396007 0.0403364 0.0405352 0.0404025 0.0400955 0.0397434 0.0393978 0.0390856 0.0387723 0.0383865 0.0378498 0.0371057 0.0360606 0.034691 0.0329694 0.0308628 0.0283963 0.0255934 0.0224806 0.0191058 0.015532 0.0117909 0.00792997 0.0039922 2.58324e-07 -0.0040428 -0.00807478 -0.0120885 -0.0160657 -0.0199835 -0.0238361 -0.0276042 -0.0312494 -0.0347096 -0.0379744 -0.0410103 -0.0437517 -0.0461536 -0.0481696 -0.04973 -0.0508064 -0.0513623 -0.0513757 -0.0508343 -0.0497787 -0.0482491 -0.04624 -0.0438279 -0.0410947 -0.0381263 -0.0349893 -0.0317701 -0.0285639 -0.0254223 -0.0224113 -0.0195727 -0.0169346 -0.0145333 -0.0123988 -0.0105323 -0.00890586 -0.00752177 -0.00638155 -0.00543433 -0.00464147 -0.0039979 -0.00350136 -0.00310472 -0.00277532 -0.00253541 -0.00237304 -0.00225206 -0.00215399 
0 0.000149007 0.00029789 0.000469409 0.000706918 0.000987902 0.00132756 0.00176136 0.00231536 0.00299235 0.00379153 0.0047899 0.00600046 0.00742719 0.0090893 0.0110235 0.0132465 0.0156928 0.0183751 0.0212807 0.0243711 0.0275817 0.0308543 0.0341545 0.0373764 0.0404444 0.0432702 0.04578 0.0479127 0.0496257 0.0508642 0.0515874 0.0518055 0.0515275 0.0507597 0.0495074 0.0478681 0.045886 0.0436103 0.0410938 0.0383687 0.0354923 0.0325028 0.0294452 0.0263105 0.0230987 0.0198325 0.0165176 0.0131275 0.00969766 0.00621486 0.00269046 -0.000837075 -0.00436977 -0.00787724 -0.0113306 -0.0146646 -0.0178321 -0.0207766 -0.0234409 -0.0257641 -0.0276961 -0.0291283 -0.0300058 -0.0302649 -0.0298383 -0.0287096 -0.0268794 -0.0243738 -0.0213011 -0.0178426 -0.0142121 -0.0107152 -0.0076644 -0.00535178 -0.00403198 -0.00389533 -0.00497668 -0.00725374 -0.010551 -0.0145834 -0.0190347 -0.0235541 -0.0277505 -0.0313393 -0.0340689 -0.0357862 -0.0364491 -0.0360754 -0.0347685 -0.0327327 -0.0301429 -0.0272111 -0.0241671 -0.0211788 -0.0183842 -0.0159199 -0.0138581 -0.0122443 -0.0111153 -0.0104984 -0.0103926 -0.0107875 -0.0116777 -0.0130227 -0.0147322 -0.0167354 -0.0189089 -0.0210682 -0.023044 -0.0246363 -0.0255855 -0.0256948 -0.0247764 -0.0226809 -0.0193564 -0.0148303 -0.00921893 -0.00277743 0.00422808 0.0114527 0.018515 0.0250761 0.0308584 0.0356273 0.0393053 0.0418856 0.0434667 0.0442201 0.0443511 0.0440345 0.0434613 0.042756 0.0419869 0.0411953 0.0403735 0.039454 0.0383943 0.0371305 0.0355782 0.0337286 0.0315466 0.029033 0.0262234 0.0231538 0.0198484 0.0163668 0.0127429 0.0090415 0.00529284 0.00154508 -0.00219238 -0.00593214 -0.00962536 -0.0132631 -0.0168396 -0.0203437 -0.0237889 -0.0271959 -0.0305177 -0.0337398 -0.0368352 -0.0397892 -0.0425429 -0.04504 -0.0472466 -0.0490833 -0.0505141 -0.0514843 -0.0519417 -0.051856 -0.0512622 -0.0501669 -0.0485741 -0.0465203 -0.044084 -0.0413414 -0.0383364 -0.0351822 -0.0319501 -0.0287311 -0.0255871 -0.0225647 -0.0197148 -0.0170629 -0.0146754 -0.012541 -0.0106529 -0.00902378 -0.00765429 -0.006512 -0.00554077 -0.00475129 -0.00413016 -0.00362859 -0.00321726 -0.00290787 -0.00270064 -0.00254373 -0.00242674 
0 0.000200196 0.000395978 0.00063949 0.000932217 0.00129997 0.001729 0.00227319 0.00296461 0.00378311 0.00477591 0.0059678 0.00741652 0.00909711 0.0110235 0.0132424 0.0157159 0.0184274 0.0213277 0.0244289 0.0276699 0.0309628 0.0342664 0.0374969 0.0405839 0.0434197 0.0459352 0.0480705 0.0497798 0.0510298 0.0517848 0.0520146 0.0517528 0.0510364 0.0498692 0.0483163 0.0464273 0.0442985 0.0419534 0.0394383 0.0368142 0.0341032 0.0313739 0.02863 0.0258541 0.0230357 0.0201851 0.0172854 0.014337 0.0113058 0.00820255 0.00501993 0.00177002 -0.00150917 -0.00482907 -0.0081402 -0.0113952 -0.0145544 -0.0175689 -0.0203647 -0.0229103 -0.0250949 -0.0268374 -0.0280527 -0.028657 -0.0285926 -0.0278248 -0.0263317 -0.0241563 -0.0213993 -0.0182247 -0.0148939 -0.0116778 -0.00889562 -0.0068388 -0.00576036 -0.00582947 -0.00713075 -0.00958657 -0.0130566 -0.017268 -0.0218728 -0.0264863 -0.0307724 -0.0344084 -0.0371554 -0.0388416 -0.0394234 -0.0389451 -0.037521 -0.0352976 -0.0325048 -0.029376 -0.0261104 -0.0228983 -0.0199245 -0.0172785 -0.0150375 -0.0132937 -0.0120766 -0.0113804 -0.0112441 -0.0116538 -0.0125567 -0.0139285 -0.0157185 -0.0177952 -0.0200291 -0.0222635 -0.0242841 -0.0258543 -0.0267699 -0.0267985 -0.0257287 -0.0234162 -0.0198184 -0.0149591 -0.00897988 -0.00209102 0.00537984 0.0130599 0.0205738 0.0275838 0.0337502 0.0388732 0.0428281 0.0456013 0.0472719 0.0480042 0.0479719 0.0474049 0.0464773 0.0453391 0.0440902 0.0427712 0.0413825 0.0399017 0.0382796 0.0364726 0.0344364 0.0321188 0.0295334 0.026671 0.0235833 0.0203221 0.0169194 0.0133997 0.00982797 0.00621543 0.00263266 -0.000884743 -0.00434729 -0.00774152 -0.0110707 -0.0143175 -0.0174829 -0.0205757 -0.0236242 -0.0266408 -0.0296385 -0.0325734 -0.0354732 -0.0383066 -0.0410165 -0.0435704 -0.045894 -0.0479556 -0.0496891 -0.0510403 -0.0519311 -0.0523163 -0.0521991 -0.0515857 -0.0504489 -0.0488218 -0.0467635 -0.0443164 -0.0415532 -0.0385261 -0.0353578 -0.0321137 -0.0288815 -0.0257284 -0.0226807 -0.019824 -0.0171799 -0.0147878 -0.0126331 -0.0107403 -0.00913752 -0.00776613 -0.00661156 -0.00565184 -0.00489074 -0.00427259 -0.00375729 -0.00337233 -0.0030928 -0.00289376 -0.00274667 
0 0.000255565 0.000529257 0.000832011 0.00122128 0.0016708 0.00222142 0.00290097 0.0037368 0.00475232 0.00594211 0.00738736 0.00908282 0.0110354 0.0132465 0.0157159 0.0184511 0.0213691 0.0244693 0.0277108 0.0310301 0.0343534 0.0375806 0.0406732 0.0435214 0.0460472 0.0481875 0.0498872 0.0511346 0.0518918 0.0521375 0.0518787 0.0511546 0.0500245 0.0485313 0.04671 0.0446591 0.0424256 0.0400673 0.0376268 0.0351319 0.0326504 0.0301858 0.0277541 0.0253191 0.0228685 0.0204025 0.0179189 0.0153749 0.0127523 0.0100256 0.00718734 0.00427495 0.00127208 -0.00179013 -0.00490386 -0.00802632 -0.0111131 -0.014103 -0.0169651 -0.0196044 -0.0219666 -0.0239424 -0.0254245 -0.0263456 -0.0266126 -0.026181 -0.0250437 -0.0232267 -0.0208288 -0.0180509 -0.0150902 -0.0122648 -0.00985506 -0.00815508 -0.00740413 -0.00778705 -0.00934868 -0.0120773 -0.0157675 -0.0201504 -0.024893 -0.0296436 -0.0340062 -0.0376741 -0.0404067 -0.0420644 -0.0425739 -0.0419624 -0.0403531 -0.0379595 -0.0349853 -0.0316424 -0.0281718 -0.0247605 -0.0215452 -0.0186863 -0.0162969 -0.0144027 -0.013061 -0.0123154 -0.0121396 -0.0125183 -0.0134582 -0.0148781 -0.0166828 -0.0187976 -0.0210818 -0.0233382 -0.0253764 -0.0269613 -0.0278147 -0.0277048 -0.0264503 -0.02392 -0.0200385 -0.0148429 -0.00847155 -0.00119205 0.00669595 0.0148216 0.0227774 0.0301577 0.0366829 0.0420904 0.0462661 0.049176 0.0508858 0.0515212 0.0513027 0.0503988 0.0490544 0.0474269 0.0456339 0.0437438 0.0417738 0.0396925 0.0375061 0.0351682 0.0326523 0.0299494 0.0270228 0.0239075 0.0206347 0.0172588 0.0138158 0.0103473 0.00685913 0.00341632 3.72341e-05 -0.00322733 -0.00637697 -0.00942529 -0.0123706 -0.0152182 -0.0179844 -0.0206869 -0.0233543 -0.0260262 -0.0286762 -0.0313379 -0.033999 -0.0366669 -0.0393019 -0.0418358 -0.0442358 -0.0464433 -0.0484173 -0.0500946 -0.051381 -0.0522206 -0.0525968 -0.0524712 -0.0518382 -0.0506798 -0.0490502 -0.0469899 -0.0445215 -0.0417382 -0.0386924 -0.0355059 -0.0322515 -0.0289968 -0.0258221 -0.0227651 -0.0199147 -0.0172686 -0.0148555 -0.0127115 -0.0108418 -0.00924587 -0.00786583 -0.0067251 -0.00579661 -0.00503408 -0.00441322 -0.00391975 -0.00357061 -0.0033059 -0.00312895 
0 0.000343405 0.000699054 0.0011118 0.00158851 0.00216441 0.0028456 0.00367678 0.0046933 0.00589673 0.00733734 0.00902426 0.0109925 0.0132173 0.0156928 0.0184274 0.0213691 0.0244949 0.0277367 0.0310697 0.0344109 0.0376657 0.0407567 0.0436017 0.0461395 0.0482814 0.0499844 0.0512085 0.0519571 0.0521952 0.0519379 0.0512039 0.0500615 0.0485885 0.0468087 0.0448162 0.0426364 0.0403727 0.038058 0.0357256 0.0334226 0.0311644 0.0289762 0.0268382 0.024722 0.0226214 0.0205319 0.0184165 0.016273 0.0140117 0.0116498 0.00917491 0.00659507 0.00392457 0.00114379 -0.00172736 -0.00465858 -0.00760146 -0.0105041 -0.0133132 -0.0159892 -0.0184215 -0.0205425 -0.02222 -0.0233678 -0.0239052 -0.0237927 -0.0229966 -0.0215694 -0.0195963 -0.0172378 -0.0147368 -0.0123696 -0.0104148 -0.00917071 -0.00887057 -0.00964949 -0.0115942 -0.0146172 -0.0185607 -0.0231791 -0.0281086 -0.032957 -0.0374157 -0.0411313 -0.0438623 -0.0454474 -0.0458444 -0.0451109 -0.0433835 -0.0407972 -0.0376122 -0.0340584 -0.0303504 -0.0266948 -0.0232915 -0.0202331 -0.0176367 -0.0155886 -0.0141431 -0.0132936 -0.0130721 -0.0134472 -0.0143674 -0.0157739 -0.0176267 -0.0197724 -0.0220691 -0.0243431 -0.0263636 -0.0278599 -0.0286289 -0.0283993 -0.0269626 -0.0241732 -0.0199876 -0.0144602 -0.00775879 -7.78926e-05 0.00820728 0.0167027 0.0250185 0.0327587 0.0395643 0.0452104 0.0495243 0.0524852 0.0541541 0.0546503 0.0541622 0.0529133 0.0511114 0.0489479 0.0465817 0.0440834 0.0415007 0.0388426 0.036107 0.0332724 0.0303583 0.027309 0.0241443 0.0208603 0.0174888 0.0140793 0.0106749 0.00729023 0.00397216 0.000727536 -0.00239404 -0.00537047 -0.00822138 -0.0109186 -0.0135132 -0.0159864 -0.0183712 -0.0207082 -0.0230334 -0.0253621 -0.027716 -0.0300816 -0.0325036 -0.0349768 -0.0374762 -0.039968 -0.0423676 -0.0446763 -0.0468163 -0.0487449 -0.0503667 -0.0516171 -0.0524523 -0.0528219 -0.0526901 -0.052032 -0.0508769 -0.0492388 -0.0471668 -0.044682 -0.0418774 -0.0388288 -0.0356294 -0.0323646 -0.0290905 -0.0259118 -0.0228621 -0.0200001 -0.0173428 -0.014934 -0.0128075 -0.0109381 -0.00933018 -0.00796553 -0.00684442 -0.00592192 -0.0051637 -0.00457199 -0.00412433 -0.00380432 -0.00359027 
0 0.000447022 0.000923593 0.00144348 0.00205557 0.00276218 0.00361142 0.00462538 0.0058357 0.00727731 0.00896178 0.0109254 0.0131516 0.0156404 0.0183751 0.0213277 0.0244693 0.0277367 0.0310823 0.034436 0.0377133 0.0408295 0.0436807 0.0462095 0.0483541 0.0500533 0.0512736 0.051986 0.0522143 0.0519448 0.0512063 0.0500621 0.0485754 0.0468235 0.0448505 0.0427235 0.0404989 0.0382463 0.0360222 0.0338464 0.031734 0.0297138 0.0277809 0.0259184 0.0241036 0.0223281 0.0205671 0.0187961 0.0169848 0.0150727 0.0130584 0.0109334 0.00870837 0.00635588 0.00387475 0.00127538 -0.00141951 -0.0041511 -0.0068672 -0.00955985 -0.0121537 -0.014578 -0.0167484 -0.0185214 -0.0198233 -0.0205707 -0.0207164 -0.0202447 -0.019187 -0.017626 -0.0157353 -0.0137239 -0.0118893 -0.0104876 -0.009797 -0.010024 -0.0112971 -0.013673 -0.0170978 -0.0213706 -0.0262457 -0.0313793 -0.0364028 -0.0409536 -0.0446974 -0.0474164 -0.0489785 -0.0493092 -0.0484544 -0.0465543 -0.0437932 -0.0404083 -0.0366216 -0.0326767 -0.0287887 -0.0251315 -0.0218601 -0.0191053 -0.0169029 -0.0153116 -0.0143633 -0.0140471 -0.0143473 -0.0152565 -0.0166811 -0.0185296 -0.0206809 -0.0229753 -0.0252128 -0.0271758 -0.028603 -0.0292382 -0.0288175 -0.0271571 -0.0241355 -0.0196794 -0.0138372 -0.00678255 0.00122887 0.00984384 0.0186742 0.027304 0.0352911 0.0423121 0.0481024 0.0524909 0.0554404 0.0569998 0.057278 0.0564923 0.0548342 0.0525498 0.0498422 0.0468829 0.0437837 0.0406131 0.0373978 0.0341684 0.0309045 0.0276325 0.0243271 0.0209754 0.0176082 0.0142286 0.0108711 0.00757559 0.00435161 0.00122032 -0.00177627 -0.00462448 -0.00730598 -0.00983749 -0.0122194 -0.0144841 -0.0166259 -0.018672 -0.0206749 -0.0226763 -0.0247022 -0.0267572 -0.0288603 -0.031026 -0.033277 -0.0356165 -0.0379972 -0.0403731 -0.0427194 -0.044976 -0.0470916 -0.0489772 -0.0505768 -0.0518243 -0.0526497 -0.0530157 -0.0528627 -0.0522019 -0.0510434 -0.0494047 -0.0473178 -0.0448238 -0.0420139 -0.0389608 -0.0357438 -0.0324598 -0.0291824 -0.0259942 -0.0229344 -0.020055 -0.0174056 -0.0150018 -0.0128745 -0.0110054 -0.00941224 -0.00807357 -0.00696301 -0.00606515 -0.00534223 -0.00480191 -0.00440192 -0.00414902 
