0 0 0 0 0 0 0 0 0 0 0 0 0 0 0 0 0 0 0 0 0 0 0 0 0 0 0 0 0 0 0 0 0 0 0 0 0 0 0 0 0 0 0 0 0 0 0 0 0 0 0 0 0 0 0 0 0 0 0 0 0 0 0 0 0 0 0 0 0 0 0 0 0 0 0 0 0 0 0 0 0 0 0 0 0 0 0 0 0 0 0 0 0 0 0 0 0 0 0 0 0 0 0 0 0 0 0 0 0 0 0 0 0 0 0 0 0 0 0 0 0 0 0 0 0 0 0 0 0 0 0 0 0 0 0 0 0 0 0 0 0 0 0 0 0 0 0 0 0 0 0 0 0 0 0 0 0 0 0 0 0 0 0 0 0 0 0 0 0 0 0 0 0 0 0 0 0 0 0 0 0 0 0 0 0 0 0 0 0 0 0 0 0 0 0 0 0 0 0 0 
0 0.00100504 0.00197756 0.00288844 0.00371169 0.00443872 0.00505397 0.00553633 0.00587232 0.00604837 0.0060471 0.00585268 0.00546846 0.00491557 0.00420661 0.00337677 0.00246661 0.00150152 0.000506797 -0.000488103 -0.001425 -0.00228162 -0.00302781 -0.00363408 -0.00410097 -0.00443 -0.00464117 -0.00472353 -0.00469297 -0.00456181 -0.00434314 -0.00407358 -0.00376881 -0.0034524 -0.00313557 -0.00282359 -0.00251271 -0.0022144 -0.00195301 -0.00173298 -0.00154224 -0.0013759 -0.00122904 -0.00109243 -0.00097872 -0.000884735 -0.000807708 -0.00075046 -0.00069744 -0.00063921 -0.000581229 -0.000533524 -0.000501681 -0.000477975 -0.000456921 -0.000434741 -0.000403419 -0.000381587 -0.000356704 -0.000330205 -0.000317793 -0.000299865 -0.000281896 -0.00026449 -0.000237036 -0.00021791 -0.00020929 -0.000199438 -0.000197049 -0.000181172 -0.000153524 -0.000124202 -0.000105605 -9.85816e-05 -9.51594e-05 -9.3524e-05 -0.000107872 -0.000133363 -0.000164623 -0.00020388 -0.000266814 -0.000353851 -0.00045859 -0.000586607 -0.000721552 -0.000847318 -0.00096103 -0.00105274 -0.00110976 -0.00112281 -0.0010768 -0.000977601 -0.000814341 -0.000600894 -0.000365646 -0.000115996 0.000127946 0.000325443 0.000487403 0.000594283 0.00062707 0.000603222 0.000523367 0.000376963 0.000200122 -1.76159e-06 -0.000214873 -0.000408801 -0.000565076 -0.000677696 -0.000734027 -0.000741453 -0.000704508 -0.000640785 -0.000551664 -0.000442202 -0.000332359 -0.000232035 -0.000144224 -8.11988e-05 -3.32132e-05 1.23252e-05 5.89878e-05 9.87772e-05 0.000120904 0.000139042 0.000150976 0.000153805 0.000157575 0.000168812 0.000185362 0.000202779 0.000210193 0.000222841 0.000228041 0.000230195 0.000236891 0.000242606 0.000257454 0.000276706 0.000280711 0.000288862 0.000299168 0.000314244 0.000346136 0.000371373 0.000388779 0.000403612 0.00041729 0.000436034 0.000465746 0.000503991 0.000548143 0.000592777 0.000637015 0.000682263 0.000744045 0.00083462 0.000937538 0.00104781 0.00116976 0.00130983 0.0014823 0.00169666 0.00193959 0.00221004 0.00250359 0.00280735 0.00312329 0.00344722 0.00377789 0.0040723 0.00430805 0.00446866 0.00452721 0.00448354 0.00431689 0.00402395 0.00358947 0.00300829 0.00228634 0.00143729 0.000509962 -0.000466161 -0.00146798 -0.00246323 -0.00342227 -0.00432059 -0.00513367 -0.00582343 -0.00636512 -0.006772 -0.00704675 -0.00720064 -0.00725926 -0.007252 -0.0072026 -0.00711903 -0.00704128 -0.00698592 
0 0.00197756 0.00389966 0.00569761 0.00733323 0.00876864 0.00998284 0.0109277 0.0115777 0.0119123 0.0118949 0.0115052 0.010751 0.00967147 0.00828956 0.0066682 0.00487796 0.00298504 0.00102539 -0.000918004 -0.00275214 -0.00443318 -0.00589677 -0.00711597 -0.00804293 -0.00871973 -0.00913953 -0.00930544 -0.00925873 -0.00900243 -0.00860834 -0.00808851 -0.00750875 -0.00688651 -0.00625638 -0.00564844 -0.0050446 -0.00447323 -0.00396789 -0.00352311 -0.00312846 -0.0027862 -0.00247818 -0.00222482 -0.00199094 -0.00180906 -0.00164037 -0.00150484 -0.00139981 -0.0012835 -0.00118695 -0.00110441 -0.00103644 -0.000974908 -0.000920322 -0.00085292 -0.000804846 -0.000754709 -0.000716429 -0.000663975 -0.000626913 -0.00059113 -0.000561552 -0.00053054 -0.000488974 -0.000444166 -0.000411925 -0.000389767 -0.00035268 -0.000321004 -0.000286103 -0.000258535 -0.000229144 -0.000206822 -0.000181906 -0.000198224 -0.000201891 -0.000231894 -0.000309508 -0.000417121 -0.000540471 -0.00071904 -0.000915336 -0.00116386 -0.00142784 -0.00168771 -0.00192609 -0.00210537 -0.00219841 -0.00223089 -0.00214096 -0.00193496 -0.00162836 -0.00121398 -0.000726085 -0.000234392 0.000242717 0.000657311 0.00097389 0.00117223 0.00125444 0.00120546 0.00102745 0.00075029 0.000398769 -1.95654e-05 -0.000427408 -0.000800138 -0.00112346 -0.00134334 -0.00145349 -0.00148833 -0.00141203 -0.00127145 -0.00109032 -0.000879857 -0.000667348 -0.000473593 -0.000288434 -0.000157818 -3.40863e-05 5.74462e-05 0.000119063 0.000181 0.000247027 0.000265432 0.000291804 0.000314305 0.000350635 0.00037924 0.000398807 0.000401483 0.000422783 0.0004375 0.000452517 0.000470254 0.000485481 0.000497952 0.000525671 0.000553655 0.00057167 0.000597072 0.000609871 0.000644335 0.000677924 0.000721245 0.000752554 0.000793332 0.000840429 0.000894339 0.000943525 0.00101807 0.00108506 0.00117582 0.00127734 0.0013696 0.00150845 0.0016716 0.00187534 0.00209706 0.00235599 0.0026593 0.00302144 0.00344458 0.00392862 0.0044528 0.00504038 0.00565256 0.00627086 0.00691231 0.00752356 0.00808466 0.00851788 0.0088193 0.00893217 0.00882704 0.00849083 0.00788302 0.0070107 0.00585459 0.00443385 0.0027741 0.000955019 -0.000966863 -0.00294364 -0.00491058 -0.00679715 -0.00855715 -0.0101519 -0.0115012 -0.0125825 -0.0133946 -0.0139615 -0.0142885 -0.0144243 -0.0144412 -0.0143591 -0.0142285 -0.0140901 -0.0139993 
0 0.00288844 0.00569761 0.00834389 0.0107473 0.0128645 0.0146415 0.0160158 0.0169491 0.0174099 0.0173612 0.0167777 0.0156793 0.014121 0.0121276 0.00977909 0.00718266 0.00442244 0.00158746 -0.00122717 -0.00387452 -0.00630729 -0.00845945 -0.0102536 -0.0116685 -0.0126884 -0.0133468 -0.0136244 -0.0135826 -0.013272 -0.0127329 -0.0120373 -0.0112115 -0.0103127 -0.0093933 -0.00849786 -0.00762923 -0.00680618 -0.00606292 -0.00539533 -0.00478315 -0.00424269 -0.00378513 -0.00338899 -0.00305991 -0.00276947 -0.00250479 -0.00229047 -0.00211257 -0.00195273 -0.00181333 -0.00169277 -0.00158703 -0.00147878 -0.00137441 -0.00128489 -0.0012008 -0.00115281 -0.0010928 -0.00101118 -0.000951081 -0.000883002 -0.000830991 -0.000795753 -0.000737324 -0.000683053 -0.000633061 -0.000569123 -0.000526055 -0.000473462 -0.000417281 -0.000371698 -0.000346765 -0.000329752 -0.000300707 -0.000271825 -0.000289857 -0.000358337 -0.000466986 -0.000610764 -0.000815192 -0.00107711 -0.00138122 -0.00174743 -0.00213863 -0.00251327 -0.00285668 -0.00313126 -0.00329737 -0.00332987 -0.00318978 -0.00289207 -0.0024168 -0.00179719 -0.001105 -0.000367784 0.00035578 0.000956521 0.00144215 0.00175716 0.00185352 0.00177377 0.00152607 0.00109765 0.00057875 -1.16625e-05 -0.000632284 -0.00120362 -0.00167284 -0.00201067 -0.00218155 -0.00220355 -0.00209146 -0.00189799 -0.00163725 -0.00132351 -0.00100443 -0.000702393 -0.000425651 -0.000212165 -4.76638e-05 8.82992e-05 0.000203158 0.00028989 0.000338713 0.000391349 0.000450379 0.000498119 0.000540146 0.000576222 0.000600205 0.000614349 0.000616491 0.000651278 0.000687037 0.000717726 0.000745153 0.000753314 0.000779065 0.000824495 0.00085131 0.000896968 0.000939109 0.000973198 0.00102898 0.00107031 0.00111505 0.00118464 0.00126829 0.00135551 0.00144219 0.00153167 0.00163924 0.00177617 0.00193901 0.00211036 0.00230974 0.00256315 0.00285251 0.00319214 0.00360275 0.00408449 0.00464348 0.00528306 0.00598066 0.00675561 0.00761562 0.00851745 0.00943542 0.010336 0.0112063 0.0119587 0.0125537 0.0129565 0.013085 0.0129095 0.0123621 0.0114339 0.0101089 0.0083974 0.0063232 0.00391443 0.00127711 -0.0015222 -0.00441289 -0.00728701 -0.0100414 -0.012605 -0.014923 -0.0169109 -0.0185149 -0.0197609 -0.0206471 -0.0211915 -0.0214591 -0.0215319 -0.0214756 -0.0213206 -0.021166 -0.0210553 
0 0.00371169 0.00733323 0.0107473 0.0138661 0.016604 0.0188959 0.0206519 0.0218228 0.0223792 0.0222806 0.0215142 0.0201106 0.0181311 0.0156056 0.0126257 0.00931615 0.00580926 0.00220067 -0.00135899 -0.00472191 -0.00782783 -0.0105873 -0.01294 -0.0147958 -0.0161854 -0.0170932 -0.017528 -0.0175699 -0.0172499 -0.0166696 -0.0158449 -0.0148549 -0.0137376 -0.0125703 -0.0114271 -0.0103013 -0.00922977 -0.00825176 -0.00735432 -0.00653122 -0.00580735 -0.00517549 -0.00465557 -0.00418695 -0.00379333 -0.00342278 -0.00311307 -0.00286844 -0.00263284 -0.00243846 -0.00227075 -0.00212274 -0.00198191 -0.00185525 -0.00172361 -0.00162874 -0.00154126 -0.00146388 -0.00135912 -0.00127271 -0.00119047 -0.00112503 -0.00106482 -0.000990557 -0.000911453 -0.000847039 -0.000792174 -0.000717959 -0.00065038 -0.000581841 -0.000526389 -0.000472916 -0.000430574 -0.000386266 -0.00040182 -0.00041732 -0.000487808 -0.000641903 -0.000853108 -0.00110466 -0.00144965 -0.00184007 -0.00232104 -0.00283652 -0.00334527 -0.0038091 -0.00416291 -0.00435627 -0.00440905 -0.00423055 -0.00382645 -0.00321695 -0.00240609 -0.00146183 -0.000497614 0.000434976 0.00124379 0.00186732 0.00226271 0.00242165 0.00232718 0.00198635 0.00144482 0.000755817 -5.19259e-05 -0.000855064 -0.00159314 -0.00222346 -0.00265977 -0.00288355 -0.00294119 -0.00279569 -0.00252285 -0.00216602 -0.00175304 -0.00133372 -0.000944063 -0.000579192 -0.000305987 -6.14568e-05 0.000124294 0.000255986 0.000375751 0.000488619 0.000533907 0.00058729 0.000634736 0.000700161 0.000753313 0.00078814 0.000798562 0.000835075 0.000871193 0.000910834 0.000951125 0.000981775 0.00100314 0.00104663 0.00109795 0.00114148 0.0012014 0.00124645 0.00131525 0.00138084 0.00145514 0.00151913 0.00160998 0.00172026 0.00183931 0.00194567 0.00208037 0.00221734 0.00241118 0.00264479 0.00288022 0.00318069 0.00351931 0.00392542 0.00438892 0.00494627 0.00560034 0.0063521 0.00719134 0.00811661 0.00911965 0.0102399 0.0114088 0.0125712 0.0137186 0.014767 0.01568 0.0163596 0.0167949 0.0168877 0.0165701 0.0157989 0.01452 0.0127612 0.0105245 0.00785047 0.00477665 0.00140998 -0.00216767 -0.00586859 -0.00955647 -0.0130886 -0.0163777 -0.0193645 -0.0219405 -0.0240707 -0.0257522 -0.0270031 -0.0278214 -0.0282799 -0.0284915 -0.0285039 -0.0283997 -0.0282582 -0.0281626 
0 0.00443872 0.00876864 0.0128645 0.016604 0.0198896 0.0226213 0.0246973 0.0260585 0.0266746 0.0265183 0.0255857 0.0239174 0.0215824 0.0186158 0.0151185 0.0112423 0.00712567 0.00290649 -0.00127174 -0.00523376 -0.00891275 -0.0122212 -0.0150519 -0.0173482 -0.0190877 -0.0202926 -0.0209492 -0.0211292 -0.0208941 -0.0203045 -0.0194357 -0.0183363 -0.0170793 -0.0157431 -0.0143965 -0.0130537 -0.0117539 -0.0105482 -0.00944294 -0.00842299 -0.00750863 -0.00671067 -0.00601031 -0.00540525 -0.00487625 -0.00440745 -0.00402063 -0.00369332 -0.00338873 -0.00311627 -0.00288262 -0.00269021 -0.00251652 -0.00235619 -0.00220597 -0.00206179 -0.00195147 -0.00183803 -0.00171155 -0.00161352 -0.00151191 -0.00141954 -0.00133617 -0.00122966 -0.00113582 -0.00106232 -0.000987215 -0.000921048 -0.000834184 -0.000730603 -0.000637496 -0.000574911 -0.000536568 -0.00050317 -0.000493364 -0.000537732 -0.000647584 -0.000821237 -0.00105566 -0.00138026 -0.00180351 -0.00230637 -0.00290301 -0.00353798 -0.00414966 -0.00470478 -0.00514266 -0.00540653 -0.00545889 -0.00523873 -0.0047482 -0.00397855 -0.00297465 -0.00183893 -0.000646574 0.000506566 0.0014851 0.00226069 0.00276506 0.00294424 0.00282916 0.00242913 0.00175333 0.000905043 -6.37159e-05 -0.00106653 -0.0019898 -0.00275308 -0.00329613 -0.00357984 -0.0036273 -0.0034572 -0.00313773 -0.00270417 -0.00218687 -0.0016557 -0.00115482 -0.00070667 -0.000357371 -8.17881e-05 0.000146879 0.000341595 0.000501486 0.000610881 0.000692718 0.000763807 0.000816268 0.000868338 0.000924555 0.000978001 0.00102198 0.00105597 0.00110805 0.00115333 0.00119103 0.00122927 0.00125931 0.0013173 0.00139097 0.00143993 0.00150175 0.00156535 0.0016406 0.00174794 0.0018437 0.00193214 0.0020393 0.00216431 0.00230644 0.00246274 0.00264137 0.00284802 0.00309973 0.0033909 0.003708 0.00408642 0.00455098 0.00508503 0.00569857 0.0064154 0.00724123 0.00818459 0.00924112 0.0103848 0.011623 0.0129596 0.0143291 0.015683 0.0169761 0.0181655 0.0191467 0.0198537 0.0202401 0.0202086 0.0197084 0.0186612 0.0170485 0.0148696 0.0121537 0.00894168 0.00527948 0.00128829 -0.00294758 -0.00732682 -0.0116939 -0.015891 -0.0198155 -0.0233934 -0.0265231 -0.0291471 -0.0312832 -0.0329258 -0.03408 -0.0348157 -0.0352347 -0.0354158 -0.0354182 -0.0353624 -0.0353144 
0 0.00505397 0.00998284 0.0146415 0.0188959 0.0226213 0.0257023 0.0280251 0.0295251 0.0301774 0.0299634 0.0288895 0.027006 0.0243844 0.0210799 0.0172054 0.0129179 0.00837132 0.00369495 -0.000947625 -0.00538941 -0.0095388 -0.0132897 -0.0165432 -0.0192174 -0.0213172 -0.0228373 -0.0237704 -0.024169 -0.0240748 -0.0235737 -0.0227266 -0.0216163 -0.0203085 -0.0188805 -0.0173999 -0.0158839 -0.0143897 -0.0129848 -0.0116817 -0.0104741 -0.00937635 -0.00838858 -0.00751808 -0.0067432 -0.00607578 -0.00548897 -0.00499796 -0.00458275 -0.00419249 -0.00384579 -0.00355029 -0.00330464 -0.0030883 -0.00288972 -0.00269091 -0.00251375 -0.00235817 -0.00221648 -0.00206983 -0.00194878 -0.00183447 -0.00172852 -0.0016205 -0.00149531 -0.00137437 -0.00127528 -0.00118636 -0.00108764 -0.000982974 -0.000874796 -0.000781617 -0.000707532 -0.000654537 -0.000612872 -0.000620355 -0.000662424 -0.000779034 -0.000993585 -0.00129256 -0.00167714 -0.00217869 -0.00276998 -0.00346769 -0.0042139 -0.00494474 -0.0056026 -0.00611109 -0.00640651 -0.00646497 -0.00620779 -0.00562627 -0.00473271 -0.00356196 -0.00221322 -0.000812542 0.000535982 0.00170474 0.0026146 0.00319993 0.00342769 0.0032937 0.00281256 0.0020312 0.00103206 -0.000115539 -0.0012816 -0.00235876 -0.00326259 -0.00390286 -0.00424552 -0.00431899 -0.00412478 -0.00373821 -0.00321583 -0.00260587 -0.00197698 -0.00138083 -0.000842519 -0.000416581 -6.57928e-05 0.000209104 0.000421968 0.000603149 0.000751313 0.000841758 0.000920532 0.000988116 0.00106508 0.00113732 0.00119428 0.0012331 0.00128146 0.00133334 0.00138425 0.00143378 0.0014821 0.00153282 0.00160953 0.0016934 0.00175873 0.00182738 0.00189379 0.00198905 0.00210744 0.00223252 0.00234821 0.00248223 0.00263887 0.00281883 0.00301721 0.00325415 0.00351739 0.00383513 0.00419716 0.00459298 0.00508154 0.00566864 0.0063574 0.0071352 0.00802144 0.00902615 0.0101611 0.0114212 0.0127842 0.0142284 0.015748 0.0172664 0.0187281 0.0201081 0.0213329 0.0223168 0.0229564 0.0232053 0.0229773 0.0222172 0.020878 0.0189223 0.0163645 0.0132225 0.00954205 0.00538674 0.000878937 -0.00388103 -0.00878908 -0.0136903 -0.0184237 -0.0228809 -0.0269771 -0.0306017 -0.0337033 -0.0362847 -0.0383507 -0.0398972 -0.0409844 -0.0417105 -0.0421387 -0.0423465 -0.0424364 -0.0424877 
0 0.00553633 0.0109277 0.0160158 0.0206519 0.0246973 0.0280251 0.0305209 0.0321188 0.0327952 0.0325366 0.0313575 0.029314 0.0264874 0.0229589 0.0188523 0.0143238 0.00951666 0.00455818 -0.000392428 -0.00516925 -0.00965851 -0.0137505 -0.0173434 -0.0203663 -0.0228137 -0.0246734 -0.0259286 -0.0266055 -0.0267439 -0.0264193 -0.0257005 -0.0246678 -0.0233901 -0.0219417 -0.0203874 -0.0187613 -0.0171281 -0.015557 -0.0140714 -0.0126738 -0.0113827 -0.0102109 -0.00916544 -0.00823194 -0.00741042 -0.00668579 -0.00606734 -0.00553976 -0.00506267 -0.00464125 -0.00427802 -0.003966 -0.00368691 -0.00343169 -0.00319299 -0.00298604 -0.00280649 -0.00263695 -0.00246261 -0.00230461 -0.00216102 -0.00203214 -0.00190846 -0.00177355 -0.00163811 -0.00151387 -0.00139585 -0.00127233 -0.00114829 -0.00102797 -0.000928246 -0.0008523 -0.000793093 -0.000744125 -0.000739626 -0.000792429 -0.000936978 -0.00118812 -0.00153627 -0.00198645 -0.00255845 -0.00323965 -0.0040308 -0.00487836 -0.00571094 -0.00646018 -0.00704261 -0.0073856 -0.00744111 -0.00714316 -0.00647469 -0.00545261 -0.00412529 -0.00259905 -0.00100443 0.0005302 0.00186939 0.00291308 0.00358636 0.00384731 0.00369378 0.00314705 0.00226332 0.00112836 -0.0001667 -0.00149309 -0.00272618 -0.00376032 -0.00449802 -0.00489865 -0.00497743 -0.00475944 -0.0043185 -0.00372072 -0.00302296 -0.00229766 -0.00160235 -0.000977023 -0.000466506 -5.34725e-05 0.000271877 0.00052372 0.00072433 0.000879108 0.000986967 0.00108355 0.0011722 0.00126092 0.0013397 0.00139904 0.00143987 0.00148948 0.00155148 0.00162168 0.00169024 0.00175077 0.00180884 0.00188746 0.00197698 0.00206232 0.00215297 0.00224773 0.00236348 0.00249684 0.00263563 0.00277627 0.00294437 0.00314562 0.00337431 0.00362444 0.00391154 0.00424016 0.0046362 0.00509292 0.00560537 0.00621542 0.00693772 0.00777486 0.00872091 0.00978725 0.0109805 0.0123056 0.0137507 0.0152899 0.0168957 0.0185412 0.020149 0.0216581 0.0230348 0.0242099 0.0250914 0.0255789 0.0256119 0.02512 0.0240575 0.0223914 0.0200989 0.0171902 0.0136844 0.00962326 0.00508305 0.000187761 -0.00495373 -0.0102354 -0.0155175 -0.0206533 -0.025536 -0.030071 -0.034148 -0.0377091 -0.0407484 -0.0432671 -0.0452619 -0.0467788 -0.0478942 -0.0486617 -0.0491489 -0.0494473 -0.0496311 
0 0.00587232 0.0115777 0.0169491 0.0218228 0.0260585 0.0295251 0.0321188 0.0337748 0.0344645 0.0341777 0.0329358 0.0308019 0.0278692 0.0242424 0.0200484 0.0154367 0.0105274 0.005455 0.000360494 -0.00459353 -0.00928267 -0.0136098 -0.0174632 -0.0207981 -0.0235671 -0.0257629 -0.0273582 -0.0283582 -0.0288149 -0.0287631 -0.028283 -0.0274201 -0.0262541 -0.024861 -0.0233048 -0.0216437 -0.0199365 -0.0182426 -0.0165997 -0.0150246 -0.0135472 -0.0122043 -0.0109843 -0.00989625 -0.00890576 -0.00802595 -0.00726104 -0.00659791 -0.00602109 -0.00550996 -0.00506506 -0.00467598 -0.00432757 -0.00401 -0.00373511 -0.00348942 -0.00328453 -0.00307931 -0.00287507 -0.00268139 -0.0025065 -0.00234869 -0.0022031 -0.00204948 -0.00190058 -0.00176029 -0.00161862 -0.00148493 -0.00134206 -0.00120271 -0.00108233 -0.000993586 -0.000923879 -0.000881087 -0.000869002 -0.000947413 -0.00112485 -0.00140502 -0.00179253 -0.0023079 -0.00294055 -0.00370869 -0.00458651 -0.00552904 -0.00645461 -0.00728526 -0.0079337 -0.00832548 -0.00837581 -0.00804277 -0.00729828 -0.00615038 -0.00467132 -0.00298356 -0.00120888 0.000492408 0.00197289 0.00313453 0.00389339 0.00418823 0.00402913 0.00343782 0.00245948 0.00119553 -0.000235244 -0.00171689 -0.00309559 -0.00424111 -0.00506747 -0.0055249 -0.005607 -0.00537271 -0.00488301 -0.00421194 -0.00342758 -0.00260836 -0.00181696 -0.00111321 -0.000516769 -4.79857e-05 0.000328446 0.000631303 0.000864252 0.00102568 0.00115653 0.00125678 0.00135157 0.00143894 0.00152302 0.00159276 0.00165396 0.00170848 0.0017864 0.00186984 0.00194819 0.0020192 0.00208605 0.00216883 0.00226863 0.00237314 0.00248545 0.00261551 0.00275272 0.00291339 0.00306946 0.00324157 0.00344662 0.00369457 0.00397461 0.00428574 0.00462588 0.00503364 0.00552043 0.00609116 0.00675047 0.00749898 0.00837292 0.00935814 0.0104725 0.01172 0.0131022 0.0146079 0.0162119 0.017876 0.0195851 0.0212902 0.0229247 0.0244201 0.0257084 0.0267422 0.0274122 0.0276572 0.0274012 0.0265932 0.0251995 0.0231846 0.0205611 0.0173291 0.0135235 0.00917854 0.00437361 -0.000774934 -0.00615941 -0.0116728 -0.0171951 -0.0226039 -0.0278006 -0.0326866 -0.037164 -0.0411608 -0.0446641 -0.0476574 -0.0501424 -0.0521496 -0.0537234 -0.0549122 -0.055752 -0.0563242 -0.0566809 
0 0.00604837 0.0119123 0.0174099 0.0223792 0.0266746 0.0301774 0.0327952 0.0344645 0.0351517 0.0348516 0.0335938 0.0314558 0.0285285 0.0249343 0.0207957 0.0162352 0.0113821 0.00634506 0.00127946 -0.00369803 -0.00845926 -0.0129071 -0.016966 -0.0205434 -0.0236121 -0.0261134 -0.028048 -0.0294112 -0.0302246 -0.0305356 -0.0303599 -0.0297592 -0.0287926 -0.0275433 -0.02608 -0.0244649 -0.022752 -0.021 -0.0192453 -0.0175353 -0.0159075 -0.0143865 -0.0130034 -0.0117282 -0.0105706 -0.0095307 -0.00860986 -0.007809 -0.00710363 -0.00648094 -0.00594031 -0.00546309 -0.00504535 -0.00467138 -0.00432845 -0.00404017 -0.00376966 -0.00352507 -0.0032964 -0.00307266 -0.00287731 -0.00269563 -0.00250739 -0.00232956 -0.00215263 -0.00199188 -0.00184988 -0.00168789 -0.0015259 -0.00137298 -0.00123914 -0.00112795 -0.00104792 -0.00101043 -0.00103784 -0.0011226 -0.00130601 -0.0016187 -0.00206045 -0.00261937 -0.00332493 -0.00417346 -0.00513415 -0.00616011 -0.00717628 -0.0080791 -0.00878044 -0.00919557 -0.00925562 -0.00889518 -0.00807395 -0.00682741 -0.00522018 -0.00336201 -0.00143544 0.000403166 0.00203007 0.00329095 0.00411067 0.00446171 0.00430098 0.00365482 0.00261025 0.00123343 -0.000341787 -0.00194636 -0.0034436 -0.00469924 -0.00559846 -0.00610181 -0.00621303 -0.0059679 -0.00543018 -0.00468325 -0.00381739 -0.00290416 -0.00201893 -0.0012282 -0.000564462 -1.98343e-05 0.000406309 0.000733605 0.000995655 0.0012101 0.00134995 0.00144984 0.00154044 0.00163534 0.00172717 0.00180652 0.00187592 0.00196252 0.00204159 0.00212607 0.00221034 0.00228552 0.00237869 0.00248349 0.00259545 0.00272296 0.00284591 0.00298283 0.00315307 0.00332878 0.00353061 0.00374501 0.00399022 0.00428515 0.00462041 0.00499609 0.00542596 0.00592463 0.00652007 0.00721335 0.00800766 0.00892179 0.00994773 0.01111 0.0123991 0.0138237 0.0153838 0.0170485 0.0187764 0.0205318 0.0222765 0.0239704 0.0255519 0.0269358 0.0280635 0.0288417 0.0292233 0.0291333 0.0285273 0.0273752 0.0256227 0.0232767 0.0203262 0.0168147 0.0127683 0.00823001 0.00328101 -0.00199793 -0.00749615 -0.0131184 -0.018761 -0.024325 -0.0297246 -0.0348705 -0.0396751 -0.0440769 -0.0480273 -0.0515109 -0.0545156 -0.0570524 -0.059147 -0.060809 -0.0620777 -0.0629763 -0.0635547 
0 0.0060471 0.0118949 0.0173612 0.0222806 0.0265183 0.0299634 0.0325366 0.0341777 0.0348516 0.0345596 0.0333521 0.0312995 0.0284973 0.0250606 0.0210972 0.0167283 0.0120532 0.00721552 0.00231571 -0.00254163 -0.00724711 -0.0117315 -0.0158841 -0.0196628 -0.02296 -0.0257561 -0.0280338 -0.0297656 -0.0309895 -0.0316773 -0.0318817 -0.0316089 -0.0309366 -0.0299339 -0.0286468 -0.0271538 -0.0255068 -0.0237535 -0.0219618 -0.020175 -0.0184237 -0.0167602 -0.0151809 -0.0137388 -0.012398 -0.0112044 -0.0101365 -0.00917426 -0.00833146 -0.00757672 -0.00691817 -0.00634817 -0.00585122 -0.00539473 -0.00499616 -0.00462355 -0.0043028 -0.00400364 -0.00374446 -0.0034969 -0.00327391 -0.00305406 -0.00283993 -0.00262839 -0.00243172 -0.00224794 -0.00206558 -0.00190042 -0.00171871 -0.00153904 -0.00138578 -0.00128138 -0.00120788 -0.00118592 -0.0011847 -0.00130171 -0.0015238 -0.00184822 -0.00230942 -0.00294242 -0.00370448 -0.00464054 -0.00568054 -0.00678375 -0.0078613 -0.00882214 -0.00957316 -0.0100333 -0.0100756 -0.00968279 -0.00880757 -0.0074618 -0.00574172 -0.00378114 -0.00170849 0.00027482 0.00201401 0.00338324 0.00428721 0.00464952 0.00447955 0.00380476 0.00267891 0.00120888 -0.000444827 -0.00216873 -0.00378118 -0.00512098 -0.00610106 -0.00666339 -0.00677291 -0.00652116 -0.00595056 -0.00514885 -0.00420002 -0.00319065 -0.00220474 -0.00133506 -0.000576054 6.77409e-06 0.000477235 0.000866238 0.00115952 0.0013585 0.00153702 0.00165784 0.00176809 0.00185258 0.00193801 0.00202698 0.0021224 0.00219779 0.0022927 0.00238641 0.00247638 0.00257149 0.00268054 0.00280524 0.00294299 0.00308694 0.00322045 0.00338316 0.00355888 0.00377935 0.00401456 0.00428742 0.00458521 0.00493028 0.00532692 0.00579509 0.00632164 0.00695481 0.00767091 0.00848588 0.00943392 0.0104883 0.0117016 0.0130405 0.0145168 0.0161082 0.0178068 0.019584 0.0213928 0.0231788 0.0249116 0.0265103 0.0279381 0.0291255 0.0299732 0.030446 0.0304498 0.0299834 0.0289836 0.0274484 0.0253539 0.0226721 0.0194507 0.015697 0.0114788 0.0068369 0.00184287 -0.003441 -0.00894075 -0.0145589 -0.0202187 -0.0258422 -0.0313528 -0.0366736 -0.0417481 -0.0465061 -0.0508946 -0.0548666 -0.058409 -0.0615059 -0.0641402 -0.0663227 -0.0680445 -0.0693184 -0.070145 
0 0.00585268 0.0115052 0.0167777 0.0215142 0.0255857 0.0288895 0.0313575 0.0329358 0.0335938 0.0333521 0.0322586 0.0303909 0.0278159 0.0246455 0.0209786 0.0169064 0.0125528 0.00801888 0.0034153 -0.00121604 -0.00576869 -0.0101613 -0.0143327 -0.0181904 -0.0216776 -0.0247227 -0.0273295 -0.0294481 -0.0310646 -0.0321808 -0.0327938 -0.0329367 -0.0326472 -0.0319731 -0.030945 -0.0296426 -0.0281199 -0.0264442 -0.0246699 -0.0228626 -0.0210479 -0.0192537 -0.017543 -0.0159262 -0.0144301 -0.013072 -0.0118297 -0.0107016 -0.00969746 -0.00880044 -0.00801938 -0.00732961 -0.00673171 -0.00619482 -0.00570729 -0.00528703 -0.00489318 -0.00454562 -0.00424205 -0.00394449 -0.0036845 -0.00344375 -0.00319527 -0.00297013 -0.00274303 -0.00252431 -0.00232237 -0.00211324 -0.00191651 -0.00174759 -0.00160128 -0.00147392 -0.00138018 -0.00134878 -0.00138406 -0.00149829 -0.00172737 -0.00210119 -0.00263007 -0.00329341 -0.00411131 -0.00509593 -0.00619254 -0.00736302 -0.00852736 -0.00955128 -0.010342 -0.0108034 -0.0108456 -0.010421 -0.00948581 -0.00807691 -0.00627529 -0.00418786 -0.00201018 7.82304e-05 0.00194093 0.00339332 0.00434212 0.00475606 0.00458266 0.0038627 0.00269593 0.00115478 -0.000603325 -0.00240269 -0.00409677 -0.00552613 -0.00657272 -0.00717885 -0.00732557 -0.00706118 -0.00644186 -0.00556379 -0.00454928 -0.00347093 -0.00241354 -0.00146053 -0.000630916 5.55404e-05 0.000591657 0.000997614 0.00130449 0.00154853 0.00172211 0.0018421 0.00195639 0.00206924 0.00217218 0.00225817 0.00233926 0.00243505 0.0025299 0.00263649 0.00275089 0.00286102 0.00299831 0.00313442 0.00327891 0.00345086 0.00361524 0.00380354 0.00402952 0.00426815 0.00455948 0.00488746 0.00524856 0.00566824 0.00614483 0.00670308 0.00735226 0.00811045 0.00897215 0.00994166 0.011042 0.0122806 0.0136538 0.0151791 0.0168157 0.0185379 0.0203298 0.0221508 0.0239646 0.0257246 0.0273674 0.0288076 0.030005 0.03089 0.0314057 0.03148 0.0310919 0.0302014 0.028783 0.0268582 0.0243967 0.0214316 0.0179676 0.0140549 0.00973487 0.00506795 0.000126057 -0.00507544 -0.010469 -0.0159921 -0.0215826 -0.0271887 -0.0327406 -0.0381744 -0.0434562 -0.0485341 -0.053326 -0.0577808 -0.0618603 -0.0655156 -0.0687046 -0.071399 -0.0735949 -0.0752441 -0.0763327 
0 0.00546846 0.010751 0.0156793 0.0201106 0.0239174 0.027006 0.029314 0.0308019 0.0314558 0.0312995 0.0303909 0.0287772 0.026519 0.0237094 0.0204361 0.0167871 0.0128487 0.00873723 0.00450593 0.000193979 -0.0041041 -0.00832241 -0.0123876 -0.0162661 -0.0198573 -0.0231172 -0.0260176 -0.02848 -0.0304926 -0.0320169 -0.0330797 -0.0336702 -0.0338144 -0.0335325 -0.0328365 -0.0318125 -0.0305175 -0.0289953 -0.0273184 -0.0255467 -0.0237105 -0.0218635 -0.0200424 -0.0183094 -0.016656 -0.0151319 -0.0137187 -0.012416 -0.0112596 -0.0102188 -0.00928755 -0.00845568 -0.00772579 -0.00707314 -0.00651396 -0.00601682 -0.00557105 -0.00515941 -0.00479461 -0.0044403 -0.00412653 -0.00383582 -0.00356298 -0.00330866 -0.00306057 -0.00281414 -0.00257338 -0.00235886 -0.00214904 -0.00195416 -0.00178763 -0.00165898 -0.00156293 -0.00153509 -0.00155429 -0.0017064 -0.00198076 -0.00237151 -0.00291804 -0.00364155 -0.00450585 -0.00555368 -0.00670884 -0.00792983 -0.00913066 -0.0102001 -0.0110341 -0.0115344 -0.0115696 -0.0111191 -0.0101372 -0.00865074 -0.00676355 -0.00460708 -0.00233464 -0.000155289 0.00177401 0.00329802 0.00431293 0.00474682 0.00458731 0.00386619 0.00265354 0.00105228 -0.000761734 -0.00265011 -0.00442787 -0.00591869 -0.00701872 -0.00766097 -0.00780383 -0.00753142 -0.00688889 -0.00597594 -0.0048962 -0.00373708 -0.00259454 -0.00156479 -0.000644668 9.12255e-05 0.000684673 0.00116099 0.0015046 0.00173731 0.00193191 0.00206605 0.00219383 0.00229625 0.00239175 0.00249099 0.0025955 0.00268719 0.00279953 0.00292297 0.00305296 0.00318606 0.0033284 0.00347067 0.00362943 0.00382425 0.00403041 0.00427826 0.00454258 0.00483289 0.00515647 0.0055412 0.00597391 0.00648057 0.00706367 0.00774288 0.008514 0.00941853 0.01043 0.0115663 0.0128577 0.0142622 0.0158073 0.0174697 0.0192343 0.0210549 0.0228984 0.0247195 0.026474 0.0281175 0.0295906 0.0307828 0.0316657 0.0321864 0.0322788 0.0319306 0.0310988 0.0297883 0.0279554 0.025638 0.0228492 0.0196123 0.0159828 0.0119688 0.00762583 0.00300643 -0.00183007 -0.00687495 -0.0120997 -0.0174473 -0.0228974 -0.0284218 -0.0339589 -0.0394549 -0.0448949 -0.0502354 -0.0553904 -0.0602892 -0.0648789 -0.0690756 -0.0727954 -0.0759965 -0.0786402 -0.0806584 -0.0819954 
0 0.00491557 0.00967147 0.014121 0.0181311 0.0215824 0.0243844 0.0264874 0.0278692 0.0285285 0.0284973 0.0278159 0.026519 0.024645 0.0222798 0.0195002 0.0163621 0.0129402 0.00931358 0.00553061 0.00160994 -0.00235714 -0.00630458 -0.0101991 -0.0140024 -0.0176353 -0.0210277 -0.0241479 -0.0269093 -0.0292749 -0.0312145 -0.0327229 -0.0337792 -0.0343805 -0.0345331 -0.0342445 -0.0335923 -0.0326112 -0.0313341 -0.0298212 -0.0281542 -0.0263758 -0.02453 -0.0226728 -0.0208436 -0.0190624 -0.0173786 -0.0157936 -0.0143239 -0.0130056 -0.0118089 -0.0107246 -0.00974039 -0.00887281 -0.00810295 -0.00743107 -0.00684099 -0.00629967 -0.00581236 -0.00538451 -0.00497764 -0.00461484 -0.00428278 -0.00396284 -0.0036724 -0.0033906 -0.00311609 -0.0028535 -0.00260866 -0.00237812 -0.00217531 -0.00199889 -0.00185206 -0.00175366 -0.00173967 -0.00179133 -0.00194822 -0.00222511 -0.00264196 -0.00323157 -0.00399064 -0.00490941 -0.00600436 -0.00720563 -0.00847036 -0.00971846 -0.0108206 -0.0116774 -0.0121837 -0.0122248 -0.0117577 -0.0107424 -0.00921009 -0.00726338 -0.00502978 -0.00269413 -0.000452556 0.00153938 0.00311464 0.00416776 0.00464376 0.00450218 0.00377555 0.00254267 0.000901215 -0.000976661 -0.00291688 -0.00474335 -0.00628008 -0.00741712 -0.00808563 -0.00825585 -0.00798392 -0.00731748 -0.00635242 -0.00521333 -0.00398559 -0.00276875 -0.00165714 -0.00066748 0.000149368 0.000798571 0.00130345 0.00167677 0.00195528 0.00216848 0.00230898 0.00243175 0.00253977 0.00264048 0.00274187 0.00285256 0.00296521 0.00308738 0.00321782 0.00335952 0.00351011 0.00368315 0.00385165 0.00403568 0.00425825 0.00449786 0.0047804 0.00509479 0.00543086 0.0058233 0.00628505 0.00681025 0.00742544 0.00812991 0.00894057 0.00985522 0.0109015 0.0120667 0.0133738 0.0148421 0.016427 0.0181116 0.0198876 0.0217261 0.0235903 0.0254379 0.0272004 0.0288271 0.0302723 0.0314759 0.0323413 0.0328475 0.0329481 0.0325954 0.0317772 0.0304963 0.0287547 0.0265308 0.0238665 0.0207831 0.0173413 0.0135897 0.00954957 0.00524791 0.00073243 -0.00395122 -0.00881406 -0.0138292 -0.0189649 -0.0242257 -0.0296195 -0.0350993 -0.0406174 -0.0461678 -0.0517128 -0.0571615 -0.0624379 -0.0674738 -0.0721565 -0.0763698 -0.0800382 -0.0831008 -0.0854531 -0.0870192 
0 0.00420661 0.00828956 0.0121276 0.0156056 0.0186158 0.0210799 0.0229589 0.0242424 0.0249343 0.0250606 0.0246455 0.0237094 0.0222798 0.020428 0.0182106 0.0156501 0.0127986 0.00971134 0.00643024 0.00296723 -0.000600836 -0.00421764 -0.00787793 -0.0115405 -0.0151319 -0.0185723 -0.0218317 -0.0248311 -0.0275111 -0.029834 -0.0317622 -0.0332651 -0.0343237 -0.0349377 -0.0351096 -0.0348914 -0.0342946 -0.0333354 -0.0320709 -0.0305917 -0.0289463 -0.0271682 -0.0253226 -0.0234468 -0.0215857 -0.019787 -0.0180635 -0.016439 -0.0149516 -0.0135876 -0.0123401 -0.011204 -0.0101939 -0.00929219 -0.00848719 -0.00777457 -0.00712253 -0.0065512 -0.00605606 -0.00559421 -0.00517137 -0.0047797 -0.00440572 -0.0040725 -0.00375706 -0.00345183 -0.00316295 -0.00289039 -0.00263537 -0.00240875 -0.00221819 -0.00206846 -0.00197997 -0.00197224 -0.00204088 -0.00221027 -0.00250027 -0.00293002 -0.00354023 -0.00433098 -0.00530149 -0.00644368 -0.00769244 -0.00899297 -0.0102681 -0.0113924 -0.0122663 -0.0127745 -0.0128109 -0.0123248 -0.011287 -0.00973167 -0.00775828 -0.0054897 -0.00311156 -0.00081529 0.00123252 0.00285926 0.00395008 0.00444811 0.00431262 0.00358034 0.0023346 0.000679952 -0.00121769 -0.00317948 -0.00503421 -0.00660663 -0.0077791 -0.00847503 -0.00866543 -0.00839108 -0.00770745 -0.00670483 -0.00550786 -0.00420933 -0.00291852 -0.00172771 -0.000673898 0.000205479 0.000908317 0.00145846 0.0018666 0.0021748 0.00240772 0.00257282 0.00270221 0.00280552 0.0028966 0.00299916 0.00311909 0.0032491 0.00338293 0.00352453 0.00367788 0.00384673 0.0040461 0.00424951 0.00447264 0.00473194 0.00501074 0.00533013 0.00569413 0.00609312 0.00657383 0.00713715 0.00777487 0.00850644 0.00934058 0.0102961 0.011378 0.012592 0.0139248 0.0153957 0.0170174 0.0187479 0.0205441 0.0223954 0.0242604 0.0261054 0.0278807 0.0295084 0.0309289 0.0320949 0.0329446 0.0334072 0.0334777 0.0331248 0.0323108 0.031021 0.0292893 0.0271302 0.0245531 0.0215994 0.0182946 0.0147107 0.0108952 0.00687798 0.0026701 -0.00169111 -0.00618418 -0.0108344 -0.0156212 -0.0205257 -0.0255761 -0.0308113 -0.0362054 -0.0417212 -0.0473516 -0.0530575 -0.0587413 -0.0643244 -0.0697277 -0.0748191 -0.079455 -0.0835234 -0.086934 -0.0895537 -0.0912957 
0 0.00337677 0.0066682 0.00977909 0.0126257 0.0151185 0.0172054 0.0188523 0.0200484 0.0207957 0.0210972 0.0209786 0.0204361 0.0195002 0.0182106 0.0165904 0.0146471 0.0123895 0.00988676 0.0071453 0.00419054 0.00107163 -0.00217858 -0.00553846 -0.00899713 -0.0124487 -0.0158508 -0.019167 -0.0223282 -0.0252694 -0.0279128 -0.030224 -0.0321492 -0.0336661 -0.0347571 -0.035411 -0.0356487 -0.0354802 -0.0348973 -0.0339693 -0.0327647 -0.0313233 -0.0296913 -0.0279111 -0.0260679 -0.0241901 -0.022332 -0.0205079 -0.0187421 -0.0170893 -0.0155589 -0.0141401 -0.0128486 -0.0116851 -0.0106323 -0.00969506 -0.00884104 -0.00807986 -0.00740819 -0.00682356 -0.00628849 -0.0057935 -0.00533006 -0.00490993 -0.00452411 -0.00416808 -0.00382328 -0.0034904 -0.0031983 -0.00293159 -0.00269085 -0.00248891 -0.00233198 -0.00223198 -0.00222083 -0.00228557 -0.00247852 -0.00279741 -0.00324856 -0.0038774 -0.0047067 -0.00569838 -0.00686446 -0.0081451 -0.00947709 -0.0107731 -0.0119247 -0.0128075 -0.0133156 -0.0133371 -0.0128358 -0.0117887 -0.0102255 -0.00824046 -0.00597035 -0.00356757 -0.00123626 0.000839511 0.00250318 0.00363217 0.00414019 0.00401928 0.00329911 0.00205007 0.000397664 -0.00148982 -0.00345945 -0.00532216 -0.00691083 -0.00810847 -0.00883083 -0.00903255 -0.00875423 -0.00804457 -0.00701099 -0.00576362 -0.00441383 -0.00307168 -0.00182046 -0.000685029 0.000261231 0.00103179 0.00164229 0.00208834 0.00240165 0.00264854 0.00282389 0.00296682 0.0030751 0.00316957 0.00328099 0.00341093 0.00353834 0.00368516 0.00383981 0.00400934 0.00421064 0.00443187 0.00467099 0.00493508 0.00523503 0.0055705 0.00595569 0.00637988 0.00687172 0.00744478 0.00812628 0.00889246 0.00975033 0.0107242 0.0118324 0.013085 0.0144837 0.0159913 0.0176186 0.0193731 0.0211943 0.0230648 0.0249323 0.02677 0.0285212 0.0301265 0.0315223 0.0326473 0.0334635 0.0339099 0.0339281 0.0335293 0.0327101 0.0314293 0.0297 0.0275367 0.0249995 0.0221134 0.0189254 0.0154814 0.0118162 0.00800316 0.00404237 -3.60192e-05 -0.00421079 -0.00848975 -0.0129015 -0.0174586 -0.0221363 -0.0269889 -0.0320658 -0.0373617 -0.0428546 -0.0485318 -0.0543492 -0.0602034 -0.0660085 -0.0716789 -0.077074 -0.0820275 -0.086402 -0.0900677 -0.0928823 -0.0947463 
0 0.00246661 0.00487796 0.00718266 0.00931615 0.0112423 0.0129179 0.0143238 0.0154367 0.0162352 0.0167283 0.0169064 0.0167871 0.0163621 0.0156501 0.0146471 0.0133191 0.0116996 0.00979513 0.00764064 0.00522213 0.00257385 -0.000258294 -0.00329107 -0.00645478 -0.009712 -0.0129943 -0.0162869 -0.0195339 -0.0226279 -0.025522 -0.028141 -0.0304537 -0.0324077 -0.0339599 -0.0350893 -0.0358021 -0.0360887 -0.0359613 -0.0354404 -0.0345881 -0.0334386 -0.0320102 -0.0303995 -0.0286436 -0.0268222 -0.0249529 -0.0230652 -0.0212057 -0.0194239 -0.0177409 -0.0161636 -0.0146957 -0.0133571 -0.0121553 -0.0110585 -0.010081 -0.00918359 -0.00839381 -0.00769322 -0.00705804 -0.00647217 -0.00594796 -0.00545856 -0.00502311 -0.00461082 -0.00421359 -0.00385199 -0.0035205 -0.00323878 -0.00300418 -0.00279345 -0.0026069 -0.00249651 -0.00247341 -0.00257016 -0.0027595 -0.00308409 -0.00357418 -0.00424428 -0.00507543 -0.00610681 -0.00728449 -0.00857567 -0.00991831 -0.0112364 -0.0123919 -0.0132864 -0.0137907 -0.0138259 -0.0133177 -0.0122648 -0.0107007 -0.00871955 -0.00643791 -0.00405163 -0.00172708 0.000356409 0.00202984 0.00316684 0.00371672 0.00362444 0.00292722 0.00170684 7.6851e-05 -0.0018177 -0.00377321 -0.00562939 -0.00721738 -0.00841351 -0.00912739 -0.00934164 -0.00905592 -0.0083401 -0.00727238 -0.00599548 -0.00461023 -0.00321847 -0.0018922 -0.00070858 0.00033671 0.00118373 0.00182912 0.00230437 0.00266585 0.0029131 0.00310107 0.00323789 0.00336661 0.00348343 0.00359765 0.003723 0.0038715 0.00401882 0.00418929 0.00438717 0.00461495 0.00487994 0.00514913 0.00544823 0.00579581 0.0062021 0.00666461 0.00719564 0.00777452 0.0084655 0.0092573 0.0101589 0.011169 0.0123005 0.0135732 0.0150015 0.0165574 0.0182237 0.0199869 0.0218239 0.0237111 0.0255716 0.0274048 0.0291384 0.030723 0.0320884 0.0331629 0.0339198 0.0343281 0.0343294 0.0338877 0.0330069 0.0317016 0.0299793 0.0278242 0.0253064 0.0224472 0.019321 0.0159743 0.0124383 0.00877975 0.00500088 0.00114444 -0.0027962 -0.0067867 -0.0108437 -0.0150328 -0.0193586 -0.0238444 -0.0285231 -0.033457 -0.0386503 -0.0440875 -0.0497667 -0.0556306 -0.0615802 -0.0675167 -0.0733438 -0.0789181 -0.0840642 -0.088623 -0.0924453 -0.0953779 -0.0973201 
0 0.00150152 0.00298504 0.00442244 0.00580926 0.00712567 0.00837132 0.00951666 0.0105274 0.0113821 0.0120532 0.0125528 0.0128487 0.0129402 0.0127986 0.0123895 0.0116996 0.0107033 0.0094383 0.00786671 0.00600125 0.00385355 0.00144826 -0.00118123 -0.00402928 -0.00701812 -0.0101348 -0.0133315 -0.0165548 -0.0197205 -0.022757 -0.0256199 -0.028252 -0.030585 -0.0325543 -0.0341404 -0.0353198 -0.0361051 -0.0364528 -0.0363999 -0.0359611 -0.0351637 -0.0340564 -0.032671 -0.0310991 -0.0293775 -0.0275499 -0.0256624 -0.0237655 -0.0219048 -0.0201169 -0.0183836 -0.0167574 -0.0152476 -0.0138736 -0.0126361 -0.0114888 -0.0104535 -0.00952089 -0.00868669 -0.00794238 -0.00726176 -0.00663549 -0.00608812 -0.00557953 -0.00511409 -0.00466925 -0.00425738 -0.00390241 -0.00359588 -0.00331647 -0.00308438 -0.00291057 -0.00280401 -0.00278296 -0.00286613 -0.00307946 -0.00342151 -0.00390169 -0.00456433 -0.00544586 -0.00649698 -0.00769835 -0.00900973 -0.010351 -0.0116402 -0.0128031 -0.0136973 -0.0142131 -0.0142483 -0.0137501 -0.0127054 -0.011156 -0.0091867 -0.00694688 -0.00457697 -0.00227265 -0.00021554 0.00145268 0.0026158 0.00317296 0.00312154 0.00246953 0.0012779 -0.00032515 -0.00217403 -0.00411155 -0.00593873 -0.00750343 -0.00867791 -0.00938599 -0.00958874 -0.00930296 -0.00857938 -0.00752259 -0.00621174 -0.00477454 -0.00332663 -0.00194127 -0.000673575 0.000403969 0.00129716 0.00201037 0.00254204 0.00291494 0.00319642 0.00341381 0.0035776 0.00369401 0.00379299 0.00391806 0.00406422 0.00421628 0.00438599 0.00457722 0.00479784 0.00507238 0.00536279 0.00568686 0.00603878 0.00643954 0.00692201 0.00748305 0.00810639 0.00882296 0.0096239 0.0105537 0.0116084 0.0127785 0.0140954 0.0155431 0.0171293 0.0188222 0.0205942 0.0224374 0.024329 0.0262027 0.0280239 0.029721 0.0312766 0.0326167 0.0336628 0.03437 0.0346954 0.0346457 0.0341712 0.0332542 0.031896 0.0301323 0.0279751 0.0254673 0.0226421 0.019564 0.016281 0.0128317 0.00928363 0.00564914 0.00197621 -0.00176358 -0.00554468 -0.00935679 -0.0132288 -0.0172009 -0.0213399 -0.0256527 -0.0302026 -0.0350198 -0.0401137 -0.045481 -0.0511079 -0.0569543 -0.0629146 -0.0688859 -0.0747533 -0.0803713 -0.0855662 -0.0901745 -0.0940382 -0.0970115 -0.0989852 
