0 0 0 0 0 0 0 0 0 0 0 0 0 0 0 0 0 0 0 0 0 0 0 0 0 0 0 0 0 0 0 0 0 0 0 0 0 0 0 0 0 0 0 0 0 0 0 0 0 0 0 0 0 0 0 0 0 0 0 0 0 0 0 0 0 0 0 0 0 0 0 0 0 0 0 0 0 0 0 0 0 0 0 0 0 0 0 0 0 0 0 0 0 0 0 0 0 0 0 0 0 0 0 0 0 0 0 0 0 0 0 0 0 0 0 0 0 0 0 0 0 0 0 0 0 0 0 0 0 0 0 0 0 0 0 0 0 0 0 0 0 0 0 0 0 0 0 0 0 0 0 0 0 0 0 0 0 0 0 0 0 0 0 0 0 0 0 0 0 0 0 0 0 0 0 0 0 0 0 0 0 0 0 0 0 0 0 0 0 0 0 0 0 0 0 0 0 0 0 0 
0 0.00102934 0.00202908 0.00294793 0.00377456 0.00448221 0.00507333 0.00550621 0.00577171 0.0058671 0.00576379 0.00546945 0.00498227 0.00434594 0.00356714 0.00268362 0.001742 0.000758874 -0.000227796 -0.00119212 -0.002073 -0.00284783 -0.00349258 -0.00399291 -0.00435909 -0.00459348 -0.00470708 -0.00470345 -0.00459441 -0.00439232 -0.00412976 -0.00383551 -0.00352692 -0.00320546 -0.00288979 -0.00258449 -0.00228518 -0.00201347 -0.0017776 -0.00158109 -0.00141107 -0.00125845 -0.00111683 -0.000994367 -0.000898493 -0.00082591 -0.000762432 -0.000710645 -0.000661657 -0.000602385 -0.000555116 -0.000513727 -0.000485065 -0.000467658 -0.000441677 -0.000410606 -0.000380966 -0.000358463 -0.000346514 -0.000332606 -0.000318983 -0.000299483 -0.000272308 -0.000253718 -0.000228459 -0.000209721 -0.000203995 -0.000196206 -0.000191496 -0.000177138 -0.000145151 -0.000125548 -0.000115836 -0.000105293 -0.000102172 -0.000104583 -0.000116978 -0.000139796 -0.000172693 -0.000226732 -0.000310863 -0.000408529 -0.000524039 -0.000663599 -0.000807677 -0.000947806 -0.00109241 -0.00120668 -0.00127854 -0.00130445 -0.00125579 -0.00112505 -0.000921158 -0.000640213 -0.000315219 2.61725e-05 0.000356329 0.000640651 0.000864616 0.00101556 0.00107523 0.00104974 0.000929988 0.000725779 0.000462097 0.000158537 -0.000146572 -0.000417606 -0.000643821 -0.000794502 -0.000874281 -0.000899202 -0.000865204 -0.00079188 -0.000702599 -0.000584616 -0.000457185 -0.000340586 -0.000235443 -0.000146597 -8.45885e-05 -3.19952e-05 1.99687e-05 6.48813e-05 9.6849e-05 0.000117461 0.000131294 0.000150566 0.000159664 0.000161827 0.000177986 0.000192475 0.000206547 0.000223775 0.000224308 0.000221353 0.000221757 0.000220364 0.000239702 0.0002611 0.000274474 0.000285789 0.000292371 0.000304513 0.000323771 0.000344858 0.000367204 0.000383656 0.000399854 0.000415159 0.000431503 0.000470304 0.000515669 0.000562908 0.000607483 0.000645802 0.00069527 0.000769334 0.000858667 0.000957347 0.00107083 0.00119838 0.00134959 0.00152987 0.00175201 0.00200608 0.00228708 0.00258451 0.00288751 0.00320562 0.0035358 0.00385139 0.00412836 0.00434885 0.00448192 0.00451302 0.00442891 0.004237 0.00390937 0.00343527 0.00281518 0.00205006 0.00118285 0.000229307 -0.000763516 -0.00177858 -0.00278154 -0.00374476 -0.00465354 -0.00545323 -0.00613499 -0.00667602 -0.00708649 -0.00736568 -0.00753498 -0.00763891 -0.00767969 -0.00768735 -0.00767376 -0.00766658 
0 0.00202908 0.00399357 0.00582553 0.00744997 0.00886069 0.0100139 0.0108568 0.01137 0.0115299 0.0113273 0.0107276 0.00978244 0.00853431 0.00701208 0.00529177 0.00343315 0.00152094 -0.000418153 -0.00228842 -0.00400691 -0.00553067 -0.00680291 -0.00781874 -0.00855587 -0.00903894 -0.00927232 -0.00927485 -0.00907763 -0.00870477 -0.00820776 -0.00764872 -0.00703705 -0.00640174 -0.00578007 -0.00517682 -0.00461415 -0.00407467 -0.00361877 -0.00321092 -0.00285779 -0.00255469 -0.00227038 -0.00204053 -0.00184523 -0.00168341 -0.00153656 -0.00141748 -0.00131121 -0.00121558 -0.00111939 -0.00105161 -0.000982613 -0.000934718 -0.000885242 -0.000819365 -0.000769951 -0.000726709 -0.000688323 -0.000645843 -0.000610962 -0.000563883 -0.000541351 -0.000509027 -0.000474933 -0.000437352 -0.000410964 -0.000372899 -0.000350465 -0.000316381 -0.000289548 -0.000258495 -0.00022694 -0.000216084 -0.000217849 -0.000216177 -0.000223804 -0.000265997 -0.000354027 -0.000476153 -0.000615394 -0.000813276 -0.00104113 -0.00131045 -0.00161261 -0.00192408 -0.00219248 -0.00241756 -0.00255374 -0.00259137 -0.00248 -0.00223601 -0.00182936 -0.00128899 -0.000652762 1.88741e-05 0.000695021 0.0012735 0.00174325 0.00204136 0.00215263 0.00207437 0.00182781 0.00141166 0.000904767 0.000315 -0.000277194 -0.000821944 -0.0012635 -0.00158638 -0.00175687 -0.00180897 -0.00174157 -0.00160458 -0.00138864 -0.00114964 -0.000909257 -0.000679048 -0.000469352 -0.000314809 -0.00016494 -4.40746e-05 4.70304e-05 0.000116616 0.00017977 0.00023172 0.000269422 0.000297242 0.000333147 0.000364493 0.000377697 0.000387595 0.000397092 0.000426516 0.000441176 0.000455798 0.000463758 0.000484619 0.000502432 0.000536148 0.000550282 0.000568586 0.000588481 0.000620626 0.000647232 0.000690634 0.000722602 0.000759897 0.000814158 0.000848694 0.000897669 0.000956324 0.00102982 0.00111111 0.00119922 0.00128507 0.0014035 0.00154371 0.00172705 0.00191489 0.00214805 0.00242855 0.0027383 0.00312076 0.00354836 0.00404748 0.00459652 0.0051852 0.00579512 0.00642482 0.00706381 0.00766705 0.00818525 0.00860294 0.00886114 0.00891063 0.00874634 0.00833435 0.00767012 0.00670745 0.00547113 0.00397259 0.00225604 0.0003947 -0.00157694 -0.00357285 -0.0055506 -0.00744555 -0.00921329 -0.0107899 -0.0121172 -0.0132007 -0.0140231 -0.0145996 -0.014968 -0.0151913 -0.0153079 -0.0153363 -0.0153376 -0.0153374 
0 0.00294793 0.00582553 0.00849255 0.0108964 0.0129526 0.0146446 0.0158644 0.0165895 0.0168188 0.0164931 0.0156368 0.0142588 0.0124649 0.0102687 0.00776344 0.00507709 0.00228092 -0.000510367 -0.00321746 -0.00569929 -0.00791351 -0.00980246 -0.0113148 -0.0124447 -0.0131829 -0.0135582 -0.0136002 -0.0133589 -0.0128699 -0.0122026 -0.0114126 -0.0105386 -0.00960506 -0.0086887 -0.00782174 -0.0069908 -0.00622461 -0.00552903 -0.00491241 -0.00436691 -0.00389446 -0.00348237 -0.00313381 -0.0028383 -0.00257792 -0.00233284 -0.00213756 -0.00198667 -0.00184021 -0.00172464 -0.00160648 -0.00149766 -0.00141132 -0.00131915 -0.00123358 -0.00116287 -0.00110109 -0.00104532 -0.000971818 -0.00090533 -0.000847008 -0.000796705 -0.000773827 -0.00072218 -0.000660575 -0.000610152 -0.000552439 -0.000516638 -0.00047899 -0.000415616 -0.000382367 -0.000362229 -0.000329538 -0.000309601 -0.000310033 -0.000347572 -0.00042523 -0.000536675 -0.000700257 -0.000935152 -0.00121392 -0.00155336 -0.00197371 -0.00242259 -0.00286365 -0.00329481 -0.0036221 -0.00381085 -0.00385734 -0.00369813 -0.00331967 -0.00273769 -0.0019375 -0.000993736 1.99361e-05 0.00102089 0.00189715 0.00258659 0.00303623 0.0031964 0.00308764 0.00270649 0.00209459 0.001328 0.000459245 -0.000415473 -0.00120885 -0.00188596 -0.00236134 -0.00262892 -0.00271763 -0.00261604 -0.00238292 -0.00208892 -0.0017253 -0.00134942 -0.00101151 -0.000708698 -0.000449426 -0.000251802 -8.17182e-05 7.41893e-05 0.000198416 0.000282294 0.000338383 0.000389455 0.000464496 0.000518695 0.000543043 0.000576179 0.00058764 0.000598627 0.000635545 0.000658253 0.000688447 0.000722268 0.000732559 0.00076825 0.000800071 0.000820942 0.000856758 0.00089532 0.000943861 0.000990841 0.00102918 0.00107428 0.00113105 0.00121405 0.00129958 0.00136865 0.00146161 0.00155564 0.00166758 0.00180501 0.00195481 0.00213937 0.00237022 0.00262852 0.00291932 0.00328116 0.00371501 0.00422092 0.00478779 0.00543437 0.00615291 0.00695499 0.00782539 0.00872504 0.00964872 0.0105632 0.0113986 0.0121095 0.0126716 0.0130088 0.0130612 0.0127695 0.0121327 0.0110949 0.00965308 0.00783204 0.00563986 0.00316715 0.000443963 -0.00241578 -0.00534515 -0.00823326 -0.0109931 -0.0135812 -0.0158708 -0.0178449 -0.0194562 -0.0207244 -0.0216389 -0.0222445 -0.022646 -0.0228561 -0.022954 -0.0229797 -0.0230062 
0 0.00377456 0.00744997 0.0108964 0.0139803 0.0166488 0.0188093 0.0203631 0.0212782 0.0215331 0.0211202 0.0200094 0.0182811 0.016006 0.0132243 0.0100554 0.00662381 0.00308804 -0.000467585 -0.0038898 -0.00705318 -0.00990239 -0.0123507 -0.0143576 -0.0158636 -0.0168837 -0.0174358 -0.0175682 -0.0173462 -0.0168111 -0.0160316 -0.0150892 -0.0140036 -0.0128368 -0.0116752 -0.0105498 -0.00948791 -0.00846267 -0.00754763 -0.00670507 -0.00595841 -0.00531804 -0.00474665 -0.00427845 -0.00387185 -0.00351284 -0.00318238 -0.00291377 -0.00269188 -0.0025007 -0.00231554 -0.00216281 -0.0020084 -0.00188906 -0.00177871 -0.00165923 -0.00156902 -0.00148881 -0.00140892 -0.00131669 -0.0012353 -0.00114467 -0.0010934 -0.00103507 -0.000967773 -0.000891915 -0.000830494 -0.000755565 -0.000706469 -0.000644216 -0.000588418 -0.0005296 -0.000472393 -0.000443537 -0.000436401 -0.000433817 -0.000459891 -0.000552663 -0.000726943 -0.000967004 -0.00125318 -0.00163738 -0.00208652 -0.00261721 -0.0032077 -0.00381147 -0.00434597 -0.00478525 -0.00505215 -0.00511807 -0.00489998 -0.0044103 -0.00361146 -0.00254927 -0.00130135 2.1619e-05 0.00134019 0.00248086 0.00339836 0.0039871 0.00420944 0.00406261 0.00357767 0.00276912 0.00176691 0.000612605 -0.000551941 -0.00162195 -0.00249701 -0.00313208 -0.0034767 -0.00358072 -0.00345292 -0.00317614 -0.00275941 -0.00228759 -0.00180828 -0.00135114 -0.000936651 -0.000613523 -0.00031801 -7.63117e-05 0.000110882 0.000252975 0.000370605 0.000463497 0.000534385 0.000595263 0.000665772 0.000725678 0.000757439 0.000777515 0.000796096 0.000845881 0.000878214 0.000911695 0.000936538 0.000972881 0.00100646 0.00106042 0.00109153 0.0011375 0.00119373 0.0012663 0.00132519 0.00139547 0.00145092 0.00152597 0.00164012 0.00173636 0.00184635 0.00196509 0.00210419 0.00226895 0.00246662 0.00268218 0.00295249 0.00325759 0.00362174 0.00401121 0.00450055 0.00509766 0.00576765 0.0065478 0.00739619 0.00835134 0.00939831 0.0105229 0.0116839 0.0128529 0.0139867 0.0150024 0.0158355 0.0164739 0.0168301 0.0168118 0.0163769 0.0154658 0.0140723 0.0121618 0.00979278 0.00698983 0.0038124 0.000350787 -0.0033292 -0.00707842 -0.01079 -0.0143426 -0.0176576 -0.0206353 -0.0231998 -0.0253578 -0.0270831 -0.0283806 -0.0292954 -0.0299158 -0.0302999 -0.0304924 -0.0305938 -0.0306591 
0 0.00448221 0.00886069 0.0129526 0.0166488 0.0198191 0.0223895 0.0242213 0.0252781 0.0255661 0.0250454 0.0237461 0.0217063 0.0190412 0.0157856 0.0120668 0.00806279 0.00390836 -0.000244918 -0.00427261 -0.00801282 -0.0114034 -0.0143596 -0.0168002 -0.0186869 -0.0200081 -0.0207969 -0.0210961 -0.0209664 -0.0204511 -0.019635 -0.0185942 -0.017383 -0.0160488 -0.0146903 -0.0133569 -0.0120522 -0.0108143 -0.00967431 -0.00864129 -0.0077108 -0.00688539 -0.00615139 -0.00552273 -0.00498662 -0.00452191 -0.00410164 -0.00375395 -0.00346449 -0.00318997 -0.0029545 -0.00273997 -0.00255456 -0.00240631 -0.00225606 -0.00210473 -0.00197297 -0.00186121 -0.00176748 -0.00166376 -0.00156557 -0.00146481 -0.00136865 -0.00129246 -0.00119527 -0.00110117 -0.00103166 -0.000959684 -0.000901217 -0.000826109 -0.000720948 -0.000646508 -0.000597501 -0.000556103 -0.000537921 -0.000547865 -0.000603822 -0.000724003 -0.000915091 -0.0011967 -0.00158308 -0.00205603 -0.00261927 -0.0032879 -0.00400371 -0.00471639 -0.00539572 -0.00593322 -0.00626075 -0.00634287 -0.00608565 -0.00546273 -0.00448462 -0.00316531 -0.00161963 2.28906e-05 0.00162938 0.00303571 0.00414619 0.00487575 0.00515852 0.00500105 0.00440402 0.00342108 0.00216631 0.000738041 -0.000703872 -0.00201463 -0.00310758 -0.00387664 -0.00430625 -0.00444038 -0.00428815 -0.00393195 -0.00345165 -0.00286666 -0.00225219 -0.00167743 -0.0011612 -0.000730468 -0.000390477 -0.00010791 0.000137847 0.000338093 0.000487027 0.000590858 0.000674637 0.000767197 0.000838312 0.00088313 0.000938222 0.000979449 0.00102289 0.00108389 0.00111679 0.00114522 0.00117714 0.00120345 0.00126754 0.00133753 0.00138931 0.0014475 0.00150795 0.00158598 0.00167016 0.00175454 0.00184172 0.00194034 0.00206575 0.00219437 0.0023222 0.00249218 0.00268446 0.00290891 0.00316616 0.00344487 0.0037819 0.00419404 0.0046695 0.00520598 0.00584834 0.0066002 0.00745866 0.00842072 0.00949585 0.0106735 0.0119502 0.0132929 0.0146494 0.0160004 0.0172901 0.0184202 0.0193206 0.019959 0.0202442 0.0200934 0.0194338 0.0182442 0.0164756 0.014133 0.0112644 0.00789737 0.00412791 6.42286e-06 -0.0043389 -0.00879181 -0.0131963 -0.0174246 -0.0213988 -0.0249767 -0.028123 -0.0307978 -0.0330084 -0.0347321 -0.0360089 -0.0369396 -0.0375482 -0.0379236 -0.0381359 -0.0382783 
0 0.00507333 0.0100139 0.0146446 0.0188093 0.0223895 0.0252666 0.027313 0.0284823 0.0287726 0.0281778 0.0267065 0.0244368 0.0214663 0.0178627 0.0137668 0.00934843 0.00477172 0.000162975 -0.00432096 -0.00852554 -0.0123639 -0.0157371 -0.0185734 -0.0208194 -0.0224743 -0.0235544 -0.0240888 -0.0241249 -0.023709 -0.0229299 -0.0218862 -0.0206273 -0.0192136 -0.0177299 -0.0162245 -0.0147339 -0.013288 -0.0119572 -0.0107334 -0.00961773 -0.00860991 -0.00769417 -0.00690237 -0.0062209 -0.0056298 -0.00510438 -0.0046593 -0.00427573 -0.00392951 -0.00361878 -0.00335722 -0.00312954 -0.00294318 -0.00276182 -0.00257108 -0.00240268 -0.00225811 -0.00213006 -0.00200203 -0.0018836 -0.00176111 -0.0016599 -0.00156084 -0.00145112 -0.00134222 -0.00125096 -0.00115479 -0.0010718 -0.000974341 -0.000871664 -0.000782788 -0.000715683 -0.00068 -0.000671898 -0.000683148 -0.000739779 -0.000880576 -0.00112423 -0.0014692 -0.00191211 -0.0024759 -0.0031466 -0.00393022 -0.0047855 -0.00564645 -0.00642942 -0.0070571 -0.0074402 -0.00752003 -0.00720489 -0.00647551 -0.00531489 -0.00377051 -0.00195744 -2.50725e-05 0.00187757 0.00354881 0.00487654 0.00573901 0.0060707 0.00586796 0.00515954 0.00399963 0.00253041 0.000860335 -0.000832291 -0.00238673 -0.00367279 -0.00460077 -0.00512556 -0.0052876 -0.0051175 -0.00470519 -0.00410912 -0.00341036 -0.00268674 -0.00199824 -0.0013817 -0.00087698 -0.000451798 -0.000102395 0.000180327 0.000404727 0.000583785 0.000722022 0.000830046 0.000925258 0.00101338 0.0010839 0.0011373 0.0011797 0.00122591 0.00129416 0.00134372 0.00138655 0.00142721 0.00147915 0.0015489 0.00163141 0.00169079 0.00175236 0.00182282 0.00191455 0.00201494 0.00212971 0.00224293 0.00237276 0.00252987 0.00268131 0.00284996 0.00305605 0.00330316 0.00359001 0.00391227 0.00426483 0.00469246 0.00520975 0.00582533 0.00651688 0.00732516 0.00825181 0.0092828 0.010444 0.0117208 0.0131157 0.0145937 0.0161068 0.0176036 0.0190584 0.0204211 0.0215895 0.0224761 0.0230342 0.0231709 0.0228026 0.0218827 0.0203747 0.0182556 0.0155106 0.0121907 0.00834086 0.00404701 -0.000598122 -0.00549208 -0.0104889 -0.0154482 -0.0202375 -0.0247562 -0.0288829 -0.0325475 -0.0357361 -0.0384299 -0.0406126 -0.0423173 -0.0436155 -0.0445463 -0.0451664 -0.0455678 -0.0458268 
0 0.00550621 0.0108568 0.0158644 0.0203631 0.0242213 0.027313 0.0295146 0.0307717 0.0310801 0.0304361 0.0288597 0.0264359 0.0232709 0.0194594 0.0151434 0.0104893 0.00564872 0.000749191 -0.00405044 -0.00859044 -0.0127627 -0.0164712 -0.0196447 -0.0222353 -0.0242328 -0.0256379 -0.0264625 -0.0267381 -0.0265132 -0.0258762 -0.0249209 -0.0237023 -0.0222802 -0.0207353 -0.0191261 -0.0174976 -0.0158957 -0.0143845 -0.0129731 -0.0116665 -0.01047 -0.00938248 -0.00842658 -0.00759125 -0.00685408 -0.00619918 -0.00563942 -0.00516212 -0.00474081 -0.00436451 -0.00403606 -0.00374737 -0.00350125 -0.00327415 -0.00305391 -0.00285981 -0.002689 -0.002529 -0.00236865 -0.00221766 -0.00207613 -0.00195938 -0.00184807 -0.00172349 -0.00159234 -0.00147123 -0.00135519 -0.00125179 -0.00114201 -0.00102956 -0.000932673 -0.000857859 -0.000809549 -0.000790088 -0.000808324 -0.000889307 -0.00106395 -0.00134752 -0.00174406 -0.00225567 -0.00289938 -0.0036721 -0.00457271 -0.00555406 -0.00654063 -0.00743802 -0.00814924 -0.00857729 -0.0086498 -0.00828235 -0.00744179 -0.00611782 -0.00436074 -0.00229201 -7.89295e-05 0.0020948 0.00401743 0.00553874 0.00652793 0.00691098 0.00667819 0.00586372 0.00454355 0.00286228 0.000963602 -0.00096303 -0.00273942 -0.00421813 -0.00529338 -0.00591585 -0.00611131 -0.00592303 -0.00544375 -0.00475555 -0.00394845 -0.00311049 -0.00231332 -0.00160121 -0.00100665 -0.00050993 -9.94153e-05 0.000236274 0.000500903 0.000701641 0.000850057 0.000971967 0.00108606 0.00119167 0.00127602 0.00133847 0.00138554 0.00143545 0.00150264 0.00156547 0.0016261 0.00168534 0.00174983 0.0018255 0.00190826 0.00197899 0.00205763 0.00215372 0.00226942 0.00239055 0.00251726 0.00264718 0.0028043 0.00299678 0.00319869 0.00341825 0.00367306 0.00397315 0.004325 0.00472824 0.00518391 0.00572571 0.00637036 0.00712257 0.00797338 0.00895229 0.0100602 0.0112835 0.0126315 0.0140935 0.0156599 0.0172901 0.0189235 0.0205019 0.0219913 0.0233374 0.0244433 0.0252194 0.0256042 0.0255103 0.0248636 0.0236305 0.0217899 0.0193244 0.0162238 0.0125253 0.00828374 0.00358988 -0.00145347 -0.00673884 -0.0121323 -0.0175019 -0.0227278 -0.0277026 -0.0323089 -0.0364697 -0.040159 -0.043353 -0.0460287 -0.0482083 -0.0499416 -0.0512555 -0.0521936 -0.0528335 -0.0532447 
0 0.00577171 0.01137 0.0165895 0.0212782 0.0252781 0.0284823 0.0307717 0.0320866 0.0324221 0.031757 0.0301458 0.0276587 0.0244232 0.02055 0.0161695 0.0114479 0.00650251 0.00148264 -0.00347434 -0.0082062 -0.0125952 -0.0165599 -0.0200171 -0.0229281 -0.0252564 -0.0269946 -0.0281447 -0.0287274 -0.0287879 -0.0284002 -0.0276278 -0.0265362 -0.0251828 -0.0236535 -0.0220224 -0.0203214 -0.0186208 -0.0169508 -0.0153629 -0.0138691 -0.0124861 -0.0112348 -0.0101119 -0.00911469 -0.00821842 -0.00742044 -0.00673254 -0.00615107 -0.00563613 -0.00518435 -0.00476961 -0.00440985 -0.0040963 -0.00381544 -0.00356522 -0.00334131 -0.00314165 -0.0029525 -0.00276389 -0.00258027 -0.00242116 -0.00227246 -0.00214116 -0.00199355 -0.00184207 -0.00169843 -0.00157178 -0.00144989 -0.00133062 -0.00119753 -0.00108762 -0.00100685 -0.000945847 -0.00091854 -0.000945298 -0.00104822 -0.00125358 -0.00157525 -0.00202596 -0.00262049 -0.00334211 -0.0042116 -0.00521792 -0.00630436 -0.00739007 -0.00839657 -0.00918744 -0.0096684 -0.00974503 -0.00933527 -0.0083764 -0.00688767 -0.00491516 -0.00260155 -0.000129775 0.00227734 0.00442234 0.00611008 0.00721922 0.00766071 0.00742008 0.00651896 0.005062 0.00317605 0.00105263 -0.00110799 -0.00309686 -0.00475931 -0.00595814 -0.00666194 -0.00688454 -0.00668535 -0.00614718 -0.00539156 -0.00448751 -0.00353732 -0.00263028 -0.00181878 -0.00111859 -0.000551597 -8.29592e-05 0.00030135 0.000603944 0.000827477 0.000988324 0.00112008 0.00125034 0.00136332 0.00145394 0.00153435 0.00159431 0.0016583 0.00172764 0.00179866 0.00186626 0.00193831 0.00200668 0.00209735 0.00218444 0.00227537 0.00237618 0.0024995 0.00264003 0.00278898 0.00292844 0.0030812 0.00326546 0.00348907 0.0037492 0.00402396 0.0043425 0.00470755 0.00513827 0.00564058 0.00622405 0.00690096 0.00769294 0.00858241 0.00959233 0.0107376 0.0120243 0.0134473 0.0149691 0.0165924 0.0182782 0.0199993 0.0216913 0.0232882 0.0247412 0.0259803 0.0269178 0.02748 0.0275999 0.0272068 0.0262406 0.0246632 0.0224832 0.0196774 0.0162633 0.0122604 0.00772724 0.00276064 -0.00255458 -0.00808894 -0.0137442 -0.01939 -0.0249295 -0.030263 -0.0352715 -0.0398914 -0.0440591 -0.047756 -0.0509436 -0.0536303 -0.0558482 -0.0575975 -0.0589203 -0.0598532 -0.060459 
0 0.0058671 0.0115299 0.0168188 0.0215331 0.0255661 0.0287726 0.0310801 0.0324221 0.0327614 0.0321234 0.0305259 0.0280915 0.0249048 0.0211067 0.0168194 0.0121655 0.00729448 0.00231055 -0.00262525 -0.00740158 -0.0118956 -0.016024 -0.0197168 -0.0229013 -0.0255404 -0.0276099 -0.029112 -0.0300561 -0.0304801 -0.0304147 -0.0299181 -0.0290293 -0.0278371 -0.026416 -0.0248314 -0.023148 -0.0213901 -0.0196301 -0.0179042 -0.0162564 -0.014711 -0.0132849 -0.0119875 -0.0108143 -0.00974794 -0.0088037 -0.00797549 -0.00725319 -0.0066326 -0.00606496 -0.00557337 -0.00514073 -0.00476018 -0.00442621 -0.00411873 -0.00384393 -0.00360356 -0.00337522 -0.00316514 -0.00296046 -0.00276713 -0.00259991 -0.00242292 -0.00225629 -0.00209433 -0.00193805 -0.00179566 -0.00165249 -0.00150115 -0.00136778 -0.00123593 -0.00113456 -0.00108812 -0.00108158 -0.00111416 -0.0012219 -0.00144546 -0.00181515 -0.00232863 -0.00297833 -0.00379424 -0.00476442 -0.00585535 -0.00704212 -0.00824046 -0.00931148 -0.0101781 -0.0107155 -0.0107908 -0.0103293 -0.00927859 -0.00761807 -0.00545163 -0.00291829 -0.000219898 0.00241182 0.00474996 0.00660576 0.0078234 0.00832139 0.0080627 0.0070959 0.00550433 0.00344473 0.00111924 -0.00125493 -0.00345448 -0.00526665 -0.00659659 -0.00737806 -0.00762058 -0.00741782 -0.00685492 -0.00600549 -0.00501206 -0.00396438 -0.00293711 -0.00201524 -0.00123743 -0.000582389 -5.12217e-05 0.000366347 0.000692231 0.00094698 0.00114924 0.00130592 0.00142483 0.00154026 0.00165087 0.00172763 0.00180551 0.00188643 0.00196931 0.00205576 0.00212818 0.00219534 0.0022907 0.0023858 0.00249781 0.00261097 0.00272372 0.00286223 0.00301703 0.00318445 0.00336506 0.00355494 0.00378134 0.00404782 0.00434376 0.00468997 0.00507052 0.00552503 0.00605323 0.0066625 0.00737561 0.00820027 0.00914033 0.0102009 0.0113812 0.0126997 0.0141679 0.015755 0.0174429 0.0191753 0.0209393 0.0226822 0.0243514 0.0258906 0.0272191 0.0282655 0.0289481 0.0292076 0.0289896 0.0282485 0.0269254 0.0250072 0.0224738 0.0193532 0.0156538 0.0114086 0.00668987 0.00154844 -0.00389575 -0.00957322 -0.0153566 -0.0211612 -0.0269034 -0.0324756 -0.0378172 -0.0428172 -0.0474418 -0.0516193 -0.0553243 -0.0585466 -0.0612672 -0.0635104 -0.0652529 -0.0665413 -0.0673771 
0 0.00576379 0.0113273 0.0164931 0.0211202 0.0250454 0.0281778 0.0304361 0.031757 0.0321234 0.0315272 0.0300547 0.0277619 0.0247586 0.0211677 0.0170884 0.0126617 0.00798362 0.00320739 -0.00157459 -0.00626262 -0.0107449 -0.0149559 -0.0187942 -0.0222033 -0.0251161 -0.0275108 -0.0293835 -0.0307221 -0.0315426 -0.0318656 -0.0317002 -0.0311188 -0.0301783 -0.0289475 -0.0275006 -0.0258702 -0.024148 -0.0223451 -0.0205571 -0.0188064 -0.0171128 -0.0155269 -0.0140427 -0.0126887 -0.0114576 -0.0103579 -0.00937209 -0.00850353 -0.00773016 -0.00706249 -0.0064658 -0.00596389 -0.00551238 -0.00509939 -0.00473012 -0.00439088 -0.00409232 -0.00382949 -0.00359109 -0.00335186 -0.00314391 -0.0029273 -0.00273331 -0.00254269 -0.00236001 -0.00218125 -0.00202904 -0.00185771 -0.00169243 -0.00151885 -0.0013844 -0.00129909 -0.0012407 -0.00122519 -0.00128471 -0.00143215 -0.00168693 -0.0020717 -0.00261867 -0.00335209 -0.00423164 -0.0052921 -0.00649491 -0.00777635 -0.00904855 -0.0102258 -0.011142 -0.0116934 -0.0117528 -0.0112505 -0.0100921 -0.00832048 -0.00599199 -0.00326119 -0.000342617 0.00248532 0.00502974 0.00702594 0.00834659 0.00889085 0.00862335 0.00756857 0.00587046 0.00364387 0.00114793 -0.00139767 -0.00375362 -0.00573633 -0.00718089 -0.00805756 -0.00835178 -0.00814573 -0.00751192 -0.00661032 -0.00551794 -0.00435107 -0.00322434 -0.00221475 -0.00132667 -0.000619735 -4.2356e-05 0.000432373 0.000813499 0.00110019 0.00130863 0.0014766 0.00162988 0.00174692 0.0018385 0.00193172 0.00201961 0.00212222 0.00221108 0.00230809 0.00239301 0.00248259 0.00257552 0.00270139 0.00282195 0.00296238 0.00309416 0.00324035 0.00340485 0.00360201 0.00381206 0.00406395 0.00434683 0.00465367 0.0050181 0.00541761 0.00589311 0.00644873 0.00709367 0.00782687 0.00867511 0.00963881 0.010751 0.0119832 0.0133658 0.0148651 0.0164813 0.0182149 0.0199882 0.0218011 0.0235755 0.025278 0.026848 0.0282245 0.0293397 0.0301047 0.0304587 0.0303571 0.0297446 0.0286071 0.0269154 0.0246364 0.02179 0.0183719 0.0144455 0.0100326 0.00520494 2.46828e-05 -0.00546047 -0.0111405 -0.0169626 -0.0228242 -0.0286666 -0.0344112 -0.0399819 -0.0453277 -0.0503452 -0.0549916 -0.0592077 -0.0629577 -0.0662124 -0.0689403 -0.0711473 -0.0727959 -0.0738871 
0 0.00546945 0.0107276 0.0156368 0.0200094 0.0237461 0.0267065 0.0288597 0.0301458 0.0305259 0.0300547 0.0287581 0.0267311 0.0240138 0.0207431 0.017013 0.0129157 0.00858562 0.00411472 -0.00038996 -0.00488737 -0.0092635 -0.0134434 -0.0173486 -0.0209032 -0.0240499 -0.0267504 -0.0289835 -0.0307126 -0.031949 -0.0326782 -0.0329299 -0.0327284 -0.0321411 -0.0311955 -0.0299415 -0.0284673 -0.0268183 -0.0250619 -0.0232524 -0.0214348 -0.0196346 -0.017902 -0.0162607 -0.0147443 -0.0133467 -0.0120921 -0.0109452 -0.00990402 -0.00899818 -0.00818279 -0.00748156 -0.00687134 -0.0063232 -0.0058374 -0.00540239 -0.00500818 -0.00466215 -0.00434045 -0.00405722 -0.00378258 -0.00353348 -0.00330955 -0.0030777 -0.00286815 -0.00266307 -0.00245206 -0.00226001 -0.00206798 -0.00188331 -0.0017324 -0.00158034 -0.00146178 -0.0014072 -0.00140888 -0.00146593 -0.00162341 -0.00191176 -0.00235828 -0.00296394 -0.00372906 -0.00468012 -0.00582126 -0.00709344 -0.00847125 -0.00985207 -0.0110703 -0.0120376 -0.0126208 -0.0126565 -0.0120931 -0.0108642 -0.00895474 -0.00648517 -0.00359682 -0.000504842 0.00251604 0.00522438 0.00737585 0.00879015 0.009371 0.00907345 0.00796433 0.00615591 0.00381078 0.00117653 -0.00152612 -0.00405218 -0.00615697 -0.00773302 -0.00869497 -0.00901714 -0.00881427 -0.00816191 -0.00715844 -0.00598068 -0.00473545 -0.0035093 -0.00240614 -0.00144912 -0.000639366 2.21905e-05 0.000540005 0.000935817 0.00123711 0.0014804 0.00166469 0.00180184 0.00193254 0.00206272 0.00215373 0.00224769 0.00234154 0.00243395 0.00254797 0.00265297 0.00275466 0.00288621 0.00300783 0.00314474 0.0033003 0.00345292 0.00363495 0.00383245 0.00405964 0.00431869 0.004614 0.0049516 0.00532526 0.00574803 0.00625096 0.0068174 0.00750052 0.00828291 0.00916236 0.0101704 0.0112988 0.0125667 0.0139803 0.0155341 0.0171896 0.0189348 0.0207367 0.0225682 0.0243729 0.026115 0.02771 0.0290983 0.0302323 0.0310276 0.0314313 0.0313937 0.0308821 0.0298439 0.0282882 0.0262024 0.0235925 0.0204488 0.0168123 0.0127206 0.00821439 0.00337678 -0.00178157 -0.00718216 -0.0127998 -0.0185546 -0.0244019 -0.030284 -0.0361112 -0.041874 -0.047473 -0.0528563 -0.0579211 -0.0626233 -0.0668976 -0.0706512 -0.073881 -0.076516 -0.0785355 -0.0798664 
0 0.00498227 0.00978244 0.0142588 0.0182811 0.0217063 0.0244368 0.0264359 0.0276587 0.0280915 0.0277619 0.0267311 0.0250264 0.022694 0.0198468 0.0165618 0.0129288 0.00902979 0.00497703 0.000826285 -0.00338342 -0.00754453 -0.0115958 -0.0154621 -0.0190922 -0.0224163 -0.0253795 -0.0279423 -0.0300469 -0.0316891 -0.0328622 -0.033553 -0.033798 -0.0336153 -0.0330178 -0.0320596 -0.0308073 -0.0293478 -0.0276945 -0.0259352 -0.02411 -0.0222527 -0.0204341 -0.0186687 -0.0169981 -0.0154361 -0.0140091 -0.0126937 -0.0115017 -0.0104389 -0.00949457 -0.00864332 -0.00789977 -0.00723174 -0.0066445 -0.00614028 -0.00568653 -0.00527468 -0.00490012 -0.00456469 -0.00424144 -0.00396515 -0.00369448 -0.00343774 -0.00319369 -0.00295126 -0.00270857 -0.0025033 -0.00229429 -0.00210599 -0.0019293 -0.00177732 -0.00166302 -0.00158424 -0.00156826 -0.00165228 -0.00185185 -0.00217561 -0.00264457 -0.0032915 -0.00413443 -0.00514784 -0.00635994 -0.00771357 -0.00915048 -0.0105772 -0.0118743 -0.0128839 -0.0134793 -0.0135095 -0.01291 -0.0115865 -0.00957702 -0.00696847 -0.00391808 -0.000664901 0.00249029 0.00533465 0.00757963 0.00907256 0.00970876 0.00943132 0.00827832 0.00639912 0.00392594 0.00114668 -0.00169592 -0.00434631 -0.00658298 -0.00824325 -0.00927298 -0.00964038 -0.00943805 -0.00874058 -0.00770774 -0.00645946 -0.00511544 -0.00379657 -0.00259736 -0.00152784 -0.000649947 6.5761e-05 0.000641936 0.00108955 0.0014173 0.00165411 0.00183987 0.00200513 0.00214507 0.00226882 0.00238374 0.00249288 0.00260366 0.00269476 0.00281 0.00292901 0.00305687 0.00319449 0.00334077 0.00348438 0.00366625 0.00385553 0.00407432 0.00431546 0.00458515 0.00487601 0.00521975 0.00561137 0.00605244 0.0065844 0.00719269 0.0078914 0.00869853 0.00961789 0.0106546 0.0118365 0.0131412 0.0145833 0.0161484 0.0178523 0.0196299 0.0214557 0.0233086 0.0251152 0.0268624 0.028472 0.0298765 0.0310089 0.0318132 0.0322288 0.0322053 0.0317335 0.0307894 0.0293172 0.0273405 0.0248749 0.0219346 0.0185483 0.0147368 0.0105583 0.00603541 0.00123826 -0.00381189 -0.00908995 -0.0145491 -0.0201806 -0.0259435 -0.031796 -0.0376699 -0.0435383 -0.049354 -0.0550183 -0.0604573 -0.0655976 -0.0703431 -0.0745833 -0.0782569 -0.0813108 -0.0836501 -0.0852031 
0 0.00434594 0.00853431 0.0124649 0.016006 0.0190412 0.0214663 0.0232709 0.0244232 0.0249048 0.0247586 0.0240138 0.022694 0.0208119 0.0184734 0.0157414 0.0126587 0.00929518 0.0057308 0.00201972 -0.00181517 -0.00567468 -0.00950505 -0.013259 -0.0168896 -0.0203201 -0.0234807 -0.0263168 -0.0287628 -0.0308068 -0.0324153 -0.0335679 -0.0342672 -0.0345288 -0.0343475 -0.0337597 -0.0328393 -0.0316349 -0.0301706 -0.028523 -0.0267575 -0.0249188 -0.0230694 -0.0212256 -0.0194306 -0.0177128 -0.0161208 -0.014638 -0.0132748 -0.0120553 -0.0109481 -0.00995077 -0.00906532 -0.00827332 -0.00758146 -0.00698421 -0.00644473 -0.00595511 -0.00550762 -0.00511343 -0.00474304 -0.00441598 -0.00410737 -0.00380785 -0.00353714 -0.00327689 -0.00301392 -0.00277391 -0.00253714 -0.00232218 -0.0021398 -0.00197437 -0.00185095 -0.00178867 -0.0017972 -0.00188512 -0.00208987 -0.00243445 -0.0029461 -0.00364478 -0.00453918 -0.0056229 -0.00690329 -0.00831203 -0.00980647 -0.0112894 -0.0126166 -0.013662 -0.0142822 -0.0143023 -0.0136548 -0.0122613 -0.010141 -0.00741575 -0.00424988 -0.000880158 0.00239833 0.00534781 0.00769553 0.00926184 0.00993561 0.00965952 0.00848444 0.00654047 0.00398645 0.00110234 -0.0018626 -0.00463767 -0.006971 -0.00871975 -0.00980645 -0.010201 -0.0100092 -0.00930571 -0.00821932 -0.00690648 -0.00548674 -0.00407154 -0.00277182 -0.0016153 -0.000647865 0.000136131 0.000749752 0.00121693 0.00157089 0.00185203 0.00206455 0.00222771 0.00236609 0.00249734 0.00261125 0.00273005 0.00284935 0.00296118 0.00309565 0.00323127 0.0033728 0.00353519 0.00369483 0.00386364 0.00406984 0.00428875 0.00454369 0.00482503 0.00514293 0.00549817 0.00591156 0.00638086 0.00691425 0.00754802 0.00828709 0.00911629 0.0100645 0.0111286 0.0123253 0.013686 0.0151735 0.0167776 0.0184831 0.0202885 0.022135 0.0239949 0.0258281 0.027568 0.0291666 0.0305622 0.0316792 0.0324698 0.0328907 0.0328751 0.0323961 0.0314625 0.0300721 0.0281792 0.0258144 0.0230059 0.0197893 0.0161995 0.0122788 0.0080688 0.00358615 -0.00111717 -0.00604128 -0.0111522 -0.0164351 -0.0218895 -0.0275202 -0.0332961 -0.0391528 -0.0450864 -0.0510344 -0.056917 -0.0626423 -0.0681414 -0.0732937 -0.0779473 -0.082027 -0.0854328 -0.0880571 -0.0897955 
0 0.00356714 0.00701208 0.0102687 0.0132243 0.0157856 0.0178627 0.0194594 0.02055 0.0211067 0.0211677 0.0207431 0.0198468 0.0184734 0.0167076 0.014588 0.0121133 0.00933597 0.00631567 0.0031029 -0.000289125 -0.00378006 -0.00732413 -0.0108947 -0.014442 -0.0178874 -0.0211563 -0.0241952 -0.0269373 -0.0293492 -0.0313699 -0.0329623 -0.0341146 -0.0348382 -0.0351166 -0.0349625 -0.0344373 -0.0335626 -0.0323671 -0.03092 -0.0292987 -0.0275504 -0.0257263 -0.0238534 -0.0219795 -0.0201519 -0.0184227 -0.0167835 -0.0152479 -0.0138573 -0.0125867 -0.0114425 -0.0104148 -0.00948822 -0.00866656 -0.00794536 -0.00729687 -0.00671438 -0.006194 -0.00573799 -0.00531356 -0.00492424 -0.00456083 -0.00421369 -0.00391044 -0.00362569 -0.00334205 -0.00307251 -0.00280772 -0.00256111 -0.00235902 -0.00218591 -0.00206045 -0.00200137 -0.0020212 -0.00213197 -0.00236542 -0.00273444 -0.00326822 -0.00399919 -0.00493587 -0.00607874 -0.00742005 -0.00889158 -0.0104418 -0.011974 -0.0133343 -0.0143965 -0.0150055 -0.0149984 -0.0143027 -0.0128559 -0.0106691 -0.00786681 -0.00460932 -0.00114085 0.0022457 0.00528858 0.00772055 0.00934569 0.0100512 0.00977615 0.00857744 0.00658036 0.00396634 0.00100976 -0.00202827 -0.00488326 -0.00729961 -0.00913475 -0.0102918 -0.0107359 -0.010553 -0.00982952 -0.00869256 -0.00731367 -0.00581579 -0.0043177 -0.00292993 -0.00169488 -0.000652961 0.000190995 0.000858769 0.00137295 0.00176293 0.00206885 0.00229959 0.00247152 0.00260956 0.00273319 0.00284466 0.00297567 0.00311114 0.00324421 0.00339438 0.00354681 0.0037031 0.00388359 0.00406323 0.0042668 0.0045101 0.0047705 0.00506061 0.00538015 0.00574663 0.00617745 0.00668499 0.00725995 0.00790639 0.00865638 0.00952869 0.0105049 0.0116125 0.0128409 0.0142062 0.0157313 0.0173773 0.0191166 0.0209341 0.0228067 0.0246741 0.0265014 0.0282408 0.0298314 0.031204 0.0323 0.0330482 0.0334269 0.033412 0.0329421 0.0319962 0.0305957 0.0287559 0.0264575 0.0237421 0.0206473 0.0172159 0.0134834 0.00950574 0.00531569 0.00092633 -0.00363816 -0.00839662 -0.0133193 -0.0184063 -0.0236662 -0.0291365 -0.0348006 -0.0406088 -0.0465659 -0.0526024 -0.0586386 -0.0645748 -0.0703426 -0.0758055 -0.0807853 -0.0851797 -0.0888558 -0.0916868 -0.0935561 
0 0.00268362 0.00529177 0.00776344 0.0100554 0.0120668 0.0137668 0.0151434 0.0161695 0.0168194 0.0170884 0.017013 0.0165618 0.0157414 0.014588 0.0131051 0.0112773 0.00911566 0.00669106 0.00402003 0.00111872 -0.00195849 -0.00517079 -0.00849047 -0.0118709 -0.0152379 -0.0185241 -0.0216843 -0.0246532 -0.0273617 -0.0297491 -0.0317422 -0.0333491 -0.0345463 -0.0353057 -0.0356263 -0.0355284 -0.0350557 -0.0342018 -0.033043 -0.0316404 -0.0300412 -0.0283023 -0.0264645 -0.0245786 -0.0227095 -0.0208868 -0.0191161 -0.01743 -0.015861 -0.0144361 -0.0131269 -0.0119425 -0.0108644 -0.00989536 -0.00904156 -0.00827894 -0.00758822 -0.00698424 -0.0064482 -0.00595442 -0.00550765 -0.00507784 -0.00468694 -0.00433578 -0.00400563 -0.00368328 -0.00338289 -0.00309217 -0.00284036 -0.00261848 -0.00244066 -0.00230989 -0.00223561 -0.00224968 -0.00238595 -0.00264731 -0.00304771 -0.00360954 -0.00437107 -0.00535167 -0.00653473 -0.00791925 -0.00945134 -0.0110463 -0.0126038 -0.0140009 -0.0150652 -0.015651 -0.0156228 -0.0148884 -0.0133825 -0.0111544 -0.00829408 -0.00497013 -0.00143378 0.00202383 0.00514732 0.00764024 0.00931366 0.0100459 0.00977939 0.00855838 0.00653867 0.0038886 0.00088318 -0.0022029 -0.00510711 -0.00760241 -0.00949872 -0.0107128 -0.0112114 -0.0110408 -0.010291 -0.00912723 -0.00768752 -0.00611693 -0.00455507 -0.00309228 -0.0017697 -0.00065 0.000266021 0.000994215 0.00155396 0.00197667 0.00228821 0.00252502 0.0027135 0.0028601 0.00298436 0.0031167 0.00325203 0.00339602 0.00353278 0.00368757 0.00385854 0.00404604 0.00424379 0.00446089 0.00469322 0.00497684 0.00529155 0.00563185 0.00601301 0.0064472 0.00695909 0.00757169 0.00826252 0.00903229 0.00992338 0.0109301 0.0120769 0.0133549 0.0147659 0.0163105 0.0179844 0.0197506 0.0215774 0.023446 0.0253334 0.0271611 0.0288756 0.0304413 0.0317804 0.0328597 0.0335885 0.0339226 0.0338499 0.0333577 0.0324188 0.0310025 0.0291515 0.0268846 0.0242149 0.0211972 0.017885 0.0143101 0.010513 0.00652831 0.0023992 -0.00186547 -0.00627023 -0.0108311 -0.015566 -0.0204519 -0.0255352 -0.0308447 -0.0363794 -0.0421211 -0.04805 -0.0541331 -0.0602447 -0.0663106 -0.0722404 -0.0778893 -0.0830851 -0.0876695 -0.0915253 -0.0944756 -0.0964276 
0 0.001742 0.00343315 0.00507709 0.00662381 0.00806279 0.00934843 0.0104893 0.0114479 0.0121655 0.0126617 0.0129157 0.0129288 0.0126587 0.0121133 0.0112773 0.0100949 0.00859539 0.00679295 0.00470862 0.00233524 -0.000291112 -0.00311626 -0.00612182 -0.0092608 -0.0124709 -0.015703 -0.0189021 -0.0220039 -0.0249356 -0.0276037 -0.0299736 -0.0319956 -0.0336533 -0.0348888 -0.0356741 -0.0360573 -0.0360226 -0.0356005 -0.0348041 -0.033696 -0.0323293 -0.0307516 -0.0290216 -0.0271962 -0.0253265 -0.0234552 -0.0215979 -0.0197828 -0.0180832 -0.0164856 -0.0150146 -0.01365 -0.0124039 -0.0112889 -0.0102975 -0.00940174 -0.0085953 -0.00787019 -0.00723204 -0.00666717 -0.00613962 -0.00566194 -0.00520508 -0.00479459 -0.00441456 -0.00405185 -0.00370367 -0.00340352 -0.00313494 -0.00292305 -0.00272728 -0.00257008 -0.0024999 -0.00253042 -0.00266145 -0.00293679 -0.0033663 -0.00396978 -0.00476994 -0.00577722 -0.00701492 -0.00844148 -0.00999576 -0.0116183 -0.0132042 -0.0145875 -0.0156612 -0.0162528 -0.0162051 -0.0154277 -0.0138974 -0.0116043 -0.00869321 -0.00533692 -0.00176844 0.00174078 0.00487906 0.00742062 0.00913405 0.009889 0.00963887 0.00844563 0.00640359 0.00374667 0.000716976 -0.00241315 -0.00537061 -0.00788986 -0.00983971 -0.0110882 -0.0116057 -0.011451 -0.0107245 -0.00952333 -0.00804644 -0.00643187 -0.00479461 -0.00324234 -0.00185098 -0.000638047 0.000358731 0.00114281 0.00173302 0.00217281 0.00252137 0.0027778 0.00295715 0.00311357 0.00326795 0.00340857 0.00356294 0.00369974 0.00384712 0.00401002 0.00419896 0.00441414 0.00466272 0.00490502 0.00518531 0.00550138 0.00586895 0.00628513 0.00674687 0.00727287 0.00788992 0.00860341 0.00941429 0.0103293 0.0113617 0.0125475 0.0138545 0.0153064 0.0168794 0.0185742 0.0203726 0.0222233 0.0240829 0.0259496 0.0277737 0.0294912 0.0310297 0.0323215 0.0333483 0.0340348 0.034354 0.0342387 0.0336906 0.0327203 0.0312957 0.0294376 0.0271739 0.0245423 0.0215719 0.018318 0.0148473 0.0111996 0.00738562 0.00344739 -0.000605098 -0.00474364 -0.00898153 -0.0133649 -0.0178948 -0.0226128 -0.0275258 -0.0326906 -0.038098 -0.0437295 -0.0496049 -0.0556454 -0.0617752 -0.0678688 -0.073848 -0.0795633 -0.084819 -0.0894865 -0.0933889 -0.0963962 -0.0983775 
0 0.000758874 0.00152094 0.00228092 0.00308804 0.00390836 0.00477172 0.00564872 0.00650251 0.00729448 0.00798362 0.00858562 0.00902979 0.00929518 0.00933597 0.00911566 0.00859539 0.0077494 0.00659556 0.00510544 0.00328279 0.00114696 -0.00124691 -0.00388197 -0.00671864 -0.0097188 -0.0128202 -0.0159703 -0.0191157 -0.0221608 -0.0250591 -0.0277169 -0.0301161 -0.0321758 -0.0338443 -0.0351091 -0.0359603 -0.03642 -0.0364537 -0.0360848 -0.0353527 -0.0343074 -0.0329883 -0.0314528 -0.029737 -0.0279322 -0.0260568 -0.0241589 -0.0222858 -0.0204585 -0.018736 -0.017093 -0.0155612 -0.0141559 -0.0128866 -0.0117432 -0.0107061 -0.00974388 -0.00889514 -0.00813682 -0.00746876 -0.00686337 -0.00629358 -0.00578084 -0.00531101 -0.00487531 -0.00447096 -0.00409868 -0.00375569 -0.00346723 -0.0032139 -0.00302225 -0.00287915 -0.0027957 -0.00281032 -0.00297959 -0.0032737 -0.0037131 -0.00432706 -0.00515763 -0.00621785 -0.00749248 -0.00894053 -0.0105319 -0.0121585 -0.013731 -0.0151468 -0.0162133 -0.0167701 -0.0167138 -0.015913 -0.0143309 -0.0120329 -0.00909906 -0.00571117 -0.00213229 0.00137393 0.00453535 0.0070783 0.00880894 0.00960083 0.00939067 0.00820505 0.00619019 0.0035332 0.000484598 -0.00264626 -0.00559934 -0.00816407 -0.0101265 -0.0113975 -0.0119638 -0.0118178 -0.0110705 -0.00988489 -0.0083797 -0.00670738 -0.00501745 -0.00338582 -0.00189924 -0.000615869 0.000434848 0.00126896 0.00191671 0.002413 0.00276457 0.00303824 0.00325377 0.00341877 0.00355106 0.00370478 0.00386059 0.00402883 0.00419051 0.00436656 0.00458327 0.00483999 0.00510963 0.0054094 0.00572663 0.00609429 0.00653076 0.00701549 0.00758011 0.00821732 0.0089542 0.00979987 0.0107476 0.0118092 0.0130223 0.0143657 0.0158617 0.0174541 0.0191545 0.0209587 0.0228268 0.0247249 0.0265812 0.0283757 0.0300664 0.0315852 0.032853 0.0338247 0.0344431 0.0347047 0.034544 0.0339576 0.0329383 0.0314845 0.0296169 0.0273368 0.0247244 0.0218009 0.0186135 0.0152019 0.0116352 0.00795334 0.00417584 0.000308706 -0.0036371 -0.00764549 -0.0117445 -0.0159502 -0.0203226 -0.0248697 -0.0296533 -0.0346879 -0.0399659 -0.0454946 -0.051244 -0.0572048 -0.0632441 -0.0692823 -0.0751943 -0.0808261 -0.0860232 -0.0906054 -0.0944673 -0.0974264 -0.0993978 
