0 0 0 0 0 0 0 0 0 0 0 0 0 0 0 0 0 0 0 0 0 0 0 0 0 0 0 0 0 0 0 0 0 0 0 0 0 0 0 0 0 0 0 0 0 0 0 0 0 0 0 0 0 0 0 0 0 0 0 0 0 0 0 0 0 0 0 0 0 0 0 0 0 0 0 0 0 0 0 0 0 0 0 0 0 0 0 0 0 0 0 0 0 0 0 0 0 0 0 0 0 0 0 0 0 0 0 0 0 0 0 0 0 0 0 0 0 0 0 0 0 0 0 0 0 0 0 0 0 0 0 0 0 0 0 0 0 0 0 0 0 0 0 0 0 0 0 0 0 0 0 0 0 0 0 0 0 0 0 0 0 0 0 0 0 0 0 0 0 0 0 0 0 0 0 0 0 0 0 0 0 0 0 0 0 0 0 0 0 0 0 0 0 0 0 0 0 0 0 0 
0 1.33648e-05 1.41369e-05 2.07024e-05 2.34308e-05 3.52354e-05 3.28833e-05 3.10189e-05 3.68082e-05 3.55423e-05 3.5373e-05 2.77329e-05 3.2494e-05 3.85169e-05 4.18976e-05 4.84275e-05 5.33443e-05 6.16036e-05 7.04615e-05 8.15758e-05 9.08937e-05 9.71893e-05 0.000103877 0.000114244 0.000113286 0.000112038 0.000119033 0.000130736 0.000142658 0.000146321 0.000163151 0.000184018 0.000209776 0.000245215 0.000286197 0.000334817 0.000395082 0.000472185 0.000557607 0.000653891 0.0007683 0.000916361 0.00108819 0.00129389 0.00154635 0.00183658 0.00218761 0.00260321 0.00307757 0.00361007 0.00419139 0.0048217 0.00549154 0.0061814 0.00688883 0.00757535 0.00820792 0.00877405 0.0092109 0.00948316 0.00955535 0.00937399 0.00892347 0.00820638 0.00723406 0.00605269 0.00471506 0.00327846 0.00180527 0.000346983 -0.00104064 -0.00232309 -0.00346055 -0.00442812 -0.0052089 -0.00579667 -0.0061923 -0.00641651 -0.00648654 -0.00643755 -0.00628957 -0.00606535 -0.00578465 -0.0054556 -0.00508723 -0.00469382 -0.00428129 -0.00387237 -0.00348099 -0.00310019 -0.00274223 -0.00242273 -0.00213486 -0.00186034 -0.00160255 -0.00136928 -0.0011518 -0.000942415 -0.000759918 -0.000595737 -0.000439476 -0.000296557 -0.000158685 -5.32195e-06 0.000154814 0.000323124 0.000507746 0.000709882 0.000914431 0.0011207 0.00134657 0.00159624 0.00185198 0.00211914 0.00239812 0.00266888 0.00291774 0.00312656 0.00327644 0.00335787 0.00336504 0.00328968 0.00313181 0.00288767 0.00255996 0.00214237 0.00165275 0.00110614 0.000522757 -6.86669e-05 -0.000643322 -0.00119757 -0.00171516 -0.00220752 -0.00268046 -0.00314059 -0.00359838 -0.00404886 -0.00449231 -0.00491983 -0.00530364 -0.00563724 -0.005896 -0.00604875 -0.00610892 -0.00605556 -0.00588843 -0.00563036 -0.00527874 -0.00485316 -0.00438663 -0.00390016 -0.00342225 -0.00297015 -0.00255483 -0.00218465 -0.00185059 -0.00156861 -0.00133205 -0.00112568 -0.00095225 -0.000805561 -0.000680406 -0.000577895 -0.000501427 -0.000434399 -0.000375941 -0.000325667 -0.000292503 -0.000267786 -0.000242094 -0.000227562 -0.000211139 -0.000200487 -0.000196433 -0.000194988 -0.000191765 -0.000186993 -0.000191138 -0.000200347 -0.000200439 -0.000199636 -0.000207416 -0.000212819 -0.000216792 -0.000208657 -0.00020863 -0.000208207 -0.000203077 -0.000204595 -0.000196761 -0.000199246 -0.000192272 -0.000190631 -0.000192452 -0.00018865 -0.000198089 -0.000195826 -0.00020079 -0.000198527 
0 1.41369e-05 1.85051e-05 1.19142e-05 2.88867e-05 4.10856e-05 4.30743e-05 4.78046e-05 5.77845e-05 7.75839e-05 7.63818e-05 7.89692e-05 9.06982e-05 0.000101908 0.00011281 0.000115004 0.000124415 0.000130861 0.000139807 0.000153202 0.000164132 0.000169434 0.000187842 0.000205106 0.000213393 0.000218829 0.000230018 0.000270519 0.00028175 0.00030617 0.000336711 0.000377932 0.00044249 0.000498581 0.000593455 0.000682168 0.000804945 0.000963649 0.00113763 0.00133787 0.0015838 0.00188344 0.00224225 0.00266488 0.0031605 0.00375687 0.00443606 0.0052655 0.00620006 0.00724621 0.0083993 0.00964604 0.0109631 0.0123319 0.0137202 0.015057 0.0163048 0.0173825 0.0182301 0.0187388 0.0188533 0.0184766 0.0175843 0.0161527 0.0142534 0.0119283 0.00929378 0.00647609 0.00356444 0.000682171 -0.0020498 -0.00457451 -0.00680877 -0.00867354 -0.0101982 -0.0113325 -0.012108 -0.0125685 -0.0127478 -0.0126632 -0.0124084 -0.0119754 -0.0114225 -0.0107719 -0.0100624 -0.00929334 -0.0085218 -0.0077308 -0.00695463 -0.00621856 -0.00555009 -0.00489293 -0.00428647 -0.00373896 -0.00323557 -0.00275267 -0.00232462 -0.00192381 -0.00155977 -0.00121469 -0.000898171 -0.000588899 -0.000284664 2.83307e-05 0.000337706 0.000690443 0.00105542 0.00143135 0.00184187 0.00230513 0.00276278 0.00324769 0.00376259 0.00430503 0.00482889 0.005347 0.00580417 0.00619004 0.00647107 0.00663374 0.00662133 0.00647067 0.00612636 0.00559795 0.00490266 0.00405509 0.00305492 0.00199374 0.000860913 -0.000283273 -0.00138821 -0.00245527 -0.00347159 -0.0044162 -0.00533034 -0.00622274 -0.00708611 -0.00795823 -0.00881344 -0.0096423 -0.0104002 -0.0110739 -0.011583 -0.0119224 -0.0120517 -0.0119742 -0.0116749 -0.0111857 -0.0105135 -0.00969746 -0.00877909 -0.00782686 -0.00688567 -0.00597339 -0.00516126 -0.00440584 -0.00374596 -0.00318142 -0.0027039 -0.00229382 -0.00194613 -0.00164334 -0.00139337 -0.00117846 -0.00101184 -0.000882497 -0.000743549 -0.000656364 -0.000578957 -0.000532459 -0.000491359 -0.000454888 -0.00043867 -0.000413426 -0.000412858 -0.000412717 -0.000405729 -0.000396872 -0.000403215 -0.000411312 -0.000408155 -0.000396015 -0.000399929 -0.000411473 -0.00040474 -0.000402125 -0.000395579 -0.00040253 -0.00040181 -0.000398596 -0.000404748 -0.00039932 -0.000403358 -0.000398859 -0.000398583 -0.000400345 -0.000397524 -0.000406451 -0.000399589 -0.000396264 
0 2.07024e-05 1.19142e-05 2.02065e-05 2.84744e-05 5.80706e-05 5.69148e-05 5.99484e-05 8.64652e-05 0.000103469 0.000121011 0.000120319 0.000143363 0.000164132 0.000174509 0.000187861 0.000197282 0.000210621 0.000221253 0.000233788 0.000241444 0.00024732 0.000263092 0.000295246 0.000306169 0.000317752 0.000350199 0.000395751 0.00043917 0.000465572 0.000523701 0.000594202 0.000678246 0.000784362 0.000910083 0.00105981 0.00125015 0.00149499 0.00177297 0.00209111 0.00246777 0.00294029 0.00348649 0.00412958 0.0049002 0.00578262 0.00682839 0.00805267 0.00943831 0.0109815 0.0126618 0.0144771 0.016403 0.0183879 0.0204118 0.0223657 0.0241525 0.0257161 0.0268941 0.0275838 0.0276927 0.0270916 0.0257419 0.0236517 0.0208556 0.017466 0.0136216 0.00948195 0.00522202 0.00100717 -0.00299027 -0.00665537 -0.00987496 -0.0125857 -0.0147664 -0.0164177 -0.0175622 -0.0182572 -0.0185424 -0.0184894 -0.0181435 -0.0175553 -0.0167834 -0.0158661 -0.0148451 -0.0137667 -0.0126537 -0.0115506 -0.0104788 -0.00941673 -0.00838965 -0.0074333 -0.00654697 -0.00570587 -0.00492609 -0.00422803 -0.00358811 -0.00297667 -0.0024239 -0.00190228 -0.0013868 -0.00089576 -0.000419165 8.01063e-05 0.000578654 0.00108641 0.00163192 0.00222981 0.00285916 0.00351981 0.00423831 0.00500984 0.00577865 0.00654202 0.00729514 0.00800008 0.00863236 0.00915666 0.00952656 0.00970694 0.00966179 0.00935768 0.00878286 0.00793657 0.00684661 0.00552916 0.00404987 0.00246784 0.000832093 -0.000793797 -0.00236083 -0.003868 -0.00528237 -0.00662284 -0.00790347 -0.00913873 -0.0103575 -0.0115637 -0.0127699 -0.0139614 -0.0150734 -0.0160771 -0.0168917 -0.0174274 -0.0176929 -0.0176319 -0.0172394 -0.0165712 -0.0156268 -0.0144609 -0.0131589 -0.0117841 -0.0104124 -0.00909412 -0.00786741 -0.00675535 -0.00574869 -0.00488975 -0.00416486 -0.00353596 -0.00300516 -0.00255109 -0.00216022 -0.00183201 -0.00157509 -0.00135139 -0.00115585 -0.0009956 -0.000888284 -0.000813699 -0.000746326 -0.000709332 -0.000672376 -0.000649294 -0.000642215 -0.000639119 -0.000626894 -0.000608059 -0.000609416 -0.000619304 -0.000605245 -0.000586755 -0.000591494 -0.000596985 -0.000602751 -0.00058812 -0.000594719 -0.000602859 -0.000598961 -0.0006081 -0.000598778 -0.000612405 -0.00060673 -0.00060902 -0.000612727 -0.000598829 -0.000610222 -0.000599684 -0.000606353 -0.000594266 
0 2.34308e-05 2.88867e-05 2.84744e-05 5.78723e-05 8.29773e-05 8.72706e-05 9.35578e-05 0.000113918 0.000146929 0.000155151 0.000163277 0.000185351 0.000205364 0.000221776 0.000230378 0.000249628 0.000268643 0.000287983 0.000310183 0.000326775 0.000337844 0.000371058 0.00040794 0.000431323 0.000449446 0.000479908 0.00054925 0.000586086 0.000640098 0.000714703 0.000813939 0.000949563 0.0010866 0.00128026 0.00148416 0.00175039 0.00208656 0.00246507 0.00290148 0.00343063 0.00407388 0.00483902 0.00573679 0.00678378 0.00800998 0.0094016 0.0110355 0.0128522 0.0148507 0.0170221 0.0193522 0.0218065 0.0243492 0.0269197 0.0293887 0.0316612 0.033594 0.0350529 0.0358612 0.0359121 0.035058 0.0332577 0.0304919 0.0268672 0.0224762 0.0175134 0.0122002 0.00672348 0.00131517 -0.00379718 -0.00848219 -0.0125957 -0.0160258 -0.0188114 -0.0209125 -0.0223871 -0.0233111 -0.0237395 -0.0237082 -0.0233405 -0.0226477 -0.0217202 -0.0206097 -0.0193857 -0.0180645 -0.0167203 -0.01534 -0.0139637 -0.01262 -0.0113471 -0.0100894 -0.00890385 -0.00780905 -0.00679307 -0.0058325 -0.00496296 -0.00414259 -0.00337825 -0.00264113 -0.00193689 -0.00124398 -0.00056035 0.00013092 0.000813177 0.00154759 0.0023066 0.00309563 0.00394843 0.00488603 0.00583488 0.00682082 0.00782585 0.00883033 0.00976924 0.0106439 0.011383 0.0119673 0.0123445 0.0124795 0.0122876 0.0117934 0.0109261 0.00970685 0.00818405 0.00640963 0.00442956 0.00238883 0.000300908 -0.00174661 -0.00368729 -0.00552786 -0.00725256 -0.00884347 -0.0103597 -0.0118255 -0.0132553 -0.0147181 -0.0162044 -0.0177076 -0.0191588 -0.0205093 -0.021616 -0.0224198 -0.0228429 -0.0228619 -0.0224536 -0.0216686 -0.020529 -0.0191033 -0.0174749 -0.0157533 -0.0140183 -0.0123151 -0.0107427 -0.00926463 -0.0079371 -0.00677828 -0.00578244 -0.00492194 -0.00418712 -0.00355146 -0.00301693 -0.00256188 -0.00219983 -0.00190537 -0.00162026 -0.0014165 -0.00124884 -0.00113418 -0.001037 -0.000957075 -0.000908395 -0.000858621 -0.000846835 -0.000839552 -0.000821848 -0.000803869 -0.000810863 -0.000824059 -0.000817557 -0.00079766 -0.000801123 -0.00081459 -0.000807577 -0.000803064 -0.000799211 -0.000810333 -0.000807955 -0.000801987 -0.000805083 -0.000801167 -0.000808387 -0.000807106 -0.000806557 -0.00080334 -0.000797051 -0.000804354 -0.00080084 -0.0007971 
0 3.52354e-05 4.10856e-05 5.80706e-05 8.29773e-05 0.000119686 0.000123993 0.000126931 0.000152253 0.000174593 0.000189248 0.000191551 0.000216816 0.000242486 0.000259736 0.000279048 0.000303744 0.000335402 0.000366585 0.000398208 0.000421552 0.000442541 0.00047616 0.00052297 0.000548345 0.000571121 0.000618196 0.000688479 0.000756242 0.00082212 0.000929808 0.0010693 0.00124041 0.00144332 0.00168877 0.0019757 0.00233143 0.00277059 0.00327144 0.00384831 0.00453465 0.00537686 0.00636688 0.0075278 0.00888667 0.0104362 0.0122089 0.0142241 0.0164486 0.0188667 0.0214613 0.0242261 0.0271335 0.0301246 0.0331438 0.0360406 0.0386708 0.0409041 0.0425339 0.0433895 0.0433302 0.0421983 0.0399371 0.0365613 0.0321499 0.0268607 0.0209093 0.0145464 0.00802721 0.00161337 -0.00444582 -0.00997512 -0.0148211 -0.0188933 -0.0221807 -0.0246864 -0.0264583 -0.0275786 -0.0281162 -0.0281599 -0.027794 -0.0270835 -0.0261072 -0.0249187 -0.0235704 -0.0221083 -0.020571 -0.0189999 -0.0174247 -0.0158486 -0.0143067 -0.0128254 -0.0114175 -0.0100715 -0.00879562 -0.00760488 -0.0064864 -0.00541402 -0.00441223 -0.00345727 -0.00252518 -0.00162285 -0.000732026 0.00018371 0.00110952 0.00206297 0.00306293 0.00411596 0.00521146 0.00634825 0.0075309 0.00875335 0.00996224 0.0111327 0.0122323 0.0132108 0.014015 0.0145936 0.0148877 0.014852 0.0144396 0.0136283 0.0124032 0.0107828 0.00882135 0.00657629 0.00414681 0.00164888 -0.000838754 -0.00322261 -0.00543861 -0.00748419 -0.0093458 -0.0110511 -0.0126527 -0.0141976 -0.0157451 -0.0173442 -0.0190269 -0.0207812 -0.0225315 -0.0242025 -0.0256498 -0.0267374 -0.0274066 -0.0275793 -0.0272352 -0.0264304 -0.0251858 -0.0235825 -0.0217329 -0.0197413 -0.0177062 -0.0156994 -0.013784 -0.0119853 -0.0103243 -0.00885516 -0.00757752 -0.00646057 -0.00550337 -0.00468006 -0.00397798 -0.00338965 -0.00291791 -0.00251786 -0.00216584 -0.00187892 -0.00166136 -0.00149489 -0.00135174 -0.0012469 -0.00116103 -0.0011005 -0.00107106 -0.00105322 -0.00102733 -0.00100146 -0.00100567 -0.00102264 -0.00101784 -0.00100467 -0.00101379 -0.00102489 -0.00102721 -0.00101363 -0.00101602 -0.00102241 -0.00101522 -0.00101296 -0.000999968 -0.00100385 -0.00100005 -0.00100252 -0.00100353 -0.000992268 -0.000999597 -0.000995957 -0.00100498 -0.000999364 
0 3.28833e-05 4.30743e-05 5.69148e-05 8.72706e-05 0.000123993 0.000137795 0.000149297 0.000179191 0.000211464 0.000230685 0.000244351 0.000274942 0.000306578 0.000329037 0.00034808 0.000373201 0.000404862 0.000437558 0.000471059 0.000498408 0.00052462 0.000567167 0.000618486 0.000657313 0.000695189 0.000757716 0.000849962 0.000939244 0.00104077 0.00118286 0.00136742 0.00159405 0.00185657 0.00217498 0.00254691 0.00300362 0.00355977 0.00420005 0.00494079 0.00582361 0.00688672 0.00813639 0.00958593 0.0112514 0.0131364 0.0152516 0.01762 0.0202053 0.0229861 0.0259495 0.0290834 0.0323531 0.0357019 0.0390457 0.04223 0.0451004 0.0474905 0.0491986 0.050026 0.0498079 0.0483836 0.0456848 0.0417243 0.0366133 0.0305284 0.0237243 0.016492 0.00911474 0.00188448 -0.0049295 -0.0111358 -0.0165721 -0.021136 -0.0248226 -0.0276362 -0.0296396 -0.0309298 -0.0315953 -0.0317274 -0.0314327 -0.0307744 -0.0298272 -0.0286456 -0.0272807 -0.0257672 -0.0241517 -0.0224636 -0.0207409 -0.0190135 -0.0173135 -0.01564 -0.0140178 -0.0124553 -0.0109506 -0.00950614 -0.00813151 -0.00681114 -0.0055549 -0.00434641 -0.00317269 -0.00202376 -0.000881619 0.000278436 0.00145613 0.0026784 0.00394304 0.00524662 0.0065935 0.00797968 0.00937506 0.010774 0.0121446 0.0134518 0.0146416 0.0156612 0.016438 0.0169155 0.0170325 0.0167415 0.0159983 0.0148032 0.0131462 0.0110645 0.00862993 0.00592387 0.00305617 0.000170824 -0.00263842 -0.00526431 -0.00763364 -0.00974276 -0.0115996 -0.0132462 -0.0147708 -0.016253 -0.0177715 -0.0194076 -0.0211962 -0.0231263 -0.0251242 -0.0270883 -0.0288519 -0.0302687 -0.0312303 -0.0316507 -0.0314911 -0.0307823 -0.0295555 -0.0278913 -0.0259071 -0.0237276 -0.0214599 -0.0191874 -0.016988 -0.0148853 -0.0129248 -0.0111569 -0.00959226 -0.00821428 -0.00701606 -0.00597794 -0.00508957 -0.00434182 -0.00373215 -0.00321984 -0.00277077 -0.00240662 -0.00211865 -0.00189399 -0.00170745 -0.00156071 -0.00144912 -0.00136717 -0.0013241 -0.00129542 -0.00126 -0.00122898 -0.00122595 -0.00123594 -0.00122905 -0.00121409 -0.00121792 -0.00122657 -0.00122307 -0.00121166 -0.00121085 -0.00121814 -0.00121708 -0.00121454 -0.00120934 -0.00120905 -0.00120932 -0.00121187 -0.00121089 -0.00120413 -0.00120571 -0.00120627 -0.00120767 -0.00120083 
0 3.10189e-05 4.78046e-05 5.99484e-05 9.35578e-05 0.000126931 0.000149297 0.00017005 0.000204093 0.000244728 0.000269188 0.000295216 0.00033071 0.000369475 0.000400054 0.000422694 0.000450647 0.000482457 0.000515931 0.000548514 0.000577308 0.000607709 0.000656709 0.000712301 0.000766866 0.000825706 0.000910361 0.00102891 0.00114949 0.00129558 0.00148087 0.0017183 0.00200723 0.00233934 0.00273932 0.00321035 0.00378516 0.00447843 0.00528515 0.00622182 0.0073324 0.00864382 0.0101727 0.0119214 0.0138929 0.0160998 0.0185353 0.0212191 0.0241178 0.0272036 0.0304651 0.0338817 0.0374132 0.0410028 0.0445428 0.0478833 0.0508649 0.0532948 0.0549801 0.0557031 0.0552774 0.0535454 0.0504289 0.0459436 0.0402243 0.0334689 0.0259625 0.018027 0.00997143 0.00211091 -0.0052756 -0.011979 -0.0178369 -0.0227462 -0.0267048 -0.0297298 -0.0319008 -0.0333271 -0.0341183 -0.0343686 -0.0341913 -0.0336473 -0.0328015 -0.0317056 -0.0304061 -0.0289332 -0.0273388 -0.0256457 -0.0238853 -0.0220929 -0.020294 -0.0184838 -0.0166909 -0.0149352 -0.0132171 -0.0115384 -0.00991771 -0.00834876 -0.00682666 -0.00534343 -0.00389378 -0.00246012 -0.00102821 0.000412243 0.00187042 0.00337121 0.00490815 0.00647347 0.00807219 0.00969444 0.0112955 0.0128571 0.0143489 0.0157216 0.016914 0.0178769 0.0185308 0.018814 0.0186651 0.0180343 0.0168835 0.0152281 0.0130754 0.0104876 0.00755639 0.00439342 0.00112501 -0.0020854 -0.0051235 -0.00787388 -0.0102636 -0.0122874 -0.0139821 -0.0154133 -0.016705 -0.0179755 -0.019331 -0.0208808 -0.0226695 -0.0246882 -0.0268683 -0.0290847 -0.031157 -0.0329272 -0.0342396 -0.0349944 -0.0351286 -0.0346369 -0.0335523 -0.0319482 -0.0299403 -0.0276689 -0.0252492 -0.0227787 -0.0203454 -0.0179802 -0.0157488 -0.0136977 -0.0118506 -0.0102067 -0.0087553 -0.00748516 -0.00638909 -0.00545886 -0.0046854 -0.00403548 -0.00347133 -0.00301211 -0.00264147 -0.00234941 -0.0021138 -0.00192171 -0.0017784 -0.00167016 -0.00160489 -0.00155743 -0.0015082 -0.00146847 -0.00145332 -0.00145015 -0.00143742 -0.00141959 -0.00141677 -0.00142375 -0.00141818 -0.00141225 -0.00140999 -0.00141733 -0.00142259 -0.00142055 -0.00142345 -0.00141976 -0.00142214 -0.00142282 -0.00141967 -0.00141775 -0.00141404 -0.00141814 -0.00141165 -0.00140352 
0 3.68082e-05 5.77845e-05 8.64652e-05 0.000113918 0.000152253 0.000179191 0.000204093 0.000243605 0.000275144 0.000307991 0.000333187 0.00036787 0.000409703 0.000442957 0.000477169 0.00051057 0.000550498 0.000593449 0.000633014 0.000670238 0.000717447 0.000771121 0.000840691 0.00090774 0.000986066 0.00109961 0.00122794 0.00139673 0.00157923 0.00181987 0.00212242 0.00247552 0.00290726 0.0033955 0.00399352 0.00470754 0.00555846 0.00655683 0.00771822 0.00907289 0.0106588 0.0124748 0.0145238 0.0168098 0.0193097 0.0220584 0.0250142 0.0281778 0.0315078 0.0349822 0.0385764 0.0422579 0.04595 0.0495527 0.052928 0.0558897 0.0582738 0.0598445 0.0604021 0.0597308 0.0576801 0.0541576 0.0492195 0.0429724 0.0356757 0.0276222 0.0191394 0.0105831 0.00227447 -0.00551384 -0.0125384 -0.0186431 -0.0237644 -0.0278582 -0.031003 -0.0332805 -0.0348066 -0.0356974 -0.0360879 -0.0360341 -0.0356399 -0.0349472 -0.0340107 -0.0328521 -0.0315298 -0.0300457 -0.0284551 -0.0267676 -0.0249947 -0.0231401 -0.0212716 -0.0193755 -0.0174598 -0.0155507 -0.013684 -0.0118294 -0.0100045 -0.00820828 -0.00644268 -0.00467997 -0.00293503 -0.00119104 0.000563782 0.00234466 0.00412218 0.00593279 0.00777472 0.00961816 0.0114252 0.0132126 0.0149136 0.0164741 0.017834 0.0189594 0.0197601 0.0201952 0.0201824 0.0196726 0.0186114 0.0170039 0.0148207 0.0121377 0.00902292 0.00559102 0.00197862 -0.0016293 -0.00510529 -0.00827013 -0.0110224 -0.0133065 -0.0151096 -0.0164886 -0.0175669 -0.0184731 -0.0193726 -0.0204336 -0.0217555 -0.0234345 -0.0254564 -0.0277552 -0.0301792 -0.0325618 -0.0346812 -0.0363944 -0.0375438 -0.0380562 -0.0378942 -0.0370712 -0.0356497 -0.0337486 -0.0314947 -0.0290186 -0.026446 -0.0238301 -0.0212717 -0.0188014 -0.0164927 -0.0143768 -0.0124607 -0.0107452 -0.00922954 -0.00790177 -0.00677159 -0.00581789 -0.00500043 -0.00432057 -0.00373391 -0.00327294 -0.00289332 -0.00258431 -0.00234061 -0.00213542 -0.00199473 -0.00188793 -0.00181198 -0.00174878 -0.00170014 -0.00167683 -0.00166642 -0.00165053 -0.00163715 -0.00163282 -0.00163472 -0.00163879 -0.00162863 -0.00163073 -0.00162952 -0.00163133 -0.00163378 -0.00162645 -0.0016321 -0.00162478 -0.00162613 -0.00162369 -0.00161672 -0.0016238 -0.0016179 -0.0016196 -0.00160991 
0 3.55423e-05 7.75839e-05 0.000103469 0.000146929 0.000174593 0.000211464 0.000244728 0.000275144 0.000315571 0.00034274 0.000379022 0.000408253 0.000447403 0.000488284 0.000526069 0.000567985 0.0006144 0.000665905 0.000715092 0.000769271 0.000828198 0.000905796 0.000979254 0.00107054 0.00117612 0.00130559 0.00147488 0.00166808 0.00191883 0.00221444 0.00258703 0.00303905 0.00356594 0.00418768 0.00492746 0.00580892 0.00684652 0.00806031 0.00946156 0.0110933 0.0129486 0.0150627 0.0174136 0.0199774 0.022776 0.0257742 0.028968 0.0323307 0.0358198 0.0394159 0.0430851 0.0467807 0.0504645 0.0540021 0.0572818 0.0601467 0.0623703 0.063772 0.0641119 0.0631656 0.0607935 0.0569162 0.0515622 0.0449061 0.0371822 0.0287141 0.0198546 0.0109578 0.00235925 -0.00564945 -0.0128369 -0.0190544 -0.0242248 -0.0283594 -0.0315265 -0.0338346 -0.0354122 -0.0363917 -0.0368667 -0.0369511 -0.0367125 -0.0362005 -0.0354682 -0.0345483 -0.033448 -0.0321953 -0.0307784 -0.0292119 -0.0275379 -0.0257651 -0.0238815 -0.0219236 -0.0199345 -0.0179145 -0.0158494 -0.0137794 -0.0117238 -0.00965037 -0.00757219 -0.00551141 -0.00343381 -0.00134405 0.000732174 0.00281961 0.00493023 0.00703044 0.00910255 0.0111538 0.0131676 0.0150703 0.0168163 0.0183819 0.0196922 0.0206604 0.0212373 0.021346 0.0209379 0.0199781 0.0184282 0.0162775 0.0135647 0.0103331 0.00668894 0.00277451 -0.00123203 -0.00515068 -0.00878871 -0.0119899 -0.0146446 -0.0166974 -0.0181562 -0.0191123 -0.0196932 -0.0200839 -0.0204933 -0.0211026 -0.0220924 -0.0235471 -0.0254801 -0.0278317 -0.0304303 -0.0330744 -0.035572 -0.0376846 -0.0392802 -0.0402477 -0.0404963 -0.0400494 -0.0389381 -0.0372551 -0.0351414 -0.0327209 -0.0301134 -0.027422 -0.0247057 -0.0220629 -0.0195304 -0.0171584 -0.0149855 -0.0129974 -0.0112182 -0.00964943 -0.00829488 -0.00713316 -0.00614864 -0.0053066 -0.00460305 -0.0040136 -0.00353121 -0.00314165 -0.00280764 -0.00255156 -0.00234747 -0.00220028 -0.00208856 -0.00200387 -0.00195064 -0.00191522 -0.0018947 -0.00187929 -0.00186719 -0.00185657 -0.00186003 -0.00185525 -0.001857 -0.00184808 -0.0018433 -0.00184638 -0.00183495 -0.00184101 -0.00183059 -0.00183562 -0.00183098 -0.00182358 -0.00183031 -0.00181951 -0.00183115 -0.00182029 -0.00182138 
0 3.5373e-05 7.63818e-05 0.000121011 0.000155151 0.000189248 0.000230685 0.000269188 0.000307991 0.00034274 0.000386522 0.000428078 0.000461746 0.000505547 0.000550617 0.00059973 0.000646207 0.00069472 0.000752331 0.000805542 0.000864027 0.000940895 0.0010181 0.0011121 0.00122087 0.00135987 0.00154007 0.00173819 0.00201105 0.00232185 0.00270105 0.00316318 0.00370497 0.00436813 0.00512057 0.00603734 0.00711443 0.00836802 0.00982881 0.0115086 0.0134162 0.0155659 0.0179578 0.0205786 0.0234122 0.02643 0.0296529 0.0330026 0.0364841 0.0400458 0.0436553 0.0472775 0.0508952 0.0544451 0.0578269 0.0609416 0.0635998 0.0656218 0.0667721 0.0668442 0.0656048 0.0629273 0.0587247 0.0530759 0.0460952 0.0380765 0.029333 0.0202102 0.0111101 0.00237542 -0.00572371 -0.0129249 -0.0191004 -0.0242339 -0.0282913 -0.0314028 -0.0336752 -0.0352337 -0.0362125 -0.0367671 -0.0369449 -0.0368685 -0.0365701 -0.0360946 -0.0354285 -0.0346133 -0.0336116 -0.0324544 -0.0311279 -0.0296322 -0.0279517 -0.0261769 -0.0242731 -0.0222438 -0.0201269 -0.0179608 -0.0157061 -0.0134102 -0.0110706 -0.00871422 -0.00632692 -0.0039303 -0.0015203 0.00089471 0.00333242 0.00571936 0.00808555 0.0104196 0.0126628 0.0147592 0.016738 0.0185018 0.0199934 0.0211346 0.0218821 0.0221384 0.0218788 0.021021 0.0195494 0.0174391 0.0147389 0.0114395 0.00767277 0.00354077 -0.000800886 -0.00515531 -0.00928299 -0.0130361 -0.0161822 -0.0186301 -0.0203541 -0.0213579 -0.0217644 -0.021768 -0.0215491 -0.0213599 -0.0214511 -0.0219787 -0.0231063 -0.0248511 -0.0271646 -0.029866 -0.0327703 -0.0356056 -0.0381623 -0.0402316 -0.0416943 -0.0424369 -0.0424451 -0.0417418 -0.0404035 -0.0385378 -0.0362739 -0.0337502 -0.0310267 -0.0282504 -0.0254685 -0.0227582 -0.0201755 -0.017758 -0.0155176 -0.0134805 -0.0116524 -0.0100558 -0.00866393 -0.00745893 -0.00645635 -0.00557996 -0.00486595 -0.00426592 -0.00377516 -0.00337534 -0.00303794 -0.00279143 -0.00258549 -0.00242911 -0.00231695 -0.00223547 -0.00217757 -0.00213436 -0.0021072 -0.00209379 -0.00207671 -0.00206931 -0.00207129 -0.00206596 -0.00206466 -0.00205483 -0.00205538 -0.00205314 -0.00204643 -0.00205009 -0.00204601 -0.00204573 -0.00204156 -0.00203895 -0.00203989 -0.00203312 -0.00203387 -0.00203335 
0 2.77329e-05 7.89692e-05 0.000120319 0.000163277 0.000191551 0.000244351 0.000295216 0.000333187 0.000379022 0.000428078 0.000487308 0.000527223 0.000573516 0.000625695 0.000678105 0.000724897 0.000773536 0.000831913 0.000889967 0.000962137 0.00104755 0.00115036 0.00125849 0.00140535 0.0015924 0.00181417 0.00208038 0.00240909 0.00281488 0.00328077 0.0038413 0.00451153 0.0053085 0.00623607 0.00734314 0.0086381 0.0101319 0.0118589 0.0138208 0.0160324 0.0184612 0.021133 0.0240129 0.0270601 0.0302774 0.0336265 0.0370605 0.0405614 0.0440869 0.0476107 0.0511044 0.0545406 0.0578944 0.0610419 0.0638997 0.0663044 0.068033 0.068897 0.0686759 0.0671449 0.0641868 0.0597347 0.0538297 0.0466354 0.0384135 0.0294972 0.0202493 0.0110708 0.00230494 -0.00575951 -0.012885 -0.0189505 -0.0239271 -0.0278296 -0.0307809 -0.0329123 -0.0343734 -0.0353198 -0.0358773 -0.0361475 -0.0362141 -0.0361087 -0.0358661 -0.0354851 -0.0349593 -0.0342731 -0.0334012 -0.03234 -0.0311038 -0.0296721 -0.0280446 -0.0262288 -0.024254 -0.0221334 -0.0198579 -0.017465 -0.0149995 -0.0124337 -0.00979875 -0.00713286 -0.00441645 -0.00167699 0.00104015 0.0037543 0.00643985 0.00905268 0.0115635 0.0139418 0.0161487 0.0181208 0.0197847 0.0211126 0.0220347 0.0224703 0.0223628 0.0216561 0.0203054 0.0183029 0.0156387 0.012353 0.00850958 0.00421805 -0.000377052 -0.00509138 -0.00970191 -0.0139766 -0.0177171 -0.0207202 -0.0228878 -0.0241924 -0.0246699 -0.0244684 -0.0237989 -0.0228934 -0.0220421 -0.021506 -0.021514 -0.0222197 -0.0236841 -0.0258713 -0.0286053 -0.0316811 -0.0348476 -0.0378148 -0.0403827 -0.0423864 -0.0436657 -0.0442069 -0.0439964 -0.0430844 -0.0415722 -0.0395743 -0.0372116 -0.0345862 -0.0318085 -0.0289833 -0.0261591 -0.0234079 -0.0207939 -0.0183164 -0.016028 -0.0139439 -0.0120859 -0.0104366 -0.00900538 -0.00778624 -0.00674149 -0.00585916 -0.00512406 -0.00452346 -0.00401543 -0.00361017 -0.00328555 -0.00302419 -0.00281521 -0.00266342 -0.00255656 -0.00246455 -0.00239555 -0.00235383 -0.00233186 -0.00230344 -0.00228845 -0.0022796 -0.00228034 -0.00227409 -0.00226818 -0.0022733 -0.00226572 -0.00227117 -0.00226426 -0.00226881 -0.00226409 -0.00225752 -0.00226431 -0.00225018 -0.00225177 -0.00224184 -0.00224861 
0 3.2494e-05 9.06982e-05 0.000143363 0.000185351 0.000216816 0.000274942 0.00033071 0.00036787 0.000408253 0.000461746 0.000527223 0.000571263 0.00061947 0.000678634 0.000740591 0.000797868 0.000855206 0.000927272 0.00100077 0.00108829 0.00119561 0.00131531 0.00145448 0.00163748 0.00187354 0.00215233 0.00247547 0.00288708 0.00338354 0.00395845 0.00463967 0.00544994 0.0064188 0.00754212 0.00887353 0.0104165 0.0121755 0.0141836 0.0164404 0.0189332 0.0216326 0.0245439 0.0276349 0.0308607 0.0342001 0.0376211 0.0410538 0.044484 0.0478808 0.0512216 0.0544853 0.0576679 0.0607378 0.0635933 0.0661535 0.0682501 0.0696774 0.070237 0.0697228 0.0679227 0.0647207 0.0600536 0.0539752 0.0466278 0.0382916 0.0292994 0.020014 0.0108494 0.00215232 -0.00580198 -0.01277 -0.0186408 -0.0234055 -0.0270762 -0.0297962 -0.0317177 -0.0330038 -0.0338278 -0.0343462 -0.0346445 -0.0348114 -0.0348733 -0.0348469 -0.0347092 -0.034464 -0.0340804 -0.0335394 -0.032816 -0.0318859 -0.0307128 -0.0293223 -0.0276868 -0.0258087 -0.0237233 -0.0214459 -0.0189805 -0.0163763 -0.0136312 -0.0107833 -0.00786302 -0.00488283 -0.00187557 0.00111836 0.00409552 0.00699013 0.00978096 0.0124415 0.0149017 0.0171009 0.0190101 0.0205393 0.0216387 0.0222455 0.0223056 0.0217675 0.0206005 0.0187512 0.0162167 0.0130044 0.00917592 0.00480209 4.04076e-05 -0.00494347 -0.00994736 -0.0147303 -0.0190469 -0.0227071 -0.0254915 -0.0273069 -0.0281405 -0.0280331 -0.0271605 -0.0257729 -0.0241278 -0.0225523 -0.0213522 -0.0207649 -0.0209863 -0.0220967 -0.0240738 -0.0267603 -0.0299564 -0.0333834 -0.0367442 -0.0397916 -0.0423294 -0.0441758 -0.0452814 -0.0456239 -0.0452269 -0.0441656 -0.0425413 -0.0404624 -0.0380187 -0.0353462 -0.0325383 -0.0296616 -0.0267994 -0.0240214 -0.0213502 -0.0188387 -0.0165144 -0.014402 -0.0124915 -0.0108062 -0.00935972 -0.00810302 -0.00703729 -0.0061407 -0.00539892 -0.00477819 -0.00426873 -0.00386134 -0.00351908 -0.00324287 -0.00304219 -0.00289244 -0.00276598 -0.00266667 -0.00260962 -0.00258028 -0.00254475 -0.00252123 -0.00250944 -0.00250691 -0.00250128 -0.0024953 -0.00249803 -0.00249105 -0.00249142 -0.00248677 -0.002486 -0.00248019 -0.00247602 -0.00248221 -0.00247233 -0.00246589 -0.00245882 -0.00246557 
0 3.85169e-05 0.000101908 0.000164132 0.000205364 0.000242486 0.000306578 0.000369475 0.000409703 0.000447403 0.000505547 0.000573516 0.00061947 0.000666201 0.000728612 0.00079749 0.000863515 0.000931548 0.0010186 0.0011135 0.00122472 0.00136252 0.00151436 0.0016984 0.00193131 0.00222447 0.00256515 0.0029542 0.00345268 0.00405134 0.00475224 0.00557783 0.00655929 0.00773157 0.00908711 0.0106721 0.0124837 0.0145204 0.0168071 0.0193424 0.0220927 0.0250299 0.0281424 0.0313969 0.0347424 0.0381346 0.0415402 0.0448812 0.0481479 0.0513275 0.0544064 0.0573736 0.060239 0.0629684 0.0654821 0.0677021 0.0694679 0.0705913 0.0708678 0.0700983 0.0680747 0.0646737 0.0598357 0.0536208 0.0461704 0.0377778 0.0287793 0.0195396 0.0104692 0.00191035 -0.00586753 -0.0126261 -0.0182542 -0.0227498 -0.0261354 -0.0285677 -0.0302211 -0.0312775 -0.0319207 -0.0323225 -0.032569 -0.0327512 -0.0328992 -0.0330264 -0.0331053 -0.033132 -0.0330516 -0.0328314 -0.0324365 -0.0318285 -0.0309566 -0.0298353 -0.0284277 -0.0267273 -0.02476 -0.0225397 -0.0200698 -0.0174037 -0.0145534 -0.0115606 -0.00845984 -0.00528315 -0.00207516 0.00111717 0.00427574 0.00732214 0.0102216 0.0129349 0.0153863 0.01751 0.0192752 0.0205904 0.0214071 0.0216722 0.0213356 0.0203449 0.0186876 0.016326 0.0132726 0.00955258 0.00524151 0.000423521 -0.0047209 -0.0100091 -0.0152164 -0.0200869 -0.0243662 -0.027864 -0.0303659 -0.0317843 -0.0321119 -0.0314 -0.0298365 -0.0276989 -0.0252785 -0.0229405 -0.0210344 -0.0198216 -0.0195249 -0.02024 -0.0219502 -0.0245157 -0.0277439 -0.0313471 -0.035029 -0.0385097 -0.0415609 -0.0439793 -0.045676 -0.0466123 -0.0467874 -0.0462508 -0.0450876 -0.0433888 -0.0412339 -0.038765 -0.0360651 -0.0332134 -0.0303014 -0.0274078 -0.0245802 -0.0218762 -0.0193358 -0.0169838 -0.0148212 -0.0128816 -0.0111923 -0.00970493 -0.00842706 -0.00733765 -0.0064227 -0.00565845 -0.00502298 -0.00451134 -0.0040761 -0.00372492 -0.00346823 -0.00327303 -0.00311001 -0.00297978 -0.00290198 -0.00285686 -0.00280903 -0.0027713 -0.00275165 -0.00274154 -0.00273216 -0.00272326 -0.00272108 -0.00271464 -0.00271139 -0.0027105 -0.00270536 -0.00269791 -0.002696 -0.00270191 -0.00269739 -0.00268466 -0.00268015 -0.0026857 
0 4.18976e-05 0.00011281 0.000174509 0.000221776 0.000259736 0.000329037 0.000400054 0.000442957 0.000488284 0.000550617 0.000625695 0.000678634 0.000728612 0.000798138 0.000876446 0.000950354 0.00103139 0.00112764 0.00124033 0.00137718 0.00153499 0.00173172 0.00195734 0.0022546 0.00261966 0.00303147 0.00352674 0.00412266 0.00486198 0.00571307 0.00670893 0.0078974 0.00928755 0.0109054 0.0127568 0.0148457 0.0171629 0.019723 0.0225097 0.025498 0.0286243 0.0318888 0.0352438 0.0386176 0.0419852 0.0452657 0.0484259 0.0514434 0.0543292 0.0570812 0.0597082 0.0622031 0.0645664 0.0667193 0.068587 0.0700465 0.0708817 0.0709144 0.0699259 0.0677152 0.0641492 0.059196 0.0528797 0.0453954 0.037001 0.0280434 0.0188995 0.00996302 0.00157118 -0.00598079 -0.0124858 -0.0178365 -0.0220112 -0.0250889 -0.0272079 -0.0285588 -0.0293377 -0.0297474 -0.0299321 -0.0300413 -0.0301445 -0.0302939 -0.0304949 -0.0307441 -0.0309827 -0.031178 -0.0312487 -0.0311562 -0.0308522 -0.0303058 -0.0294578 -0.0283089 -0.0268515 -0.0250833 -0.0229778 -0.020595 -0.0179628 -0.0150971 -0.0120407 -0.00887287 -0.00559715 -0.00227935 0.00101333 0.00423439 0.0073499 0.0102619 0.0129151 0.0152524 0.017234 0.0187695 0.0198127 0.0203121 0.0202218 0.0194691 0.0180415 0.0158967 0.0130488 0.00951538 0.00535109 0.000622355 -0.00452399 -0.00994642 -0.0154296 -0.0207391 -0.0256086 -0.0297969 -0.0330632 -0.0352395 -0.0362245 -0.0360078 -0.034678 -0.032428 -0.029541 -0.0263597 -0.0232721 -0.0206403 -0.0187974 -0.0179469 -0.0182256 -0.0196167 -0.0219994 -0.0251712 -0.0288812 -0.032793 -0.036646 -0.0401675 -0.0431299 -0.0454244 -0.0469721 -0.0477516 -0.047793 -0.0471577 -0.0459068 -0.0441457 -0.0419595 -0.0394697 -0.0367293 -0.0338404 -0.030902 -0.027965 -0.0251099 -0.0223835 -0.0198078 -0.0174004 -0.0152137 -0.0132579 -0.011538 -0.01002 -0.00872028 -0.00761926 -0.0066839 -0.00592441 -0.00528369 -0.0047516 -0.00431188 -0.00397818 -0.00372568 -0.00350557 -0.00333429 -0.00322153 -0.00314771 -0.00308154 -0.00302834 -0.00299509 -0.00298321 -0.00296595 -0.00295542 -0.00294835 -0.00293601 -0.00293954 -0.00293334 -0.00293279 -0.00292021 -0.00291722 -0.00292947 -0.00291888 -0.00291347 -0.00290243 -0.00291029 
0 4.84275e-05 0.000115004 0.000187861 0.000230378 0.000279048 0.00034808 0.000422694 0.000477169 0.000526069 0.00059973 0.000678105 0.000740591 0.00079749 0.000876446 0.000962972 0.00105432 0.00114366 0.00125648 0.00139383 0.00155149 0.00175439 0.00197979 0.0022743 0.00263511 0.00307784 0.00359714 0.00419268 0.00494008 0.0058232 0.00686081 0.00806216 0.00946872 0.0111132 0.0129952 0.0151191 0.0174811 0.0200662 0.0228737 0.0259023 0.0290712 0.032364 0.0357147 0.0390879 0.042425 0.0456458 0.0487251 0.0516084 0.0543025 0.0568374 0.0592227 0.061461 0.0635894 0.0655643 0.0673715 0.0689272 0.070091 0.0706931 0.0705073 0.0693233 0.0669539 0.0632657 0.0582136 0.051876 0.044389 0.0360433 0.027167 0.0181348 0.00933786 0.00114243 -0.00618553 -0.0124185 -0.0174571 -0.0213142 -0.0240562 -0.0258358 -0.026859 -0.0273161 -0.027406 -0.0273321 -0.0272087 -0.0271475 -0.0272162 -0.0274193 -0.0277201 -0.0280966 -0.0284673 -0.0287793 -0.0289625 -0.0289436 -0.0286658 -0.0281313 -0.0272774 -0.0260669 -0.0245145 -0.022651 -0.0204428 -0.0179253 -0.0151585 -0.0121872 -0.00903512 -0.00579358 -0.00251444 0.000759086 0.003954 0.0069593 0.00974641 0.0122615 0.0144147 0.0161273 0.0173891 0.0181264 0.0182754 0.0177895 0.0166385 0.0147766 0.012218 0.00894993 0.00500876 0.00047544 -0.00454916 -0.00995489 -0.01554 -0.0211097 -0.0264297 -0.031223 -0.0352316 -0.0382357 -0.0400369 -0.0405476 -0.039784 -0.0378289 -0.0349072 -0.0313193 -0.0274185 -0.0236049 -0.0202921 -0.0177876 -0.0163701 -0.0161662 -0.0171792 -0.0193102 -0.0223714 -0.026081 -0.0301626 -0.0342994 -0.0382146 -0.0416906 -0.0445412 -0.0466974 -0.0480962 -0.0487375 -0.0486672 -0.0479411 -0.0466226 -0.0448382 -0.0426381 -0.0401141 -0.037354 -0.0344361 -0.0314713 -0.0285111 -0.0256348 -0.0228649 -0.020235 -0.0177982 -0.0155973 -0.0136143 -0.0118613 -0.0103283 -0.00900784 -0.00790276 -0.00696754 -0.00620194 -0.00553973 -0.00499754 -0.00457595 -0.00423515 -0.0039574 -0.0037255 -0.00357061 -0.00346014 -0.0033711 -0.00329875 -0.00325484 -0.00323049 -0.0032135 -0.00319781 -0.00318141 -0.00317446 -0.00316659 -0.0031726 -0.0031611 -0.00314906 -0.00314775 -0.00314818 -0.00315229 -0.00313269 -0.00313493 -0.00313821 
0 5.33443e-05 0.000124415 0.000197282 0.000249628 0.000303744 0.000373201 0.000450647 0.00051057 0.000567985 0.000646207 0.000724897 0.000797868 0.000863515 0.000950354 0.00105432 0.00115396 0.00126876 0.0013994 0.00157075 0.00177871 0.00201746 0.00231601 0.00266848 0.00311774 0.00365437 0.00427079 0.00501486 0.00589405 0.00696239 0.00819849 0.00962531 0.0112906 0.0131925 0.0153594 0.017756 0.0203773 0.0232115 0.0262479 0.0294541 0.0327802 0.0361502 0.0395208 0.0428358 0.0460209 0.0490377 0.051816 0.0543643 0.0566867 0.0588282 0.0608099 0.0626701 0.0644059 0.0660344 0.0675274 0.0687953 0.0697301 0.0701153 0.0697487 0.0684075 0.065911 0.062128 0.0570481 0.0506872 0.0432496 0.0349658 0.0261741 0.0172717 0.00863681 0.000619811 -0.00646415 -0.0124373 -0.0171988 -0.0207227 -0.0231298 -0.0245511 -0.0251935 -0.0252759 -0.0250281 -0.0246104 -0.0242155 -0.0239276 -0.0238172 -0.0238884 -0.0241615 -0.0245494 -0.0250135 -0.0254625 -0.025835 -0.026055 -0.0260828 -0.0258008 -0.0252165 -0.0243144 -0.0230578 -0.0214183 -0.0194713 -0.0172136 -0.0146747 -0.0118864 -0.00893609 -0.00585841 -0.00273901 0.000337726 0.0032861 0.00609914 0.00865686 0.0108808 0.0127328 0.0141753 0.0150886 0.0154563 0.0152203 0.0143554 0.0128136 0.0105931 0.00765749 0.00406535 -0.00016189 -0.00494102 -0.0101875 -0.0157202 -0.0213958 -0.0269742 -0.0322114 -0.0368387 -0.0406143 -0.0432703 -0.0446725 -0.0447125 -0.0433916 -0.0408501 -0.0372975 -0.0330377 -0.0284705 -0.0239944 -0.0200055 -0.0168931 -0.0148856 -0.0141707 -0.014762 -0.0165806 -0.0194376 -0.0230961 -0.0272342 -0.0315767 -0.0358122 -0.0397083 -0.0430835 -0.0458077 -0.0478138 -0.0490708 -0.0495951 -0.0494188 -0.048634 -0.0472912 -0.0454893 -0.043272 -0.0407224 -0.0379363 -0.0350038 -0.0320168 -0.0290462 -0.0261265 -0.0233115 -0.0206642 -0.0182091 -0.0159902 -0.0139724 -0.0121894 -0.0106353 -0.00929973 -0.00819109 -0.00724025 -0.00644474 -0.00578115 -0.00524689 -0.00482508 -0.00446308 -0.00417661 -0.0039645 -0.00380867 -0.0036926 -0.00359511 -0.00353158 -0.00349424 -0.00346646 -0.00344765 -0.00342554 -0.00341363 -0.00341152 -0.00341 -0.00340432 -0.00338902 -0.00338516 -0.00338804 -0.00338127 -0.00337124 -0.00336569 -0.00337052 
0 6.16036e-05 0.000130861 0.000210621 0.000268643 0.000335402 0.000404862 0.000482457 0.000550498 0.0006144 0.00069472 0.000773536 0.000855206 0.000931548 0.00103139 0.00114366 0.00126876 0.00140498 0.00157118 0.00178934 0.00204422 0.00235457 0.00270964 0.00315546 0.00369456 0.00433385 0.00508724 0.0059717 0.00703888 0.00829634 0.00976469 0.0114479 0.0133756 0.0155562 0.0179995 0.0206592 0.0235288 0.0265887 0.0298081 0.0331619 0.0365452 0.0399264 0.0432065 0.0463484 0.0493059 0.0520124 0.0544482 0.0566162 0.0585405 0.0602752 0.0618583 0.0633232 0.064715 0.0660129 0.0672394 0.0682865 0.0690194 0.0692484 0.0687414 0.0672771 0.0646951 0.0608698 0.0557643 0.049439 0.0420449 0.0338357 0.025141 0.0163654 0.00787612 5.6392e-05 -0.00681475 -0.0125384 -0.017016 -0.0202385 -0.0223114 -0.0233652 -0.0236283 -0.0233165 -0.0226651 -0.0218863 -0.021142 -0.0205453 -0.0201806 -0.0200508 -0.0201499 -0.0204405 -0.0208679 -0.0213737 -0.0218637 -0.0222481 -0.0224676 -0.0224585 -0.0221629 -0.0215397 -0.0205751 -0.0193 -0.017688 -0.0157397 -0.0135339 -0.0111079 -0.00848498 -0.00577538 -0.00303022 -0.000294853 0.00232232 0.00473708 0.00690987 0.00877274 0.0102593 0.0112894 0.011818 0.0118091 0.011197 0.00994816 0.00806034 0.00551689 0.00233055 -0.00148151 -0.00589715 -0.010822 -0.0161543 -0.0217475 -0.0274012 -0.0328876 -0.0379649 -0.0423549 -0.0458205 -0.0481185 -0.0490966 -0.0486569 -0.04682 -0.0437083 -0.0395644 -0.0346956 -0.0295154 -0.0244236 -0.019844 -0.0161313 -0.0135712 -0.0123326 -0.0124655 -0.0139194 -0.0165227 -0.0200293 -0.0241635 -0.0286081 -0.03306 -0.0373084 -0.0411149 -0.0443696 -0.0469615 -0.0488295 -0.0499602 -0.0503744 -0.050127 -0.0492968 -0.0479274 -0.046093 -0.0438526 -0.0412711 -0.0384837 -0.0355424 -0.0325492 -0.0295409 -0.026587 -0.0237521 -0.0210824 -0.0186148 -0.0163518 -0.0143076 -0.0124951 -0.0109351 -0.00959459 -0.00846101 -0.00748987 -0.00668724 -0.00603241 -0.00549682 -0.00505948 -0.00469445 -0.00442158 -0.00421028 -0.00405394 -0.00392563 -0.00383406 -0.00377257 -0.00373144 -0.00370245 -0.00367184 -0.00366221 -0.00365198 -0.0036558 -0.00364555 -0.00363631 -0.00363621 -0.00362959 -0.00362974 -0.00360965 -0.00360942 -0.00360574 
