0 0 0 0 0 0 0 0 0 0 0 0 0 0 0 0 0 0 0 0 0 0 0 0 0 0 0 0 0 0 0 0 0 0 0 0 0 0 0 0 0 0 0 0 0 0 0 0 0 0 0 0 0 0 0 0 0 0 0 0 0 0 0 0 0 0 0 0 0 0 0 0 0 0 0 0 0 0 0 0 0 0 0 0 0 0 0 0 0 0 0 0 0 0 0 0 0 0 0 0 0 0 0 0 0 0 0 0 0 0 0 0 0 0 0 0 0 0 0 0 0 0 0 0 0 0 0 0 0 0 0 0 0 0 0 0 0 0 0 0 0 0 0 0 0 0 0 0 0 0 0 0 0 0 0 0 0 0 0 0 0 0 0 0 0 0 0 0 0 0 0 0 0 0 0 0 0 0 0 0 0 0 0 0 0 0 0 0 0 0 0 0 0 0 0 0 0 0 0 0 
0 0.000122592 0.000240231 0.000373699 0.000525033 0.000697134 0.000886525 0.00111293 0.00138502 0.00169221 0.00205121 0.00246191 0.00292541 0.00342226 0.00394313 0.00448277 0.00500113 0.00549021 0.00592328 0.00629171 0.00657628 0.00674745 0.0067962 0.00668227 0.00641381 0.00597726 0.00537909 0.00465051 0.00381219 0.00289731 0.00191473 0.000907392 -9.26784e-05 -0.00106537 -0.00197252 -0.00277358 -0.00345177 -0.0039868 -0.00439081 -0.0046681 -0.00482417 -0.00486555 -0.00478602 -0.00462714 -0.00438406 -0.00409131 -0.00377546 -0.00345423 -0.00313573 -0.00282524 -0.00252027 -0.00222775 -0.00196743 -0.00174041 -0.00154755 -0.00137182 -0.00122093 -0.00107616 -0.000950939 -0.000838741 -0.000745987 -0.000663599 -0.000606684 -0.00055398 -0.000501017 -0.000452614 -0.000398371 -0.000353437 -0.00032824 -0.00030761 -0.000291671 -0.000285202 -0.000258367 -0.000236124 -0.000203584 -0.000161934 -9.95234e-05 -7.77371e-07 0.000149488 0.000318735 0.000529018 0.000761464 0.000997353 0.0012019 0.00136373 0.00144972 0.00144731 0.00132693 0.00108935 0.000728889 0.00026069 -0.000300844 -0.00090776 -0.00153783 -0.00215708 -0.00271952 -0.00319951 -0.00359931 -0.00388356 -0.00405973 -0.00413581 -0.00408803 -0.00391148 -0.00362647 -0.003219 -0.00271474 -0.00214612 -0.00153687 -0.000909552 -0.000307285 0.000250526 0.000738206 0.0011419 0.00143542 0.00162224 0.00169444 0.00167127 0.0015665 0.00142434 0.00127018 0.00112321 0.000973707 0.000859215 0.000763563 0.000687281 0.000626258 0.000582968 0.000545482 0.000526604 0.000496085 0.000476439 0.000462311 0.000448958 0.000445702 0.000457415 0.00047529 0.000511638 0.000552478 0.000583562 0.00061734 0.000649802 0.000697071 0.000764388 0.000855269 0.00094594 0.00105452 0.00117093 0.00131376 0.00148655 0.00169427 0.00192793 0.00218907 0.00247049 0.00276765 0.00307421 0.00339678 0.00373049 0.00404067 0.00432335 0.00452463 0.00464392 0.00467164 0.00459205 0.00439022 0.00404933 0.00356912 0.00294519 0.00218592 0.00132315 0.000383807 -0.000600726 -0.0015863 -0.00256838 -0.00350211 -0.00436046 -0.00510774 -0.00572332 -0.00619459 -0.00648647 -0.00662684 -0.00662187 -0.00649113 -0.00624777 -0.00590709 -0.00549837 -0.00502632 -0.00452237 -0.00400307 -0.00348865 -0.00299999 -0.00254578 -0.0021402 -0.00178386 -0.00148278 -0.00122826 -0.00101013 -0.000833551 -0.000696943 -0.000598685 -0.000533069 
0 0.000240231 0.000481697 0.00074008 0.00105499 0.00139598 0.00178852 0.00225228 0.0028024 0.00343841 0.00415361 0.00499097 0.00590618 0.00689112 0.00791716 0.00896032 0.0099843 0.0109212 0.0117734 0.0124761 0.0130126 0.0133315 0.013389 0.0131607 0.0126137 0.0117647 0.0105985 0.00917334 0.00753758 0.00573423 0.00380199 0.00182109 -0.000142177 -0.00204306 -0.0038103 -0.00538888 -0.00671655 -0.00779633 -0.00860176 -0.00916025 -0.00948123 -0.00955574 -0.00942691 -0.0091296 -0.00868989 -0.00814681 -0.00754402 -0.00691668 -0.00629136 -0.0056658 -0.00507521 -0.0044999 -0.00398526 -0.00354051 -0.00312921 -0.00277414 -0.00245908 -0.00217498 -0.00194071 -0.0017337 -0.00154331 -0.00138276 -0.00123557 -0.00111628 -0.00100319 -0.000902416 -0.000810889 -0.00072951 -0.000675448 -0.000639214 -0.000601214 -0.000566202 -0.00052102 -0.00047134 -0.000415772 -0.000319247 -0.000174954 2.11495e-05 0.000291041 0.000652605 0.00107156 0.00151718 0.00197037 0.00239587 0.00273368 0.00292567 0.00290901 0.00266722 0.00217424 0.00143159 0.000493018 -0.000605741 -0.00182554 -0.00306491 -0.00427068 -0.00539896 -0.00638206 -0.00717983 -0.00777799 -0.00814534 -0.00826413 -0.00814005 -0.00779097 -0.00720307 -0.006401 -0.00543054 -0.00430432 -0.00307636 -0.00183931 -0.00062039 0.000518256 0.0015009 0.00230027 0.00288744 0.00323448 0.00336846 0.00331851 0.00313729 0.00286862 0.00255233 0.00223923 0.00197168 0.0017342 0.00152567 0.00136992 0.00126179 0.00116871 0.0010981 0.00103602 0.000979384 0.000949583 0.000925829 0.000911301 0.000917511 0.000925301 0.000949678 0.00100304 0.00106454 0.00114531 0.00122171 0.00131198 0.00142121 0.00155479 0.00172445 0.00190996 0.00211481 0.00237277 0.00266233 0.00301295 0.00342783 0.00387769 0.00439782 0.00496353 0.00556338 0.00618495 0.00682293 0.00745582 0.00805389 0.00856699 0.00895396 0.00916739 0.00920418 0.00903377 0.00860271 0.007917 0.00695555 0.00572851 0.00424615 0.00256104 0.000716547 -0.00121258 -0.00316653 -0.00509412 -0.00693627 -0.008623 -0.0100802 -0.0113032 -0.0122189 -0.0128171 -0.0130981 -0.0131003 -0.0128561 -0.0123713 -0.0117185 -0.0109088 -0.00999639 -0.0090106 -0.00799495 -0.00699529 -0.00603093 -0.00514639 -0.00433854 -0.00363119 -0.00302518 -0.00250877 -0.00207312 -0.0017129 -0.00144063 -0.00123439 -0.00109559 
0 0.000373699 0.00074008 0.00115217 0.00162249 0.00215942 0.00275917 0.00347243 0.00431942 0.0052725 0.00636585 0.00759765 0.00895955 0.0103972 0.0118843 0.0134064 0.0148688 0.0162423 0.0174542 0.0184634 0.0192086 0.0196138 0.0196593 0.0192636 0.0184506 0.0171931 0.0154991 0.0134373 0.0110566 0.00844014 0.00562944 0.00275372 -8.47318e-05 -0.0028275 -0.00538585 -0.00767101 -0.00964215 -0.0112418 -0.0124733 -0.0133292 -0.0138197 -0.0139747 -0.0138109 -0.0134421 -0.0128583 -0.0121221 -0.0112831 -0.0103847 -0.00946436 -0.00855922 -0.00768236 -0.0068489 -0.00609566 -0.00541395 -0.00480207 -0.00423875 -0.00376001 -0.00333445 -0.00298465 -0.0026728 -0.00239116 -0.00211437 -0.00188849 -0.00168689 -0.00151205 -0.0013758 -0.00124097 -0.00112497 -0.00104395 -0.000963802 -0.000893812 -0.000854609 -0.000779284 -0.000716095 -0.000619515 -0.000478376 -0.000264164 5.20015e-05 0.00049631 0.000992922 0.00159331 0.00226197 0.00295675 0.00358617 0.00409683 0.00437762 0.00436659 0.00398323 0.00323114 0.00211653 0.000702866 -0.00095478 -0.00273473 -0.00457592 -0.00639634 -0.00808038 -0.00954728 -0.0107745 -0.0116554 -0.0121873 -0.0123836 -0.0121995 -0.011643 -0.0107763 -0.00957953 -0.00811545 -0.00645407 -0.00465077 -0.00277232 -0.000939535 0.000767109 0.00225058 0.00345514 0.00431286 0.00483795 0.00503476 0.00496808 0.00468467 0.00429227 0.00385127 0.0034092 0.00295624 0.00259061 0.00229038 0.00206329 0.00189306 0.00176894 0.0016547 0.00157647 0.00147568 0.00141778 0.00139453 0.00138603 0.00139771 0.00142409 0.00144689 0.0015113 0.00160523 0.00171061 0.00185098 0.00200026 0.00217631 0.00238388 0.00263919 0.00290679 0.00324306 0.00362969 0.00409271 0.00462521 0.00523219 0.00590262 0.00666235 0.00750452 0.00840541 0.00932264 0.0102431 0.0111416 0.0119463 0.0126592 0.0131639 0.0134472 0.0134674 0.0131656 0.0124979 0.0114387 0.0100059 0.00820152 0.00604434 0.00360084 0.00092928 -0.00188532 -0.00472026 -0.00753625 -0.0102054 -0.0126459 -0.0147689 -0.0165317 -0.0179009 -0.0187909 -0.0192547 -0.0193011 -0.0189728 -0.0183075 -0.0173591 -0.0162102 -0.0148854 -0.0134646 -0.0119949 -0.0105325 -0.00913393 -0.00782358 -0.00663396 -0.00557017 -0.00465357 -0.00387215 -0.00320628 -0.00266809 -0.00224943 -0.00193918 -0.00172345 
0 0.000525033 0.00105499 0.00162249 0.00228865 0.00301989 0.00385379 0.0048291 0.0059672 0.00725931 0.00869509 0.0103246 0.0120811 0.0139356 0.0158431 0.0177659 0.0196388 0.0213567 0.0228929 0.0241335 0.0250232 0.0254767 0.0254378 0.0248796 0.0237742 0.0221439 0.019969 0.0173302 0.0143003 0.010957 0.0073807 0.0037257 0.000119827 -0.00335761 -0.00660333 -0.00953874 -0.012074 -0.0141911 -0.0158312 -0.0170074 -0.017728 -0.0179977 -0.0178975 -0.0175013 -0.0168412 -0.0159646 -0.014932 -0.0138051 -0.0126458 -0.0114791 -0.0103668 -0.00928833 -0.00830144 -0.00741175 -0.00657317 -0.00582208 -0.00515638 -0.0045689 -0.00408158 -0.0036516 -0.00325185 -0.00289579 -0.00257355 -0.00230774 -0.00207267 -0.00187383 -0.00169453 -0.00153402 -0.00141305 -0.00131765 -0.00122564 -0.00114645 -0.00105529 -0.000958174 -0.000837921 -0.000638211 -0.000338884 7.28049e-05 0.000627625 0.00133847 0.00215881 0.00303715 0.00393099 0.00476386 0.00542244 0.00578945 0.00574782 0.00524953 0.00425469 0.00277502 0.000902995 -0.00128262 -0.00368801 -0.0061424 -0.00853765 -0.0107722 -0.0127244 -0.0143164 -0.0155013 -0.0162259 -0.0164645 -0.0162173 -0.0155132 -0.0143473 -0.0127599 -0.0108297 -0.00860181 -0.0061752 -0.00370764 -0.00127995 0.000984648 0.00294849 0.0045436 0.00571074 0.00641106 0.00668903 0.00660498 0.00625662 0.00573499 0.00511938 0.00449973 0.00394723 0.0034627 0.00305115 0.00274519 0.00253182 0.00235836 0.00221924 0.00209479 0.0019792 0.00191315 0.00187407 0.0018625 0.00188596 0.00191401 0.00196175 0.00205693 0.00217915 0.00234541 0.00252687 0.00273871 0.00298228 0.00326581 0.00360961 0.00399571 0.00444583 0.00500361 0.00563572 0.00636474 0.00718501 0.00806107 0.00905403 0.0101381 0.0112863 0.0124538 0.0136068 0.0146992 0.0156846 0.0165035 0.0170903 0.0173699 0.017312 0.0168469 0.0158919 0.0144655 0.0125653 0.0102239 0.00746178 0.00435056 0.000952737 -0.00261431 -0.00623491 -0.00980805 -0.013211 -0.0163181 -0.0190165 -0.0212962 -0.0230604 -0.0242777 -0.0249399 -0.0250835 -0.0247444 -0.023941 -0.0227906 -0.021341 -0.0196849 -0.0178826 -0.0160085 -0.0141397 -0.0123206 -0.0106191 -0.00904066 -0.00762624 -0.00639153 -0.00533196 -0.00444008 -0.00371051 -0.00315488 -0.00273678 -0.00245421 
0 0.000697134 0.00139598 0.00215942 0.00301989 0.00398594 0.00506814 0.0063274 0.00778342 0.00940261 0.0112033 0.0131852 0.0153187 0.0175366 0.019799 0.0220727 0.0242478 0.0262542 0.0279975 0.0293918 0.0303445 0.0307618 0.0306138 0.0298392 0.0284605 0.0264658 0.0238635 0.0207351 0.0171553 0.0132282 0.00903765 0.00475603 0.000528638 -0.00355889 -0.00739683 -0.0108781 -0.0139348 -0.0164977 -0.0185423 -0.0200518 -0.021031 -0.0215078 -0.0215231 -0.0211925 -0.0205235 -0.0195834 -0.018445 -0.0171791 -0.0158455 -0.0144943 -0.0131553 -0.0118512 -0.0106375 -0.00952061 -0.00849411 -0.00754772 -0.00670823 -0.00595144 -0.00529898 -0.0047179 -0.00419909 -0.00372615 -0.00333283 -0.00299093 -0.00268647 -0.00242538 -0.00217764 -0.00196503 -0.00181031 -0.00167746 -0.00156109 -0.0014687 -0.00133698 -0.00120359 -0.00102861 -0.000780837 -0.00041593 0.000110688 0.000833938 0.00169314 0.00270722 0.00381581 0.00493891 0.00594801 0.00673932 0.00716146 0.00710536 0.00647093 0.00523661 0.00341029 0.00108005 -0.00165597 -0.00462741 -0.00768977 -0.0106922 -0.0134626 -0.0158692 -0.0178508 -0.0192947 -0.0201797 -0.0205049 -0.0202233 -0.0193394 -0.0179045 -0.0159235 -0.0134919 -0.01072 -0.00772213 -0.00463584 -0.00162573 0.00117359 0.00361776 0.00561504 0.00707283 0.00797787 0.0083443 0.00825545 0.0078056 0.00715052 0.00640451 0.00565676 0.00493605 0.00433315 0.00383626 0.00345434 0.00316844 0.00295525 0.00278031 0.00265157 0.0025151 0.00242758 0.00238049 0.00235927 0.00237655 0.00242642 0.00249956 0.00263521 0.00281136 0.00300859 0.00324325 0.00350498 0.00382158 0.00420714 0.00467345 0.00518527 0.00579001 0.0064869 0.00729594 0.0082155 0.00924025 0.0103471 0.0115605 0.0128654 0.0142231 0.0155775 0.0168959 0.0181312 0.0192015 0.0200774 0.020636 0.0208377 0.0206305 0.0199371 0.018698 0.0168994 0.0145728 0.0117413 0.00843998 0.00474937 0.000745385 -0.0034547 -0.00770173 -0.0119086 -0.0159096 -0.0195729 -0.0227824 -0.0254904 -0.0276434 -0.0291534 -0.030048 -0.0303292 -0.0300271 -0.0291828 -0.0278824 -0.0262352 -0.0243093 -0.0222077 -0.0200054 -0.0177811 -0.0156102 -0.0135389 -0.0116112 -0.00985525 -0.00830904 -0.0069737 -0.005838 -0.00491661 -0.00420187 -0.00367461 -0.0033173 
0 0.000886525 0.00178852 0.00275917 0.00385379 0.00506814 0.00643293 0.0079967 0.00977356 0.0117378 0.0138778 0.0162058 0.0186652 0.0211987 0.0237556 0.0262827 0.0286833 0.030848 0.0326999 0.034128 0.0350461 0.0353685 0.0350508 0.0340648 0.0324083 0.0300933 0.0271282 0.0235996 0.0196007 0.0152315 0.0105921 0.0058481 0.00114371 -0.00342191 -0.00772932 -0.011668 -0.0151423 -0.0181052 -0.0205132 -0.0223619 -0.0236502 -0.0243821 -0.0246113 -0.0244158 -0.0238307 -0.02292 -0.0217667 -0.020448 -0.019027 -0.017539 -0.0160332 -0.0145317 -0.0131077 -0.0117891 -0.0105595 -0.00942976 -0.0084038 -0.00747235 -0.00665294 -0.00592291 -0.00526646 -0.00468691 -0.00418457 -0.00375141 -0.00336193 -0.00301752 -0.00270632 -0.00244407 -0.00224776 -0.0020917 -0.00194783 -0.00180859 -0.00164146 -0.00145671 -0.00122937 -0.000909123 -0.000453466 0.000177592 0.00102172 0.00206998 0.00328492 0.00459471 0.00591235 0.00711052 0.0080377 0.00852778 0.00843255 0.00766036 0.00616818 0.00397806 0.00119493 -0.00205488 -0.00560376 -0.00924473 -0.0128015 -0.0160992 -0.0189792 -0.021334 -0.023073 -0.0241382 -0.0245043 -0.024153 -0.0231044 -0.0213821 -0.0190313 -0.0161514 -0.0128486 -0.00926636 -0.00559505 -0.00199752 0.00135229 0.00428 0.00666739 0.00842252 0.009506 0.00995613 0.00986199 0.00935601 0.00858923 0.0076947 0.00679128 0.00595778 0.00523416 0.00462832 0.00415941 0.00381367 0.0035514 0.0033494 0.00319026 0.00305225 0.00296427 0.00291165 0.00289021 0.00290995 0.00296319 0.0030607 0.00322929 0.00344735 0.00370801 0.0040017 0.00434282 0.00475356 0.0052537 0.00584889 0.00651203 0.00726225 0.00812611 0.0091051 0.0102158 0.0114479 0.0127657 0.0141866 0.0156755 0.0171868 0.0186672 0.0200788 0.0213666 0.0224581 0.0232793 0.0237327 0.0237543 0.0233114 0.022343 0.0207865 0.0186456 0.0159333 0.0126823 0.00893283 0.00477153 0.000289257 -0.00438324 -0.00911044 -0.0137819 -0.0182477 -0.0223565 -0.0259826 -0.0290775 -0.0315568 -0.0333601 -0.0344795 -0.0349294 -0.0347301 -0.0339119 -0.0325765 -0.030814 -0.0287276 -0.0264129 -0.0239624 -0.0214645 -0.01899 -0.0166071 -0.0143541 -0.0122841 -0.0104369 -0.0088224 -0.00744272 -0.00630986 -0.00543167 -0.0047817 -0.00434859 
0 0.00111293 0.00225228 0.00347243 0.0048291 0.0063274 0.0079967 0.00987581 0.0119721 0.0142607 0.0167197 0.019347 0.0220834 0.0248666 0.0276392 0.0303336 0.0328509 0.0350733 0.0369182 0.0382822 0.0390822 0.0392459 0.038727 0.0375091 0.0355868 0.0329804 0.0297171 0.0258868 0.0215945 0.016936 0.0120167 0.00698076 0.00196452 -0.00292585 -0.00756886 -0.011847 -0.015662 -0.0189662 -0.0217201 -0.0239129 -0.0255326 -0.0265722 -0.0270763 -0.0271028 -0.0266978 -0.0259187 -0.0248475 -0.0235601 -0.0221184 -0.0205638 -0.0189472 -0.0173094 -0.0157206 -0.0142184 -0.0127972 -0.011474 -0.0102559 -0.00914852 -0.00815953 -0.00727226 -0.00646688 -0.00574895 -0.00511884 -0.00457498 -0.00409683 -0.00367688 -0.00330561 -0.00298949 -0.00273714 -0.00252903 -0.00234116 -0.00215804 -0.00195705 -0.00172712 -0.00144281 -0.00104716 -0.000490571 0.000270089 0.00125832 0.00246883 0.00385849 0.00536141 0.00687288 0.00824683 0.00930166 0.00984816 0.00971188 0.00878695 0.00702795 0.00447282 0.00123883 -0.00251656 -0.00660484 -0.0108031 -0.0149087 -0.018723 -0.022066 -0.0247983 -0.0268165 -0.0280494 -0.028464 -0.0280478 -0.0268228 -0.0248214 -0.0221074 -0.0187843 -0.0149755 -0.0108409 -0.00658509 -0.00240367 0.00149252 0.00490386 0.00768073 0.00972226 0.0109879 0.0115261 0.0114389 0.0108802 0.0100175 0.00900307 0.00795938 0.00698265 0.00612391 0.00541407 0.00486739 0.00446719 0.00416896 0.00394349 0.0037599 0.00360893 0.00350886 0.00345805 0.00345168 0.00349034 0.00356501 0.0036895 0.00388587 0.00414738 0.0044703 0.00484571 0.00528686 0.00581051 0.00643614 0.00716423 0.00798128 0.00889743 0.00993906 0.0111052 0.0124044 0.0138183 0.0153159 0.0168954 0.0185186 0.0201283 0.0216664 0.0230872 0.024333 0.0253363 0.0260097 0.0262653 0.0260384 0.0253034 0.0240166 0.022134 0.0196598 0.0166074 0.0130071 0.00890658 0.004394 -0.000425013 -0.00541506 -0.010451 -0.0154195 -0.0201883 -0.0246074 -0.0285545 -0.0319601 -0.0347314 -0.0368069 -0.0381644 -0.0388185 -0.0387832 -0.038088 -0.0368182 -0.0350579 -0.0329126 -0.0304811 -0.027866 -0.0251621 -0.022449 -0.0198001 -0.0172655 -0.0149083 -0.0127776 -0.0108947 -0.00927186 -0.00792849 -0.00687728 -0.0060997 -0.00558548 
0 0.00138502 0.0028024 0.00431942 0.0059672 0.00778342 0.00977356 0.0119721 0.0143796 0.0169622 0.0197122 0.0225841 0.0255431 0.0285032 0.0314039 0.0341712 0.0366872 0.0388642 0.0405881 0.0417969 0.042404 0.0423507 0.0416054 0.0401382 0.0379714 0.035115 0.0316316 0.0276075 0.0231457 0.0183404 0.0132924 0.00812229 0.00295736 -0.00209629 -0.00692947 -0.0114197 -0.0154956 -0.0190802 -0.0221562 -0.0246845 -0.0266405 -0.0280269 -0.0288572 -0.0291908 -0.0290581 -0.0285062 -0.0276044 -0.0264256 -0.0250315 -0.0234918 -0.0218382 -0.0201427 -0.0184522 -0.0167988 -0.0152125 -0.0136963 -0.0122872 -0.0109998 -0.00983269 -0.00877403 -0.00781137 -0.00693375 -0.00617167 -0.00550631 -0.00493313 -0.00443384 -0.00399042 -0.00360766 -0.00328828 -0.00301033 -0.00276582 -0.00253553 -0.00228795 -0.0020111 -0.0016609 -0.00118867 -0.00053339 0.000359144 0.00150983 0.00287983 0.00445181 0.0061499 0.00784352 0.00936092 0.0105158 0.0110885 0.010904 0.00982411 0.00781366 0.00491546 0.00124585 -0.00301659 -0.00763417 -0.0123906 -0.0170424 -0.0213504 -0.0251237 -0.0282163 -0.030489 -0.0318794 -0.032357 -0.0318956 -0.0305026 -0.0282418 -0.0251687 -0.0213924 -0.0170766 -0.0124036 -0.00757168 -0.00283582 0.00157663 0.0054543 0.00862001 0.0109534 0.0124263 0.0130713 0.0130125 0.0124029 0.0114398 0.0103034 0.00912707 0.00799697 0.00701408 0.00621056 0.00559031 0.0051334 0.00480482 0.00455149 0.00435263 0.00418699 0.00407336 0.00402901 0.00404165 0.00410522 0.00421949 0.00438354 0.00461983 0.00494048 0.00532879 0.00580385 0.00635609 0.00700518 0.00776557 0.00863366 0.0096073 0.0107094 0.011936 0.0133051 0.0147879 0.0163539 0.0179885 0.0196594 0.021347 0.022984 0.0245022 0.0258446 0.0269539 0.0277574 0.0281936 0.0281669 0.0276407 0.0265773 0.0249441 0.0227306 0.0199274 0.0165767 0.0127017 0.00836068 0.00363374 -0.00136849 -0.00652254 -0.0117049 -0.016817 -0.0217341 -0.0263268 -0.0304893 -0.0341171 -0.0371391 -0.0394602 -0.0410683 -0.0419584 -0.0421414 -0.0416577 -0.0405466 -0.038907 -0.0368097 -0.034367 -0.0316793 -0.0288441 -0.0259642 -0.023102 -0.0203389 -0.0177298 -0.0153401 -0.0132053 -0.0113468 -0.00980118 -0.00857297 -0.00766631 -0.00706755 
0 0.00169221 0.00343841 0.0052725 0.00725931 0.00940261 0.0117378 0.0142607 0.0169622 0.0198346 0.0228229 0.0259125 0.0290202 0.0320876 0.0350311 0.0377488 0.0401694 0.042164 0.0436793 0.0446317 0.0449696 0.0446556 0.043634 0.0419318 0.0395346 0.0365002 0.0328905 0.0287831 0.0242823 0.0194566 0.0144161 0.0092603 0.00409433 -0.000972384 -0.00584912 -0.0104516 -0.0146801 -0.0184966 -0.021834 -0.0246644 -0.026956 -0.0286874 -0.0299041 -0.0305975 -0.0308198 -0.0305844 -0.0299438 -0.0289654 -0.0277259 -0.0262744 -0.0246777 -0.0229843 -0.0212404 -0.0194973 -0.0177679 -0.0161044 -0.0145188 -0.013053 -0.0117016 -0.0104664 -0.00932413 -0.00830711 -0.00739039 -0.00659835 -0.00591047 -0.00529483 -0.0047603 -0.0042985 -0.00389816 -0.00356604 -0.00326458 -0.00295291 -0.00265068 -0.00229643 -0.00187251 -0.00130711 -0.000543264 0.000467578 0.00174053 0.00331581 0.00508579 0.00696272 0.00881017 0.0104673 0.0116887 0.0122725 0.0120088 0.0107835 0.00852833 0.00529724 0.00120699 -0.00353164 -0.00870208 -0.014004 -0.0191641 -0.0239497 -0.0281458 -0.0315502 -0.0340847 -0.0356437 -0.0361626 -0.0356529 -0.0341314 -0.0316019 -0.028181 -0.0239787 -0.0191537 -0.0139265 -0.0085619 -0.00329112 0.00161978 0.00594745 0.0094904 0.0121395 0.0138242 0.0145974 0.0145648 0.0139318 0.0128778 0.0116015 0.01027 0.00904596 0.00794851 0.00704232 0.00633782 0.00582309 0.00544496 0.00517434 0.00494793 0.00479835 0.00469716 0.00465536 0.00468483 0.00477167 0.00491303 0.0051354 0.00543169 0.00581893 0.00630883 0.00687597 0.00755497 0.0083413 0.00925056 0.010275 0.0114314 0.0127017 0.0141221 0.0156597 0.0172993 0.0189929 0.0207097 0.0224267 0.0241057 0.0256886 0.0271067 0.0282857 0.0291586 0.029688 0.0297776 0.0294135 0.028529 0.0271082 0.0251338 0.022585 0.0194953 0.0158893 0.0118238 0.00735565 0.00254848 -0.00249572 -0.00766525 -0.0128726 -0.0179889 -0.0229333 -0.0275793 -0.0318333 -0.0356095 -0.0387942 -0.0413463 -0.0431883 -0.0443347 -0.0447848 -0.0445546 -0.0437023 -0.0422614 -0.0403343 -0.0379865 -0.0353281 -0.0324666 -0.029488 -0.0264991 -0.0235599 -0.0207597 -0.0181518 -0.0157893 -0.0137222 -0.0119716 -0.010574 -0.009523 -0.00883396 
0 0.00205121 0.00415361 0.00636585 0.00869509 0.0112033 0.0138778 0.0167197 0.0197122 0.0228229 0.0260362 0.0292596 0.032463 0.035546 0.0384258 0.0410106 0.0432007 0.044948 0.0461468 0.046783 0.0467955 0.0461608 0.0448655 0.0429104 0.0403429 0.0371902 0.0335445 0.0294614 0.0250221 0.0202954 0.0153893 0.0103752 0.00534936 0.000400008 -0.00441469 -0.00900425 -0.0133244 -0.0172691 -0.0208188 -0.023907 -0.0264979 -0.0285994 -0.0301962 -0.0312965 -0.0319151 -0.0320632 -0.0317774 -0.0311127 -0.0301169 -0.0288693 -0.0273808 -0.0257552 -0.0240189 -0.0222207 -0.0204301 -0.0186526 -0.0169319 -0.0153072 -0.013774 -0.012351 -0.0110497 -0.00985735 -0.00880247 -0.00785578 -0.00702516 -0.00628155 -0.00563198 -0.00507562 -0.00460228 -0.00418644 -0.00381451 -0.00344139 -0.00304904 -0.00260633 -0.00207805 -0.00141684 -0.000546368 0.000605964 0.00205562 0.00375909 0.00569208 0.00775754 0.00977334 0.011534 0.0128247 0.0133981 0.013066 0.011663 0.00915104 0.00558073 0.00107425 -0.00414433 -0.00978373 -0.0155978 -0.02127 -0.0265149 -0.0311072 -0.0348625 -0.0376239 -0.0393222 -0.0399073 -0.0393579 -0.0376608 -0.0348935 -0.0311333 -0.0265033 -0.0212144 -0.0155018 -0.00958421 -0.00378548 0.00162288 0.00640113 0.0103283 0.0132626 0.0151685 0.0160634 0.0160895 0.0154175 0.0142826 0.0129218 0.0114954 0.0101108 0.00889665 0.00790138 0.00711578 0.00652262 0.00610062 0.0057996 0.0055908 0.0054532 0.00536499 0.00535235 0.00540079 0.00550735 0.00569384 0.00597098 0.00634025 0.00682962 0.00740744 0.00810319 0.00890655 0.00984351 0.0109224 0.0121269 0.0134608 0.0149188 0.0164741 0.0181491 0.0198893 0.0216492 0.0234218 0.0251189 0.0267279 0.0281736 0.0293913 0.030312 0.0308794 0.0310367 0.0307459 0.0299648 0.028695 0.026903 0.0245809 0.0217546 0.0184125 0.0146342 0.0104573 0.00595864 0.0011872 -0.00377169 -0.00884042 -0.0139355 -0.0189542 -0.0238037 -0.0283892 -0.0326434 -0.0364474 -0.0397541 -0.0424685 -0.0445508 -0.045965 -0.0467018 -0.0467952 -0.0462346 -0.0450993 -0.0434182 -0.0412783 -0.0387613 -0.0359614 -0.0329972 -0.0299414 -0.0269135 -0.0239739 -0.0212003 -0.018657 -0.0163963 -0.0144722 -0.0128968 -0.0117134 -0.0109286 
0 0.00246191 0.00499097 0.00759765 0.0103246 0.0131852 0.0162058 0.019347 0.0225841 0.0259125 0.0292596 0.0325711 0.0357612 0.0387698 0.0414952 0.0438304 0.0457386 0.0471373 0.0479899 0.0482504 0.0478992 0.046939 0.0453489 0.043194 0.0404891 0.0372968 0.0336884 0.0297034 0.0254167 0.0208832 0.0162097 0.0114509 0.00666164 0.00192543 -0.00271677 -0.00721826 -0.011499 -0.0155076 -0.0191807 -0.0224805 -0.0253654 -0.0278066 -0.0298052 -0.0313036 -0.0323386 -0.0329091 -0.0330344 -0.0327467 -0.0320931 -0.0311031 -0.0298293 -0.0283461 -0.0266943 -0.0249409 -0.0231277 -0.0213 -0.019474 -0.0177092 -0.0160171 -0.0144324 -0.0129552 -0.0116197 -0.0103895 -0.00928655 -0.00830784 -0.00741931 -0.00665047 -0.00599029 -0.0054068 -0.0049087 -0.00444958 -0.00397097 -0.00350261 -0.0029648 -0.00233223 -0.00153985 -0.00052765 0.00075764 0.00232884 0.00422553 0.00632975 0.00853253 0.0106703 0.0125544 0.0138956 0.014461 0.0140235 0.0124436 0.0096606 0.0057509 0.000842868 -0.00480793 -0.0109414 -0.0172311 -0.0233512 -0.0290343 -0.0340339 -0.0380994 -0.0411261 -0.0429831 -0.0435858 -0.0429592 -0.0411221 -0.0380968 -0.034027 -0.0290283 -0.0232892 -0.0170676 -0.0106512 -0.00433388 0.00156719 0.00679298 0.0110887 0.0143245 0.0164317 0.0174585 0.0175329 0.0168851 0.0157118 0.0142432 0.0126778 0.0112069 0.00987517 0.00876475 0.00788764 0.00724011 0.00677989 0.00646952 0.00624248 0.00613287 0.00607931 0.00609183 0.0061839 0.00633738 0.00657439 0.0069308 0.00738598 0.00797151 0.00868802 0.00950765 0.0104677 0.0115624 0.0128039 0.0141787 0.0156947 0.0173007 0.0189997 0.0207583 0.0225504 0.0243284 0.0260631 0.0276792 0.0291202 0.0303289 0.0312501 0.0318243 0.0320058 0.0317703 0.0310423 0.02985 0.0281652 0.0259907 0.0233506 0.0202603 0.0167537 0.012869 0.0086746 0.00423739 -0.000402817 -0.00517051 -0.0100152 -0.014893 -0.0196877 -0.0243458 -0.0287787 -0.0329267 -0.0367045 -0.040036 -0.0428956 -0.0451835 -0.0468747 -0.047939 -0.0483706 -0.0481866 -0.0473938 -0.0460577 -0.0442075 -0.0419238 -0.0392995 -0.0364178 -0.0334006 -0.0303366 -0.0273315 -0.0244471 -0.0217638 -0.0193642 -0.0172792 -0.0155672 -0.0142584 -0.0133992 
0 0.00292541 0.00590618 0.00895955 0.0120811 0.0153187 0.0186652 0.0220834 0.0255431 0.0290202 0.032463 0.0357612 0.038865 0.0416971 0.0441671 0.0461905 0.0477245 0.0487473 0.0491923 0.0490561 0.0483273 0.0470299 0.0451859 0.0428488 0.0400681 0.0368814 0.0333644 0.0295458 0.0254856 0.0212368 0.016893 0.0124691 0.00800227 0.00355637 -0.000842955 -0.0051462 -0.00932162 -0.0132889 -0.0170296 -0.020487 -0.0236093 -0.026371 -0.0287238 -0.0306201 -0.0320772 -0.0330946 -0.0336721 -0.0338197 -0.0335521 -0.0329168 -0.0319282 -0.0306876 -0.0292158 -0.0275671 -0.0258146 -0.0239822 -0.0221098 -0.0202598 -0.018447 -0.0167103 -0.0150775 -0.0135574 -0.0121635 -0.0108956 -0.00977097 -0.00875359 -0.0078582 -0.00706467 -0.00635001 -0.00570914 -0.00512983 -0.00456049 -0.00399161 -0.00335503 -0.00260733 -0.00169029 -0.000533649 0.000921416 0.00267578 0.00470376 0.00695391 0.00931453 0.0115829 0.0135332 0.0149026 0.0154231 0.0148823 0.0131108 0.0100708 0.00583271 0.000540276 -0.00554395 -0.0121099 -0.0188653 -0.0254496 -0.0315544 -0.0369135 -0.041289 -0.0445198 -0.0465046 -0.047167 -0.0465055 -0.044513 -0.0412628 -0.0368728 -0.0314813 -0.0253137 -0.0186424 -0.0117259 -0.00491975 0.00145077 0.00710211 0.0117701 0.0152973 0.0176353 0.0188103 0.018976 0.0183302 0.017113 0.0155837 0.0139315 0.0123094 0.0108545 0.00965123 0.00870606 0.00800588 0.00751867 0.00719258 0.00697951 0.00687286 0.00683264 0.00688857 0.00703806 0.00727053 0.00760431 0.00805572 0.00860901 0.00930676 0.0101348 0.0111075 0.0122235 0.0134877 0.0148928 0.0164224 0.0180787 0.0198197 0.0216036 0.0234175 0.0252022 0.0269138 0.0285397 0.0299694 0.0311657 0.0320608 0.0326105 0.0327723 0.0325228 0.0318369 0.0306822 0.0290643 0.0269947 0.02447 0.0215363 0.0182549 0.0146335 0.0107362 0.00659975 0.00229478 -0.0021433 -0.00664976 -0.0111952 -0.015753 -0.0202394 -0.0246089 -0.0288066 -0.0327871 -0.0364522 -0.0397739 -0.0427046 -0.0451769 -0.0471274 -0.0485123 -0.0493216 -0.0495206 -0.0491377 -0.0481838 -0.0467005 -0.0447418 -0.0423785 -0.0397007 -0.0367999 -0.0338051 -0.0308038 -0.0278798 -0.025125 -0.0226247 -0.0204358 -0.0186039 -0.0172042 -0.0162801 
0 0.00342226 0.00689112 0.0103972 0.0139356 0.0175366 0.0211987 0.0248666 0.0285032 0.0320876 0.035546 0.0387698 0.0416971 0.0442738 0.0464177 0.0480573 0.0491775 0.049764 0.0497757 0.0492155 0.0481081 0.0465014 0.0444338 0.0419707 0.0391567 0.0360316 0.0326625 0.0290745 0.0253136 0.0214216 0.0174603 0.0134221 0.0093177 0.00520937 0.00112028 -0.00292596 -0.00690662 -0.0107713 -0.0144966 -0.0180334 -0.0213239 -0.0243309 -0.0270007 -0.0292713 -0.0311476 -0.0326181 -0.0336575 -0.0342564 -0.034428 -0.034202 -0.0335985 -0.0326868 -0.0314772 -0.0300177 -0.0283834 -0.0266177 -0.0247656 -0.0228882 -0.0210096 -0.0191689 -0.0174002 -0.0157317 -0.0141718 -0.0127403 -0.0114556 -0.0102838 -0.00923772 -0.00829755 -0.0074354 -0.00665799 -0.00594392 -0.00524346 -0.00454968 -0.0037875 -0.00290228 -0.00183706 -0.000529451 0.00107345 0.0029858 0.00519642 0.00761797 0.01011 0.0124727 0.0144769 0.0158375 0.0162899 0.0156207 0.013666 0.0103821 0.00583979 0.000183628 -0.00631443 -0.0133333 -0.0205353 -0.0275396 -0.0340293 -0.0397254 -0.0443728 -0.0478173 -0.0499355 -0.0506382 -0.04993 -0.0478131 -0.0443453 -0.0396597 -0.0339028 -0.0273068 -0.020169 -0.0127892 -0.00552766 0.00127598 0.00732935 0.0123567 0.0161935 0.0187756 0.0201243 0.0203874 0.01978 0.0185366 0.0169206 0.0151607 0.0134455 0.0118983 0.010602 0.00957663 0.00881847 0.00829608 0.00795549 0.00774857 0.00767314 0.0076826 0.00779296 0.00801231 0.0083281 0.0087606 0.00932234 0.00999254 0.0108121 0.0117828 0.0129083 0.0141949 0.0156259 0.0171777 0.0188323 0.0205872 0.0223986 0.0242255 0.0260321 0.0277506 0.0293307 0.0307474 0.0319068 0.0327674 0.0332838 0.033418 0.033135 0.0324231 0.0312737 0.0296738 0.0276554 0.0252313 0.0224075 0.0192479 0.015825 0.0121695 0.00832816 0.00433407 0.000235766 -0.00393812 -0.00812992 -0.0123261 -0.0165133 -0.0206293 -0.0246543 -0.0285619 -0.0323146 -0.0358267 -0.0390719 -0.0420255 -0.044618 -0.046784 -0.0484702 -0.0496405 -0.0502511 -0.050295 -0.0497765 -0.0487152 -0.0471563 -0.0451558 -0.0427742 -0.0401051 -0.0372657 -0.0343578 -0.031468 -0.0287038 -0.0261694 -0.0239207 -0.0220248 -0.0205642 -0.0196018 
0 0.00394313 0.00791716 0.0118843 0.0158431 0.019799 0.0237556 0.0276392 0.0314039 0.0350311 0.0384258 0.0414952 0.0441671 0.0464177 0.0481786 0.0493901 0.0500642 0.0501881 0.0497591 0.0487878 0.0473363 0.0454694 0.0432286 0.0406853 0.0378759 0.034853 0.031674 0.0283633 0.0249469 0.02145 0.0178998 0.0142766 0.0105727 0.00684458 0.00311116 -0.000637021 -0.00437863 -0.00809089 -0.0117313 -0.0152615 -0.0186309 -0.0217998 -0.0247227 -0.0273224 -0.0295863 -0.0314872 -0.0329811 -0.034044 -0.0346892 -0.0349202 -0.0347592 -0.0342335 -0.0333504 -0.0321573 -0.0307244 -0.0291126 -0.0273599 -0.0255216 -0.0236331 -0.0217401 -0.0198816 -0.0181032 -0.0164003 -0.0148102 -0.0133513 -0.0120071 -0.0107946 -0.00969831 -0.00868357 -0.00776019 -0.00689767 -0.00604769 -0.00520084 -0.00428183 -0.00323877 -0.00201285 -0.000539056 0.00123344 0.00331055 0.00568737 0.00825716 0.0108694 0.0133155 0.0153546 0.0166887 0.017065 0.0162582 0.0141111 0.0105728 0.00571951 -0.000292662 -0.00717499 -0.014604 -0.0222115 -0.0296115 -0.0364696 -0.0424892 -0.0473969 -0.0510392 -0.053278 -0.0540215 -0.0532672 -0.0510251 -0.0473432 -0.042372 -0.0362723 -0.0292853 -0.0217169 -0.013897 -0.00618714 0.00104564 0.00749229 0.012868 0.0170043 0.0198265 0.0213615 0.0217387 0.0211854 0.0199408 0.0182756 0.0164337 0.0146287 0.012984 0.0115994 0.0104988 0.00967946 0.00911482 0.0087658 0.00858333 0.00856191 0.00864608 0.00883354 0.00913632 0.00954306 0.0100791 0.0107618 0.0115708 0.0125336 0.0136615 0.0149393 0.0163828 0.0179585 0.0196327 0.0213822 0.0231929 0.0250119 0.0268047 0.0285145 0.0300802 0.0314489 0.0325781 0.0333962 0.0338562 0.033942 0.0336268 0.032883 0.0317022 0.0300904 0.0280547 0.0256656 0.0229396 0.0198948 0.0165966 0.0131105 0.00948995 0.00576259 0.0019669 -0.00187203 -0.00573251 -0.00957194 -0.013388 -0.0171745 -0.020885 -0.0245237 -0.0280947 -0.031572 -0.0348924 -0.0380193 -0.0409498 -0.0436092 -0.0459403 -0.0478875 -0.0493923 -0.0504097 -0.0508903 -0.0508346 -0.0502358 -0.0491327 -0.047568 -0.0455715 -0.043236 -0.0406549 -0.0379392 -0.0351734 -0.0324801 -0.0299829 -0.0277388 -0.0258356 -0.0243566 -0.0233814 
0 0.00448277 0.00896032 0.0134064 0.0177659 0.0220727 0.0262827 0.0303336 0.0341712 0.0377488 0.0410106 0.0438304 0.0461905 0.0480573 0.0493901 0.0501588 0.0503575 0.0500359 0.0491781 0.0478478 0.0461142 0.044043 0.0416964 0.0391111 0.0363563 0.033473 0.0305173 0.0275066 0.0244413 0.0213342 0.0181971 0.0149914 0.0117164 0.00839894 0.00503951 0.00163032 -0.00185204 -0.00534609 -0.00884024 -0.0122875 -0.0156533 -0.0189223 -0.0220188 -0.0248827 -0.0274684 -0.0297429 -0.0316552 -0.0331757 -0.0342842 -0.0349996 -0.0352967 -0.035206 -0.0347249 -0.0338806 -0.0327563 -0.0313823 -0.0298034 -0.0280709 -0.0262331 -0.0243424 -0.0224683 -0.0206133 -0.018817 -0.0170871 -0.0154617 -0.0139535 -0.0125734 -0.0113056 -0.0101353 -0.00903679 -0.00800107 -0.0069958 -0.00596812 -0.00487542 -0.00365153 -0.00224293 -0.000584291 0.00137132 0.00363881 0.00615188 0.00885567 0.0115839 0.014104 0.0161481 0.0174588 0.0177404 0.0167843 0.0144234 0.0106286 0.00546394 -0.000880994 -0.00813024 -0.0159179 -0.0238974 -0.0316666 -0.038868 -0.0451844 -0.0503651 -0.0541888 -0.0565349 -0.0573175 -0.0565121 -0.0541225 -0.0502497 -0.045009 -0.0385884 -0.0312429 -0.0232872 -0.0150393 -0.00690501 0.000750522 0.0075792 0.0133044 0.0177296 0.0207918 0.0225056 0.0230299 0.0225456 0.021321 0.0196407 0.0177549 0.0158446 0.0141118 0.0126416 0.0114705 0.0105949 0.00999992 0.00964372 0.00950918 0.00954094 0.00970893 0.0100022 0.0104038 0.0109253 0.0115888 0.0124028 0.0133674 0.0144947 0.0157691 0.0172055 0.018768 0.0204481 0.0221986 0.0239949 0.0258078 0.0275895 0.0292646 0.0308004 0.0321188 0.0331834 0.033962 0.0343677 0.0343841 0.0339941 0.0331989 0.0319889 0.0303635 0.0283208 0.025916 0.0232008 0.0202418 0.0170505 0.0136834 0.0102206 0.00668056 0.00312165 -0.000444064 -0.00398678 -0.00749046 -0.0109428 -0.0143517 -0.0177148 -0.0210114 -0.0242432 -0.0274498 -0.0306254 -0.0337113 -0.0367041 -0.0395616 -0.0422521 -0.0446972 -0.0468485 -0.0486598 -0.0500424 -0.0509696 -0.0513774 -0.0512743 -0.0506704 -0.049584 -0.0480547 -0.046123 -0.0439073 -0.0414752 -0.0389306 -0.0364032 -0.0340141 -0.0318623 -0.0300096 -0.0285779 -0.027625 
0 0.00500113 0.0099843 0.0148688 0.0196388 0.0242478 0.0286833 0.0328509 0.0366872 0.0401694 0.0432007 0.0457386 0.0477245 0.0491775 0.0500642 0.0503575 0.0501095 0.0493392 0.048115 0.0464752 0.0445172 0.0423083 0.0398906 0.0373269 0.0346642 0.0319661 0.0292611 0.0265556 0.0238319 0.0211092 0.0183649 0.0155897 0.0127426 0.00983649 0.00686929 0.00378764 0.000625826 -0.0026256 -0.00590494 -0.00921036 -0.0125243 -0.0158057 -0.0190041 -0.0220388 -0.0248652 -0.027454 -0.0297434 -0.0316779 -0.03325 -0.0344112 -0.0351942 -0.0355638 -0.0355345 -0.0351283 -0.0343765 -0.0333258 -0.0320046 -0.0304536 -0.0287439 -0.026938 -0.0250782 -0.02322 -0.0213506 -0.019529 -0.0177797 -0.0161311 -0.0145862 -0.013147 -0.0117763 -0.0104932 -0.00926416 -0.00806235 -0.00685667 -0.0055786 -0.00415072 -0.00252705 -0.000658274 0.00148471 0.00390974 0.00661246 0.00945445 0.0122605 0.0148309 0.0168984 0.0181389 0.0183087 0.0171733 0.0146011 0.010548 0.0051049 -0.00155173 -0.009125 -0.0172821 -0.0256022 -0.0337044 -0.0412194 -0.0478241 -0.0532232 -0.0572366 -0.0596899 -0.0604948 -0.0596267 -0.0571306 -0.0530554 -0.0475656 -0.0408492 -0.0331612 -0.0248114 -0.0161896 -0.00765832 0.000380137 0.00758347 0.013646 0.0183776 0.0216855 0.0236095 0.024259 0.0238848 0.0227237 0.0210276 0.019077 0.0171284 0.0153157 0.0137601 0.0125172 0.0116007 0.0109958 0.0106587 0.01055 0.0106493 0.0109121 0.0113023 0.0118363 0.0124995 0.0133173 0.0142902 0.0154127 0.0166756 0.0180996 0.0196392 0.021305 0.0230404 0.0248093 0.0265882 0.0283371 0.0299907 0.0314931 0.0327579 0.0337484 0.0344411 0.0347823 0.0347556 0.0342921 0.0334205 0.0321441 0.0304775 0.0284357 0.0260395 0.0233261 0.0203898 0.0172639 0.013997 0.0106474 0.00725141 0.0038775 0.000512343 -0.00278606 -0.0060153 -0.00915301 -0.0122007 -0.0151966 -0.0181421 -0.0210312 -0.0238749 -0.0267194 -0.0295685 -0.0324127 -0.035216 -0.037983 -0.0406444 -0.0431526 -0.0454594 -0.0474971 -0.049226 -0.0505436 -0.0514266 -0.0518212 -0.0517367 -0.0511835 -0.0501542 -0.0487273 -0.0469481 -0.0449157 -0.0426995 -0.0404327 -0.0382613 -0.0362619 -0.0345514 -0.0332073 -0.0323195 
0 0.00549021 0.0109212 0.0162423 0.0213567 0.0262542 0.030848 0.0350733 0.0388642 0.042164 0.044948 0.0471373 0.0487473 0.049764 0.0501881 0.0500359 0.0493392 0.0481936 0.0466396 0.0447619 0.0426372 0.0403283 0.0379046 0.0353992 0.0328838 0.0303998 0.0279564 0.0255517 0.023163 0.0208014 0.0184548 0.0160775 0.0136472 0.0111342 0.00852699 0.00580812 0.00295609 5.732e-06 -0.0030394 -0.00616239 -0.00935158 -0.0125788 -0.0157698 -0.0188818 -0.0218708 -0.0246988 -0.0273019 -0.0296183 -0.0315878 -0.0332076 -0.0344512 -0.0353008 -0.0357511 -0.0357945 -0.0354734 -0.0348078 -0.0338256 -0.0325655 -0.0310796 -0.0294229 -0.0276723 -0.0258316 -0.0239662 -0.0220982 -0.0202618 -0.0185043 -0.0168156 -0.0151866 -0.0136324 -0.0121317 -0.0106953 -0.00931068 -0.00788749 -0.00638936 -0.00474636 -0.00290572 -0.000814301 0.00154993 0.00418959 0.00702401 0.00999192 0.0129109 0.0155248 0.0175365 0.0187059 0.0187406 0.0174311 0.0146463 0.0103591 0.00463045 -0.00231486 -0.0102056 -0.0186664 -0.0273117 -0.0357375 -0.0435474 -0.0503894 -0.0560103 -0.0601558 -0.0626944 -0.063546 -0.0626523 -0.0600296 -0.0557883 -0.0500433 -0.0430278 -0.035016 -0.026333 -0.0173414 -0.00844595 -3.42769e-05 0.00750289 0.0138942 0.0189205 0.0224921 0.0246333 0.0254837 0.0252093 0.024096 0.0224333 0.0204883 0.0184591 0.0165784 0.014962 0.0136772 0.0127291 0.0121098 0.0117899 0.0117549 0.01192 0.0122754 0.0127954 0.0134585 0.014289 0.0152786 0.0164079 0.0176824 0.0190741 0.0205804 0.0222174 0.023925 0.025681 0.0274185 0.0290984 0.0306832 0.0321231 0.033336 0.034271 0.0348693 0.0351245 0.0350138 0.034503 0.0335783 0.032235 0.0305054 0.0284203 0.0260105 0.023309 0.0203916 0.0173041 0.0141135 0.0108517 0.00756688 0.00432554 0.00114098 -0.00196083 -0.00497678 -0.00788457 -0.0106581 -0.0133266 -0.0159212 -0.018467 -0.0209792 -0.0234605 -0.0259629 -0.0284988 -0.0310646 -0.0336693 -0.0362789 -0.0388788 -0.041396 -0.0437864 -0.0460126 -0.0479952 -0.0496898 -0.050999 -0.0518973 -0.0523517 -0.0523396 -0.0518844 -0.0509923 -0.0497529 -0.0481975 -0.0464181 -0.0445333 -0.0426581 -0.0409269 -0.0394062 -0.0382264 -0.0374318 
0 0.00592328 0.0117734 0.0174542 0.0228929 0.0279975 0.0326999 0.0369182 0.0405881 0.0436793 0.0461468 0.0479899 0.0491923 0.0497757 0.0497591 0.0491781 0.048115 0.0466396 0.0448469 0.0427932 0.040561 0.0382205 0.0358353 0.0334509 0.0311128 0.0288556 0.0266701 0.0245504 0.0224732 0.0204617 0.0184608 0.0164528 0.0143836 0.012226 0.00998026 0.00759889 0.00510003 0.00244342 -0.000331107 -0.00322931 -0.00624373 -0.00932828 -0.0124415 -0.0155514 -0.0186148 -0.0215956 -0.0244219 -0.0270193 -0.0293525 -0.0313646 -0.0330703 -0.0343844 -0.0353051 -0.0358256 -0.0359576 -0.0357316 -0.0351663 -0.034268 -0.0330886 -0.0316861 -0.0301074 -0.0284038 -0.0265988 -0.0247461 -0.0228663 -0.0210212 -0.0191981 -0.0174222 -0.0156871 -0.0140086 -0.0123668 -0.0107532 -0.00910606 -0.0073762 -0.00548001 -0.00338676 -0.00105838 0.00151867 0.00434863 0.00739294 0.0104973 0.013464 0.0160851 0.0180732 0.0191315 0.0190266 0.0175342 0.0145461 0.0100217 0.00404642 -0.00317928 -0.0113625 -0.0201419 -0.0290668 -0.0377581 -0.0458111 -0.0528841 -0.0586896 -0.0629996 -0.0656278 -0.0664942 -0.0655373 -0.0628177 -0.0584061 -0.0524525 -0.0451788 -0.0368638 -0.0278259 -0.0184975 -0.00925854 -0.000523712 0.00733965 0.0140358 0.0193568 0.0231944 0.025584 0.0266098 0.0265 0.0255015 0.0238608 0.0218855 0.0198542 0.0179391 0.0162743 0.0149375 0.0139574 0.0133432 0.0130578 0.0130771 0.0133497 0.0138429 0.0144969 0.0153141 0.016291 0.0174353 0.018715 0.0201287 0.0216235 0.0232181 0.0248811 0.026595 0.0282942 0.0299207 0.031424 0.0327568 0.0338788 0.0347393 0.0352666 0.0354364 0.0352398 0.0346321 0.033648 0.0322421 0.0304604 0.0283306 0.0258935 0.0231897 0.0202714 0.0172086 0.0140684 0.0108793 0.00768952 0.00453924 0.00146486 -0.00146825 -0.00429813 -0.00699311 -0.00956807 -0.0119962 -0.0143024 -0.0165325 -0.0187033 -0.0208603 -0.0230106 -0.0251964 -0.0274281 -0.0297286 -0.0320917 -0.0345283 -0.0370113 -0.0394976 -0.0419368 -0.044277 -0.0464838 -0.0484698 -0.0501833 -0.051551 -0.0525331 -0.053093 -0.0532145 -0.0529308 -0.0522652 -0.0512786 -0.0500309 -0.0486244 -0.0471724 -0.0457771 -0.0445496 -0.0435724 -0.0429157 
