0 0 0 0 0 0 0 0 0 0 0 0 0 0 0 0 0 0 0 0 0 0 0 0 0 0 0 0 0 0 0 0 0 0 0 0 0 0 0 0 0 0 0 0 0 0 0 0 0 0 0 0 0 0 0 0 0 0 0 0 0 0 0 0 0 0 0 0 0 0 0 0 0 0 0 0 0 0 0 0 0 0 0 0 0 0 0 0 0 0 0 0 0 0 0 0 0 0 0 0 0 0 0 0 0 0 0 0 0 0 0 0 0 0 0 0 0 0 0 0 0 0 0 0 0 0 0 0 0 0 0 0 0 0 0 0 0 0 0 0 0 0 0 0 0 0 0 0 0 0 0 0 0 0 0 0 0 0 0 0 0 0 0 0 0 0 0 0 0 0 0 0 0 0 0 0 0 0 0 0 0 0 0 0 0 0 0 0 0 0 0 0 0 0 0 0 0 0 0 0 
0 0.000964475 0.00189676 0.00278722 0.00360222 0.00434009 0.00497011 0.00549363 0.0058912 0.0061392 0.0062323 0.00613842 0.00586599 0.00540627 0.00478494 0.00402851 0.00316367 0.00223226 0.0012443 0.000244969 -0.000732461 -0.00165528 -0.00248835 -0.00320236 -0.00376863 -0.00420199 -0.00450736 -0.00467998 -0.00473457 -0.00467912 -0.00452432 -0.00428818 -0.00400057 -0.00369466 -0.00337887 -0.00306327 -0.00274819 -0.00243567 -0.00215423 -0.00190649 -0.00169051 -0.00150682 -0.00134884 -0.00120621 -0.00107225 -0.000957698 -0.000864167 -0.000792311 -0.000733153 -0.000677366 -0.000616034 -0.000566626 -0.000528602 -0.000493695 -0.000473504 -0.000452451 -0.000427746 -0.000401833 -0.000367246 -0.000332218 -0.000313056 -0.000298087 -0.000291066 -0.00027314 -0.000251421 -0.000230812 -0.000212614 -0.000202259 -0.000188875 -0.000171928 -0.000156242 -0.000128069 -0.000102751 -9.51846e-05 -8.64906e-05 -8.92553e-05 -9.80892e-05 -0.000119664 -0.000153618 -0.000189288 -0.000230502 -0.000306433 -0.0003985 -0.000509008 -0.000629318 -0.000742086 -0.000825156 -0.000890103 -0.000924712 -0.000922729 -0.00088135 -0.000809079 -0.000694896 -0.000559172 -0.000411171 -0.000260192 -0.000115343 2.95683e-06 9.61914e-05 0.000150398 0.000164826 0.000142455 9.52869e-05 1.9628e-05 -6.84826e-05 -0.000168878 -0.000277794 -0.000386217 -0.000473745 -0.000543804 -0.000577905 -0.000573968 -0.000537871 -0.000480811 -0.000392391 -0.000298556 -0.000210571 -0.000128993 -5.91981e-05 -1.84154e-05 2.56353e-05 6.51256e-05 9.65604e-05 0.000124119 0.000145267 0.000155909 0.000165845 0.000158953 0.000166225 0.000187529 0.000199975 0.000209563 0.000215748 0.000218 0.000230121 0.000242639 0.000254704 0.000270316 0.000278998 0.000288561 0.000290547 0.000297311 0.000310041 0.00033214 0.00036325 0.000390555 0.00040346 0.000419807 0.000437455 0.000465219 0.000505131 0.000541677 0.000577931 0.000620112 0.000667626 0.000724125 0.000805107 0.000903582 0.00101831 0.00114156 0.00127733 0.00143928 0.00163969 0.0018834 0.00214641 0.00242796 0.00273096 0.0030427 0.00336714 0.00369498 0.00400286 0.00426356 0.0044444 0.00453345 0.00451639 0.0043883 0.00413756 0.00373429 0.00319083 0.00250562 0.00169102 0.000779827 -0.000191349 -0.00117669 -0.00217273 -0.00313486 -0.00403598 -0.0048541 -0.00555412 -0.00612018 -0.00652463 -0.0067976 -0.00694381 -0.00698358 -0.00694353 -0.00683886 -0.00670545 -0.00654979 -0.00641628 -0.0063191 
0 0.00189676 0.00374368 0.00548839 0.00711457 0.00856277 0.00981686 0.0108491 0.011623 0.0121151 0.0122741 0.0120967 0.0115496 0.0106564 0.00944596 0.00795728 0.00627044 0.00442094 0.00248387 0.00050991 -0.00140791 -0.00321196 -0.00485296 -0.00625406 -0.00738835 -0.00825602 -0.00887048 -0.00921715 -0.00932696 -0.00922287 -0.00894231 -0.00849678 -0.00796053 -0.00736734 -0.00674227 -0.00612723 -0.00549635 -0.00490683 -0.00435219 -0.00386836 -0.00342935 -0.00303783 -0.0027141 -0.00242193 -0.00216384 -0.00194704 -0.00176041 -0.00160763 -0.00148819 -0.00136259 -0.00126317 -0.00116522 -0.00109584 -0.00101857 -0.000949871 -0.000894755 -0.000837856 -0.000791918 -0.000745154 -0.000689315 -0.000646946 -0.00062008 -0.000578841 -0.000549206 -0.000501308 -0.00045728 -0.000420032 -0.000400159 -0.000360683 -0.000327978 -0.000284142 -0.000252826 -0.000231636 -0.000200583 -0.000164285 -0.000169333 -0.000185049 -0.000216672 -0.000275637 -0.000357124 -0.000479619 -0.000627455 -0.000804881 -0.00102272 -0.00124317 -0.00144227 -0.0016363 -0.00176493 -0.00183052 -0.00183753 -0.00176907 -0.00160871 -0.00139402 -0.00111312 -0.000803076 -0.000495053 -0.000225643 8.45498e-06 0.000170413 0.000275808 0.000316384 0.00029581 0.000200933 6.38326e-05 -0.000128599 -0.000345081 -0.00056693 -0.000769018 -0.000955318 -0.00107329 -0.00113343 -0.001132 -0.00105939 -0.000927152 -0.000786738 -0.000611066 -0.00043065 -0.000267097 -0.000119403 3.02034e-06 8.55414e-05 0.000147921 0.000197181 0.000253073 0.000293769 0.000301018 0.000317655 0.000340654 0.000365305 0.000388367 0.000412682 0.000423568 0.000442109 0.000448339 0.000467049 0.000485937 0.000509285 0.000515101 0.00054527 0.000567143 0.000592075 0.000620329 0.000641311 0.000667518 0.000715864 0.00074865 0.000784553 0.000828744 0.000869585 0.00093952 0.00100094 0.00107781 0.00115056 0.00124755 0.00135848 0.00147913 0.0016287 0.00182327 0.00203796 0.00229999 0.00259016 0.00292369 0.00334055 0.00380627 0.00433467 0.00488899 0.00550001 0.00612637 0.00675663 0.0073819 0.00795505 0.00843571 0.00877406 0.00893517 0.00888567 0.00862043 0.00809176 0.00728851 0.00619957 0.00485969 0.00327227 0.00148666 -0.000402444 -0.00235581 -0.00430627 -0.00621049 -0.0079794 -0.00958026 -0.0109674 -0.0120784 -0.0129093 -0.0134631 -0.0137826 -0.0138834 -0.0138183 -0.0136418 -0.0133882 -0.0131145 -0.0128613 -0.012684 
0 0.00278722 0.00548839 0.00807379 0.0104528 0.0126022 0.0144366 0.0159439 0.0170662 0.0177416 0.0179589 0.0176559 0.0168606 0.0155585 0.0138077 0.0116667 0.00920448 0.00653263 0.00370316 0.000849277 -0.00192735 -0.00454253 -0.00691821 -0.00898478 -0.010669 -0.0119856 -0.0129249 -0.0134649 -0.013655 -0.0135441 -0.013177 -0.0125942 -0.0118513 -0.0110149 -0.0101139 -0.00920063 -0.0083009 -0.00743036 -0.00663918 -0.0059138 -0.00524067 -0.00463869 -0.0041241 -0.00368655 -0.0033057 -0.00298333 -0.00270273 -0.00246173 -0.00225376 -0.00207308 -0.00190642 -0.00178016 -0.00167205 -0.00154703 -0.00144008 -0.00133925 -0.00125575 -0.00119911 -0.00113356 -0.00105611 -0.000994203 -0.000926911 -0.000875621 -0.000812844 -0.000754729 -0.000703979 -0.000650694 -0.000601947 -0.000537723 -0.000473152 -0.000429941 -0.000376574 -0.000335414 -0.000321431 -0.000283543 -0.000259444 -0.000254629 -0.000302243 -0.000410439 -0.000548609 -0.00071329 -0.000954461 -0.00122284 -0.00152491 -0.0018473 -0.0021567 -0.00240679 -0.00261474 -0.00274047 -0.0027543 -0.00264001 -0.0024144 -0.00206276 -0.00164516 -0.00119948 -0.000758026 -0.0003485 -1.58663e-05 0.00024429 0.000403582 0.000458879 0.00041419 0.000290888 7.80477e-05 -0.000189111 -0.000502163 -0.000841251 -0.00116937 -0.00142718 -0.00161371 -0.00169044 -0.00166156 -0.00155273 -0.00139583 -0.0011678 -0.000916855 -0.000661749 -0.000402814 -0.000162499 2.98131e-06 0.000149286 0.000254326 0.000317279 0.000366129 0.000410641 0.000450074 0.000503064 0.000518514 0.000552735 0.000601405 0.000618405 0.000630894 0.000648735 0.000668788 0.000711872 0.000742672 0.000757458 0.000777083 0.000798342 0.000844918 0.000889021 0.000937433 0.000975411 0.00101125 0.0010637 0.00112123 0.00117242 0.00125025 0.00132945 0.00141697 0.00151763 0.00161503 0.00173616 0.0018999 0.00208616 0.0022802 0.00251104 0.00278122 0.003113 0.00350812 0.00396631 0.00449596 0.00510783 0.00581029 0.00656728 0.00739489 0.00829896 0.00922016 0.0101343 0.0110055 0.0117894 0.0124413 0.0128924 0.0130981 0.0129977 0.0125594 0.0117509 0.0105197 0.00891477 0.0069471 0.00464019 0.00206234 -0.00070074 -0.00353374 -0.00640248 -0.00917218 -0.0117525 -0.0140867 -0.0160999 -0.0177599 -0.0190013 -0.0198819 -0.0204019 -0.0206066 -0.0205715 -0.0203528 -0.0200484 -0.0196841 -0.0193673 -0.0191321 
0 0.00360222 0.00711457 0.0104528 0.0135614 0.0163342 0.0187163 0.0206468 0.0220544 0.0228931 0.0231036 0.0226934 0.02164 0.01998 0.0177564 0.0150251 0.0119073 0.00848745 0.00490431 0.00127577 -0.00224251 -0.00555775 -0.00859869 -0.0112546 -0.0134677 -0.015218 -0.0164956 -0.017269 -0.0175962 -0.0175402 -0.017171 -0.016505 -0.0156338 -0.0146051 -0.0134704 -0.0123188 -0.0111483 -0.0100454 -0.00900293 -0.00805457 -0.00716476 -0.00635382 -0.00566852 -0.00506756 -0.00454362 -0.00409435 -0.00369506 -0.00334988 -0.00306451 -0.00279423 -0.00258122 -0.00239209 -0.00224681 -0.00208616 -0.00193557 -0.00180809 -0.00169158 -0.00160168 -0.00151276 -0.00140726 -0.00131596 -0.00124396 -0.00115809 -0.00109162 -0.0010086 -0.000933656 -0.000866296 -0.000816942 -0.000733904 -0.000658026 -0.000574586 -0.000512777 -0.000470184 -0.000418412 -0.000358932 -0.000360197 -0.000386734 -0.00045143 -0.000572245 -0.00073935 -0.000976033 -0.00126861 -0.00161812 -0.00203559 -0.00246455 -0.00286094 -0.00323054 -0.00348749 -0.00362308 -0.00363488 -0.00349657 -0.00318809 -0.00276246 -0.00221948 -0.00162238 -0.00102954 -0.000503082 -5.10953e-05 0.00027129 0.000478409 0.000559125 0.000517302 0.00034048 7.39863e-05 -0.000291923 -0.000708187 -0.00113909 -0.00153917 -0.00189615 -0.00213114 -0.00224744 -0.00223799 -0.00209594 -0.00184607 -0.00156093 -0.00121799 -0.000864751 -0.000535458 -0.000238134 4.98993e-06 0.000178767 0.000308032 0.000406304 0.000506771 0.000582827 0.000610404 0.000648612 0.000689932 0.000733522 0.000774904 0.000813221 0.000835932 0.000874533 0.000901621 0.000948292 0.000989772 0.00102741 0.00104052 0.00108953 0.00113842 0.0011976 0.00126056 0.001308 0.00135922 0.00144247 0.00151317 0.00159629 0.00169984 0.00180061 0.00193492 0.00205547 0.00219929 0.00235784 0.00257674 0.00283349 0.003109 0.00342712 0.00381678 0.00426513 0.00481832 0.00544757 0.0061587 0.00698939 0.00789177 0.00888953 0.0099521 0.0111175 0.0123003 0.0134488 0.0145283 0.0154729 0.0162356 0.0167448 0.016932 0.0167223 0.0160844 0.0149504 0.0133148 0.0111947 0.00865339 0.00569919 0.00240042 -0.00110883 -0.00475056 -0.00840535 -0.0119626 -0.0152652 -0.0182535 -0.0208655 -0.0230225 -0.0247095 -0.0259238 -0.0267066 -0.0270794 -0.0271314 -0.0269633 -0.0266496 -0.0262825 -0.0259371 -0.02569 
0 0.00434009 0.00856277 0.0126022 0.0163342 0.0196832 0.022528 0.0248152 0.0264604 0.0273918 0.027599 0.0270494 0.0257823 0.0238034 0.0211768 0.017974 0.014299 0.0102996 0.0060888 0.0018424 -0.0022949 -0.00621472 -0.00982202 -0.0130148 -0.0156995 -0.0178654 -0.0194875 -0.0205332 -0.0210584 -0.0211326 -0.0208128 -0.0201446 -0.0191998 -0.0180618 -0.0167845 -0.0154456 -0.0140854 -0.0127449 -0.0114822 -0.0103034 -0.00920141 -0.00820258 -0.00733003 -0.00655997 -0.00587281 -0.00527479 -0.00475796 -0.00431963 -0.00394397 -0.00360749 -0.00330068 -0.00304953 -0.00284228 -0.00263936 -0.002467 -0.00230937 -0.0021638 -0.00204007 -0.00190639 -0.00176791 -0.00165919 -0.00156159 -0.0014763 -0.00137734 -0.00127386 -0.0011791 -0.00109199 -0.001018 -0.00092658 -0.000829326 -0.000741735 -0.000644369 -0.000566039 -0.000521263 -0.000472516 -0.000461269 -0.000489082 -0.000580033 -0.000740828 -0.00094575 -0.00120742 -0.00157623 -0.00201624 -0.00252338 -0.00306004 -0.00356647 -0.00398507 -0.00430577 -0.00448686 -0.00449584 -0.00431444 -0.00395297 -0.00341207 -0.00275573 -0.00204338 -0.0013301 -0.00067044 -0.000121666 0.00029752 0.000556209 0.000646608 0.000576673 0.000370462 3.47918e-05 -0.000391895 -0.000883996 -0.00141021 -0.00191806 -0.00233849 -0.00264338 -0.00278672 -0.00276122 -0.00259042 -0.00231139 -0.00192913 -0.00149991 -0.00106661 -0.000649203 -0.000278949 -4.65921e-06 0.000224254 0.00040309 0.000535329 0.000646237 0.000732388 0.000789449 0.000843372 0.00086282 0.000906543 0.000975668 0.00102202 0.00105893 0.00109472 0.00112762 0.00118508 0.00123769 0.00128069 0.00132649 0.00137636 0.00144058 0.00149885 0.00156277 0.00162805 0.00170902 0.00182093 0.00193109 0.00202801 0.00214613 0.00227478 0.00243336 0.00261821 0.00281051 0.00303252 0.00331213 0.00363716 0.00400076 0.00443483 0.00494679 0.00554862 0.00624873 0.00704394 0.00794765 0.00897482 0.0101159 0.0113301 0.0126226 0.0139945 0.0153657 0.0166848 0.0178945 0.0189311 0.0197305 0.0202088 0.0202968 0.0199179 0.0190293 0.0175859 0.0155476 0.012976 0.00991026 0.00638367 0.00248046 -0.00168442 -0.00597581 -0.0103127 -0.0145182 -0.0184502 -0.0220267 -0.0251646 -0.0278171 -0.0299191 -0.0315128 -0.0325966 -0.0332129 -0.0334515 -0.0334035 -0.0331914 -0.0328757 -0.0325833 -0.0323625 
0 0.00497011 0.00981686 0.0144366 0.0187163 0.022528 0.0257589 0.0283235 0.0301377 0.0311444 0.0313161 0.0306611 0.0291955 0.0269571 0.0240083 0.0204307 0.0163552 0.0119134 0.00725407 0.00253368 -0.00208624 -0.00648751 -0.010566 -0.0141954 -0.0172917 -0.0198319 -0.0217963 -0.0231526 -0.023939 -0.0242109 -0.0240252 -0.0234219 -0.0224988 -0.0213365 -0.0199988 -0.0185625 -0.0170511 -0.0155393 -0.0140717 -0.0126916 -0.0113951 -0.010205 -0.00914841 -0.00819259 -0.00733006 -0.00657569 -0.00592634 -0.00537859 -0.0049129 -0.00448296 -0.00410209 -0.00377085 -0.0034988 -0.00324456 -0.00301967 -0.00282045 -0.0026353 -0.0024721 -0.00231217 -0.00215265 -0.00202078 -0.00191091 -0.00179528 -0.00167678 -0.00154371 -0.00141828 -0.00130855 -0.00121806 -0.00110652 -0.000994861 -0.000883924 -0.000785846 -0.00070769 -0.000637054 -0.000571521 -0.000564279 -0.000605032 -0.000708601 -0.000889595 -0.00113902 -0.00147452 -0.00190507 -0.00242148 -0.00301689 -0.00363559 -0.00421757 -0.00472837 -0.00510259 -0.00530836 -0.00532352 -0.00512118 -0.00469161 -0.00407266 -0.00330291 -0.00245891 -0.00161953 -0.000859349 -0.000217805 0.000257666 0.000559339 0.00067828 0.00061654 0.000378301 -3.11072e-06 -0.000511084 -0.00109586 -0.00170779 -0.00228707 -0.00278356 -0.00312765 -0.00329505 -0.00327515 -0.00307574 -0.00273222 -0.00229895 -0.00179618 -0.00127526 -0.00077676 -0.00033109 2.73517e-05 0.000300321 0.000505231 0.000661033 0.000798196 0.000901252 0.000957619 0.00100979 0.00105638 0.00111538 0.00118433 0.00124384 0.0012878 0.00133352 0.00137049 0.00142606 0.00148414 0.00154154 0.00159361 0.00166838 0.00174605 0.0018237 0.00190183 0.00197835 0.00207582 0.00220909 0.00233656 0.00246107 0.00260216 0.00276175 0.00297173 0.00320728 0.00346998 0.0037586 0.00410775 0.00451287 0.00497617 0.00552995 0.0061908 0.00694801 0.00781791 0.00878728 0.00987542 0.0111127 0.0124615 0.0138944 0.0153754 0.0169032 0.0183981 0.0198034 0.0210677 0.0221119 0.0228591 0.023219 0.0231175 0.0224942 0.02132 0.0195433 0.017145 0.01416 0.010648 0.00664487 0.00224177 -0.00242264 -0.00723577 -0.0120804 -0.0168075 -0.0212544 -0.0253315 -0.0289577 -0.0320567 -0.0345914 -0.0365701 -0.0380145 -0.0389538 -0.0394677 -0.039658 -0.039626 -0.0394657 -0.0392795 -0.0391357 
0 0.00549363 0.0108491 0.0159439 0.0206468 0.0248152 0.0283235 0.0310782 0.0330011 0.0340394 0.0341739 0.0334168 0.0317914 0.0293482 0.026165 0.022343 0.0180154 0.0133131 0.00837753 0.00335846 -0.00158729 -0.0063311 -0.0107547 -0.0147295 -0.0181741 -0.0210619 -0.0233711 -0.025068 -0.0261673 -0.0267093 -0.0267384 -0.0263037 -0.0254972 -0.0244029 -0.0230862 -0.0216133 -0.0200245 -0.0183936 -0.0167793 -0.0152263 -0.0137455 -0.0123648 -0.0111137 -0.00997517 -0.00894452 -0.00803116 -0.00723478 -0.00654906 -0.00595532 -0.00542051 -0.00495084 -0.00454761 -0.00420502 -0.00388905 -0.00360245 -0.00335002 -0.00312689 -0.00293391 -0.00274918 -0.00256558 -0.0024004 -0.00225432 -0.00210943 -0.00196772 -0.00182291 -0.00168636 -0.00156002 -0.00143846 -0.00129972 -0.00116262 -0.00103692 -0.000931628 -0.000850055 -0.000777255 -0.000710706 -0.000687779 -0.000724732 -0.000844139 -0.00105856 -0.00135713 -0.00175072 -0.0022454 -0.00283453 -0.00350114 -0.00419547 -0.00485479 -0.0054325 -0.005866 -0.00611224 -0.0061337 -0.0059024 -0.00541299 -0.00470556 -0.00383578 -0.00288867 -0.00194807 -0.00109126 -0.000367818 0.000175554 0.000521852 0.000660341 0.000594888 0.000335204 -8.87092e-05 -0.000652868 -0.00130918 -0.0020029 -0.0026637 -0.00322416 -0.00361197 -0.00379426 -0.00376214 -0.00353477 -0.0031501 -0.00265748 -0.00208748 -0.00148984 -0.000907155 -0.000381965 4.91816e-05 0.000379355 0.000623242 0.000799816 0.000940983 0.00104954 0.00112715 0.0011957 0.00125717 0.00132323 0.00139376 0.00145222 0.00149823 0.00154936 0.00160657 0.00168017 0.00175275 0.00181552 0.00187328 0.00195301 0.00204668 0.00214879 0.00225106 0.00235044 0.00246564 0.00261128 0.00276215 0.00292153 0.00310275 0.00331188 0.00356649 0.00385339 0.00417464 0.0045417 0.00498336 0.00549715 0.0060844 0.00677061 0.00757533 0.00849584 0.00953997 0.0106957 0.0119756 0.0133971 0.0149263 0.016523 0.0181469 0.0197718 0.0213231 0.0227392 0.0239647 0.0249229 0.0255276 0.0256887 0.025334 0.0244197 0.022926 0.0208157 0.0180753 0.014735 0.0108504 0.00646994 0.00169215 -0.00334378 -0.00852229 -0.0137299 -0.0188288 -0.0236717 -0.0281597 -0.0322053 -0.0357255 -0.0386795 -0.0410707 -0.0429186 -0.0442546 -0.0451431 -0.0456712 -0.0459296 -0.0460071 -0.0459988 -0.0459715 
0 0.0058912 0.011623 0.0170662 0.0220544 0.0264604 0.0301377 0.0330011 0.0349799 0.0360173 0.0361179 0.0352728 0.033537 0.0309611 0.0276451 0.0237107 0.0192725 0.0144725 0.00942014 0.00427196 -0.000834696 -0.00576775 -0.0104008 -0.0146255 -0.018355 -0.0215575 -0.0241964 -0.026238 -0.0276783 -0.0285494 -0.0288761 -0.0287161 -0.0281249 -0.0271873 -0.0259685 -0.0245254 -0.0229391 -0.0212573 -0.0195651 -0.0178829 -0.0162445 -0.0146909 -0.0132517 -0.0119397 -0.0107441 -0.00966316 -0.00870134 -0.00785377 -0.00710457 -0.0064535 -0.00587769 -0.00539652 -0.00497156 -0.00458583 -0.004236 -0.0039251 -0.00365957 -0.0034291 -0.00320722 -0.00299111 -0.00279083 -0.00260245 -0.00243558 -0.00226545 -0.00210763 -0.00195864 -0.00181809 -0.00166958 -0.00151527 -0.00135189 -0.00121152 -0.00108563 -0.000983351 -0.000906953 -0.000849406 -0.000825194 -0.000876417 -0.00102012 -0.00126082 -0.00159398 -0.00202213 -0.00257343 -0.00323213 -0.00396926 -0.00474458 -0.00548993 -0.00612058 -0.00660471 -0.00687975 -0.00689703 -0.00663561 -0.00610733 -0.00532511 -0.00437601 -0.00334233 -0.00231186 -0.00136058 -0.000567852 4.20205e-05 0.000429114 0.000585397 0.000514257 0.000241485 -0.000225792 -0.00083402 -0.00154534 -0.00230148 -0.00303069 -0.00363745 -0.00407495 -0.00428169 -0.00424448 -0.0039917 -0.00356916 -0.00299901 -0.00235523 -0.00168263 -0.0010224 -0.000429171 5.37832e-05 0.000438204 0.000726781 0.000942459 0.00110455 0.0012257 0.00132305 0.00139707 0.00145332 0.00151833 0.00159372 0.00165404 0.00171391 0.00177327 0.0018516 0.00194176 0.00202934 0.00209852 0.00217325 0.00225289 0.00236279 0.00248261 0.00260615 0.00273319 0.00287405 0.00303637 0.00322132 0.0034197 0.00364884 0.00391849 0.00421916 0.00456704 0.00494761 0.00540387 0.00595243 0.00659488 0.00732721 0.00816317 0.00911562 0.0102083 0.0114297 0.0127788 0.014251 0.0158277 0.0174956 0.0191883 0.0208915 0.0225462 0.0240861 0.0254386 0.0265323 0.027305 0.027673 0.0275586 0.0268987 0.0256604 0.0238234 0.0213786 0.0183126 0.0146741 0.0105003 0.00585571 0.000838284 -0.00443457 -0.00982923 -0.0152609 -0.0205896 -0.0257074 -0.0305089 -0.0349 -0.0388101 -0.042173 -0.0450035 -0.0472975 -0.049095 -0.0504436 -0.051401 -0.0520512 -0.0524474 -0.052685 -0.0528136 
0 0.0061392 0.0121151 0.0177416 0.0228931 0.0273918 0.0311444 0.0340394 0.0360173 0.0370484 0.0370989 0.0362167 0.0344202 0.0318128 0.0284844 0.0245551 0.0201554 0.0153778 0.0103675 0.00523552 0.000124809 -0.00484743 -0.00957476 -0.0139486 -0.0179019 -0.0213676 -0.0242983 -0.0266652 -0.0284541 -0.0296822 -0.0303771 -0.0305567 -0.0302753 -0.0295789 -0.0285441 -0.0272386 -0.0257243 -0.024089 -0.0223683 -0.0206153 -0.018867 -0.0171697 -0.0155704 -0.0140859 -0.0127162 -0.0114634 -0.0103297 -0.00931868 -0.00842723 -0.00763166 -0.00694863 -0.00634875 -0.00582481 -0.00536349 -0.00493981 -0.00457042 -0.00424901 -0.00395425 -0.0036871 -0.00343557 -0.0032002 -0.00299736 -0.00279259 -0.00260153 -0.00240775 -0.00222174 -0.00205652 -0.00189521 -0.00172568 -0.00155516 -0.0013819 -0.00124547 -0.00113389 -0.00102733 -0.000967038 -0.000970362 -0.00104894 -0.00120804 -0.00145847 -0.00181682 -0.00229997 -0.00289015 -0.00361111 -0.00442896 -0.00527379 -0.00607461 -0.00678366 -0.00729775 -0.00757876 -0.00760041 -0.0073297 -0.00675248 -0.00593592 -0.00491917 -0.00379881 -0.0026846 -0.00166819 -0.000799634 -0.000150192 0.00027058 0.000452666 0.000394577 9.73723e-05 -0.000387415 -0.00104308 -0.00180927 -0.00260918 -0.00336972 -0.00403362 -0.00449426 -0.0047237 -0.00470486 -0.00443435 -0.00394644 -0.00332985 -0.00260908 -0.00184861 -0.00112033 -0.000470871 8.77537e-05 0.000512713 0.000837394 0.00109213 0.00129529 0.00144557 0.00153909 0.00159518 0.00166683 0.00173487 0.00180202 0.00188459 0.00195676 0.00203204 0.00211421 0.00219735 0.00229119 0.00238511 0.00247189 0.00258475 0.00270216 0.00283735 0.00297512 0.00312002 0.00329184 0.00348843 0.003705 0.00395253 0.00422437 0.0045462 0.00492235 0.00533793 0.00582251 0.00638323 0.00704917 0.00782705 0.00871193 0.00970718 0.010834 0.0120955 0.0134987 0.0150268 0.0166612 0.0183816 0.0201297 0.0218834 0.023587 0.0251955 0.0266427 0.0278354 0.0287091 0.029195 0.0292344 0.0287735 0.027761 0.0261746 0.0239986 0.0212209 0.0178781 0.0139916 0.00962619 0.00483759 -0.000296715 -0.00565413 -0.0111545 -0.0166674 -0.0221187 -0.0273967 -0.0324085 -0.0370848 -0.0413228 -0.0451021 -0.0483721 -0.0511583 -0.05347 -0.0553352 -0.056811 -0.0579135 -0.0587202 -0.0592538 -0.0595878 
0 0.0062323 0.0122741 0.0179589 0.0231036 0.027599 0.0313161 0.0341739 0.0361179 0.0370989 0.0371342 0.0362253 0.0344616 0.0319148 0.0286864 0.0248995 0.0206396 0.0160392 0.0111913 0.00623246 0.00125962 -0.00362751 -0.0083255 -0.0127631 -0.016854 -0.0205211 -0.0237028 -0.0263751 -0.0285141 -0.03013 -0.0312086 -0.0317915 -0.0318687 -0.0315039 -0.0307614 -0.0296745 -0.0283489 -0.0268036 -0.0251365 -0.0233656 -0.0215644 -0.0197835 -0.0180445 -0.0163996 -0.0148584 -0.0134264 -0.0121308 -0.010969 -0.00991538 -0.00898932 -0.00814698 -0.00742351 -0.0067748 -0.00621883 -0.00572373 -0.00527955 -0.00488921 -0.00453299 -0.00420364 -0.00391312 -0.00365392 -0.00340819 -0.00319007 -0.0029529 -0.00272853 -0.00251471 -0.00232006 -0.00211669 -0.00193906 -0.00174675 -0.00157646 -0.00141659 -0.00128117 -0.00119104 -0.00114868 -0.00112737 -0.0012019 -0.0013827 -0.00166479 -0.00206104 -0.002572 -0.00322764 -0.00401204 -0.00487338 -0.00577365 -0.00664014 -0.00736253 -0.00792565 -0.00825182 -0.00827717 -0.00798213 -0.00739156 -0.00650472 -0.00543433 -0.00426998 -0.00310386 -0.00201377 -0.00110847 -0.000396332 6.19992e-05 0.000254806 0.000190684 -9.4814e-05 -0.000611593 -0.00127941 -0.002069 -0.00291483 -0.00373509 -0.00441156 -0.00490906 -0.00514449 -0.00510193 -0.00481357 -0.00432416 -0.00363793 -0.00285862 -0.00203454 -0.00121994 -0.000487687 0.000119703 0.000610731 0.000987336 0.00127586 0.00147725 0.0016221 0.00175049 0.0018305 0.00189002 0.00195833 0.00204424 0.00212653 0.00221278 0.00227873 0.00237054 0.00246123 0.00256315 0.00266477 0.00279346 0.00291422 0.00306268 0.00320887 0.00335911 0.00353424 0.00374031 0.00396992 0.00424172 0.00453152 0.0048525 0.00524299 0.00568148 0.00621441 0.00681056 0.00751299 0.00831047 0.00922397 0.0102648 0.0114339 0.0127331 0.0141841 0.0157419 0.0174144 0.019177 0.0209689 0.0227805 0.0245178 0.0261693 0.0276392 0.0288883 0.0298354 0.0303937 0.0305275 0.0301772 0.0293183 0.0279245 0.025984 0.0234734 0.0204139 0.0168265 0.0127749 0.00829255 0.00345918 -0.00166132 -0.00700849 -0.0124716 -0.0179859 -0.0234423 -0.0287893 -0.0339315 -0.0387988 -0.043344 -0.0474918 -0.0512309 -0.0545238 -0.0573884 -0.0598275 -0.0618478 -0.0634805 -0.0647256 -0.065625 -0.0661963 
0 0.00613842 0.0120967 0.0176559 0.0226934 0.0270494 0.0306611 0.0334168 0.0352728 0.0362167 0.0362253 0.0353721 0.0336976 0.0313153 0.0282935 0.0247369 0.0207524 0.0164239 0.0118844 0.00721138 0.00249606 -0.00218735 -0.00675677 -0.01114 -0.015272 -0.0190603 -0.0224424 -0.0254015 -0.0278954 -0.0298934 -0.0313907 -0.0323837 -0.0328884 -0.0329213 -0.0325423 -0.0317783 -0.0306831 -0.0293293 -0.027767 -0.0260643 -0.0242877 -0.0224759 -0.0206554 -0.018883 -0.0171872 -0.0155964 -0.0141289 -0.0127917 -0.011577 -0.0104726 -0.00949574 -0.00862175 -0.007847 -0.00718387 -0.00658414 -0.0060529 -0.00558906 -0.00515766 -0.00477974 -0.00444212 -0.00412785 -0.00384819 -0.0035766 -0.00332176 -0.00307081 -0.00282665 -0.00260412 -0.00238149 -0.0021698 -0.00196534 -0.00176794 -0.00161967 -0.00149259 -0.00137136 -0.00131122 -0.00131465 -0.00140476 -0.00159162 -0.0018872 -0.00232164 -0.00289568 -0.00358111 -0.00439918 -0.00531118 -0.00625015 -0.00715186 -0.00795389 -0.00854484 -0.00887146 -0.00890649 -0.00861121 -0.00798228 -0.00709058 -0.00598263 -0.00475947 -0.00354353 -0.00242524 -0.00146857 -0.000741447 -0.000260647 -3.46524e-05 -6.93794e-05 -0.000364246 -0.000872502 -0.00156757 -0.00239347 -0.0032563 -0.00407906 -0.00479645 -0.00529589 -0.00553955 -0.00551263 -0.00520192 -0.00464606 -0.00393434 -0.00310133 -0.00220812 -0.00133693 -0.000540467 0.000161774 0.000709591 0.00112323 0.00143845 0.00167124 0.00184202 0.0019566 0.002028 0.00212286 0.00220605 0.00227376 0.0023618 0.00244435 0.00253205 0.0026369 0.00273607 0.00285463 0.00298306 0.0031132 0.00326487 0.00342359 0.00360189 0.00378863 0.00399514 0.00424035 0.00450881 0.00482245 0.00518263 0.00557567 0.00604404 0.00658728 0.00721088 0.00794715 0.00878436 0.00972748 0.0107959 0.0120001 0.0133434 0.0148292 0.0164438 0.0181487 0.0199254 0.0217435 0.0235636 0.0253319 0.0270088 0.028511 0.029764 0.0307321 0.0313385 0.0315336 0.0312672 0.0305057 0.029231 0.0274388 0.0251365 0.0223176 0.0190013 0.0152488 0.0110848 0.00657111 0.00177962 -0.0032494 -0.00845859 -0.0138138 -0.0192067 -0.0246022 -0.0299335 -0.0351253 -0.0401445 -0.0449201 -0.0494421 -0.0536197 -0.0574452 -0.060883 -0.0639046 -0.066516 -0.0686726 -0.0704108 -0.0716846 -0.0725268 
0 0.00586599 0.0115496 0.0168606 0.02164 0.0257823 0.0291955 0.0317914 0.033537 0.0344202 0.0344616 0.0336976 0.0322058 0.0300619 0.0273327 0.0241181 0.0204965 0.0165732 0.012432 0.00814893 0.00377633 -0.000623137 -0.004966 -0.00920561 -0.0132833 -0.0171151 -0.020644 -0.0238439 -0.02665 -0.0290126 -0.0308966 -0.0323276 -0.0332747 -0.0337567 -0.033804 -0.0334106 -0.0326523 -0.0315544 -0.0302043 -0.0286415 -0.0269481 -0.0251664 -0.0233136 -0.0214708 -0.0196784 -0.0179534 -0.0163291 -0.0148179 -0.0134153 -0.0121552 -0.0110134 -0.00999885 -0.00907675 -0.00827738 -0.00756302 -0.00693075 -0.00638354 -0.00588864 -0.0054402 -0.00503649 -0.00465969 -0.00430524 -0.00399535 -0.00370088 -0.00343148 -0.00317341 -0.00292416 -0.0026573 -0.00242565 -0.00219497 -0.00198975 -0.00181364 -0.0016651 -0.00156067 -0.00151825 -0.00150623 -0.00159994 -0.00181276 -0.00213742 -0.00259521 -0.0031841 -0.003912 -0.00477248 -0.00571568 -0.00669757 -0.00764743 -0.00845993 -0.00908869 -0.00945278 -0.00949102 -0.00918051 -0.00855015 -0.00762064 -0.0064942 -0.00526796 -0.00403641 -0.00287931 -0.00190488 -0.00113288 -0.000620945 -0.000386916 -0.000419538 -0.000692349 -0.00120631 -0.00188672 -0.00270287 -0.00358149 -0.0044338 -0.00514891 -0.00566785 -0.00590974 -0.00585689 -0.00552783 -0.00496499 -0.00419353 -0.00330564 -0.00235845 -0.001419 -0.000556641 0.000190182 0.000802401 0.00127952 0.00164164 0.00188494 0.0020551 0.00220128 0.00229538 0.00237631 0.00244982 0.00252291 0.00260407 0.00269512 0.00278235 0.00291163 0.00303968 0.00317881 0.00331731 0.00346845 0.00361587 0.00379743 0.00400023 0.00422878 0.00449317 0.00478598 0.00509725 0.00546968 0.00589718 0.00638268 0.00696094 0.00760382 0.00835552 0.00921482 0.010209 0.011318 0.0125625 0.0139493 0.0154642 0.0170983 0.0188484 0.0206486 0.0224902 0.0243282 0.0260918 0.0277661 0.0292705 0.0305544 0.0315077 0.0321123 0.0323189 0.0320795 0.031384 0.030192 0.0285014 0.0263231 0.0236798 0.0205818 0.017079 0.0132191 0.00903526 0.00455706 -0.000129946 -0.00499175 -0.0100179 -0.0151648 -0.0203867 -0.0256361 -0.0308944 -0.0360921 -0.0411965 -0.0461852 -0.0510145 -0.0556251 -0.0599539 -0.063956 -0.0675691 -0.0707488 -0.0734579 -0.0756671 -0.0773414 -0.0784534 
0 0.00540627 0.0106564 0.0155585 0.01998 0.0238034 0.0269571 0.0293482 0.0309611 0.0318128 0.0319148 0.0313153 0.0300619 0.0282324 0.025877 0.023081 0.0199229 0.0164758 0.0128126 0.00897581 0.00500878 0.000967639 -0.00307359 -0.00708315 -0.0110231 -0.01482 -0.0184152 -0.0217776 -0.02483 -0.0275 -0.0297614 -0.031614 -0.0330217 -0.0339644 -0.0344594 -0.0345027 -0.0341429 -0.0334109 -0.0323543 -0.0310176 -0.0294806 -0.0277922 -0.0259807 -0.0241319 -0.0222859 -0.0204656 -0.0187015 -0.0170269 -0.0154626 -0.0140364 -0.012745 -0.0115681 -0.0104893 -0.00954026 -0.00868879 -0.00793313 -0.00727679 -0.0066813 -0.00615344 -0.00568125 -0.00524307 -0.00483844 -0.00447371 -0.00413596 -0.00381891 -0.00351524 -0.00322969 -0.00294486 -0.00269174 -0.00244803 -0.00222049 -0.00203282 -0.00187111 -0.00174865 -0.00170556 -0.00172698 -0.00184163 -0.00205847 -0.00238541 -0.00285951 -0.00347983 -0.00423709 -0.00512916 -0.0061126 -0.00712561 -0.0081015 -0.00895117 -0.00959157 -0.00995427 -0.010003 -0.00970566 -0.00907901 -0.00816615 -0.00703805 -0.00579347 -0.0045461 -0.00338222 -0.00239128 -0.00161479 -0.00108873 -0.000825628 -0.000827524 -0.00108604 -0.00158158 -0.00226068 -0.00307777 -0.00394168 -0.00477044 -0.00548053 -0.00598826 -0.00623143 -0.00618951 -0.00584866 -0.00524494 -0.00443599 -0.00349236 -0.00248097 -0.00148615 -0.0005675 0.000241241 0.000904182 0.00142389 0.0018274 0.00211733 0.00232373 0.00246742 0.0025542 0.00264024 0.00271717 0.00278565 0.00287642 0.00297793 0.00308492 0.00321758 0.00334577 0.00349293 0.00365617 0.00383202 0.00401657 0.00422503 0.00446084 0.00472906 0.00503697 0.00538176 0.00574895 0.00618668 0.00670147 0.00729421 0.00799298 0.00877446 0.0096595 0.0106724 0.0118201 0.0130956 0.0145162 0.0160751 0.0177444 0.0195005 0.0213303 0.0231808 0.0250364 0.0268354 0.0284955 0.029978 0.0312345 0.0322008 0.0327904 0.0329859 0.0327459 0.0320489 0.0308919 0.0292638 0.0271689 0.0246339 0.0216899 0.0183651 0.014726 0.0108324 0.00669185 0.00232359 -0.00220072 -0.00685802 -0.0116452 -0.0165519 -0.0215368 -0.0266007 -0.0317388 -0.0369035 -0.0420754 -0.0472256 -0.052334 -0.057315 -0.0621078 -0.0666327 -0.0707974 -0.0745337 -0.0777588 -0.0804343 -0.082479 -0.0838514 
0 0.00478494 0.00944596 0.0138077 0.0177564 0.0211768 0.0240083 0.026165 0.0276451 0.0284844 0.0286864 0.0282935 0.0273327 0.025877 0.0239656 0.0216649 0.0190415 0.0161354 0.013003 0.00966597 0.00616383 0.00254524 -0.00113399 -0.00485717 -0.00860092 -0.0122938 -0.0158765 -0.0193161 -0.0225389 -0.0254643 -0.0280643 -0.0303115 -0.0321542 -0.0335478 -0.034502 -0.0350183 -0.0351154 -0.0348115 -0.0341175 -0.0330802 -0.031777 -0.0302607 -0.0285644 -0.026769 -0.0249223 -0.0230555 -0.0212043 -0.0194119 -0.0177113 -0.0161246 -0.0146657 -0.0133117 -0.0120699 -0.0109692 -0.00997972 -0.00909004 -0.00830064 -0.00758447 -0.00695698 -0.00640644 -0.00590404 -0.00544269 -0.00501635 -0.00462327 -0.00425189 -0.00390212 -0.00357463 -0.00326198 -0.00298399 -0.00272647 -0.00247967 -0.00227354 -0.00210356 -0.0019852 -0.00194639 -0.00197376 -0.00208683 -0.00230654 -0.00264455 -0.00313353 -0.00377988 -0.00456837 -0.00548932 -0.0064977 -0.00752821 -0.00851337 -0.00937809 -0.0100327 -0.0104131 -0.0104778 -0.0101949 -0.00957793 -0.00868281 -0.00757278 -0.00634788 -0.00511238 -0.00395296 -0.00295035 -0.00216118 -0.00161879 -0.00134143 -0.00132605 -0.00156663 -0.00203251 -0.00268245 -0.00346896 -0.00430826 -0.00511385 -0.00580807 -0.00629616 -0.0065235 -0.00646811 -0.00611587 -0.00549242 -0.00465695 -0.00366697 -0.0026 -0.00154518 -0.000565283 0.000302299 0.0010197 0.0015909 0.00202985 0.00234325 0.00256969 0.00273003 0.00283393 0.00292492 0.00299938 0.0030671 0.00316413 0.00327135 0.00338935 0.00352526 0.00365976 0.00381609 0.00400481 0.00421533 0.00444663 0.0046939 0.00496601 0.00527284 0.00562975 0.00603845 0.00648912 0.00702097 0.00764217 0.0083515 0.00917286 0.0100984 0.0111403 0.0123301 0.0136515 0.0150954 0.0166732 0.0183758 0.0201663 0.0220074 0.0238674 0.0257029 0.0274944 0.0291738 0.0306507 0.0318669 0.0327932 0.0333665 0.0335319 0.033278 0.0325744 0.0314113 0.0297941 0.0277397 0.0252735 0.0224389 0.0192671 0.015791 0.0120816 0.00820725 0.00416155 -4.59018e-05 -0.00436555 -0.00878765 -0.0133181 -0.0179638 -0.022694 -0.0275479 -0.0325415 -0.0376532 -0.0428697 -0.0481553 -0.0534939 -0.0587894 -0.0639784 -0.0689591 -0.0736169 -0.0778547 -0.081551 -0.0846396 -0.0870082 -0.0885998 
0 0.00402851 0.00795728 0.0116667 0.0150251 0.017974 0.0204307 0.022343 0.0237107 0.0245551 0.0248995 0.0247369 0.0241181 0.023081 0.0216649 0.0199142 0.0178571 0.0155319 0.012956 0.0101623 0.00717339 0.00402636 0.000756524 -0.00263416 -0.00612188 -0.00963371 -0.0131223 -0.0165571 -0.0198754 -0.0230026 -0.025876 -0.0284732 -0.0307024 -0.0325292 -0.0339451 -0.0349358 -0.0355164 -0.0356568 -0.035382 -0.0347197 -0.0337424 -0.0324923 -0.0309922 -0.0293169 -0.0275371 -0.0256825 -0.0238047 -0.0219426 -0.0201225 -0.0183974 -0.0167623 -0.015241 -0.0138373 -0.0125786 -0.0114438 -0.0104082 -0.00946973 -0.00863048 -0.00788606 -0.00723685 -0.0066514 -0.00610137 -0.00560999 -0.0051526 -0.00473174 -0.00434127 -0.00397097 -0.00361665 -0.00331435 -0.00303206 -0.00278073 -0.00255687 -0.00237115 -0.0022537 -0.00221195 -0.00222721 -0.00234441 -0.00257756 -0.00293377 -0.00344127 -0.00410057 -0.00490851 -0.00583812 -0.00684617 -0.00788811 -0.00889583 -0.00976497 -0.0104405 -0.010842 -0.0109114 -0.0106395 -0.0100594 -0.00918646 -0.00811478 -0.00693413 -0.00572623 -0.0045777 -0.00359385 -0.00279687 -0.00224142 -0.00195166 -0.00191602 -0.00211504 -0.00255405 -0.00316167 -0.00389729 -0.00469771 -0.00547352 -0.00612208 -0.00659332 -0.00680388 -0.00671923 -0.00634442 -0.00570679 -0.0048301 -0.00380814 -0.00271061 -0.00160943 -0.000572333 0.000349247 0.00113347 0.00176467 0.00225001 0.00258811 0.00281937 0.00299692 0.00312118 0.00321309 0.00329213 0.00336923 0.00345861 0.00357425 0.00369649 0.00384734 0.00400431 0.00417968 0.00439033 0.00464 0.00490149 0.00519858 0.00551653 0.00587984 0.00631012 0.00679616 0.00734759 0.00799502 0.00873751 0.00958252 0.0105411 0.0116068 0.0128219 0.014182 0.0156853 0.0172882 0.0189948 0.0208022 0.0226678 0.0245479 0.0263951 0.0281496 0.0297913 0.031254 0.0324423 0.0333255 0.0338487 0.0339878 0.033689 0.0329602 0.0317986 0.0301855 0.0281503 0.025709 0.0229217 0.0198482 0.0165203 0.012965 0.00924981 0.0054288 0.00151145 -0.00250884 -0.00659622 -0.0107546 -0.0150244 -0.019397 -0.0238888 -0.0285291 -0.0333758 -0.0384263 -0.0436591 -0.0490623 -0.0545719 -0.0601285 -0.0656287 -0.0709771 -0.0760456 -0.0806911 -0.0847929 -0.0882082 -0.0908431 -0.092599 
0 0.00316367 0.00627044 0.00920448 0.0119073 0.014299 0.0163552 0.0180154 0.0192725 0.0201554 0.0206396 0.0207524 0.0204965 0.0199229 0.0190415 0.0178571 0.0163975 0.014656 0.0126685 0.0104393 0.00798846 0.00533722 0.00249609 -0.000527433 -0.00370134 -0.00697003 -0.0102874 -0.0136414 -0.0169794 -0.0202037 -0.023278 -0.0261224 -0.0286956 -0.0309206 -0.0327732 -0.0342436 -0.0352814 -0.0359033 -0.0360805 -0.035866 -0.0352934 -0.0343806 -0.0331549 -0.0316869 -0.0300445 -0.0282867 -0.02644 -0.0245495 -0.0226721 -0.0208258 -0.0190711 -0.0173891 -0.0158274 -0.0143991 -0.0130968 -0.0119029 -0.0108223 -0.00984035 -0.0089751 -0.0082017 -0.00748994 -0.00684786 -0.00626008 -0.00574576 -0.00527178 -0.00482597 -0.00440058 -0.00401878 -0.00366485 -0.00336688 -0.00309102 -0.00286226 -0.00266994 -0.00252569 -0.0024606 -0.00250486 -0.00262577 -0.00285594 -0.00322406 -0.00374718 -0.00442412 -0.00523071 -0.00615433 -0.00716932 -0.00821006 -0.00921305 -0.010117 -0.010797 -0.0111981 -0.0112942 -0.0110592 -0.0104955 -0.00968779 -0.00866778 -0.0075231 -0.00636058 -0.00526889 -0.00429097 -0.00352101 -0.00296858 -0.00264617 -0.00256824 -0.00274343 -0.00311374 -0.0036794 -0.00437473 -0.00511459 -0.00582166 -0.00644182 -0.0068566 -0.00703222 -0.0069371 -0.00653961 -0.00585368 -0.00496634 -0.00391354 -0.00277894 -0.00164905 -0.000572059 0.000413878 0.00125984 0.0019487 0.00247151 0.00285269 0.00312656 0.0032947 0.00342045 0.00353377 0.00362565 0.00369718 0.00379045 0.00389613 0.00404586 0.00420468 0.00438503 0.00459107 0.00483834 0.0051069 0.00541562 0.00574262 0.00612566 0.00657138 0.0070886 0.00768012 0.0083406 0.0091007 0.00997998 0.0109764 0.0120867 0.0133293 0.0146952 0.0162332 0.0178838 0.0196267 0.0214386 0.0233013 0.0251859 0.0270398 0.028796 0.0304082 0.031823 0.0329775 0.0338166 0.0342799 0.0343829 0.0340496 0.0332787 0.0320699 0.0304385 0.0284162 0.0259998 0.0232451 0.0202026 0.0169531 0.0135353 0.0099707 0.00630623 0.00259115 -0.00118208 -0.00499684 -0.00884492 -0.0127467 -0.0167441 -0.0208828 -0.0251492 -0.0296206 -0.0343312 -0.0393073 -0.0445461 -0.0500012 -0.0556478 -0.0613713 -0.0671025 -0.0727125 -0.0780681 -0.0830289 -0.087408 -0.091083 -0.0938965 -0.0957772 
0 0.00223226 0.00442094 0.00653263 0.00848745 0.0102996 0.0119134 0.0133131 0.0144725 0.0153778 0.0160392 0.0164239 0.0165732 0.0164758 0.0161354 0.0155319 0.014656 0.0135229 0.0121271 0.0104785 0.00857109 0.0064188 0.00402323 0.00140215 -0.00142077 -0.00438959 -0.00749192 -0.0107011 -0.0139616 -0.0172039 -0.0203507 -0.0233819 -0.0262096 -0.0287815 -0.0310329 -0.0329251 -0.0344356 -0.035527 -0.0362014 -0.0364675 -0.0363384 -0.0358214 -0.0349476 -0.0337637 -0.0323592 -0.0307546 -0.0290061 -0.0271582 -0.025264 -0.0233916 -0.0215389 -0.0197424 -0.0180301 -0.0164258 -0.0149532 -0.0135998 -0.0123502 -0.0112321 -0.0102138 -0.0093012 -0.00847075 -0.00770586 -0.00703124 -0.00642757 -0.0058822 -0.00537924 -0.00489581 -0.00445275 -0.0040737 -0.00373837 -0.00344691 -0.00317794 -0.00296586 -0.0028411 -0.00278994 -0.00280305 -0.00292254 -0.00315975 -0.00352565 -0.00403865 -0.00471329 -0.00553779 -0.00647716 -0.00748271 -0.00851951 -0.00951773 -0.0103851 -0.0110761 -0.0115172 -0.0116316 -0.0114316 -0.0109405 -0.0101686 -0.00921332 -0.00815688 -0.00705519 -0.00600128 -0.00507964 -0.00431421 -0.00375219 -0.00342627 -0.00332384 -0.003432 -0.00376318 -0.00426118 -0.00486961 -0.00555033 -0.00620679 -0.00673486 -0.00710276 -0.00723615 -0.00708491 -0.00667149 -0.00599912 -0.00507809 -0.00399568 -0.00282993 -0.00164676 -0.000521666 0.000495775 0.00138268 0.00212409 0.00270446 0.00311934 0.0033999 0.00361789 0.00378153 0.00388682 0.00396854 0.00405324 0.00414229 0.00426826 0.00441407 0.00459224 0.00480253 0.00503507 0.00531237 0.00563648 0.00598403 0.00638146 0.00683092 0.00736228 0.00799398 0.00869163 0.00948137 0.0103708 0.0113879 0.0125514 0.0138415 0.0152527 0.0168032 0.0184677 0.020245 0.0220788 0.0239437 0.0258226 0.0276547 0.0293979 0.0309791 0.0323548 0.0334722 0.0342694 0.0346852 0.0347141 0.0343336 0.0335367 0.0322917 0.0306117 0.0285516 0.026135 0.0234173 0.0204176 0.0172121 0.0138624 0.0104122 0.0068916 0.00333257 -0.000243201 -0.00383726 -0.00744874 -0.0110745 -0.0147333 -0.0185039 -0.0224158 -0.0265233 -0.0308527 -0.035462 -0.0403761 -0.0455754 -0.0510638 -0.056752 -0.062588 -0.0684382 -0.074195 -0.0797221 -0.0848368 -0.0893966 -0.0931947 -0.0961317 -0.0980791 
