0 0 0 0 0 0 0 0 0 0 0 0 0 0 0 0 0 0 0 0 0 0 0 0 0 0 0 0 0 0 0 0 0 0 0 0 0 0 0 0 0 0 0 0 0 0 0 0 0 0 0 0 0 0 0 0 0 0 0 0 0 0 0 0 0 0 0 0 0 0 0 0 0 0 0 0 0 0 0 0 0 0 0 0 0 0 0 0 0 0 0 0 0 0 0 0 0 0 0 0 0 0 0 0 0 0 0 0 0 0 0 0 0 0 0 0 0 0 0 0 0 0 0 0 0 0 0 0 0 0 0 0 0 0 0 0 0 0 0 0 0 0 0 0 0 0 0 0 0 0 0 0 0 0 0 0 0 0 0 0 0 0 0 0 0 0 0 0 0 0 0 0 0 0 0 0 0 0 0 0 0 0 0 0 0 0 0 0 0 0 0 0 0 0 0 0 0 0 0 0 
0 -5.81043e-06 -5.56762e-06 4.11776e-06 -3.416e-06 1.85077e-06 5.7904e-06 1.30683e-05 1.90008e-05 2.72181e-05 5.36799e-05 7.0254e-05 9.75708e-05 0.000131362 0.000182412 0.000245953 0.000319779 0.000419871 0.000536077 0.000682391 0.000854791 0.00106157 0.00130473 0.00159791 0.00194047 0.00232923 0.00276984 0.00325779 0.00378177 0.00430871 0.00484481 0.00536491 0.00584893 0.00627666 0.00663192 0.006905 0.0070698 0.00711445 0.00701234 0.00674782 0.0063244 0.00575688 0.00504113 0.00421694 0.00330664 0.00233793 0.00134054 0.000329518 -0.000652418 -0.00158629 -0.00242466 -0.00314191 -0.00374014 -0.00420705 -0.00454204 -0.00476878 -0.00487444 -0.00487977 -0.00479902 -0.004631 -0.00439803 -0.00411019 -0.00379016 -0.00345268 -0.00310646 -0.00275201 -0.00238183 -0.0019875 -0.00158086 -0.00115807 -0.000737228 -0.000331196 5.18068e-05 0.00039471 0.000671061 0.00085815 0.000931883 0.000875364 0.00069059 0.000389365 -7.3818e-06 -0.000452673 -0.000904048 -0.00135003 -0.00175169 -0.002077 -0.0023204 -0.00247555 -0.00253967 -0.0025171 -0.00240287 -0.00222755 -0.00201345 -0.00177631 -0.00154851 -0.00134773 -0.00116862 -0.00102394 -0.000912252 -0.000833919 -0.000788049 -0.00077922 -0.000816739 -0.000897952 -0.00101509 -0.00118001 -0.00136781 -0.00155781 -0.00174574 -0.00190726 -0.00202281 -0.00209468 -0.00209891 -0.00202343 -0.00184955 -0.00156362 -0.00118739 -0.000739981 -0.000226011 0.000306244 0.000814395 0.00127649 0.00166818 0.00196907 0.0021774 0.00229322 0.00232546 0.00230267 0.00224678 0.0021787 0.00213257 0.00212533 0.00215851 0.00225202 0.00239135 0.00257148 0.00278957 0.00303341 0.0032996 0.00359002 0.00388801 0.00418667 0.00445098 0.00466544 0.0048129 0.00487165 0.00485266 0.00473082 0.00448562 0.00411483 0.00360057 0.0029451 0.00217973 0.00130592 0.000361935 -0.000627452 -0.00162758 -0.002613 -0.00356452 -0.00444252 -0.00522472 -0.00587435 -0.00636544 -0.00669496 -0.00687771 -0.00690631 -0.00680432 -0.00658769 -0.00627882 -0.00589348 -0.00544445 -0.00495635 -0.00443588 -0.00391718 -0.00341433 -0.00293872 -0.00249664 -0.00210981 -0.00177199 -0.00147285 -0.00121171 -0.000990715 -0.000814718 -0.000657586 -0.000535969 -0.000434028 -0.000355941 -0.000295664 -0.000245722 -0.000220293 -0.000193428 -0.000184206 -0.000171126 -0.000161517 -0.000158533 -0.00015234 -0.000157078 -0.000147387 -0.000147357 -0.000143963 
0 -5.56762e-06 1.03419e-05 1.65504e-05 1.84808e-05 1.73223e-05 3.11611e-05 4.56615e-05 4.58895e-05 6.95084e-05 0.000101266 0.000141525 0.00018714 0.000255105 0.000363514 0.000485145 0.000647856 0.000848232 0.00109538 0.00139953 0.00175575 0.00218356 0.00268006 0.0032699 0.0039576 0.00472606 0.00559342 0.00655658 0.00757191 0.00861696 0.0096549 0.0106808 0.0116312 0.0124597 0.0131643 0.0136712 0.0139829 0.0140367 0.0138063 0.0132686 0.0124235 0.0113069 0.0099143 0.00829991 0.00652278 0.00463262 0.00266919 0.000711663 -0.001216 -0.00302617 -0.00466429 -0.00608189 -0.00726943 -0.00821241 -0.00890341 -0.00936142 -0.00958354 -0.00960504 -0.00943971 -0.00913924 -0.00869218 -0.00815742 -0.00755387 -0.00690393 -0.00622215 -0.00553226 -0.0047815 -0.00400609 -0.00319736 -0.00234953 -0.00151636 -0.00070046 7.59482e-05 0.000752872 0.0012981 0.00167698 0.00180895 0.00170185 0.00133021 0.000740961 -2.35419e-05 -0.00089445 -0.00183079 -0.00271586 -0.0035126 -0.00417666 -0.00469046 -0.00498262 -0.00508844 -0.00500804 -0.00478398 -0.0044444 -0.00404023 -0.00358485 -0.00315065 -0.00272203 -0.00235051 -0.00205386 -0.00182094 -0.00164815 -0.00158589 -0.00157863 -0.00165951 -0.00183195 -0.00207798 -0.0023732 -0.0027309 -0.00309484 -0.00347148 -0.00380497 -0.00407468 -0.00422905 -0.00423573 -0.00404471 -0.00368645 -0.00312413 -0.00237438 -0.0014542 -0.00045883 0.000584169 0.00160108 0.00253754 0.00332213 0.0039424 0.00435229 0.004596 0.00466899 0.00462067 0.0045165 0.00439759 0.00430225 0.00429295 0.00436118 0.00453266 0.0048241 0.00518605 0.00563214 0.00613002 0.00665891 0.00720867 0.00778508 0.00832609 0.00882915 0.00923206 0.00950772 0.0096194 0.00956796 0.00930006 0.00879943 0.00804156 0.00701159 0.00572983 0.00421152 0.00251169 0.000647754 -0.00129844 -0.00326508 -0.00520264 -0.0070628 -0.00876724 -0.0102949 -0.0115573 -0.0125254 -0.0131972 -0.0135663 -0.0136652 -0.0134748 -0.013073 -0.0124756 -0.0117156 -0.0108427 -0.00987337 -0.00885473 -0.00783145 -0.00683907 -0.00589896 -0.00502366 -0.00424942 -0.00358269 -0.00298255 -0.00246898 -0.00203286 -0.00167393 -0.00136986 -0.00110801 -0.0009105 -0.00074163 -0.000614695 -0.000515688 -0.000442113 -0.000396471 -0.000356497 -0.000336826 -0.000314264 -0.000302384 -0.000302285 -0.000295616 -0.000294684 -0.000287529 -0.00029164 
0 4.11776e-06 1.65504e-05 4.48335e-05 3.08647e-05 4.48374e-05 5.94189e-05 7.86047e-05 8.91064e-05 0.000105241 0.000166662 0.000214635 0.000296505 0.000406785 0.000570049 0.000773185 0.0010158 0.00133621 0.00171498 0.00218391 0.00273488 0.00338887 0.00414961 0.00504823 0.006079 0.00723007 0.00851378 0.009918 0.0114104 0.01291 0.0144256 0.0158961 0.0172617 0.0184605 0.0194412 0.0201624 0.0205559 0.0205891 0.0202075 0.0193863 0.0181436 0.0165181 0.014495 0.0121643 0.00958557 0.00683848 0.00401248 0.00116615 -0.00159129 -0.00420916 -0.00658139 -0.00865191 -0.0104207 -0.0118437 -0.012896 -0.0136159 -0.0139728 -0.0140306 -0.013846 -0.0134384 -0.0128604 -0.0121311 -0.0112894 -0.0103609 -0.00937031 -0.00833128 -0.00723743 -0.00608061 -0.00488651 -0.00363997 -0.00238292 -0.00115003 1.96085e-05 0.001059 0.00188257 0.00242395 0.00262302 0.00245052 0.00191768 0.00105934 -7.4473e-05 -0.00137198 -0.00272558 -0.0040794 -0.00530979 -0.00630731 -0.00703452 -0.00746646 -0.00761057 -0.00750007 -0.00715083 -0.00664939 -0.00605165 -0.00538891 -0.00473113 -0.00411586 -0.00354504 -0.00306916 -0.00270415 -0.00246602 -0.00235821 -0.00237556 -0.00252241 -0.00277762 -0.00311367 -0.0035604 -0.00407532 -0.00461957 -0.00518454 -0.00569931 -0.00609193 -0.00633377 -0.00634458 -0.00608504 -0.00552118 -0.00463738 -0.00350381 -0.00217848 -0.000682133 0.000874083 0.0023855 0.00378506 0.00498933 0.00592699 0.00657353 0.00693074 0.00703428 0.00697671 0.00683358 0.00666817 0.00656113 0.0065541 0.00665255 0.00691401 0.00732039 0.00786404 0.00853112 0.00927147 0.0100487 0.0108489 0.0116325 0.0123891 0.0130543 0.0135946 0.0139607 0.0140827 0.0139643 0.0135315 0.0127384 0.0115904 0.0100619 0.00816855 0.00598148 0.00350051 0.000810508 -0.00201673 -0.00487688 -0.00768452 -0.0103739 -0.0128421 -0.01504 -0.0168828 -0.0183121 -0.0193179 -0.0199217 -0.0200951 -0.0198806 -0.0193199 -0.0184738 -0.0173928 -0.0161237 -0.0147354 -0.0132565 -0.0117755 -0.0103296 -0.00894737 -0.00764878 -0.00649393 -0.00547828 -0.00457924 -0.00379832 -0.00313716 -0.00259997 -0.00212263 -0.00174042 -0.00142176 -0.00117226 -0.0009752 -0.00080916 -0.000703088 -0.000602368 -0.000550768 -0.000502137 -0.000468874 -0.000455367 -0.000438744 -0.000447033 -0.000427409 -0.000435668 -0.000439073 
0 -3.416e-06 1.84808e-05 3.08647e-05 3.09171e-05 3.56492e-05 6.80644e-05 0.000103705 0.000121308 0.000172245 0.000249017 0.00034513 0.000463129 0.00062617 0.000858975 0.00112871 0.00147265 0.00189971 0.00242187 0.00305904 0.00380923 0.00470316 0.00574211 0.00695568 0.00834173 0.00986618 0.0115467 0.0133718 0.0152739 0.0172062 0.0191172 0.0209835 0.0227003 0.024181 0.0253938 0.0262253 0.026656 0.0266048 0.0260398 0.0249428 0.023328 0.0212437 0.018679 0.0157098 0.0124328 0.008945 0.00533857 0.00174838 -0.00176106 -0.00506661 -0.00808319 -0.0107444 -0.0130326 -0.0149071 -0.0163362 -0.0173312 -0.0178859 -0.0180631 -0.0179066 -0.017495 -0.0168233 -0.015961 -0.0149341 -0.0137738 -0.0125116 -0.0111906 -0.00975454 -0.00825221 -0.00667701 -0.00501966 -0.00335634 -0.00171075 -0.000139721 0.00124012 0.00234399 0.00309217 0.00336085 0.00314891 0.00243564 0.00129679 -0.000187649 -0.00189219 -0.00371794 -0.00547596 -0.0070643 -0.00838346 -0.00937992 -0.00995007 -0.0101418 -0.00997559 -0.00952448 -0.00885734 -0.00806246 -0.00717636 -0.00631041 -0.00546485 -0.00471551 -0.00410384 -0.00362805 -0.00329325 -0.00316329 -0.00316798 -0.00334285 -0.00368397 -0.00415976 -0.00474035 -0.00543077 -0.00615063 -0.00689449 -0.00756556 -0.00810275 -0.00841327 -0.0084205 -0.00804166 -0.00730578 -0.00617105 -0.00467645 -0.00287111 -0.000897474 0.00116907 0.00319602 0.0050745 0.00667243 0.00793499 0.00878959 0.00929215 0.00946247 0.00940409 0.00924088 0.00905627 0.00892424 0.00893386 0.009082 0.00941601 0.00996272 0.0106616 0.0115189 0.0124679 0.0134515 0.0144367 0.0154134 0.0163022 0.017093 0.0177018 0.0180759 0.0181458 0.0178922 0.0172293 0.0161298 0.0145778 0.0125697 0.0101457 0.00733802 0.0042086 0.00078825 -0.00279831 -0.00643275 -0.0100091 -0.0134262 -0.0165576 -0.0193599 -0.0217116 -0.0235653 -0.0249118 -0.0257344 -0.026052 -0.0258384 -0.025198 -0.0241729 -0.0228295 -0.0212563 -0.0195 -0.0176405 -0.0157576 -0.0139078 -0.0121237 -0.010431 -0.00889718 -0.0075407 -0.00631826 -0.00525872 -0.00435437 -0.00360027 -0.00295585 -0.00240895 -0.00198157 -0.00162821 -0.00135505 -0.00113708 -0.000970143 -0.000851825 -0.000760725 -0.000706388 -0.000658289 -0.000629041 -0.00061751 -0.000601097 -0.000589973 -0.000580431 -0.000585737 
0 1.85077e-06 1.73223e-05 4.48374e-05 3.56492e-05 5.56771e-05 9.321e-05 0.000138601 0.000179242 0.000241948 0.000361326 0.000489938 0.000663397 0.000889132 0.00119251 0.00156102 0.0020079 0.0025734 0.00325213 0.00407559 0.00504569 0.00619156 0.0075208 0.00905969 0.0107893 0.0126789 0.0147297 0.0169194 0.0191949 0.0214662 0.0237172 0.0258758 0.0278449 0.0295281 0.0308505 0.0317385 0.0321196 0.0319494 0.0311832 0.0298084 0.0278531 0.0253611 0.0223212 0.0188306 0.014984 0.0108983 0.00669859 0.00248897 -0.00160454 -0.00549597 -0.00906396 -0.0122372 -0.0149983 -0.0172928 -0.0190807 -0.0203867 -0.0211869 -0.0215471 -0.0215296 -0.0211679 -0.0205052 -0.019577 -0.018432 -0.0171095 -0.015649 -0.0140714 -0.0123624 -0.0105239 -0.00858214 -0.00653819 -0.00446101 -0.00240922 -0.000458309 0.00127916 0.00267233 0.00360624 0.00397177 0.00372071 0.00285855 0.00145228 -0.00039507 -0.00250997 -0.00472376 -0.00689976 -0.00886765 -0.0104824 -0.0116761 -0.0123968 -0.0126508 -0.0124742 -0.0119105 -0.0110727 -0.010059 -0.0089466 -0.00784791 -0.00682259 -0.0059019 -0.00514211 -0.00455468 -0.00415555 -0.00396079 -0.00396172 -0.00417381 -0.00458567 -0.0051641 -0.00591514 -0.00678303 -0.00769544 -0.00861174 -0.00943184 -0.0100589 -0.0104276 -0.0104326 -0.0100019 -0.00908865 -0.0076642 -0.00580042 -0.00358257 -0.00109634 0.00149622 0.00402564 0.00636103 0.00836688 0.0099462 0.011054 0.0117048 0.0119544 0.011932 0.0117625 0.0115571 0.0114299 0.0114572 0.0116588 0.0120937 0.0127481 0.0135949 0.0146053 0.0157096 0.0168463 0.0179813 0.0190625 0.0200473 0.0208627 0.0214497 0.0217431 0.0216676 0.0212128 0.0202948 0.0188675 0.0169342 0.0144868 0.0115614 0.00823546 0.00452778 0.000522528 -0.00367795 -0.00793471 -0.0121222 -0.0161306 -0.0198245 -0.0231318 -0.0259435 -0.0281899 -0.0298525 -0.0309339 -0.0313994 -0.0312721 -0.0306099 -0.0294882 -0.0279823 -0.0261724 -0.024148 -0.021973 -0.0197584 -0.0175596 -0.015414 -0.0133568 -0.0114666 -0.00976029 -0.00822166 -0.00686692 -0.00570464 -0.00473382 -0.00389256 -0.00320003 -0.00263203 -0.00217758 -0.00181482 -0.00151763 -0.00130125 -0.00112265 -0.0010078 -0.000916782 -0.000849643 -0.000808156 -0.000775892 -0.000765345 -0.000735754 -0.000733577 -0.000733093 
0 5.7904e-06 3.11611e-05 5.94189e-05 6.80644e-05 9.321e-05 0.000143388 0.000201077 0.000259459 0.000354366 0.000501685 0.000680929 0.000906857 0.00120285 0.00159174 0.00206351 0.00264282 0.00336005 0.00422588 0.0052636 0.00648091 0.00790303 0.00953752 0.0113958 0.0134567 0.0156778 0.0180538 0.020559 0.0231251 0.0256777 0.0281664 0.0305272 0.0326442 0.0344115 0.0357583 0.036595 0.0368688 0.0365246 0.0355298 0.0338797 0.0316056 0.0287537 0.0253368 0.0214435 0.0171881 0.0126883 0.00805927 0.00342125 -0.00112306 -0.00545795 -0.00946612 -0.0130668 -0.0162264 -0.018897 -0.021045 -0.0226747 -0.023777 -0.0243957 -0.0245746 -0.0243582 -0.0237696 -0.0228643 -0.0216943 -0.0203016 -0.0187226 -0.0169755 -0.0150268 -0.0128955 -0.0106034 -0.00817702 -0.00570544 -0.00326131 -0.000936954 0.00112942 0.00279883 0.00393468 0.00439545 0.00412554 0.00312175 0.0014691 -0.00069968 -0.00319489 -0.0058259 -0.00838308 -0.0106893 -0.0126006 -0.0140239 -0.0148745 -0.0151668 -0.0149406 -0.0142721 -0.0132752 -0.0120686 -0.0107477 -0.00943817 -0.00820106 -0.00710283 -0.00619683 -0.00549471 -0.00501171 -0.00478132 -0.00477968 -0.00502636 -0.00551662 -0.00621758 -0.00710333 -0.00813062 -0.00921429 -0.0102982 -0.0112697 -0.0120235 -0.0124548 -0.0124495 -0.0119151 -0.0108226 -0.00914061 -0.00691789 -0.00424817 -0.00128198 0.00181356 0.00484698 0.00765011 0.0100613 0.0119783 0.013342 0.014181 0.0145519 0.0145846 0.0144312 0.014225 0.0140939 0.0141422 0.0144048 0.0149269 0.0157037 0.0166773 0.0178084 0.0190193 0.020241 0.0214331 0.0225516 0.0235236 0.0242863 0.0247579 0.0248732 0.0245769 0.0238515 0.0226307 0.0208754 0.018574 0.0157275 0.0123809 0.00859967 0.00443989 -2.85771e-05 -0.00468429 -0.00939165 -0.0140271 -0.0184702 -0.0225908 -0.0263044 -0.029492 -0.0320815 -0.0340488 -0.0353775 -0.0360485 -0.036057 -0.0354702 -0.0343511 -0.0327766 -0.0308402 -0.0286244 -0.0262226 -0.0237413 -0.0212515 -0.0187959 -0.0164195 -0.0142021 -0.0121734 -0.0103239 -0.00867923 -0.00725291 -0.00604085 -0.00500061 -0.00412672 -0.00341145 -0.00282586 -0.00235273 -0.00196935 -0.00167173 -0.00144195 -0.00127374 -0.0011488 -0.00105263 -0.000987582 -0.000948311 -0.000922889 -0.00089658 -0.000885165 -0.000884029 
0 1.30683e-05 4.56615e-05 7.86047e-05 0.000103705 0.000138601 0.000201077 0.000276441 0.000365369 0.000499347 0.00068759 0.000926484 0.00122165 0.00160569 0.00209702 0.00269499 0.00342507 0.00431466 0.00538665 0.00665749 0.00813949 0.00984707 0.0117855 0.0139508 0.0163162 0.0188379 0.0214976 0.0242619 0.0270538 0.0298001 0.0324296 0.0348732 0.037014 0.0387486 0.0400083 0.0407133 0.0408172 0.0402667 0.0390342 0.0371223 0.0345682 0.0314212 0.0277233 0.0235587 0.0190468 0.0142988 0.00941679 0.00451377 -0.000317267 -0.00495202 -0.00927623 -0.0132062 -0.0166965 -0.0197049 -0.0221994 -0.0241655 -0.0255993 -0.0265235 -0.0269709 -0.0269806 -0.02657 -0.0257919 -0.0246934 -0.0233146 -0.0216868 -0.0198216 -0.0176932 -0.0153213 -0.0127298 -0.00996551 -0.00712181 -0.00429314 -0.00159796 0.000802395 0.00274276 0.00406114 0.00460869 0.004322 0.00320146 0.00133673 -0.00111872 -0.00395974 -0.00697026 -0.00990685 -0.0125608 -0.0147581 -0.0163771 -0.017337 -0.0176519 -0.0173723 -0.0165964 -0.0154483 -0.0140607 -0.0125486 -0.0110355 -0.00959666 -0.00831136 -0.0072388 -0.00640972 -0.00584862 -0.00558466 -0.0055996 -0.00589685 -0.00646349 -0.00726832 -0.00827572 -0.009444 -0.0106911 -0.0119382 -0.0130643 -0.0139428 -0.0144394 -0.0144267 -0.0137956 -0.0125042 -0.0105386 -0.00795507 -0.00486365 -0.00143478 0.00214977 0.00567887 0.00895374 0.0117938 0.0140743 0.0157231 0.0167621 0.0172639 0.0173708 0.0172548 0.0170725 0.0169635 0.0170392 0.0173517 0.0179361 0.0187887 0.0198467 0.0210505 0.0223142 0.0235585 0.0247309 0.0257858 0.0266454 0.0272472 0.027508 0.0273644 0.026779 0.0257305 0.0241758 0.0220832 0.0194366 0.016245 0.0125552 0.00842878 0.00394004 -0.000839091 -0.00578454 -0.0107691 -0.0156784 -0.0203969 -0.0248105 -0.0288205 -0.0323083 -0.0351926 -0.0374375 -0.0390166 -0.0399133 -0.0401164 -0.039682 -0.0386649 -0.0371361 -0.0351852 -0.0328929 -0.0303648 -0.0277054 -0.0249964 -0.0222889 -0.0196408 -0.0171293 -0.0147954 -0.0126451 -0.0107074 -0.00900552 -0.0075357 -0.00627419 -0.00520294 -0.00431746 -0.00358587 -0.0029877 -0.00250372 -0.00211646 -0.00181885 -0.00158944 -0.00141674 -0.00128355 -0.00118924 -0.00113241 -0.00109114 -0.00106123 -0.00104243 -0.00103815 
0 1.90008e-05 4.58895e-05 8.91064e-05 0.000121308 0.000179242 0.000259459 0.000365369 0.000506564 0.000687169 0.000941401 0.00125023 0.00163915 0.00213148 0.00274128 0.00349096 0.00438594 0.00547027 0.00676279 0.00828027 0.0100361 0.012028 0.0142586 0.0167118 0.0193481 0.0221355 0.0250331 0.0279911 0.0309409 0.033779 0.0364506 0.0388526 0.0408947 0.0424889 0.0435505 0.0440516 0.0439186 0.0431302 0.041655 0.0395045 0.0367282 0.0333745 0.0295038 0.0252034 0.0205737 0.0157172 0.0107402 0.00571434 0.000764275 -0.00402136 -0.00852418 -0.0126706 -0.016414 -0.0197118 -0.0225229 -0.0248255 -0.0266043 -0.0278673 -0.0286544 -0.0289621 -0.0288343 -0.0282799 -0.0273413 -0.0260539 -0.0244496 -0.0225209 -0.0202913 -0.0177434 -0.0149196 -0.0118796 -0.0087007 -0.00551233 -0.00246674 0.000264639 0.0024726 0.00396101 0.00460142 0.00429743 0.00307517 0.00101726 -0.00170548 -0.00487113 -0.00820871 -0.0114986 -0.0144756 -0.0169306 -0.0187153 -0.019788 -0.0201242 -0.0198014 -0.0189157 -0.0176186 -0.0160431 -0.0143392 -0.0126114 -0.0109854 -0.00951986 -0.00828817 -0.00733871 -0.00671074 -0.00639332 -0.00641785 -0.00675846 -0.0073961 -0.00829721 -0.0094405 -0.0107471 -0.0121575 -0.0135554 -0.0148256 -0.0158059 -0.0163571 -0.0163239 -0.0156122 -0.0141267 -0.0118787 -0.00894006 -0.00545181 -0.00155026 0.00252656 0.00655404 0.0103058 0.0135914 0.0162419 0.0181999 0.0194495 0.0200991 0.0203089 0.0202555 0.0201199 0.0200592 0.0201628 0.0205054 0.02112 0.021981 0.0230632 0.0242715 0.0255189 0.0267149 0.0277933 0.0286807 0.0293388 0.0296735 0.0296387 0.0291701 0.0282386 0.0268259 0.0249117 0.0224682 0.0195 0.0160236 0.012079 0.00774446 0.00306202 -0.0018644 -0.00694292 -0.0120501 -0.0170778 -0.0219265 -0.0265027 -0.0306898 -0.0343912 -0.0375084 -0.0399896 -0.0418175 -0.0429436 -0.0433948 -0.043177 -0.0423553 -0.0409884 -0.0391359 -0.0368949 -0.0343487 -0.0316114 -0.0287657 -0.0258741 -0.0230113 -0.0202499 -0.0176352 -0.0152037 -0.0129738 -0.0109865 -0.00924513 -0.00773169 -0.00644775 -0.0053602 -0.00446766 -0.00372876 -0.00312623 -0.00264759 -0.00226001 -0.0019702 -0.00173578 -0.00156229 -0.00143716 -0.00134598 -0.00129072 -0.00123796 -0.00121327 -0.00119568 
0 2.72181e-05 6.95084e-05 0.000105241 0.000172245 0.000241948 0.000354366 0.000499347 0.000687169 0.000941388 0.00125169 0.00165899 0.00214944 0.00276763 0.00352294 0.00443717 0.00553709 0.00683733 0.00837982 0.010163 0.0121994 0.014472 0.0169822 0.0196886 0.0225648 0.0255617 0.0286296 0.0317112 0.0347026 0.0375485 0.040129 0.0423867 0.0442264 0.0455708 0.0463743 0.0465796 0.0461716 0.0451073 0.0433843 0.0410301 0.0380947 0.0346204 0.0307005 0.026378 0.0217634 0.0169429 0.0119925 0.00702109 0.00208373 -0.00269408 -0.00724659 -0.0115106 -0.0154231 -0.0189456 -0.0220443 -0.0246487 -0.0267754 -0.0284086 -0.0295564 -0.030244 -0.0304528 -0.0302042 -0.0295115 -0.028404 -0.0269022 -0.0250214 -0.022749 -0.0201109 -0.0171175 -0.0138478 -0.0103955 -0.00690202 -0.00353826 -0.000526895 0.00192394 0.00360084 0.00432968 0.00402868 0.00270516 0.00046066 -0.00250279 -0.0059566 -0.00963377 -0.0132034 -0.0164264 -0.0191108 -0.021083 -0.0222484 -0.0226152 -0.0222405 -0.0212607 -0.0198039 -0.0180376 -0.0161231 -0.014194 -0.0123602 -0.0107378 -0.00937468 -0.00832189 -0.00760349 -0.00724771 -0.00725129 -0.00760952 -0.00830963 -0.00933381 -0.0106015 -0.0120646 -0.0136299 -0.0151715 -0.016554 -0.0176296 -0.0182111 -0.018158 -0.0173291 -0.0156735 -0.0131945 -0.00992114 -0.00598387 -0.00162503 0.00294789 0.00748649 0.0117239 0.0154432 0.0184795 0.0207405 0.0222459 0.0230893 0.0234221 0.0234577 0.0233832 0.0233499 0.0234718 0.0238264 0.0244177 0.0252611 0.0262899 0.0274273 0.0285762 0.0296367 0.0305187 0.031173 0.0315165 0.0315177 0.0311112 0.0302552 0.0289495 0.0271498 0.0248662 0.0220943 0.0188317 0.0151261 0.0110338 0.00658122 0.00186373 -0.0030836 -0.0081491 -0.0132368 -0.0182549 -0.0230982 -0.0277021 -0.031954 -0.035761 -0.0390395 -0.0417287 -0.0437735 -0.045171 -0.045886 -0.045956 -0.0454057 -0.0442815 -0.0426468 -0.0405474 -0.0381004 -0.0353755 -0.0324778 -0.0294803 -0.0264687 -0.0235112 -0.0206675 -0.0179812 -0.0154857 -0.0132226 -0.0111964 -0.00943336 -0.00789672 -0.00660091 -0.00551192 -0.00460858 -0.00387621 -0.00326634 -0.00279552 -0.00240606 -0.00211225 -0.00188315 -0.00170862 -0.00159244 -0.00149087 -0.00143666 -0.00138609 -0.00136402 
0 5.36799e-05 0.000101266 0.000166662 0.000249017 0.000361326 0.000501685 0.00068759 0.000941401 0.00125169 0.00164912 0.00214555 0.00276425 0.00352655 0.00444283 0.00556378 0.00688948 0.00844777 0.0102611 0.0123233 0.0146408 0.0171822 0.0199393 0.0228727 0.0259276 0.0290768 0.0322381 0.0353329 0.0382865 0.0409977 0.0434035 0.0454003 0.0469441 0.0479808 0.048436 0.0483223 0.047587 0.0462423 0.0442892 0.041769 0.0387379 0.0352348 0.0313413 0.0271151 0.0226261 0.0179562 0.013198 0.00838996 0.00363043 -0.00103069 -0.00552843 -0.0098131 -0.0138212 -0.0175096 -0.0208234 -0.0237111 -0.0261602 -0.0281494 -0.0296973 -0.0307601 -0.0313644 -0.0314762 -0.0311031 -0.030268 -0.0289826 -0.0272141 -0.0250124 -0.0223383 -0.0192396 -0.0158145 -0.0121445 -0.0084058 -0.00480393 -0.00154207 0.00112102 0.00293586 0.00375873 0.00345898 0.00206211 -0.000341501 -0.00353247 -0.00725099 -0.0111645 -0.0150172 -0.0185029 -0.021376 -0.0234551 -0.024719 -0.0251061 -0.0246949 -0.023602 -0.0219913 -0.0200251 -0.017916 -0.0157739 -0.0137724 -0.0119822 -0.0104717 -0.00930461 -0.00852398 -0.00809874 -0.00809937 -0.00848689 -0.00924578 -0.0103511 -0.0117571 -0.0133567 -0.0150822 -0.0167545 -0.0182517 -0.0193873 -0.0199904 -0.0198985 -0.0190069 -0.0171674 -0.014403 -0.010783 -0.00647107 -0.0016312 0.00344432 0.00848256 0.013194 0.0173636 0.0207906 0.0234108 0.0251859 0.0262431 0.0267422 0.026869 0.026837 0.0268223 0.0269196 0.0272381 0.0277879 0.0285331 0.0294618 0.0304439 0.0313954 0.0322216 0.0328285 0.0331353 0.033122 0.0327023 0.031874 0.0306023 0.0288894 0.0267151 0.0240962 0.0210292 0.0175384 0.013676 0.0094904 0.00504342 0.000365983 -0.00445925 -0.00938841 -0.0143331 -0.0192053 -0.0239278 -0.0284444 -0.0326417 -0.036468 -0.039837 -0.0426777 -0.0449528 -0.0465996 -0.0476356 -0.0480198 -0.0477965 -0.0469981 -0.0456402 -0.0438004 -0.0415353 -0.0389302 -0.0360726 -0.0330488 -0.0299632 -0.0268733 -0.023847 -0.0209575 -0.0182256 -0.015707 -0.0134183 -0.0113834 -0.0096062 -0.00806098 -0.00676281 -0.00566644 -0.00475933 -0.0040175 -0.00340847 -0.00292854 -0.0025389 -0.00224503 -0.00202012 -0.00184473 -0.00172416 -0.0016337 -0.00158168 -0.0015448 
0 7.0254e-05 0.000141525 0.000214635 0.00034513 0.000489938 0.000680929 0.000926484 0.00125023 0.00165899 0.00214555 0.00277529 0.00354007 0.00447125 0.00558092 0.00691803 0.00849856 0.0103193 0.0124069 0.0147413 0.0173211 0.0201032 0.0230799 0.0261836 0.0293736 0.0325947 0.0357598 0.0387875 0.0415763 0.0440857 0.0462001 0.0478713 0.0490547 0.0497076 0.0497952 0.0493007 0.048237 0.046609 0.0444508 0.0418165 0.038755 0.035288 0.0315207 0.027468 0.0232084 0.0188053 0.0143133 0.00979772 0.00527889 0.000835189 -0.00351424 -0.00772566 -0.0117269 -0.0154808 -0.0189577 -0.0220681 -0.0248218 -0.0271681 -0.0290808 -0.0305435 -0.0315327 -0.0320363 -0.0320413 -0.0315547 -0.0305552 -0.0290203 -0.0269409 -0.024325 -0.0211972 -0.0176772 -0.0138722 -0.00997015 -0.00618043 -0.0027562 5.73624e-05 0.00200127 0.00288108 0.0025812 0.00111136 -0.00142471 -0.00478934 -0.00872479 -0.012909 -0.0169751 -0.0206476 -0.0237035 -0.0259305 -0.0272372 -0.0276103 -0.0271182 -0.0259186 -0.0241575 -0.0220294 -0.0197334 -0.0174068 -0.0151994 -0.0132393 -0.0115778 -0.0102936 -0.00941883 -0.00896684 -0.00896048 -0.00937801 -0.0101956 -0.0114023 -0.0129007 -0.0146208 -0.0164661 -0.0182678 -0.0198719 -0.0210987 -0.0217269 -0.0215969 -0.0205552 -0.0185236 -0.0155202 -0.0115687 -0.00681802 -0.00153834 0.00401527 0.00955364 0.0147565 0.0193819 0.0232284 0.0261977 0.0282879 0.0295944 0.0302544 0.0304827 0.0304836 0.0304368 0.0304725 0.0307066 0.0311312 0.0317457 0.0324784 0.0332221 0.0338807 0.0343689 0.0345934 0.0345096 0.0340591 0.0332124 0.0319389 0.0302282 0.0281128 0.0255625 0.0226318 0.0193338 0.0156825 0.0117442 0.0075755 0.00319114 -0.00132246 -0.00595047 -0.0106343 -0.0153244 -0.0199586 -0.0244558 -0.0287851 -0.0328418 -0.0365878 -0.0399673 -0.0429127 -0.0453573 -0.0472775 -0.0486189 -0.0493653 -0.0495127 -0.0490798 -0.0480906 -0.0465693 -0.0446006 -0.0422111 -0.0394987 -0.0365513 -0.0334719 -0.0303204 -0.0271744 -0.0241196 -0.0211907 -0.0184392 -0.0158869 -0.0135931 -0.0115387 -0.00974526 -0.00820179 -0.0068892 -0.00579824 -0.00488211 -0.00415011 -0.00353901 -0.00306071 -0.00268516 -0.00238813 -0.0021665 -0.0019868 -0.00188145 -0.00179384 -0.0017424 
0 9.75708e-05 0.00018714 0.000296505 0.000463129 0.000663397 0.000906857 0.00122165 0.00163915 0.00214944 0.00276425 0.00354007 0.00448595 0.00561715 0.00694862 0.00853608 0.0103825 0.0124757 0.0148282 0.0174149 0.0202261 0.0232133 0.0263517 0.0295776 0.0328228 0.0360398 0.0391216 0.0419769 0.0445319 0.0467296 0.0484953 0.0497623 0.0505226 0.0507554 0.0504241 0.0495546 0.0481632 0.0462913 0.0439822 0.0412912 0.0382568 0.0349013 0.0313116 0.0275183 0.0235633 0.0194948 0.0153609 0.0111787 0.00698312 0.00281428 -0.00131117 -0.0053583 -0.0092654 -0.0130098 -0.0165572 -0.0198403 -0.0228361 -0.0254849 -0.0277526 -0.0295872 -0.0309842 -0.0319044 -0.0323155 -0.0322083 -0.0315439 -0.0302696 -0.0284065 -0.0259309 -0.0228826 -0.0193818 -0.0155328 -0.0115379 -0.00764024 -0.00409395 -0.00118518 0.00080719 0.00170498 0.00138166 -0.000153946 -0.0028012 -0.00632191 -0.0104402 -0.0148074 -0.0190904 -0.022964 -0.0261486 -0.0284341 -0.0297732 -0.0301226 -0.0295618 -0.028247 -0.0263426 -0.0240399 -0.0215624 -0.0190409 -0.0166529 -0.0145125 -0.0126934 -0.0112859 -0.010336 -0.00983284 -0.00982698 -0.0102775 -0.0111529 -0.0124295 -0.0140278 -0.0158533 -0.017818 -0.0197267 -0.0214256 -0.0227084 -0.0233479 -0.0231685 -0.022028 -0.0197908 -0.016485 -0.0121836 -0.00705689 -0.00133098 0.00470196 0.0107327 0.0164264 0.0215266 0.0258083 0.0291627 0.0315534 0.0330875 0.0339137 0.0342291 0.0342535 0.0341696 0.0341019 0.0341778 0.0344022 0.0347545 0.035199 0.0356069 0.0358926 0.0359794 0.0357764 0.0352351 0.0343337 0.0330214 0.0313003 0.0291693 0.0266603 0.0237786 0.0205872 0.0171166 0.0133911 0.00946663 0.0053816 0.00116084 -0.00314188 -0.00748327 -0.0118468 -0.0162009 -0.0205012 -0.0247025 -0.0287732 -0.0326239 -0.0362361 -0.0395649 -0.0425458 -0.0451261 -0.0472587 -0.0489074 -0.0500078 -0.0505491 -0.0505315 -0.0499466 -0.0488335 -0.0472303 -0.0451613 -0.042695 -0.0399176 -0.0369323 -0.0337885 -0.0305803 -0.027411 -0.0243228 -0.0213707 -0.0185883 -0.0160374 -0.0137262 -0.0116667 -0.00987356 -0.00832633 -0.00701903 -0.00592373 -0.00502319 -0.00427898 -0.00367636 -0.00320299 -0.00282551 -0.00252724 -0.00230296 -0.00215146 -0.00204056 -0.00196295 
0 0.000131362 0.000255105 0.000406785 0.00062617 0.000889132 0.00120285 0.00160569 0.00213148 0.00276763 0.00352655 0.00447125 0.00561715 0.00697221 0.00855119 0.0104019 0.0125217 0.0148847 0.0174903 0.0203131 0.02333 0.026485 0.0297382 0.0330154 0.0362403 0.0393536 0.042248 0.0448354 0.0470579 0.0488758 0.0502225 0.0510438 0.0513492 0.051138 0.0503957 0.049162 0.0474795 0.0454037 0.0429864 0.0402817 0.0373208 0.0341265 0.0307804 0.0273058 0.023719 0.0200424 0.016302 0.0125037 0.00867093 0.00483524 0.00100088 -0.0028102 -0.00655041 -0.0102065 -0.0137539 -0.0171264 -0.02029 -0.0231792 -0.0257437 -0.0279272 -0.0297105 -0.031039 -0.03186 -0.0321446 -0.0318397 -0.0308919 -0.0293089 -0.0270669 -0.0241951 -0.0208039 -0.0170077 -0.0130198 -0.00910299 -0.00553645 -0.00261474 -0.000621477 0.000250507 -0.000125288 -0.00174495 -0.00450475 -0.00816842 -0.0124527 -0.0169926 -0.0214227 -0.0254155 -0.0286959 -0.0310464 -0.0323951 -0.032708 -0.0320689 -0.0306372 -0.0285809 -0.0261025 -0.0234281 -0.0207093 -0.0181315 -0.015824 -0.0138649 -0.0123441 -0.0113068 -0.0107527 -0.0107234 -0.0111861 -0.0121094 -0.0134649 -0.015161 -0.0170943 -0.0191596 -0.0211609 -0.0229274 -0.0242463 -0.024878 -0.0246309 -0.0233509 -0.0209182 -0.0173517 -0.0127135 -0.00717624 -0.000998307 0.00551399 0.0120378 0.0182241 0.0237931 0.0285043 0.0322307 0.0349331 0.0367017 0.0376784 0.0380653 0.0380819 0.0379135 0.0376926 0.0375427 0.0374769 0.0374858 0.0375387 0.037527 0.0373722 0.037003 0.0363316 0.0353141 0.0339357 0.0321651 0.0300152 0.0275013 0.0246578 0.0215032 0.0181134 0.0145347 0.0108003 0.0069598 0.00303523 -0.000965006 -0.00499299 -0.00901141 -0.0130119 -0.016981 -0.0208973 -0.0247402 -0.0284922 -0.0320848 -0.0355101 -0.0387363 -0.0417019 -0.0443576 -0.0466637 -0.0485763 -0.0500199 -0.0509578 -0.0513655 -0.0512186 -0.0505421 -0.0493596 -0.0476751 -0.0455392 -0.0430296 -0.0402326 -0.0371929 -0.0340077 -0.0307925 -0.0276035 -0.0244963 -0.0215174 -0.0187345 -0.0161705 -0.0138485 -0.0117899 -0.00998828 -0.00844394 -0.0071383 -0.00605199 -0.00514551 -0.00440532 -0.00381723 -0.00334378 -0.0029638 -0.00267523 -0.0024744 -0.00232455 -0.00221743 
0 0.000182412 0.000363514 0.000570049 0.000858975 0.00119251 0.00159174 0.00209702 0.00274128 0.00352294 0.00444283 0.00558092 0.00694862 0.00855119 0.0103988 0.012521 0.014916 0.0175399 0.0203813 0.0234141 0.0265978 0.0298679 0.0331705 0.0364149 0.0395319 0.0424418 0.0450521 0.0472888 0.0490993 0.0504811 0.0513543 0.0517007 0.0515369 0.0508842 0.0497668 0.0482142 0.0463029 0.0440809 0.0416066 0.0389307 0.0360821 0.0330853 0.0300213 0.0268919 0.0236979 0.0204392 0.0171136 0.0137419 0.0103112 0.00685351 0.00334904 -0.000191549 -0.00372873 -0.00724367 -0.0107232 -0.0140952 -0.0173328 -0.020377 -0.023158 -0.0256373 -0.027757 -0.0294598 -0.0306724 -0.0313475 -0.0314153 -0.030838 -0.02958 -0.0276368 -0.0250163 -0.0218164 -0.0181707 -0.0142972 -0.0104632 -0.00697823 -0.00413516 -0.00221354 -0.00143195 -0.00190235 -0.00363573 -0.00652145 -0.0103221 -0.0147375 -0.0194174 -0.0239562 -0.0280356 -0.0313778 -0.0337685 -0.0351002 -0.0353723 -0.0346464 -0.0330861 -0.0308606 -0.0281996 -0.0253192 -0.0224114 -0.0196462 -0.0171764 -0.0150768 -0.0134426 -0.0123084 -0.0117029 -0.0116384 -0.0121051 -0.0130632 -0.0144863 -0.0162659 -0.0183055 -0.0204604 -0.0225463 -0.0243569 -0.0256816 -0.0262736 -0.0259466 -0.0245118 -0.0218779 -0.0180437 -0.0130714 -0.00712714 -0.000510243 0.00648284 0.0134968 0.0201679 0.0261918 0.031326 0.0354112 0.0384195 0.0404091 0.0415118 0.0419369 0.0418939 0.0415725 0.0411283 0.040676 0.0402377 0.0398309 0.0394084 0.0389079 0.0382549 0.0373875 0.036222 0.0347242 0.0328637 0.0306553 0.0281102 0.0252719 0.0221786 0.0188452 0.0153481 0.0117382 0.00805231 0.00434126 0.000622776 -0.00311883 -0.00682421 -0.0104898 -0.0140959 -0.0176506 -0.0211527 -0.0245974 -0.0279879 -0.0312853 -0.0344882 -0.037578 -0.0404936 -0.0431749 -0.045608 -0.0477247 -0.0494729 -0.0507821 -0.0516048 -0.0519111 -0.0516882 -0.0509641 -0.0497115 -0.0479723 -0.0458124 -0.0432916 -0.0404515 -0.0373803 -0.0341951 -0.0309706 -0.0277626 -0.0246324 -0.0216572 -0.018862 -0.0162951 -0.013969 -0.0119025 -0.0101044 -0.00855866 -0.00726312 -0.00616063 -0.0052613 -0.00453536 -0.00394612 -0.0034748 -0.00310361 -0.00285009 -0.00265283 -0.00251965 
0 0.000245953 0.000485145 0.000773185 0.00112871 0.00156102 0.00206351 0.00269499 0.00349096 0.00443717 0.00556378 0.00691803 0.00853608 0.0104019 0.012521 0.0149132 0.0175631 0.0204218 0.0234647 0.0266594 0.0299499 0.0332705 0.0365294 0.0396639 0.0425709 0.0451967 0.0474516 0.0492649 0.0506377 0.0515238 0.0519164 0.051772 0.0511477 0.0500955 0.0486354 0.0468354 0.0447448 0.0424311 0.0399489 0.0373456 0.0346445 0.0318942 0.0291184 0.0263505 0.023542 0.0206859 0.0177945 0.0148392 0.0118417 0.00877062 0.00561261 0.00237115 -0.000919424 -0.00424636 -0.00756853 -0.0108734 -0.0141001 -0.0172072 -0.0201368 -0.0228124 -0.025197 -0.0272103 -0.0287714 -0.0298147 -0.0302708 -0.0300551 -0.0291626 -0.0275415 -0.0252237 -0.0222946 -0.0188964 -0.0152385 -0.0116178 -0.00830985 -0.00563945 -0.00389291 -0.00326948 -0.00389491 -0.00578475 -0.00881401 -0.012756 -0.0172954 -0.0220556 -0.0266957 -0.0308587 -0.0342306 -0.0366144 -0.0379322 -0.0381312 -0.0372963 -0.0355846 -0.033196 -0.0303432 -0.0272735 -0.0241708 -0.0212275 -0.0185746 -0.0163278 -0.0145627 -0.0133402 -0.0126671 -0.0125772 -0.0130422 -0.0140367 -0.0154981 -0.0173489 -0.01946 -0.0216954 -0.0238388 -0.0256898 -0.0270048 -0.0275414 -0.0270872 -0.0255029 -0.0226467 -0.0185098 -0.0131975 -0.00689205 0.000168203 0.00762812 0.0151162 0.0222574 0.0287181 0.0342473 0.0386849 0.041963 0.0441424 0.0453558 0.0457661 0.0456041 0.0450589 0.0443011 0.043458 0.04259 0.0416846 0.0407492 0.0397023 0.0385044 0.0371044 0.0354381 0.0334581 0.0311721 0.0285649 0.0256927 0.0226068 0.0193285 0.0159109 0.0123877 0.0088169 0.00524274 0.00170611 -0.00178549 -0.00521437 -0.00858809 -0.0118602 -0.0150649 -0.018208 -0.0212897 -0.0243431 -0.0273523 -0.030326 -0.0332735 -0.0361841 -0.038999 -0.041673 -0.0441575 -0.0464361 -0.0484197 -0.0500567 -0.0512792 -0.0520178 -0.0522827 -0.0520274 -0.0512561 -0.0499658 -0.0482176 -0.0460572 -0.0435008 -0.0406366 -0.0375636 -0.0343709 -0.03112 -0.0278917 -0.0247558 -0.021772 -0.0189705 -0.0163939 -0.0140616 -0.0119926 -0.0102048 -0.0086614 -0.00735903 -0.0062681 -0.00538721 -0.00467044 -0.00407726 -0.00362849 -0.00328865 -0.00305039 -0.00288031 
0 0.000319779 0.000647856 0.0010158 0.00147265 0.0020079 0.00264282 0.00342507 0.00438594 0.00553709 0.00688948 0.00849856 0.0103825 0.0125217 0.014916 0.0175631 0.0204429 0.0235046 0.0266997 0.0300005 0.0333291 0.0366067 0.0397479 0.0426581 0.0452865 0.0475446 0.0493807 0.0507472 0.051622 0.0520235 0.0519044 0.0512976 0.0502522 0.0488351 0.0471095 0.0451033 0.0428957 0.040541 0.0380999 0.0356166 0.0331164 0.03062 0.028164 0.0257294 0.023292 0.0208349 0.0183357 0.015808 0.0132079 0.010518 0.00771181 0.0047926 0.00178759 -0.00127363 -0.00439955 -0.00755141 -0.0107028 -0.0138072 -0.0167744 -0.0195753 -0.02213 -0.0243759 -0.0262329 -0.0276044 -0.0283911 -0.0285471 -0.0279854 -0.0267164 -0.0247491 -0.0221548 -0.0190905 -0.0157655 -0.0124399 -0.00943832 -0.0070544 -0.00555709 -0.00518488 -0.00604038 -0.00813055 -0.0113308 -0.0154226 -0.0200876 -0.0249791 -0.0296789 -0.0338637 -0.0372611 -0.039656 -0.0408875 -0.0409934 -0.0400406 -0.0381814 -0.0356162 -0.0325953 -0.0293161 -0.0260204 -0.0228744 -0.0200444 -0.0176329 -0.0157377 -0.0144004 -0.0136765 -0.0135445 -0.0140092 -0.0150174 -0.0165207 -0.018415 -0.0205872 -0.0228511 -0.0250405 -0.0268962 -0.0281817 -0.0286519 -0.0280874 -0.0262785 -0.0231812 -0.0187745 -0.0131261 -0.00640635 0.00106233 0.00895757 0.0168854 0.0244651 0.0313361 0.0372304 0.0419578 0.0454824 0.0478177 0.0490723 0.0494344 0.0490929 0.0482523 0.0471151 0.0458083 0.0444155 0.0429844 0.0414662 0.0398566 0.0381002 0.0361595 0.0340005 0.0315963 0.0289195 0.0260159 0.022896 0.0196304 0.0162584 0.0128068 0.00933209 0.00587227 0.00246683 -0.000849529 -0.00406693 -0.00719257 -0.0101941 -0.0130944 -0.0158946 -0.018635 -0.0213374 -0.024008 -0.0266592 -0.0293049 -0.0319683 -0.0346596 -0.0373349 -0.0399339 -0.0424425 -0.0447979 -0.0469692 -0.0488724 -0.0504319 -0.0516024 -0.0523186 -0.0525664 -0.0522865 -0.0514834 -0.0501997 -0.0484462 -0.0462574 -0.0436783 -0.0408037 -0.0377235 -0.0345006 -0.0312306 -0.0279937 -0.0248514 -0.0218629 -0.019053 -0.01647 -0.0141423 -0.012084 -0.0102983 -0.00875142 -0.00745979 -0.00639313 -0.0055163 -0.0048037 -0.00423583 -0.00382508 -0.00351727 -0.0033167 
0 0.000419871 0.000848232 0.00133621 0.00189971 0.0025734 0.00336005 0.00431466 0.00547027 0.00683733 0.00844777 0.0103193 0.0124757 0.0148847 0.0175399 0.0204218 0.0235046 0.0267275 0.030036 0.0333781 0.0366668 0.039829 0.0427431 0.0453664 0.0476177 0.0494538 0.0508256 0.0516867 0.0520706 0.0519443 0.0513532 0.0503104 0.0488968 0.0471938 0.0452458 0.0431108 0.0408403 0.0385049 0.0361661 0.0338527 0.0315672 0.0293533 0.0271774 0.0250715 0.0229777 0.0208818 0.0187762 0.0166194 0.0144087 0.0120779 0.00962087 0.00704136 0.00435653 0.00156738 -0.0012983 -0.00426802 -0.00727094 -0.0102716 -0.0132054 -0.0160213 -0.0186686 -0.0210755 -0.0231481 -0.0247673 -0.0258448 -0.0262884 -0.0260665 -0.0251447 -0.0235565 -0.0213544 -0.018695 -0.0157621 -0.0128525 -0.0102372 -0.00824189 -0.00712862 -0.0070917 -0.00823657 -0.0105887 -0.0140077 -0.0182907 -0.0231053 -0.0280853 -0.0328866 -0.0371311 -0.0404964 -0.0428148 -0.0439897 -0.0439956 -0.0429191 -0.040909 -0.0381834 -0.0349582 -0.0314765 -0.0279677 -0.0246198 -0.0215858 -0.0190197 -0.0169816 -0.0155412 -0.0147307 -0.0145509 -0.014988 -0.016017 -0.0175364 -0.0194669 -0.0216664 -0.0239595 -0.0261378 -0.0279703 -0.0291942 -0.0295639 -0.0288401 -0.0268718 -0.0235312 -0.0187841 -0.012775 -0.00570908 0.00216407 0.0104665 0.018794 0.0267608 0.0339802 0.0401906 0.045189 0.048884 0.0512988 0.0525533 0.0527831 0.0522139 0.0510342 0.0494588 0.0476301 0.0456792 0.0436359 0.0415325 0.0393391 0.0370407 0.0345991 0.0319975 0.0292039 0.0262297 0.0230862 0.0198169 0.016475 0.0130728 0.00968037 0.0063059 0.00301006 -0.000173396 -0.00323157 -0.00617076 -0.00896305 -0.0116387 -0.0141619 -0.0165865 -0.0189509 -0.0212792 -0.0236148 -0.0259272 -0.0282696 -0.0306549 -0.0331049 -0.0355977 -0.0380964 -0.0405539 -0.0429571 -0.0452351 -0.0473354 -0.0491798 -0.0506979 -0.051859 -0.0525628 -0.0527899 -0.0524869 -0.0516861 -0.0503946 -0.0486187 -0.04641 -0.0438191 -0.0409426 -0.037838 -0.034605 -0.0313236 -0.0280842 -0.0249374 -0.0219344 -0.0191232 -0.0165393 -0.0142256 -0.012164 -0.0103775 -0.00884773 -0.00757401 -0.00652179 -0.00565225 -0.0049774 -0.00445617 -0.0040892 -0.0038428 
0 0.000536077 0.00109538 0.00171498 0.00242187 0.00325213 0.00422588 0.00538665 0.00676279 0.00837982 0.0102611 0.0124069 0.0148282 0.0174903 0.0203813 0.0234647 0.0266997 0.030036 0.0333843 0.0366922 0.0398606 0.0428098 0.0454391 0.0476868 0.0495233 0.050884 0.0517504 0.0520997 0.0519578 0.0513462 0.0503027 0.0488962 0.0471907 0.0452631 0.0431742 0.0409667 0.0386996 0.0364428 0.0342458 0.032119 0.0300625 0.028094 0.0262029 0.0243867 0.0226143 0.0208587 0.0190836 0.0172739 0.015403 0.0134152 0.0113076 0.00907417 0.00671044 0.00422861 0.00162251 -0.00110355 -0.00390442 -0.00674144 -0.00954664 -0.0123039 -0.0149452 -0.0173992 -0.019585 -0.0213649 -0.0226433 -0.0233625 -0.0234363 -0.0228593 -0.0216477 -0.0198407 -0.0176033 -0.0151362 -0.0127036 -0.0105997 -0.00910728 -0.00845669 -0.00884931 -0.0103831 -0.0130594 -0.0167512 -0.0212665 -0.0262704 -0.0313971 -0.0362598 -0.0405096 -0.0438803 -0.0461826 -0.0472621 -0.0471596 -0.0459596 -0.0437886 -0.0408749 -0.0374611 -0.0337577 -0.0300341 -0.0264771 -0.0232512 -0.0205016 -0.0183108 -0.0167404 -0.0158458 -0.0156011 -0.0160065 -0.0170134 -0.0185328 -0.020475 -0.0226889 -0.0249655 -0.0271284 -0.0289028 -0.0300266 -0.0302717 -0.0293826 -0.0271635 -0.0235629 -0.0185479 -0.0122173 -0.00477437 0.00347061 0.0121353 0.0208045 0.0290953 0.0366123 0.0430677 0.0482504 0.0520727 0.0545195 0.0556846 0.0557267 0.0548486 0.0532712 0.051226 0.0488601 0.0463231 0.0436888 0.0409688 0.0382054 0.0353837 0.0324768 0.0294921 0.0263966 0.0231858 0.019907 0.0165725 0.0132322 0.0099023 0.00661542 0.00340083 0.000302906 -0.00263642 -0.00541499 -0.00804946 -0.0105312 -0.0128757 -0.01508 -0.0171634 -0.0191815 -0.0211798 -0.0231832 -0.0251938 -0.0272496 -0.0293669 -0.0315707 -0.0338605 -0.0362098 -0.0385913 -0.0409737 -0.0433137 -0.0455422 -0.0475842 -0.0493997 -0.0509136 -0.0520527 -0.0527522 -0.0529561 -0.0526665 -0.0518606 -0.0505625 -0.0487793 -0.046556 -0.0439678 -0.041067 -0.0379496 -0.0346937 -0.0314055 -0.0281516 -0.0249883 -0.0219806 -0.0191699 -0.0165989 -0.01428 -0.0122321 -0.0104624 -0.00895898 -0.00770405 -0.00667512 -0.00585665 -0.00523051 -0.00477532 -0.00448075 
