0 0 0 0 0 0 0 0 0 0 0 0 0 0 0 0 0 0 0 0 0 0 0 0 0 0 0 0 0 0 0 0 0 0 0 0 0 0 0 0 0 0 0 0 0 0 0 0 0 0 0 0 0 0 0 0 0 0 0 0 0 0 0 0 0 0 0 0 0 0 0 0 0 0 0 0 0 0 0 0 0 0 0 0 0 0 0 0 0 0 0 0 0 0 0 0 0 0 0 0 0 0 0 0 0 0 0 0 0 0 0 0 0 0 0 0 0 0 0 0 0 0 0 0 0 0 0 0 0 0 0 0 0 0 0 0 0 0 0 0 0 0 0 0 0 0 0 0 0 0 0 0 0 0 0 0 0 0 0 0 0 0 0 0 0 0 0 0 0 0 0 0 0 0 0 0 0 0 0 0 0 0 0 0 0 0 0 0 0 0 0 0 0 0 0 0 0 0 0 0 
0 -2.10962e-06 2.23413e-06 7.02819e-06 7.44732e-06 9.65024e-06 1.32458e-05 2.00049e-05 2.19476e-05 2.78622e-05 3.47812e-05 4.18153e-05 4.90041e-05 5.13214e-05 5.77591e-05 5.68356e-05 6.52701e-05 6.83861e-05 6.61441e-05 6.47829e-05 6.22176e-05 7.20693e-05 6.66349e-05 7.20601e-05 8.40426e-05 9.83063e-05 0.000111954 0.000120652 0.000147751 0.000177283 0.000215267 0.000262379 0.00032007 0.000387751 0.000482661 0.000594296 0.000728829 0.000884396 0.00107084 0.00130155 0.0015471 0.00184379 0.00217316 0.00254806 0.00297282 0.00343777 0.00393528 0.00445024 0.00497888 0.00551232 0.00603106 0.00651986 0.00698096 0.00737464 0.00771797 0.00798494 0.00815801 0.0082161 0.00814704 0.00792636 0.00754987 0.00701605 0.00631228 0.00544111 0.00440372 0.00321612 0.00189723 0.000502113 -0.000929946 -0.00232299 -0.00363082 -0.00478534 -0.00575372 -0.00650603 -0.00703319 -0.00733246 -0.00743594 -0.00734606 -0.0071052 -0.0067465 -0.00628839 -0.00576946 -0.00522553 -0.00467135 -0.00413931 -0.00364211 -0.00318077 -0.00277618 -0.00241459 -0.00208381 -0.00178595 -0.00153148 -0.00131338 -0.00112208 -0.000947248 -0.000811272 -0.000689785 -0.000573603 -0.000476004 -0.000389081 -0.000286028 -0.000198805 -0.000116977 -2.98695e-05 5.26734e-05 0.000124049 0.000207962 0.000295552 0.000387508 0.00047673 0.000581716 0.000700258 0.000811279 0.000911168 0.00101806 0.00111629 0.00121867 0.00133209 0.00144308 0.00156462 0.00169472 0.00181612 0.00194567 0.00209309 0.00224821 0.00243752 0.00264976 0.00287421 0.00308944 0.00327063 0.00336826 0.00336417 0.00321884 0.00292356 0.00245686 0.00183405 0.00105258 0.000143286 -0.000862313 -0.00191357 -0.00296304 -0.00395361 -0.00483715 -0.00557995 -0.00615699 -0.00655322 -0.00676757 -0.00683101 -0.0067367 -0.00653825 -0.00624714 -0.00587742 -0.00545059 -0.00498719 -0.00449541 -0.00400814 -0.00353239 -0.00308376 -0.00266657 -0.0022784 -0.00195011 -0.00164755 -0.00138989 -0.00116301 -0.000961493 -0.000790335 -0.000651567 -0.000542385 -0.000450215 -0.000374908 -0.000321537 -0.000289298 -0.000257427 -0.00024315 -0.000225308 -0.000215016 -0.0002081 -0.000202032 -0.000200228 -0.000186494 -0.000188401 -0.000188784 -0.000186738 -0.000179183 -0.00017833 -0.00018781 -0.000188912 -0.000188452 -0.000186996 -0.00019187 -0.000189287 -0.000186867 -0.000187811 -0.000191254 -0.000192725 -0.000186319 -0.000186524 -0.000185622 -0.000188151 -0.000187686 
0 2.23413e-06 9.84818e-06 2.44181e-05 2.18703e-05 3.0559e-05 3.64076e-05 4.78888e-05 5.41394e-05 5.50041e-05 7.1689e-05 7.36679e-05 8.71173e-05 9.01965e-05 9.32728e-05 0.000102692 0.000106244 0.000127775 0.000124761 0.000130115 0.000145234 0.000156232 0.000167788 0.000165071 0.000192506 0.000217825 0.000230766 0.000256368 0.000293452 0.000356669 0.000429086 0.000523499 0.000645295 0.000789459 0.000981548 0.00121907 0.00148787 0.00180279 0.00218682 0.00263396 0.0031462 0.0037278 0.0043949 0.00514782 0.00598685 0.00691681 0.0078991 0.00891347 0.00995931 0.0110089 0.0120179 0.0129876 0.0138629 0.01463 0.0152774 0.015773 0.0160993 0.0162028 0.0160631 0.0156495 0.0149227 0.0138807 0.0125181 0.0107868 0.00874726 0.0064009 0.00380016 0.00105535 -0.00174302 -0.00449446 -0.00705429 -0.00934145 -0.0112758 -0.0127846 -0.0138554 -0.0144902 -0.0147113 -0.0145559 -0.0141027 -0.0133874 -0.0124912 -0.0114886 -0.0104299 -0.00934706 -0.00832369 -0.00734348 -0.00643887 -0.00561648 -0.00486745 -0.0042019 -0.00365013 -0.00312882 -0.00267061 -0.00229503 -0.00196845 -0.00166427 -0.00141772 -0.00118635 -0.000976224 -0.000775171 -0.000598686 -0.000425572 -0.000251114 -7.53069e-05 7.61792e-05 0.000259018 0.000433343 0.000592079 0.000780121 0.00100302 0.00119428 0.00140545 0.00162331 0.00184386 0.00206559 0.0022866 0.00248433 0.0027036 0.00291135 0.00312084 0.00333726 0.00357027 0.00380875 0.00408301 0.00439023 0.00474528 0.00513979 0.00556524 0.00596334 0.0062914 0.00649232 0.00647868 0.00621892 0.00567074 0.0047857 0.00358245 0.00208145 0.000288206 -0.00167259 -0.00373837 -0.00580365 -0.00774315 -0.00947642 -0.0109457 -0.0120791 -0.0128744 -0.013323 -0.0134548 -0.0133092 -0.0129291 -0.0123788 -0.01167 -0.0108438 -0.00994139 -0.00899372 -0.00803047 -0.00710532 -0.00621942 -0.00538199 -0.00462229 -0.00394565 -0.00334871 -0.00282543 -0.00236958 -0.00197159 -0.00162988 -0.00135131 -0.0011357 -0.000941219 -0.00078321 -0.000670382 -0.00058053 -0.000521608 -0.000468401 -0.000437012 -0.000413624 -0.000393991 -0.000399527 -0.000385156 -0.000377746 -0.000378773 -0.000385222 -0.000388972 -0.000367742 -0.000372432 -0.000379733 -0.000380544 -0.000375595 -0.00037028 -0.000381915 -0.000377141 -0.000373667 -0.000375736 -0.000381707 -0.00038492 -0.000375929 -0.000374794 -0.00037557 -0.000376772 -0.000374763 
0 7.02819e-06 2.44181e-05 4.22972e-05 4.73501e-05 5.48522e-05 6.57056e-05 8.11092e-05 8.13752e-05 8.66257e-05 9.44706e-05 0.000103559 0.000116231 0.000120748 0.000136284 0.000138074 0.000162552 0.000180558 0.000189361 0.000204709 0.000219978 0.000258285 0.000256105 0.000270797 0.000301479 0.000337219 0.000370782 0.000396646 0.000468004 0.000553206 0.000665138 0.000810786 0.000996808 0.00122334 0.00153006 0.00189132 0.00231689 0.00280507 0.00338333 0.0040827 0.00484015 0.00573596 0.00673263 0.00785608 0.00911253 0.010476 0.0119191 0.0134021 0.0149139 0.0164279 0.017891 0.0192607 0.0205283 0.0215988 0.0225054 0.0231914 0.0236199 0.0237432 0.0235337 0.0229269 0.0218952 0.0204157 0.0184393 0.015956 0.012976 0.00955137 0.0057561 0.00175125 -0.00234293 -0.00633297 -0.010093 -0.0134552 -0.0163244 -0.0186065 -0.0202549 -0.0212431 -0.0216347 -0.0214459 -0.0207989 -0.0197996 -0.0185242 -0.017085 -0.0155748 -0.0140308 -0.0125286 -0.0110959 -0.0097441 -0.00853009 -0.00743368 -0.00643809 -0.00555389 -0.00479501 -0.00414113 -0.00356435 -0.0030336 -0.00259413 -0.002196 -0.00181932 -0.0014976 -0.00121401 -0.000908887 -0.000646401 -0.000396496 -0.000128812 0.000137068 0.000390551 0.000677034 0.000969922 0.00126755 0.00155198 0.00186183 0.00220357 0.00253766 0.0028591 0.0032047 0.00352999 0.00384642 0.0041592 0.00443157 0.00469955 0.0049746 0.0052378 0.00553954 0.00590768 0.00631341 0.00680434 0.00734438 0.00790482 0.00843788 0.00889189 0.00915576 0.00917463 0.00883842 0.00809558 0.00686669 0.00516815 0.0029942 0.000427755 -0.00242375 -0.00541134 -0.00839383 -0.0112127 -0.0137411 -0.0158906 -0.0175897 -0.018795 -0.0194962 -0.0197584 -0.019574 -0.0190736 -0.0182996 -0.017296 -0.0161233 -0.0148384 -0.013468 -0.0120915 -0.0107337 -0.00943165 -0.00820053 -0.00704682 -0.00604671 -0.005132 -0.00434728 -0.00366101 -0.00305708 -0.0025435 -0.0021216 -0.00178013 -0.0014836 -0.00123297 -0.00104309 -0.000910897 -0.000792647 -0.000723639 -0.000658952 -0.000621051 -0.00059932 -0.000586896 -0.000583606 -0.000555994 -0.000566469 -0.000576677 -0.000579586 -0.000565098 -0.000563534 -0.000581402 -0.000576967 -0.000568759 -0.000563103 -0.000575673 -0.000570571 -0.000562074 -0.000559919 -0.000564929 -0.00056843 -0.00055812 -0.00056247 -0.000562548 -0.000566937 -0.000561484 
0 7.44732e-06 2.18703e-05 4.73501e-05 4.72213e-05 6.09484e-05 7.5899e-05 9.8027e-05 0.000110719 0.000114851 0.000138976 0.000146676 0.000169101 0.000179586 0.000190355 0.000206463 0.000216648 0.000247135 0.000248247 0.000263096 0.000293771 0.000321719 0.000341743 0.000347084 0.000396573 0.000451149 0.000496112 0.000561658 0.000657875 0.000796972 0.000961793 0.00117147 0.0014367 0.00175721 0.00216846 0.00266776 0.00323829 0.0039047 0.00470634 0.00564197 0.00670422 0.00790383 0.00925193 0.0107454 0.0123791 0.0141457 0.0159888 0.0178715 0.0197919 0.0217062 0.023543 0.025282 0.0268381 0.0281695 0.0292589 0.0300625 0.0305546 0.030669 0.0303737 0.0296138 0.0283169 0.0264517 0.0239759 0.0208137 0.0170349 0.012668 0.00781899 0.0026851 -0.00256145 -0.00773251 -0.0125962 -0.0169921 -0.020771 -0.0237949 -0.0260074 -0.0273918 -0.0279802 -0.0278384 -0.0271082 -0.025886 -0.0243142 -0.0225295 -0.0206232 -0.0186554 -0.0167477 -0.0148982 -0.0131573 -0.0115556 -0.0100901 -0.00877841 -0.00765577 -0.00662153 -0.00570524 -0.00492403 -0.00422856 -0.00359085 -0.00304553 -0.00254061 -0.00208337 -0.00165686 -0.00126891 -0.000897923 -0.000528971 -0.000156134 0.000193786 0.000587333 0.000982566 0.00136428 0.00178445 0.00224256 0.00266296 0.00310651 0.00355698 0.00400959 0.00446566 0.00490608 0.00529577 0.00567677 0.00599966 0.00628401 0.00655138 0.00682489 0.0071174 0.00748132 0.00791716 0.008447 0.00905524 0.0097189 0.0103587 0.0109081 0.0112698 0.0113077 0.0109372 0.0100588 0.00856935 0.0064699 0.0037808 0.000542189 -0.0030434 -0.00683099 -0.0106283 -0.0142217 -0.0174693 -0.0202651 -0.0224935 -0.0241245 -0.0251327 -0.0255523 -0.0254347 -0.0248627 -0.0239404 -0.0227091 -0.0212467 -0.0196307 -0.0179147 -0.0161591 -0.0144384 -0.0127636 -0.011153 -0.00965513 -0.00829717 -0.00707819 -0.0060012 -0.00505802 -0.0042336 -0.0035256 -0.00294337 -0.00247619 -0.00206551 -0.00172611 -0.0014713 -0.00127137 -0.00112512 -0.00100491 -0.000921875 -0.000862376 -0.000819733 -0.000814369 -0.000786701 -0.000765153 -0.000762405 -0.000771527 -0.000776415 -0.000748607 -0.000754178 -0.000763808 -0.000760745 -0.000749138 -0.000743058 -0.000763262 -0.000760131 -0.000754047 -0.000751882 -0.000756959 -0.000760393 -0.000751911 -0.00075575 -0.000757563 -0.000757749 -0.000748419 
0 9.65024e-06 3.0559e-05 5.48522e-05 6.09484e-05 7.19254e-05 9.22999e-05 0.000118146 0.000131255 0.000145921 0.000167083 0.000187231 0.000210918 0.00022723 0.000250492 0.000264253 0.000290777 0.000312562 0.000319348 0.000334663 0.00035941 0.000402289 0.00041475 0.000440975 0.000500102 0.000575382 0.000655547 0.000746978 0.000895172 0.00108147 0.00130959 0.00159277 0.00194257 0.00236624 0.00290505 0.00354441 0.00429128 0.00516003 0.00619063 0.00740646 0.00875526 0.0102869 0.0119713 0.0138154 0.0158133 0.0179331 0.0201292 0.0223571 0.0246024 0.0268254 0.0289541 0.0309296 0.0327053 0.0341884 0.0353897 0.0362603 0.0367631 0.0368443 0.036467 0.0355535 0.0340417 0.0318783 0.0289844 0.0253126 0.0208764 0.0157339 0.00999984 0.00389067 -0.00239509 -0.00859604 -0.0144871 -0.0198302 -0.0244518 -0.0281977 -0.0309833 -0.0327737 -0.0336303 -0.033608 -0.0328653 -0.031547 -0.0297837 -0.0277302 -0.0255134 -0.0232104 -0.0209306 -0.0187219 -0.0166242 -0.0146979 -0.0129325 -0.0113204 -0.00987581 -0.00859063 -0.00745236 -0.00644052 -0.00552155 -0.00472073 -0.00400196 -0.00333533 -0.00274052 -0.00219583 -0.0016536 -0.00115395 -0.00066971 -0.000174466 0.000315632 0.000807821 0.00133267 0.00187091 0.00242974 0.00299339 0.0035732 0.00417808 0.00476749 0.00532795 0.0058815 0.00638833 0.00684517 0.00725606 0.00758056 0.00784586 0.00806837 0.00824935 0.00844902 0.00872244 0.00907449 0.00956304 0.0101688 0.0108595 0.0115679 0.0122105 0.0126455 0.0127571 0.0123964 0.0114535 0.00980815 0.00744452 0.00435964 0.000646299 -0.00352568 -0.00794854 -0.0124066 -0.016669 -0.0205543 -0.0239304 -0.0266815 -0.0287382 -0.0300704 -0.0307221 -0.0307092 -0.030166 -0.0291739 -0.0278039 -0.0261474 -0.0242919 -0.0222954 -0.0202503 -0.018207 -0.0162028 -0.0142606 -0.012413 -0.0107359 -0.00919572 -0.00783267 -0.00662719 -0.00556434 -0.00465206 -0.00389416 -0.00327283 -0.00274133 -0.00229894 -0.0019582 -0.0017027 -0.0014926 -0.00134035 -0.00121374 -0.00112564 -0.0010681 -0.00103486 -0.00100582 -0.000962251 -0.000956082 -0.000959467 -0.000956884 -0.000937416 -0.000938258 -0.000957126 -0.000954138 -0.000943306 -0.000939789 -0.00095656 -0.000955544 -0.000946545 -0.000941975 -0.000945321 -0.000946242 -0.000937594 -0.000942375 -0.000943702 -0.00094626 -0.000938073 
0 1.32458e-05 3.64076e-05 6.57056e-05 7.5899e-05 9.22999e-05 0.000115848 0.000142701 0.000162058 0.000177917 0.000203698 0.000224238 0.000247852 0.000266423 0.000288275 0.000311979 0.000339514 0.000369613 0.00038357 0.000406592 0.000445992 0.000493678 0.00052718 0.000566098 0.000643222 0.000740024 0.000845117 0.000977104 0.00116678 0.00141307 0.00171317 0.00208234 0.002535 0.0030851 0.00376409 0.0045729 0.00551017 0.00660154 0.00788689 0.00937452 0.0110356 0.0128799 0.0148937 0.0170673 0.0193868 0.0218204 0.0243138 0.0268195 0.0293182 0.031759 0.0340659 0.0361813 0.0380384 0.0395775 0.0407933 0.0416566 0.0421345 0.0421725 0.0417204 0.0407016 0.0390321 0.0366441 0.0334529 0.0293872 0.0244581 0.0187125 0.012272 0.00535743 -0.00179509 -0.00890884 -0.0156972 -0.0218994 -0.0273 -0.031722 -0.0350668 -0.0373056 -0.0384801 -0.038669 -0.0380235 -0.0366905 -0.034828 -0.0326074 -0.0301653 -0.0276092 -0.0250612 -0.0225747 -0.0201974 -0.0179762 -0.0159147 -0.0140247 -0.0123207 -0.0107693 -0.00937346 -0.00813295 -0.00701331 -0.00600707 -0.00510364 -0.00427082 -0.0035068 -0.00279458 -0.00211351 -0.00146447 -0.000826472 -0.00018735 0.000445358 0.00109651 0.00176638 0.00244549 0.00315843 0.00389624 0.00463339 0.0053795 0.0061074 0.0067962 0.00744085 0.00800613 0.0084755 0.0088583 0.00912638 0.00929401 0.00938414 0.00941524 0.00943823 0.00951969 0.00970119 0.010042 0.0105556 0.0112179 0.0119561 0.0126681 0.013205 0.013407 0.0131208 0.0122044 0.0105284 0.00805117 0.00476831 0.000753448 -0.00380811 -0.00870265 -0.0136856 -0.0184949 -0.0229251 -0.0268158 -0.0300316 -0.0324954 -0.0341727 -0.0350863 -0.0352782 -0.0348533 -0.0339094 -0.0325194 -0.0307769 -0.0287782 -0.0265987 -0.0243287 -0.0220368 -0.0197573 -0.0175184 -0.0153717 -0.0133744 -0.0115347 -0.00987729 -0.00839943 -0.00709208 -0.00595997 -0.0050108 -0.00422194 -0.00354756 -0.00298459 -0.00254074 -0.00219313 -0.00191535 -0.00169632 -0.00152374 -0.00139733 -0.00131279 -0.00126602 -0.00122109 -0.00117823 -0.00116317 -0.00116328 -0.00115732 -0.00113518 -0.00113627 -0.00114922 -0.00114781 -0.0011354 -0.00113107 -0.00114453 -0.001144 -0.00113802 -0.00113534 -0.00114088 -0.00114196 -0.00113445 -0.00113617 -0.00113608 -0.00113667 -0.00112918 
0 2.00049e-05 4.78888e-05 8.11092e-05 9.8027e-05 0.000118146 0.000142701 0.000168457 0.000191584 0.000208201 0.000235632 0.000258291 0.000282158 0.000304445 0.000326151 0.000358677 0.000389367 0.000426769 0.000451938 0.000485019 0.000539032 0.000593185 0.0006493 0.000708094 0.000807385 0.000932673 0.00107359 0.00125679 0.00149863 0.00181421 0.0021977 0.00266622 0.0032382 0.00393585 0.00478067 0.00578514 0.00694289 0.00828311 0.00983914 0.0116043 0.0135702 0.0157105 0.0180259 0.0204934 0.0230919 0.0257862 0.0285133 0.031222 0.0338786 0.0364251 0.0387879 0.0409144 0.042735 0.0442279 0.0453782 0.0461785 0.0465971 0.0465814 0.0460678 0.0449802 0.0432212 0.0407049 0.0373375 0.0330263 0.0277643 0.0215843 0.0146125 0.0070661 -0.00078372 -0.00864555 -0.0161889 -0.0231349 -0.0292346 -0.0342949 -0.0381983 -0.0409101 -0.0424489 -0.0429087 -0.042431 -0.0411718 -0.0393113 -0.03703 -0.0344753 -0.0317771 -0.0290536 -0.0263677 -0.0237783 -0.0213221 -0.0190153 -0.0168757 -0.0149216 -0.0131244 -0.0114912 -0.0100206 -0.00868681 -0.00746356 -0.00635369 -0.00532887 -0.00437488 -0.00347507 -0.00262574 -0.00180149 -0.000989552 -0.000181479 0.000624281 0.0014572 0.00230326 0.00316114 0.00404605 0.00495572 0.00585672 0.00675258 0.00761694 0.00841977 0.0091328 0.00972794 0.0101742 0.0104721 0.0106085 0.0105919 0.010453 0.0102336 0.00998716 0.00979284 0.00972596 0.00984663 0.0101971 0.0107653 0.0114848 0.0122439 0.0128911 0.0132323 0.0131004 0.0123173 0.0107437 0.00830389 0.00498868 0.000855207 -0.00391378 -0.00910342 -0.0144498 -0.0196744 -0.0245461 -0.0288765 -0.0325127 -0.035365 -0.0373963 -0.0386111 -0.0390731 -0.0388594 -0.038072 -0.0367809 -0.0350731 -0.0330424 -0.0307788 -0.0283683 -0.0258948 -0.0233962 -0.0209097 -0.0185017 -0.0162143 -0.0140934 -0.0121507 -0.0103998 -0.00883951 -0.00747473 -0.00631468 -0.00533559 -0.00449746 -0.00379344 -0.00322522 -0.00276806 -0.00240699 -0.00211145 -0.00188393 -0.00171121 -0.00159174 -0.00151887 -0.00145174 -0.00140373 -0.00137674 -0.00137122 -0.00136054 -0.00133872 -0.00133782 -0.00134428 -0.00134482 -0.00133306 -0.00132905 -0.00133612 -0.00133512 -0.0013305 -0.00132869 -0.00133422 -0.00133414 -0.00132765 -0.00132516 -0.00132514 -0.0013257 -0.00132284 
0 2.19476e-05 5.41394e-05 8.13752e-05 0.000110719 0.000131255 0.000162058 0.000191584 0.000215621 0.000243799 0.000266709 0.000303573 0.000328776 0.000356902 0.000386951 0.000414325 0.000458467 0.000487409 0.00052655 0.000567722 0.000622067 0.000693401 0.000756584 0.000853017 0.000976397 0.00114094 0.00134306 0.00158782 0.00191234 0.00231294 0.00280352 0.00339423 0.00410609 0.00496867 0.00600487 0.00721536 0.00861754 0.0102233 0.0120504 0.0141076 0.0163537 0.018784 0.0213668 0.0240849 0.026914 0.0297949 0.0326713 0.0354884 0.038187 0.0407177 0.043025 0.0450351 0.0467365 0.0480923 0.0491162 0.0498101 0.0501356 0.0500559 0.0495017 0.0483791 0.0466052 0.044065 0.0406291 0.0362255 0.0307762 0.0243259 0.0169974 0.00899883 0.000613442 -0.00781896 -0.0159889 -0.0235653 -0.0302809 -0.0359325 -0.0403756 -0.0435471 -0.0454755 -0.046243 -0.0459843 -0.0448928 -0.0431396 -0.0409032 -0.0383528 -0.0356278 -0.0328119 -0.0300116 -0.0272741 -0.0246514 -0.0221702 -0.0198393 -0.0176494 -0.0156505 -0.0138112 -0.0121048 -0.0105305 -0.00910155 -0.00776326 -0.006517 -0.00535359 -0.00425881 -0.00318934 -0.00216223 -0.00115669 -0.000149995 0.000876656 0.00189351 0.00294294 0.00402483 0.00511019 0.00617889 0.00726199 0.00830742 0.00928589 0.0101626 0.0109097 0.0114822 0.0118686 0.0120213 0.0119477 0.0116639 0.0112053 0.0106203 0.0100103 0.0094592 0.009063 0.00891067 0.00905105 0.00947995 0.0101557 0.0109622 0.0117247 0.0122681 0.0123647 0.0118202 0.0104772 0.00822299 0.00501933 0.000951984 -0.00385881 -0.00916504 -0.0147032 -0.0202042 -0.0254028 -0.0300872 -0.034105 -0.0373293 -0.0397213 -0.0412876 -0.0420634 -0.0421498 -0.0416075 -0.04052 -0.0389612 -0.037011 -0.0347625 -0.032316 -0.0297361 -0.0270908 -0.0244269 -0.0217955 -0.0192721 -0.0168832 -0.0146704 -0.0126437 -0.0108136 -0.00920024 -0.00780617 -0.0066114 -0.00559502 -0.00473457 -0.00402441 -0.00345663 -0.0029887 -0.00262107 -0.0023211 -0.00209302 -0.00193307 -0.00180647 -0.00171992 -0.00164396 -0.00160468 -0.00158587 -0.00156263 -0.00154904 -0.001535 -0.00154039 -0.00153822 -0.00152967 -0.00152928 -0.00152708 -0.00152851 -0.00152228 -0.00152135 -0.0015255 -0.00152497 -0.00152191 -0.00151712 -0.00151708 -0.00151724 -0.00151736 
0 2.78622e-05 5.50041e-05 8.66257e-05 0.000114851 0.000145921 0.000177917 0.000208201 0.000243799 0.000269531 0.000307677 0.000343693 0.000379986 0.000417874 0.000442301 0.000487149 0.000518076 0.000561403 0.000604302 0.000652707 0.000727362 0.000792842 0.0008991 0.00101855 0.00118563 0.00140145 0.0016614 0.00199952 0.00240519 0.00291829 0.0035367 0.00427293 0.00515126 0.00620928 0.00744586 0.0088962 0.0105462 0.0124247 0.0145388 0.0168523 0.0193911 0.0220649 0.0248888 0.0278146 0.030801 0.0337964 0.0367283 0.0395388 0.042174 0.0445787 0.0467085 0.0485378 0.0500114 0.0511815 0.0520203 0.0525579 0.0527724 0.0526313 0.0520499 0.0509618 0.0492435 0.046758 0.0433806 0.0389732 0.0334775 0.0269029 0.0193742 0.0110853 0.00235118 -0.00653339 -0.0151805 -0.0232873 -0.0305412 -0.0367093 -0.0416277 -0.0452462 -0.0475406 -0.0486422 -0.048673 -0.0478043 -0.046243 -0.044164 -0.0417085 -0.0390325 -0.0362374 -0.0334086 -0.0306204 -0.0278973 -0.0252899 -0.0228304 -0.0205221 -0.0183331 -0.016276 -0.0143634 -0.0125918 -0.0109047 -0.00933685 -0.00787474 -0.00647187 -0.00511778 -0.00384387 -0.00257619 -0.00131966 -8.44033e-05 0.00115364 0.00243176 0.00370727 0.00499218 0.00628834 0.0075916 0.00883382 0.00998959 0.011047 0.0119713 0.012696 0.0132019 0.0134354 0.0133737 0.0130287 0.0123897 0.0115123 0.0104992 0.00943254 0.00843289 0.00765754 0.00716997 0.00706802 0.00735878 0.00799148 0.00884657 0.00978223 0.010551 0.0109599 0.0107548 0.00976138 0.00782326 0.0049053 0.00103091 -0.00364203 -0.00890984 -0.0144944 -0.0201179 -0.0255239 -0.030478 -0.0348057 -0.0383821 -0.0411509 -0.0430747 -0.0442425 -0.0446707 -0.0444595 -0.0436678 -0.0423544 -0.0405919 -0.0384795 -0.0360849 -0.0335068 -0.0307974 -0.0280151 -0.0252475 -0.0225088 -0.01991 -0.0174398 -0.0151454 -0.0130526 -0.0111733 -0.00952882 -0.00810229 -0.0068798 -0.00584444 -0.00497965 -0.00426315 -0.00369401 -0.00321159 -0.00283899 -0.00253936 -0.0023128 -0.00214628 -0.00200395 -0.00191896 -0.0018463 -0.00180981 -0.00177957 -0.00175479 -0.0017443 -0.00173117 -0.00173358 -0.00172717 -0.00172713 -0.00172567 -0.0017243 -0.00172266 -0.00171881 -0.0017196 -0.00171849 -0.00171816 -0.00171343 -0.00171335 -0.00171141 -0.00171202 
0 3.47812e-05 7.1689e-05 9.44706e-05 0.000138976 0.000167083 0.000203698 0.000235632 0.000266709 0.000307677 0.000331523 0.000378794 0.000412668 0.000454776 0.000494757 0.000532818 0.000589936 0.000628797 0.000696223 0.000764206 0.00084597 0.000949223 0.00107439 0.00125521 0.00146367 0.00173543 0.00207751 0.0024952 0.0030085 0.00363427 0.00439582 0.00529952 0.00637005 0.00764125 0.00912614 0.0108236 0.0127573 0.014921 0.0172981 0.0198816 0.0226419 0.0255402 0.0285393 0.0316028 0.0346845 0.0377048 0.040598 0.0433168 0.045779 0.047957 0.0498372 0.0513681 0.0525787 0.0534812 0.0540964 0.0544589 0.0545502 0.0543576 0.0538059 0.0527883 0.0512018 0.048866 0.0456072 0.0413212 0.0358736 0.0292894 0.0216895 0.0132524 0.00427708 -0.00488421 -0.0138999 -0.0224064 -0.0300811 -0.0366832 -0.0420324 -0.0460348 -0.0487039 -0.0501409 -0.0504645 -0.0498814 -0.0485731 -0.0466938 -0.0444188 -0.0418985 -0.0391904 -0.0364272 -0.0336713 -0.0309603 -0.0283392 -0.0258131 -0.0233612 -0.0210619 -0.0188769 -0.0167698 -0.0147718 -0.0128944 -0.011083 -0.00935707 -0.00770401 -0.00611223 -0.00454776 -0.00301649 -0.00151022 -5.11225e-06 0.00152669 0.00303408 0.00455987 0.00611325 0.0076265 0.00907199 0.0104799 0.0117606 0.0128775 0.0137838 0.0144224 0.0147645 0.0147914 0.0144284 0.0137081 0.0126484 0.0112971 0.00976056 0.00818467 0.00670252 0.00548642 0.00465626 0.0042976 0.00443373 0.00503558 0.00598236 0.00710026 0.0081884 0.00897369 0.00920249 0.00866887 0.0071737 0.0046393 0.00112205 -0.00330232 -0.00838903 -0.0138717 -0.0195028 -0.0249946 -0.0301149 -0.0346975 -0.0385806 -0.0416987 -0.044021 -0.0455727 -0.0464156 -0.0465858 -0.0461644 -0.045196 -0.0437251 -0.0418442 -0.0396228 -0.0371235 -0.0344332 -0.0316223 -0.0287514 -0.0258945 -0.0231115 -0.0204434 -0.0179193 -0.0155756 -0.0134477 -0.0115394 -0.00985654 -0.00840544 -0.00716099 -0.00610227 -0.00522927 -0.00450383 -0.00391328 -0.00342953 -0.00304481 -0.00275277 -0.00250604 -0.0023354 -0.00220372 -0.00211105 -0.00204827 -0.00199741 -0.00198205 -0.00195311 -0.00194302 -0.00193749 -0.00193418 -0.00193647 -0.00192468 -0.00193002 -0.00192407 -0.00192177 -0.0019173 -0.00191331 -0.00191763 -0.00191119 -0.00191326 -0.00190758 -0.00190748 
0 4.18153e-05 7.36679e-05 0.000103559 0.000146676 0.000187231 0.000224238 0.000258291 0.000303573 0.000343693 0.000378794 0.000417787 0.000457777 0.000503952 0.000539703 0.000594417 0.000645029 0.000704894 0.000784614 0.000874466 0.000991758 0.00111706 0.00130535 0.00153523 0.00180883 0.00215149 0.00257484 0.0031051 0.00373055 0.00449838 0.00542908 0.00652853 0.00782108 0.0093424 0.0110795 0.0130553 0.0152592 0.0176933 0.0203276 0.0231195 0.0260901 0.0291414 0.0322624 0.0353924 0.038469 0.0414183 0.0441741 0.0466887 0.048901 0.0507832 0.052334 0.0535485 0.0544214 0.0550356 0.0553964 0.055564 0.0555481 0.0553447 0.0548574 0.0539929 0.0525954 0.0504579 0.0474071 0.0432842 0.0379761 0.0314808 0.0239091 0.015428 0.00635139 -0.00300765 -0.0122537 -0.0210461 -0.0290352 -0.0359625 -0.0416422 -0.0459997 -0.0490031 -0.0507786 -0.0514264 -0.0511226 -0.0500727 -0.0484415 -0.0463827 -0.0440623 -0.04156 -0.0389721 -0.0363568 -0.0337248 -0.0311352 -0.0286164 -0.026161 -0.0237742 -0.0214608 -0.019226 -0.0170816 -0.0149786 -0.0129418 -0.0109805 -0.00905354 -0.00716094 -0.00533368 -0.00350569 -0.0016861 0.000113162 0.00191984 0.00373887 0.00552891 0.00729453 0.00900753 0.0106536 0.0121755 0.0135087 0.0146295 0.0154883 0.0159932 0.0161175 0.015814 0.0150529 0.0138817 0.0123116 0.0104223 0.00835974 0.0062511 0.00425917 0.00260467 0.00139889 0.000781573 0.000793154 0.00139809 0.00247309 0.00386154 0.00529686 0.00653366 0.00726894 0.0072739 0.00631551 0.00430056 0.00122274 -0.00281859 -0.00762334 -0.0129159 -0.0184385 -0.0239212 -0.0291181 -0.0338596 -0.0379959 -0.0414445 -0.044141 -0.0461334 -0.0474042 -0.0480154 -0.0480204 -0.0474517 -0.04635 -0.0447963 -0.0428297 -0.0405242 -0.0379498 -0.0351842 -0.0323133 -0.0293698 -0.0264768 -0.0236384 -0.0209141 -0.0183539 -0.0159807 -0.0138179 -0.0118748 -0.0101728 -0.00869735 -0.00742445 -0.00634938 -0.00546525 -0.0047187 -0.00412217 -0.00363704 -0.00325464 -0.00294859 -0.00271248 -0.00255577 -0.00241893 -0.00232246 -0.0022527 -0.00221497 -0.00218255 -0.00214952 -0.00214146 -0.00213548 -0.00213223 -0.00212241 -0.00212505 -0.00212852 -0.00212696 -0.00212337 -0.00212083 -0.0021247 -0.00212042 -0.0021184 -0.00210998 -0.00210474 
0 4.90041e-05 8.71173e-05 0.000116231 0.000169101 0.000210918 0.000247852 0.000282158 0.000328776 0.000379986 0.000412668 0.000457777 0.000501212 0.000553428 0.000603536 0.000662473 0.000730946 0.000799567 0.000899677 0.00101454 0.00115532 0.00132465 0.00155879 0.001858 0.0022035 0.00263457 0.00317376 0.00383538 0.00461348 0.00555056 0.0066775 0.0080001 0.00953884 0.0113175 0.0133288 0.0155702 0.0180442 0.0207303 0.0235815 0.0265645 0.029674 0.0328317 0.0359941 0.0390998 0.0420801 0.044858 0.0473762 0.049606 0.0514826 0.0529995 0.054176 0.0550113 0.0555445 0.0558546 0.0559821 0.0559934 0.0559102 0.055728 0.0553517 0.0546547 0.0534785 0.051589 0.0487862 0.0449098 0.0398129 0.033479 0.0260088 0.0175634 0.00844824 -0.000988708 -0.0103683 -0.0193259 -0.0275127 -0.0346705 -0.0406163 -0.0452475 -0.0485453 -0.0506074 -0.0515326 -0.0515044 -0.0507244 -0.04935 -0.0475577 -0.0455014 -0.0432425 -0.0408812 -0.0384739 -0.0360258 -0.0335796 -0.0311424 -0.0287088 -0.0263241 -0.023976 -0.0216433 -0.0193558 -0.0170979 -0.0148574 -0.0126495 -0.010461 -0.0082894 -0.00614146 -0.00399524 -0.00186226 0.000261007 0.00238587 0.0044786 0.00652976 0.00853904 0.0104395 0.0122039 0.0138106 0.0151775 0.0162544 0.0169777 0.0172586 0.0170744 0.0163905 0.0151684 0.01347 0.0113445 0.00888084 0.00624389 0.00359471 0.00111428 -0.000969064 -0.00250336 -0.00334829 -0.00343498 -0.00278586 -0.00152211 0.000176281 0.00204418 0.00378218 0.00507733 0.00566983 0.00530371 0.00386005 0.00132377 -0.0022496 -0.00666448 -0.0116618 -0.0170005 -0.0223952 -0.027604 -0.0324543 -0.0367893 -0.040517 -0.0435752 -0.0459694 -0.0476861 -0.0487483 -0.0492085 -0.04909 -0.0484165 -0.0472593 -0.0456423 -0.0436158 -0.0412536 -0.038634 -0.0358271 -0.0328931 -0.0299333 -0.0269839 -0.0241024 -0.0213493 -0.01876 -0.0163483 -0.0141466 -0.0121881 -0.0104663 -0.0089606 -0.00767697 -0.00660058 -0.00569634 -0.00495755 -0.00435413 -0.00386778 -0.00346391 -0.0031615 -0.00294083 -0.00275804 -0.00261732 -0.00251832 -0.0024696 -0.00242011 -0.00238072 -0.00236221 -0.00235464 -0.00234725 -0.00232883 -0.00233031 -0.002329 -0.0023269 -0.00231923 -0.00231364 -0.00231732 -0.00231235 -0.00231427 -0.00230877 -0.00230819 
0 5.13214e-05 9.01965e-05 0.000120748 0.000179586 0.00022723 0.000266423 0.000304445 0.000356902 0.000417874 0.000454776 0.000503952 0.000553428 0.000612904 0.000675852 0.000741188 0.00082441 0.000909555 0.00103375 0.00118256 0.00135962 0.00158329 0.00187686 0.00225284 0.00268562 0.00322174 0.00389504 0.00471123 0.00566969 0.00680645 0.00816058 0.00973476 0.0115408 0.0135876 0.0158662 0.0183592 0.0210722 0.023972 0.0270003 0.0301264 0.0333227 0.0365212 0.0396491 0.0426427 0.0454306 0.0479428 0.0501392 0.0520047 0.0534878 0.0545954 0.055366 0.0558159 0.0560162 0.0560499 0.0559855 0.0558867 0.0557834 0.0556617 0.0554226 0.0549188 0.0539788 0.0523544 0.0498249 0.0462179 0.0413673 0.0352415 0.0279248 0.0195811 0.0105041 0.00106117 -0.0083731 -0.0174174 -0.0257231 -0.0330232 -0.039136 -0.0439475 -0.0474492 -0.0497249 -0.0508804 -0.0510977 -0.0505755 -0.04947 -0.0479553 -0.0461756 -0.0441951 -0.0421055 -0.0399501 -0.0377347 -0.035495 -0.0332345 -0.0309318 -0.0286198 -0.0262851 -0.0239165 -0.0215394 -0.0191518 -0.0167392 -0.0143199 -0.0118833 -0.00943224 -0.00697049 -0.00449989 -0.00203757 0.00040632 0.002834 0.00520245 0.0075018 0.00971649 0.0117823 0.0136554 0.0152981 0.0166155 0.0175573 0.0180631 0.0180519 0.0174928 0.0163622 0.0146354 0.0123804 0.00966912 0.00661182 0.00339449 0.000207967 -0.00274108 -0.00521234 -0.00702211 -0.00802494 -0.00813602 -0.00737649 -0.00586704 -0.00380786 -0.00147318 0.000801241 0.00269079 0.00390365 0.00417403 0.00335792 0.00142309 -0.00160541 -0.00555251 -0.0101841 -0.0152673 -0.0205149 -0.0256805 -0.030582 -0.0350605 -0.0390143 -0.0423864 -0.0451519 -0.0472933 -0.0488055 -0.0497309 -0.0500825 -0.0498771 -0.049169 -0.0479725 -0.0463158 -0.0442655 -0.0418914 -0.0392458 -0.0364024 -0.0334457 -0.0304387 -0.0274449 -0.0245379 -0.0217605 -0.0191263 -0.0166821 -0.014472 -0.0124984 -0.0107471 -0.00923211 -0.00793758 -0.00684587 -0.00593951 -0.00519522 -0.00458365 -0.00407051 -0.00368405 -0.00338851 -0.00314837 -0.00295531 -0.00282083 -0.00274744 -0.00267607 -0.00262152 -0.00258851 -0.00257527 -0.00256191 -0.00253861 -0.00253624 -0.00253322 -0.00253186 -0.00252464 -0.00251914 -0.00252052 -0.00251509 -0.00251661 -0.00251313 -0.00251367 
0 5.77591e-05 9.32728e-05 0.000136284 0.000190355 0.000250492 0.000288275 0.000326151 0.000386951 0.000442301 0.000494757 0.000539703 0.000603536 0.000675852 0.000745822 0.000833987 0.000924309 0.00104781 0.00120078 0.00139346 0.00162853 0.00190951 0.00229047 0.00274836 0.00329194 0.00395357 0.00477386 0.00576798 0.00692282 0.00828091 0.00987953 0.0117185 0.0137971 0.0161181 0.0186474 0.0213888 0.0243135 0.0273939 0.0305654 0.0337662 0.0369879 0.0401298 0.0431287 0.0459138 0.0484167 0.0505884 0.0524084 0.0538546 0.0549125 0.0555885 0.0559325 0.0560185 0.0559029 0.0557135 0.0555125 0.055358 0.0552831 0.0552621 0.0551765 0.0548931 0.0541988 0.052843 0.050602 0.0472549 0.042655 0.0367491 0.0296083 0.0214029 0.0124335 0.00303739 -0.00637329 -0.0154342 -0.0237882 -0.0311539 -0.0373374 -0.0422454 -0.0458488 -0.0482489 -0.0495698 -0.0499776 -0.0496733 -0.0488254 -0.0475754 -0.0460577 -0.0443645 -0.042557 -0.0406825 -0.0387462 -0.0367665 -0.0347391 -0.0326529 -0.0304804 -0.0282282 -0.025903 -0.0235097 -0.0210213 -0.0184779 -0.0158834 -0.0132211 -0.0105017 -0.00777043 -0.00500066 -0.00222542 0.000517098 0.00321145 0.00585382 0.00837951 0.0107555 0.0129359 0.0148735 0.0164745 0.0176723 0.0184065 0.0186188 0.0182417 0.017254 0.0156238 0.0133712 0.0105559 0.00725245 0.00360813 -0.000166043 -0.00386418 -0.00723623 -0.0100187 -0.0120306 -0.0131028 -0.0131592 -0.0122295 -0.0104348 -0.00796991 -0.00515377 -0.0023067 0.000205221 0.00206279 0.00299179 0.00283372 0.00151191 -0.000927427 -0.0043638 -0.00858223 -0.0133452 -0.0183963 -0.0234702 -0.0283698 -0.0329408 -0.0370667 -0.0406812 -0.0437755 -0.0462868 -0.0482324 -0.0496182 -0.0504464 -0.0507355 -0.0505093 -0.0497715 -0.0485471 -0.0468794 -0.0448283 -0.0424483 -0.0397769 -0.0369258 -0.0339373 -0.0309025 -0.0279043 -0.0249763 -0.0221576 -0.0194903 -0.0170348 -0.014806 -0.0128002 -0.0110286 -0.00950025 -0.00818459 -0.00709061 -0.00617981 -0.00541549 -0.00478798 -0.0042857 -0.00391109 -0.00359211 -0.00333734 -0.00316193 -0.00304226 -0.00295334 -0.00286931 -0.00282597 -0.00280476 -0.00278465 -0.00276619 -0.00275281 -0.00275334 -0.00274766 -0.00274216 -0.00273788 -0.00273234 -0.00272935 -0.00272417 -0.0027229 -0.00272006 
0 5.68356e-05 0.000102692 0.000138074 0.000206463 0.000264253 0.000311979 0.000358677 0.000414325 0.000487149 0.000532818 0.000594417 0.000662473 0.000741188 0.000833987 0.000921537 0.00105297 0.00120027 0.00140187 0.00165154 0.00194048 0.00231992 0.00278161 0.00336004 0.00403142 0.00484155 0.0058428 0.00702837 0.00841162 0.0100135 0.0118688 0.01398 0.0163337 0.0189021 0.0216833 0.0246266 0.0277397 0.0309551 0.0341931 0.0374204 0.0405532 0.0435569 0.0463238 0.0488058 0.0509501 0.0527232 0.0541108 0.0551204 0.0557283 0.0559719 0.055931 0.0556678 0.0553179 0.0549541 0.0546761 0.0545222 0.0545212 0.0546237 0.0547436 0.0546863 0.0542516 0.0531727 0.0511813 0.0480831 0.0437066 0.0380029 0.0310437 0.0230091 0.0141557 0.00488089 -0.00446827 -0.0134781 -0.0218004 -0.0291477 -0.0353392 -0.0402408 -0.0438885 -0.04634 -0.0477412 -0.048274 -0.0481254 -0.0474468 -0.046418 -0.0451511 -0.043718 -0.042192 -0.0406139 -0.0389873 -0.0373043 -0.0355446 -0.0336814 -0.0317314 -0.0296592 -0.0274325 -0.0250639 -0.022586 -0.0199592 -0.0172071 -0.0143684 -0.0114604 -0.00846994 -0.00546065 -0.0024493 0.000556365 0.00351781 0.00635021 0.0090479 0.0115574 0.0137903 0.015671 0.0171651 0.0181837 0.0186577 0.0185216 0.0177283 0.0162595 0.0141206 0.0113168 0.00791797 0.00405736 -0.000123048 -0.0044047 -0.00852848 -0.0122289 -0.0152597 -0.0173709 -0.0184421 -0.0183804 -0.0172179 -0.0150808 -0.0122047 -0.0088567 -0.00543849 -0.00228759 0.000231411 0.0018303 0.00231818 0.00163063 -0.000241111 -0.00315361 -0.00692849 -0.0113505 -0.0161439 -0.0210755 -0.0259268 -0.0305345 -0.0347735 -0.0385976 -0.0419358 -0.0447913 -0.0471171 -0.0489347 -0.0502357 -0.0510135 -0.0512798 -0.051032 -0.0502686 -0.0490385 -0.0473898 -0.0453346 -0.0429558 -0.0402766 -0.0374054 -0.0344067 -0.0313679 -0.0283544 -0.0253812 -0.0225268 -0.0198467 -0.01737 -0.0151082 -0.0130819 -0.0112868 -0.00974572 -0.0084272 -0.00732875 -0.00640256 -0.00562155 -0.00501602 -0.00452033 -0.00412637 -0.00379492 -0.00355361 -0.00339379 -0.00325149 -0.00315099 -0.00307506 -0.00304101 -0.00301606 -0.00298748 -0.00297892 -0.00296849 -0.00296908 -0.00296366 -0.00295882 -0.00295646 -0.00294672 -0.00294476 -0.00293564 -0.0029295 
0 6.52701e-05 0.000106244 0.000162552 0.000216648 0.000290777 0.000339514 0.000389367 0.000458467 0.000518076 0.000589936 0.000645029 0.000730946 0.00082441 0.000924309 0.00105297 0.00119754 0.00140456 0.00164917 0.00195874 0.00233245 0.00279435 0.00338188 0.00407868 0.0049109 0.00590146 0.0071028 0.00851905 0.0101558 0.0120239 0.014154 0.0165377 0.0191467 0.021962 0.0249338 0.0280634 0.0312919 0.0345673 0.0378099 0.0409424 0.0439236 0.0466807 0.049142 0.0512588 0.0529865 0.0543103 0.0552487 0.0557785 0.0559476 0.0557881 0.0553875 0.0548762 0.0543384 0.0538878 0.0535952 0.0534919 0.0536063 0.0538893 0.0542137 0.0544179 0.0542281 0.0533831 0.0516249 0.0487172 0.044531 0.0390196 0.0322332 0.024358 0.0156693 0.00650505 -0.00272533 -0.0116314 -0.0198619 -0.0271262 -0.0332248 -0.0380852 -0.0416949 -0.0441345 -0.0455579 -0.0461245 -0.0460212 -0.0454541 -0.0445569 -0.043456 -0.0422706 -0.0410256 -0.0397288 -0.038392 -0.0369959 -0.0355266 -0.0339629 -0.0322423 -0.0303602 -0.0283227 -0.0260864 -0.0236291 -0.0209998 -0.0182118 -0.0152652 -0.0121982 -0.0090645 -0.00586905 -0.00264638 0.000535392 0.00363542 0.00663427 0.00943298 0.0119444 0.0141338 0.015934 0.0172396 0.0179982 0.018148 0.0176329 0.0164197 0.0144658 0.0117699 0.00841389 0.00447583 8.09773e-05 -0.00456242 -0.00923513 -0.0136835 -0.0176186 -0.0207774 -0.0229378 -0.0239241 -0.0236743 -0.0222249 -0.0197102 -0.0163613 -0.0125072 -0.00849762 -0.00472402 -0.00156168 0.000699379 0.00184149 0.00175072 0.000458561 -0.00194856 -0.00529608 -0.00933913 -0.0138621 -0.0186027 -0.0233505 -0.0279512 -0.0322664 -0.0362248 -0.0397875 -0.0428944 -0.0455552 -0.047751 -0.0494723 -0.0507309 -0.0514847 -0.0517352 -0.0514734 -0.0507206 -0.0495139 -0.0478771 -0.0458291 -0.0434329 -0.0407421 -0.0378538 -0.0348569 -0.0317961 -0.0287413 -0.0257388 -0.0228728 -0.0201776 -0.017678 -0.0153913 -0.0133419 -0.0115403 -0.00999162 -0.00867702 -0.00755089 -0.00662158 -0.00585609 -0.00525292 -0.00474787 -0.00433202 -0.00402443 -0.00378495 -0.00361312 -0.00346143 -0.00336527 -0.00330505 -0.00325788 -0.00323012 -0.00319724 -0.00319078 -0.00317861 -0.00317359 -0.0031706 -0.00316069 -0.00316367 -0.00315445 -0.00315405 -0.00314484 
0 6.83861e-05 0.000127775 0.000180558 0.000247135 0.000312562 0.000369613 0.000426769 0.000487409 0.000561403 0.000628797 0.000704894 0.000799567 0.000909555 0.00104781 0.00120027 0.00140456 0.00165979 0.00197491 0.00236123 0.00281579 0.00339805 0.00409971 0.00494831 0.00595589 0.0071508 0.00858616 0.0102515 0.0121621 0.0143129 0.0167102 0.0193531 0.0222028 0.0252118 0.0283615 0.0316002 0.0348952 0.0381563 0.0412992 0.0442749 0.0469931 0.0494388 0.0515265 0.053223 0.0544981 0.0553575 0.0558172 0.0558955 0.0556387 0.0551161 0.054437 0.0537128 0.0530795 0.0526 0.0523586 0.0523769 0.05267 0.053151 0.0537176 0.0541398 0.0541561 0.0535062 0.051912 0.0491708 0.0451494 0.0397954 0.0331641 0.0254453 0.0168855 0.0078793 -0.00121276 -0.0099672 -0.0180472 -0.0251725 -0.0311614 -0.0358998 -0.0394236 -0.0417707 -0.043111 -0.0436242 -0.0435008 -0.0429367 -0.0421122 -0.0411333 -0.0400938 -0.0390338 -0.0379774 -0.0369231 -0.0358191 -0.0346317 -0.0333325 -0.0318908 -0.0302615 -0.028412 -0.0263263 -0.0240318 -0.021495 -0.0187289 -0.015783 -0.0126902 -0.00945677 -0.0061707 -0.00286748 0.000413215 0.00359629 0.00658845 0.00935406 0.0118124 0.0138839 0.0154778 0.0165388 0.0170058 0.0168059 0.0158715 0.0141853 0.011735 0.00855022 0.00469275 0.000252637 -0.00458186 -0.00960992 -0.014599 -0.0192599 -0.0233059 -0.0265047 -0.0285861 -0.0294255 -0.0289397 -0.0271602 -0.0242297 -0.0204159 -0.0160131 -0.0114451 -0.00707507 -0.00330132 -0.00042104 0.00133492 0.0018519 0.00111323 -0.000782886 -0.00369222 -0.00738245 -0.0116106 -0.0161509 -0.020768 -0.0253106 -0.029642 -0.0336946 -0.0373836 -0.0407028 -0.0436126 -0.0461199 -0.0482215 -0.0499083 -0.0511361 -0.051885 -0.0521271 -0.0518746 -0.051152 -0.0499569 -0.048335 -0.0462732 -0.0438668 -0.0411793 -0.0382898 -0.0352756 -0.0321844 -0.0290999 -0.0260925 -0.0232142 -0.0205044 -0.0179802 -0.0156678 -0.0136153 -0.0118051 -0.0102488 -0.00890391 -0.00776961 -0.00684462 -0.00607856 -0.0054631 -0.00494835 -0.00455089 -0.00424888 -0.00400992 -0.00383015 -0.0036898 -0.00360052 -0.00353334 -0.0034802 -0.00344245 -0.00341433 -0.00340086 -0.00338732 -0.00337754 -0.00337265 -0.00337026 -0.00337274 -0.00336964 -0.00336628 
