0 0 0 0 0 0 0 0 0 0 0 0 0 0 0 0 0 0 0 0 0 0 0 0 0 0 0 0 0 0 0 0 0 0 0 0 0 0 0 0 0 0 0 0 0 0 0 0 0 0 0 0 0 0 0 0 0 0 0 0 0 0 0 0 0 0 0 0 0 0 0 0 0 0 0 0 0 0 0 0 0 0 0 0 0 0 0 0 0 0 0 0 0 0 0 0 0 0 0 0 0 0 0 0 0 0 0 0 0 0 0 0 0 0 0 0 0 0 0 0 0 0 0 0 0 0 0 0 0 0 0 0 0 0 0 0 0 0 0 0 0 0 0 0 0 0 0 0 0 0 0 0 0 0 0 0 0 0 0 0 0 0 0 0 0 0 0 0 0 0 0 0 0 0 0 0 0 0 0 0 0 0 0 0 0 0 0 0 0 0 0 0 0 0 0 0 0 0 0 0 
0 0.000953863 0.00186631 0.00269895 0.00342189 0.00397583 0.00433463 0.00448607 0.00441758 0.00413458 0.00365645 0.00303444 0.00228481 0.00144575 0.000556936 -0.000354619 -0.00125258 -0.00210405 -0.00284669 -0.00347148 -0.00396441 -0.00432507 -0.00456141 -0.00467467 -0.00467698 -0.0045666 -0.0043703 -0.00410572 -0.00380704 -0.00349526 -0.00318108 -0.00285873 -0.00254935 -0.0022595 -0.00199041 -0.00176158 -0.00156588 -0.00140889 -0.00125398 -0.00111931 -0.000999747 -0.000901716 -0.000834355 -0.00077139 -0.000711945 -0.000654972 -0.00060103 -0.000552204 -0.000517708 -0.000492955 -0.000478159 -0.000447876 -0.000422261 -0.000387617 -0.000364323 -0.000355217 -0.000337728 -0.000319372 -0.000298182 -0.000273315 -0.000253956 -0.000241676 -0.000226756 -0.000224278 -0.000218212 -0.000209033 -0.000185233 -0.000164211 -0.000146349 -0.000144729 -0.000141897 -0.00013922 -0.000140586 -0.000147813 -0.000152646 -0.000169678 -0.000203702 -0.000256524 -0.000320802 -0.00040253 -0.00051581 -0.000649094 -0.000806635 -0.000990876 -0.00118912 -0.00138577 -0.00157303 -0.00171848 -0.00180153 -0.00179172 -0.00168182 -0.00145411 -0.00110872 -0.000651604 -0.00010724 0.000502414 0.00111512 0.00168005 0.00213463 0.00243754 0.00255046 0.00247749 0.00222904 0.00183799 0.00134065 0.00079792 0.000241986 -0.000272806 -0.000711507 -0.00104939 -0.00127999 -0.00139525 -0.00141634 -0.00135539 -0.00124393 -0.00109513 -0.000936718 -0.000784602 -0.000639092 -0.000497354 -0.000372661 -0.00025799 -0.0001589 -8.44595e-05 -3.04482e-05 2.01801e-05 7.23091e-05 0.000108691 0.000132895 0.000148751 0.000162279 0.00016792 0.000171159 0.000171399 0.000184317 0.000197866 0.000217975 0.000226322 0.000232254 0.000227498 0.000228598 0.000241637 0.00025784 0.00026959 0.000283488 0.000285493 0.000296555 0.000316836 0.000332122 0.000363524 0.000385931 0.000404219 0.000414708 0.000430071 0.000457463 0.000500933 0.000545319 0.00058796 0.000623128 0.000680676 0.000753425 0.00083981 0.000951166 0.00106453 0.00119818 0.00134558 0.00152775 0.00174508 0.00200269 0.00228434 0.00257533 0.00288177 0.00320524 0.00353151 0.00384158 0.00412603 0.00433943 0.00446433 0.00447769 0.00438275 0.00416179 0.00379815 0.00328501 0.00260576 0.00178794 0.000845514 -0.000182888 -0.00126762 -0.00237711 -0.00348815 -0.00458346 -0.00561923 -0.00657487 -0.00743246 -0.00818029 -0.00880762 -0.00932391 -0.00974568 -0.0100637 -0.0102769 
0 0.00186631 0.00363671 0.00526564 0.00665562 0.0077407 0.00843339 0.00873436 0.00861654 0.00807094 0.0071697 0.00595686 0.0045094 0.00286218 0.00111683 -0.000661211 -0.00242792 -0.00407701 -0.00555021 -0.00678428 -0.00777965 -0.00851561 -0.00898601 -0.00922516 -0.00922489 -0.00902785 -0.0086613 -0.0081657 -0.0075983 -0.00698896 -0.00636769 -0.0057361 -0.00512948 -0.00457121 -0.00404569 -0.00357637 -0.0031779 -0.00282932 -0.00252315 -0.00224939 -0.00201734 -0.00182584 -0.00166864 -0.00153763 -0.00140858 -0.00130566 -0.00121555 -0.00112809 -0.00105225 -0.000997082 -0.000940977 -0.000889502 -0.000837935 -0.000779314 -0.000742616 -0.000708172 -0.000671796 -0.000630795 -0.000596729 -0.000566643 -0.00054082 -0.000507241 -0.000480223 -0.000442973 -0.000424115 -0.00040102 -0.000370022 -0.000352867 -0.000322475 -0.000300323 -0.000304778 -0.000295341 -0.000280039 -0.000282905 -0.000295862 -0.000356441 -0.000419601 -0.000499903 -0.000634409 -0.000818488 -0.00103305 -0.00131621 -0.00163101 -0.00198136 -0.00236302 -0.00276542 -0.00312814 -0.00342398 -0.00358819 -0.00358505 -0.00336786 -0.00291768 -0.00221748 -0.00129627 -0.000178143 0.00103086 0.00224005 0.00334639 0.00423593 0.00482151 0.00507819 0.00495044 0.00447118 0.00369548 0.00269715 0.00157871 0.000467426 -0.000563071 -0.00142649 -0.00209329 -0.00253806 -0.00277436 -0.00281543 -0.00270619 -0.00247502 -0.00219478 -0.00188829 -0.00157616 -0.00127049 -0.00100048 -0.000730709 -0.000506894 -0.000332476 -0.000177157 -4.06833e-05 5.24648e-05 0.000139758 0.000194028 0.000245472 0.000286423 0.000301141 0.000327354 0.000359366 0.000363388 0.000374454 0.000386102 0.00039843 0.000426721 0.00043691 0.000447747 0.00046447 0.000490712 0.000513623 0.000538252 0.000556197 0.000580665 0.00060666 0.000642851 0.000670474 0.000707157 0.000755259 0.000797958 0.000838301 0.000886108 0.00094454 0.00101745 0.00110902 0.00118464 0.00127759 0.00139713 0.00153829 0.00170659 0.00190357 0.00213997 0.002412 0.00272874 0.00310379 0.00353395 0.00403722 0.00459174 0.00516649 0.00578504 0.00641986 0.00704894 0.00763775 0.00815652 0.00856658 0.0087883 0.00881928 0.00861993 0.00816588 0.00743937 0.00640196 0.00507606 0.00346103 0.00162048 -0.000405077 -0.00255382 -0.0047448 -0.00695778 -0.0091158 -0.0111732 -0.0130632 -0.0147687 -0.0162674 -0.0175197 -0.018564 -0.0193979 -0.020031 -0.0204425 
0 0.00269895 0.00526564 0.00759399 0.00959944 0.0111354 0.012134 0.0125662 0.0124007 0.0116483 0.0103566 0.00864208 0.00654554 0.00417045 0.0016458 -0.000929759 -0.00345321 -0.00584357 -0.00796406 -0.00979156 -0.0112772 -0.0123881 -0.0131218 -0.0134872 -0.0135339 -0.0132844 -0.0128088 -0.0121404 -0.0113451 -0.0104709 -0.00956181 -0.00863338 -0.00775705 -0.00694477 -0.00617578 -0.00548038 -0.00485103 -0.00432491 -0.00384051 -0.003441 -0.00309489 -0.00279196 -0.00254685 -0.00231637 -0.00212165 -0.0019712 -0.0018478 -0.00172584 -0.00161092 -0.00150094 -0.00141776 -0.0013218 -0.00125934 -0.00118263 -0.00112231 -0.00107811 -0.00100832 -0.000947372 -0.000901713 -0.000860965 -0.000826056 -0.000784522 -0.000714603 -0.00066684 -0.000627007 -0.000603513 -0.000563935 -0.000533994 -0.000496838 -0.000479185 -0.000448721 -0.00041993 -0.000413903 -0.00043778 -0.000465363 -0.000524793 -0.000621126 -0.000765036 -0.000953174 -0.00120792 -0.00156015 -0.00197637 -0.00245264 -0.00298768 -0.00355279 -0.00411706 -0.00466168 -0.00510278 -0.00536997 -0.00536537 -0.00504575 -0.00435525 -0.00329649 -0.00190249 -0.000257799 0.00155026 0.00334714 0.00499147 0.00631706 0.00721123 0.00757109 0.00738788 0.00667857 0.00552532 0.00403358 0.00238422 0.00070154 -0.000845986 -0.00214591 -0.00313037 -0.00379048 -0.00412294 -0.00419083 -0.00403202 -0.00372247 -0.00329673 -0.00282424 -0.00235362 -0.00190009 -0.00147033 -0.00109819 -0.00076724 -0.000482589 -0.000257075 -8.10462e-05 7.67927e-05 0.000222527 0.000312226 0.000363749 0.000401087 0.000448794 0.000494722 0.000536391 0.000551716 0.000571907 0.000577153 0.000599892 0.000616905 0.000650791 0.000671463 0.000699947 0.00073836 0.000769791 0.000793686 0.000838585 0.000872904 0.000927755 0.000984204 0.00100518 0.00105911 0.0011145 0.001193 0.00127348 0.00135894 0.00144767 0.00155481 0.00166907 0.00180227 0.00194451 0.00214512 0.00236548 0.00260262 0.00290694 0.00325382 0.00369216 0.00418792 0.00476186 0.00540243 0.00613384 0.00693917 0.00779341 0.0087016 0.00963617 0.0105352 0.0113483 0.0120672 0.0126028 0.0129089 0.0129111 0.0125851 0.0118726 0.0107422 0.0091978 0.0072214 0.00487709 0.00218741 -0.000767382 -0.00390867 -0.00713655 -0.0103711 -0.0135492 -0.0165585 -0.0193477 -0.0218766 -0.0241104 -0.0260078 -0.027576 -0.0288428 -0.0297833 -0.0303972 
0 0.00342189 0.00665562 0.00959944 0.012092 0.0140197 0.0152572 0.0158029 0.0156173 0.014686 0.0131072 0.0109503 0.00832826 0.00532527 0.00213441 -0.00110491 -0.00430187 -0.00730597 -0.0100296 -0.0123819 -0.0143339 -0.0158198 -0.0168118 -0.0173604 -0.0174839 -0.0172577 -0.01673 -0.0159495 -0.0149903 -0.0139045 -0.0127554 -0.0115781 -0.0104462 -0.00939528 -0.00839096 -0.0074604 -0.00663311 -0.00590259 -0.00526702 -0.00471763 -0.00425019 -0.00384542 -0.003492 -0.00318231 -0.00290168 -0.0026852 -0.00250493 -0.00232849 -0.00216277 -0.00202666 -0.00190119 -0.00179407 -0.00169877 -0.00159465 -0.00151637 -0.00143782 -0.00135066 -0.00126244 -0.00119233 -0.00113552 -0.00108566 -0.00102217 -0.000960848 -0.000888672 -0.000844848 -0.000800108 -0.000744044 -0.000705624 -0.0006491 -0.000605915 -0.000599321 -0.000577138 -0.000555007 -0.000568446 -0.000607179 -0.000719327 -0.000848636 -0.00101724 -0.00128096 -0.00164124 -0.00207934 -0.0026396 -0.0032714 -0.00397239 -0.00472967 -0.00551385 -0.00622561 -0.0067987 -0.00711749 -0.00709961 -0.00666246 -0.00576213 -0.00437265 -0.00254495 -0.000343797 0.00204492 0.00443264 0.00661425 0.00837024 0.00953199 0.010028 0.009776 0.00883045 0.00729925 0.00533177 0.00313267 0.000932912 -0.00110533 -0.00282049 -0.00414457 -0.00503327 -0.00550378 -0.00559277 -0.0053789 -0.00492947 -0.00436806 -0.00375233 -0.00312749 -0.00252209 -0.00197757 -0.00145506 -0.00101378 -0.000659564 -0.000351214 -8.55782e-05 0.000111604 0.000286293 0.000400254 0.00049585 0.000569725 0.00060713 0.000660739 0.000720505 0.000738473 0.000762112 0.000783794 0.000809833 0.000859554 0.000888803 0.000917512 0.000953353 0.000998232 0.00103497 0.00107341 0.0011134 0.00117093 0.0012387 0.00131484 0.00136681 0.00142979 0.00151639 0.00161056 0.00171158 0.00182111 0.00193731 0.00207304 0.00224357 0.00241796 0.00264039 0.00291887 0.00322867 0.0035755 0.00398065 0.00447469 0.00506226 0.00574206 0.00651434 0.00736604 0.00832844 0.00937999 0.0104834 0.0116575 0.0128378 0.0139564 0.0149494 0.0157818 0.016402 0.0166964 0.0166301 0.0161195 0.015109 0.0135805 0.0115095 0.0089474 0.00590578 0.00246012 -0.0013366 -0.00538291 -0.00953299 -0.0137199 -0.0178099 -0.0217165 -0.0253415 -0.028657 -0.0316169 -0.0341431 -0.0362613 -0.0379521 -0.0392201 -0.0400386 
0 0.00397583 0.0077407 0.0111354 0.0140197 0.0162234 0.0176584 0.0182962 0.0181001 0.0170689 0.0152612 0.0128011 0.00976544 0.00630002 0.0026029 -0.00117011 -0.00488501 -0.00842512 -0.0116369 -0.0144621 -0.0168275 -0.0186657 -0.0199575 -0.0207226 -0.0210155 -0.0208731 -0.0203664 -0.0195424 -0.0184858 -0.0172674 -0.0159525 -0.0145763 -0.0132306 -0.0119471 -0.0107154 -0.00957769 -0.00854229 -0.00763926 -0.00681223 -0.00609867 -0.00547741 -0.0049389 -0.00449043 -0.00408506 -0.00373048 -0.00343693 -0.00318495 -0.00294993 -0.00274387 -0.00256784 -0.00242663 -0.00227496 -0.00214693 -0.00200713 -0.00189697 -0.00181446 -0.00171283 -0.00161228 -0.00152032 -0.00143203 -0.00135463 -0.00128197 -0.00119652 -0.0011345 -0.0010799 -0.00102537 -0.00094409 -0.000874332 -0.000807748 -0.000775172 -0.000745218 -0.000715044 -0.00070458 -0.000729711 -0.000776125 -0.000883784 -0.00105324 -0.00129672 -0.00162137 -0.00205175 -0.00261716 -0.003298 -0.00408504 -0.00497115 -0.00591582 -0.00686332 -0.00774896 -0.0084491 -0.00884498 -0.00880528 -0.00825432 -0.0071187 -0.0053927 -0.00312311 -0.00042568 0.00253476 0.00549394 0.00820196 0.0103842 0.0118405 0.0124248 0.0121051 0.0109278 0.0090336 0.00660577 0.00391357 0.00118105 -0.00134858 -0.00349327 -0.0051406 -0.00625464 -0.00683148 -0.00694718 -0.00667831 -0.00614347 -0.00543438 -0.00465689 -0.00388372 -0.00314202 -0.00244452 -0.00181876 -0.00126503 -0.000795912 -0.000420051 -0.000123824 0.000127665 0.000354647 0.000514832 0.000625501 0.000705751 0.00077483 0.000832637 0.00088186 0.000905281 0.000945088 0.000983173 0.00103747 0.00108044 0.00112013 0.00114094 0.00117785 0.00123833 0.00129984 0.00135339 0.0014171 0.00147152 0.0015518 0.00164489 0.0017136 0.00181697 0.00192396 0.00204584 0.00216786 0.00230272 0.00245879 0.00265413 0.00287504 0.00312062 0.00339433 0.00374985 0.00415612 0.0046142 0.0051702 0.00580579 0.00656249 0.00741304 0.00837746 0.00944588 0.0106357 0.0119132 0.0132362 0.0146037 0.015968 0.0172395 0.0183422 0.0192449 0.0198484 0.020079 0.0198496 0.0191077 0.0177803 0.0158383 0.0132946 0.0101606 0.00650756 0.00237213 -0.00216058 -0.00698394 -0.0119557 -0.0169606 -0.0218896 -0.0266006 -0.0310131 -0.0350732 -0.0387178 -0.0418712 -0.0445138 -0.0466444 -0.0482297 -0.0492627 
0 0.00433463 0.00843339 0.012134 0.0152572 0.0176584 0.0192251 0.0199387 0.0197605 0.0186728 0.0167533 0.0140982 0.0108257 0.00706926 0.00303964 -0.00109758 -0.0052152 -0.00915377 -0.0127755 -0.0159787 -0.0187032 -0.0208777 -0.0224733 -0.0235154 -0.0240233 -0.0240405 -0.0236213 -0.022832 -0.0217682 -0.0205061 -0.0191052 -0.0176058 -0.0160881 -0.0146084 -0.0131742 -0.0118323 -0.0106121 -0.00950894 -0.00850165 -0.0076009 -0.0068156 -0.0061416 -0.0055701 -0.00506905 -0.00462219 -0.0042448 -0.0039189 -0.0036212 -0.00336146 -0.0031486 -0.00296042 -0.00277964 -0.00260765 -0.00243577 -0.0023005 -0.00218904 -0.00207326 -0.00195576 -0.00184667 -0.00174607 -0.00165298 -0.00155768 -0.00146353 -0.00137346 -0.00130171 -0.00122716 -0.00113855 -0.00106383 -0.000989561 -0.000939546 -0.000915202 -0.000881413 -0.000855137 -0.000870114 -0.000931797 -0.00107629 -0.00127953 -0.00155959 -0.00195965 -0.00249422 -0.00316476 -0.00398559 -0.00492387 -0.00596432 -0.0070791 -0.00821109 -0.00924914 -0.0100716 -0.0105268 -0.0104766 -0.00981153 -0.00845796 -0.00639495 -0.0036873 -0.00046202 0.00304508 0.00654497 0.00973512 0.0123067 0.0140199 0.0147329 0.0143696 0.0129888 0.0107454 0.00786422 0.00464651 0.00140129 -0.00160436 -0.00414793 -0.00610889 -0.00743262 -0.00813182 -0.00827539 -0.00796612 -0.00732328 -0.00649092 -0.00557347 -0.00464438 -0.003749 -0.00292096 -0.00215768 -0.00149789 -0.000953515 -0.000501492 -0.000131028 0.000163512 0.000413048 0.000595168 0.000738037 0.000848311 0.000924867 0.00100009 0.00106791 0.00110183 0.00114017 0.00118146 0.00123246 0.00129187 0.00133404 0.00137008 0.00142337 0.00149866 0.00157599 0.0016479 0.0017165 0.00178889 0.00187903 0.00198432 0.00208127 0.00220126 0.00234208 0.00248992 0.00264364 0.00281561 0.00301938 0.00327123 0.00356458 0.00387458 0.0042295 0.00466428 0.00517272 0.00576614 0.00646468 0.0072722 0.00819276 0.00922442 0.0103802 0.0116581 0.0130647 0.0145454 0.0160419 0.0175478 0.0190108 0.0203501 0.0214854 0.0223555 0.0228715 0.0229283 0.0224708 0.0214361 0.0197682 0.0174424 0.0144465 0.0108203 0.00660911 0.00188714 -0.00326889 -0.00874349 -0.0143887 -0.0201036 -0.0257478 -0.0311911 -0.0363183 -0.0410682 -0.0453595 -0.0490951 -0.0522551 -0.0548035 -0.0567158 -0.0579643 
0 0.00448607 0.00873436 0.0125662 0.0158029 0.0182962 0.0199387 0.0206981 0.0205375 0.0194432 0.0174883 0.0147739 0.0114176 0.00755549 0.00337682 -0.00095642 -0.00530612 -0.0095046 -0.0134007 -0.0168882 -0.0199048 -0.0223863 -0.024298 -0.0256425 -0.026424 -0.0266703 -0.0264305 -0.0257763 -0.0247991 -0.0235743 -0.0221569 -0.020596 -0.0189726 -0.0173507 -0.015757 -0.0142383 -0.0128302 -0.0115356 -0.0103451 -0.00927068 -0.00832285 -0.00749653 -0.00677967 -0.0061481 -0.00559337 -0.00512583 -0.00472444 -0.00436062 -0.00403549 -0.00375787 -0.00351533 -0.00329509 -0.00309198 -0.00289883 -0.00273418 -0.00258836 -0.00244115 -0.00229827 -0.00217239 -0.00206102 -0.00195446 -0.00183984 -0.00171977 -0.00160739 -0.0015174 -0.00143242 -0.00134057 -0.00125597 -0.00117425 -0.00110928 -0.00106178 -0.00101727 -0.000996819 -0.00102549 -0.0011093 -0.00127229 -0.00150954 -0.00184016 -0.00230395 -0.00292627 -0.00371615 -0.00467387 -0.00576772 -0.00697217 -0.0082497 -0.00953508 -0.0107165 -0.0116522 -0.012169 -0.0121026 -0.0113212 -0.00974015 -0.00734383 -0.00420934 -0.000495044 0.00353533 0.00755353 0.0112104 0.0141616 0.0161323 0.0169504 0.0165394 0.01496 0.012385 0.00907636 0.00537303 0.00162783 -0.00184355 -0.00478559 -0.00705044 -0.00857909 -0.00939038 -0.00956576 -0.00922348 -0.00849831 -0.00753928 -0.00646995 -0.00538272 -0.00433659 -0.00336964 -0.00249382 -0.00173581 -0.0011033 -0.000580535 -0.000151762 0.000199726 0.000491921 0.000706928 0.000863136 0.000981306 0.0010762 0.00117023 0.00125358 0.00130642 0.00135155 0.00139538 0.00144668 0.00150842 0.00156463 0.00161994 0.00168944 0.00177311 0.00185512 0.00193351 0.00201594 0.00211243 0.00222974 0.0023549 0.00247086 0.00260417 0.00276573 0.00294892 0.00314973 0.00337207 0.00362724 0.00393181 0.00428587 0.00467763 0.00513268 0.00567876 0.00631348 0.00704717 0.0078996 0.00887819 0.00998171 0.0112044 0.0125486 0.0140132 0.0155908 0.0172225 0.0188442 0.0204294 0.0219243 0.023248 0.0243209 0.0250705 0.0254015 0.0252131 0.0244515 0.0230716 0.0210342 0.0183158 0.0149044 0.010831 0.00614776 0.000935204 -0.00471967 -0.0107011 -0.0168791 -0.0231521 -0.0293881 -0.0354469 -0.0412011 -0.0465662 -0.0514407 -0.0557212 -0.0593653 -0.0623274 -0.0645657 -0.0660426 
0 0.00441758 0.00861654 0.0124007 0.0156173 0.0181001 0.0197605 0.0205375 0.0204003 0.0193549 0.0174546 0.0148168 0.0115288 0.00773363 0.00358124 -0.000775647 -0.00518079 -0.00948732 -0.0135252 -0.0172077 -0.0204548 -0.0232067 -0.0254217 -0.0270689 -0.0281589 -0.0286965 -0.0287281 -0.0283101 -0.0275116 -0.0264031 -0.0250416 -0.0234936 -0.0218444 -0.0201487 -0.0184459 -0.0167812 -0.0151931 -0.0137194 -0.0123524 -0.011116 -0.0100065 -0.00901604 -0.00813957 -0.00735611 -0.00667858 -0.00610342 -0.00560797 -0.00516208 -0.00476096 -0.00440727 -0.00411112 -0.00384536 -0.00361008 -0.00339228 -0.00319147 -0.0030108 -0.00282787 -0.00265617 -0.00250589 -0.00237283 -0.00224634 -0.00211859 -0.00197802 -0.00185917 -0.00175185 -0.00165302 -0.00154869 -0.00144169 -0.00134771 -0.00127595 -0.00120905 -0.00116091 -0.00114769 -0.00118467 -0.00129049 -0.00147162 -0.0017511 -0.00214381 -0.00267233 -0.00337411 -0.00427882 -0.0053565 -0.00659838 -0.00797137 -0.00942147 -0.0108613 -0.0121838 -0.0132092 -0.01376 -0.0136514 -0.0127467 -0.0109471 -0.0082452 -0.00471215 -0.000541769 0.00399369 0.00851612 0.0126291 0.0159479 0.0181675 0.019071 0.0186036 0.0168232 0.0139287 0.0102181 0.00607142 0.00186226 -0.00204299 -0.00537397 -0.00794734 -0.00969867 -0.0106346 -0.0108467 -0.0104596 -0.00964553 -0.00855133 -0.00733291 -0.00610068 -0.00491955 -0.00381531 -0.00283431 -0.00197517 -0.0012464 -0.00065102 -0.000169244 0.000236377 0.000565092 0.000818088 0.000995519 0.00112585 0.00124259 0.00134422 0.00143006 0.00149975 0.0015568 0.00161325 0.00168143 0.00174634 0.00181898 0.00188516 0.00196324 0.00205238 0.00214055 0.00222526 0.00232599 0.00244293 0.00259041 0.00274144 0.00288366 0.00304239 0.00322509 0.00344582 0.00369402 0.00396954 0.00428144 0.00464587 0.00506453 0.00555687 0.00613149 0.00681722 0.0076026 0.00848703 0.00949963 0.0106438 0.0119346 0.0133491 0.0148734 0.0164956 0.018191 0.0199102 0.0215966 0.0231966 0.024652 0.0258706 0.0267757 0.0273021 0.0273515 0.0268535 0.0257351 0.023976 0.0215491 0.018435 0.0146442 0.0101835 0.005126 -0.000468079 -0.00649848 -0.0128557 -0.0194372 -0.0261288 -0.0328279 -0.039379 -0.0456585 -0.0515499 -0.0569329 -0.0617063 -0.0657909 -0.0691431 -0.0716895 -0.0733897 
0 0.00413458 0.00807094 0.0116483 0.014686 0.0170689 0.0186728 0.0194432 0.0193549 0.0184088 0.0166836 0.0142311 0.0111687 0.00758837 0.00362516 -0.000572473 -0.00487886 -0.00912268 -0.0131999 -0.0169814 -0.0203999 -0.0233804 -0.0258562 -0.0278076 -0.0292125 -0.0300954 -0.0304641 -0.0303586 -0.0298218 -0.028914 -0.0276942 -0.0262557 -0.0246555 -0.0229583 -0.0212039 -0.0194292 -0.0177131 -0.0160637 -0.0145422 -0.013125 -0.0118383 -0.0106808 -0.00963138 -0.00870604 -0.00789174 -0.00718904 -0.00657839 -0.00603641 -0.00555217 -0.0051392 -0.00476875 -0.00445817 -0.00415911 -0.00389816 -0.00366514 -0.0034468 -0.00324795 -0.00305377 -0.00287221 -0.0027113 -0.00255966 -0.00240609 -0.00227186 -0.00213299 -0.0020118 -0.0018838 -0.00176042 -0.00163529 -0.00153131 -0.00144022 -0.00138768 -0.00134232 -0.00131503 -0.00134067 -0.00146046 -0.00167917 -0.00200026 -0.00244052 -0.00305422 -0.0038586 -0.00484915 -0.00605342 -0.00743541 -0.00895351 -0.0105646 -0.0121742 -0.0136135 -0.0147209 -0.0152863 -0.0151333 -0.0140951 -0.0120898 -0.00908737 -0.0051788 -0.000553861 0.0044487 0.00944577 0.0139801 0.0176422 0.0200773 0.0210832 0.0205619 0.0185991 0.0154037 0.0113209 0.00673531 0.00209764 -0.00222405 -0.00591874 -0.00879891 -0.0107634 -0.0118332 -0.0120807 -0.0116636 -0.010742 -0.00953174 -0.00818465 -0.00680857 -0.00548632 -0.00426904 -0.00315236 -0.00218578 -0.00138209 -0.000713605 -0.000163955 0.000276282 0.000622473 0.000899225 0.00111858 0.00128924 0.00141044 0.00152072 0.00161102 0.0016877 0.00174893 0.0018251 0.00190155 0.00199286 0.00206184 0.00213854 0.00222389 0.00232356 0.00243262 0.00254684 0.00265802 0.00279975 0.00295517 0.00312105 0.00330869 0.00349597 0.00373013 0.00398864 0.0042859 0.00462091 0.00500703 0.00545269 0.00597479 0.00656951 0.00728159 0.0081004 0.00903951 0.0100988 0.0112673 0.0125959 0.0140517 0.0156444 0.0173238 0.0190665 0.0208332 0.0225746 0.0242445 0.0257796 0.0271002 0.0281195 0.0287635 0.028958 0.0286595 0.0277786 0.0262857 0.0241316 0.0213138 0.0178325 0.0136853 0.00892695 0.00357572 -0.00227859 -0.00857255 -0.0152006 -0.0220625 -0.0290715 -0.0360951 -0.0430276 -0.0497133 -0.0560297 -0.0618424 -0.0670289 -0.0715099 -0.0751907 -0.0780125 -0.079901 
0 0.00365645 0.0071697 0.0103566 0.0131072 0.0152612 0.0167533 0.0174883 0.0174546 0.0166836 0.0151853 0.0130436 0.0102987 0.00707499 0.00345329 -0.000440075 -0.00446318 -0.00852693 -0.0124959 -0.0162898 -0.0197895 -0.0229243 -0.0256329 -0.0278565 -0.0296009 -0.030845 -0.031591 -0.0318505 -0.0316453 -0.0310275 -0.0300545 -0.0288026 -0.0273357 -0.0256928 -0.023947 -0.0221465 -0.0203398 -0.0185869 -0.0169028 -0.0153174 -0.0138456 -0.0125068 -0.0113014 -0.010217 -0.0092593 -0.0084105 -0.00766192 -0.00701236 -0.00644891 -0.00594718 -0.00551568 -0.00511722 -0.00475255 -0.00443791 -0.00415522 -0.00391299 -0.00368882 -0.00347254 -0.00326767 -0.00307375 -0.00289317 -0.0027268 -0.00255578 -0.00241358 -0.00226534 -0.00212007 -0.00197988 -0.00183383 -0.00172536 -0.00164338 -0.00155301 -0.00149842 -0.00148848 -0.00152774 -0.00165769 -0.00187692 -0.00224161 -0.00276331 -0.00344235 -0.0043242 -0.00544982 -0.00676947 -0.00828696 -0.0099604 -0.0117082 -0.013418 -0.0149767 -0.0161597 -0.0167608 -0.0165674 -0.0154073 -0.01317 -0.00986253 -0.00556842 -0.000538892 0.00490616 0.0103254 0.0152399 0.019208 0.021867 0.0229463 0.0223958 0.0202737 0.0168117 0.0123734 0.00739422 0.00232007 -0.00240496 -0.00646375 -0.00961318 -0.0117712 -0.0129474 -0.0132383 -0.0127986 -0.0118393 -0.0105162 -0.0090237 -0.00750592 -0.00604357 -0.00467047 -0.00346184 -0.00239912 -0.00149055 -0.000759675 -0.000179567 0.000306721 0.000694255 0.00101392 0.00124424 0.00141845 0.00158418 0.0017078 0.0017986 0.00188872 0.00196093 0.00204453 0.00214073 0.00221923 0.00231076 0.00239445 0.0024905 0.00260927 0.00274333 0.00288232 0.00302779 0.00317639 0.003346 0.00352741 0.00374183 0.00398906 0.00426486 0.00458547 0.00493821 0.00533997 0.00581594 0.00637248 0.00700654 0.00774309 0.00857789 0.0095363 0.0106335 0.0118617 0.0132287 0.0147221 0.0163452 0.0180665 0.0198521 0.0216701 0.0234511 0.025153 0.0267282 0.0280953 0.0291897 0.0299222 0.0302214 0.0300335 0.0293022 0.0280129 0.0260983 0.0235508 0.0203594 0.0165188 0.012083 0.00705951 0.00152157 -0.00451002 -0.0109577 -0.01774 -0.0247933 -0.0319822 -0.0392316 -0.0463965 -0.0533699 -0.0599945 -0.0661262 -0.0716616 -0.0764501 -0.0804186 -0.0834493 -0.0854935 
0 0.00303444 0.00595686 0.00864208 0.0109503 0.0128011 0.0140982 0.0147739 0.0148168 0.0142311 0.0130436 0.0112526 0.00894097 0.00617338 0.00301725 -0.000422396 -0.00406027 -0.00778908 -0.0115547 -0.0152264 -0.0187063 -0.0219205 -0.0247937 -0.027281 -0.0293362 -0.0309454 -0.0320742 -0.0327279 -0.0329175 -0.0326762 -0.0320309 -0.0310598 -0.0297839 -0.0282741 -0.0266136 -0.0248425 -0.0230358 -0.021197 -0.0194169 -0.0176823 -0.0160529 -0.0145588 -0.0131801 -0.0119379 -0.0108134 -0.00979974 -0.00890099 -0.00812112 -0.00743807 -0.00684499 -0.00630648 -0.00584773 -0.0054128 -0.00504665 -0.00471717 -0.00441061 -0.00414254 -0.00389074 -0.00365342 -0.0034403 -0.0032404 -0.00303889 -0.0028616 -0.00267964 -0.00251177 -0.00234833 -0.00220734 -0.00205472 -0.00192848 -0.00180645 -0.00172635 -0.00167402 -0.00165454 -0.00169924 -0.00186224 -0.00212872 -0.00252497 -0.00307681 -0.00384129 -0.00483498 -0.00604982 -0.00750323 -0.00915422 -0.0109474 -0.0128278 -0.014682 -0.0163228 -0.0175627 -0.0181631 -0.0179175 -0.0166222 -0.0141896 -0.0105934 -0.00595039 -0.000509189 0.00533704 0.0111521 0.0164054 0.0206517 0.0234869 0.0246672 0.0240867 0.0218267 0.0181126 0.0133525 0.00798074 0.00252534 -0.00257126 -0.0069477 -0.010374 -0.0127267 -0.0140336 -0.0143735 -0.0139286 -0.0128796 -0.0114634 -0.00985717 -0.00819116 -0.00657786 -0.00509321 -0.00374965 -0.00259434 -0.00163369 -0.000832967 -0.000168988 0.000368063 0.000777572 0.0011106 0.00137552 0.00158414 0.00174199 0.00188279 0.00199954 0.00211474 0.00219619 0.00228783 0.00237617 0.00248088 0.00257607 0.00269068 0.0028067 0.00293325 0.00307505 0.00322966 0.00338574 0.00357477 0.00377078 0.0039841 0.00425284 0.00453101 0.00486914 0.00523923 0.00566062 0.00614322 0.00671492 0.00738044 0.00815455 0.00903073 0.0100351 0.011145 0.0124068 0.0138233 0.0153544 0.0170261 0.0187645 0.0205771 0.0224083 0.024231 0.0259717 0.0275675 0.0289692 0.030086 0.0308549 0.0312206 0.0311217 0.0304877 0.0293091 0.0275485 0.0252065 0.0222532 0.0187032 0.0145638 0.00986143 0.00466237 -0.0010255 -0.00713994 -0.0136534 -0.0204999 -0.027615 -0.0349002 -0.0422295 -0.0495212 -0.0566386 -0.0634429 -0.0697917 -0.0755565 -0.0805925 -0.0847532 -0.08795 -0.0901001 
0 0.00228481 0.0045094 0.00654554 0.00832826 0.00976544 0.0108257 0.0114176 0.0115288 0.0111687 0.0102987 0.00894097 0.00711756 0.00490789 0.0023203 -0.00058176 -0.00371246 -0.00702819 -0.0104527 -0.0138998 -0.0172526 -0.0204588 -0.0234515 -0.0261448 -0.028489 -0.0304331 -0.0319415 -0.0330076 -0.0336269 -0.0338051 -0.033554 -0.0329157 -0.0319245 -0.0306306 -0.0291354 -0.0274802 -0.0257042 -0.0238615 -0.0220136 -0.0201926 -0.0184368 -0.0167839 -0.0152373 -0.0138159 -0.0125264 -0.0113578 -0.0103064 -0.00938413 -0.00856991 -0.00783787 -0.00720311 -0.00665003 -0.00615545 -0.00573156 -0.0053357 -0.00497123 -0.00464878 -0.00435518 -0.00408985 -0.00384335 -0.00361189 -0.00338762 -0.00316844 -0.0029763 -0.00278864 -0.00261436 -0.00245783 -0.0022856 -0.00214139 -0.00201103 -0.00188691 -0.00182605 -0.00183331 -0.00190589 -0.00208372 -0.00236596 -0.00281119 -0.00344194 -0.00426617 -0.00532676 -0.00665447 -0.00821458 -0.00999346 -0.0119395 -0.0139496 -0.0158919 -0.0176219 -0.0189001 -0.0194903 -0.0191713 -0.0177389 -0.0150882 -0.0112289 -0.00626785 -0.000489269 0.00572879 0.0119065 0.0174948 0.0220071 0.0250257 0.0262567 0.025632 0.0232244 0.0192904 0.0142482 0.0085666 0.00276238 -0.00267638 -0.00738264 -0.0110714 -0.0136249 -0.0150546 -0.0154472 -0.0149874 -0.0139006 -0.0123764 -0.0106306 -0.00883438 -0.00709355 -0.00547551 -0.00404799 -0.0028035 -0.00174067 -0.000871003 -0.000165461 0.00041742 0.00087666 0.00125065 0.00152104 0.00172336 0.00191133 0.00206176 0.00218758 0.00232173 0.00242659 0.00253349 0.00263895 0.00273364 0.00285252 0.00298285 0.00311613 0.00325845 0.00340937 0.003577 0.00376537 0.00398477 0.00422809 0.00449035 0.0048002 0.00513694 0.00551758 0.00596634 0.00647993 0.00707421 0.00776739 0.00855556 0.00945629 0.0104952 0.0116652 0.0129562 0.0143944 0.0159681 0.0176587 0.0194432 0.0212788 0.0231266 0.0249456 0.0267012 0.0283063 0.0297117 0.030854 0.0316353 0.0320072 0.0319388 0.0313865 0.0302963 0.02864 0.026427 0.0236422 0.0203046 0.0164337 0.0120307 0.00714905 0.00180397 -0.00395726 -0.0101169 -0.0166268 -0.0234474 -0.0305499 -0.0378055 -0.0451361 -0.052425 -0.0595783 -0.0664393 -0.0728707 -0.0787634 -0.0839148 -0.0881937 -0.091466 -0.0936755 
0 0.00144575 0.00286218 0.00417045 0.00532527 0.00630002 0.00706926 0.00755549 0.00773363 0.00758837 0.00707499 0.00617338 0.00490789 0.00330992 0.00135087 -0.000942694 -0.00351481 -0.00632269 -0.00932949 -0.0124491 -0.0155897 -0.018708 -0.0217293 -0.0245565 -0.0271127 -0.0293463 -0.0312108 -0.0326812 -0.0337332 -0.0343495 -0.0345234 -0.0342937 -0.0336671 -0.0326894 -0.0314431 -0.0299605 -0.0282929 -0.0264924 -0.0246551 -0.0227951 -0.0209528 -0.019171 -0.0174653 -0.0158821 -0.0144321 -0.013103 -0.0118935 -0.0108163 -0.00985244 -0.00898862 -0.00822688 -0.00757381 -0.00698636 -0.00647927 -0.00601141 -0.00557929 -0.005204 -0.00486809 -0.00455859 -0.00427364 -0.00401085 -0.00375942 -0.00352924 -0.00330848 -0.003089 -0.00288165 -0.00270075 -0.00251226 -0.00235453 -0.00221209 -0.00210087 -0.0020407 -0.00203302 -0.00210037 -0.00229722 -0.00262067 -0.00311309 -0.00380191 -0.00471426 -0.00587019 -0.00728067 -0.00894502 -0.0108374 -0.0128991 -0.015034 -0.0170934 -0.0188854 -0.0201805 -0.0207351 -0.0203294 -0.0187557 -0.0159185 -0.0118106 -0.00655504 -0.00044378 0.00610964 0.0126111 0.0184803 0.0232176 0.0263816 0.0276811 0.0270265 0.0245018 0.0203682 0.0150702 0.00908949 0.00297791 -0.00276696 -0.0077546 -0.0116997 -0.0144539 -0.0160196 -0.0164752 -0.0160121 -0.0148545 -0.0132419 -0.0113935 -0.00947456 -0.00760764 -0.00587694 -0.0043255 -0.00297793 -0.00184075 -0.000900574 -0.000132374 0.000483989 0.000955257 0.00134173 0.00165095 0.00189793 0.0021008 0.00226245 0.00239583 0.00253562 0.00264817 0.00276712 0.00288582 0.00300591 0.00313757 0.00328839 0.00343888 0.00359828 0.00377308 0.00396851 0.00418594 0.0044421 0.00471966 0.00502845 0.00540022 0.00579913 0.00625876 0.00679198 0.00741478 0.00813877 0.00897092 0.00989958 0.0109486 0.0121453 0.0134939 0.0149617 0.0165655 0.0182827 0.0200741 0.0219339 0.0237988 0.0256386 0.0273919 0.0290061 0.0303956 0.0315139 0.0323125 0.0326929 0.0326102 0.0320569 0.031009 0.029426 0.0273016 0.0246407 0.0214548 0.0177669 0.0136172 0.00901843 0.00400397 -0.00140916 -0.00721106 -0.0133648 -0.0198282 -0.0265704 -0.0335697 -0.0407246 -0.047946 -0.0551484 -0.0622247 -0.0690249 -0.075418 -0.0812878 -0.08644 -0.0907124 -0.093989 -0.0961974 
0 0.000556936 0.00111683 0.0016458 0.00213441 0.0026029 0.00303964 0.00337682 0.00358124 0.00362516 0.00345329 0.00301725 0.0023203 0.00135087 4.58632e-05 -0.00159938 -0.00354898 -0.00577707 -0.00827885 -0.0109872 -0.0138294 -0.0167653 -0.0197163 -0.0225817 -0.0252767 -0.0277498 -0.0299379 -0.0317869 -0.0332501 -0.0342967 -0.0349176 -0.0351358 -0.0349361 -0.0343415 -0.0334155 -0.0321885 -0.0307124 -0.029044 -0.0272818 -0.0254388 -0.0235561 -0.0216877 -0.0198649 -0.0181441 -0.0165378 -0.0150407 -0.0136625 -0.0124265 -0.011316 -0.0103126 -0.00941113 -0.00862337 -0.00791573 -0.00730341 -0.00675449 -0.0062574 -0.00582759 -0.0054395 -0.00507569 -0.00473918 -0.00443579 -0.00415385 -0.00390064 -0.00365166 -0.00340138 -0.00316213 -0.0029528 -0.00275058 -0.00258226 -0.00242945 -0.0023098 -0.00224698 -0.00224776 -0.00232983 -0.00253683 -0.00288645 -0.0034238 -0.00417729 -0.00516748 -0.006413 -0.00792193 -0.00969764 -0.0117025 -0.0138721 -0.0160969 -0.018226 -0.0200625 -0.0213765 -0.0219087 -0.0214268 -0.0197134 -0.016674 -0.0123117 -0.00677434 -0.0003681 0.006473 0.0132409 0.0193452 0.0242711 0.0275633 0.0289242 0.0282527 0.0256372 0.0213439 0.0158256 0.00958082 0.00318097 -0.00285688 -0.00811158 -0.0122813 -0.0152052 -0.0168849 -0.0174046 -0.0169639 -0.0157835 -0.0141055 -0.0121514 -0.0101036 -0.00809954 -0.00624434 -0.00458245 -0.00314224 -0.00192577 -0.000921907 -0.000106552 0.000543366 0.00105049 0.00146368 0.00179705 0.00206849 0.00229337 0.00247263 0.00261698 0.00276109 0.0028874 0.00302248 0.00315751 0.00329572 0.00344257 0.00360957 0.0037762 0.00395726 0.00416471 0.00440305 0.00466517 0.0049601 0.00527038 0.00562409 0.00605901 0.00654519 0.007107 0.00775023 0.00849313 0.00935156 0.0103318 0.0114196 0.0126364 0.0140017 0.0155149 0.0171367 0.0188766 0.0207036 0.0225657 0.0244466 0.0262801 0.0280348 0.0296448 0.031038 0.0321258 0.0328736 0.0332521 0.033182 0.0326211 0.0315704 0.0300168 0.0279396 0.0253568 0.022283 0.0187411 0.0147535 0.0103659 0.00560298 0.000492369 -0.00495659 -0.0107563 -0.0168687 -0.0232455 -0.0298577 -0.0366867 -0.0436511 -0.050672 -0.0576848 -0.0645797 -0.071204 -0.0774283 -0.0831384 -0.0881549 -0.0923152 -0.0955155 -0.0976745 
0 -0.000354619 -0.000661211 -0.000929759 -0.00110491 -0.00117011 -0.00109758 -0.00095642 -0.000775647 -0.000572473 -0.000440075 -0.000422396 -0.00058176 -0.000942694 -0.00159938 -0.00258399 -0.00386641 -0.00547749 -0.00741202 -0.00964916 -0.0121132 -0.014767 -0.0175457 -0.0203448 -0.0230964 -0.0257333 -0.0281789 -0.0303522 -0.0321912 -0.0336541 -0.034735 -0.0354119 -0.0356694 -0.0354965 -0.034951 -0.0340686 -0.0328638 -0.0314202 -0.0297924 -0.0280357 -0.026183 -0.0242951 -0.0224196 -0.0205946 -0.0188451 -0.0171819 -0.0156291 -0.0142245 -0.0129591 -0.0117926 -0.0107492 -0.00981027 -0.00898377 -0.00825884 -0.00760945 -0.00702909 -0.00652045 -0.00606176 -0.00563981 -0.00524653 -0.00489275 -0.0045775 -0.00427883 -0.00400455 -0.0037262 -0.00346955 -0.00323947 -0.0030218 -0.00282506 -0.00265901 -0.00251435 -0.00245126 -0.00247276 -0.0025812 -0.00280823 -0.00318754 -0.00376534 -0.0045817 -0.00563937 -0.00696636 -0.0085832 -0.0104555 -0.0125593 -0.0148329 -0.0171416 -0.0193238 -0.0212032 -0.0225132 -0.0230013 -0.0224249 -0.0205737 -0.0173363 -0.0127483 -0.00695666 -0.000295243 0.00680054 0.01379 0.020096 0.0251734 0.0285766 0.0299844 0.0293047 0.0266106 0.0221898 0.0164815 0.0100198 0.00337158 -0.00291535 -0.0084162 -0.0127925 -0.0158897 -0.0176903 -0.0182834 -0.0178588 -0.0166705 -0.01493 -0.0128767 -0.0107155 -0.00858587 -0.00659611 -0.00483664 -0.00331124 -0.0020152 -0.000947951 -7.83262e-05 0.000617486 0.00116756 0.00161183 0.00195962 0.00223624 0.0024815 0.0026695 0.00283477 0.00299875 0.00315313 0.00330476 0.00345858 0.00360063 0.00377419 0.00395922 0.00415158 0.00435882 0.00459223 0.00486548 0.00517933 0.00552224 0.00589433 0.00631959 0.00682832 0.0074241 0.00809045 0.0088608 0.00972954 0.010725 0.011855 0.01311 0.0145033 0.016052 0.0177161 0.0194687 0.0213018 0.0231837 0.0250778 0.0269124 0.0286491 0.0302228 0.0315947 0.0326848 0.0334025 0.0337295 0.0336388 0.0330816 0.0320271 0.0304793 0.0284309 0.0258835 0.0228607 0.0194186 0.0155665 0.0113409 0.00676644 0.00186678 -0.00330998 -0.00878308 -0.0145374 -0.0205725 -0.0268209 -0.0332591 -0.0398745 -0.0465746 -0.0533247 -0.0600457 -0.0666571 -0.0729909 -0.0789186 -0.0843447 -0.0890913 -0.0930412 -0.0960778 -0.0981355 
0 -0.00125258 -0.00242792 -0.00345321 -0.00430187 -0.00488501 -0.0052152 -0.00530612 -0.00518079 -0.00487886 -0.00446318 -0.00406027 -0.00371246 -0.00351481 -0.00354898 -0.00386641 -0.00449589 -0.00546119 -0.00682022 -0.00853172 -0.0105549 -0.0128498 -0.015362 -0.018015 -0.0207264 -0.0234287 -0.0260351 -0.0284514 -0.0306094 -0.0324635 -0.0339687 -0.0351038 -0.0358068 -0.0360927 -0.0359884 -0.0355069 -0.0346696 -0.0335011 -0.0320977 -0.0304932 -0.0287435 -0.0269054 -0.0250214 -0.0231402 -0.0212934 -0.0194972 -0.017802 -0.0162358 -0.0147918 -0.0134702 -0.0122553 -0.0111834 -0.0102253 -0.00937084 -0.00860352 -0.00790891 -0.00730303 -0.00677435 -0.00628278 -0.00583399 -0.0054237 -0.00504509 -0.00471459 -0.00439026 -0.0040859 -0.00380864 -0.00355819 -0.00332014 -0.00309444 -0.00288592 -0.00275059 -0.00268516 -0.00270197 -0.00282911 -0.00309182 -0.00351372 -0.0041345 -0.00499452 -0.00613238 -0.00754569 -0.00922544 -0.0111937 -0.0133986 -0.0157518 -0.0181459 -0.0204069 -0.0222887 -0.0235732 -0.0239944 -0.0233003 -0.0212964 -0.017895 -0.0131 -0.00710129 -0.000219491 0.007084 0.0142713 0.0207425 0.0259558 0.0294373 0.0308872 0.0301823 0.0274261 0.0228938 0.0170459 0.0104125 0.00357602 -0.00292614 -0.00862725 -0.0132176 -0.0164939 -0.0184221 -0.0190981 -0.0187107 -0.0174775 -0.0156853 -0.0135589 -0.0112851 -0.00904094 -0.00695821 -0.00507984 -0.0034586 -0.0020981 -0.000960005 -2.22181e-05 0.000725407 0.00130451 0.00175646 0.00213003 0.00243746 0.00267006 0.00287264 0.00305776 0.00324428 0.00342694 0.00359781 0.00375521 0.0039249 0.00410237 0.00432088 0.00455101 0.00479066 0.00506201 0.0053689 0.00572562 0.00613684 0.00658614 0.00710808 0.00772494 0.00841989 0.00921946 0.0101138 0.0111389 0.0122995 0.013593 0.015017 0.0165783 0.0182759 0.0200759 0.0219191 0.0237949 0.0256826 0.0275193 0.0292605 0.0308079 0.0321299 0.033173 0.0338719 0.0341693 0.0340271 0.0334417 0.0323699 0.0308029 0.0287608 0.0262493 0.0232725 0.0198784 0.0161084 0.0120147 0.007606 0.0028978 -0.00208228 -0.00732042 -0.0127788 -0.0184849 -0.0243945 -0.0304807 -0.0367211 -0.0430741 -0.0494947 -0.0558957 -0.0622625 -0.0684784 -0.0744096 -0.0799369 -0.0849457 -0.0893325 -0.0929496 -0.0957486 -0.0976308 
0 -0.00210405 -0.00407701 -0.00584357 -0.00730597 -0.00842512 -0.00915377 -0.0095046 -0.00948732 -0.00912268 -0.00852693 -0.00778908 -0.00702819 -0.00632269 -0.00577707 -0.00547749 -0.00546119 -0.00581665 -0.00656767 -0.00772392 -0.00924644 -0.011111 -0.0132913 -0.0157057 -0.0182804 -0.0209381 -0.023596 -0.02617 -0.0285808 -0.0307542 -0.0326516 -0.0341892 -0.0353507 -0.0361066 -0.0364718 -0.0364513 -0.0360087 -0.0352197 -0.0341057 -0.03275 -0.031176 -0.0294362 -0.0276031 -0.0257202 -0.02383 -0.0219645 -0.0201564 -0.018444 -0.0168451 -0.0153434 -0.0139851 -0.0127434 -0.011643 -0.0106368 -0.00972247 -0.00890764 -0.00819876 -0.00757444 -0.0070137 -0.00649246 -0.0060138 -0.00559314 -0.00519507 -0.00483427 -0.00448569 -0.00416701 -0.0038732 -0.00361927 -0.00337576 -0.00317657 -0.00300618 -0.00293484 -0.00297376 -0.00311732 -0.00338101 -0.00383684 -0.00451679 -0.00545706 -0.00664607 -0.00811552 -0.00989058 -0.0119349 -0.0142256 -0.0166835 -0.0191389 -0.0214099 -0.023307 -0.0245512 -0.0248923 -0.0240859 -0.0219459 -0.0183564 -0.0133843 -0.00719923 -0.000140715 0.00733585 0.0146598 0.0212698 0.0265733 0.0301222 0.031594 0.0308812 0.0280682 0.0234726 0.0175125 0.0107561 0.00376443 -0.00290865 -0.00881055 -0.0135695 -0.0170075 -0.0190654 -0.0198281 -0.0194707 -0.0182638 -0.0164229 -0.0142009 -0.0118377 -0.00949255 -0.00728524 -0.00532672 -0.00361762 -0.00215022 -0.000936289 4.6021e-05 0.000816061 0.00143345 0.00192395 0.00230945 0.00262056 0.00289889 0.00311548 0.00331501 0.00349946 0.00369858 0.00388782 0.00407448 0.00425044 0.00446996 0.00471126 0.00498414 0.00527332 0.00558789 0.00594858 0.00636816 0.00684003 0.00738197 0.00801323 0.00873548 0.00957563 0.0104956 0.0115511 0.0127405 0.0140831 0.0155575 0.0171419 0.018835 0.0206447 0.0225144 0.0244113 0.0262839 0.0280973 0.0298225 0.0313516 0.0326561 0.0336431 0.0342952 0.0345512 0.034365 0.0337377 0.0326374 0.0310554 0.0289863 0.0264674 0.0235315 0.020198 0.0164914 0.0124751 0.008174 0.00362842 -0.00117069 -0.00620942 -0.0114541 -0.0169078 -0.0225239 -0.0283032 -0.0341953 -0.0401965 -0.0462781 -0.0523559 -0.0583907 -0.0643054 -0.0700402 -0.0754621 -0.0804718 -0.0849915 -0.0889006 -0.0921286 -0.0945918 -0.0962462 
