0 0 0 0 0 0 0 0 0 0 0 0 0 0 0 0 0 0 0 0 0 0 0 0 0 0 0 0 0 0 0 0 0 0 0 0 0 0 0 0 0 0 0 0 0 0 0 0 0 0 0 0 0 0 0 0 0 0 0 0 0 0 0 0 0 0 0 0 0 0 0 0 0 0 0 0 0 0 0 0 0 0 0 0 0 0 0 0 0 0 0 0 0 0 0 0 0 0 0 0 0 0 0 0 0 0 0 0 0 0 0 0 0 0 0 0 0 0 0 0 0 0 0 0 0 0 0 0 0 0 0 0 0 0 0 0 0 0 0 0 0 0 0 0 0 0 0 0 0 0 0 0 0 0 0 0 0 0 0 0 0 0 0 0 0 0 0 0 0 0 0 0 0 0 0 0 0 0 0 0 0 0 0 0 0 0 0 0 0 0 0 0 0 0 0 0 0 0 0 0 
0 0.000187091 0.00037652 0.000576224 0.000797132 0.00103486 0.00129799 0.00158634 0.00189884 0.00222858 0.00256601 0.00289888 0.00321321 0.00349915 0.00373109 0.0038817 0.00391796 0.00382749 0.00360476 0.00325394 0.00275725 0.00210809 0.00132655 0.000435806 -0.000507841 -0.00146565 -0.00239426 -0.00329287 -0.00411982 -0.00482519 -0.00538363 -0.00576066 -0.00596865 -0.00601438 -0.00593286 -0.00572643 -0.00540952 -0.0050076 -0.00454653 -0.00406083 -0.00356997 -0.00308154 -0.00262503 -0.00221183 -0.0018435 -0.00154089 -0.00129329 -0.00110765 -0.000955594 -0.000851896 -0.000791314 -0.000781278 -0.000821018 -0.000892855 -0.00100241 -0.00114224 -0.00129031 -0.00144565 -0.0016084 -0.00175738 -0.00187801 -0.00192788 -0.0019154 -0.00183158 -0.00166866 -0.00141395 -0.00109658 -0.000721538 -0.000309421 0.000119485 0.000530405 0.000897877 0.00119253 0.00139944 0.00151029 0.00153487 0.00147764 0.00135444 0.00120249 0.00103025 0.000855899 0.000693901 0.000556043 0.00044194 0.000358128 0.000291707 0.000243802 0.000202366 0.000179922 0.000158099 0.000141955 0.000132406 0.00013233 0.000131496 0.000141462 0.000137377 0.000130994 0.000125998 0.000129022 0.000130798 0.000143014 0.000144476 0.000147347 0.0001546 0.000167324 0.000172417 0.000184565 0.000184791 0.000191284 0.000205341 0.000222152 0.000229635 0.000237638 0.000233442 0.000236883 0.000248845 0.000281876 0.000334481 0.000423063 0.000544845 0.000696426 0.000868625 0.00106112 0.00124738 0.00140922 0.00151447 0.00153343 0.00145471 0.00128542 0.00103495 0.000705061 0.000324408 -8.02617e-05 -0.000483551 -0.000865791 -0.00119209 -0.00145448 -0.00163252 -0.00172451 -0.00172656 -0.00167586 -0.00157304 -0.00144127 -0.00128458 -0.00111814 -0.000962031 -0.000823563 -0.000711949 -0.000649904 -0.000620357 -0.000625595 -0.000675005 -0.000761405 -0.000905392 -0.00109362 -0.00134394 -0.00164325 -0.00199535 -0.00239236 -0.002836 -0.00332483 -0.00382709 -0.00430636 -0.00474867 -0.00512492 -0.00542169 -0.00562871 -0.00571019 -0.00564833 -0.00540785 -0.00500264 -0.00443412 -0.00373064 -0.00290659 -0.00198771 -0.00102916 -5.66682e-05 0.000887938 0.00177452 0.00256782 0.00324934 0.00378212 0.00414913 0.00437285 0.0044812 0.00448374 0.00438156 0.00418661 0.00391552 0.00361901 0.00333259 0.00306444 0.00279161 0.00251696 0.00227044 0.00207399 0.00193755 0.00182915 0.00173114 0.00164336 
0 0.00037652 0.000757882 0.00116588 0.00160671 0.00208541 0.00261132 0.00319098 0.00381474 0.00446418 0.00512825 0.00578566 0.00640841 0.00696718 0.0074034 0.00767377 0.00772956 0.00754268 0.00710244 0.00638274 0.00537603 0.00407137 0.00253339 0.000803966 -0.00104915 -0.00292908 -0.0047833 -0.0065441 -0.00815586 -0.00952006 -0.0106045 -0.0113733 -0.0117984 -0.0119157 -0.0117528 -0.0113504 -0.0107403 -0.00996811 -0.00907837 -0.00812303 -0.00713916 -0.00616784 -0.00525948 -0.0044471 -0.00372811 -0.00311351 -0.00262086 -0.00222605 -0.00193154 -0.00173559 -0.00162489 -0.00160552 -0.0016685 -0.00180328 -0.00201713 -0.00227989 -0.0025803 -0.00291089 -0.00323511 -0.00352038 -0.00372882 -0.0038532 -0.00384673 -0.00367816 -0.00334884 -0.00284382 -0.00219273 -0.00143477 -0.000598989 0.000247127 0.00107039 0.00179809 0.002361 0.00278121 0.00302109 0.00306794 0.00296303 0.00272497 0.00240342 0.00206403 0.00172021 0.00140394 0.00112438 0.000895072 0.000715798 0.000577336 0.000476721 0.000417551 0.000371204 0.000337497 0.000308427 0.000275997 0.000258166 0.000267861 0.000269619 0.000272394 0.000273776 0.000262697 0.00026766 0.000288429 0.000289803 0.000296516 0.000301315 0.000302549 0.000325237 0.000353982 0.000366775 0.000387408 0.000406583 0.000425317 0.000448892 0.000463648 0.000459161 0.000463194 0.000477013 0.000511437 0.000576547 0.000684948 0.000853858 0.00109618 0.00139929 0.00176084 0.0021311 0.00249509 0.00281672 0.0030101 0.00305105 0.00292357 0.00258408 0.0020798 0.00142441 0.000646981 -0.000171055 -0.000987173 -0.00174215 -0.00239467 -0.00291492 -0.00325087 -0.00342402 -0.00346714 -0.00336808 -0.00315572 -0.00287099 -0.00256399 -0.00225 -0.00194392 -0.00167373 -0.00146191 -0.00132636 -0.00125808 -0.00126089 -0.00136212 -0.00155905 -0.00184092 -0.00222431 -0.00270836 -0.00330757 -0.00402004 -0.00482166 -0.00570879 -0.00666414 -0.00763034 -0.00856442 -0.00943052 -0.0101773 -0.0107604 -0.0111373 -0.0112821 -0.0111338 -0.0106758 -0.00988434 -0.0087697 -0.00738295 -0.00574812 -0.00395578 -0.00207172 -0.000165734 0.00170874 0.0034678 0.00503021 0.00636836 0.00742062 0.00817204 0.00864847 0.00887926 0.00888044 0.00867472 0.00830657 0.00781333 0.00724989 0.00668371 0.00612722 0.0055827 0.00506192 0.00459473 0.00421015 0.00390286 0.00366926 0.003475 0.00333037 
0 0.000576224 0.00116588 0.00178783 0.00246345 0.00318487 0.00397831 0.00484329 0.00576429 0.00671687 0.00768447 0.00864153 0.00953925 0.0103235 0.0109168 0.011266 0.011313 0.011022 0.0103436 0.0092587 0.00773931 0.00581829 0.00358045 0.00107037 -0.00161232 -0.00438091 -0.00709119 -0.00967919 -0.0120137 -0.0139903 -0.0155853 -0.0167237 -0.0174 -0.0175948 -0.0173866 -0.0168113 -0.0159357 -0.0148304 -0.0135451 -0.0121545 -0.0107193 -0.00928796 -0.0079564 -0.00675585 -0.00567734 -0.00476267 -0.00399482 -0.00340637 -0.00294602 -0.0026492 -0.00248683 -0.00245648 -0.002548 -0.00272956 -0.00303173 -0.00344124 -0.0038933 -0.00436627 -0.00484504 -0.00527269 -0.00561396 -0.00576939 -0.00574903 -0.00551516 -0.00503243 -0.00426323 -0.00328845 -0.00214252 -0.00089903 0.000372683 0.00158102 0.00265957 0.00353297 0.00416134 0.00451265 0.00460073 0.00443758 0.00407231 0.00361249 0.00309716 0.00258035 0.00210255 0.00169209 0.00134814 0.00108645 0.000878261 0.000729884 0.000615003 0.000557734 0.000506132 0.000463653 0.000428088 0.000410041 0.00039303 0.000408127 0.000400233 0.000396403 0.000399665 0.000420768 0.00043105 0.000453147 0.000442636 0.000436666 0.000451006 0.000493168 0.000526136 0.000574548 0.000587552 0.00060509 0.00063362 0.000667523 0.000681943 0.000702532 0.0007011 0.000722793 0.000768485 0.000869354 0.0010274 0.00128961 0.0016557 0.00211525 0.00263797 0.00320883 0.00375239 0.00421494 0.00451101 0.00456541 0.00434541 0.00385706 0.00311654 0.00212633 0.000967119 -0.00026843 -0.00149043 -0.00262856 -0.00358833 -0.00435144 -0.00487292 -0.00515308 -0.00518169 -0.00503902 -0.00472852 -0.00432079 -0.00384998 -0.00337107 -0.00293478 -0.00254831 -0.00222497 -0.00202217 -0.00191531 -0.00192922 -0.00209563 -0.0023885 -0.00283912 -0.00340851 -0.00414703 -0.00504138 -0.00610608 -0.00730456 -0.00861128 -0.0100026 -0.0114049 -0.012752 -0.0140178 -0.0151062 -0.0159412 -0.0164724 -0.0166269 -0.0163877 -0.0156804 -0.0145176 -0.0128804 -0.0108409 -0.00846191 -0.00583651 -0.00310237 -0.000311965 0.00242565 0.00499706 0.00727946 0.00923032 0.0107924 0.0119398 0.0126959 0.013076 0.013095 0.0128121 0.0123193 0.0116555 0.0108813 0.0100457 0.00920814 0.00839763 0.00765541 0.00700251 0.00642286 0.00593888 0.00554917 0.005273 0.00508943 
0 0.000797132 0.00160671 0.00246345 0.00338113 0.00436303 0.00542041 0.00655701 0.00775405 0.00898609 0.0102337 0.0114486 0.0125587 0.0135018 0.0141943 0.0145824 0.0145893 0.0141452 0.0132064 0.0117357 0.00974975 0.00726711 0.00439387 0.00118277 -0.00227019 -0.00580314 -0.00929173 -0.0125942 -0.015595 -0.0181437 -0.0202016 -0.0217122 -0.0226182 -0.022947 -0.0227359 -0.0220508 -0.0209586 -0.0195494 -0.0179091 -0.0161362 -0.0143006 -0.0124743 -0.0107412 -0.00915857 -0.00773406 -0.00650028 -0.00549053 -0.00467494 -0.00405315 -0.00362887 -0.00338383 -0.00332396 -0.00343234 -0.00368608 -0.00409484 -0.00460778 -0.00519527 -0.00583554 -0.00646769 -0.00702814 -0.00744416 -0.00767892 -0.00765384 -0.0073151 -0.00665871 -0.0056624 -0.00437945 -0.00287979 -0.00122546 0.000460342 0.00209527 0.00354315 0.00468013 0.00551734 0.00599443 0.0060948 0.00588845 0.00542288 0.00479676 0.00412295 0.0034404 0.002808 0.00225343 0.00179925 0.00144505 0.00117189 0.000970798 0.000840717 0.000742777 0.000668582 0.000607014 0.000548704 0.000519951 0.00053552 0.000543194 0.000545002 0.000539812 0.000517362 0.000523555 0.000557626 0.000570006 0.000587829 0.00060221 0.000612808 0.000654684 0.000702053 0.000726854 0.000759841 0.000795013 0.000836318 0.000886097 0.000917889 0.000917927 0.000924255 0.000951228 0.00102201 0.00115815 0.00138299 0.00172879 0.00221367 0.00281947 0.00353272 0.00427192 0.00499269 0.00561757 0.00599416 0.00606299 0.00578673 0.00510623 0.00409475 0.00278795 0.00125378 -0.000363267 -0.00197556 -0.00347276 -0.00476945 -0.00580092 -0.0064771 -0.00682665 -0.00690431 -0.00671096 -0.00629857 -0.00574439 -0.00513774 -0.00451953 -0.0039243 -0.00340223 -0.00299599 -0.00274444 -0.0026332 -0.00266933 -0.00289444 -0.00330699 -0.00389892 -0.0046917 -0.0056833 -0.00688665 -0.00829053 -0.00984966 -0.011548 -0.0133463 -0.0151476 -0.0168771 -0.0184749 -0.019841 -0.0208802 -0.0215059 -0.0216653 -0.0212749 -0.020314 -0.0187612 -0.0166404 -0.0140334 -0.0109816 -0.00762773 -0.00409569 -0.000517489 0.00299163 0.00627727 0.00920713 0.0117438 0.0138014 0.015347 0.0163899 0.0169453 0.0170377 0.0167456 0.0161817 0.0154028 0.0144538 0.0134102 0.0123306 0.011289 0.0103397 0.00949337 0.00873806 0.00807098 0.00754621 0.0071703 0.00694013 
0 0.00103486 0.00208541 0.00318487 0.00436303 0.00560771 0.00693013 0.00832526 0.00977883 0.0112683 0.0127579 0.0141751 0.0154314 0.0164623 0.017197 0.0175678 0.0174725 0.0168306 0.0155867 0.0137488 0.0113203 0.00834197 0.00490197 0.0010612 -0.00303636 -0.00723868 -0.0113564 -0.0152848 -0.0188517 -0.0219032 -0.0243879 -0.0262183 -0.027377 -0.0278453 -0.027693 -0.0269551 -0.025711 -0.0240727 -0.0221456 -0.0200537 -0.0178853 -0.0157005 -0.0136086 -0.0116646 -0.00989025 -0.00835871 -0.00707281 -0.00605391 -0.00524818 -0.00469381 -0.00437145 -0.00428203 -0.0044065 -0.00470116 -0.00518415 -0.0058239 -0.00654074 -0.00730237 -0.008077 -0.00877765 -0.00932504 -0.00958697 -0.00953933 -0.00912935 -0.00831637 -0.00706466 -0.00547065 -0.00359483 -0.00154345 0.000561418 0.00257527 0.00436939 0.00581779 0.00685926 0.00744595 0.00759234 0.00733536 0.00675779 0.00600749 0.00516494 0.00431238 0.00351894 0.00283282 0.00226576 0.00183109 0.00149103 0.00124208 0.00105455 0.000941012 0.000846068 0.000769624 0.000709424 0.00068058 0.00066821 0.000686765 0.000677553 0.000665838 0.000658949 0.000679766 0.000702108 0.000735805 0.00073875 0.000744356 0.000770335 0.00082914 0.000878903 0.000936937 0.000961538 0.000994154 0.00104484 0.0011041 0.00113685 0.00116254 0.00116505 0.00120069 0.00128664 0.00146547 0.00175013 0.00219479 0.00280453 0.00356282 0.00442842 0.00536005 0.00625234 0.00700524 0.00747629 0.00754966 0.00716993 0.00633501 0.0050829 0.00344542 0.00154242 -0.000478598 -0.00248333 -0.00435556 -0.00595662 -0.00722595 -0.00808667 -0.00853856 -0.00859613 -0.00835874 -0.00786194 -0.00720505 -0.00645187 -0.00568058 -0.00496343 -0.00433355 -0.00383225 -0.00353223 -0.00340838 -0.00347896 -0.00377955 -0.00429652 -0.00507182 -0.00607692 -0.00734772 -0.00885204 -0.0105803 -0.0124812 -0.0145254 -0.0166752 -0.0188203 -0.020857 -0.0227253 -0.0242976 -0.0254685 -0.0261546 -0.0262536 -0.0257175 -0.0244757 -0.0225655 -0.0200092 -0.0168985 -0.0132889 -0.00928793 -0.00508492 -0.000814684 0.00334536 0.00724394 0.0107549 0.0138294 0.0163695 0.0183033 0.0196408 0.0204104 0.0206474 0.0204296 0.0198637 0.0190064 0.0179392 0.0167434 0.0155023 0.0142723 0.0131189 0.012078 0.0111431 0.0103423 0.00969225 0.0092189 0.00890673 
0 0.00129799 0.00261132 0.00397831 0.00542041 0.00693013 0.00850937 0.0101549 0.0118458 0.0135483 0.0152132 0.0167595 0.0180955 0.019157 0.0198621 0.0201311 0.0198607 0.0189702 0.017429 0.0152306 0.0124 0.00896871 0.00504133 0.000699784 -0.00392077 -0.00863343 -0.013276 -0.0176908 -0.0217179 -0.0251854 -0.028031 -0.0301854 -0.0315898 -0.0322444 -0.0321816 -0.0314559 -0.0301472 -0.0283728 -0.0262508 -0.0239114 -0.0214509 -0.0189617 -0.0165489 -0.0142859 -0.0122053 -0.0103667 -0.00881604 -0.00754925 -0.00656428 -0.00587534 -0.00546529 -0.00532701 -0.00543664 -0.0057649 -0.0063193 -0.00704747 -0.0078926 -0.00880658 -0.00971515 -0.0105262 -0.0111406 -0.0114712 -0.0114253 -0.0109282 -0.00994915 -0.0084666 -0.0065548 -0.00431493 -0.00186034 0.000643581 0.00305124 0.00518751 0.00690195 0.00815437 0.00887746 0.00905687 0.0087667 0.0080966 0.00719347 0.00619709 0.00518908 0.004248 0.00342435 0.00274393 0.0022089 0.0017964 0.00149403 0.0012888 0.001148 0.00103976 0.000946613 0.000861993 0.000811076 0.000805323 0.000810237 0.000809845 0.000806004 0.000796308 0.000816096 0.000855996 0.000877953 0.000890434 0.000900665 0.000922833 0.000985323 0.00105695 0.00111286 0.00116052 0.00120618 0.00125957 0.00131879 0.00135695 0.00137028 0.00138725 0.00144149 0.00156374 0.00178572 0.00213953 0.00267097 0.00339923 0.00430701 0.00535587 0.00645198 0.00750251 0.0083849 0.00891703 0.00899443 0.00855277 0.00754604 0.00603539 0.00408121 0.00180191 -0.000611528 -0.00300718 -0.00522704 -0.00713897 -0.0086472 -0.00965687 -0.0101873 -0.0102959 -0.0100222 -0.00943384 -0.00863998 -0.00775741 -0.00686673 -0.00602786 -0.0052987 -0.00473356 -0.00438961 -0.00426265 -0.00437182 -0.00476033 -0.00542992 -0.00638105 -0.00761911 -0.00914119 -0.0109392 -0.0129817 -0.0152037 -0.0175652 -0.0200054 -0.0224107 -0.0246814 -0.0267362 -0.0284428 -0.0296748 -0.0303252 -0.0303188 -0.0295831 -0.0280936 -0.0258585 -0.0229239 -0.0193816 -0.0152874 -0.0107858 -0.00604562 -0.00124287 0.00345578 0.00787657 0.0118893 0.0154371 0.0184045 0.0207162 0.02237 0.0234011 0.023848 0.0237785 0.0232815 0.0224244 0.0213045 0.0200388 0.0187005 0.0173389 0.0160121 0.014782 0.0136942 0.0127698 0.0120221 0.011438 0.0110307 
0 0.00158634 0.00319098 0.00484329 0.00655701 0.00832526 0.0101549 0.012039 0.0139369 0.0157931 0.0175519 0.0191459 0.0204956 0.0215173 0.0221101 0.022185 0.0216661 0.0205047 0.01867 0.0161488 0.0129519 0.00913868 0.00482486 0.000107097 -0.00488352 -0.00997973 -0.0150019 -0.0197883 -0.0241623 -0.0279672 -0.0311324 -0.0335773 -0.0352366 -0.0360851 -0.0361567 -0.035504 -0.0342111 -0.0323926 -0.0301654 -0.0276591 -0.0249862 -0.0222525 -0.0195771 -0.0170352 -0.0146675 -0.0125439 -0.0107148 -0.00920564 -0.0080171 -0.00717138 -0.00665581 -0.00645496 -0.00654148 -0.0068877 -0.00749671 -0.00832179 -0.00928278 -0.0103153 -0.0113468 -0.0122728 -0.0129774 -0.0133392 -0.0132713 -0.0126964 -0.0115609 -0.00984517 -0.00763444 -0.00503967 -0.00220306 0.000696702 0.00347754 0.00595359 0.00796392 0.00942474 0.0102701 0.0104961 0.0101694 0.00940718 0.00837869 0.00722645 0.00605858 0.00496718 0.00401434 0.00322716 0.00260803 0.00212854 0.00177209 0.00151879 0.0013475 0.0012163 0.00110726 0.00101671 0.000961608 0.000944261 0.000947565 0.000941367 0.000931502 0.000926693 0.00095051 0.000989392 0.00102168 0.00103567 0.00104886 0.00108314 0.00115433 0.00123157 0.00129893 0.0013462 0.0013928 0.00145323 0.00152092 0.0015685 0.00159697 0.00162217 0.00168919 0.00183579 0.0021036 0.00252826 0.00315933 0.00401418 0.0050723 0.00628119 0.00755104 0.00875768 0.00975177 0.010349 0.0104138 0.0098708 0.00869667 0.00693962 0.00467103 0.00203706 -0.000758557 -0.00352843 -0.00609623 -0.00830239 -0.0100395 -0.0112215 -0.0118494 -0.0119704 -0.0116588 -0.0109938 -0.0100953 -0.0090833 -0.00806451 -0.00712136 -0.00631001 -0.00568723 -0.00531486 -0.00520147 -0.00537457 -0.00587293 -0.00669754 -0.0078506 -0.00931724 -0.0110967 -0.0131684 -0.0154939 -0.018 -0.0206242 -0.0232927 -0.0258897 -0.0283131 -0.030474 -0.0322302 -0.0334405 -0.0339946 -0.0338174 -0.0328678 -0.0311237 -0.0286013 -0.0253385 -0.0214243 -0.0169497 -0.0120687 -0.00696189 -0.00177884 0.00332123 0.00816139 0.0125899 0.0165203 0.0198531 0.0225223 0.0245228 0.0258685 0.0265812 0.026721 0.026373 0.0256114 0.0245383 0.0232695 0.0218876 0.0204432 0.0189989 0.0176325 0.01641 0.0153703 0.0145172 0.0138415 0.013361 
0 0.00189884 0.00381474 0.00576429 0.00775405 0.00977883 0.0118458 0.0139369 0.015993 0.017943 0.0197308 0.0213034 0.0225871 0.0234818 0.0238795 0.0236961 0.0228852 0.0214228 0.0192832 0.0164552 0.0129485 0.00883991 0.00424008 -0.000742255 -0.00597348 -0.0112984 -0.0165401 -0.021553 -0.0261649 -0.0302304 -0.0336532 -0.0363407 -0.0382316 -0.0392942 -0.0395573 -0.0390572 -0.0378644 -0.0360846 -0.0338397 -0.0312605 -0.028466 -0.025565 -0.0226778 -0.0198887 -0.0172613 -0.0148781 -0.012794 -0.01105 -0.00965083 -0.00862419 -0.00797392 -0.00768829 -0.0077428 -0.00810533 -0.00875728 -0.00965171 -0.0107047 -0.0118446 -0.0129914 -0.0140229 -0.0148084 -0.0152011 -0.0151057 -0.0144391 -0.0131406 -0.0112036 -0.00871109 -0.00577862 -0.0025691 0.000725757 0.00388509 0.00669866 0.008994 0.0106543 0.0116205 0.011896 0.0115458 0.0107077 0.00956328 0.00826341 0.00694188 0.00570137 0.00461681 0.00372042 0.00301521 0.00247097 0.00206562 0.00176982 0.00156434 0.00140394 0.00127166 0.00116957 0.00111093 0.00108978 0.00109494 0.00108633 0.00106775 0.00105886 0.00107814 0.00111557 0.00116067 0.00118708 0.00121231 0.00125833 0.00133036 0.00140536 0.00147527 0.00152466 0.00157952 0.00165203 0.00172944 0.00178486 0.00182149 0.00185372 0.00193693 0.0021158 0.00243833 0.00294326 0.00367812 0.00465802 0.00586229 0.00722488 0.00865515 0.0100065 0.0111051 0.0117606 0.0118106 0.0111635 0.00981004 0.0077936 0.00521203 0.0022368 -0.000921102 -0.00404767 -0.00695288 -0.00945648 -0.011425 -0.0127732 -0.0134914 -0.0136286 -0.0132837 -0.0125497 -0.0115608 -0.0104427 -0.00931323 -0.00826799 -0.00737643 -0.00671129 -0.00633655 -0.0062665 -0.0065258 -0.00714335 -0.00812607 -0.00948007 -0.0111808 -0.0132191 -0.0155518 -0.0181227 -0.0208549 -0.0236774 -0.0265095 -0.0292322 -0.0317271 -0.0338889 -0.0355814 -0.0366748 -0.0370718 -0.0366978 -0.0355241 -0.0335296 -0.0307441 -0.0272154 -0.0230301 -0.0183007 -0.0131765 -0.00783668 -0.00241259 0.00294965 0.00808267 0.0128266 0.0170665 0.0207152 0.0237201 0.0260727 0.0277639 0.028791 0.0292024 0.0290835 0.0285156 0.0275884 0.0263948 0.0250262 0.0235581 0.0220711 0.0206399 0.0193208 0.0181657 0.0172018 0.016453 0.0159346 
0 0.00222858 0.00446418 0.00671687 0.00898609 0.0112683 0.0135483 0.0157931 0.017943 0.0199327 0.0217014 0.0231879 0.0243094 0.0249785 0.0251088 0.024634 0.0235145 0.0217228 0.0192673 0.016146 0.0124026 0.00809125 0.00330655 -0.00182751 -0.00718159 -0.0125784 -0.0179014 -0.0229988 -0.0277426 -0.0319807 -0.0355814 -0.0384675 -0.0405585 -0.0418555 -0.0423477 -0.0420669 -0.0410583 -0.0394099 -0.0372463 -0.0346907 -0.0318535 -0.0288603 -0.0258159 -0.0228273 -0.0199859 -0.0173634 -0.0150518 -0.0130682 -0.0114667 -0.0102558 -0.00945994 -0.00907264 -0.00906913 -0.00942658 -0.0101046 -0.011038 -0.0121685 -0.0134128 -0.0146569 -0.015778 -0.0166158 -0.0170536 -0.0169388 -0.0161774 -0.0147155 -0.0125643 -0.00977751 -0.00650976 -0.00292893 0.000738519 0.00426535 0.00740437 0.00996423 0.0118311 0.012935 0.0132592 0.0129005 0.0120027 0.0107375 0.00930561 0.00784177 0.00646071 0.0052441 0.0042377 0.00343365 0.00281925 0.00235855 0.00203662 0.00179643 0.00161856 0.00146834 0.00134639 0.00126579 0.00124146 0.00122561 0.00122134 0.00120891 0.0012043 0.00122431 0.00127522 0.00130927 0.00134391 0.00137401 0.00142113 0.00149486 0.00158904 0.00165711 0.00172556 0.00178861 0.00186022 0.00193327 0.00199575 0.00202902 0.00208453 0.0021944 0.00242096 0.00280095 0.00339203 0.00422836 0.00533058 0.00667509 0.008201 0.00977239 0.0112533 0.0124467 0.0131334 0.0131578 0.0124213 0.0108871 0.00861455 0.00573138 0.00240998 -0.00110961 -0.00459707 -0.00782128 -0.0106114 -0.0128018 -0.0142989 -0.0150966 -0.0152784 -0.0149062 -0.0141152 -0.0130363 -0.0118316 -0.0106175 -0.00948425 -0.00853135 -0.00784681 -0.00747897 -0.00746539 -0.00782169 -0.00857083 -0.00973594 -0.0112858 -0.0132259 -0.0154985 -0.0180673 -0.0208451 -0.02375 -0.02671 -0.029629 -0.03239 -0.0348659 -0.0369241 -0.0384537 -0.0393485 -0.0395243 -0.038938 -0.0375275 -0.0353074 -0.0322892 -0.0285625 -0.0242142 -0.0193502 -0.0141211 -0.00865711 -0.0031186 0.00237276 0.00765775 0.0126011 0.0170846 0.0210111 0.0243301 0.0270144 0.0290532 0.030435 0.0311882 0.0313781 0.0310866 0.0303848 0.0293548 0.0280795 0.0266646 0.0252046 0.0237666 0.0224033 0.0211592 0.020112 0.0193073 0.0187723 
0 0.00256601 0.00512825 0.00768447 0.0102337 0.0127579 0.0152132 0.0175519 0.0197308 0.0217014 0.0233932 0.0247152 0.0255898 0.0259467 0.025754 0.0249574 0.0235116 0.0214009 0.0186358 0.0152754 0.011347 0.00692662 0.00207302 -0.00309003 -0.00841622 -0.0137879 -0.0190652 -0.0241558 -0.0289117 -0.0332196 -0.0369418 -0.0399796 -0.0422824 -0.0438025 -0.0445445 -0.0445177 -0.0437622 -0.0423419 -0.0403569 -0.0379037 -0.0351071 -0.0320827 -0.0289635 -0.0258489 -0.0228374 -0.0200242 -0.0174735 -0.0152741 -0.0134578 -0.0120613 -0.0111145 -0.0106069 -0.0105191 -0.0108344 -0.0115062 -0.0124968 -0.0136989 -0.015012 -0.0163378 -0.0175312 -0.0184372 -0.0188714 -0.0187256 -0.0178962 -0.0162846 -0.0139024 -0.0108384 -0.00723296 -0.00330629 0.00072502 0.00458195 0.00803269 0.0108867 0.0129586 0.0141889 0.0145926 0.0142215 0.0132567 0.0119047 0.0103359 0.00873126 0.00721859 0.00588171 0.00476378 0.00387276 0.00318255 0.00266822 0.00229144 0.00202819 0.00182717 0.00165992 0.00152986 0.0014402 0.00137876 0.00136083 0.00134554 0.00133054 0.00134586 0.00137879 0.00141564 0.00146707 0.00149063 0.00151692 0.00157888 0.0016616 0.00175557 0.00185238 0.00191738 0.00198002 0.00205124 0.00212186 0.00218274 0.0022437 0.00231832 0.0024628 0.00272843 0.00317459 0.00384697 0.0047902 0.00602366 0.0075159 0.00917627 0.010904 0.012504 0.0137554 0.0144743 0.0144559 0.013591 0.0118931 0.00938776 0.00620341 0.00255421 -0.00132833 -0.00515817 -0.00870674 -0.0117511 -0.0141326 -0.0157955 -0.0167068 -0.0169028 -0.0165203 -0.0156816 -0.0145429 -0.0132436 -0.0119362 -0.010754 -0.00977602 -0.00908762 -0.00874367 -0.00879304 -0.00926791 -0.0101781 -0.0115274 -0.0133029 -0.015446 -0.01793 -0.0206788 -0.0236153 -0.0266547 -0.02969 -0.03262 -0.035324 -0.0376775 -0.039555 -0.0408552 -0.0414879 -0.0413999 -0.0405375 -0.0388952 -0.0364534 -0.0332655 -0.0294086 -0.0249706 -0.020087 -0.0148507 -0.00940555 -0.00386435 0.00162324 0.00693559 0.0119682 0.0166025 0.0207627 0.0243607 0.0273579 0.0297352 0.0314943 0.0326464 0.0332184 0.0332682 0.0328648 0.0320786 0.031002 0.0297305 0.0283612 0.0269712 0.0256123 0.0243573 0.0232741 0.0224429 0.0218844 
0 0.00289888 0.00578566 0.00864153 0.0114486 0.0141751 0.0167595 0.0191459 0.0213034 0.0231879 0.0247152 0.0258002 0.0263663 0.0263786 0.0258179 0.0246595 0.022881 0.020465 0.0174587 0.0138911 0.00984248 0.00537553 0.000561326 -0.00448646 -0.00968644 -0.0149076 -0.0200758 -0.0250367 -0.0297025 -0.0339811 -0.0377411 -0.040914 -0.043393 -0.0451529 -0.0461487 -0.0464114 -0.0459658 -0.0448414 -0.0431111 -0.0408528 -0.0381699 -0.0352131 -0.0320853 -0.028907 -0.0257946 -0.0228153 -0.0200891 -0.0176676 -0.0156577 -0.0140669 -0.012943 -0.0122894 -0.0120985 -0.0123669 -0.0130314 -0.014019 -0.0152725 -0.0166738 -0.0180638 -0.0193065 -0.0202236 -0.0206891 -0.0205088 -0.0195639 -0.0177898 -0.0152203 -0.0118897 -0.00798876 -0.00371994 0.00065872 0.00487456 0.00864097 0.0117432 0.0140223 0.0154019 0.01586 0.0155059 0.0145064 0.0130436 0.0113623 0.00963175 0.00798741 0.00652639 0.00530581 0.00431714 0.00356139 0.00299107 0.0025854 0.00226935 0.00203709 0.00184359 0.00169356 0.00159018 0.00154562 0.00150784 0.00149712 0.00147789 0.0014754 0.00149116 0.00154418 0.00158698 0.00164313 0.00169523 0.00176064 0.00183358 0.00193216 0.00200137 0.0020823 0.00215856 0.00223832 0.00231425 0.00239269 0.0024492 0.00255177 0.00272614 0.00304911 0.00355925 0.00432921 0.00538439 0.00674108 0.00836906 0.0101908 0.0120331 0.0137336 0.0150572 0.0157704 0.0157017 0.014737 0.0128408 0.0100725 0.00660451 0.00263949 -0.0015611 -0.00571772 -0.00954968 -0.0128682 -0.015471 -0.0172749 -0.0182654 -0.0185339 -0.0181454 -0.0172668 -0.016047 -0.0146887 -0.0133338 -0.012094 -0.011096 -0.0104355 -0.0101471 -0.0102975 -0.0109059 -0.0119789 -0.0135334 -0.0154917 -0.0178401 -0.0204834 -0.0233779 -0.0264209 -0.0295234 -0.0325729 -0.0354297 -0.0379869 -0.040133 -0.0417436 -0.0427532 -0.043082 -0.0426737 -0.0415282 -0.0396186 -0.037003 -0.0336929 -0.0297861 -0.0253527 -0.0205148 -0.0153965 -0.0100644 -0.00465971 0.00072587 0.00597171 0.0109946 0.0156968 0.0200015 0.0238404 0.0271279 0.0298416 0.031983 0.0335554 0.0345564 0.0350145 0.0349788 0.0345262 0.0337394 0.032706 0.0315033 0.0302161 0.028938 0.0277408 0.0267001 0.0258644 0.0252836 
0 0.00321321 0.00640841 0.00953925 0.0125587 0.0154314 0.0180955 0.0204956 0.0225871 0.0243094 0.0255898 0.0263663 0.0266062 0.0262571 0.0253139 0.0237739 0.0216553 0.0189825 0.0157696 0.0120746 0.00795382 0.00352416 -0.0011618 -0.00602028 -0.0109815 -0.0159881 -0.0209224 -0.0256842 -0.0301691 -0.034337 -0.0380716 -0.04129 -0.0439232 -0.0458977 -0.0471755 -0.0477553 -0.047649 -0.0468636 -0.0454559 -0.043473 -0.041022 -0.0382073 -0.0351497 -0.0319622 -0.0287808 -0.0257112 -0.0228325 -0.0202557 -0.0180512 -0.0162662 -0.0149685 -0.0141729 -0.0138732 -0.0140673 -0.0146807 -0.0156735 -0.0169384 -0.0183575 -0.0198011 -0.0211024 -0.0220713 -0.0225037 -0.0222625 -0.0212321 -0.0193082 -0.0165199 -0.0129427 -0.00873169 -0.00414004 0.000583046 0.00511356 0.00918209 0.012564 0.0150381 0.0165395 0.017093 0.0167554 0.0157243 0.0142093 0.0124118 0.0105466 0.00877631 0.00719604 0.00586775 0.00480193 0.00397449 0.00334877 0.0028809 0.0025299 0.00226477 0.00205337 0.0018979 0.0017901 0.00170965 0.0016681 0.00164081 0.00161511 0.00162699 0.00165253 0.00168891 0.00175133 0.0018009 0.00185568 0.00193772 0.00201835 0.00210886 0.00219948 0.0022711 0.00234574 0.0024262 0.00250639 0.00259013 0.00268048 0.00280797 0.00302123 0.00338713 0.00397776 0.00484629 0.00602194 0.00751791 0.00928144 0.0112102 0.0131782 0.0149671 0.0163218 0.0170485 0.016917 0.0158058 0.0137281 0.0107249 0.00696629 0.00269847 -0.00182886 -0.0062901 -0.0104251 -0.0139831 -0.0167747 -0.0187483 -0.0198558 -0.0201354 -0.0197437 -0.0188475 -0.0176207 -0.0162201 -0.0148111 -0.0135554 -0.0125604 -0.0119307 -0.0117117 -0.0119772 -0.0127438 -0.0139897 -0.0157062 -0.0178524 -0.0203567 -0.0231583 -0.0261511 -0.0292376 -0.0323275 -0.0352852 -0.0379861 -0.0403174 -0.0421786 -0.0434587 -0.0441128 -0.0440884 -0.043362 -0.0419191 -0.0397899 -0.037006 -0.0336343 -0.0297457 -0.0253943 -0.0207128 -0.0157693 -0.0106602 -0.00546446 -0.000284303 0.00481365 0.00975752 0.0144374 0.0188171 0.0228219 0.0263766 0.0294183 0.0319376 0.0339262 0.03537 0.0362837 0.0366928 0.0366499 0.0362347 0.0355179 0.0345679 0.0334781 0.0323538 0.0312933 0.0303435 0.0295562 0.0289816 
0 0.00349915 0.00696718 0.0103235 0.0135018 0.0164623 0.019157 0.0215173 0.0234818 0.0249785 0.0259467 0.0263786 0.0262571 0.0255446 0.0242238 0.0223254 0.0199031 0.016991 0.0136344 0.00986941 0.00578604 0.0014703 -0.00302779 -0.00763331 -0.0123057 -0.0169803 -0.0216098 -0.0260831 -0.0303427 -0.0343453 -0.0379781 -0.041195 -0.0439254 -0.0461151 -0.0476771 -0.0485908 -0.0488456 -0.0484302 -0.0473874 -0.0457536 -0.0435942 -0.0410128 -0.0380942 -0.0349714 -0.0318017 -0.0286789 -0.0257137 -0.0229918 -0.0206318 -0.0186723 -0.0171954 -0.0162358 -0.0158057 -0.015906 -0.0164602 -0.017404 -0.0186724 -0.0201306 -0.0215961 -0.0229075 -0.0238694 -0.0243085 -0.0240217 -0.0228735 -0.020791 -0.0178143 -0.0139816 -0.00948818 -0.00457943 0.000462791 0.00531611 0.00967227 0.0132914 0.0159705 0.0176275 0.0182561 0.0179574 0.0169129 0.0153215 0.0134403 0.0114767 0.00959093 0.00789215 0.00644958 0.00527297 0.00436731 0.00368673 0.00319095 0.00280529 0.00251736 0.00228103 0.00209738 0.00196063 0.00186993 0.00180366 0.00177868 0.00176136 0.0017743 0.00179729 0.00184331 0.00189313 0.00195422 0.00201849 0.00209823 0.00217462 0.00227526 0.00236142 0.00245432 0.00254179 0.00262074 0.00269073 0.00277594 0.00287031 0.00303736 0.00330768 0.00375509 0.00443024 0.00540128 0.00668918 0.00829925 0.0101873 0.0122557 0.0143198 0.0161764 0.0175653 0.0182546 0.0180494 0.0168243 0.0145545 0.0113017 0.00726934 0.0027021 -0.00212538 -0.00689009 -0.0112868 -0.0150891 -0.0180798 -0.0201838 -0.0213767 -0.0217368 -0.0213726 -0.0204698 -0.0192034 -0.017783 -0.0163692 -0.0151048 -0.0141353 -0.0135695 -0.013449 -0.0138483 -0.0147696 -0.016181 -0.0180706 -0.0203579 -0.023002 -0.025895 -0.0289394 -0.0320097 -0.0350079 -0.0378057 -0.0402658 -0.0423016 -0.043819 -0.044714 -0.0449698 -0.0445634 -0.0434932 -0.0417823 -0.0394404 -0.0365414 -0.0331371 -0.0293209 -0.0251353 -0.0206743 -0.0160018 -0.011156 -0.00624787 -0.00133816 0.00352972 0.00831341 0.0129184 0.0172948 0.0214026 0.0251568 0.0284966 0.0313808 0.0337758 0.035664 0.0370565 0.0379641 0.0384032 0.0384266 0.0381025 0.0375023 0.0367154 0.0358415 0.0349705 0.0341655 0.0334804 0.0329751 
0 0.00373109 0.0074034 0.0109168 0.0141943 0.017197 0.0198621 0.0221101 0.0238795 0.0251088 0.025754 0.0258179 0.0253139 0.0242238 0.0225586 0.0203582 0.0176771 0.0145741 0.0111161 0.00737476 0.00341175 -0.000711411 -0.00496579 -0.00927631 -0.0135913 -0.0178896 -0.0221443 -0.0262905 -0.0302733 -0.0340622 -0.0375602 -0.0407295 -0.0435267 -0.045881 -0.0476949 -0.0489266 -0.0495498 -0.0495312 -0.0488898 -0.0476369 -0.0458314 -0.0435481 -0.0408674 -0.0379048 -0.0348126 -0.0316995 -0.0286722 -0.0258546 -0.0233642 -0.0212584 -0.0196223 -0.0185014 -0.0179189 -0.0178948 -0.0183647 -0.0192742 -0.0205246 -0.0219706 -0.0234375 -0.0247527 -0.0257097 -0.0261039 -0.0257491 -0.0245028 -0.022271 -0.0190858 -0.0150126 -0.0102395 -0.00504072 0.0002955 0.00543345 0.0100724 0.0139526 0.0168407 0.0186446 0.019376 0.0191184 0.0180656 0.0164322 0.0144646 0.0123934 0.0104011 0.00859506 0.00705109 0.00579031 0.00480719 0.00406101 0.0035052 0.00307653 0.00275657 0.00250433 0.00231123 0.00216209 0.0020441 0.00196102 0.00192058 0.00190101 0.0019207 0.00194884 0.00198819 0.0020433 0.00210439 0.002175 0.00226402 0.00234631 0.0024444 0.00253824 0.00262849 0.00271395 0.00279005 0.00286384 0.00296226 0.00309176 0.00330178 0.00362538 0.0041328 0.00489351 0.00596818 0.00737717 0.009122 0.0111378 0.0133142 0.0154744 0.0173844 0.018772 0.0194193 0.0191147 0.0177387 0.0152823 0.0118101 0.00751894 0.00267084 -0.00245246 -0.00750227 -0.0121682 -0.0161862 -0.019352 -0.0216073 -0.0229188 -0.0233385 -0.023007 -0.0221167 -0.020855 -0.0194193 -0.0179948 -0.0167618 -0.0158587 -0.0153833 -0.015372 -0.015902 -0.0169766 -0.018551 -0.0205891 -0.02301 -0.025738 -0.0286697 -0.0316832 -0.0346614 -0.0375039 -0.0400667 -0.0422203 -0.0438875 -0.0450044 -0.0454906 -0.0453444 -0.0445602 -0.0431586 -0.0411766 -0.0386576 -0.035674 -0.0322952 -0.0285946 -0.0246089 -0.020424 -0.0160653 -0.0115594 -0.0069841 -0.00240265 0.00217677 0.0067383 0.011203 0.0155313 0.0196741 0.0235643 0.0271421 0.03036 0.0331543 0.0354843 0.0373581 0.0387799 0.0397414 0.0402638 0.0404048 0.0402415 0.039856 0.039319 0.0387101 0.0381096 0.0375987 0.0372294 
0 0.0038817 0.00767377 0.011266 0.0145824 0.0175678 0.0201311 0.022185 0.0236961 0.024634 0.0249574 0.0246595 0.0237739 0.0223254 0.0203582 0.0179153 0.0150443 0.0118221 0.00833918 0.00468297 0.000891307 -0.00299489 -0.00695135 -0.0109136 -0.0148388 -0.0187362 -0.0225858 -0.026351 -0.0299992 -0.0335252 -0.0368557 -0.0399475 -0.042767 -0.0452355 -0.0472619 -0.048793 -0.049785 -0.0501768 -0.0499557 -0.0491181 -0.0477128 -0.0457925 -0.0434211 -0.0406952 -0.0377549 -0.0347186 -0.0316938 -0.0288307 -0.0262489 -0.0240225 -0.0222391 -0.0209627 -0.0202351 -0.0200816 -0.020445 -0.0212774 -0.0224802 -0.0239005 -0.0253507 -0.0266415 -0.0275699 -0.0279108 -0.0274707 -0.0260989 -0.0237127 -0.0203388 -0.0160484 -0.0110182 -0.00553638 9.54264e-05 0.00552349 0.0104325 0.0145483 0.017633 0.0195875 0.0204278 0.020234 0.0191945 0.0175316 0.0154934 0.0133289 0.0112313 0.00931787 0.00767085 0.00632354 0.00526683 0.00446261 0.00385033 0.00337323 0.0030094 0.00272933 0.00251939 0.00236238 0.00223387 0.00214407 0.00209143 0.00206262 0.00206853 0.00208654 0.00211891 0.0021842 0.00226304 0.00235482 0.00245148 0.00252949 0.00261009 0.0026958 0.00278379 0.00287835 0.00296515 0.00305248 0.00316574 0.00332405 0.00357157 0.00395236 0.00453182 0.00538909 0.00657757 0.00811344 0.00998551 0.0121209 0.0143949 0.0166271 0.0185669 0.019942 0.0205334 0.0201291 0.0186069 0.0159537 0.012244 0.007691 0.00257605 -0.00281074 -0.0081147 -0.0130259 -0.0172635 -0.0206201 -0.0230241 -0.0244492 -0.0249452 -0.0246658 -0.0237999 -0.0225561 -0.0211396 -0.0197462 -0.0185646 -0.017739 -0.0173671 -0.0174867 -0.0181594 -0.0193812 -0.0210973 -0.0232509 -0.0257593 -0.0285229 -0.0314354 -0.0343561 -0.037172 -0.0397803 -0.0420357 -0.0438167 -0.0450616 -0.0457337 -0.0457868 -0.045234 -0.044085 -0.0423737 -0.0401484 -0.0374859 -0.0344684 -0.0311732 -0.0276387 -0.0238868 -0.0199967 -0.0159868 -0.0118698 -0.00767695 -0.0034496 0.000820796 0.00511998 0.00938787 0.0136039 0.0177245 0.021687 0.0254346 0.0289259 0.0320871 0.0348518 0.0372027 0.0391379 0.0406436 0.0417241 0.0424118 0.0427686 0.0428614 0.04274 0.0424765 0.0421572 0.0418757 0.041674 
0 0.00391796 0.00772956 0.011313 0.0145893 0.0174725 0.0198607 0.0216661 0.0228852 0.0235145 0.0235116 0.022881 0.0216553 0.0199031 0.0176771 0.0150443 0.0120691 0.00882267 0.00540829 0.00187817 -0.00170393 -0.00531559 -0.00892496 -0.0124975 -0.0160297 -0.0195093 -0.0229456 -0.0262976 -0.0295912 -0.0328307 -0.0359567 -0.0389328 -0.0417187 -0.0442594 -0.0464585 -0.0482535 -0.0495821 -0.0503682 -0.0505724 -0.0501896 -0.0492243 -0.0477218 -0.0457066 -0.0432753 -0.0405624 -0.0376706 -0.0347311 -0.0318716 -0.0292419 -0.0269268 -0.0250244 -0.0236182 -0.0227631 -0.0224751 -0.0227207 -0.0234348 -0.0245546 -0.0259227 -0.0273281 -0.0285809 -0.0294559 -0.0297372 -0.0292003 -0.0276919 -0.0251529 -0.0215988 -0.0170802 -0.0118046 -0.0060466 -0.000141533 0.00556339 0.0107287 0.0150647 0.0183451 0.0204596 0.0214029 0.0212913 0.020289 0.0186075 0.0165257 0.0142868 0.012087 0.0100704 0.00832148 0.00687451 0.00573991 0.00486882 0.00420446 0.00368368 0.0032899 0.00298864 0.00275968 0.00257678 0.00243026 0.00231276 0.00225038 0.00222522 0.00223138 0.00224909 0.0022866 0.00233927 0.00242277 0.00251936 0.00261471 0.00269473 0.00278111 0.00286402 0.00296225 0.00305843 0.00314481 0.00323297 0.00336144 0.00355076 0.00385158 0.00430066 0.0049715 0.00592787 0.00723365 0.00889848 0.0108859 0.0131246 0.0154914 0.0177696 0.0197211 0.0210788 0.0215899 0.0210731 0.0194049 0.016553 0.0126114 0.00780985 0.00243134 -0.00320585 -0.0087638 -0.0138954 -0.0183407 -0.0218869 -0.0244354 -0.0259693 -0.0265597 -0.0263404 -0.0255277 -0.0243271 -0.0229693 -0.0216462 -0.0205314 -0.0197969 -0.0195312 -0.0197832 -0.0205976 -0.0219541 -0.0237852 -0.0260195 -0.0285524 -0.0313068 -0.0341383 -0.036914 -0.0394983 -0.0417849 -0.0436566 -0.0450028 -0.0457996 -0.0460183 -0.0456356 -0.0446765 -0.0431778 -0.0411911 -0.0387886 -0.0360341 -0.033034 -0.0298451 -0.0265016 -0.0230151 -0.0194336 -0.0157965 -0.0120746 -0.00829298 -0.00443253 -0.000485897 0.00352462 0.007557 0.0115961 0.0156435 0.0196239 0.0234855 0.0271802 0.0306474 0.0338163 0.0366308 0.0390719 0.0411234 0.0427908 0.044081 0.0450192 0.0456478 0.0460145 0.0461866 0.0462392 0.0462387 0.0462233 
0 0.00382749 0.00754268 0.011022 0.0141452 0.0168306 0.0189702 0.0205047 0.0214228 0.0217228 0.0214009 0.020465 0.0189825 0.016991 0.0145741 0.0118221 0.00882267 0.00565799 0.00236586 -0.000967929 -0.00430889 -0.00759883 -0.0108342 -0.0140165 -0.0171256 -0.0201926 -0.0231896 -0.0261528 -0.0290975 -0.0320396 -0.0349416 -0.0377555 -0.0404826 -0.0430511 -0.0453805 -0.0473896 -0.0490057 -0.0501525 -0.0507771 -0.0508384 -0.0503429 -0.049274 -0.0476736 -0.045608 -0.0431849 -0.0405253 -0.0377191 -0.0349401 -0.0323073 -0.0299458 -0.0279591 -0.0264428 -0.0254559 -0.0250319 -0.0251426 -0.0257621 -0.0267811 -0.0280494 -0.0293892 -0.0305758 -0.0313874 -0.031566 -0.0309223 -0.0292965 -0.0266002 -0.022835 -0.0181134 -0.012593 -0.00659108 -0.000436721 0.00550929 0.0109242 0.0154967 0.0189759 0.0212409 0.022321 0.0222836 0.0213158 0.0196558 0.0175362 0.0152311 0.0129575 0.0108415 0.00898401 0.00744845 0.00622184 0.00528122 0.00455656 0.00400196 0.00357431 0.00325529 0.00300468 0.00279955 0.00261433 0.0024845 0.00240362 0.00238119 0.00239342 0.00241934 0.00244265 0.00250074 0.00257253 0.00266696 0.00276222 0.00285013 0.00292987 0.00303216 0.00313078 0.0032298 0.00331233 0.00340625 0.00354358 0.00377775 0.00413722 0.00467187 0.00542807 0.00649977 0.00792068 0.00969814 0.011807 0.0141489 0.0165744 0.0189073 0.0208603 0.0221558 0.0225832 0.0219301 0.020086 0.0170423 0.0128973 0.00786332 0.00224303 -0.00364372 -0.00942798 -0.0147986 -0.0194295 -0.0231345 -0.025834 -0.0275076 -0.0281879 -0.0280536 -0.0273087 -0.0261941 -0.0249001 -0.0236425 -0.0226346 -0.0220164 -0.0218793 -0.0222633 -0.0232007 -0.024668 -0.0265833 -0.0288428 -0.0313707 -0.0340336 -0.036726 -0.0392708 -0.0415521 -0.0434645 -0.044894 -0.0457875 -0.04612 -0.0458928 -0.0450925 -0.0437448 -0.0419195 -0.0397043 -0.037167 -0.0343945 -0.031435 -0.0283723 -0.0252205 -0.0220083 -0.0187766 -0.0155016 -0.0121828 -0.00877999 -0.0053021 -0.00170444 0.00199782 0.00576313 0.00960973 0.0135238 0.017478 0.0213925 0.025226 0.0289284 0.0324347 0.0356848 0.0386173 0.0412149 0.0434707 0.0453811 0.0469388 0.0481567 0.0490796 0.0497649 0.0502582 0.0505861 0.0507803 
0 0.00360476 0.00710244 0.0103436 0.0132064 0.0155867 0.017429 0.01867 0.0192832 0.0192673 0.0186358 0.0174587 0.0157696 0.0136344 0.0111161 0.00833918 0.00540829 0.00236586 -0.000721812 -0.00382197 -0.00685084 -0.00980709 -0.0126743 -0.0154513 -0.0181517 -0.0207769 -0.0233765 -0.0259545 -0.0285618 -0.0311956 -0.0338449 -0.0364908 -0.0391142 -0.0416629 -0.0440602 -0.0462281 -0.0480949 -0.0495786 -0.0505852 -0.0510873 -0.0510338 -0.0504411 -0.049294 -0.0476537 -0.0455998 -0.0432113 -0.0406249 -0.0379746 -0.0354176 -0.0330712 -0.0310333 -0.0294192 -0.0283253 -0.0277687 -0.0277634 -0.028242 -0.0291569 -0.0303375 -0.0315655 -0.0326413 -0.0333436 -0.0334388 -0.032674 -0.0308792 -0.0280153 -0.0240772 -0.0191337 -0.0134086 -0.00717208 -0.00078442 0.0054106 0.0110532 0.0158328 0.0195146 0.0219661 0.0231612 0.0232344 0.0223289 0.0206666 0.0185357 0.0161918 0.0138289 0.0116295 0.00968262 0.00804408 0.0067427 0.00573222 0.00494425 0.00433527 0.00386599 0.0035138 0.00324428 0.00302009 0.00283493 0.00268537 0.00259549 0.00256383 0.00255569 0.00256445 0.00259388 0.00264115 0.0027329 0.00284147 0.00293547 0.00301623 0.00308991 0.00317235 0.00327754 0.0033819 0.00348192 0.00359231 0.00375916 0.00403487 0.00445068 0.00505923 0.00592356 0.0070965 0.00863702 0.0105492 0.012758 0.015192 0.0177003 0.0200431 0.0219647 0.0232066 0.0235 0.0227013 0.0206978 0.0174601 0.0130964 0.00784458 0.00199665 -0.00410105 -0.0101194 -0.0156777 -0.0205084 -0.0244066 -0.0272447 -0.0290311 -0.0298503 -0.0298316 -0.0291866 -0.0281363 -0.0269342 -0.0257978 -0.0248975 -0.0244149 -0.0244106 -0.0249345 -0.0259756 -0.0275038 -0.0294487 -0.0317062 -0.0341557 -0.0366904 -0.0391418 -0.0413845 -0.0432924 -0.0447722 -0.0457551 -0.0461699 -0.0460388 -0.0453556 -0.0441514 -0.0424593 -0.0403686 -0.0379731 -0.0353604 -0.0325884 -0.0297244 -0.026805 -0.0238628 -0.0209388 -0.0180339 -0.0151392 -0.012174 -0.00914555 -0.00602595 -0.00279673 0.000565135 0.00407092 0.00769769 0.0114643 0.015319 0.0192334 0.0231499 0.0270245 0.0308078 0.0344297 0.0378362 0.0409664 0.043802 0.0463212 0.04851 0.0503617 0.0518928 0.053135 0.0541009 0.0547928 0.0552333 
