0 0 0 0 0 0 0 0 0 0 0 0 0 0 0 0 0 0 0 0 0 0 0 0 0 0 0 0 0 0 0 0 0 0 0 0 0 0 0 0 0 0 0 0 0 0 0 0 0 0 0 0 0 0 0 0 0 0 0 0 0 0 0 0 0 0 0 0 0 0 0 0 0 0 0 0 0 0 0 0 0 0 0 0 0 0 0 0 0 0 0 0 0 0 0 0 0 0 0 0 0 0 0 0 0 0 0 0 0 0 0 0 0 0 0 0 0 0 0 0 0 0 0 0 0 0 0 0 0 0 0 0 0 0 0 0 0 0 0 0 0 0 0 0 0 0 0 0 0 0 0 0 0 0 0 0 0 0 0 0 0 0 0 0 0 0 0 0 0 0 0 0 0 0 0 0 0 0 0 0 0 0 0 0 0 0 0 0 0 0 0 0 0 0 0 0 0 0 0 0 
0 8.5164e-06 2.9326e-05 5.10534e-05 6.60154e-05 7.76384e-05 9.31069e-05 0.000115295 0.000140298 0.000160668 0.000175021 0.000195811 0.000227168 0.000256896 0.000283131 0.000304439 0.000333439 0.000372783 0.00041624 0.000460866 0.000501854 0.000555458 0.000622891 0.00071711 0.000820597 0.000927548 0.00106081 0.00122337 0.00141966 0.00163417 0.00186752 0.00210288 0.00234617 0.00259867 0.00282556 0.00300215 0.00310341 0.00311406 0.00301916 0.00280578 0.0024586 0.00197248 0.00134562 0.000598495 -0.000224591 -0.00107371 -0.00191529 -0.00271385 -0.00342467 -0.0040161 -0.0044538 -0.00472729 -0.00484377 -0.00480584 -0.00464044 -0.00438987 -0.0040763 -0.00373368 -0.00338148 -0.00303286 -0.00269973 -0.00237937 -0.00208315 -0.00180149 -0.0015285 -0.00127758 -0.00105648 -0.000861365 -0.000683964 -0.000528948 -0.000398362 -0.000276325 -0.000179354 -0.000106081 -4.9729e-05 -1.84321e-05 9.69699e-06 3.72759e-05 5.30977e-05 6.31339e-05 6.68047e-05 6.894e-05 6.99364e-05 6.29852e-05 5.94617e-05 5.29805e-05 5.0056e-05 5.42172e-05 5.63677e-05 6.05929e-05 6.62483e-05 5.9054e-05 5.24202e-05 4.72601e-05 4.46553e-05 4.73081e-05 5.21952e-05 5.3919e-05 6.03385e-05 6.57372e-05 6.41127e-05 5.57292e-05 5.07063e-05 4.75559e-05 5.47896e-05 6.51687e-05 6.84048e-05 7.1477e-05 7.65846e-05 7.30967e-05 7.39798e-05 7.15562e-05 6.94623e-05 7.73972e-05 8.50717e-05 9.13391e-05 0.000101502 0.00010483 0.000107716 0.00010345 0.000100823 0.000106236 0.000107483 0.00010763 9.61222e-05 6.71422e-05 3.79455e-05 -1.45873e-05 -9.51769e-05 -0.000191435 -0.000320144 -0.000477634 -0.000664271 -0.00088076 -0.00111766 -0.00136968 -0.00163418 -0.00191395 -0.00220733 -0.00250545 -0.00281649 -0.00313115 -0.00344209 -0.00374601 -0.00404083 -0.00431245 -0.00452077 -0.00464535 -0.00466317 -0.00452913 -0.0042245 -0.00376761 -0.00318046 -0.00248979 -0.00170999 -0.00087281 -2.73625e-05 0.000787141 0.00152513 0.00213819 0.00260914 0.00294883 0.00316791 0.00327192 0.00326302 0.00315416 0.00296381 0.00273945 0.00250371 0.00227156 0.00203894 0.00179681 0.00157918 0.00139721 0.00125575 0.00113388 0.00102264 0.000915532 0.00082479 0.000776422 0.000742391 0.000697965 0.000642762 0.000599446 0.000580363 0.00057311 0.000555142 0.000516945 0.000486742 0.00048685 0.000492396 0.000477668 0.000447229 0.000432522 0.000443723 0.000452256 0.000439535 0.000413545 0.000411549 0.000430637 
0 2.9326e-05 6.62259e-05 0.000104114 0.000134865 0.000171986 0.000203669 0.000237061 0.000278312 0.000323009 0.00035975 0.000395069 0.00044112 0.000494242 0.000553224 0.000606812 0.000664198 0.000731168 0.000821415 0.000918982 0.00102647 0.0011381 0.0012728 0.00145892 0.00166779 0.0019046 0.00216547 0.00249096 0.00285875 0.00328413 0.0037531 0.0042189 0.00470072 0.00517124 0.00561167 0.00595025 0.00615362 0.00616782 0.00595664 0.00550666 0.00479782 0.00381744 0.00257607 0.00109487 -0.000527126 -0.00220832 -0.00388456 -0.00543502 -0.00681064 -0.00794151 -0.00881304 -0.00935343 -0.00956497 -0.00948592 -0.00917344 -0.00868323 -0.00806574 -0.00739265 -0.00671976 -0.0060384 -0.00537543 -0.00475726 -0.00415298 -0.00359136 -0.00306184 -0.00258323 -0.00214581 -0.00175591 -0.00139239 -0.00107721 -0.000797978 -0.000576285 -0.000384337 -0.000229159 -0.000119087 -4.35022e-05 3.23667e-05 7.4422e-05 0.000103245 0.000117339 0.000111508 0.000116874 0.000124996 0.000121299 0.000122238 0.00011906 0.000114508 0.000112352 0.000103294 0.000106598 0.000100829 9.84354e-05 9.93318e-05 9.8263e-05 0.000106849 0.000117074 0.000100801 0.000100004 9.50192e-05 9.75257e-05 0.000111021 0.000112361 0.000106983 0.000121544 0.000120367 0.000125099 0.000122499 0.00011693 0.000124011 0.000139407 0.000145799 0.000154368 0.000154583 0.000163207 0.000166281 0.000171839 0.000183797 0.00018954 0.00019944 0.000207199 0.000205023 0.000218297 0.000226445 0.000203651 0.00017313 0.000120633 5.30524e-05 -4.52158e-05 -0.000190939 -0.000406383 -0.00066661 -0.000987032 -0.00135598 -0.00178124 -0.0022371 -0.00274025 -0.00328192 -0.00385636 -0.00441998 -0.00501328 -0.0056099 -0.00620841 -0.0068211 -0.00742212 -0.00799679 -0.0085201 -0.00893075 -0.00918011 -0.00919585 -0.00892553 -0.00836708 -0.00749473 -0.00635856 -0.00497751 -0.0034392 -0.00179116 -0.000127435 0.00146935 0.00292755 0.00415416 0.00511302 0.00581353 0.00625107 0.00645084 0.00644056 0.00624046 0.00590807 0.00547479 0.0050165 0.00454253 0.00408502 0.00363206 0.00321338 0.00285877 0.00254329 0.00228512 0.00206193 0.00186676 0.00169094 0.00156535 0.00146917 0.00137555 0.00129041 0.00121903 0.00116325 0.00112278 0.00109032 0.00104241 0.00100145 0.000977164 0.000966372 0.000942605 0.000913297 0.000893269 0.000884379 0.000884747 0.000868577 0.00085301 0.000843868 0.000851816 
0 5.10534e-05 0.000104114 0.000148358 0.000197637 0.000258959 0.000314082 0.000358428 0.000412171 0.000480907 0.000544895 0.000604166 0.00067003 0.000741218 0.000831462 0.00092164 0.00101577 0.00111787 0.00123715 0.00138806 0.00155203 0.00174137 0.00194569 0.0022146 0.00253269 0.00289038 0.00331867 0.00380319 0.00436035 0.0049808 0.00567603 0.0063807 0.00707929 0.00776387 0.00836272 0.00882525 0.00908265 0.00906922 0.00872342 0.00801149 0.00691263 0.00543639 0.00358777 0.00141435 -0.000974332 -0.00344039 -0.00587163 -0.00814792 -0.0101455 -0.011789 -0.013004 -0.0137639 -0.0140837 -0.0139708 -0.013499 -0.0127858 -0.0118998 -0.0109382 -0.00995372 -0.00897375 -0.0080248 -0.00710538 -0.00624839 -0.0054372 -0.00465612 -0.00393393 -0.00328344 -0.00269376 -0.00214783 -0.00166547 -0.00125793 -0.000890253 -0.000598817 -0.000374491 -0.000196647 -8.26624e-05 1.83163e-05 0.00010544 0.000148942 0.00016783 0.000168777 0.000173006 0.000183708 0.000181755 0.000188047 0.000180419 0.000169618 0.000165503 0.000152499 0.000150346 0.000161179 0.000152249 0.000151051 0.000153374 0.000155486 0.000159266 0.000156603 0.000143873 0.000147389 0.000159944 0.000166565 0.000161929 0.000163916 0.000165242 0.000180582 0.000194239 0.00018585 0.000181097 0.000192933 0.000197067 0.000217449 0.000228485 0.000231211 0.000247529 0.000254615 0.000256813 0.000273645 0.000284106 0.000302304 0.000306244 0.000309401 0.000323474 0.000316372 0.00029875 0.000250962 0.000161207 6.77819e-05 -9.34967e-05 -0.000341868 -0.000648717 -0.00104968 -0.00153105 -0.00208988 -0.00272836 -0.00342725 -0.00417948 -0.00497555 -0.00580978 -0.00666085 -0.00750268 -0.00836 -0.00922509 -0.0100929 -0.0109568 -0.0118006 -0.0125705 -0.0131486 -0.0134812 -0.0135194 -0.0131596 -0.0123478 -0.0111025 -0.00945625 -0.00747269 -0.00521402 -0.00279663 -0.000370615 0.00196304 0.00410371 0.00593602 0.00739686 0.00847542 0.00916729 0.00949598 0.00950833 0.00926868 0.00881616 0.00823029 0.00755286 0.00685097 0.00616729 0.00549945 0.00490133 0.00435728 0.00387547 0.0034554 0.00312151 0.00284262 0.00258669 0.00238461 0.00220795 0.00206324 0.0019535 0.0018623 0.00176533 0.00167554 0.00161977 0.00157616 0.00152839 0.00147936 0.0014303 0.00140232 0.00138823 0.00136715 0.00133353 0.00130201 0.00129937 0.00129884 0.00129144 0.00126956 
0 6.60154e-05 0.000134865 0.000197637 0.000255238 0.000334698 0.000412335 0.000482641 0.000554804 0.000636024 0.000722015 0.000817671 0.000918738 0.00101176 0.00111522 0.00123745 0.00138372 0.00153166 0.00169078 0.00186754 0.00209754 0.00236691 0.00266752 0.0030282 0.00343556 0.00393211 0.00451408 0.00520037 0.00593269 0.0067438 0.00764197 0.00855675 0.00948131 0.010337 0.011071 0.011585 0.0118396 0.0117488 0.0112296 0.0102339 0.0087297 0.00672724 0.00428078 0.0014486 -0.00161455 -0.00477944 -0.00792574 -0.0108325 -0.0133791 -0.0154394 -0.0169835 -0.0179199 -0.0182735 -0.0181184 -0.0175494 -0.0166556 -0.0155223 -0.0142791 -0.0130333 -0.0117908 -0.0105949 -0.00947665 -0.00838259 -0.00734036 -0.00633054 -0.0053855 -0.00450462 -0.00370673 -0.00296562 -0.00231677 -0.0017437 -0.00127352 -0.000872072 -0.000549772 -0.00031559 -0.000150161 5.4485e-06 0.000104919 0.000176313 0.000219356 0.000226797 0.000243607 0.000256138 0.000243612 0.000237197 0.000227489 0.000221049 0.000223576 0.000217801 0.000228625 0.000222712 0.000212654 0.000203542 0.000194131 0.000204102 0.00022212 0.000205521 0.000210296 0.000210021 0.000218072 0.000234893 0.000228401 0.000212504 0.000230095 0.000234753 0.000251907 0.000256814 0.000255398 0.000269342 0.000290162 0.000295825 0.000302263 0.000300171 0.000318606 0.000334491 0.000355025 0.000382426 0.000393422 0.000404712 0.000408872 0.000398968 0.000413626 0.000418143 0.000371107 0.000300728 0.000183624 3.01499e-05 -0.000189915 -0.000504832 -0.000945484 -0.0014836 -0.00214302 -0.00290593 -0.00377677 -0.00470523 -0.0057041 -0.00675309 -0.0078343 -0.00888251 -0.00995959 -0.0110408 -0.0121296 -0.0132414 -0.0143345 -0.0153806 -0.0163287 -0.0170685 -0.0175131 -0.0175467 -0.017079 -0.0160912 -0.0145338 -0.0124673 -0.00992539 -0.00705464 -0.00396281 -0.000828459 0.0021976 0.00499112 0.00740096 0.0093577 0.0108469 0.0118313 0.0123386 0.0124317 0.0121754 0.0116654 0.010942 0.010108 0.00920082 0.00830508 0.00743243 0.00663158 0.00592561 0.00526879 0.00470507 0.00423418 0.00384895 0.00350936 0.0032334 0.00299442 0.00278532 0.0026313 0.00250972 0.00238413 0.00226151 0.00217521 0.00210757 0.0020511 0.00198372 0.00191872 0.00186901 0.00184762 0.00182545 0.00177955 0.00174432 0.00172875 0.00173594 0.0017228 0.00169878 
0 7.76384e-05 0.000171986 0.000258959 0.000334698 0.000421949 0.000519141 0.000615898 0.0007106 0.000804425 0.000903435 0.00102496 0.00116087 0.00127915 0.00140511 0.00155583 0.00174511 0.0019488 0.00215311 0.00238987 0.00267794 0.00303883 0.003438 0.00390665 0.00444074 0.00506613 0.00582599 0.00668131 0.00760995 0.00860244 0.00968694 0.0107912 0.0118709 0.0128653 0.0136608 0.0141847 0.0143708 0.0141393 0.013393 0.0120652 0.010125 0.00761442 0.00459148 0.00115411 -0.00254556 -0.006335 -0.010055 -0.0135076 -0.0164981 -0.018903 -0.0206378 -0.0216823 -0.022083 -0.0218848 -0.02119 -0.0201389 -0.0188238 -0.0173865 -0.015923 -0.0144823 -0.0130994 -0.0117703 -0.0105068 -0.00927912 -0.00806249 -0.00689707 -0.00581094 -0.00480837 -0.00387878 -0.00305006 -0.00233378 -0.00169891 -0.00118238 -0.000776995 -0.000461335 -0.000241851 -5.43469e-05 9.9557e-05 0.000191406 0.000244134 0.000266658 0.000286452 0.000303706 0.000299496 0.000299887 0.000287893 0.000275204 0.000272265 0.00026165 0.000264962 0.000275878 0.000262062 0.000252099 0.000247965 0.000250747 0.000259523 0.000257881 0.00024893 0.000256706 0.000274801 0.000283516 0.000273373 0.000267531 0.000270708 0.000292873 0.000317114 0.000315724 0.000314915 0.000331353 0.000341155 0.000362443 0.000373529 0.000377317 0.000401811 0.000421083 0.000437005 0.000463957 0.000479071 0.000496459 0.000496017 0.000492629 0.000501861 0.000481373 0.000432596 0.000332914 0.00016706 -3.00466e-05 -0.000331607 -0.000766636 -0.00131121 -0.00200273 -0.00283392 -0.0037995 -0.00489018 -0.00606522 -0.00730294 -0.00857729 -0.00986772 -0.0111406 -0.0123833 -0.0136323 -0.0148913 -0.0161574 -0.0174158 -0.0186392 -0.0197538 -0.0206035 -0.0211044 -0.0211759 -0.0206841 -0.0195482 -0.0177603 -0.0153495 -0.01239 -0.00898243 -0.00529699 -0.00155214 0.00209076 0.00548006 0.00845453 0.0109157 0.0128249 0.0141434 0.0148849 0.0151146 0.0149295 0.0144008 0.013623 0.0126602 0.0116034 0.0105285 0.00945975 0.00847909 0.00758298 0.00677207 0.0060472 0.00543929 0.00492479 0.00447689 0.00412397 0.00381583 0.00354493 0.00332394 0.003152 0.00299982 0.00286116 0.00274706 0.00264284 0.00255697 0.00249336 0.0024289 0.00236442 0.00231056 0.00227272 0.00224366 0.00221161 0.00218487 0.00215775 0.00214581 0.00213967 
0 9.31069e-05 0.000203669 0.000314082 0.000412335 0.000519141 0.000627319 0.000738577 0.00086065 0.000987055 0.0011084 0.0012404 0.00139186 0.0015517 0.00172476 0.00191208 0.00212522 0.00236435 0.00264324 0.00296081 0.00333395 0.00376313 0.00425945 0.00485821 0.00554174 0.00633172 0.00723366 0.00825855 0.00936052 0.0105498 0.0118128 0.0130573 0.0142456 0.015292 0.0161099 0.0165857 0.0166496 0.0162017 0.0151469 0.0134353 0.011051 0.00803496 0.00447537 0.000477594 -0.00376992 -0.00808844 -0.012299 -0.0161416 -0.0194411 -0.0220614 -0.0239571 -0.0250674 -0.0254416 -0.0251781 -0.0243991 -0.0232239 -0.0217652 -0.0201779 -0.0185846 -0.0170112 -0.0154951 -0.0140532 -0.0126397 -0.0112561 -0.00987907 -0.00853787 -0.00724834 -0.00603734 -0.00489891 -0.00387922 -0.00298109 -0.00222164 -0.00158362 -0.00106893 -0.000674158 -0.000376466 -0.00011853 6.48468e-05 0.000187668 0.000259945 0.000289313 0.000321776 0.000349246 0.000352245 0.000356951 0.000352053 0.00034156 0.000332694 0.000315479 0.000315962 0.000312025 0.000304316 0.000300644 0.000301461 0.000316756 0.000331631 0.000311315 0.000300347 0.000295432 0.000308622 0.000331615 0.000334726 0.000330096 0.000349494 0.000361635 0.00037619 0.00037214 0.000365965 0.000382971 0.000413671 0.00043894 0.000458488 0.000465538 0.000486688 0.000502575 0.000520435 0.000546657 0.000561784 0.000579336 0.000587695 0.000579848 0.000580827 0.000551542 0.000457225 0.000314666 0.000105898 -0.000163201 -0.000540827 -0.00106703 -0.00176484 -0.0026217 -0.00364884 -0.00482505 -0.00613868 -0.00753079 -0.00899178 -0.0104875 -0.0119747 -0.0133847 -0.0147609 -0.0161122 -0.0174649 -0.0188427 -0.0202147 -0.0215433 -0.0227498 -0.0236948 -0.0242714 -0.0243588 -0.0238429 -0.022661 -0.0207407 -0.0181057 -0.0148021 -0.0109905 -0.00684063 -0.00258118 0.0015993 0.00553847 0.00904943 0.0120151 0.014372 0.0160558 0.017083 0.0175264 0.0174725 0.0170163 0.0162201 0.0151954 0.0140246 0.0128116 0.0115904 0.0104277 0.00935782 0.00836383 0.00748764 0.0067347 0.00608879 0.00552234 0.00506203 0.0046776 0.00434125 0.00406166 0.00383113 0.00363551 0.00347349 0.00333909 0.00320353 0.0030865 0.00300302 0.00293981 0.00286485 0.0027867 0.00272957 0.00269864 0.00267789 0.00263633 0.0025938 0.00257445 0.00258379 
0 0.000115295 0.000237061 0.000358428 0.000482641 0.000615898 0.000738577 0.000858633 0.00100508 0.00117139 0.00132584 0.00147138 0.0016407 0.00184337 0.00207321 0.00230397 0.00254478 0.00282746 0.00317597 0.00358563 0.00403865 0.00455017 0.00515014 0.00588523 0.00673448 0.00768455 0.00875112 0.00993684 0.0112257 0.0125956 0.0140061 0.0153556 0.0165891 0.0176388 0.0183965 0.0187473 0.0185964 0.0178496 0.0164272 0.0142944 0.0114508 0.00795295 0.00389024 -0.000601099 -0.00531991 -0.0100541 -0.014601 -0.0187239 -0.0222243 -0.0249716 -0.0269022 -0.0279994 -0.028328 -0.0279857 -0.0271051 -0.0258332 -0.0242907 -0.0226299 -0.0209625 -0.0193333 -0.0177672 -0.0162599 -0.0147831 -0.0133024 -0.0117896 -0.0102762 -0.00879788 -0.00738297 -0.00604625 -0.00483107 -0.00375718 -0.00282434 -0.00204731 -0.00142266 -0.000934485 -0.00056186 -0.000251059 -7.93684e-06 0.000157071 0.000261501 0.000320905 0.000367282 0.000399278 0.00040642 0.000408189 0.000400532 0.000389497 0.000382696 0.000372882 0.000376878 0.000380677 0.000368889 0.000356015 0.00035081 0.000358554 0.000370056 0.000363738 0.000356499 0.000361916 0.000380947 0.00039547 0.000389917 0.000381866 0.00039185 0.000415048 0.00044026 0.00044468 0.000446211 0.000463682 0.00048657 0.000510578 0.000526446 0.000536218 0.000562236 0.00058823 0.000614055 0.000642896 0.000660476 0.00067233 0.00066764 0.000650395 0.000631508 0.000573317 0.000457324 0.000272094 4.96364e-06 -0.000339567 -0.000820985 -0.00148011 -0.00231936 -0.00335178 -0.00457563 -0.0059734 -0.00751511 -0.00913982 -0.0108077 -0.0124737 -0.0140917 -0.0156137 -0.0170535 -0.0184515 -0.0198425 -0.0212464 -0.0226527 -0.0240293 -0.0252931 -0.0262942 -0.0269255 -0.0270748 -0.0266037 -0.0254076 -0.0234258 -0.0206632 -0.0171777 -0.0130959 -0.00860494 -0.00394002 0.000699882 0.00512582 0.00913708 0.0125884 0.0153976 0.0174999 0.0188951 0.0196349 0.0197978 0.0194645 0.0187285 0.0176965 0.016477 0.0151625 0.0138005 0.0124739 0.011223 0.010066 0.00902918 0.00812898 0.0073412 0.00664846 0.00607708 0.0055991 0.00519193 0.00484882 0.00455935 0.00430858 0.00410285 0.0039395 0.00378657 0.00364411 0.00352895 0.0034409 0.00336275 0.00328534 0.0032155 0.00316378 0.00312707 0.00309235 0.00305631 0.00303281 0.00302346 
0 0.000140298 0.000278312 0.000412171 0.000554804 0.0007106 0.00086065 0.00100508 0.00116828 0.00135085 0.00153355 0.00171756 0.00192257 0.00215416 0.00241218 0.0026898 0.00299558 0.00334943 0.00376501 0.00424975 0.00479985 0.00543372 0.00617434 0.00705079 0.00805156 0.00916364 0.0104035 0.0117607 0.0132128 0.0147166 0.0162158 0.017617 0.0188491 0.0198372 0.0204583 0.0205952 0.0201478 0.019036 0.0171994 0.0146183 0.0113083 0.00733547 0.0028063 -0.00211185 -0.00720038 -0.0122319 -0.0169898 -0.0212503 -0.0248164 -0.0275707 -0.029451 -0.0304629 -0.0306846 -0.030239 -0.0292736 -0.0279377 -0.0263599 -0.0246861 -0.0230219 -0.0214146 -0.0198758 -0.0183825 -0.0168958 -0.0153631 -0.0137604 -0.0121143 -0.0104705 -0.00886515 -0.00733256 -0.00591824 -0.00465592 -0.00354997 -0.00262034 -0.00186533 -0.00126908 -0.000804022 -0.00042507 -0.000124036 8.90597e-05 0.000232107 0.000325473 0.000392353 0.00043505 0.000449439 0.000451326 0.000445426 0.000437726 0.000433095 0.000429384 0.000433028 0.000435088 0.000420282 0.000403108 0.000396943 0.000405452 0.000416529 0.000415307 0.000408313 0.000415454 0.000435258 0.000448843 0.000444023 0.000436984 0.00044412 0.000469819 0.000495935 0.000505864 0.000513353 0.000533574 0.000558274 0.000582634 0.000596264 0.000608154 0.000634629 0.000666994 0.000699662 0.00072952 0.000745639 0.000748614 0.00073176 0.000701839 0.000659954 0.000572136 0.000416517 0.000173687 -0.000164847 -0.000605238 -0.00120138 -0.00199654 -0.00299677 -0.00421642 -0.00564661 -0.00726664 -0.00902924 -0.0108658 -0.0127147 -0.0145201 -0.0162242 -0.0177925 -0.019238 -0.0206166 -0.0219726 -0.0233313 -0.0246958 -0.0260437 -0.0273037 -0.0283462 -0.0290504 -0.0292855 -0.0288979 -0.0277623 -0.0258138 -0.0230411 -0.0194993 -0.0152927 -0.0105962 -0.00563014 -0.000610263 0.0042407 0.00870096 0.0126089 0.0158725 0.0184286 0.0202528 0.0213612 0.021808 0.0216721 0.0210705 0.0201176 0.0189224 0.0175599 0.0160944 0.0146265 0.0132219 0.0119157 0.0107217 0.00965465 0.00870326 0.00787298 0.00718269 0.00660166 0.0061013 0.00567621 0.00532258 0.00502122 0.00476676 0.00455829 0.00438085 0.00422252 0.00408106 0.00395853 0.00386358 0.00378936 0.00371682 0.00364081 0.00357782 0.00354605 0.00352785 0.00350296 0.00346873 
0 0.000160668 0.000323009 0.000480907 0.000636024 0.000804425 0.000987055 0.00117139 0.00135085 0.00153404 0.00174076 0.00197986 0.00223253 0.00248858 0.00276387 0.00309628 0.00348929 0.00392681 0.0044152 0.00497511 0.00564562 0.00642392 0.00732379 0.00834667 0.00949644 0.010783 0.0121923 0.0137158 0.0152938 0.0168908 0.0184311 0.0198268 0.0209946 0.0218317 0.0222344 0.0220777 0.0212712 0.0197394 0.0174407 0.0143797 0.010602 0.00618008 0.00124472 -0.00402711 -0.00939211 -0.0146137 -0.0194656 -0.0237182 -0.0272151 -0.02985 -0.0315969 -0.0324605 -0.0325241 -0.0319448 -0.0308887 -0.0295011 -0.0279356 -0.0263205 -0.0247507 -0.0232448 -0.0217973 -0.0203867 -0.018936 -0.017405 -0.0157702 -0.0140438 -0.0122675 -0.0104927 -0.00876791 -0.00715327 -0.00568559 -0.00440823 -0.00331304 -0.00240914 -0.00169213 -0.00111351 -0.000642054 -0.000281184 -1.24707e-05 0.000169844 0.000290984 0.000382896 0.000446879 0.000482516 0.000498439 0.000502575 0.000496286 0.000484156 0.000474677 0.000473363 0.000467288 0.000460506 0.000451022 0.00045062 0.0004649 0.000475123 0.000463083 0.000454121 0.000453563 0.000469542 0.00049071 0.000497308 0.000495741 0.000513345 0.000533883 0.000552113 0.000560183 0.000564284 0.000582401 0.000619451 0.000650103 0.000674805 0.000695221 0.000719113 0.000745891 0.000772887 0.000794598 0.000806322 0.00080329 0.000785266 0.00074104 0.000668319 0.000544356 0.000323692 8.21015e-06 -0.000410175 -0.000965311 -0.00168873 -0.00262701 -0.00381622 -0.00523526 -0.00688121 -0.00871544 -0.0106804 -0.0126941 -0.0146871 -0.0165962 -0.0183521 -0.0199083 -0.0213061 -0.0225859 -0.0238138 -0.0250456 -0.0262998 -0.0275682 -0.0287855 -0.0298535 -0.0306373 -0.0309757 -0.0307167 -0.0297307 -0.0279165 -0.0252547 -0.021765 -0.0175559 -0.0127738 -0.00762162 -0.00233128 0.00286249 0.00772303 0.0120757 0.0158049 0.0188321 0.0211137 0.022643 0.0234473 0.0236111 0.0232284 0.0224312 0.0213115 0.0199552 0.0184496 0.0168866 0.0153608 0.0138999 0.0125456 0.0113068 0.0101957 0.009224 0.00839318 0.0076897 0.00707947 0.00656352 0.00613555 0.0057779 0.00547199 0.00520966 0.00499186 0.00481314 0.00465428 0.00450879 0.00438461 0.00429349 0.00421821 0.00413721 0.00406424 0.00401566 0.00399376 0.00396548 0.00393132 
0 0.000175021 0.00035975 0.000544895 0.000722015 0.000903435 0.0011084 0.00132584 0.00153355 0.00174076 0.00198116 0.00225772 0.00255272 0.00285094 0.00318192 0.00357825 0.0040407 0.00456084 0.00513426 0.00581157 0.00660225 0.00752611 0.00857491 0.00974935 0.0110707 0.0125201 0.0141028 0.0157478 0.0174327 0.0190817 0.0206191 0.0219604 0.0229794 0.0235964 0.0236865 0.0231666 0.0219347 0.0199335 0.0171423 0.0135845 0.00933652 0.00450997 -0.000772511 -0.00630229 -0.0118523 -0.017156 -0.0219631 -0.0261101 -0.0294273 -0.0318555 -0.0333529 -0.0339979 -0.0338818 -0.0331432 -0.0319633 -0.0305381 -0.0290215 -0.0275266 -0.0261025 -0.0247771 -0.0235096 -0.0222302 -0.0209066 -0.019446 -0.0178225 -0.0160493 -0.0141808 -0.0122543 -0.0103556 -0.0085378 -0.00687844 -0.00538929 -0.00411985 -0.0030662 -0.00220416 -0.00150409 -0.000948509 -0.000488896 -0.000155721 7.68333e-05 0.000249653 0.000368093 0.000451574 0.000511887 0.00053817 0.000547222 0.000544076 0.000532021 0.000527274 0.000522512 0.000525661 0.00051629 0.000505474 0.000507266 0.000514462 0.000515702 0.000519502 0.000505088 0.000512394 0.00053268 0.000544881 0.000549802 0.000557721 0.000562829 0.000594257 0.000615985 0.000626209 0.000636688 0.000656739 0.000683988 0.000720547 0.000746119 0.00077358 0.000798097 0.000828118 0.000852776 0.000865433 0.000874568 0.00086165 0.000819142 0.000756609 0.000641537 0.00045106 0.000180824 -0.00021715 -0.000737807 -0.00140825 -0.00228172 -0.00340614 -0.00477786 -0.00641641 -0.00827792 -0.0103265 -0.0124712 -0.0146458 -0.0167457 -0.0186948 -0.020427 -0.0219371 -0.0232032 -0.024317 -0.0253554 -0.0263804 -0.0274605 -0.0286079 -0.0297717 -0.0308425 -0.0316858 -0.0321652 -0.0321037 -0.0313176 -0.0297307 -0.0272728 -0.0239735 -0.019863 -0.0151033 -0.00988641 -0.00443346 0.00100892 0.0062236 0.0110049 0.0151999 0.0187142 0.0214745 0.0234602 0.0247025 0.02524 0.0251774 0.0245851 0.023596 0.0222984 0.0208102 0.019224 0.0175923 0.0159982 0.0144721 0.0130811 0.0118276 0.0107148 0.00972966 0.00887134 0.00814893 0.00753976 0.00702974 0.0065933 0.00622085 0.00590513 0.00564378 0.00542676 0.00524524 0.00508184 0.00493608 0.00481261 0.00471799 0.00464476 0.0045731 0.00450986 0.00445558 0.00442589 0.00441079 
0 0.000195811 0.000395069 0.000604166 0.000817671 0.00102496 0.0012404 0.00147138 0.00171756 0.00197986 0.00225772 0.00255332 0.00287187 0.00324389 0.003658 0.00412342 0.00464634 0.00524633 0.00594962 0.0067551 0.0076934 0.00875261 0.00996423 0.0113066 0.0127882 0.0144086 0.0161137 0.0178721 0.0196016 0.0212511 0.0227154 0.0239183 0.024739 0.025051 0.024769 0.0238031 0.0220894 0.0195894 0.0163017 0.0122607 0.0075715 0.00234888 -0.00321943 -0.0089277 -0.0145316 -0.0197991 -0.0244943 -0.0284161 -0.0314594 -0.0335671 -0.034764 -0.0351113 -0.0347215 -0.0337976 -0.0325357 -0.0310843 -0.0296304 -0.0282671 -0.0270515 -0.0259629 -0.0249419 -0.0239154 -0.0227618 -0.0214219 -0.0198752 -0.0181116 -0.0161779 -0.0141419 -0.0120867 -0.0100887 -0.00821334 -0.00654541 -0.00507754 -0.00383798 -0.00283144 -0.00199588 -0.00131914 -0.000789032 -0.000364463 -5.39395e-05 0.000172196 0.000335904 0.000446907 0.00051598 0.000549776 0.000567713 0.000576017 0.000576549 0.000584955 0.000586552 0.000575955 0.00056601 0.000551072 0.000545396 0.000556438 0.000564176 0.000562127 0.000564323 0.000569635 0.000582096 0.000598993 0.000605872 0.000605667 0.000621476 0.000642138 0.000662423 0.000687146 0.000706551 0.000728983 0.000765402 0.000790336 0.000810408 0.000835097 0.000858492 0.000892021 0.00092422 0.000941099 0.000936249 0.000896848 0.000830543 0.000721302 0.000552812 0.000321175 -3.91096e-05 -0.000527115 -0.00115415 -0.00198453 -0.00302579 -0.00431772 -0.00591331 -0.00776246 -0.00984302 -0.0120857 -0.0143999 -0.0166868 -0.0188427 -0.0207906 -0.0224508 -0.0237955 -0.0248822 -0.0257652 -0.0265452 -0.0273284 -0.0281885 -0.0291608 -0.0302081 -0.0312908 -0.0322495 -0.0328876 -0.0330407 -0.0325494 -0.031272 -0.0291289 -0.026081 -0.0221963 -0.0175795 -0.0123905 -0.00686397 -0.0012384 0.00425321 0.00941274 0.014053 0.0180491 0.0213068 0.0237922 0.0255062 0.0264957 0.0267995 0.0265127 0.0257281 0.0245659 0.0231642 0.0215816 0.0199102 0.0182028 0.0165541 0.015007 0.0136022 0.0123412 0.0111902 0.0101848 0.00932685 0.00861312 0.00800109 0.00747307 0.00702458 0.0066513 0.00634375 0.00607828 0.00585249 0.00566869 0.00550815 0.00536145 0.00523989 0.00515183 0.00508626 0.00501192 0.00494441 0.00490332 0.00489801 
0 0.000227168 0.00044112 0.00067003 0.000918738 0.00116087 0.00139186 0.0016407 0.00192257 0.00223253 0.00255272 0.00287187 0.00323691 0.00367558 0.00417341 0.0047117 0.00531635 0.00603392 0.00686215 0.00782077 0.00889839 0.0101262 0.0115064 0.0130147 0.0146612 0.0164061 0.0182297 0.0200349 0.0217793 0.0233558 0.0246705 0.025666 0.0261934 0.0261497 0.0254196 0.0239616 0.0217246 0.018708 0.0149329 0.0104337 0.00532417 -0.000224163 -0.00602316 -0.0118224 -0.0174121 -0.0225511 -0.0270029 -0.0306444 -0.0333367 -0.0350561 -0.0358202 -0.0357968 -0.0351278 -0.0339893 -0.0325845 -0.03112 -0.0297596 -0.0285834 -0.0276017 -0.0268072 -0.0260964 -0.0253334 -0.0244434 -0.0233018 -0.021874 -0.0201652 -0.0182338 -0.0161261 -0.0139626 -0.0118008 -0.00974701 -0.00785096 -0.00618349 -0.00476163 -0.00357149 -0.00258291 -0.00179718 -0.00113961 -0.000633984 -0.000257322 3.7422e-05 0.00024268 0.00038977 0.00050445 0.000562196 0.000593146 0.000607217 0.000605796 0.000613874 0.000611493 0.000611923 0.000604339 0.000594572 0.000593692 0.000595031 0.000591149 0.000602907 0.000599002 0.000611704 0.000627696 0.000634943 0.000641988 0.00065542 0.000660968 0.000691956 0.000714795 0.00073796 0.000760392 0.00078304 0.000808792 0.000842282 0.00087031 0.000905862 0.000928297 0.000957283 0.00097604 0.000969454 0.000954012 0.000897752 0.000796433 0.000658692 0.0004326 0.000106457 -0.000325777 -0.000927997 -0.00169772 -0.00268321 -0.00391683 -0.00543246 -0.00722391 -0.00928879 -0.01156 -0.0139764 -0.0164084 -0.0187803 -0.0209516 -0.0228233 -0.0243335 -0.025504 -0.0263225 -0.0269067 -0.0273731 -0.0278369 -0.0284299 -0.0292137 -0.0301796 -0.0312594 -0.0323065 -0.0331621 -0.0336274 -0.0334711 -0.0325723 -0.0307996 -0.028129 -0.0245353 -0.0201359 -0.0150746 -0.00956242 -0.00384751 0.00186584 0.0073449 0.0123828 0.016845 0.0206087 0.0236143 0.0258503 0.0273108 0.0280618 0.0281411 0.0276675 0.0267251 0.0254549 0.023938 0.0222489 0.0205145 0.0187737 0.0170973 0.0155196 0.0140862 0.0127904 0.011641 0.0106477 0.00978166 0.00904501 0.00842305 0.00789972 0.00745824 0.00708788 0.00676967 0.00649887 0.00627966 0.00610108 0.00594105 0.00579722 0.00568141 0.00559488 0.00552694 0.00546248 0.00541521 0.00538914 
0 0.000256896 0.000494242 0.000741218 0.00101176 0.00127915 0.0015517 0.00184337 0.00215416 0.00248858 0.00285094 0.00324389 0.00367558 0.00417978 0.00474039 0.00537188 0.00609871 0.0069405 0.00790963 0.00900493 0.0102519 0.0116378 0.0131845 0.0148547 0.0166389 0.0185004 0.0203643 0.02218 0.0238648 0.0253273 0.0264387 0.0271393 0.0273034 0.0268187 0.0256174 0.0236514 0.0208862 0.0173414 0.0130715 0.00813493 0.00267416 -0.00314785 -0.00909172 -0.0149201 -0.0204079 -0.0253456 -0.0295132 -0.0327592 -0.0350158 -0.0362758 -0.036613 -0.0361793 -0.0351468 -0.0337573 -0.0322338 -0.030738 -0.0294625 -0.0284674 -0.0277635 -0.027291 -0.0269262 -0.0265208 -0.0259232 -0.0250361 -0.0238207 -0.0222444 -0.0203505 -0.0182135 -0.0159484 -0.013645 -0.0114048 -0.0093385 -0.00746838 -0.00583861 -0.0044611 -0.00329355 -0.00234536 -0.00158645 -0.000971654 -0.000505106 -0.000146811 0.000118989 0.000316853 0.000462364 0.000553571 0.000607795 0.000637288 0.000645791 0.000656186 0.000649425 0.000638748 0.000636173 0.000636812 0.000642129 0.00065144 0.00064987 0.000648903 0.000647168 0.000649683 0.000656101 0.000673241 0.000694368 0.000715448 0.000734774 0.000752633 0.000763294 0.000785787 0.000808792 0.000835077 0.000872999 0.000909897 0.000942603 0.000977251 0.000993571 0.00100987 0.00101486 0.000999384 0.00095758 0.000871694 0.000742568 0.000548572 0.000249822 -0.000151422 -0.000713982 -0.00144735 -0.0023654 -0.00353943 -0.00496868 -0.00667655 -0.00870291 -0.0109827 -0.0134542 -0.0160127 -0.0185327 -0.0209108 -0.0230211 -0.0247758 -0.0260985 -0.0269849 -0.0274924 -0.0277182 -0.0278125 -0.0279485 -0.0282704 -0.0288586 -0.0297065 -0.030807 -0.0319938 -0.0330636 -0.0338333 -0.0340965 -0.0336575 -0.0323467 -0.0300681 -0.026842 -0.022743 -0.0178846 -0.0124727 -0.00672913 -0.00087151 0.00487878 0.0102798 0.0151735 0.0194208 0.0229474 0.0257073 0.0276903 0.0289119 0.0294328 0.0293251 0.0286753 0.0276168 0.0262127 0.0245902 0.0228531 0.0210791 0.0192957 0.0175733 0.0159821 0.0145302 0.0132486 0.0121037 0.0110839 0.0102007 0.0094752 0.00886923 0.00834026 0.00788919 0.00751129 0.0071977 0.00693519 0.00671629 0.0065359 0.00638007 0.00623686 0.00612388 0.00604734 0.00599587 0.00594253 0.00589569 
0 0.000283131 0.000553224 0.000831462 0.00111522 0.00140511 0.00172476 0.00207321 0.00241218 0.00276387 0.00318192 0.003658 0.00417341 0.00474039 0.00538589 0.00613161 0.00699053 0.00797205 0.0090822 0.0103454 0.0117516 0.0132978 0.0149917 0.0168051 0.0187117 0.0206331 0.0225029 0.0242508 0.0258272 0.0271095 0.0279559 0.0282981 0.0280187 0.0270492 0.0253375 0.0228528 0.019558 0.0154921 0.0107479 0.00541778 -0.000341596 -0.00634134 -0.012361 -0.0181468 -0.0234847 -0.0281544 -0.0319481 -0.0347716 -0.0365583 -0.03732 -0.0371456 -0.036257 -0.0348603 -0.0331908 -0.0314866 -0.0299535 -0.0287605 -0.0279558 -0.02752 -0.027392 -0.0274132 -0.0273895 -0.0271729 -0.0266166 -0.0256504 -0.0242501 -0.0224596 -0.0203459 -0.0180438 -0.0156345 -0.0132413 -0.0109709 -0.00889838 -0.00706927 -0.00549143 -0.00414681 -0.00305026 -0.00213933 -0.00140403 -0.000831049 -0.000377998 -4.57226e-05 0.000201611 0.000392728 0.000510051 0.000582786 0.000628543 0.000651626 0.000675119 0.000679307 0.000678345 0.000677424 0.000675543 0.000673065 0.000668463 0.000661717 0.00067474 0.000685343 0.000700091 0.000707926 0.000713396 0.000725706 0.000745746 0.000759241 0.000783383 0.000805368 0.000838972 0.000871248 0.000896781 0.000921335 0.000949783 0.000980246 0.00101662 0.00103262 0.00104686 0.00104354 0.00100604 0.000940052 0.000814503 0.000625578 0.000366187 -1.88815e-05 -0.000534723 -0.00120405 -0.00207561 -0.00316433 -0.0045319 -0.00618591 -0.00813395 -0.0103706 -0.0128453 -0.0154698 -0.0181366 -0.0206945 -0.023048 -0.0250522 -0.0266016 -0.0276443 -0.0282093 -0.028335 -0.0281621 -0.0278689 -0.0276498 -0.0276897 -0.0280887 -0.0288643 -0.0299861 -0.0313048 -0.032643 -0.0337936 -0.0344961 -0.0345388 -0.0337142 -0.0319167 -0.02911 -0.0253625 -0.0207729 -0.0155232 -0.00983002 -0.00388719 0.00206166 0.00776513 0.0130504 0.0177604 0.0217965 0.0250904 0.0275995 0.0293409 0.0303367 0.0306538 0.0303572 0.0295745 0.0283784 0.0268761 0.0252015 0.0234122 0.0215732 0.0197612 0.0180465 0.0164422 0.0149862 0.0136897 0.0125252 0.0115052 0.0106444 0.00991879 0.00929139 0.00875594 0.00831445 0.00794878 0.0076377 0.00737068 0.00715707 0.00698711 0.00683253 0.00669891 0.00660063 0.00653412 0.00647578 0.0064275 
0 0.000304439 0.000606812 0.00092164 0.00123745 0.00155583 0.00191208 0.00230397 0.0026898 0.00309628 0.00357825 0.00412342 0.0047117 0.00537188 0.00613161 0.00700204 0.00799435 0.00912326 0.0103977 0.0118262 0.0133994 0.0151083 0.0169476 0.0188722 0.0208409 0.0227778 0.0246012 0.0262336 0.0276117 0.0286166 0.029113 0.0290364 0.0282854 0.0268022 0.02456 0.0215471 0.0177424 0.0132021 0.00804397 0.00238451 -0.0036058 -0.00973381 -0.0157658 -0.0214501 -0.0265736 -0.0309296 -0.0343257 -0.0366763 -0.037948 -0.0381767 -0.0374801 -0.0361004 -0.0342869 -0.0323152 -0.0304383 -0.0288492 -0.0277113 -0.0270692 -0.0268989 -0.0271184 -0.027547 -0.027954 -0.0281482 -0.0279671 -0.0273217 -0.0261672 -0.0245373 -0.0225086 -0.0202121 -0.01774 -0.0152235 -0.0127904 -0.0105223 -0.00848129 -0.00669112 -0.00514947 -0.00387484 -0.00281602 -0.00194367 -0.00124766 -0.000694703 -0.00028126 2.93091e-05 0.000264804 0.000422541 0.000528082 0.000602193 0.000649014 0.000684366 0.000690315 0.000686848 0.000685967 0.000689105 0.000690039 0.000687178 0.000682076 0.000695817 0.000709321 0.000721584 0.000724346 0.000731072 0.000749693 0.000776517 0.000792671 0.000810177 0.000827531 0.000863245 0.000902051 0.000934234 0.000960864 0.000988494 0.00101515 0.00104307 0.00104911 0.0010495 0.00103056 0.000974929 0.000872736 0.0006986 0.000447242 0.000106034 -0.000375899 -0.00100654 -0.00181923 -0.0028537 -0.00413544 -0.00572125 -0.0076048 -0.00977318 -0.0122142 -0.0148596 -0.0176087 -0.0203352 -0.0228841 -0.0251447 -0.0269744 -0.0282673 -0.0289743 -0.0291359 -0.0288319 -0.0282302 -0.0275371 -0.0269779 -0.0267489 -0.0269613 -0.0276551 -0.0288313 -0.0303421 -0.0319842 -0.0335278 -0.0347 -0.0352521 -0.0349456 -0.0336461 -0.0313098 -0.0279681 -0.023686 -0.0186328 -0.0130277 -0.00707721 -0.00101714 0.00490713 0.010521 0.0156534 0.0201735 0.023978 0.0270094 0.0292772 0.030794 0.0315913 0.0317174 0.031286 0.0303659 0.029064 0.0275069 0.0257635 0.0239101 0.0220486 0.020245 0.0185014 0.0168721 0.0154107 0.0141152 0.0129653 0.0119531 0.0110775 0.0103375 0.00972133 0.00920313 0.00876181 0.00838723 0.00807036 0.00781231 0.0076082 0.00743832 0.00729582 0.00717504 0.00707956 0.00701543 0.00698587 
0 0.000333439 0.000664198 0.00101577 0.00138372 0.00174511 0.00212522 0.00254478 0.00299558 0.00348929 0.0040407 0.00464634 0.00531635 0.00609871 0.00699053 0.00799435 0.00913592 0.0104276 0.0118671 0.0134437 0.0151805 0.0170477 0.0190066 0.0209877 0.0229522 0.0248524 0.0265779 0.028043 0.0291477 0.029795 0.0298769 0.0293414 0.0281034 0.0260928 0.0233139 0.0197783 0.0154951 0.0105326 0.0050205 -0.000905214 -0.00705821 -0.0132459 -0.0192244 -0.0247624 -0.0296371 -0.0336462 -0.0366179 -0.0384693 -0.0392103 -0.038889 -0.0376648 -0.0357915 -0.03355 -0.0312427 -0.0291465 -0.0274621 -0.0263611 -0.0258708 -0.0259562 -0.0265075 -0.0273285 -0.0281756 -0.0288115 -0.0290606 -0.0287986 -0.0279535 -0.0265449 -0.0246612 -0.02242 -0.0199343 -0.017331 -0.0147661 -0.0123206 -0.010073 -0.0080646 -0.00631053 -0.00483372 -0.00361262 -0.00259248 -0.00176911 -0.00111401 -0.000605727 -0.000211523 8.99924e-05 0.000307617 0.000453814 0.000552444 0.000616234 0.000656753 0.000668493 0.000671469 0.000682732 0.000697268 0.000702092 0.000696178 0.000689316 0.000698623 0.000717162 0.000727601 0.000727138 0.000734968 0.000759461 0.000791379 0.000815625 0.000829285 0.000845452 0.000879638 0.000917035 0.000946285 0.000971935 0.00100113 0.00103458 0.00106096 0.00105906 0.00103442 0.000980569 0.000889145 0.000738311 0.000510864 0.000199085 -0.000229804 -0.00082191 -0.00158715 -0.00257224 -0.003792 -0.00528313 -0.00709586 -0.00920981 -0.0115909 -0.0142209 -0.0170047 -0.0198405 -0.0225753 -0.0250597 -0.0271615 -0.0287453 -0.0297124 -0.0300306 -0.0297478 -0.0289933 -0.0279447 -0.0268413 -0.0259428 -0.0254624 -0.0255306 -0.0261916 -0.0274587 -0.0291869 -0.0311547 -0.0331095 -0.0347639 -0.0358277 -0.0360558 -0.0352735 -0.0334302 -0.0305112 -0.0265648 -0.0217549 -0.0162921 -0.0103948 -0.00428438 0.00180065 0.00768001 0.013175 0.0181308 0.0224138 0.0259569 0.0287464 0.0307973 0.032101 0.0326972 0.032677 0.0320958 0.0310634 0.0296893 0.02807 0.0262668 0.0243933 0.0225241 0.0206792 0.0189217 0.0173034 0.0158545 0.0145548 0.0133936 0.0123706 0.0115024 0.0107825 0.0101695 0.00964141 0.00919878 0.00883463 0.00853265 0.00828172 0.00807914 0.0079235 0.00778808 0.00766958 0.00758988 0.00756075 
0 0.000372783 0.000731168 0.00111787 0.00153166 0.0019488 0.00236435 0.00282746 0.00334943 0.00392681 0.00456084 0.00524633 0.00603392 0.0069405 0.00797205 0.00912326 0.0104276 0.0118924 0.0134816 0.0152188 0.0170929 0.0190844 0.0211053 0.0230966 0.0250213 0.0268039 0.0283612 0.0295684 0.0303493 0.0305876 0.030214 0.0291889 0.027435 0.0249074 0.0216157 0.0175981 0.0128839 0.00755306 0.00174722 -0.00437411 -0.0106316 -0.0168003 -0.0226792 -0.0280249 -0.0326306 -0.0362747 -0.0387896 -0.0401432 -0.0403453 -0.0394859 -0.0377364 -0.0353831 -0.0327249 -0.030061 -0.0276928 -0.0258876 -0.024779 -0.0244073 -0.0247074 -0.0255698 -0.026775 -0.0280479 -0.0291616 -0.0298863 -0.0300516 -0.0295797 -0.0284634 -0.0267723 -0.0246432 -0.0221826 -0.0195449 -0.0168661 -0.0142775 -0.0118473 -0.00962198 -0.00765556 -0.00598392 -0.00456011 -0.00338017 -0.00240776 -0.00161752 -0.00100392 -0.000525448 -0.000145321 0.000124469 0.000316936 0.000454123 0.000545865 0.000604446 0.000631687 0.000644595 0.000663479 0.000683524 0.000690186 0.000679731 0.000671926 0.000687479 0.00070862 0.000721873 0.000722101 0.000725773 0.000751764 0.000788859 0.000811066 0.000825563 0.000844505 0.000880704 0.000921795 0.000950726 0.000969979 0.000991776 0.0010209 0.00103955 0.00102216 0.000976124 0.000895852 0.000757117 0.000557615 0.000262354 -0.000144393 -0.000677537 -0.00139463 -0.00233043 -0.0034811 -0.00490216 -0.00661805 -0.00865146 -0.0109891 -0.013586 -0.0163703 -0.0192691 -0.0221429 -0.0248434 -0.0271914 -0.0290676 -0.0303419 -0.0309088 -0.030773 -0.0300285 -0.0287962 -0.0273055 -0.0258182 -0.0246053 -0.0239089 -0.0238647 -0.0245556 -0.0259466 -0.0279035 -0.0302107 -0.0325877 -0.0347138 -0.036295 -0.037053 -0.0368129 -0.0354522 -0.0329541 -0.0293656 -0.0248337 -0.0195736 -0.0137684 -0.00765562 -0.00145714 0.00462222 0.0103969 0.0157072 0.0204229 0.024451 0.0277648 0.0303296 0.032143 0.0332316 0.0336677 0.0335076 0.0328053 0.0316949 0.0302523 0.0285777 0.0267518 0.0248559 0.0229566 0.0211082 0.019371 0.017748 0.0162798 0.0149732 0.013823 0.0128208 0.0119566 0.0112269 0.0106071 0.0100933 0.00966656 0.00931127 0.00901022 0.00876119 0.00857399 0.00842723 0.00830289 0.00820761 0.00815379 
