0 0 0 0 0 0 0 0 0 0 0 0 0 0 0 0 0 0 0 0 0 0 0 0 0 0 0 0 0 0 0 0 0 0 0 0 0 0 0 0 0 0 0 0 0 0 0 0 0 0 0 0 0 0 0 0 0 0 0 0 0 0 0 0 0 0 0 0 0 0 0 0 0 0 0 0 0 0 0 0 0 0 0 0 0 0 0 0 0 0 0 0 0 0 0 0 0 0 0 0 0 0 0 0 0 0 0 0 0 0 0 0 0 0 0 0 0 0 0 0 0 0 0 0 0 0 0 0 0 0 0 0 0 0 0 0 0 0 0 0 0 0 0 0 0 0 0 0 0 0 0 0 0 0 0 0 0 0 0 0 0 0 0 0 0 0 0 0 0 0 0 0 0 0 0 0 0 0 0 0 0 0 0 0 0 0 0 0 0 0 0 0 0 0 0 0 0 0 0 0 
0 0.000148882 0.000317395 0.000511599 0.000711098 0.000920778 0.00114484 0.00140336 0.001709 0.00203932 0.00237115 0.00268707 0.0030089 0.00332501 0.00360826 0.00382301 0.0039236 0.00390591 0.00377131 0.00352892 0.0031367 0.00257841 0.00187307 0.00104423 0.000142536 -0.000796839 -0.00174255 -0.00268049 -0.00356793 -0.00435453 -0.00500632 -0.00549936 -0.0058237 -0.00598993 -0.00599617 -0.00586436 -0.00561286 -0.00525844 -0.00484263 -0.0043796 -0.00389828 -0.00339407 -0.00291234 -0.00247141 -0.00208016 -0.00175558 -0.00148493 -0.00126929 -0.00110238 -0.000982258 -0.000915023 -0.000905866 -0.000935607 -0.00100687 -0.00110807 -0.00124357 -0.00138527 -0.00154121 -0.00169794 -0.00183263 -0.00191799 -0.00193417 -0.00188202 -0.00175882 -0.00155073 -0.00126026 -0.000911958 -0.000508323 -8.64044e-05 0.000330929 0.000720005 0.00105618 0.00129946 0.00145938 0.00152352 0.00151291 0.00142649 0.00128485 0.00111534 0.000937258 0.000758827 0.000614648 0.000484901 0.000386409 0.000321936 0.000266746 0.000222573 0.00019395 0.000162027 0.000143887 0.000132873 0.000123725 0.000126079 0.000132829 0.000137173 0.000137969 0.000130292 0.000122771 0.000121196 0.000125886 0.000134773 0.000140591 0.000146998 0.000153371 0.000159821 0.000168616 0.000170959 0.000174545 0.000185928 0.0001969 0.000215064 0.000232093 0.000233005 0.000238508 0.000237121 0.000233908 0.000254053 0.000296647 0.000367778 0.000485903 0.000620803 0.000781167 0.000961122 0.00115006 0.00132422 0.00145968 0.00152095 0.00150272 0.00138098 0.00117527 0.000881876 0.000521995 0.000124547 -0.000276586 -0.000678561 -0.00103734 -0.00133248 -0.00155335 -0.00169092 -0.00174056 -0.00171447 -0.00162806 -0.00151314 -0.00137831 -0.00122162 -0.00107332 -0.000935164 -0.000832274 -0.000762876 -0.000737607 -0.000753222 -0.000815295 -0.000920062 -0.00107058 -0.00127415 -0.00155185 -0.00188309 -0.00226928 -0.00269881 -0.00315843 -0.00365415 -0.0041418 -0.00460712 -0.00501286 -0.00534028 -0.00556549 -0.00568139 -0.00567463 -0.00550733 -0.00516229 -0.00464517 -0.00397083 -0.00317695 -0.00229882 -0.00135951 -0.000393786 0.000575087 0.00149234 0.00232102 0.00302464 0.00359842 0.00403313 0.00430954 0.00445276 0.00447256 0.00439247 0.00422381 0.00398849 0.00370083 0.00338712 0.00309584 0.00282506 0.00256264 0.00230737 0.00208383 0.00190812 0.0017799 0.00168975 0.00160433 0.00152849 
0 0.000317395 0.000667861 0.0010362 0.00144127 0.00186109 0.00233705 0.00285701 0.00344661 0.00408531 0.00472462 0.00537544 0.00600993 0.00662667 0.00714546 0.00753832 0.00774159 0.00770819 0.00744977 0.00692909 0.00612575 0.00500851 0.00363086 0.00202155 0.000240169 -0.00162028 -0.00349959 -0.00533666 -0.00706087 -0.00859205 -0.00987505 -0.0108555 -0.0115105 -0.0118343 -0.0118572 -0.0116084 -0.0111388 -0.0104713 -0.0096522 -0.00874813 -0.00778068 -0.00679751 -0.0058536 -0.00498806 -0.0042125 -0.00354635 -0.00299113 -0.00255649 -0.0022293 -0.00200492 -0.00187125 -0.00183824 -0.00190109 -0.00202603 -0.00223159 -0.00249246 -0.00279123 -0.00310978 -0.00339393 -0.00363562 -0.00381651 -0.0038669 -0.00377328 -0.00351794 -0.00310465 -0.00253232 -0.00181057 -0.00100838 -0.00016603 0.000673766 0.00144918 0.00210535 0.00260087 0.00292407 0.00306385 0.00302313 0.00284955 0.00255946 0.00221429 0.00187702 0.00155142 0.00125184 0.00099903 0.000788903 0.000628439 0.000514972 0.00043785 0.000380278 0.000341865 0.000317504 0.000287439 0.000265858 0.000258371 0.000253092 0.000261084 0.000266465 0.000257634 0.000259971 0.000265318 0.000272993 0.000286597 0.000285543 0.000283268 0.000295519 0.000309241 0.000333592 0.000357886 0.000371823 0.00039293 0.000416597 0.000433312 0.000446733 0.000454094 0.000458863 0.000468898 0.000494809 0.000538439 0.000615019 0.00076137 0.000963863 0.00122593 0.00156149 0.00192858 0.00230847 0.00266982 0.00292309 0.00304244 0.00300102 0.00277453 0.00235973 0.00176661 0.00104739 0.000252425 -0.00057279 -0.00135815 -0.00207267 -0.00266507 -0.00309286 -0.00335314 -0.00345628 -0.00343603 -0.0032832 -0.00303404 -0.00275314 -0.00245269 -0.00215691 -0.00189802 -0.00168571 -0.00155762 -0.00149731 -0.00151491 -0.00163913 -0.00186306 -0.00218189 -0.00260635 -0.00315078 -0.00380672 -0.00457051 -0.00542247 -0.00634872 -0.00730982 -0.00826328 -0.009148 -0.00993866 -0.0105862 -0.0110307 -0.0112537 -0.011212 -0.0108593 -0.0101754 -0.00916986 -0.00786064 -0.00630159 -0.00455367 -0.00269867 -0.000789509 0.00109642 0.00290081 0.00453814 0.00593286 0.00707749 0.00792255 0.00848854 0.00878197 0.00885083 0.00870145 0.00836798 0.00792408 0.00737529 0.00679623 0.00621713 0.00567494 0.00514662 0.00465391 0.00423768 0.0038794 0.00360715 0.00339174 0.00322764 0.00309263 
0 0.000511599 0.0010362 0.00159113 0.00217812 0.00284248 0.00357443 0.00436746 0.00522861 0.00613933 0.0070934 0.00805131 0.00900246 0.00986037 0.0105643 0.0110882 0.0113536 0.0113078 0.0108847 0.0100798 0.0088396 0.00718743 0.00518557 0.00284925 0.000262039 -0.00247313 -0.00522398 -0.00790659 -0.0104104 -0.0126343 -0.0145112 -0.0159668 -0.0169451 -0.0174554 -0.0175066 -0.0171753 -0.0165149 -0.0155537 -0.014381 -0.0130461 -0.0116483 -0.0102066 -0.00883574 -0.00756651 -0.00640758 -0.00540872 -0.00456534 -0.00390167 -0.00340626 -0.00306061 -0.00286155 -0.00281424 -0.0028782 -0.0030699 -0.00336989 -0.00377744 -0.00420571 -0.00465683 -0.00509297 -0.00546575 -0.00571348 -0.00577931 -0.00564717 -0.00529057 -0.00466626 -0.00378411 -0.00271986 -0.0015043 -0.000243646 0.000995663 0.00214987 0.00314988 0.00388768 0.00437466 0.00457277 0.0045321 0.00426448 0.0038374 0.00333711 0.00282274 0.00231391 0.00188875 0.00149851 0.00118566 0.000964605 0.00078405 0.000652394 0.000578453 0.000509154 0.000473387 0.00044455 0.000407385 0.00039036 0.000385831 0.000386057 0.000391718 0.000388353 0.000390471 0.000403094 0.000419462 0.000431728 0.000427253 0.000425496 0.000435886 0.00046294 0.000508059 0.000539503 0.000565647 0.000597069 0.000614973 0.00064368 0.000672319 0.000672926 0.00069829 0.000717818 0.000736632 0.000808833 0.000933301 0.00113412 0.00146508 0.00186259 0.00234881 0.00289899 0.0034717 0.00399174 0.0043833 0.00455543 0.00449259 0.00413439 0.00352377 0.00264941 0.00156718 0.000363298 -0.000857853 -0.00206087 -0.00312054 -0.0039795 -0.00461702 -0.00502303 -0.00519116 -0.00514401 -0.00490917 -0.00456557 -0.00415185 -0.00368472 -0.00325274 -0.00286559 -0.00257545 -0.00237243 -0.00228341 -0.00231792 -0.00251063 -0.00285833 -0.00335408 -0.00399516 -0.00482048 -0.00578861 -0.00691869 -0.00818508 -0.00953608 -0.0109545 -0.0123201 -0.013608 -0.0147473 -0.0156847 -0.016326 -0.0166167 -0.0165151 -0.0159539 -0.0149267 -0.0134558 -0.0115521 -0.00927882 -0.00672678 -0.00399807 -0.00122212 0.0015309 0.00414682 0.00654163 0.00860318 0.0102897 0.0115708 0.0124219 0.0129132 0.0130503 0.0128667 0.0124096 0.0117817 0.0110358 0.0102057 0.00937075 0.00854407 0.00775819 0.00705096 0.0064492 0.00592758 0.00547733 0.00513825 0.00488987 0.00472235 
0 0.000711098 0.00144127 0.00217812 0.00299394 0.00388669 0.00488841 0.00593842 0.00705765 0.00824671 0.00946819 0.0107186 0.011902 0.0129648 0.0138005 0.0144058 0.0146956 0.0145605 0.0139638 0.0128453 0.0112051 0.009043 0.00645104 0.00345576 0.000136028 -0.00335552 -0.00688802 -0.0103323 -0.0135498 -0.0164052 -0.0188154 -0.0206982 -0.0220091 -0.022723 -0.0228693 -0.0224916 -0.0216741 -0.0204688 -0.0189676 -0.01729 -0.0154912 -0.0136516 -0.0118668 -0.0102024 -0.00868536 -0.00736132 -0.00624275 -0.00535026 -0.00466525 -0.00418392 -0.00389326 -0.00380703 -0.00390803 -0.00414217 -0.00453097 -0.00503563 -0.00561614 -0.00623424 -0.00679856 -0.00727736 -0.00762271 -0.00771362 -0.00751909 -0.00700862 -0.00618389 -0.00504663 -0.00362654 -0.00203635 -0.000362386 0.00130468 0.00284558 0.00415274 0.00514266 0.00579048 0.00607604 0.0060115 0.00567387 0.00510853 0.00443083 0.00375206 0.00309565 0.00249865 0.00199495 0.00158471 0.00127626 0.0010533 0.000894471 0.000772335 0.000683724 0.000623562 0.000564551 0.000525259 0.00051504 0.000512639 0.000528529 0.000534661 0.000515154 0.000510494 0.000515881 0.000531089 0.00055974 0.000567643 0.000573809 0.000599729 0.000627265 0.000667096 0.000704419 0.000727738 0.000767576 0.000816775 0.000859935 0.000894081 0.000910792 0.000918764 0.000933927 0.000978954 0.00107009 0.00123574 0.00153478 0.00195238 0.00248566 0.00314913 0.0038757 0.00462173 0.00531919 0.00581458 0.00604281 0.0059489 0.00548614 0.00465303 0.00347415 0.00204675 0.000471305 -0.00115886 -0.0027223 -0.00414102 -0.00531666 -0.00617139 -0.00669424 -0.00690213 -0.00685335 -0.0065498 -0.00606789 -0.00551832 -0.00493346 -0.00436278 -0.00386201 -0.00346107 -0.00322245 -0.00312765 -0.00319216 -0.00346104 -0.00392779 -0.00458941 -0.00546045 -0.00655996 -0.00786311 -0.00935596 -0.0109978 -0.0127534 -0.0145543 -0.016321 -0.0179562 -0.0194056 -0.0205717 -0.0213379 -0.0216581 -0.0214635 -0.0206912 -0.0193258 -0.0173992 -0.0149431 -0.0120342 -0.00876444 -0.00527491 -0.00169045 0.00183752 0.00519842 0.00826421 0.0109214 0.0131455 0.0148461 0.0160339 0.0167187 0.0169665 0.016794 0.0162757 0.0155478 0.0146283 0.0136076 0.0125277 0.0114688 0.0104507 0.00953463 0.00875598 0.00804806 0.00744933 0.0069717 0.00664943 0.00643293 
0 0.000920778 0.00186109 0.00284248 0.00388669 0.00503307 0.00626608 0.00756888 0.00895234 0.0103992 0.0118797 0.013327 0.0146951 0.0158832 0.0168142 0.0174468 0.0176693 0.0173951 0.0165555 0.0151436 0.0131107 0.0104836 0.00735169 0.00376062 -0.000173737 -0.00431191 -0.00849495 -0.0125921 -0.0164251 -0.0198256 -0.0226986 -0.0249698 -0.0265844 -0.0275317 -0.0277931 -0.0274304 -0.0265166 -0.0251232 -0.0233902 -0.0214129 -0.0193069 -0.0171126 -0.0149711 -0.0129482 -0.0110818 -0.00944523 -0.00804644 -0.00691033 -0.00602896 -0.00539579 -0.0050192 -0.00490525 -0.00499746 -0.00528704 -0.00575032 -0.00637408 -0.00706202 -0.00779578 -0.00850618 -0.00911141 -0.00951133 -0.00960955 -0.00936906 -0.00875415 -0.00772193 -0.00628621 -0.0045375 -0.00254517 -0.000457404 0.00160464 0.00352002 0.00516409 0.00639243 0.00720002 0.00754762 0.0074914 0.0070712 0.00638427 0.00556219 0.00470784 0.00386931 0.00314465 0.00250523 0.00199692 0.00163036 0.0013423 0.00112708 0.000984279 0.000861018 0.000784422 0.000726312 0.000673136 0.000652978 0.000653171 0.000659154 0.000663249 0.000649936 0.000642572 0.000653471 0.000677964 0.000703932 0.000712831 0.00072361 0.000748047 0.000789218 0.000846518 0.000886706 0.000921526 0.000969279 0.00101307 0.0010701 0.00112077 0.0011328 0.00116051 0.00118469 0.00122496 0.0013491 0.00157221 0.00193329 0.00248301 0.00315527 0.00396369 0.0048642 0.00579135 0.0066336 0.00725861 0.00753492 0.00741155 0.00680949 0.00577239 0.00431296 0.0025289 0.000557315 -0.00145476 -0.0034223 -0.00517748 -0.00661554 -0.00767967 -0.00834813 -0.00862146 -0.00854154 -0.00816323 -0.00760443 -0.00694221 -0.00621281 -0.00551945 -0.00489935 -0.00443031 -0.00413182 -0.00403417 -0.00414669 -0.0045055 -0.0051088 -0.0059565 -0.00705815 -0.00844781 -0.0100633 -0.011892 -0.0138812 -0.0159665 -0.0181156 -0.0201901 -0.0221258 -0.0238098 -0.0251361 -0.0259755 -0.0262645 -0.0259532 -0.0249581 -0.0232681 -0.0209247 -0.0179737 -0.0145107 -0.0106422 -0.00649383 -0.00223779 0.00197857 0.00597464 0.00962656 0.0128225 0.0155267 0.0176709 0.0191867 0.0201215 0.020509 0.0204192 0.0199315 0.0191582 0.0181456 0.0169537 0.0157059 0.0144583 0.0132551 0.0121438 0.0111601 0.0102883 0.00953982 0.00896147 0.00853688 0.0082477 
0 0.00114484 0.00233705 0.00357443 0.00488841 0.00626608 0.00773517 0.00927727 0.0109087 0.0125953 0.0142575 0.0158547 0.0173155 0.0185785 0.0195288 0.0201068 0.0202012 0.0197167 0.0186272 0.0168941 0.0144967 0.0114458 0.00784783 0.00376836 -0.000681792 -0.00533988 -0.0100504 -0.0146559 -0.0189701 -0.0228179 -0.0260959 -0.0287191 -0.0306324 -0.0317963 -0.0322125 -0.0319185 -0.0309966 -0.029522 -0.0276198 -0.025431 -0.0230521 -0.0205791 -0.0181339 -0.0157974 -0.0136167 -0.0116641 -0.00997829 -0.00859812 -0.00751885 -0.00674086 -0.00625843 -0.00607753 -0.00616587 -0.00647533 -0.0070087 -0.00772206 -0.00854317 -0.00940913 -0.0102189 -0.0109052 -0.0113825 -0.0115094 -0.0112221 -0.010471 -0.00923907 -0.00753737 -0.0054352 -0.003068 -0.000578615 0.00188971 0.00417435 0.00612197 0.00760624 0.00858072 0.00901636 0.00894207 0.00844761 0.00763137 0.00665311 0.0056511 0.00468115 0.00380161 0.00304388 0.00242496 0.00195616 0.00160967 0.00136222 0.00118495 0.00105806 0.000969689 0.000889495 0.000824242 0.00078968 0.000773296 0.000780351 0.00078559 0.00077521 0.00077944 0.000797992 0.000823993 0.000852783 0.000857027 0.000861541 0.000892063 0.000941586 0.00100924 0.0010719 0.0011175 0.00117143 0.00122799 0.0012803 0.00132107 0.00134368 0.00136798 0.00141022 0.00149482 0.00165484 0.00192539 0.00236989 0.00299873 0.00380204 0.00478127 0.005863 0.00696414 0.00796509 0.00868074 0.00899396 0.00882526 0.00811243 0.00685953 0.00510697 0.00298046 0.000632078 -0.00178528 -0.00411186 -0.00620232 -0.00792342 -0.0091845 -0.00996917 -0.0102992 -0.0102363 -0.00981344 -0.00914092 -0.00834944 -0.00750851 -0.00670004 -0.00599466 -0.00544956 -0.00512789 -0.00503294 -0.00518929 -0.00564662 -0.0064057 -0.00746075 -0.00881373 -0.01047 -0.0123827 -0.014518 -0.0168148 -0.0192118 -0.0216279 -0.023953 -0.0260788 -0.0279139 -0.0293265 -0.0301733 -0.0303876 -0.0299055 -0.0286701 -0.0266765 -0.0239722 -0.0206086 -0.0166817 -0.0123045 -0.00763331 -0.00283316 0.00191339 0.00644239 0.0106004 0.0142707 0.0174172 0.0199434 0.0218086 0.023014 0.0236232 0.0236875 0.0232941 0.0225569 0.0215045 0.020244 0.0188837 0.0175178 0.0161626 0.0148715 0.0137055 0.012666 0.0118018 0.01111 0.0105859 0.0102034 
0 0.00140336 0.00285701 0.00436746 0.00593842 0.00756888 0.00927727 0.0110615 0.0129136 0.0147783 0.0165762 0.0182561 0.0197638 0.0210132 0.0218922 0.0223245 0.0222143 0.0214871 0.0201079 0.0180516 0.0152997 0.0118887 0.00791801 0.00345707 -0.00138194 -0.00643365 -0.0115236 -0.0164894 -0.0211553 -0.0253568 -0.0289804 -0.0319238 -0.0341085 -0.0354959 -0.036083 -0.0359147 -0.0350561 -0.0335774 -0.0316035 -0.0292728 -0.0267111 -0.0240225 -0.0213369 -0.0187362 -0.0162751 -0.0140358 -0.0120769 -0.0104472 -0.00915873 -0.008213 -0.00761217 -0.0073556 -0.0074063 -0.00773421 -0.00832364 -0.00912621 -0.0100493 -0.0110218 -0.0119478 -0.0127313 -0.0132558 -0.0133886 -0.0130502 -0.0121811 -0.0107468 -0.00876817 -0.00633999 -0.00359881 -0.000716735 0.00213496 0.00478065 0.00704495 0.00877555 0.009915 0.010433 0.0103695 0.00981084 0.00888542 0.00776579 0.00659778 0.00546479 0.0044459 0.00356589 0.00285431 0.00231699 0.00191224 0.00161494 0.00140292 0.00124433 0.00113258 0.00104194 0.000967651 0.00092614 0.000910835 0.000912944 0.000914539 0.000904767 0.000904966 0.000924063 0.00095582 0.000986472 0.00099889 0.00101212 0.00104713 0.00110575 0.00118012 0.0012442 0.00129659 0.00135525 0.00141705 0.00148195 0.00153494 0.00156384 0.00159767 0.00164825 0.00174511 0.0019398 0.00227267 0.00279957 0.003549 0.00449596 0.00562723 0.0068744 0.00813677 0.0092672 0.0100788 0.0104224 0.0102049 0.0093579 0.00789572 0.00586715 0.0034024 0.000679553 -0.00211732 -0.00481662 -0.00723201 -0.00921463 -0.0106767 -0.0115961 -0.0119911 -0.0119158 -0.0114378 -0.0106856 -0.00978644 -0.00882916 -0.00791887 -0.00713414 -0.00654652 -0.00620453 -0.00613137 -0.00635779 -0.00693066 -0.00785604 -0.00912098 -0.010716 -0.0126321 -0.0148138 -0.0172197 -0.0197833 -0.0224263 -0.0250589 -0.027549 -0.0297923 -0.0316851 -0.0330972 -0.0338851 -0.0339647 -0.03328 -0.0317892 -0.0295097 -0.026494 -0.0227935 -0.0184982 -0.0137344 -0.00867311 -0.00349643 0.00163345 0.00656263 0.0111405 0.0152298 0.0187554 0.0216357 0.0238335 0.0253682 0.0262695 0.0265679 0.026337 0.0256887 0.024691 0.0234412 0.0220521 0.0206002 0.0191235 0.0176916 0.0163762 0.0152055 0.0142157 0.0134166 0.0127959 0.0123494 
0 0.001709 0.00344661 0.00522861 0.00705765 0.00895234 0.0109087 0.0129136 0.0149318 0.0169074 0.0187787 0.0204837 0.0219632 0.0231086 0.0238252 0.0240363 0.0236659 0.022654 0.0209628 0.018588 0.0155219 0.0118149 0.00754937 0.00280591 -0.00229362 -0.00758605 -0.0128999 -0.0180861 -0.0229848 -0.0274381 -0.0313178 -0.0345144 -0.0369413 -0.03856 -0.0393563 -0.0393653 -0.0386341 -0.0372348 -0.0352909 -0.032929 -0.0302798 -0.0274485 -0.0245708 -0.0217454 -0.0190471 -0.016562 -0.0143573 -0.012485 -0.0109748 -0.00984108 -0.00910266 -0.00875819 -0.00876599 -0.00909763 -0.00971675 -0.0105782 -0.0115879 -0.01266 -0.0136933 -0.0145643 -0.0151316 -0.0152613 -0.0148559 -0.0138561 -0.0122257 -0.00998939 -0.00725058 -0.00414761 -0.000876198 0.00236222 0.00536576 0.0079352 0.00990637 0.011209 0.0118144 0.0117682 0.0111569 0.0101324 0.00887813 0.00755122 0.00626213 0.00510149 0.00410077 0.00329624 0.00268773 0.00222815 0.00188536 0.00163545 0.00144318 0.00130186 0.00119453 0.00111169 0.00106671 0.00105474 0.00105518 0.00105197 0.00103887 0.00103101 0.00104678 0.00108214 0.00111839 0.0011445 0.00117171 0.00121398 0.00127843 0.00135212 0.0014136 0.00146962 0.00153431 0.00160709 0.0016868 0.00175121 0.00178721 0.00182528 0.00188421 0.00200086 0.00223683 0.00263941 0.00325679 0.00412407 0.00521331 0.0064948 0.00790072 0.00931303 0.0105626 0.011459 0.0118266 0.0115554 0.0105721 0.00889054 0.00657878 0.00378197 0.000700464 -0.00245714 -0.00550775 -0.00824184 -0.0104946 -0.012164 -0.0132142 -0.0136684 -0.0135842 -0.013059 -0.0122356 -0.0112461 -0.0101991 -0.00920467 -0.00834874 -0.00772302 -0.00737812 -0.00735431 -0.00767976 -0.00838682 -0.0094815 -0.0109484 -0.0127746 -0.0149389 -0.0173757 -0.0200196 -0.0227912 -0.0256035 -0.0283664 -0.030942 -0.0332196 -0.0350761 -0.0363854 -0.0370247 -0.0369162 -0.0360161 -0.0342894 -0.0317556 -0.0284696 -0.0244986 -0.0199407 -0.0149303 -0.00963038 -0.00421697 0.00116714 0.00637398 0.0112567 0.0156727 0.0195172 0.0227211 0.0252491 0.02713 0.0283651 0.0289603 0.02897 0.0284983 0.0276485 0.0265038 0.025162 0.0236845 0.0221427 0.0206306 0.0192206 0.0179458 0.0168294 0.0159127 0.0152052 0.0147181 
0 0.00203932 0.00408531 0.00613933 0.00824671 0.0103992 0.0125953 0.0147783 0.0169074 0.0189452 0.0208216 0.0224889 0.0238389 0.0247978 0.025276 0.0252071 0.0245323 0.023188 0.0211822 0.0185019 0.0151764 0.0112344 0.00675009 0.00183233 -0.00339753 -0.00877858 -0.0141786 -0.0194583 -0.0244717 -0.0290667 -0.0331063 -0.0364829 -0.0391236 -0.0409639 -0.0419988 -0.0422254 -0.0416883 -0.0404625 -0.03864 -0.0363589 -0.0337043 -0.030819 -0.0278161 -0.0248224 -0.0219364 -0.0192348 -0.0168036 -0.0147022 -0.0129733 -0.0116539 -0.0107655 -0.0103071 -0.0102633 -0.0105713 -0.0112092 -0.012103 -0.0131887 -0.0143459 -0.0154519 -0.0163804 -0.0169906 -0.0171189 -0.0166518 -0.0155178 -0.0136966 -0.0112126 -0.00814817 -0.00469696 -0.00104945 0.00257064 0.00592268 0.00878225 0.0110038 0.0124691 0.0131702 0.0131306 0.0124759 0.0113591 0.00997771 0.00851264 0.00709587 0.00578576 0.00467309 0.00376591 0.00305936 0.00253964 0.00215776 0.00186585 0.00166245 0.00150313 0.0013733 0.00128019 0.00121953 0.00118826 0.00118418 0.00117765 0.00116719 0.00117078 0.00119298 0.00122857 0.00126747 0.00129325 0.00131884 0.00136902 0.00144077 0.0015204 0.0016004 0.00166508 0.00173117 0.00181258 0.00188656 0.00194384 0.00199702 0.00203895 0.00212141 0.00228795 0.00257135 0.00304002 0.00375683 0.00471708 0.00594145 0.00737789 0.00894091 0.0104962 0.0118667 0.0128264 0.0132064 0.0128633 0.0117508 0.00984729 0.00725215 0.00413272 0.000700157 -0.0028301 -0.00620792 -0.0092467 -0.0117597 -0.013623 -0.0147967 -0.0153123 -0.0152484 -0.0147037 -0.013814 -0.0127437 -0.0116286 -0.0105597 -0.00965884 -0.00900192 -0.0086806 -0.00871883 -0.00915499 -0.0100123 -0.0112891 -0.0129637 -0.0150168 -0.0173992 -0.0200563 -0.0228876 -0.0258016 -0.028718 -0.0315134 -0.0340916 -0.0362989 -0.0380282 -0.0391479 -0.0395645 -0.0392283 -0.0380957 -0.0361526 -0.0334023 -0.0298981 -0.0257332 -0.021021 -0.0158958 -0.010505 -0.00497543 0.000538929 0.00590678 0.0109652 0.0155948 0.019701 0.0232004 0.0260722 0.0282884 0.0298698 0.0308042 0.0311392 0.030956 0.0303351 0.0293791 0.0281459 0.0267303 0.0252057 0.0236788 0.0222235 0.0208634 0.0196523 0.0186285 0.0178546 0.0173327 
0 0.00237115 0.00472462 0.0070934 0.00946819 0.0118797 0.0142575 0.0165762 0.0187787 0.0208216 0.0226604 0.0241871 0.0253436 0.0260284 0.0262125 0.025814 0.0247855 0.0231112 0.0207795 0.0178322 0.0142738 0.0101669 0.00556667 0.00059259 -0.00463242 -0.00999149 -0.0153593 -0.0206114 -0.0256182 -0.0302487 -0.0343702 -0.0378857 -0.0406949 -0.0427529 -0.0440157 -0.0445034 -0.0442265 -0.0432418 -0.0416363 -0.0394872 -0.0369248 -0.03406 -0.0310259 -0.0279408 -0.0249129 -0.022033 -0.0194024 -0.0170879 -0.0151632 -0.0136564 -0.0126104 -0.0120232 -0.0118678 -0.012146 -0.012784 -0.0137226 -0.0148521 -0.0160582 -0.0172385 -0.0182268 -0.0188384 -0.018955 -0.018433 -0.017189 -0.0151665 -0.0124102 -0.00905228 -0.00525027 -0.0012427 0.00272009 0.00640616 0.00957678 0.0120359 0.0136746 0.0144643 0.0144608 0.0137603 0.0125674 0.0110805 0.00947459 0.00790783 0.00648652 0.00524665 0.00423927 0.00345951 0.00286688 0.00242593 0.00211524 0.00187805 0.00169842 0.00156311 0.00144924 0.00136704 0.00133132 0.00130688 0.0012972 0.00129918 0.00130409 0.00133186 0.00137729 0.00140727 0.00143773 0.00147092 0.0015175 0.0015988 0.00169347 0.00177415 0.00185614 0.00192879 0.0019984 0.00207401 0.00213926 0.00218806 0.00226025 0.00237286 0.00256633 0.00290962 0.0034609 0.00425243 0.00534284 0.00670466 0.00827811 0.00999058 0.0116856 0.0131415 0.0141636 0.0145335 0.014117 0.0128442 0.010735 0.00788483 0.00444677 0.000659266 -0.00321277 -0.00694298 -0.0102717 -0.0130091 -0.0150554 -0.0163655 -0.0169681 -0.0169099 -0.0163439 -0.0154258 -0.01429 -0.0130919 -0.0119727 -0.0110431 -0.0104163 -0.010124 -0.0102403 -0.010799 -0.0118095 -0.0132769 -0.0151594 -0.0174175 -0.0199883 -0.0227993 -0.0257553 -0.0287632 -0.0317101 -0.0344891 -0.0369565 -0.0390089 -0.040513 -0.0413782 -0.0415379 -0.0409316 -0.0395499 -0.0373776 -0.0344421 -0.0307924 -0.0265308 -0.0217691 -0.016642 -0.0112618 -0.00575271 -0.000225132 0.00516764 0.0102917 0.0150504 0.0193413 0.0231235 0.0263065 0.0288731 0.030793 0.0321002 0.0328324 0.0330077 0.0327118 0.0319862 0.0309489 0.02967 0.0282577 0.0267874 0.0253158 0.0239289 0.0226586 0.0215968 0.020767 0.020215 
0 0.00268707 0.00537544 0.00805131 0.0107186 0.013327 0.0158547 0.0182561 0.0204837 0.0224889 0.0241871 0.0255212 0.0263919 0.0267642 0.0265887 0.0258125 0.0244306 0.0224222 0.019815 0.016606 0.0128677 0.00866401 0.0040534 -0.000853303 -0.00597791 -0.0112111 -0.0164474 -0.021559 -0.0264441 -0.0310136 -0.0351442 -0.0387294 -0.0416842 -0.0439203 -0.0454337 -0.0461998 -0.0462292 -0.0455591 -0.0442176 -0.0423077 -0.0398995 -0.0371552 -0.03416 -0.0310478 -0.0279456 -0.024938 -0.0221476 -0.0196608 -0.0175475 -0.0158625 -0.0146419 -0.0138964 -0.0136499 -0.0138512 -0.0144633 -0.0153928 -0.016575 -0.0178449 -0.0190604 -0.0200707 -0.020714 -0.0208076 -0.0202005 -0.0188024 -0.0165944 -0.0136144 -0.00995072 -0.0058343 -0.00148172 0.0028448 0.00685516 0.0102915 0.0130018 0.0148114 0.015719 0.0157442 0.015032 0.0137672 0.0121642 0.0104302 0.00874577 0.0071698 0.00583185 0.00473213 0.00385814 0.00321545 0.00274059 0.00236861 0.00210936 0.00189621 0.0017247 0.00160795 0.00152513 0.0014745 0.00145667 0.00143931 0.00142783 0.00143408 0.00145738 0.00149471 0.00154189 0.00158528 0.00162917 0.00169459 0.00177426 0.00185436 0.00194372 0.0020198 0.00209329 0.00218694 0.00226692 0.00233162 0.00241053 0.00247729 0.00260785 0.00285729 0.00325253 0.00387997 0.00479767 0.00598647 0.00748802 0.00921481 0.011065 0.0128671 0.01441 0.0154548 0.0158088 0.0152988 0.013898 0.0115658 0.00843654 0.00470184 0.000594704 -0.00362638 -0.00764913 -0.0112664 -0.0142652 -0.0165065 -0.0179368 -0.0185954 -0.0185798 -0.0180164 -0.017043 -0.015848 -0.0146221 -0.0134729 -0.0125523 -0.0119379 -0.0117254 -0.0119448 -0.0126382 -0.0138089 -0.01545 -0.0175187 -0.0199557 -0.0226648 -0.0255923 -0.0286172 -0.0316432 -0.0345662 -0.0372178 -0.0395135 -0.0413025 -0.0425142 -0.0430681 -0.0429227 -0.042038 -0.0403831 -0.0379956 -0.0349075 -0.0311844 -0.0269257 -0.0222157 -0.0171689 -0.0119002 -0.0065024 -0.00110424 0.00420249 0.00929553 0.0141036 0.01853 0.0225027 0.0259762 0.028857 0.0311472 0.0328503 0.0340029 0.0346037 0.0346763 0.0342951 0.0335209 0.0324828 0.0312562 0.0299047 0.0284958 0.0271225 0.0258838 0.024812 0.0239682 0.0233816 
0 0.0030089 0.00600993 0.00900246 0.011902 0.0146951 0.0173155 0.0197638 0.0219632 0.0238389 0.0253436 0.0263919 0.0269551 0.0269548 0.0263911 0.0252224 0.0234752 0.0211725 0.0182969 0.0148928 0.0110271 0.00680893 0.00227253 -0.00249094 -0.00741467 -0.0124274 -0.017432 -0.022316 -0.0270037 -0.0314259 -0.0354705 -0.0390596 -0.0420935 -0.0445156 -0.0462624 -0.0473244 -0.0476768 -0.0473436 -0.0463584 -0.0447507 -0.0426178 -0.0400634 -0.0371875 -0.0341198 -0.0310039 -0.0279371 -0.0250427 -0.0223989 -0.020115 -0.0182474 -0.016868 -0.0159883 -0.0156082 -0.0157403 -0.0162967 -0.0172083 -0.0183762 -0.0196591 -0.0209255 -0.0219706 -0.0225764 -0.0226216 -0.0219362 -0.0204219 -0.0180221 -0.0147933 -0.0108635 -0.00641679 -0.00171854 0.00293435 0.00726387 0.0109965 0.0139228 0.0158989 0.0169036 0.0169906 0.0162701 0.0149652 0.0132781 0.0114131 0.00957717 0.00789633 0.00643623 0.00524565 0.00430778 0.00359202 0.00305014 0.00265306 0.00234456 0.00210445 0.00192696 0.00179095 0.00169086 0.00164119 0.00159911 0.00157597 0.00157087 0.00157066 0.00159308 0.00164063 0.0016803 0.00173723 0.00179744 0.00186154 0.00194634 0.00203649 0.00211443 0.00220316 0.00228218 0.00236335 0.00245064 0.00253449 0.00261287 0.00271926 0.00288196 0.00315811 0.00362106 0.00434632 0.00535514 0.00669286 0.0083324 0.0101821 0.0121489 0.0140536 0.0156498 0.0167327 0.0170612 0.0164686 0.0148893 0.0123415 0.00895827 0.00491735 0.000483658 -0.00404056 -0.0083813 -0.012265 -0.0154778 -0.0179063 -0.019487 -0.0202466 -0.0202423 -0.0196736 -0.0187108 -0.0175085 -0.0162533 -0.0150983 -0.014182 -0.013629 -0.0134793 -0.0138211 -0.014677 -0.0160168 -0.0178277 -0.0200475 -0.0226172 -0.0254357 -0.0284231 -0.0314548 -0.034424 -0.0371983 -0.0396497 -0.0416613 -0.0431489 -0.0440104 -0.0442083 -0.0437297 -0.0425329 -0.0406323 -0.0380567 -0.0348709 -0.0311329 -0.0269432 -0.0223668 -0.0174981 -0.012422 -0.00724226 -0.00205121 0.00306387 0.00804344 0.0128336 0.0173063 0.0214206 0.0250955 0.0282896 0.030944 0.0330662 0.034655 0.0356782 0.0361994 0.0362272 0.0358449 0.0351136 0.0341449 0.0329929 0.0317206 0.0304704 0.0292973 0.0282803 0.0274377 0.0268509 
0 0.00332501 0.00662667 0.00986037 0.0129648 0.0158832 0.0185785 0.0210132 0.0231086 0.0247978 0.0260284 0.0267642 0.0269548 0.0265722 0.0256135 0.0240672 0.0219815 0.0193827 0.0162982 0.0127618 0.00887066 0.00470631 0.000296605 -0.00426063 -0.00891029 -0.0136093 -0.0183036 -0.0229019 -0.0273307 -0.0315361 -0.0354234 -0.0389378 -0.0420234 -0.0445894 -0.046578 -0.0479269 -0.0486136 -0.0486546 -0.0480457 -0.0468167 -0.0450051 -0.0427253 -0.0400429 -0.0370949 -0.0340383 -0.0309691 -0.0280127 -0.0252699 -0.0228469 -0.0208295 -0.0192887 -0.018252 -0.0177551 -0.0177756 -0.0182558 -0.0191157 -0.0202817 -0.0215741 -0.0228277 -0.0238549 -0.024461 -0.0244619 -0.0236807 -0.022013 -0.0194303 -0.0159824 -0.0117709 -0.00702805 -0.00201126 0.00297664 0.00760808 0.0116009 0.0147719 0.0169257 0.0180484 0.0181771 0.0174573 0.0161042 0.0143383 0.0123834 0.0104541 0.00864428 0.00707995 0.00577938 0.00473286 0.00394956 0.00336865 0.002925 0.00260399 0.00234227 0.00213374 0.00198287 0.00186538 0.00178333 0.00173495 0.00170528 0.00169894 0.00171442 0.00174357 0.00178354 0.00183123 0.00188563 0.00194462 0.00201984 0.00210608 0.0021947 0.0022939 0.00238642 0.00246765 0.00255597 0.00263085 0.00270334 0.0028057 0.00292705 0.00313621 0.00349256 0.00403413 0.00484579 0.00596848 0.00739789 0.00915813 0.0111455 0.0132395 0.0152369 0.0168922 0.01797 0.0182463 0.0175374 0.01581 0.0130426 0.00939204 0.00507193 0.000338999 -0.0045017 -0.00911585 -0.0132592 -0.0167072 -0.0193185 -0.0210236 -0.0218573 -0.0219261 -0.0213963 -0.0204243 -0.019207 -0.0179619 -0.0168265 -0.0159584 -0.0154598 -0.0154193 -0.015893 -0.0168997 -0.0183954 -0.0203476 -0.0226967 -0.025364 -0.028234 -0.0312271 -0.0341975 -0.0370272 -0.0395903 -0.0417399 -0.0434221 -0.0445368 -0.0450206 -0.0448366 -0.0439936 -0.0424913 -0.0403492 -0.0376388 -0.0344065 -0.0307092 -0.0266393 -0.022255 -0.017638 -0.0128492 -0.00795024 -0.00303385 0.0018434 0.00663581 0.0113145 0.0157686 0.019939 0.0237844 0.0272282 0.0302331 0.0327606 0.0347781 0.0362523 0.0372335 0.0377586 0.0378272 0.0374957 0.0368528 0.0359808 0.0349613 0.0339038 0.0328824 0.0319448 0.0311697 0.0306259 
0 0.00360826 0.00714546 0.0105643 0.0138005 0.0168142 0.0195288 0.0218922 0.0238252 0.025276 0.0262125 0.0265887 0.0263911 0.0256135 0.0242869 0.022398 0.0199914 0.0171339 0.0138815 0.0102975 0.00645286 0.0024088 -0.00181209 -0.0061062 -0.0104215 -0.0147523 -0.0190779 -0.0233245 -0.0274379 -0.0313791 -0.0350716 -0.0384816 -0.0415583 -0.0442297 -0.0464132 -0.0480438 -0.0490726 -0.0494894 -0.0492773 -0.048434 -0.047004 -0.0450687 -0.0426762 -0.039939 -0.0370102 -0.033998 -0.0310392 -0.0282426 -0.0257326 -0.0235944 -0.0219102 -0.0207193 -0.0200688 -0.0199769 -0.0203739 -0.0211774 -0.0222937 -0.0235553 -0.0247947 -0.0258016 -0.026357 -0.0262955 -0.0254245 -0.0236199 -0.0208394 -0.0171506 -0.0126779 -0.00764337 -0.00232586 0.00295489 0.00787625 0.0121446 0.0155395 0.0178725 0.0191152 0.0193169 0.0186179 0.0172461 0.0154174 0.0133624 0.0113113 0.00939651 0.00772206 0.00632778 0.0052048 0.00434858 0.00370622 0.0032261 0.00286206 0.00257235 0.002347 0.00217632 0.0020413 0.00194888 0.00188157 0.00184591 0.00184088 0.00185427 0.00188165 0.00192453 0.00197069 0.00203584 0.00210739 0.00218525 0.00227151 0.002363 0.00245766 0.00255831 0.00264483 0.00272777 0.00280518 0.00289096 0.00300518 0.00316553 0.00341847 0.00382607 0.00444723 0.00536088 0.00659226 0.00815825 0.0100484 0.0121548 0.0143465 0.0164132 0.0180928 0.0191573 0.0193688 0.0185464 0.0166406 0.0136656 0.00977844 0.00518543 0.000157036 -0.00497859 -0.00988508 -0.0142798 -0.01793 -0.0207097 -0.0225567 -0.0234991 -0.0236269 -0.0231356 -0.0221972 -0.0210011 -0.019767 -0.0186691 -0.0178714 -0.0174836 -0.0175605 -0.0181677 -0.019312 -0.0209379 -0.0230079 -0.0254488 -0.0281684 -0.0310334 -0.033946 -0.0367672 -0.0393829 -0.0416607 -0.0434721 -0.0447608 -0.0454683 -0.0455377 -0.0449641 -0.0437744 -0.0419778 -0.0396247 -0.0367965 -0.0335594 -0.0299564 -0.0260618 -0.0219229 -0.0176121 -0.0131689 -0.00862317 -0.00402945 0.000561753 0.00511842 0.00961947 0.013977 0.0181632 0.0221253 0.0257852 0.0290789 0.0319745 0.0344173 0.0363504 0.0378235 0.0388477 0.039416 0.0395421 0.0393156 0.0388191 0.0381319 0.0373592 0.0365493 0.035777 0.035129 0.0346875 
0 0.00382301 0.00753832 0.0110882 0.0144058 0.0174468 0.0201068 0.0223245 0.0240363 0.0252071 0.025814 0.0258125 0.0252224 0.0240672 0.022398 0.0202064 0.0175428 0.014505 0.0111634 0.00759257 0.00385109 -7.82988e-06 -0.00396808 -0.00794963 -0.0119111 -0.0158589 -0.0197757 -0.0236138 -0.0273588 -0.0310024 -0.0344777 -0.0377463 -0.0407635 -0.0434804 -0.0458181 -0.0477067 -0.0490711 -0.0498669 -0.0500616 -0.0496334 -0.0486258 -0.0470883 -0.0450495 -0.0425956 -0.0398695 -0.0369876 -0.0340881 -0.0312934 -0.0287367 -0.026511 -0.0247074 -0.023384 -0.0225951 -0.022374 -0.0226539 -0.0233692 -0.0244205 -0.0256367 -0.0268326 -0.0277925 -0.0282894 -0.0281432 -0.0271512 -0.0251904 -0.0222251 -0.0183197 -0.0136017 -0.0082866 -0.00267218 0.00290295 0.00809897 0.0126186 0.016228 0.0187447 0.0201196 0.020408 0.0197466 0.0183644 0.0164824 0.0143433 0.0121842 0.0101648 0.00838578 0.00689793 0.00569645 0.00477129 0.00407087 0.00354324 0.00313231 0.00280806 0.00256007 0.00237433 0.00223018 0.00212676 0.00204566 0.00199966 0.00198752 0.00199511 0.00201788 0.0020588 0.00211014 0.00218785 0.00227522 0.0023612 0.00244581 0.00253123 0.00261863 0.0027175 0.0028084 0.00289507 0.00298189 0.00308465 0.0032189 0.00341305 0.00371036 0.00417842 0.00488632 0.00590651 0.00725662 0.00895386 0.0109677 0.01319 0.0154694 0.0175843 0.0192686 0.0202974 0.0204294 0.0194905 0.0174135 0.0142265 0.0100902 0.00522934 -7.3953e-05 -0.00547687 -0.0106429 -0.0152757 -0.0191434 -0.0221074 -0.0240981 -0.025146 -0.025353 -0.0249186 -0.0240239 -0.0228706 -0.021689 -0.0206676 -0.0199612 -0.0196849 -0.0198857 -0.0206279 -0.0219001 -0.0236352 -0.025785 -0.0282712 -0.0309856 -0.0337852 -0.0365516 -0.0391521 -0.0414774 -0.0434004 -0.044815 -0.0456702 -0.0459365 -0.0455733 -0.0446099 -0.043094 -0.0410458 -0.0385247 -0.035618 -0.0324084 -0.0289422 -0.025271 -0.0214195 -0.0174406 -0.0133625 -0.00920139 -0.00497671 -0.000716354 0.00356631 0.00784409 0.0120472 0.0161769 0.0201881 0.0239969 0.0275162 0.0307248 0.0335686 0.0359728 0.037951 0.0394861 0.0405767 0.0412311 0.0415226 0.041501 0.0412262 0.0408036 0.0402863 0.0397574 0.0392961 0.0389821 
0 0.0039236 0.00774159 0.0113536 0.0146956 0.0176693 0.0202012 0.0222143 0.0236659 0.0245323 0.0247855 0.0244306 0.0234752 0.0219815 0.0199914 0.0175428 0.0147127 0.0115872 0.00823921 0.00472574 0.00113762 -0.00248103 -0.00612618 -0.00976021 -0.0133537 -0.0169027 -0.0203888 -0.0238013 -0.0271585 -0.0304782 -0.0337066 -0.0367931 -0.039724 -0.0424385 -0.0448886 -0.0469765 -0.0486307 -0.0497916 -0.0503938 -0.0504164 -0.0498541 -0.0487492 -0.0471077 -0.0450041 -0.0425644 -0.0398959 -0.0371184 -0.0343793 -0.0318089 -0.0295375 -0.0276531 -0.0262255 -0.0253304 -0.024974 -0.0251286 -0.0257262 -0.0266863 -0.027832 -0.028953 -0.029831 -0.0302542 -0.0299966 -0.0288756 -0.026757 -0.023615 -0.0195026 -0.0145354 -0.00895491 -0.0030593 0.00280603 0.00826841 0.0130266 0.016855 0.0195455 0.0210544 0.0214289 0.0208231 0.0194465 0.0175322 0.0153301 0.0130879 0.0109597 0.0090867 0.00749974 0.00620313 0.00520271 0.00444634 0.00385933 0.00341949 0.00306895 0.00279478 0.00259483 0.0024355 0.00230029 0.00220901 0.00215139 0.00213237 0.00214677 0.00217103 0.00220219 0.00226262 0.00234064 0.00243113 0.00252732 0.00261172 0.0026913 0.00279119 0.00288719 0.00297789 0.00306854 0.00315277 0.00326037 0.00343175 0.00366201 0.00401933 0.00457011 0.00537048 0.00649283 0.00797156 0.00978183 0.0119106 0.0142371 0.0165917 0.018738 0.0204222 0.0213992 0.0214428 0.0203646 0.0181163 0.014712 0.010325 0.00521017 -0.000351524 -0.00601773 -0.0114184 -0.0162722 -0.020347 -0.0234933 -0.0256403 -0.0268013 -0.0271158 -0.0267623 -0.0259342 -0.0248562 -0.023762 -0.022834 -0.0222361 -0.0220579 -0.0223841 -0.0232465 -0.0246317 -0.0264609 -0.0286527 -0.0311314 -0.0337707 -0.0364317 -0.0389875 -0.0413019 -0.0432635 -0.0447675 -0.0457211 -0.0461255 -0.0459427 -0.0451695 -0.0438368 -0.0420129 -0.0397557 -0.0371135 -0.0341908 -0.0310473 -0.0277416 -0.0243102 -0.0207695 -0.0171469 -0.0134513 -0.00968112 -0.00584975 -0.00195085 0.002023 0.00604846 0.0100714 0.0140793 0.0180711 0.0219491 0.0256455 0.0291177 0.0323154 0.0351687 0.0376311 0.0396898 0.0413113 0.0425421 0.043414 0.0439403 0.0441587 0.044153 0.0440238 0.043813 0.0436047 0.0434445 
0 0.00390591 0.00770819 0.0113078 0.0145605 0.0173951 0.0197167 0.0214871 0.022654 0.023188 0.0231112 0.0224222 0.0211725 0.0193827 0.0171339 0.014505 0.0115872 0.00846705 0.00517227 0.00179102 -0.00159745 -0.00494488 -0.0082577 -0.0115255 -0.0147196 -0.0178467 -0.0209112 -0.0239125 -0.0268916 -0.0298648 -0.0328083 -0.0357022 -0.0385103 -0.0412112 -0.0437092 -0.0459455 -0.0478391 -0.0493191 -0.0503242 -0.0507709 -0.0506689 -0.050006 -0.0488025 -0.0471088 -0.0450202 -0.0426333 -0.0400626 -0.0374398 -0.0349318 -0.0326592 -0.0307298 -0.0292284 -0.0282129 -0.0277465 -0.0277792 -0.0282642 -0.0290979 -0.0301344 -0.031167 -0.0319571 -0.0322566 -0.0318882 -0.0306352 -0.0283564 -0.0250143 -0.0206744 -0.0154855 -0.00965029 -0.00349287 0.00261636 0.0083375 0.0133559 0.0173834 0.0202633 0.0219076 0.022384 0.0218354 0.0204874 0.0185631 0.0163175 0.0139881 0.0117887 0.00980131 0.0081108 0.00673285 0.00564659 0.00481763 0.00420525 0.00371449 0.00333774 0.00305168 0.00282053 0.00263288 0.00249008 0.00236736 0.00230422 0.00229261 0.00229974 0.00232181 0.00236196 0.00240756 0.00249263 0.00259334 0.00268095 0.00276565 0.00285644 0.00294385 0.00305508 0.00315545 0.00323289 0.00332153 0.00344913 0.00362612 0.00391994 0.00434798 0.00497431 0.00588483 0.00712819 0.0087061 0.0106479 0.0128776 0.0152927 0.017705 0.0198783 0.0215364 0.0224456 0.0223704 0.0211554 0.0187002 0.015092 0.0104909 0.00513003 -0.000681084 -0.00658279 -0.0122383 -0.0173142 -0.0215796 -0.0248917 -0.0271914 -0.0285037 -0.0289208 -0.0286627 -0.0279425 -0.0269705 -0.0259668 -0.0251496 -0.0246652 -0.0246282 -0.025063 -0.0260286 -0.0274886 -0.0293567 -0.0315462 -0.0339511 -0.0364525 -0.0389064 -0.0411732 -0.0431367 -0.0446887 -0.0457269 -0.0462193 -0.0461466 -0.0455403 -0.0443741 -0.0427065 -0.040619 -0.038176 -0.0354736 -0.0325737 -0.0295488 -0.026424 -0.0232335 -0.0200077 -0.0167545 -0.0134538 -0.0100801 -0.00662382 -0.00309234 0.000551967 0.0043005 0.00811148 0.0119814 0.0158779 0.0197704 0.0235736 0.0272592 0.0307545 0.0339788 0.0369029 0.0394606 0.0416506 0.043463 0.0449389 0.0460603 0.0468343 0.0473538 0.0476733 0.0478675 0.0479528 0.0479939 
0 0.00377131 0.00744977 0.0108847 0.0139638 0.0165555 0.0186272 0.0201079 0.0209628 0.0211822 0.0207795 0.019815 0.0182969 0.0162982 0.0138815 0.0111634 0.00823921 0.00517227 0.00202215 -0.00115485 -0.00428462 -0.00734825 -0.0103266 -0.0132083 -0.0159818 -0.018691 -0.0213465 -0.0239692 -0.0265734 -0.0291966 -0.0318562 -0.034522 -0.0371993 -0.039814 -0.0423326 -0.0446631 -0.0467518 -0.0485199 -0.0498635 -0.0507283 -0.0510674 -0.0508753 -0.0501423 -0.0488962 -0.0472046 -0.045161 -0.0428539 -0.0404497 -0.0380653 -0.0358567 -0.0339153 -0.0323535 -0.0312754 -0.0306892 -0.0306021 -0.0309592 -0.0316748 -0.0325862 -0.0334761 -0.0341303 -0.0343428 -0.0338305 -0.0324115 -0.0299429 -0.0264119 -0.0218626 -0.0164341 -0.0103679 -0.00397388 0.00239348 0.008344 0.013572 0.0178254 0.0208904 0.0226916 0.0232821 0.022821 0.0215026 0.0195778 0.0172985 0.0149135 0.0126067 0.0105381 0.00875143 0.00727791 0.00612237 0.0052421 0.00454886 0.00402884 0.00361526 0.00329197 0.00305134 0.00285672 0.00267562 0.00255593 0.002476 0.00244712 0.00245912 0.00248012 0.00249927 0.00256454 0.00264559 0.00274583 0.0028487 0.00293125 0.00300222 0.00310756 0.00320394 0.00330325 0.00340103 0.00349835 0.00363445 0.00386871 0.00419256 0.00468537 0.00540925 0.00642303 0.00777494 0.00949925 0.0115452 0.0138792 0.0163766 0.0188382 0.0210004 0.0226148 0.0234251 0.0232217 0.0218361 0.0192207 0.0154112 0.010576 0.00499394 -0.00104549 -0.00719376 -0.0130657 -0.0183531 -0.0228288 -0.0263246 -0.0287782 -0.0302028 -0.0307776 -0.0306581 -0.0300512 -0.0291903 -0.0283148 -0.0276285 -0.0272862 -0.0273557 -0.0279192 -0.0289603 -0.0304466 -0.0323015 -0.0344128 -0.0367001 -0.0389999 -0.0411774 -0.0430876 -0.0446318 -0.0457221 -0.0462941 -0.0463068 -0.0457914 -0.0447453 -0.0432156 -0.0412539 -0.0389514 -0.0364053 -0.0336672 -0.0308377 -0.0279416 -0.025025 -0.0220903 -0.0191712 -0.0162725 -0.0133532 -0.0103623 -0.00727626 -0.00409369 -0.000789129 0.00264745 0.00622492 0.00991087 0.0136986 0.0175298 0.0213861 0.0252145 0.0289373 0.0324894 0.0358046 0.0388734 0.0416156 0.0440324 0.0461048 0.0478357 0.0492423 0.0503392 0.0511964 0.0518115 0.0522487 0.052522 
