0 0 0 0 0 0 0 0 0 0 0 0 0 0 0 0 0 0 0 0 0 0 0 0 0 0 0 0 0 0 0 0 0 0 0 0 0 0 0 0 0 0 0 0 0 0 0 0 0 0 0 0 0 0 0 0 0 0 0 0 0 0 0 0 0 0 0 0 0 0 0 0 0 0 0 0 0 0 0 0 0 0 0 0 0 0 0 0 0 0 0 0 0 0 0 0 0 0 0 0 0 0 0 0 0 0 0 0 0 0 0 0 0 0 0 0 0 0 0 0 0 0 0 0 0 0 0 0 0 0 0 0 0 0 0 0 0 0 0 0 0 0 0 0 0 0 0 0 0 0 0 0 0 0 0 0 0 0 0 0 0 0 0 0 0 0 0 0 0 0 0 0 0 0 0 0 0 0 0 0 0 0 0 0 0 0 0 0 0 0 0 0 0 0 0 0 0 0 0 0 
0 1.6703e-05 3.46854e-05 5.97363e-05 7.72054e-05 9.62432e-05 0.000112034 0.000135313 0.000161995 0.000183771 0.000205142 0.000224713 0.000258037 0.000289216 0.00031995 0.000353758 0.000391245 0.000441621 0.000497214 0.000562165 0.000628988 0.000717998 0.0008322 0.000954693 0.00109879 0.00126832 0.00146938 0.00169755 0.00195411 0.00222812 0.00250446 0.00278906 0.0030615 0.0032952 0.00346885 0.0035488 0.00351828 0.00335237 0.00303507 0.00256241 0.00192312 0.0011286 0.000196358 -0.000813157 -0.00186183 -0.00290207 -0.0038732 -0.00473065 -0.00542128 -0.00591148 -0.00618121 -0.00621806 -0.00602827 -0.005658 -0.00514987 -0.00455637 -0.00391586 -0.00327367 -0.00265995 -0.00210593 -0.00162833 -0.00124447 -0.000947215 -0.000723677 -0.000565609 -0.000455612 -0.000365375 -0.000280648 -0.000216903 -0.000157592 -0.000104155 -5.9467e-05 -2.01745e-05 1.3344e-05 3.46684e-05 5.91315e-05 6.85787e-05 7.61719e-05 7.27575e-05 6.89778e-05 6.99596e-05 6.47711e-05 5.84623e-05 6.75983e-05 6.65103e-05 7.21607e-05 7.08925e-05 5.74963e-05 5.27642e-05 5.25402e-05 4.66201e-05 5.14406e-05 5.23078e-05 5.52152e-05 6.15832e-05 6.14618e-05 5.4856e-05 5.11555e-05 4.74868e-05 4.82119e-05 5.28957e-05 5.85983e-05 6.05054e-05 6.75177e-05 6.92274e-05 6.4599e-05 6.24649e-05 5.84152e-05 5.82848e-05 7.41441e-05 7.88709e-05 8.32173e-05 8.87467e-05 8.66586e-05 9.2192e-05 9.92277e-05 8.98382e-05 9.52979e-05 0.000103648 0.000118608 0.000136482 0.000144353 0.00014458 0.000148017 0.000143061 0.000141355 0.000124581 0.000104537 6.7312e-05 3.19662e-06 -7.63961e-05 -0.000160129 -0.000256883 -0.000349938 -0.000452611 -0.000570232 -0.000704347 -0.00086687 -0.00107997 -0.00135356 -0.00169888 -0.00213017 -0.00264173 -0.00321587 -0.00381705 -0.00442513 -0.00499452 -0.00547253 -0.00580941 -0.00598411 -0.00595904 -0.00569928 -0.00520317 -0.00450901 -0.0036514 -0.00268822 -0.00166371 -0.000629237 0.000362398 0.00128759 0.00208691 0.00272548 0.00318827 0.00349025 0.00365241 0.00369279 0.00363108 0.00346777 0.00322633 0.0029511 0.00267096 0.00240923 0.00215349 0.00189834 0.00166233 0.00145656 0.00129871 0.00117394 0.00106497 0.000949822 0.000849167 0.00079309 0.00075532 0.000718748 0.000666853 0.000617794 0.000591556 0.000588731 0.000582053 0.000541083 0.000507112 0.000501613 0.000512979 0.000506828 0.000476939 0.000455887 0.00045872 0.000482461 0.000479216 0.000451762 
0 3.46854e-05 7.70495e-05 0.000111872 0.000155305 0.000185738 0.000231861 0.000274657 0.000320012 0.000364512 0.000403833 0.000465033 0.000522833 0.000587691 0.000640049 0.000714809 0.000804119 0.000899292 0.00101195 0.00112516 0.00126714 0.00144543 0.00167515 0.00191799 0.00219917 0.00254402 0.002951 0.003415 0.00392948 0.00447135 0.00501907 0.00558596 0.00612071 0.006583 0.0068981 0.00703673 0.00694463 0.00659798 0.0059632 0.00500682 0.00373716 0.00214394 0.00030967 -0.00167956 -0.00374454 -0.0057918 -0.00770248 -0.00939281 -0.010764 -0.0117456 -0.0122555 -0.0123099 -0.0119488 -0.0112365 -0.010247 -0.00905173 -0.00779318 -0.00651979 -0.00529505 -0.00419997 -0.00326972 -0.00251249 -0.00193429 -0.00149171 -0.00117987 -0.000933398 -0.000740633 -0.000583651 -0.000447024 -0.00033115 -0.000226781 -0.000116289 -2.24262e-05 3.72723e-05 7.7646e-05 0.00010812 0.000122748 0.000131104 0.000146684 0.000152914 0.0001608 0.000154931 0.00014264 0.00013081 0.000134775 0.000134238 0.000125677 0.000116563 0.000119697 0.000115254 0.000127052 0.000121161 0.000109605 0.000111818 0.000110849 0.000104478 0.000117478 0.000109686 0.000117633 0.000127805 0.000120871 0.000117948 0.00012108 0.000113055 0.000132119 0.000137458 0.000136946 0.000142341 0.00014743 0.000151508 0.000165662 0.000159444 0.000159785 0.000169466 0.000190974 0.000202703 0.000212728 0.000214455 0.000223504 0.000244327 0.00026534 0.000266818 0.000282449 0.000296401 0.000303836 0.000298109 0.000267191 0.000205747 0.00011635 -3.60382e-06 -0.000158798 -0.000333675 -0.000515438 -0.00072193 -0.000947247 -0.00117361 -0.00143803 -0.00175504 -0.00217976 -0.00271618 -0.00340748 -0.00427192 -0.00527926 -0.00640484 -0.00761079 -0.00879186 -0.00990551 -0.010846 -0.0115319 -0.0118779 -0.0117988 -0.0112762 -0.0103107 -0.00895836 -0.00728348 -0.00538734 -0.00336324 -0.0013164 0.000661329 0.00247472 0.00405702 0.00531736 0.00626514 0.00690325 0.007247 0.00733947 0.00720756 0.0068956 0.0064398 0.00591799 0.00536579 0.00482609 0.00429614 0.00379695 0.00334438 0.00295657 0.00262423 0.00235032 0.0021248 0.00190936 0.00174084 0.00161024 0.00151397 0.00141569 0.00133443 0.00126244 0.00119845 0.00116961 0.00113227 0.00108915 0.00104186 0.00102705 0.00101543 0.000993629 0.000972967 0.000944858 0.000940603 0.000940875 0.000939501 0.000915893 
0 5.97363e-05 0.000111872 0.000172141 0.000221347 0.000287815 0.000349487 0.000415669 0.000479448 0.000541239 0.000620703 0.000699559 0.000795059 0.000876042 0.000968286 0.00108779 0.00121801 0.00136633 0.00152512 0.0017207 0.00193867 0.00221632 0.00255636 0.00292515 0.00336688 0.00389146 0.00450203 0.00518246 0.00593684 0.00673905 0.0075466 0.00836518 0.00913028 0.00976257 0.0102003 0.0103596 0.0101975 0.00964718 0.0086605 0.00722268 0.00531453 0.00297617 0.00026848 -0.00264897 -0.00567226 -0.00867039 -0.0114727 -0.0139442 -0.0159307 -0.0173309 -0.0180897 -0.0181869 -0.0176515 -0.0166047 -0.0151543 -0.0134356 -0.0115668 -0.00968543 -0.00789434 -0.00629213 -0.00492711 -0.00383356 -0.00297873 -0.00231824 -0.00182961 -0.00147214 -0.00118088 -0.000920277 -0.000720824 -0.000534863 -0.000360589 -0.000207052 -7.29867e-05 3.27383e-05 9.43191e-05 0.000154046 0.000176222 0.000200417 0.000208848 0.000220724 0.000239432 0.000229976 0.000204502 0.000209203 0.000191415 0.000196811 0.000195273 0.000173631 0.000177809 0.000188913 0.000176955 0.000178945 0.000165357 0.000159336 0.00016955 0.000173122 0.00016857 0.000172153 0.000173246 0.000177684 0.000182495 0.000183938 0.000176441 0.000187158 0.000196001 0.00019735 0.000207462 0.00020945 0.000212459 0.00024431 0.000243076 0.000239657 0.00024677 0.000248111 0.000279176 0.000316454 0.000308155 0.000323548 0.000335659 0.000359459 0.000392965 0.000409838 0.000419119 0.000440223 0.000436778 0.000428663 0.00036847 0.000287498 0.000157976 -4.06395e-05 -0.000279328 -0.000534485 -0.00083218 -0.0011345 -0.00146692 -0.00183258 -0.00223377 -0.00270774 -0.00332412 -0.00412075 -0.00513335 -0.00639555 -0.007883 -0.0095397 -0.0112703 -0.0130168 -0.0146599 -0.0160458 -0.0170216 -0.0175107 -0.0174134 -0.0166545 -0.0152446 -0.0132822 -0.0108485 -0.00808217 -0.00510689 -0.00208687 0.000803819 0.00347788 0.00579304 0.00768136 0.00911496 0.010104 0.0106597 0.0108156 0.0106541 0.0102259 0.00960612 0.00887758 0.00807837 0.00727364 0.00648396 0.00574579 0.00509884 0.00451837 0.00400923 0.00356593 0.00321056 0.00290891 0.00265833 0.00246495 0.00227488 0.00212308 0.00201276 0.00192751 0.00183289 0.00174381 0.00168721 0.00163141 0.00159959 0.00155688 0.00150439 0.00146767 0.00145813 0.00145512 0.00141675 0.00139411 0.00138363 0.00139034 
0 7.72054e-05 0.000155305 0.000221347 0.000309684 0.000386708 0.000475418 0.000550849 0.000638149 0.000741055 0.00083756 0.000946999 0.00104719 0.00117713 0.00131413 0.00148024 0.00164736 0.00182645 0.00206733 0.00234642 0.00266789 0.00302944 0.00347717 0.00399069 0.00460981 0.00533542 0.00613689 0.0070174 0.0080004 0.00905342 0.0101075 0.0111414 0.0120617 0.0128153 0.0133025 0.0134641 0.0131851 0.012394 0.011034 0.00907978 0.00657293 0.00351682 3.08276e-05 -0.00374928 -0.00767826 -0.011562 -0.0151621 -0.0183125 -0.0208451 -0.0226464 -0.0235921 -0.0237025 -0.0230367 -0.0217005 -0.0198271 -0.0175653 -0.0151716 -0.0127615 -0.0104555 -0.00839021 -0.00662862 -0.00518731 -0.00407057 -0.00320561 -0.00257433 -0.00207236 -0.00166914 -0.00133093 -0.00103731 -0.000784134 -0.000557673 -0.000332036 -0.000138128 -6.18659e-07 0.000101454 0.000181641 0.000225911 0.000251263 0.000277515 0.000285904 0.000295412 0.000283463 0.000265966 0.000257386 0.000271103 0.000274388 0.000257139 0.000231986 0.000227293 0.000216971 0.000232507 0.000226632 0.000214185 0.000222688 0.000226264 0.000216806 0.000229309 0.000210972 0.000217814 0.000233173 0.000229099 0.000232137 0.00024266 0.000235951 0.000264276 0.00026889 0.000263656 0.000267216 0.000275808 0.000291126 0.000322339 0.000323496 0.000330693 0.000345859 0.000376732 0.000392312 0.000403628 0.000410564 0.000435301 0.00048178 0.000527799 0.000536996 0.0005569 0.000568767 0.000564233 0.000536031 0.000462216 0.00033217 0.000142799 -0.000112941 -0.000435771 -0.000796374 -0.00117692 -0.00160018 -0.00206141 -0.0025366 -0.00308163 -0.00372708 -0.00456024 -0.00559102 -0.00689215 -0.00850519 -0.0103957 -0.0125211 -0.0148012 -0.0170514 -0.0191634 -0.0209355 -0.0222091 -0.0228398 -0.0226919 -0.0217312 -0.019955 -0.0174474 -0.014314 -0.0107375 -0.00690371 -0.00302208 0.000725864 0.00417714 0.00721662 0.00970402 0.0116378 0.0129972 0.0137841 0.0140687 0.0139269 0.0134555 0.0127162 0.0118145 0.0108022 0.00976762 0.00874433 0.00778785 0.00692159 0.00614894 0.00545091 0.00485343 0.00437129 0.0039504 0.00361473 0.00332545 0.00307865 0.00286021 0.00271316 0.00259341 0.00245684 0.00234836 0.00225356 0.00219369 0.0021365 0.00208638 0.00201449 0.00195973 0.00195464 0.00193566 0.00190166 0.00185804 0.00185345 0.00185936 
0 9.62432e-05 0.000185738 0.000287815 0.000386708 0.000495036 0.000589009 0.00069071 0.00080951 0.000937711 0.00106916 0.00118609 0.00132943 0.00149222 0.00168296 0.00189066 0.00209611 0.00233964 0.00264621 0.00302565 0.00343471 0.00390565 0.00447558 0.00513786 0.00593578 0.00684776 0.00784677 0.00893005 0.0101273 0.0114024 0.0126616 0.0138623 0.0149086 0.0157149 0.0162111 0.0162854 0.0158397 0.0147621 0.0129931 0.010542 0.00743146 0.00372234 -0.000501354 -0.00504982 -0.00975902 -0.014404 -0.0187079 -0.022457 -0.025449 -0.0275524 -0.0286899 -0.0288371 -0.0280336 -0.0264292 -0.0241831 -0.021503 -0.0186047 -0.0156963 -0.0129353 -0.0104619 -0.00834847 -0.00663544 -0.0052814 -0.00422123 -0.00341448 -0.0027936 -0.00227503 -0.00181285 -0.00143326 -0.00108849 -0.000773373 -0.000495153 -0.000252619 -5.77782e-05 7.73472e-05 0.000195222 0.000257531 0.000305661 0.000330449 0.000350753 0.000372712 0.000360128 0.000332137 0.000339788 0.000330325 0.000337793 0.000328243 0.000293977 0.000290651 0.000298539 0.000288109 0.000289233 0.000275414 0.000273513 0.000288152 0.000291572 0.00028414 0.00028028 0.000279039 0.000286701 0.000296556 0.000304121 0.000302482 0.00031636 0.000330213 0.000332271 0.000340249 0.000341396 0.000348411 0.000389931 0.000402319 0.000407776 0.000421592 0.000429295 0.000468048 0.000510014 0.000505854 0.000527444 0.000554347 0.000599645 0.000652134 0.000675704 0.000684353 0.000694774 0.000671453 0.00063056 0.000518219 0.00035796 0.000115606 -0.000234541 -0.00065483 -0.00111119 -0.00162297 -0.00215579 -0.00273457 -0.00336161 -0.00405013 -0.00485215 -0.00585523 -0.00710888 -0.0086704 -0.0105975 -0.012874 -0.0154287 -0.0181256 -0.0208374 -0.0233752 -0.0254994 -0.0269889 -0.0277227 -0.0275718 -0.026444 -0.0243419 -0.0213727 -0.0176548 -0.0133941 -0.00880161 -0.00413296 0.00036562 0.00455305 0.00824696 0.0113356 0.0137644 0.0155154 0.0165894 0.0170417 0.0169925 0.0165229 0.0157242 0.0146994 0.0135199 0.0122947 0.0110713 0.00990201 0.00883348 0.00785432 0.00698318 0.00622978 0.00560817 0.00506489 0.004603 0.00423804 0.00391619 0.00365251 0.00343995 0.00326132 0.00309644 0.00296495 0.00286666 0.00275568 0.0026722 0.00260711 0.00254741 0.0024909 0.00244498 0.00241156 0.00237201 0.0023607 0.00234332 0.00232291 
0 0.000112034 0.000231861 0.000349487 0.000475418 0.000589009 0.000715715 0.000847518 0.000990069 0.00113691 0.00128217 0.00145159 0.00163385 0.00183867 0.00205182 0.00230423 0.00258761 0.00290851 0.00329454 0.00373669 0.00425092 0.00485623 0.00558217 0.00640211 0.00735433 0.00844734 0.00965211 0.0109535 0.0123517 0.0137929 0.0151926 0.0165066 0.0176198 0.0184382 0.0188446 0.0187543 0.0180494 0.0166419 0.014471 0.0115238 0.00785571 0.00351544 -0.00135277 -0.00656833 -0.01194 -0.0172146 -0.0220874 -0.0263228 -0.0297024 -0.0320749 -0.033318 -0.033448 -0.0325393 -0.0307248 -0.0281724 -0.0250938 -0.0217944 -0.0184761 -0.0153208 -0.0125007 -0.0101001 -0.0081347 -0.00657991 -0.00534608 -0.00439014 -0.00361208 -0.00296258 -0.00240158 -0.00191319 -0.00147871 -0.00108256 -0.000709049 -0.000387195 -0.000143445 3.67787e-05 0.000173692 0.000258552 0.000319755 0.000375692 0.000414664 0.000443802 0.000435314 0.000409729 0.000395531 0.000397847 0.000396152 0.000377085 0.000351764 0.000352863 0.000354623 0.000365815 0.000353915 0.000331056 0.00032832 0.000332135 0.000329838 0.00034284 0.000335065 0.000345749 0.000361947 0.000360691 0.000359111 0.000360894 0.000357776 0.000386863 0.000402399 0.000411999 0.000423532 0.00043698 0.000457695 0.000482107 0.000482492 0.000492089 0.000515478 0.000563941 0.000603059 0.000625843 0.00064338 0.000672278 0.000718966 0.000765556 0.000778525 0.000794694 0.000801167 0.000776239 0.000706288 0.000559907 0.00032812 2.80402e-06 -0.000423362 -0.000937703 -0.00150825 -0.0021262 -0.00280212 -0.00353141 -0.0042891 -0.00511774 -0.00606803 -0.00724141 -0.00867807 -0.0104658 -0.0126627 -0.0152434 -0.0181421 -0.0212343 -0.0243086 -0.0271843 -0.0295961 -0.0313168 -0.0321633 -0.0319808 -0.0307144 -0.0283671 -0.0250335 -0.0208432 -0.0160162 -0.010799 -0.0054744 -0.000297805 0.00452494 0.00883079 0.0124657 0.0153932 0.0175697 0.0189781 0.0196818 0.0197809 0.0193902 0.0185971 0.0175199 0.0162384 0.0148656 0.0134634 0.0121053 0.0108392 0.0096799 0.00862789 0.00770981 0.00693329 0.00624786 0.00567714 0.00520637 0.00481413 0.00447221 0.00419636 0.00396064 0.00375303 0.00360603 0.00347465 0.00334147 0.00321835 0.00314572 0.00308825 0.00302261 0.00295731 0.00289292 0.00286559 0.00285846 0.00284119 0.00279416 
0 0.000135313 0.000274657 0.000415669 0.000550849 0.00069071 0.000847518 0.00101568 0.00117736 0.00133446 0.00151393 0.00172926 0.00196463 0.00219548 0.00244063 0.00274606 0.00311285 0.00352843 0.00399165 0.00452247 0.00515183 0.00591462 0.00680921 0.00779758 0.00891349 0.0101803 0.0115797 0.0130768 0.0146372 0.0161957 0.0176733 0.0190231 0.0201322 0.0208736 0.0211299 0.0207969 0.0197829 0.0180035 0.0154063 0.011988 0.00779216 0.00289939 -0.00254151 -0.00831809 -0.0142189 -0.0199809 -0.0252938 -0.029893 -0.0335457 -0.0360871 -0.0374188 -0.0375359 -0.0365111 -0.0344996 -0.0316919 -0.0283293 -0.0247008 -0.0210549 -0.0175986 -0.0145048 -0.0118655 -0.0097035 -0.00797052 -0.00658236 -0.00547834 -0.00457459 -0.00379785 -0.00310734 -0.00250323 -0.00195828 -0.00146012 -0.00100917 -0.000616493 -0.000300325 -5.95373e-05 0.000128998 0.000252504 0.000340038 0.000404422 0.000452223 0.000485414 0.000480595 0.000459543 0.000458774 0.000460831 0.000463181 0.000445165 0.000412823 0.000405657 0.000409118 0.000407593 0.000399592 0.000382928 0.0003816 0.000393022 0.000396999 0.00039593 0.000388554 0.000390348 0.000401945 0.000411849 0.000419461 0.000423128 0.000432363 0.00045186 0.000462899 0.000472732 0.000480764 0.000496222 0.000531466 0.000556666 0.000568567 0.000584732 0.000606643 0.000652454 0.000695651 0.000712544 0.000737184 0.000774155 0.00082828 0.000881037 0.000900627 0.000902203 0.000886064 0.000828117 0.000719653 0.000523352 0.000236799 -0.000161881 -0.00068859 -0.00131387 -0.00200484 -0.00275978 -0.00356801 -0.0044315 -0.00533907 -0.00631072 -0.00740425 -0.00871398 -0.0103073 -0.0122681 -0.0146656 -0.0174905 -0.0206633 -0.024034 -0.0274095 -0.0305642 -0.0332125 -0.0350969 -0.0360362 -0.0358775 -0.0345319 -0.032002 -0.0283891 -0.023842 -0.0185875 -0.0128846 -0.00703118 -0.00130613 0.00408049 0.0089294 0.0130878 0.0164869 0.0190861 0.020871 0.0218862 0.0222278 0.021991 0.0212814 0.020222 0.0189118 0.0174598 0.0159334 0.0144124 0.0129681 0.0116267 0.0104021 0.00931195 0.00836498 0.00753327 0.00683268 0.00625864 0.00576596 0.005343 0.00499692 0.00470957 0.0044612 0.00426236 0.00409637 0.0039373 0.00380328 0.003702 0.00361539 0.00353531 0.00346622 0.00340679 0.00336073 0.0033389 0.00331658 0.00328725 
0 0.000161995 0.000320012 0.000479448 0.000638149 0.00080951 0.000990069 0.00117736 0.00136357 0.00155763 0.00177815 0.00202424 0.00229259 0.00257192 0.00288577 0.00325735 0.00368983 0.00418614 0.00475368 0.00541074 0.00617447 0.0070794 0.00812739 0.00929553 0.0105974 0.0120424 0.013609 0.0152592 0.0169449 0.0185878 0.0201003 0.0214146 0.0224253 0.0230021 0.0230294 0.0223954 0.0210156 0.0188193 0.015774 0.0118919 0.00721738 0.00184688 -0.00406287 -0.0102872 -0.0165926 -0.0227028 -0.02831 -0.0331422 -0.036969 -0.0396146 -0.0409814 -0.0410588 -0.0399286 -0.0377532 -0.0347392 -0.0311543 -0.027291 -0.0234166 -0.0197457 -0.0164508 -0.0136317 -0.0113128 -0.00944123 -0.00793409 -0.00670857 -0.00568042 -0.00477206 -0.00394816 -0.00321096 -0.00254122 -0.00192896 -0.00137797 -0.000897724 -0.000503327 -0.000194622 4.66097e-05 0.00021536 0.000336042 0.000422599 0.000486292 0.000525603 0.00052855 0.000516263 0.000522107 0.000529691 0.000532013 0.000510664 0.000475514 0.000461361 0.000464241 0.000462159 0.000456106 0.000443447 0.000441685 0.000451822 0.000456814 0.000451492 0.000445656 0.000446265 0.000457085 0.00047053 0.000480462 0.000486025 0.000500196 0.000518294 0.000532111 0.000542701 0.000550132 0.00056672 0.000603349 0.000632709 0.000654726 0.000677047 0.000704481 0.000748599 0.000790367 0.000810097 0.00083875 0.000882213 0.000940543 0.000990872 0.00100628 0.00099105 0.000948866 0.000857593 0.000702608 0.000449408 8.81861e-05 -0.000403138 -0.0010376 -0.0017858 -0.00261356 -0.0035122 -0.00446546 -0.00546868 -0.00651345 -0.00761481 -0.00883658 -0.0102641 -0.0119776 -0.0140645 -0.0165997 -0.0195888 -0.0229539 -0.0265345 -0.0301268 -0.033476 -0.0362957 -0.0383203 -0.039353 -0.0392343 -0.0378615 -0.035232 -0.0314405 -0.0266514 -0.0211011 -0.0150609 -0.00882486 -0.00266767 0.00319086 0.00852886 0.0131757 0.0170332 0.0200606 0.0222521 0.0236427 0.0243045 0.0243071 0.0237542 0.0227769 0.0215008 0.0200333 0.0184425 0.0168034 0.0151996 0.0136836 0.012291 0.01104 0.00992844 0.00894033 0.00809141 0.0073894 0.00678999 0.00627821 0.00585275 0.00550056 0.00519989 0.00494564 0.00473659 0.00455703 0.00441287 0.00428352 0.00416021 0.00406188 0.00399956 0.00394906 0.00388155 0.00382563 0.00379629 0.00379256 
0 0.000183771 0.000364512 0.000541239 0.000741055 0.000937711 0.00113691 0.00133446 0.00155763 0.00181113 0.00206798 0.0023389 0.00262988 0.00298353 0.00338735 0.0038341 0.00433117 0.00490756 0.00560519 0.00640816 0.00732641 0.00837205 0.00956934 0.0109187 0.0124073 0.0140239 0.0157299 0.0174892 0.0192479 0.0209169 0.0224035 0.0236145 0.0244448 0.0247812 0.0244949 0.0234983 0.0217013 0.0190641 0.0155749 0.0112467 0.00614473 0.000359444 -0.00591588 -0.0124651 -0.0190353 -0.0253497 -0.0311168 -0.0360667 -0.0399712 -0.042651 -0.0439873 -0.0439884 -0.0427581 -0.0404524 -0.0372966 -0.0335549 -0.0295451 -0.0255209 -0.0217084 -0.018291 -0.0153721 -0.0129556 -0.0109982 -0.00940259 -0.00807882 -0.00692696 -0.0058899 -0.00494121 -0.00405762 -0.00325057 -0.00251008 -0.00183065 -0.00124278 -0.00076497 -0.00037948 -8.96314e-05 0.000129589 0.000287943 0.000416431 0.000511109 0.000568081 0.00058621 0.000584967 0.000576912 0.000590196 0.000584661 0.00056077 0.000539101 0.000529251 0.000528083 0.000537422 0.000520413 0.000502587 0.0004991 0.00050119 0.000504759 0.000512951 0.000506866 0.000514531 0.000529239 0.000536259 0.000541147 0.000550043 0.000553997 0.00057866 0.00060219 0.000615988 0.000634026 0.000658835 0.000680474 0.00071507 0.000733655 0.000752523 0.000793036 0.000844581 0.000887271 0.000929661 0.000955626 0.000996999 0.0010462 0.0010796 0.00107795 0.0010491 0.000979413 0.000858146 0.000644203 0.000326005 -0.000134132 -0.000741376 -0.0014912 -0.0023723 -0.00335159 -0.00439358 -0.00550608 -0.00665919 -0.00783071 -0.00904455 -0.0103581 -0.0118632 -0.0136459 -0.0158155 -0.0184436 -0.0215295 -0.0249973 -0.0287036 -0.032412 -0.035879 -0.0388173 -0.0409707 -0.0421035 -0.0420383 -0.0406835 -0.0380312 -0.0341691 -0.0292717 -0.0235657 -0.0173237 -0.0108281 -0.00433907 0.0018838 0.00763204 0.0127066 0.0170086 0.0204808 0.0231074 0.0249165 0.0259419 0.0262565 0.0259479 0.0251439 0.0239758 0.0225466 0.0209408 0.0192411 0.0175259 0.0158703 0.0143135 0.012898 0.0116226 0.0104783 0.00948011 0.00862238 0.00790519 0.00729088 0.00677923 0.00634547 0.00597616 0.00567343 0.00541494 0.00520953 0.00503149 0.00488 0.00473695 0.00462049 0.00454659 0.00447944 0.00441158 0.00433992 0.00430674 0.00429884 
0 0.000205142 0.000403833 0.000620703 0.00083756 0.00106916 0.00128217 0.00151393 0.00177815 0.00206798 0.00237255 0.00267419 0.00302926 0.00344076 0.00392621 0.00445525 0.00504606 0.00574132 0.00655758 0.00751439 0.00859249 0.00981243 0.0111733 0.012693 0.0143507 0.016114 0.0179343 0.0197609 0.0215222 0.0231394 0.0245189 0.0255449 0.0261272 0.0261296 0.0254721 0.0240458 0.0218143 0.0187349 0.0148088 0.0100804 0.00459127 -0.00151321 -0.00806526 -0.0148203 -0.021524 -0.0279155 -0.0337312 -0.038689 -0.0425648 -0.0451686 -0.0464363 -0.0463404 -0.0449846 -0.0425624 -0.0393085 -0.0355117 -0.0314154 -0.0273225 -0.0234677 -0.0200101 -0.0170511 -0.0146118 -0.0126047 -0.0109562 -0.00954766 -0.00831463 -0.00716558 -0.00607796 -0.00506097 -0.00410542 -0.00321104 -0.00241044 -0.00170742 -0.00111311 -0.000642386 -0.000275434 4.88966e-06 0.000216475 0.000373261 0.000500349 0.000578591 0.000614445 0.000621305 0.000633089 0.000633224 0.000633934 0.000619916 0.000597285 0.00058355 0.000593392 0.000578421 0.00057012 0.000556736 0.000545126 0.000552959 0.000567557 0.000556464 0.000566709 0.000566715 0.000572781 0.000591667 0.000601556 0.000601407 0.000626616 0.000635317 0.000657143 0.000681097 0.000698036 0.000722461 0.000764796 0.000784597 0.000813124 0.000839062 0.000875734 0.000925888 0.000984082 0.00101657 0.00105403 0.00109336 0.00113239 0.0011504 0.00114251 0.00107972 0.000970929 0.000791504 0.00051209 9.84054e-05 -0.000458052 -0.00117894 -0.00207123 -0.00309482 -0.00422124 -0.0054351 -0.00669463 -0.00797629 -0.00927873 -0.010585 -0.0119647 -0.0134917 -0.0153061 -0.0174968 -0.0201408 -0.0232566 -0.0267542 -0.0304638 -0.0342248 -0.0377568 -0.0407913 -0.0430357 -0.0442635 -0.0443057 -0.0430202 -0.0404131 -0.0365772 -0.0316924 -0.0259623 -0.019636 -0.0129859 -0.00629458 0.00019813 0.00624366 0.0116935 0.0164043 0.0203209 0.0234088 0.0256489 0.0270877 0.0277695 0.0278029 0.0272726 0.0262974 0.0249688 0.0234005 0.0216934 0.0199351 0.0181795 0.0164832 0.0148918 0.0134398 0.0121526 0.0110023 0.0099996 0.0091249 0.00839848 0.00778444 0.00726366 0.00682464 0.00644795 0.00614841 0.00588471 0.00567114 0.00548435 0.00533475 0.00520825 0.00509069 0.00500515 0.00493182 0.00488824 0.00484203 0.00480987 
0 0.000224713 0.000465033 0.000699559 0.000946999 0.00118609 0.00145159 0.00172926 0.00202424 0.0023389 0.00267419 0.00306527 0.00348752 0.00396783 0.00450846 0.00513477 0.00586364 0.00669059 0.00764592 0.00873552 0.00999015 0.0113879 0.0129185 0.0145996 0.0163965 0.0182724 0.020163 0.022002 0.0237136 0.0252113 0.0264131 0.0271825 0.0274195 0.0270367 0.0259359 0.024073 0.0213837 0.0178593 0.0135155 0.00839768 0.00260419 -0.00374327 -0.0104431 -0.0173005 -0.0240517 -0.0304232 -0.0361597 -0.0410068 -0.0447566 -0.047243 -0.0483571 -0.0481212 -0.0466637 -0.0441444 -0.0408168 -0.0369634 -0.0328854 -0.0288273 -0.0250052 -0.0215835 -0.0186567 -0.0162152 -0.0142199 -0.0125677 -0.0111381 -0.00982348 -0.0085754 -0.00737988 -0.00620516 -0.00509824 -0.00406501 -0.00310362 -0.00226356 -0.00155913 -0.000969708 -0.0005204 -0.000159922 0.000106591 0.000314338 0.000465629 0.000558007 0.000616905 0.000655934 0.000666568 0.00069937 0.00069737 0.000674644 0.000658987 0.000636985 0.000624558 0.000635774 0.000620123 0.000612224 0.000612569 0.000608419 0.000610038 0.000618208 0.000611546 0.00061893 0.000633305 0.000641613 0.000651644 0.000670965 0.000678731 0.000703613 0.000730469 0.000741642 0.000763453 0.000795719 0.00081493 0.000862604 0.000898338 0.000927229 0.000980026 0.00102501 0.00105685 0.00110722 0.00113276 0.00117553 0.00121452 0.00121971 0.00118091 0.00108524 0.000917359 0.00067529 0.00030071 -0.000197302 -0.000880729 -0.0017459 -0.00276667 -0.00394817 -0.00525278 -0.00661399 -0.00803131 -0.00944384 -0.0108241 -0.0121926 -0.0136053 -0.0151504 -0.0169361 -0.0190887 -0.0216796 -0.0247199 -0.0281512 -0.0318542 -0.0355993 -0.0391379 -0.042207 -0.0445537 -0.0458964 -0.0460384 -0.0448852 -0.0424218 -0.0387159 -0.0339292 -0.0282592 -0.0219634 -0.0152959 -0.0085007 -0.00186051 0.00443102 0.010187 0.0152831 0.019625 0.0231532 0.0258562 0.0277331 0.0288564 0.0292867 0.0290973 0.0283861 0.0272351 0.0257806 0.0241326 0.0223676 0.0205606 0.0187564 0.0170246 0.0154088 0.0139589 0.0126685 0.0115001 0.0104841 0.00960686 0.00887694 0.0082611 0.00773614 0.00729449 0.00691493 0.00661396 0.00634484 0.00613036 0.00595948 0.00581069 0.00567374 0.00555005 0.00548729 0.00543667 0.00539269 0.00533756 
0 0.000258037 0.000522833 0.000795059 0.00104719 0.00132943 0.00163385 0.00196463 0.00229259 0.00262988 0.00302926 0.00348752 0.00400555 0.00455166 0.00518166 0.00591702 0.0067784 0.00776334 0.00886385 0.0101191 0.0115319 0.0130998 0.0147914 0.0166198 0.0185286 0.0204617 0.0223575 0.0241527 0.0257486 0.0270676 0.0280169 0.028447 0.028292 0.0274563 0.0259105 0.0235757 0.0204404 0.0164805 0.0117294 0.00628595 0.000233977 -0.00625404 -0.0130311 -0.019891 -0.0265759 -0.032826 -0.0384073 -0.0430532 -0.0465809 -0.0488377 -0.0497936 -0.0494166 -0.0478181 -0.0452036 -0.0418351 -0.0380172 -0.033967 -0.029979 -0.0262679 -0.0229539 -0.0201195 -0.0177807 -0.015841 -0.0142283 -0.0127948 -0.0114662 -0.0101474 -0.00882722 -0.00751596 -0.00624126 -0.00502657 -0.00392418 -0.00294347 -0.00209181 -0.00139272 -0.000837068 -0.000390458 -4.97119e-05 0.000204459 0.000406189 0.0005367 0.000627286 0.000681376 0.000717767 0.000732307 0.000739681 0.000733302 0.000720563 0.000699813 0.000702468 0.00068316 0.000678942 0.000674522 0.00066463 0.000668108 0.000682587 0.000667823 0.000681504 0.00067941 0.00068325 0.000705173 0.000721575 0.00072886 0.000762562 0.000768282 0.000791306 0.000815707 0.000837398 0.000868325 0.000913671 0.000939299 0.000981766 0.0010174 0.00106395 0.00110951 0.00116294 0.00119916 0.00123364 0.00126268 0.0012769 0.00125038 0.00119023 0.00104361 0.000814344 0.000488056 2.621e-05 -0.000596797 -0.00140072 -0.0024059 -0.0036072 -0.00496297 -0.00643597 -0.00797744 -0.00952288 -0.0110205 -0.0124764 -0.0138736 -0.0152794 -0.0167592 -0.0184817 -0.020538 -0.0230101 -0.0259398 -0.0292618 -0.0328347 -0.0365227 -0.0400422 -0.0431451 -0.0455365 -0.0469731 -0.0472899 -0.0463302 -0.0440769 -0.0405772 -0.035988 -0.0304837 -0.0243046 -0.0176979 -0.0109185 -0.00419558 0.00224735 0.00827576 0.0136989 0.0184212 0.0223778 0.0255254 0.0278877 0.0294744 0.0303509 0.0305448 0.0301609 0.0292789 0.0280297 0.0265077 0.0247875 0.0229553 0.0211022 0.019283 0.0175358 0.0159285 0.0144551 0.0131399 0.0119727 0.0109639 0.0100829 0.00934232 0.00873182 0.00819867 0.00775661 0.00738219 0.00708066 0.00681777 0.00660911 0.00643712 0.00627884 0.00615875 0.0060606 0.00599555 0.00593397 0.00589355 
0 0.000289216 0.000587691 0.000876042 0.00117713 0.00149222 0.00183867 0.00219548 0.00257192 0.00298353 0.00344076 0.00396783 0.00455166 0.00521372 0.00596353 0.00682073 0.00781393 0.00894966 0.0102311 0.0116497 0.0132258 0.0149472 0.0167867 0.0187336 0.0207044 0.0226407 0.0244924 0.0261808 0.0275978 0.0286475 0.0292586 0.0292952 0.0286936 0.027401 0.0253586 0.0225489 0.0189562 0.0145995 0.00951954 0.00380384 -0.00242332 -0.00900337 -0.0157622 -0.0225355 -0.0290765 -0.0351266 -0.0404613 -0.0448459 -0.048098 -0.0500932 -0.0507773 -0.0501902 -0.0484708 -0.0457848 -0.042391 -0.0385847 -0.034631 -0.0307784 -0.027223 -0.0240871 -0.021431 -0.0192281 -0.0174187 -0.0158931 -0.0145085 -0.0131631 -0.0118058 -0.0104226 -0.00898662 -0.00756223 -0.00618703 -0.00488887 -0.00373472 -0.00274209 -0.00190722 -0.00125178 -0.000711333 -0.000286919 4.68799e-05 0.000302751 0.000474914 0.000601565 0.00068783 0.000724317 0.000761342 0.000768122 0.000762939 0.000766168 0.000750329 0.000740297 0.00074428 0.000730672 0.000722806 0.000715317 0.000704083 0.000707418 0.000717593 0.000725084 0.000736828 0.000749484 0.000756478 0.000764513 0.000781146 0.000795476 0.000819354 0.000853281 0.000876435 0.000909389 0.000947576 0.000968804 0.00100874 0.00104791 0.0010832 0.00114328 0.00119157 0.00123193 0.00128602 0.0013088 0.0013242 0.00131024 0.00124448 0.00113098 0.000934012 0.000638613 0.000232746 -0.000345488 -0.00109097 -0.00206355 -0.00325456 -0.00461478 -0.00613981 -0.00778111 -0.00945649 -0.0111306 -0.0127218 -0.0142028 -0.015586 -0.0169287 -0.0183213 -0.0199011 -0.0218012 -0.0241013 -0.0268353 -0.0299734 -0.0334246 -0.0370035 -0.0404604 -0.0435617 -0.0460511 -0.0476341 -0.0481121 -0.0473783 -0.0453954 -0.0421865 -0.0378652 -0.0325975 -0.0266241 -0.0201727 -0.0134654 -0.00675815 -0.000226817 0.00596856 0.0116613 0.0167281 0.0210855 0.0246949 0.0275275 0.0296068 0.0309476 0.0315826 0.0315976 0.031057 0.0300825 0.0287514 0.0271361 0.0253511 0.0234956 0.0216329 0.0197914 0.018039 0.0164047 0.014916 0.0136161 0.0124621 0.0114311 0.0105428 0.00981113 0.00919691 0.00866178 0.00822617 0.00785619 0.00754889 0.00729176 0.00708154 0.00691904 0.0067814 0.00666966 0.00655858 0.00649585 0.00647158 
0 0.00031995 0.000640049 0.000968286 0.00131413 0.00168296 0.00205182 0.00244063 0.00288577 0.00338735 0.00392621 0.00450846 0.00518166 0.00596353 0.00685665 0.00785296 0.0089885 0.0102871 0.0117324 0.0133199 0.0150566 0.0169285 0.0188842 0.0208934 0.0228711 0.0247603 0.0265078 0.0280242 0.0291745 0.0298771 0.0300793 0.0296709 0.0286109 0.0268347 0.0243128 0.0210253 0.0170123 0.0123065 0.00695443 0.0010525 -0.00529037 -0.0118909 -0.0185882 -0.0252109 -0.0315276 -0.0373087 -0.0423515 -0.0464133 -0.0493245 -0.0509827 -0.051394 -0.0505849 -0.0486919 -0.0459125 -0.0425068 -0.0387645 -0.0349094 -0.0312131 -0.0278698 -0.0249651 -0.0225348 -0.0205532 -0.0189167 -0.0175259 -0.01623 -0.0149397 -0.0135795 -0.0121338 -0.0105968 -0.00902901 -0.00748563 -0.00603052 -0.00470763 -0.00353694 -0.00254727 -0.00174656 -0.00108644 -0.000567129 -0.000166357 0.000146206 0.00036532 0.000535263 0.000655773 0.000727424 0.000771463 0.000796218 0.000808666 0.000815931 0.00079898 0.000789774 0.00077416 0.000768542 0.000767751 0.000761739 0.00075905 0.000768344 0.000763893 0.000776049 0.000778559 0.00078496 0.000802301 0.000820566 0.00083741 0.000867332 0.000879763 0.000905155 0.000930634 0.000962748 0.001003 0.00104457 0.00108041 0.00112779 0.00116925 0.00122134 0.00126116 0.00130236 0.00134026 0.00135956 0.00135709 0.00131491 0.00121093 0.00105382 0.000786102 0.000393677 -0.000134993 -0.000843706 -0.0017443 -0.00286992 -0.0042253 -0.0057741 -0.0074776 -0.00928113 -0.0111025 -0.0128667 -0.014493 -0.0159731 -0.0173056 -0.018547 -0.0197782 -0.0211733 -0.0228528 -0.0249139 -0.0274186 -0.0303452 -0.0336035 -0.037061 -0.040465 -0.0435855 -0.0461418 -0.0478642 -0.0485706 -0.0481136 -0.0464419 -0.043558 -0.0395652 -0.0346072 -0.0288996 -0.0226549 -0.0160951 -0.0094529 -0.00291613 0.00338475 0.0092657 0.014613 0.0193402 0.0233741 0.0266754 0.0292255 0.031052 0.0321697 0.0326447 0.0325108 0.0318652 0.0307875 0.0293599 0.0277009 0.0259062 0.0240253 0.0221129 0.0202658 0.0185062 0.0168706 0.0154019 0.0140992 0.0129228 0.0118918 0.0110259 0.0102893 0.00966506 0.00914024 0.00870015 0.00832548 0.00801965 0.00777167 0.00757191 0.00741657 0.00728217 0.00716587 0.00709091 0.00706447 
0 0.000353758 0.000714809 0.00108779 0.00148024 0.00189066 0.00230423 0.00274606 0.00325735 0.0038341 0.00445525 0.00513477 0.00591702 0.00682073 0.00785296 0.00901298 0.0103191 0.0117781 0.0133787 0.015128 0.0170184 0.019003 0.0210177 0.0230337 0.0249705 0.0267533 0.0283216 0.0295812 0.0304058 0.0307196 0.0304803 0.0295975 0.0280459 0.0257908 0.0228079 0.0190906 0.014692 0.00967367 0.00410024 -0.00193042 -0.00831047 -0.0148667 -0.0214441 -0.0278755 -0.033934 -0.0393966 -0.0440773 -0.0477663 -0.0503074 -0.0516174 -0.0517107 -0.0506457 -0.0485715 -0.0456845 -0.0422432 -0.0385428 -0.034815 -0.031311 -0.028203 -0.0255609 -0.0233981 -0.0216719 -0.0202758 -0.0190861 -0.0179401 -0.0167371 -0.0154124 -0.0139452 -0.0123313 -0.0106409 -0.00894613 -0.00731463 -0.0058088 -0.00445932 -0.00330198 -0.00235069 -0.00156269 -0.00093196 -0.000441901 -6.20967e-05 0.000215322 0.000437987 0.000604458 0.000710239 0.000776383 0.000813389 0.00083378 0.000846426 0.000833004 0.000823614 0.00081572 0.000815652 0.000817309 0.000810533 0.000801499 0.000804651 0.000804968 0.000818619 0.000826707 0.000836007 0.000849849 0.000865954 0.000884838 0.000913916 0.000934228 0.000964198 0.000992141 0.00102592 0.00106402 0.00110062 0.00113996 0.00119314 0.00124389 0.00129967 0.00133472 0.00136315 0.00138845 0.00139183 0.00136342 0.00128308 0.00113032 0.000908026 0.000559763 6.56055e-05 -0.000591279 -0.00144636 -0.00251041 -0.00381712 -0.00536344 -0.0070963 -0.00897425 -0.0109286 -0.0128634 -0.01469 -0.0163214 -0.0177415 -0.0189647 -0.0200527 -0.0210949 -0.0222549 -0.0236664 -0.0254406 -0.0276607 -0.0303434 -0.0334249 -0.0367629 -0.0401052 -0.0432326 -0.045881 -0.0477765 -0.0487236 -0.0485772 -0.0472619 -0.0447525 -0.0411189 -0.0365025 -0.0311112 -0.0251371 -0.0187781 -0.0122548 -0.00574983 0.000599946 0.00661404 0.0121784 0.0172089 0.0216273 0.025365 0.0283817 0.0306866 0.0322955 0.0332499 0.0335622 0.0333092 0.032561 0.0313985 0.029935 0.0282608 0.0264192 0.0244872 0.0225863 0.0207451 0.0189792 0.0173384 0.015862 0.0145422 0.0133807 0.0123707 0.0114916 0.0107506 0.0101399 0.00962325 0.00918235 0.00882588 0.00853521 0.00828899 0.00809092 0.00794279 0.00782677 0.00773595 0.00767219 
0 0.000391245 0.000804119 0.00121801 0.00164736 0.00209611 0.00258761 0.00311285 0.00368983 0.00433117 0.00504606 0.00586364 0.0067784 0.00781393 0.0089885 0.0103191 0.0117979 0.0134137 0.0151754 0.0170768 0.0190834 0.0211212 0.0231431 0.0251225 0.0269652 0.028569 0.0298723 0.0307912 0.0312303 0.0311183 0.0304124 0.0290385 0.0269831 0.0242641 0.0208543 0.0167673 0.0120456 0.00677853 0.00104991 -0.00504781 -0.0113999 -0.0178648 -0.0242812 -0.0304831 -0.036246 -0.0413587 -0.0456497 -0.0489411 -0.0510835 -0.0520256 -0.0517774 -0.0504318 -0.0481498 -0.0451346 -0.0416564 -0.037991 -0.0343836 -0.031063 -0.0281964 -0.0258477 -0.0240038 -0.0225851 -0.021483 -0.0205364 -0.01959 -0.018526 -0.0172893 -0.015847 -0.0141891 -0.0123979 -0.010566 -0.00876133 -0.00707187 -0.00554164 -0.00420604 -0.00309514 -0.00216493 -0.00140607 -0.000803798 -0.000335694 1.97568e-05 0.000302197 0.000516559 0.000649051 0.000739712 0.000793351 0.000833392 0.000865038 0.000865722 0.000852562 0.000851129 0.000845314 0.000846011 0.000843687 0.000835147 0.000834765 0.000845227 0.000851143 0.000862154 0.000874515 0.000886109 0.000903688 0.000930623 0.000951152 0.000978042 0.00100772 0.00103652 0.00107774 0.00112323 0.00115463 0.00119949 0.00124637 0.00129499 0.00134829 0.00138139 0.00140101 0.00142238 0.00140403 0.00133837 0.00119897 0.000978525 0.000672401 0.000232987 -0.000373752 -0.00116836 -0.00218683 -0.00342727 -0.00493004 -0.00667836 -0.00859754 -0.0106421 -0.012725 -0.0147339 -0.0165801 -0.0181743 -0.0194921 -0.0205627 -0.0214374 -0.0222289 -0.0230907 -0.0241916 -0.0256599 -0.0275891 -0.0300181 -0.0329122 -0.036118 -0.0394105 -0.0425613 -0.0453252 -0.0474231 -0.0486388 -0.0488283 -0.0478817 -0.0457634 -0.0425185 -0.0382806 -0.033237 -0.0275604 -0.0214309 -0.0150723 -0.00864861 -0.00231568 0.00376882 0.0094833 0.0147451 0.0194842 0.0236072 0.0270706 0.0298447 0.0319431 0.0333801 0.0341639 0.0343596 0.034018 0.0331928 0.0319805 0.0304796 0.028755 0.0268857 0.0249776 0.0230776 0.0212063 0.0194344 0.0177996 0.0163279 0.0150231 0.0138665 0.0128438 0.0119618 0.0112439 0.010632 0.0101147 0.00968885 0.00933957 0.00904623 0.00880106 0.0086344 0.00850629 0.00840471 0.00831507 
0 0.000441621 0.000899292 0.00136633 0.00182645 0.00233964 0.00290851 0.00352843 0.00418614 0.00490756 0.00574132 0.00669059 0.00776334 0.00894966 0.0102871 0.0117781 0.0134137 0.0151946 0.0171065 0.0191268 0.0211888 0.023234 0.0252203 0.0270985 0.0287678 0.0301264 0.0311025 0.03163 0.0316209 0.0310447 0.0298566 0.0279975 0.0254744 0.0223002 0.0185056 0.0140877 0.00912645 0.00369677 -0.00211835 -0.00821744 -0.0145066 -0.0208342 -0.0270581 -0.0329961 -0.0384345 -0.0431861 -0.0470953 -0.0499822 -0.0517237 -0.0522659 -0.0516717 -0.0500221 -0.0474882 -0.0443206 -0.0407822 -0.0371451 -0.0336304 -0.0304863 -0.0278777 -0.0258364 -0.024327 -0.0232692 -0.0224883 -0.0218321 -0.0211258 -0.0202615 -0.0191596 -0.0177819 -0.0161387 -0.0142904 -0.0123369 -0.0103945 -0.00852396 -0.00679257 -0.00527708 -0.00397863 -0.00288494 -0.00198361 -0.00126269 -0.000694583 -0.000257182 9.40994e-05 0.000359751 0.000547621 0.000659952 0.000745964 0.000813578 0.000856157 0.000867834 0.000868827 0.000851901 0.000856917 0.00085958 0.000852024 0.000850421 0.000857027 0.00085391 0.00087361 0.000881172 0.000889014 0.000909239 0.000929073 0.000945436 0.00098193 0.00100045 0.0010289 0.00106851 0.00110926 0.00115094 0.00120039 0.00123296 0.00128354 0.00133548 0.00137517 0.00139546 0.00140997 0.00140063 0.00136332 0.00125304 0.00105402 0.000755199 0.000358327 -0.000191043 -0.000934086 -0.00189511 -0.00308503 -0.00453512 -0.00623562 -0.00816876 -0.0102761 -0.012457 -0.0146256 -0.0166821 -0.0185028 -0.0200082 -0.0211855 -0.0220519 -0.0226695 -0.0231393 -0.0236682 -0.0244186 -0.0255495 -0.0271881 -0.0293787 -0.0320756 -0.0351665 -0.0384309 -0.0416542 -0.0445599 -0.0468843 -0.0484054 -0.0489267 -0.0483439 -0.0466079 -0.0437704 -0.0399385 -0.0352589 -0.0298875 -0.0240149 -0.017845 -0.0115683 -0.00530657 0.000780328 0.00658844 0.0120337 0.0170175 0.0214726 0.0253203 0.0285467 0.0311234 0.0330444 0.0343143 0.0349784 0.0350858 0.0346606 0.0337704 0.0325146 0.0309747 0.0292391 0.0273863 0.0254573 0.0235276 0.0216658 0.0199207 0.0182899 0.0168136 0.0155075 0.0143426 0.0133312 0.0124642 0.0117439 0.0111291 0.0106213 0.0102047 0.00985553 0.009583 0.0093659 0.00921229 0.00908872 0.00900521 
