0 0 0 0 0 0 0 0 0 0 0 0 0 0 0 0 0 0 0 0 0 0 0 0 0 0 0 0 0 0 0 0 0 0 0 0 0 0 0 0 0 0 0 0 0 0 0 0 0 0 0 0 0 0 0 0 0 0 0 0 0 0 0 0 0 0 0 0 0 0 0 0 0 0 0 0 0 0 0 0 0 0 0 0 0 0 0 0 0 0 0 0 0 0 0 0 0 0 0 0 0 0 0 0 0 0 0 0 0 0 0 0 0 0 0 0 0 0 0 0 0 0 0 0 0 0 0 0 0 0 0 0 0 0 0 0 0 0 0 0 0 0 0 0 0 0 0 0 0 0 0 0 0 0 0 0 0 0 0 0 0 0 0 0 0 0 0 0 0 0 0 0 0 0 0 0 0 0 0 0 0 0 0 0 0 0 0 0 0 0 0 0 0 0 0 0 0 0 0 0 
0 -9.36261e-06 6.28108e-06 2.86008e-05 2.78466e-05 1.12891e-05 1.51926e-05 3.59876e-05 4.14503e-05 2.10739e-05 3.26852e-06 4.30993e-06 2.38703e-06 -3.00152e-05 -8.30152e-05 -0.000129088 -0.000174306 -0.000241231 -0.000345761 -0.000465902 -0.000586206 -0.000706602 -0.000854601 -0.00102257 -0.00117051 -0.00129635 -0.00139347 -0.00146031 -0.00146437 -0.00140215 -0.00125998 -0.00104561 -0.000771687 -0.000421532 -2.33272e-05 0.000389731 0.000774571 0.00112561 0.00143765 0.00168974 0.00184935 0.00191121 0.00189901 0.00184436 0.00175873 0.00167075 0.00158708 0.00152662 0.00152257 0.00157386 0.00169585 0.00185947 0.00206806 0.00231867 0.0026044 0.00290012 0.00318779 0.00343922 0.00363153 0.0037496 0.00378289 0.00368842 0.00344599 0.00305207 0.00250424 0.00182618 0.0010379 0.000179753 -0.000732028 -0.00166109 -0.00255984 -0.00337427 -0.00407391 -0.00461841 -0.00501254 -0.00524171 -0.00531291 -0.00524714 -0.0050662 -0.00477085 -0.00440352 -0.00397461 -0.00351347 -0.00304907 -0.00259985 -0.00218607 -0.00182353 -0.00149816 -0.00122142 -0.000986165 -0.000793362 -0.000636066 -0.000502675 -0.000398848 -0.000322061 -0.000262137 -0.000220218 -0.00018281 -0.00016135 -0.000155233 -0.000150234 -0.000152946 -0.000161968 -0.000180976 -0.000217379 -0.00025706 -0.000312389 -0.000391313 -0.000496312 -0.000629505 -0.000784525 -0.000972617 -0.00120874 -0.0014856 -0.00181307 -0.0021787 -0.00258873 -0.00303967 -0.00350267 -0.00395487 -0.00438355 -0.00474757 -0.00503972 -0.00522789 -0.00529194 -0.00521677 -0.00498881 -0.00458354 -0.00402643 -0.00332142 -0.00249979 -0.00160151 -0.000678808 0.000231138 0.00108918 0.00187902 0.00255933 0.00311286 0.00350812 0.00374157 0.00383744 0.00381294 0.00370411 0.00352876 0.00328601 0.00299208 0.0026855 0.0023918 0.00212899 0.00190172 0.00172321 0.00157249 0.00148096 0.00145462 0.00149524 0.00157001 0.00165105 0.00174459 0.00182353 0.0018505 0.00180647 0.00168275 0.00148147 0.00121662 0.00089548 0.000530877 0.000134379 -0.000241871 -0.000574774 -0.000840995 -0.00105501 -0.00121218 -0.00128809 -0.00128939 -0.00122335 -0.00112747 -0.00101386 -0.000884342 -0.000726312 -0.00056855 -0.000437977 -0.000321801 -0.000212105 -0.000114759 -3.69932e-05 2.53751e-05 7.30129e-05 0.000112795 0.000138391 0.000153884 0.000170761 0.000189997 0.000192219 0.000183458 0.000189983 0.00020294 0.000204505 0.000192511 0.00019185 0.000201882 
0 6.28108e-06 1.6006e-05 3.02368e-05 3.98094e-05 4.08519e-05 4.44186e-05 5.17011e-05 5.62933e-05 4.77865e-05 3.03723e-05 1.16335e-05 -1.73948e-05 -6.51871e-05 -0.000142342 -0.000231883 -0.000349341 -0.000499205 -0.000685978 -0.000913835 -0.00115905 -0.00143471 -0.0017362 -0.0020608 -0.0023488 -0.00259895 -0.00281098 -0.00293382 -0.00294621 -0.0028082 -0.00252119 -0.00208219 -0.00152006 -0.000830976 -4.3942e-05 0.000766741 0.00155429 0.00227033 0.00288006 0.00335247 0.00366579 0.00381398 0.00381482 0.00369301 0.00352354 0.00334882 0.0031812 0.00306229 0.00305644 0.00317671 0.00339897 0.0037211 0.0041329 0.00462106 0.00517807 0.00577098 0.00634236 0.00683231 0.0071903 0.00741651 0.00745173 0.00724751 0.006775 0.00598238 0.00489486 0.00355017 0.00198703 0.000286069 -0.00150307 -0.00332254 -0.00508326 -0.00668955 -0.00805647 -0.0091566 -0.00994356 -0.0104058 -0.0105672 -0.0104435 -0.0100768 -0.00950942 -0.00877388 -0.00793237 -0.00703314 -0.00611796 -0.00523158 -0.00441774 -0.00368682 -0.00303653 -0.00247844 -0.0020054 -0.00161729 -0.00130255 -0.00103333 -0.000820961 -0.000664102 -0.00054354 -0.000455917 -0.000385384 -0.000343453 -0.000327966 -0.000319679 -0.000321735 -0.000336263 -0.00037817 -0.000451203 -0.000534286 -0.000649294 -0.000807992 -0.00101775 -0.00128669 -0.00160104 -0.00198267 -0.00245733 -0.00301779 -0.0036629 -0.00439025 -0.00520343 -0.00608866 -0.00700718 -0.00791096 -0.0087436 -0.00947324 -0.0100399 -0.0103923 -0.0105118 -0.0103485 -0.00987125 -0.00908056 -0.00797324 -0.00659333 -0.00498625 -0.00322479 -0.00139658 0.000405691 0.00210708 0.00366793 0.00501254 0.00608436 0.00688071 0.00736977 0.00757511 0.00755442 0.00734145 0.00698317 0.00650031 0.00594319 0.00536252 0.00479092 0.00426808 0.0038188 0.00343916 0.00315509 0.00298407 0.00293052 0.002992 0.00313472 0.00331237 0.00348707 0.0036291 0.00368626 0.00361585 0.00337905 0.00297124 0.00242888 0.0017909 0.00105943 0.000289157 -0.000465321 -0.00114139 -0.00169888 -0.00213971 -0.00243057 -0.00257726 -0.00257825 -0.00247418 -0.00228061 -0.00203478 -0.00175909 -0.00144543 -0.00114953 -0.000884511 -0.000642128 -0.000413965 -0.000224255 -7.51516e-05 4.5836e-05 0.000138551 0.000220098 0.000283197 0.000315306 0.000338765 0.000366995 0.000385197 0.000386763 0.000389255 0.000398614 0.000398186 0.000398009 0.000396828 0.000398103 
0 2.86008e-05 3.02368e-05 2.64998e-05 4.81106e-05 7.38717e-05 8.05976e-05 6.7914e-05 6.51095e-05 7.15336e-05 6.09637e-05 1.68408e-05 -4.44433e-05 -0.000114335 -0.000206752 -0.000343093 -0.000539667 -0.000769705 -0.00103844 -0.00135657 -0.0017437 -0.00216365 -0.00261513 -0.00307914 -0.00350696 -0.00390565 -0.00421624 -0.00440324 -0.00440296 -0.00421973 -0.00379877 -0.00313841 -0.00229179 -0.00125397 -9.67458e-05 0.00112271 0.00230172 0.00338175 0.0043029 0.00501343 0.00547175 0.00568817 0.00570232 0.00555987 0.00529188 0.00500926 0.0047686 0.00462467 0.00464024 0.0047954 0.00513298 0.00560219 0.00621621 0.00695128 0.00777006 0.00860321 0.00940721 0.010106 0.0106266 0.010917 0.0109424 0.0105994 0.00984526 0.00867207 0.00707007 0.00509297 0.00279571 0.000296835 -0.002339 -0.00500322 -0.00756968 -0.00990351 -0.0119276 -0.0135359 -0.0147231 -0.0154371 -0.0156856 -0.0155217 -0.0150106 -0.014171 -0.0131227 -0.0119021 -0.0105859 -0.00924924 -0.00794315 -0.0067257 -0.00564241 -0.00466355 -0.00382405 -0.00311008 -0.00252312 -0.00204194 -0.00163326 -0.00131111 -0.00107061 -0.00088426 -0.000751752 -0.00063775 -0.000570502 -0.000547814 -0.00053241 -0.000539255 -0.000566891 -0.000628068 -0.000741638 -0.000870836 -0.00104663 -0.00129028 -0.0016116 -0.00201843 -0.00249577 -0.00307469 -0.00379382 -0.00463269 -0.00561174 -0.00669525 -0.00789618 -0.00920414 -0.0105432 -0.0118501 -0.0130831 -0.0141281 -0.0149522 -0.0154625 -0.0156015 -0.0153295 -0.0146178 -0.0134178 -0.0118003 -0.00977858 -0.00742723 -0.00484558 -0.00217422 0.000473002 0.00297386 0.00526507 0.00723337 0.00884071 0.0100223 0.0107692 0.0111266 0.0111205 0.010838 0.0103441 0.00966588 0.00886208 0.00802503 0.00720125 0.00642928 0.0057398 0.00519549 0.00476205 0.00450536 0.00442146 0.00451339 0.00471347 0.00495585 0.00523502 0.00545606 0.00551917 0.00538738 0.00503535 0.00444283 0.0036303 0.00264174 0.00155147 0.000404008 -0.000699501 -0.00172115 -0.00256977 -0.00322151 -0.00364947 -0.00384411 -0.00386698 -0.0037158 -0.00343118 -0.00304598 -0.00262561 -0.00217646 -0.00173932 -0.00133801 -0.000956434 -0.000621257 -0.000348459 -0.000121946 7.09835e-05 0.000210155 0.000322472 0.000415857 0.0004786 0.000509337 0.000538727 0.000566029 0.000582091 0.000590775 0.000584463 0.000587891 0.000598647 0.000606325 0.000592998 
0 2.78466e-05 3.98094e-05 4.81106e-05 6.66467e-05 8.78258e-05 0.000102611 0.000100402 9.23757e-05 8.39524e-05 6.53235e-05 1.97165e-05 -6.11024e-05 -0.00016059 -0.000296208 -0.000475937 -0.000730978 -0.00103771 -0.00139132 -0.00183048 -0.00233937 -0.0029037 -0.00348539 -0.0040981 -0.00468281 -0.00521697 -0.00563995 -0.00585463 -0.00585932 -0.00561574 -0.00508412 -0.00421518 -0.00306748 -0.00168816 -0.0001538 0.00143607 0.00301243 0.00446657 0.00569257 0.00662338 0.00724302 0.007559 0.00759431 0.00737725 0.00703856 0.00669092 0.00639169 0.00620896 0.0062239 0.00644808 0.0068698 0.00750602 0.00833337 0.0092885 0.0103209 0.0113723 0.01237 0.0132265 0.0138411 0.0141789 0.0141278 0.0136088 0.0125915 0.0110169 0.0089245 0.00636628 0.00339822 0.000160338 -0.00324165 -0.00668285 -0.00999709 -0.0130192 -0.0156121 -0.0177204 -0.0192653 -0.0202152 -0.0205964 -0.020435 -0.0198032 -0.0187776 -0.0174298 -0.0158682 -0.0141802 -0.0124449 -0.0107454 -0.00916332 -0.00772341 -0.00642705 -0.00529981 -0.00433782 -0.00354268 -0.00289197 -0.00233744 -0.00189722 -0.0015665 -0.00131174 -0.00112162 -0.000968599 -0.000873647 -0.000835501 -0.000819037 -0.000828229 -0.000865436 -0.00095669 -0.00111015 -0.00129208 -0.00153708 -0.0018701 -0.00230568 -0.00285915 -0.00350944 -0.00429343 -0.0052551 -0.00638415 -0.00767475 -0.00911438 -0.0106986 -0.0123957 -0.01413 -0.0158156 -0.0173566 -0.0186902 -0.0197149 -0.0203341 -0.0204983 -0.0201181 -0.0191407 -0.0175743 -0.0154378 -0.0128134 -0.00978383 -0.00647226 -0.00302944 0.000381909 0.0036183 0.00659036 0.00915816 0.0112325 0.0128118 0.0138509 0.014374 0.0144538 0.0141469 0.0135469 0.012708 0.0117224 0.0106693 0.00959572 0.00857591 0.00768247 0.00694732 0.00641154 0.00608247 0.0059491 0.00602198 0.00627517 0.00663449 0.00699536 0.00725323 0.00731047 0.00712874 0.00666058 0.00587226 0.00478977 0.00348516 0.00201526 0.00050032 -0.000969804 -0.00230829 -0.00343172 -0.00430385 -0.00486055 -0.00513503 -0.00515328 -0.00496287 -0.00457164 -0.00406055 -0.00350988 -0.00291738 -0.00233883 -0.00178475 -0.00127859 -0.000842337 -0.000490523 -0.000181399 9.2878e-05 0.000283855 0.000418032 0.000533683 0.000626426 0.000687783 0.000722432 0.000744242 0.000765588 0.000784266 0.000788589 0.000781542 0.000793314 0.000799911 0.000792978 
0 1.12891e-05 4.08519e-05 7.38717e-05 8.78258e-05 8.74964e-05 0.00010494 0.000125548 0.000121216 9.19059e-05 5.80487e-05 1.06127e-05 -7.29709e-05 -0.000207115 -0.000387409 -0.000616684 -0.000922872 -0.00129995 -0.00176112 -0.00230957 -0.00294978 -0.0036387 -0.00437798 -0.00514778 -0.00587714 -0.00654526 -0.00705669 -0.00734558 -0.0073438 -0.0070475 -0.00637203 -0.0052897 -0.0038722 -0.00215359 -0.000248635 0.00174889 0.00370244 0.00550297 0.00703598 0.00821299 0.00898621 0.00937596 0.00943287 0.00921772 0.00880515 0.00836946 0.00801653 0.00782796 0.00787542 0.0081376 0.00866866 0.00943262 0.010428 0.011583 0.012811 0.0140168 0.0151488 0.0161094 0.0167843 0.017082 0.0169285 0.0162 0.0148609 0.0129142 0.0103611 0.00726141 0.00368575 -0.000204765 -0.00428951 -0.00839678 -0.0123402 -0.015936 -0.0190736 -0.0216217 -0.0235452 -0.0247656 -0.0252784 -0.0251414 -0.0244422 -0.0232311 -0.0216692 -0.0198289 -0.017818 -0.015744 -0.0136895 -0.0117446 -0.0099734 -0.00835398 -0.00693863 -0.00572432 -0.00471432 -0.00387841 -0.00317004 -0.00260401 -0.00217477 -0.00184259 -0.00159602 -0.00139243 -0.00126534 -0.00121305 -0.00118909 -0.0012041 -0.00125904 -0.00137582 -0.00157631 -0.0018181 -0.0021392 -0.00257076 -0.00313288 -0.00383822 -0.00466971 -0.00566922 -0.00688636 -0.00829769 -0.00991659 -0.011691 -0.0136203 -0.0156754 -0.0177485 -0.0197453 -0.0215932 -0.0231461 -0.0243367 -0.0250325 -0.0251435 -0.0246039 -0.0233764 -0.0214286 -0.0188606 -0.015716 -0.0120962 -0.00813386 -0.00401941 7.50653e-05 0.00396896 0.00754545 0.0106431 0.0132025 0.0151573 0.0164906 0.0172375 0.0174206 0.0171443 0.0165118 0.0155841 0.0144499 0.013224 0.011968 0.0107501 0.00964799 0.00876539 0.00808461 0.00766477 0.00749415 0.00758675 0.00787941 0.00827951 0.00872331 0.00904492 0.00910094 0.0088477 0.0082521 0.00727321 0.00592439 0.00427808 0.00245766 0.000564019 -0.00125698 -0.00292934 -0.0043264 -0.00540093 -0.00610682 -0.00643684 -0.00646686 -0.00621097 -0.00573179 -0.00509978 -0.00440783 -0.00366614 -0.00293108 -0.00224998 -0.00162089 -0.00107439 -0.000621594 -0.000236147 9.48916e-05 0.00033855 0.000517844 0.000657335 0.000765615 0.000844924 0.000902827 0.000928561 0.000941188 0.000968795 0.000985487 0.00098603 0.000980555 0.000987723 0.000993822 
0 1.51926e-05 4.44186e-05 8.05976e-05 0.000102611 0.00010494 0.000114943 0.000130683 0.000131522 0.000103814 5.42297e-05 -1.2132e-05 -0.000114493 -0.000267169 -0.000488581 -0.00076855 -0.00113379 -0.00159128 -0.00214759 -0.00281271 -0.00356182 -0.0043963 -0.00529413 -0.00622536 -0.00709167 -0.00786428 -0.00848663 -0.00884174 -0.00886312 -0.00848442 -0.00766293 -0.00637765 -0.00469645 -0.00266449 -0.000383299 0.00199781 0.00433783 0.00648657 0.00830901 0.00971315 0.0106628 0.0111621 0.011253 0.0109968 0.0105499 0.0100717 0.00967057 0.00945367 0.0095165 0.00986349 0.0104839 0.0113801 0.0125207 0.0138173 0.0151818 0.0165217 0.0177414 0.0187285 0.019357 0.0195626 0.019227 0.0182589 0.0166279 0.0142988 0.0113125 0.0077312 0.00363073 -0.000816712 -0.00545989 -0.0101242 -0.0146045 -0.0187085 -0.0222873 -0.0252514 -0.0275028 -0.028975 -0.0296661 -0.0296052 -0.0288783 -0.0275861 -0.025846 -0.0237878 -0.0215212 -0.0191509 -0.0167835 -0.0145257 -0.0124252 -0.010499 -0.00879219 -0.00731909 -0.00608456 -0.00505771 -0.00418401 -0.00348038 -0.00293958 -0.00252271 -0.00220544 -0.00195458 -0.00179233 -0.00171825 -0.00168962 -0.00170792 -0.00177782 -0.00193176 -0.00218206 -0.00249498 -0.00290327 -0.00344279 -0.00413632 -0.00500438 -0.00603105 -0.00725763 -0.00873047 -0.0104355 -0.0123534 -0.0144506 -0.0167043 -0.0190662 -0.0214352 -0.0237021 -0.0257503 -0.0274771 -0.0287563 -0.0294584 -0.0295019 -0.0287947 -0.0272923 -0.0250199 -0.0220369 -0.0184368 -0.0143178 -0.00982251 -0.00513952 -0.000476248 0.00397405 0.00807544 0.0116581 0.0146269 0.0169651 0.0186265 0.0196168 0.0199869 0.0198077 0.0191956 0.0182303 0.0170267 0.0156866 0.0142768 0.0128909 0.0116321 0.0105769 0.00978405 0.00928425 0.00907392 0.00915687 0.00948366 0.00995145 0.0104293 0.0107693 0.0108287 0.0105304 0.00979791 0.00859415 0.00696752 0.00502165 0.00285165 0.0005998 -0.00158998 -0.00357768 -0.00523877 -0.00652159 -0.007359 -0.00776447 -0.0077788 -0.00747551 -0.00690545 -0.00616091 -0.0053228 -0.00441726 -0.00354167 -0.0027352 -0.00199543 -0.00132311 -0.00075824 -0.00030091 6.94628e-05 0.000360712 0.000603479 0.000787212 0.000899789 0.000981395 0.00106198 0.00111447 0.00113056 0.0011461 0.00117016 0.0011791 0.00117994 0.0011814 0.00118871 
0 3.59876e-05 5.17011e-05 6.7914e-05 0.000100402 0.000125548 0.000130683 0.000126313 0.000122077 0.000101479 4.53156e-05 -4.68858e-05 -0.000173483 -0.000355225 -0.000612691 -0.000947134 -0.00137541 -0.00191015 -0.00256625 -0.00333734 -0.00421147 -0.0051757 -0.00622417 -0.00730431 -0.00831435 -0.00921291 -0.00992649 -0.0103528 -0.0103822 -0.00994961 -0.00899629 -0.00752185 -0.00558911 -0.00323614 -0.000588008 0.00218138 0.00488271 0.00736506 0.00949687 0.0111638 0.0122903 0.012877 0.0129941 0.0127475 0.0122758 0.0117586 0.011327 0.0111028 0.0111894 0.0115926 0.0123176 0.0133238 0.0145734 0.015978 0.0174306 0.0188159 0.0200369 0.0209718 0.0214977 0.0215302 0.0209785 0.0197363 0.0177697 0.0150819 0.0117044 0.0077075 0.00318204 -0.00170545 -0.00679927 -0.0119063 -0.016813 -0.0213179 -0.025281 -0.0285795 -0.0311347 -0.032861 -0.0337348 -0.0337926 -0.033116 -0.0317906 -0.0299691 -0.0277653 -0.0252996 -0.0226943 -0.0200612 -0.0175122 -0.0151184 -0.0128948 -0.0109024 -0.00916688 -0.00769709 -0.00646202 -0.00541503 -0.00456447 -0.00390359 -0.00338995 -0.00299375 -0.00268033 -0.00247408 -0.00237451 -0.00234053 -0.00236905 -0.00246581 -0.00265915 -0.00296509 -0.00335441 -0.0038587 -0.00451671 -0.00535873 -0.00640111 -0.00763402 -0.00909652 -0.0108305 -0.0128163 -0.0150361 -0.0174317 -0.0199717 -0.0225998 -0.0251975 -0.0276498 -0.0298499 -0.0316584 -0.032965 -0.033629 -0.0335491 -0.0326504 -0.0309006 -0.0283132 -0.0249858 -0.0210008 -0.0164693 -0.0115419 -0.00642451 -0.00132345 0.00356614 0.00809674 0.0121 0.0154836 0.0181844 0.0201638 0.0214317 0.0220205 0.0220206 0.0215342 0.0206296 0.0194061 0.0179903 0.0164806 0.0149794 0.013592 0.0124198 0.0115033 0.0109105 0.0106608 0.0107543 0.011106 0.0115942 0.0121087 0.0124756 0.0125195 0.0121334 0.0112442 0.00982732 0.00793681 0.00567479 0.00316203 0.000542692 -0.0019924 -0.00428419 -0.00619107 -0.00765874 -0.00863489 -0.00910407 -0.00912054 -0.00875151 -0.00809145 -0.00723301 -0.00625776 -0.00520971 -0.00418545 -0.00324418 -0.002378 -0.00159854 -0.000936281 -0.000394753 4.03946e-05 0.000381688 0.000664511 0.000885609 0.0010261 0.00111654 0.00120235 0.00127164 0.00130488 0.00132069 0.00133525 0.00135267 0.00136866 0.00137767 0.0013779 
0 4.14503e-05 5.62933e-05 6.51095e-05 9.23757e-05 0.000121216 0.000131522 0.000122077 0.000102495 6.99183e-05 9.1475e-06 -9.32242e-05 -0.000248058 -0.000466855 -0.000762144 -0.00114635 -0.00164139 -0.00225839 -0.00300809 -0.00389447 -0.00490387 -0.00601074 -0.00719835 -0.00842218 -0.0095901 -0.010626 -0.0114342 -0.0119056 -0.0119363 -0.0114501 -0.0103811 -0.00871932 -0.00651966 -0.00384897 -0.000851356 0.00227917 0.00533969 0.0081599 0.0105904 0.0125028 0.0138122 0.0145113 0.0146758 0.014437 0.0139633 0.0134341 0.0129863 0.0127543 0.0128561 0.0133162 0.014119 0.0152082 0.0165232 0.0179716 0.0194446 0.0208201 0.0219752 0.0227774 0.0231124 0.0229065 0.0220789 0.020539 0.0182487 0.0152151 0.0114832 0.00713668 0.00228073 -0.00292723 -0.00833157 -0.0137473 -0.0189625 -0.0237736 -0.0280307 -0.0316121 -0.0344278 -0.0363936 -0.0374759 -0.0376978 -0.0371264 -0.0358514 -0.0340128 -0.0317352 -0.0291431 -0.0263641 -0.0235208 -0.0207306 -0.0180677 -0.0155688 -0.0132981 -0.0112986 -0.00958483 -0.00812987 -0.00689411 -0.00588151 -0.00508392 -0.00446194 -0.00397687 -0.0036 -0.00334702 -0.00321715 -0.00317456 -0.00321072 -0.003334 -0.00357364 -0.00394217 -0.00442157 -0.00503634 -0.00582851 -0.00683101 -0.00806042 -0.00951293 -0.0112207 -0.0132149 -0.0154764 -0.0179694 -0.0206333 -0.0234197 -0.0262587 -0.0290292 -0.0316069 -0.0338732 -0.0356936 -0.0369473 -0.0375025 -0.0372608 -0.0361556 -0.0341625 -0.0313107 -0.027695 -0.0234096 -0.0185719 -0.0133382 -0.00791163 -0.00249852 0.00271634 0.00758356 0.0119413 0.0156813 0.0187279 0.0210351 0.0226032 0.0234696 0.023714 0.0234186 0.0226436 0.0214849 0.0200713 0.0185231 0.0169595 0.0154935 0.0142245 0.0132169 0.012548 0.0122556 0.0123366 0.012702 0.0132179 0.0137484 0.0141128 0.0141237 0.0136495 0.0126062 0.0109762 0.00882185 0.00625003 0.00339188 0.000418066 -0.002456 -0.0050437 -0.00720103 -0.00885739 -0.00995844 -0.0104924 -0.0105105 -0.0100866 -0.00932445 -0.00834034 -0.0072294 -0.00604791 -0.00487822 -0.00378172 -0.00278133 -0.00190507 -0.00116535 -0.000535635 -8.85714e-06 0.000393027 0.000693343 0.000933766 0.00112377 0.00125512 0.00134099 0.00140357 0.00145684 0.00149626 0.00151278 0.00152412 0.00154501 0.00156164 0.00156325 
0 2.10739e-05 4.77865e-05 7.15336e-05 8.39524e-05 9.19059e-05 0.000103814 0.000101479 6.99183e-05 1.76023e-05 -5.54964e-05 -0.000172946 -0.000360679 -0.0006125 -0.000942774 -0.0013829 -0.0019574 -0.00266184 -0.00349655 -0.00449429 -0.00563933 -0.00690259 -0.00823426 -0.00959544 -0.0109108 -0.0120798 -0.0129952 -0.0135163 -0.0135554 -0.0130142 -0.0118325 -0.00998602 -0.00752538 -0.00455853 -0.00123014 0.00225045 0.00567794 0.00884241 0.0115634 0.0137044 0.0151953 0.0160315 0.0162812 0.0160695 0.0156012 0.0150583 0.0146024 0.0143817 0.0145069 0.0150168 0.0158591 0.0169873 0.0183158 0.0197486 0.0211744 0.0224673 0.0234759 0.0240662 0.0241341 0.0236297 0.0224761 0.0206158 0.0180122 0.0146601 0.0106258 0.00600043 0.000905414 -0.00451167 -0.0100963 -0.0156868 -0.0210836 -0.0260973 -0.0305622 -0.0343749 -0.0374151 -0.0396058 -0.0409079 -0.0413247 -0.0409067 -0.0397577 -0.037977 -0.0357073 -0.0330678 -0.0301815 -0.0271843 -0.0241987 -0.0212965 -0.0185486 -0.0160144 -0.0137554 -0.0117928 -0.0101066 -0.00866798 -0.00747808 -0.00652757 -0.00578332 -0.00519808 -0.00475189 -0.00444725 -0.00428168 -0.00422852 -0.00427239 -0.00442589 -0.00471875 -0.00515775 -0.00573949 -0.00647954 -0.00742161 -0.0085986 -0.0100264 -0.0117091 -0.0136679 -0.01592 -0.0184486 -0.0211884 -0.0240847 -0.0270687 -0.0300546 -0.0329301 -0.0355652 -0.0378202 -0.0395862 -0.0407172 -0.0411008 -0.0406551 -0.0393246 -0.0370966 -0.0340308 -0.0301953 -0.0257031 -0.020666 -0.0152443 -0.00962781 -0.00402207 0.00140543 0.00650845 0.011144 0.0151807 0.0185493 0.0211876 0.0230802 0.024274 0.0248191 0.0247769 0.0242016 0.0231907 0.0218663 0.0203575 0.018792 0.0172937 0.0159521 0.0148824 0.0141585 0.0138372 0.0139019 0.0142677 0.0148003 0.0153264 0.0156666 0.0156265 0.0150541 0.0138541 0.0120068 0.00957491 0.00668479 0.00348695 0.000190227 -0.00300246 -0.00588267 -0.00830069 -0.0101448 -0.0113465 -0.0119268 -0.0119405 -0.0114799 -0.0106231 -0.0095059 -0.0082463 -0.00692694 -0.00562131 -0.00437881 -0.00324777 -0.00225813 -0.00142395 -0.000713116 -0.00011349 0.000353833 0.000695918 0.000961059 0.00118312 0.00135315 0.00145676 0.00151983 0.00158068 0.00163847 0.00167261 0.0016848 0.00170362 0.00172488 0.00174206 
0 3.26852e-06 3.03723e-05 6.09637e-05 6.53235e-05 5.80487e-05 5.42297e-05 4.53156e-05 9.1475e-06 -5.54964e-05 -0.00015246 -0.000305222 -0.000518832 -0.000804855 -0.00117825 -0.00168783 -0.00233868 -0.00312563 -0.0040645 -0.00516789 -0.00644826 -0.00785117 -0.00934084 -0.0108416 -0.0122931 -0.0135947 -0.0146035 -0.0151966 -0.0152413 -0.0146636 -0.0133709 -0.0113501 -0.00865204 -0.00539891 -0.00175922 0.00207081 0.00585044 0.00935223 0.0123738 0.0147608 0.0164357 0.0174138 0.0177611 0.0176213 0.0171579 0.0166012 0.0161523 0.0159572 0.0161026 0.0166134 0.0174749 0.0185971 0.0198927 0.021263 0.0225707 0.0236739 0.0244444 0.0247484 0.0245058 0.0236434 0.0221408 0.0199396 0.0170075 0.0133863 0.00911743 0.00429857 -0.000929303 -0.00644353 -0.0121057 -0.0177604 -0.0232331 -0.0283424 -0.0329454 -0.036898 -0.0401181 -0.0425134 -0.044027 -0.0446713 -0.0444783 -0.0435054 -0.0418771 -0.0396892 -0.0370661 -0.0341441 -0.0310543 -0.0279134 -0.0248258 -0.0218539 -0.0190769 -0.0165669 -0.0143518 -0.0124236 -0.0107767 -0.00939683 -0.00828189 -0.00739817 -0.00669916 -0.00616748 -0.00580199 -0.0055951 -0.00553167 -0.00558944 -0.00578514 -0.00613801 -0.00665625 -0.00734678 -0.00822468 -0.00932757 -0.0106973 -0.0123373 -0.0142581 -0.0164708 -0.0189756 -0.0217402 -0.0247077 -0.0277923 -0.030921 -0.0340037 -0.0369126 -0.0395144 -0.041697 -0.0433109 -0.0442561 -0.0444309 -0.0437498 -0.0421945 -0.0397744 -0.0365191 -0.0325347 -0.0279082 -0.022766 -0.0172624 -0.0115865 -0.00591277 -0.000383995 0.00485378 0.0096776 0.0139768 0.0176259 0.0205796 0.0228258 0.0243691 0.0252665 0.0255444 0.0252535 0.0244613 0.0232972 0.0219009 0.020391 0.0188964 0.0175574 0.0164611 0.0157112 0.0153685 0.0154241 0.0157839 0.0163039 0.0168276 0.0171318 0.0170102 0.0163017 0.0149295 0.0128697 0.0101659 0.00694602 0.00342375 -0.000191728 -0.00367643 -0.00683891 -0.00949879 -0.0115088 -0.0128175 -0.0134294 -0.0134438 -0.0129284 -0.0119917 -0.0107491 -0.00933768 -0.00787743 -0.00642664 -0.00505532 -0.00379584 -0.0026852 -0.00172988 -0.000935121 -0.000288614 0.000237833 0.000653993 0.00096929 0.00120162 0.00138025 0.00151939 0.00161723 0.00168322 0.00173824 0.00178626 0.00182386 0.00184755 0.00187397 0.00190375 
0 4.30993e-06 1.16335e-05 1.68408e-05 1.97165e-05 1.06127e-05 -1.2132e-05 -4.68858e-05 -9.32242e-05 -0.000172946 -0.000305222 -0.000482687 -0.00072458 -0.00105182 -0.00149944 -0.00207067 -0.00277745 -0.00365637 -0.00471428 -0.00595642 -0.00734711 -0.00889434 -0.0105353 -0.0121979 -0.013804 -0.0152208 -0.0163319 -0.0169719 -0.0170459 -0.0164166 -0.0150246 -0.0128422 -0.00990485 -0.0063758 -0.0024221 0.00172542 0.005848 0.00968347 0.0129946 0.0156227 0.0175082 0.0186495 0.019106 0.0190074 0.0185965 0.0180688 0.0176305 0.0174377 0.0175665 0.01807 0.0188791 0.0199557 0.0211709 0.022395 0.0234912 0.0243413 0.0247954 0.0247519 0.0241373 0.0229114 0.0210185 0.0184679 0.0152509 0.0113784 0.00693858 0.00202308 -0.00324461 -0.00875499 -0.0143751 -0.0199893 -0.0254338 -0.030554 -0.0351808 -0.0392289 -0.0425641 -0.0451267 -0.0468706 -0.0477675 -0.047821 -0.0471168 -0.0456775 -0.0436414 -0.0411166 -0.0382183 -0.0350979 -0.0318771 -0.0286315 -0.0254842 -0.0224892 -0.0197386 -0.017275 -0.0151041 -0.0132311 -0.0116514 -0.0103514 -0.00931457 -0.00848833 -0.00786852 -0.00743594 -0.00718474 -0.00710578 -0.00717757 -0.00741469 -0.00783691 -0.00844331 -0.00925942 -0.0102875 -0.0115739 -0.013145 -0.0150075 -0.0171751 -0.0196366 -0.0223721 -0.0253619 -0.0284978 -0.0317304 -0.0349582 -0.038065 -0.0409478 -0.0434655 -0.0454653 -0.0468809 -0.0475703 -0.04748 -0.0465647 -0.0447999 -0.0421927 -0.0388232 -0.0347336 -0.0300569 -0.0249087 -0.019449 -0.0138201 -0.00818479 -0.00266044 0.0026277 0.00757501 0.0120341 0.0159324 0.0191958 0.0217774 0.0237087 0.0249862 0.0256233 0.0256646 0.0251884 0.0242761 0.0230519 0.0216577 0.0202532 0.0189472 0.0179021 0.017171 0.0168208 0.016838 0.0171814 0.0177277 0.0182249 0.0184583 0.0182322 0.0173905 0.0158366 0.0135443 0.010571 0.00705995 0.00320502 -0.000728939 -0.00452671 -0.00794223 -0.0108126 -0.0129844 -0.0143962 -0.0150782 -0.0150638 -0.0144854 -0.0134464 -0.0120952 -0.0105465 -0.00893009 -0.00733382 -0.00581191 -0.00443338 -0.00320327 -0.0021367 -0.00124627 -0.000532214 5.08701e-05 0.000534495 0.00090662 0.00116787 0.00136047 0.0015286 0.00166767 0.00175429 0.00180731 0.00186682 0.00192671 0.00197044 0.00200242 0.00203932 
0 2.38703e-06 -1.73948e-05 -4.44433e-05 -6.11024e-05 -7.29709e-05 -0.000114493 -0.000173483 -0.000248058 -0.000360679 -0.000518832 -0.00072458 -0.000996644 -0.00139344 -0.00190495 -0.0025389 -0.00331552 -0.00429139 -0.00548226 -0.00684186 -0.00837477 -0.010054 -0.0118588 -0.0136809 -0.0154369 -0.0169838 -0.018176 -0.0189022 -0.0189898 -0.0183225 -0.0168169 -0.0144824 -0.0113446 -0.00754775 -0.00328802 0.00119937 0.00564075 0.00977611 0.0133856 0.016289 0.0183803 0.0196774 0.0202533 0.0202744 0.0199017 0.0193824 0.0189581 0.0187755 0.0188852 0.0193146 0.0200477 0.0209923 0.0220361 0.0230567 0.0238836 0.0243812 0.0244561 0.0240125 0.0230112 0.0213723 0.0191107 0.0162231 0.0127171 0.00867146 0.00413272 -0.000817128 -0.00603936 -0.0114584 -0.0169553 -0.0224124 -0.0277105 -0.0327223 -0.0373261 -0.0413869 -0.0448246 -0.0475475 -0.0494861 -0.0506304 -0.050972 -0.0505303 -0.0493741 -0.0475599 -0.0451944 -0.0424028 -0.0393169 -0.0360461 -0.0327178 -0.0294236 -0.0262485 -0.0232847 -0.0205791 -0.0181567 -0.0160573 -0.0142562 -0.0127632 -0.0115574 -0.0105964 -0.00987576 -0.00937277 -0.00906902 -0.00897505 -0.00905851 -0.00934425 -0.00983872 -0.0105446 -0.0114946 -0.0126972 -0.0141753 -0.0159688 -0.0180606 -0.0204661 -0.0231656 -0.0261206 -0.0292826 -0.0325749 -0.0358966 -0.0391527 -0.0422302 -0.0450066 -0.0473465 -0.0491494 -0.0502878 -0.0506963 -0.0503302 -0.0491408 -0.0471512 -0.0444038 -0.0409358 -0.0368452 -0.0322175 -0.027171 -0.0218354 -0.0163492 -0.0108348 -0.00538816 -0.00014596 0.00481652 0.00940272 0.0134839 0.0170126 0.0199463 0.0222446 0.0239205 0.0249546 0.0253996 0.025282 0.0246866 0.0237383 0.0225532 0.0212853 0.0201045 0.0191212 0.0184325 0.0181097 0.0181543 0.0184962 0.0189931 0.0194547 0.0196261 0.0192982 0.0182892 0.0165305 0.0140036 0.0107594 0.0069398 0.00278026 -0.00147573 -0.00555952 -0.00923064 -0.0122998 -0.0146102 -0.0161349 -0.016856 -0.0168358 -0.0161668 -0.0150351 -0.0135711 -0.0118836 -0.0101179 -0.00835658 -0.00669665 -0.00517714 -0.0038348 -0.00266253 -0.00167406 -0.000865655 -0.00020666 0.000315553 0.000729569 0.00104965 0.00129165 0.00147736 0.00162983 0.00174839 0.0018347 0.00190723 0.00197917 0.00203883 0.00209172 0.00214171 
0 -3.00152e-05 -6.51871e-05 -0.000114335 -0.00016059 -0.000207115 -0.000267169 -0.000355225 -0.000466855 -0.0006125 -0.000804855 -0.00105182 -0.00139344 -0.00183909 -0.00240503 -0.00311485 -0.00400216 -0.00509022 -0.00637231 -0.00786321 -0.00953812 -0.0113888 -0.0133424 -0.0153152 -0.0172148 -0.0188784 -0.0201903 -0.0209844 -0.021105 -0.0203828 -0.0187849 -0.0163142 -0.0129812 -0.00894756 -0.00439569 0.000406247 0.00517532 0.00961965 0.0135072 0.0166708 0.0190099 0.0205031 0.021217 0.0213097 0.0210233 0.020549 0.0201142 0.0198877 0.0199296 0.0202817 0.0208677 0.0216346 0.0224447 0.0231625 0.0236409 0.0237662 0.0234136 0.0225271 0.0210804 0.0190405 0.0163941 0.0132016 0.00948928 0.00530201 0.000728799 -0.00415797 -0.00925931 -0.0145052 -0.0197868 -0.0250233 -0.0301088 -0.0349543 -0.0394288 -0.0434578 -0.0469189 -0.0497486 -0.0518878 -0.0532855 -0.0539098 -0.0538073 -0.0529431 -0.0514075 -0.0492795 -0.0466496 -0.043661 -0.0404257 -0.0370389 -0.0336558 -0.0303343 -0.027179 -0.0242545 -0.0215996 -0.0192629 -0.0172434 -0.015536 -0.0141464 -0.0130356 -0.0122069 -0.011623 -0.0112689 -0.0111515 -0.0112525 -0.0115884 -0.0121659 -0.0129836 -0.0140855 -0.0154654 -0.0171553 -0.0191658 -0.0214866 -0.0241309 -0.0270524 -0.0301927 -0.0335141 -0.0368874 -0.0402526 -0.0434865 -0.0464545 -0.0490656 -0.0511868 -0.0526859 -0.0535267 -0.0536107 -0.0529426 -0.0515147 -0.0493413 -0.0464644 -0.0429721 -0.0389082 -0.0343927 -0.0295195 -0.0244109 -0.019147 -0.0138345 -0.00856092 -0.00343488 0.00148359 0.00608348 0.010306 0.0140815 0.017325 0.0200104 0.0220875 0.0235317 0.0243841 0.0246905 0.0244833 0.0238594 0.0229506 0.0219201 0.0208934 0.0200522 0.0194707 0.0192234 0.0192908 0.0196352 0.0201298 0.0205109 0.0205711 0.0201181 0.0189617 0.01699 0.0141894 0.0106534 0.00655364 0.00209743 -0.0024469 -0.00681765 -0.0107198 -0.01398 -0.0164378 -0.0180397 -0.0188002 -0.0187452 -0.0180264 -0.0167944 -0.0152083 -0.0133767 -0.0114525 -0.0095477 -0.00773492 -0.00608555 -0.00460719 -0.00332294 -0.00223775 -0.00133376 -0.000592291 -1.33441e-05 0.00043784 0.000820364 0.00112421 0.00133619 0.00149765 0.00164939 0.00178347 0.0018824 0.00196312 0.00204264 0.00212262 0.00219654 
0 -8.30152e-05 -0.000142342 -0.000206752 -0.000296208 -0.000387409 -0.000488581 -0.000612691 -0.000762144 -0.000942774 -0.00117825 -0.00149944 -0.00190495 -0.00240503 -0.00302714 -0.00384089 -0.00484886 -0.0060384 -0.00743322 -0.0090527 -0.0108963 -0.0129029 -0.0150168 -0.0171375 -0.0191814 -0.0209897 -0.0224019 -0.0232686 -0.0234021 -0.0226648 -0.0209891 -0.0183809 -0.01486 -0.0105861 -0.00575873 -0.000651078 0.00442114 0.00916793 0.0133668 0.0168209 0.0193879 0.021061 0.0219178 0.0221482 0.0219326 0.021484 0.0210363 0.0207508 0.0206847 0.0208753 0.0212802 0.0217954 0.02229 0.0226494 0.0227188 0.0223823 0.0215677 0.0202242 0.0183545 0.0159115 0.0129333 0.00946927 0.00556612 0.00131673 -0.00321582 -0.00797712 -0.0128746 -0.0178789 -0.0228948 -0.0278359 -0.0326328 -0.0372233 -0.0415205 -0.045434 -0.0488887 -0.0518024 -0.0540995 -0.0557325 -0.0566576 -0.0568671 -0.0563538 -0.0551387 -0.0532904 -0.0508962 -0.0480724 -0.0449143 -0.0415546 -0.0381187 -0.0346935 -0.0313807 -0.0282524 -0.0253714 -0.0228156 -0.0205707 -0.0186549 -0.01707 -0.0157949 -0.0148365 -0.0141604 -0.0137437 -0.0136125 -0.0137371 -0.0141376 -0.0148061 -0.0157426 -0.0169946 -0.0185667 -0.0204645 -0.0227069 -0.0252597 -0.0281262 -0.0312476 -0.0345468 -0.0379587 -0.041387 -0.0447312 -0.0478741 -0.0506841 -0.0530603 -0.0548842 -0.0560745 -0.0565629 -0.0563208 -0.0553658 -0.0536951 -0.0513521 -0.0484052 -0.0449157 -0.0409624 -0.0366292 -0.0320023 -0.0271695 -0.0222025 -0.0171716 -0.0121375 -0.00720802 -0.00241172 0.00218365 0.00648252 0.0104249 0.0139361 0.0169455 0.0194161 0.0212964 0.0226158 0.0233599 0.0235648 0.0233349 0.0227827 0.022053 0.0212915 0.0206347 0.0201967 0.0200629 0.0202178 0.0205893 0.0210348 0.0213519 0.0213184 0.0207333 0.0193753 0.017161 0.0141021 0.0102887 0.0058856 0.00113221 -0.00370237 -0.00832829 -0.0124619 -0.0159036 -0.0184854 -0.0201672 -0.0209395 -0.0208728 -0.0200925 -0.0187692 -0.0170403 -0.0150577 -0.0129988 -0.0109402 -0.00897363 -0.00717002 -0.00556476 -0.00415406 -0.00296189 -0.00197267 -0.00114587 -0.000485776 3.29118e-05 0.000458363 0.000806698 0.00106769 0.00127161 0.00145476 0.00161802 0.00174909 0.00186252 0.00197235 0.00208085 0.00218015 
0 -0.000129088 -0.000231883 -0.000343093 -0.000475937 -0.000616684 -0.00076855 -0.000947134 -0.00114635 -0.0013829 -0.00168783 -0.00207067 -0.0025389 -0.00311485 -0.00384089 -0.00475093 -0.00585036 -0.00715645 -0.00869511 -0.0104712 -0.0124607 -0.0146292 -0.0169044 -0.0191887 -0.0213953 -0.0233488 -0.0248634 -0.0257747 -0.0259324 -0.0251844 -0.0234454 -0.0206998 -0.0169792 -0.0124706 -0.00739144 -0.00201003 0.00336924 0.00843456 0.0129263 0.0166479 0.0194659 0.0213486 0.0223654 0.0227066 0.0225814 0.0221692 0.0216834 0.0212905 0.0210641 0.0210536 0.0212006 0.0213982 0.0215101 0.0214299 0.0210378 0.0202398 0.0189541 0.0171491 0.014845 0.0120335 0.00875679 0.0050927 0.00109139 -0.00317211 -0.00761802 -0.0121922 -0.0168374 -0.0215331 -0.0262057 -0.0307955 -0.0352524 -0.0395422 -0.043595 -0.0473521 -0.0507396 -0.0536897 -0.0561266 -0.0579752 -0.0591767 -0.0597197 -0.0595501 -0.0586856 -0.0571699 -0.0550601 -0.0524594 -0.0494546 -0.0461641 -0.04274 -0.0392621 -0.0358336 -0.0325392 -0.0294571 -0.0266763 -0.0242066 -0.0220664 -0.0202803 -0.0188415 -0.0177581 -0.0169898 -0.0165149 -0.0163547 -0.0164956 -0.0169507 -0.0177121 -0.0187821 -0.0202076 -0.0219824 -0.0241053 -0.0265674 -0.0293343 -0.0323992 -0.0356843 -0.0390965 -0.0425677 -0.0459824 -0.049253 -0.0522485 -0.054831 -0.0569213 -0.0584183 -0.0592451 -0.0593808 -0.0588045 -0.0575636 -0.0556843 -0.0532127 -0.050224 -0.0467997 -0.0430011 -0.0389077 -0.0345843 -0.0300978 -0.02548 -0.0207786 -0.0160456 -0.0113577 -0.00673494 -0.00223707 0.00207163 0.00612492 0.00983633 0.013143 0.0159768 0.0182713 0.0200319 0.0212411 0.021907 0.0221179 0.0219849 0.0216355 0.0211896 0.0207984 0.0205755 0.0206012 0.020849 0.0212607 0.0217083 0.0219604 0.0218057 0.0210552 0.0195033 0.0170529 0.0137238 0.00962673 0.00492907 -0.000127877 -0.00524372 -0.0101205 -0.0144727 -0.018091 -0.0207945 -0.0225404 -0.0233405 -0.0232485 -0.0224073 -0.0209775 -0.0191085 -0.0169767 -0.0147751 -0.012573 -0.0104349 -0.00847518 -0.00674049 -0.00521472 -0.0039042 -0.00281261 -0.00190296 -0.00115036 -0.000548496 -6.9503e-05 0.000318395 0.000646033 0.000922483 0.00114413 0.0013281 0.00149643 0.00166097 0.00180733 0.00194161 0.00206691 
0 -0.000174306 -0.000349341 -0.000539667 -0.000730978 -0.000922872 -0.00113379 -0.00137541 -0.00164139 -0.0019574 -0.00233868 -0.00277745 -0.00331552 -0.00400216 -0.00484886 -0.00585036 -0.00704771 -0.00849511 -0.0101935 -0.0121208 -0.0142614 -0.0165973 -0.0190395 -0.0214893 -0.0238528 -0.0259414 -0.0275594 -0.0285407 -0.0287323 -0.0279662 -0.0261609 -0.0232971 -0.0194053 -0.0146795 -0.00935442 -0.00369458 0.00199625 0.00737919 0.0121692 0.0161659 0.019237 0.0213461 0.0225561 0.023026 0.0229547 0.0225343 0.0219876 0.0214706 0.0210494 0.0207743 0.0205903 0.0203964 0.0200696 0.0195161 0.0186368 0.0173515 0.0155897 0.0133376 0.0106296 0.00748864 0.00397427 0.000175908 -0.0038562 -0.00806059 -0.0123582 -0.0167015 -0.0210505 -0.0253932 -0.0296785 -0.0338676 -0.0379374 -0.0418842 -0.0456574 -0.0492163 -0.0524983 -0.055441 -0.057966 -0.0599876 -0.0614391 -0.0622946 -0.0624799 -0.0619892 -0.0608398 -0.0590646 -0.0567413 -0.0539435 -0.0507868 -0.0474261 -0.0439459 -0.0404466 -0.0370222 -0.0337684 -0.0307867 -0.0281046 -0.0257492 -0.0237596 -0.0221473 -0.0209236 -0.0200516 -0.0195124 -0.0193278 -0.019492 -0.0200114 -0.0208736 -0.022083 -0.0236816 -0.0256596 -0.0279993 -0.0306727 -0.0336373 -0.0368716 -0.0402839 -0.0437671 -0.0472426 -0.0505949 -0.0537307 -0.0565141 -0.0588111 -0.0605596 -0.0616895 -0.0621469 -0.0619335 -0.0610476 -0.0595516 -0.0574898 -0.0549203 -0.0519322 -0.0486162 -0.0450265 -0.0412247 -0.0372479 -0.0331399 -0.0289093 -0.0245813 -0.0201962 -0.0158054 -0.011412 -0.00706244 -0.00280841 0.00128324 0.00513178 0.008676 0.0118301 0.0145109 0.0166969 0.0183602 0.0194998 0.0201933 0.0205346 0.0206215 0.0205565 0.0204908 0.0205395 0.0207812 0.0211835 0.0216739 0.0221229 0.0223107 0.0220336 0.0211011 0.0193291 0.0166324 0.0130283 0.00862948 0.00362016 -0.00173793 -0.00711814 -0.0122195 -0.0167756 -0.0205697 -0.0233942 -0.0251947 -0.0260092 -0.0258906 -0.0249803 -0.023451 -0.0214639 -0.0191869 -0.0168161 -0.0144544 -0.0121657 -0.0100538 -0.00817057 -0.00651414 -0.00508167 -0.00387552 -0.00287122 -0.00203562 -0.00135304 -0.000802402 -0.000356591 2.84266e-05 0.000363533 0.000634128 0.000861413 0.00107972 0.00129425 0.00148232 0.00165793 0.00183152 
0 -0.000241231 -0.000499205 -0.000769705 -0.00103771 -0.00129995 -0.00159128 -0.00191015 -0.00225839 -0.00266184 -0.00312563 -0.00365637 -0.00429139 -0.00509022 -0.0060384 -0.00715645 -0.00849511 -0.0100885 -0.0119349 -0.0140107 -0.016331 -0.0188369 -0.021456 -0.0240782 -0.026585 -0.0287967 -0.030519 -0.0315965 -0.0318124 -0.0310192 -0.0291416 -0.0261636 -0.0221171 -0.0171858 -0.0116199 -0.00567652 0.000317848 0.00600694 0.0111018 0.0153856 0.018712 0.0210554 0.0224574 0.0230612 0.0230252 0.0225798 0.0219423 0.0212521 0.0205818 0.0199702 0.0194 0.018764 0.01796 0.0169095 0.0155277 0.013744 0.0115283 0.0088684 0.00581786 0.00240263 -0.00127754 -0.00514459 -0.00914892 -0.0132211 -0.0173094 -0.0213724 -0.0253725 -0.0293216 -0.0331942 -0.0369595 -0.0406295 -0.0442065 -0.0476697 -0.0509733 -0.0540989 -0.0569849 -0.0595516 -0.0617134 -0.0633962 -0.064528 -0.0650624 -0.0649418 -0.0641727 -0.0627761 -0.0607852 -0.0582489 -0.0552963 -0.0520464 -0.0486139 -0.0450931 -0.041582 -0.0381969 -0.035052 -0.0321752 -0.0296205 -0.0274284 -0.0256356 -0.0242609 -0.0232781 -0.0226682 -0.0224648 -0.0226563 -0.0232476 -0.0242195 -0.0255734 -0.027341 -0.0295176 -0.0320531 -0.0349189 -0.0380577 -0.0414262 -0.0449271 -0.0484379 -0.0518513 -0.0550861 -0.0580193 -0.0605281 -0.0624996 -0.0638741 -0.0646109 -0.0647052 -0.0641371 -0.0629614 -0.0612452 -0.059045 -0.0564339 -0.0535114 -0.0503425 -0.0469954 -0.0434997 -0.0398905 -0.0361815 -0.0323793 -0.0284743 -0.0244773 -0.0204257 -0.0163102 -0.0121492 -0.00801506 -0.00395909 -3.98678e-05 0.00366253 0.00707114 0.0100807 0.0126615 0.01476 0.0163752 0.0175645 0.0183987 0.0189547 0.0193451 0.0196813 0.0200786 0.0205801 0.0211689 0.0217717 0.0222408 0.0223858 0.0219872 0.020867 0.0188572 0.0159027 0.0120205 0.00731447 0.0019913 -0.00365375 -0.00930215 -0.0146318 -0.0193877 -0.0233397 -0.0262832 -0.0281533 -0.0289726 -0.0288316 -0.0278457 -0.0262228 -0.0241251 -0.0217137 -0.0191672 -0.0166225 -0.0141994 -0.0119482 -0.00990886 -0.0080952 -0.00653923 -0.00522567 -0.00411523 -0.00319108 -0.00242232 -0.00178365 -0.00125228 -0.000809936 -0.000428641 -9.28466e-05 0.000208585 0.000485456 0.000738948 0.000971874 0.00120076 0.00143009 
