0 0 0 0 0 0 0 0 0 0 0 0 0 0 0 0 0 0 0 0 0 0 0 0 0 0 0 0 0 0 0 0 0 0 0 0 0 0 0 0 0 0 0 0 0 0 0 0 0 0 0 0 0 0 0 0 0 0 0 0 0 0 0 0 0 0 0 0 0 0 0 0 0 0 0 0 0 0 0 0 0 0 0 0 0 0 0 0 0 0 0 0 0 0 0 0 0 0 0 0 0 0 0 0 0 0 0 0 0 0 0 0 0 0 0 0 0 0 0 0 0 0 0 0 0 0 0 0 0 0 0 0 0 0 0 0 0 0 0 0 0 0 0 0 0 0 0 0 0 0 0 0 0 0 0 0 0 0 0 0 0 0 0 0 0 0 0 0 0 0 0 0 0 0 0 0 0 0 0 0 0 0 0 0 0 0 0 0 0 0 0 0 0 0 0 0 0 0 0 0 
0 6.5598e-06 7.46732e-06 8.36278e-06 9.46704e-06 1.85177e-05 1.90459e-05 1.67215e-05 2.02303e-05 1.66213e-05 4.87817e-06 -9.68011e-06 -1.97773e-05 -5.15032e-05 -0.000100166 -0.000155047 -0.000218368 -0.000293598 -0.000402553 -0.000533551 -0.000668504 -0.000794461 -0.000942506 -0.00111321 -0.0012629 -0.00137393 -0.0014421 -0.0014749 -0.00145832 -0.0013662 -0.00118329 -0.000923557 -0.000609805 -0.000250704 0.000148322 0.000552537 0.00093369 0.00125752 0.00152661 0.00172735 0.00183292 0.00186123 0.00181507 0.00172532 0.00161124 0.00151235 0.00142901 0.00136421 0.00134406 0.00138904 0.00150264 0.00166544 0.00186373 0.00210321 0.00237015 0.00265871 0.00296771 0.00324742 0.00348128 0.00364825 0.00373846 0.00371913 0.00357381 0.00327963 0.00283495 0.00224018 0.00152216 0.000703368 -0.000183236 -0.00110516 -0.00202429 -0.00289512 -0.00366576 -0.00431021 -0.00481123 -0.0051432 -0.00531328 -0.00533264 -0.00522186 -0.00499296 -0.00467139 -0.00427126 -0.00382806 -0.00336717 -0.00291202 -0.00247544 -0.0020849 -0.00172639 -0.00141695 -0.001154 -0.000935059 -0.00075514 -0.000613531 -0.000491729 -0.000405706 -0.000334355 -0.000276256 -0.000230165 -0.000202997 -0.000186558 -0.000190111 -0.000193555 -0.000209372 -0.00023828 -0.000278034 -0.000322637 -0.00039077 -0.000474887 -0.000598835 -0.00075142 -0.000932083 -0.00115024 -0.00141517 -0.00171595 -0.00207033 -0.00246097 -0.00289346 -0.00335295 -0.00381778 -0.00425735 -0.00465715 -0.00497708 -0.00519974 -0.00530766 -0.00528739 -0.00511372 -0.00477983 -0.0042758 -0.00362052 -0.00284128 -0.00196886 -0.00104673 -0.000125186 0.000753855 0.00156895 0.0022867 0.00288179 0.00333452 0.00363655 0.00378005 0.00379481 0.00370667 0.0035462 0.00331866 0.003055 0.00275694 0.00245863 0.00218267 0.00193187 0.00171755 0.00154234 0.00140761 0.00133169 0.00131307 0.00134759 0.00141647 0.00150147 0.00161366 0.00172097 0.00179262 0.00178192 0.00169741 0.00154182 0.0013233 0.00104358 0.000690784 0.000302152 -7.87888e-05 -0.000425342 -0.000727319 -0.000978884 -0.00116745 -0.0012766 -0.00130892 -0.00127754 -0.00120729 -0.00109745 -0.000961533 -0.000808871 -0.00066046 -0.000525233 -0.000384287 -0.000258251 -0.000160312 -8.91609e-05 -1.60112e-05 5.32611e-05 9.92524e-05 0.000119187 0.000125035 0.000153507 0.000185217 0.000185118 0.00016444 0.000172091 0.000200987 0.000201006 0.00018281 0.000179072 0.000200456 
0 7.46732e-06 2.20041e-05 2.47039e-05 4.00428e-05 4.29599e-05 4.82182e-05 3.84879e-05 4.56338e-05 4.11515e-05 7.40006e-06 -1.99467e-05 -5.98861e-05 -0.000111431 -0.00020399 -0.000309381 -0.000449116 -0.000611793 -0.000804912 -0.00105527 -0.00132421 -0.00160825 -0.00190648 -0.00222547 -0.00250956 -0.00274205 -0.00290758 -0.00297614 -0.00292466 -0.0027248 -0.00235969 -0.00184802 -0.00121989 -0.000492542 0.000298082 0.00111551 0.00187535 0.0025261 0.00304296 0.00342915 0.00365371 0.00370833 0.00362119 0.00343392 0.00321934 0.00301471 0.00283685 0.00272393 0.00271229 0.00280393 0.00301968 0.00332644 0.00371891 0.00418808 0.00472831 0.00531573 0.00589941 0.00643976 0.00688787 0.00721193 0.00738151 0.00734393 0.00704575 0.00644349 0.00554461 0.00437456 0.00293795 0.00133068 -0.000408145 -0.00223073 -0.00403383 -0.00574201 -0.00726806 -0.00854126 -0.00953614 -0.010204 -0.0105514 -0.0105985 -0.0103823 -0.00994814 -0.00931153 -0.00853148 -0.00766685 -0.00674909 -0.0058427 -0.00498501 -0.00418936 -0.00349078 -0.00288043 -0.00235405 -0.00192427 -0.00156182 -0.00125008 -0.00100917 -0.000816441 -0.000672557 -0.000572772 -0.000489133 -0.000439139 -0.000422984 -0.000405185 -0.00040763 -0.000428622 -0.000473788 -0.000562581 -0.000672616 -0.000807643 -0.00100283 -0.00124393 -0.00153953 -0.00190144 -0.00232941 -0.00285082 -0.00347478 -0.00417364 -0.00496156 -0.00582467 -0.00672306 -0.00763551 -0.00850561 -0.00927796 -0.00991224 -0.0103444 -0.0105484 -0.0104945 -0.0101412 -0.00947004 -0.00846414 -0.00717776 -0.00565006 -0.00393002 -0.00212783 -0.000310563 0.00144694 0.00305287 0.00448482 0.00566245 0.0065485 0.00714143 0.00744394 0.00749207 0.00733809 0.0070291 0.00659555 0.00605667 0.00547973 0.00491193 0.00437115 0.00387797 0.00344996 0.00309622 0.00281418 0.00265803 0.00262475 0.00268176 0.00280954 0.00300345 0.00322678 0.00343233 0.00355104 0.00355527 0.00341599 0.00310408 0.00264894 0.00206542 0.00137196 0.00060844 -0.000144582 -0.000847761 -0.00146821 -0.00197557 -0.00234035 -0.00255183 -0.00261068 -0.00255783 -0.00241262 -0.00219345 -0.00192317 -0.00161336 -0.0013227 -0.00104584 -0.000788686 -0.000539112 -0.000338494 -0.00017639 -3.209e-05 7.3629e-05 0.000171486 0.000235877 0.000284179 0.000313134 0.000351929 0.000372039 0.000367972 0.000383931 0.000389871 0.000393637 0.000385084 0.000390503 0.000388263 
0 8.36278e-06 2.47039e-05 4.27695e-05 4.49212e-05 5.92739e-05 6.17612e-05 5.78932e-05 5.98903e-05 4.61076e-05 1.80316e-05 -2.9658e-05 -8.6215e-05 -0.000184401 -0.000301964 -0.000453757 -0.000675013 -0.00093003 -0.00122586 -0.00157214 -0.00198744 -0.00242498 -0.00288355 -0.00334246 -0.00375225 -0.0041139 -0.00437388 -0.00447738 -0.00438419 -0.00407971 -0.0035498 -0.00279767 -0.0018526 -0.000756633 0.000437056 0.00163243 0.00276834 0.00375106 0.00455601 0.00513365 0.00543464 0.00552868 0.0054236 0.00517333 0.0048234 0.00450338 0.00425684 0.00410645 0.00409458 0.00424064 0.00455104 0.0050041 0.00558893 0.00630996 0.00710125 0.00792407 0.00877381 0.00953874 0.0101789 0.0106308 0.0108501 0.0107416 0.0102607 0.00935524 0.00802824 0.0062843 0.00419041 0.0018133 -0.000751093 -0.00340604 -0.0060428 -0.00854123 -0.0107664 -0.0126455 -0.0141232 -0.0151225 -0.0156541 -0.015746 -0.0154554 -0.0148218 -0.0139152 -0.0127796 -0.0115099 -0.0101762 -0.00884769 -0.00756811 -0.00641305 -0.00535401 -0.00443373 -0.00364518 -0.00298066 -0.00242473 -0.00197488 -0.0015913 -0.00131635 -0.00109851 -0.000929746 -0.000800234 -0.000723123 -0.000674954 -0.000674231 -0.000674293 -0.000711142 -0.000793946 -0.000921099 -0.00107518 -0.00129873 -0.00157228 -0.00195227 -0.0024126 -0.00295515 -0.0036092 -0.00440408 -0.00531417 -0.00637657 -0.00754094 -0.00881108 -0.0101422 -0.0114753 -0.0127301 -0.0138642 -0.0147709 -0.0153937 -0.0156768 -0.0155757 -0.0150239 -0.0140114 -0.012528 -0.0106345 -0.00840302 -0.0059072 -0.00325618 -0.000583662 0.00198508 0.00436695 0.00645709 0.00818298 0.00950517 0.0104173 0.0109002 0.0110157 0.010819 0.0103897 0.00975944 0.00902327 0.00819654 0.00736035 0.00656489 0.00582405 0.00518381 0.00466287 0.00426142 0.00401815 0.00393541 0.00402205 0.00423839 0.00451504 0.00484105 0.00512642 0.00531467 0.00530612 0.00509319 0.00463418 0.00394067 0.00306117 0.00201433 0.00089393 -0.000225044 -0.00128705 -0.00222552 -0.00297702 -0.00350965 -0.00382093 -0.00393112 -0.0038507 -0.00362801 -0.00328815 -0.00288892 -0.00244218 -0.00198878 -0.00157195 -0.00117313 -0.000823099 -0.000514171 -0.000254552 -3.75504e-05 0.000112555 0.000232456 0.000358258 0.00043536 0.000473594 0.000498866 0.00053537 0.00056457 0.000576421 0.00056886 0.000559759 0.000589883 0.000600975 0.000575258 
0 9.46704e-06 4.00428e-05 4.49212e-05 5.63722e-05 6.28036e-05 8.86976e-05 7.86716e-05 6.73539e-05 4.73184e-05 1.07744e-05 -2.83548e-05 -0.000128149 -0.000258923 -0.000425209 -0.000613143 -0.000900511 -0.00125648 -0.00164983 -0.00212133 -0.00265316 -0.00324229 -0.00385143 -0.00446522 -0.00501648 -0.00549493 -0.00584196 -0.00596815 -0.00584057 -0.00544894 -0.00476143 -0.00376436 -0.00249416 -0.00102549 0.000532437 0.0021156 0.0036167 0.00494457 0.00601185 0.00677869 0.00720363 0.00731688 0.0071825 0.00685679 0.00644248 0.0060271 0.00568081 0.00548785 0.00549829 0.00569495 0.00610729 0.00670324 0.00748463 0.00841633 0.00944631 0.0105148 0.0115539 0.0125086 0.0132942 0.0138306 0.0140415 0.0138319 0.0131315 0.0118941 0.0101405 0.00790165 0.00517613 0.00211127 -0.00120573 -0.00466077 -0.00806165 -0.0112693 -0.0141414 -0.0165646 -0.0184897 -0.0198238 -0.0205616 -0.0207272 -0.0203812 -0.0196032 -0.0184406 -0.0170006 -0.0153906 -0.0136727 -0.0119542 -0.0103024 -0.00875084 -0.00735743 -0.00612409 -0.00505491 -0.00417321 -0.00343319 -0.00280409 -0.00230893 -0.00191334 -0.00160948 -0.0013853 -0.00119927 -0.0010829 -0.00103819 -0.00101129 -0.00102725 -0.00108345 -0.00118924 -0.00137268 -0.00159915 -0.00188076 -0.00227575 -0.00277404 -0.00338978 -0.00413914 -0.00502347 -0.00608394 -0.00732828 -0.00871296 -0.0102473 -0.0119039 -0.0136134 -0.015329 -0.01695 -0.0183787 -0.0195322 -0.0203001 -0.0206258 -0.0204506 -0.019704 -0.0183627 -0.0164149 -0.0139618 -0.0110755 -0.00784164 -0.00444184 -0.00100487 0.0023254 0.00538163 0.00810422 0.0103644 0.012112 0.0133458 0.014055 0.0142757 0.0140824 0.0135697 0.0128163 0.011877 0.0108512 0.00980214 0.00875767 0.00777529 0.00692608 0.00624894 0.005726 0.00541302 0.00530207 0.0053748 0.0056234 0.00601785 0.00645416 0.0068215 0.00701786 0.00700966 0.00673687 0.0061191 0.00519208 0.00401248 0.00264301 0.00115276 -0.000341075 -0.00175832 -0.00299814 -0.00398152 -0.00467906 -0.00510496 -0.00525614 -0.00515724 -0.00483895 -0.00438046 -0.00385869 -0.00327289 -0.0026803 -0.00209448 -0.00156887 -0.00109814 -0.00070732 -0.000360991 -5.62937e-05 0.000147314 0.000316861 0.00045191 0.000565369 0.000621844 0.000671551 0.000708618 0.000727717 0.000759211 0.00075363 0.000757274 0.0007686 0.000789639 0.000771056 
0 1.85177e-05 4.29599e-05 5.92739e-05 6.28036e-05 8.57915e-05 9.85297e-05 9.12555e-05 7.9378e-05 5.01034e-05 6.00119e-06 -6.46096e-05 -0.000167813 -0.00033763 -0.000544692 -0.00079876 -0.00115257 -0.00158061 -0.00208857 -0.00267793 -0.00335357 -0.00407262 -0.00483607 -0.0056067 -0.00629968 -0.0068961 -0.00731863 -0.00748126 -0.00732951 -0.00683986 -0.00598061 -0.00474007 -0.0031652 -0.00134545 0.000610527 0.0025694 0.00444037 0.00608824 0.00743594 0.00839323 0.00890324 0.00906613 0.00892192 0.00854419 0.00801091 0.00750083 0.00710885 0.00689637 0.00691763 0.00717945 0.0076848 0.00841782 0.00936995 0.0105171 0.0117424 0.0129709 0.0141861 0.0152643 0.0161365 0.0166984 0.0168608 0.0164968 0.0155564 0.0139968 0.0118374 0.00908681 0.00581108 0.00210713 -0.00188158 -0.0059942 -0.0100524 -0.0138844 -0.0173169 -0.0202504 -0.022602 -0.0242575 -0.0252064 -0.025472 -0.0251249 -0.0242317 -0.0228947 -0.0211986 -0.0192771 -0.0172309 -0.0151616 -0.0131418 -0.0112688 -0.00953261 -0.0079928 -0.00665625 -0.00552286 -0.00456984 -0.00378467 -0.00312673 -0.00263428 -0.00224583 -0.00194241 -0.00170673 -0.00155804 -0.00147387 -0.00146296 -0.00147496 -0.00154779 -0.00169752 -0.00192622 -0.0022114 -0.00260152 -0.00309065 -0.00374433 -0.00454091 -0.00548343 -0.00660611 -0.00794534 -0.00947127 -0.0112074 -0.0130883 -0.0150989 -0.01717 -0.0192157 -0.0211221 -0.0228118 -0.0241416 -0.0250165 -0.0253502 -0.0250727 -0.0240989 -0.0224234 -0.0200586 -0.0171018 -0.013654 -0.00981417 -0.00573624 -0.00160812 0.00238209 0.00608845 0.00936256 0.0121003 0.0142572 0.015828 0.0167754 0.0171479 0.0170116 0.0164823 0.0156373 0.014605 0.0134195 0.0121713 0.0109252 0.00973267 0.00869195 0.00785234 0.00721161 0.00680239 0.00662996 0.00672268 0.00704845 0.00750749 0.00802839 0.0084654 0.00872787 0.00869593 0.00833182 0.00756259 0.00640495 0.00493854 0.00321527 0.00136585 -0.000490075 -0.00224705 -0.00378643 -0.00501241 -0.00588434 -0.00640434 -0.00659088 -0.00645851 -0.00607428 -0.00550434 -0.00484416 -0.0041152 -0.00336769 -0.00265664 -0.00198487 -0.00139946 -0.000900412 -0.000478315 -0.000108385 0.000174294 0.000386166 0.00055664 0.000669373 0.000767037 0.000849381 0.000888985 0.000894471 0.000924622 0.000962537 0.000958841 0.000952731 0.000958611 0.000970221 
0 1.90459e-05 4.82182e-05 6.17612e-05 8.86976e-05 9.85297e-05 0.000101149 8.5546e-05 8.80442e-05 6.16924e-05 -2.24269e-05 -0.000116652 -0.000240768 -0.000416464 -0.000682214 -0.00100988 -0.00143112 -0.00193337 -0.00253141 -0.00325776 -0.00406605 -0.00493189 -0.00583875 -0.00676138 -0.0075987 -0.00830677 -0.00881284 -0.00901601 -0.00884608 -0.00825846 -0.007218 -0.00573662 -0.00387554 -0.00171859 0.0006061 0.00297148 0.00520663 0.00716679 0.00874858 0.00989637 0.0105583 0.0107684 0.0106016 0.0101535 0.00956832 0.00899209 0.00853523 0.00830246 0.00835574 0.00867893 0.00928655 0.010146 0.011252 0.0125514 0.0139458 0.0153371 0.0166433 0.0177832 0.0186589 0.0191682 0.0192097 0.0186642 0.0174558 0.015551 0.0129852 0.0097988 0.00601459 0.00178707 -0.00275444 -0.00744479 -0.0120556 -0.016407 -0.0203317 -0.023698 -0.0264253 -0.0283919 -0.029566 -0.0299636 -0.0296506 -0.0287178 -0.0272486 -0.0253715 -0.023222 -0.0208952 -0.0185195 -0.0161895 -0.0139713 -0.0119279 -0.0100888 -0.00847362 -0.00710585 -0.00594311 -0.00495394 -0.00415267 -0.00351901 -0.0030308 -0.00266245 -0.0023708 -0.00218151 -0.00209113 -0.00205108 -0.00207091 -0.00215979 -0.00233871 -0.00263389 -0.00301288 -0.00349245 -0.00412454 -0.00491825 -0.00588666 -0.00704545 -0.00840845 -0.0100175 -0.0118679 -0.0139122 -0.0161238 -0.0184543 -0.0208161 -0.0231325 -0.0252819 -0.0271466 -0.0286053 -0.0295249 -0.0298169 -0.0294017 -0.0282042 -0.0262167 -0.0234628 -0.020071 -0.0161358 -0.0117605 -0.00713972 -0.00244952 0.00211513 0.00634655 0.0101302 0.0133222 0.0158699 0.0177675 0.0189915 0.0195649 0.0195592 0.0190863 0.0182469 0.017127 0.0158341 0.0144556 0.0130464 0.0116858 0.010474 0.00947524 0.00869487 0.0082011 0.00800294 0.00809135 0.00843813 0.00897459 0.0095709 0.0100756 0.0103506 0.0103107 0.00986674 0.0089307 0.00754238 0.00577971 0.00373039 0.00151586 -0.000694294 -0.00277656 -0.00460529 -0.00607686 -0.00712513 -0.0077364 -0.0079293 -0.00777048 -0.0073235 -0.00665752 -0.0058517 -0.00495491 -0.00407141 -0.00322923 -0.00244443 -0.00172021 -0.00111008 -0.000603455 -0.000174004 0.000157057 0.000436885 0.000643439 0.000789337 0.000891758 0.00099575 0.00105595 0.00106835 0.00110518 0.00113563 0.00114893 0.00113833 0.00114983 0.00115789 
0 1.67215e-05 3.84879e-05 5.78932e-05 7.86716e-05 9.12555e-05 8.5546e-05 7.35531e-05 7.12604e-05 3.48718e-05 -5.49884e-05 -0.000170133 -0.000313224 -0.000530789 -0.000837504 -0.0012255 -0.00171825 -0.00230959 -0.00302113 -0.00386553 -0.00481213 -0.00581783 -0.00687725 -0.00795252 -0.00893344 -0.00975231 -0.0103285 -0.0105691 -0.0103876 -0.00971255 -0.00850658 -0.00679383 -0.00464995 -0.00216638 0.000530913 0.00326734 0.00585926 0.0081314 0.00998343 0.0113335 0.0121192 0.0123916 0.012223 0.0117357 0.0110849 0.0104584 0.00997272 0.00971936 0.00977744 0.0101662 0.0108783 0.0118706 0.0131071 0.0145311 0.0160242 0.0174868 0.0188473 0.0199808 0.020787 0.0211629 0.0210111 0.0202149 0.0187133 0.0164789 0.013546 0.00995016 0.00575435 0.00108302 -0.00390865 -0.00903536 -0.0140819 -0.0188517 -0.0231655 -0.0269018 -0.0299581 -0.032209 -0.0336114 -0.034172 -0.0339505 -0.0330268 -0.0315081 -0.0295151 -0.0271938 -0.0246627 -0.022044 -0.0194376 -0.0169379 -0.0145851 -0.0124436 -0.0105493 -0.00892021 -0.00753361 -0.00636614 -0.00539961 -0.00464164 -0.00404442 -0.00357491 -0.00320911 -0.00296622 -0.0028372 -0.00280449 -0.002839 -0.00296227 -0.00319631 -0.00354997 -0.00400445 -0.00459354 -0.00534515 -0.00630702 -0.00747889 -0.00886518 -0.0104898 -0.01238 -0.0145099 -0.0168559 -0.0193538 -0.0219536 -0.0245681 -0.0270957 -0.0294085 -0.0313912 -0.0328964 -0.0337991 -0.0340006 -0.0334213 -0.0319904 -0.0297115 -0.0266304 -0.0228664 -0.0185319 -0.013742 -0.00867608 -0.00354016 0.00145551 0.00612743 0.0103244 0.0139203 0.0168543 0.0191022 0.0206218 0.0214376 0.0216202 0.0212811 0.0205124 0.0194205 0.018082 0.0166037 0.0150742 0.0135779 0.0122236 0.0110828 0.010191 0.0096123 0.00936987 0.00946547 0.00984684 0.0104156 0.0110649 0.0116271 0.0119393 0.0118517 0.0112847 0.0101811 0.00857503 0.00654073 0.00415531 0.00158416 -0.000977742 -0.00337505 -0.00547718 -0.00717592 -0.00839208 -0.00909776 -0.00931927 -0.00912674 -0.00860855 -0.00783565 -0.00689258 -0.00584968 -0.00481221 -0.00383221 -0.0029061 -0.00206378 -0.00134354 -0.000745074 -0.000245573 0.00014394 0.000458822 0.000714861 0.00089147 0.00100753 0.00110426 0.00118188 0.00123025 0.00126439 0.00128014 0.00129343 0.00132302 0.00134467 0.0013363 
0 2.02303e-05 4.56338e-05 5.98903e-05 6.73539e-05 7.9378e-05 8.80442e-05 7.12604e-05 3.24332e-05 -2.60892e-05 -0.000108647 -0.000231236 -0.000425529 -0.000701134 -0.00104428 -0.00147499 -0.00204218 -0.00274032 -0.00356242 -0.0045176 -0.005591 -0.00674653 -0.00796284 -0.00918721 -0.0103107 -0.0112463 -0.0119017 -0.0121751 -0.0119724 -0.0112158 -0.00985933 -0.0079224 -0.00548935 -0.00267458 0.000375059 0.00347107 0.00640648 0.00899048 0.0111014 0.0126481 0.0135696 0.0139026 0.0137376 0.0132237 0.0125437 0.0118839 0.0113701 0.011107 0.0111855 0.0116358 0.0124411 0.0135392 0.0148683 0.0163578 0.0178989 0.0193851 0.0207182 0.0217669 0.0224222 0.0225907 0.0221864 0.02111 0.0192981 0.0167318 0.0134495 0.00950206 0.00496504 -3.46176e-05 -0.00534472 -0.0107839 -0.016141 -0.0212147 -0.025829 -0.0298553 -0.0331835 -0.0356929 -0.0373251 -0.0380771 -0.0379959 -0.0371546 -0.0356569 -0.033628 -0.0312124 -0.0285372 -0.0257289 -0.0228973 -0.020139 -0.0175144 -0.0150942 -0.0129291 -0.0110443 -0.00942352 -0.00804542 -0.00690011 -0.00598804 -0.00526853 -0.00470251 -0.00426597 -0.00397123 -0.00381195 -0.0037652 -0.00380842 -0.00395951 -0.00424391 -0.00467112 -0.00522847 -0.00594131 -0.0068449 -0.00798088 -0.00935626 -0.0109756 -0.0128576 -0.0150188 -0.0174299 -0.0200475 -0.0228017 -0.0256264 -0.0284286 -0.0310984 -0.0335052 -0.0355214 -0.0370006 -0.0378175 -0.0378756 -0.0371023 -0.0354436 -0.032907 -0.0295505 -0.0254934 -0.0208515 -0.0157517 -0.0103752 -0.00492868 0.000384051 0.00538543 0.00992777 0.0138825 0.0171715 0.0197507 0.0215808 0.02268 0.023117 0.0229893 0.0223768 0.0213688 0.0200557 0.0185538 0.0169636 0.0153811 0.0139162 0.0126525 0.0116532 0.0109978 0.0107175 0.0108012 0.0111917 0.0117971 0.0124961 0.0131021 0.0134198 0.0132854 0.0126062 0.0113341 0.0095022 0.00718584 0.00448102 0.00156502 -0.00134426 -0.00406018 -0.00643103 -0.00833861 -0.00970417 -0.0105032 -0.0107602 -0.0105368 -0.00992661 -0.00903539 -0.00796799 -0.00679782 -0.00561155 -0.00447201 -0.00340836 -0.00245875 -0.00164618 -0.000952927 -0.000365368 9.44974e-05 0.00044955 0.000736415 0.000956759 0.00111051 0.00122062 0.00130522 0.0013744 0.00142413 0.00144109 0.00145614 0.00149407 0.0015207 0.00151068 
0 1.66213e-05 4.11515e-05 4.61076e-05 4.73184e-05 5.01034e-05 6.16924e-05 3.48718e-05 -2.60892e-05 -9.86531e-05 -0.000194729 -0.000340744 -0.000582087 -0.000893448 -0.00128125 -0.00177823 -0.00242879 -0.00322558 -0.00414751 -0.00522081 -0.00643073 -0.00775048 -0.00912179 -0.0104792 -0.0117357 -0.012798 -0.0135526 -0.0138624 -0.013627 -0.0127827 -0.0112867 -0.00914685 -0.00644008 -0.00329922 9.2759e-05 0.00354028 0.00680842 0.00970542 0.012072 0.0138102 0.0148758 0.0152868 0.0151551 0.0146305 0.0139278 0.013233 0.0127013 0.0124536 0.0125688 0.0130687 0.0139356 0.0150975 0.01648 0.0179881 0.0195211 0.0209626 0.0221778 0.0230566 0.0234809 0.0233752 0.0226663 0.0212805 0.0191492 0.0162631 0.0126605 0.00841778 0.00361296 -0.00160705 -0.00710643 -0.0127251 -0.0182621 -0.0235266 -0.0283531 -0.0325957 -0.0361395 -0.038872 -0.0407225 -0.041684 -0.0417871 -0.0410989 -0.039698 -0.0377134 -0.0352783 -0.0325226 -0.0295821 -0.0265813 -0.0236031 -0.0207475 -0.0180735 -0.0156465 -0.0135053 -0.01164 -0.0100308 -0.00869666 -0.00761147 -0.00675726 -0.00608858 -0.00557516 -0.00522249 -0.00503344 -0.00496302 -0.00501689 -0.0051982 -0.00553508 -0.00604463 -0.00672068 -0.00756913 -0.0086493 -0.00997284 -0.0115614 -0.0134208 -0.015556 -0.0179724 -0.0206494 -0.0235038 -0.0264778 -0.029479 -0.0324056 -0.0351449 -0.0375688 -0.0395347 -0.0409171 -0.0415868 -0.0414597 -0.0404702 -0.0385881 -0.0358238 -0.0322463 -0.0279777 -0.0231318 -0.0178391 -0.0122826 -0.00665055 -0.00112939 0.00409912 0.00890735 0.0131575 0.0167587 0.0196505 0.0218052 0.0232284 0.0239814 0.0241331 0.0237548 0.0229006 0.0216905 0.0202386 0.0186507 0.0170378 0.0155063 0.0141532 0.0130631 0.0123338 0.0120157 0.0120873 0.0124884 0.0131306 0.0138549 0.0144734 0.014767 0.0145849 0.0138009 0.0123574 0.0102838 0.00766554 0.00464995 0.00141594 -0.0018143 -0.0048415 -0.00748449 -0.00959858 -0.0111012 -0.0119791 -0.0122604 -0.0120107 -0.011315 -0.0103084 -0.00911007 -0.0078034 -0.00646777 -0.00516912 -0.003979 -0.00291506 -0.00199522 -0.00119976 -0.000533964 -8.79839e-06 0.000404473 0.000723527 0.000980209 0.00117038 0.00131363 0.00140647 0.001474 0.00154194 0.00158631 0.00161534 0.00163256 0.0016602 0.00168136 
0 4.87817e-06 7.40006e-06 1.80316e-05 1.07744e-05 6.00119e-06 -2.24269e-05 -5.49884e-05 -0.000108647 -0.000194729 -0.000327237 -0.000525924 -0.000775596 -0.00111798 -0.00156397 -0.00215544 -0.00288548 -0.00376318 -0.00480299 -0.00600115 -0.00736261 -0.00883513 -0.0103627 -0.0118566 -0.0132488 -0.0144369 -0.0152811 -0.0156301 -0.0153753 -0.0144497 -0.0128216 -0.0104899 -0.00752461 -0.00408053 -0.000349882 0.00341785 0.00701516 0.0102211 0.0128643 0.0148021 0.0159962 0.0165107 0.0164415 0.015946 0.0152191 0.0144976 0.0139669 0.0137343 0.0138685 0.0144091 0.0153023 0.0164931 0.0178812 0.0193695 0.0208225 0.0221191 0.0231531 0.0237801 0.0239087 0.0234724 0.0224093 0.0206645 0.0182017 0.0150209 0.0111598 0.00668169 0.00172201 -0.00362856 -0.00921689 -0.0148879 -0.020494 -0.0258462 -0.030775 -0.0351599 -0.0388596 -0.0417744 -0.0438319 -0.0450152 -0.0453421 -0.0448506 -0.0436239 -0.0417562 -0.0393736 -0.0366232 -0.0336247 -0.0304998 -0.0273691 -0.0242977 -0.0213865 -0.0187147 -0.0163105 -0.0141971 -0.012379 -0.0108323 -0.00957925 -0.00857396 -0.00776873 -0.00716265 -0.00674261 -0.00649616 -0.00642998 -0.00649717 -0.00672396 -0.00713786 -0.00773013 -0.0085168 -0.00952403 -0.0107645 -0.012298 -0.0141207 -0.016224 -0.0186222 -0.0212939 -0.0241861 -0.0272508 -0.0303825 -0.0334937 -0.0364875 -0.0392278 -0.0415876 -0.0434413 -0.0446501 -0.0451174 -0.0447664 -0.0435526 -0.041458 -0.0385025 -0.0347739 -0.0303617 -0.0254013 -0.020035 -0.0144038 -0.00870421 -0.0031125 0.00225153 0.00722147 0.0116972 0.0155758 0.0187823 0.0212725 0.0230506 0.024159 0.0246425 0.0245439 0.0239487 0.0229234 0.0215852 0.020062 0.0184633 0.0169136 0.0155182 0.0143964 0.0136175 0.0132496 0.0133084 0.0137296 0.0143828 0.015113 0.0157102 0.0159772 0.0157147 0.0148033 0.0131868 0.0108706 0.00796656 0.00463559 0.00110215 -0.00243557 -0.00575687 -0.008658 -0.0109695 -0.0126051 -0.0135539 -0.0138549 -0.0135685 -0.0128021 -0.0116838 -0.0103405 -0.00888739 -0.00739456 -0.00595889 -0.00462562 -0.00344131 -0.0023929 -0.0014967 -0.000767568 -0.000173801 0.000295579 0.000675825 0.000950555 0.00116872 0.00133704 0.00145704 0.00153953 0.00160552 0.00168387 0.00172614 0.00175293 0.00177904 0.0018315 
0 -9.68011e-06 -1.99467e-05 -2.9658e-05 -2.83548e-05 -6.46096e-05 -0.000116652 -0.000170133 -0.000231236 -0.000340744 -0.000525924 -0.00075082 -0.00104207 -0.00142549 -0.00195572 -0.00262283 -0.00342105 -0.00440048 -0.00556366 -0.00690803 -0.0083952 -0.0100142 -0.0116947 -0.0133506 -0.0148985 -0.0161958 -0.01711 -0.0175016 -0.0172489 -0.0162652 -0.0145013 -0.0119712 -0.00875397 -0.0050172 -0.000991372 0.00311054 0.00702456 0.0105395 0.0134312 0.0155724 0.0169391 0.0175424 0.0175329 0.0170739 0.0163894 0.0156627 0.0151094 0.0148857 0.0150473 0.0155937 0.0164888 0.017656 0.0189983 0.0203781 0.0216856 0.0227877 0.0235277 0.023842 0.023626 0.0228187 0.02137 0.0192641 0.0164644 0.0130065 0.00893088 0.00432723 -0.000724542 -0.00608955 -0.0116567 -0.0173 -0.0228603 -0.028179 -0.0331279 -0.0375571 -0.0413505 -0.0444187 -0.0466703 -0.0480837 -0.0486544 -0.0484171 -0.0474083 -0.045732 -0.0434888 -0.0408047 -0.0378116 -0.0346416 -0.0313725 -0.028151 -0.0250395 -0.0221336 -0.019495 -0.0171418 -0.0150742 -0.0133329 -0.0118701 -0.010695 -0.00976283 -0.00905181 -0.0085533 -0.00827812 -0.00817385 -0.0082668 -0.00854242 -0.00902092 -0.00971827 -0.0106492 -0.0118026 -0.0132549 -0.0149914 -0.0170398 -0.0193987 -0.022041 -0.0249322 -0.0280439 -0.0312502 -0.034497 -0.0376652 -0.0406451 -0.0433158 -0.045554 -0.0472097 -0.0481923 -0.0484041 -0.0478001 -0.0463487 -0.0440685 -0.0409744 -0.0371421 -0.0326796 -0.0276977 -0.0223372 -0.0167601 -0.0111122 -0.00552974 -0.000160211 0.00490047 0.00953477 0.0136387 0.0171182 0.0199479 0.0220937 0.0235786 0.0244266 0.0246911 0.0243893 0.0236383 0.0225138 0.0211167 0.0195909 0.0180702 0.0166912 0.0155635 0.0147741 0.0143949 0.0144215 0.0148175 0.0154956 0.0162334 0.0168139 0.0169996 0.0166528 0.0156091 0.0138002 0.0112494 0.00806225 0.00444795 0.000595201 -0.00325232 -0.00685187 -0.00998207 -0.012471 -0.0142366 -0.0152602 -0.015567 -0.0152413 -0.0143922 -0.0131678 -0.0116807 -0.0100724 -0.00844644 -0.00686166 -0.00539354 -0.00406063 -0.00290419 -0.00191666 -0.00110353 -0.000434112 0.000115718 0.00053613 0.000865086 0.00110556 0.00130356 0.00146049 0.00157364 0.0016564 0.00172497 0.00180118 0.00184834 0.00189447 0.00194195 
0 -1.97773e-05 -5.98861e-05 -8.6215e-05 -0.000128149 -0.000167813 -0.000240768 -0.000313224 -0.000425529 -0.000582087 -0.000775596 -0.00104207 -0.00138438 -0.00185496 -0.00244078 -0.00317901 -0.00406713 -0.00515675 -0.00645915 -0.00793181 -0.0095673 -0.0113267 -0.0131685 -0.0149912 -0.0166924 -0.0180997 -0.0190859 -0.0195291 -0.0192898 -0.0182393 -0.0163456 -0.0136333 -0.0101874 -0.00618853 -0.00184151 0.0025687 0.00680048 0.0105971 0.013756 0.016111 0.0176289 0.0183707 0.0184509 0.0180453 0.0173616 0.016644 0.0161165 0.0159008 0.0160462 0.0165826 0.0174206 0.0185141 0.0197401 0.0209705 0.0220466 0.0228392 0.0232492 0.0231753 0.0225623 0.0213621 0.0195259 0.0170509 0.0139479 0.0102601 0.00603432 0.00133315 -0.00369896 -0.00901302 -0.0144715 -0.0199508 -0.0253635 -0.0305663 -0.0354265 -0.0398472 -0.0436785 -0.0468454 -0.0492654 -0.0509039 -0.0517438 -0.0517876 -0.0510684 -0.0496371 -0.0475789 -0.045033 -0.0421084 -0.0389309 -0.0356288 -0.0322897 -0.0290233 -0.0259292 -0.0230476 -0.0204426 -0.0181542 -0.0161663 -0.0145116 -0.0131614 -0.0120729 -0.0112622 -0.0106913 -0.0103426 -0.0102406 -0.0103373 -0.0106586 -0.0112272 -0.0120248 -0.0130933 -0.0144501 -0.0160923 -0.0180672 -0.0203577 -0.0229414 -0.0258095 -0.0289009 -0.0321478 -0.0354833 -0.038789 -0.0419542 -0.0448738 -0.0474034 -0.0494272 -0.0508336 -0.0515287 -0.0514594 -0.0505929 -0.0489207 -0.0464635 -0.0432533 -0.0393947 -0.0349467 -0.0300475 -0.0248307 -0.0193871 -0.0138661 -0.00840022 -0.00306465 0.00198299 0.00668472 0.0109414 0.0146666 0.0178054 0.0203174 0.0221991 0.0234487 0.0240891 0.0241884 0.0237726 0.0229091 0.0217223 0.0203463 0.0189318 0.0176081 0.0165306 0.0157465 0.015349 0.0153847 0.0158074 0.0164689 0.017176 0.0177074 0.0178535 0.0173862 0.0161684 0.0141632 0.011377 0.00793042 0.00400319 -0.000151447 -0.00429456 -0.00814286 -0.0114863 -0.0141543 -0.0160459 -0.0171284 -0.0174369 -0.0170594 -0.0161342 -0.0147991 -0.0131708 -0.0114142 -0.00962715 -0.00790769 -0.00628318 -0.0048209 -0.00354068 -0.00246011 -0.00155745 -0.000783129 -0.000180054 0.000298286 0.000668636 0.00097427 0.00119503 0.00137673 0.00153688 0.00163721 0.00172661 0.00180524 0.00189917 0.00195833 0.00201136 
0 -5.15032e-05 -0.000111431 -0.000184401 -0.000258923 -0.00033763 -0.000416464 -0.000530789 -0.000701134 -0.000893448 -0.00111798 -0.00142549 -0.00185496 -0.00238007 -0.00303226 -0.00385956 -0.00486272 -0.00607147 -0.00748504 -0.00910357 -0.010893 -0.0128242 -0.0148252 -0.0167964 -0.0186394 -0.0201717 -0.0212562 -0.0217553 -0.0215094 -0.0204017 -0.0183895 -0.0155132 -0.011863 -0.00761121 -0.00298363 0.00176087 0.00629226 0.0103628 0.0137531 0.0163395 0.0180847 0.0189665 0.0191305 0.0187829 0.0181709 0.0174804 0.0169392 0.0167092 0.0168312 0.0172957 0.0180445 0.0189979 0.0200407 0.0210211 0.0218152 0.022279 0.0222694 0.0217685 0.0207249 0.0191013 0.016873 0.0140625 0.0106742 0.00678951 0.00246344 -0.00221637 -0.00717301 -0.0123247 -0.0175853 -0.0228591 -0.028044 -0.0330341 -0.0377484 -0.0420639 -0.0458728 -0.0491073 -0.0516683 -0.0535157 -0.0546144 -0.0549607 -0.0545472 -0.0534211 -0.0516346 -0.0492905 -0.0465029 -0.0433989 -0.0400703 -0.0366792 -0.0332985 -0.0300346 -0.0269618 -0.0241362 -0.0215992 -0.0194013 -0.0175136 -0.0159665 -0.0147311 -0.0137985 -0.0131385 -0.0127516 -0.0126055 -0.0127271 -0.0131051 -0.0137513 -0.0146767 -0.0159152 -0.0174472 -0.0193233 -0.0215125 -0.0240221 -0.026838 -0.0299072 -0.0331589 -0.0365456 -0.0399293 -0.0432374 -0.0463332 -0.0491004 -0.0514206 -0.0531905 -0.0542921 -0.0546797 -0.0543104 -0.0531795 -0.0512878 -0.0486902 -0.045422 -0.0415704 -0.037223 -0.0324782 -0.0274545 -0.0222529 -0.0169635 -0.0116761 -0.00649946 -0.00151998 0.00319144 0.00755031 0.0114586 0.0148845 0.0177526 0.0200288 0.0216942 0.0227713 0.0232557 0.0232198 0.0227031 0.0218005 0.0206602 0.0194175 0.0182215 0.0172137 0.0164932 0.0161553 0.0162048 0.0166056 0.0172586 0.0179308 0.0184045 0.0184349 0.0178445 0.0164606 0.0142422 0.0112142 0.00748303 0.00328045 -0.00117146 -0.00558607 -0.00967378 -0.0132192 -0.0160548 -0.0180677 -0.0191986 -0.0194916 -0.0190678 -0.0180587 -0.0166117 -0.0148458 -0.012933 -0.010985 -0.00909355 -0.00734391 -0.00574834 -0.00433929 -0.00313303 -0.00213082 -0.00128529 -0.000604058 -7.8989e-05 0.000363725 0.00071835 0.000979354 0.00118435 0.00137326 0.00152518 0.00163804 0.00175011 0.00185098 0.00194437 0.00202949 
0 -0.000100166 -0.00020399 -0.000301964 -0.000425209 -0.000544692 -0.000682214 -0.000837504 -0.00104428 -0.00128125 -0.00156397 -0.00195572 -0.00244078 -0.00303226 -0.00376504 -0.00470702 -0.00582874 -0.00715387 -0.00870449 -0.0104628 -0.0124185 -0.0145263 -0.0166986 -0.0188141 -0.0207931 -0.0224597 -0.023646 -0.0241915 -0.023948 -0.022789 -0.0206795 -0.0176525 -0.0137987 -0.00930471 -0.00439092 0.00062999 0.0054583 0.0098159 0.0134819 0.0163001 0.0182302 0.0192827 0.0195708 0.0193094 0.0187412 0.0180831 0.0175506 0.0172732 0.0173001 0.0176642 0.018271 0.0190422 0.0198316 0.0205005 0.0209134 0.0209549 0.020528 0.0195801 0.0180921 0.0160488 0.0134381 0.0103056 0.00669771 0.00269231 -0.00165089 -0.00626872 -0.0110579 -0.0160046 -0.0210092 -0.0259796 -0.0308637 -0.0355785 -0.04005 -0.0442121 -0.0479447 -0.0511943 -0.0538696 -0.0559091 -0.0572618 -0.0579057 -0.0578237 -0.0570263 -0.055545 -0.0534728 -0.0508945 -0.0479193 -0.0446652 -0.0412561 -0.0377989 -0.0344069 -0.0311477 -0.0281151 -0.0253807 -0.0229555 -0.020865 -0.0191179 -0.0176976 -0.0166288 -0.0158688 -0.0154038 -0.015257 -0.0154035 -0.0158518 -0.0166061 -0.0176512 -0.0190392 -0.0207733 -0.0228476 -0.0252697 -0.0280109 -0.0310339 -0.0342853 -0.0376674 -0.0411028 -0.0444949 -0.0477337 -0.0506929 -0.0532628 -0.0553218 -0.0567785 -0.0575491 -0.0576009 -0.0569252 -0.0555355 -0.0534557 -0.0507427 -0.047451 -0.0436884 -0.0394975 -0.0349847 -0.0302477 -0.0253328 -0.020325 -0.0153097 -0.0103392 -0.00552412 -0.00088353 0.00351011 0.00756963 0.0112286 0.014405 0.0170516 0.019127 0.0206284 0.0215765 0.0219678 0.0218299 0.0212749 0.0204326 0.0194354 0.0184207 0.0175696 0.0169594 0.0166944 0.0167992 0.0172247 0.017842 0.0184531 0.018848 0.018796 0.0180463 0.0164487 0.0140017 0.0107304 0.00674181 0.00224471 -0.00247993 -0.00715833 -0.0114817 -0.0152236 -0.018203 -0.0203081 -0.0214884 -0.0217836 -0.0213118 -0.0202145 -0.0186382 -0.0167313 -0.0146809 -0.0125677 -0.0105052 -0.00859498 -0.00688136 -0.00533513 -0.0039919 -0.00288632 -0.00196015 -0.00120914 -0.000592055 -9.32127e-05 0.00031623 0.000621771 0.000872652 0.00109982 0.00128122 0.00145108 0.0015915 0.00171722 0.0018313 0.00196842 
0 -0.000155047 -0.000309381 -0.000453757 -0.000613143 -0.00079876 -0.00100988 -0.0012255 -0.00147499 -0.00177823 -0.00215544 -0.00262283 -0.00317901 -0.00385956 -0.00470702 -0.00575142 -0.00698099 -0.00844501 -0.0101478 -0.0120532 -0.0141607 -0.0164438 -0.0187888 -0.0210636 -0.0231941 -0.0249947 -0.0262725 -0.0268697 -0.0266358 -0.0254448 -0.0232477 -0.0200756 -0.0160174 -0.0112778 -0.00611393 -0.000817925 0.00429951 0.0089492 0.012879 0.0159397 0.0180838 0.0192985 0.0197139 0.0195603 0.0190736 0.0184437 0.017883 0.0175356 0.0174532 0.0176574 0.0180688 0.0185805 0.0190435 0.0193209 0.0193119 0.0189136 0.0180223 0.016615 0.0146878 0.0122399 0.00929329 0.00591188 0.00214127 -0.00193222 -0.00624328 -0.0107221 -0.0152991 -0.0199586 -0.0246373 -0.0292649 -0.0337936 -0.0381714 -0.0423602 -0.0462956 -0.0498965 -0.0531195 -0.0558694 -0.0580717 -0.0596607 -0.0605993 -0.0608524 -0.0604115 -0.0592805 -0.0575181 -0.0551974 -0.0524129 -0.0492721 -0.0459208 -0.0424559 -0.0389872 -0.0355987 -0.0323871 -0.0294385 -0.0267958 -0.0244778 -0.0225251 -0.0209422 -0.0197437 -0.0188892 -0.0183662 -0.0181826 -0.0183443 -0.0188502 -0.0196974 -0.0208857 -0.022458 -0.0243985 -0.0267012 -0.0293339 -0.0322658 -0.0354603 -0.0388394 -0.042298 -0.0457582 -0.0491006 -0.0522221 -0.0549892 -0.0572902 -0.0590294 -0.0601371 -0.0605492 -0.0602616 -0.0592888 -0.0576623 -0.0554193 -0.0526365 -0.0493798 -0.0457426 -0.0417741 -0.0375449 -0.0331316 -0.0285741 -0.0239197 -0.0192216 -0.0145329 -0.00992093 -0.00540093 -0.00103726 0.00308119 0.00690089 0.0103345 0.0133176 0.0157942 0.0177342 0.0191191 0.0199525 0.020252 0.020109 0.0196393 0.0189502 0.0181874 0.0175313 0.0170898 0.0169571 0.0171332 0.0175712 0.0181732 0.0187418 0.019052 0.0188586 0.0179394 0.0161425 0.013456 0.00991998 0.00565072 0.000882782 -0.004112 -0.00904334 -0.013604 -0.0175367 -0.0206353 -0.0228088 -0.0240316 -0.0243348 -0.0238125 -0.0226135 -0.0209059 -0.0188566 -0.0166633 -0.0144089 -0.0121815 -0.0101033 -0.00823909 -0.00657267 -0.00511389 -0.00388985 -0.00285924 -0.0020079 -0.00130938 -0.000739082 -0.00027463 0.000101169 0.000423151 0.000695006 0.000910871 0.00111955 0.00131557 0.00147431 0.00162013 0.00178877 
0 -0.000218368 -0.000449116 -0.000675013 -0.000900511 -0.00115257 -0.00143112 -0.00171825 -0.00204218 -0.00242879 -0.00288548 -0.00342105 -0.00406713 -0.00486272 -0.00582874 -0.00698099 -0.00833712 -0.00995105 -0.0118142 -0.0138892 -0.0161715 -0.0186256 -0.0211368 -0.0235859 -0.0258754 -0.0278013 -0.0291702 -0.029826 -0.0296004 -0.0283694 -0.0260958 -0.0227995 -0.0185551 -0.0135827 -0.00817085 -0.0026089 0.00279188 0.00773451 0.0119466 0.0152628 0.0176288 0.0190421 0.0196264 0.0195854 0.0191515 0.0185309 0.0179344 0.0174942 0.0172568 0.0172387 0.0173757 0.01756 0.0176456 0.0174944 0.0170227 0.0161497 0.0147868 0.0129264 0.0105783 0.00776202 0.00452849 0.000958482 -0.00289712 -0.00696216 -0.0111778 -0.0154723 -0.0197879 -0.0241131 -0.0284107 -0.0326353 -0.0367631 -0.0407721 -0.0446393 -0.0483119 -0.0517346 -0.0548749 -0.0576496 -0.0599754 -0.0617715 -0.0629873 -0.0635696 -0.0634879 -0.0627254 -0.0613134 -0.0593043 -0.0567741 -0.0538188 -0.0505819 -0.0471587 -0.0436568 -0.0401726 -0.0368172 -0.0336913 -0.0308534 -0.0283293 -0.026176 -0.0244187 -0.0230757 -0.022113 -0.0215218 -0.0213122 -0.021499 -0.0220736 -0.023025 -0.0243553 -0.0261017 -0.0282421 -0.0307548 -0.033586 -0.036694 -0.0400295 -0.0434971 -0.0469812 -0.0503984 -0.0536289 -0.0565699 -0.0590864 -0.0610722 -0.0624538 -0.0631851 -0.0632315 -0.0626142 -0.061367 -0.0595386 -0.0571753 -0.0543618 -0.0511794 -0.0477139 -0.0440087 -0.0401126 -0.0360755 -0.0319186 -0.0276602 -0.0233273 -0.018961 -0.0146046 -0.0102676 -0.00600291 -0.001892 0.00201799 0.0056473 0.00892038 0.0117602 0.0141099 0.0159274 0.0172081 0.0179602 0.0182642 0.0182218 0.0179155 0.0174812 0.0170939 0.0168703 0.0168993 0.01719 0.0176952 0.0182995 0.0188018 0.018993 0.018638 0.017528 0.0155182 0.0125851 0.00876848 0.00420616 -0.000840516 -0.00609449 -0.0112586 -0.0160306 -0.0201459 -0.0233799 -0.025629 -0.0268828 -0.0271797 -0.0266047 -0.0253132 -0.0234895 -0.0212999 -0.0189355 -0.0165158 -0.0141369 -0.0118982 -0.00985918 -0.00804774 -0.00647973 -0.00514044 -0.003986 -0.00302897 -0.00225898 -0.0016213 -0.00108685 -0.000640384 -0.000254432 7.27159e-05 0.000337614 0.000588839 0.000841588 0.00106133 0.00125887 0.00146117 
0 -0.000293598 -0.000611793 -0.00093003 -0.00125648 -0.00158061 -0.00193337 -0.00230959 -0.00274032 -0.00322558 -0.00376318 -0.00440048 -0.00515675 -0.00607147 -0.00715387 -0.00844501 -0.00995105 -0.0117032 -0.0137257 -0.0159871 -0.0184599 -0.021078 -0.0237587 -0.0263895 -0.0288303 -0.0308763 -0.032345 -0.0330628 -0.032851 -0.0315805 -0.0292284 -0.0258034 -0.0213879 -0.0162104 -0.0105457 -0.00471957 0.000967469 0.00619651 0.0107011 0.0142835 0.0168745 0.0185067 0.0192733 0.0193606 0.0189805 0.0183548 0.0176897 0.0171136 0.0166734 0.0163882 0.0161847 0.0159816 0.0156314 0.0150208 0.0140679 0.0127087 0.0108969 0.00861248 0.00588878 0.00276414 -0.000695286 -0.00439655 -0.00826571 -0.0122512 -0.0162967 -0.0203528 -0.0243489 -0.0283077 -0.0321951 -0.0359826 -0.0396848 -0.0432997 -0.0468034 -0.050185 -0.0533921 -0.056407 -0.0591666 -0.0615697 -0.063529 -0.0649828 -0.0658727 -0.066146 -0.0657706 -0.0647505 -0.063104 -0.0608759 -0.0581675 -0.0550878 -0.0517571 -0.048279 -0.0447501 -0.0413007 -0.0380486 -0.0350343 -0.0323286 -0.0299808 -0.0280412 -0.0265485 -0.0254745 -0.0248033 -0.0245814 -0.0247935 -0.025443 -0.0265105 -0.0279841 -0.0298943 -0.0322289 -0.0349153 -0.0379174 -0.0411688 -0.0446033 -0.0481206 -0.0515902 -0.0549001 -0.0579612 -0.0606487 -0.0628484 -0.0644719 -0.0654706 -0.0658207 -0.0655188 -0.0645944 -0.0630999 -0.0610957 -0.0586544 -0.0558566 -0.052795 -0.0495547 -0.0461402 -0.0425983 -0.0389626 -0.0352266 -0.0313986 -0.027486 -0.0234822 -0.0194334 -0.015328 -0.0112202 -0.00717366 -0.00324508 0.000505166 0.00399705 0.0071337 0.00983083 0.0120609 0.0137819 0.0149996 0.0157759 0.0161853 0.0163108 0.0162653 0.016226 0.0162879 0.0165239 0.0169582 0.0175541 0.0181735 0.0186166 0.0186754 0.0181546 0.0168302 0.0145853 0.0113947 0.00728857 0.00243454 -0.00290154 -0.00840993 -0.0138108 -0.0187824 -0.0230597 -0.0264316 -0.0287715 -0.0300517 -0.0303205 -0.0296888 -0.02832 -0.0263879 -0.0240645 -0.0215299 -0.0189267 -0.0163974 -0.0140144 -0.0118207 -0.00984063 -0.00813643 -0.00668338 -0.0054152 -0.00435862 -0.003491 -0.00276837 -0.00214132 -0.00162886 -0.00118682 -0.000787339 -0.000449223 -0.000136891 0.000154918 0.0004402 0.000695716 0.000946199 
