0 0 0 0 0 0 0 0 0 0 0 0 0 0 0 0 0 0 0 0 0 0 0 0 0 0 0 0 0 0 0 0 0 0 0 0 0 0 0 0 0 0 0 0 0 0 0 0 0 0 0 0 0 0 0 0 0 0 0 0 0 0 0 0 0 0 0 0 0 0 0 0 0 0 0 0 0 0 0 0 0 0 0 0 0 0 0 0 0 0 0 0 0 0 0 0 0 0 0 0 0 0 0 0 0 0 0 0 0 0 0 0 0 0 0 0 0 0 0 0 0 0 0 0 0 0 0 0 0 0 0 0 0 0 0 0 0 0 0 0 0 0 0 0 0 0 0 0 0 0 0 0 0 0 0 0 0 0 0 0 0 0 0 0 0 0 0 0 0 0 0 0 0 0 0 0 0 0 0 0 0 0 0 0 0 0 0 0 0 0 0 0 0 0 0 0 0 0 0 0 
0 3.70365e-05 4.06144e-05 3.62894e-05 5.28352e-05 9.04025e-05 0.000115203 0.000118994 0.000113196 0.000132203 0.000175034 0.000199284 0.000196641 0.000201652 0.000236252 0.000279241 0.000311853 0.000327618 0.000345715 0.000388462 0.000454752 0.000506626 0.000544734 0.00059458 0.000672849 0.000776781 0.000883651 0.000994782 0.0011149 0.00127439 0.00146526 0.00167546 0.00188414 0.00208057 0.00227927 0.00247187 0.002634 0.00273368 0.00275276 0.00266695 0.0024831 0.00220257 0.00182273 0.00133099 0.000747733 9.66167e-05 -0.000586028 -0.00125265 -0.0018835 -0.00245113 -0.00295746 -0.00338906 -0.00371686 -0.00393683 -0.00406164 -0.00409275 -0.00405054 -0.00395053 -0.00381729 -0.0036421 -0.00342454 -0.00316609 -0.00286455 -0.00254264 -0.00220993 -0.00188683 -0.00158607 -0.00130663 -0.00105616 -0.000826207 -0.000618803 -0.000461926 -0.000330383 -0.000224814 -0.000147109 -8.33807e-05 -3.3754e-05 7.9485e-07 2.92334e-05 4.26861e-05 4.9265e-05 5.35248e-05 5.91051e-05 6.15049e-05 5.72878e-05 5.23335e-05 5.35491e-05 5.35271e-05 5.33584e-05 5.19666e-05 4.62814e-05 4.72325e-05 5.246e-05 5.02561e-05 5.21864e-05 5.34149e-05 4.84566e-05 5.12154e-05 4.93687e-05 4.4715e-05 5.13763e-05 5.41003e-05 5.60148e-05 6.15187e-05 5.7135e-05 5.62915e-05 6.16326e-05 6.1763e-05 6.34458e-05 6.50695e-05 6.50865e-05 7.18732e-05 7.9352e-05 7.90721e-05 7.8475e-05 8.1342e-05 8.87872e-05 9.60304e-05 9.62006e-05 9.05697e-05 8.62633e-05 8.24296e-05 7.9045e-05 5.98961e-05 3.42333e-05 1.05772e-06 -5.78424e-05 -0.000137447 -0.00024063 -0.000384625 -0.000549289 -0.00075431 -0.000999785 -0.00127472 -0.00158807 -0.00193383 -0.00229635 -0.00265702 -0.00298842 -0.00329346 -0.00355157 -0.00375314 -0.00390979 -0.00401404 -0.00406314 -0.0040483 -0.00396997 -0.00380749 -0.00354878 -0.00319694 -0.0027587 -0.00224003 -0.00165722 -0.00101716 -0.000359364 0.000299822 0.000938006 0.00151629 0.00200585 0.00238528 0.00265501 0.00282097 0.00289322 0.00287167 0.0027784 0.00262325 0.00243085 0.00222285 0.00202327 0.00182432 0.00162942 0.00145517 0.00129621 0.00116514 0.00105519 0.000964171 0.00087867 0.00080346 0.000742685 0.000696248 0.000657627 0.000617432 0.000580948 0.000554128 0.000533388 0.000515553 0.00050124 0.00047973 0.00046545 0.000460583 0.000459482 0.000445882 0.00043289 0.000428776 0.000423914 0.000425732 0.000417 0.000404988 0.000396897 0.000404661 
0 4.06144e-05 5.99048e-05 7.84975e-05 0.000114593 0.000152026 0.000186632 0.000220374 0.000244174 0.000280493 0.00033481 0.000379128 0.000406897 0.000446318 0.000504749 0.000557399 0.000612532 0.000669042 0.000722187 0.000799711 0.000895706 0.000993373 0.00108825 0.00121172 0.00137367 0.00155516 0.00177155 0.00200057 0.0022751 0.00259596 0.002959 0.00335924 0.00375762 0.00416653 0.00455889 0.00493539 0.00522479 0.00539436 0.00542246 0.00525308 0.00488743 0.00432246 0.00354744 0.00256104 0.00139286 0.000109621 -0.00120895 -0.00252005 -0.00376505 -0.00490806 -0.00588145 -0.00670018 -0.00733335 -0.00775944 -0.0079952 -0.00806019 -0.00799918 -0.00783061 -0.00756916 -0.00723086 -0.00681462 -0.0062941 -0.00572207 -0.00510549 -0.00445907 -0.00380568 -0.0031978 -0.00263178 -0.00212791 -0.00167173 -0.00128696 -0.000960582 -0.00069497 -0.000482328 -0.000307166 -0.000172304 -8.06176e-05 -1.67025e-06 5.20454e-05 7.57836e-05 9.12516e-05 9.96896e-05 0.000111331 0.000112925 0.000111469 0.000101097 0.000100476 0.000106616 0.000108033 9.68482e-05 0.000100535 9.3516e-05 9.81802e-05 9.84718e-05 9.42732e-05 8.97944e-05 0.000100213 9.70793e-05 0.000102615 0.000101573 0.000102031 0.000101073 0.000111691 0.000103858 0.000108341 0.000112394 0.00011813 0.000125283 0.000133242 0.000121733 0.000132788 0.000141459 0.000151834 0.000155261 0.000153478 0.000152478 0.000172013 0.000185357 0.000188176 0.000176788 0.000173585 0.000165247 0.000149121 0.000116516 5.32716e-05 -3.09608e-05 -0.000144162 -0.000305471 -0.000515839 -0.000774361 -0.00111052 -0.00153042 -0.00203369 -0.00259518 -0.00323006 -0.00390342 -0.00460779 -0.00530926 -0.00597969 -0.00656407 -0.00706618 -0.00745408 -0.00773262 -0.00792111 -0.00801988 -0.00799172 -0.00783086 -0.00750896 -0.00702062 -0.00633877 -0.00545663 -0.00444911 -0.00331262 -0.00207432 -0.000766351 0.000543675 0.00179942 0.00293786 0.00390131 0.00465535 0.00520551 0.00555149 0.00571846 0.00569235 0.00551314 0.00522746 0.00485364 0.00446939 0.00407186 0.00367658 0.00328063 0.00292437 0.00261782 0.0023486 0.00212909 0.00192706 0.00175102 0.00160496 0.00149293 0.00140781 0.00132554 0.00124383 0.001177 0.0011323 0.00109377 0.0010498 0.00101138 0.000972035 0.000941394 0.000928038 0.000905573 0.000874706 0.000853917 0.000847506 0.00083479 0.000823329 0.000819983 0.000805603 0.000800402 0.000808022 
0 3.62894e-05 7.84975e-05 0.000145909 0.000197566 0.000226134 0.000258828 0.000332877 0.000396725 0.000439672 0.000487994 0.000543081 0.000611539 0.000692832 0.000766092 0.000819042 0.000899863 0.00100891 0.001117 0.00122042 0.00135083 0.00149136 0.0016628 0.00187262 0.00210654 0.00237352 0.00268112 0.00305908 0.0034824 0.00397134 0.0044987 0.00507328 0.00567733 0.006276 0.00686012 0.00737471 0.00775817 0.00796025 0.00795702 0.00767586 0.00710247 0.00621957 0.00503253 0.00354518 0.00183878 -2.12684e-05 -0.00195658 -0.00385828 -0.00566654 -0.00729047 -0.008711 -0.00989087 -0.0107705 -0.0113622 -0.0117169 -0.0118403 -0.011771 -0.011532 -0.0111791 -0.0106986 -0.0100993 -0.00938834 -0.00856065 -0.00766441 -0.00671656 -0.00576792 -0.00486263 -0.00401448 -0.0032562 -0.00257264 -0.00196647 -0.00149659 -0.00109438 -0.000759374 -0.000499254 -0.000286844 -0.000125971 -1.83866e-05 6.18616e-05 9.92186e-05 0.000120692 0.000140277 0.000164339 0.00017585 0.00016626 0.000151147 0.000152394 0.000153709 0.000155728 0.000154023 0.000141776 0.000142576 0.000151919 0.000141341 0.000141764 0.000144805 0.000138536 0.000152501 0.00015401 0.000143599 0.000155996 0.00015642 0.00015666 0.00016797 0.000160071 0.000163714 0.000182786 0.0001872 0.000191977 0.000192604 0.000191072 0.000208292 0.000229824 0.000232856 0.000232468 0.000237453 0.000253517 0.000268815 0.000269624 0.000259364 0.000253714 0.000244483 0.000225045 0.000152156 5.14285e-05 -7.318e-05 -0.000260114 -0.000497898 -0.000799932 -0.00122032 -0.001723 -0.00235911 -0.00312022 -0.00396515 -0.00490389 -0.00591369 -0.0069542 -0.0079782 -0.00891712 -0.00977213 -0.010486 -0.0110273 -0.0114269 -0.0116778 -0.0117828 -0.01172 -0.0114856 -0.0110208 -0.0102927 -0.00930681 -0.00808035 -0.00663042 -0.00499186 -0.00317936 -0.00129515 0.000605374 0.00244853 0.00412599 0.00556524 0.00671576 0.00757392 0.00813667 0.00841484 0.00840927 0.00819183 0.00780138 0.00729693 0.00672748 0.00614982 0.00555663 0.00497513 0.00445926 0.00399247 0.0035916 0.00323656 0.00293368 0.0026671 0.00244941 0.00227397 0.00212713 0.00199686 0.00187475 0.00177839 0.00170736 0.00163796 0.00156771 0.00151703 0.00146361 0.00142438 0.00139003 0.00135739 0.00131429 0.00129466 0.00128777 0.0012533 0.00123666 0.00122776 0.0012256 0.0012095 0.00120971 
0 5.28352e-05 0.000114593 0.000197566 0.000270306 0.000309275 0.000360164 0.000452261 0.000531233 0.000589662 0.000655644 0.000732725 0.000821019 0.000923109 0.00102151 0.00109969 0.00121255 0.00136105 0.00149989 0.0016478 0.00181973 0.00202597 0.00226417 0.00255003 0.00287393 0.0032284 0.00367183 0.00418013 0.0047673 0.00540939 0.0061052 0.0068701 0.00765073 0.00843355 0.00914545 0.00976518 0.0101928 0.0103885 0.0103166 0.00987065 0.00903179 0.00780019 0.00618822 0.00423005 0.00199596 -0.00041017 -0.0028698 -0.00530039 -0.00758849 -0.00965261 -0.0113913 -0.0128329 -0.0139436 -0.0147055 -0.0151545 -0.0153202 -0.0152621 -0.0150059 -0.0145792 -0.0140065 -0.0132844 -0.0123718 -0.0113422 -0.010213 -0.00900971 -0.00777697 -0.00659981 -0.00548229 -0.00446431 -0.0035333 -0.00273236 -0.00205557 -0.00150393 -0.00106412 -0.000708572 -0.000431511 -0.000230362 -5.96673e-05 6.19784e-05 0.000126019 0.000167607 0.000193323 0.000219182 0.000225382 0.000221814 0.00020546 0.000206089 0.000216034 0.000215821 0.000195823 0.00019713 0.000188776 0.00020033 0.000203186 0.000197691 0.000190159 0.000201534 0.000195941 0.000201811 0.000199092 0.000202946 0.000206309 0.000226429 0.000219784 0.000225249 0.00022955 0.000237566 0.000248411 0.000262322 0.000249493 0.000268645 0.000286619 0.000306031 0.000312859 0.000311524 0.00031347 0.000346583 0.000369602 0.000370902 0.000344984 0.000326941 0.000299263 0.000256413 0.000181256 5.06134e-05 -0.000127578 -0.000373548 -0.000717763 -0.00116373 -0.00171475 -0.00241154 -0.0032674 -0.00427797 -0.00539944 -0.00664876 -0.00796406 -0.00931199 -0.0106235 -0.0118419 -0.0128895 -0.0137703 -0.0144381 -0.0149024 -0.0151894 -0.0152966 -0.0151715 -0.0148131 -0.0141936 -0.0133109 -0.0121146 -0.0105711 -0.00876628 -0.00669408 -0.00440914 -0.00199068 0.000442269 0.00279903 0.00498495 0.00690642 0.0084856 0.00968837 0.0104843 0.0109098 0.0109751 0.0107689 0.0103543 0.00973792 0.00902957 0.00826177 0.00749743 0.00675413 0.00607791 0.00545881 0.00488219 0.00439546 0.00397963 0.00363733 0.00334064 0.00307631 0.00285517 0.00267304 0.00252642 0.00240206 0.00228787 0.00217655 0.00208536 0.00203195 0.00197192 0.00190298 0.0018538 0.00181168 0.00177388 0.00174842 0.00172614 0.00168442 0.00165703 0.00165667 0.00164093 0.00162145 0.00161503 
0 9.04025e-05 0.000152026 0.000226134 0.000309275 0.000394148 0.000474363 0.000567063 0.000643072 0.00072706 0.000840205 0.000944796 0.00103675 0.00114902 0.00128176 0.00140719 0.00155587 0.00172527 0.00189936 0.00209159 0.00233485 0.00260157 0.00290962 0.00327575 0.0036911 0.00417133 0.00473287 0.00539655 0.00612595 0.00693424 0.00779825 0.00872578 0.00967569 0.0105819 0.0114022 0.0120644 0.0124881 0.0126127 0.0123971 0.0117367 0.0106056 0.00899896 0.00695668 0.0045251 0.00182572 -0.00104706 -0.0039868 -0.00684689 -0.00952129 -0.011885 -0.0139041 -0.0155546 -0.0167905 -0.0176412 -0.0181794 -0.0184174 -0.0183965 -0.0181397 -0.0177075 -0.017088 -0.0162835 -0.0152878 -0.0141006 -0.0127771 -0.0113454 -0.00987286 -0.00842837 -0.00704319 -0.0057682 -0.00460294 -0.0035686 -0.00273376 -0.00203027 -0.00145209 -0.00099621 -0.000626405 -0.000337819 -0.000127144 3.03049e-05 0.000118002 0.000172445 0.000216137 0.000258314 0.000276736 0.000267683 0.000250441 0.000254493 0.000260525 0.000261491 0.000252523 0.000236512 0.000236379 0.0002502 0.000241979 0.00024137 0.000242468 0.000236925 0.000250544 0.000252604 0.000241664 0.000255911 0.00026012 0.000267041 0.000280749 0.000274042 0.000278207 0.000299433 0.000308423 0.000319121 0.000321883 0.000326714 0.000350735 0.00037854 0.000385265 0.000386395 0.000394853 0.000420846 0.00044156 0.000438857 0.000414141 0.000387892 0.000351071 0.000293055 0.000162777 -1.84748e-05 -0.000252961 -0.000588054 -0.00102262 -0.00157509 -0.00230597 -0.0031881 -0.00427532 -0.00555037 -0.0069572 -0.00849359 -0.0101117 -0.0117396 -0.0132933 -0.014681 -0.0158949 -0.0168813 -0.0176054 -0.0181031 -0.018373 -0.0184187 -0.018216 -0.0177738 -0.0170449 -0.016 -0.0146213 -0.0128916 -0.0108102 -0.0084047 -0.00571431 -0.00288464 -8.09202e-06 0.00282109 0.00547646 0.007855 0.00985587 0.0114228 0.0125143 0.0131446 0.0133438 0.0132176 0.012807 0.0121539 0.0113282 0.0104326 0.00951015 0.00861016 0.00778065 0.00699067 0.00626781 0.00563026 0.00510398 0.00465788 0.00427078 0.00392383 0.00362805 0.00339487 0.00320575 0.00304488 0.00289282 0.00274624 0.0026325 0.00256483 0.00248162 0.0023925 0.00232111 0.00227666 0.00222656 0.00218554 0.00215062 0.00210158 0.00208438 0.00207057 0.00205083 0.00202355 0.00202995 
0 0.000115203 0.000186632 0.000258828 0.000360164 0.000474363 0.000580017 0.000679752 0.000767448 0.000879518 0.00102469 0.0011536 0.00126355 0.00139816 0.00156503 0.00172662 0.00190569 0.00210832 0.00232076 0.00257308 0.00287247 0.00321001 0.00359238 0.00405299 0.00458869 0.0051906 0.00589888 0.00670138 0.00760078 0.00857345 0.00959996 0.0106739 0.0117351 0.012741 0.0136069 0.0142692 0.0146147 0.0145907 0.0141594 0.01322 0.0117467 0.00974893 0.0072694 0.00439028 0.00123894 -0.00204767 -0.00533754 -0.00852003 -0.0114648 -0.0140595 -0.0162138 -0.0179508 -0.0192631 -0.0201758 -0.0207595 -0.0210547 -0.0211026 -0.0209146 -0.0205125 -0.019909 -0.0190946 -0.018032 -0.016769 -0.0153269 -0.0137287 -0.0120356 -0.0103473 -0.00870522 -0.00717493 -0.00576995 -0.00453806 -0.00349263 -0.00262063 -0.00190617 -0.00132474 -0.000861975 -0.000508837 -0.000227623 -2.53349e-05 9.63357e-05 0.000179222 0.000241213 0.000294158 0.000316508 0.000314248 0.000298092 0.00030128 0.000314338 0.000315684 0.000298021 0.000292846 0.000286346 0.000296259 0.000293713 0.00028491 0.000278996 0.000290149 0.00029654 0.000306428 0.000303865 0.000306801 0.000307932 0.000322823 0.000322822 0.000328852 0.000339005 0.000356047 0.000372901 0.000388959 0.000382262 0.000398573 0.000421876 0.000448024 0.000460383 0.000462958 0.000469143 0.000500476 0.000521243 0.000514662 0.000477598 0.000438817 0.000380663 0.000286473 0.000128391 -0.000110688 -0.00042704 -0.00084643 -0.00139802 -0.0020984 -0.00297468 -0.00406638 -0.00539544 -0.0069392 -0.00862953 -0.0104496 -0.0123195 -0.0141699 -0.01591 -0.0174618 -0.0187592 -0.0197895 -0.0205133 -0.0209535 -0.0211495 -0.0211162 -0.0208248 -0.0202798 -0.0194577 -0.0183428 -0.0168722 -0.014994 -0.0127508 -0.0101358 -0.0071974 -0.00403587 -0.000780339 0.00245351 0.00553801 0.00834535 0.0107624 0.0127164 0.0141509 0.0150724 0.0154902 0.0154955 0.0151544 0.0145001 0.0136495 0.0126698 0.0116296 0.0105724 0.00956673 0.00862588 0.00775455 0.00698814 0.00631307 0.00573194 0.00523487 0.00481395 0.00446525 0.00416469 0.00390484 0.00368913 0.00351361 0.00335442 0.00321119 0.0030988 0.00298803 0.00288932 0.00281856 0.00275226 0.0026781 0.00262085 0.00258265 0.00254004 0.00251121 0.00249093 0.00245911 0.00243755 0.0024476 
0 0.000118994 0.000220374 0.000332877 0.000452261 0.000567063 0.000679752 0.00080697 0.000928335 0.00105385 0.00119925 0.00134332 0.00148777 0.00165698 0.00184682 0.00203706 0.00225484 0.00250455 0.00277647 0.00309075 0.00346513 0.0038813 0.00435463 0.00491972 0.00557831 0.00632686 0.00717547 0.0081293 0.0091774 0.0103118 0.0114958 0.0126956 0.013846 0.0148823 0.0157373 0.016324 0.0165324 0.016291 0.0155575 0.0142582 0.0123856 0.00996475 0.00705854 0.00376151 0.000228193 -0.00339375 -0.00696485 -0.0103453 -0.013417 -0.0160749 -0.0182762 -0.0200287 -0.0213348 -0.0222494 -0.0228629 -0.0232144 -0.0233349 -0.0232328 -0.0229299 -0.0224115 -0.0216556 -0.0206311 -0.0193444 -0.017827 -0.0161088 -0.0142592 -0.0123687 -0.0104999 -0.00872308 -0.00707369 -0.00560148 -0.00435543 -0.00330617 -0.00243923 -0.00173677 -0.0011698 -0.000721821 -0.000375731 -0.00011933 4.62843e-05 0.000160093 0.000249333 0.000321979 0.000357472 0.000358919 0.000347095 0.00035244 0.000363326 0.000363142 0.000348048 0.000335062 0.00033414 0.000346874 0.00034486 0.000339859 0.000336203 0.000337218 0.000346485 0.000351367 0.000346911 0.000355488 0.000362926 0.000376919 0.000388017 0.000389923 0.000397311 0.000415482 0.000430877 0.000446085 0.000450623 0.000464862 0.000492675 0.000522992 0.00053728 0.000542051 0.000551194 0.000576246 0.000589808 0.000573513 0.000526486 0.000466867 0.000383587 0.000255445 4.18522e-05 -0.000258371 -0.00065275 -0.00117757 -0.00185411 -0.00270752 -0.00378325 -0.00509277 -0.0066631 -0.00846047 -0.0104129 -0.0124796 -0.0145822 -0.0166249 -0.0185009 -0.0201181 -0.0214407 -0.0224378 -0.0230872 -0.0234281 -0.0234999 -0.0233324 -0.022927 -0.0222996 -0.0214231 -0.0202634 -0.0187656 -0.0168786 -0.0145895 -0.0118906 -0.0088103 -0.00545587 -0.00193421 0.00163661 0.00510626 0.0083265 0.0111637 0.0135309 0.0153627 0.0166358 0.017346 0.0175644 0.0173513 0.016774 0.0159392 0.0149354 0.0138117 0.0126287 0.0114723 0.0103784 0.00937372 0.00846411 0.00764463 0.00691524 0.0062938 0.00578154 0.00535657 0.00497856 0.00463416 0.0043525 0.00414153 0.00396269 0.00378918 0.00363296 0.00349574 0.00339759 0.00332466 0.00324153 0.00314493 0.00308239 0.00304805 0.00300007 0.00295661 0.0029217 0.00289296 0.00286759 0.00286462 
0 0.000113196 0.000244174 0.000396725 0.000531233 0.000643072 0.000767448 0.000928335 0.00108691 0.00122949 0.00138326 0.00155295 0.00173757 0.00193965 0.0021555 0.00238419 0.00264698 0.00294338 0.00326991 0.00365148 0.00410727 0.00461722 0.00519204 0.00586887 0.00666252 0.00757045 0.00858006 0.00968724 0.0108802 0.0121572 0.0134773 0.0147754 0.0159668 0.0169722 0.0177342 0.0181666 0.0181646 0.0176407 0.0165404 0.0148198 0.0125008 0.00964403 0.00632935 0.00266 -0.00120399 -0.00509152 -0.00884124 -0.0123044 -0.0153752 -0.0179723 -0.0200877 -0.021747 -0.0229806 -0.0238527 -0.0244526 -0.0248367 -0.0250392 -0.0250686 -0.0249252 -0.0245711 -0.0239552 -0.0230355 -0.0218008 -0.0202787 -0.0185006 -0.0165392 -0.0144847 -0.012417 -0.0104108 -0.00852515 -0.00682009 -0.00535376 -0.00411224 -0.00308161 -0.00224195 -0.00156009 -0.00101165 -0.000581148 -0.000256253 -3.37302e-05 0.000120682 0.000239206 0.000328994 0.000378228 0.000389538 0.000388155 0.000398644 0.000411923 0.000410833 0.000395592 0.000379619 0.000380386 0.000391872 0.000392831 0.000388242 0.000384861 0.000384255 0.000393617 0.000397409 0.0003958 0.000403505 0.000414301 0.000428487 0.000442781 0.000446184 0.000454226 0.000471313 0.000488816 0.000504961 0.000516891 0.000533376 0.000563128 0.000592134 0.000606326 0.000610995 0.000621538 0.000642911 0.000651968 0.000624564 0.000560305 0.000470137 0.000348032 0.000170405 -0.000100434 -0.000471977 -0.000959851 -0.00160185 -0.00242377 -0.00345403 -0.00473283 -0.00627122 -0.00808479 -0.0101291 -0.0123281 -0.0146158 -0.0169043 -0.0190811 -0.0210313 -0.022656 -0.0239198 -0.0247976 -0.0252928 -0.0254587 -0.0253558 -0.0250299 -0.0245043 -0.0237995 -0.022903 -0.021772 -0.0203362 -0.0185282 -0.0163051 -0.0136455 -0.0105548 -0.0071164 -0.00342735 0.000390801 0.00418229 0.00778161 0.0110357 0.0138319 0.0160916 0.0177667 0.0188404 0.019356 0.0193644 0.0189417 0.0181879 0.0172015 0.01604 0.0147784 0.0135031 0.0122644 0.0111021 0.0100333 0.00906896 0.0082085 0.00746118 0.00682653 0.0062925 0.00583365 0.0054326 0.00509643 0.0048239 0.00459177 0.00438761 0.00421101 0.00405332 0.00392571 0.00382258 0.00372401 0.00362415 0.00355467 0.00350351 0.00344128 0.00338923 0.00335432 0.00333099 0.00330388 0.00328785 
0 0.000132203 0.000280493 0.000439672 0.000589662 0.00072706 0.000879518 0.00105385 0.00122949 0.0014005 0.0015859 0.00178711 0.00200249 0.00223381 0.00248606 0.00276238 0.00307311 0.00342531 0.00381683 0.00427648 0.00480965 0.00542603 0.00612626 0.00693775 0.00787598 0.00893079 0.0101066 0.0113706 0.0127209 0.0141189 0.0155265 0.0168661 0.0180394 0.0189712 0.0195751 0.0197746 0.0194658 0.0185731 0.0170457 0.0148693 0.0120846 0.00878625 0.00506802 0.00106483 -0.00306643 -0.00712692 -0.0109345 -0.0143665 -0.0173175 -0.0197536 -0.0216681 -0.0231272 -0.0242019 -0.0249646 -0.0255058 -0.0259098 -0.0262087 -0.0264077 -0.0264657 -0.0263391 -0.0259439 -0.0252035 -0.0241124 -0.0226631 -0.020888 -0.0188575 -0.0166753 -0.0144359 -0.0122243 -0.0101198 -0.00820697 -0.00651287 -0.00506997 -0.00385854 -0.00285001 -0.00202967 -0.00137219 -0.000842847 -0.00044746 -0.000163304 4.33948e-05 0.000200681 0.000316499 0.000385121 0.000411509 0.000420201 0.000433517 0.000452593 0.000456116 0.000441504 0.000433035 0.000429532 0.000432713 0.000435582 0.000426246 0.000420303 0.000431934 0.000439024 0.000448892 0.000455224 0.000453832 0.000461669 0.00047666 0.000481791 0.000495094 0.00050965 0.000526977 0.000552148 0.000570675 0.000579336 0.000600051 0.000626521 0.000653023 0.000671092 0.000677804 0.000685797 0.000698808 0.000695036 0.000651428 0.000565163 0.000446418 0.00028256 4.02693e-05 -0.000298404 -0.000766998 -0.00137726 -0.00214912 -0.00312856 -0.00434837 -0.00582276 -0.00759967 -0.0096583 -0.0119459 -0.014375 -0.0168534 -0.0192721 -0.0215138 -0.02346 -0.0250294 -0.0261523 -0.0268362 -0.0271042 -0.0270175 -0.0266829 -0.0261732 -0.0255358 -0.024785 -0.0239145 -0.0228768 -0.0215767 -0.0199269 -0.0178865 -0.0153904 -0.0124267 -0.00901449 -0.00525377 -0.00127178 0.00277619 0.00670394 0.0103516 0.0135848 0.0163056 0.0184382 0.0199415 0.0208234 0.0211368 0.0209433 0.0203516 0.0194383 0.0182927 0.0169963 0.0156346 0.0142783 0.0129591 0.0117331 0.0106146 0.00962245 0.00874309 0.00797111 0.00730968 0.00675377 0.00629586 0.00590463 0.00555784 0.0052527 0.00500968 0.00481917 0.0046455 0.00447192 0.00432509 0.00421196 0.00412175 0.00403931 0.00395542 0.0038815 0.00382906 0.00380033 0.0037689 0.00374143 0.0037223 
0 0.000175034 0.00033481 0.000487994 0.000655644 0.000840205 0.00102469 0.00119925 0.00138326 0.0015859 0.00180296 0.0020295 0.00227076 0.00254007 0.00282937 0.00315181 0.00351713 0.00394121 0.00443015 0.00496982 0.00559524 0.00632352 0.00718031 0.00815202 0.00923123 0.0104364 0.011751 0.0131877 0.0146774 0.0161759 0.0176171 0.0189267 0.0200374 0.0208299 0.0212265 0.021106 0.0204054 0.0190654 0.0170529 0.0143919 0.011134 0.0073809 0.00327242 -0.00103523 -0.00534623 -0.00947163 -0.0132481 -0.0165267 -0.0192468 -0.0213838 -0.0230167 -0.0241931 -0.0250107 -0.0255944 -0.0260552 -0.0264667 -0.02686 -0.0272317 -0.0275413 -0.0276898 -0.0275682 -0.0271098 -0.0262227 -0.0249103 -0.0232057 -0.0211816 -0.018924 -0.0165591 -0.0141716 -0.0118695 -0.00972376 -0.00782268 -0.00616577 -0.00475009 -0.0035733 -0.00260133 -0.00180348 -0.00118311 -0.000700672 -0.000339274 -7.48883e-05 0.000133553 0.000286535 0.000383553 0.000426365 0.000450034 0.00046991 0.000486783 0.000492837 0.000489929 0.000471846 0.000476496 0.00047871 0.000477285 0.000473952 0.000474229 0.000471026 0.000487745 0.000491993 0.000495681 0.000502176 0.000514853 0.000520645 0.000541964 0.000548667 0.000562451 0.000585977 0.000608717 0.000622638 0.00064736 0.000660179 0.000690154 0.000719492 0.000736837 0.000743568 0.000750847 0.000746109 0.000721089 0.000652243 0.000543511 0.0003823 0.000168081 -0.000133437 -0.000570566 -0.00114296 -0.00187817 -0.00281238 -0.00396496 -0.00537583 -0.00709224 -0.00910142 -0.0113947 -0.0138971 -0.0165189 -0.0191283 -0.0216272 -0.0238793 -0.0257617 -0.0271741 -0.0281029 -0.0285182 -0.0284842 -0.0281061 -0.0275012 -0.0267768 -0.0260198 -0.0252596 -0.0244709 -0.0235663 -0.0224702 -0.02111 -0.0193569 -0.0171449 -0.0144009 -0.0111421 -0.00741679 -0.00334735 0.000889362 0.00510535 0.00912497 0.0127994 0.0160086 0.0186304 0.0206112 0.0219295 0.0226096 0.0227373 0.0223658 0.0216089 0.0205343 0.0192532 0.0178526 0.0164007 0.0149704 0.0135899 0.0123232 0.011171 0.0101421 0.00923398 0.00843978 0.0077703 0.00720878 0.00673669 0.00632036 0.00595713 0.00566507 0.00543191 0.00523132 0.0050379 0.00486369 0.00473575 0.00463563 0.00453867 0.0044386 0.00435943 0.00430876 0.00426229 0.00421976 0.00418468 0.00416759 
0 0.000199284 0.000379128 0.000543081 0.000732725 0.000944796 0.0011536 0.00134332 0.00155295 0.00178711 0.0020295 0.00228365 0.00256936 0.00288045 0.00321581 0.00359287 0.00402159 0.00452717 0.00510125 0.00575113 0.00647866 0.0073458 0.00835055 0.00947626 0.0107206 0.0120726 0.0135513 0.0151112 0.0167193 0.0182689 0.0197043 0.0209469 0.0219087 0.0224964 0.0225836 0.0220796 0.0209237 0.0190906 0.0165641 0.0133953 0.00964573 0.00546364 0.000999306 -0.00353717 -0.00797355 -0.0120929 -0.0157152 -0.0187577 -0.021146 -0.0229172 -0.0241281 -0.0249155 -0.0254389 -0.0258105 -0.0261245 -0.0265044 -0.0269831 -0.0275614 -0.0281382 -0.0286226 -0.0288531 -0.0286965 -0.0280983 -0.0270035 -0.0254407 -0.0234782 -0.0212176 -0.018777 -0.0162531 -0.0137652 -0.0114301 -0.00927841 -0.00740341 -0.00579458 -0.00442658 -0.00329463 -0.00237061 -0.0016076 -0.00102137 -0.000569066 -0.000226718 3.14168e-05 0.00021679 0.000347329 0.000421696 0.000469205 0.000497698 0.000521139 0.000527312 0.000517832 0.0005135 0.00051451 0.000514559 0.00052781 0.000521802 0.000514456 0.000524187 0.000521183 0.000526771 0.000541801 0.000539733 0.000558192 0.000578966 0.000585968 0.000606372 0.000621298 0.000632338 0.000658924 0.000676466 0.000696711 0.000726141 0.000756028 0.000779904 0.000794996 0.000795601 0.000791999 0.000773271 0.0007331 0.000639073 0.00048682 0.000274245 -1.181e-05 -0.000411371 -0.00092404 -0.00161278 -0.00249711 -0.00359008 -0.00494781 -0.00660383 -0.00853618 -0.0107921 -0.0132976 -0.0159803 -0.0187411 -0.0214438 -0.0239581 -0.0261469 -0.0278884 -0.0291129 -0.0297363 -0.0298067 -0.029422 -0.0286932 -0.0278032 -0.026878 -0.0260189 -0.0252383 -0.024545 -0.0238738 -0.0230981 -0.0220831 -0.0207175 -0.0188664 -0.016459 -0.0134211 -0.00982416 -0.00578247 -0.00143482 0.00301942 0.00740088 0.0115083 0.0151898 0.0183098 0.0208019 0.0226114 0.0237547 0.0242602 0.0242002 0.0236446 0.0227179 0.0215155 0.0201156 0.0186204 0.0170798 0.0155834 0.0141604 0.0128553 0.0116675 0.0106145 0.00969589 0.00889612 0.00821519 0.00763281 0.00714691 0.00673859 0.00638968 0.00608014 0.00583131 0.00562609 0.00544782 0.00528511 0.00514947 0.00503158 0.00493164 0.00486147 0.00478905 0.00472674 0.00467126 0.00464392 0.00462264 
0 0.000196641 0.000406897 0.000611539 0.000821019 0.00103675 0.00126355 0.00148777 0.00173757 0.00200249 0.00227076 0.00256936 0.00289646 0.00325299 0.00364166 0.00410221 0.00461147 0.00517915 0.00584905 0.0066172 0.00750336 0.0085084 0.00965464 0.0109272 0.0123327 0.0138704 0.0154772 0.0171443 0.0187913 0.0203529 0.0217417 0.0228543 0.0236106 0.0238838 0.0235964 0.022639 0.0209895 0.0186285 0.0155577 0.0118719 0.00766121 0.0030712 -0.00169236 -0.00640947 -0.0108686 -0.0148852 -0.0183093 -0.0210206 -0.0229983 -0.0242927 -0.0250578 -0.0254056 -0.0255208 -0.0255898 -0.025743 -0.0260755 -0.0266277 -0.0273872 -0.0282655 -0.0291065 -0.0297251 -0.02999 -0.0297347 -0.0289149 -0.0275628 -0.025737 -0.0235165 -0.0210497 -0.0184302 -0.0158056 -0.0132736 -0.0109408 -0.00884976 -0.00701577 -0.00544939 -0.00412567 -0.00301774 -0.00213505 -0.00143001 -0.000874942 -0.00045498 -0.000128038 0.000111611 0.00028133 0.000386242 0.000459204 0.000504113 0.000533413 0.000551393 0.000558933 0.000545606 0.000551088 0.000546567 0.000550333 0.000552689 0.000555325 0.00055273 0.000564612 0.000566964 0.000577171 0.000584221 0.00060305 0.00060951 0.000631299 0.000643387 0.000659083 0.000682925 0.000709688 0.00072476 0.000759717 0.000776769 0.000803063 0.000824442 0.000833599 0.000830354 0.000819786 0.000777831 0.000703177 0.000571935 0.000384125 0.000108875 -0.000254548 -0.000740354 -0.00139402 -0.00222421 -0.0032689 -0.00456134 -0.00611975 -0.00798093 -0.0101677 -0.0126424 -0.0153465 -0.0181806 -0.0210487 -0.0237773 -0.0262503 -0.0283166 -0.0298421 -0.0307408 -0.0310142 -0.0306802 -0.0298884 -0.0288076 -0.0276185 -0.0264786 -0.0255191 -0.0247873 -0.0242642 -0.023843 -0.0234228 -0.022873 -0.021963 -0.0205509 -0.0185145 -0.0158112 -0.0124473 -0.00850416 -0.00412293 0.000514262 0.00519915 0.00971067 0.0138588 0.017477 0.0205007 0.0228512 0.0244959 0.0254661 0.0257626 0.0255011 0.0247818 0.0237227 0.0223937 0.0208813 0.0192918 0.0176805 0.0161379 0.0146821 0.0133427 0.0121409 0.0110691 0.0101405 0.00933216 0.00864152 0.0080596 0.00758279 0.00717228 0.00679017 0.00648277 0.00624744 0.00604586 0.00585169 0.00567825 0.00553809 0.00543361 0.00535658 0.00526925 0.00518858 0.00514232 0.00511683 0.00508727 
0 0.000201652 0.000446318 0.000692832 0.000923109 0.00114902 0.00139816 0.00165698 0.00193965 0.00223381 0.00254007 0.00288045 0.00325299 0.0036515 0.00411245 0.00466421 0.00525866 0.00591363 0.0066857 0.00760543 0.00863942 0.00980488 0.0110996 0.012524 0.0140978 0.0157808 0.0175163 0.0192328 0.0208953 0.022405 0.0236787 0.0245973 0.0250572 0.0249673 0.0242325 0.0227795 0.0205901 0.0176715 0.0140538 0.00986496 0.00520887 0.000267766 -0.00475289 -0.00958301 -0.0140246 -0.0178706 -0.0209732 -0.0232927 -0.0248073 -0.0256056 -0.0258149 -0.025632 -0.0253094 -0.0250426 -0.0249649 -0.0252215 -0.025841 -0.0267987 -0.0279521 -0.0291583 -0.0301946 -0.0308709 -0.0310413 -0.0305914 -0.0295224 -0.0278861 -0.0257751 -0.0233322 -0.0206761 -0.0179539 -0.015292 -0.0127458 -0.0104381 -0.00838894 -0.0066013 -0.00508314 -0.00381896 -0.00276811 -0.00193299 -0.00126044 -0.000733523 -0.000331093 -3.80563e-05 0.000182962 0.000328002 0.00043103 0.000492006 0.000534533 0.0005632 0.000577712 0.000581722 0.000584178 0.000572497 0.000579444 0.000574791 0.000572652 0.000586346 0.000592002 0.000602769 0.000623151 0.000619222 0.000633473 0.000643952 0.000651789 0.000677993 0.000703183 0.000725492 0.000758266 0.000774425 0.000799864 0.000822254 0.000843614 0.000858266 0.000863494 0.000853328 0.000826861 0.000756291 0.000650047 0.0004742 0.000223735 -0.000120411 -0.000576604 -0.0011856 -0.0019494 -0.00293796 -0.00417564 -0.00567114 -0.00746104 -0.00956891 -0.0119578 -0.0146395 -0.0175049 -0.0204558 -0.0233733 -0.026082 -0.0284326 -0.030276 -0.0315012 -0.0320622 -0.0319115 -0.0311399 -0.0299282 -0.0284545 -0.0269604 -0.0256293 -0.0246123 -0.0239373 -0.0236114 -0.0235413 -0.0235687 -0.0234926 -0.0230973 -0.0221888 -0.0206408 -0.0183181 -0.0152334 -0.0114561 -0.00709804 -0.00235353 0.00257737 0.007439 0.0120261 0.0161567 0.0197328 0.0226319 0.0248113 0.0262677 0.0270206 0.027126 0.0267014 0.025841 0.0246221 0.0231695 0.0215661 0.0199075 0.0182463 0.0166536 0.0151633 0.0138082 0.0125832 0.0114969 0.0105637 0.00975301 0.00905704 0.00847512 0.00798846 0.00755574 0.00720019 0.00690664 0.00665523 0.00643586 0.00625794 0.00609967 0.00596418 0.00586817 0.00576888 0.00569042 0.0056393 0.00560844 0.00556181 
0 0.000236252 0.000504749 0.000766092 0.00102151 0.00128176 0.00156503 0.00184682 0.0021555 0.00248606 0.00282937 0.00321581 0.00364166 0.00411245 0.00464314 0.00527188 0.0059665 0.00674862 0.00767189 0.00872632 0.00990856 0.0112345 0.0127097 0.0142973 0.0160018 0.0177983 0.0195978 0.0213422 0.0229582 0.0243571 0.025437 0.0260793 0.02619 0.0256677 0.0244449 0.022458 0.0197147 0.0162365 0.0120782 0.00740317 0.00235017 -0.00289988 -0.00810303 -0.0129844 -0.0173227 -0.020935 -0.0236947 -0.0255528 -0.0265347 -0.0267593 -0.0264111 -0.0256839 -0.0248575 -0.0241963 -0.0238768 -0.0240254 -0.0246775 -0.0257898 -0.027222 -0.0287885 -0.0302516 -0.031403 -0.0320205 -0.0319774 -0.0312664 -0.0299115 -0.0279841 -0.0256364 -0.0229895 -0.0202082 -0.0174169 -0.0147185 -0.0122136 -0.00994678 -0.00794577 -0.006214 -0.00474487 -0.00353574 -0.00255046 -0.00174735 -0.00111281 -0.000618094 -0.000246897 3.44703e-05 0.000233456 0.000376057 0.00046158 0.000514255 0.000552837 0.000576877 0.000582008 0.000591375 0.000587222 0.000598104 0.000604803 0.000606563 0.000607619 0.000609404 0.000611657 0.000627411 0.000635988 0.000660135 0.000674546 0.000693313 0.000713717 0.000731298 0.000752046 0.000778517 0.000794653 0.000830153 0.000853479 0.00087346 0.00088343 0.000876989 0.000851351 0.000799783 0.000692868 0.000535015 0.000305566 -3.99611e-06 -0.000432039 -0.000994801 -0.00172507 -0.00265394 -0.00381709 -0.00525064 -0.00697199 -0.00899011 -0.0113189 -0.0139385 -0.0168006 -0.0197931 -0.0227981 -0.0256987 -0.0283031 -0.0304666 -0.0320397 -0.0329043 -0.0330214 -0.0324103 -0.0311707 -0.0295218 -0.0276859 -0.0259069 -0.0243965 -0.023329 -0.0227702 -0.0226999 -0.0229894 -0.0234813 -0.023961 -0.0241339 -0.023781 -0.0227367 -0.0208689 -0.0181333 -0.0145683 -0.0102929 -0.00549711 -0.000397045 0.00476224 0.00975576 0.0143769 0.0184911 0.0219389 0.0246512 0.026637 0.0278854 0.0284434 0.0283792 0.0277834 0.0267498 0.0254103 0.0238762 0.0222084 0.0204823 0.0187636 0.0171299 0.0156305 0.0142505 0.0130096 0.01192 0.0109759 0.0101527 0.00945578 0.00887508 0.00837913 0.00797458 0.00761605 0.00730041 0.00705156 0.00687125 0.00669466 0.00651923 0.00639571 0.00629556 0.00621482 0.00615238 0.00610714 0.00605498 
0 0.000279241 0.000557399 0.000819042 0.00109969 0.00140719 0.00172662 0.00203706 0.00238419 0.00276238 0.00315181 0.00359287 0.00410221 0.00466421 0.00527188 0.00597673 0.00678721 0.0077228 0.00879716 0.00998804 0.0113091 0.0127995 0.014445 0.016182 0.0180005 0.0198684 0.0216962 0.0234092 0.0249281 0.0261498 0.026969 0.0272722 0.0269616 0.0259478 0.0241836 0.0216423 0.0183499 0.0143361 0.00967143 0.00454537 -0.000862017 -0.00633892 -0.0116374 -0.0164904 -0.0206864 -0.0240355 -0.026408 -0.027779 -0.0282028 -0.0278294 -0.0268704 -0.0255693 -0.0242403 -0.0231654 -0.0225416 -0.022528 -0.0231747 -0.0244265 -0.0261175 -0.0280402 -0.02993 -0.0315454 -0.0326469 -0.0330729 -0.0327788 -0.0317658 -0.0300923 -0.0279003 -0.0253264 -0.0225393 -0.0196725 -0.0168346 -0.0141522 -0.0116871 -0.00947329 -0.00752692 -0.00585408 -0.004449 -0.00328997 -0.00233635 -0.00157423 -0.000981481 -0.00053244 -0.000181324 7.94466e-05 0.000271334 0.000391405 0.000465863 0.000519901 0.000556971 0.000573739 0.000587026 0.000585211 0.000597144 0.000604209 0.000606716 0.000610811 0.000613292 0.000618651 0.000636148 0.000644495 0.000666883 0.000682211 0.000700159 0.000724097 0.000745286 0.000766668 0.000792538 0.000809366 0.000842954 0.000865709 0.000879199 0.000876639 0.00085337 0.000807152 0.000726211 0.000579621 0.000373675 8.38096e-05 -0.000305884 -0.000836327 -0.00153144 -0.00241636 -0.00350978 -0.00486039 -0.006504 -0.008453 -0.0107084 -0.0132646 -0.0160771 -0.019085 -0.0221587 -0.0251705 -0.0279913 -0.0304315 -0.0323335 -0.033551 -0.0339888 -0.0336311 -0.0325151 -0.0307854 -0.0286997 -0.0265088 -0.0244804 -0.0228445 -0.021782 -0.0213605 -0.0215668 -0.02227 -0.0232763 -0.0243187 -0.0250758 -0.0252999 -0.0247984 -0.0234012 -0.0210442 -0.0177527 -0.0136311 -0.00885802 -0.00364478 0.00175244 0.00709265 0.0121539 0.0167707 0.0207592 0.0240315 0.0265744 0.0283582 0.0293984 0.0297505 0.0294939 0.0287231 0.0275675 0.0261341 0.0245014 0.0227548 0.0209716 0.0192289 0.0175894 0.016063 0.0146751 0.0134367 0.0123417 0.0113853 0.0105743 0.00988493 0.00928986 0.00880549 0.00838616 0.00801359 0.0077134 0.00749299 0.00728625 0.00708748 0.00694716 0.00683651 0.00674179 0.00666535 0.00661581 0.00657128 
0 0.000311853 0.000612532 0.000899863 0.00121255 0.00155587 0.00190569 0.00225484 0.00264698 0.00307311 0.00351713 0.00402159 0.00461147 0.00525866 0.0059665 0.00678721 0.0077324 0.00881272 0.010035 0.0113937 0.0128805 0.01453 0.0163147 0.018175 0.0200829 0.021976 0.0237742 0.0253846 0.026737 0.0277082 0.0281944 0.028093 0.0273072 0.0257737 0.0234531 0.0203546 0.0165185 0.0119928 0.00686943 0.00135333 -0.00434429 -0.00998392 -0.0153184 -0.0200806 -0.0240758 -0.0271181 -0.0290742 -0.0299404 -0.029788 -0.0288113 -0.027238 -0.025354 -0.0235002 -0.021984 -0.0210322 -0.0208289 -0.021427 -0.0227684 -0.0246697 -0.0269137 -0.0292203 -0.0313059 -0.0329175 -0.0338488 -0.0340193 -0.0334046 -0.0320479 -0.0300745 -0.0276398 -0.0249064 -0.0220238 -0.0190932 -0.0162646 -0.0136137 -0.0111837 -0.00901441 -0.00713219 -0.00552366 -0.0041845 -0.00306704 -0.00215601 -0.00144354 -0.000897333 -0.000466933 -0.000140881 0.000102357 0.000264198 0.000372052 0.00045452 0.000512163 0.000545676 0.000559312 0.000556376 0.000565096 0.000571813 0.000577116 0.000591515 0.000598094 0.000610626 0.000629122 0.000635117 0.000650702 0.000664898 0.00067686 0.00070495 0.000732221 0.000759519 0.000789376 0.000809427 0.000833807 0.000848583 0.000845346 0.000825614 0.00078504 0.000719147 0.000605506 0.000409487 0.000137366 -0.000230438 -0.000716647 -0.00135775 -0.00219174 -0.00324593 -0.00452426 -0.0060886 -0.00796353 -0.010145 -0.0126252 -0.0153808 -0.0183451 -0.0214566 -0.0245624 -0.0275309 -0.0302114 -0.0324204 -0.0339882 -0.0347784 -0.034722 -0.0338452 -0.0322061 -0.0300015 -0.0275075 -0.0249942 -0.0227491 -0.0210208 -0.0200091 -0.0197819 -0.0203096 -0.0214456 -0.0229663 -0.0245717 -0.02593 -0.026747 -0.0268091 -0.0259043 -0.0239534 -0.0209681 -0.0170434 -0.0123531 -0.00709423 -0.00152612 0.00409697 0.00954133 0.0146123 0.0191128 0.0229403 0.0260443 0.0283791 0.029924 0.0307436 0.0309039 0.0304825 0.0295885 0.0283121 0.026769 0.0250551 0.0232692 0.0214651 0.0196985 0.0180179 0.016478 0.0150996 0.0138517 0.012745 0.0118031 0.010995 0.0102846 0.00969875 0.00921697 0.00879989 0.00844024 0.0081513 0.00790442 0.00769901 0.00754869 0.00741045 0.00728835 0.00720011 0.00714952 0.00710591 
0 0.000327618 0.000669042 0.00100891 0.00136105 0.00172527 0.00210832 0.00250455 0.00294338 0.00342531 0.00394121 0.00452717 0.00517915 0.00591363 0.00674862 0.0077228 0.00881272 0.0100216 0.0114067 0.0129387 0.0146084 0.0163954 0.0182984 0.0202502 0.0221885 0.0240596 0.0257557 0.0272168 0.0283248 0.0289746 0.0290512 0.0284752 0.027189 0.0251268 0.0222648 0.0186143 0.0142467 0.00924529 0.00373019 -0.00209518 -0.00799605 -0.0137504 -0.0190697 -0.0237092 -0.0274515 -0.0301426 -0.0316754 -0.0320222 -0.0313019 -0.0297134 -0.0275391 -0.0250758 -0.0226845 -0.0207176 -0.0194374 -0.0190063 -0.0195146 -0.0208877 -0.0229605 -0.0254744 -0.0281513 -0.0307021 -0.0328093 -0.0342614 -0.0349455 -0.0347917 -0.0338172 -0.0321432 -0.0299128 -0.0272986 -0.0244315 -0.0214656 -0.0185177 -0.0156988 -0.0130799 -0.0107002 -0.00859181 -0.0067918 -0.00524995 -0.00395 -0.00288315 -0.0020316 -0.00136466 -0.000844802 -0.000432335 -0.000125899 8.43786e-05 0.000225973 0.00033361 0.000412424 0.000460643 0.000487332 0.000498403 0.000508152 0.000522068 0.000531635 0.000537645 0.000548818 0.00055925 0.000571495 0.000587823 0.000605522 0.000620669 0.000643262 0.000666256 0.000690394 0.000718181 0.000739941 0.000758372 0.000781183 0.000789591 0.000775883 0.000738971 0.000674971 0.000575627 0.000411877 0.000159935 -0.000196596 -0.000655251 -0.00124372 -0.00201842 -0.0030114 -0.00423327 -0.00572867 -0.00750865 -0.0096114 -0.0120339 -0.0147308 -0.017652 -0.0207523 -0.0239086 -0.0269898 -0.0298386 -0.0323096 -0.0342053 -0.0353643 -0.0356769 -0.0350974 -0.0336672 -0.0315271 -0.0288696 -0.0259898 -0.0231998 -0.0207809 -0.0190112 -0.0180838 -0.0181 -0.0189896 -0.0205653 -0.0225919 -0.0247681 -0.026718 -0.0281384 -0.0287511 -0.0283578 -0.0268259 -0.0241571 -0.0204636 -0.0158959 -0.0106646 -0.00499646 0.000836101 0.00659613 0.0120675 0.0170414 0.0213843 0.0250355 0.0279121 0.0300012 0.0313302 0.0319631 0.0319543 0.0313752 0.0303487 0.0289645 0.0273553 0.0255944 0.0237671 0.0219233 0.0201136 0.0184317 0.0168988 0.0155087 0.014245 0.0131531 0.0122116 0.0113848 0.0106933 0.0101244 0.00964625 0.00922753 0.0088748 0.00858328 0.0083583 0.00818439 0.00801692 0.00787 0.00777467 0.00771358 0.00765768 
