0 0 0 0 0 0 0 0 0 0 0 0 0 0 0 0 0 0 0 0 0 0 0 0 0 0 0 0 0 0 0 0 0 0 0 0 0 0 0 0 0 0 0 0 0 0 0 0 0 0 0 0 0 0 0 0 0 0 0 0 0 0 0 0 0 0 0 0 0 0 0 0 0 0 0 0 0 0 0 0 0 0 0 0 0 0 0 0 0 0 0 0 0 0 0 0 0 0 0 0 0 0 0 0 0 0 0 0 0 0 0 0 0 0 0 0 0 0 0 0 0 0 0 0 0 0 0 0 0 0 0 0 0 0 0 0 0 0 0 0 0 0 0 0 0 0 0 0 0 0 0 0 0 0 0 0 0 0 0 0 0 0 0 0 0 0 0 0 0 0 0 0 0 0 0 0 0 0 0 0 0 0 0 0 0 0 0 0 0 0 0 0 0 0 0 0 0 0 0 0 
0 1.73872e-05 4.04367e-05 7.01598e-05 9.0192e-05 0.000111739 0.000132753 0.000161251 0.000194111 0.000222336 0.00025288 0.000283181 0.000325553 0.000369098 0.000417102 0.000467321 0.000524225 0.000598542 0.0006815 0.000783463 0.000901455 0.00103983 0.00120099 0.00140028 0.00163393 0.00188962 0.00216998 0.00247316 0.00278323 0.00309186 0.00338545 0.00362442 0.00379286 0.00386 0.00381456 0.0036225 0.00328023 0.00277411 0.00209749 0.00127199 0.00030524 -0.000744019 -0.00184815 -0.00296343 -0.00404288 -0.00503722 -0.00590441 -0.00659349 -0.00706668 -0.00730004 -0.00729905 -0.00706054 -0.0066156 -0.00600532 -0.0052596 -0.00443078 -0.00354205 -0.00266967 -0.00186224 -0.0011543 -0.00057297 -0.000138497 0.00016619 0.000345588 0.000434219 0.000455011 0.000435166 0.000386313 0.000327965 0.000274235 0.000227409 0.000186034 0.000155549 0.000143827 0.000130445 0.000117047 0.00010411 9.43397e-05 8.89305e-05 9.50742e-05 9.36383e-05 9.5198e-05 8.99153e-05 8.35442e-05 6.92137e-05 6.50912e-05 6.67794e-05 7.32726e-05 7.48382e-05 7.80067e-05 6.90274e-05 7.08237e-05 6.82563e-05 6.11859e-05 5.62028e-05 5.92939e-05 5.99884e-05 7.36592e-05 7.45787e-05 7.10808e-05 6.98201e-05 7.03485e-05 6.60582e-05 7.06216e-05 6.47503e-05 6.90578e-05 8.11154e-05 9.13421e-05 9.22323e-05 9.33404e-05 8.37669e-05 8.75529e-05 9.30924e-05 9.90723e-05 0.000102014 0.000114424 0.000124316 0.000137557 0.000142877 0.00014737 0.000149203 0.000165792 0.00017845 0.000191771 0.00020245 0.000208394 0.000200937 0.000191987 0.000182459 0.000181447 0.000187656 0.000202791 0.000221416 0.000250961 0.000292431 0.000321016 0.000318437 0.00025708 0.00011329 -0.000158444 -0.000563322 -0.00110225 -0.00177122 -0.0025469 -0.0033761 -0.00423267 -0.00505212 -0.00580203 -0.00641336 -0.00684065 -0.00707056 -0.00707936 -0.00685576 -0.00639626 -0.00571835 -0.00485782 -0.00386056 -0.00277683 -0.0016664 -0.000571569 0.000463183 0.00142959 0.00226689 0.00294988 0.0034572 0.00378634 0.00396721 0.00401986 0.00396926 0.00381283 0.00357126 0.00327173 0.00296401 0.00267192 0.00239356 0.00212046 0.00186218 0.00162593 0.00143574 0.00129846 0.00117705 0.00105537 0.000941451 0.000866493 0.000817392 0.000780841 0.000732475 0.000672469 0.000637401 0.00062995 0.000627017 0.000594887 0.000558903 0.000544577 0.000552015 0.000558258 0.000536981 0.00051099 0.000504854 0.00052593 
0 4.04367e-05 9.23199e-05 0.000135588 0.000189979 0.000231319 0.000284139 0.000329146 0.000386516 0.000451252 0.000507726 0.000574843 0.000637366 0.000727933 0.000825453 0.000934316 0.00105265 0.00119096 0.00136901 0.00157892 0.0018363 0.0021183 0.00244247 0.00284229 0.00330989 0.00382503 0.00437918 0.0049672 0.00556835 0.0061649 0.00673401 0.0071949 0.00749879 0.00761713 0.00750031 0.00712175 0.00643736 0.0054304 0.00408922 0.00243962 0.000539415 -0.00153362 -0.00369937 -0.00590411 -0.0080451 -0.0100101 -0.0117154 -0.0130755 -0.0140054 -0.0144702 -0.0144595 -0.014008 -0.013161 -0.0119457 -0.0104561 -0.00879885 -0.00706467 -0.00534684 -0.00374542 -0.0023465 -0.00119113 -0.000299626 0.000310401 0.000679621 0.000858711 0.000905521 0.000854351 0.000742422 0.000639708 0.00053476 0.000437869 0.000368543 0.000302222 0.000262389 0.000252834 0.000229656 0.000215504 0.00019868 0.00018408 0.000173424 0.000159557 0.000158751 0.000163376 0.00015519 0.000155359 0.000145048 0.000138161 0.00014423 0.000134309 0.000119649 0.00012245 0.00012256 0.000127996 0.000133879 0.000121658 0.000116324 0.000126472 0.000125608 0.00012487 0.000124952 0.000118304 0.000129215 0.000144815 0.000140294 0.000139132 0.000141999 0.000143998 0.000159649 0.000165849 0.000154695 0.000163514 0.00018 0.000194396 0.000212147 0.00021123 0.000207192 0.000227182 0.00024328 0.000265257 0.000288697 0.000311235 0.000340049 0.00035895 0.000373421 0.000392211 0.000391639 0.000397443 0.0003785 0.000346978 0.000348781 0.000358167 0.000380132 0.000440344 0.000506964 0.000582831 0.000634549 0.000618165 0.000489016 0.000178878 -0.000356267 -0.0011562 -0.00222966 -0.00354675 -0.00506862 -0.00673587 -0.00844002 -0.0100614 -0.0115118 -0.0127208 -0.0135841 -0.0140365 -0.0140475 -0.0135922 -0.0126748 -0.0113282 -0.0096248 -0.00766848 -0.00554844 -0.00334944 -0.00118644 0.000878856 0.00277287 0.00441434 0.00575259 0.00676063 0.00744909 0.00782985 0.00795415 0.00785032 0.00755019 0.00710255 0.00654991 0.00596379 0.00538049 0.00480349 0.00426071 0.00376049 0.00331089 0.00292408 0.0026112 0.00235288 0.00210845 0.00191467 0.00175712 0.0016358 0.00154111 0.0014525 0.00137205 0.00129539 0.00126407 0.00122709 0.0011851 0.00114182 0.00111057 0.00110243 0.00108508 0.00107291 0.00104118 0.00103496 0.00104199 
0 7.01598e-05 0.000135588 0.000205858 0.000269613 0.000352944 0.000426565 0.000498139 0.000581071 0.000671773 0.000776052 0.000869295 0.000980415 0.00110401 0.00125689 0.00142515 0.00160697 0.00183034 0.00208762 0.00241098 0.00279199 0.0032308 0.00372953 0.00432843 0.0050227 0.00578228 0.00660634 0.00748043 0.00835774 0.00921668 0.0100197 0.0106569 0.0110781 0.0112057 0.0110102 0.0104025 0.00936278 0.00785222 0.00585923 0.00344875 0.000652251 -0.00237998 -0.005572 -0.00880514 -0.0119402 -0.0148267 -0.0173362 -0.0193271 -0.0207008 -0.0214005 -0.021436 -0.0207899 -0.0195291 -0.0177584 -0.0155773 -0.0131493 -0.0105646 -0.0080309 -0.00567994 -0.00360254 -0.00187105 -0.000547385 0.000393809 0.000956108 0.00122957 0.00129068 0.00122771 0.00108732 0.000928301 0.000782511 0.000652234 0.00053404 0.000443377 0.000405321 0.000372753 0.000345296 0.000319677 0.000295209 0.00027232 0.000270622 0.000251267 0.000248828 0.000241795 0.000239227 0.000218887 0.000216574 0.000218009 0.000221107 0.000205602 0.000196478 0.000170611 0.000184308 0.00019571 0.00019486 0.000188794 0.000191248 0.000180662 0.00019788 0.000188119 0.000177101 0.000182553 0.000201754 0.000209635 0.000228925 0.000210635 0.000207201 0.000220512 0.000236175 0.00023914 0.000252522 0.000248109 0.000275801 0.00029943 0.000311661 0.00030556 0.00032094 0.000339876 0.000379068 0.00040936 0.000440566 0.000460325 0.000506949 0.000535738 0.000562429 0.000585208 0.000599279 0.000581968 0.000556298 0.000523337 0.000509641 0.00051669 0.000556194 0.000620681 0.0007209 0.000845702 0.000916914 0.000876878 0.000655163 0.000191684 -0.000628305 -0.0018251 -0.0034085 -0.00537035 -0.00764555 -0.0100833 -0.0125856 -0.0149665 -0.0171286 -0.0188929 -0.0201315 -0.0207896 -0.0207896 -0.0200979 -0.0187214 -0.0167328 -0.0142463 -0.0113856 -0.00827146 -0.00505243 -0.00185814 0.00116272 0.00395132 0.006351 0.00832394 0.009844 0.0108979 0.0115186 0.0117266 0.0115995 0.0111836 0.0105662 0.00979991 0.00896314 0.00809684 0.00723437 0.00642083 0.00570046 0.00504653 0.00446272 0.00397183 0.00355055 0.00320513 0.00292229 0.00269726 0.00248034 0.00230974 0.00218934 0.00208358 0.00198925 0.001896 0.00182698 0.00176887 0.0017374 0.00169879 0.0016448 0.00161121 0.00159599 0.00159491 0.00157501 0.00155562 
0 9.0192e-05 0.000189979 0.000269613 0.000368015 0.000460978 0.000576048 0.000675947 0.000785124 0.000904855 0.00102749 0.00118142 0.00133305 0.00151229 0.00169876 0.00192383 0.00219626 0.00251399 0.00287916 0.00329075 0.00380388 0.00440611 0.005102 0.0059071 0.00680349 0.00778494 0.00886233 0.0100082 0.0111453 0.0122166 0.0131892 0.0139548 0.0144381 0.0145684 0.0142364 0.013378 0.0119394 0.00992141 0.00732628 0.00419419 0.000597415 -0.00333916 -0.00746683 -0.0116522 -0.0156957 -0.0194015 -0.0226289 -0.025232 -0.0270552 -0.0280175 -0.0280807 -0.0272816 -0.0256949 -0.0233936 -0.0205575 -0.0173897 -0.0140586 -0.0107477 -0.00764722 -0.00491963 -0.00265163 -0.000888902 0.000342245 0.00110828 0.00150187 0.00162939 0.00156324 0.00137719 0.00118851 0.00099592 0.000820428 0.000693695 0.000580948 0.000514862 0.000492428 0.000449738 0.000420052 0.000390768 0.000367972 0.000355077 0.000337425 0.000337005 0.000338954 0.000317373 0.000303388 0.000281137 0.000272905 0.000288534 0.000280579 0.000262097 0.000263276 0.00026095 0.000263015 0.000262586 0.000238311 0.000230971 0.00025307 0.000264279 0.000269904 0.000268986 0.000254562 0.000264993 0.000283214 0.000276358 0.000275902 0.000286968 0.00030252 0.000336224 0.000348891 0.000330115 0.000335032 0.000356423 0.000381642 0.000415415 0.00042486 0.000432781 0.000473749 0.000508236 0.000545891 0.000582668 0.000619372 0.000670822 0.000709818 0.000743059 0.000777027 0.000774673 0.000769892 0.000724447 0.000661541 0.000653132 0.000661719 0.000695161 0.000789379 0.000901617 0.00102838 0.001104 0.00104337 0.000755958 0.000112599 -0.000977957 -0.00258062 -0.00469787 -0.00726775 -0.0102098 -0.0134064 -0.0166668 -0.0197693 -0.0225406 -0.0248254 -0.0264271 -0.0272239 -0.0271631 -0.026222 -0.0244335 -0.0218681 -0.0186524 -0.0149562 -0.0109376 -0.00676379 -0.00264915 0.00127067 0.00486264 0.00799062 0.0105833 0.0126012 0.014042 0.0149002 0.0152428 0.0151362 0.0146659 0.0139271 0.0129823 0.0119296 0.0108282 0.00971448 0.00866604 0.00771403 0.00685106 0.00607434 0.00540435 0.00484071 0.00435163 0.00397614 0.00365387 0.00336232 0.00312148 0.00294039 0.00280803 0.00266851 0.00255848 0.00244532 0.00237218 0.00232873 0.00227604 0.00221457 0.00215116 0.00214417 0.00212894 0.00211375 0.00207996 
0 0.000111739 0.000231319 0.000352944 0.000460978 0.000585888 0.000718749 0.000859491 0.00100327 0.00114294 0.00130629 0.0014929 0.00171156 0.00193237 0.002173 0.00246064 0.00281575 0.0032448 0.00371014 0.00424794 0.00489563 0.00567379 0.00656654 0.00757706 0.00868595 0.00988391 0.0111905 0.0125677 0.0139059 0.0151395 0.0162218 0.0170399 0.0175271 0.0175657 0.0170685 0.0159145 0.0140887 0.011584 0.00841174 0.004641 0.000305209 -0.00441942 -0.00939239 -0.0144142 -0.0192594 -0.0237136 -0.0276048 -0.0307431 -0.0329699 -0.0341763 -0.0343338 -0.0334139 -0.031505 -0.0287613 -0.0253599 -0.0215443 -0.0174824 -0.0134612 -0.00969703 -0.00635162 -0.00354421 -0.00136374 0.00020652 0.00118709 0.00170073 0.00186831 0.0018151 0.00162427 0.00139359 0.00117259 0.000977332 0.000813297 0.000692763 0.000639177 0.000597353 0.000555934 0.000516717 0.00048053 0.000450915 0.00044608 0.000424847 0.000422368 0.000411948 0.000396886 0.000362782 0.000350544 0.000351914 0.000361798 0.000348141 0.000334447 0.000305673 0.000317181 0.000326044 0.000319542 0.000304446 0.000304669 0.000303421 0.000331076 0.000327338 0.000315132 0.000314944 0.000333335 0.000343807 0.000362929 0.000346467 0.000349166 0.000374198 0.000404708 0.000414883 0.000425369 0.000419246 0.000450686 0.000484537 0.000510585 0.000516516 0.000545306 0.000583731 0.000640964 0.000686642 0.000730779 0.000764714 0.000830611 0.000880179 0.000923848 0.000955748 0.000962073 0.000922838 0.000863284 0.000797418 0.000766025 0.000766823 0.000810902 0.00089657 0.00102784 0.00118298 0.00125443 0.00114319 0.000735276 -8.3054e-05 -0.00146922 -0.00346093 -0.00605504 -0.00920907 -0.0128158 -0.0166732 -0.0206097 -0.0243556 -0.0277272 -0.0304575 -0.0323347 -0.0332545 -0.0331296 -0.0319449 -0.0297433 -0.0266354 -0.0227761 -0.0183386 -0.0135062 -0.00850682 -0.00355728 0.00113419 0.00546404 0.00924267 0.0124105 0.0149225 0.0167452 0.0178985 0.0184167 0.0184083 0.0179524 0.0171581 0.016097 0.0148803 0.0135842 0.0122657 0.0109929 0.0098222 0.00873937 0.00776571 0.006933 0.00620915 0.00558781 0.0050704 0.00465617 0.00428825 0.00398672 0.00374433 0.00353489 0.00336595 0.00322641 0.00310859 0.00299222 0.00290939 0.00284457 0.00278198 0.00273292 0.00268974 0.00265796 0.002632 0.00262236 
0 0.000132753 0.000284139 0.000426565 0.000576048 0.000718749 0.000880401 0.00104222 0.00121986 0.00140922 0.00160563 0.00183335 0.00208012 0.00236809 0.0026871 0.00305972 0.00349681 0.00401022 0.00460851 0.00530108 0.0061236 0.0070652 0.00813183 0.00934084 0.0106682 0.0120847 0.0135824 0.0151148 0.0165881 0.0179271 0.0190697 0.0198851 0.020277 0.0201579 0.019415 0.0179639 0.0157535 0.0127865 0.00908209 0.00470315 -0.000264836 -0.0056677 -0.0113296 -0.0170582 -0.0225968 -0.027694 -0.032153 -0.035779 -0.0383766 -0.0398272 -0.0400651 -0.0390921 -0.0369794 -0.0338478 -0.0299342 -0.0255209 -0.0208505 -0.0161923 -0.0118024 -0.00789004 -0.00458678 -0.00197633 -9.53604e-05 0.00111391 0.00176923 0.0020164 0.00197962 0.00177542 0.00153819 0.00129827 0.00108088 0.000915382 0.000783072 0.000712362 0.000685597 0.000648118 0.000617142 0.00058302 0.000547657 0.000519836 0.000490022 0.000483356 0.00048436 0.00046919 0.000452641 0.000433251 0.000425635 0.000430646 0.000408832 0.000377483 0.000366783 0.000373598 0.000388803 0.000394134 0.000373046 0.000362066 0.000373867 0.000383245 0.000382615 0.000376396 0.000370016 0.000393181 0.000423632 0.000430433 0.00042645 0.000428749 0.000442306 0.000474662 0.000491924 0.000489358 0.000505497 0.000544514 0.000586977 0.000624647 0.000633958 0.000646075 0.000691778 0.000748121 0.000811111 0.000873318 0.000932067 0.00100062 0.00104998 0.00108744 0.0011149 0.00110259 0.00106692 0.000987055 0.000889884 0.000844162 0.000829427 0.000859499 0.000961693 0.00110168 0.00124619 0.00129155 0.00111524 0.000590911 -0.000438609 -0.00210061 -0.00446623 -0.00752937 -0.011212 -0.0153931 -0.0198891 -0.0244458 -0.0287616 -0.0325891 -0.0356885 -0.0378107 -0.0387987 -0.038581 -0.0371507 -0.0345798 -0.0309889 -0.0265555 -0.0214871 -0.0159869 -0.0102816 -0.00463515 0.000751734 0.00571149 0.0100775 0.0137688 0.016739 0.0189656 0.0204331 0.0211961 0.021339 0.0209674 0.0201908 0.0190909 0.0177833 0.0163522 0.0148617 0.0134035 0.0120306 0.0107499 0.00958401 0.00856597 0.00768405 0.00690409 0.00625747 0.00571826 0.00526493 0.00489344 0.00457955 0.00430996 0.00407841 0.0039208 0.00377801 0.00363863 0.00351429 0.00342283 0.00336813 0.00331216 0.00325952 0.00319162 0.00316691 0.00317031 
0 0.000161251 0.000329146 0.000498139 0.000675947 0.000859491 0.00104222 0.00122675 0.00144119 0.0016856 0.00193987 0.00219995 0.00249191 0.00284787 0.00326838 0.00373828 0.00425831 0.00486847 0.00559917 0.00646575 0.00746016 0.0085654 0.00979884 0.0111948 0.0127283 0.01434 0.0159908 0.0176306 0.0191766 0.0205591 0.0216905 0.0224242 0.0226565 0.0222981 0.0212672 0.0194752 0.0168822 0.0134792 0.00928981 0.00439379 -0.00111601 -0.00706888 -0.0132929 -0.0195798 -0.0256699 -0.0313023 -0.0362526 -0.0402961 -0.0432308 -0.044917 -0.0452789 -0.0442841 -0.0420006 -0.0385843 -0.034275 -0.0293708 -0.0241423 -0.0189126 -0.0139677 -0.00953073 -0.00576004 -0.0027632 -0.000565713 0.000872807 0.00168065 0.00201618 0.00203109 0.00185476 0.00161507 0.00137164 0.00115366 0.000980373 0.000856714 0.000797449 0.000766209 0.000732162 0.000698831 0.000664819 0.000633828 0.000614333 0.000590185 0.000581926 0.000572387 0.000550007 0.000517793 0.000498513 0.000497134 0.000504154 0.000487794 0.000461482 0.000439955 0.000446763 0.000457794 0.000454065 0.000434448 0.000426998 0.000435792 0.000457515 0.000459742 0.000450357 0.00044674 0.0004658 0.000488414 0.000503068 0.00049744 0.000502363 0.000527234 0.000563652 0.000583846 0.000591747 0.000600436 0.000636647 0.000681026 0.000718944 0.000738402 0.000770754 0.000825894 0.000896242 0.000963229 0.0010247 0.00108045 0.00115117 0.00120834 0.0012517 0.00127489 0.00125648 0.00118998 0.00108418 0.000967889 0.000890961 0.000854326 0.000870026 0.000949547 0.0010774 0.00120646 0.00121292 0.00095688 0.000293132 -0.000936407 -0.00288496 -0.00561341 -0.00910784 -0.0132884 -0.0180083 -0.0230386 -0.0281113 -0.0329025 -0.0371354 -0.0405143 -0.042783 -0.0437925 -0.0434667 -0.0418095 -0.0389021 -0.0348933 -0.0299825 -0.0243894 -0.0183366 -0.0120749 -0.00586409 7.45262e-05 0.00557681 0.0104605 0.0146339 0.0180433 0.0206563 0.022471 0.0235238 0.023898 0.0236844 0.0229921 0.0219184 0.0205842 0.0190804 0.0174782 0.0158691 0.0143245 0.0128634 0.0115179 0.0103225 0.00926659 0.00833751 0.00754777 0.00688459 0.0063182 0.0058527 0.00546835 0.00513531 0.00485178 0.00463329 0.00445631 0.00429586 0.00415494 0.00404033 0.00395465 0.00388734 0.00382723 0.00376586 0.00372914 0.00371764 
0 0.000194111 0.000386516 0.000581071 0.000785124 0.00100327 0.00121986 0.00144119 0.00169073 0.00197383 0.00227675 0.00259446 0.00295665 0.00338432 0.00388573 0.00445222 0.00509298 0.00584151 0.00671968 0.00774434 0.00890693 0.0101974 0.0116226 0.0131972 0.0148912 0.0166425 0.0183997 0.0200994 0.0216548 0.0229886 0.0240049 0.0245693 0.0245744 0.0239303 0.0225648 0.0204046 0.0174244 0.0136203 0.00901832 0.00369544 -0.00224411 -0.00862742 -0.0152773 -0.0219801 -0.0284816 -0.0345223 -0.0398635 -0.0442639 -0.0475004 -0.0494053 -0.0498863 -0.0489068 -0.0465284 -0.0429128 -0.0383027 -0.0330064 -0.027326 -0.0216069 -0.0161668 -0.0112587 -0.00706745 -0.00371234 -0.00122062 0.000450239 0.00143142 0.0018834 0.00196653 0.00182854 0.00160022 0.00136369 0.00115558 0.000993499 0.000888858 0.000844079 0.0008218 0.000799005 0.000769676 0.000738867 0.000710409 0.000690623 0.000671058 0.000662839 0.000650461 0.000624839 0.000586312 0.000563211 0.0005613 0.000566662 0.000554428 0.000531246 0.000509905 0.000514207 0.000520752 0.000510516 0.000489818 0.00048242 0.000494064 0.000521265 0.000529009 0.000520285 0.000516478 0.000529941 0.000548822 0.000564528 0.000563755 0.000574036 0.000606458 0.000645921 0.00066912 0.000679107 0.000686875 0.00072164 0.000770403 0.000814121 0.00084603 0.000889585 0.000950758 0.00102721 0.0010985 0.00116341 0.00122519 0.00129683 0.00135719 0.00139869 0.00140862 0.0013718 0.00127443 0.00113543 0.000989579 0.000879913 0.000819298 0.000815314 0.000868816 0.000966912 0.00104892 0.000990907 0.000641458 -0.000164566 -0.00159859 -0.00382051 -0.00689148 -0.0107853 -0.0154053 -0.0205824 -0.026069 -0.0315708 -0.0367435 -0.0412767 -0.0448524 -0.0472086 -0.0481908 -0.0477354 -0.0458666 -0.0426787 -0.0383304 -0.0330334 -0.0270237 -0.0205481 -0.0138721 -0.00724896 -0.000892969 0.0050353 0.0103595 0.0149648 0.0187787 0.0217647 0.0239342 0.0253256 0.0260057 0.0260394 0.0255148 0.0245422 0.0232549 0.0217555 0.0201153 0.018412 0.0167227 0.0150944 0.0135801 0.0122151 0.0109873 0.00989422 0.00894767 0.00814669 0.00745979 0.0068844 0.00641102 0.00601153 0.00567381 0.00538926 0.00515725 0.00496992 0.00481996 0.00468606 0.00456014 0.00446379 0.00440284 0.00435976 0.00431448 0.0042723 
0 0.000222336 0.000451252 0.000671773 0.000904855 0.00114294 0.00140922 0.0016856 0.00197383 0.00228503 0.00262738 0.00303405 0.0034862 0.00399415 0.0045621 0.00523069 0.0060251 0.00693721 0.0079749 0.0091444 0.0104764 0.0119601 0.0135814 0.0153163 0.0171268 0.0189649 0.0207739 0.022471 0.023966 0.0251654 0.025976 0.0262897 0.0259913 0.025015 0.0232758 0.0207471 0.0173953 0.0132308 0.00828456 0.0026153 -0.00363597 -0.010324 -0.0172556 -0.0242396 -0.031032 -0.0373724 -0.043006 -0.0476859 -0.0511639 -0.0532636 -0.0538618 -0.0529414 -0.0505459 -0.0468072 -0.0419873 -0.036389 -0.0303661 -0.0242524 -0.0183962 -0.0130839 -0.00851725 -0.00481437 -0.00204411 -0.00014038 0.00101464 0.00159226 0.00175409 0.00167092 0.00148623 0.00127758 0.00108994 0.000956259 0.000874823 0.00084309 0.000851291 0.000849155 0.000836997 0.000815687 0.000789138 0.000756343 0.00073602 0.000722027 0.000715103 0.00069048 0.000667679 0.000643895 0.000637813 0.000634704 0.000615078 0.00057771 0.00056719 0.000566099 0.000578518 0.000579318 0.000561202 0.000546983 0.000563131 0.00057106 0.000578641 0.000574646 0.000572237 0.000590961 0.000625902 0.000635003 0.000644352 0.000651689 0.000672737 0.000708461 0.000739444 0.000748331 0.000779202 0.000820493 0.00087454 0.000922292 0.000958894 0.00099448 0.00106247 0.0011401 0.00122552 0.00130118 0.00137965 0.00144688 0.00150061 0.00152637 0.00151452 0.00144256 0.00132303 0.00114827 0.000961839 0.000814131 0.000714809 0.000670944 0.000696488 0.000756656 0.000776789 0.000636847 0.000170439 -0.000794158 -0.0024506 -0.00492427 -0.00829672 -0.0125398 -0.0175343 -0.0230903 -0.0289633 -0.0348026 -0.0402605 -0.0449776 -0.0486629 -0.0510533 -0.0519774 -0.0513949 -0.0493346 -0.0459081 -0.041283 -0.0356883 -0.0293842 -0.02263 -0.0156758 -0.00877623 -0.00211265 0.00412312 0.0097907 0.0147511 0.0189258 0.0222874 0.0248273 0.0265958 0.0276227 0.027969 0.0276996 0.0269241 0.0257689 0.0243394 0.0227142 0.0209748 0.0191912 0.0174359 0.0157708 0.0142367 0.0128444 0.0115812 0.0104774 0.00952107 0.00870848 0.00801448 0.007431 0.00695047 0.00654216 0.00620435 0.0059084 0.00567826 0.00549675 0.00534101 0.00519734 0.00507106 0.00499997 0.00494781 0.00490231 0.00484924 
0 0.00025288 0.000507726 0.000776052 0.00102749 0.00130629 0.00160563 0.00193987 0.00227675 0.00262738 0.00304016 0.00351964 0.00407541 0.00466944 0.00534636 0.00614114 0.0070825 0.00815989 0.00935486 0.0106979 0.0121942 0.0138496 0.0156289 0.0174875 0.0193807 0.0212577 0.0230489 0.0246725 0.0260289 0.0270304 0.0275703 0.0275589 0.0269099 0.0255425 0.0234305 0.0205257 0.0168307 0.0123436 0.00710405 0.00119249 -0.00527159 -0.0121285 -0.0192219 -0.0263559 -0.0333129 -0.0398478 -0.0456877 -0.050554 -0.0542217 -0.0564878 -0.0572397 -0.0564063 -0.0540225 -0.0502554 -0.0453226 -0.0395266 -0.0332256 -0.0268097 -0.020633 -0.014977 -0.0100765 -0.00608797 -0.00304301 -0.000924584 0.000401475 0.00110406 0.00137513 0.00138739 0.00125797 0.00110365 0.000968741 0.000857133 0.000816889 0.000827109 0.000845798 0.000876459 0.000883069 0.000873291 0.000856912 0.000836622 0.000817872 0.000803361 0.00078591 0.000767985 0.000734854 0.000720126 0.000717383 0.000705216 0.00068386 0.00065766 0.000628854 0.000636065 0.000648056 0.000640492 0.000631822 0.000625633 0.00062182 0.000642773 0.000646021 0.000637005 0.000648052 0.000667177 0.000689184 0.000719005 0.000721428 0.000728696 0.000758914 0.000788455 0.000815904 0.000849439 0.000873736 0.000921471 0.000980586 0.0010249 0.00106595 0.00112197 0.0011883 0.00128013 0.00136812 0.00144868 0.00151933 0.00158113 0.00162808 0.00163749 0.00159546 0.00150629 0.00133184 0.00111815 0.000900723 0.000688053 0.000535317 0.000447767 0.000406588 0.000408133 0.000360737 0.000126386 -0.000467583 -0.00161114 -0.00346088 -0.00618128 -0.0098208 -0.014348 -0.0196627 -0.0255527 -0.0317072 -0.0377809 -0.0434103 -0.0482479 -0.0519527 -0.0542957 -0.0551438 -0.054438 -0.0522184 -0.0485879 -0.0437556 -0.0379714 -0.0314939 -0.0245823 -0.0174859 -0.0104097 -0.00356302 0.00289171 0.00879622 0.0140321 0.0185323 0.0222496 0.0251873 0.0273337 0.0287316 0.0294232 0.0294797 0.0289975 0.0280612 0.0267653 0.0252089 0.0234855 0.0216844 0.0198662 0.0180853 0.0163942 0.014825 0.013417 0.0121502 0.0110423 0.0100763 0.0092476 0.00855183 0.00795996 0.00748062 0.00706584 0.00672683 0.0064354 0.00620162 0.00601884 0.00586016 0.0057364 0.00562061 0.0055474 0.0054865 0.00545283 
0 0.000283181 0.000574843 0.000869295 0.00118142 0.0014929 0.00183335 0.00219995 0.00259446 0.00303405 0.00351964 0.0040777 0.00469905 0.00541917 0.00624311 0.0071874 0.00827181 0.00949242 0.0108735 0.0123993 0.0140686 0.0158642 0.0177617 0.019705 0.0216325 0.0234867 0.025193 0.0266571 0.027804 0.0285232 0.0287169 0.0283309 0.0272777 0.0255294 0.023019 0.0197618 0.0157332 0.0109703 0.00553093 -0.000539349 -0.00709073 -0.0140265 -0.0211688 -0.0283492 -0.0353583 -0.0419593 -0.047888 -0.052893 -0.0567085 -0.0591261 -0.0599843 -0.0592631 -0.0569733 -0.0532168 -0.0482432 -0.042337 -0.0358948 -0.0292552 -0.0228051 -0.0168808 -0.0117305 -0.00748557 -0.00424071 -0.0019171 -0.000406523 0.000456965 0.00084261 0.000945872 0.000903712 0.000814277 0.000733199 0.000696795 0.000705393 0.000739508 0.00080983 0.000864168 0.000895067 0.000909471 0.000910698 0.00089154 0.00089087 0.000876127 0.000864231 0.000832554 0.000809657 0.000780478 0.000771221 0.000763647 0.000753443 0.000723549 0.000722031 0.000707249 0.000707155 0.000699807 0.000684286 0.000671721 0.000695131 0.000701031 0.000718735 0.000722184 0.000721952 0.000729794 0.00075973 0.000763485 0.000788076 0.000809437 0.00084007 0.000878595 0.000918313 0.000929099 0.000968646 0.00100619 0.00106298 0.00112144 0.00118606 0.0012431 0.00132782 0.00141109 0.00150102 0.00157278 0.00165069 0.00169638 0.00172712 0.00171727 0.00164877 0.00150315 0.00130156 0.00103283 0.000746867 0.000484041 0.00027233 0.00011561 1.83509e-05 -6.23495e-05 -0.000224965 -0.00057885 -0.00129834 -0.00257779 -0.00462534 -0.00754177 -0.011417 -0.0162104 -0.0217741 -0.0278735 -0.0342346 -0.040456 -0.0461826 -0.0510143 -0.0546888 -0.0569755 -0.057705 -0.0568603 -0.054491 -0.0507379 -0.0457957 -0.0399132 -0.033362 -0.0264033 -0.0192555 -0.0121355 -0.00520024 0.00134174 0.00740251 0.0128498 0.017619 0.0216771 0.0249712 0.0275147 0.0292977 0.0303867 0.0308294 0.0307038 0.0300635 0.028983 0.0275742 0.0259442 0.024175 0.0223463 0.0204958 0.0186722 0.0169563 0.0153872 0.013979 0.0127008 0.0115793 0.0106022 0.00977386 0.00908073 0.00848745 0.00800101 0.00758932 0.00725172 0.00695828 0.00672556 0.00655598 0.00641013 0.00628178 0.00616445 0.00610052 0.00607378 
0 0.000325553 0.000637366 0.000980415 0.00133305 0.00171156 0.00208012 0.00249191 0.00295665 0.0034862 0.00407541 0.00469905 0.00542429 0.00627053 0.00726112 0.00836197 0.00959286 0.0109795 0.0125298 0.0142354 0.0160513 0.0179696 0.0199509 0.0219254 0.0238258 0.0255965 0.027146 0.0283908 0.0292404 0.0296053 0.0293909 0.0285749 0.0271162 0.024953 0.0220769 0.018468 0.0141579 0.00918449 0.00361629 -0.00249335 -0.00905569 -0.0159682 -0.0230835 -0.0302136 -0.0371733 -0.0437584 -0.0497098 -0.05475 -0.0586553 -0.0611809 -0.0621757 -0.0615526 -0.059332 -0.0556669 -0.0507435 -0.0448244 -0.0382887 -0.0315289 -0.0249266 -0.0188041 -0.0134416 -0.00901215 -0.00555247 -0.00305148 -0.00138293 -0.000386403 0.00013506 0.000361767 0.000404927 0.000399588 0.000406419 0.000424859 0.000511284 0.000620918 0.000720557 0.0008229 0.000885152 0.000916895 0.000938447 0.000944531 0.000948115 0.00093765 0.000915811 0.000893553 0.000864036 0.000849721 0.000843959 0.000827153 0.000811737 0.000793956 0.000768527 0.000763607 0.000763665 0.000750994 0.00074931 0.00074866 0.000744368 0.000762635 0.00077076 0.000769079 0.000786664 0.000799217 0.00081426 0.000843854 0.000857094 0.00087679 0.000914123 0.000944347 0.000979376 0.00102274 0.0010577 0.00110589 0.00116531 0.00121836 0.00128274 0.00136074 0.00144274 0.00153848 0.00162588 0.0017001 0.00175888 0.00179241 0.00180933 0.00176942 0.00165487 0.00147342 0.00118962 0.000861206 0.000530965 0.000187864 -9.26547e-05 -0.00031438 -0.000507467 -0.000684321 -0.000945908 -0.0014178 -0.0022744 -0.00372425 -0.00592268 -0.00902872 -0.0130863 -0.0180496 -0.023792 -0.030058 -0.0365057 -0.0427654 -0.048491 -0.0533176 -0.0569143 -0.0590782 -0.0596921 -0.0587233 -0.0562498 -0.0524013 -0.0474169 -0.0415364 -0.0350036 -0.0280731 -0.0209785 -0.0138973 -0.00701106 -0.000461488 0.00565897 0.0112512 0.016248 0.0205793 0.0242198 0.0271328 0.0293424 0.0308656 0.0317362 0.0320074 0.0317094 0.0309254 0.0297624 0.0283006 0.0266169 0.0248051 0.0229312 0.0210506 0.0192222 0.0175203 0.0159374 0.0145065 0.0132309 0.012105 0.0111377 0.0103039 0.00960936 0.00900586 0.00852395 0.00811715 0.0077726 0.00749142 0.00726451 0.00710321 0.00694775 0.00683735 0.0067496 0.00670982 
0 0.000369098 0.000727933 0.00110401 0.00151229 0.00193237 0.00236809 0.00284787 0.00338432 0.00399415 0.00466944 0.00541917 0.00627053 0.00726092 0.00839257 0.00965483 0.0110666 0.0126257 0.0143416 0.0161881 0.0181304 0.0201346 0.0221447 0.0240863 0.0258954 0.0275108 0.0288347 0.0297679 0.0302593 0.0302192 0.0295751 0.028327 0.0264311 0.0238752 0.0206327 0.0167426 0.0122076 0.00708502 0.00145279 -0.00465737 -0.0111412 -0.0179482 -0.0249348 -0.0319402 -0.0387866 -0.0452711 -0.0511459 -0.0561722 -0.0601045 -0.0627087 -0.0637964 -0.0633104 -0.0612341 -0.0576564 -0.0527964 -0.0469185 -0.0404133 -0.033621 -0.0269289 -0.0206942 -0.0152026 -0.0106099 -0.00701472 -0.00436017 -0.00254125 -0.00140152 -0.000756307 -0.00040745 -0.000237938 -0.000135759 -3.911e-05 8.01744e-05 0.000235405 0.000396736 0.000576098 0.000736567 0.000851692 0.000925758 0.000964871 0.000968807 0.00098258 0.000974472 0.000968495 0.000955302 0.00094959 0.000930494 0.000914243 0.000888864 0.000870014 0.000844747 0.000841214 0.000825184 0.000825312 0.000823128 0.000821904 0.000814765 0.000821873 0.000815817 0.00082705 0.000835884 0.000851878 0.000866301 0.000896665 0.000910694 0.000940139 0.000964375 0.00099099 0.00101889 0.00106133 0.00109416 0.00115381 0.00120809 0.00127304 0.00133648 0.00141063 0.00147648 0.00155883 0.00164309 0.00173655 0.00181243 0.00188054 0.00189254 0.00186743 0.00177878 0.00160863 0.0013529 0.00102811 0.000638509 0.000225565 -0.000192696 -0.000567054 -0.000890378 -0.00117031 -0.00144748 -0.00183414 -0.00243595 -0.00342099 -0.00499659 -0.00735455 -0.0105907 -0.0147803 -0.0198724 -0.025707 -0.032019 -0.0385015 -0.0447548 -0.0504284 -0.0551259 -0.0585967 -0.0606502 -0.0611401 -0.0600639 -0.0575061 -0.053638 -0.0486794 -0.0428624 -0.0364296 -0.0296274 -0.0226602 -0.0157072 -0.00891037 -0.00243571 0.00368186 0.00934275 0.014483 0.0190479 0.0229732 0.0262543 0.0288677 0.0308323 0.0321458 0.0328442 0.0329511 0.032534 0.0316929 0.0304778 0.0289452 0.0272146 0.0253737 0.0234844 0.0216056 0.0197795 0.0180433 0.0164449 0.0150312 0.0137619 0.012633 0.0116572 0.0108286 0.010128 0.0095398 0.00905929 0.00865639 0.00832065 0.00804206 0.00782235 0.00766146 0.0075421 0.00744494 0.00736757 
0 0.000417102 0.000825453 0.00125689 0.00169876 0.002173 0.0026871 0.00326838 0.00388573 0.0045621 0.00534636 0.00624311 0.00726112 0.00839257 0.00967069 0.0111016 0.0126938 0.0144227 0.0162779 0.0182438 0.0202667 0.0222956 0.0242673 0.0261157 0.0277749 0.0291709 0.030186 0.0307469 0.030823 0.0303582 0.0292812 0.0275915 0.0252727 0.0223176 0.0187609 0.0146332 0.0099485 0.00474379 -0.000902908 -0.006944 -0.0133014 -0.019931 -0.0267241 -0.033534 -0.0402015 -0.0465361 -0.0522911 -0.0572216 -0.0611276 -0.0637692 -0.0649552 -0.0645757 -0.0626118 -0.0591718 -0.0544374 -0.0486575 -0.042212 -0.0354631 -0.0287816 -0.0225094 -0.0169458 -0.0122711 -0.00855681 -0.00578986 -0.0038579 -0.00260068 -0.00181853 -0.00133229 -0.0010375 -0.000814179 -0.000595956 -0.000374986 -0.000115994 0.000136076 0.000371756 0.000590018 0.000755086 0.000868457 0.000950322 0.000997407 0.00103176 0.00103549 0.00102427 0.00100992 0.000998694 0.000986206 0.000972213 0.000949362 0.000936106 0.000924988 0.000911569 0.000894819 0.000885539 0.000875776 0.000879949 0.000882025 0.000878884 0.00088356 0.000894079 0.000904348 0.000927041 0.000938517 0.000954137 0.000978849 0.00100639 0.00103854 0.00107493 0.0011042 0.00114595 0.00119456 0.00124889 0.00130357 0.00136509 0.0014308 0.00151439 0.00160237 0.00169156 0.00177859 0.00185916 0.00191944 0.00195244 0.00193306 0.00187626 0.00174534 0.00152327 0.00121074 0.000798641 0.000327558 -0.000163647 -0.000682993 -0.00115992 -0.00158787 -0.00198358 -0.00237689 -0.00287196 -0.00358567 -0.00468872 -0.00639249 -0.00885471 -0.012198 -0.0164669 -0.0216067 -0.0274689 -0.0337807 -0.0402011 -0.0463537 -0.0519048 -0.0564855 -0.0598133 -0.0617177 -0.0620966 -0.0609459 -0.058363 -0.0545077 -0.0496252 -0.0439376 -0.037669 -0.0310533 -0.0242865 -0.0175159 -0.0108845 -0.00452303 0.0015263 0.00718726 0.0124073 0.0171314 0.0213174 0.0249238 0.0279257 0.0303015 0.0320517 0.0332036 0.0337593 0.0337648 0.0332895 0.0323737 0.0310776 0.0295218 0.0277863 0.0259322 0.0240282 0.0221397 0.0202901 0.0185546 0.0169867 0.0155647 0.0142819 0.0131483 0.0121885 0.0113612 0.0106676 0.0100848 0.00960668 0.00921598 0.00888046 0.00861649 0.00841249 0.00827838 0.00815954 0.00806616 
0 0.000467321 0.000934316 0.00142515 0.00192383 0.00246064 0.00305972 0.00373828 0.00445222 0.00523069 0.00614114 0.0071874 0.00836197 0.00965483 0.0111016 0.0127027 0.014455 0.0163327 0.0183148 0.0203671 0.0224182 0.024415 0.0262966 0.0279916 0.0294235 0.0305144 0.0311598 0.0313005 0.0309266 0.0299995 0.0284708 0.0263518 0.0236406 0.020343 0.0165125 0.0122002 0.00742439 0.00221357 -0.00337074 -0.00928881 -0.015476 -0.0218926 -0.0284474 -0.0350103 -0.0414417 -0.047566 -0.0531513 -0.0579654 -0.0618066 -0.0644342 -0.0656559 -0.0653633 -0.0635239 -0.0602205 -0.0556259 -0.0499918 -0.0436779 -0.0370333 -0.0304216 -0.0241936 -0.0186457 -0.013953 -0.0101882 -0.0073383 -0.00530057 -0.003929 -0.00303043 -0.00242631 -0.00200915 -0.0016615 -0.00131526 -0.000963215 -0.00059142 -0.000241653 8.1311e-05 0.000375218 0.000606452 0.000775663 0.000898459 0.000978437 0.00103615 0.00105689 0.00105579 0.00105049 0.0010464 0.00103547 0.00101852 0.000996799 0.000987978 0.000985121 0.00097526 0.000952867 0.000935274 0.000924266 0.000930203 0.000936215 0.000934796 0.000938115 0.000950437 0.000966566 0.000989888 0.000999498 0.00101113 0.00103399 0.00106686 0.0011073 0.00114717 0.00117988 0.00122458 0.00127646 0.00133406 0.00139018 0.00145174 0.00152549 0.00161972 0.0017144 0.00180135 0.00187881 0.00194608 0.00199188 0.00200189 0.00194791 0.00184016 0.00165092 0.00135958 0.000965985 0.000469141 -9.35049e-05 -0.00068677 -0.00130755 -0.00189188 -0.00242797 -0.00293221 -0.0034426 -0.00406181 -0.00489433 -0.00609658 -0.00787984 -0.0104079 -0.0137975 -0.0180912 -0.0232273 -0.0290403 -0.0352561 -0.0415469 -0.0475584 -0.0529554 -0.0573789 -0.0605625 -0.0623451 -0.0626273 -0.0614186 -0.0588363 -0.0550562 -0.0503092 -0.0447975 -0.0387328 -0.0323448 -0.0258214 -0.0192912 -0.0128788 -0.0066915 -0.000761184 0.0048478 0.0100842 0.014904 0.0192763 0.0231624 0.0265149 0.0292875 0.0314706 0.033082 0.0341106 0.0345732 0.0345141 0.0339587 0.0329728 0.0316715 0.0301122 0.0283418 0.0264544 0.0245513 0.0226572 0.0208216 0.0190992 0.0175127 0.0160811 0.0148069 0.0136994 0.0127288 0.0119069 0.0112122 0.0106364 0.0101688 0.0097813 0.0094717 0.00921762 0.00903576 0.00889949 0.00881404 
0 0.000524225 0.00105265 0.00160697 0.00219626 0.00281575 0.00349681 0.00425831 0.00509298 0.0060251 0.0070825 0.00827181 0.00959286 0.0110666 0.0126938 0.014455 0.0163466 0.0183472 0.0204158 0.0224876 0.0245032 0.0264173 0.0281546 0.0296189 0.0307361 0.0314516 0.0316936 0.0313989 0.0305655 0.0291629 0.0271829 0.0246643 0.0216105 0.0180396 0.013991 0.00955126 0.00473928 -0.000417543 -0.00588174 -0.0116359 -0.0176208 -0.0238014 -0.0300885 -0.0363736 -0.0425414 -0.0484292 -0.0538128 -0.0584763 -0.0622055 -0.0647808 -0.0659974 -0.0657576 -0.0640229 -0.0608481 -0.0564062 -0.0509396 -0.0447973 -0.038316 -0.0318468 -0.0257353 -0.0202641 -0.0155962 -0.0118306 -0.00894154 -0.00684465 -0.00539106 -0.00439138 -0.00367277 -0.003127 -0.00265021 -0.00217607 -0.00168281 -0.00118734 -0.000723624 -0.000287094 9.74317e-05 0.000409651 0.000646496 0.000816005 0.000930651 0.00101544 0.00105293 0.00107004 0.00108029 0.0010958 0.00109256 0.00107512 0.00104981 0.0010376 0.00103056 0.00102706 0.00100141 0.000985296 0.000983236 0.000993081 0.000997271 0.000997075 0.000986479 0.000997151 0.00101939 0.00104448 0.00105955 0.00107986 0.00109937 0.00113975 0.00118031 0.00121257 0.00124335 0.0012932 0.00135046 0.00142586 0.00148964 0.0015539 0.00162992 0.00172529 0.00181431 0.0018959 0.00196052 0.00201852 0.00204689 0.0020323 0.00193597 0.00176373 0.00150167 0.00112848 0.000634447 4.64226e-05 -0.000615843 -0.00132046 -0.00204707 -0.00275305 -0.0034129 -0.00402994 -0.00464938 -0.00536844 -0.00629258 -0.00757607 -0.00941691 -0.01199 -0.0153776 -0.0196294 -0.0246855 -0.030377 -0.0364367 -0.0425527 -0.0483839 -0.0536078 -0.0578646 -0.0609102 -0.062585 -0.0627977 -0.0615795 -0.0590417 -0.0553747 -0.0507874 -0.0454768 -0.0396482 -0.0335215 -0.0272695 -0.0210127 -0.0148465 -0.00887037 -0.00309813 0.00241318 0.00761446 0.0124757 0.0169619 0.0210612 0.024705 0.027842 0.0304398 0.032494 0.033982 0.0349047 0.0353002 0.0351728 0.0345634 0.0335687 0.0322451 0.0306387 0.0288506 0.0269838 0.0250874 0.0231906 0.0213516 0.0196183 0.0180398 0.0166293 0.0153655 0.0142457 0.0132799 0.0124686 0.0117837 0.0112177 0.0107639 0.0103972 0.0100962 0.00985417 0.0096937 0.00960673 
0 0.000598542 0.00119096 0.00183034 0.00251399 0.0032448 0.00401022 0.00486847 0.00584151 0.00693721 0.00815989 0.00949242 0.0109795 0.0126257 0.0144227 0.0163327 0.0183472 0.0204382 0.0225283 0.02456 0.0264851 0.0282522 0.0297651 0.0309193 0.0316576 0.0319533 0.0317427 0.0310008 0.0297064 0.0278597 0.0254673 0.0225811 0.0192472 0.0154556 0.0112867 0.00678499 0.00199704 -0.00307177 -0.00840007 -0.0139554 -0.0197172 -0.025632 -0.0316359 -0.0376333 -0.0435242 -0.0491582 -0.0543226 -0.0587849 -0.0623716 -0.0648517 -0.0660499 -0.0658283 -0.0641568 -0.0611091 -0.0568141 -0.0515216 -0.0455637 -0.0392914 -0.0330248 -0.0270814 -0.0217369 -0.0171782 -0.013451 -0.010583 -0.0084744 -0.00697283 -0.00588556 -0.00506413 -0.00439858 -0.00378981 -0.00316953 -0.00254456 -0.00191003 -0.00130834 -0.000768242 -0.000272544 0.000136831 0.000445261 0.000679908 0.000853549 0.00096611 0.00103848 0.00107253 0.0011038 0.00112575 0.0011354 0.0011165 0.001092 0.00107956 0.00108737 0.00107444 0.00105994 0.00103971 0.00103434 0.0010466 0.00105827 0.00104275 0.00104504 0.00105078 0.00107376 0.00110447 0.00112315 0.00113091 0.00116815 0.00120381 0.00124919 0.00128665 0.0013176 0.00136093 0.0014369 0.00150664 0.0015796 0.00164601 0.00172805 0.00182247 0.00191844 0.00198637 0.00203797 0.00206736 0.00207664 0.00201203 0.0018635 0.00162545 0.00127623 0.000808328 0.0002276 -0.000479048 -0.00125175 -0.00206763 -0.00292672 -0.0037628 -0.00454508 -0.0052763 -0.00599681 -0.00678908 -0.00777066 -0.00910136 -0.0109799 -0.0135336 -0.0168862 -0.0210411 -0.025945 -0.031454 -0.0373256 -0.0432335 -0.0488621 -0.0538835 -0.0579871 -0.0608934 -0.062465 -0.0626561 -0.0614784 -0.0590488 -0.0555166 -0.051107 -0.0460145 -0.040443 -0.0346002 -0.028644 -0.0226592 -0.0167521 -0.010983 -0.00540546 -4.23403e-05 0.00507431 0.00991133 0.0144689 0.0186952 0.022562 0.025991 0.0289605 0.0314383 0.0333714 0.0347583 0.0356191 0.0359613 0.0357894 0.0351571 0.0341285 0.0327691 0.0311643 0.0294012 0.0275207 0.0256049 0.0237054 0.0218769 0.0201656 0.0185954 0.0171869 0.0159145 0.0148157 0.0138688 0.0130676 0.0123951 0.0118406 0.0114085 0.0110463 0.0107691 0.0105633 0.0104462 
