0 0 0 0 0 0 0 0 0 0 0 0 0 0 0 0 0 0 0 0 0 0 0 0 0 0 0 0 0 0 0 0 0 0 0 0 0 0 0 0 0 0 0 0 0 0 0 0 0 0 0 0 0 0 0 0 0 0 0 0 0 0 0 0 0 0 0 0 0 0 0 0 0 0 0 0 0 0 0 0 0 0 0 0 0 0 0 0 0 0 0 0 0 0 0 0 0 0 0 0 0 0 0 0 0 0 0 0 0 0 0 0 0 0 0 0 0 0 0 0 0 0 0 0 0 0 0 0 0 0 0 0 0 0 0 0 0 0 0 0 0 0 0 0 0 0 0 0 0 0 0 0 0 0 0 0 0 0 0 0 0 0 0 0 0 0 0 0 0 0 0 0 0 0 0 0 0 0 0 0 0 0 0 0 0 0 0 0 0 0 0 0 0 0 0 0 0 0 0 0 
0 5.09897e-05 7.07041e-05 8.10017e-05 0.000108742 0.000158153 0.000204569 0.000234876 0.000248497 0.000278502 0.000343991 0.000410116 0.000458864 0.000501738 0.000577308 0.000683814 0.000813047 0.000947456 0.00108179 0.00125502 0.0014764 0.00174336 0.00201818 0.00230044 0.002597 0.00291359 0.00324028 0.00352905 0.00376017 0.00390366 0.00395328 0.00389757 0.00371721 0.0033793 0.00287438 0.00221862 0.0014266 0.000526819 -0.000444873 -0.00145957 -0.00249538 -0.00350267 -0.00444504 -0.00527603 -0.00597239 -0.00652318 -0.00691055 -0.00712896 -0.0071872 -0.00709411 -0.00685479 -0.00647574 -0.00597058 -0.00535725 -0.00465297 -0.0038851 -0.00307381 -0.00227556 -0.00151445 -0.000809422 -0.000195509 0.000321115 0.000727232 0.00100981 0.00117149 0.00121331 0.00117341 0.00107817 0.000935822 0.000787481 0.000648085 0.000523055 0.000415208 0.000323311 0.000247982 0.000193561 0.000160423 0.000140615 0.000123027 0.000115092 0.000108382 9.83216e-05 9.12635e-05 8.89631e-05 8.76747e-05 8.68339e-05 8.51837e-05 7.87689e-05 7.51784e-05 7.87042e-05 7.44169e-05 7.02117e-05 7.20621e-05 6.99539e-05 7.63213e-05 7.9487e-05 6.96279e-05 6.80114e-05 6.78364e-05 6.8113e-05 7.74316e-05 7.54889e-05 7.41413e-05 8.19914e-05 8.40224e-05 8.75404e-05 8.79608e-05 8.11073e-05 8.63808e-05 9.73517e-05 0.000104738 0.000109716 0.000110226 0.000112254 0.000122183 0.000136931 0.000147123 0.000156638 0.000170438 0.000179025 0.000186722 0.000198154 0.000205477 0.000218987 0.000231875 0.000239141 0.000251513 0.000282061 0.000335202 0.000410891 0.000517278 0.000656954 0.000806484 0.000959185 0.0010815 0.00114241 0.00112697 0.00100639 0.000770877 0.000414644 -6.36479e-05 -0.000647565 -0.00133571 -0.00209296 -0.00286988 -0.00365917 -0.00442888 -0.00514517 -0.00577228 -0.00628809 -0.0066769 -0.00692182 -0.00700838 -0.00694374 -0.00673079 -0.00635655 -0.00580803 -0.00509865 -0.00425528 -0.00330607 -0.00230379 -0.0012811 -0.000269052 0.000707567 0.00161634 0.00241707 0.00306715 0.00356086 0.0038979 0.0040929 0.00416869 0.00412855 0.00398038 0.00373987 0.00346309 0.00316339 0.00286156 0.00256452 0.00227226 0.00200197 0.00176097 0.00156501 0.00139524 0.00125042 0.00112447 0.00102125 0.000943981 0.000879469 0.000827851 0.000784769 0.000749389 0.000718037 0.000694826 0.000676757 0.000658247 0.00064413 0.000632832 0.000618825 0.000608981 0.000608146 
0 7.07041e-05 0.000117634 0.000162074 0.000226815 0.000295495 0.00036959 0.000443828 0.000507255 0.000583691 0.000690285 0.000811877 0.000920916 0.00104894 0.00120928 0.00140113 0.00163846 0.00190569 0.00221163 0.00256007 0.00299186 0.00348786 0.00402885 0.00461067 0.00520648 0.00583477 0.00644055 0.00699881 0.00744548 0.00773456 0.00782601 0.00768394 0.007303 0.0066153 0.0056234 0.00433675 0.00277395 0.00099202 -0.000929185 -0.00293175 -0.00495136 -0.00693045 -0.00877465 -0.0104278 -0.0118193 -0.0129097 -0.0136878 -0.014125 -0.0142779 -0.0141152 -0.0136532 -0.0129154 -0.0119291 -0.0107053 -0.00929406 -0.00776023 -0.00618328 -0.00460009 -0.00306649 -0.00165526 -0.000423679 0.000601463 0.00141131 0.00196405 0.00229041 0.00239918 0.00233434 0.0021393 0.00188073 0.00157354 0.00128474 0.00102592 0.000806535 0.000618885 0.00048458 0.000392423 0.000340863 0.000289035 0.000255632 0.000227607 0.000198393 0.000192106 0.000185305 0.000173227 0.000185092 0.000177169 0.000159213 0.000161685 0.000152613 0.000158539 0.000163919 0.00014908 0.000140424 0.000143972 0.000143757 0.000152107 0.000144785 0.000141923 0.000143416 0.000155099 0.000158313 0.000154479 0.000149928 0.000155098 0.000162699 0.000181895 0.000175257 0.000175575 0.000185989 0.00019317 0.000211249 0.000221727 0.00021132 0.000233812 0.000252936 0.000268165 0.000296107 0.000305739 0.00032497 0.000363694 0.000386746 0.000406818 0.000427314 0.000432856 0.000442399 0.000449396 0.000485717 0.000555364 0.00067263 0.000833642 0.00104882 0.00130071 0.00160544 0.0018913 0.00211685 0.00224278 0.00222374 0.00197941 0.00151291 0.000791401 -0.000167678 -0.00134742 -0.00270539 -0.00419151 -0.00576389 -0.00735399 -0.0088863 -0.0102904 -0.0115202 -0.0125308 -0.0132817 -0.0137417 -0.0139195 -0.0137749 -0.0133395 -0.0125642 -0.0114633 -0.0100728 -0.00841933 -0.00656875 -0.00458811 -0.00256137 -0.000554722 0.00136999 0.00314819 0.00471325 0.00600963 0.00700012 0.00769696 0.00808345 0.00823078 0.00815662 0.00787731 0.00744245 0.0069004 0.00631618 0.00570435 0.00512396 0.00456464 0.00403831 0.00356719 0.00316011 0.00282573 0.00253855 0.00229375 0.00208154 0.00191245 0.00177855 0.00166995 0.00158086 0.00149815 0.00142683 0.00137796 0.0013421 0.00130371 0.00127349 0.00125359 0.00123448 0.0012199 0.00121883 
0 8.10017e-05 0.000162074 0.00026835 0.000369996 0.000451357 0.000534322 0.000660006 0.0007897 0.000911122 0.00105145 0.00120296 0.00138995 0.00161088 0.00187279 0.00214574 0.00247813 0.00289806 0.00337788 0.00393698 0.00456101 0.00528298 0.00607525 0.00694403 0.00784774 0.00874568 0.00961392 0.0103789 0.0110127 0.011414 0.0115184 0.0112759 0.0106592 0.00961582 0.00813598 0.00624523 0.00395983 0.00134973 -0.0014716 -0.00440088 -0.00736642 -0.0102466 -0.0129566 -0.0153776 -0.0174323 -0.0190722 -0.0202449 -0.020938 -0.0211783 -0.020978 -0.0203371 -0.0192659 -0.0178044 -0.0160117 -0.013949 -0.0117008 -0.0093268 -0.00696883 -0.00469473 -0.00257231 -0.000714499 0.000841417 0.00205628 0.00290053 0.00339329 0.00354774 0.00346256 0.00320436 0.0027985 0.00235294 0.00192163 0.00153382 0.00120793 0.000944285 0.000739708 0.000595321 0.000502527 0.000436681 0.000375216 0.000340787 0.000314947 0.000288588 0.000272406 0.000267803 0.000264502 0.000258533 0.000249319 0.000233187 0.000227901 0.000242869 0.000235474 0.000221378 0.00021754 0.000205054 0.000216815 0.000226644 0.000208131 0.000212225 0.00021887 0.000222911 0.000241878 0.000228477 0.000216511 0.000233366 0.000243404 0.000262054 0.000270855 0.000258255 0.000271138 0.000295934 0.000312615 0.000325227 0.000328546 0.000339974 0.000370476 0.000410488 0.000437446 0.000462152 0.000501837 0.00053628 0.000569893 0.000609184 0.000629379 0.000653548 0.000672005 0.000683245 0.000724338 0.000831628 0.00101087 0.00125253 0.0015692 0.00196443 0.0023846 0.00281178 0.00315989 0.00334005 0.00329261 0.00292314 0.00219875 0.00110785 -0.000338762 -0.00209031 -0.00413653 -0.00638582 -0.0087058 -0.0110567 -0.0133308 -0.0154182 -0.0172158 -0.018671 -0.0197558 -0.0204317 -0.0206518 -0.0204123 -0.0197153 -0.0185438 -0.016899 -0.014839 -0.0124283 -0.00971793 -0.00682576 -0.00384725 -0.000898467 0.00192081 0.0045169 0.00680684 0.0087093 0.0102061 0.0112627 0.0118791 0.0121186 0.0120293 0.0116637 0.0110574 0.0103172 0.00946434 0.00857613 0.00771388 0.006892 0.0061305 0.00542387 0.00481614 0.00428989 0.00385569 0.00348423 0.00316526 0.00290691 0.00269176 0.00252547 0.00238708 0.00226596 0.00215877 0.0020837 0.00202716 0.00196685 0.0019195 0.00188987 0.00186178 0.0018392 0.00183173 
0 0.000108742 0.000226815 0.000369996 0.000514019 0.000618369 0.000734443 0.000898615 0.00107407 0.00124439 0.00142582 0.00163704 0.00187958 0.00219096 0.00254814 0.00292996 0.0033892 0.00394676 0.00461434 0.00536363 0.00622104 0.00716696 0.00820149 0.00933063 0.0104866 0.011648 0.0127149 0.0136547 0.01439 0.0148411 0.0149194 0.0145428 0.0136898 0.0122716 0.0103137 0.00785076 0.004908 0.00156084 -0.00206798 -0.00586449 -0.00969271 -0.0134252 -0.016904 -0.0200382 -0.0227199 -0.0248774 -0.0264693 -0.0274317 -0.0278275 -0.0276067 -0.0267966 -0.0254472 -0.0236105 -0.0213086 -0.018621 -0.0156608 -0.0125699 -0.00944332 -0.00639796 -0.00357558 -0.00109562 0.000980132 0.00262097 0.00375863 0.00443535 0.00467382 0.00456281 0.0041958 0.00369516 0.00311172 0.00255762 0.00205805 0.00162779 0.0012598 0.000987552 0.000796231 0.000681592 0.000580571 0.000513688 0.000461403 0.000409439 0.000389569 0.000371452 0.000350495 0.000366372 0.000353345 0.000323447 0.000320845 0.000304462 0.000312317 0.00031796 0.000293911 0.000281599 0.000289315 0.000294264 0.0003071 0.000290616 0.000279687 0.000279113 0.000298292 0.000309605 0.000308215 0.000304741 0.000316005 0.00033017 0.00035909 0.000348491 0.000346562 0.00036509 0.000384438 0.000420271 0.00044225 0.000431499 0.000468422 0.000505545 0.000540481 0.000592699 0.000617557 0.000656249 0.000721376 0.000764336 0.000804041 0.000843578 0.000863864 0.000890241 0.000913989 0.000987475 0.0011235 0.00134714 0.00166005 0.00208148 0.00258569 0.00317794 0.00373324 0.00416244 0.00438237 0.00430336 0.00378639 0.0028188 0.0013509 -0.000589241 -0.00296279 -0.005687 -0.00864952 -0.0117424 -0.0148339 -0.0177848 -0.020468 -0.0227953 -0.024684 -0.0260619 -0.0268718 -0.0271134 -0.0267297 -0.0257721 -0.0241862 -0.0220133 -0.0193282 -0.016185 -0.0126887 -0.00895424 -0.00512504 -0.00132888 0.00230739 0.0056565 0.00860656 0.0110808 0.0130371 0.014477 0.0153491 0.0157408 0.0156933 0.015266 0.0145583 0.0136487 0.0126148 0.0114808 0.01036 0.00927766 0.00827178 0.00736346 0.00654731 0.00583606 0.00522061 0.0047142 0.00429441 0.00394801 0.00365006 0.00340135 0.00321182 0.00305563 0.00292026 0.0028124 0.00272342 0.00264062 0.00258126 0.00254184 0.0025002 0.00246486 0.0024511 
0 0.000158153 0.000295495 0.000451357 0.000618369 0.000782093 0.000949468 0.00114922 0.00135123 0.00156777 0.00183409 0.0021207 0.00244045 0.0028179 0.00328245 0.00379933 0.00440226 0.00511773 0.0059353 0.0068873 0.00795256 0.00913382 0.0103903 0.0117339 0.0131155 0.0144656 0.0157117 0.016752 0.0175438 0.0179773 0.0179647 0.0174204 0.0162884 0.0145019 0.0120803 0.009086 0.00555205 0.00155174 -0.00278647 -0.00731836 -0.011907 -0.0163596 -0.0205395 -0.0243064 -0.0275663 -0.0302461 -0.032256 -0.0335395 -0.0341016 -0.0339353 -0.0330481 -0.0314741 -0.0292753 -0.0265202 -0.0232856 -0.0196944 -0.0158653 -0.0120043 -0.00824489 -0.00472347 -0.00161293 0.00100638 0.00306976 0.00452408 0.00539046 0.00570053 0.00559278 0.00518451 0.00455559 0.0038545 0.00317246 0.00255412 0.00202416 0.00158748 0.00124672 0.00100425 0.000845561 0.000732355 0.000639024 0.000581239 0.000532812 0.000488712 0.000457354 0.000444 0.000440777 0.000431897 0.000414335 0.000392678 0.000382771 0.000398162 0.000388759 0.000367628 0.000359179 0.000349803 0.000366999 0.000380051 0.000355267 0.000352432 0.000357264 0.000367749 0.000393743 0.00038384 0.000372816 0.000394175 0.000410692 0.000436685 0.000445252 0.000433007 0.000452463 0.000490217 0.000522294 0.000545456 0.000552125 0.000574544 0.000621524 0.000682874 0.00073361 0.000777917 0.000836925 0.000893568 0.000944516 0.00100054 0.00103747 0.00107679 0.00111245 0.00114604 0.00122589 0.00140017 0.0016831 0.0020732 0.0025896 0.00322917 0.00391878 0.00459326 0.00511991 0.00536615 0.00522631 0.00455995 0.00331222 0.00145816 -0.000981496 -0.00393421 -0.00734486 -0.0110537 -0.0148519 -0.0186325 -0.0222327 -0.0254981 -0.0282856 -0.0305079 -0.0321081 -0.0330257 -0.0332058 -0.032645 -0.0313692 -0.0293777 -0.0266997 -0.0234249 -0.019645 -0.0154457 -0.0109867 -0.00640683 -0.00186756 0.00248387 0.00650039 0.0100551 0.0130496 0.015466 0.0172674 0.018429 0.0190053 0.0190481 0.0186387 0.0178639 0.016867 0.0156803 0.0143761 0.0130393 0.0117277 0.0105076 0.00938865 0.0083932 0.00748801 0.00670095 0.00603912 0.00549979 0.00505718 0.00466136 0.00432855 0.00406814 0.00386843 0.00369542 0.00354986 0.00342604 0.00331882 0.00324723 0.00319683 0.00314165 0.00309759 0.00308215 
0 0.000204569 0.00036959 0.000534322 0.000734443 0.000949468 0.0011775 0.00141482 0.0016514 0.00192469 0.00226539 0.00264696 0.00304669 0.00351863 0.00408743 0.00474188 0.00550598 0.006385 0.00738853 0.00851869 0.00979381 0.0111815 0.0126512 0.0141906 0.0157295 0.0172153 0.018539 0.0196302 0.0204015 0.0207514 0.0205783 0.0197951 0.0183662 0.0162203 0.0133883 0.00992468 0.00586687 0.00130162 -0.00362826 -0.0087732 -0.013966 -0.019035 -0.023805 -0.028153 -0.0319531 -0.0351056 -0.0375281 -0.0391368 -0.039945 -0.0398941 -0.0389882 -0.0372757 -0.0348197 -0.0316683 -0.0279238 -0.0237341 -0.0192757 -0.0147136 -0.0102239 -0.00601167 -0.00227029 0.000883116 0.00337768 0.00514401 0.00621904 0.0066513 0.00656603 0.00609884 0.00539889 0.00457784 0.00377265 0.00304075 0.00241098 0.00188923 0.00149923 0.00122318 0.00104182 0.000893872 0.000783847 0.000701078 0.000629444 0.000587708 0.000556228 0.000532479 0.000538545 0.000520659 0.000486806 0.000474419 0.000462953 0.000476047 0.000478454 0.000449011 0.000427723 0.00042644 0.000435044 0.000449401 0.000435183 0.000427546 0.000433144 0.00045567 0.000471095 0.000464452 0.000454814 0.000467004 0.000490591 0.000528448 0.000532089 0.000533845 0.00055627 0.000586012 0.000627789 0.000655738 0.0006586 0.000702654 0.000758733 0.00081809 0.000885018 0.000930045 0.000990358 0.00107353 0.00114199 0.00120441 0.00125422 0.00128288 0.00131269 0.001352 0.00146442 0.0016806 0.00202302 0.00249388 0.00310584 0.00383445 0.00464875 0.0054125 0.00599156 0.00625208 0.00605186 0.00521535 0.00368685 0.00142537 -0.00152748 -0.0050954 -0.00915883 -0.0135418 -0.0180531 -0.0225038 -0.0266937 -0.0304418 -0.033615 -0.0361112 -0.0378527 -0.0387782 -0.0388663 -0.0380818 -0.0364798 -0.034057 -0.0308907 -0.0270921 -0.0227445 -0.0179591 -0.0128763 -0.00766882 -0.00251029 0.00243196 0.00700183 0.0110712 0.0145509 0.0173935 0.0195678 0.0210193 0.0218214 0.0220301 0.0217171 0.0209862 0.0199417 0.01867 0.0172327 0.0157491 0.0142686 0.0128469 0.011525 0.0103225 0.00924972 0.00830037 0.00748405 0.00679442 0.00622169 0.00573346 0.00532098 0.0049894 0.00471598 0.0044867 0.00430389 0.00415391 0.00402306 0.00392596 0.00385696 0.00379134 0.00374321 0.00372587 
0 0.000234876 0.000443828 0.000660006 0.000898615 0.00114922 0.00141482 0.00170509 0.00200499 0.00233696 0.00273794 0.00319396 0.00370166 0.00428837 0.00497763 0.00576814 0.00669361 0.0077633 0.00895675 0.0102797 0.0117386 0.0133209 0.0149764 0.016664 0.0183095 0.0198445 0.0211863 0.022242 0.0229211 0.0231054 0.0227005 0.0216404 0.0198919 0.0174044 0.0141956 0.0103175 0.00581958 0.000799587 -0.00459341 -0.010204 -0.0158788 -0.0214358 -0.0267084 -0.0315472 -0.0358239 -0.0394292 -0.0422564 -0.0442191 -0.0452895 -0.0454158 -0.0445784 -0.0428048 -0.0401554 -0.0367003 -0.0325418 -0.0278333 -0.0227549 -0.0175282 -0.0123599 -0.00747473 -0.00310248 0.000605851 0.00355 0.00566021 0.00695691 0.0075046 0.00745322 0.00696122 0.00617843 0.00526595 0.00435949 0.00353094 0.00281536 0.0022259 0.00177126 0.00144392 0.00121878 0.00104927 0.000919131 0.000826371 0.00075008 0.00069215 0.00064964 0.000626231 0.000620664 0.000603335 0.000572566 0.000548886 0.000538139 0.000549714 0.000544853 0.000519437 0.000501038 0.000496936 0.000511552 0.000523258 0.000504787 0.000495156 0.000499803 0.000519702 0.000542407 0.000539196 0.00053198 0.000549205 0.000575252 0.000608941 0.000619333 0.000618536 0.000641217 0.000682551 0.000727996 0.000761848 0.000779155 0.00082046 0.000883901 0.000958863 0.00103017 0.00109034 0.00116182 0.00124349 0.0013183 0.00139035 0.00144604 0.00149052 0.00153258 0.00158874 0.00171632 0.00196517 0.00235669 0.00289667 0.00359589 0.00443471 0.00534274 0.00619595 0.00683108 0.00707979 0.00677595 0.00574367 0.00390151 0.00122164 -0.00224816 -0.00640821 -0.0111263 -0.0161872 -0.021341 -0.0263835 -0.0310959 -0.0352768 -0.0387613 -0.0414416 -0.0432483 -0.0441251 -0.0440379 -0.0429876 -0.0410288 -0.0381998 -0.0345839 -0.0303039 -0.0254673 -0.0201841 -0.0146104 -0.00891561 -0.00328341 0.00211883 0.00713851 0.0116478 0.0155487 0.0187871 0.0213098 0.02308 0.0241562 0.0245984 0.02447 0.0238491 0.0228475 0.0215487 0.0200552 0.0184788 0.0168745 0.0152882 0.0137637 0.0123632 0.011112 0.0100102 0.00903387 0.00817812 0.00745801 0.00686479 0.00638147 0.00597486 0.00562077 0.00532402 0.00510308 0.00493173 0.00477498 0.00464413 0.0045472 0.00446907 0.00441161 0.00438149 
0 0.000248497 0.000507255 0.0007897 0.00107407 0.00135123 0.0016514 0.00200499 0.00238996 0.00280036 0.00326927 0.00380969 0.00443609 0.00515752 0.00598682 0.00693244 0.0080265 0.00927643 0.0106521 0.0121593 0.0137965 0.0155433 0.0173314 0.019099 0.0207816 0.0223059 0.0235932 0.0245312 0.0250235 0.0249625 0.0242745 0.022914 0.0208425 0.0180242 0.0144709 0.0102413 0.00540162 5.50075e-05 -0.00566014 -0.0115998 -0.0176208 -0.0235431 -0.0292014 -0.0344382 -0.0391253 -0.0431449 -0.0463728 -0.0487121 -0.0500921 -0.0504536 -0.0497582 -0.0480199 -0.0452829 -0.0416121 -0.0371094 -0.0319414 -0.0263092 -0.020464 -0.014649 -0.00912265 -0.00414114 0.000115238 0.00351802 0.00599148 0.00753766 0.00823313 0.00823659 0.00773325 0.00689511 0.00591072 0.0049188 0.00400429 0.00320631 0.0025464 0.00203273 0.00166277 0.00140354 0.00121472 0.00106782 0.000958331 0.000869825 0.000797075 0.000745184 0.000719251 0.000706765 0.000688548 0.000658632 0.000629582 0.000619642 0.000625999 0.00061731 0.000593339 0.000575352 0.000572987 0.00059123 0.000600425 0.000582955 0.00056858 0.000571172 0.000590585 0.000616279 0.00061952 0.000617983 0.00063555 0.000663883 0.000693383 0.000707436 0.000710137 0.00073521 0.000783567 0.00083437 0.000872962 0.000901858 0.00094519 0.00101507 0.00109918 0.00117704 0.00125022 0.00133176 0.00141847 0.0015015 0.00157675 0.00163462 0.00168533 0.00173585 0.00181262 0.00196583 0.00224879 0.0026851 0.00328778 0.00406505 0.00499783 0.00599292 0.00691346 0.00757075 0.0077754 0.00734023 0.0060911 0.00392622 0.000824511 -0.00316356 -0.00791582 -0.0132648 -0.0189609 -0.0247185 -0.0302959 -0.0354515 -0.0399717 -0.0436831 -0.0464688 -0.0482519 -0.0489846 -0.0486478 -0.0472844 -0.0449606 -0.0417463 -0.037728 -0.0330293 -0.0277764 -0.0220977 -0.0161616 -0.0101339 -0.00418014 0.0015517 0.00691844 0.0117837 0.0160341 0.0196083 0.0224553 0.0245625 0.0259641 0.0266997 0.0268103 0.0263667 0.0254885 0.0242646 0.0228009 0.0211891 0.0194988 0.0177894 0.0161186 0.0145549 0.0131287 0.0118533 0.0107109 0.00970069 0.0088342 0.00811073 0.00751737 0.00701743 0.00658425 0.00622071 0.00594253 0.00572552 0.00553519 0.00537549 0.00525547 0.00516394 0.00509698 0.00505599 
0 0.000278502 0.000583691 0.000911122 0.00124439 0.00156777 0.00192469 0.00233696 0.00280036 0.00330796 0.00387229 0.00452363 0.00526684 0.00613321 0.00712116 0.00824562 0.00951417 0.0109237 0.0124774 0.0141532 0.0159528 0.0178095 0.0196666 0.0214546 0.0231083 0.0245606 0.0257 0.0264386 0.0266642 0.0263045 0.0252969 0.023606 0.0212045 0.0180705 0.0142246 0.00972131 0.00463496 -0.000927826 -0.00683815 -0.012973 -0.0191885 -0.0253485 -0.0312746 -0.0368292 -0.0418677 -0.0462529 -0.0498634 -0.05258 -0.0543191 -0.0549833 -0.0545114 -0.0528966 -0.0501593 -0.0463459 -0.0415745 -0.0360175 -0.0299209 -0.0235153 -0.0170911 -0.0109577 -0.0053821 -0.000587249 0.00327537 0.0061155 0.00793067 0.00881367 0.00891132 0.0084213 0.00756665 0.00651473 0.00543974 0.00444357 0.00357215 0.00284925 0.00229462 0.00189009 0.00160296 0.00138484 0.00122329 0.00109195 0.000985349 0.000907058 0.000848358 0.000808948 0.00079431 0.000768244 0.000731135 0.000710779 0.000703222 0.000704363 0.000702825 0.000674469 0.000646126 0.00064749 0.000656169 0.000663464 0.000660485 0.000646223 0.000652228 0.000679387 0.000693032 0.000698353 0.000699014 0.000707424 0.000742272 0.000779372 0.000795065 0.000814198 0.000842726 0.000884691 0.000940311 0.000981241 0.00101302 0.00107189 0.00115051 0.00123673 0.00132925 0.00140935 0.0014931 0.00159282 0.00168548 0.00176135 0.00182795 0.00187484 0.00192655 0.0020151 0.0021989 0.00251972 0.00300867 0.00368166 0.00453526 0.00552781 0.00659164 0.00754276 0.00818894 0.00832921 0.0077456 0.00625445 0.00374989 0.000210996 -0.00429084 -0.00962509 -0.015562 -0.0218278 -0.0281436 -0.0342 -0.0397354 -0.0445104 -0.0483558 -0.0511489 -0.0528102 -0.053311 -0.052679 -0.0509666 -0.0482733 -0.044679 -0.0402965 -0.0352537 -0.0296788 -0.0237308 -0.0175562 -0.0113265 -0.0051772 0.000760453 0.00635591 0.0114741 0.0160043 0.0198658 0.0230262 0.0254699 0.0272172 0.028283 0.0286841 0.0285026 0.0278264 0.0267734 0.0254116 0.0238305 0.0221102 0.0203297 0.0185763 0.0168853 0.0153005 0.0138336 0.0125199 0.0113669 0.0103605 0.00948868 0.00874197 0.00812655 0.00761597 0.00719219 0.0068396 0.00654988 0.00631771 0.00613647 0.00599782 0.00588609 0.00580443 0.00575349 
0 0.000343991 0.000690285 0.00105145 0.00142582 0.00183409 0.00226539 0.00273794 0.00326927 0.00387229 0.00455873 0.00532285 0.00620503 0.00721355 0.00837467 0.00967834 0.0111129 0.0126989 0.014418 0.0162655 0.0181653 0.0200822 0.0219527 0.0237063 0.0252811 0.0265557 0.0274665 0.0279061 0.0278159 0.0271166 0.0257549 0.0237171 0.0209763 0.0175629 0.0134884 0.00879691 0.00356433 -0.00211088 -0.00810924 -0.0143056 -0.0206035 -0.0268668 -0.032976 -0.0387584 -0.0440778 -0.0487918 -0.0527466 -0.0558451 -0.0579444 -0.058967 -0.0588031 -0.057386 -0.0547101 -0.0508513 -0.0459119 -0.0400697 -0.0335457 -0.0266508 -0.0196904 -0.0129756 -0.0068233 -0.00149162 0.00282971 0.00605566 0.0081568 0.00923361 0.00945475 0.00903128 0.00815023 0.00706535 0.00592715 0.00486035 0.00393019 0.00316965 0.00256557 0.00212405 0.0017941 0.00155977 0.00136965 0.00122411 0.00111551 0.00101656 0.000947385 0.000914188 0.000873036 0.000845863 0.000818311 0.000779738 0.000778867 0.000782465 0.000767189 0.000749912 0.000727729 0.000713406 0.000728579 0.000731194 0.00072465 0.000720799 0.000730848 0.000746663 0.000770085 0.000772727 0.000771337 0.00078961 0.000825065 0.000854274 0.000890496 0.000906285 0.000933306 0.000989714 0.00103792 0.00108252 0.00114233 0.00119412 0.00128143 0.00138699 0.00147074 0.00156624 0.00166289 0.00175334 0.00185333 0.0019407 0.00200496 0.00206616 0.00212368 0.00223187 0.00242627 0.00278211 0.00332288 0.00405609 0.00497158 0.00604173 0.00712341 0.00809033 0.00871653 0.00876165 0.00799022 0.00623411 0.00335876 -0.000627861 -0.00564473 -0.0115104 -0.0179994 -0.0248087 -0.0315885 -0.0380405 -0.0438773 -0.0488453 -0.0527313 -0.0554234 -0.0568808 -0.0571098 -0.0561303 -0.0540616 -0.0509804 -0.0470311 -0.0423216 -0.0369908 -0.0312038 -0.0250892 -0.0188045 -0.012478 -0.00624433 -0.000222118 0.00547529 0.0107346 0.0154585 0.019581 0.0230323 0.0258161 0.027903 0.0293154 0.0300791 0.0302318 0.0298646 0.0290314 0.0278418 0.0263557 0.0246819 0.0229045 0.0210895 0.0193059 0.0175713 0.0159466 0.0144653 0.0131597 0.0120081 0.0109815 0.0100907 0.00934328 0.00874385 0.00824535 0.00781388 0.00744864 0.00716377 0.00695281 0.00678275 0.00664599 0.0065429 0.00647788 
0 0.000410116 0.000811877 0.00120296 0.00163704 0.0021207 0.00264696 0.00319396 0.00380969 0.00452363 0.00532285 0.00623632 0.00726766 0.00845193 0.00977206 0.0112435 0.012853 0.014599 0.016488 0.0184347 0.0203991 0.0223086 0.0241395 0.025798 0.0271929 0.0282317 0.0288161 0.0289118 0.0284402 0.0273665 0.0256414 0.0232562 0.0202093 0.0165464 0.0122957 0.00749866 0.0022227 -0.00344539 -0.00941185 -0.0155885 -0.0218541 -0.028142 -0.0343065 -0.0402311 -0.0457636 -0.0507432 -0.0550349 -0.0585026 -0.0610019 -0.0623948 -0.0625606 -0.0614252 -0.0589416 -0.0551231 -0.0500895 -0.0440163 -0.0371917 -0.0298634 -0.0223964 -0.0151681 -0.00848526 -0.00264241 0.00214385 0.00576294 0.00817797 0.00949331 0.00984983 0.00947534 0.0086431 0.00754174 0.00637057 0.00526247 0.00428025 0.0034573 0.00282065 0.00234548 0.00199618 0.00173307 0.00153676 0.00136508 0.00123163 0.00113069 0.00105717 0.00100334 0.000972019 0.000935555 0.000895428 0.000870623 0.00085951 0.000842874 0.000840457 0.000819011 0.000795632 0.00080511 0.000809846 0.00080761 0.000812998 0.000790986 0.000793399 0.000819878 0.000830376 0.000852119 0.000872097 0.000879869 0.000918632 0.000947441 0.000964667 0.000997881 0.00103377 0.00108151 0.00114964 0.00120404 0.00126164 0.00133609 0.0014267 0.00151974 0.00162368 0.00172106 0.00181625 0.00192368 0.0020299 0.00210773 0.00218203 0.00223677 0.00230391 0.00242898 0.0026656 0.00304781 0.00361755 0.00439716 0.00536761 0.00646335 0.00759966 0.00855565 0.00910715 0.00901679 0.00803028 0.00597463 0.00273136 -0.00169214 -0.0071949 -0.0135995 -0.0205899 -0.0278424 -0.0350531 -0.0418288 -0.0478686 -0.0528939 -0.0567357 -0.0592799 -0.0604721 -0.0603444 -0.0589959 -0.0565373 -0.0530952 -0.0488049 -0.0438211 -0.0382886 -0.0323533 -0.0261809 -0.0198723 -0.0135708 -0.00736547 -0.00136743 0.00432598 0.00962661 0.0144697 0.0187779 0.0224988 0.0255938 0.0280245 0.0298033 0.0309483 0.0315122 0.0314939 0.0309753 0.0300121 0.0287079 0.0271665 0.0254493 0.0236382 0.0217738 0.0199512 0.0182032 0.0165854 0.0151112 0.0137819 0.0126118 0.0115836 0.0107087 0.0099731 0.00936774 0.0088533 0.00842296 0.00808399 0.0078142 0.00760104 0.00743653 0.00731879 0.00723669 
0 0.000458864 0.000920916 0.00138995 0.00187958 0.00244045 0.00304669 0.00370166 0.00443609 0.00526684 0.00620503 0.00726766 0.00849177 0.00983989 0.0113266 0.0129681 0.0147448 0.0166442 0.0186167 0.0206261 0.0225824 0.0244516 0.0261648 0.0276233 0.0287683 0.0294861 0.0297295 0.0294224 0.0285429 0.0270682 0.0249806 0.0222871 0.0189675 0.0150976 0.010717 0.00587625 0.000651474 -0.00490877 -0.0107551 -0.016804 -0.0229739 -0.0291685 -0.0353113 -0.041269 -0.0469325 -0.0521544 -0.0567565 -0.060602 -0.0634818 -0.0652804 -0.0658416 -0.0650278 -0.0627633 -0.0590836 -0.0540607 -0.0478643 -0.0407534 -0.0330825 -0.0252217 -0.0175292 -0.010356 -0.00402704 0.00120936 0.00523153 0.00797237 0.00953039 0.0100708 0.00982702 0.00902294 0.00794291 0.00675423 0.00560582 0.00458964 0.00374687 0.00306609 0.00256113 0.00217755 0.00190916 0.00169271 0.00151449 0.00137772 0.00125053 0.00115857 0.00110692 0.00104424 0.00101038 0.000985733 0.000944703 0.000939569 0.000927108 0.000905666 0.000897748 0.000882176 0.000870283 0.000880207 0.000875198 0.000875354 0.00087386 0.000882893 0.000894341 0.000914888 0.000929373 0.000942356 0.000964867 0.00100108 0.00102323 0.00106605 0.00109632 0.00113182 0.00119738 0.00125315 0.00131058 0.00139478 0.00145815 0.00155396 0.00166905 0.00176539 0.00188349 0.0019933 0.00208588 0.00218648 0.00226672 0.00233097 0.00239968 0.00247694 0.00262904 0.00287323 0.00328447 0.0038955 0.00471397 0.00572089 0.00686359 0.00796681 0.00887979 0.00934574 0.00908813 0.00784839 0.00547885 0.0018533 -0.00299675 -0.00896051 -0.0158139 -0.0232632 -0.0309527 -0.0384823 -0.0454813 -0.0516333 -0.0566724 -0.0603858 -0.0626784 -0.063544 -0.0630472 -0.0612807 -0.058428 -0.0546097 -0.0500341 -0.0448409 -0.039169 -0.0331894 -0.0270251 -0.0208018 -0.014609 -0.008531 -0.00264849 0.00296501 0.00823954 0.0131224 0.0175543 0.0214656 0.0248459 0.0276083 0.0297562 0.0313065 0.0322662 0.0326596 0.0325015 0.0318785 0.0308362 0.0294897 0.0279073 0.0261465 0.0242961 0.0224186 0.0205986 0.0188565 0.0172197 0.0157173 0.0143878 0.0132358 0.0122125 0.0113272 0.0105824 0.00997274 0.00947857 0.00907312 0.0087359 0.00846097 0.00827267 0.00813663 0.0080372 
0 0.000501738 0.00104894 0.00161088 0.00219096 0.0028179 0.00351863 0.00428837 0.00515752 0.00613321 0.00721355 0.00845193 0.00983989 0.0113584 0.0130049 0.0148217 0.0167581 0.0187462 0.0207693 0.0227681 0.0246935 0.0264529 0.0279786 0.0291676 0.0299715 0.0303278 0.0301617 0.0294395 0.0281263 0.0262452 0.0238017 0.0208137 0.0172767 0.0132693 0.00883693 0.00403329 -0.00107849 -0.00646482 -0.0121077 -0.0179649 -0.0239366 -0.029987 -0.0360251 -0.0419706 -0.0477092 -0.0530901 -0.0579583 -0.0621453 -0.0654304 -0.0676364 -0.0685911 -0.0681489 -0.0661936 -0.0626984 -0.0577506 -0.0515094 -0.0442716 -0.0363289 -0.0280984 -0.0200002 -0.0123896 -0.00562027 3.32433e-05 0.00443809 0.00752371 0.00937552 0.0101256 0.0100103 0.00931317 0.0082634 0.00707223 0.00590631 0.00486255 0.00398584 0.00329868 0.00277661 0.00238063 0.00208593 0.00185809 0.00165528 0.00150083 0.00137488 0.00128016 0.00120436 0.00114036 0.00108928 0.00105319 0.00102873 0.00102201 0.000999359 0.000991781 0.000975769 0.000952642 0.000949374 0.000943822 0.000936745 0.000956344 0.000952308 0.000963842 0.000983299 0.000987099 0.00100657 0.00103012 0.00104032 0.00108115 0.00111176 0.00114981 0.00120236 0.00124889 0.00129981 0.0013637 0.0014239 0.00150693 0.00159573 0.00170187 0.00180943 0.00192197 0.00203557 0.00213962 0.00224167 0.00234877 0.00242434 0.00249486 0.00255213 0.00262858 0.00278524 0.00306703 0.0035076 0.00415031 0.00500813 0.00604446 0.00716929 0.00825557 0.00908265 0.00940214 0.00894688 0.00745172 0.00476028 0.000760563 -0.00450547 -0.0109055 -0.0182055 -0.0260352 -0.0340242 -0.0418191 -0.0489777 -0.0551654 -0.0600928 -0.0636006 -0.0656065 -0.0661045 -0.0651911 -0.0630282 -0.0597923 -0.0556448 -0.0507924 -0.0454251 -0.0396891 -0.0337244 -0.0276663 -0.0215845 -0.0155811 -0.00969987 -0.00401128 0.00143613 0.0066051 0.0114633 0.015945 0.0200009 0.0236075 0.0266827 0.029204 0.0311564 0.0325459 0.0333475 0.0336183 0.0333872 0.0326899 0.0316018 0.0301945 0.0285714 0.0267917 0.0249395 0.0230609 0.0212246 0.0194629 0.0178147 0.016339 0.0150264 0.013856 0.0128213 0.011946 0.0112169 0.0106233 0.0101413 0.00973072 0.00940011 0.00916874 0.00900739 0.00888548 
0 0.000577308 0.00120928 0.00187279 0.00254814 0.00328245 0.00408743 0.00497763 0.00598682 0.00712116 0.00837467 0.00977206 0.0113266 0.0130049 0.0148213 0.0167871 0.0188266 0.0208712 0.0228927 0.0248481 0.026649 0.0282229 0.0294926 0.0303567 0.0307747 0.0306958 0.0300944 0.0289402 0.0272205 0.0249551 0.0221717 0.0189184 0.0152152 0.0111468 0.00674483 0.00203667 -0.00291372 -0.00808185 -0.0134687 -0.0190492 -0.0247711 -0.0306065 -0.0365063 -0.0423806 -0.0481352 -0.0536365 -0.0587215 -0.0632148 -0.0668655 -0.0694801 -0.0708518 -0.0707846 -0.0691452 -0.0659151 -0.06114 -0.0549556 -0.047633 -0.0395179 -0.0310303 -0.022588 -0.014584 -0.0074054 -0.00134745 0.00343589 0.0068601 0.00899503 0.00998002 0.0100441 0.00944876 0.00846949 0.00731042 0.00614828 0.00510527 0.0042284 0.00351918 0.00297492 0.0025541 0.00224774 0.0020055 0.00179719 0.00163564 0.00149518 0.00138831 0.00130882 0.00122656 0.00117376 0.0011405 0.00110351 0.00108872 0.00106258 0.00104509 0.00104325 0.00103327 0.00102396 0.00101855 0.00100788 0.0010188 0.00102404 0.00103484 0.00104482 0.0010559 0.0010788 0.00110634 0.00113142 0.00116834 0.00119326 0.00123911 0.00128888 0.00133658 0.00140025 0.00146456 0.00153798 0.00164132 0.00173083 0.00183673 0.00195114 0.00205927 0.00218265 0.00229232 0.00238518 0.00248307 0.00255877 0.00262684 0.00269356 0.00278011 0.00295426 0.00324141 0.00369726 0.00436273 0.00523879 0.00628667 0.00740782 0.00842406 0.00914382 0.00930771 0.00862812 0.00684276 0.00380866 -0.000569084 -0.00623291 -0.0130259 -0.0206798 -0.0288288 -0.0370817 -0.0450273 -0.0522338 -0.0583627 -0.06314 -0.0663872 -0.0680441 -0.068151 -0.0668382 -0.0642806 -0.0606844 -0.0562239 -0.0511482 -0.0456566 -0.0398992 -0.0340204 -0.0281169 -0.022252 -0.0164854 -0.0108571 -0.00541905 -0.00019722 0.00480194 0.00957125 0.0140517 0.0181899 0.0219706 0.025304 0.0281604 0.0305137 0.0323287 0.0335762 0.0342798 0.0344806 0.0341792 0.0334258 0.0322837 0.0308512 0.0292161 0.027429 0.0255518 0.0236597 0.0218179 0.0200674 0.0184461 0.0169683 0.0156334 0.0144733 0.0134773 0.0126133 0.0118872 0.0113043 0.0108299 0.0104374 0.0101511 0.00994198 0.00979163 
0 0.000683814 0.00140113 0.00214574 0.00292996 0.00379933 0.00474188 0.00576814 0.00693244 0.00824562 0.00967834 0.0112435 0.0129681 0.0148217 0.0167871 0.0188448 0.0209261 0.0229776 0.02496 0.0267948 0.0283844 0.0296817 0.030627 0.031117 0.0311049 0.0305676 0.0295118 0.0279308 0.0258232 0.0232134 0.0201449 0.0166861 0.0128822 0.00881425 0.00449806 -5.56518e-05 -0.00479248 -0.00969422 -0.0147809 -0.0200532 -0.0254833 -0.0310657 -0.0367712 -0.0425272 -0.0482524 -0.0538262 -0.0590908 -0.0638542 -0.0678434 -0.0708344 -0.0726059 -0.0729422 -0.0716768 -0.0687524 -0.0641947 -0.0581318 -0.0508254 -0.0426196 -0.0339466 -0.025245 -0.0169275 -0.00939679 -0.002971 0.00217478 0.00594339 0.0083787 0.00961116 0.00987352 0.00943498 0.00856516 0.00746934 0.00633293 0.00529229 0.0044079 0.00369401 0.00314527 0.00272328 0.00241438 0.00216659 0.00194706 0.00177126 0.00162044 0.00150367 0.00141206 0.00132309 0.00126492 0.00123051 0.00119384 0.00116983 0.00113414 0.00111343 0.00111393 0.00111207 0.00110769 0.00110137 0.00109052 0.00110053 0.00110445 0.00111099 0.00111724 0.00113047 0.00116249 0.00120147 0.00123124 0.00126366 0.00128458 0.00132888 0.00138504 0.00144256 0.00151125 0.0015831 0.00166634 0.00177673 0.00187354 0.00197908 0.00209045 0.00220293 0.00233049 0.00244312 0.00253494 0.00262532 0.00269074 0.00274757 0.00280614 0.00289535 0.00308396 0.00339667 0.00387198 0.00454614 0.0054196 0.00644865 0.00752381 0.00845767 0.00904085 0.00900515 0.00806593 0.00597673 0.00260428 -0.00212374 -0.00813799 -0.0152721 -0.0232359 -0.0316359 -0.0400603 -0.0480858 -0.0552653 -0.0612468 -0.0657742 -0.0687058 -0.0700049 -0.0697216 -0.0680037 -0.0650599 -0.0611235 -0.0563993 -0.0511536 -0.0455964 -0.0398714 -0.0341073 -0.0283902 -0.0227732 -0.0172969 -0.0119746 -0.00683094 -0.00186998 0.00292121 0.00754459 0.0119515 0.0161034 0.0199915 0.0235294 0.0266718 0.0293805 0.0316045 0.0332969 0.0344557 0.0351012 0.0352322 0.0348852 0.0340994 0.0329448 0.031505 0.0298462 0.0280422 0.0261689 0.0242908 0.0224563 0.02071 0.0190779 0.0175854 0.0162834 0.0151527 0.0141432 0.0132718 0.0125726 0.0120161 0.0115577 0.0112093 0.0109519 0.0107726 
0 0.000813047 0.00163846 0.00247813 0.0033892 0.00440226 0.00550598 0.00669361 0.0080265 0.00951417 0.0111129 0.012853 0.0147448 0.0167581 0.0188266 0.0209261 0.0230043 0.025002 0.0268777 0.0285149 0.0298388 0.0307937 0.0313422 0.0314041 0.0309416 0.029963 0.0284605 0.0264624 0.0239851 0.0210825 0.0178066 0.0142183 0.010376 0.00635133 0.00215968 -0.00219263 -0.00667461 -0.0112805 -0.0160444 -0.0209926 -0.0261024 -0.0314067 -0.0368799 -0.0424859 -0.0481487 -0.0537533 -0.0591528 -0.0641303 -0.0684178 -0.0717572 -0.0739076 -0.0746333 -0.0737448 -0.0711484 -0.0668634 -0.0609874 -0.0537832 -0.045573 -0.0368003 -0.0279215 -0.019357 -0.0115313 -0.00478465 0.000689077 0.00478737 0.00753272 0.00904037 0.00952683 0.00927807 0.00853033 0.00751546 0.00642965 0.00541704 0.00454473 0.00384375 0.00328902 0.00286687 0.00255183 0.00230699 0.00208767 0.00190645 0.00175285 0.00162543 0.00150897 0.00141099 0.00133923 0.0012981 0.00127218 0.00124532 0.0012076 0.00119422 0.00118964 0.00118258 0.00117554 0.00115506 0.00114533 0.00116826 0.00118241 0.0011965 0.00120689 0.00120847 0.0012357 0.00127443 0.00129966 0.00133527 0.00137025 0.00142001 0.00149269 0.00155939 0.00161888 0.00169229 0.00177926 0.00188876 0.00200207 0.00211375 0.00222445 0.00235026 0.0024763 0.00258252 0.00266575 0.00273975 0.00279271 0.00284567 0.00289904 0.00299411 0.00318295 0.00351171 0.00399626 0.00467309 0.00554159 0.00654251 0.00753627 0.00835516 0.00875854 0.00849408 0.00728367 0.00489377 0.00119407 -0.00386162 -0.0101915 -0.0176082 -0.0258153 -0.0343877 -0.0428935 -0.0509117 -0.0579776 -0.0637519 -0.0679857 -0.0705759 -0.0715029 -0.0708307 -0.068725 -0.0654314 -0.061191 -0.0562572 -0.0508922 -0.0453183 -0.0396672 -0.0340417 -0.0285394 -0.0231927 -0.0180384 -0.0130505 -0.00822419 -0.00354221 0.00101841 0.00545528 0.00972722 0.0138291 0.0177573 0.0214449 0.0248212 0.0278281 0.0304183 0.0325264 0.0341515 0.0352591 0.0358472 0.0359375 0.0355608 0.0347643 0.033587 0.0321256 0.0304593 0.0286751 0.026809 0.024918 0.0230842 0.0213402 0.0197208 0.0182615 0.0169751 0.0158253 0.0148267 0.0140067 0.0133344 0.0127881 0.0123689 0.012061 0.0118435 
0 0.000947456 0.00190569 0.00289806 0.00394676 0.00511773 0.006385 0.0077633 0.00927643 0.0109237 0.0126989 0.014599 0.0166442 0.0187462 0.0208712 0.0229776 0.025002 0.0268822 0.0285458 0.0299374 0.0309392 0.0315133 0.0316118 0.0312096 0.0303054 0.0288859 0.0269688 0.0245734 0.0217745 0.0186354 0.0152157 0.0115668 0.00774879 0.00382152 -0.000190265 -0.00430688 -0.00850668 -0.0128038 -0.0172408 -0.0218355 -0.0266295 -0.0316361 -0.0368908 -0.0423347 -0.0479063 -0.0535049 -0.0589734 -0.0641076 -0.0686331 -0.0722839 -0.0747911 -0.0758727 -0.0753332 -0.0730951 -0.0691247 -0.0635164 -0.0564684 -0.0483496 -0.0395697 -0.0305732 -0.0218285 -0.013777 -0.00675624 -0.000989956 0.00341713 0.00646024 0.00825406 0.00899885 0.00893339 0.00834485 0.00744116 0.00642459 0.00546632 0.00464186 0.00395083 0.00340895 0.00298546 0.00267304 0.00242113 0.00221046 0.00202977 0.00187361 0.0017379 0.00162102 0.00149948 0.00142268 0.00138052 0.00134144 0.00130966 0.00127926 0.00125067 0.00125732 0.00125835 0.00123708 0.00122095 0.00121506 0.00122506 0.00125726 0.00127176 0.0012705 0.00128464 0.00130978 0.00134212 0.00138596 0.00141401 0.00144856 0.00151596 0.0015867 0.00165452 0.00172933 0.0017943 0.00189172 0.00201878 0.00213322 0.002245 0.00236485 0.00247756 0.00260405 0.00270554 0.00277523 0.00283097 0.00288238 0.00292403 0.00297643 0.00306525 0.00326025 0.00357544 0.00406082 0.00473583 0.00557866 0.00652495 0.00744056 0.00809454 0.00829523 0.00778676 0.00629546 0.00360612 -0.000403496 -0.00575417 -0.0123647 -0.020024 -0.0283855 -0.0370419 -0.0455557 -0.0534548 -0.060332 -0.065838 -0.0697723 -0.0720079 -0.0725481 -0.0714991 -0.0690503 -0.0654532 -0.0609816 -0.0558867 -0.0504525 -0.0448814 -0.0393086 -0.033854 -0.0285765 -0.0235344 -0.018697 -0.0140462 -0.00954491 -0.00516556 -0.00087786 0.00333106 0.00743641 0.0114445 0.0153626 0.0191266 0.0226644 0.0259223 0.0288239 0.0313265 0.0333751 0.0349518 0.0360057 0.0365464 0.0366086 0.0362082 0.0353936 0.0341982 0.0327441 0.031096 0.0293037 0.0274273 0.0255514 0.0237493 0.0220185 0.0204161 0.0189611 0.0176736 0.0165593 0.0156074 0.0148051 0.0141415 0.0136489 0.0132817 0.0130245 
0 0.00108179 0.00221163 0.00337788 0.00461434 0.0059353 0.00738853 0.00895675 0.0106521 0.0124774 0.014418 0.016488 0.0186167 0.0207693 0.0228927 0.02496 0.0268777 0.0285458 0.0299437 0.0309879 0.0316186 0.0317543 0.0313919 0.0305325 0.0291679 0.0273298 0.0250221 0.0223136 0.0192657 0.01596 0.0124624 0.00881556 0.00508417 0.00131369 -0.00249223 -0.00634266 -0.0102542 -0.0142365 -0.0183335 -0.022601 -0.0270643 -0.031801 -0.0368159 -0.0420985 -0.047566 -0.0531131 -0.0586141 -0.0638507 -0.0685669 -0.0724663 -0.0752659 -0.0766941 -0.0765273 -0.0746215 -0.070978 -0.0656595 -0.0588709 -0.0509012 -0.0421779 -0.0331737 -0.0243367 -0.0161116 -0.00887374 -0.00285087 0.0018392 0.00517073 0.00723535 0.00822326 0.00841147 0.00800117 0.0072378 0.00633279 0.00543677 0.00464335 0.00400289 0.00347638 0.00307888 0.00277326 0.00253368 0.00232121 0.00213705 0.0019855 0.00185173 0.00171493 0.00160852 0.00151955 0.00146278 0.00143138 0.00138027 0.00132883 0.00131481 0.00131185 0.00131911 0.00132364 0.0013009 0.0012932 0.00131121 0.00132037 0.00132765 0.00133733 0.0013444 0.00138674 0.00144383 0.00147747 0.00150857 0.00154628 0.00159167 0.00167352 0.00175674 0.00182248 0.00191493 0.00202635 0.00214598 0.00227656 0.0023839 0.00248014 0.00260428 0.00271799 0.0028119 0.00287759 0.0029206 0.0029506 0.00297902 0.0030125 0.00310083 0.00327629 0.00360898 0.00408585 0.00472523 0.00552349 0.00639054 0.00715931 0.0076663 0.00764956 0.00687564 0.00509316 0.00211102 -0.00218624 -0.00780249 -0.0146276 -0.0224419 -0.0309114 -0.0395739 -0.047975 -0.0557053 -0.0623398 -0.0675528 -0.0711221 -0.0729944 -0.0731837 -0.071791 -0.0690256 -0.0651822 -0.0605286 -0.0553466 -0.0498717 -0.04433 -0.0388676 -0.0335777 -0.0285525 -0.0237876 -0.0192693 -0.0149328 -0.0107492 -0.00668956 -0.00269967 0.00124687 0.00515728 0.00904581 0.0128907 0.016652 0.0202636 0.0236873 0.0268689 0.0297034 0.0321496 0.0341422 0.0356679 0.036689 0.037206 0.0372572 0.036843 0.0360224 0.0348352 0.0333854 0.0317294 0.029936 0.0280958 0.0262464 0.0244461 0.0227187 0.0211315 0.0197056 0.018456 0.0173761 0.0164335 0.0156646 0.0150695 0.0146393 0.0143362 
