0 0 0 0 0 0 0 0 0 0 0 0 0 0 0 0 0 0 0 0 0 0 0 0 0 0 0 0 0 0 0 0 0 0 0 0 0 0 0 0 0 0 0 0 0 0 0 0 0 0 0 0 0 0 0 0 0 0 0 0 0 0 0 0 0 0 0 0 0 0 0 0 0 0 0 0 0 0 0 0 0 0 0 0 0 0 0 0 0 0 0 0 0 0 0 0 0 0 0 0 0 0 0 0 0 0 0 0 0 0 0 0 0 0 0 0 0 0 0 0 0 0 0 0 0 0 0 0 0 0 0 0 0 0 0 0 0 0 0 0 0 0 0 0 0 0 0 0 0 0 0 0 0 0 0 0 0 0 0 0 0 0 0 0 0 0 0 0 0 0 0 0 0 0 0 0 0 0 0 0 0 0 0 0 0 0 0 0 0 0 0 0 0 0 0 0 0 0 0 0 
0 -0.000261641 -0.000544542 -0.000855533 -0.00123343 -0.00170473 -0.0022759 -0.00290919 -0.00357582 -0.00425379 -0.00490549 -0.00552631 -0.00609295 -0.00657222 -0.00691346 -0.00709707 -0.00713536 -0.00702909 -0.00681702 -0.00650874 -0.00611456 -0.00564142 -0.00511194 -0.00457118 -0.00402988 -0.00351534 -0.00302065 -0.00256056 -0.00215598 -0.00180676 -0.00151812 -0.00127509 -0.00106612 -0.000877961 -0.000720054 -0.000606432 -0.000520605 -0.000447319 -0.000392689 -0.000340714 -0.00030591 -0.000281488 -0.000266727 -0.00026022 -0.000246274 -0.0002304 -0.000205313 -0.000197847 -0.000195993 -0.00019395 -0.000190411 -0.000185519 -0.000174524 -0.00017247 -0.000173124 -0.000181133 -0.000195692 -0.000202528 -0.000211906 -0.0002343 -0.000275936 -0.000330407 -0.000410149 -0.000501106 -0.000613459 -0.000735128 -0.000881588 -0.00104843 -0.00123128 -0.00141512 -0.00159927 -0.00176167 -0.00188885 -0.00196129 -0.00198246 -0.00192753 -0.00177838 -0.0015483 -0.00123087 -0.000839946 -0.000408046 4.14949e-05 0.000477225 0.000861277 0.00118257 0.00141622 0.00157301 0.00163942 0.00162029 0.00153152 0.00139312 0.0012208 0.00105893 0.000900926 0.000765496 0.000652281 0.000564646 0.000494925 0.000449677 0.000409071 0.00037561 0.000337707 0.000318746 0.000314555 0.000347024 0.000419578 0.000527734 0.00066276 0.000837316 0.00101906 0.00121528 0.00139912 0.00154239 0.00162388 0.00162827 0.00152937 0.00133509 0.00103352 0.000658116 0.000233325 -0.000207252 -0.000621241 -0.000994819 -0.00132045 -0.00156116 -0.00171894 -0.00179412 -0.00178216 -0.00170808 -0.00158475 -0.00142533 -0.00123845 -0.00105217 -0.000877293 -0.00071697 -0.000555063 -0.00041021 -0.000288792 -0.000201892 -0.000127273 -7.24287e-05 -2.75964e-05 6.87989e-06 4.10903e-05 6.65594e-05 8.54327e-05 9.31884e-05 9.40106e-05 0.000107079 0.000122638 0.000132747 0.000136815 0.000133892 0.000127984 0.000135901 0.000137095 0.000149305 0.000157104 0.000158185 0.000148261 0.000135602 0.000131249 0.000112706 7.83612e-05 1.66135e-05 -6.95375e-05 -0.000165913 -0.000280115 -0.000423072 -0.000596587 -0.000822297 -0.00109197 -0.00140216 -0.00174367 -0.00213635 -0.00258865 -0.00306549 -0.00355566 -0.00401786 -0.00443874 -0.00480045 -0.00508851 -0.0052824 -0.00533726 -0.00523568 -0.00495 -0.00448402 -0.00383798 -0.00300953 -0.00202074 -0.000898359 0.000312822 0.00157961 0.00285436 0.0041002 0.00528712 0.00635533 0.00725087 0.00793376 0.00839382 
0 -0.000544542 -0.00113147 -0.0017991 -0.00257323 -0.00352984 -0.00464187 -0.00587243 -0.00717392 -0.00849892 -0.00979668 -0.0110013 -0.0121058 -0.0130138 -0.0136718 -0.0140465 -0.0141386 -0.0139666 -0.0135442 -0.0129441 -0.0121616 -0.0112445 -0.0102264 -0.00916009 -0.00809201 -0.00704751 -0.00606593 -0.00515752 -0.00436158 -0.00366511 -0.00307071 -0.00256926 -0.00215326 -0.00178705 -0.00148683 -0.00125551 -0.00106147 -0.000906584 -0.000778211 -0.000691187 -0.000615247 -0.000562274 -0.000519447 -0.000487195 -0.000470945 -0.000449302 -0.000421585 -0.000413594 -0.000401057 -0.000383748 -0.000374156 -0.000357885 -0.000358036 -0.000347782 -0.000348286 -0.000351277 -0.000370974 -0.000404666 -0.00043402 -0.000486356 -0.000577082 -0.00068701 -0.000833223 -0.000997588 -0.00120629 -0.00148911 -0.00178613 -0.002106 -0.00245944 -0.00283472 -0.0032042 -0.00353095 -0.00378056 -0.00394477 -0.0039734 -0.00385004 -0.00355602 -0.00307749 -0.00243006 -0.00167709 -0.000834214 5.58429e-05 0.000916794 0.00170469 0.00237115 0.00285601 0.00316359 0.00328421 0.00322891 0.00304257 0.00275753 0.00243702 0.00212052 0.00181413 0.00155335 0.0013259 0.00112686 0.000992457 0.000886312 0.000800003 0.000746031 0.000685709 0.000644129 0.000658044 0.000714549 0.000846164 0.0010538 0.00131758 0.00165085 0.00203321 0.00243604 0.00281835 0.00310834 0.00326556 0.00324755 0.0030272 0.00262792 0.00204483 0.00130604 0.000479789 -0.000384503 -0.00123568 -0.00199892 -0.00264179 -0.00313606 -0.00345376 -0.0035835 -0.00356735 -0.00341792 -0.00316902 -0.00284643 -0.00248678 -0.00212265 -0.00176013 -0.00140964 -0.00111739 -0.000845754 -0.000610855 -0.000426827 -0.000266899 -0.000147168 -5.03428e-05 3.1643e-05 8.14812e-05 0.000125711 0.000166395 0.00018405 0.000203405 0.000214714 0.000238254 0.000246952 0.000256359 0.000267263 0.000279003 0.000297144 0.000305267 0.000305523 0.000318759 0.000321099 0.000302134 0.000284109 0.000248007 0.000201687 0.000119645 9.03081e-06 -0.000144402 -0.000332344 -0.00057177 -0.000873647 -0.00123417 -0.0016748 -0.00221021 -0.0028353 -0.00353119 -0.00433676 -0.00521806 -0.0061539 -0.00709158 -0.00799983 -0.00883017 -0.00952904 -0.0100841 -0.0104201 -0.0105114 -0.0102863 -0.00971824 -0.00879113 -0.00749929 -0.00586726 -0.00391305 -0.00172228 0.000659413 0.00315091 0.00566458 0.00812111 0.0104394 0.0125324 0.0142816 0.0156397 0.016562 
0 -0.000855533 -0.0017991 -0.00285271 -0.00407786 -0.00550492 -0.00713886 -0.00891381 -0.0107969 -0.0127441 -0.0146332 -0.0164018 -0.0179682 -0.0192625 -0.0201987 -0.0207525 -0.0209344 -0.0207014 -0.0201157 -0.0192205 -0.018084 -0.0167555 -0.0152827 -0.0137449 -0.0121616 -0.0106266 -0.0091693 -0.00783878 -0.00666365 -0.00561359 -0.00470177 -0.00392597 -0.00328614 -0.00274443 -0.00229148 -0.0019337 -0.0016312 -0.00137318 -0.00119425 -0.00105248 -0.000953971 -0.000863898 -0.00078363 -0.000732097 -0.000692588 -0.000673604 -0.000637998 -0.000627144 -0.000606095 -0.000575152 -0.000553479 -0.000548625 -0.000538315 -0.000537377 -0.000525688 -0.000524876 -0.000554262 -0.000591548 -0.000653595 -0.000751142 -0.000883717 -0.00103386 -0.00124381 -0.00149701 -0.00182916 -0.00221194 -0.00266565 -0.00316867 -0.0037065 -0.00424719 -0.00479123 -0.00528167 -0.00567274 -0.00590084 -0.00595525 -0.00576893 -0.00530263 -0.00459887 -0.0036554 -0.00251421 -0.00125287 7.22676e-05 0.0013756 0.00254875 0.00353951 0.00426494 0.00473628 0.00492072 0.00484149 0.00455812 0.00413989 0.00364369 0.00318049 0.00273243 0.00233906 0.00199555 0.00171222 0.00148228 0.00132654 0.0012028 0.00111582 0.00102999 0.000994137 0.00099695 0.0010884 0.0012847 0.00158463 0.00197623 0.00249456 0.00305878 0.00366745 0.00423222 0.00465905 0.0048807 0.00485575 0.00452965 0.00393249 0.00304447 0.00194886 0.000708016 -0.000593157 -0.00184047 -0.00297915 -0.00396715 -0.0046968 -0.00516308 -0.00537214 -0.00533006 -0.00511016 -0.00475035 -0.00428223 -0.00372763 -0.00316051 -0.00262161 -0.00213366 -0.00166918 -0.00126521 -0.000924695 -0.000659787 -0.000412748 -0.000213357 -5.78729e-05 4.42173e-05 0.000122887 0.000180752 0.000237563 0.000278297 0.000298916 0.000330561 0.000352913 0.000363486 0.000380122 0.000403362 0.000425879 0.000462391 0.000454628 0.000457558 0.000461409 0.000468874 0.000455871 0.000418408 0.000369206 0.000270448 0.000144725 -2.33877e-05 -0.00024812 -0.000531607 -0.000909959 -0.00138849 -0.00193824 -0.00260317 -0.00339343 -0.00433054 -0.00538952 -0.00658229 -0.00788848 -0.00922242 -0.0105835 -0.011895 -0.013105 -0.0141245 -0.014886 -0.0153395 -0.0154011 -0.0150361 -0.0141636 -0.0127704 -0.0108546 -0.00843148 -0.00557862 -0.00236935 0.0010989 0.00474509 0.00842433 0.0120007 0.0153695 0.0183838 0.0209272 0.0229082 0.0242747 
0 -0.00123343 -0.00257323 -0.00407786 -0.005754 -0.00767157 -0.00978673 -0.0120689 -0.0144856 -0.0169706 -0.0194037 -0.0216364 -0.0236236 -0.0252363 -0.0264204 -0.027145 -0.027394 -0.0271503 -0.0264146 -0.0253012 -0.0238457 -0.0221473 -0.020268 -0.0182833 -0.0162611 -0.0142653 -0.012377 -0.0106265 -0.00906249 -0.00765839 -0.00642792 -0.00537827 -0.00451079 -0.00376564 -0.00314971 -0.00265798 -0.0022421 -0.00190796 -0.00164266 -0.00145705 -0.0013009 -0.00118234 -0.00108406 -0.00100895 -0.000962371 -0.000914485 -0.00085991 -0.000836561 -0.000806007 -0.000767165 -0.000743425 -0.000718381 -0.000719173 -0.000706249 -0.000705501 -0.000710401 -0.000745673 -0.000805212 -0.000866654 -0.000971565 -0.00114617 -0.00136515 -0.00165577 -0.00199427 -0.00241995 -0.00297015 -0.00356314 -0.0042067 -0.00491233 -0.00565451 -0.00638197 -0.00702785 -0.00752676 -0.007849 -0.00791149 -0.00767032 -0.00708462 -0.00613822 -0.00485924 -0.00335479 -0.00167364 9.43672e-05 0.00180789 0.00336914 0.00468496 0.00565072 0.00626802 0.00651985 0.00642762 0.00607014 0.00551635 0.0048787 0.0042426 0.00363047 0.00310258 0.00264762 0.00226136 0.00198975 0.00178099 0.0016128 0.00149643 0.00137789 0.0013021 0.00132786 0.00145205 0.0017237 0.00214183 0.002675 0.00333849 0.00408941 0.00487709 0.00561828 0.0061822 0.00648432 0.0064438 0.00600639 0.00520501 0.00403759 0.00256667 0.000917821 -0.00080247 -0.00248426 -0.00399427 -0.00526627 -0.0062376 -0.00686336 -0.00712813 -0.00709583 -0.00680221 -0.00631089 -0.00567276 -0.00495765 -0.00422922 -0.00350831 -0.00281692 -0.00222013 -0.00167574 -0.00121034 -0.000842636 -0.000528212 -0.000287742 -9.55297e-05 5.94656e-05 0.000160386 0.00024826 0.000329889 0.000374937 0.000415356 0.00044145 0.000480789 0.000496988 0.000513905 0.000533042 0.000553835 0.000583575 0.000592611 0.000590139 0.000606094 0.000607278 0.000574333 0.000531059 0.000445893 0.000324747 0.000139041 -9.75918e-05 -0.000410911 -0.000804512 -0.00131693 -0.0019606 -0.00271447 -0.00361038 -0.00468101 -0.00593093 -0.0073261 -0.00889543 -0.0105659 -0.0122919 -0.0140118 -0.0156816 -0.0172098 -0.0184754 -0.0194163 -0.0199103 -0.0199186 -0.0193459 -0.0181451 -0.0162849 -0.0137585 -0.0106143 -0.00690689 -0.002776 0.00169963 0.00638387 0.0111023 0.01568 0.0199586 0.0237953 0.0270219 0.0295602 0.0313114 
0 -0.00170473 -0.00352984 -0.00550492 -0.00767157 -0.0100524 -0.0126438 -0.0153881 -0.0182603 -0.021197 -0.0240326 -0.0266536 -0.0289583 -0.0308552 -0.0322496 -0.0331109 -0.0334372 -0.0331758 -0.0323764 -0.0310952 -0.0294076 -0.027395 -0.0251504 -0.022795 -0.02038 -0.0180048 -0.0157118 -0.0135611 -0.0116087 -0.00984777 -0.00830471 -0.00697926 -0.00585831 -0.00489419 -0.00408559 -0.00344641 -0.0029238 -0.0024877 -0.00215188 -0.00187632 -0.00166732 -0.00150319 -0.00137822 -0.00129182 -0.00121441 -0.00114623 -0.00106908 -0.00103658 -0.00100978 -0.000973764 -0.000941264 -0.000918558 -0.000894477 -0.000885171 -0.000880118 -0.000895918 -0.000947383 -0.00100761 -0.00109195 -0.00123235 -0.00144338 -0.00171245 -0.00207739 -0.0025148 -0.00305938 -0.00369505 -0.00443416 -0.00526002 -0.00615282 -0.00706461 -0.00796416 -0.0087649 -0.00939411 -0.0097716 -0.0098563 -0.00955615 -0.00881065 -0.00764992 -0.00608545 -0.00419493 -0.00209589 0.000101446 0.00224706 0.00418036 0.00580363 0.00700699 0.00778866 0.00811537 0.00801753 0.00757901 0.00690265 0.00609614 0.00530693 0.00455025 0.00388591 0.00331666 0.00285256 0.0024917 0.00223554 0.00203192 0.0018772 0.00173352 0.00166228 0.00168043 0.00184694 0.00219097 0.00270815 0.00337604 0.00421745 0.00514087 0.00611451 0.00701603 0.00770214 0.00806063 0.0080092 0.00747123 0.00646934 0.00499686 0.00316877 0.00110731 -0.00104057 -0.00310167 -0.00496921 -0.00656652 -0.00776485 -0.00853928 -0.00889053 -0.00883966 -0.00847687 -0.00787008 -0.0070842 -0.00617937 -0.00525687 -0.0043728 -0.00355281 -0.00278126 -0.00209505 -0.00151602 -0.00106367 -0.000674193 -0.000364679 -0.000120464 6.01052e-05 0.000202908 0.00031497 0.000409638 0.000467193 0.000498444 0.000544975 0.00059427 0.000630314 0.000658796 0.000677176 0.000690997 0.000726232 0.000731338 0.000747513 0.000756355 0.000743424 0.000689659 0.000608275 0.000509134 0.000343098 0.000107387 -0.000218567 -0.000643581 -0.00116207 -0.0018188 -0.00263407 -0.00359567 -0.00475378 -0.0061151 -0.00767631 -0.00939424 -0.0112796 -0.0132978 -0.0153478 -0.0173938 -0.0193341 -0.0210822 -0.0225158 -0.0235307 -0.0240275 -0.0238933 -0.0230732 -0.0214968 -0.0191645 -0.0160835 -0.0122754 -0.0078328 -0.00287121 0.00246654 0.00803673 0.0136246 0.0190271 0.0240833 0.0286011 0.0324198 0.0354124 0.0374827 
0 -0.0022759 -0.00464187 -0.00713886 -0.00978673 -0.0126438 -0.0156817 -0.0188521 -0.0221097 -0.0253748 -0.0285139 -0.0313959 -0.0339547 -0.0360632 -0.0376301 -0.0386109 -0.0389924 -0.0387579 -0.0379207 -0.0365576 -0.0347058 -0.0324633 -0.0299426 -0.0272717 -0.0245374 -0.0218106 -0.0191576 -0.0166333 -0.0143115 -0.0122045 -0.01034 -0.00872255 -0.00734223 -0.00614867 -0.00515082 -0.00434908 -0.00368761 -0.00314396 -0.00270158 -0.00235447 -0.00207267 -0.0018565 -0.00169058 -0.00156693 -0.00147312 -0.00138683 -0.00130492 -0.00126292 -0.00122347 -0.00117402 -0.0011336 -0.00109834 -0.00108244 -0.00106423 -0.00105866 -0.00107182 -0.00112712 -0.00121398 -0.00132317 -0.00149278 -0.00174876 -0.00207697 -0.00250349 -0.00301881 -0.00366139 -0.00445212 -0.0053374 -0.00631031 -0.00736665 -0.00846537 -0.00953842 -0.0104945 -0.0112405 -0.0117052 -0.0117926 -0.0114227 -0.0105377 -0.0091368 -0.00726189 -0.00503165 -0.00254435 6.70769e-05 0.00261816 0.00494459 0.00690426 0.00836309 0.00929709 0.00968672 0.00956944 0.0090511 0.0082502 0.00731466 0.00637453 0.00547746 0.00468536 0.00400098 0.00342932 0.00299994 0.00267921 0.00243309 0.00225469 0.00210153 0.00202012 0.00206615 0.00226887 0.00267615 0.0032908 0.00408973 0.00507758 0.00618944 0.00734889 0.00842124 0.00922914 0.00963786 0.00953946 0.00886732 0.00764984 0.0059055 0.00373426 0.00129471 -0.00125021 -0.00372731 -0.00596697 -0.00785815 -0.00929336 -0.0102176 -0.010622 -0.01057 -0.0101357 -0.00940805 -0.00846548 -0.00740304 -0.00631336 -0.00524654 -0.00423868 -0.0033364 -0.00252943 -0.00184261 -0.00128659 -0.000816163 -0.00044153 -0.000143933 8.48828e-05 0.000247061 0.000378388 0.000490705 0.000560487 0.000611942 0.000655906 0.000710384 0.000748716 0.000783051 0.00081216 0.000840023 0.000876114 0.000889934 0.000892937 0.000894485 0.000862402 0.000779933 0.000669675 0.00051551 0.000300341 -9.72294e-06 -0.000420956 -0.000952218 -0.00160541 -0.00242148 -0.00342588 -0.00461722 -0.00603438 -0.00768894 -0.00955258 -0.0115728 -0.0137605 -0.0160584 -0.0183912 -0.0206709 -0.0228034 -0.0246762 -0.026164 -0.0271728 -0.0275635 -0.0272415 -0.0261132 -0.0241461 -0.0213492 -0.0177406 -0.0133574 -0.00826736 -0.00262249 0.00343143 0.00970193 0.0159644 0.0220127 0.0276647 0.0327274 0.0369936 0.0403325 0.0426273 
0 -0.00290919 -0.00587243 -0.00891381 -0.0120689 -0.0153881 -0.0188521 -0.0223957 -0.0259602 -0.0294688 -0.032807 -0.0358742 -0.0385943 -0.0408507 -0.0425406 -0.0436172 -0.0440648 -0.0438625 -0.0430263 -0.0416131 -0.0396728 -0.0372948 -0.034594 -0.0316956 -0.0286912 -0.0256673 -0.0227011 -0.0198603 -0.0172097 -0.0147692 -0.0125713 -0.0106411 -0.00897938 -0.00755162 -0.00634909 -0.00536091 -0.00453789 -0.0038587 -0.0033174 -0.00289231 -0.00254985 -0.0022715 -0.00204756 -0.00187779 -0.00175163 -0.00164833 -0.00155733 -0.0014954 -0.00143586 -0.00137045 -0.00132046 -0.00129003 -0.0012749 -0.00125933 -0.00124773 -0.00125759 -0.00131368 -0.00141117 -0.00154953 -0.00175678 -0.00204883 -0.00242561 -0.00291478 -0.00352254 -0.00427754 -0.00518695 -0.00622082 -0.00736139 -0.00858688 -0.00985063 -0.011085 -0.0121906 -0.0130606 -0.0135969 -0.0136982 -0.0132648 -0.0122348 -0.0106156 -0.00845673 -0.00587073 -0.00298779 3.45038e-05 0.00299307 0.0056893 0.00795659 0.00965958 0.0107539 0.0112218 0.0111069 0.0105227 0.00961021 0.00853415 0.00744246 0.00640413 0.00547786 0.00467924 0.00401814 0.00351047 0.00313387 0.00285044 0.00263906 0.00247288 0.0023939 0.00245525 0.00270414 0.00318433 0.00389961 0.00483398 0.00597858 0.00726158 0.00858919 0.00980583 0.0107184 0.0111677 0.0110332 0.0102452 0.0088172 0.00678555 0.00426938 0.00144216 -0.00150249 -0.00435872 -0.00694838 -0.00913482 -0.0107902 -0.0118535 -0.0123239 -0.0122622 -0.0117638 -0.0109285 -0.00984557 -0.00861362 -0.0073399 -0.00609866 -0.00493419 -0.00387732 -0.00294155 -0.00215038 -0.00150289 -0.000955414 -0.000508418 -0.000158052 0.000101604 0.000287173 0.000435246 0.000563226 0.000656422 0.000724739 0.000782497 0.000835152 0.000872434 0.000907022 0.000942755 0.000981291 0.00101747 0.0010216 0.00100836 0.000989206 0.000942813 0.000847255 0.000702647 0.000493983 0.000199148 -0.000198142 -0.000708819 -0.00135492 -0.00215776 -0.00316278 -0.00438629 -0.00582107 -0.00749217 -0.00940996 -0.0115462 -0.0138484 -0.0162968 -0.0188274 -0.0213511 -0.0237813 -0.0260135 -0.0279241 -0.02938 -0.030268 -0.0304653 -0.0298722 -0.0284103 -0.0260459 -0.0227962 -0.0186954 -0.0137904 -0.00817129 -0.00198731 0.00459339 0.0113696 0.018109 0.0246023 0.0306642 0.0360835 0.0406463 0.044199 0.0466294 
0 -0.00357582 -0.00717392 -0.0107969 -0.0144856 -0.0182603 -0.0221097 -0.0259602 -0.0297534 -0.0334268 -0.0368845 -0.0400556 -0.0428482 -0.0451749 -0.0469368 -0.0480899 -0.0486092 -0.0484568 -0.047655 -0.0462418 -0.0442916 -0.0418745 -0.0390898 -0.0360468 -0.0328391 -0.0295782 -0.0263502 -0.0232354 -0.020284 -0.0175274 -0.0150067 -0.0127657 -0.0108124 -0.00913171 -0.00770184 -0.00650688 -0.00550912 -0.00468004 -0.00402116 -0.00349237 -0.00307093 -0.00272266 -0.00244241 -0.00222879 -0.0020616 -0.00192651 -0.00181232 -0.00172504 -0.00165103 -0.00157847 -0.00151833 -0.0014838 -0.00145729 -0.00144403 -0.00143603 -0.0014574 -0.00152224 -0.00162397 -0.00177748 -0.00200905 -0.00233688 -0.00277489 -0.00333824 -0.00404178 -0.00490808 -0.0059287 -0.00710363 -0.00840442 -0.00979943 -0.0112338 -0.0126302 -0.013875 -0.0148558 -0.0154534 -0.0155685 -0.0150822 -0.0139209 -0.0120921 -0.00965162 -0.00670911 -0.00343306 -8.93332e-06 0.00334475 0.00639624 0.0089601 0.0109021 0.0121577 0.0127128 0.012617 0.0119834 0.0109738 0.00976213 0.00851527 0.00732884 0.00626373 0.0053515 0.00460933 0.00403094 0.00360494 0.00328523 0.00303687 0.00285274 0.00277432 0.00285206 0.00315607 0.00371955 0.00454525 0.0056188 0.0069138 0.00835201 0.0098284 0.011169 0.0121736 0.0126569 0.0124844 0.0115814 0.00994427 0.00762594 0.00476666 0.00155378 -0.00178526 -0.00500944 -0.00793089 -0.0103917 -0.0122536 -0.0134554 -0.0140009 -0.0139381 -0.0133784 -0.0124291 -0.0112022 -0.00980809 -0.00836371 -0.00695671 -0.00563989 -0.00442567 -0.00335558 -0.00244827 -0.00170263 -0.00108744 -0.00058565 -0.000192343 0.000101809 0.000326747 0.000503376 0.000647879 0.000757691 0.000832944 0.000903583 0.000961092 0.00100767 0.0010445 0.00107771 0.00111261 0.00114092 0.00113766 0.00111684 0.00107586 0.00100362 0.000877542 0.000681999 0.000411327 3.00413e-05 -0.00046529 -0.00109653 -0.00188175 -0.00285502 -0.0040612 -0.00551146 -0.00719601 -0.00912205 -0.0112896 -0.0136715 -0.0162201 -0.0188809 -0.0215824 -0.0242141 -0.0266976 -0.0289233 -0.0307657 -0.0320835 -0.032741 -0.0326465 -0.0317089 -0.029883 -0.0271276 -0.0234551 -0.0189099 -0.0135598 -0.0075357 -0.000981828 0.00592404 0.0129972 0.0200112 0.0267496 0.0330189 0.0385976 0.0432895 0.0469316 0.0494188 
0 -0.00425379 -0.00849892 -0.0127441 -0.0169706 -0.021197 -0.0253748 -0.0294688 -0.0334268 -0.03719 -0.0407101 -0.043894 -0.0466945 -0.0490184 -0.0508104 -0.0520197 -0.0525929 -0.0525203 -0.0517828 -0.0504482 -0.0485584 -0.0461819 -0.0433972 -0.0402848 -0.0369709 -0.033541 -0.0301087 -0.0267465 -0.0235146 -0.0204712 -0.0176587 -0.0151217 -0.0128731 -0.0109075 -0.00922767 -0.00780989 -0.00662329 -0.00564174 -0.00482349 -0.00417027 -0.00363289 -0.00320537 -0.00286816 -0.00260005 -0.0023914 -0.00220983 -0.00207033 -0.0019631 -0.00188129 -0.0018072 -0.00174181 -0.00168179 -0.00164849 -0.00162115 -0.00162214 -0.00165632 -0.00172826 -0.00184915 -0.00201942 -0.00227365 -0.00264684 -0.0031528 -0.0037864 -0.00457565 -0.00553164 -0.00668779 -0.007994 -0.00943962 -0.0109997 -0.0126153 -0.0141697 -0.0155528 -0.0166314 -0.0173005 -0.0174095 -0.0168581 -0.0155767 -0.0135328 -0.010809 -0.00754761 -0.00389945 -8.54789e-05 0.00364171 0.00705458 0.00992774 0.0121166 0.0135332 0.0141767 0.0140957 0.0134168 0.0123112 0.0109875 0.00959339 0.00826912 0.00707508 0.00605144 0.00520877 0.00456519 0.00407525 0.00371503 0.00344218 0.00325713 0.00317977 0.00329759 0.0036514 0.00428979 0.00521995 0.00642936 0.00786048 0.00946172 0.0110808 0.0125415 0.0136217 0.0141235 0.0138891 0.0128492 0.0109943 0.00840926 0.0052161 0.00164395 -0.00205711 -0.00565544 -0.00890742 -0.0116241 -0.0137004 -0.015044 -0.0156471 -0.0155935 -0.0149697 -0.013907 -0.0125289 -0.0109846 -0.00938759 -0.00781909 -0.00633121 -0.00499074 -0.00379371 -0.00277185 -0.00191712 -0.0012281 -0.000673478 -0.00023499 0.000110574 0.000369782 0.000577942 0.00073655 0.000848122 0.000935254 0.00100261 0.00107636 0.00113878 0.00118559 0.00122004 0.00124984 0.00126016 0.00126089 0.00122499 0.0011648 0.00104744 0.000858632 0.000599038 0.000241724 -0.000215827 -0.000823049 -0.00159229 -0.00254719 -0.00371984 -0.00513318 -0.00680434 -0.00873797 -0.0109175 -0.0133349 -0.0159364 -0.0186744 -0.0214868 -0.0242736 -0.02695 -0.0293853 -0.0314949 -0.033141 -0.0341896 -0.034527 -0.0340481 -0.0327219 -0.0304881 -0.0273449 -0.0232886 -0.018367 -0.0126919 -0.00639204 0.000350668 0.0073936 0.0145498 0.0216237 0.0284022 0.0346629 0.040217 0.044869 0.0484924 0.0509643 
0 -0.00490549 -0.00979668 -0.0146332 -0.0194037 -0.0240326 -0.0285139 -0.032807 -0.0368845 -0.0407101 -0.0442199 -0.047389 -0.0501303 -0.0524279 -0.0542137 -0.0554395 -0.0560649 -0.0560567 -0.0554457 -0.0542237 -0.0524594 -0.0501773 -0.0474508 -0.0443674 -0.0410218 -0.0375166 -0.0339311 -0.0303695 -0.0268999 -0.023606 -0.0205293 -0.0177128 -0.0151563 -0.0129039 -0.010949 -0.00928575 -0.00789581 -0.00672019 -0.00575255 -0.00494192 -0.00429673 -0.00376943 -0.00334999 -0.00302088 -0.00274878 -0.00252879 -0.00236157 -0.00222276 -0.00212137 -0.00203663 -0.00195475 -0.0019004 -0.00184385 -0.00182181 -0.00181275 -0.00184909 -0.00192736 -0.00205337 -0.00226147 -0.00256516 -0.00297102 -0.00352117 -0.00421738 -0.0050994 -0.00617432 -0.0074184 -0.00887186 -0.0104884 -0.0122073 -0.0139632 -0.0156716 -0.0171934 -0.0183951 -0.0191115 -0.019228 -0.0186053 -0.0171718 -0.0149349 -0.0119725 -0.00838027 -0.00438106 -0.000203496 0.00390885 0.00766824 0.0108372 0.0132769 0.0148652 0.0155968 0.0155393 0.0148167 0.0136334 0.0121916 0.0106735 0.00922367 0.00789953 0.00675871 0.00583074 0.00508992 0.0045428 0.00414731 0.00384751 0.00366636 0.00362523 0.00376825 0.00418471 0.00489821 0.00592137 0.00725372 0.00883522 0.0105827 0.0123433 0.0139052 0.0150479 0.0155417 0.0152331 0.0140583 0.0119863 0.00911724 0.00561986 0.00170128 -0.00236412 -0.00628588 -0.00985462 -0.0128548 -0.0151284 -0.0165945 -0.0172681 -0.0171944 -0.0165125 -0.0153507 -0.0138589 -0.0121566 -0.0103785 -0.00864697 -0.00703377 -0.00553214 -0.00421538 -0.00309124 -0.00214889 -0.00138112 -0.000744835 -0.000248531 0.000124036 0.000420225 0.000644979 0.000811869 0.000946315 0.00103528 0.00112701 0.00119602 0.00126592 0.00131555 0.00135072 0.00137732 0.00137855 0.00135574 0.00130621 0.00120095 0.00103578 0.000791971 0.000443377 7.82273e-06 -0.000568112 -0.00129311 -0.00222471 -0.00337035 -0.00475806 -0.00639823 -0.00829272 -0.0104609 -0.0128794 -0.015511 -0.0182892 -0.0211601 -0.0240297 -0.0268372 -0.0294538 -0.0317705 -0.0336505 -0.0349802 -0.0356617 -0.0355782 -0.0346917 -0.0329211 -0.0302713 -0.0267271 -0.0223217 -0.0171254 -0.0112365 -0.00482872 0.0019683 0.00896853 0.0160237 0.0229497 0.0295429 0.0356058 0.0409378 0.0454146 0.0488898 0.0512684 
0 -0.00552631 -0.0110013 -0.0164018 -0.0216364 -0.0266536 -0.0313959 -0.0358742 -0.0400556 -0.043894 -0.047389 -0.0504865 -0.0531735 -0.0554044 -0.05716 -0.0583863 -0.0590335 -0.0591291 -0.0586418 -0.0575878 -0.0559739 -0.0538418 -0.051253 -0.0482593 -0.0449715 -0.0414422 -0.0377798 -0.0340836 -0.0304331 -0.0269247 -0.0236005 -0.020506 -0.0176702 -0.0151309 -0.0129068 -0.0109722 -0.00932799 -0.00795256 -0.0067917 -0.00584735 -0.0050655 -0.00442748 -0.0039096 -0.00349115 -0.00316506 -0.00289798 -0.00269531 -0.00251438 -0.00236845 -0.00225474 -0.0021663 -0.00209447 -0.00205528 -0.00202285 -0.00201676 -0.00205145 -0.00212896 -0.00227923 -0.00250871 -0.00282963 -0.00327879 -0.00388704 -0.00464414 -0.00560901 -0.00678335 -0.00819202 -0.00977855 -0.0115203 -0.0133856 -0.0153088 -0.0171564 -0.018806 -0.020097 -0.0208903 -0.0209994 -0.0203188 -0.0187799 -0.016337 -0.0130987 -0.00921839 -0.00487278 -0.000331446 0.00412185 0.0082225 0.0116933 0.0143688 0.0161196 0.0169526 0.0169298 0.0161923 0.0149425 0.0134108 0.0117559 0.0101685 0.00871565 0.007464 0.00643455 0.00563548 0.00502544 0.00458874 0.0042703 0.0040938 0.00406056 0.00425984 0.00473749 0.0055363 0.00667035 0.00813438 0.00983596 0.0117191 0.0135885 0.0152373 0.0164219 0.0169108 0.0165245 0.0151948 0.0129041 0.00978121 0.0059642 0.00171292 -0.00268033 -0.00695911 -0.010831 -0.0140524 -0.0165149 -0.0181067 -0.0188236 -0.0187659 -0.0180306 -0.0167743 -0.015145 -0.0133125 -0.0113968 -0.00949364 -0.00768348 -0.00605989 -0.00462773 -0.0034017 -0.00235454 -0.00151066 -0.000825053 -0.000280933 0.000143448 0.000462483 0.000710059 0.000895207 0.00104708 0.00117445 0.00126346 0.00133758 0.0013927 0.00143061 0.00146317 0.00148764 0.00146994 0.00143349 0.00133441 0.00118367 0.00096207 0.000654123 0.000237793 -0.000322949 -0.00102499 -0.00192011 -0.00302426 -0.00436292 -0.00597479 -0.00784533 -0.0099758 -0.0123716 -0.0149854 -0.0177805 -0.0206768 -0.0236141 -0.0264893 -0.0292053 -0.0316817 -0.0337524 -0.0353131 -0.0362376 -0.0364543 -0.0359113 -0.0345454 -0.0323379 -0.029247 -0.0253277 -0.020629 -0.0152394 -0.00929276 -0.00289819 0.00378146 0.0106028 0.0173761 0.0239533 0.0301692 0.0358281 0.0408024 0.0449519 0.0481807 0.0503736 
0 -0.00609295 -0.0121058 -0.0179682 -0.0236236 -0.0289583 -0.0339547 -0.0385943 -0.0428482 -0.0466945 -0.0501303 -0.0531735 -0.0557675 -0.0579278 -0.0596309 -0.0608443 -0.0615469 -0.0617372 -0.0614153 -0.0605269 -0.0591124 -0.0571878 -0.0547943 -0.0519676 -0.0487783 -0.0453037 -0.0416339 -0.0378803 -0.0341087 -0.0304176 -0.0268625 -0.0235176 -0.0204086 -0.0176055 -0.0150952 -0.0128701 -0.010961 -0.00933873 -0.00798995 -0.00685753 -0.00593347 -0.00516115 -0.004528 -0.00402095 -0.00361214 -0.00328749 -0.00303933 -0.00281398 -0.00263931 -0.00250967 -0.00240067 -0.00232798 -0.00226228 -0.00223608 -0.00222877 -0.00227202 -0.00235615 -0.00250637 -0.00276163 -0.00312623 -0.00360841 -0.00426846 -0.00510424 -0.00616485 -0.00744479 -0.0089259 -0.0106486 -0.0125623 -0.0145873 -0.0166435 -0.018632 -0.0203961 -0.0217834 -0.0226075 -0.0227216 -0.0219834 -0.0203184 -0.0177092 -0.014249 -0.0100455 -0.00535945 -0.000473842 0.00433125 0.00873834 0.0124721 0.0153847 0.0173159 0.018264 0.0183021 0.017559 0.0162563 0.0146218 0.0128473 0.0111296 0.00954808 0.00818485 0.00707606 0.00619312 0.00553258 0.00506047 0.00471772 0.00454334 0.00454797 0.0047846 0.00533654 0.00622592 0.00746798 0.00905641 0.0108957 0.0128948 0.0148573 0.0165552 0.0177584 0.018214 0.0177473 0.01629 0.0137916 0.0103875 0.00626773 0.00167935 -0.00305684 -0.00761876 -0.0117584 -0.01522 -0.0178537 -0.0195614 -0.020358 -0.020298 -0.0195179 -0.0181672 -0.0164292 -0.0144429 -0.0123568 -0.0103104 -0.00839234 -0.00661641 -0.0050557 -0.00371456 -0.00257969 -0.00166271 -0.00090639 -0.000315279 0.000136956 0.000498917 0.00077339 0.000973662 0.00114582 0.00127188 0.00138408 0.00145613 0.00152005 0.00155846 0.00158391 0.00159317 0.00155352 0.00147926 0.00134604 0.00112882 0.000839354 0.000459675 -6.22e-05 -0.000734131 -0.00160709 -0.00267749 -0.00398497 -0.00553425 -0.00736858 -0.00947824 -0.0118389 -0.014446 -0.017224 -0.0201202 -0.0230706 -0.0260161 -0.0288134 -0.0313702 -0.0335672 -0.0352905 -0.0364211 -0.0368669 -0.0365769 -0.0354956 -0.0336295 -0.0309323 -0.027436 -0.0231865 -0.0182738 -0.0128114 -0.00691147 -0.000702409 0.00572423 0.0121839 0.0185126 0.0245693 0.0302235 0.0353436 0.0398093 0.0435441 0.0464227 0.0483711 
0 -0.00657222 -0.0130138 -0.0192625 -0.0252363 -0.0308552 -0.0360632 -0.0408507 -0.0451749 -0.0490184 -0.0524279 -0.0554044 -0.0579278 -0.0600031 -0.0616594 -0.0628794 -0.0636374 -0.0639488 -0.0637751 -0.0630841 -0.0618915 -0.060216 -0.0580646 -0.0554398 -0.0524171 -0.0490579 -0.0454533 -0.0416967 -0.0378512 -0.0340251 -0.0302921 -0.0267277 -0.0233792 -0.0203046 -0.0175172 -0.0150095 -0.0128267 -0.0109594 -0.00936324 -0.00802061 -0.00690763 -0.00599135 -0.0052408 -0.00462635 -0.00412534 -0.00372154 -0.00341363 -0.00315123 -0.00294743 -0.00279452 -0.00266365 -0.00255254 -0.0024749 -0.00243566 -0.0024359 -0.00248796 -0.0025804 -0.0027472 -0.00301983 -0.00340613 -0.00394241 -0.00466968 -0.0055759 -0.00671335 -0.00808389 -0.00969731 -0.01154 -0.013577 -0.0157504 -0.0179674 -0.02009 -0.0219692 -0.0234343 -0.0243105 -0.0244099 -0.0236104 -0.0218347 -0.0190393 -0.0153337 -0.0108707 -0.00588067 -0.0006732 0.00444652 0.00917193 0.0132023 0.0163504 0.0184573 0.019519 0.0196079 0.0188691 0.017527 0.0158188 0.0139362 0.0120972 0.0103974 0.00892536 0.00771688 0.00676145 0.00603701 0.00552409 0.00517297 0.00501618 0.00505532 0.00535635 0.00597904 0.00695454 0.00830106 0.0100071 0.011962 0.0140712 0.0161177 0.017866 0.0190693 0.0194768 0.0189028 0.0172699 0.0145555 0.0109072 0.00650304 0.00162036 -0.00340995 -0.00828663 -0.0126985 -0.0163705 -0.0191732 -0.020998 -0.0218447 -0.0217975 -0.0209677 -0.0195246 -0.017656 -0.0155448 -0.0133361 -0.0111436 -0.00906194 -0.00716739 -0.00549336 -0.00404175 -0.00279802 -0.00179763 -0.000993274 -0.000356933 0.000145123 0.000546066 0.000853253 0.00107265 0.00124917 0.00138524 0.0014868 0.0015678 0.00163712 0.00168126 0.00170039 0.00168135 0.00160308 0.00149562 0.00131564 0.00103925 0.000660066 0.000164308 -0.00048223 -0.00130937 -0.00233889 -0.00360291 -0.00511798 -0.0068939 -0.00896137 -0.0112851 -0.0138452 -0.0166214 -0.0195229 -0.0224789 -0.025421 -0.0282867 -0.0309254 -0.0332121 -0.0350455 -0.036307 -0.0369293 -0.0368407 -0.0359982 -0.0343719 -0.0319618 -0.028796 -0.0249216 -0.0204333 -0.0154128 -0.00996867 -0.00423771 0.00168478 0.00769146 0.0136425 0.0193698 0.0247703 0.029752 0.0342027 0.0380673 0.0412716 0.0437334 0.0453794 
0 -0.00691346 -0.0136718 -0.0201987 -0.0264204 -0.0322496 -0.0376301 -0.0425406 -0.0469368 -0.0508104 -0.0542137 -0.05716 -0.0596309 -0.0616594 -0.0632983 -0.0645419 -0.0653679 -0.0657868 -0.0657716 -0.0652826 -0.0643275 -0.0629073 -0.0610089 -0.0586312 -0.0558368 -0.052671 -0.0491956 -0.045492 -0.0416365 -0.0377448 -0.0338927 -0.0301495 -0.0265674 -0.0232278 -0.0201607 -0.0173747 -0.0149183 -0.012781 -0.0109288 -0.00934909 -0.00803878 -0.00696005 -0.00607011 -0.00533172 -0.00471967 -0.00422551 -0.00384463 -0.00352442 -0.00327429 -0.003087 -0.00293007 -0.00280124 -0.00270763 -0.00266077 -0.00265548 -0.00270426 -0.00280077 -0.00298376 -0.00328771 -0.0037124 -0.00428291 -0.0050529 -0.00603011 -0.00725792 -0.00873065 -0.0104502 -0.0124225 -0.0146046 -0.0169148 -0.0192561 -0.0215051 -0.0234994 -0.0250533 -0.0259678 -0.0260533 -0.0251829 -0.0232859 -0.0203324 -0.0164219 -0.0116991 -0.00641851 -0.000901885 0.00453327 0.00955673 0.0138575 0.0172368 0.0195234 0.0207051 0.0208613 0.0201416 0.0187746 0.0170018 0.0150281 0.0130753 0.0112588 0.00967661 0.00837227 0.00733584 0.00655232 0.00600198 0.00564351 0.00550682 0.00559601 0.00596327 0.00666569 0.00773169 0.00917946 0.0109925 0.0130598 0.0152638 0.0173759 0.0191494 0.0203336 0.0206728 0.0199829 0.0181846 0.0152555 0.0113506 0.00667365 0.00150766 -0.00380647 -0.00894629 -0.013603 -0.0174916 -0.0204565 -0.0223867 -0.0232857 -0.0232348 -0.0223603 -0.0208411 -0.0188769 -0.0166391 -0.014283 -0.0119446 -0.00972677 -0.00769759 -0.00590485 -0.00435264 -0.00302763 -0.00194884 -0.00107204 -0.000378787 0.000163863 0.000595202 0.000922811 0.00115878 0.00135133 0.00149973 0.00161077 0.00169023 0.0017538 0.00178845 0.0017891 0.00173626 0.00161422 0.00145469 0.00121861 0.000868197 0.000393171 -0.000224603 -0.0010193 -0.00201063 -0.00322499 -0.00468906 -0.00642804 -0.0084469 -0.0107503 -0.0132774 -0.0159923 -0.0188789 -0.0218459 -0.0248028 -0.0276635 -0.0303472 -0.0327058 -0.0346246 -0.0360076 -0.036755 -0.0368142 -0.0361464 -0.0347306 -0.0325514 -0.0296313 -0.0260293 -0.0218484 -0.0172041 -0.0121741 -0.00685388 -0.00137968 0.00413841 0.00960406 0.0148966 0.019896 0.0245397 0.0287615 0.0324725 0.0356434 0.0382484 0.0402321 0.0415487 
0 -0.00709707 -0.0140465 -0.0207525 -0.027145 -0.0331109 -0.0386109 -0.0436172 -0.0480899 -0.0520197 -0.0554395 -0.0583863 -0.0608443 -0.0628794 -0.0645419 -0.0658286 -0.066732 -0.0672641 -0.0674263 -0.0671546 -0.0664456 -0.0652839 -0.0636541 -0.0615629 -0.0590424 -0.0561194 -0.0528224 -0.0492303 -0.045431 -0.0415327 -0.0376069 -0.0337228 -0.029945 -0.0263766 -0.0230498 -0.0199866 -0.0172421 -0.0148159 -0.0127006 -0.0108716 -0.00934231 -0.00806596 -0.00700324 -0.00612418 -0.00539766 -0.00481355 -0.00434743 -0.00394832 -0.00362884 -0.00339178 -0.0032036 -0.00306339 -0.00295546 -0.0029018 -0.00288723 -0.00293155 -0.00303859 -0.00324015 -0.00356955 -0.00402532 -0.00462832 -0.00544196 -0.00648938 -0.0078031 -0.00938713 -0.0112205 -0.0133213 -0.0156355 -0.018075 -0.0205377 -0.0229041 -0.0249929 -0.0266205 -0.0275653 -0.0276459 -0.0267216 -0.024715 -0.0216077 -0.017492 -0.0125148 -0.00696038 -0.0011555 0.00457433 0.00987559 0.0144354 0.0180372 0.0205044 0.0218158 0.0220585 0.0213786 0.0200068 0.01818 0.0161227 0.0140571 0.0121277 0.0104387 0.00904434 0.00793003 0.00709178 0.00650435 0.00614161 0.00602473 0.00616763 0.00660396 0.00739381 0.00855767 0.0101136 0.0120305 0.0141991 0.0164731 0.0186251 0.0203968 0.0215421 0.0218001 0.020987 0.0190189 0.0158816 0.011727 0.00678902 0.00135129 -0.0042385 -0.00962883 -0.0145086 -0.0185864 -0.0216864 -0.0237115 -0.0246688 -0.0246263 -0.0237223 -0.0221308 -0.0200729 -0.0177193 -0.0152295 -0.0127459 -0.0103863 -0.00821786 -0.00631335 -0.00466209 -0.00325718 -0.00210332 -0.00116129 -0.000413035 0.000173757 0.000640267 0.000987378 0.00124174 0.00145571 0.00162168 0.00174801 0.00181842 0.00186115 0.00186907 0.00184188 0.0017569 0.00159753 0.00137663 0.00106402 0.000612267 2.32581e-05 -0.00072414 -0.00167606 -0.00284849 -0.00428007 -0.00596763 -0.00793545 -0.01018 -0.0126892 -0.0153903 -0.0182256 -0.0211719 -0.0241399 -0.0270239 -0.0297238 -0.0321335 -0.0341091 -0.0355656 -0.036422 -0.0366109 -0.0360714 -0.0347907 -0.0327809 -0.0300603 -0.0266918 -0.0227377 -0.0183428 -0.0136273 -0.0086803 -0.00359259 0.00151369 0.00651367 0.0113339 0.0158659 0.0200509 0.0238677 0.027273 0.030201 0.032632 0.0345983 0.0360732 0.0370464 
0 -0.00713536 -0.0141386 -0.0209344 -0.027394 -0.0334372 -0.0389924 -0.0440648 -0.0486092 -0.0525929 -0.0560649 -0.0590335 -0.0615469 -0.0636374 -0.0653679 -0.066732 -0.0677282 -0.0684105 -0.0687515 -0.0687138 -0.0682517 -0.0673649 -0.066033 -0.0642457 -0.0620234 -0.0593681 -0.0563049 -0.0528942 -0.0492132 -0.0453507 -0.0413909 -0.0374015 -0.0334913 -0.0297287 -0.0261706 -0.0228376 -0.0197951 -0.0170904 -0.0146893 -0.0126089 -0.0108236 -0.0093208 -0.00806095 -0.00701407 -0.0061581 -0.00546694 -0.00490028 -0.0044268 -0.00404081 -0.00375104 -0.00353246 -0.00334989 -0.00323083 -0.00315368 -0.00313666 -0.00317679 -0.0032879 -0.00350627 -0.00385579 -0.00433566 -0.00499646 -0.00587163 -0.0069906 -0.00838037 -0.0100431 -0.0119955 -0.0142066 -0.0166413 -0.0192199 -0.0218196 -0.0242836 -0.0264609 -0.0281386 -0.0291162 -0.0291773 -0.0282006 -0.0260995 -0.0228431 -0.018517 -0.0133231 -0.00750718 -0.00142705 0.00456035 0.0101234 0.0149416 0.0187531 0.0214097 0.0228701 0.0232062 0.0225814 0.0212155 0.0193468 0.0172148 0.0150492 0.013016 0.0112288 0.0097394 0.00855464 0.00765645 0.00703278 0.00667122 0.00658271 0.00677832 0.00729654 0.00817225 0.00943614 0.0110975 0.0131171 0.0153771 0.0177084 0.0198779 0.0216289 0.0227 0.0228565 0.0219145 0.0197624 0.0164247 0.0120455 0.00684778 0.0011542 -0.00467507 -0.0103151 -0.0153968 -0.0196359 -0.0228645 -0.0249881 -0.0259947 -0.0259767 -0.0250429 -0.0233906 -0.0212192 -0.0187496 -0.0161482 -0.0135415 -0.0110413 -0.00876786 -0.00674851 -0.00499209 -0.00348749 -0.00224611 -0.00125222 -0.000454263 0.000179588 0.000676314 0.00105102 0.00132701 0.00154528 0.00172938 0.00184572 0.00192182 0.00194683 0.00193592 0.00188126 0.00175283 0.001543 0.00125244 0.000838673 0.000273299 -0.000454179 -0.00135676 -0.00246869 -0.0038502 -0.00549696 -0.0074317 -0.00962004 -0.0120643 -0.0147401 -0.017566 -0.0204925 -0.0234528 -0.0263548 -0.0290763 -0.0315169 -0.033563 -0.0350878 -0.0360027 -0.0362765 -0.0358485 -0.034692 -0.0327952 -0.0301963 -0.0269841 -0.0232257 -0.0190394 -0.0145263 -0.00983693 -0.00506319 -0.000305091 0.00430059 0.0086862 0.0127616 0.016485 0.0198048 0.0227461 0.0253021 0.0274152 0.02912 0.030441 0.0314209 0.03205 
0 -0.00702909 -0.0139666 -0.0207014 -0.0271503 -0.0331758 -0.0387579 -0.0438625 -0.0484568 -0.0525203 -0.0560567 -0.0591291 -0.0617372 -0.0639488 -0.0657868 -0.0672641 -0.0684105 -0.0692439 -0.0697794 -0.0699496 -0.0697461 -0.0691505 -0.0681263 -0.0666551 -0.0647291 -0.0623723 -0.0595956 -0.0564269 -0.052924 -0.0491564 -0.0452132 -0.0411923 -0.0371782 -0.0332693 -0.0294958 -0.0259195 -0.0226133 -0.0196104 -0.0169328 -0.0145571 -0.0125113 -0.010767 -0.00929218 -0.00805854 -0.00703512 -0.00620304 -0.0055265 -0.0049649 -0.00451493 -0.00416695 -0.00388375 -0.00366735 -0.00350036 -0.0034153 -0.00339329 -0.00343015 -0.00354355 -0.00376563 -0.00413257 -0.00466288 -0.00536254 -0.00629301 -0.00749548 -0.00896654 -0.0107202 -0.0127444 -0.0150774 -0.0176559 -0.0203544 -0.0230555 -0.0256372 -0.0278965 -0.0296402 -0.0306249 -0.030673 -0.0296291 -0.0274119 -0.0240265 -0.0195419 -0.0141198 -0.00808249 -0.00176267 0.00449194 0.0103015 0.015351 0.01939 0.0222333 0.0238343 0.0242819 0.0237214 0.0223749 0.020485 0.018301 0.0160451 0.0139157 0.012028 0.0104502 0.0091858 0.00823562 0.00757854 0.00721995 0.00715987 0.00742368 0.00802302 0.00899632 0.0103601 0.0121246 0.0142298 0.0165674 0.0189431 0.0211164 0.0228201 0.0238121 0.0238422 0.0227372 0.0204124 0.0168708 0.0122539 0.00683831 0.000918207 -0.00515395 -0.0109822 -0.0162499 -0.0206673 -0.0240192 -0.0262249 -0.0272911 -0.0272708 -0.0263119 -0.0245879 -0.0223462 -0.0197681 -0.0170302 -0.0143044 -0.0117131 -0.00931092 -0.0071751 -0.00530321 -0.00371493 -0.00239568 -0.00132424 -0.000480955 0.000186802 0.000720366 0.0011246 0.00142678 0.00165785 0.00182549 0.00194685 0.00200109 0.00201938 0.00198932 0.00189443 0.00170892 0.00142379 0.00103629 0.000523458 -0.000168514 -0.00104483 -0.00212334 -0.00344638 -0.00503173 -0.00691795 -0.00906626 -0.0114683 -0.0140922 -0.0168899 -0.0198014 -0.022745 -0.0256551 -0.0284069 -0.0308667 -0.0329428 -0.0345346 -0.0355368 -0.0358783 -0.0355132 -0.0344473 -0.0326596 -0.0301805 -0.0270722 -0.0234308 -0.0193978 -0.01506 -0.0105623 -0.00600241 -0.00150178 0.00281402 0.00684789 0.0105153 0.0138214 0.016702 0.0191616 0.021222 0.022903 0.0242284 0.025212 0.0259449 0.0264357 0.0267361 
