0 0 0 0 0 0 0 0 0 0 0 0 0 0 0 0 0 0 0 0 0 0 0 0 0 0 0 0 0 0 0 0 0 0 0 0 0 0 0 0 0 0 0 0 0 0 0 0 0 0 0 0 0 0 0 0 0 0 0 0 0 0 0 0 0 0 0 0 0 0 0 0 0 0 0 0 0 0 0 0 0 0 0 0 0 0 0 0 0 0 0 0 0 0 0 0 0 0 0 0 0 0 0 0 0 0 0 0 0 0 0 0 0 0 0 0 0 0 0 0 0 0 0 0 0 0 0 0 0 0 0 0 0 0 0 0 0 0 0 0 0 0 0 0 0 0 0 0 0 0 0 0 0 0 0 0 0 0 0 0 0 0 0 0 0 0 0 0 0 0 0 0 0 0 0 0 0 0 0 0 0 0 0 0 0 0 0 0 0 0 0 0 0 0 0 0 0 0 0 0 
0 0.000563694 0.00109485 0.00158981 0.00206559 0.00251601 0.00292891 0.00326099 0.00347501 0.00355776 0.00352207 0.00337142 0.00307044 0.00260933 0.00198427 0.00122119 0.000363597 -0.000547769 -0.00148591 -0.00244226 -0.00335716 -0.00418882 -0.00490686 -0.00548235 -0.00590494 -0.00615843 -0.00625582 -0.0061885 -0.00598685 -0.00568656 -0.00530348 -0.0048674 -0.00437691 -0.00386188 -0.0033473 -0.00286138 -0.00242026 -0.0020291 -0.00169264 -0.00139309 -0.00113008 -0.000919849 -0.000751529 -0.000613457 -0.000500977 -0.000400474 -0.000327098 -0.000272775 -0.00024323 -0.000230042 -0.000234722 -0.000246439 -0.000262681 -0.000297511 -0.000352503 -0.000428623 -0.000521435 -0.000629019 -0.000749275 -0.000900412 -0.00106289 -0.00123869 -0.00142526 -0.00161214 -0.00177036 -0.00188677 -0.00193988 -0.00194431 -0.00187376 -0.00171084 -0.00147058 -0.00115231 -0.000767603 -0.000347264 8.6784e-05 0.000503479 0.00087347 0.00118058 0.00139987 0.00153885 0.00157918 0.00153176 0.00142118 0.00126953 0.00108901 0.000917491 0.000753397 0.000615078 0.000504842 0.000423907 0.000351748 0.000300594 0.000256885 0.000225103 0.000203819 0.000195302 0.000185173 0.000192449 0.000198249 0.000208202 0.000215334 0.000217708 0.000214853 0.000224924 0.000231831 0.000248561 0.000259015 0.000262834 0.00025874 0.000261808 0.000266772 0.000297516 0.000357026 0.000454935 0.000584703 0.000754516 0.000933772 0.00112426 0.00130933 0.00146173 0.00155215 0.00156858 0.00148134 0.00130329 0.00103579 0.000694947 0.000295292 -0.000130392 -0.000540183 -0.00091503 -0.00124166 -0.0014935 -0.0016697 -0.00176312 -0.00176131 -0.00169191 -0.00156911 -0.00141839 -0.00124689 -0.00106881 -0.000895269 -0.000739663 -0.000582218 -0.000442783 -0.000328333 -0.000237488 -0.000162983 -0.000104901 -5.41179e-05 -2.04454e-05 1.45243e-06 8.31112e-06 -1.24428e-05 -4.63972e-05 -9.17117e-05 -0.000141619 -0.000221179 -0.00032898 -0.000467677 -0.000638105 -0.000834409 -0.00106765 -0.00134996 -0.00167977 -0.00207408 -0.00251588 -0.00298284 -0.00346786 -0.00395583 -0.00443699 -0.00486752 -0.00523601 -0.00550683 -0.0056608 -0.00569644 -0.00558765 -0.00532393 -0.00487611 -0.00425391 -0.00349068 -0.00263165 -0.00171069 -0.000734977 0.000256724 0.00122979 0.00213946 0.0029364 0.00360014 0.00413156 0.00453718 0.00480062 0.00493262 0.00495811 0.00489233 0.00476106 0.00459341 0.00441323 0.00423337 0.00408362 0.00398451 
0 0.00109485 0.00214676 0.00315013 0.00410393 0.0049871 0.00577016 0.00640238 0.0068248 0.00699874 0.00693343 0.00660643 0.00598705 0.00505991 0.003842 0.00235917 0.000669204 -0.00112835 -0.0029939 -0.00485646 -0.00664493 -0.00826851 -0.00968566 -0.0108396 -0.0116658 -0.0121763 -0.012361 -0.0122569 -0.0118883 -0.0113164 -0.0105735 -0.00970052 -0.00874082 -0.00773388 -0.00673616 -0.0057808 -0.00489277 -0.00409253 -0.00341222 -0.00280704 -0.00229658 -0.00186785 -0.00151905 -0.00122957 -0.000988816 -0.000808772 -0.000664346 -0.000569 -0.00049866 -0.000457209 -0.000456114 -0.000475082 -0.0005098 -0.000596952 -0.000701196 -0.000846197 -0.00102185 -0.00124352 -0.00151797 -0.00181487 -0.00214029 -0.00249248 -0.00286422 -0.00321402 -0.00351181 -0.00375198 -0.00390177 -0.00390637 -0.0037683 -0.00344261 -0.00294937 -0.00230783 -0.00155039 -0.00071208 0.000159696 0.00100397 0.00173776 0.00234756 0.00279725 0.00305622 0.00313466 0.0030513 0.00282189 0.00251783 0.00218653 0.00183819 0.00151872 0.00124508 0.00100719 0.000823808 0.000686301 0.000575575 0.000507666 0.000461588 0.000429261 0.000404468 0.000382088 0.00036953 0.000374783 0.000390127 0.000415017 0.000431061 0.000449429 0.000464355 0.000479236 0.000494881 0.00049793 0.000494358 0.000501427 0.000507112 0.000543713 0.000615824 0.00072545 0.000911847 0.00117305 0.0014853 0.00185566 0.0022444 0.00260384 0.00291339 0.00310704 0.00312252 0.00295447 0.00259951 0.00205296 0.00136923 0.000575575 -0.000268434 -0.0010974 -0.00185842 -0.00250476 -0.00300249 -0.00334834 -0.00349487 -0.0035011 -0.00338989 -0.00316382 -0.00285627 -0.00250964 -0.00215032 -0.00180255 -0.00145764 -0.00114922 -0.000880758 -0.000656388 -0.000470994 -0.000305831 -0.000193021 -0.000103382 -4.66473e-05 -1.46503e-05 8.10534e-07 -1.97583e-05 -8.37254e-05 -0.000159988 -0.000284786 -0.000451351 -0.000674087 -0.000949631 -0.00128172 -0.00169022 -0.00217502 -0.00275858 -0.00342211 -0.00419386 -0.00505765 -0.0059856 -0.00694439 -0.00792034 -0.00884503 -0.00967735 -0.0103826 -0.0109104 -0.0112254 -0.0112746 -0.0110457 -0.0104875 -0.00960413 -0.00839119 -0.00690195 -0.00521414 -0.0033753 -0.00144848 0.000502573 0.00239763 0.00418037 0.00576051 0.00708421 0.00814468 0.00894584 0.00947205 0.00974999 0.00982358 0.0097152 0.00947343 0.00915827 0.00882539 0.00849058 0.00821201 0.00802224 
0 0.00158981 0.00315013 0.00465656 0.00608402 0.00735954 0.00846131 0.00934124 0.0099441 0.0102067 0.0100925 0.00957662 0.00860908 0.00723049 0.00545476 0.00330877 0.000857544 -0.0017876 -0.00450674 -0.00723116 -0.0098144 -0.012178 -0.0142537 -0.0159403 -0.0171749 -0.0179189 -0.0182288 -0.0181048 -0.0176089 -0.0168034 -0.0157197 -0.0144546 -0.0130481 -0.0115939 -0.0101446 -0.00874404 -0.00742496 -0.00622465 -0.00519027 -0.00429249 -0.00351736 -0.00287896 -0.00234118 -0.00188883 -0.00153203 -0.00124543 -0.00104482 -0.000887847 -0.000775625 -0.000700508 -0.000686631 -0.000717228 -0.000781206 -0.000899352 -0.00106305 -0.00127628 -0.00154093 -0.00186694 -0.00225238 -0.00272575 -0.0032233 -0.00373886 -0.00427135 -0.00480321 -0.00526965 -0.00563311 -0.00582355 -0.00585163 -0.00564118 -0.00514682 -0.00441527 -0.00345871 -0.00231535 -0.00106653 0.000227478 0.00147862 0.00259617 0.00352254 0.00418261 0.00458487 0.00469182 0.00454437 0.00421887 0.00378342 0.0032738 0.00277717 0.00229138 0.00186358 0.00150854 0.00124074 0.00101937 0.000873961 0.000767569 0.000697008 0.000647279 0.000615039 0.000567653 0.000559937 0.00055859 0.000583282 0.000618261 0.000649226 0.000666111 0.00070255 0.000716199 0.000740498 0.000745857 0.000741813 0.000735939 0.000764501 0.000811738 0.000926081 0.00111009 0.00139014 0.00175918 0.00224356 0.00277594 0.00335225 0.00391593 0.00437986 0.00465087 0.00468473 0.00441107 0.00386641 0.00306291 0.00204745 0.000860211 -0.00041049 -0.00164613 -0.00277894 -0.00375429 -0.0044939 -0.00499484 -0.00524872 -0.00524498 -0.00505919 -0.00472189 -0.0042868 -0.0037704 -0.00321684 -0.00267483 -0.00219213 -0.00172951 -0.00132693 -0.000989152 -0.000705971 -0.000465934 -0.000285234 -0.000151678 -8.1843e-05 -4.25364e-05 -2.41086e-05 -6.09129e-05 -0.000141032 -0.000278265 -0.000461646 -0.000731678 -0.0010669 -0.00147483 -0.00198129 -0.00259648 -0.00334638 -0.00423406 -0.00522938 -0.00637202 -0.00764079 -0.00899766 -0.0104153 -0.011827 -0.013177 -0.0143611 -0.0153724 -0.0161329 -0.0165674 -0.0166253 -0.0162284 -0.0153817 -0.0140634 -0.0123051 -0.0101525 -0.0076805 -0.00498549 -0.00214691 0.000688816 0.00343838 0.00602781 0.00834849 0.0103199 0.0119047 0.0131092 0.013914 0.0143685 0.0145322 0.0144288 0.0141233 0.0137085 0.0132604 0.0128097 0.0124255 0.0121595 
0 0.00206559 0.00410393 0.00608402 0.00793697 0.0095703 0.0109408 0.0120202 0.01275 0.0130446 0.0128567 0.0121235 0.0108269 0.00900424 0.00670919 0.0039645 0.0008324 -0.0025315 -0.00602366 -0.00949796 -0.0128174 -0.0158395 -0.0184911 -0.0206701 -0.0222692 -0.0232998 -0.0237515 -0.0236644 -0.0230691 -0.0220592 -0.0207019 -0.0190877 -0.0173049 -0.0154336 -0.0135648 -0.0117525 -0.0100391 -0.00846726 -0.00709922 -0.00587987 -0.00483896 -0.00395931 -0.00323181 -0.00262441 -0.00212308 -0.00173999 -0.00143618 -0.00122231 -0.00106555 -0.000972078 -0.000957621 -0.00098844 -0.00105591 -0.00121672 -0.00142416 -0.00170966 -0.00205901 -0.00249479 -0.00302772 -0.00361958 -0.00427092 -0.00497439 -0.00571146 -0.00640998 -0.00700923 -0.00748275 -0.00776614 -0.00777256 -0.00748911 -0.00684402 -0.00586889 -0.00459802 -0.00309273 -0.00142684 0.000300575 0.00196918 0.00343265 0.00464821 0.00554631 0.00607568 0.00624225 0.00608158 0.00563761 0.00503701 0.00437114 0.00368031 0.00304375 0.00249834 0.00203392 0.00167512 0.0014005 0.00118085 0.0010345 0.000931742 0.000860107 0.000810399 0.000771672 0.000756329 0.00077025 0.00079971 0.000839212 0.000862604 0.000888755 0.000916213 0.000948137 0.000984934 0.00100014 0.00100038 0.00101229 0.00102715 0.00109741 0.00124226 0.0014729 0.00185247 0.00237789 0.00301156 0.00374625 0.00451108 0.00521884 0.00581471 0.00617849 0.00620241 0.00585975 0.00514561 0.0040613 0.0026991 0.00112276 -0.000549477 -0.00219121 -0.00369849 -0.00498288 -0.00597528 -0.00665896 -0.00696357 -0.00697547 -0.0067448 -0.00629237 -0.00568273 -0.00499362 -0.00428073 -0.0035906 -0.0029176 -0.00230641 -0.00177138 -0.00132354 -0.000954108 -0.000633326 -0.000404421 -0.000227248 -0.000119123 -6.50636e-05 -5.21094e-05 -0.000110453 -0.000249742 -0.000429284 -0.000699809 -0.001056 -0.00151722 -0.00208362 -0.00276984 -0.00361035 -0.00460755 -0.00578736 -0.00711459 -0.00862606 -0.0102893 -0.0120515 -0.013857 -0.015671 -0.0173791 -0.0188987 -0.0201664 -0.0210915 -0.0215971 -0.0215853 -0.0210266 -0.0198711 -0.0181531 -0.0158814 -0.0131202 -0.00996449 -0.00649848 -0.00286532 0.000778977 0.00429484 0.00761153 0.0106052 0.0131783 0.0152871 0.0169134 0.0180351 0.0187081 0.0190103 0.0189761 0.0186821 0.0182353 0.0177315 0.0172058 0.0167547 0.0164361 
0 0.00251601 0.0049871 0.00735954 0.0095703 0.0115029 0.0131139 0.0143482 0.015139 0.0154057 0.0150927 0.014158 0.0125505 0.0103325 0.00755264 0.00426696 0.000565749 -0.00341307 -0.00752867 -0.0116646 -0.0156046 -0.0191983 -0.0223417 -0.0249267 -0.026887 -0.0281807 -0.0288278 -0.0288014 -0.0281646 -0.0270232 -0.0254584 -0.0235951 -0.0214965 -0.0192779 -0.0170346 -0.0148459 -0.0127664 -0.0108422 -0.00912602 -0.00759351 -0.00625369 -0.00513712 -0.00420808 -0.00343286 -0.00280268 -0.00228778 -0.00189696 -0.00159897 -0.0013922 -0.00126684 -0.00123449 -0.00126301 -0.00134453 -0.00151933 -0.00178565 -0.00214632 -0.00259285 -0.00313199 -0.00376684 -0.00452319 -0.00534211 -0.00620927 -0.00711044 -0.00799348 -0.0087602 -0.00934655 -0.00966048 -0.00968473 -0.00932899 -0.00852806 -0.00732702 -0.00575087 -0.0038649 -0.0017934 0.000347871 0.00241117 0.00425042 0.00577387 0.00688199 0.00755794 0.00776282 0.00754931 0.00702224 0.00629669 0.005456 0.00461801 0.00381818 0.00312085 0.00254667 0.00210661 0.00175082 0.00149548 0.00130551 0.00117145 0.00107927 0.00102047 0.000961877 0.000954826 0.000964496 0.00100053 0.00104454 0.00107661 0.00109657 0.00114207 0.00117495 0.00122157 0.00124494 0.00124874 0.00124925 0.00128816 0.00137099 0.00155983 0.00187331 0.00235182 0.00299018 0.00379646 0.00468898 0.00562934 0.00652709 0.00725937 0.00768739 0.00772176 0.00727289 0.00636631 0.00502572 0.00333107 0.00136726 -0.000719889 -0.00275231 -0.00461445 -0.00621352 -0.00744363 -0.00828111 -0.00870003 -0.0087061 -0.00839539 -0.00782608 -0.00708769 -0.00623567 -0.00533944 -0.00446546 -0.00365838 -0.0028903 -0.00221266 -0.00164679 -0.00118559 -0.0008075 -0.000518998 -0.000300681 -0.000172682 -0.000110774 -0.000110635 -0.000208907 -0.000387764 -0.000643917 -0.000977612 -0.00144023 -0.00203073 -0.0027638 -0.00366254 -0.00473282 -0.00599973 -0.0074736 -0.00912991 -0.0110008 -0.0130312 -0.0151429 -0.0172891 -0.0194089 -0.0214268 -0.0232021 -0.0246677 -0.0256965 -0.0261895 -0.0260904 -0.0253286 -0.0239038 -0.0218004 -0.0190598 -0.0157567 -0.0119953 -0.0078951 -0.00357543 0.000757064 0.0049572 0.00891241 0.0124922 0.0156066 0.0182052 0.0202651 0.0217357 0.0226729 0.0231674 0.0232737 0.0230767 0.0226874 0.0222013 0.021671 0.0212075 0.0208816 
0 0.00292891 0.00577016 0.00846131 0.0109408 0.0131139 0.0149082 0.016243 0.0170283 0.0171945 0.0167198 0.0155605 0.0136795 0.0111072 0.00791455 0.00417813 6.03048e-06 -0.0044446 -0.00906022 -0.0136848 -0.018116 -0.0221627 -0.0257164 -0.0286756 -0.0309475 -0.0325135 -0.0333451 -0.0334407 -0.0328387 -0.0316492 -0.0299692 -0.0279128 -0.0255819 -0.0230875 -0.0205441 -0.0180333 -0.0156149 -0.0133472 -0.0112996 -0.00944956 -0.00783232 -0.00645383 -0.0052986 -0.00433158 -0.00353621 -0.00290794 -0.00241306 -0.00204134 -0.00176701 -0.00159315 -0.00153085 -0.00154857 -0.00163888 -0.0018509 -0.002158 -0.00257806 -0.00310427 -0.00375653 -0.00454288 -0.00543709 -0.00641494 -0.0074566 -0.00853234 -0.00956231 -0.0104612 -0.0111645 -0.011575 -0.0115949 -0.0111657 -0.0102136 -0.00877158 -0.00688925 -0.00465334 -0.00218124 0.000377559 0.00284689 0.00503977 0.00685614 0.008194 0.00899353 0.00924871 0.00901681 0.00839198 0.00753077 0.00655569 0.00555122 0.0046051 0.0037757 0.00307591 0.00252927 0.00211022 0.00179521 0.00158051 0.00143212 0.00132636 0.00124657 0.00117899 0.00114626 0.00115234 0.00118923 0.00124367 0.00128798 0.00133091 0.00137641 0.00141831 0.00145823 0.00147216 0.00147168 0.00148988 0.00154104 0.00167127 0.00191335 0.00228934 0.00286022 0.00363096 0.0045738 0.00565032 0.00677295 0.00782203 0.00868087 0.00918496 0.00919853 0.00865975 0.00756876 0.00595267 0.00392057 0.00158213 -0.000893534 -0.00332314 -0.00555164 -0.00745037 -0.00891507 -0.00990589 -0.0103723 -0.010391 -0.0100433 -0.00938283 -0.00849446 -0.00747385 -0.00640632 -0.00536376 -0.00436867 -0.00345523 -0.00265445 -0.00198349 -0.00143179 -0.000973483 -0.000635246 -0.000389681 -0.000249491 -0.000193926 -0.000211634 -0.000332958 -0.000564485 -0.000882746 -0.00132614 -0.00190942 -0.00265217 -0.00356483 -0.00466885 -0.00599155 -0.00753795 -0.00931742 -0.0112938 -0.0134838 -0.0158312 -0.0182534 -0.0206828 -0.0230674 -0.0252935 -0.0272405 -0.0288038 -0.0298547 -0.030294 -0.030043 -0.0290736 -0.0273574 -0.024912 -0.0217616 -0.0179979 -0.0137483 -0.0091273 -0.00428101 0.000607193 0.00536291 0.00986029 0.0139526 0.0175453 0.0206006 0.0230829 0.0249377 0.026202 0.026966 0.0272974 0.0272858 0.0270416 0.0266612 0.0262043 0.0257925 0.0254999 
0 0.00326099 0.00640238 0.00934124 0.0120202 0.0143482 0.016243 0.0176004 0.0183222 0.0183522 0.0176789 0.0162842 0.014138 0.0112756 0.00776238 0.00368286 -0.000842412 -0.00565559 -0.0106165 -0.0155737 -0.0203288 -0.0247122 -0.0286037 -0.0318804 -0.0344371 -0.036233 -0.037259 -0.03751 -0.0370206 -0.0358722 -0.0341545 -0.0319916 -0.029505 -0.0268221 -0.0240534 -0.0212771 -0.0185613 -0.0159837 -0.013621 -0.0114798 -0.00958232 -0.00794333 -0.00654559 -0.0053664 -0.00439792 -0.00362624 -0.0030214 -0.00255306 -0.00220018 -0.00196709 -0.00186541 -0.00187108 -0.00197571 -0.00220751 -0.00255874 -0.00303542 -0.00363991 -0.0043894 -0.00529356 -0.00633776 -0.00747831 -0.00868303 -0.00992098 -0.0111166 -0.0121676 -0.0129797 -0.0134423 -0.013464 -0.0129568 -0.0118539 -0.0101856 -0.00800844 -0.00541916 -0.00256215 0.000392176 0.00324497 0.00579833 0.0079138 0.00947395 0.0104149 0.0107221 0.0104615 0.00975935 0.00877601 0.00764829 0.00649134 0.00539371 0.00442481 0.00361657 0.00298206 0.0024922 0.00212917 0.00187213 0.00169115 0.00156312 0.00146769 0.0013908 0.00135675 0.00136201 0.00140018 0.00145465 0.0015008 0.00154333 0.00159475 0.00164333 0.00168941 0.001712 0.00171784 0.00173973 0.00181074 0.00196967 0.00226187 0.00272089 0.0033944 0.00429201 0.0053926 0.00663376 0.00792379 0.00913213 0.010103 0.010657 0.0106511 0.0100053 0.00872272 0.00684983 0.00449496 0.00179059 -0.00107323 -0.00388231 -0.00645947 -0.00865673 -0.0103526 -0.011492 -0.0120448 -0.0120656 -0.0116525 -0.0108875 -0.00986812 -0.00868953 -0.00744745 -0.00623161 -0.00508793 -0.00403723 -0.00311344 -0.00233488 -0.00169086 -0.00116438 -0.000768143 -0.000494955 -0.000350552 -0.000310021 -0.00035962 -0.00052472 -0.000813841 -0.00122436 -0.00178144 -0.00250817 -0.00341363 -0.00451126 -0.00583136 -0.00740178 -0.00923387 -0.0113111 -0.0135886 -0.0160592 -0.0186703 -0.0213438 -0.0240072 -0.0265786 -0.028934 -0.030942 -0.0325043 -0.0335025 -0.0338293 -0.0334063 -0.0321951 -0.0301972 -0.0274364 -0.0239529 -0.0198339 -0.0152038 -0.0101958 -0.00495889 0.000322526 0.00549258 0.0104185 0.0149487 0.0189733 0.0224436 0.0253309 0.0275909 0.0292511 0.0303757 0.0310252 0.0312872 0.0312755 0.0310895 0.0307929 0.0304959 0.0302731 
0 0.00347501 0.0068248 0.0099441 0.01275 0.015139 0.0170283 0.0183222 0.0189337 0.0188091 0.0179271 0.0162914 0.0139012 0.0108094 0.00707288 0.00276803 -0.00198214 -0.00701928 -0.0121748 -0.0173079 -0.022243 -0.0268413 -0.0309716 -0.034492 -0.0372915 -0.0393075 -0.0405429 -0.0409846 -0.0406625 -0.0396327 -0.0379777 -0.0358177 -0.0332744 -0.0304808 -0.0275475 -0.0245634 -0.0216093 -0.0187728 -0.0161219 -0.0136918 -0.011503 -0.00959176 -0.00794653 -0.00655 -0.00539227 -0.00444882 -0.00370465 -0.00312191 -0.00268815 -0.00239898 -0.00225252 -0.00223012 -0.00233032 -0.00256936 -0.00296182 -0.00349984 -0.00419006 -0.00504086 -0.00605611 -0.00723397 -0.00852807 -0.00990396 -0.0113145 -0.0126738 -0.0138652 -0.0147756 -0.0152859 -0.0153064 -0.0147245 -0.0134825 -0.0115983 -0.00913367 -0.0061968 -0.00295655 0.00039023 0.00361607 0.00651319 0.00891426 0.0106936 0.011784 0.0121617 0.0118921 0.0111211 0.0100154 0.0087322 0.00742126 0.00617751 0.00508038 0.0041731 0.00345525 0.00289541 0.00247912 0.0021721 0.00195302 0.00179889 0.00168852 0.00160832 0.00157754 0.00158485 0.00162308 0.00167079 0.0017117 0.00174774 0.00180027 0.00185653 0.00191263 0.00194986 0.00196998 0.00200039 0.00209129 0.00227737 0.00261706 0.00315907 0.0039418 0.00497625 0.00624086 0.00764615 0.00909087 0.0104339 0.0114934 0.012084 0.0120553 0.0113078 0.00983859 0.00770632 0.0050236 0.00195548 -0.00128524 -0.00445978 -0.00736887 -0.00984982 -0.0117709 -0.013058 -0.0136989 -0.0137286 -0.0132542 -0.01238 -0.0112202 -0.00988562 -0.00848596 -0.00711028 -0.0058173 -0.0046215 -0.00356781 -0.00267969 -0.00194987 -0.00136956 -0.000930126 -0.000634429 -0.000479529 -0.000448383 -0.000538201 -0.000768419 -0.00113962 -0.00165961 -0.00233749 -0.00321373 -0.00429892 -0.00561059 -0.00717348 -0.00900108 -0.0111049 -0.0134534 -0.016006 -0.0187294 -0.0215643 -0.024428 -0.0272428 -0.0299072 -0.0322988 -0.0342782 -0.0357485 -0.0366058 -0.03675 -0.0361154 -0.034656 -0.0323941 -0.0293567 -0.0256063 -0.0212291 -0.0163402 -0.0110794 -0.00559403 -6.31575e-05 0.00538067 0.0106111 0.0154869 0.0198832 0.0237311 0.0270025 0.0296763 0.0317768 0.0333359 0.034392 0.0350194 0.0353323 0.0354312 0.0353826 0.0352713 0.0351664 
0 0.00355776 0.00699874 0.0102067 0.0130446 0.0154057 0.0171945 0.0183522 0.0188091 0.0185101 0.0174329 0.0155758 0.0129924 0.00972566 0.00584939 0.00143217 -0.00340742 -0.00850402 -0.013719 -0.0188889 -0.0238938 -0.0285828 -0.0328286 -0.0365055 -0.0394881 -0.0417306 -0.0431777 -0.0438392 -0.0437219 -0.0428799 -0.0413975 -0.0393498 -0.0368592 -0.0340346 -0.0310051 -0.0278775 -0.0247449 -0.0216947 -0.0187903 -0.0160746 -0.0136065 -0.0114136 -0.00951627 -0.00789551 -0.00652352 -0.00540117 -0.00449001 -0.00378438 -0.00325374 -0.00289382 -0.00268822 -0.00262347 -0.00270327 -0.00295303 -0.00337324 -0.00396878 -0.00473989 -0.00569395 -0.0068415 -0.00813989 -0.00958275 -0.0111286 -0.0127073 -0.0142097 -0.0155276 -0.0165343 -0.0171186 -0.0171248 -0.0164738 -0.015102 -0.0130014 -0.0102547 -0.00699173 -0.00337658 0.000355548 0.00395631 0.00718914 0.00987107 0.0118754 0.0130963 0.0135421 0.0132796 0.0124435 0.0112294 0.00982959 0.0083657 0.00698475 0.00576157 0.00473593 0.00391527 0.00329474 0.0028175 0.0024785 0.00223749 0.00206238 0.00192864 0.00184462 0.00179003 0.00179303 0.00182695 0.00187309 0.00191719 0.00196891 0.00201467 0.00207997 0.002132 0.00216669 0.00219259 0.00224821 0.00235959 0.00260314 0.00300974 0.00363336 0.00452147 0.00569223 0.00708685 0.00865607 0.0102548 0.0117168 0.0128635 0.0134931 0.013417 0.0125629 0.0109025 0.00850239 0.0054957 0.00207467 -0.00152195 -0.00505544 -0.00829081 -0.011036 -0.0131716 -0.0146064 -0.0153055 -0.0153533 -0.0148345 -0.013868 -0.0125679 -0.0110797 -0.00952683 -0.00799775 -0.00653057 -0.00519621 -0.00401741 -0.00302441 -0.00221562 -0.00157893 -0.00111289 -0.000807469 -0.00065038 -0.000639852 -0.00077974 -0.00107923 -0.00155272 -0.00218259 -0.00300703 -0.00404041 -0.00532645 -0.00687746 -0.00869721 -0.010797 -0.0131563 -0.0157504 -0.0185437 -0.0214801 -0.0244906 -0.0274798 -0.0303479 -0.0330092 -0.0353275 -0.0371984 -0.0384938 -0.0391286 -0.0390306 -0.0381368 -0.0364484 -0.0339493 -0.0306931 -0.0267353 -0.0221817 -0.0171571 -0.0117728 -0.00618379 -0.000519651 0.00507694 0.0104923 0.0156036 0.0202893 0.0244793 0.0281227 0.0312174 0.0337736 0.0358078 0.0373427 0.0384299 0.039164 0.0396328 0.0399078 0.0400508 0.0401185 
0 0.00352207 0.00693343 0.0100925 0.0128567 0.0150927 0.0167198 0.0176789 0.0179271 0.0174329 0.0161618 0.0141446 0.0114152 0.00804825 0.00410676 -0.000314526 -0.00508915 -0.0101131 -0.0152322 -0.0203412 -0.0252876 -0.0299564 -0.0342143 -0.037948 -0.0410813 -0.0435006 -0.0451745 -0.0460626 -0.0461972 -0.0456102 -0.044363 -0.0425207 -0.0401639 -0.0374087 -0.0343752 -0.0311777 -0.0279221 -0.0247076 -0.0215818 -0.0186426 -0.015912 -0.0134603 -0.0112936 -0.00941766 -0.00782883 -0.00649532 -0.00542587 -0.00456852 -0.00391726 -0.00345802 -0.00317439 -0.00306663 -0.00314335 -0.00338056 -0.00382907 -0.00446359 -0.00530572 -0.00635269 -0.00760244 -0.00905713 -0.0106538 -0.0123407 -0.0140545 -0.0157107 -0.0171712 -0.0182789 -0.018894 -0.0189158 -0.0181868 -0.0166695 -0.0143647 -0.0113521 -0.00776085 -0.00380402 0.000287559 0.00424229 0.00782612 0.0107994 0.0130108 0.0143803 0.0148884 0.014612 0.0137427 0.0124494 0.0109163 0.00933823 0.00781703 0.00644846 0.00531372 0.00440022 0.00369208 0.00318133 0.0028022 0.00253316 0.00234074 0.00219169 0.00208019 0.00202065 0.00200401 0.0020303 0.00207604 0.00213124 0.00217939 0.00224094 0.00229931 0.00234486 0.00238425 0.00242109 0.00248301 0.00264966 0.00294005 0.00341852 0.00415179 0.00514691 0.00642566 0.00797494 0.0096746 0.0114091 0.0130112 0.0142332 0.0148695 0.0147501 0.0137588 0.0118916 0.00924324 0.00593591 0.00218434 -0.00177052 -0.00564276 -0.00919017 -0.0122093 -0.0145464 -0.016097 -0.0168924 -0.0169393 -0.0163596 -0.0153005 -0.0138986 -0.0122738 -0.0105525 -0.00884166 -0.00724355 -0.00577638 -0.00448642 -0.00339685 -0.00250522 -0.00182343 -0.00131302 -0.00100445 -0.000870642 -0.000903766 -0.00111022 -0.00149456 -0.00205874 -0.00283827 -0.00381735 -0.00505421 -0.00655563 -0.00834038 -0.010417 -0.0127617 -0.0153723 -0.0181846 -0.0211764 -0.0242658 -0.0273793 -0.0304158 -0.0332733 -0.0358313 -0.0379981 -0.0396522 -0.0406966 -0.0410533 -0.0406572 -0.0395023 -0.0375615 -0.0348735 -0.0314406 -0.0273562 -0.0227243 -0.0176613 -0.0122937 -0.00671199 -0.00104486 0.0046035 0.0100927 0.0153305 0.0202292 0.024714 0.0287338 0.0322571 0.035283 0.0378139 0.0398787 0.0415074 0.0427478 0.043659 0.0443133 0.0447589 0.0450383 
0 0.00337142 0.00660643 0.00957662 0.0121235 0.014158 0.0155605 0.0162842 0.0162914 0.0155758 0.0141446 0.0119969 0.00920533 0.00580307 0.00189859 -0.00240785 -0.00701125 -0.0118196 -0.0167501 -0.0216494 -0.0264349 -0.0309719 -0.0351531 -0.0388925 -0.0420875 -0.0446654 -0.0465298 -0.0476853 -0.0481149 -0.0478264 -0.0468725 -0.045281 -0.0431478 -0.0405557 -0.0376135 -0.0344292 -0.031114 -0.0277804 -0.0245025 -0.0213647 -0.0184286 -0.0157151 -0.0132782 -0.011141 -0.00929725 -0.00775861 -0.00648707 -0.00546893 -0.00467604 -0.00410541 -0.00373665 -0.00357586 -0.00362216 -0.00386839 -0.00431847 -0.00498429 -0.00588399 -0.00702254 -0.00840169 -0.00995857 -0.0116912 -0.0135484 -0.0154251 -0.0172056 -0.0187774 -0.0199765 -0.020671 -0.0206612 -0.0198583 -0.0182149 -0.0157019 -0.0124262 -0.00854548 -0.00424229 0.000203895 0.00450599 0.00839593 0.0116373 0.0140777 0.0155907 0.0161951 0.0159615 0.0150402 0.0136462 0.0120088 0.0102778 0.00863258 0.00716166 0.00591843 0.00490917 0.00414849 0.00356206 0.00313935 0.00283844 0.00261287 0.00243935 0.00233792 0.00225846 0.00224502 0.00226504 0.00229411 0.00233556 0.00239109 0.00243202 0.00250402 0.00255763 0.00260467 0.00266231 0.00276516 0.00294723 0.00329902 0.00384831 0.00466205 0.00577675 0.00721055 0.00888778 0.0107484 0.0126154 0.0142874 0.0155522 0.0161926 0.0159982 0.0148944 0.0128449 0.00993695 0.00632287 0.00224268 -0.00203074 -0.00623777 -0.0100916 -0.0133545 -0.015893 -0.0175869 -0.0184187 -0.0184847 -0.0178717 -0.0167327 -0.0151915 -0.013418 -0.0115623 -0.00971687 -0.00794759 -0.00635988 -0.00496804 -0.00379344 -0.00283261 -0.00208636 -0.0015568 -0.00124902 -0.00113854 -0.0012264 -0.00151496 -0.00199326 -0.00268962 -0.00361369 -0.00480129 -0.00625006 -0.00798896 -0.0100149 -0.0123184 -0.0149037 -0.0177247 -0.0207317 -0.0238754 -0.0270517 -0.0301905 -0.0332001 -0.0359601 -0.0383598 -0.0402733 -0.0416361 -0.0423464 -0.0423697 -0.0416729 -0.0402209 -0.0380518 -0.0351617 -0.0316201 -0.0274943 -0.0228826 -0.0178947 -0.0126138 -0.00715947 -0.00158273 0.003996 0.00946496 0.0147508 0.0197854 0.0245223 0.0288799 0.0328333 0.0363321 0.0393765 0.0419995 0.044211 0.0460185 0.0474296 0.0485156 0.0493003 0.0498163 
0 0.00307044 0.00598705 0.00860908 0.0108269 0.0125505 0.0136795 0.014138 0.0139012 0.0129924 0.0114152 0.00920533 0.00640476 0.00308115 -0.000680651 -0.00477423 -0.00910534 -0.0136378 -0.0182545 -0.022863 -0.0273679 -0.0316955 -0.0357325 -0.039384 -0.0425937 -0.0452496 -0.0473066 -0.0487193 -0.0494661 -0.0495136 -0.0488901 -0.0476305 -0.0457936 -0.0434495 -0.0406827 -0.0375908 -0.0342934 -0.0309133 -0.0275108 -0.0242233 -0.0210774 -0.018142 -0.0154555 -0.0130634 -0.0109807 -0.0091894 -0.00770915 -0.00649823 -0.00555388 -0.00485935 -0.004387 -0.00414759 -0.00415392 -0.00436201 -0.00483215 -0.00554123 -0.00650872 -0.00772165 -0.0091779 -0.0108711 -0.0127479 -0.0147412 -0.0167568 -0.0186928 -0.0203917 -0.0216667 -0.0223676 -0.0223671 -0.0214992 -0.0197303 -0.0170381 -0.0135155 -0.00931905 -0.00469876 7.69571e-05 0.00470222 0.00891303 0.0124278 0.015074 0.0167495 0.0174428 0.0172257 0.0162982 0.0148421 0.01308 0.0112437 0.0094698 0.00786782 0.00653213 0.00544133 0.004592 0.00396458 0.00348765 0.00314254 0.00289421 0.0027082 0.00258499 0.00251234 0.00248226 0.00248802 0.00250783 0.00254471 0.00258116 0.00263245 0.0026959 0.00275196 0.00282162 0.00290549 0.0030247 0.00326662 0.00366295 0.00428529 0.00521855 0.00645415 0.00800716 0.00984083 0.0118155 0.0137857 0.0155559 0.016853 0.0174654 0.0172058 0.0159591 0.0137076 0.0105583 0.00665694 0.00226288 -0.00234898 -0.00685752 -0.0109816 -0.0144835 -0.0172 -0.0190085 -0.0199494 -0.0200251 -0.0193515 -0.0181087 -0.0164648 -0.014568 -0.0125625 -0.0105595 -0.00867907 -0.00696551 -0.0054575 -0.00418323 -0.00315321 -0.00238958 -0.00184512 -0.00155365 -0.00147697 -0.00162377 -0.00200594 -0.00261032 -0.00344627 -0.00456249 -0.00593893 -0.00761735 -0.00958981 -0.0118577 -0.0144107 -0.0172072 -0.0202213 -0.0233662 -0.0266076 -0.0298145 -0.0329074 -0.0357971 -0.0383717 -0.0405021 -0.0421055 -0.0431038 -0.0434429 -0.0431098 -0.0420818 -0.0403646 -0.0379549 -0.0349186 -0.0313023 -0.0272152 -0.022715 -0.0178599 -0.0127487 -0.00746387 -0.00208111 0.00334255 0.00870494 0.0139722 0.0190951 0.0240067 0.0286475 0.0329793 0.0369463 0.0405109 0.0436957 0.0464967 0.0488849 0.0508411 0.0524012 0.0535611 0.0543315 
0 0.00260933 0.00505991 0.00723049 0.00900424 0.0103325 0.0111072 0.0112756 0.0108094 0.00972566 0.00804825 0.00580307 0.00308115 -7.9807e-05 -0.00359427 -0.00738492 -0.0113799 -0.0155314 -0.0197641 -0.0239733 -0.0281347 -0.0321703 -0.0359788 -0.0394852 -0.0426367 -0.0453613 -0.0475705 -0.0492296 -0.0502793 -0.0506733 -0.050429 -0.0495479 -0.0480662 -0.0460259 -0.043501 -0.0405909 -0.0374046 -0.0340488 -0.0305976 -0.0271816 -0.0238797 -0.0207387 -0.017828 -0.0151955 -0.0128517 -0.010813 -0.00909061 -0.00767917 -0.00656773 -0.00573423 -0.00514288 -0.00480939 -0.0047443 -0.00492892 -0.00538538 -0.00611866 -0.00713967 -0.00843681 -0.0100028 -0.0117952 -0.0137989 -0.0159484 -0.0181059 -0.0201482 -0.0219415 -0.0232973 -0.0240596 -0.0240339 -0.0231006 -0.0212159 -0.0183405 -0.0145821 -0.0101204 -0.00518166 -7.50329e-05 0.00487707 0.00937983 0.0131522 0.0160092 0.0178293 0.0186225 0.0184626 0.017518 0.0160054 0.014171 0.0122193 0.0103331 0.00862416 0.00716676 0.00597046 0.0050551 0.00436176 0.00385094 0.00348544 0.00320915 0.00299864 0.00286591 0.00276205 0.00271665 0.0027098 0.00271637 0.00275148 0.00280042 0.00284021 0.00290497 0.00295804 0.00302389 0.00312799 0.00329599 0.00358393 0.00406586 0.0047856 0.00581442 0.00716834 0.0088531 0.0107975 0.0128995 0.0149757 0.0167975 0.0181145 0.0187017 0.0183508 0.0169668 0.0145211 0.0111134 0.00691934 0.00222104 -0.00267788 -0.00748059 -0.0118722 -0.0155911 -0.0184812 -0.0204143 -0.0213962 -0.021493 -0.0207999 -0.019493 -0.0177282 -0.0156938 -0.0135616 -0.0114291 -0.00939424 -0.0075582 -0.00595026 -0.00460008 -0.00352137 -0.00272581 -0.00219629 -0.00193129 -0.00189881 -0.0021158 -0.00260262 -0.00334312 -0.00435501 -0.00566202 -0.00726623 -0.00916968 -0.0113823 -0.0138938 -0.0166709 -0.0196696 -0.0228152 -0.0260435 -0.0293089 -0.0324801 -0.0354641 -0.0381612 -0.0404541 -0.0422424 -0.0434595 -0.0440712 -0.0440185 -0.0433037 -0.0419363 -0.039928 -0.0373309 -0.0341811 -0.0305621 -0.0265609 -0.0222206 -0.0175771 -0.0126886 -0.00765976 -0.00251915 0.00267616 0.00787759 0.0130787 0.0182329 0.0232731 0.0281244 0.0327896 0.0371935 0.0412741 0.0450119 0.0483758 0.0513293 0.0538252 0.0558748 0.0574183 0.0584493 
0 0.00198427 0.003842 0.00545476 0.00670919 0.00755264 0.00791455 0.00776238 0.00707288 0.00584939 0.00410676 0.00189859 -0.000680651 -0.00359427 -0.00679302 -0.0102147 -0.0137934 -0.0174979 -0.0212659 -0.0250346 -0.0287872 -0.0324643 -0.0359763 -0.0392735 -0.0423342 -0.0450732 -0.0473977 -0.0492558 -0.0505879 -0.0513325 -0.0514773 -0.0510022 -0.0499125 -0.0482336 -0.0460273 -0.0433756 -0.0403738 -0.0371183 -0.0336849 -0.0302238 -0.0268134 -0.0235141 -0.020398 -0.017532 -0.0149448 -0.0126539 -0.0106897 -0.00904864 -0.00773132 -0.00672262 -0.00599514 -0.00556438 -0.00543582 -0.0055739 -0.00601162 -0.00675362 -0.00781027 -0.00916777 -0.0108189 -0.0127297 -0.0148568 -0.01712 -0.0193948 -0.0215656 -0.0234732 -0.0249077 -0.0256943 -0.0256549 -0.0246494 -0.0226361 -0.0195891 -0.0156116 -0.0108881 -0.00567436 -0.000274903 0.00498078 0.00978158 0.0138178 0.0168826 0.0188579 0.0197489 0.0196368 0.0187056 0.0171618 0.015251 0.0132077 0.0112089 0.00938073 0.00781787 0.00653005 0.00553372 0.00478804 0.00423186 0.00382843 0.00352709 0.00329783 0.00314284 0.00302702 0.00296021 0.00293325 0.00292941 0.00295895 0.00300088 0.00304283 0.00309986 0.00315243 0.00323345 0.00336476 0.00357189 0.00392494 0.0044806 0.00529711 0.00644644 0.00792445 0.0097282 0.0117945 0.0139955 0.016153 0.0180322 0.0193548 0.0198892 0.0194343 0.0178887 0.0152372 0.0115925 0.00714053 0.00216855 -0.00301707 -0.00809144 -0.0127353 -0.0166744 -0.0197268 -0.0217666 -0.022815 -0.0229163 -0.0221792 -0.020796 -0.0189464 -0.0168062 -0.0145388 -0.0122636 -0.0101106 -0.0081724 -0.00648045 -0.0050619 -0.00393607 -0.00311987 -0.00259084 -0.00235895 -0.00239607 -0.00272033 -0.00334461 -0.00424583 -0.00543906 -0.00696014 -0.00879642 -0.0109455 -0.0133919 -0.0161161 -0.0190808 -0.0222225 -0.0254618 -0.0287194 -0.0319451 -0.0350008 -0.0377878 -0.0402104 -0.0421568 -0.0435411 -0.0443342 -0.044523 -0.0440702 -0.0429776 -0.0412686 -0.0389982 -0.0362398 -0.0330474 -0.0294742 -0.0255956 -0.0214439 -0.0170472 -0.0124586 -0.00773757 -0.00288855 0.0020618 0.00707429 0.0121611 0.017295 0.022405 0.0274281 0.0323702 0.0371627 0.041715 0.0459688 0.0498615 0.0533337 0.0563314 0.0588327 0.0607453 0.0620312 
0 0.00122119 0.00235917 0.00330877 0.0039645 0.00426696 0.00417813 0.00368286 0.00276803 0.00143217 -0.000314526 -0.00240785 -0.00477423 -0.00738492 -0.0102147 -0.0132068 -0.0163072 -0.0195102 -0.0227713 -0.0260573 -0.0293492 -0.0326152 -0.0357917 -0.0388478 -0.0417724 -0.0444674 -0.046855 -0.0488795 -0.0504762 -0.0515553 -0.0520716 -0.0520009 -0.0513307 -0.0500688 -0.0482454 -0.0459149 -0.0431598 -0.0400726 -0.0367352 -0.033298 -0.0298325 -0.0264103 -0.023114 -0.0200339 -0.0172186 -0.0146837 -0.012474 -0.0105916 -0.00905316 -0.00785223 -0.00697129 -0.00642393 -0.00621228 -0.00629268 -0.00669882 -0.00743831 -0.00852363 -0.00993967 -0.0116656 -0.0136766 -0.0159188 -0.0183048 -0.0207006 -0.0229811 -0.024978 -0.0264822 -0.0272929 -0.027238 -0.0261667 -0.0240356 -0.0208277 -0.0166402 -0.0116655 -0.00618132 -0.000498881 0.00503679 0.0101019 0.0143813 0.0176532 0.0198031 0.020822 0.0207854 0.0198744 0.0182992 0.0163132 0.0141817 0.0120832 0.0101565 0.00849956 0.00712819 0.00605138 0.00524333 0.00463038 0.00417962 0.00384514 0.00359871 0.00342902 0.00331032 0.00322869 0.00318167 0.00315762 0.00316842 0.00319276 0.00323127 0.00328365 0.00334751 0.00345383 0.00362418 0.0038794 0.00429678 0.00492326 0.00583262 0.0070946 0.00870207 0.0106362 0.0128314 0.0151309 0.0173506 0.0192457 0.0205349 0.020991 0.0204266 0.0187299 0.0158898 0.0120127 0.00730014 0.00205642 -0.00340043 -0.00872781 -0.0136011 -0.0177394 -0.0209413 -0.0230835 -0.0241918 -0.0243047 -0.0235439 -0.0220936 -0.0201492 -0.0178975 -0.0155104 -0.0131133 -0.0108484 -0.00880665 -0.00703687 -0.00556112 -0.00439967 -0.00357224 -0.00305926 -0.00287346 -0.00299296 -0.00343686 -0.00421312 -0.00529344 -0.00668457 -0.00842953 -0.0105052 -0.0129025 -0.0155752 -0.0184878 -0.0215965 -0.0248291 -0.0281101 -0.0313486 -0.0344726 -0.0373337 -0.0398338 -0.0419018 -0.0434526 -0.0444098 -0.0447612 -0.0445025 -0.0436333 -0.0421724 -0.040159 -0.0376724 -0.0347915 -0.0315874 -0.0280908 -0.0243618 -0.0204212 -0.016296 -0.0120383 -0.00765547 -0.00311496 0.00158472 0.00639737 0.0113324 0.016387 0.0215119 0.0266611 0.0318219 0.0369201 0.0418531 0.0465459 0.0509084 0.0548434 0.0582781 0.0611688 0.0634135 0.0649441 
0 0.000363597 0.000669204 0.000857544 0.0008324 0.000565749 6.03048e-06 -0.000842412 -0.00198214 -0.00340742 -0.00508915 -0.00701125 -0.00910534 -0.0113799 -0.0137934 -0.0163072 -0.0189035 -0.0215728 -0.0243159 -0.0270734 -0.0298756 -0.0327024 -0.0355217 -0.0383118 -0.0410313 -0.0436277 -0.0460157 -0.0481668 -0.0499838 -0.0513571 -0.0522257 -0.052556 -0.0523244 -0.0515105 -0.0501087 -0.0481587 -0.0457233 -0.0428736 -0.0397088 -0.0363374 -0.0328768 -0.0293789 -0.0259587 -0.0227093 -0.019677 -0.0169122 -0.014449 -0.0123299 -0.0105691 -0.00916343 -0.00810287 -0.00740715 -0.00706941 -0.00708656 -0.00744702 -0.00818422 -0.00928905 -0.0107474 -0.0125433 -0.0146334 -0.0169825 -0.0194947 -0.0220084 -0.0243798 -0.0264514 -0.0280046 -0.0288431 -0.0287546 -0.0276324 -0.0254037 -0.0220441 -0.0176559 -0.0124579 -0.00670893 -0.000760957 0.00504389 0.0103602 0.0148766 0.0183549 0.0206683 0.0218114 0.0218676 0.0209844 0.0193998 0.0173814 0.0151678 0.0129807 0.0109651 0.009198 0.00773176 0.00658499 0.00569921 0.00503842 0.00455145 0.00418164 0.00391349 0.00373495 0.0035902 0.00349159 0.00342443 0.0033787 0.00337364 0.00339831 0.00342072 0.00347179 0.00354496 0.00366471 0.00387312 0.00419715 0.00467519 0.00539724 0.00641814 0.0077865 0.00952135 0.0115833 0.0138713 0.0162597 0.0185328 0.0204229 0.0216742 0.0220464 0.0213522 0.0194942 0.0164614 0.0123528 0.00738974 0.001882 -0.00381451 -0.00937858 -0.0144582 -0.0187633 -0.022099 -0.0243554 -0.0255123 -0.0256534 -0.0248765 -0.0233717 -0.0213293 -0.0189647 -0.0164693 -0.0139727 -0.0115957 -0.00946368 -0.00761601 -0.00608511 -0.00490344 -0.00407749 -0.00362176 -0.00350476 -0.00372357 -0.0042945 -0.00522928 -0.00650298 -0.00812153 -0.010091 -0.0124092 -0.0150207 -0.0178921 -0.0209689 -0.024186 -0.0274793 -0.0307341 -0.0338861 -0.0368255 -0.0394168 -0.0415611 -0.0432104 -0.0443125 -0.0448207 -0.0447152 -0.0440144 -0.0427335 -0.040929 -0.0386727 -0.0360257 -0.0330836 -0.0298768 -0.0264765 -0.0229158 -0.0192116 -0.0153788 -0.0114307 -0.00737791 -0.00313071 0.0013033 0.00590445 0.010669 0.0156052 0.0207055 0.0259204 0.0312348 0.03654 0.0417442 0.0467683 0.0515056 0.0558269 0.0596143 0.062816 0.0653239 0.0670588 
0 -0.000547769 -0.00112835 -0.0017876 -0.0025315 -0.00341307 -0.0044446 -0.00565559 -0.00701928 -0.00850402 -0.0101131 -0.0118196 -0.0136378 -0.0155314 -0.0174979 -0.0195102 -0.0215728 -0.0237137 -0.025891 -0.0281183 -0.0304028 -0.0327837 -0.0352272 -0.037701 -0.0401946 -0.0426375 -0.044995 -0.0471984 -0.0491669 -0.0507898 -0.0519856 -0.0527088 -0.0529027 -0.0525238 -0.0515662 -0.0500434 -0.047997 -0.0454711 -0.0425313 -0.039314 -0.0359049 -0.0324125 -0.0289247 -0.0255387 -0.0223261 -0.0193296 -0.016631 -0.0142725 -0.0122786 -0.0106516 -0.00939541 -0.00852788 -0.00806527 -0.00797412 -0.00828735 -0.00900234 -0.0101114 -0.0115981 -0.0134381 -0.0156229 -0.0180708 -0.0206602 -0.0232691 -0.025747 -0.027892 -0.0294945 -0.0303254 -0.0302302 -0.0290435 -0.0267001 -0.0232081 -0.0186488 -0.0132257 -0.0072616 -0.00106857 0.00499306 0.0105646 0.01531 0.0189806 0.0214598 0.0227264 0.0228638 0.02205 0.0204893 0.0184368 0.0161823 0.0139107 0.0117823 0.00991945 0.00836299 0.00711599 0.00618159 0.00546984 0.00493344 0.00454332 0.00425648 0.00403617 0.00388531 0.00375354 0.00365382 0.00360255 0.00358928 0.00359519 0.00363321 0.0036684 0.00373885 0.00388669 0.00413127 0.00450602 0.00508683 0.00590098 0.00703476 0.00854068 0.0103954 0.0125536 0.0149454 0.0173859 0.0196806 0.0215763 0.0227763 0.0230457 0.022218 0.0201809 0.0169388 0.0126064 0.00741678 0.00168673 -0.00425143 -0.0100155 -0.0152812 -0.0197624 -0.0232232 -0.0255587 -0.0267906 -0.0269425 -0.0261463 -0.024577 -0.0224728 -0.0200332 -0.0174244 -0.0148134 -0.0123586 -0.010144 -0.00823631 -0.00666262 -0.00546608 -0.00467646 -0.00426938 -0.00424553 -0.00458352 -0.00530447 -0.00641753 -0.0079044 -0.00975359 -0.0119708 -0.014503 -0.0173152 -0.02034 -0.0235318 -0.0268273 -0.0301097 -0.0332871 -0.036252 -0.038922 -0.041174 -0.0429195 -0.0441236 -0.0447514 -0.0447763 -0.0442148 -0.043083 -0.0414338 -0.0393316 -0.0368597 -0.0341147 -0.0311308 -0.0279721 -0.0246702 -0.0212955 -0.0178504 -0.0143014 -0.010661 -0.00687975 -0.00292742 0.0012421 0.00561202 0.0101995 0.0150273 0.0200639 0.0253015 0.0306743 0.0361019 0.0414693 0.0467002 0.0516894 0.0562689 0.0603172 0.0637244 0.0664084 0.0682665 
