0 0 0 0 0 0 0 0 0 0 0 0 0 0 0 0 0 0 0 0 0 0 0 0 0 0 0 0 0 0 0 0 0 0 0 0 0 0 0 0 0 0 0 0 0 0 0 0 0 0 0 0 0 0 0 0 0 0 0 0 0 0 0 0 0 0 0 0 0 0 0 0 0 0 0 0 0 0 0 0 0 0 0 0 0 0 0 0 0 0 0 0 0 0 0 0 0 0 0 0 0 0 0 0 0 0 0 0 0 0 0 0 0 0 0 0 0 0 0 0 0 0 0 0 0 0 0 0 0 0 0 0 0 0 0 0 0 0 0 0 0 0 0 0 0 0 0 0 0 0 0 0 0 0 0 0 0 0 0 0 0 0 0 0 0 0 0 0 0 0 0 0 0 0 0 0 0 0 0 0 0 0 0 0 0 0 0 0 0 0 0 0 0 0 0 0 0 0 0 0 
0 6.2275e-06 1.68416e-05 2.81271e-05 3.09709e-05 4.46624e-05 5.40138e-05 6.60425e-05 7.93391e-05 9.07436e-05 9.94652e-05 0.000110904 0.000132925 0.000145332 0.00015421 0.000160942 0.000172823 0.000190485 0.000203638 0.000203611 0.000196769 0.000197474 0.000203595 0.000196663 0.000166032 0.000122873 8.45006e-05 4.79372e-05 -1.60367e-05 -0.000101538 -0.000202626 -0.000296285 -0.000369403 -0.000429448 -0.000481856 -0.00050698 -0.000457391 -0.000320543 -8.33596e-05 0.000249077 0.000672133 0.00118972 0.00180252 0.0024798 0.00317279 0.00381792 0.00436721 0.00478901 0.00503434 0.00507601 0.00489237 0.00447088 0.00381017 0.00295496 0.00196748 0.000897716 -0.000200499 -0.0012766 -0.00229393 -0.00320345 -0.00397431 -0.00456988 -0.00497241 -0.00520034 -0.00525547 -0.00517178 -0.00497065 -0.00466041 -0.00427943 -0.00384726 -0.00337609 -0.0029034 -0.00245165 -0.00204021 -0.00166893 -0.0013428 -0.00106619 -0.000831204 -0.000637039 -0.000475497 -0.00033908 -0.000235868 -0.000159362 -0.000100302 -6.1346e-05 -3.50752e-05 -1.01752e-05 1.07845e-05 2.48944e-05 3.55228e-05 3.35412e-05 3.0903e-05 3.39336e-05 2.93536e-05 2.62473e-05 2.86635e-05 2.97799e-05 4.07185e-05 4.36921e-05 3.8043e-05 3.87314e-05 3.70572e-05 3.63376e-05 3.70798e-05 3.01404e-05 3.51233e-05 4.58982e-05 5.08174e-05 5.25011e-05 4.72389e-05 4.07732e-05 4.04402e-05 3.45222e-05 2.30796e-05 1.19196e-05 -1.50917e-06 -2.73921e-05 -6.78925e-05 -0.000130479 -0.000216481 -0.000318401 -0.000447643 -0.000607217 -0.000793858 -0.00102421 -0.0013039 -0.00163021 -0.00200001 -0.00240709 -0.0028512 -0.00331248 -0.0037769 -0.0042111 -0.00458351 -0.00488633 -0.00508709 -0.00516051 -0.00510565 -0.00489028 -0.004504 -0.00394158 -0.00321245 -0.00234232 -0.0013495 -0.000284455 0.000800276 0.00186647 0.00285845 0.00371839 0.00440392 0.00487224 0.00510207 0.00509185 0.0048731 0.00448082 0.00395717 0.00333519 0.00266335 0.00200285 0.00139618 0.000867772 0.000435916 0.000105082 -0.000130716 -0.000267243 -0.000327325 -0.000322081 -0.000282513 -0.000223135 -0.000142445 -4.65225e-05 4.65101e-05 0.000118763 0.000181661 0.000234203 0.000283848 0.000330151 0.000354296 0.000354996 0.000359544 0.000376321 0.000391857 0.000383728 0.000362719 0.000350158 0.0003578 0.000367696 0.000348063 0.000323701 0.00031413 0.000330773 0.000333072 0.000309217 0.000290636 0.000298199 0.000320261 0.000308283 0.000288499 0.00028452 0.000305456 
0 1.68416e-05 4.41276e-05 6.0665e-05 8.07192e-05 0.000103589 0.000123715 0.00013667 0.000161607 0.000192077 0.000203537 0.000221445 0.000246668 0.000275519 0.000299552 0.000318431 0.00033591 0.000358996 0.000390678 0.00040705 0.00040722 0.000405096 0.000404201 0.000392793 0.000351877 0.000275731 0.000194829 9.23571e-05 -3.51193e-05 -0.000195311 -0.000377257 -0.000563696 -0.000736532 -0.000860188 -0.000966021 -0.000979872 -0.000868861 -0.000597256 -0.000143147 0.000503924 0.00136307 0.00240404 0.0036141 0.00493239 0.00628726 0.00756191 0.00864353 0.0094678 0.00997515 0.0100546 0.00967896 0.0088143 0.00751404 0.00584257 0.00388826 0.00177836 -0.000398441 -0.0025422 -0.00455585 -0.00633538 -0.00784063 -0.00901208 -0.00981734 -0.0102618 -0.0104043 -0.0102522 -0.00986389 -0.00926977 -0.00852765 -0.00766563 -0.00674185 -0.00580583 -0.00491635 -0.00409681 -0.00336431 -0.00270971 -0.00214135 -0.00167741 -0.00128988 -0.000964692 -0.000711681 -0.000503513 -0.000331129 -0.000214523 -0.000112428 -5.21748e-05 -1.57854e-05 2.0085e-05 4.05419e-05 4.27292e-05 5.47339e-05 5.29765e-05 6.88546e-05 7.19881e-05 6.75549e-05 6.03384e-05 6.52594e-05 6.84548e-05 7.3327e-05 6.26885e-05 6.6491e-05 6.84661e-05 8.37166e-05 7.96334e-05 7.55573e-05 7.70876e-05 8.49091e-05 8.75779e-05 8.97586e-05 7.09859e-05 8.25471e-05 8.64955e-05 8.03665e-05 6.53985e-05 2.80764e-05 -2.1061e-05 -6.84115e-05 -0.000166373 -0.000283391 -0.000436605 -0.000645996 -0.000904078 -0.00122107 -0.00161328 -0.00207365 -0.00262741 -0.00328203 -0.00401703 -0.00483068 -0.00570972 -0.00662998 -0.00753244 -0.00837109 -0.00910002 -0.00968465 -0.0100585 -0.0102174 -0.0100962 -0.00967058 -0.00891037 -0.0077998 -0.00634481 -0.00461595 -0.00266019 -0.000566838 0.00158156 0.00367407 0.00563984 0.00736009 0.00870585 0.00961815 0.0100594 0.0100696 0.00965282 0.00887978 0.00785147 0.00663571 0.00531101 0.00400473 0.00279576 0.00176114 0.000901806 0.00023925 -0.000235367 -0.000524557 -0.000639638 -0.000639538 -0.000544934 -0.000425819 -0.000265615 -8.03585e-05 9.9537e-05 0.000258855 0.0003917 0.000496466 0.000577395 0.000655202 0.000709655 0.000727817 0.000734394 0.000746112 0.000749518 0.000747117 0.000728849 0.000712213 0.000702662 0.000698572 0.000687378 0.000664353 0.000653936 0.000648696 0.000649421 0.000633245 0.000616572 0.000617373 0.000618598 0.000613249 0.000597333 0.000597066 0.000599525 
0 2.81271e-05 6.0665e-05 9.4703e-05 0.000114275 0.000159762 0.000184121 0.000207225 0.000241371 0.000281905 0.000312079 0.000334552 0.000374832 0.000404215 0.000446128 0.000485647 0.000515239 0.000542182 0.000576385 0.000609605 0.000626431 0.000624636 0.000609166 0.000580162 0.000526568 0.000435615 0.000306852 0.000146273 -6.31715e-05 -0.000282545 -0.000533439 -0.000807185 -0.00106558 -0.00127167 -0.00139917 -0.0014079 -0.00122107 -0.000823869 -0.000156322 0.000812016 0.00208393 0.00363861 0.00543558 0.00737523 0.00934415 0.0111954 0.0127957 0.0140265 0.0147238 0.0148 0.014213 0.0129517 0.0110282 0.00855841 0.00570067 0.00259309 -0.000607374 -0.00374216 -0.00668996 -0.00931044 -0.0115265 -0.0132525 -0.0144472 -0.0151537 -0.015374 -0.0151858 -0.0146433 -0.0137744 -0.0126879 -0.0114479 -0.0100981 -0.00873954 -0.00743136 -0.00622195 -0.00511477 -0.0041294 -0.00328542 -0.0025724 -0.00198746 -0.00150597 -0.00110243 -0.000787105 -0.000539154 -0.000339526 -0.000198272 -0.000104448 -3.00547e-05 2.25343e-05 5.12325e-05 7.10115e-05 6.76166e-05 7.20002e-05 9.76961e-05 0.000101836 0.000100257 0.000101172 9.21347e-05 0.000105388 0.000102576 8.55385e-05 9.5109e-05 0.000106242 0.000120819 0.000130434 0.000109716 0.000109775 0.000122214 0.000123709 0.000125428 0.000118128 0.000115726 0.000127442 0.000116188 7.69743e-05 2.48309e-05 -4.02482e-05 -0.000135794 -0.000267357 -0.000452892 -0.000702823 -0.00100732 -0.00139999 -0.00189113 -0.00247264 -0.00318012 -0.00402545 -0.00499892 -0.00609148 -0.00728829 -0.0085852 -0.00992276 -0.0112523 -0.0124801 -0.0135234 -0.01436 -0.0149048 -0.0150899 -0.0149013 -0.014249 -0.0131001 -0.011444 -0.00931672 -0.00679639 -0.00393361 -0.000858016 0.00228988 0.00539155 0.00828077 0.0107848 0.0127777 0.0141469 0.0148404 0.0148555 0.0142657 0.0131585 0.0116537 0.00985847 0.00792031 0.00601061 0.00424166 0.00268598 0.00140474 0.000422582 -0.000279091 -0.000702534 -0.000906494 -0.000911179 -0.000790682 -0.00060086 -0.000362638 -9.95258e-05 0.000158928 0.000386836 0.000601171 0.000763842 0.00087978 0.00098016 0.00105852 0.00110211 0.00112581 0.00112595 0.00111657 0.0011068 0.00110748 0.00109085 0.0010556 0.00103254 0.00101649 0.00102137 0.000995165 0.000968254 0.000949825 0.00095105 0.000953293 0.000927874 0.000912611 0.000898473 0.000919768 0.000914272 0.000891816 
0 3.09709e-05 8.07192e-05 0.000114275 0.000145342 0.000189288 0.00023944 0.000276242 0.000316905 0.000365765 0.000406991 0.000466879 0.000519477 0.000554454 0.000596796 0.000659577 0.000715976 0.000746378 0.000774233 0.000804333 0.000833297 0.000842747 0.000815316 0.000761597 0.000687806 0.000576239 0.000430736 0.000212096 -5.63053e-05 -0.000352097 -0.000668841 -0.00101071 -0.00135057 -0.00160282 -0.00177792 -0.00176109 -0.00150969 -0.000972017 -8.84899e-05 0.00118575 0.00287953 0.00492079 0.00725163 0.00975503 0.0123077 0.014713 0.0167588 0.0182911 0.0191714 0.0192248 0.0184255 0.0167412 0.0142531 0.0110677 0.00734611 0.00332018 -0.00082241 -0.00488323 -0.00868266 -0.0120498 -0.0149195 -0.0171922 -0.0188011 -0.0197415 -0.0200919 -0.0198764 -0.0191988 -0.018125 -0.0167622 -0.0151698 -0.0134467 -0.0116831 -0.00998147 -0.00839102 -0.0069461 -0.00564419 -0.00450413 -0.00355282 -0.00275031 -0.00207487 -0.00154009 -0.00110557 -0.000753637 -0.000507309 -0.00030289 -0.000172063 -8.06267e-05 7.58149e-06 6.59031e-05 8.71425e-05 0.00011048 0.000108007 0.000129048 0.000128894 0.000117639 0.000108204 0.000123098 0.000140641 0.000155401 0.000139043 0.000138838 0.00013542 0.000152807 0.000144371 0.000137853 0.000146981 0.000169627 0.000182538 0.000186331 0.000150535 0.000154241 0.000147481 0.000124542 8.6617e-05 1.25401e-05 -8.51297e-05 -0.000194232 -0.000397064 -0.000653217 -0.00098797 -0.0014284 -0.00196574 -0.00261905 -0.00341618 -0.00435594 -0.00547621 -0.00678013 -0.008228 -0.0098055 -0.0114835 -0.0132142 -0.014898 -0.016453 -0.0177968 -0.0188583 -0.0195122 -0.0197279 -0.0194036 -0.0185006 -0.0169821 -0.0148358 -0.0120806 -0.0088234 -0.0051333 -0.00115728 0.0029398 0.00693921 0.0106784 0.0139444 0.0165288 0.0183279 0.0192676 0.0193807 0.0186602 0.017226 0.0152784 0.0129807 0.010497 0.00803178 0.00570843 0.00366697 0.00196438 0.000670968 -0.000234969 -0.000798818 -0.00107008 -0.00112503 -0.000977234 -0.000735385 -0.00041379 -7.3485e-05 0.000236726 0.000523485 0.000796127 0.00102691 0.00118721 0.00131022 0.00140097 0.00146057 0.00150498 0.00152417 0.00150602 0.0014909 0.00148073 0.00146798 0.00143173 0.00139127 0.00136747 0.00135242 0.00133425 0.00129314 0.00126983 0.00126008 0.0012549 0.00123972 0.00121102 0.00120487 0.00121356 0.0012178 0.00119431 
0 4.46624e-05 0.000103589 0.000159762 0.000189288 0.000251052 0.000307155 0.000360225 0.000409311 0.000458228 0.000511034 0.000575113 0.000648093 0.00068705 0.000738492 0.000810258 0.000881526 0.000933132 0.000974194 0.00101359 0.00104967 0.00106672 0.00104589 0.000984507 0.000888491 0.000754048 0.000566182 0.000310342 -2.62677e-05 -0.000382728 -0.00077096 -0.00118544 -0.00157876 -0.00188727 -0.00206226 -0.00203114 -0.00169578 -0.00102178 7.74104e-05 0.00165478 0.00371496 0.00620451 0.00903965 0.0120655 0.0151164 0.0179774 0.0204293 0.0222648 0.023244 0.0232394 0.0222137 0.0201687 0.0171376 0.0132747 0.00880271 0.00394911 -0.0010363 -0.00590363 -0.0104614 -0.0145199 -0.0179818 -0.020737 -0.0227159 -0.0239445 -0.0244277 -0.0242568 -0.0235171 -0.0222709 -0.0206675 -0.0188043 -0.0167563 -0.0146596 -0.0126056 -0.010667 -0.00886696 -0.00724152 -0.00582259 -0.00461023 -0.00359608 -0.00275184 -0.00205052 -0.00149369 -0.00105147 -0.000702905 -0.000446555 -0.000268508 -0.000127295 -1.85034e-05 5.10121e-05 9.34927e-05 0.000101868 0.000112286 0.000146653 0.000152919 0.000148722 0.00014793 0.000144389 0.000167646 0.000170591 0.000149538 0.000156352 0.000166865 0.000185077 0.00019443 0.000171122 0.000173703 0.000194977 0.000203085 0.000204812 0.000186537 0.000174077 0.000173266 0.000142049 7.13085e-05 -2.66149e-05 -0.000152574 -0.000327772 -0.000574697 -0.00091219 -0.00135705 -0.00190382 -0.00258955 -0.00343256 -0.00443554 -0.00563856 -0.00705844 -0.00867303 -0.0104534 -0.0123683 -0.0143972 -0.0164563 -0.0184672 -0.0203054 -0.0218592 -0.0230711 -0.0238099 -0.0239759 -0.0235319 -0.0223808 -0.020492 -0.0178641 -0.0145501 -0.0106485 -0.00622172 -0.00144182 0.00347708 0.00831827 0.0128247 0.0167444 0.0198931 0.0221169 0.0233267 0.0234934 0.0226822 0.02102 0.0187111 0.0159537 0.0129751 0.0100091 0.00720815 0.00470248 0.00261665 0.00102288 -0.000103946 -0.00080692 -0.0011803 -0.00125543 -0.00110645 -0.000813521 -0.000431025 -2.15221e-05 0.000363406 0.00070738 0.0010425 0.0013198 0.00152305 0.00167497 0.00177844 0.00183951 0.00188691 0.00190822 0.0018986 0.00186722 0.00184127 0.00181531 0.00178547 0.00175759 0.00171186 0.00168363 0.00165235 0.00163905 0.00161575 0.00158242 0.00156038 0.00154959 0.00155304 0.00152314 0.00151245 0.00150228 0.00150611 
0 5.40138e-05 0.000123715 0.000184121 0.00023944 0.000307155 0.000368696 0.000422277 0.000493249 0.000570148 0.00062393 0.000685818 0.000764133 0.000840285 0.000913236 0.000982218 0.00104769 0.00111534 0.00118891 0.00124228 0.00126786 0.00127623 0.0012609 0.00121034 0.00110641 0.000935345 0.000711921 0.000412243 4.68324e-05 -0.000364522 -0.000814563 -0.00129064 -0.00174052 -0.00207058 -0.00225854 -0.00218306 -0.00176754 -0.000946709 0.000358753 0.00220912 0.00462539 0.00752141 0.0107912 0.0142634 0.0177518 0.0210073 0.0237614 0.0257854 0.0268607 0.0267893 0.0255372 0.0231054 0.0195943 0.015159 0.0100213 0.00446633 -0.00123925 -0.00682048 -0.0120328 -0.0166689 -0.0206398 -0.0238383 -0.0261866 -0.0276733 -0.0283516 -0.0282606 -0.0275067 -0.0261806 -0.0244217 -0.02233 -0.0200277 -0.0176363 -0.0152759 -0.0130164 -0.0109056 -0.00897076 -0.00725295 -0.00578626 -0.00454387 -0.00350035 -0.00265295 -0.00195923 -0.00139194 -0.000960459 -0.000617891 -0.000381282 -0.000210623 -6.95156e-05 2.29499e-05 6.8113e-05 0.000102883 0.000122211 0.000164627 0.000181213 0.000174772 0.000163229 0.000169852 0.000185092 0.000193625 0.000175328 0.000177813 0.000188322 0.000217552 0.000219172 0.000207319 0.00020797 0.00022301 0.00023103 0.000229035 0.000194615 0.000191867 0.000180696 0.000138114 5.56102e-05 -8.3009e-05 -0.000264745 -0.000485425 -0.000814888 -0.00123467 -0.00177412 -0.00246327 -0.003311 -0.00434301 -0.00558408 -0.00704139 -0.00873943 -0.0106617 -0.0127572 -0.0149928 -0.0173247 -0.0196776 -0.0219291 -0.023965 -0.0256797 -0.026979 -0.0277167 -0.0278247 -0.0272043 -0.0257997 -0.0235761 -0.020532 -0.0167102 -0.0122282 -0.00717356 -0.00171975 0.00391106 0.00944129 0.0146202 0.0191654 0.0228185 0.0254187 0.0268636 0.0271576 0.0263131 0.024474 0.0218824 0.0187644 0.01536 0.011939 0.00869342 0.00580539 0.00337941 0.0014976 0.000144628 -0.000724169 -0.00117101 -0.0012801 -0.0011152 -0.000806376 -0.000390472 7.30105e-05 0.000523314 0.000939269 0.00131315 0.00161809 0.00184603 0.00203216 0.00216598 0.00223646 0.00227403 0.00229146 0.00228413 0.00226333 0.00222621 0.00218446 0.00214581 0.00211561 0.00207576 0.00202609 0.00198843 0.00196774 0.00195279 0.00191227 0.00187225 0.00186518 0.00186681 0.00184509 0.00181415 0.00180551 0.00181447 
0 6.60425e-05 0.00013667 0.000207225 0.000276242 0.000360225 0.000422277 0.000482461 0.000572884 0.000671753 0.000740962 0.000803077 0.000894918 0.000995299 0.00109039 0.00116651 0.00123586 0.0013185 0.00141021 0.00147377 0.001498 0.00150229 0.0014917 0.00144271 0.00132348 0.00112731 0.000870923 0.000551764 0.000153792 -0.000302842 -0.000809803 -0.00133095 -0.00179874 -0.00214343 -0.00231816 -0.00221727 -0.00172181 -0.000756986 0.000757896 0.00286932 0.00557789 0.00881417 0.0124646 0.0163319 0.0201829 0.0237391 0.0267219 0.0288787 0.0299559 0.0297838 0.028314 0.0255613 0.0216129 0.0166625 0.0109753 0.00484399 -0.00143563 -0.00756983 -0.0133127 -0.0184538 -0.022878 -0.0264731 -0.0291593 -0.0309307 -0.0318055 -0.0318483 -0.0311501 -0.0298031 -0.0279572 -0.0257333 -0.0232436 -0.0206308 -0.0180123 -0.015473 -0.0130643 -0.010838 -0.00884348 -0.00710855 -0.00562581 -0.00437484 -0.00333808 -0.00249537 -0.00181459 -0.00128008 -0.000869827 -0.000570345 -0.000337362 -0.000151677 -2.30035e-05 5.30803e-05 9.18367e-05 0.000121179 0.000164933 0.000181896 0.000178833 0.000174678 0.000181289 0.000206736 0.000215827 0.000198815 0.000198945 0.000209316 0.000230933 0.000237105 0.00022085 0.000222847 0.000243505 0.000255228 0.000251146 0.000219087 0.000192162 0.000162206 9.57876e-05 -2.138e-05 -0.000190073 -0.000409888 -0.00069806 -0.00109773 -0.00162319 -0.00229733 -0.00313331 -0.00415848 -0.00539696 -0.00686543 -0.00858626 -0.0105696 -0.0127797 -0.0151623 -0.0176695 -0.0202542 -0.022823 -0.0252633 -0.0274399 -0.0292329 -0.0305456 -0.0312365 -0.0312061 -0.0303905 -0.0287209 -0.0261709 -0.0227478 -0.0185108 -0.0135638 -0.00799513 -0.00198804 0.0042135 0.0103318 0.0160706 0.0211257 0.0252384 0.0282084 0.0299127 0.0303188 0.0294799 0.0275468 0.0247542 0.0213425 0.0175881 0.0137912 0.0101829 0.00695071 0.0042256 0.00208384 0.000521077 -0.000493031 -0.00103197 -0.00117396 -0.00102972 -0.00071494 -0.000280177 0.000223843 0.000730884 0.00119404 0.0016035 0.00193213 0.00219097 0.00240714 0.00256327 0.00264319 0.00267903 0.00269232 0.00268786 0.00266566 0.00262715 0.00257434 0.00251891 0.00247594 0.00243254 0.00238898 0.00233509 0.00229423 0.00226713 0.00223971 0.00220762 0.00217898 0.00216383 0.00214413 0.00213888 0.00212859 0.00211754 
0 7.93391e-05 0.000161607 0.000241371 0.000316905 0.000409311 0.000493249 0.000572884 0.000662773 0.000757359 0.00084766 0.000940977 0.00104388 0.00113791 0.00123569 0.00133972 0.00143992 0.00153197 0.00161772 0.00168831 0.00173509 0.00175843 0.00174985 0.00168935 0.00155714 0.00135373 0.00108757 0.000749314 0.00031918 -0.000183256 -0.000731772 -0.00127677 -0.00175012 -0.00209559 -0.00225466 -0.00211601 -0.00154035 -0.000436332 0.00126831 0.00360657 0.00656402 0.0100744 0.014018 0.0181914 0.0223243 0.0261016 0.029222 0.0314282 0.0324774 0.0322012 0.0305315 0.0274874 0.0231731 0.0178061 0.0116775 0.00509972 -0.00161639 -0.00817654 -0.0143272 -0.0198632 -0.0246549 -0.0285894 -0.0315831 -0.0336224 -0.0347227 -0.0349458 -0.0343725 -0.0330994 -0.0312613 -0.0289818 -0.0263804 -0.0236044 -0.0207804 -0.0180043 -0.0153383 -0.0128438 -0.0105798 -0.00858166 -0.00685362 -0.00538319 -0.00415433 -0.00314637 -0.00232892 -0.00167945 -0.0011793 -0.00080329 -0.000509332 -0.000275912 -0.00010846 -2.95045e-06 5.62053e-05 0.000102564 0.000150759 0.000173413 0.00017223 0.000169796 0.000181002 0.000209986 0.00022203 0.000210061 0.000205689 0.000214988 0.000232864 0.000239085 0.000227074 0.00023048 0.000250243 0.00026197 0.000250323 0.000211907 0.000168265 0.000117088 2.54047e-05 -0.000125103 -0.000337943 -0.000615427 -0.000980812 -0.00147126 -0.0021118 -0.00292314 -0.00392251 -0.00513715 -0.00659052 -0.0082984 -0.0102791 -0.0125307 -0.0150093 -0.0176503 -0.0203911 -0.0231711 -0.0258912 -0.0284323 -0.0306587 -0.0324501 -0.0336977 -0.0342701 -0.0340663 -0.0330289 -0.0311014 -0.0282644 -0.0245267 -0.0199463 -0.0146189 -0.00864945 -0.00222086 0.00441537 0.0109777 0.0171587 0.0226408 0.0271384 0.0304243 0.0323647 0.0329152 0.0321289 0.0301583 0.0272405 0.0236322 0.0196265 0.015538 0.0116339 0.00811841 0.00513579 0.00276544 0.00102078 -0.000125269 -0.000750914 -0.000947502 -0.000835796 -0.000520432 -6.30119e-05 0.000474082 0.00101232 0.00150245 0.00193705 0.00229832 0.00258759 0.00281503 0.00296962 0.00305109 0.00309289 0.00311025 0.00310015 0.00306221 0.00301318 0.00295971 0.00290171 0.00284266 0.00278675 0.00274366 0.0026922 0.00263815 0.00259325 0.00256878 0.00254743 0.0025105 0.00247405 0.00245361 0.00246315 0.00245451 0.00242498 
0 9.07436e-05 0.000192077 0.000281905 0.000365765 0.000458228 0.000570148 0.000671753 0.000757359 0.000844182 0.000953376 0.00108191 0.0011908 0.00128072 0.00138322 0.00151611 0.00164439 0.00174438 0.00183058 0.00191727 0.00199144 0.00203239 0.00202152 0.0019546 0.00182626 0.00162696 0.00135339 0.000983418 0.000531968 8.91174e-06 -0.000549907 -0.00110525 -0.00159381 -0.00193622 -0.0020671 -0.00185922 -0.00120008 1.84474e-05 0.00186503 0.00437732 0.00754158 0.0112734 0.0154322 0.0198103 0.0241193 0.0280304 0.0312233 0.0334285 0.0344286 0.0340318 0.0321713 0.0288673 0.0242638 0.0185876 0.012136 0.0052472 -0.00177145 -0.00863622 -0.0150809 -0.0209082 -0.0259787 -0.030183 -0.0334466 -0.0357385 -0.0370989 -0.0375521 -0.0371691 -0.0360493 -0.0342999 -0.0320408 -0.0294137 -0.026549 -0.023587 -0.0206227 -0.0177369 -0.0149949 -0.012469 -0.0102172 -0.0082463 -0.0065512 -0.00512878 -0.00393981 -0.00296044 -0.00218028 -0.00156248 -0.00109137 -0.000731926 -0.000446913 -0.000240937 -0.000112862 -2.11993e-05 4.85576e-05 0.00011161 0.000154099 0.000162113 0.00015778 0.000172573 0.000188228 0.00019748 0.000191492 0.00018748 0.000204414 0.00023157 0.000235372 0.000230656 0.000225745 0.00023036 0.000234176 0.000213461 0.000165889 0.000118508 4.49996e-05 -7.6518e-05 -0.000266209 -0.000542021 -0.000901117 -0.00135551 -0.00195809 -0.00272222 -0.00367276 -0.00484812 -0.00626266 -0.00794111 -0.00990437 -0.0121444 -0.0146468 -0.0173631 -0.020215 -0.0231365 -0.0260486 -0.0288602 -0.031427 -0.0336185 -0.0353219 -0.0364168 -0.0367948 -0.0363874 -0.0351154 -0.0329497 -0.0298624 -0.025864 -0.0210076 -0.0153886 -0.00913797 -0.00242721 0.00450812 0.0113784 0.0178906 0.0237153 0.0285236 0.0320738 0.0342151 0.0349203 0.0342218 0.0322745 0.0293093 0.0255906 0.02142 0.0171256 0.0130028 0.00928081 0.00609936 0.00354597 0.00164856 0.000375762 -0.000333503 -0.000595581 -0.000512136 -0.000201005 0.000266151 0.000812202 0.00135945 0.00187394 0.00233156 0.0027209 0.00302241 0.0032442 0.00339436 0.00348491 0.00353159 0.00354149 0.0035132 0.0034637 0.00340587 0.00334951 0.00328853 0.00321679 0.00315083 0.00309247 0.00304795 0.00299511 0.00294293 0.00290134 0.00287191 0.00284689 0.00280965 0.00278562 0.00277208 0.00276434 0.00274601 
0 9.94652e-05 0.000203537 0.000312079 0.000406991 0.000511034 0.00062393 0.000740962 0.00084766 0.000953376 0.00107977 0.00120711 0.00133132 0.00145014 0.00157917 0.00171762 0.00184743 0.00196465 0.00207288 0.00217674 0.00226177 0.00230203 0.00229477 0.00223532 0.002119 0.00193397 0.00164369 0.00126426 0.000801117 0.000293199 -0.000254265 -0.000809713 -0.00129719 -0.00164688 -0.00172378 -0.00145533 -0.000717223 0.000579431 0.00252219 0.00516174 0.00846449 0.0123534 0.0166594 0.0211551 0.0255409 0.0294948 0.0327095 0.0348924 0.0357817 0.0352506 0.0332139 0.0297237 0.0249008 0.019005 0.0123614 0.0052813 -0.0019133 -0.00893848 -0.015559 -0.0215903 -0.0268653 -0.0312826 -0.0347748 -0.0373329 -0.0389413 -0.0396644 -0.0395334 -0.0386243 -0.0370373 -0.0348987 -0.0323137 -0.0294418 -0.0264039 -0.0233131 -0.0202476 -0.0172988 -0.0145474 -0.0120412 -0.00982217 -0.00789858 -0.00624346 -0.00486109 -0.0037253 -0.00278787 -0.00206264 -0.00148862 -0.00103102 -0.0006839 -0.000424775 -0.000240305 -0.000131006 -3.09854e-05 4.39948e-05 9.28929e-05 0.000113559 0.000124391 0.00013262 0.000158052 0.000163544 0.000161345 0.00016028 0.000179921 0.000194252 0.000208978 0.000197686 0.000191311 0.000195316 0.000190206 0.000156104 0.000111539 2.4205e-05 -7.93168e-05 -0.000241396 -0.000494373 -0.000827286 -0.00125731 -0.0018276 -0.0025355 -0.00344785 -0.004579 -0.00593961 -0.00757332 -0.00949158 -0.0116913 -0.014178 -0.0169112 -0.019824 -0.0228425 -0.0258847 -0.0288745 -0.0316893 -0.0342164 -0.0363049 -0.0378327 -0.0387044 -0.038851 -0.0381767 -0.0366689 -0.0342699 -0.0309593 -0.0267469 -0.0217048 -0.0159094 -0.00948895 -0.00261367 0.00448468 0.0115639 0.0182951 0.0243377 0.029382 0.0331528 0.0354986 0.0363352 0.0357481 0.0338766 0.0309228 0.0271586 0.0229095 0.0185058 0.0142605 0.0103883 0.00707366 0.004397 0.00239109 0.00102926 0.000228306 -8.33104e-05 -4.56913e-05 0.000260688 0.000714286 0.00124045 0.00178477 0.00230455 0.0027822 0.00317543 0.00347665 0.00368921 0.00384167 0.00394741 0.00399505 0.00398498 0.0039416 0.00388635 0.00383375 0.00376398 0.00368354 0.0036037 0.00352883 0.00346346 0.0033977 0.00334968 0.00329433 0.00323901 0.00319414 0.00316628 0.003152 0.00311695 0.00308566 0.0030673 0.00307559 
0 0.000110904 0.000221445 0.000334552 0.000466879 0.000575113 0.000685818 0.000803077 0.000940977 0.00108191 0.00120711 0.00132823 0.00146294 0.00162888 0.00177994 0.00191387 0.00204818 0.00219357 0.00232877 0.00244659 0.00253591 0.00259194 0.0026012 0.00255815 0.00245633 0.00227518 0.00200477 0.00162584 0.00118409 0.000676072 0.000141788 -0.000389923 -0.00086505 -0.00118613 -0.00124592 -0.000923235 -0.000141669 0.00121397 0.00321498 0.00591563 0.00929862 0.0132604 0.0176077 0.0221311 0.0265308 0.0304796 0.0336431 0.0357253 0.0365319 0.0358785 0.0337069 0.0300635 0.0251292 0.0191341 0.0123805 0.00522347 -0.0020274 -0.00911923 -0.0157991 -0.0219152 -0.0273165 -0.0319015 -0.0356041 -0.0383736 -0.0402578 -0.0412563 -0.0414112 -0.0408042 -0.039476 -0.0375164 -0.0350694 -0.0322444 -0.0291954 -0.026032 -0.0228588 -0.0197491 -0.0167934 -0.0140653 -0.0116017 -0.00942449 -0.00755261 -0.0059546 -0.00462509 -0.00354726 -0.00267813 -0.00198405 -0.00144246 -0.0010072 -0.000674754 -0.000446778 -0.000274344 -0.000150762 -7.15274e-05 -7.35244e-06 1.81683e-05 3.01332e-05 6.61556e-05 8.66685e-05 0.00010505 0.000116377 0.000104556 0.000113881 0.000126116 0.000120071 0.000127823 0.000126233 0.000122461 0.000117712 6.95054e-05 -1.17769e-05 -0.000117857 -0.000276349 -0.000494228 -0.000792441 -0.0012025 -0.00173045 -0.00239908 -0.0032583 -0.00433369 -0.00564147 -0.00722718 -0.00908748 -0.0112334 -0.013674 -0.0163772 -0.0192954 -0.0223728 -0.0255144 -0.0286332 -0.0316175 -0.0343774 -0.036756 -0.0386425 -0.0399441 -0.0405464 -0.0403982 -0.03947 -0.0376899 -0.035063 -0.0315671 -0.0272226 -0.022072 -0.0161806 -0.00970086 -0.00276668 0.00441424 0.0115631 0.0183911 0.024569 0.0297451 0.0336648 0.0361565 0.0371738 0.0367133 0.0349152 0.032003 0.0282777 0.0240546 0.0196358 0.0153337 0.0113964 0.00800187 0.00525809 0.00320387 0.00178443 0.000944509 0.000565334 0.000570421 0.000848541 0.00129054 0.00180136 0.00232456 0.00284161 0.00329773 0.00368702 0.00398242 0.00419287 0.00433662 0.00442836 0.00446068 0.00444339 0.00439191 0.00433088 0.00426124 0.00417697 0.00408374 0.0039915 0.00392109 0.00383734 0.00376433 0.00369646 0.00364645 0.00359372 0.00353599 0.0035017 0.00347283 0.00345698 0.00341431 0.00339841 0.00340089 
0 0.000132925 0.000246668 0.000374832 0.000519477 0.000648093 0.000764133 0.000894918 0.00104388 0.0011908 0.00133132 0.00146294 0.00161488 0.00179045 0.00195027 0.00209884 0.00225919 0.0024323 0.00258593 0.00271711 0.00283372 0.00291522 0.0029597 0.00294063 0.002848 0.00268664 0.00243045 0.00209549 0.00166646 0.00117403 0.000647489 0.000138071 -0.000293306 -0.000598787 -0.000620456 -0.000292392 0.000507762 0.00188029 0.00389859 0.00660498 0.00996631 0.0139099 0.0182378 0.0227123 0.0270342 0.0308983 0.0339999 0.0360176 0.0366933 0.035935 0.0336712 0.0299773 0.0249917 0.0189724 0.0122367 0.0050961 -0.00212683 -0.00916762 -0.0158251 -0.0219587 -0.0274005 -0.0320723 -0.0359226 -0.0389283 -0.0410629 -0.0423777 -0.0428695 -0.0425817 -0.0415551 -0.0398803 -0.0376349 -0.0349625 -0.0319767 -0.0288046 -0.0255497 -0.0223181 -0.0192041 -0.0162703 -0.0135876 -0.0111934 -0.00907347 -0.00725781 -0.00573737 -0.00445692 -0.0034401 -0.00260808 -0.00193639 -0.00142552 -0.00102949 -0.000729668 -0.00053017 -0.00035924 -0.000246304 -0.000161987 -0.000107056 -7.18074e-05 -5.29235e-05 -2.97444e-05 -2.39803e-05 -1.25316e-05 -8.68321e-06 1.27874e-05 1.77489e-05 3.01541e-05 2.2304e-05 6.6393e-06 -9.89115e-06 -4.15886e-05 -0.00011019 -0.000187438 -0.000340307 -0.000534869 -0.000807789 -0.0011988 -0.00169493 -0.00232886 -0.00315447 -0.00415125 -0.00540446 -0.00692183 -0.00870765 -0.0107974 -0.013181 -0.015839 -0.01875 -0.0218397 -0.0250279 -0.0282263 -0.0313356 -0.034258 -0.0368601 -0.0390434 -0.0406774 -0.0416625 -0.0419326 -0.0414815 -0.0402446 -0.0382321 -0.0354082 -0.0317617 -0.0273113 -0.0221246 -0.016242 -0.00978137 -0.00287785 0.00426621 0.0114199 0.01825 0.0244255 0.0296552 0.0336713 0.0362992 0.0374058 0.0370581 0.035381 0.0325686 0.0289241 0.0247787 0.0204298 0.0161783 0.0122443 0.00885155 0.00610376 0.00404092 0.00261602 0.00174197 0.00135074 0.00131218 0.00157163 0.00198871 0.00248165 0.0030002 0.00348635 0.00391576 0.00427173 0.00456383 0.00476716 0.00488667 0.00494034 0.00493888 0.00491587 0.0048697 0.0047854 0.00468277 0.00457801 0.00448799 0.00439822 0.00430743 0.00421844 0.00413383 0.00406461 0.00400045 0.0039523 0.00390308 0.00384622 0.00380524 0.0037837 0.00376809 0.0037439 0.00372613 
0 0.000145332 0.000275519 0.000404215 0.000554454 0.00068705 0.000840285 0.000995299 0.00113791 0.00128072 0.00145014 0.00162888 0.00179045 0.00196422 0.00213755 0.00231857 0.00250587 0.00269283 0.00285874 0.00301468 0.00314854 0.00325327 0.00332485 0.00334199 0.00328242 0.00313814 0.00292351 0.00262479 0.00225764 0.00179894 0.00129988 0.000818296 0.000406779 0.000134451 0.000109779 0.000435926 0.00120244 0.00253781 0.00450361 0.00714034 0.0104292 0.0142831 0.0184917 0.0228459 0.0270506 0.0308037 0.033788 0.0356903 0.0363087 0.0354809 0.0331622 0.0294356 0.0245001 0.0185742 0.0119332 0.00490597 -0.00220139 -0.00914783 -0.0156989 -0.0217453 -0.0271573 -0.0318727 -0.0358519 -0.0390375 -0.0414467 -0.0430645 -0.0438965 -0.0439859 -0.0433222 -0.0419573 -0.0400017 -0.0375342 -0.0346867 -0.031576 -0.0283236 -0.0250199 -0.0217761 -0.0186746 -0.0157884 -0.0131636 -0.0108276 -0.008777 -0.00702828 -0.00556173 -0.00435716 -0.00336914 -0.00258855 -0.00197152 -0.00148829 -0.00112531 -0.000841449 -0.000625846 -0.00048864 -0.000374155 -0.000305309 -0.000263667 -0.000220004 -0.000204778 -0.000188759 -0.000162727 -0.000164636 -0.000148882 -0.000142283 -0.0001482 -0.000140808 -0.000157745 -0.000195628 -0.000242775 -0.000339004 -0.000464279 -0.000644656 -0.000902452 -0.00124688 -0.00170572 -0.00231237 -0.00308428 -0.00405156 -0.00523596 -0.00668085 -0.00839556 -0.0104179 -0.0127381 -0.0153425 -0.0182108 -0.0212881 -0.0244842 -0.0277321 -0.030932 -0.0339846 -0.036762 -0.0391674 -0.0410614 -0.0423623 -0.0430071 -0.0429241 -0.0421245 -0.0406109 -0.0383442 -0.0353406 -0.0315878 -0.0271127 -0.021945 -0.0161125 -0.00975518 -0.00296889 0.0040684 0.0111008 0.0178403 0.0239774 0.0291861 0.0332147 0.0358738 0.0370858 0.0368449 0.0352775 0.0325856 0.0290795 0.0250711 0.0208348 0.016686 0.0128703 0.00957685 0.0068998 0.0048791 0.003473 0.00263697 0.00225137 0.00222071 0.00244772 0.00282707 0.00328446 0.00377089 0.00423462 0.00461115 0.00492972 0.00518476 0.00536369 0.00546055 0.0054907 0.00546437 0.00541953 0.00535889 0.00526267 0.00513657 0.00501421 0.00491691 0.0048154 0.00470986 0.00459756 0.0045197 0.00443995 0.00436129 0.00430166 0.00425466 0.00420463 0.00414229 0.004124 0.00410452 0.00408892 0.00406237 
0 0.00015421 0.000299552 0.000446128 0.000596796 0.000738492 0.000913236 0.00109039 0.00123569 0.00138322 0.00157917 0.00177994 0.00195027 0.00213755 0.00233841 0.00254404 0.00274679 0.00295217 0.00314945 0.00333549 0.00350221 0.00363166 0.00373882 0.00379763 0.00378262 0.00368765 0.00350796 0.00326305 0.0029438 0.00254102 0.00207747 0.00161977 0.00123098 0.000956543 0.000919789 0.00118822 0.00187638 0.00311527 0.00497238 0.00747129 0.0105871 0.0142622 0.0183098 0.022501 0.026545 0.0301517 0.0330248 0.0348441 0.0353791 0.0345275 0.0322332 0.0285795 0.0237389 0.0179482 0.0114856 0.00464755 -0.00226721 -0.00901393 -0.0154036 -0.0213306 -0.026667 -0.0313758 -0.0354349 -0.0387999 -0.0414413 -0.0433676 -0.0445567 -0.0450175 -0.0447394 -0.0437637 -0.0421442 -0.0399684 -0.037329 -0.0343477 -0.0311491 -0.0278408 -0.024528 -0.0212906 -0.0182213 -0.0153864 -0.012806 -0.0105264 -0.00856592 -0.00688885 -0.00550579 -0.0043492 -0.00340629 -0.00266806 -0.00207953 -0.00161894 -0.00127816 -0.0010113 -0.000836791 -0.000699732 -0.000596241 -0.00052343 -0.000476103 -0.00044817 -0.00043073 -0.000402731 -0.000393565 -0.000380221 -0.000387791 -0.000390093 -0.000396068 -0.000423609 -0.000471124 -0.000544839 -0.000666764 -0.000817772 -0.00106596 -0.00139774 -0.001831 -0.00240215 -0.00311712 -0.00401867 -0.00515644 -0.00651878 -0.0081764 -0.0101328 -0.0123864 -0.0149365 -0.017746 -0.0207779 -0.0239783 -0.0272477 -0.0305009 -0.0336378 -0.0365519 -0.0391252 -0.0412362 -0.0428005 -0.04374 -0.0439977 -0.0435433 -0.0424131 -0.0405955 -0.0381035 -0.0349403 -0.0311072 -0.02663 -0.0215449 -0.0158554 -0.00965604 -0.00304352 0.00381422 0.0106864 0.0172665 0.0232508 0.0283619 0.03235 0.0350179 0.0362379 0.0360601 0.0346096 0.0320602 0.0287019 0.0248498 0.0207933 0.0168371 0.013205 0.0100841 0.00754896 0.00563511 0.00432159 0.0035533 0.00322853 0.00321381 0.00344044 0.00379159 0.00420972 0.00466494 0.00508673 0.00542632 0.00569208 0.00589852 0.00602362 0.00608177 0.00609611 0.00604868 0.00595994 0.00585008 0.00573554 0.00561497 0.00548026 0.00534868 0.005223 0.00510807 0.00499594 0.00490788 0.00482257 0.0047296 0.00465654 0.00460576 0.0045586 0.00450707 0.00447333 0.00443991 0.00441952 0.00441317 
0 0.000160942 0.000318431 0.000485647 0.000659577 0.000810258 0.000982218 0.00116651 0.00133972 0.00151611 0.00171762 0.00191387 0.00209884 0.00231857 0.00254404 0.00276195 0.00298602 0.003221 0.00344354 0.00366272 0.00387859 0.00406167 0.00420518 0.00430262 0.00434984 0.00432871 0.00422057 0.00402694 0.0037539 0.00339203 0.00296992 0.00254277 0.00215179 0.0018439 0.00173454 0.00190551 0.00246487 0.00355098 0.00523085 0.00751996 0.0103999 0.0138266 0.0176365 0.0216241 0.0254989 0.0289552 0.0316927 0.0334218 0.0339472 0.033143 0.0309418 0.0274164 0.0227502 0.0171665 0.0109307 0.00433658 -0.00233228 -0.00884966 -0.015028 -0.0207759 -0.0259936 -0.0306584 -0.0347586 -0.0382479 -0.0411033 -0.0433143 -0.0448552 -0.0457167 -0.0458601 -0.0452964 -0.0440717 -0.0422358 -0.0398688 -0.0370854 -0.0340121 -0.030752 -0.027416 -0.0240915 -0.0208811 -0.0178617 -0.0150732 -0.0125625 -0.0103656 -0.00846641 -0.00686907 -0.00552389 -0.00442609 -0.00355255 -0.00284976 -0.00229028 -0.00185663 -0.00152499 -0.00130403 -0.00112918 -0.000996364 -0.000900227 -0.0008331 -0.000798086 -0.000770083 -0.000732125 -0.000721228 -0.000714371 -0.000728352 -0.000740636 -0.000747781 -0.000784052 -0.000855962 -0.000961095 -0.00112233 -0.00132788 -0.00163493 -0.00204821 -0.00257809 -0.00325615 -0.00410868 -0.005177 -0.0065011 -0.00807555 -0.00995224 -0.0121319 -0.0146142 -0.0173747 -0.0203636 -0.0235331 -0.0268159 -0.0301008 -0.0333032 -0.0363187 -0.0390356 -0.0413288 -0.0430943 -0.0442571 -0.0447819 -0.0446425 -0.0438223 -0.0423636 -0.0402782 -0.0375763 -0.0342822 -0.0304107 -0.0259871 -0.0210171 -0.0154863 -0.00948253 -0.00308813 0.00353963 0.0101707 0.0165207 0.0223057 0.0272482 0.0311062 0.0336891 0.0348962 0.0347573 0.0333875 0.0309614 0.0277691 0.0241171 0.0202836 0.0165655 0.0131788 0.0102884 0.00796239 0.00623419 0.00508583 0.00445815 0.00422371 0.00426412 0.00451772 0.0048819 0.0052845 0.00569488 0.00606392 0.00634792 0.00656187 0.00670791 0.00676935 0.00676621 0.006734 0.00665617 0.00652925 0.00637103 0.0062229 0.00609431 0.00595049 0.00578786 0.00563491 0.00551617 0.005403 0.00530155 0.00520084 0.00510691 0.00503063 0.00496611 0.00491351 0.00486974 0.00483714 0.00478539 0.00475956 0.00476804 
0 0.000172823 0.00033591 0.000515239 0.000715976 0.000881526 0.00104769 0.00123586 0.00143992 0.00164439 0.00184743 0.00204818 0.00225919 0.00250587 0.00274679 0.00298602 0.00324681 0.00351268 0.00375794 0.00401585 0.00428962 0.00453125 0.004719 0.0048684 0.00498702 0.00504492 0.00501765 0.00488432 0.00466081 0.00434239 0.00396189 0.0035482 0.00311792 0.0027376 0.00251652 0.00254725 0.00291918 0.00377565 0.00519421 0.00719946 0.00979128 0.0129303 0.0164687 0.0202152 0.0238942 0.0272063 0.0298497 0.0315392 0.0320945 0.031376 0.0293233 0.0259867 0.0215465 0.0162192 0.0102604 0.0039582 -0.00242325 -0.00867535 -0.014619 -0.0201644 -0.0252314 -0.0298116 -0.0339175 -0.0375051 -0.0405564 -0.0430336 -0.0449037 -0.0461402 -0.0466957 -0.0465639 -0.0457793 -0.0443462 -0.0423214 -0.0397996 -0.0369069 -0.0337489 -0.0304403 -0.0270782 -0.0237706 -0.0206002 -0.0176246 -0.0148943 -0.0124596 -0.010329 -0.00849924 -0.00694566 -0.00567028 -0.00464359 -0.00381401 -0.00314802 -0.0026137 -0.00220696 -0.00191998 -0.00169026 -0.00151294 -0.00138714 -0.00130228 -0.00126619 -0.00123268 -0.00118791 -0.0011675 -0.00115838 -0.00116936 -0.00119053 -0.00120827 -0.0012685 -0.00137845 -0.00152708 -0.00173101 -0.00199524 -0.00236568 -0.00287103 -0.00351423 -0.00432181 -0.00533391 -0.00659081 -0.00811808 -0.00991882 -0.0120193 -0.0144206 -0.0171176 -0.0200654 -0.0232047 -0.0264778 -0.0298015 -0.0330552 -0.0361437 -0.0389617 -0.0414043 -0.0433527 -0.0447305 -0.0454759 -0.0455822 -0.0450413 -0.0438532 -0.0420695 -0.0397344 -0.0368581 -0.0334794 -0.0296061 -0.0252579 -0.0204191 -0.0150703 -0.00928938 -0.00315373 0.00319754 0.009545 0.015627 0.0211678 0.0258925 0.0295684 0.0319998 0.0331174 0.032955 0.0316346 0.0293216 0.0262907 0.0228431 0.0192583 0.0158192 0.0127327 0.0101373 0.00809807 0.00663432 0.00571426 0.00527449 0.0051764 0.00532425 0.00564652 0.00605148 0.00645386 0.00682304 0.00713783 0.00736576 0.00752328 0.00760063 0.00759516 0.00752589 0.00742298 0.00728818 0.00712815 0.00694456 0.00675561 0.00657761 0.00640733 0.00623783 0.00607634 0.00593923 0.00580506 0.00568974 0.00557969 0.00548779 0.00541202 0.00533625 0.00526828 0.0052193 0.00519657 0.00514945 0.00512071 0.00512046 
0 0.000190485 0.000358996 0.000542182 0.000746378 0.000933132 0.00111534 0.0013185 0.00153197 0.00174438 0.00196465 0.00219357 0.0024323 0.00269283 0.00295217 0.003221 0.00351268 0.00380991 0.00410526 0.00440828 0.00472564 0.00501124 0.00527477 0.00551251 0.00570581 0.00583872 0.00587825 0.00582846 0.00566199 0.00539829 0.00503627 0.00458846 0.00408036 0.00357532 0.00320392 0.00302826 0.00314907 0.00369539 0.00477365 0.00643713 0.00870008 0.0115212 0.0147757 0.018262 0.0217402 0.0249209 0.0275099 0.0292226 0.0298406 0.029266 0.0274118 0.0243243 0.0201531 0.0151227 0.00948459 0.00350188 -0.00257096 -0.00851995 -0.0142152 -0.0195495 -0.0244526 -0.0289334 -0.0330104 -0.0366692 -0.0398612 -0.0425738 -0.0447541 -0.0463438 -0.0473029 -0.0476192 -0.0472719 -0.0462787 -0.0446448 -0.0424529 -0.0398126 -0.0368337 -0.0336147 -0.0302618 -0.0268908 -0.0236024 -0.0204486 -0.0175194 -0.014866 -0.0124992 -0.0104444 -0.00867719 -0.00719347 -0.00599619 -0.00501378 -0.00420364 -0.00356635 -0.00307009 -0.002708 -0.00243398 -0.00220678 -0.00203714 -0.00193593 -0.00186956 -0.0018215 -0.00177447 -0.00174225 -0.00174274 -0.00177146 -0.00179285 -0.00183325 -0.0019144 -0.0020489 -0.00224978 -0.00250827 -0.00283771 -0.00331058 -0.00392507 -0.00469572 -0.00565887 -0.00683346 -0.00828054 -0.0100303 -0.0120563 -0.0143884 -0.0170238 -0.0199201 -0.0230367 -0.026291 -0.0296115 -0.032909 -0.0360681 -0.0389788 -0.0415418 -0.043654 -0.0452265 -0.046167 -0.0464795 -0.0461647 -0.0452232 -0.0436875 -0.0416199 -0.039053 -0.0360434 -0.0326077 -0.0287637 -0.0245046 -0.0198113 -0.0146683 -0.00911712 -0.0032582 0.00278238 0.00882441 0.0146098 0.0198587 0.0243157 0.0277462 0.0299851 0.0309408 0.0307023 0.0293833 0.0271474 0.0242581 0.0210098 0.0176891 0.0145507 0.0117934 0.009551 0.00786928 0.00674135 0.00612173 0.00591699 0.00602967 0.00634339 0.00679455 0.00726309 0.00767927 0.0080331 0.00830116 0.00848608 0.00857201 0.00857274 0.00848582 0.00834882 0.00817821 0.00797043 0.0077568 0.00754176 0.0073185 0.00708363 0.00686871 0.00669167 0.00653103 0.00636365 0.00620141 0.00607169 0.00596553 0.0058656 0.00578316 0.00570867 0.00562993 0.00557405 0.00554589 0.00552142 0.00549151 0.00547478 
