0 0 0 0 0 0 0 0 0 0 0 0 0 0 0 0 0 0 0 0 0 0 0 0 0 0 0 0 0 0 0 0 0 0 0 0 0 0 0 0 0 0 0 0 0 0 0 0 0 0 0 0 0 0 0 0 0 0 0 0 0 0 0 0 0 0 0 0 0 0 0 0 0 0 0 0 0 0 0 0 0 0 0 0 0 0 0 0 0 0 0 0 0 0 0 0 0 0 0 0 0 0 0 0 0 0 0 0 0 0 0 0 0 0 0 0 0 0 0 0 0 0 0 0 0 0 0 0 0 0 0 0 0 0 0 0 0 0 0 0 0 0 0 0 0 0 0 0 0 0 0 0 0 0 0 0 0 0 0 0 0 0 0 0 0 0 0 0 0 0 0 0 0 0 0 0 0 0 0 0 0 0 0 0 0 0 0 0 0 0 0 0 0 0 0 0 0 0 0 0 
0 -1.26418e-05 9.80294e-06 4.17181e-05 4.60621e-05 2.9833e-05 3.33382e-05 6.42049e-05 8.5948e-05 8.03763e-05 6.75011e-05 8.46496e-05 0.000113337 0.000121941 0.000110617 0.000108159 0.000124337 0.000134565 0.000132566 0.000108278 9.03358e-05 7.89133e-05 5.33183e-05 -2.63508e-06 -7.57552e-05 -0.000147343 -0.00024018 -0.000346568 -0.000474769 -0.000610879 -0.000742818 -0.000864544 -0.000973843 -0.00105307 -0.00107132 -0.00101502 -0.000880997 -0.000663467 -0.000349555 6.96706e-05 0.000588869 0.00117328 0.00181516 0.0024591 0.00308935 0.00369174 0.00424128 0.00469189 0.00499545 0.00515493 0.0051682 0.00504335 0.00477081 0.00435235 0.00378881 0.00308406 0.00226307 0.00137848 0.000431823 -0.000532569 -0.00148659 -0.00239745 -0.00323208 -0.00395445 -0.00452578 -0.00492969 -0.00516871 -0.00524837 -0.00518606 -0.00500788 -0.00472468 -0.0043649 -0.00393986 -0.00347096 -0.0029887 -0.00253648 -0.00211264 -0.00173759 -0.00140812 -0.00112675 -0.000885411 -0.000685661 -0.000514739 -0.000379806 -0.000269119 -0.000187165 -0.000119576 -7.79432e-05 -4.76672e-05 -2.18458e-05 -3.95403e-06 4.98885e-06 1.43131e-05 1.12722e-05 1.91171e-05 2.44352e-05 2.02401e-05 1.95561e-05 2.13649e-05 2.03311e-05 2.87807e-05 2.34307e-05 2.05212e-05 2.63497e-05 2.87377e-05 2.7852e-05 2.73791e-05 1.83522e-05 2.173e-05 2.05281e-05 9.98408e-06 -7.0786e-06 -2.70057e-05 -5.87053e-05 -0.000100334 -0.000168225 -0.000255256 -0.000365539 -0.000493651 -0.000658341 -0.000852104 -0.00108747 -0.00137187 -0.00171127 -0.00209229 -0.00251995 -0.00296877 -0.00343495 -0.00389193 -0.00431514 -0.00467171 -0.00495492 -0.00513493 -0.00518632 -0.00509269 -0.00484222 -0.00442357 -0.00384456 -0.00312331 -0.0022949 -0.00139077 -0.000449099 0.000485448 0.00140397 0.00225708 0.0030311 0.00369963 0.0042374 0.00464185 0.00492272 0.00506832 0.0050779 0.00493382 0.00465788 0.00425788 0.00375997 0.00319675 0.00259302 0.00197475 0.00134798 0.000769218 0.000264661 -0.000143346 -0.00045474 -0.000683594 -0.000836836 -0.000898579 -0.000877457 -0.000797175 -0.000695631 -0.000587628 -0.000468861 -0.000337501 -0.000199726 -8.7907e-05 9.07378e-07 6.26189e-05 0.000128317 0.000196535 0.000241197 0.000257117 0.000264389 0.000283256 0.000297695 0.000307584 0.000301493 0.000290739 0.000291402 0.000299466 0.000294389 0.000280207 0.000276661 0.000278756 0.000279625 0.000273556 0.000265627 0.000263044 0.000271873 0.000274475 0.000264189 
0 9.80294e-06 3.01215e-05 5.78709e-05 6.72251e-05 8.11292e-05 9.2858e-05 0.000120187 0.000140495 0.000152961 0.000165809 0.00018409 0.000216421 0.000222412 0.000233887 0.00024505 0.000259741 0.000262546 0.000250377 0.000230842 0.000190586 0.000159499 8.5965e-05 -2.5654e-05 -0.000155795 -0.000301958 -0.000481946 -0.0007097 -0.000956494 -0.00122699 -0.00148229 -0.00171405 -0.00192455 -0.00207464 -0.00211836 -0.00201157 -0.00173646 -0.00129176 -0.000660387 0.000173298 0.00119775 0.00236881 0.00363339 0.00493293 0.00620231 0.00740477 0.00846724 0.00932311 0.00993729 0.0102613 0.0102752 0.0099945 0.00942487 0.00856974 0.00744001 0.00604857 0.00444977 0.0026875 0.000824598 -0.00107575 -0.0029621 -0.00475924 -0.00639912 -0.00781595 -0.00895192 -0.00975991 -0.010239 -0.0104225 -0.0103129 -0.00994385 -0.00939111 -0.00866564 -0.00782525 -0.00691714 -0.00598745 -0.00509978 -0.00426926 -0.00350961 -0.00284071 -0.0022562 -0.00177725 -0.00137245 -0.00103543 -0.000776654 -0.000554856 -0.000379218 -0.000254377 -0.000152614 -8.95386e-05 -4.44898e-05 2.35152e-06 1.99774e-05 2.65483e-05 3.62412e-05 4.16965e-05 4.91885e-05 5.36002e-05 4.43737e-05 4.68965e-05 5.82813e-05 5.93913e-05 5.3858e-05 5.32579e-05 5.19051e-05 6.39867e-05 6.90508e-05 5.44436e-05 5.11993e-05 5.40474e-05 4.18438e-05 2.88582e-05 -1.18283e-05 -6.62957e-05 -0.000117933 -0.000212729 -0.000343703 -0.000505778 -0.000726168 -0.000989489 -0.00132026 -0.00173323 -0.0022134 -0.00278919 -0.00345128 -0.00420118 -0.00503004 -0.00591263 -0.00684498 -0.00776264 -0.00859139 -0.00931099 -0.00984984 -0.0101848 -0.0102823 -0.0100846 -0.00957534 -0.00874915 -0.00760105 -0.0061765 -0.00454478 -0.00277603 -0.000925103 0.000930296 0.00272141 0.00440896 0.00594671 0.0072816 0.00836546 0.00919696 0.00976627 0.0100536 0.0100684 0.00982305 0.00929351 0.00850202 0.00751302 0.00639146 0.00519865 0.00395594 0.00272487 0.00158549 0.000579692 -0.000255238 -0.000895483 -0.00134846 -0.00163287 -0.00175662 -0.00172757 -0.00159884 -0.00140403 -0.00117352 -0.00092772 -0.000661971 -0.00042049 -0.000197782 -1.30159e-05 0.000138624 0.000272514 0.000383699 0.000466627 0.000501963 0.000546573 0.000579627 0.000595207 0.000600591 0.000595247 0.000593053 0.000589966 0.00059655 0.000577786 0.000564815 0.000566954 0.000564588 0.000556578 0.000547599 0.000546581 0.000538539 0.000542286 0.000541106 0.000532149 
0 4.17181e-05 5.78709e-05 6.07289e-05 8.98578e-05 0.00013807 0.000168159 0.000174207 0.000187536 0.000230854 0.000266308 0.000290347 0.000300637 0.000319997 0.000353073 0.000381708 0.000389063 0.000372687 0.000376592 0.00035244 0.000306699 0.000231904 0.0001225 -3.04575e-05 -0.000219207 -0.000435396 -0.00073179 -0.00105912 -0.00142591 -0.00181702 -0.0022082 -0.00256669 -0.00287107 -0.0030825 -0.00313443 -0.00297986 -0.00258027 -0.00190382 -0.000932838 0.000328327 0.00185733 0.00358253 0.0054953 0.00744065 0.00933348 0.0110985 0.0126609 0.0139214 0.0147768 0.0152225 0.0152236 0.0147821 0.0138887 0.0125822 0.0108939 0.00884021 0.00647389 0.00391289 0.00116422 -0.00164281 -0.00440935 -0.00703221 -0.00942335 -0.0114979 -0.0131639 -0.0143734 -0.0151187 -0.0154013 -0.0152571 -0.0147566 -0.0139452 -0.0129102 -0.0116969 -0.0103666 -0.00899715 -0.00769499 -0.00645553 -0.00533423 -0.00433341 -0.00346893 -0.00273004 -0.00212125 -0.00160886 -0.00120482 -0.000871089 -0.000615211 -0.000402968 -0.000262959 -0.000160594 -7.70661e-05 -1.8867e-05 1.05133e-05 3.66293e-05 3.24528e-05 5.58152e-05 7.27891e-05 6.41856e-05 6.13516e-05 6.55335e-05 6.48071e-05 8.69467e-05 7.37847e-05 6.56487e-05 7.9141e-05 8.59099e-05 8.4188e-05 8.18945e-05 5.89496e-05 6.57242e-05 5.75164e-05 2.05044e-05 -4.02589e-05 -0.000112577 -0.000214976 -0.000345468 -0.000546551 -0.00080552 -0.00113939 -0.00153846 -0.00205163 -0.00265955 -0.00338643 -0.00424626 -0.00524944 -0.00636267 -0.00760089 -0.00890283 -0.0102551 -0.0115796 -0.0127982 -0.0138172 -0.0146068 -0.015086 -0.015188 -0.0148703 -0.0141064 -0.0128706 -0.0111836 -0.0090985 -0.00671225 -0.00411206 -0.00140132 0.00129772 0.0039488 0.00642257 0.00868249 0.0106609 0.0122869 0.0135397 0.0144256 0.0149048 0.0149757 0.0146043 0.0138486 0.0127241 0.0112856 0.00961684 0.00780913 0.00596817 0.00413516 0.00244111 0.000929915 -0.000334617 -0.00130838 -0.00199142 -0.00241387 -0.00258699 -0.00256395 -0.00238574 -0.00210372 -0.00174912 -0.00136006 -0.00098148 -0.000623488 -0.00030983 -8.01857e-06 0.000229598 0.000423015 0.000575046 0.000682517 0.000763365 0.000829801 0.000878657 0.000880336 0.000889012 0.000897126 0.000895731 0.000888536 0.00088168 0.000865163 0.000854645 0.000859956 0.000846176 0.000827336 0.000824457 0.000828754 0.000815383 0.000806371 0.00080439 0.000803364 
0 4.60621e-05 6.72251e-05 8.98578e-05 0.000119374 0.000177553 0.00020746 0.000231188 0.000260132 0.000309057 0.000354151 0.000376601 0.000412599 0.000435943 0.000481553 0.000505233 0.0005087 0.000503511 0.000502816 0.000484387 0.000398631 0.000304208 0.000162549 -2.23713e-05 -0.000263399 -0.000579272 -0.000969426 -0.00140892 -0.0018652 -0.00238592 -0.00292206 -0.00341435 -0.00381665 -0.00406711 -0.00411794 -0.00390717 -0.00336967 -0.00246094 -0.00114951 0.000555908 0.00260133 0.00490695 0.00739813 0.00996803 0.012474 0.0148037 0.0168101 0.0183848 0.0194778 0.0200159 0.0199486 0.0192896 0.0180607 0.0163014 0.0140568 0.0113575 0.0082892 0.00492869 0.00138147 -0.00222881 -0.00579164 -0.00917 -0.0122502 -0.0149287 -0.0171064 -0.0186979 -0.0196861 -0.0201118 -0.0199815 -0.0193588 -0.018369 -0.0170473 -0.015493 -0.0137932 -0.0120346 -0.010332 -0.00872015 -0.00723321 -0.00590913 -0.00474408 -0.00376837 -0.00293815 -0.00224285 -0.00169635 -0.0012347 -0.000868172 -0.000600174 -0.000389666 -0.000250625 -0.000145869 -4.71657e-05 -6.27011e-07 2.09688e-05 4.15644e-05 5.72964e-05 7.47936e-05 8.25879e-05 6.88759e-05 7.31935e-05 9.25395e-05 9.74205e-05 8.79976e-05 8.43236e-05 8.34125e-05 0.000103165 0.000110794 8.56614e-05 7.30719e-05 7.00561e-05 4.31225e-05 7.14903e-06 -7.78808e-05 -0.000192805 -0.00031697 -0.000520824 -0.000800808 -0.00115038 -0.00160798 -0.00215332 -0.00282905 -0.00366116 -0.00463559 -0.00579518 -0.00712105 -0.00860285 -0.0102149 -0.0119039 -0.0136523 -0.0153494 -0.0168741 -0.0181825 -0.0191563 -0.0197346 -0.0198432 -0.0193839 -0.0183365 -0.0167053 -0.014504 -0.0118169 -0.00875879 -0.005436 -0.00193923 0.0015892 0.00500889 0.0082235 0.0111549 0.0137318 0.0158861 0.0176048 0.0188433 0.0195314 0.0196643 0.0192642 0.0183227 0.0168833 0.0150345 0.0128695 0.0105055 0.008033 0.00559981 0.00335276 0.00135071 -0.000345337 -0.00166681 -0.00259367 -0.0031578 -0.0034022 -0.00337171 -0.0031469 -0.00277074 -0.00229783 -0.00179394 -0.00128396 -0.000827048 -0.00039225 -3.24252e-06 0.000312973 0.000560702 0.000754852 0.000919995 0.00102599 0.00112105 0.00116212 0.00117373 0.00119954 0.00121717 0.00120891 0.00117736 0.00117609 0.00116094 0.00114971 0.00113785 0.00111342 0.00109847 0.00109725 0.00109994 0.00107726 0.00107326 0.00107365 0.00107345 
0 2.9833e-05 8.11292e-05 0.00013807 0.000177553 0.000206524 0.000245496 0.000300641 0.000352114 0.000392645 0.000419307 0.000467319 0.000521108 0.000561635 0.000592756 0.000620104 0.000639964 0.000638513 0.000643337 0.000596331 0.000506106 0.000381736 0.000213027 -2.29666e-05 -0.00033509 -0.00071881 -0.00121107 -0.0017412 -0.00231883 -0.00295325 -0.00360949 -0.00421204 -0.00469479 -0.00499437 -0.0050368 -0.00475712 -0.00407836 -0.00292688 -0.00127093 0.000863361 0.00341152 0.00626314 0.00937874 0.0125532 0.015628 0.0184503 0.020874 0.0227572 0.0239838 0.0245366 0.024362 0.0234597 0.0218469 0.0196092 0.01682 0.0135216 0.00979104 0.00576997 0.00149607 -0.00285249 -0.0071196 -0.0111524 -0.0148305 -0.0180443 -0.0206753 -0.0226423 -0.0239133 -0.0244819 -0.0243852 -0.0237167 -0.0225584 -0.0210277 -0.0192046 -0.0171834 -0.0150781 -0.0130308 -0.0110578 -0.00923684 -0.00758879 -0.00613964 -0.00488838 -0.00383762 -0.00295267 -0.00224384 -0.00165808 -0.00119832 -0.000827935 -0.000567831 -0.000375595 -0.000220438 -0.000104262 -3.75757e-05 9.72253e-06 2.00674e-05 5.7416e-05 8.58599e-05 8.10759e-05 7.54546e-05 8.04311e-05 8.59308e-05 0.000113064 9.86133e-05 8.76031e-05 0.000101481 0.000112934 0.000111313 9.97731e-05 6.43826e-05 5.85644e-05 3.08087e-05 -3.81004e-05 -0.000150554 -0.000292125 -0.000482094 -0.000732269 -0.00109267 -0.00155376 -0.002139 -0.00283978 -0.0037168 -0.00475975 -0.00599478 -0.00744 -0.00909557 -0.0109104 -0.0128811 -0.014923 -0.0170016 -0.0190055 -0.0208205 -0.0223271 -0.0234592 -0.0240972 -0.0241364 -0.0235092 -0.0221943 -0.0201848 -0.0175251 -0.0143034 -0.0106469 -0.00666445 -0.00248676 0.00171416 0.00584025 0.00971115 0.0132666 0.0164303 0.0191189 0.0212892 0.0229027 0.0238671 0.0241508 0.0237196 0.0226485 0.020972 0.0187594 0.0161165 0.0131881 0.0101566 0.00714766 0.00435569 0.00185278 -0.00026894 -0.00192708 -0.00310112 -0.00382835 -0.00414549 -0.00413352 -0.00386303 -0.00341172 -0.00283968 -0.0022135 -0.00159459 -0.00100693 -0.000477932 1.04769e-05 0.00039479 0.000705939 0.000961878 0.00115758 0.00129544 0.00139074 0.00145155 0.001469 0.00150184 0.00151819 0.00149847 0.00147278 0.00147116 0.00146245 0.00144016 0.0014244 0.00140437 0.00139295 0.00138837 0.00137583 0.00135368 0.00135539 0.00135556 0.00134009 
0 3.33382e-05 9.2858e-05 0.000168159 0.00020746 0.000245496 0.000291651 0.000363643 0.000422885 0.000464515 0.000509125 0.000567647 0.00063862 0.000673043 0.000712708 0.0007518 0.000782387 0.00078405 0.000762771 0.000712821 0.000609763 0.000479744 0.000264644 -3.50189e-05 -0.000404806 -0.000853503 -0.00141025 -0.00205908 -0.002761 -0.0035214 -0.004276 -0.00496174 -0.00552439 -0.00587687 -0.00591865 -0.00555085 -0.00468826 -0.00327794 -0.00128764 0.00126858 0.00431768 0.00774281 0.0114218 0.0151712 0.0187785 0.0220602 0.0248194 0.0269097 0.0282521 0.0287737 0.0284168 0.0272025 0.0251876 0.0224705 0.0191478 0.0152833 0.0109774 0.00632916 0.00145048 -0.00349807 -0.00835357 -0.0129418 -0.0171276 -0.0207996 -0.0238427 -0.026154 -0.0276867 -0.0284501 -0.0284476 -0.0277587 -0.0265225 -0.0248232 -0.0227847 -0.0205222 -0.0181479 -0.0157945 -0.0135121 -0.0113593 -0.00939392 -0.00763951 -0.00613191 -0.00484566 -0.00376709 -0.00289747 -0.00217052 -0.00158382 -0.00113273 -0.000786003 -0.000537823 -0.000344577 -0.0001836 -9.06581e-05 -3.91562e-05 -1.62444e-06 3.44265e-05 6.69764e-05 7.77393e-05 6.60486e-05 7.05727e-05 9.23413e-05 0.000105185 9.62768e-05 8.81823e-05 8.94391e-05 0.000108107 0.000112122 8.17007e-05 5.22145e-05 3.01244e-05 -2.07632e-05 -0.000103801 -0.000252071 -0.000449304 -0.000684004 -0.00101835 -0.00146715 -0.00203367 -0.00275507 -0.00362631 -0.00469616 -0.00598705 -0.00749102 -0.00923402 -0.0111869 -0.0133181 -0.0155898 -0.0179329 -0.0203056 -0.022572 -0.0245839 -0.0262539 -0.0274498 -0.0280728 -0.028024 -0.0272076 -0.0256136 -0.0232602 -0.0201891 -0.0165051 -0.012346 -0.00783534 -0.00309235 0.00171068 0.00640567 0.0108595 0.0149847 0.0186987 0.0219083 0.0245592 0.0265674 0.0278228 0.0282884 0.0279592 0.0268334 0.0249506 0.0224103 0.019347 0.0159383 0.0123518 0.00879051 0.00545532 0.00245625 -9.85126e-05 -0.00210453 -0.00353107 -0.00442145 -0.00483379 -0.00483959 -0.00453937 -0.00401538 -0.00334827 -0.00261782 -0.00187206 -0.00118223 -0.000547513 1.31178e-05 0.00047823 0.000862584 0.00116979 0.00140019 0.00154345 0.00167028 0.00175585 0.0017932 0.00181026 0.00180964 0.00180178 0.00178852 0.00178605 0.00175022 0.0017205 0.00171196 0.00169954 0.00167913 0.00165883 0.00164711 0.0016292 0.00163465 0.00162991 0.00161204 
0 6.42049e-05 0.000120187 0.000174207 0.000231188 0.000300641 0.000363643 0.000420258 0.000476887 0.000542308 0.000608555 0.00067446 0.000734756 0.000781293 0.000831389 0.000881422 0.000916054 0.000916421 0.000893682 0.000829199 0.000724183 0.000573032 0.000328106 -2.27607e-05 -0.000455603 -0.000967041 -0.0016047 -0.00234926 -0.00317444 -0.00404782 -0.00490355 -0.00567827 -0.00631218 -0.00670444 -0.0067219 -0.00625074 -0.0052081 -0.00353547 -0.00120088 0.00178045 0.00532904 0.00929882 0.0135425 0.0178136 0.0218848 0.0255531 0.0286127 0.0308784 0.032227 0.032616 0.0320186 0.0304698 0.0280414 0.0248546 0.0210223 0.0166305 0.0117913 0.00663855 0.00126027 -0.00417369 -0.00948797 -0.0145126 -0.0191122 -0.0231682 -0.0265582 -0.0291799 -0.0309772 -0.0319328 -0.0320631 -0.0314511 -0.0302064 -0.0284445 -0.0262776 -0.0238245 -0.0212189 -0.0186044 -0.0160383 -0.0136017 -0.0113489 -0.00932065 -0.0075421 -0.00601498 -0.00472271 -0.00366318 -0.00278371 -0.0020735 -0.0015111 -0.00108897 -0.000771789 -0.000519494 -0.000322849 -0.000197256 -0.000118679 -7.26147e-05 -1.85471e-05 2.47833e-05 3.53984e-05 3.09123e-05 3.69394e-05 5.37785e-05 7.57836e-05 6.61297e-05 5.38938e-05 5.94541e-05 7.18514e-05 6.85927e-05 4.01758e-05 -6.34143e-06 -4.38336e-05 -0.000110537 -0.000229083 -0.000415007 -0.000658159 -0.00096847 -0.00138084 -0.00193449 -0.00263571 -0.0035097 -0.00456114 -0.00584049 -0.00735801 -0.00912385 -0.0111473 -0.0134024 -0.0158304 -0.0183883 -0.02099 -0.0235713 -0.0260019 -0.0281408 -0.0298673 -0.0310742 -0.0316371 -0.0314437 -0.0304201 -0.0285613 -0.0258909 -0.0224696 -0.0184073 -0.0138422 -0.00889828 -0.00371257 0.00154142 0.00671972 0.0116634 0.0162885 0.0205047 0.0242077 0.0273184 0.029747 0.0313692 0.0321076 0.0319084 0.030786 0.0287776 0.0259822 0.022555 0.0186939 0.0146108 0.0105105 0.00663467 0.00314193 0.00017416 -0.00216597 -0.00385861 -0.00494115 -0.00545828 -0.00549182 -0.00515389 -0.00456449 -0.00381783 -0.0029878 -0.002136 -0.0013263 -0.0005978 4.41384e-05 0.000576154 0.00102275 0.00138401 0.00164348 0.00181395 0.00195181 0.00205852 0.0021059 0.00211913 0.00211283 0.00210625 0.0021033 0.00208929 0.00204319 0.00200848 0.00200467 0.00199008 0.00195646 0.00193314 0.00192686 0.00191356 0.0019061 0.00189824 0.00189096 
0 8.5948e-05 0.000140495 0.000187536 0.000260132 0.000352114 0.000422885 0.000476887 0.000544157 0.000628296 0.000705295 0.00077111 0.000838227 0.000905105 0.000965411 0.00101229 0.00104345 0.00105333 0.00103511 0.000961017 0.00083257 0.000650703 0.000380744 -3.20966e-06 -0.000494517 -0.00108968 -0.00181137 -0.00264049 -0.00355792 -0.00453 -0.00548701 -0.00634962 -0.00703746 -0.00743721 -0.00740618 -0.0068223 -0.00559489 -0.00365959 -0.000980986 0.00242319 0.00645672 0.0109474 0.0156968 0.0204385 0.0249226 0.0289197 0.0321989 0.034554 0.0358487 0.0360407 0.0351347 0.0332003 0.0303417 0.0266923 0.0223772 0.0175077 0.0122155 0.00664263 0.000894064 -0.00487918 -0.0105163 -0.0158613 -0.0207772 -0.0251395 -0.0288197 -0.0317124 -0.0337564 -0.0349274 -0.0352354 -0.0347507 -0.0335733 -0.0318175 -0.0295963 -0.0270367 -0.0242803 -0.0214659 -0.0186705 -0.0159774 -0.0134529 -0.0111515 -0.00910701 -0.00733179 -0.00581948 -0.00456105 -0.00351494 -0.0026623 -0.00198407 -0.00146633 -0.00106955 -0.000752464 -0.000505963 -0.000338751 -0.000232918 -0.000164046 -9.69038e-05 -4.40125e-05 -2.50343e-05 -2.35583e-05 -1.51518e-05 5.04773e-06 2.5446e-05 1.82491e-05 4.76661e-06 7.55199e-06 1.65434e-05 8.85659e-06 -2.81336e-05 -8.70018e-05 -0.0001493 -0.00024408 -0.000400357 -0.000632262 -0.000936382 -0.00132542 -0.00183476 -0.00250395 -0.00334761 -0.00438576 -0.00563415 -0.00713338 -0.00889634 -0.0109283 -0.0132233 -0.0157455 -0.0184293 -0.021214 -0.024014 -0.0267468 -0.0292782 -0.0314641 -0.0331776 -0.0343107 -0.0347428 -0.0343684 -0.033123 -0.0310075 -0.0280583 -0.0243489 -0.0199937 -0.0151323 -0.00988788 -0.00439314 0.00119383 0.00672989 0.0120723 0.0171293 0.0218011 0.0259748 0.0295521 0.0324207 0.0344388 0.0354962 0.0355102 0.0344639 0.032391 0.0294073 0.025691 0.0214508 0.0169096 0.0123078 0.00792099 0.0039609 0.000590391 -0.0020891 -0.00405721 -0.00534101 -0.00597873 -0.00605602 -0.00570188 -0.00506021 -0.00424253 -0.00332757 -0.0023808 -0.00146731 -0.000638395 8.48744e-05 0.000682687 0.00117834 0.00158418 0.00188985 0.00210094 0.00224933 0.00234767 0.00240068 0.00243364 0.00244195 0.00242349 0.0023997 0.0023814 0.00235256 0.00232298 0.00229983 0.00227072 0.00224054 0.0022259 0.00221781 0.00219617 0.00217863 0.00217092 0.00217198 
0 8.03763e-05 0.000152961 0.000230854 0.000309057 0.000392645 0.000464515 0.000542308 0.000628296 0.00071161 0.000791146 0.000862508 0.000947192 0.00102503 0.00109681 0.00114713 0.00117492 0.00118929 0.00117004 0.0011027 0.000952451 0.000736086 0.000429763 1.57064e-05 -0.000520763 -0.00119726 -0.0019988 -0.00291851 -0.00391856 -0.00497714 -0.00601954 -0.00695374 -0.00767896 -0.0080677 -0.00797911 -0.00727781 -0.00585541 -0.00364653 -0.000621465 0.00318904 0.00766926 0.0126444 0.0178522 0.0230245 0.0278624 0.0321105 0.0355172 0.0378722 0.0390533 0.0389972 0.0377396 0.0353838 0.0320758 0.0279667 0.0232042 0.0179248 0.0122789 0.00638253 0.000379706 -0.0056135 -0.0114549 -0.0170022 -0.0221251 -0.0267021 -0.0306092 -0.0337373 -0.0360165 -0.0374222 -0.0379462 -0.037636 -0.0366012 -0.0349267 -0.0327347 -0.0301556 -0.0273277 -0.0243761 -0.0214083 -0.0184937 -0.0157242 -0.0131602 -0.0108596 -0.00883332 -0.00709547 -0.00562919 -0.00440245 -0.00338764 -0.00258348 -0.00194777 -0.00145844 -0.0010707 -0.00076357 -0.000547788 -0.000411467 -0.000304173 -0.000222854 -0.000158754 -0.000124679 -0.00012051 -0.000111135 -8.22887e-05 -6.98531e-05 -6.92419e-05 -7.89694e-05 -8.51294e-05 -8.06102e-05 -9.50012e-05 -0.000151314 -0.000219432 -0.000312515 -0.000445171 -0.00064318 -0.000932511 -0.00131478 -0.00179008 -0.0024149 -0.00321071 -0.00420642 -0.00542216 -0.00688359 -0.00861213 -0.010632 -0.012925 -0.0154761 -0.0182272 -0.0211226 -0.0240734 -0.0270059 -0.0298223 -0.0323844 -0.0345351 -0.0361641 -0.0371402 -0.0373714 -0.0367753 -0.0352971 -0.0329458 -0.0297703 -0.0258422 -0.0212772 -0.0162124 -0.0107812 -0.0051057 0.000687609 0.00645001 0.0120941 0.0175119 0.0225928 0.02721 0.0312466 0.0345613 0.0369976 0.03841 0.0387063 0.0378114 0.0357544 0.0326556 0.0287078 0.0241456 0.0191977 0.0141606 0.00931361 0.00491037 0.00113245 -0.00189868 -0.00413961 -0.00561005 -0.00637033 -0.00651429 -0.00618396 -0.00551192 -0.00462117 -0.00361735 -0.00258141 -0.00159302 -0.000673579 0.00013114 0.000809982 0.0013573 0.00179338 0.00213565 0.00238244 0.00255564 0.002647 0.00270055 0.00274225 0.00276487 0.00274339 0.00269758 0.00267486 0.00266109 0.0026385 0.00259454 0.00255597 0.00253795 0.00252772 0.00250824 0.00247858 0.00246475 0.00245741 0.00245095 
0 6.75011e-05 0.000165809 0.000266308 0.000354151 0.000419307 0.000509125 0.000608555 0.000705295 0.000791146 0.000876662 0.000973474 0.00105318 0.0011408 0.00121779 0.00128624 0.00131694 0.00131834 0.00130237 0.0012284 0.00108431 0.000830267 0.00049112 4.17774e-05 -0.00053991 -0.00127137 -0.00215612 -0.00315325 -0.00424624 -0.00537869 -0.00649579 -0.00749225 -0.00823977 -0.00860584 -0.00844527 -0.00761515 -0.00599989 -0.00351034 -0.000132632 0.00407029 0.00896667 0.0143567 0.0199893 0.0255228 0.030642 0.0350524 0.0385111 0.0408029 0.0417763 0.0414173 0.0397912 0.0370091 0.033248 0.0287005 0.0235362 0.0179167 0.0119816 0.00588643 -0.000276416 -0.00638526 -0.0123099 -0.0179449 -0.0231774 -0.0278853 -0.0319479 -0.0352652 -0.0377688 -0.0393979 -0.0401659 -0.0401131 -0.0392808 -0.0377875 -0.0357149 -0.0331802 -0.0303394 -0.0273168 -0.0242173 -0.0211427 -0.0181679 -0.0153829 -0.01283 -0.0105623 -0.00858783 -0.00689242 -0.00546908 -0.00428832 -0.00332164 -0.00256999 -0.00196977 -0.00148883 -0.00112471 -0.000852783 -0.000661632 -0.000532884 -0.000418133 -0.000335142 -0.000296442 -0.000272506 -0.000255381 -0.000237516 -0.000212386 -0.000214888 -0.000230086 -0.000231266 -0.000243417 -0.00027666 -0.000332944 -0.000433639 -0.00055782 -0.000726656 -0.0009895 -0.00134453 -0.00180271 -0.00239916 -0.00314075 -0.00408437 -0.00525747 -0.00666662 -0.00834642 -0.0103166 -0.012572 -0.0151114 -0.0178848 -0.0208476 -0.0239072 -0.0269851 -0.029993 -0.032804 -0.0352974 -0.0373394 -0.0387752 -0.0395392 -0.0395308 -0.0386758 -0.036966 -0.0344065 -0.0310434 -0.0269617 -0.022275 -0.017112 -0.0115911 -0.00584325 2.35507e-05 0.00593359 0.0117769 0.0174674 0.022887 0.0279064 0.0323735 0.036135 0.0390213 0.0408405 0.0414358 0.0407561 0.0388078 0.0356847 0.0315775 0.0267313 0.0214539 0.0160326 0.0107761 0.00595491 0.00178381 -0.00159172 -0.00410465 -0.00576289 -0.00664379 -0.00687339 -0.00657839 -0.00589319 -0.0049412 -0.00384663 -0.00274196 -0.00167532 -0.000695245 0.000191938 0.000944965 0.00154938 0.00202282 0.00237705 0.00265824 0.00284804 0.00297044 0.00302774 0.00305542 0.00307149 0.003058 0.00302994 0.00298818 0.00296253 0.00292876 0.00288893 0.00285462 0.00282975 0.00280898 0.00277737 0.0027609 0.00275294 0.00274768 0.00273224 
0 8.46496e-05 0.00018409 0.000290347 0.000376601 0.000467319 0.000567647 0.00067446 0.00077111 0.000862508 0.000973474 0.00107487 0.00117164 0.00125419 0.00134143 0.00141451 0.00145458 0.00147107 0.00143136 0.001353 0.00118822 0.00093169 0.000561608 6.99233e-05 -0.000559208 -0.00135997 -0.00229272 -0.00336594 -0.004524 -0.00572998 -0.00691094 -0.00794974 -0.00870186 -0.00902049 -0.00877001 -0.0078042 -0.00598547 -0.0032347 0.000467962 0.00504481 0.01032 0.016091 0.0220249 0.0278452 0.0331828 0.0377033 0.0411201 0.0432424 0.043984 0.0432912 0.0412555 0.0380348 0.0338466 0.0288934 0.0233745 0.017474 0.0113556 0.00511057 -0.00108856 -0.00718382 -0.0130894 -0.0187166 -0.0239643 -0.0287279 -0.0328893 -0.0363468 -0.0390278 -0.0408993 -0.0419417 -0.0421588 -0.0416193 -0.0403577 -0.0384683 -0.0360707 -0.0332986 -0.0302602 -0.0271115 -0.0239134 -0.0207813 -0.0177927 -0.0150256 -0.0125122 -0.0102998 -0.00837125 -0.00673481 -0.00535577 -0.00424364 -0.00333466 -0.0026145 -0.00204055 -0.00158571 -0.00124392 -0.00101245 -0.000821966 -0.000694241 -0.000595188 -0.000524194 -0.000490491 -0.000465382 -0.000427668 -0.000425778 -0.000421353 -0.000433353 -0.00045485 -0.00047152 -0.000510362 -0.000602728 -0.000713278 -0.000887683 -0.00112091 -0.0014404 -0.00187311 -0.00243813 -0.00313744 -0.00403567 -0.00514313 -0.00650399 -0.00812348 -0.0100393 -0.0122356 -0.0147337 -0.0174937 -0.0204702 -0.0235805 -0.0267681 -0.029901 -0.0329075 -0.035655 -0.0380119 -0.0398358 -0.0410412 -0.0415159 -0.0412183 -0.0401112 -0.0381725 -0.0354148 -0.031905 -0.0277325 -0.0230086 -0.017852 -0.0123772 -0.00666483 -0.000775155 0.00516571 0.0111315 0.0170067 0.0226867 0.028049 0.0329417 0.0371588 0.0404849 0.0426967 0.0436649 0.0432508 0.0414576 0.0383823 0.0342096 0.0291971 0.0236259 0.0178829 0.0122659 0.00708744 0.0025653 -0.00113534 -0.00391391 -0.00577263 -0.00680319 -0.00711945 -0.00686599 -0.00617142 -0.00518554 -0.00404817 -0.00286923 -0.00173739 -0.000671863 0.000262742 0.00107613 0.00173287 0.00224674 0.00264299 0.00293036 0.00314098 0.00327488 0.00336209 0.00337891 0.00337157 0.00336878 0.00335586 0.00331768 0.00325861 0.0032178 0.00318922 0.00316614 0.00312929 0.00308706 0.00306339 0.00305429 0.00304581 0.00303097 0.00302011 
0 0.000113337 0.000216421 0.000300637 0.000412599 0.000521108 0.00063862 0.000734756 0.000838227 0.000947192 0.00105318 0.00117164 0.00127242 0.00137942 0.00145126 0.00152381 0.00158618 0.00161515 0.00157645 0.00145994 0.00130015 0.00102787 0.000642691 0.000106592 -0.000584859 -0.00143237 -0.00242248 -0.00354088 -0.00477437 -0.00603382 -0.00725145 -0.00830565 -0.00904246 -0.00930851 -0.00895999 -0.00784116 -0.00583063 -0.0028278 0.00116972 0.00605826 0.0116556 0.0177179 0.0239407 0.0299579 0.035411 0.0399389 0.0432699 0.0452032 0.0456253 0.0445603 0.0421358 0.0384956 0.0338837 0.0285557 0.022739 0.0166442 0.0104082 0.00416234 -0.00201333 -0.00804031 -0.0138371 -0.0193568 -0.0245295 -0.0292603 -0.0334562 -0.0370244 -0.0398914 -0.0419744 -0.0432859 -0.0438257 -0.0435805 -0.0426301 -0.0410128 -0.0388152 -0.0361848 -0.0332233 -0.0300647 -0.0268186 -0.0235684 -0.0204237 -0.0174453 -0.0147139 -0.0122642 -0.0100953 -0.00823763 -0.00666587 -0.00535223 -0.00429571 -0.00343141 -0.00273677 -0.00220342 -0.00178375 -0.00146743 -0.00124035 -0.00105942 -0.000932428 -0.000855413 -0.000797553 -0.000762054 -0.000741164 -0.00071682 -0.000713967 -0.000727888 -0.000742758 -0.000786804 -0.000861183 -0.00096247 -0.00112642 -0.00134503 -0.00163241 -0.00203945 -0.002563 -0.00322887 -0.00408514 -0.00512966 -0.00641886 -0.00798646 -0.00982897 -0.0119784 -0.0144212 -0.0171339 -0.020094 -0.0232189 -0.0264513 -0.0296842 -0.0328176 -0.0357599 -0.0383486 -0.0404844 -0.0420619 -0.0429454 -0.043112 -0.0425082 -0.0411033 -0.0389358 -0.0360171 -0.0324133 -0.0282196 -0.023544 -0.0184792 -0.0131047 -0.00750857 -0.00173909 0.0041759 0.010165 0.0161536 0.0220402 0.0277125 0.0329742 0.0376036 0.0413773 0.0440203 0.0453294 0.0452129 0.0436529 0.0407052 0.0365333 0.0313916 0.0256527 0.0196627 0.0137568 0.00825987 0.00343561 -0.000541552 -0.00357476 -0.00564579 -0.00683161 -0.00724982 -0.00703776 -0.00635603 -0.00536599 -0.00419742 -0.00297514 -0.00175021 -0.000624782 0.000365698 0.00121459 0.00191701 0.00248375 0.00290681 0.00322796 0.00342272 0.00356576 0.00366283 0.00369687 0.00368889 0.00366754 0.00366086 0.0036192 0.00357552 0.00352579 0.00349516 0.00347004 0.00342926 0.00339375 0.00336763 0.00336179 0.00333155 0.00331497 0.00331351 
0 0.000121941 0.000222412 0.000319997 0.000435943 0.000561635 0.000673043 0.000781293 0.000905105 0.00102503 0.0011408 0.00125419 0.00137942 0.00149074 0.0015767 0.00165067 0.00171277 0.00174541 0.00169093 0.00158485 0.00140704 0.00112144 0.000701345 0.000133288 -0.000588723 -0.00148165 -0.00250337 -0.00368753 -0.0049814 -0.00628658 -0.00751447 -0.00855958 -0.00927844 -0.0095005 -0.00905834 -0.00778461 -0.00555343 -0.00231759 0.00192041 0.00706937 0.0129314 0.0192531 0.0256415 0.0317808 0.037273 0.0417372 0.0448829 0.0465491 0.0466788 0.0452568 0.0424235 0.0383776 0.0333966 0.0277518 0.0217039 0.0154767 0.00921703 0.0029861 -0.00307396 -0.00893936 -0.0145673 -0.0199157 -0.0249322 -0.0295654 -0.0337372 -0.0373663 -0.0403715 -0.0426878 -0.0442857 -0.0451329 -0.0452434 -0.0446235 -0.0433208 -0.0414167 -0.0390108 -0.0361827 -0.033102 -0.0298402 -0.0265231 -0.0232524 -0.0201182 -0.0171834 -0.0145147 -0.0121106 -0.0100193 -0.00821915 -0.00672019 -0.00546887 -0.00445104 -0.00363325 -0.00298449 -0.00247157 -0.00208966 -0.0017827 -0.00157229 -0.00141618 -0.00129851 -0.00122141 -0.00117215 -0.00113068 -0.00112725 -0.00111898 -0.0011321 -0.00117063 -0.0012292 -0.00132069 -0.00146999 -0.0016606 -0.00194564 -0.00231804 -0.00280705 -0.00343627 -0.00424207 -0.00523975 -0.0064768 -0.00796317 -0.00974343 -0.011811 -0.0141976 -0.0168562 -0.0197793 -0.0229092 -0.0261626 -0.0294411 -0.0326763 -0.0357257 -0.0385155 -0.040897 -0.0427595 -0.0439986 -0.0445494 -0.0443508 -0.0434064 -0.0417299 -0.0393525 -0.0362978 -0.0326451 -0.0284927 -0.0239257 -0.01902 -0.0138442 -0.00843372 -0.00279826 0.00298861 0.00893781 0.0149649 0.0209929 0.026908 0.0325059 0.0375156 0.0416726 0.0447008 0.0464235 0.046656 0.0453503 0.0425643 0.0384677 0.0333265 0.0274685 0.0213113 0.0151767 0.00943103 0.00434569 0.000113161 -0.00314317 -0.00540412 -0.00673886 -0.00725334 -0.00710496 -0.00645176 -0.00546502 -0.00428147 -0.00300961 -0.00174174 -0.000557429 0.000462412 0.00136033 0.0021111 0.00270863 0.00316564 0.00350103 0.00372667 0.00386526 0.00397033 0.0040153 0.00402011 0.00399659 0.00395578 0.00391582 0.00388501 0.00384531 0.00378478 0.00373995 0.00371168 0.00368595 0.0036616 0.00363937 0.00361286 0.00360035 0.00360937 
0 0.000110617 0.000233887 0.000353073 0.000481553 0.000592756 0.000712708 0.000831389 0.000965411 0.00109681 0.00121779 0.00134143 0.00145126 0.0015767 0.00168468 0.0017743 0.00182162 0.00183269 0.00179782 0.00170039 0.00151913 0.00119404 0.000749859 0.000164143 -0.000585159 -0.00150819 -0.00257826 -0.00380391 -0.00514181 -0.00646523 -0.00769486 -0.00872773 -0.0094117 -0.00956761 -0.0090258 -0.00760488 -0.00519858 -0.00176234 0.00267859 0.00802167 0.0140745 0.0205507 0.0270629 0.0332231 0.0386514 0.042978 0.0459303 0.0473305 0.0471042 0.0452985 0.0420986 0.0377045 0.0324122 0.02652 0.0203023 0.0140033 0.00775866 0.00165213 -0.00424739 -0.00991108 -0.015308 -0.0204264 -0.0252422 -0.0297186 -0.0338143 -0.0374594 -0.0405777 -0.0430764 -0.0449444 -0.0461373 -0.0466088 -0.0463782 -0.0454504 -0.043869 -0.0417329 -0.039113 -0.0361567 -0.0329698 -0.0296509 -0.0263151 -0.0230473 -0.01994 -0.0170567 -0.0144221 -0.0120972 -0.0100778 -0.00835247 -0.00690912 -0.00570996 -0.00474025 -0.00397645 -0.0033621 -0.00288019 -0.00251326 -0.00223898 -0.00204004 -0.00189374 -0.00178131 -0.00171095 -0.0016761 -0.00165907 -0.00165761 -0.00167864 -0.00172577 -0.00181658 -0.00194845 -0.00212371 -0.00237597 -0.00272597 -0.00318376 -0.00378461 -0.00453867 -0.00548452 -0.00666638 -0.00809063 -0.00979166 -0.0118005 -0.0141073 -0.0167207 -0.01959 -0.022675 -0.0259246 -0.0292394 -0.0325368 -0.0357085 -0.0386334 -0.041218 -0.0432991 -0.0448025 -0.0456676 -0.0458222 -0.0452694 -0.0440104 -0.042062 -0.0394951 -0.0363398 -0.0326821 -0.0286159 -0.0242192 -0.0195324 -0.0145867 -0.00941271 -0.00400982 0.00162208 0.00747047 0.0134836 0.0195892 0.0256824 0.0315307 0.0368552 0.0413928 0.0448262 0.0469112 0.0474748 0.0464583 0.0438973 0.0399422 0.0348491 0.0289899 0.0227408 0.0164575 0.0105245 0.00525149 0.000832682 -0.00261566 -0.00505253 -0.0065297 -0.00714724 -0.00706664 -0.00645843 -0.00548665 -0.00428687 -0.00299637 -0.00169372 -0.000482951 0.000586478 0.00152749 0.00231411 0.00293551 0.00340077 0.00376447 0.0040067 0.00416772 0.00426337 0.00430169 0.00431663 0.00430292 0.00426197 0.0042013 0.00417954 0.00414373 0.00408003 0.00402771 0.00400288 0.0039841 0.0039465 0.00392644 0.0039072 0.00390226 0.00389932 
0 0.000108159 0.00024505 0.000381708 0.000505233 0.000620104 0.0007518 0.000881422 0.00101229 0.00114713 0.00128624 0.00141451 0.00152381 0.00165067 0.0017743 0.00186564 0.00190645 0.00192076 0.00189203 0.00179089 0.00158526 0.00124472 0.000788198 0.000188375 -0.000588638 -0.0015522 -0.00265758 -0.00390241 -0.00524193 -0.00657107 -0.00780846 -0.00882659 -0.00945452 -0.00952169 -0.00887193 -0.00733221 -0.00478808 -0.00120711 0.00338116 0.00886359 0.0150285 0.0215708 0.0280794 0.0341787 0.0394865 0.0436295 0.0463328 0.047439 0.0468905 0.0447359 0.0411837 0.0364859 0.0309535 0.0248855 0.0185646 0.0122422 0.00606319 9.99756e-05 -0.00557481 -0.0109675 -0.0160884 -0.0209402 -0.0255136 -0.0298014 -0.03378 -0.0374 -0.0405906 -0.0432655 -0.0453886 -0.046894 -0.0477268 -0.0478768 -0.0473418 -0.0461505 -0.0443586 -0.0420167 -0.0392661 -0.0362013 -0.0329308 -0.0295713 -0.0262191 -0.0229696 -0.0199002 -0.0170491 -0.0144913 -0.0122385 -0.0102921 -0.00863232 -0.00724207 -0.00610746 -0.00519793 -0.00445941 -0.00387304 -0.00341648 -0.0030833 -0.00283744 -0.00264723 -0.00250186 -0.00240907 -0.00236101 -0.00234743 -0.00234632 -0.00237298 -0.00244148 -0.00256137 -0.00273039 -0.00295963 -0.00327363 -0.00371086 -0.00427699 -0.00499536 -0.00588634 -0.00699712 -0.00836477 -0.0100048 -0.0119331 -0.0141742 -0.0167131 -0.0195436 -0.0225956 -0.0258206 -0.0291541 -0.0324897 -0.0357279 -0.0387679 -0.0414825 -0.0437828 -0.0455272 -0.0466481 -0.0471076 -0.0468727 -0.045951 -0.0443702 -0.0421763 -0.0394473 -0.036226 -0.0326027 -0.0286717 -0.0244866 -0.0200651 -0.0154134 -0.0105228 -0.00536643 6.06127e-05 0.00577431 0.01173 0.0178634 0.0240667 0.030108 0.035694 0.0405359 0.0443116 0.0467584 0.0476555 0.0469229 0.044608 0.0408626 0.0359246 0.0301328 0.0238752 0.0175257 0.0114992 0.00611303 0.00155914 -0.00203479 -0.00461674 -0.00622228 -0.00694447 -0.00693859 -0.00637433 -0.00542363 -0.00423331 -0.00294105 -0.00163136 -0.000391328 0.000720487 0.00169798 0.00249912 0.00312988 0.00362521 0.00401266 0.00426992 0.00443554 0.00453892 0.00457472 0.00458381 0.00458436 0.00455854 0.0044969 0.00445296 0.00441623 0.00437041 0.00433029 0.00429793 0.00426322 0.00422734 0.00421603 0.00420883 0.00420025 0.00418769 
0 0.000124337 0.000259741 0.000389063 0.0005087 0.000639964 0.000782387 0.000916054 0.00104345 0.00117492 0.00131694 0.00145458 0.00158618 0.00171277 0.00182162 0.00190645 0.00196909 0.0020017 0.00195893 0.00183675 0.0016203 0.00128419 0.00081698 0.000199694 -0.000598989 -0.00159068 -0.00271997 -0.00397275 -0.00530351 -0.00662912 -0.00786032 -0.00885445 -0.0094294 -0.00941688 -0.00867429 -0.00704596 -0.00441001 -0.000733323 0.00394285 0.00948436 0.0156685 0.0221912 0.0286291 0.0346014 0.0397194 0.0436256 0.0460599 0.0468748 0.0460212 0.0435579 0.0397152 0.034778 0.0290667 0.0228901 0.0165371 0.0102531 0.00418871 -0.00159518 -0.00703127 -0.0121446 -0.0169694 -0.021525 -0.0258255 -0.0298913 -0.0337229 -0.0372889 -0.0405188 -0.0433323 -0.0456775 -0.0474733 -0.0486592 -0.0491992 -0.0490822 -0.048313 -0.0469075 -0.0448981 -0.0424101 -0.0395293 -0.0363686 -0.0330403 -0.0296527 -0.0263034 -0.0230792 -0.0200337 -0.0172515 -0.0147614 -0.0125793 -0.0106878 -0.00909028 -0.00777647 -0.00670891 -0.0058328 -0.00512424 -0.00456133 -0.00414915 -0.0038428 -0.00360419 -0.00342615 -0.003312 -0.00325074 -0.00323298 -0.00322776 -0.0032588 -0.00335226 -0.00351203 -0.00373347 -0.00402914 -0.00441833 -0.0049508 -0.0056338 -0.00648374 -0.00753155 -0.00882917 -0.0104059 -0.0122773 -0.0144402 -0.0169109 -0.0196706 -0.0226948 -0.0258996 -0.029225 -0.0325936 -0.0358985 -0.0390237 -0.041871 -0.0443141 -0.0462684 -0.0476206 -0.0483229 -0.0483626 -0.0477409 -0.0464661 -0.0445856 -0.0421683 -0.0393067 -0.036064 -0.0325252 -0.0287685 -0.02482 -0.0206706 -0.0163129 -0.0117223 -0.00685108 -0.00166823 0.0038747 0.00973898 0.0158619 0.0221206 0.0282804 0.0340517 0.0391364 0.0432009 0.0459599 0.0471678 0.046733 0.0446921 0.0411803 0.0364309 0.030775 0.0246083 0.018298 0.0122599 0.00682115 0.00218803 -0.00149566 -0.00416639 -0.00585707 -0.00666789 -0.00674305 -0.00622989 -0.00530277 -0.00412944 -0.00284412 -0.00153516 -0.00028006 0.000854399 0.00185617 0.00267312 0.00331432 0.00383569 0.00424255 0.00450701 0.00466829 0.00478471 0.00483639 0.0048394 0.0048323 0.00481475 0.00476845 0.00471172 0.00466586 0.00463245 0.00460599 0.00456757 0.0045237 0.00450081 0.00449813 0.00449001 0.00447954 0.00447908 
0 0.000134565 0.000262546 0.000372687 0.000503511 0.000638513 0.00078405 0.000916421 0.00105333 0.00118929 0.00131834 0.00147107 0.00161515 0.00174541 0.00183269 0.00192076 0.0020017 0.00202377 0.00196841 0.00183172 0.001627 0.0012811 0.000798101 0.00016804 -0.000639164 -0.00162631 -0.00276562 -0.00401913 -0.00535158 -0.00666145 -0.0078606 -0.00882049 -0.00935714 -0.00929081 -0.00848787 -0.00680054 -0.00412365 -0.00040705 0.00428596 0.00980259 0.0159246 0.0223235 0.0286226 0.0343993 0.0392826 0.0429193 0.045073 0.0456073 0.0444692 0.0417549 0.037703 0.0325985 0.026779 0.0205672 0.0142402 0.00804154 0.00210773 -0.00346129 -0.0086503 -0.0134706 -0.0179804 -0.0222336 -0.0262633 -0.030091 -0.0337492 -0.0372165 -0.0404434 -0.0433477 -0.0458816 -0.0479564 -0.0494674 -0.0503928 -0.0506964 -0.0503515 -0.0493605 -0.0477379 -0.0455576 -0.0429317 -0.039938 -0.0366991 -0.0333219 -0.0299203 -0.0265728 -0.0233633 -0.0203738 -0.0176623 -0.015231 -0.0131053 -0.0112761 -0.0097549 -0.00851153 -0.00748449 -0.00663592 -0.00597667 -0.00546818 -0.00508802 -0.00479141 -0.00455812 -0.00440554 -0.00433812 -0.00430601 -0.00431585 -0.00436871 -0.00448897 -0.00469486 -0.00497499 -0.00532516 -0.00581015 -0.00644887 -0.0072666 -0.0082775 -0.0095065 -0.0110014 -0.012811 -0.0149119 -0.0173137 -0.0200057 -0.0229734 -0.0261604 -0.029487 -0.0328657 -0.0362195 -0.0394288 -0.0423945 -0.0449813 -0.0471035 -0.0486734 -0.0495955 -0.0498569 -0.0494814 -0.048465 -0.0468639 -0.0447246 -0.0421281 -0.0391865 -0.0359664 -0.032545 -0.0289738 -0.0252727 -0.021412 -0.0173545 -0.0130695 -0.00850416 -0.00355867 0.00179114 0.00753415 0.0135935 0.0198502 0.0260609 0.0319402 0.0371979 0.041492 0.0444964 0.0459843 0.0458434 0.0440878 0.0408337 0.0362993 0.0308516 0.0248492 0.0186785 0.0127134 0.00729463 0.00265351 -0.00105718 -0.00375704 -0.00548477 -0.00635152 -0.00649272 -0.00603764 -0.00514219 -0.0039858 -0.00271716 -0.00140762 -0.000165427 0.00096723 0.00196877 0.00281459 0.00348474 0.00400455 0.00441589 0.00468514 0.00487093 0.00499446 0.00506151 0.00506996 0.00504926 0.00503261 0.00499439 0.00495506 0.00490066 0.00486104 0.00483193 0.00479854 0.0047718 0.00475635 0.00475739 0.00474016 0.00474218 0.0047657 
