0 0 0 0 0 0 0 0 0 0 0 0 0 0 0 0 0 0 0 0 0 0 0 0 0 0 0 0 0 0 0 0 0 0 0 0 0 0 0 0 0 0 0 0 0 0 0 0 0 0 0 0 0 0 0 0 0 0 0 0 0 0 0 0 0 0 0 0 0 0 0 0 0 0 0 0 0 0 0 0 0 0 0 0 0 0 0 0 0 0 0 0 0 0 0 0 0 0 0 0 0 0 0 0 0 0 0 0 0 0 0 0 0 0 0 0 0 0 0 0 0 0 0 0 0 0 0 0 0 0 0 0 0 0 0 0 0 0 0 0 0 0 0 0 0 0 0 0 0 0 0 0 0 0 0 0 0 0 0 0 0 0 0 0 0 0 0 0 0 0 0 0 0 0 0 0 0 0 0 0 0 0 0 0 0 0 0 0 0 0 0 0 0 0 0 0 0 0 0 0 
0 -0.00044251 -0.000903374 -0.00139687 -0.00192943 -0.00251854 -0.00315599 -0.00382037 -0.00449371 -0.00514754 -0.00575275 -0.006285 -0.00673796 -0.00708573 -0.00729345 -0.00735214 -0.00726459 -0.00704552 -0.00672817 -0.00634384 -0.00589776 -0.00538428 -0.00482846 -0.00426865 -0.00372175 -0.00321754 -0.00275418 -0.00233427 -0.00195736 -0.00162956 -0.00136582 -0.00114224 -0.000963934 -0.000799395 -0.000661259 -0.00055787 -0.000476582 -0.000420999 -0.000376729 -0.000343921 -0.000305898 -0.000274925 -0.000259884 -0.000253851 -0.000245813 -0.000236632 -0.000213825 -0.000204093 -0.000198922 -0.000195536 -0.000199179 -0.000196329 -0.000190506 -0.000175707 -0.000172106 -0.000174273 -0.000187369 -0.000196192 -0.00020642 -0.000222398 -0.000261111 -0.000305279 -0.00036729 -0.000453057 -0.000560249 -0.00067878 -0.000807566 -0.000953742 -0.00112805 -0.0013206 -0.00150228 -0.00168287 -0.00183193 -0.00193579 -0.00198859 -0.00197167 -0.00186013 -0.00167203 -0.00139048 -0.00104334 -0.000631012 -0.000184013 0.000259271 0.000670743 0.00103492 0.00131024 0.00151735 0.00163399 0.00165408 0.00159749 0.0014832 0.00132092 0.0011575 0.000995612 0.000846935 0.000721654 0.000623768 0.000541898 0.000484724 0.000437615 0.0003951 0.00035866 0.000342467 0.000344416 0.000388483 0.000476169 0.000599167 0.000754567 0.000942078 0.0011285 0.00132068 0.00149057 0.0016029 0.00164366 0.0015995 0.00143908 0.00119313 0.000856527 0.000453743 1.89542e-05 -0.000412784 -0.000820004 -0.00116831 -0.00145946 -0.00165742 -0.00177469 -0.00180331 -0.00174978 -0.00164051 -0.00150273 -0.00132621 -0.00114475 -0.000966629 -0.000797012 -0.000634331 -0.000481532 -0.000347715 -0.000244245 -0.000163579 -9.63583e-05 -5.00933e-05 -4.6531e-06 3.0647e-05 5.66505e-05 7.2487e-05 8.47401e-05 8.70165e-05 9.84234e-05 0.000109009 0.000128717 0.000136969 0.00013839 0.000132896 0.000131698 0.000147228 0.000154305 0.000160009 0.000162477 0.0001589 0.000156938 0.00015996 0.000156276 0.000150432 0.000116917 6.69413e-05 -4.28092e-07 -7.26021e-05 -0.000163795 -0.000296344 -0.000454029 -0.000658399 -0.000893445 -0.00116236 -0.00147099 -0.00183538 -0.00226057 -0.00272119 -0.00319519 -0.00365652 -0.00409609 -0.00450306 -0.00484554 -0.00508987 -0.00521456 -0.00519149 -0.00500748 -0.00465086 -0.00410819 -0.00335973 -0.00241885 -0.0013377 -0.000148806 0.00110751 0.00239617 0.00368127 0.00492368 0.00605987 0.00700915 0.00773992 0.00823002 
0 -0.000903374 -0.0018495 -0.00284559 -0.00392819 -0.00509931 -0.00636391 -0.00766571 -0.00897884 -0.0102622 -0.0114474 -0.0125003 -0.0133815 -0.0140515 -0.0144469 -0.0145647 -0.0144156 -0.0140128 -0.0134 -0.012638 -0.0117416 -0.0107277 -0.00964737 -0.00855231 -0.00748093 -0.00645725 -0.00553066 -0.00468892 -0.00395145 -0.00331634 -0.0027777 -0.00233196 -0.00195195 -0.00163417 -0.00136417 -0.00115851 -0.000988483 -0.000848102 -0.000745296 -0.000674999 -0.000607777 -0.000557159 -0.000525081 -0.000497289 -0.000482357 -0.000456065 -0.000436844 -0.000419908 -0.000408077 -0.00039097 -0.000373972 -0.000370147 -0.000361229 -0.00034725 -0.000351229 -0.000350285 -0.000362056 -0.000387451 -0.000406628 -0.000460757 -0.000529511 -0.000623013 -0.000752526 -0.000903993 -0.00109514 -0.0013408 -0.00162475 -0.00193948 -0.0022733 -0.00264544 -0.00302673 -0.00337102 -0.00366349 -0.00387609 -0.00398059 -0.00393699 -0.00372483 -0.00334368 -0.00278597 -0.00207971 -0.00127526 -0.00039465 0.000495 0.00132576 0.00205336 0.00264108 0.00304679 0.00325965 0.00329382 0.00316904 0.00292463 0.00263376 0.00231692 0.00199723 0.00171242 0.00145585 0.00123451 0.00107767 0.000952411 0.000851114 0.000781145 0.000718624 0.000682344 0.000710901 0.00079472 0.000954006 0.00119679 0.00149556 0.00184789 0.00224759 0.00264142 0.00298509 0.00322412 0.00329779 0.00317059 0.00285616 0.00235763 0.00168703 0.000898517 4.24557e-05 -0.000836144 -0.00164363 -0.00234264 -0.00291243 -0.00331808 -0.00354989 -0.0036062 -0.00350967 -0.00330411 -0.00300778 -0.00267096 -0.00231146 -0.00192864 -0.00157061 -0.00125354 -0.000976736 -0.000723815 -0.000502335 -0.000336088 -0.000203806 -9.03905e-05 -6.20171e-06 6.81388e-05 0.000106856 0.000142806 0.000182911 0.00019953 0.000214908 0.000230462 0.00024238 0.000260819 0.00026911 0.000270606 0.000287221 0.000304277 0.000318412 0.000320252 0.000333048 0.000337744 0.000334921 0.000324266 0.000300123 0.00026386 0.000206219 0.000111293 -1.63821e-05 -0.000163413 -0.000370762 -0.000627797 -0.000946306 -0.00132986 -0.0018002 -0.00235253 -0.00298447 -0.00372448 -0.00455217 -0.00545287 -0.00638088 -0.00729564 -0.00816375 -0.00895051 -0.00959582 -0.0100537 -0.0102787 -0.0102256 -0.00984207 -0.00911131 -0.00802121 -0.00653379 -0.00470266 -0.00258213 -0.000254417 0.00222912 0.00477453 0.00729212 0.00972415 0.0119243 0.0137922 0.0152317 0.0162194 
0 -0.00139687 -0.00284559 -0.00437678 -0.0060052 -0.00776337 -0.00962312 -0.0115278 -0.0134422 -0.0153075 -0.0170471 -0.0185793 -0.0198573 -0.0208088 -0.0213683 -0.0215475 -0.0213609 -0.0208105 -0.0199369 -0.0188112 -0.017487 -0.0160025 -0.0144381 -0.012862 -0.0112833 -0.00977623 -0.0083785 -0.0071319 -0.00603679 -0.00507952 -0.00427085 -0.00356119 -0.00298765 -0.00249477 -0.00209999 -0.00179397 -0.00152411 -0.00130551 -0.00113325 -0.00102472 -0.000930804 -0.000854626 -0.000798579 -0.000749498 -0.000704331 -0.000681529 -0.000648212 -0.000642503 -0.000623856 -0.000585562 -0.000561808 -0.000543844 -0.000540718 -0.000524716 -0.000526658 -0.000527208 -0.000548642 -0.000570934 -0.000615297 -0.000690323 -0.000819686 -0.000951669 -0.00111739 -0.00134591 -0.00165025 -0.00201506 -0.00243172 -0.00290074 -0.00343168 -0.00399512 -0.00452311 -0.00504204 -0.00548157 -0.0057991 -0.00596396 -0.00591265 -0.00557747 -0.00500417 -0.00416251 -0.00312821 -0.00191247 -0.000592464 0.000730454 0.00197338 0.00307933 0.00392951 0.00455322 0.0048908 0.00493392 0.00474669 0.00439726 0.00393016 0.00346424 0.00300544 0.00257625 0.00219683 0.00188026 0.00161057 0.00141762 0.00127329 0.00116378 0.00108472 0.00106074 0.00108265 0.00120704 0.00144555 0.00178976 0.00224076 0.00279898 0.00337758 0.00397077 0.00448667 0.00481872 0.00491919 0.00475463 0.00426055 0.00351765 0.00252087 0.00133443 4.69564e-05 -0.00124482 -0.00246588 -0.00351442 -0.00437784 -0.00496337 -0.00530402 -0.00539111 -0.00524873 -0.00494485 -0.00454044 -0.00401234 -0.00344822 -0.00288556 -0.00236036 -0.00188191 -0.00145281 -0.00108064 -0.000777982 -0.000522673 -0.000298988 -0.000137405 -1.3694e-06 9.227e-05 0.000159612 0.000215301 0.000274544 0.000304493 0.00033373 0.000339124 0.000361404 0.000376809 0.000401741 0.000421492 0.00044027 0.000473551 0.000472267 0.000475897 0.000493677 0.000505472 0.000503657 0.000481588 0.000424556 0.000369975 0.000272979 0.00014476 -4.57066e-05 -0.000287303 -0.000605944 -0.00102362 -0.00148799 -0.00207 -0.00277126 -0.00361299 -0.00458314 -0.00567858 -0.00689371 -0.0081888 -0.00953851 -0.0108765 -0.0121422 -0.0132703 -0.0141752 -0.0147972 -0.0150937 -0.014974 -0.0143681 -0.0132401 -0.0115863 -0.00939457 -0.00670998 -0.00363446 -0.000224117 0.00341405 0.00714031 0.0108089 0.0143014 0.0174742 0.0201558 0.0222663 0.0237206 
0 -0.00192943 -0.00392819 -0.0060052 -0.00820464 -0.010522 -0.0129514 -0.0154124 -0.0178718 -0.0202684 -0.0224863 -0.0244418 -0.0260524 -0.0272512 -0.0279644 -0.028212 -0.0280087 -0.0273437 -0.0262498 -0.0248215 -0.0231213 -0.02122 -0.0192168 -0.0171804 -0.0151518 -0.0131782 -0.0113582 -0.00970034 -0.00823258 -0.00694529 -0.00582941 -0.00488444 -0.00408598 -0.00342544 -0.00287685 -0.00244933 -0.0020899 -0.00179018 -0.00156402 -0.00140757 -0.00127042 -0.00116519 -0.00108995 -0.0010214 -0.000973786 -0.00091934 -0.000881458 -0.000852071 -0.000826652 -0.000789722 -0.000756888 -0.000747426 -0.000734473 -0.000711481 -0.000713335 -0.000710268 -0.000729885 -0.000773092 -0.000815556 -0.000917787 -0.00105818 -0.00124753 -0.00150371 -0.00181271 -0.00219938 -0.00268425 -0.00324281 -0.00386499 -0.00453593 -0.00527445 -0.00602339 -0.00671018 -0.00729401 -0.0077187 -0.00792596 -0.00784015 -0.0074173 -0.00665639 -0.00554898 -0.00415025 -0.00254584 -0.000796667 0.000966809 0.00261632 0.00406116 0.00522383 0.00603701 0.00647535 0.00655696 0.00632398 0.00585309 0.00527045 0.00463472 0.00399714 0.00342244 0.0029125 0.00248109 0.00216595 0.00191875 0.00172086 0.00157575 0.00145362 0.00138859 0.00144406 0.00161974 0.00194744 0.00243374 0.00303534 0.00373866 0.00451852 0.00528583 0.00595195 0.00640809 0.00654451 0.00629295 0.00566123 0.00466406 0.00333105 0.00176045 5.67344e-05 -0.00167958 -0.003285 -0.00467486 -0.00580211 -0.00660154 -0.00705683 -0.00716763 -0.00697776 -0.00656847 -0.00598736 -0.00531522 -0.00459775 -0.00384747 -0.00314069 -0.00250555 -0.0019444 -0.00143735 -0.00100092 -0.000665479 -0.00039875 -0.000177169 -9.21135e-06 0.000129894 0.000208306 0.000278848 0.00035528 0.000396166 0.000431347 0.000460103 0.000484163 0.000517714 0.000538802 0.000548399 0.000575749 0.000601044 0.000617868 0.00062027 0.000643168 0.000653978 0.000646532 0.000615359 0.000551285 0.000463128 0.000333797 0.000138707 -0.000125843 -0.000450541 -0.000897253 -0.00144744 -0.00210579 -0.00288998 -0.00384729 -0.00497888 -0.00626612 -0.00771896 -0.00929124 -0.0109643 -0.012684 -0.0143846 -0.0159847 -0.0173942 -0.0185019 -0.0192374 -0.0195322 -0.0192928 -0.0184159 -0.0168736 -0.0146755 -0.0118022 -0.00834335 -0.0043726 5.55899e-06 0.00468736 0.00946636 0.0141362 0.0185679 0.0225544 0.0259586 0.0286349 0.0305024 
0 -0.00251854 -0.00509931 -0.00776337 -0.010522 -0.0133913 -0.0163424 -0.0193132 -0.022261 -0.0251049 -0.0277251 -0.030011 -0.0318967 -0.0333066 -0.0341686 -0.0344914 -0.0342792 -0.0335195 -0.0322587 -0.0305914 -0.0285977 -0.0263428 -0.023944 -0.0215027 -0.0190562 -0.016695 -0.0144736 -0.0124329 -0.0105858 -0.00894419 -0.00753888 -0.00632882 -0.00532616 -0.0044622 -0.00374647 -0.00318121 -0.00271327 -0.00234116 -0.00204504 -0.00182405 -0.00162836 -0.0014741 -0.00137126 -0.00129386 -0.00122352 -0.00116479 -0.00109604 -0.00106095 -0.00102812 -0.000985865 -0.00096061 -0.000939472 -0.000919652 -0.000883277 -0.00087524 -0.000882978 -0.000924862 -0.000972634 -0.00103947 -0.00115143 -0.00133996 -0.00156878 -0.00187095 -0.00227068 -0.00277633 -0.00337158 -0.00405003 -0.00481745 -0.0056836 -0.00661279 -0.00751332 -0.00837382 -0.00910025 -0.00962113 -0.00987904 -0.00978084 -0.00924173 -0.00829634 -0.00691967 -0.00520005 -0.00318874 -0.00100659 0.00118305 0.00323502 0.00504291 0.00646117 0.00748887 0.00805921 0.00816594 0.00788745 0.00732454 0.00657174 0.00578301 0.00500271 0.00428042 0.00364981 0.00313016 0.00270842 0.00239767 0.00215884 0.0019714 0.00183212 0.00177984 0.00183168 0.00205518 0.00247004 0.00306368 0.00382041 0.00472167 0.00566628 0.00661203 0.00742917 0.00796504 0.0081223 0.00783154 0.00702351 0.0057783 0.00411899 0.00215454 2.85227e-05 -0.00210466 -0.00410513 -0.00583332 -0.00724326 -0.00822228 -0.00878727 -0.00893185 -0.00869718 -0.00818631 -0.00749214 -0.00663349 -0.00572048 -0.00480674 -0.00394361 -0.00314673 -0.00242135 -0.00178587 -0.00126684 -0.000848979 -0.000503531 -0.000238774 -1.44873e-05 0.00015507 0.000274688 0.000364446 0.000444829 0.00048959 0.000536125 0.000568909 0.000618169 0.000655181 0.000683395 0.00069552 0.000715018 0.000760377 0.000779113 0.000793532 0.000807171 0.000799085 0.000772856 0.000727998 0.000643826 0.000534487 0.000342136 7.41447e-05 -0.000281107 -0.000709357 -0.00126175 -0.00197836 -0.0028215 -0.00385217 -0.00506775 -0.0064785 -0.00807073 -0.00983865 -0.0117575 -0.0137626 -0.0157994 -0.0177804 -0.0196249 -0.0212367 -0.0224812 -0.0232547 -0.0234757 -0.0230311 -0.0218397 -0.0198776 -0.0171562 -0.0136704 -0.00948991 -0.00473818 0.000489867 0.00603744 0.0116794 0.0171858 0.0223762 0.0270572 0.0310319 0.0341761 0.0363607 
0 -0.00315599 -0.00636391 -0.00962312 -0.0129514 -0.0163424 -0.0197835 -0.0232077 -0.0265656 -0.0297705 -0.0326899 -0.0352296 -0.0373246 -0.0389105 -0.0399078 -0.0403064 -0.040102 -0.0392902 -0.0379218 -0.0360979 -0.0338845 -0.0313544 -0.0286342 -0.0258387 -0.0230418 -0.0203118 -0.0177283 -0.015312 -0.0131008 -0.0111244 -0.0094057 -0.00793673 -0.00668733 -0.00562279 -0.00472771 -0.00401004 -0.00342085 -0.00294029 -0.00255958 -0.00226579 -0.00201403 -0.00181897 -0.00168255 -0.00157488 -0.00148969 -0.00140674 -0.00133805 -0.00128779 -0.00124334 -0.00118974 -0.00114556 -0.00112123 -0.0010968 -0.0010642 -0.0010584 -0.00106483 -0.00110347 -0.00116896 -0.00125101 -0.00139866 -0.00161219 -0.0018938 -0.00226445 -0.00273096 -0.00331651 -0.00403543 -0.00486729 -0.00580056 -0.00682139 -0.00791814 -0.00901178 -0.0100275 -0.0108896 -0.0115148 -0.0118143 -0.0116833 -0.0110521 -0.00991819 -0.00828341 -0.00622431 -0.00384221 -0.00125329 0.0013604 0.00381937 0.00597909 0.0077107 0.00893464 0.00960594 0.0097396 0.00941075 0.00873869 0.00787829 0.0069447 0.00601451 0.00515654 0.00439486 0.00375184 0.00325429 0.00287338 0.00258331 0.00237156 0.0022188 0.00215928 0.00225142 0.00252472 0.00301441 0.0037238 0.00461867 0.00566875 0.00681083 0.00793437 0.00889734 0.00953372 0.00970007 0.00930577 0.00833698 0.00683422 0.00485466 0.00252586 3.78044e-06 -0.00254677 -0.00492488 -0.00698834 -0.00865333 -0.00983118 -0.0105024 -0.0106735 -0.010405 -0.00980309 -0.00895425 -0.00794601 -0.00686304 -0.00575615 -0.00470878 -0.00375884 -0.00291328 -0.00216319 -0.00152833 -0.00102199 -0.000613687 -0.000280747 -1.57484e-05 0.000192338 0.000328191 0.000438178 0.000539774 0.00060349 0.000654632 0.000694711 0.000735999 0.000781535 0.000814786 0.000834722 0.000869295 0.000910436 0.000938813 0.000949494 0.000960455 0.000943972 0.000898508 0.00082289 0.000704407 0.000539813 0.00029156 -5.88238e-05 -0.000507654 -0.00104755 -0.00174391 -0.00261649 -0.00367269 -0.00493464 -0.00641954 -0.00811353 -0.00999676 -0.01207 -0.0142845 -0.0165794 -0.0188636 -0.0210464 -0.0230429 -0.0247531 -0.0260314 -0.0267506 -0.0268038 -0.0260894 -0.0245388 -0.0221517 -0.018941 -0.0148919 -0.0100909 -0.00466209 0.00124528 0.00746532 0.0137558 0.0198832 0.0256647 0.0308606 0.0352746 0.0387377 0.0411362 
0 -0.00382037 -0.00766571 -0.0115278 -0.0154124 -0.0193132 -0.0232077 -0.0270303 -0.0307212 -0.0341971 -0.0373426 -0.0400744 -0.0423333 -0.0440519 -0.0451531 -0.0456168 -0.0454385 -0.0446176 -0.0432032 -0.0412809 -0.0389204 -0.0362009 -0.0332529 -0.0301948 -0.0271013 -0.0240504 -0.0211226 -0.0183652 -0.015818 -0.0135129 -0.0114741 -0.00970008 -0.00818229 -0.00689393 -0.00581947 -0.0049434 -0.00421363 -0.00361044 -0.00313114 -0.00276211 -0.00245991 -0.0022178 -0.00203174 -0.00187981 -0.0017571 -0.00165799 -0.00158162 -0.00152624 -0.00146898 -0.00139957 -0.00134309 -0.00131158 -0.00128854 -0.00126167 -0.00125144 -0.00125634 -0.00129242 -0.00135947 -0.00146355 -0.00164031 -0.00189582 -0.00222317 -0.00264516 -0.00318824 -0.00387507 -0.00470886 -0.00567492 -0.00676253 -0.00795691 -0.00922141 -0.0104748 -0.011647 -0.012648 -0.0133758 -0.0137242 -0.0135721 -0.0128376 -0.0115167 -0.00962534 -0.00724487 -0.004484 -0.00149014 0.00153284 0.00438281 0.0068877 0.00889772 0.0103292 0.0111273 0.0113011 0.0109384 0.0101772 0.00918158 0.00810003 0.00702604 0.00602812 0.00514433 0.00440031 0.00381067 0.00336271 0.0030279 0.00278417 0.0026218 0.0025725 0.00268625 0.00301261 0.00358649 0.00440865 0.00545185 0.00667233 0.00798252 0.00926444 0.0103522 0.0110575 0.0112258 0.010757 0.00962123 0.00786827 0.00557278 0.00287433 -4.6028e-05 -0.00298916 -0.005742 -0.00813486 -0.0100567 -0.0114109 -0.0121777 -0.0123742 -0.0120696 -0.011381 -0.0104099 -0.00924126 -0.00797622 -0.00669582 -0.00548195 -0.00437575 -0.00338747 -0.00252162 -0.00179244 -0.00119698 -0.000710671 -0.000320062 -1.30697e-05 0.000216803 0.000375566 0.000504836 0.000622861 0.000708782 0.000771963 0.000815297 0.000856851 0.000903252 0.000947091 0.000983342 0.00102428 0.00106217 0.00107663 0.00107742 0.00107932 0.00105919 0.00100105 0.000891533 0.000722265 0.00049534 0.000180749 -0.000244643 -0.00079346 -0.0014763 -0.00234372 -0.00341343 -0.00468322 -0.00618163 -0.00792488 -0.00989709 -0.0120647 -0.0144001 -0.0168525 -0.0193519 -0.0218076 -0.0241165 -0.0261791 -0.0278819 -0.0290766 -0.0296333 -0.0294435 -0.0284116 -0.026483 -0.0236658 -0.019978 -0.0154245 -0.0100948 -0.00413628 0.00228158 0.0089705 0.0156933 0.0222293 0.028383 0.0339086 0.0385795 0.0422203 0.0447179 
0 -0.00449371 -0.00897884 -0.0134422 -0.0178718 -0.022261 -0.0265656 -0.0307212 -0.0346645 -0.0383286 -0.0416325 -0.0445025 -0.0468779 -0.0486834 -0.0498571 -0.0503806 -0.0502529 -0.049471 -0.0480705 -0.0461167 -0.0436882 -0.0408716 -0.0377872 -0.0345441 -0.0312127 -0.0278899 -0.0246578 -0.0215945 -0.0187355 -0.0161114 -0.013753 -0.0116653 -0.0098674 -0.00833477 -0.00705647 -0.0059968 -0.00510863 -0.00437348 -0.00378438 -0.00332244 -0.00295009 -0.00264642 -0.00240657 -0.0022156 -0.00205632 -0.00193366 -0.0018317 -0.00175779 -0.00168635 -0.00161156 -0.00155416 -0.00151418 -0.00148395 -0.00145444 -0.001438 -0.00144863 -0.00149182 -0.0015633 -0.00168502 -0.00187572 -0.00216452 -0.00254324 -0.00303219 -0.00366414 -0.00445315 -0.00539486 -0.00648491 -0.00771386 -0.00907335 -0.010508 -0.0119305 -0.0132657 -0.0143991 -0.0152165 -0.0156008 -0.0154252 -0.0145963 -0.0131025 -0.0109633 -0.00826668 -0.00512956 -0.00173704 0.00168576 0.00491423 0.00775326 0.0100322 0.0116681 0.0125974 0.0128245 0.0124466 0.0116147 0.0104919 0.0092602 0.00803247 0.00688483 0.00587789 0.005043 0.00437551 0.00387317 0.00349704 0.00321424 0.00303135 0.0029863 0.00312401 0.00351623 0.00419029 0.00513537 0.00632601 0.00770507 0.00916248 0.0105817 0.0117773 0.012541 0.0127067 0.0121638 0.0108615 0.00885936 0.00624825 0.00318254 -0.000129694 -0.00345159 -0.00656211 -0.00926519 -0.0114336 -0.0129646 -0.0138342 -0.0140613 -0.013719 -0.0129324 -0.0118323 -0.0105082 -0.00907752 -0.00763981 -0.00626701 -0.00500513 -0.00386789 -0.0028736 -0.00204091 -0.00135879 -0.000807324 -0.000371034 -2.05531e-05 0.000239232 0.000431691 0.000581468 0.000707287 0.000806425 0.000880873 0.000936647 0.00099301 0.00104372 0.00108995 0.00112803 0.00116395 0.0012003 0.00120851 0.00120465 0.00118961 0.00115119 0.0010675 0.000918521 0.000695169 0.000397412 -2.53086e-06 -0.000524248 -0.00119281 -0.00203513 -0.00308507 -0.00436608 -0.00586112 -0.00760241 -0.00959619 -0.011828 -0.0142521 -0.0168073 -0.0194385 -0.0220654 -0.0246068 -0.0269512 -0.0289797 -0.0305572 -0.0315419 -0.0318211 -0.0313084 -0.0299188 -0.0276022 -0.0243607 -0.0202214 -0.0152342 -0.00949952 -0.00318349 0.00354837 0.0104983 0.0174424 0.0241684 0.0304659 0.0361072 0.0408534 0.0445421 0.0470544 
0 -0.00514754 -0.0102622 -0.0153075 -0.0202684 -0.0251049 -0.0297705 -0.0341971 -0.0383286 -0.0421235 -0.0455247 -0.0484805 -0.0509202 -0.0527766 -0.0540074 -0.0545938 -0.0545337 -0.0538262 -0.0524894 -0.0505839 -0.0481731 -0.0453491 -0.0422071 -0.0388375 -0.0353462 -0.0318083 -0.0283402 -0.024999 -0.0218439 -0.0189194 -0.0162471 -0.0138774 -0.0117864 -0.0099947 -0.00847147 -0.00719376 -0.00613382 -0.0052511 -0.00453741 -0.00395437 -0.00347951 -0.00309826 -0.00280109 -0.00256911 -0.00238664 -0.00222102 -0.002097 -0.0019896 -0.00190527 -0.00183391 -0.00176793 -0.00171915 -0.00166932 -0.00163256 -0.00161628 -0.00163679 -0.00168783 -0.00178334 -0.0019176 -0.00213593 -0.00244135 -0.00287349 -0.00343936 -0.00414916 -0.00502236 -0.0060797 -0.00730394 -0.00868495 -0.0101947 -0.0117915 -0.0134025 -0.0148807 -0.0161343 -0.01704 -0.0174501 -0.017237 -0.0163287 -0.014662 -0.0122902 -0.00927874 -0.00579399 -0.00202109 0.00179595 0.00540331 0.00856643 0.0111441 0.0129744 0.014022 0.0143076 0.0139152 0.013003 0.011792 0.0104213 0.00904628 0.00776727 0.00663612 0.00568404 0.00494708 0.00437602 0.00395041 0.00364895 0.00346265 0.00342171 0.00361421 0.00406734 0.00482473 0.00589102 0.00721813 0.00872871 0.0103523 0.0119014 0.0131906 0.0140115 0.0141599 0.0135016 0.0120385 0.00977924 0.00685728 0.0034449 -0.000232601 -0.00392962 -0.00737688 -0.0103842 -0.0127793 -0.0144971 -0.0154683 -0.0157238 -0.0153556 -0.0144844 -0.0132331 -0.0117694 -0.0101837 -0.00857832 -0.00704 -0.00562536 -0.00436098 -0.00324752 -0.0022993 -0.00153351 -0.000927258 -0.000428909 -3.82291e-05 0.000272401 0.000497288 0.000672268 0.000806452 0.000911118 0.000985822 0.00106044 0.00112458 0.00119126 0.00123553 0.00126834 0.00130734 0.00133433 0.00135742 0.00134598 0.00130675 0.00122792 0.00109263 0.000888562 0.000610722 0.000226828 -0.000270902 -0.00092658 -0.0017431 -0.00275329 -0.00399658 -0.00547421 -0.00721922 -0.00920386 -0.011446 -0.0139033 -0.0165248 -0.0192525 -0.0219989 -0.0246937 -0.0272265 -0.0294936 -0.0313645 -0.0326949 -0.0333615 -0.0332713 -0.0323585 -0.030568 -0.0278496 -0.0242054 -0.0196741 -0.014344 -0.00835367 -0.00184898 0.00499128 0.0119977 0.018954 0.0256461 0.0318696 0.0374003 0.0420575 0.0456698 0.0481355 
0 -0.00575275 -0.0114474 -0.0170471 -0.0224863 -0.0277251 -0.0326899 -0.0373426 -0.0416325 -0.0455247 -0.0489909 -0.0519825 -0.0544498 -0.0563387 -0.0576268 -0.0582838 -0.0583023 -0.057684 -0.0564628 -0.0546654 -0.0523578 -0.0496004 -0.0464654 -0.0430552 -0.0394629 -0.035807 -0.0321423 -0.0285714 -0.025145 -0.0219288 -0.0189793 -0.0163085 -0.0139379 -0.0118528 -0.010068 -0.00855415 -0.00729436 -0.00625149 -0.00539212 -0.00467444 -0.00409611 -0.003624 -0.00325127 -0.00296827 -0.00272724 -0.00253976 -0.00237554 -0.00225279 -0.0021485 -0.00206075 -0.00198964 -0.00192213 -0.00186633 -0.00183136 -0.00180622 -0.00183074 -0.00189031 -0.00198221 -0.00215359 -0.00239517 -0.00275333 -0.00322322 -0.00382681 -0.00461423 -0.00559815 -0.00676011 -0.00811264 -0.00964248 -0.0113326 -0.0130869 -0.0148241 -0.0164535 -0.0178339 -0.0188204 -0.0192685 -0.019036 -0.0180166 -0.0161829 -0.0135772 -0.0102883 -0.00645628 -0.00231929 0.00186977 0.00584331 0.009352 0.0121854 0.0142341 0.0154214 0.015753 0.0153478 0.0143896 0.0130543 0.0115707 0.0100803 0.00866613 0.00741461 0.00636891 0.00551121 0.0048698 0.00440701 0.00408131 0.00391075 0.0039241 0.00414347 0.00466283 0.00550578 0.00666248 0.00811945 0.00979934 0.0115499 0.0132297 0.0146078 0.0154425 0.0155472 0.0148019 0.0131417 0.0106382 0.00742095 0.00367089 -0.00036679 -0.00439911 -0.00818471 -0.0114858 -0.0141246 -0.0159909 -0.0170497 -0.0173367 -0.0169372 -0.0159862 -0.0146461 -0.0130244 -0.0112565 -0.00949271 -0.00780045 -0.00623827 -0.00482721 -0.00360725 -0.00258383 -0.00172871 -0.00103007 -0.000478633 -3.36179e-05 0.000294409 0.000559567 0.000755961 0.000898501 0.00101904 0.00110497 0.00118038 0.00125756 0.00131825 0.00137079 0.00141491 0.00144374 0.00147568 0.00147711 0.00145774 0.00138254 0.00126027 0.00107198 0.000803689 0.000451118 -2.05271e-05 -0.000642583 -0.00143755 -0.00242475 -0.00363476 -0.00506987 -0.00677816 -0.00875012 -0.0109909 -0.0134507 -0.0160899 -0.0188574 -0.021674 -0.024483 -0.0271582 -0.0295957 -0.0316662 -0.0332537 -0.0342323 -0.0345015 -0.0339825 -0.0326204 -0.030381 -0.0272496 -0.0232367 -0.0183907 -0.0128447 -0.00672472 -0.000200343 0.00658467 0.0134477 0.020206 0.0266598 0.0325836 0.0378261 0.0422141 0.0456424 0.0479791 
0 -0.006285 -0.0125003 -0.0185793 -0.0244418 -0.030011 -0.0352296 -0.0400744 -0.0445025 -0.0484805 -0.0519825 -0.0549828 -0.0574531 -0.0593653 -0.0607135 -0.0614501 -0.0615609 -0.0610706 -0.0599981 -0.0583727 -0.0562161 -0.0535926 -0.0505492 -0.047165 -0.0435704 -0.0398286 -0.0360403 -0.0322753 -0.0286265 -0.0251662 -0.0219264 -0.0189767 -0.0162935 -0.0139302 -0.0118737 -0.0101046 -0.00862092 -0.00737548 -0.0063497 -0.00549672 -0.00480839 -0.00424662 -0.00378323 -0.00341277 -0.00312267 -0.00287822 -0.00269886 -0.00253754 -0.00240354 -0.00229712 -0.00220244 -0.00213192 -0.00207749 -0.00205025 -0.0020285 -0.00204176 -0.00208378 -0.00219374 -0.00237495 -0.00265446 -0.00303047 -0.0035576 -0.00424149 -0.00509717 -0.00615461 -0.00744422 -0.00893812 -0.0106131 -0.012425 -0.0143201 -0.0162397 -0.0180013 -0.0194961 -0.0205748 -0.0210463 -0.0207745 -0.0196859 -0.0176846 -0.0148529 -0.0112633 -0.00711543 -0.00263256 0.0019165 0.00624152 0.0100543 0.0131868 0.0154265 0.0167372 0.0171497 0.0167583 0.0157418 0.0143508 0.0127372 0.0110959 0.00955274 0.0081784 0.00701437 0.00610782 0.00540464 0.00489257 0.00455368 0.00437933 0.00439378 0.00468952 0.0052831 0.00622014 0.00750836 0.00909299 0.0108746 0.012768 0.0145384 0.0159703 0.0168328 0.0168955 0.0160111 0.0141918 0.0114401 0.00792999 0.00385823 -0.000515145 -0.00490232 -0.00900125 -0.0125812 -0.0154171 -0.0174536 -0.0185989 -0.0189023 -0.0184821 -0.0174585 -0.0159753 -0.0142392 -0.0123411 -0.010412 -0.00854702 -0.00682828 -0.00530728 -0.00397654 -0.00283132 -0.00188675 -0.00112981 -0.000511421 -3.8879e-05 0.000327078 0.000600865 0.000817314 0.000984483 0.00113073 0.00123271 0.00132379 0.0013889 0.0014513 0.00149911 0.00154527 0.001582 0.00158163 0.00156958 0.00150966 0.00140285 0.00124542 0.00100587 0.000666248 0.000220597 -0.000379599 -0.00113 -0.00208247 -0.00324676 -0.00466403 -0.00633911 -0.00826314 -0.0104799 -0.0129203 -0.0155676 -0.0183496 -0.0212026 -0.0240619 -0.0268264 -0.0293984 -0.0316267 -0.0333985 -0.0346004 -0.0351309 -0.0349355 -0.0339397 -0.0320918 -0.0293853 -0.0258423 -0.0215106 -0.0164567 -0.0108166 -0.00472255 0.00169079 0.00824974 0.0147921 0.0211527 0.0271571 0.032619 0.0373996 0.0414043 0.0445193 0.0466463 
0 -0.00673796 -0.0133815 -0.0198573 -0.0260524 -0.0318967 -0.0373246 -0.0423333 -0.0468779 -0.0509202 -0.0544498 -0.0574531 -0.0599255 -0.06186 -0.0632631 -0.0640885 -0.0643264 -0.0639957 -0.0631203 -0.0616841 -0.0597238 -0.0572893 -0.0544094 -0.0511513 -0.0475997 -0.0438574 -0.0399836 -0.0361035 -0.0322921 -0.0286129 -0.0251233 -0.0218734 -0.0189089 -0.0162544 -0.0139238 -0.0118834 -0.0101411 -0.00867128 -0.00745082 -0.00642988 -0.00561158 -0.00493015 -0.00435872 -0.00390548 -0.00353396 -0.00325159 -0.00301936 -0.00283155 -0.00267006 -0.00254321 -0.0024411 -0.00235173 -0.00228565 -0.0022552 -0.0022264 -0.00224817 -0.00230659 -0.00241486 -0.00262523 -0.00292126 -0.00334496 -0.00391313 -0.00464967 -0.00559646 -0.0067679 -0.00814648 -0.00974919 -0.0115612 -0.0135479 -0.0155988 -0.0176402 -0.0195413 -0.0211457 -0.0222831 -0.0227816 -0.0224924 -0.0213043 -0.0191596 -0.016115 -0.0122606 -0.00777965 -0.00295084 0.0019428 0.00659518 0.010716 0.0140789 0.0165361 0.0180086 0.0185064 0.0181441 0.0171121 0.0156094 0.0138838 0.0121205 0.0104423 0.00895634 0.00771539 0.00670584 0.00594595 0.00540029 0.00503523 0.00487024 0.00493794 0.00526647 0.00594107 0.00698274 0.00837768 0.0100928 0.0120257 0.0140041 0.0158495 0.0173144 0.0181503 0.0181512 0.017182 0.0151762 0.0121907 0.00838814 0.00398722 -0.000727054 -0.00541911 -0.00981225 -0.0136451 -0.0166997 -0.0188694 -0.0201023 -0.0204461 -0.0199995 -0.0189013 -0.0173323 -0.015446 -0.013382 -0.0113159 -0.00931969 -0.00746283 -0.00578435 -0.00433372 -0.00310678 -0.00207906 -0.00123858 -0.000573933 -4.99791e-05 0.000340291 0.00066291 0.000904621 0.0010798 0.00123676 0.00134996 0.00144804 0.0015296 0.00158777 0.00164132 0.0016926 0.00171105 0.00170313 0.00165074 0.00156274 0.00140358 0.00118921 0.000882334 0.000452873 -0.000108382 -0.000847081 -0.0017636 -0.00288294 -0.00424101 -0.00588635 -0.00779108 -0.00996338 -0.0123785 -0.0150012 -0.0177723 -0.0206434 -0.0235402 -0.0263512 -0.0289907 -0.0313219 -0.0332372 -0.0346138 -0.0353523 -0.0353696 -0.0346397 -0.0331202 -0.0307691 -0.0276069 -0.0236983 -0.0191205 -0.0139608 -0.00836689 -0.00243321 0.0037023 0.00988399 0.0159278 0.0217085 0.0271027 0.0319481 0.0361743 0.0396816 0.0424039 0.0442412 
0 -0.00708573 -0.0140515 -0.0208088 -0.0272512 -0.0333066 -0.0389105 -0.0440519 -0.0486834 -0.0527766 -0.0563387 -0.0593653 -0.06186 -0.0638223 -0.0652854 -0.0662202 -0.0666176 -0.0664948 -0.0658378 -0.064631 -0.0628974 -0.0607022 -0.0580477 -0.054961 -0.0515321 -0.0478335 -0.0439579 -0.0400082 -0.0360766 -0.0322252 -0.0285084 -0.0250153 -0.0217746 -0.0188388 -0.0162121 -0.0138816 -0.0118729 -0.0101613 -0.00871783 -0.00749867 -0.0065073 -0.00569345 -0.00501569 -0.0044712 -0.00403226 -0.00367271 -0.00338765 -0.00314924 -0.00295951 -0.00281887 -0.00269641 -0.00258411 -0.00249731 -0.0024543 -0.00242982 -0.00245638 -0.00252274 -0.00265585 -0.00287686 -0.00319576 -0.00364143 -0.00426804 -0.00508612 -0.00610473 -0.00734849 -0.00884091 -0.0105717 -0.01252 -0.0146354 -0.0168347 -0.0190416 -0.0210684 -0.0227664 -0.0239671 -0.0244714 -0.0241408 -0.0228803 -0.020591 -0.0173419 -0.0132284 -0.00846443 -0.00332272 0.00190063 0.00688404 0.0113087 0.0149527 0.0176058 0.0192082 0.0197899 0.0194576 0.0184007 0.0168607 0.0150404 0.0131546 0.0113585 0.00975306 0.00839504 0.00731711 0.00649144 0.00590192 0.00553386 0.00538666 0.00548745 0.00590093 0.00665809 0.00779154 0.00929844 0.0111206 0.0131451 0.0152329 0.0171451 0.0186359 0.0194573 0.0193789 0.0182538 0.0160618 0.0128334 0.00875625 0.00406314 -0.000947608 -0.00594371 -0.010614 -0.0146888 -0.0179288 -0.020253 -0.0215778 -0.0219502 -0.021489 -0.0203191 -0.0186207 -0.0166121 -0.0144237 -0.0122118 -0.0100639 -0.00806352 -0.00627495 -0.00471114 -0.00336794 -0.00225301 -0.00135441 -0.000632874 -6.85129e-05 0.000375405 0.000730934 0.00100006 0.00119049 0.00134882 0.00146467 0.00157197 0.00165935 0.00172705 0.00177645 0.00181376 0.00181657 0.00177706 0.00171103 0.00158689 0.00137683 0.00108208 0.000672719 0.000133513 -0.000552961 -0.00144417 -0.00253658 -0.00385875 -0.00543311 -0.00729944 -0.00942937 -0.0117994 -0.0144036 -0.0171587 -0.0200178 -0.0229185 -0.0257754 -0.0284726 -0.0308786 -0.0328805 -0.0343719 -0.0352718 -0.0354865 -0.0349393 -0.033635 -0.0315562 -0.0287043 -0.0251342 -0.0209389 -0.0162084 -0.0110454 -0.00560398 2.73961e-05 0.00573992 0.0113791 0.0167806 0.0218486 0.0265053 0.0306428 0.0342142 0.0371583 0.0394085 0.0409066 
0 -0.00729345 -0.0144469 -0.0213683 -0.0279644 -0.0341686 -0.0399078 -0.0451531 -0.0498571 -0.0540074 -0.0576268 -0.0607135 -0.0632631 -0.0652854 -0.0668333 -0.0678993 -0.0684757 -0.0685671 -0.0681497 -0.0671957 -0.0657298 -0.0638035 -0.061403 -0.0585437 -0.0553028 -0.0517465 -0.0479388 -0.0439787 -0.0399665 -0.0359799 -0.0320897 -0.0283785 -0.024883 -0.0216554 -0.0187241 -0.0161007 -0.0138195 -0.0118563 -0.0101732 -0.00873351 -0.00755332 -0.00658451 -0.00577831 -0.0051237 -0.00458743 -0.00414895 -0.00379501 -0.00350617 -0.00327803 -0.0031081 -0.00296351 -0.00283217 -0.00273272 -0.00268136 -0.00265109 -0.00267292 -0.00274299 -0.00288613 -0.00313217 -0.0034834 -0.00396787 -0.00463301 -0.00550302 -0.00659759 -0.00793918 -0.00953659 -0.0113894 -0.0134767 -0.0157359 -0.0180666 -0.0203903 -0.022536 -0.0243361 -0.0256003 -0.0261255 -0.0257624 -0.0244054 -0.021974 -0.0185319 -0.0141835 -0.00914488 -0.00370476 0.0018298 0.00712313 0.0118422 0.0157351 0.0185973 0.0203527 0.0210278 0.0207374 0.0196761 0.0180799 0.0161811 0.0141974 0.012292 0.0105773 0.00911751 0.00794067 0.00704481 0.00641807 0.0060485 0.00593655 0.00610272 0.00658623 0.0074257 0.00864873 0.0102512 0.0121791 0.0143143 0.0164827 0.0184433 0.0199343 0.0207013 0.020523 0.0192592 0.0168729 0.0134128 0.00906991 0.00409433 -0.00120215 -0.00647332 -0.011405 -0.0157125 -0.019145 -0.0215928 -0.0229876 -0.023384 -0.0229025 -0.0216802 -0.019902 -0.0177726 -0.0154412 -0.0130833 -0.0107947 -0.00865619 -0.00673605 -0.00506745 -0.00364104 -0.00244628 -0.00146671 -0.000681005 -6.92832e-05 0.000406598 0.0007914 0.00108142 0.00128805 0.00145858 0.00158723 0.00170184 0.00179225 0.00185589 0.00190062 0.00192619 0.00190261 0.00183013 0.00172154 0.00155068 0.00127516 0.000889662 0.000369067 -0.000294499 -0.00111875 -0.00216807 -0.00345165 -0.00499213 -0.00680475 -0.00890216 -0.0112352 -0.0137803 -0.0165239 -0.0193822 -0.0222763 -0.0251278 -0.0278435 -0.0303062 -0.0323882 -0.0339692 -0.0349639 -0.035314 -0.0349516 -0.0338209 -0.0319411 -0.0293254 -0.0260141 -0.0221082 -0.0177237 -0.0129451 -0.00787743 -0.0026854 0.00253555 0.00768991 0.012654 0.0172997 0.0215705 0.0254216 0.0287785 0.0316284 0.0339409 0.0356778 0.0368109 
0 -0.00735214 -0.0145647 -0.0215475 -0.028212 -0.0344914 -0.0403064 -0.0456168 -0.0503806 -0.0545938 -0.0582838 -0.0614501 -0.0640885 -0.0662202 -0.0678993 -0.0691255 -0.0698933 -0.0702082 -0.0700573 -0.0693963 -0.0682378 -0.0666034 -0.0644789 -0.0618905 -0.0588952 -0.0555498 -0.0518702 -0.0479595 -0.0439256 -0.0398578 -0.0358403 -0.0319367 -0.0282129 -0.024716 -0.0214981 -0.0185822 -0.0160049 -0.0137593 -0.0118132 -0.0101426 -0.00876162 -0.00761447 -0.00664959 -0.00585964 -0.00521044 -0.00469307 -0.00426383 -0.00391255 -0.00362522 -0.00340518 -0.00323159 -0.00308575 -0.00298457 -0.00293054 -0.00289318 -0.00290221 -0.00297223 -0.00312198 -0.0033924 -0.00376788 -0.00429172 -0.00500282 -0.0059329 -0.00710495 -0.00854294 -0.0102466 -0.0122232 -0.0144358 -0.016821 -0.0192792 -0.0217184 -0.0239826 -0.0258745 -0.0271895 -0.0277301 -0.02734 -0.0258952 -0.0233357 -0.0197023 -0.0151243 -0.00982115 -0.00410022 0.00172374 0.00730177 0.0122991 0.0164254 0.0194932 0.0214074 0.0221934 0.0219705 0.0209334 0.0192958 0.0173226 0.0152333 0.0132093 0.0113859 0.00984133 0.00858605 0.00764053 0.00698298 0.0066015 0.00650716 0.00672873 0.00728255 0.00822278 0.00955803 0.0112689 0.0132967 0.0155207 0.0177332 0.0197105 0.0211769 0.0218737 0.0215868 0.0201834 0.0176029 0.0139216 0.00932187 0.00407428 -0.00149814 -0.00703195 -0.0122078 -0.0167185 -0.020324 -0.0228826 -0.0243492 -0.0247757 -0.0242766 -0.0229987 -0.0211436 -0.0189025 -0.0164501 -0.0139575 -0.0115269 -0.00925186 -0.00720225 -0.00542459 -0.00390677 -0.002628 -0.00157222 -0.000730626 -7.05955e-05 0.000432825 0.000842138 0.00114939 0.00137916 0.00157361 0.00172691 0.00184858 0.00193386 0.00197693 0.0020064 0.00201711 0.00196774 0.0018607 0.00168934 0.00144976 0.00109311 0.000613651 -1.79654e-05 -0.000819034 -0.00181369 -0.00305443 -0.00455219 -0.00631125 -0.00835139 -0.0106649 -0.0131804 -0.0158717 -0.0187005 -0.0216032 -0.0244652 -0.027191 -0.0296729 -0.0317959 -0.0334622 -0.0345494 -0.0349927 -0.0347393 -0.0337539 -0.0320229 -0.0295885 -0.0264917 -0.0227969 -0.0186399 -0.0141617 -0.00944518 -0.00459053 0.000239101 0.00494139 0.00942599 0.0136122 0.0174217 0.0208429 0.023853 0.0263947 0.0284885 0.0301408 0.0313611 0.0321409 
0 -0.00726459 -0.0144156 -0.0213609 -0.0280087 -0.0342792 -0.040102 -0.0454385 -0.0502529 -0.0545337 -0.0583023 -0.0615609 -0.0643264 -0.0666176 -0.0684757 -0.0698933 -0.0708654 -0.0714295 -0.0715586 -0.0712263 -0.0703956 -0.0690827 -0.0672774 -0.0649912 -0.0622944 -0.059183 -0.0557014 -0.0519102 -0.047931 -0.0438461 -0.0397232 -0.0356682 -0.0317415 -0.0280231 -0.0245439 -0.0213376 -0.0184499 -0.015899 -0.013666 -0.0117495 -0.0101314 -0.00877647 -0.00762865 -0.00667567 -0.00591544 -0.00529046 -0.00478864 -0.00436115 -0.00401589 -0.00375043 -0.00353654 -0.00336333 -0.00324404 -0.00316941 -0.00313342 -0.00313889 -0.00321133 -0.00338759 -0.0036656 -0.00407209 -0.00462541 -0.00539425 -0.00640036 -0.00764497 -0.00915206 -0.0109632 -0.0130513 -0.0153901 -0.017897 -0.0204913 -0.0230625 -0.0254198 -0.0273777 -0.0287376 -0.0292766 -0.0288468 -0.0273386 -0.0246549 -0.0208468 -0.0160502 -0.0105068 -0.00451731 0.00157811 0.00742713 0.0126735 0.0170458 0.0203076 0.0223833 0.0233002 0.0231594 0.0221383 0.0204975 0.0184541 0.0162674 0.0141491 0.0122277 0.0105789 0.00926687 0.00825969 0.00756478 0.00718872 0.00712495 0.00738928 0.00804229 0.0090748 0.0105104 0.0123352 0.0144598 0.0167395 0.0190039 0.0209682 0.022379 0.0229913 0.022585 0.0210129 0.0182539 0.014349 0.00950291 0.00399483 -0.00182662 -0.00760642 -0.0129986 -0.0176959 -0.0214422 -0.0241229 -0.0256674 -0.026124 -0.0256253 -0.024304 -0.0223472 -0.0199959 -0.0174326 -0.0148125 -0.0122564 -0.00985111 -0.00769656 -0.00580573 -0.00417837 -0.00281421 -0.00169635 -0.000792238 -9.27465e-05 0.000466456 0.000900413 0.00123517 0.00148712 0.00168541 0.00184879 0.00197446 0.00205252 0.00209129 0.00210378 0.00209103 0.00202134 0.0018607 0.00163547 0.00130068 0.000848905 0.000253184 -0.000511727 -0.00146638 -0.00265805 -0.00411918 -0.00584289 -0.00782055 -0.0100607 -0.0125515 -0.0152319 -0.0180259 -0.0209055 -0.0237629 -0.0265101 -0.0290238 -0.0311842 -0.0328968 -0.0340476 -0.0345787 -0.0344127 -0.0335331 -0.031915 -0.0295889 -0.0266444 -0.02314 -0.0191692 -0.0148671 -0.0103948 -0.00584837 -0.00133109 0.00301574 0.00709256 0.0108349 0.0141844 0.0171193 0.0196619 0.0218101 0.0235412 0.0248811 0.0258983 0.0266223 0.0270792 
0 -0.00704552 -0.0140128 -0.0208105 -0.0273437 -0.0335195 -0.0392902 -0.0446176 -0.049471 -0.0538262 -0.057684 -0.0610706 -0.0639957 -0.0664948 -0.0685671 -0.0702082 -0.0714295 -0.0722521 -0.072685 -0.072664 -0.0721841 -0.0712236 -0.069772 -0.0678397 -0.0654377 -0.0626159 -0.0593694 -0.0557852 -0.0519313 -0.0478751 -0.0437144 -0.0395353 -0.0354624 -0.0315402 -0.027818 -0.0243379 -0.0211517 -0.0182983 -0.0157734 -0.0135719 -0.0116984 -0.0101083 -0.00876404 -0.00765022 -0.00672983 -0.00599038 -0.00536888 -0.00486614 -0.00446343 -0.00414551 -0.00388813 -0.00367242 -0.00351297 -0.00341846 -0.00337299 -0.00338331 -0.0034731 -0.00364436 -0.00394545 -0.0043715 -0.00497607 -0.00579111 -0.00685043 -0.00817671 -0.00978414 -0.0116651 -0.0138597 -0.0163238 -0.0189735 -0.0216942 -0.0243547 -0.026818 -0.028853 -0.0302314 -0.0307762 -0.0303146 -0.0287012 -0.0259107 -0.0219495 -0.0169687 -0.011202 -0.0049745 0.00137824 0.0074825 0.012993 0.0175746 0.0210484 0.0232931 0.0243255 0.0242643 0.0233017 0.0216349 0.0195654 0.0173235 0.0151111 0.0130926 0.0113682 0.00994362 0.00888027 0.00816365 0.00778544 0.00776753 0.00812953 0.00884934 0.00998561 0.0115222 0.0134231 0.0156227 0.0179844 0.020254 0.0222096 0.0235616 0.0240554 0.0234967 0.0217691 0.0187948 0.0146778 0.00959754 0.00386012 -0.00219137 -0.00817762 -0.0137629 -0.0186287 -0.0225447 -0.0253158 -0.0269285 -0.0274288 -0.0269102 -0.0255408 -0.0235308 -0.0210653 -0.0183728 -0.0156307 -0.0129641 -0.0104583 -0.0081652 -0.00616295 -0.00445261 -0.0030052 -0.0018057 -0.000851347 -9.60737e-05 0.000490633 0.000974938 0.00133834 0.00160451 0.00180365 0.00196062 0.00208095 0.00216207 0.00219156 0.00219084 0.00214323 0.00201363 0.00180541 0.0014935 0.00108226 0.000516674 -0.000218461 -0.00114139 -0.00228188 -0.00367548 -0.00535135 -0.00730175 -0.00948777 -0.0119145 -0.0145545 -0.0173364 -0.0202018 -0.0230459 -0.0257977 -0.0283205 -0.0305196 -0.0322861 -0.0334995 -0.0340951 -0.0339917 -0.0331954 -0.0316864 -0.0294728 -0.0266197 -0.0232271 -0.0194179 -0.0152826 -0.0109666 -0.00661588 -0.00234485 0.00172794 0.00549143 0.00887108 0.0118323 0.0143463 0.0164116 0.0180766 0.0193719 0.0203117 0.0209537 0.0213758 0.0216437 0.0217915 
