0 0 0 0 0 0 0 0 0 0 0 0 0 0 0 0 0 0 0 0 0 0 0 0 0 0 0 0 0 0 0 0 0 0 0 0 0 0 0 0 0 0 0 0 0 0 0 0 0 0 0 0 0 0 0 0 0 0 0 0 0 0 0 0 0 0 0 0 0 0 0 0 0 0 0 0 0 0 0 0 0 0 0 0 0 0 0 0 0 0 0 0 0 0 0 0 0 0 0 0 0 0 0 0 0 0 0 0 0 0 0 0 0 0 0 0 0 0 0 0 0 0 0 0 0 0 0 0 0 0 0 0 0 0 0 0 0 0 0 0 0 0 0 0 0 0 0 0 0 0 0 0 0 0 0 0 0 0 0 0 0 0 0 0 0 0 0 0 0 0 0 0 0 0 0 0 0 0 0 0 0 0 0 0 0 0 0 0 0 0 0 0 0 0 0 0 0 0 0 0 
0 7.05055e-05 0.000147227 0.000226717 0.000316917 0.000408228 0.000515703 0.000638466 0.000787787 0.000960606 0.00114848 0.00136251 0.00160896 0.00189519 0.00220367 0.00252399 0.00284049 0.00314797 0.00344684 0.00371357 0.00389937 0.0039775 0.00394049 0.00378017 0.00348886 0.00305619 0.00247218 0.00172845 0.000875893 -4.40284e-05 -0.000991852 -0.00193775 -0.00285669 -0.00371241 -0.00446877 -0.00507549 -0.00551536 -0.00578067 -0.00589277 -0.00586977 -0.00572045 -0.0054578 -0.00511772 -0.00471993 -0.00428879 -0.0038605 -0.00344881 -0.00307809 -0.00275678 -0.00250144 -0.00231614 -0.00220057 -0.00214405 -0.00212566 -0.00212866 -0.0021371 -0.0021327 -0.00211321 -0.00204324 -0.00190445 -0.00170259 -0.00141873 -0.0010725 -0.000678279 -0.000255268 0.000164109 0.000560233 0.000906367 0.00118305 0.0013914 0.00150221 0.00151309 0.00144518 0.0013205 0.00116029 0.000985894 0.000816797 0.00065973 0.000522338 0.000410665 0.000317421 0.000246381 0.000204105 0.000178704 0.000160964 0.000145554 0.000133232 0.000118654 0.000109224 0.000104838 9.69217e-05 9.70316e-05 0.000105835 0.000106523 0.000113237 0.00011411 0.00010403 0.000102038 9.75352e-05 9.19524e-05 0.000102792 0.000108901 0.00011679 0.000127804 0.000125359 0.000122628 0.00012458 0.000122557 0.000133332 0.000150798 0.000167544 0.00018368 0.000194677 0.000198372 0.000203572 0.000212739 0.000219031 0.000219461 0.00022772 0.000242641 0.000274868 0.000333022 0.000408988 0.000514189 0.000660539 0.000837392 0.00102852 0.00121165 0.00136654 0.00146652 0.00149324 0.00144111 0.00129009 0.00105239 0.000738653 0.000358598 -5.58481e-05 -0.000472186 -0.000858102 -0.00119436 -0.00148243 -0.00168946 -0.00182694 -0.00191666 -0.00195747 -0.00196397 -0.00194999 -0.00194459 -0.00197769 -0.00205195 -0.00217127 -0.00235206 -0.00259664 -0.00290546 -0.00326759 -0.00368087 -0.00411531 -0.00454222 -0.00492729 -0.00524849 -0.00549819 -0.00565303 -0.00567999 -0.00555777 -0.00527101 -0.00480428 -0.00418608 -0.00343492 -0.00258188 -0.00165124 -0.000684528 0.000276797 0.00119727 0.00203737 0.00277696 0.0033804 0.00383494 0.00413914 0.00429825 0.00433217 0.00427176 0.00412218 0.00388634 0.00359081 0.00328322 0.00298574 0.00270289 0.0024342 0.00216082 0.00191336 0.00171664 0.00157777 0.00145357 0.00132604 0.00121651 0.00113571 0.00110303 0.00108171 0.00105131 0.00100562 
0 0.000147227 0.000299179 0.000465348 0.000637899 0.00083123 0.0010496 0.00130332 0.00160107 0.00193714 0.00231884 0.00275264 0.00325818 0.00382093 0.00441953 0.00504609 0.00567768 0.00629464 0.0068749 0.00736742 0.00770274 0.00783971 0.00776697 0.00744746 0.00684357 0.00596605 0.00478929 0.0033435 0.00168374 -0.00011208 -0.00197767 -0.00385984 -0.00565585 -0.00733512 -0.00879805 -0.00999981 -0.0108902 -0.011441 -0.0116874 -0.011643 -0.0113501 -0.0108403 -0.0101824 -0.00941278 -0.00856671 -0.00770835 -0.00690132 -0.00616129 -0.00554555 -0.00504503 -0.00468827 -0.00446204 -0.00432292 -0.00427021 -0.00427718 -0.00430929 -0.0042984 -0.0042327 -0.00408167 -0.00382132 -0.00340176 -0.00283985 -0.00215428 -0.00138725 -0.000538121 0.000316445 0.00111743 0.00182075 0.00238979 0.00277853 0.00298997 0.00302388 0.00289043 0.0026511 0.00233387 0.0019808 0.00162896 0.00131232 0.00104752 0.000834561 0.000645641 0.000525139 0.000426888 0.000364184 0.000328673 0.000287279 0.000246869 0.000243832 0.000222492 0.000226772 0.000228636 0.000222335 0.000217846 0.000220035 0.000204844 0.000210107 0.000209107 0.000219112 0.00022165 0.000228818 0.000222085 0.000222846 0.000224556 0.000233798 0.000237884 0.000262755 0.000264652 0.000280617 0.00029721 0.000308983 0.000332099 0.000366015 0.000368341 0.00040041 0.000418642 0.000435993 0.000459194 0.000465253 0.000457815 0.00049373 0.000547499 0.000660184 0.000821003 0.00104636 0.00133845 0.00168694 0.00205935 0.0024263 0.0027275 0.00294395 0.00301396 0.00288449 0.00257003 0.00208671 0.00144706 0.000695248 -0.000109938 -0.000939386 -0.00171223 -0.00239972 -0.00295866 -0.00339034 -0.00368501 -0.00385777 -0.00392422 -0.00394596 -0.00393637 -0.0039453 -0.0039942 -0.00413198 -0.00436595 -0.00471867 -0.00522214 -0.00583655 -0.00656677 -0.00737167 -0.00821207 -0.00904352 -0.00980316 -0.0104378 -0.0109277 -0.0111997 -0.0112262 -0.0109583 -0.0103871 -0.00948131 -0.00825772 -0.00678682 -0.00509235 -0.00327503 -0.00138478 0.000496175 0.00230508 0.00397725 0.00543693 0.00663139 0.00752866 0.00814764 0.0084934 0.00858507 0.00846975 0.00817347 0.00771569 0.00716628 0.00657964 0.00598823 0.00540784 0.00486141 0.00434802 0.00387511 0.00349043 0.00317834 0.0029114 0.0026723 0.00247531 0.00232771 0.00222209 0.00215884 0.00209388 0.00203247 
0 0.000226717 0.000465348 0.0007066 0.00097871 0.00127102 0.00161823 0.00200567 0.0024516 0.00296155 0.0035389 0.00421119 0.00496599 0.00579341 0.006661 0.00757666 0.00850899 0.00940632 0.0102213 0.0108908 0.0113314 0.011507 0.0113805 0.0108795 0.0099584 0.00861992 0.00688973 0.00477227 0.00237154 -0.000244804 -0.00298521 -0.0057357 -0.00837828 -0.0108033 -0.0129385 -0.0146895 -0.0160132 -0.0168587 -0.0172462 -0.017213 -0.0168046 -0.0160803 -0.0151423 -0.0140343 -0.0128114 -0.0115739 -0.0103796 -0.00930843 -0.00839134 -0.00766138 -0.00711747 -0.0067534 -0.00654832 -0.0064647 -0.00646372 -0.00649159 -0.00647657 -0.00639455 -0.00615467 -0.00571781 -0.00510256 -0.00426519 -0.00324827 -0.0020825 -0.000814762 0.000460253 0.00166828 0.00272067 0.00355369 0.00416391 0.00448592 0.00452211 0.0043298 0.0039691 0.00349499 0.00296953 0.00245341 0.00197827 0.00157217 0.00124962 0.000985555 0.000784194 0.000651557 0.000557731 0.000483621 0.000421927 0.000382104 0.000354536 0.00034728 0.000351352 0.000335753 0.000325436 0.000327396 0.000310408 0.000316115 0.000322207 0.000313396 0.000328763 0.000332619 0.000322118 0.000337782 0.000334919 0.000337844 0.000358394 0.000360251 0.000373814 0.000401111 0.000413256 0.000443603 0.000477443 0.000504603 0.000534516 0.000561455 0.000585221 0.000619855 0.000662756 0.000689525 0.000688706 0.00069914 0.000733071 0.00082481 0.00100252 0.00124444 0.00157312 0.00201252 0.00253435 0.00309604 0.00364038 0.00410611 0.00441244 0.00449276 0.00431865 0.00384329 0.00310918 0.00215859 0.00103191 -0.000185059 -0.00141113 -0.00256374 -0.00358884 -0.00447211 -0.00511532 -0.00553698 -0.00579939 -0.00592131 -0.00595833 -0.00594823 -0.0059597 -0.0060634 -0.00627593 -0.00662382 -0.00716428 -0.00790591 -0.00883091 -0.00988835 -0.0110574 -0.0122688 -0.0134659 -0.0145652 -0.0154882 -0.0161803 -0.0165573 -0.0165467 -0.0161224 -0.0152633 -0.0139204 -0.0121428 -0.00997476 -0.00751279 -0.00484761 -0.00209412 0.000649015 0.00329543 0.00573092 0.00787555 0.00962734 0.010969 0.0119161 0.0124715 0.0126487 0.0125075 0.0120935 0.0114666 0.0107076 0.00988755 0.00901835 0.00813966 0.00733066 0.00658343 0.00591964 0.00532815 0.00482717 0.00439378 0.00404346 0.00378613 0.00355627 0.00337451 0.00322964 0.00314726 0.00308843 
0 0.000316917 0.000637899 0.00097871 0.00134738 0.00176651 0.00223717 0.00276385 0.00336646 0.00405643 0.00485061 0.00574359 0.00673513 0.00780215 0.00893132 0.0101231 0.0113172 0.0124374 0.0134286 0.0142262 0.014746 0.0149176 0.0146877 0.0139677 0.0127048 0.0109439 0.00867715 0.00595372 0.00285396 -0.000508529 -0.00402006 -0.00756133 -0.0109378 -0.0140677 -0.0167987 -0.0190618 -0.0207824 -0.0219064 -0.0224699 -0.0224871 -0.0220204 -0.0211317 -0.0199447 -0.0185382 -0.0169888 -0.0154124 -0.0139112 -0.0125185 -0.0113266 -0.0103431 -0.00961959 -0.00914079 -0.00884083 -0.00870837 -0.00869407 -0.00872662 -0.00868735 -0.00854202 -0.00822589 -0.00768514 -0.00683933 -0.00570672 -0.00432845 -0.00278282 -0.00109493 0.000599123 0.00218898 0.00358604 0.00471651 0.00550069 0.00592944 0.0060028 0.0057497 0.00527912 0.00465463 0.00395874 0.00326698 0.00263975 0.00210734 0.0016722 0.00129628 0.00104445 0.000854184 0.000734619 0.000663262 0.000585392 0.000509753 0.000487037 0.000442917 0.000438817 0.000435551 0.000427124 0.000427437 0.000436618 0.000420122 0.000426325 0.000418356 0.000425363 0.000423875 0.000433032 0.000431025 0.000442163 0.000455332 0.000475848 0.000483092 0.000516442 0.00051905 0.000543695 0.000576956 0.000609855 0.000662412 0.000729085 0.000746589 0.00079842 0.00082792 0.000855951 0.000893109 0.00090787 0.000911929 0.000988412 0.00110981 0.00133906 0.00166394 0.00211412 0.0026968 0.0033877 0.00412592 0.00484648 0.00543932 0.00585142 0.0059727 0.00571403 0.00508914 0.00412624 0.00285426 0.00135286 -0.000264183 -0.00191753 -0.00346131 -0.00483148 -0.00595574 -0.0068219 -0.0074187 -0.00777913 -0.00793883 -0.00800198 -0.0080079 -0.00804935 -0.0081831 -0.00849015 -0.00898553 -0.00970228 -0.0106795 -0.0118555 -0.0132261 -0.0147225 -0.0162714 -0.0177924 -0.0191753 -0.0203225 -0.0211774 -0.0216075 -0.0215533 -0.0209477 -0.0197858 -0.0180311 -0.0157209 -0.0129622 -0.00979848 -0.00638536 -0.00282768 0.000712565 0.00410332 0.00722989 0.00998113 0.0122791 0.0140699 0.0153621 0.0161407 0.0164256 0.0163042 0.015844 0.015103 0.0141863 0.0131574 0.012051 0.0109232 0.00986847 0.00890873 0.00802721 0.0072463 0.00655233 0.00596033 0.00548973 0.00513344 0.00483189 0.0045569 0.00435914 0.00423606 0.00417142 
0 0.000408228 0.00083123 0.00127102 0.00176651 0.00230574 0.00291458 0.00358736 0.00436226 0.00525716 0.00626271 0.00737855 0.00858637 0.00988941 0.0112645 0.0126927 0.0140869 0.0153575 0.0164555 0.017323 0.0178497 0.0179513 0.0175537 0.0165733 0.0149823 0.0128067 0.0100732 0.0067922 0.00309476 -0.000906574 -0.00507972 -0.00926777 -0.0132966 -0.0170095 -0.0202832 -0.0229958 -0.0250872 -0.0264999 -0.0272526 -0.0273717 -0.0269001 -0.0259098 -0.0245471 -0.0229077 -0.0210968 -0.0192567 -0.0174668 -0.015816 -0.0143615 -0.0131652 -0.012255 -0.0116307 -0.0112547 -0.0110729 -0.0110218 -0.0110176 -0.0109511 -0.0107699 -0.0103515 -0.00962359 -0.00857511 -0.00716129 -0.005445 -0.0034955 -0.00139644 0.000709022 0.00269713 0.00444004 0.0058367 0.00684894 0.00739471 0.00747668 0.00717241 0.00658513 0.00580905 0.00494966 0.004102 0.00332282 0.00265197 0.00210495 0.001655 0.00131859 0.00109275 0.000940401 0.00082741 0.000730261 0.000657193 0.00060586 0.000576691 0.000567146 0.000543716 0.000531203 0.0005379 0.000529393 0.000538141 0.000543917 0.000528822 0.00053684 0.000535159 0.000526104 0.000548789 0.00055933 0.000576036 0.000606423 0.000612253 0.000629427 0.000658569 0.000679958 0.00072705 0.000784024 0.000840529 0.000899592 0.000944685 0.000984043 0.00102824 0.00108009 0.00111915 0.00113159 0.00116192 0.00124066 0.00140588 0.00170031 0.00210937 0.00266513 0.00339474 0.00425833 0.00518199 0.00607122 0.00681701 0.00730058 0.00741448 0.00710303 0.00631701 0.00510611 0.0035264 0.00165353 -0.000376731 -0.00242393 -0.00434493 -0.00604966 -0.00749883 -0.00858429 -0.00932398 -0.00979389 -0.0100344 -0.0101319 -0.0101534 -0.0102139 -0.0104249 -0.0108314 -0.0114613 -0.0123662 -0.0135495 -0.0149816 -0.016606 -0.0183819 -0.0202063 -0.0219814 -0.0235801 -0.0248902 -0.0258295 -0.0262714 -0.0261131 -0.0253098 -0.0238456 -0.0216908 -0.0189262 -0.0156248 -0.0118854 -0.00781787 -0.00358384 0.00063405 0.00467136 0.00838125 0.0116845 0.0144774 0.0167116 0.0183555 0.019383 0.0198264 0.0197961 0.0193647 0.0185892 0.0175591 0.016373 0.015083 0.0137631 0.0125104 0.0113221 0.0102287 0.00924445 0.00839519 0.00765542 0.00703831 0.00655486 0.00614272 0.0058168 0.0055632 0.00539964 0.00528345 
0 0.000515703 0.0010496 0.00161823 0.00223717 0.00291458 0.00366688 0.00451171 0.00547715 0.00656816 0.00777765 0.00909765 0.0105275 0.0120515 0.0136322 0.0152294 0.0167549 0.0181241 0.0192791 0.0201376 0.0205868 0.0205355 0.0199238 0.0186722 0.0167428 0.0141798 0.0109967 0.0072505 0.00305219 -0.00146474 -0.00616497 -0.01089 -0.0154207 -0.0196185 -0.0233229 -0.0264369 -0.0288785 -0.03058 -0.0315495 -0.0317944 -0.0313684 -0.0303539 -0.0288982 -0.0271138 -0.0251141 -0.0230493 -0.0210414 -0.0191595 -0.0175015 -0.01611 -0.0150385 -0.0142808 -0.0137836 -0.0135212 -0.0134305 -0.0134039 -0.0132931 -0.0130219 -0.0124909 -0.0116196 -0.0103332 -0.00863295 -0.00657527 -0.00425179 -0.00173819 0.000792344 0.00317654 0.00527052 0.00695736 0.00814328 0.00879412 0.00891686 0.00857122 0.00788849 0.00697334 0.00594647 0.00492451 0.0039934 0.00319929 0.00254848 0.00200878 0.00162093 0.00133765 0.00114438 0.00100831 0.00088303 0.000780246 0.000734769 0.000694221 0.000687487 0.000676233 0.000657628 0.000646643 0.000640603 0.000626192 0.000632897 0.000633932 0.000650654 0.000658554 0.00066636 0.000667386 0.000672895 0.000683476 0.000706094 0.000724779 0.000769986 0.000801535 0.000844834 0.000894315 0.000941155 0.0010015 0.00107344 0.00111481 0.00118148 0.001238 0.00129298 0.00134498 0.00136945 0.00139499 0.00150154 0.00170038 0.00205367 0.00255925 0.00324599 0.0041215 0.00514421 0.00623188 0.0072817 0.00815096 0.00872816 0.00886722 0.00846158 0.00750572 0.00604471 0.00414114 0.00190614 -0.000505345 -0.0029525 -0.00525812 -0.00731645 -0.00903637 -0.010364 -0.0112905 -0.0118698 -0.0121707 -0.0123194 -0.0123968 -0.0125218 -0.0127913 -0.0132933 -0.0140596 -0.0151289 -0.0165193 -0.0181645 -0.0200229 -0.0220122 -0.0240355 -0.0259878 -0.0277306 -0.0291339 -0.0300958 -0.0304651 -0.0301591 -0.0291288 -0.0273768 -0.0248854 -0.0217125 -0.0179658 -0.013723 -0.00914326 -0.00437804 0.000373532 0.00493737 0.00917191 0.0129592 0.0162028 0.0188317 0.0208202 0.0221368 0.0228079 0.0229378 0.0225989 0.0218455 0.0207809 0.0195074 0.0181029 0.016646 0.0152191 0.0138376 0.012532 0.0113692 0.0103605 0.00947644 0.0087064 0.00806503 0.0075462 0.00714743 0.00685509 0.00662751 0.00645081 
0 0.000638466 0.00130332 0.00200567 0.00276385 0.00358736 0.00451171 0.00555183 0.00671672 0.00799991 0.00939858 0.0109251 0.012569 0.0142866 0.0160122 0.0177014 0.0192883 0.0206933 0.0218311 0.0225956 0.0228751 0.0226052 0.0217384 0.0201992 0.0179487 0.0150193 0.0114552 0.00731782 0.00272942 -0.00218398 -0.00728379 -0.0123946 -0.0173095 -0.0218659 -0.0259229 -0.0293674 -0.0321123 -0.0340834 -0.0352694 -0.03568 -0.0353631 -0.0344057 -0.0329498 -0.0311108 -0.0290119 -0.0268118 -0.0246368 -0.0225863 -0.0207489 -0.0191895 -0.0179544 -0.0170509 -0.0164466 -0.0161027 -0.0159466 -0.015861 -0.0156974 -0.0153504 -0.014694 -0.0136343 -0.0121178 -0.0101277 -0.00772466 -0.0050052 -0.00208507 0.000852351 0.00362104 0.00605227 0.00800995 0.00940458 0.0101739 0.0103267 0.00994559 0.00916612 0.00811708 0.00693994 0.00576493 0.00468553 0.00375607 0.00298962 0.00236677 0.0019047 0.00157854 0.00135288 0.00118578 0.00104256 0.000930276 0.000861679 0.000817181 0.000796704 0.000772767 0.00075211 0.000745118 0.000739284 0.000738974 0.00074431 0.000741149 0.000749565 0.000752704 0.000754893 0.000768956 0.000783813 0.000804209 0.000832271 0.000852372 0.000887457 0.000927441 0.00097305 0.0010329 0.00109808 0.00117 0.00124569 0.00130503 0.00136875 0.00143119 0.00149406 0.00154703 0.00157896 0.00162948 0.00176016 0.00201129 0.00243338 0.00303198 0.00383364 0.00484999 0.00603377 0.00728904 0.00849172 0.00948764 0.0101267 0.0102569 0.00977796 0.00865999 0.0069532 0.0047377 0.00213792 -0.000673422 -0.00351376 -0.00619776 -0.0085989 -0.0106244 -0.0121855 -0.013281 -0.0139837 -0.0143811 -0.0145967 -0.0147347 -0.014928 -0.0152944 -0.0159093 -0.0168107 -0.0180397 -0.0195966 -0.0214221 -0.0234439 -0.025582 -0.0277301 -0.0297756 -0.0315742 -0.0329854 -0.0338875 -0.0341366 -0.0336453 -0.0323857 -0.0303623 -0.0275668 -0.0240592 -0.0199342 -0.0153062 -0.0103334 -0.00518798 -4.99523e-05 0.0049207 0.00957455 0.0137765 0.0173987 0.0203769 0.022694 0.0243312 0.0252979 0.0256601 0.0254781 0.0248234 0.023811 0.0225477 0.0211017 0.0195513 0.017987 0.0164446 0.0149748 0.0136371 0.0124558 0.0114043 0.0104802 0.00970096 0.00906274 0.00857358 0.00820398 0.00792067 0.00770504 
0 0.000787787 0.00160107 0.0024516 0.00336646 0.00436226 0.00547715 0.00671672 0.00807663 0.00955112 0.0111418 0.0128624 0.0146819 0.0165374 0.0183543 0.0200833 0.0216646 0.0230159 0.0240407 0.0246295 0.0246797 0.0241372 0.0229626 0.0211037 0.0185408 0.0152976 0.0114249 0.00698337 0.00210342 -0.003079 -0.00842118 -0.0137553 -0.0189108 -0.0237193 -0.0280445 -0.0317503 -0.0347423 -0.0369551 -0.03837 -0.0389954 -0.038859 -0.0380387 -0.0366612 -0.0348503 -0.0327414 -0.0304933 -0.0282316 -0.0260696 -0.0240934 -0.0223926 -0.02102 -0.0199915 -0.0192843 -0.018848 -0.0186062 -0.0184339 -0.0181868 -0.0177382 -0.0169514 -0.0157093 -0.0139527 -0.0116586 -0.00890031 -0.00578598 -0.00246487 0.00087147 0.00401814 0.00678711 0.00902236 0.0106237 0.011516 0.0117097 0.0113016 0.0104321 0.0092573 0.00793613 0.00661363 0.00539321 0.00433414 0.00345075 0.00274041 0.00220282 0.00182972 0.00157247 0.00138058 0.00122077 0.00109386 0.000999273 0.000942294 0.000905537 0.000875241 0.000856566 0.000853661 0.000850175 0.000856106 0.000856715 0.000851769 0.000852931 0.000854451 0.000856047 0.000877068 0.000899596 0.000928966 0.00096153 0.000988298 0.00101916 0.00106359 0.00111071 0.00117582 0.00125407 0.00134023 0.00142521 0.0015024 0.00156576 0.00162927 0.0016918 0.00174544 0.00179125 0.00187222 0.0020364 0.00234332 0.00283201 0.00352463 0.00444565 0.00560415 0.00694598 0.00836289 0.009707 0.0108132 0.0115024 0.0116154 0.0110493 0.0097654 0.00781504 0.00529043 0.00232882 -0.000880672 -0.0041201 -0.00718743 -0.00992633 -0.0122397 -0.0140385 -0.0153286 -0.0161815 -0.0166967 -0.0169968 -0.0172125 -0.0174853 -0.0179507 -0.0186821 -0.019719 -0.0210881 -0.0227707 -0.0247167 -0.0268428 -0.0290684 -0.0312761 -0.0333329 -0.0350862 -0.0363979 -0.0371476 -0.0372183 -0.0365207 -0.0350312 -0.0327469 -0.02968 -0.025903 -0.02151 -0.0166322 -0.0114103 -0.00601899 -0.000623086 0.00462378 0.00957379 0.0140891 0.0180331 0.0213382 0.0239809 0.0259481 0.0272411 0.0278931 0.0279468 0.0274783 0.0266028 0.0254273 0.0240116 0.0224308 0.0207833 0.0191344 0.0175452 0.0160553 0.014696 0.0134686 0.0123985 0.0114968 0.010738 0.0101239 0.00964351 0.00929863 0.00906568 
0 0.000960606 0.00193714 0.00296155 0.00405643 0.00525716 0.00656816 0.00799991 0.00955112 0.0112245 0.0130154 0.0148973 0.0168312 0.0187561 0.0206156 0.0223377 0.0238399 0.025035 0.0258464 0.026181 0.0259544 0.0250954 0.0235753 0.0213816 0.0185174 0.0150181 0.0109033 0.00626156 0.00120111 -0.00411761 -0.00955481 -0.0149774 -0.0202302 -0.025182 -0.0296694 -0.0335672 -0.0367616 -0.0391958 -0.0408488 -0.0417144 -0.0418101 -0.0412044 -0.0399947 -0.0383096 -0.0362829 -0.0340581 -0.0317882 -0.0295692 -0.0275207 -0.0257209 -0.0242459 -0.0231138 -0.0222959 -0.0217572 -0.0214195 -0.0211491 -0.0207968 -0.020209 -0.0192632 -0.0178334 -0.015813 -0.0132212 -0.0101163 -0.00662324 -0.00289919 0.000843222 0.0043704 0.0074793 0.0100038 0.0117953 0.0128131 0.0130654 0.0126371 0.0116907 0.0104001 0.00893643 0.00746242 0.00610297 0.00492252 0.00393423 0.0031393 0.00254354 0.00210954 0.00180453 0.00158015 0.00139296 0.00124087 0.00114564 0.00107673 0.00103413 0.00100781 0.000980525 0.00095999 0.000959973 0.000950502 0.000952648 0.000962762 0.000966704 0.000973909 0.000990096 0.000995006 0.00101807 0.00104597 0.00107129 0.00110943 0.00116007 0.00120737 0.00127617 0.00134649 0.00142 0.00150809 0.00159777 0.0016716 0.0017539 0.00182858 0.00189656 0.0019627 0.00202808 0.00212185 0.00232458 0.00268181 0.00324035 0.00403652 0.00509024 0.00639235 0.00788496 0.00945142 0.0109294 0.0121244 0.0128589 0.0129557 0.012277 0.0108168 0.00861436 0.00577205 0.00245586 -0.00112822 -0.00475477 -0.00820032 -0.0112947 -0.0138915 -0.0159511 -0.017461 -0.0184766 -0.0191186 -0.0195239 -0.0198426 -0.0202205 -0.0207792 -0.021617 -0.0227701 -0.0242424 -0.0260224 -0.0280352 -0.0302165 -0.0324524 -0.0346313 -0.0366043 -0.0382165 -0.0393393 -0.0398631 -0.0396924 -0.0387628 -0.0370366 -0.0345128 -0.0312273 -0.0272465 -0.0226984 -0.017687 -0.0123606 -0.00685484 -0.00132943 0.00406169 0.00918797 0.0139036 0.0181082 0.0217132 0.0246786 0.0269745 0.0286016 0.0295839 0.0299542 0.0297661 0.0291127 0.0280882 0.0267715 0.0252428 0.0235861 0.0218926 0.020212 0.0186009 0.0170828 0.0156994 0.0144885 0.0134511 0.0125698 0.0118159 0.0112256 0.0108026 0.0105433 
0 0.00114848 0.00231884 0.0035389 0.00485061 0.00626271 0.00777765 0.00939858 0.0111418 0.0130154 0.0149803 0.0169859 0.0189753 0.0209113 0.0227471 0.0243872 0.0257315 0.0266946 0.027211 0.0272233 0.026654 0.0254556 0.0235932 0.0210787 0.017947 0.0142088 0.00993609 0.00518502 8.17295e-05 -0.00525289 -0.0106881 -0.016081 -0.0213362 -0.0262882 -0.03084 -0.0348452 -0.0382 -0.0408394 -0.0427123 -0.0438242 -0.0441844 -0.043855 -0.0429101 -0.041448 -0.0395928 -0.0374845 -0.0352553 -0.0330663 -0.0309973 -0.0291633 -0.0276092 -0.0263703 -0.0254613 -0.0248247 -0.0243754 -0.0239861 -0.023521 -0.0228 -0.0216656 -0.0199854 -0.0177195 -0.0148295 -0.0113838 -0.00749618 -0.00337612 0.000765116 0.00467389 0.00811546 0.0108959 0.0129099 0.0140577 0.0143571 0.0139332 0.0129227 0.0115251 0.00993615 0.00832425 0.00682261 0.0055118 0.00441526 0.00355429 0.00287736 0.00239882 0.00204834 0.0017721 0.00156165 0.00140818 0.00127839 0.00121956 0.00116505 0.0011187 0.00108733 0.00106657 0.00104442 0.00105588 0.00105525 0.00106448 0.00107349 0.00108595 0.00108735 0.0011129 0.00113138 0.00115878 0.00119214 0.00123593 0.0012745 0.0013523 0.00142034 0.00149968 0.00159171 0.00167714 0.00175158 0.00185176 0.00192112 0.00201014 0.00209952 0.00216891 0.00224395 0.00237864 0.00260472 0.00302916 0.00367151 0.0045786 0.00575554 0.00719489 0.00883356 0.0105382 0.0121273 0.0134206 0.0141759 0.0142225 0.0134569 0.0118118 0.00934682 0.00619224 0.00252375 -0.00144328 -0.00544045 -0.00925515 -0.0126883 -0.0156239 -0.0179439 -0.019657 -0.0208448 -0.0216441 -0.0221771 -0.0226149 -0.0231044 -0.0237866 -0.0247165 -0.025945 -0.0274904 -0.0293094 -0.0313605 -0.0335153 -0.0356823 -0.0377312 -0.0395186 -0.0409094 -0.0417831 -0.042027 -0.0415835 -0.0403824 -0.0384223 -0.0356949 -0.0322472 -0.0281625 -0.0235252 -0.0184941 -0.0131587 -0.00767286 -0.0021522 0.00327078 0.00845498 0.0132921 0.0176686 0.0215242 0.0247831 0.0274054 0.0293828 0.0307228 0.031461 0.0316325 0.0312817 0.0304891 0.0293439 0.027944 0.0263624 0.0246722 0.0229481 0.0212368 0.0196075 0.0180967 0.0167424 0.0155559 0.0145284 0.0136692 0.0129759 0.0124765 0.0121544 
0 0.00136251 0.00275264 0.00421119 0.00574359 0.00737855 0.00909765 0.0109251 0.0128624 0.0148973 0.0169859 0.0190603 0.0210709 0.0229633 0.0246874 0.0261473 0.0272576 0.027933 0.0281105 0.0277296 0.0267759 0.0252163 0.0230321 0.0202361 0.0168509 0.0129374 0.00855246 0.00381301 -0.00123159 -0.00647099 -0.0117908 -0.0170757 -0.0222038 -0.0270757 -0.0315754 -0.035615 -0.0390736 -0.0418798 -0.043974 -0.0453453 -0.0460019 -0.0460038 -0.0453765 -0.0442132 -0.042619 -0.0407011 -0.0386302 -0.0365186 -0.0345022 -0.0326631 -0.0310846 -0.0297962 -0.0287939 -0.0280528 -0.0274979 -0.026985 -0.026373 -0.0254665 -0.0241448 -0.022266 -0.0197014 -0.01649 -0.0126834 -0.00842002 -0.00390178 0.000629985 0.00490346 0.00867422 0.0117471 0.0139401 0.0152244 0.0156088 0.0151861 0.0141265 0.0126466 0.0109389 0.00919452 0.00756586 0.00613279 0.00492103 0.00395765 0.00322188 0.00267887 0.0022907 0.00200349 0.00177301 0.00158207 0.00144506 0.0013424 0.00126748 0.00122985 0.00119716 0.00116891 0.00117231 0.00116035 0.00115826 0.00117484 0.00117196 0.00118081 0.00120654 0.00121166 0.0012461 0.00128581 0.00131538 0.00137024 0.00142872 0.00148206 0.00156503 0.00164524 0.00173272 0.00183764 0.00193881 0.0020298 0.00212108 0.00220255 0.00227385 0.00235131 0.00245822 0.00262086 0.0029182 0.00341128 0.00413328 0.00514403 0.00645273 0.00802746 0.00979636 0.0116285 0.0133262 0.0146694 0.015445 0.0154623 0.0145593 0.0127332 0.0100176 0.00654716 0.00252464 -0.00180983 -0.00619717 -0.0103937 -0.0141866 -0.0173866 -0.0199792 -0.0219466 -0.0233357 -0.024296 -0.0249726 -0.0255553 -0.0261779 -0.0269437 -0.027951 -0.0292447 -0.0308114 -0.0326315 -0.0346192 -0.0366935 -0.0387051 -0.0405449 -0.0420672 -0.0431548 -0.043712 -0.0436333 -0.0428736 -0.0414008 -0.0392061 -0.0363057 -0.0327686 -0.0286408 -0.0240376 -0.0190568 -0.0138305 -0.00846015 -0.00305519 0.00227647 0.00743799 0.0122955 0.016785 0.0208137 0.0243224 0.0272585 0.0295965 0.031317 0.0324433 0.0330098 0.0330352 0.032561 0.0316756 0.0304793 0.0290316 0.0274228 0.0257035 0.0239616 0.0222566 0.0206536 0.0191719 0.0178232 0.0166674 0.0156964 0.0149305 0.0143337 0.013932 
0 0.00160896 0.00325818 0.00496599 0.00673513 0.00858637 0.0105275 0.012569 0.0146819 0.0168312 0.0189753 0.0210709 0.0230581 0.0248497 0.0263815 0.0275726 0.0283707 0.0287038 0.0284885 0.0276958 0.0263285 0.0244061 0.0219029 0.018843 0.0152782 0.0112447 0.00685724 0.00218586 -0.00270161 -0.00774598 -0.0128501 -0.0179011 -0.0228425 -0.0275371 -0.0319288 -0.0359161 -0.0394097 -0.0423479 -0.0446526 -0.0463067 -0.0472956 -0.047649 -0.047385 -0.0465745 -0.0453177 -0.0437038 -0.0418472 -0.0399124 -0.0379928 -0.0362182 -0.0346514 -0.0333397 -0.0323073 -0.0314923 -0.0308039 -0.0301333 -0.0293651 -0.0282905 -0.0267436 -0.0245802 -0.0217476 -0.0182146 -0.0140479 -0.0093888 -0.0044884 0.000420803 0.00505874 0.00916031 0.0124998 0.0149416 0.0163768 0.0168231 0.0164193 0.0153136 0.0137463 0.0119436 0.010086 0.00832948 0.00677139 0.0054519 0.00441532 0.0035935 0.00300008 0.00256294 0.00222287 0.00197132 0.00177963 0.00160384 0.0015039 0.00141106 0.00134503 0.00130781 0.00128372 0.00126634 0.00128097 0.00127713 0.00128449 0.00128357 0.00129269 0.00130011 0.0013342 0.00136943 0.00141289 0.00145695 0.00151295 0.00155284 0.00163295 0.00170958 0.00180018 0.00191228 0.00201634 0.00210256 0.00221652 0.00228936 0.00238022 0.00247343 0.00255901 0.00268545 0.00290386 0.00324227 0.00381294 0.00462668 0.0057497 0.00717719 0.00888173 0.010793 0.0127496 0.0145366 0.0159448 0.0166953 0.0166147 0.0155992 0.0135789 0.0106083 0.00683488 0.00246603 -0.00225195 -0.00701476 -0.0115779 -0.015706 -0.019256 -0.0221269 -0.0243292 -0.0259426 -0.027116 -0.0279638 -0.0286723 -0.0293912 -0.0302535 -0.031319 -0.0326368 -0.0341971 -0.0359395 -0.0378194 -0.0397041 -0.0414898 -0.0430458 -0.044231 -0.0449514 -0.0451265 -0.0446736 -0.043588 -0.0418361 -0.0394339 -0.0363927 -0.0327953 -0.0287138 -0.0242086 -0.0194086 -0.0143672 -0.00920668 -0.0040048 0.00115229 0.00616804 0.0109742 0.0154882 0.0196448 0.0233502 0.026564 0.0292556 0.0313633 0.0328968 0.0338791 0.0343194 0.0342404 0.0337001 0.032779 0.0315356 0.0300663 0.0284462 0.0267348 0.0250132 0.0233444 0.0217622 0.0202973 0.0190152 0.0179468 0.0170768 0.016395 0.0159172 
0 0.00189519 0.00382093 0.00579341 0.00780215 0.00988941 0.0120515 0.0142866 0.0165374 0.0187561 0.0209113 0.0229633 0.0248497 0.0264673 0.0277446 0.0286102 0.0290299 0.0289508 0.028324 0.0271215 0.0253738 0.0230897 0.0202766 0.0169979 0.0133094 0.0092617 0.00491896 0.000388994 -0.0042958 -0.00907143 -0.013866 -0.0186212 -0.02328 -0.027751 -0.0319526 -0.0358288 -0.0393035 -0.0423278 -0.0448226 -0.0467471 -0.048065 -0.0487957 -0.0489217 -0.0485132 -0.0476516 -0.0463894 -0.044851 -0.0431513 -0.0414225 -0.0397694 -0.0382821 -0.0369998 -0.0359333 -0.0350485 -0.0342683 -0.0334634 -0.0325135 -0.0312126 -0.0294305 -0.0270226 -0.0238731 -0.0200091 -0.0154871 -0.0104584 -0.00516499 0.000131059 0.00513722 0.00956859 0.0131936 0.0158235 0.0174106 0.0179667 0.0175991 0.0164756 0.0148485 0.0129392 0.0109599 0.00908572 0.00741716 0.0060002 0.00487677 0.00399501 0.00333033 0.00283706 0.00246369 0.00217882 0.00195187 0.00177353 0.0016471 0.00154768 0.00148945 0.00144155 0.00139564 0.00137895 0.001364 0.00136119 0.00138562 0.00139424 0.00141496 0.00144455 0.00145481 0.0014854 0.00152368 0.00156136 0.00163324 0.00170675 0.00178498 0.00188178 0.00197202 0.00206787 0.00217006 0.00226463 0.00236701 0.0024644 0.00256439 0.00266046 0.00276682 0.00292782 0.00317785 0.00358113 0.00422195 0.00512734 0.00636752 0.0079378 0.00978137 0.0118061 0.0138593 0.0157154 0.0171391 0.0178766 0.0177359 0.0165631 0.0143369 0.0110984 0.00700764 0.00229255 -0.00277534 -0.00790739 -0.0128432 -0.0173342 -0.0211799 -0.0243541 -0.0268459 -0.0287014 -0.0300681 -0.0310815 -0.031943 -0.0327796 -0.0336913 -0.0347718 -0.0360714 -0.0375568 -0.0391794 -0.0408586 -0.0425051 -0.0439797 -0.045176 -0.0459625 -0.0462664 -0.0460344 -0.0451967 -0.0437707 -0.0417566 -0.0391669 -0.0360292 -0.0324382 -0.0284464 -0.0241331 -0.0195637 -0.0148014 -0.00991391 -0.00497863 -7.228e-05 0.00474319 0.00940299 0.0138868 0.0181024 0.0219573 0.0253981 0.0283962 0.030881 0.0328292 0.0342465 0.0351238 0.035476 0.0353472 0.0347814 0.0338139 0.032563 0.0311037 0.029503 0.0278125 0.0261211 0.0244863 0.022948 0.0215838 0.0204003 0.0194292 0.0186663 0.018151 
0 0.00220367 0.00441953 0.006661 0.00893132 0.0112645 0.0136322 0.0160122 0.0183543 0.0206156 0.0227471 0.0246874 0.0263815 0.0277446 0.0287162 0.029213 0.0292016 0.0286715 0.0276104 0.0260168 0.0239015 0.021289 0.0182134 0.0147747 0.0110422 0.00703558 0.00282378 -0.00150879 -0.00592255 -0.010382 -0.0148322 -0.0192328 -0.0235626 -0.0277355 -0.0317024 -0.0354215 -0.0388379 -0.0419039 -0.0445369 -0.046691 -0.0483279 -0.0494392 -0.0499925 -0.0500259 -0.0496037 -0.0487614 -0.0475929 -0.0462248 -0.0447611 -0.0433044 -0.0419337 -0.0407063 -0.0396543 -0.0387371 -0.0378654 -0.0369309 -0.0358146 -0.0343055 -0.032256 -0.0295425 -0.0260906 -0.0218939 -0.0170066 -0.0115897 -0.00590881 -0.000234547 0.00512833 0.00987965 0.0137708 0.0166325 0.0183822 0.0190374 0.0187218 0.0175967 0.0159212 0.0139406 0.0118622 0.00986982 0.00808184 0.0065617 0.00535387 0.00439553 0.00366986 0.00312305 0.00270406 0.0023952 0.00215521 0.00195117 0.00180922 0.00168911 0.00160519 0.00154719 0.00150024 0.00147668 0.00147509 0.00147434 0.00148991 0.00149646 0.0015135 0.00153697 0.00156547 0.00160401 0.00164942 0.00169901 0.00176984 0.00183543 0.00192253 0.00201857 0.00211888 0.00223186 0.00233676 0.00242693 0.00253405 0.00262465 0.00272917 0.00284092 0.00296519 0.00315828 0.00346501 0.00393479 0.00466208 0.00567389 0.00703463 0.00872816 0.0106904 0.0128273 0.0149653 0.0168751 0.0183174 0.0190086 0.0187592 0.017443 0.0150074 0.0115024 0.00709706 0.00203511 -0.00339837 -0.00889474 -0.0141877 -0.0190269 -0.0232278 -0.0267143 -0.0294746 -0.0315723 -0.0331544 -0.0343506 -0.0353479 -0.0362799 -0.0372431 -0.0383108 -0.0395322 -0.0408824 -0.0423047 -0.0437309 -0.0450484 -0.0461389 -0.0468997 -0.0472306 -0.0470947 -0.0464506 -0.0452415 -0.0434935 -0.0412262 -0.0384772 -0.03529 -0.0317563 -0.0279202 -0.0238236 -0.0195324 -0.015084 -0.0105421 -0.00594854 -0.00134502 0.00321271 0.00768666 0.0120547 0.0162536 0.0201874 0.0238057 0.0270709 0.0298973 0.0322532 0.0341134 0.0354449 0.0362481 0.0365662 0.0364202 0.0358161 0.034856 0.0336246 0.0321878 0.0305993 0.0289508 0.0273198 0.0257609 0.0243396 0.0230718 0.0220082 0.0211906 0.0206547 
0 0.00252399 0.00504609 0.00757666 0.0101231 0.0126927 0.0152294 0.0177014 0.0200833 0.0223377 0.0243872 0.0261473 0.0275726 0.0286102 0.029213 0.0293014 0.0288511 0.0278784 0.0263934 0.0244112 0.0219553 0.019073 0.0158159 0.0122854 0.00855128 0.00463605 0.000611586 -0.00345904 -0.00755658 -0.0116656 -0.0157365 -0.0197417 -0.0236875 -0.0275191 -0.0312122 -0.0347393 -0.0380584 -0.0411237 -0.0438604 -0.0462206 -0.0481587 -0.0496405 -0.050616 -0.0511025 -0.0511477 -0.050772 -0.0500416 -0.049067 -0.0479351 -0.046743 -0.0455675 -0.0444662 -0.0434722 -0.0425486 -0.0416099 -0.0405524 -0.0392549 -0.0375247 -0.0352173 -0.0322094 -0.0284286 -0.0238696 -0.0186061 -0.0128099 -0.00675078 -0.000707881 0.00501088 0.0100913 0.0142633 0.0173522 0.0192729 0.0200468 0.0197949 0.018684 0.0169806 0.0149407 0.0127788 0.010684 0.00878355 0.00715476 0.00584872 0.00481127 0.00402309 0.0034311 0.00298157 0.00264629 0.00237842 0.00214316 0.00196969 0.00182971 0.00173479 0.00167323 0.00162634 0.00159861 0.00159256 0.00158738 0.00159658 0.0016035 0.00162316 0.00165043 0.00168589 0.0017284 0.00177949 0.00183952 0.00191789 0.00198967 0.00207708 0.00216852 0.00226812 0.00238428 0.00249697 0.00259863 0.00271295 0.00280724 0.00290989 0.00302176 0.00316231 0.00339577 0.00376932 0.00432514 0.00514696 0.00626411 0.00773856 0.00955334 0.0116328 0.013869 0.0160795 0.0180257 0.0194577 0.020087 0.019718 0.018229 0.0155686 0.0117962 0.00708358 0.00168175 -0.0041115 -0.00998236 -0.0156498 -0.020843 -0.0253768 -0.0291761 -0.0322342 -0.0346024 -0.0364064 -0.0377791 -0.0389007 -0.0398978 -0.040861 -0.0418657 -0.0429629 -0.0441226 -0.0452786 -0.0463676 -0.0472862 -0.0479349 -0.0482228 -0.0480759 -0.047481 -0.0464124 -0.0448312 -0.0427763 -0.0402886 -0.037421 -0.0342299 -0.0307997 -0.0271607 -0.0233265 -0.0193475 -0.015254 -0.011099 -0.0068925 -0.00263426 0.00164017 0.00589515 0.010098 0.0142015 0.0181393 0.0218782 0.0253619 0.0284807 0.0311926 0.0334686 0.0352554 0.0365247 0.0373077 0.0376197 0.0374514 0.0368687 0.0359405 0.0347371 0.0333307 0.0318131 0.0302572 0.028722 0.0272809 0.0259748 0.0248644 0.024007 0.0234394 
0 0.00284049 0.00567768 0.00850899 0.0113172 0.0140869 0.0167549 0.0192883 0.0216646 0.0238399 0.0257315 0.0272576 0.0283707 0.0290299 0.0292016 0.0288511 0.0279762 0.0265866 0.0246993 0.0223428 0.0195975 0.0165169 0.0131564 0.00960113 0.00591632 0.00215845 -0.00163618 -0.00540456 -0.00916452 -0.0128939 -0.0165506 -0.0201421 -0.0236815 -0.0271678 -0.0305639 -0.0338657 -0.0370432 -0.0400634 -0.0428694 -0.0454041 -0.0476063 -0.049428 -0.0508038 -0.0517466 -0.0522833 -0.0524057 -0.0521695 -0.0516344 -0.0509 -0.0500339 -0.0491214 -0.0482152 -0.0473316 -0.0464405 -0.0454666 -0.044305 -0.0428386 -0.0408859 -0.0383094 -0.0350007 -0.0308683 -0.0259466 -0.0203072 -0.0141355 -0.007698 -0.00129177 0.00477723 0.0101811 0.0146488 0.0179678 0.020079 0.0209953 0.0208163 0.0197352 0.01802 0.0159242 0.0136856 0.0114976 0.00949511 0.00777468 0.00637694 0.00527034 0.00440652 0.0037504 0.00325677 0.0028846 0.00258501 0.00234475 0.00214479 0.00199212 0.00188682 0.0018063 0.00174163 0.00171472 0.00169245 0.00169092 0.00170377 0.00171232 0.00173436 0.00177662 0.00180478 0.00185257 0.0019061 0.00196651 0.00204987 0.00214132 0.00222457 0.00232917 0.00243355 0.00254275 0.00265267 0.00275769 0.0028573 0.00296819 0.0030815 0.00320972 0.0033848 0.00366581 0.00409426 0.00473439 0.00564336 0.00687181 0.00846449 0.0104071 0.0126072 0.0149302 0.017198 0.0191647 0.0205518 0.0210944 0.0205905 0.0189025 0.0160135 0.0119713 0.00695295 0.00121359 -0.00493062 -0.0111688 -0.0172058 -0.0227715 -0.0276436 -0.031774 -0.0351388 -0.0377793 -0.0398019 -0.041337 -0.0425566 -0.0435819 -0.044496 -0.0453938 -0.046317 -0.0472233 -0.0480537 -0.0487255 -0.0491859 -0.0493395 -0.0491304 -0.0485016 -0.0474453 -0.0459531 -0.0440112 -0.0416805 -0.0390302 -0.0361018 -0.0329498 -0.029645 -0.0262085 -0.0226693 -0.0190318 -0.0153334 -0.011577 -0.00776121 -0.00387036 8.68833e-05 0.00406768 0.00806762 0.0120268 0.0159131 0.0197036 0.0233355 0.0266908 0.0297026 0.032351 0.0345746 0.036317 0.0375773 0.0383612 0.0386638 0.038525 0.0379789 0.0370924 0.0359456 0.0346394 0.0332316 0.0317781 0.0303784 0.0290953 0.0280001 0.0271253 0.0265226 
0 0.00314797 0.00629464 0.00940632 0.0124374 0.0153575 0.0181241 0.0206933 0.0230159 0.025035 0.0266946 0.027933 0.0287038 0.0289508 0.0286715 0.0278784 0.0265866 0.0248088 0.0225472 0.0198933 0.0169225 0.0137159 0.0103131 0.00679368 0.00324402 -0.000321059 -0.00383985 -0.00731004 -0.0107087 -0.0140405 -0.0172843 -0.0204537 -0.0236069 -0.0267303 -0.029825 -0.0328783 -0.0358864 -0.0388239 -0.0416444 -0.0442873 -0.0467077 -0.0488218 -0.0505869 -0.0519759 -0.0529958 -0.0536409 -0.0539098 -0.0538887 -0.0536118 -0.0531498 -0.0525529 -0.0518817 -0.0511659 -0.0503631 -0.0493821 -0.0481547 -0.0465456 -0.0443924 -0.0415393 -0.0378988 -0.0334497 -0.0281658 -0.0221448 -0.0155849 -0.00876672 -0.00198505 0.00443111 0.0101538 0.0148842 0.0184604 0.020765 0.0218272 0.0217619 0.0207414 0.0190229 0.0169016 0.0145966 0.0123155 0.0102184 0.00840949 0.00692736 0.00573748 0.00480477 0.00408359 0.00353207 0.00312549 0.00281172 0.00254073 0.00233486 0.00216756 0.00203192 0.00193735 0.00186723 0.00181167 0.00180223 0.0017985 0.00180118 0.00182227 0.00185194 0.00188167 0.00193491 0.00197575 0.00202468 0.00209994 0.00218539 0.00227204 0.00238199 0.00247939 0.00258745 0.00270638 0.00280721 0.00289929 0.00300967 0.00311363 0.0032417 0.00340086 0.00361145 0.00393831 0.00444027 0.00515942 0.00616432 0.00750856 0.00923076 0.0112941 0.0135948 0.0159996 0.018292 0.0202394 0.0215784 0.0220165 0.0213466 0.0194794 0.0163441 0.0120196 0.0066802 0.000603728 -0.00589793 -0.0124971 -0.0188912 -0.024801 -0.0300566 -0.0345217 -0.0381799 -0.0410775 -0.0433029 -0.0449887 -0.0462706 -0.0472889 -0.0481349 -0.0488722 -0.049541 -0.0501202 -0.0505376 -0.0507592 -0.0507019 -0.0503401 -0.0496105 -0.0484917 -0.0469927 -0.0451034 -0.0428515 -0.0403016 -0.0375369 -0.0345996 -0.0315251 -0.0283612 -0.025151 -0.0218968 -0.01863 -0.0153221 -0.0119703 -0.00853567 -0.00500358 -0.00140702 0.00226972 0.00601091 0.00981278 0.0136077 0.0173786 0.021072 0.0245848 0.0278565 0.03083 0.0334512 0.0356433 0.0373804 0.0386447 0.0394326 0.0397684 0.0396748 0.0391852 0.0383789 0.0373474 0.0361554 0.034871 0.0335888 0.0324072 0.0313728 0.03053 0.0299229 
0 0.00344684 0.0068749 0.0102213 0.0134286 0.0164555 0.0192791 0.0218311 0.0240407 0.0258464 0.027211 0.0281105 0.0284885 0.028324 0.0276104 0.0263934 0.0246993 0.0225472 0.0199987 0.0171211 0.0140204 0.0107394 0.00736003 0.00395893 0.000579821 -0.00273605 -0.00598578 -0.00911387 -0.0121457 -0.0150806 -0.0179214 -0.020706 -0.0234572 -0.026226 -0.0290039 -0.0318112 -0.0346425 -0.0374651 -0.0402458 -0.0429455 -0.0455197 -0.0479061 -0.0500228 -0.0518366 -0.0533251 -0.0544665 -0.055287 -0.0557926 -0.0560353 -0.0560281 -0.0558207 -0.0554562 -0.0549457 -0.0542662 -0.0533547 -0.0520936 -0.0503526 -0.0479951 -0.044896 -0.0409739 -0.0361566 -0.0305016 -0.0241057 -0.0171657 -0.00995785 -0.00280947 0.00395851 0.00999765 0.0150266 0.0188213 0.0213367 0.0225814 0.0226263 0.0216849 0.0200136 0.0178698 0.0155239 0.0131756 0.0109816 0.00907247 0.00748331 0.00621561 0.00520648 0.00443084 0.00385103 0.0034072 0.00304939 0.00276937 0.00251707 0.00232836 0.00218932 0.00207636 0.00199123 0.00195157 0.00191355 0.00190868 0.00191469 0.00192578 0.00195449 0.0020107 0.00204729 0.00210232 0.00216283 0.002234 0.00232642 0.00243712 0.00252255 0.00263017 0.00273787 0.00284272 0.00295367 0.00306754 0.00316285 0.00328986 0.00342008 0.00358216 0.00382941 0.00421847 0.0047967 0.00562851 0.00674287 0.00820879 0.0100381 0.012212 0.0146135 0.0170591 0.0193692 0.0212942 0.0225345 0.0228546 0.0220367 0.019936 0.0165499 0.011933 0.00627785 -0.000143507 -0.00699084 -0.0139481 -0.0207135 -0.0270074 -0.0325876 -0.0373845 -0.041354 -0.0445085 -0.046908 -0.0486935 -0.0500251 -0.0510119 -0.0517233 -0.0522385 -0.0525925 -0.0527661 -0.0527287 -0.0524262 -0.0518544 -0.0509526 -0.0497009 -0.0480971 -0.0461623 -0.043927 -0.04142 -0.0387085 -0.035874 -0.0329495 -0.0299775 -0.0269937 -0.0240196 -0.0210797 -0.0181421 -0.0152169 -0.0122443 -0.0091901 -0.00603769 -0.00278426 0.000554221 0.00403372 0.00762487 0.011293 0.0149841 0.0186493 0.0222492 0.0257066 0.0289613 0.0319154 0.034507 0.0366983 0.0384478 0.0397377 0.0405705 0.0409728 0.0409605 0.0405758 0.039897 0.0390031 0.0379789 0.0369134 0.0358875 0.034965 0.0341962 0.0336404 
