0 0 0 0 0 0 0 0 0 0 0 0 0 0 0 0 0 0 0 0 0 0 0 0 0 0 0 0 0 0 0 0 0 0 0 0 0 0 0 0 0 0 0 0 0 0 0 0 0 0 0 0 0 0 0 0 0 0 0 0 0 0 0 0 0 0 0 0 0 0 0 0 0 0 0 0 0 0 0 0 0 0 0 0 0 0 0 0 0 0 0 0 0 0 0 0 0 0 0 0 0 0 0 0 0 0 0 0 0 0 0 0 0 0 0 0 0 0 0 0 0 0 0 0 0 0 0 0 0 0 0 0 0 0 0 0 0 0 0 0 0 0 0 0 0 0 0 0 0 0 0 0 0 0 0 0 0 0 0 0 0 0 0 0 0 0 0 0 0 0 0 0 0 0 0 0 0 0 0 0 0 0 0 0 0 0 0 0 0 0 0 0 0 0 0 0 0 0 0 0 
0 6.2702e-06 2.07869e-05 3.77354e-05 5.37051e-05 5.35957e-05 6.35676e-05 7.96258e-05 9.61161e-05 0.000104925 0.000110155 0.000124994 0.000137335 0.000154244 0.000163194 0.000178136 0.000195646 0.000209256 0.000225408 0.000237791 0.000258976 0.000275075 0.000284929 0.000284803 0.000286827 0.000296232 0.00028382 0.000258024 0.000224295 0.000190588 0.00015901 0.000122817 7.91617e-05 3.47153e-05 2.61908e-05 6.30137e-05 0.000141225 0.000268072 0.000449093 0.000708372 0.00106052 0.00149381 0.00198818 0.00249976 0.00299992 0.0034633 0.0038523 0.00411188 0.00419321 0.00407004 0.00371059 0.00312915 0.00236374 0.00145471 0.000438238 -0.000633675 -0.00170232 -0.00269318 -0.0035551 -0.00424365 -0.00473089 -0.00503141 -0.00515747 -0.00512267 -0.00495538 -0.00467152 -0.0042948 -0.0038688 -0.00340812 -0.00294091 -0.0024844 -0.00206707 -0.00169138 -0.00135802 -0.00107454 -0.000839779 -0.000638212 -0.000477231 -0.000342989 -0.00024211 -0.0001691 -0.000111234 -5.97387e-05 -1.94582e-05 6.68153e-06 2.12499e-05 2.92085e-05 2.85763e-05 2.96585e-05 2.85109e-05 2.73784e-05 3.31889e-05 3.60487e-05 3.81755e-05 4.14759e-05 3.99786e-05 3.65754e-05 3.34459e-05 3.11895e-05 3.26641e-05 3.56925e-05 3.98274e-05 4.07577e-05 4.50456e-05 4.77897e-05 4.47896e-05 4.40791e-05 4.12404e-05 3.88269e-05 4.49706e-05 4.87819e-05 5.47679e-05 6.0907e-05 5.53247e-05 4.61567e-05 3.39328e-05 2.02385e-05 6.53961e-07 -2.97344e-05 -7.18989e-05 -0.000127629 -0.000201886 -0.000302104 -0.000443328 -0.000607008 -0.00080141 -0.00103329 -0.00130821 -0.00163065 -0.00200383 -0.00241481 -0.00286116 -0.00332201 -0.00378043 -0.00420336 -0.00458158 -0.00488394 -0.00507505 -0.0051382 -0.00504939 -0.00477141 -0.00429554 -0.00362544 -0.00278082 -0.00180174 -0.000736666 0.000345759 0.00138952 0.00234186 0.00314314 0.0037475 0.00414108 0.00430321 0.00425321 0.00402161 0.00365626 0.00320609 0.00270169 0.00217954 0.00168024 0.00124976 0.000900622 0.000630189 0.000434869 0.000294505 0.000209788 0.000183794 0.000198755 0.000238882 0.000271324 0.000299264 0.000336447 0.000382202 0.000423963 0.000441367 0.000445172 0.000436993 0.000444946 0.000463724 0.000457033 0.000431485 0.000406846 0.000409089 0.000415456 0.000409411 0.000383571 0.000358161 0.000366504 0.000378108 0.000368729 0.000337827 0.000328637 0.000344999 0.000352787 0.000336192 0.000309672 0.000316019 0.00033621 0.000337995 0.000312972 
0 2.07869e-05 3.91517e-05 6.72956e-05 8.70376e-05 0.000105504 0.000127419 0.000158603 0.000182147 0.000197011 0.000226842 0.000255834 0.000289107 0.000308674 0.000333539 0.000367251 0.000403867 0.000437611 0.000454946 0.000484452 0.000511047 0.000550171 0.000567902 0.000564443 0.000564746 0.000568783 0.000558261 0.000514008 0.00046088 0.000388127 0.000319081 0.000255408 0.000187826 0.000117535 0.000103056 0.000156987 0.000301466 0.000550532 0.000922861 0.00145195 0.00212879 0.00297164 0.00392748 0.00496018 0.00595756 0.00686533 0.00762511 0.00812456 0.00827275 0.00800589 0.00729936 0.00618027 0.00467399 0.00285802 0.000847836 -0.00127054 -0.003358 -0.00530641 -0.00698639 -0.0083612 -0.00936232 -0.00997443 -0.0102365 -0.0101863 -0.00985329 -0.00929434 -0.00855728 -0.00772123 -0.00681285 -0.00588367 -0.0049953 -0.00415481 -0.00340414 -0.00274755 -0.00217653 -0.00170222 -0.0013185 -0.000978627 -0.000706965 -0.000494039 -0.000332523 -0.000207868 -0.000117444 -4.1269e-05 -4.70758e-06 2.43764e-05 4.14393e-05 5.99621e-05 7.09288e-05 7.55752e-05 7.41812e-05 7.79466e-05 6.68019e-05 7.47995e-05 7.24315e-05 7.40294e-05 8.04222e-05 7.62707e-05 7.37171e-05 8.6934e-05 7.82793e-05 8.52541e-05 8.35472e-05 8.05078e-05 8.77138e-05 9.22784e-05 8.93664e-05 0.000101179 9.87529e-05 0.000105188 0.000103708 0.000104992 0.000102238 9.72083e-05 8.50479e-05 7.72798e-05 5.19933e-05 1.96015e-05 -5.62563e-05 -0.00015606 -0.000275381 -0.000426244 -0.000637372 -0.000896638 -0.00123313 -0.00162562 -0.00208419 -0.00264154 -0.0032954 -0.00402364 -0.0048516 -0.00573463 -0.00664431 -0.00754619 -0.00838489 -0.00913191 -0.00971271 -0.0100801 -0.0101863 -0.00997277 -0.00941521 -0.008489 -0.00716308 -0.00550875 -0.00356932 -0.00146338 0.000692072 0.00274357 0.00460486 0.00619348 0.00740419 0.00817408 0.00849757 0.00840474 0.00796237 0.00723258 0.00632723 0.00534949 0.00433042 0.00336834 0.00251091 0.00181715 0.0012797 0.000897892 0.000636093 0.000475709 0.000412072 0.00042125 0.000480325 0.000549608 0.000616909 0.000684893 0.000762721 0.00081685 0.000866701 0.000890201 0.000894999 0.00089722 0.000906617 0.000901712 0.000869557 0.000853109 0.000833511 0.000820835 0.000801917 0.000777855 0.000751051 0.000737657 0.000736204 0.000716365 0.000695053 0.000681456 0.000681408 0.000677195 0.000664106 0.000649612 0.000645461 0.000653417 0.000650629 0.000638201 
0 3.77354e-05 6.72956e-05 8.83328e-05 0.000129887 0.000157756 0.000201859 0.000234689 0.000264958 0.000300183 0.000341953 0.000394141 0.000424313 0.000469158 0.000506018 0.000556641 0.0006061 0.000646701 0.00069576 0.000729241 0.000774497 0.00081332 0.000850576 0.000862541 0.000861838 0.000867938 0.000835403 0.000790759 0.000723246 0.000624836 0.000513317 0.000409812 0.000321533 0.000240423 0.000226189 0.000305093 0.000504723 0.000878217 0.00143872 0.00221607 0.00322106 0.00443181 0.00582295 0.00729995 0.0087662 0.0101116 0.0112043 0.0118983 0.0120892 0.0117221 0.0107081 0.00905849 0.0068549 0.00421113 0.00125363 -0.00184875 -0.00491956 -0.00776289 -0.0102505 -0.0122741 -0.0137508 -0.0146948 -0.0151219 -0.0150635 -0.0146022 -0.013798 -0.0127297 -0.0115186 -0.010205 -0.00885899 -0.00752908 -0.00629254 -0.00517008 -0.00417443 -0.0033284 -0.00262556 -0.00202033 -0.00152203 -0.00109837 -0.000769481 -0.000526745 -0.000340994 -0.000190394 -8.14216e-05 -1.40387e-05 2.81862e-05 6.13046e-05 7.95326e-05 0.000101339 0.000110584 0.000110085 0.00011708 0.000110776 0.000104853 0.000107769 0.000107825 0.000110663 0.0001152 0.000119029 0.000125529 0.000126128 0.000124605 0.000115137 0.000119501 0.000130074 0.000133698 0.00014531 0.000149759 0.00014685 0.000155586 0.00015133 0.000150813 0.000155981 0.000141635 0.000125724 0.000103899 7.03853e-05 7.4902e-06 -0.000100509 -0.000251203 -0.000442385 -0.000681791 -0.000988851 -0.00140458 -0.00189326 -0.00248131 -0.00318998 -0.00403081 -0.00500617 -0.00611391 -0.00731952 -0.00861284 -0.00994162 -0.0112601 -0.0124779 -0.0135571 -0.0144013 -0.0149075 -0.0150295 -0.014709 -0.0138579 -0.0124535 -0.0105023 -0.00805701 -0.00522179 -0.00213334 0.00101013 0.00403418 0.0067797 0.00908237 0.0108228 0.0119644 0.0124557 0.0123394 0.0116919 0.0106426 0.00934105 0.00789705 0.00642149 0.00501881 0.00379061 0.00276652 0.00196084 0.00139272 0.00101281 0.000789659 0.000695337 0.000687791 0.000761133 0.000858361 0.000967351 0.00107717 0.00116728 0.00123895 0.00129296 0.00135253 0.00136528 0.00135896 0.00135417 0.00133074 0.00131778 0.00129706 0.00126969 0.0012168 0.00118761 0.00117842 0.00114975 0.00112087 0.00107983 0.00106514 0.00105667 0.00104765 0.00101753 0.000987871 0.000995293 0.000996938 0.000987633 0.000958036 0.00095574 0.000969216 
0 5.37051e-05 8.70376e-05 0.000129887 0.000179359 0.000230796 0.000270605 0.000313837 0.00036157 0.000411646 0.000469564 0.00050585 0.000555848 0.000615685 0.000684544 0.0007388 0.000784559 0.000852158 0.00092513 0.0010028 0.0010429 0.00109297 0.00114239 0.0011811 0.00120317 0.00119044 0.00114334 0.00107447 0.00101127 0.000898254 0.000753327 0.000610698 0.000493738 0.000407678 0.000418693 0.000531536 0.000795824 0.00126872 0.00199667 0.00301925 0.00430115 0.00585568 0.00761131 0.00951482 0.0113816 0.0130843 0.0144832 0.0153759 0.0156165 0.0151086 0.0137981 0.011709 0.00888261 0.0054591 0.00165123 -0.0023595 -0.00631467 -0.010007 -0.0132185 -0.0158722 -0.0178465 -0.0191056 -0.0197004 -0.0196913 -0.0191375 -0.0181422 -0.0168002 -0.0152539 -0.0135633 -0.0118205 -0.010127 -0.00850789 -0.00703281 -0.00571861 -0.00456432 -0.00359162 -0.00279183 -0.00209854 -0.001544 -0.00111103 -0.000777931 -0.000513572 -0.00030928 -0.000138392 -4.15617e-05 2.95262e-05 7.12434e-05 0.000104004 0.00012064 0.000126624 0.000126061 0.000138287 0.00013019 0.000148489 0.000149299 0.000150447 0.00015374 0.000140775 0.000132472 0.000152175 0.000144883 0.000161948 0.000165549 0.000166337 0.000177676 0.000179828 0.000169444 0.000181167 0.000177288 0.000192933 0.000198163 0.000206362 0.000203705 0.000187523 0.000152668 0.000116505 4.87078e-05 -3.48447e-05 -0.000190012 -0.000391669 -0.000638652 -0.000957641 -0.00139719 -0.00194453 -0.00263762 -0.00344572 -0.00438627 -0.00550727 -0.0068036 -0.00823857 -0.0098365 -0.0115205 -0.0132317 -0.0149059 -0.0164523 -0.0178176 -0.0188677 -0.0195015 -0.0196226 -0.0191264 -0.0179658 -0.0161121 -0.0135405 -0.0103796 -0.00671519 -0.00274041 0.00133589 0.00523396 0.00876225 0.0117439 0.0139973 0.0154332 0.0160573 0.0159308 0.0151562 0.0138305 0.0121449 0.0103007 0.00840418 0.00663485 0.00506279 0.00375612 0.002709 0.00195094 0.00144878 0.00115909 0.00103717 0.00102351 0.00109478 0.0012097 0.00134967 0.00149259 0.00162244 0.00169551 0.00176812 0.00182396 0.00184856 0.00184089 0.00182319 0.00179419 0.00175246 0.00173446 0.00168525 0.00162866 0.00158543 0.00156449 0.00153259 0.00148876 0.00145293 0.0014223 0.00141391 0.0013964 0.00136321 0.00133175 0.00132888 0.00133339 0.00131453 0.00128844 0.0012801 0.00129288 
0 5.35957e-05 0.000105504 0.000157756 0.000230796 0.000274769 0.000328461 0.000385212 0.000454363 0.000523792 0.000581866 0.000643337 0.000701039 0.000792526 0.000869941 0.000939592 0.00100254 0.0010766 0.00117631 0.00125452 0.00131987 0.00137103 0.00143443 0.00148536 0.00151289 0.00151498 0.00145792 0.00139547 0.00132514 0.0012088 0.00105118 0.000892406 0.0007673 0.000684244 0.000707115 0.000858859 0.00118008 0.00175791 0.00263377 0.00384532 0.0053867 0.00722062 0.00930501 0.0115285 0.013745 0.0157766 0.0174117 0.0184296 0.0186845 0.018093 0.0165417 0.0140299 0.010655 0.0065806 0.00201238 -0.00278884 -0.00754401 -0.0119692 -0.0158675 -0.0190907 -0.0215156 -0.0231303 -0.0239467 -0.024006 -0.0234174 -0.0222777 -0.0207124 -0.0188942 -0.0168985 -0.0148265 -0.0127582 -0.0107906 -0.00896927 -0.00732533 -0.00589629 -0.00468391 -0.00364296 -0.00277457 -0.00204911 -0.00148115 -0.00104947 -0.000709277 -0.000432254 -0.000223266 -8.58582e-05 5.4507e-06 7.11403e-05 0.000110897 0.000145176 0.00016071 0.000165797 0.000179614 0.000177131 0.000176732 0.00018186 0.000181649 0.000183108 0.000182922 0.000185086 0.000195701 0.000198641 0.000201721 0.000195589 0.000202933 0.000218111 0.000222065 0.000230486 0.000234277 0.000231408 0.000244428 0.000243994 0.000244533 0.000245414 0.000217864 0.00017772 0.000121675 3.97519e-05 -8.77702e-05 -0.00028542 -0.000551291 -0.000888451 -0.00131576 -0.00186655 -0.00258588 -0.00344181 -0.0044583 -0.00566337 -0.00707323 -0.00868372 -0.0104769 -0.0124061 -0.0144326 -0.0164775 -0.018469 -0.0202919 -0.0218811 -0.0230932 -0.0237712 -0.0238273 -0.0231689 -0.0216932 -0.0193805 -0.0162587 -0.0124269 -0.00802921 -0.00325646 0.00161433 0.0063033 0.0105467 0.0140891 0.0167544 0.0184911 0.0192653 0.0191435 0.0182286 0.0166808 0.0147123 0.0125158 0.0102812 0.00818042 0.00633682 0.00477835 0.00352229 0.00261028 0.00200159 0.00164899 0.0014895 0.00145323 0.00152284 0.00163897 0.0017869 0.00194726 0.00208213 0.00217636 0.00223995 0.00230313 0.00231847 0.00231378 0.00230466 0.00225992 0.00221275 0.00216439 0.00212223 0.00206111 0.00201237 0.00196715 0.00190622 0.00187206 0.00183602 0.00180242 0.00175593 0.00172932 0.00171298 0.00169062 0.00167099 0.00164065 0.00163582 0.00163056 0.00162839 0.00160978 
0 6.35676e-05 0.000127419 0.000201859 0.000270605 0.000328461 0.000396074 0.000479203 0.000552777 0.000615459 0.000696416 0.000781943 0.000869258 0.000947973 0.00103219 0.00112887 0.00122888 0.00132695 0.00141336 0.00150869 0.00159765 0.00169253 0.0017658 0.0018097 0.00184255 0.00185785 0.00183311 0.00176969 0.00168765 0.00155561 0.00140035 0.00125759 0.00114306 0.00106505 0.00110102 0.00128122 0.00166803 0.00233451 0.00333392 0.00470537 0.00642189 0.00848189 0.0108131 0.0133258 0.015808 0.0180668 0.0198897 0.0210257 0.0212992 0.0205976 0.0188368 0.0160163 0.0121947 0.00755048 0.00235402 -0.00311989 -0.00853503 -0.0136063 -0.0180843 -0.0218446 -0.0247364 -0.0266958 -0.0277447 -0.027939 -0.0273639 -0.0261527 -0.0244463 -0.022423 -0.0201768 -0.017818 -0.0154605 -0.0131673 -0.011025 -0.00907863 -0.0073535 -0.00587237 -0.00461869 -0.00353769 -0.00264869 -0.00194141 -0.00138855 -0.000951203 -0.000610795 -0.000343455 -0.000173229 -4.80343e-05 4.21664e-05 0.000112871 0.000160772 0.000186327 0.000194709 0.000206368 0.000196175 0.000205246 0.00020671 0.000211478 0.000219594 0.000216009 0.000215751 0.00023532 0.000230163 0.000237969 0.000234075 0.000235205 0.000250802 0.000260949 0.000263108 0.000278736 0.000279188 0.000291271 0.000286446 0.000279229 0.000262023 0.000228011 0.00017464 0.000107185 -7.88793e-06 -0.000170965 -0.000434269 -0.000779381 -0.0012047 -0.00174006 -0.00243635 -0.00330115 -0.00436448 -0.00561262 -0.00706845 -0.00876595 -0.0106857 -0.0127778 -0.0150301 -0.0173585 -0.0196825 -0.0219171 -0.0239527 -0.0257015 -0.0269905 -0.0276687 -0.0276144 -0.0267174 -0.0249205 -0.0222032 -0.0185699 -0.0141618 -0.00911102 -0.00365425 0.00191741 0.00724537 0.0120473 0.016077 0.0191257 0.0210963 0.0219867 0.0218704 0.0208721 0.019143 0.0169322 0.014494 0.0119999 0.00965546 0.00756485 0.0058052 0.00439356 0.00336295 0.00266859 0.0022458 0.0020344 0.00197283 0.00203206 0.00215314 0.00230161 0.00245482 0.00259515 0.00268798 0.00276836 0.00282123 0.00283073 0.00281368 0.00279219 0.00274666 0.0026766 0.00262149 0.00255677 0.00249181 0.0024292 0.00236703 0.00229832 0.00225025 0.00221927 0.00217049 0.00211552 0.00207678 0.00206306 0.00204639 0.0020116 0.00197298 0.0019625 0.00197175 0.00196537 0.00193523 
0 7.96258e-05 0.000158603 0.000234689 0.000313837 0.000385212 0.000479203 0.000573676 0.000647656 0.000717928 0.000815234 0.000930962 0.00102579 0.00111006 0.00120058 0.00132212 0.00145172 0.00156356 0.0016632 0.00176789 0.00189219 0.00201566 0.00211019 0.00216468 0.00221009 0.00225385 0.00225242 0.00220264 0.00211442 0.00198691 0.0018482 0.00172327 0.00161735 0.001548 0.00159789 0.00182143 0.00226863 0.00300795 0.00408708 0.00555214 0.00740748 0.00962874 0.012144 0.014824 0.0174791 0.0199014 0.0218511 0.0230681 0.0233624 0.0226055 0.0206879 0.0176006 0.0134372 0.00838451 0.00270148 -0.0033023 -0.00927847 -0.0148974 -0.0199044 -0.0241272 -0.0274179 -0.0297192 -0.0310325 -0.0313991 -0.0309194 -0.0297172 -0.0279492 -0.025801 -0.0233849 -0.020815 -0.0181991 -0.0156338 -0.0131987 -0.0109527 -0.00894659 -0.00720093 -0.00569486 -0.00441099 -0.00334277 -0.00248898 -0.00181809 -0.00128055 -0.000846957 -0.000511049 -0.000277155 -0.000111327 8.13608e-06 9.15854e-05 0.000150632 0.000183508 0.00020178 0.000220288 0.000223161 0.00023005 0.000236467 0.000239298 0.000241703 0.000238356 0.000240164 0.000253976 0.000258445 0.000264123 0.000262902 0.000270199 0.000286945 0.000294646 0.000299068 0.000304408 0.000304836 0.000315478 0.000314227 0.000306162 0.000286778 0.000237207 0.000160269 5.32414e-05 -0.000102232 -0.000323931 -0.000643839 -0.00106183 -0.00158553 -0.00224555 -0.00308744 -0.00414289 -0.0054089 -0.00689209 -0.00861526 -0.0105907 -0.012795 -0.0151808 -0.0176968 -0.0202695 -0.0228084 -0.0252194 -0.0273854 -0.029204 -0.0305037 -0.0311081 -0.0308984 -0.0297719 -0.0276527 -0.0245264 -0.0204337 -0.0155069 -0.00991607 -0.0039057 0.00219718 0.00803625 0.0132928 0.0176844 0.0210071 0.0231735 0.024166 0.0240587 0.0229891 0.0211522 0.0188068 0.0161944 0.01352 0.0109844 0.00873167 0.0068335 0.00531751 0.00420039 0.00342866 0.0029439 0.0026906 0.0026128 0.00266639 0.00277669 0.00290721 0.00304656 0.0031764 0.0032737 0.00334185 0.00337922 0.00336592 0.00333324 0.00329981 0.00323711 0.00315698 0.00307979 0.00300515 0.00292173 0.00284616 0.00277788 0.00270456 0.00264547 0.00258961 0.00253857 0.00248872 0.00244928 0.00241236 0.00237822 0.00235437 0.00232803 0.00231076 0.00229213 0.00228366 0.00227499 
0 9.61161e-05 0.000182147 0.000264958 0.00036157 0.000454363 0.000552777 0.000647656 0.000741081 0.000842343 0.000951076 0.00106266 0.00116862 0.00128706 0.00140908 0.00153584 0.00166564 0.00179918 0.00193764 0.00207074 0.00220645 0.00233821 0.00245571 0.00254646 0.00262272 0.00268351 0.00269737 0.00266847 0.00260666 0.00251448 0.00240709 0.00230225 0.00220928 0.00216186 0.00223971 0.00250092 0.00298663 0.0037566 0.00486742 0.00637382 0.00829692 0.010608 0.0132257 0.0159993 0.0187412 0.0212464 0.0232763 0.0245623 0.0248801 0.0240748 0.0220421 0.0187779 0.014383 0.00904558 0.00302394 -0.00336367 -0.00976187 -0.0158197 -0.0212638 -0.025894 -0.0295592 -0.0321914 -0.0337859 -0.0343811 -0.0340654 -0.0329567 -0.0312144 -0.0290174 -0.0264972 -0.0237767 -0.0209693 -0.0181798 -0.0154917 -0.0129757 -0.0106941 -0.00867871 -0.00692222 -0.00541759 -0.00415836 -0.00314117 -0.00233016 -0.001675 -0.00114331 -0.000729727 -0.000429628 -0.000214652 -5.75234e-05 5.35369e-05 0.000130792 0.000177107 0.00020595 0.000228791 0.00024047 0.000250964 0.000261501 0.000266298 0.000266178 0.000261123 0.000262283 0.000273845 0.000283703 0.000290922 0.000294095 0.000303639 0.000318714 0.000325611 0.000328567 0.000330326 0.000332647 0.000340101 0.00033726 0.000321976 0.00028872 0.000220643 0.000117121 -2.89556e-05 -0.000233123 -0.000519168 -0.000912912 -0.00142178 -0.00205751 -0.0028561 -0.00386352 -0.00511347 -0.00660078 -0.00832855 -0.0103104 -0.0125492 -0.0150144 -0.0176527 -0.0203971 -0.0231664 -0.0258588 -0.0283697 -0.0305838 -0.0323846 -0.0336053 -0.0340711 -0.0336565 -0.0322643 -0.0298271 -0.0263356 -0.0218452 -0.0164905 -0.0104654 -0.00403066 0.00246889 0.00866965 0.0142424 0.0188999 0.0224289 0.0247251 0.0257767 0.0256734 0.0245696 0.0226775 0.0202576 0.0175528 0.0147808 0.0121446 0.00980778 0.00784911 0.00629129 0.00512543 0.00430061 0.00376999 0.00348731 0.00339422 0.00342513 0.00350388 0.00360054 0.00371545 0.00382968 0.00391446 0.00395828 0.00396505 0.00393046 0.0038843 0.00383527 0.00375512 0.00365402 0.0035539 0.00346379 0.00336926 0.00327992 0.00319719 0.00311583 0.00304323 0.00297127 0.00291255 0.00286616 0.00282451 0.00276893 0.00271935 0.00270077 0.00268892 0.00266262 0.00262038 0.00260649 0.00261844 
0 0.000104925 0.000197011 0.000300183 0.000411646 0.000523792 0.000615459 0.000717928 0.000842343 0.000974459 0.00109234 0.00119236 0.00132214 0.00147426 0.00163032 0.00176034 0.00189124 0.00205236 0.00222369 0.00239154 0.00253418 0.00268113 0.00282503 0.00295932 0.0030747 0.00315337 0.00319954 0.00320921 0.0031953 0.00314672 0.00307471 0.00300085 0.00293959 0.00292758 0.00302694 0.00329213 0.00378022 0.00454429 0.0056505 0.00714933 0.00905639 0.0113673 0.0139907 0.0167904 0.0195575 0.0220856 0.0241441 0.0254647 0.0258064 0.0249862 0.0229104 0.019572 0.0150543 0.00954739 0.00332506 -0.00330828 -0.00998601 -0.0163672 -0.0221488 -0.0271254 -0.0311384 -0.0340928 -0.0359843 -0.0368515 -0.0367533 -0.0358144 -0.0341886 -0.0320346 -0.0294958 -0.0266928 -0.0237568 -0.0207821 -0.0178779 -0.0151295 -0.0125965 -0.0103246 -0.00833007 -0.00658549 -0.00511651 -0.00390964 -0.00293244 -0.00214304 -0.00151124 -0.00101345 -0.000647528 -0.000374927 -0.000171318 -1.55367e-05 9.19534e-05 0.000163285 0.000206947 0.000232199 0.000243387 0.000255981 0.000263987 0.000273635 0.000279702 0.000279873 0.000285058 0.000299584 0.000305274 0.000308952 0.000310362 0.000315896 0.000330822 0.000345948 0.000350968 0.000358834 0.000361901 0.000359338 0.00034394 0.000311348 0.000252315 0.000163723 3.20361e-05 -0.000148746 -0.000407318 -0.000761741 -0.00124836 -0.00187312 -0.00264472 -0.00360151 -0.00479409 -0.00623225 -0.00794507 -0.00991561 -0.0121472 -0.0146404 -0.0173485 -0.020194 -0.0231168 -0.0260134 -0.0287861 -0.0313198 -0.0335063 -0.0352101 -0.0362646 -0.0365217 -0.0358527 -0.0341662 -0.0314252 -0.0276191 -0.0227973 -0.017108 -0.0107499 -0.00401614 0.002751 0.00916831 0.0149119 0.0197157 0.0233635 0.0257278 0.0268118 0.0267074 0.025589 0.023675 0.0212316 0.0185187 0.0157395 0.0131031 0.0107569 0.00880065 0.00725262 0.00608955 0.00526774 0.00473193 0.00443272 0.0043131 0.00430337 0.00435008 0.00441931 0.00449969 0.00457421 0.00461175 0.00462443 0.0046003 0.00455037 0.00447679 0.00438865 0.00428882 0.00416992 0.0040584 0.00393996 0.00383044 0.00372646 0.0036278 0.00353543 0.00344508 0.00337143 0.00329945 0.0032419 0.0031885 0.00313499 0.00308805 0.00305337 0.00303272 0.00300315 0.00297468 0.00295633 0.00295602 
0 0.000110155 0.000226842 0.000341953 0.000469564 0.000581866 0.000696416 0.000815234 0.000951076 0.00109234 0.00121569 0.00135169 0.00149211 0.00165766 0.00181854 0.00197781 0.00214407 0.00231922 0.00251708 0.00270118 0.00289045 0.00306738 0.00325042 0.0034271 0.00357869 0.00370275 0.00379236 0.0038641 0.00389684 0.00389411 0.00386012 0.00382044 0.00379652 0.00382302 0.00392284 0.00416943 0.00461544 0.00533793 0.00639329 0.00781513 0.0096495 0.0118616 0.0144118 0.0171341 0.0198717 0.0223933 0.0244396 0.0257655 0.0261382 0.0253691 0.023332 0.0199943 0.0154695 0.0099371 0.00363115 -0.00311222 -0.00996099 -0.0165479 -0.0225991 -0.0278454 -0.0321421 -0.0354099 -0.0376128 -0.0387674 -0.0389549 -0.0382593 -0.036831 -0.034811 -0.032343 -0.0295464 -0.0265334 -0.0234467 -0.0203751 -0.0174154 -0.0146599 -0.0121493 -0.00988926 -0.00792441 -0.00623193 -0.00482468 -0.00367897 -0.00274494 -0.00197873 -0.00138706 -0.000922386 -0.000582583 -0.000322837 -0.000131478 1.01012e-05 0.000103735 0.00016885 0.000202561 0.000232249 0.000239844 0.000257356 0.0002672 0.000270318 0.000275856 0.000287271 0.000290779 0.000309193 0.000305675 0.000308268 0.000318667 0.00033243 0.000344063 0.000357699 0.000353461 0.000356839 0.000343079 0.000321695 0.000272145 0.000195972 7.47948e-05 -9.69064e-05 -0.000341329 -0.000660309 -0.00111136 -0.00169011 -0.00243054 -0.00335267 -0.00448514 -0.00586088 -0.00753271 -0.00946541 -0.0116766 -0.0141589 -0.0168756 -0.0197767 -0.0227989 -0.0258255 -0.0287806 -0.031556 -0.0340382 -0.0361094 -0.0376262 -0.0384565 -0.038439 -0.0374759 -0.0355074 -0.0324723 -0.0283663 -0.0232825 -0.0173308 -0.010758 -0.0038445 0.00303282 0.00954191 0.0153494 0.020169 0.0238136 0.0261845 0.0272691 0.0271591 0.0260244 0.0241274 0.0217268 0.019052 0.0163521 0.0137884 0.0115327 0.00964005 0.008152 0.0070463 0.00627795 0.00578601 0.00549449 0.00535323 0.00530924 0.00532904 0.00537825 0.00542334 0.00542908 0.00541228 0.00536829 0.00532005 0.00523778 0.00512083 0.00497925 0.00483547 0.00471472 0.00457961 0.00444322 0.00429575 0.00417462 0.0040683 0.00396301 0.00386496 0.0037722 0.00369974 0.00362017 0.00355737 0.00350846 0.00346541 0.0034175 0.00336728 0.00334682 0.00333694 0.00332326 0.0032943 
0 0.000124994 0.000255834 0.000394141 0.00050585 0.000643337 0.000781943 0.000930962 0.00106266 0.00119236 0.00135169 0.00151845 0.00169158 0.00183609 0.00201253 0.00220806 0.00241252 0.00261681 0.00281694 0.00304376 0.00326555 0.0034968 0.0037177 0.00393936 0.00414633 0.00431657 0.00447572 0.00460569 0.00470536 0.00476635 0.00478627 0.00478304 0.00478496 0.00482922 0.00492934 0.00512611 0.00549724 0.00610372 0.007034 0.00832837 0.00999815 0.0120535 0.0144348 0.0170394 0.0196774 0.0221329 0.0241683 0.0255285 0.0259534 0.0252377 0.0232901 0.0200805 0.0156544 0.0101836 0.00393265 -0.00281315 -0.00970349 -0.0164099 -0.0226139 -0.028074 -0.0326318 -0.0361692 -0.0386708 -0.0401696 -0.0406789 -0.0402995 -0.0391485 -0.03733 -0.034997 -0.0322702 -0.0292853 -0.0261422 -0.0229628 -0.0198519 -0.0168806 -0.0141258 -0.0116437 -0.00942648 -0.00752186 -0.00591269 -0.00457131 -0.00346748 -0.00256867 -0.00184298 -0.00128015 -0.00085222 -0.000530646 -0.000284831 -0.000114525 9.53894e-06 9.36787e-05 0.000144634 0.000186567 0.000218202 0.000237624 0.000253836 0.000255532 0.000254222 0.000257318 0.000267454 0.000281604 0.00029188 0.000305006 0.0003153 0.000322558 0.000333617 0.000329651 0.00032588 0.0003232 0.000303495 0.000271856 0.000211014 0.000100011 -5.74152e-05 -0.000285813 -0.000593777 -0.00100837 -0.00154852 -0.00224581 -0.0031226 -0.00419531 -0.00550928 -0.00711145 -0.00899102 -0.0111802 -0.0136371 -0.0163281 -0.0192327 -0.0222875 -0.0254024 -0.0284993 -0.0314586 -0.0341715 -0.0365098 -0.0383797 -0.0396373 -0.0401547 -0.0398412 -0.0385771 -0.0362917 -0.0329749 -0.0286282 -0.0233241 -0.0172152 -0.0105279 -0.00357361 0.00332476 0.00979905 0.0155348 0.0202925 0.0238709 0.0261469 0.0271559 0.0270136 0.0259058 0.0240518 0.0217011 0.0191288 0.0165549 0.0141645 0.0120636 0.0103321 0.00898412 0.00798844 0.00731966 0.00689847 0.0066532 0.00652537 0.00646089 0.00645128 0.0064607 0.00644944 0.00640151 0.00631711 0.00622407 0.00610354 0.00597324 0.00581044 0.00562086 0.00544742 0.00527592 0.00512258 0.00495259 0.0047934 0.00464372 0.0045143 0.00440757 0.00428784 0.00419188 0.0040964 0.00401908 0.00394302 0.00388578 0.00384155 0.00378205 0.00373668 0.00369999 0.00369713 0.00367556 0.00364724 
0 0.000137335 0.000289107 0.000424313 0.000555848 0.000701039 0.000869258 0.00102579 0.00116862 0.00132214 0.00149211 0.00169158 0.00187224 0.0020509 0.00224395 0.00246474 0.00269786 0.00292292 0.00316698 0.00341142 0.00368178 0.00394968 0.00422335 0.00450101 0.00476525 0.00501452 0.00524457 0.00545764 0.00562935 0.00576967 0.0058592 0.00589765 0.00591297 0.0059525 0.00599999 0.0061208 0.00636133 0.00680366 0.00753346 0.00860056 0.0100637 0.0118831 0.0140539 0.0164512 0.0189676 0.0213654 0.0233631 0.0247292 0.0252304 0.0246589 0.0228829 0.0198387 0.0156064 0.0103296 0.00421289 -0.00241856 -0.00926057 -0.015964 -0.0222589 -0.0278479 -0.0325983 -0.0364145 -0.0392355 -0.0410575 -0.0419343 -0.0419084 -0.0410885 -0.0395596 -0.0374545 -0.0348829 -0.0319554 -0.0288241 -0.0255888 -0.0223618 -0.0192495 -0.0163122 -0.0135851 -0.0111528 -0.00900161 -0.00715508 -0.00560989 -0.00432653 -0.00326026 -0.00242022 -0.00173377 -0.00121779 -0.000819436 -0.000516033 -0.00028674 -0.000122565 -4.9139e-07 6.61758e-05 0.000128284 0.000151499 0.000179363 0.000195504 0.000202633 0.000215381 0.000232894 0.000231864 0.00025485 0.000249832 0.000258415 0.000269698 0.000279183 0.000290078 0.000301497 0.000285828 0.00027694 0.000231574 0.00017953 8.34728e-05 -5.79686e-05 -0.000260528 -0.000542132 -0.000931069 -0.00142225 -0.00209026 -0.00291288 -0.00394377 -0.0052132 -0.00674165 -0.00854804 -0.0106738 -0.0130653 -0.0157292 -0.0186245 -0.0216859 -0.0248491 -0.028041 -0.0311213 -0.0340006 -0.0365642 -0.0386986 -0.0402987 -0.0412272 -0.0414096 -0.040734 -0.0391307 -0.0365649 -0.0329925 -0.0284239 -0.0229868 -0.0167893 -0.0100982 -0.00318668 0.00359425 0.00995021 0.0155512 0.0201198 0.0235013 0.0256344 0.0265499 0.026353 0.025218 0.0234124 0.0211709 0.0187224 0.0163406 0.014157 0.0123092 0.010807 0.00967405 0.0088682 0.00835108 0.00805447 0.0078897 0.00781183 0.00775995 0.00772131 0.00767301 0.0075949 0.00747826 0.00734841 0.00717167 0.00697006 0.00675507 0.00654499 0.00632988 0.0061111 0.00589478 0.0056704 0.00549015 0.00531998 0.00515312 0.00498643 0.00484753 0.00473061 0.00461398 0.00451526 0.00442136 0.00434431 0.00427074 0.00420845 0.00416142 0.00411995 0.00408104 0.00404314 0.00402266 0.00401429 
0 0.000154244 0.000308674 0.000469158 0.000615685 0.000792526 0.000947973 0.00111006 0.00128706 0.00147426 0.00165766 0.00183609 0.0020509 0.00226252 0.00249262 0.00272368 0.00297539 0.00324832 0.00352654 0.00382566 0.00413868 0.00447697 0.00480958 0.00514953 0.00549266 0.00582755 0.00616005 0.00645143 0.00668897 0.00689034 0.00704314 0.00712639 0.00714529 0.00712982 0.00708455 0.00706141 0.00713614 0.00735791 0.00782716 0.00861116 0.00975875 0.0112944 0.0132003 0.0154028 0.0177594 0.0200527 0.0220312 0.0234577 0.0240728 0.023666 0.0221253 0.0193779 0.0154173 0.0103765 0.00449524 -0.00194642 -0.00862876 -0.0152512 -0.02153 -0.0272127 -0.0321472 -0.0361951 -0.0393013 -0.0414775 -0.0427171 -0.043088 -0.0426597 -0.0414766 -0.0396622 -0.037318 -0.0345586 -0.0315004 -0.028273 -0.0249985 -0.0217609 -0.0186514 -0.0157445 -0.0130762 -0.0107005 -0.00862291 -0.00684518 -0.00535943 -0.00413439 -0.00313648 -0.00233014 -0.00169923 -0.00120669 -0.000820271 -0.000536045 -0.000322509 -0.000174392 -8.37532e-05 -7.12692e-06 4.18005e-05 7.64808e-05 0.000105101 0.00011632 0.000130208 0.000141956 0.000147124 0.0001635 0.000169744 0.000183023 0.000192461 0.000191875 0.000200914 0.000198672 0.000185118 0.000166539 0.000109329 2.80897e-05 -0.000100116 -0.000297541 -0.000558792 -0.000912271 -0.00137827 -0.00198436 -0.00276697 -0.00374586 -0.00495823 -0.00642175 -0.00816584 -0.0102125 -0.0125408 -0.0151601 -0.0180271 -0.0210748 -0.0242498 -0.027471 -0.0306415 -0.0336537 -0.0363882 -0.0387339 -0.0405774 -0.0418454 -0.0424134 -0.0422031 -0.041172 -0.0392305 -0.0363446 -0.0325275 -0.0278097 -0.0222908 -0.0161022 -0.00947492 -0.00270103 0.00392005 0.0100483 0.0153734 0.0196821 0.0228263 0.0247396 0.0254831 0.0251844 0.0240302 0.0222554 0.0200973 0.0178269 0.0156742 0.0137743 0.0121958 0.0109836 0.0101365 0.00959123 0.0093012 0.00917324 0.00914003 0.00914893 0.00914159 0.00910896 0.00902782 0.00888721 0.00870928 0.00850351 0.00825352 0.00795257 0.00765906 0.00737611 0.00709229 0.00682733 0.00654682 0.0062799 0.00604625 0.00586168 0.00567339 0.0054755 0.00531345 0.00517066 0.00505822 0.00493683 0.00483837 0.00474704 0.00466349 0.00459328 0.00453624 0.0045083 0.00445378 0.00441058 0.0043804 0.00438589 
0 0.000163194 0.000333539 0.000506018 0.000684544 0.000869941 0.00103219 0.00120058 0.00140908 0.00163032 0.00181854 0.00201253 0.00224395 0.00249262 0.00274575 0.00300722 0.00329307 0.00359518 0.00392074 0.00426734 0.00465056 0.00505076 0.00545534 0.00587722 0.0063108 0.00675218 0.00718803 0.00757724 0.00788906 0.00815147 0.00835508 0.0084584 0.00844554 0.00834141 0.00814168 0.0079298 0.00776958 0.00771486 0.00785274 0.00827304 0.00907835 0.0102844 0.0119032 0.0138541 0.016044 0.0182547 0.0202194 0.0217176 0.0225039 0.022346 0.0210966 0.0186611 0.0150489 0.0103596 0.00478116 -0.00139352 -0.00787262 -0.0143503 -0.02057 -0.0262629 -0.0313004 -0.0355596 -0.0389506 -0.0414519 -0.0430798 -0.0438578 -0.0438413 -0.0430609 -0.0416115 -0.0395731 -0.037036 -0.034131 -0.0309757 -0.0276945 -0.0243939 -0.02116 -0.0180657 -0.0152085 -0.0126114 -0.0103031 -0.00830559 -0.00660686 -0.00517688 -0.00401142 -0.00304417 -0.0022885 -0.0016977 -0.00123597 -0.000883838 -0.000618342 -0.000418932 -0.000291456 -0.000182371 -0.00012119 -7.48217e-05 -4.44873e-05 -2.67054e-05 -4.32166e-06 1.62825e-05 1.66633e-05 3.67494e-05 3.83047e-05 5.30537e-05 6.29964e-05 6.28102e-05 6.54595e-05 6.15782e-05 3.03596e-05 -7.61525e-06 -9.45371e-05 -0.000201535 -0.000368491 -0.000610266 -0.000936596 -0.00137694 -0.00195848 -0.00268718 -0.00362718 -0.00476432 -0.00615349 -0.00782818 -0.00979932 -0.0120677 -0.0146316 -0.0174415 -0.0204735 -0.0236506 -0.026888 -0.0301032 -0.0332087 -0.0360698 -0.03858 -0.0406342 -0.042141 -0.0430266 -0.0431868 -0.0425858 -0.0411711 -0.0388933 -0.0357424 -0.0317185 -0.0268637 -0.0213112 -0.0151726 -0.00868928 -0.00212442 0.00421758 0.0100503 0.0150641 0.0190292 0.0218401 0.0234827 0.0240242 0.0235796 0.0223407 0.0205849 0.0185466 0.0164558 0.0145507 0.0129332 0.0116892 0.0108238 0.010329 0.0101176 0.0101118 0.0102228 0.0103751 0.0105234 0.0106013 0.0106028 0.0105147 0.0103286 0.0100734 0.00978352 0.00943405 0.00904875 0.00866972 0.00829769 0.00791765 0.00756895 0.00725425 0.00694776 0.00666728 0.00641674 0.00619716 0.00599369 0.00581237 0.00564494 0.00550053 0.00537439 0.00526066 0.00516099 0.00507144 0.0049943 0.00492816 0.00487904 0.00483242 0.00479734 0.00477031 0.00475512 
0 0.000178136 0.000367251 0.000556641 0.0007388 0.000939592 0.00112887 0.00132212 0.00153584 0.00176034 0.00197781 0.00220806 0.00246474 0.00272368 0.00300722 0.0033138 0.00363786 0.00397967 0.00436058 0.00477815 0.00521976 0.00568439 0.00617907 0.00671144 0.00725047 0.00778414 0.00831348 0.00880216 0.00920999 0.00954242 0.00976984 0.00984311 0.0097554 0.00952521 0.00914467 0.00868049 0.00821105 0.00779435 0.00753426 0.00754919 0.00795981 0.00881389 0.0101285 0.0118405 0.0138572 0.0159886 0.0179922 0.0196342 0.0206332 0.0207437 0.0198186 0.0177611 0.0145424 0.010241 0.00503445 -0.000814426 -0.00702206 -0.0132994 -0.0193937 -0.0250609 -0.0301708 -0.0345943 -0.0382365 -0.0410689 -0.0430776 -0.0442765 -0.044691 -0.0443327 -0.0432794 -0.0416014 -0.0393675 -0.0366865 -0.0336757 -0.0304592 -0.02714 -0.0238218 -0.0205972 -0.0175624 -0.014761 -0.0122249 -0.00998699 -0.00805955 -0.00642641 -0.00507241 -0.00394477 -0.00304524 -0.00233219 -0.00176882 -0.00133624 -0.00100464 -0.000757575 -0.000587279 -0.00044627 -0.000355705 -0.000292656 -0.000249873 -0.000225044 -0.000198077 -0.000178673 -0.000176175 -0.000157359 -0.000147444 -0.000128719 -0.000119621 -0.000128942 -0.000136635 -0.000154404 -0.000197528 -0.000257279 -0.000369857 -0.000518158 -0.000735065 -0.00104428 -0.00145242 -0.00198948 -0.00268461 -0.00355676 -0.00465626 -0.00598191 -0.00757896 -0.00947432 -0.0116751 -0.0141699 -0.0169311 -0.0199164 -0.0230822 -0.0263329 -0.0295776 -0.0327273 -0.0356916 -0.0383467 -0.0405832 -0.0422962 -0.0434092 -0.0438705 -0.0436033 -0.0425873 -0.0408048 -0.0382099 -0.0347995 -0.0305976 -0.0256663 -0.0201296 -0.0141022 -0.00781003 -0.00151173 0.0045146 0.00998461 0.0146125 0.0182032 0.0206601 0.0219737 0.0222254 0.0215683 0.0202222 0.0184616 0.0165119 0.0145996 0.0129396 0.0116334 0.0107495 0.0102911 0.0102125 0.0103921 0.0107288 0.0111298 0.0115328 0.0118766 0.0120856 0.0121529 0.0120829 0.0118741 0.0115608 0.0111862 0.0107456 0.0102651 0.00979028 0.00931798 0.00883724 0.00840044 0.0080183 0.00766701 0.00732938 0.0070136 0.00674296 0.00652302 0.00633263 0.00613469 0.00596019 0.00581635 0.0056991 0.00558946 0.00549266 0.00541267 0.00533366 0.0052679 0.00521767 0.0051995 0.00517059 0.00513174 
0 0.000195646 0.000403867 0.0006061 0.000784559 0.00100254 0.00122888 0.00145172 0.00166564 0.00189124 0.00214407 0.00241252 0.00269786 0.00297539 0.00329307 0.00363786 0.0040013 0.00440277 0.00485309 0.0053426 0.00584428 0.00639389 0.00700184 0.00765692 0.00831097 0.00894482 0.00957056 0.0101545 0.010653 0.0110348 0.0112454 0.0112396 0.0110273 0.0106151 0.00998998 0.00920218 0.00835369 0.00751768 0.00681785 0.00639822 0.00638765 0.00687356 0.00787819 0.00936793 0.0112425 0.0133264 0.0153923 0.017203 0.0184665 0.0189132 0.0183659 0.0167196 0.0139263 0.0100517 0.00526226 -0.000216354 -0.00610842 -0.0121501 -0.0180833 -0.0236884 -0.0288322 -0.0333841 -0.037242 -0.040369 -0.042731 -0.0443412 -0.0451987 -0.0452983 -0.0446913 -0.0434221 -0.041542 -0.039139 -0.036335 -0.0332521 -0.0299859 -0.0266434 -0.0233343 -0.0201483 -0.0171581 -0.0144004 -0.0119243 -0.00976398 -0.00791871 -0.00636125 -0.00505951 -0.00399865 -0.00314783 -0.002467 -0.00193721 -0.00152359 -0.00121563 -0.000991785 -0.000817473 -0.000698085 -0.000620004 -0.000562405 -0.000521985 -0.00048022 -0.000454107 -0.000445959 -0.000434325 -0.000423946 -0.000410074 -0.0004056 -0.000420993 -0.000434302 -0.000463044 -0.000519238 -0.000611064 -0.000760872 -0.000964815 -0.00124448 -0.00163161 -0.00213271 -0.00277992 -0.00360095 -0.00463227 -0.00590533 -0.00743608 -0.00925673 -0.0113862 -0.0138197 -0.0165304 -0.0194592 -0.0225763 -0.0258226 -0.0290988 -0.0323053 -0.0353414 -0.0381043 -0.0404821 -0.0423666 -0.0436772 -0.0443601 -0.0443845 -0.0436961 -0.0422764 -0.0401343 -0.0372375 -0.033596 -0.0292541 -0.024286 -0.0188012 -0.0129231 -0.00685471 -0.000861344 0.00480533 0.00986668 0.0140634 0.0172256 0.0192732 0.0202171 0.0201511 0.0192425 0.01774 0.0159263 0.0140306 0.0122771 0.0108525 0.00986524 0.00935485 0.00932135 0.00968263 0.0102989 0.011051 0.0118255 0.0125496 0.0131435 0.0135364 0.0137236 0.0137175 0.0135202 0.0131713 0.0127188 0.0121895 0.0116071 0.011021 0.0104349 0.00985856 0.00933646 0.00885687 0.0084223 0.00802318 0.00767114 0.00735239 0.00708036 0.00685549 0.00663778 0.00644817 0.00627869 0.00614597 0.0060227 0.00591452 0.00582687 0.00574443 0.00567684 0.00561557 0.00559173 0.00556125 0.00552712 
0 0.000209256 0.000437611 0.000646701 0.000852158 0.0010766 0.00132695 0.00156356 0.00179918 0.00205236 0.00231922 0.00261681 0.00292292 0.00324832 0.00359518 0.00397967 0.00440277 0.00486953 0.00539149 0.00594545 0.00655358 0.00721763 0.00794153 0.00870453 0.00947634 0.0102389 0.0109679 0.0116307 0.0121765 0.0125575 0.0127123 0.0125933 0.0122016 0.0115415 0.0105887 0.009419 0.00812743 0.00683397 0.00566851 0.0047861 0.00435219 0.00445758 0.0051713 0.00645555 0.00823288 0.0103216 0.0124877 0.0144982 0.0160678 0.0168938 0.0167653 0.0155483 0.0132112 0.00979706 0.00543629 0.000364164 -0.00519212 -0.0109698 -0.016729 -0.0222411 -0.0273755 -0.0320186 -0.0360568 -0.0394279 -0.0421309 -0.0441297 -0.0454148 -0.0459789 -0.0458396 -0.0450227 -0.0435517 -0.0415038 -0.038976 -0.0360766 -0.0329175 -0.0295995 -0.0262315 -0.0229536 -0.0198064 -0.0168521 -0.0141607 -0.0117676 -0.00968445 -0.00791632 -0.00640663 -0.00516579 -0.00416002 -0.00335055 -0.00270873 -0.00221324 -0.00182844 -0.00154406 -0.00131955 -0.0011638 -0.00105548 -0.000982695 -0.000922949 -0.000872509 -0.00083798 -0.000829921 -0.000815756 -0.000804973 -0.000789437 -0.000792771 -0.000814544 -0.000847356 -0.000891887 -0.000974336 -0.00110038 -0.00129734 -0.00155345 -0.0019086 -0.00238196 -0.00299297 -0.00377179 -0.00475242 -0.00595259 -0.0074308 -0.00917258 -0.0112109 -0.0135712 -0.0162242 -0.0191174 -0.0222137 -0.0254276 -0.0287151 -0.0319724 -0.035072 -0.0379151 -0.0404113 -0.0424454 -0.0439322 -0.0448065 -0.0450493 -0.0446296 -0.0435149 -0.0417218 -0.0392351 -0.0360647 -0.0322369 -0.0277905 -0.0228073 -0.0174058 -0.0116945 -0.00588194 -0.000206564 0.00505489 0.00967571 0.0134226 0.0161236 0.0177258 0.0182648 0.0178507 0.0166582 0.0149496 0.0130343 0.0111512 0.00950793 0.00830801 0.00762665 0.00750327 0.00788644 0.00869403 0.00978353 0.0110067 0.0122365 0.0133436 0.0142426 0.0148745 0.0152466 0.0153665 0.0152293 0.0148738 0.0143688 0.0137491 0.0130746 0.0123764 0.0116727 0.0109883 0.0103568 0.00978058 0.00923496 0.00876912 0.00837185 0.00801287 0.00767586 0.00738678 0.00715901 0.00695458 0.00677037 0.00660007 0.00646326 0.00634308 0.00623963 0.00616295 0.00609258 0.00603093 0.00597675 0.00595042 0.00593769 
