0 0 0 0 0 0 0 0 0 0 0 0 0 0 0 0 0 0 0 0 0 0 0 0 0 0 0 0 0 0 0 0 0 0 0 0 0 0 0 0 0 0 0 0 0 0 0 0 0 0 0 0 0 0 0 0 0 0 0 0 0 0 0 0 0 0 0 0 0 0 0 0 0 0 0 0 0 0 0 0 0 0 0 0 0 0 0 0 0 0 0 0 0 0 0 0 0 0 0 0 0 0 0 0 0 0 0 0 0 0 0 0 0 0 0 0 0 0 0 0 0 0 0 0 0 0 0 0 0 0 0 0 0 0 0 0 0 0 0 0 0 0 0 0 0 0 0 0 0 0 0 0 0 0 0 0 0 0 0 0 0 0 0 0 0 0 0 0 0 0 0 0 0 0 0 0 0 0 0 0 0 0 0 0 0 0 0 0 0 0 0 0 0 0 0 0 0 0 0 0 
0 4.80381e-05 8.85518e-05 0.000124042 0.000169784 0.000221336 0.000278969 0.000335675 0.000394438 0.000466359 0.000551573 0.000655265 0.000770219 0.000907034 0.00106719 0.00125595 0.00147743 0.00172281 0.00200574 0.00230829 0.00262475 0.00294298 0.00325614 0.00354525 0.00377462 0.00393847 0.0039914 0.00392309 0.00372648 0.00339375 0.00291273 0.00227648 0.00151143 0.000635253 -0.000302141 -0.00125675 -0.00220169 -0.00310911 -0.00395096 -0.00469322 -0.00528642 -0.00572643 -0.00600816 -0.00614874 -0.00616587 -0.00608551 -0.00593112 -0.00569592 -0.00541439 -0.00509558 -0.00477138 -0.00445138 -0.00412919 -0.00379958 -0.00346528 -0.00310185 -0.00270451 -0.00226708 -0.00179601 -0.00129772 -0.000776085 -0.000257448 0.000228875 0.000655621 0.00101184 0.00126262 0.00141365 0.00147192 0.00145412 0.001357 0.00121275 0.00104046 0.000865919 0.000699945 0.00055857 0.000431868 0.000336209 0.000264436 0.000214029 0.000175363 0.000146568 0.000130108 0.000116944 0.000103792 0.000103083 0.000100821 0.000100276 0.000103644 8.94006e-05 7.93355e-05 7.86524e-05 7.89056e-05 8.59295e-05 9.28104e-05 8.799e-05 8.87056e-05 8.6112e-05 8.18232e-05 7.57587e-05 7.54695e-05 7.68415e-05 8.74463e-05 9.94548e-05 0.000102813 9.75414e-05 9.80468e-05 9.22274e-05 9.85746e-05 0.000107966 0.000109094 0.000119028 0.000134635 0.000142202 0.000157274 0.000160898 0.000161183 0.000176126 0.000191785 0.000206075 0.00021624 0.000218906 0.000222986 0.000232702 0.000250782 0.000289116 0.00034809 0.000446471 0.000571309 0.000721169 0.000893253 0.00108219 0.00125082 0.00138861 0.00146095 0.00144649 0.0013261 0.0011067 0.000782196 0.000384816 -6.84016e-05 -0.000556486 -0.00106986 -0.00157725 -0.0020539 -0.00249473 -0.0028986 -0.00327127 -0.00361143 -0.00394459 -0.00428735 -0.00462708 -0.0049491 -0.00525807 -0.00552574 -0.00575674 -0.00591722 -0.00599821 -0.00597882 -0.00582666 -0.0055289 -0.00507862 -0.00448739 -0.00375499 -0.00290871 -0.00198747 -0.00102338 -5.85266e-05 0.000866598 0.00173555 0.00250698 0.00316021 0.00365654 0.0039878 0.00417419 0.00423857 0.00420471 0.00406414 0.00384558 0.0035573 0.00323928 0.00293649 0.00265301 0.00237515 0.00209445 0.00184463 0.00163867 0.00148139 0.00135307 0.00122336 0.00110004 0.00101105 0.000965924 0.000930073 0.000880249 0.000825419 0.000788633 0.000782914 0.000786743 0.000772998 0.000742873 
0 8.85518e-05 0.000167946 0.000253592 0.000339658 0.000441588 0.000547723 0.000670823 0.000800356 0.000943533 0.00111912 0.00132129 0.00157194 0.00184831 0.0021731 0.00254659 0.00298518 0.00348966 0.00404121 0.00464171 0.00524322 0.00586855 0.00648237 0.00703926 0.00748037 0.00776697 0.00786472 0.00771785 0.00733372 0.00666817 0.00570089 0.00444046 0.00293594 0.00122984 -0.000602965 -0.00249053 -0.00436813 -0.00616819 -0.00782844 -0.00926936 -0.0104428 -0.0113101 -0.011896 -0.0121931 -0.0122382 -0.0120902 -0.0117747 -0.0113253 -0.0107912 -0.0101976 -0.00957389 -0.0089329 -0.00828736 -0.0076478 -0.00697009 -0.00623988 -0.00543495 -0.00457361 -0.00362523 -0.00259677 -0.0015578 -0.000539506 0.00041897 0.00126448 0.00197815 0.00250095 0.00282523 0.00295853 0.00290193 0.00271964 0.00242877 0.00207565 0.00173259 0.00141021 0.00111249 0.000871465 0.00067976 0.000536947 0.000432617 0.000360579 0.000306893 0.000274499 0.00025073 0.000228318 0.000205529 0.000196157 0.000198532 0.000196483 0.000189446 0.000189071 0.000180175 0.000184657 0.000190851 0.000172785 0.00016801 0.000171174 0.000166336 0.000184788 0.00018599 0.000173094 0.000183611 0.000183352 0.000184733 0.000198499 0.000189504 0.000194084 0.000215413 0.000226101 0.000238072 0.000242139 0.0002379 0.000254956 0.000284535 0.000312143 0.000330318 0.000348214 0.000367949 0.000394375 0.000421358 0.000436829 0.000440525 0.000453218 0.000472411 0.000507259 0.000575998 0.000709155 0.000895091 0.00114507 0.00145789 0.00180227 0.00217051 0.00252394 0.00277227 0.00289566 0.00285188 0.00261795 0.00218896 0.00155452 0.000769433 -0.000144697 -0.00115505 -0.00217519 -0.00317671 -0.00414105 -0.00502891 -0.00584548 -0.00657942 -0.00727157 -0.00793955 -0.00859815 -0.00924082 -0.00986816 -0.0104729 -0.0110156 -0.0114557 -0.0117638 -0.011901 -0.0118382 -0.0115335 -0.0109318 -0.010045 -0.00886011 -0.00740395 -0.00573308 -0.00392677 -0.00203987 -0.000145058 0.00169061 0.00340035 0.00491674 0.00618395 0.00715686 0.00783698 0.00822938 0.0083922 0.00831623 0.0080446 0.00762363 0.00708942 0.006498 0.0058923 0.00532064 0.00475062 0.0042186 0.00374227 0.00332991 0.00298873 0.00270349 0.00245942 0.00223348 0.00206292 0.00194188 0.00184488 0.00175413 0.00167097 0.00161041 0.00157349 0.00155749 0.00153243 0.00150014 
0 0.000124042 0.000253592 0.000386893 0.000531545 0.00067136 0.000832962 0.00101885 0.00122358 0.00145278 0.00171015 0.00202804 0.00239768 0.00283107 0.00332127 0.00388804 0.00455335 0.00529229 0.00612008 0.00698615 0.00788165 0.00878478 0.00966597 0.0104546 0.0110514 0.0114488 0.0115479 0.0113147 0.0107114 0.00969821 0.00825206 0.00638721 0.00419283 0.00170782 -0.000968185 -0.00373173 -0.00648815 -0.00912211 -0.0115343 -0.013643 -0.0153501 -0.0166578 -0.017546 -0.0180301 -0.018137 -0.0179378 -0.0175133 -0.0168752 -0.01612 -0.0152638 -0.0143674 -0.0134465 -0.0124943 -0.0115135 -0.0105146 -0.00942992 -0.00823364 -0.00690718 -0.0054699 -0.00395214 -0.00238443 -0.000843034 0.000595938 0.00186717 0.00294151 0.00372256 0.00420928 0.00440824 0.00435819 0.00406656 0.00363015 0.00311602 0.00260044 0.00211307 0.00169082 0.00131162 0.00101831 0.000798233 0.000647164 0.000540804 0.000467576 0.000424199 0.000381195 0.000329512 0.000305737 0.000286534 0.000285331 0.000304455 0.000285784 0.000274335 0.000275909 0.000269058 0.00026985 0.000266976 0.000244355 0.000248957 0.000257861 0.000268457 0.000268233 0.000268498 0.00026189 0.000270302 0.00028426 0.000286909 0.000279798 0.000297543 0.000304922 0.000335506 0.000361571 0.000354631 0.00036271 0.000390027 0.000410637 0.000461266 0.000490736 0.00051096 0.000559129 0.000599754 0.000629893 0.000647572 0.000651511 0.000667762 0.00070485 0.000767355 0.000884066 0.00106095 0.0013498 0.00172583 0.00218495 0.00271089 0.00327392 0.00376582 0.00414568 0.00432878 0.00426415 0.00390349 0.00325576 0.0022978 0.00110638 -0.000268544 -0.00175828 -0.00331214 -0.00483568 -0.00626319 -0.00758704 -0.00881307 -0.00995054 -0.0109835 -0.0119629 -0.0129313 -0.0138732 -0.0147711 -0.0156406 -0.0164007 -0.0170377 -0.0174522 -0.0176176 -0.0174909 -0.0169982 -0.0161008 -0.0147712 -0.0130317 -0.010896 -0.0084562 -0.00582206 -0.00306617 -0.000287069 0.00239819 0.00490807 0.00711375 0.00897192 0.0104199 0.0114527 0.0120929 0.0123544 0.0122795 0.0118908 0.0113147 0.0105827 0.00974668 0.00887449 0.00799994 0.00716135 0.00638232 0.0057042 0.00508748 0.00453963 0.00408873 0.00372024 0.0034164 0.00315903 0.00294738 0.00276791 0.00263464 0.00254357 0.00245985 0.00238067 0.00232018 0.00228876 0.00227264 
0 0.000169784 0.000339658 0.000531545 0.000723331 0.000927701 0.00113883 0.00138951 0.00167148 0.00199 0.00236329 0.0027813 0.00328333 0.00385569 0.00453688 0.00531589 0.00619456 0.00716655 0.00822191 0.00937254 0.0105347 0.0116998 0.0127879 0.0137292 0.0144498 0.0148945 0.0149802 0.0145947 0.0137358 0.0123542 0.0104429 0.00803258 0.00520254 0.002008 -0.0014336 -0.00498792 -0.00851774 -0.0118867 -0.0149857 -0.017695 -0.0199396 -0.0216557 -0.0228641 -0.0235451 -0.0237503 -0.0235735 -0.0230667 -0.0222929 -0.0213488 -0.0202854 -0.0191529 -0.0179687 -0.0167464 -0.0154968 -0.0141525 -0.0126851 -0.0110631 -0.00931664 -0.00740731 -0.00535234 -0.00326271 -0.00120854 0.000724671 0.00243134 0.00386245 0.00491391 0.00556884 0.00584292 0.00575149 0.00539888 0.00483467 0.00414919 0.00346796 0.00282422 0.00223621 0.00175523 0.00137447 0.00108787 0.000875472 0.00072385 0.000611226 0.000542829 0.000493853 0.000451441 0.000414863 0.000399703 0.000400647 0.000392483 0.000368951 0.000356903 0.000341182 0.000352189 0.000369691 0.000350782 0.000343432 0.000345359 0.000333671 0.000354069 0.000349956 0.0003302 0.000349033 0.000359999 0.000374402 0.000400491 0.000386072 0.00038833 0.000413837 0.000431479 0.000455784 0.000470649 0.000477912 0.000518376 0.000573909 0.000625073 0.000655465 0.000683464 0.000720574 0.000772411 0.000826779 0.000863166 0.000876768 0.000902594 0.000942906 0.00101843 0.00116544 0.00143346 0.00181066 0.00231048 0.00292702 0.00361112 0.00433713 0.00502214 0.00551177 0.00574706 0.00564469 0.00515603 0.00427068 0.0029827 0.00139528 -0.000438747 -0.00245135 -0.00449994 -0.00651715 -0.00845464 -0.0102448 -0.0118899 -0.0133706 -0.0147449 -0.0160456 -0.0173009 -0.0184999 -0.0196412 -0.0207151 -0.0216591 -0.0224106 -0.0229064 -0.0230689 -0.0228349 -0.0221327 -0.0208919 -0.0191451 -0.0168846 -0.0141508 -0.0110288 -0.00764348 -0.0040933 -0.000519033 0.00293606 0.00614412 0.00899504 0.0114175 0.013344 0.014755 0.0156321 0.016044 0.0159937 0.0155759 0.0148929 0.0140001 0.0129631 0.0118422 0.010731 0.0096316 0.00862733 0.00773124 0.00691431 0.00618073 0.00555512 0.00505687 0.00463726 0.00429301 0.00399098 0.00373383 0.00354642 0.00342019 0.00331369 0.00319768 0.00311089 0.00306499 0.00305223 
0 0.000221336 0.000441588 0.00067136 0.000927701 0.00119089 0.00147559 0.00179015 0.00215085 0.00257761 0.00306383 0.00361901 0.00424473 0.00498595 0.0058564 0.00684974 0.00794799 0.0091214 0.0104115 0.0117841 0.0131866 0.0145385 0.0157698 0.01681 0.0175713 0.0180235 0.0180142 0.0174571 0.0163174 0.0145776 0.0122378 0.00932543 0.00593516 0.0021177 -0.00199041 -0.00622363 -0.0104268 -0.0144376 -0.0181271 -0.0213864 -0.0240923 -0.0262197 -0.0277384 -0.0286559 -0.0290092 -0.0288881 -0.0283857 -0.0275386 -0.0264781 -0.0252548 -0.0239446 -0.0225635 -0.0210972 -0.0195398 -0.0178851 -0.016057 -0.0140299 -0.0118015 -0.00939434 -0.0068478 -0.00422319 -0.00163523 0.000788503 0.00293321 0.00472927 0.00604759 0.00687664 0.00723128 0.00716491 0.00671976 0.00602552 0.00519342 0.00434358 0.003536 0.00282573 0.00220798 0.00172744 0.00136559 0.00110647 0.000919398 0.000787101 0.000703093 0.000631171 0.000557899 0.000519444 0.000494677 0.000491961 0.00050311 0.000469653 0.000444695 0.000440093 0.000439181 0.000449932 0.00044877 0.000424791 0.000426019 0.000430369 0.000439591 0.000435233 0.000431078 0.000430689 0.000450239 0.00047789 0.000490769 0.000482567 0.000496847 0.000506595 0.000543487 0.00058163 0.000588343 0.000611435 0.000660002 0.000704801 0.000774725 0.000817017 0.000848968 0.000914428 0.000980242 0.00103714 0.00107402 0.00108902 0.00111741 0.00117651 0.00128573 0.00148925 0.00180681 0.0022917 0.00291887 0.0036767 0.00453538 0.00544113 0.00624576 0.00685129 0.00713107 0.00699255 0.00636032 0.00523566 0.00361238 0.0016068 -0.000692085 -0.0031835 -0.0057725 -0.00832663 -0.0107434 -0.0129843 -0.0150448 -0.0169271 -0.0186238 -0.0202001 -0.0217097 -0.0231357 -0.0244563 -0.0256802 -0.0267226 -0.027556 -0.0280576 -0.0281596 -0.0277814 -0.0268272 -0.0252641 -0.0230979 -0.020368 -0.0170926 -0.0133692 -0.00933041 -0.00509365 -0.000829288 0.00327836 0.00710508 0.0105136 0.0134533 0.0158315 0.0175993 0.0187543 0.0193302 0.0193959 0.0190053 0.0182952 0.0173029 0.0161057 0.0148148 0.0134982 0.0122002 0.0109614 0.00984414 0.00882562 0.00791633 0.00713954 0.0064785 0.00592287 0.0054648 0.00509326 0.00477519 0.00451788 0.0043263 0.00417155 0.00404475 0.00394732 0.00388208 0.0038368 
0 0.000278969 0.000547723 0.000832962 0.00113883 0.00147559 0.0018355 0.0022398 0.002695 0.00321971 0.00383169 0.00452366 0.00532388 0.00623728 0.00729309 0.00847755 0.00977977 0.0111844 0.0126796 0.0142464 0.0157926 0.0172729 0.0185973 0.0196771 0.0204209 0.0207619 0.0205931 0.0198058 0.0183862 0.0162993 0.0135487 0.0101838 0.00630433 0.00198081 -0.00265361 -0.00743519 -0.0121875 -0.0167315 -0.020923 -0.0246294 -0.0277611 -0.030257 -0.03211 -0.0332909 -0.0338365 -0.033841 -0.0333823 -0.0325435 -0.0314486 -0.0301624 -0.0287357 -0.027181 -0.0255037 -0.0237082 -0.0217361 -0.0195413 -0.0170931 -0.0144182 -0.0115082 -0.0084101 -0.00525247 -0.00215467 0.000753602 0.00333442 0.0054992 0.00711702 0.00814794 0.00860322 0.00852216 0.00802043 0.00720708 0.00622089 0.00521632 0.00426148 0.00339719 0.00267336 0.00209901 0.00166461 0.00134663 0.00112176 0.000961188 0.000857447 0.000772668 0.000692153 0.000627812 0.000594578 0.000590044 0.000588544 0.000566695 0.000552471 0.000539704 0.000545223 0.000551827 0.000526315 0.000505628 0.000506094 0.000509471 0.000539622 0.000544754 0.000530385 0.000537787 0.000544968 0.000559399 0.000582341 0.000577376 0.000593872 0.000631667 0.000670573 0.000707347 0.00072328 0.000734646 0.000781491 0.000849782 0.000927742 0.000986285 0.00103887 0.00110231 0.00117369 0.00123925 0.0012834 0.00130514 0.00134605 0.00142019 0.00155575 0.00179971 0.0022042 0.0027786 0.00353099 0.00444626 0.00546748 0.00652803 0.00749019 0.00817316 0.00846545 0.0082587 0.00748298 0.00611783 0.0041688 0.00175821 -0.00101938 -0.00404864 -0.00715768 -0.0102205 -0.0131453 -0.0158559 -0.0183408 -0.020577 -0.022599 -0.0244452 -0.0261549 -0.0277285 -0.0291721 -0.0304815 -0.0315848 -0.0324058 -0.0328462 -0.0328118 -0.0322257 -0.0310112 -0.0291172 -0.0265803 -0.0234136 -0.019664 -0.0154332 -0.0108658 -0.00609103 -0.00128343 0.00337226 0.00771965 0.0116265 0.015013 0.0177943 0.0199233 0.021375 0.0222016 0.0224271 0.0221428 0.0214601 0.0204418 0.0191744 0.017761 0.0163055 0.0148261 0.0133976 0.0120687 0.0108537 0.00977345 0.00883256 0.00801634 0.00729966 0.00671701 0.0062549 0.00587196 0.00554309 0.00526912 0.00506025 0.00491194 0.00481243 0.00472344 0.00464353 
0 0.000335675 0.000670823 0.00101885 0.00138951 0.00179015 0.0022398 0.00274964 0.00331459 0.00394588 0.00467427 0.00552789 0.00651295 0.00761906 0.00884494 0.0102034 0.011706 0.0133236 0.015012 0.0167045 0.018338 0.0198711 0.0212246 0.0222803 0.0229198 0.0230805 0.0226708 0.0216191 0.0198982 0.0174753 0.014352 0.0105893 0.0063008 0.00157364 -0.00346176 -0.0086426 -0.0137969 -0.018742 -0.0233229 -0.0274089 -0.0308983 -0.0337434 -0.0359139 -0.0373839 -0.0381755 -0.0383707 -0.038056 -0.0373094 -0.0362519 -0.0349547 -0.0334705 -0.0318106 -0.0299683 -0.0279379 -0.0256844 -0.0231461 -0.0202937 -0.0171451 -0.0137281 -0.0101081 -0.00640431 -0.00276491 0.000647715 0.0036819 0.00621933 0.00812241 0.00934511 0.00990068 0.00984606 0.00928411 0.00836322 0.00724533 0.00608803 0.00498347 0.00399152 0.00314609 0.0024739 0.00196325 0.00158914 0.00132148 0.00113354 0.0010066 0.000902228 0.000805437 0.000736504 0.000698224 0.000689012 0.000685226 0.000654025 0.000627039 0.000615843 0.000620009 0.00062893 0.000616313 0.000593895 0.000590279 0.00059646 0.000614413 0.00061636 0.000608271 0.000611946 0.000629294 0.000656226 0.000677346 0.000678108 0.00069338 0.000721529 0.000765402 0.000809855 0.000833501 0.000862988 0.000920636 0.000992971 0.00107773 0.00114275 0.00119954 0.00127492 0.00135657 0.00142959 0.00147997 0.0015118 0.00156296 0.0016587 0.00183169 0.00213179 0.00260297 0.00327938 0.0041569 0.00521379 0.00639645 0.00761218 0.00869203 0.00946189 0.00977228 0.00949919 0.00855787 0.00692741 0.00462867 0.00178768 -0.00146884 -0.0050022 -0.00864797 -0.0122442 -0.0156643 -0.0188344 -0.0217326 -0.0243394 -0.0266574 -0.0287319 -0.0306102 -0.0322987 -0.0338015 -0.0351169 -0.0361767 -0.036908 -0.0371985 -0.0369621 -0.0361279 -0.0346249 -0.0324208 -0.0295358 -0.0259995 -0.0218592 -0.0172289 -0.0122585 -0.00708358 -0.00187128 0.00320047 0.00797319 0.0122969 0.0160759 0.0192215 0.0216887 0.0234674 0.0245788 0.0250434 0.0249249 0.0243445 0.0233797 0.0221183 0.020665 0.0191074 0.0174988 0.0159121 0.0144118 0.0130154 0.0117509 0.0106391 0.0096624 0.00880457 0.00808341 0.007501 0.00702231 0.00661936 0.00628355 0.00601667 0.0058245 0.00569014 0.00558119 0.00548951 
0 0.000394438 0.000800356 0.00122358 0.00167148 0.00215085 0.002695 0.00331459 0.00400289 0.00476706 0.00564046 0.0066616 0.00782589 0.00912005 0.0105306 0.0120736 0.0137538 0.0155315 0.017349 0.0191226 0.0207954 0.0223107 0.0235914 0.0245185 0.0249776 0.0249009 0.0242057 0.0228453 0.0207995 0.0180565 0.0146211 0.0105498 0.0059476 0.000920853 -0.00439052 -0.00982362 -0.0152226 -0.0204301 -0.0252981 -0.0296924 -0.033494 -0.0366481 -0.039114 -0.0408781 -0.0419601 -0.042423 -0.0423394 -0.0417764 -0.040841 -0.0396119 -0.0381413 -0.0364417 -0.0344977 -0.0322846 -0.0297666 -0.0268854 -0.0236295 -0.0200186 -0.0160974 -0.0119456 -0.00769014 -0.00350643 0.000418995 0.00391535 0.00683251 0.00903359 0.0104625 0.0111327 0.0111163 0.0105196 0.00951095 0.00827021 0.00696424 0.00571073 0.00458716 0.00363046 0.0028699 0.00228864 0.00185664 0.00154088 0.00131698 0.00116142 0.00103929 0.000933636 0.000859811 0.000817003 0.000799355 0.000784721 0.000745949 0.000710168 0.000699069 0.000705914 0.000717323 0.000712939 0.000692001 0.000683933 0.000689613 0.00069869 0.00069842 0.000694328 0.000698151 0.000723389 0.000758641 0.000781415 0.000788699 0.000802005 0.000825889 0.00087112 0.000918758 0.000953035 0.000998259 0.0010673 0.00115004 0.00123969 0.00130904 0.00136903 0.00144817 0.00153797 0.00162231 0.00168537 0.00173123 0.00179312 0.00190644 0.00211343 0.0024712 0.00302339 0.00380733 0.00481233 0.0060074 0.00733553 0.00868575 0.00987339 0.0107123 0.0110209 0.0106611 0.00953844 0.00762765 0.00497027 0.00169426 -0.00204931 -0.00609711 -0.0102775 -0.014408 -0.018341 -0.0219846 -0.0252866 -0.0282252 -0.0308003 -0.0330639 -0.0350632 -0.0368085 -0.0383022 -0.0395384 -0.0404611 -0.0410048 -0.0410685 -0.0405754 -0.0394558 -0.037645 -0.035126 -0.03192 -0.0280734 -0.0236383 -0.0187252 -0.013476 -0.0080325 -0.00255618 0.00278761 0.00785205 0.0124943 0.0166042 0.0200817 0.0228716 0.0249719 0.0263933 0.0271543 0.0272911 0.0269011 0.0260684 0.0248878 0.0234675 0.0218825 0.0202026 0.0185042 0.0168649 0.0153111 0.0138712 0.0125799 0.011439 0.0104423 0.00958244 0.00885686 0.00825199 0.0077619 0.00737077 0.00704937 0.00679043 0.00659507 0.00646324 0.00638077 
0 0.000466359 0.000943533 0.00145278 0.00199 0.00257761 0.00321971 0.00394588 0.00476706 0.00569524 0.0067538 0.007937 0.00926748 0.0107348 0.0123495 0.0140858 0.0159057 0.0177809 0.0196478 0.0214592 0.0231114 0.024536 0.0256423 0.0263381 0.0265481 0.0261749 0.0251676 0.0234718 0.0211004 0.0180595 0.0143639 0.0100691 0.00525654 5.16868e-05 -0.00540408 -0.0109614 -0.0164773 -0.0218259 -0.0268749 -0.0314766 -0.035531 -0.0389465 -0.0417019 -0.04377 -0.0451741 -0.0459638 -0.0461774 -0.045893 -0.0451778 -0.0441143 -0.0427354 -0.0410506 -0.0390503 -0.036709 -0.033955 -0.030762 -0.0271154 -0.0230546 -0.0186215 -0.0139145 -0.00910918 -0.00438965 4.81468e-05 0.00400802 0.00731364 0.00983655 0.011496 0.0123067 0.0123299 0.011722 0.0106372 0.00928056 0.00784286 0.00645629 0.00519217 0.00413127 0.00327392 0.00261793 0.00212949 0.0017764 0.00152384 0.00134159 0.0011964 0.00107593 0.000975527 0.000921704 0.000898887 0.000872672 0.000846463 0.000818574 0.000800228 0.000808082 0.000811468 0.000790705 0.000775532 0.000766565 0.000773775 0.000795714 0.000804166 0.000795946 0.000804825 0.000820053 0.000843691 0.000871552 0.000886566 0.000902997 0.000949655 0.000998206 0.00104589 0.00109225 0.0011331 0.00119844 0.00129575 0.00138729 0.00147242 0.001555 0.00163733 0.00173271 0.00181928 0.00188469 0.00193863 0.00201637 0.00215818 0.00241061 0.00282634 0.00347399 0.00435508 0.00548417 0.00682308 0.00828986 0.00975438 0.0110437 0.0119151 0.0121925 0.0117184 0.0104047 0.00820894 0.00519189 0.00148092 -0.00276068 -0.00735466 -0.0120752 -0.0167357 -0.0211815 -0.025286 -0.0289792 -0.0322149 -0.0350224 -0.037434 -0.0394893 -0.041213 -0.0426213 -0.0436951 -0.0444072 -0.0446716 -0.0444349 -0.0436202 -0.0421727 -0.0400519 -0.0372307 -0.0337523 -0.0296503 -0.0250048 -0.0199157 -0.0145125 -0.00893591 -0.00333074 0.00215987 0.00738977 0.0122467 0.0166022 0.0203624 0.023462 0.0258781 0.0276338 0.0287202 0.0291874 0.0290718 0.0284579 0.02744 0.0261179 0.0245893 0.0229019 0.0211518 0.0194038 0.0177198 0.0161323 0.0146692 0.0133633 0.0122092 0.0112095 0.0103398 0.0096031 0.00900655 0.00853507 0.0081528 0.00782506 0.00757076 0.0074024 0.00731323 
0 0.000551573 0.00111912 0.00171015 0.00236329 0.00306383 0.00383169 0.00467427 0.00564046 0.0067538 0.00799151 0.00935755 0.010839 0.0124875 0.0142787 0.0161742 0.0181038 0.0200178 0.0218985 0.0236548 0.0252217 0.0264723 0.0273391 0.0277437 0.0276192 0.0269062 0.0255411 0.0235229 0.0208372 0.01752 0.0136015 0.00914454 0.00422876 -0.00102269 -0.00649684 -0.0120572 -0.0175853 -0.0229645 -0.0280667 -0.0327842 -0.0369933 -0.0406491 -0.0436765 -0.0460691 -0.0478259 -0.0489702 -0.0495582 -0.0496291 -0.0492248 -0.0484033 -0.0471902 -0.0455933 -0.0435878 -0.0411312 -0.038211 -0.0347554 -0.0307613 -0.0262368 -0.0212924 -0.0160615 -0.0106925 -0.0054154 -0.000464319 0.00397187 0.0076819 0.010528 0.0124277 0.0133838 0.0134909 0.0128591 0.0117116 0.0102696 0.00871039 0.00719351 0.00582824 0.00464181 0.00368527 0.00295005 0.00240534 0.00200824 0.00173236 0.00152171 0.00135167 0.00120454 0.00109703 0.00102648 0.000990017 0.000967741 0.000938123 0.000901783 0.000895578 0.000890732 0.000883565 0.000878581 0.00085359 0.000841902 0.000865556 0.000873317 0.00088514 0.000895169 0.000887201 0.000906812 0.000938807 0.00095145 0.00098103 0.00101061 0.00104696 0.00110977 0.00116618 0.00120888 0.00126857 0.0013394 0.00143051 0.00153225 0.00163004 0.00171817 0.00181753 0.00191656 0.00200227 0.0020662 0.00213595 0.00223257 0.00241101 0.00271965 0.00321285 0.0039237 0.00491474 0.00616475 0.007629 0.00923607 0.0108228 0.0121636 0.013064 0.0132914 0.0126916 0.0111581 0.00866252 0.00527583 0.00110477 -0.00364734 -0.00876082 -0.0140417 -0.019247 -0.0241712 -0.0287038 -0.0327498 -0.0362909 -0.0392881 -0.0417904 -0.0438446 -0.0454841 -0.0467224 -0.0475561 -0.0479612 -0.0478889 -0.04727 -0.0460748 -0.0442699 -0.0418254 -0.0387531 -0.0350423 -0.0307668 -0.0259899 -0.020828 -0.0153959 -0.00981654 -0.00420463 0.001319 0.00662504 0.0115927 0.0161095 0.0200911 0.0234686 0.0262244 0.028313 0.0297615 0.0305736 0.0307989 0.0304924 0.029719 0.0285849 0.0271569 0.0255464 0.0237997 0.0220062 0.0202286 0.0185165 0.0169153 0.0154396 0.0141286 0.0129667 0.0119604 0.0110943 0.0103697 0.00978512 0.00931079 0.00893297 0.00863181 0.00842278 0.00829229 
0 0.000655265 0.00132129 0.00202804 0.0027813 0.00361901 0.00452366 0.00552789 0.0066616 0.007937 0.00935755 0.0108954 0.0125779 0.0143833 0.0163089 0.0182983 0.0202827 0.022225 0.0240375 0.0256765 0.0270403 0.0280544 0.0286236 0.0286727 0.0281756 0.0270603 0.0253425 0.0229966 0.0200289 0.0164718 0.0123821 0.00784646 0.00292606 -0.00226563 -0.00764007 -0.0131018 -0.0185281 -0.0238256 -0.0288938 -0.0336224 -0.0379502 -0.0417767 -0.045064 -0.0477701 -0.0498994 -0.0514605 -0.0524587 -0.0529512 -0.0529295 -0.0524361 -0.0514656 -0.0500175 -0.0480812 -0.0456176 -0.0425389 -0.038838 -0.0345096 -0.0295931 -0.0241656 -0.0183774 -0.0124553 -0.00663134 -0.00113877 0.00378144 0.00789897 0.0110894 0.0132419 0.0143668 0.0145392 0.0139483 0.0127678 0.0112363 0.00957066 0.00793999 0.00643792 0.00517287 0.00413166 0.00332244 0.00271103 0.00226015 0.00193246 0.00168738 0.00149981 0.00135831 0.00123514 0.0011618 0.00111274 0.00105667 0.00102458 0.000989229 0.000964951 0.000973582 0.000975201 0.000962282 0.000959504 0.000946368 0.000948634 0.000958835 0.000965808 0.000963679 0.000980699 0.00100446 0.001033 0.00106625 0.00109536 0.00111168 0.00116326 0.0012126 0.00126391 0.00133644 0.00140327 0.00148559 0.00160262 0.00169697 0.00179272 0.00188918 0.0019734 0.00207583 0.00217352 0.00226152 0.00235367 0.00247598 0.00268521 0.0030362 0.00358349 0.00440931 0.00549701 0.00686724 0.00846578 0.0101788 0.0118374 0.0132549 0.0141485 0.0143074 0.013549 0.0117844 0.00896358 0.00517906 0.000555122 -0.00471036 -0.0103859 -0.0161927 -0.0219009 -0.0273192 -0.0322813 -0.0366663 -0.040412 -0.0435539 -0.0461062 -0.0480974 -0.0495741 -0.0505718 -0.0510792 -0.0511122 -0.0506036 -0.0495643 -0.0479599 -0.0457755 -0.0430204 -0.0396852 -0.0358062 -0.0314147 -0.0266098 -0.0214799 -0.0161206 -0.0106446 -0.00513323 0.000318776 0.0055834 0.0105755 0.0151703 0.0193123 0.0229405 0.0259961 0.0284421 0.0302412 0.0314414 0.0320392 0.0321035 0.0316723 0.0307878 0.0295556 0.0280619 0.026408 0.0246296 0.0228116 0.0210157 0.0192864 0.0176791 0.0162012 0.0148843 0.0137245 0.0127284 0.0118736 0.0111483 0.0105715 0.0101224 0.00978664 0.00952329 0.00933944 
0 0.000770219 0.00157194 0.00239768 0.00328333 0.00424473 0.00532388 0.00651295 0.00782589 0.00926748 0.010839 0.0125779 0.0144403 0.0164028 0.0184042 0.0204298 0.0224271 0.0243152 0.0260183 0.0274351 0.0285382 0.0292221 0.0294222 0.0290759 0.0281636 0.0266644 0.024577 0.0219295 0.0187075 0.0149754 0.0108052 0.00627698 0.00143575 -0.00361357 -0.00881375 -0.0140749 -0.0193093 -0.024441 -0.0293851 -0.034082 -0.0384348 -0.0424004 -0.0458922 -0.0489048 -0.0514199 -0.0534103 -0.0548854 -0.0558483 -0.0562661 -0.0561612 -0.0555206 -0.0543247 -0.0525255 -0.0500571 -0.0469072 -0.0430169 -0.038399 -0.0330687 -0.0271784 -0.020901 -0.014422 -0.00802279 -0.00199682 0.00341968 0.00795977 0.0114881 0.0139104 0.0152261 0.0155372 0.0149741 0.0137783 0.0121972 0.010433 0.00868527 0.00709719 0.00571 0.00457536 0.00369274 0.00302728 0.00253041 0.0021767 0.00189364 0.00167552 0.00150338 0.00137415 0.00128153 0.00121742 0.001164 0.00112566 0.00107996 0.00106844 0.00106045 0.00105278 0.0010585 0.00104662 0.00103155 0.00104998 0.00104238 0.00105255 0.00107064 0.00107154 0.00110008 0.00113888 0.00115512 0.00119935 0.00123106 0.0012701 0.00133267 0.00139485 0.00146231 0.00155162 0.0016403 0.00174669 0.00184682 0.00195249 0.00205224 0.00215639 0.00226393 0.0023639 0.00244862 0.00255925 0.00270362 0.00295423 0.00337254 0.00401338 0.00490962 0.00611669 0.00760366 0.00930775 0.0111256 0.0128603 0.0142725 0.0151448 0.0152135 0.014295 0.0122678 0.00910495 0.00491184 -0.000201668 -0.00598465 -0.012169 -0.0185228 -0.0247632 -0.030634 -0.0359756 -0.0406404 -0.0446022 -0.0478171 -0.0503306 -0.0521903 -0.0534498 -0.0541313 -0.0542378 -0.0538026 -0.0528292 -0.0513248 -0.0493008 -0.0467462 -0.0436688 -0.0401137 -0.0360783 -0.0316536 -0.026898 -0.02189 -0.0166869 -0.011382 -0.00605347 -0.000781559 0.00433912 0.00924713 0.0138538 0.0181025 0.0219149 0.0252375 0.0279848 0.0301696 0.0317729 0.0327932 0.0332651 0.0332118 0.0326775 0.0317036 0.0304281 0.0289051 0.0272116 0.025414 0.0235777 0.0217736 0.0200437 0.0184425 0.0169667 0.0156567 0.0145157 0.0135264 0.0126783 0.0119775 0.0114403 0.0110263 0.0107106 0.0104812 
0 0.000907034 0.00184831 0.00283107 0.00385569 0.00498595 0.00623728 0.00761906 0.00912005 0.0107348 0.0124875 0.0143833 0.0164028 0.0184612 0.0205182 0.0225384 0.024464 0.0262284 0.0277239 0.0288894 0.0296543 0.0299532 0.0297291 0.028956 0.0276442 0.0257503 0.0233166 0.0203731 0.0169443 0.0130995 0.00891524 0.00446357 -0.000226823 -0.00506365 -0.00999815 -0.0149875 -0.0199525 -0.024843 -0.029601 -0.0341693 -0.0385084 -0.0425449 -0.0462299 -0.0495303 -0.0524219 -0.0548555 -0.056801 -0.0582693 -0.0591939 -0.0595569 -0.0593081 -0.0584085 -0.0568148 -0.0544607 -0.0512687 -0.0472323 -0.0423638 -0.0366994 -0.0303668 -0.0235677 -0.0165592 -0.009631 -0.00307066 0.00283592 0.00781531 0.0117291 0.0144514 0.015978 0.0164022 0.0159178 0.0147342 0.0131081 0.0112753 0.00943763 0.00772989 0.00626235 0.00504025 0.00408014 0.00335324 0.00281186 0.0024138 0.00210171 0.00185882 0.00167321 0.00151391 0.0014032 0.00132131 0.00125089 0.00122264 0.00119114 0.00116684 0.00115863 0.00114117 0.00112815 0.00112732 0.00111793 0.00112912 0.00113866 0.00115436 0.00116651 0.0011802 0.00119899 0.00122016 0.00124754 0.0012942 0.00133248 0.001399 0.00146374 0.00152377 0.00160574 0.00168638 0.00177309 0.00189169 0.00199482 0.00211162 0.00223118 0.00233096 0.00243623 0.00253411 0.00263395 0.00276348 0.00294223 0.00324144 0.00372033 0.00443172 0.00544397 0.00674529 0.00833822 0.0101548 0.0120519 0.0138249 0.0152568 0.0160637 0.0159981 0.0148639 0.0125611 0.00905094 0.0044427 -0.00113376 -0.00744161 -0.0141895 -0.0210631 -0.0277732 -0.0340757 -0.0397685 -0.0446829 -0.0487547 -0.0520024 -0.0544373 -0.0560917 -0.0570344 -0.0573199 -0.0569704 -0.0560491 -0.0545624 -0.0525801 -0.0501171 -0.0471797 -0.043813 -0.0400539 -0.0359439 -0.0315358 -0.0269045 -0.0220869 -0.0171134 -0.0120645 -0.00699647 -0.00197735 0.00292392 0.00768851 0.012238 0.0165272 0.0204739 0.0239951 0.027032 0.0295682 0.031599 0.0330498 0.0339433 0.0343067 0.0341606 0.0335595 0.0325675 0.0312596 0.0296962 0.0279832 0.026184 0.0243434 0.0225402 0.0208187 0.0192171 0.0177504 0.0164526 0.0153238 0.0143507 0.0135409 0.012878 0.0123683 0.0119894 0.0117419 
0 0.00106719 0.0021731 0.00332127 0.00453688 0.0058564 0.00729309 0.00884494 0.0105306 0.0123495 0.0142787 0.0163089 0.0184042 0.0205182 0.0225869 0.0245514 0.026338 0.0278826 0.0291148 0.0299487 0.0303285 0.0301926 0.0295283 0.0283342 0.0266148 0.0243494 0.0215922 0.0184151 0.0148448 0.0109511 0.00680978 0.00248583 -0.00199652 -0.00655463 -0.0111727 -0.0158318 -0.020482 -0.0250791 -0.0295794 -0.0339684 -0.038217 -0.0422943 -0.0461335 -0.0497026 -0.0529527 -0.0558129 -0.0582515 -0.0602481 -0.0617072 -0.0625766 -0.0627807 -0.0622518 -0.0609189 -0.0587049 -0.0555654 -0.0514607 -0.0463989 -0.0404161 -0.0336881 -0.0264369 -0.0189125 -0.0114361 -0.00434299 0.00206829 0.00749884 0.0117901 0.0148221 0.0165808 0.0171678 0.016762 0.0156093 0.0139741 0.0120903 0.0101762 0.00839476 0.00682718 0.00551488 0.00447728 0.00368739 0.00309458 0.00265989 0.002309 0.00203766 0.00182996 0.00166211 0.00153418 0.00143536 0.00135475 0.00131405 0.00127233 0.00124873 0.00123063 0.00121315 0.00121346 0.00121446 0.0012056 0.00121788 0.00121404 0.00122822 0.00125019 0.00126334 0.00128883 0.00131887 0.00134279 0.00139678 0.00144212 0.00150121 0.00156903 0.00163797 0.00172596 0.00182717 0.00192476 0.0020395 0.0021421 0.00226081 0.00238059 0.00248885 0.0025965 0.00269996 0.0028081 0.00296564 0.00318297 0.00353602 0.00408917 0.00489109 0.00598259 0.00738516 0.00907602 0.0109812 0.0129512 0.014759 0.0161539 0.0168758 0.0166592 0.0153034 0.0126911 0.0088038 0.00375816 -0.00231333 -0.00913681 -0.0163928 -0.0237706 -0.0309436 -0.0376205 -0.0435928 -0.04869 -0.0528642 -0.0560857 -0.0583654 -0.0597447 -0.0603112 -0.0601378 -0.0592788 -0.0578239 -0.0558228 -0.0533481 -0.0504436 -0.0471392 -0.0435056 -0.0396129 -0.0354755 -0.0311508 -0.0266801 -0.0220939 -0.0174074 -0.0126779 -0.00793953 -0.00322434 0.0014265 0.00600028 0.0104279 0.0146712 0.0186682 0.0223505 0.0256361 0.0285075 0.0309175 0.0327888 0.0341206 0.0349277 0.0352248 0.0350319 0.0344078 0.0333801 0.0320264 0.0304621 0.0287585 0.0269548 0.0251144 0.0233185 0.0216079 0.0200149 0.0185684 0.0172924 0.016194 0.015262 0.0144803 0.0138568 0.0134097 0.0131311 
0 0.00125595 0.00254659 0.00388804 0.00531589 0.00684974 0.00847755 0.0102034 0.0120736 0.0140858 0.0161742 0.0182983 0.0204298 0.0225384 0.0245514 0.0263886 0.0279714 0.0292391 0.0301303 0.0305648 0.0305076 0.0299268 0.0288255 0.0272102 0.025092 0.0224839 0.0194618 0.0161137 0.0124681 0.0085925 0.00456111 0.000425265 -0.00379665 -0.00803959 -0.0122991 -0.0165827 -0.0208667 -0.0251288 -0.0293486 -0.0335323 -0.0376655 -0.0417318 -0.0456758 -0.0494691 -0.0530516 -0.0563294 -0.0592504 -0.0617697 -0.0637785 -0.065188 -0.0658978 -0.0658101 -0.0648256 -0.0628392 -0.0597928 -0.0556554 -0.0504512 -0.0442241 -0.0371507 -0.0294702 -0.021458 -0.0134615 -0.0058427 0.00106546 0.00695216 0.0116406 0.0150062 0.0170244 0.0178029 0.0175257 0.0164402 0.0148101 0.0128861 0.0109028 0.00904546 0.0074047 0.00602334 0.00491561 0.00405864 0.00340499 0.00291586 0.00252676 0.00223302 0.00201348 0.00183614 0.0016912 0.00156859 0.00146915 0.00141419 0.00136772 0.00133914 0.00131817 0.00130265 0.00130919 0.00131612 0.00131029 0.00131425 0.00130467 0.00131464 0.00133979 0.00136095 0.00139355 0.00142787 0.00145849 0.00151437 0.00156402 0.00162216 0.0016892 0.00176202 0.00186038 0.00197493 0.00208545 0.00220385 0.00230904 0.00242522 0.00254194 0.00264671 0.00275286 0.0028672 0.00300283 0.00319591 0.00345634 0.00385766 0.00447162 0.00535627 0.0065482 0.00805749 0.00984612 0.0118279 0.0138345 0.0156326 0.0169658 0.0175697 0.0171692 0.0155599 0.0126196 0.00833934 0.00284017 -0.00372088 -0.0110555 -0.0188138 -0.026655 -0.0342352 -0.0412548 -0.0474806 -0.0527156 -0.0568992 -0.0600084 -0.0620588 -0.0630977 -0.0632294 -0.0625537 -0.061159 -0.0591536 -0.0566235 -0.0536643 -0.0503434 -0.0467083 -0.0428487 -0.0388469 -0.0347168 -0.0305035 -0.026233 -0.0219192 -0.0175627 -0.0131985 -0.00883269 -0.00446597 -0.000107892 0.00422863 0.00847781 0.0126075 0.016587 0.0203674 0.0238597 0.0270162 0.0297592 0.0320172 0.0337899 0.0350724 0.0358361 0.036078 0.0358565 0.0351924 0.0341411 0.0327998 0.0312479 0.0295368 0.0277309 0.0259109 0.024131 0.0224384 0.0208689 0.0194534 0.018213 0.0171507 0.0162565 0.0155369 0.0150076 0.014666 
0 0.00147743 0.00298518 0.00455335 0.00619456 0.00794799 0.00977977 0.011706 0.0137538 0.0159057 0.0181038 0.0202827 0.0224271 0.024464 0.026338 0.0279714 0.0292888 0.0302264 0.0307058 0.0307026 0.0301897 0.0291685 0.0276307 0.0256027 0.0231299 0.0202411 0.0170267 0.0135619 0.00989972 0.00610841 0.00225284 -0.00164456 -0.00557627 -0.00949411 -0.0133769 -0.0172592 -0.021144 -0.0250464 -0.0289772 -0.0329337 -0.0369292 -0.0409317 -0.0449311 -0.0488966 -0.0527692 -0.0564417 -0.0598258 -0.062857 -0.0654143 -0.0673787 -0.0686294 -0.0690302 -0.0684466 -0.0667592 -0.0638691 -0.0597732 -0.0544824 -0.0480675 -0.0406995 -0.032634 -0.0241806 -0.0156992 -0.00756891 -0.000175056 0.00617102 0.0112728 0.0149907 0.0172983 0.0182894 0.0181734 0.0171828 0.0155862 0.0136544 0.0116289 0.00969318 0.00798143 0.00651946 0.00533827 0.00442394 0.00372838 0.00319435 0.00277429 0.00244615 0.00219949 0.00199359 0.00182662 0.00168521 0.00157601 0.0015185 0.00147806 0.00143818 0.00141098 0.0013879 0.0013829 0.00139384 0.00139509 0.00139404 0.00139837 0.00141287 0.00143627 0.0014653 0.00149127 0.00151492 0.0015551 0.00161236 0.00167333 0.00174855 0.0018202 0.00189711 0.0020043 0.00211455 0.00222487 0.00234086 0.00244885 0.00257238 0.00270406 0.00281531 0.0029236 0.00303629 0.00318803 0.00340312 0.00370994 0.00417667 0.00487155 0.00584484 0.00714577 0.0087426 0.0106103 0.0126519 0.0146742 0.016434 0.0176817 0.0181273 0.0175124 0.0156179 0.0123314 0.00764584 0.00168284 -0.0053574 -0.0131814 -0.0214198 -0.029687 -0.0376288 -0.0449375 -0.0513473 -0.0566612 -0.0607813 -0.0637149 -0.0654663 -0.0661036 -0.065755 -0.0645483 -0.0626011 -0.0600432 -0.0569859 -0.0535665 -0.0498651 -0.0459487 -0.0419202 -0.0378428 -0.0337553 -0.0296723 -0.0256337 -0.0216238 -0.0176222 -0.0136357 -0.00964786 -0.00564928 -0.0016254 0.00242331 0.00644838 0.0104286 0.0143471 0.0181496 0.0217703 0.0251363 0.0281763 0.0307958 0.0329894 0.034737 0.035965 0.0366672 0.0368743 0.0366372 0.0359649 0.0349232 0.0335848 0.0320195 0.0303227 0.0285428 0.0267507 0.0249929 0.0233342 0.0218046 0.0204245 0.0192322 0.0182276 0.0174268 0.0168064 0.0163799 
0 0.00172281 0.00348966 0.00529229 0.00716655 0.0091214 0.0111844 0.0133236 0.0155315 0.0177809 0.0200178 0.022225 0.0243152 0.0262284 0.0278826 0.0292391 0.0302264 0.030754 0.0308002 0.0303368 0.0293882 0.0279232 0.0259641 0.0235719 0.0208015 0.0177146 0.0143678 0.0108559 0.00723457 0.00357373 -7.17159e-05 -0.00370128 -0.00731869 -0.0108817 -0.0143891 -0.0178628 -0.0213517 -0.0248866 -0.0284936 -0.0322113 -0.036026 -0.0399574 -0.0439729 -0.0480673 -0.0521736 -0.0561809 -0.060005 -0.0635371 -0.0666349 -0.0691562 -0.0709554 -0.0718701 -0.0717295 -0.0703759 -0.0677459 -0.0637694 -0.0584633 -0.051903 -0.0442996 -0.0359223 -0.0270729 -0.018138 -0.00954429 -0.0016652 0.00515518 0.0106774 0.0147704 0.017383 0.0186227 0.0186716 0.0178036 0.016284 0.0143694 0.0123182 0.0103523 0.00855537 0.00702278 0.0057751 0.00479815 0.00405031 0.00348069 0.00301843 0.00266167 0.00238345 0.00216268 0.00196943 0.00180939 0.0016943 0.0016239 0.00157406 0.00153773 0.00149259 0.00146336 0.00146489 0.00146874 0.00147332 0.00148325 0.00148132 0.00150012 0.00153504 0.00155628 0.00158303 0.00161424 0.00164645 0.00171208 0.00178918 0.00186076 0.00194282 0.00203312 0.00213453 0.00225641 0.00236963 0.00247528 0.00258713 0.00271682 0.00284906 0.00297177 0.00307937 0.00320283 0.00336459 0.00361719 0.00397875 0.00450912 0.00528748 0.00636541 0.00773583 0.00942422 0.0113559 0.013426 0.0154498 0.0171674 0.018285 0.0185471 0.0176741 0.0154669 0.0117946 0.00668908 0.0002807 -0.00723562 -0.0155236 -0.024185 -0.0328402 -0.0411031 -0.0486268 -0.0551405 -0.0604417 -0.0644648 -0.0671562 -0.0685539 -0.0687434 -0.0678777 -0.0661142 -0.0636053 -0.060501 -0.0569601 -0.0531072 -0.0490611 -0.0449091 -0.0407482 -0.0366632 -0.0326453 -0.0287364 -0.0249363 -0.0212395 -0.0176041 -0.0139948 -0.0103912 -0.00676152 -0.00308443 0.000645066 0.00441496 0.00821369 0.0120266 0.0157986 0.0194472 0.0229508 0.0262197 0.0291759 0.0317529 0.0339087 0.0355949 0.0367636 0.0374594 0.0376722 0.0374315 0.0367581 0.0357102 0.0343781 0.0328356 0.0311704 0.0294106 0.0276417 0.0259234 0.0243046 0.0228221 0.0215037 0.0204033 0.019507 0.0188137 0.0183175 
0 0.00200574 0.00404121 0.00612008 0.00822191 0.0104115 0.0126796 0.015012 0.017349 0.0196478 0.0218985 0.0240375 0.0260183 0.0277239 0.0291148 0.0301303 0.0307058 0.0308002 0.0303817 0.029485 0.0280839 0.0262018 0.0238718 0.0211745 0.0181789 0.0149413 0.0115501 0.00807138 0.00455943 0.00106607 -0.00235301 -0.00569637 -0.00895814 -0.0121556 -0.0152744 -0.0183766 -0.0214899 -0.0246604 -0.0279519 -0.0313946 -0.035046 -0.03887 -0.0428843 -0.0470558 -0.0513348 -0.0556312 -0.0598373 -0.0638318 -0.0674626 -0.0705311 -0.0728758 -0.0743118 -0.0746517 -0.0737257 -0.071371 -0.0675748 -0.0623264 -0.055725 -0.0479448 -0.0392841 -0.0301007 -0.0207798 -0.0117269 -0.00339836 0.0038787 0.009842 0.0143196 0.0172661 0.0187715 0.0190518 0.0183388 0.0169016 0.015031 0.0129875 0.0109694 0.00914921 0.00756046 0.00624173 0.00519935 0.00439461 0.00375345 0.00326521 0.00288026 0.0025905 0.00235136 0.00214555 0.00196005 0.00182266 0.00173082 0.00167773 0.00161817 0.00157898 0.00155368 0.00154919 0.00156505 0.00157767 0.00156504 0.00157493 0.00158618 0.0016114 0.00165349 0.00168716 0.00171468 0.0017729 0.00182978 0.0019039 0.0019841 0.00206124 0.00215165 0.00227588 0.00239828 0.0025232 0.00263175 0.00274488 0.00286424 0.00299615 0.00311163 0.00322327 0.00335455 0.00356694 0.00385795 0.00428028 0.00488136 0.00572707 0.00686954 0.0083516 0.0101068 0.0120961 0.0141935 0.0161796 0.0177919 0.0187678 0.018805 0.0176484 0.015084 0.0110235 0.00549123 -0.00138449 -0.00933377 -0.0180508 -0.0271231 -0.0361009 -0.0445907 -0.0522686 -0.0588331 -0.0640858 -0.0678906 -0.0702846 -0.0712861 -0.0709985 -0.069591 -0.0672593 -0.0642043 -0.0605913 -0.0565874 -0.0523568 -0.0480148 -0.0436706 -0.0394359 -0.0353522 -0.0314601 -0.0277229 -0.0241742 -0.0207734 -0.0174832 -0.0142546 -0.0110288 -0.00777583 -0.00444544 -0.00103774 0.00245235 0.00602578 0.00968221 0.0133567 0.016997 0.0205498 0.0239834 0.0271963 0.030101 0.0326317 0.0347268 0.0363866 0.0375635 0.0382624 0.0384593 0.0382049 0.0375443 0.0365188 0.0352222 0.0337076 0.032069 0.0303469 0.028627 0.0269681 0.0254132 0.0240195 0.0228057 0.0218193 0.0210466 0.0205131 
