0 0 0 0 0 0 0 0 0 0 0 0 0 0 0 0 0 0 0 0 0 0 0 0 0 0 0 0 0 0 0 0 0 0 0 0 0 0 0 0 0 0 0 0 0 0 0 0 0 0 0 0 0 0 0 0 0 0 0 0 0 0 0 0 0 0 0 0 0 0 0 0 0 0 0 0 0 0 0 0 0 0 0 0 0 0 0 0 0 0 0 0 0 0 0 0 0 0 0 0 0 0 0 0 0 0 0 0 0 0 0 0 0 0 0 0 0 0 0 0 0 0 0 0 0 0 0 0 0 0 0 0 0 0 0 0 0 0 0 0 0 0 0 0 0 0 0 0 0 0 0 0 0 0 0 0 0 0 0 0 0 0 0 0 0 0 0 0 0 0 0 0 0 0 0 0 0 0 0 0 0 0 0 0 0 0 0 0 0 0 0 0 0 0 0 0 0 0 0 0 
0 3.64922e-06 3.55625e-05 7.74169e-05 0.000102253 0.000110619 0.000125983 0.000159978 0.000211193 0.00024772 0.000263721 0.000288106 0.000342676 0.000407268 0.000458412 0.000503501 0.000556225 0.000642476 0.000752373 0.000873915 0.000993224 0.00113597 0.00132362 0.00155472 0.00181845 0.00208485 0.00237217 0.00267746 0.0029996 0.00330869 0.00357599 0.00376959 0.00386787 0.00387353 0.00375528 0.00348603 0.00305183 0.00244856 0.00168061 0.000784296 -0.000216396 -0.00127954 -0.00238639 -0.00348592 -0.00453083 -0.00546761 -0.00625251 -0.00686344 -0.00724711 -0.00741164 -0.00735432 -0.00707943 -0.00660143 -0.00595428 -0.00518186 -0.00433513 -0.00343732 -0.00255356 -0.00173235 -0.00101265 -0.00041469 4.17958e-05 0.000349103 0.000541513 0.000631219 0.00064366 0.000604263 0.000538028 0.000458285 0.000381287 0.00030208 0.000239748 0.000187545 0.000161172 0.000145892 0.000131425 0.000116243 0.000110922 9.71012e-05 8.98755e-05 8.93384e-05 8.81843e-05 8.7293e-05 8.69475e-05 7.304e-05 6.86282e-05 7.17937e-05 7.29113e-05 7.65457e-05 7.48148e-05 6.95612e-05 6.98445e-05 6.63745e-05 6.26921e-05 6.07617e-05 5.98992e-05 6.61898e-05 6.9847e-05 7.19657e-05 7.19485e-05 6.95831e-05 7.07256e-05 7.0814e-05 6.86546e-05 7.00306e-05 7.10689e-05 8.05241e-05 8.92817e-05 9.07743e-05 9.17113e-05 8.7623e-05 8.97621e-05 0.000100342 0.000102775 0.0001065 0.000114876 0.000120048 0.000135832 0.000146694 0.000149907 0.000160769 0.000178843 0.000188683 0.000201203 0.000202706 0.000200302 0.000200642 0.000204886 0.000206453 0.000225112 0.000248564 0.000287872 0.000332052 0.000392917 0.000462528 0.000514482 0.000523922 0.000473646 0.000314766 3.72378e-05 -0.000378708 -0.000935093 -0.00161641 -0.00240161 -0.00325218 -0.00413731 -0.00498973 -0.00575666 -0.00639049 -0.0068566 -0.00713161 -0.00720101 -0.00704352 -0.00667325 -0.00607138 -0.00527987 -0.00434046 -0.0032995 -0.00221326 -0.00111923 -5.60872e-05 0.000953144 0.0018594 0.00262638 0.00322288 0.00364803 0.00391574 0.00405102 0.00405807 0.00395968 0.00375782 0.00348424 0.00318889 0.00289132 0.00259976 0.00230715 0.00203562 0.00178354 0.00157517 0.0014097 0.00126768 0.00113672 0.0010208 0.000934226 0.000869803 0.000819732 0.000765865 0.000716421 0.000677525 0.000654277 0.000633942 0.000610209 0.000584778 0.000566647 0.000563641 0.000556443 0.000545956 0.000534826 0.000533792 0.000535574 
0 3.55625e-05 9.50831e-05 0.000153522 0.000203179 0.000245782 0.000296126 0.000345282 0.00041512 0.000483472 0.000534146 0.000597628 0.000680161 0.000784188 0.000883744 0.00100238 0.00113205 0.00129179 0.00150227 0.00174044 0.0020178 0.00232504 0.00270225 0.00314716 0.00365315 0.00420296 0.00477537 0.00538692 0.00599227 0.00657884 0.0070964 0.00747311 0.00767009 0.00765411 0.00739597 0.00683994 0.00597552 0.00478906 0.00327614 0.00149535 -0.000489488 -0.00260639 -0.00477878 -0.00694244 -0.00900136 -0.0108519 -0.0124143 -0.0136086 -0.0143818 -0.0147079 -0.0145919 -0.0140455 -0.0131199 -0.011868 -0.0103428 -0.00863622 -0.00686375 -0.00511904 -0.00349181 -0.00206109 -0.000863151 5.02797e-05 0.000693159 0.00108181 0.0012568 0.00128867 0.00120657 0.00104852 0.000897129 0.000743537 0.000602265 0.000486529 0.000396503 0.000336794 0.000289482 0.000255478 0.000232724 0.00020954 0.000197627 0.00018421 0.000164691 0.000169046 0.000170595 0.000164301 0.000155707 0.000150069 0.000142619 0.000146016 0.000139349 0.000128204 0.000125195 0.000132997 0.00013015 0.000135133 0.000126095 0.000121897 0.000127125 0.00012956 0.000127405 0.000132079 0.000125458 0.000136492 0.000140921 0.000141838 0.000144307 0.000147488 0.000151935 0.000167584 0.000164769 0.000164752 0.000168337 0.000183841 0.000201341 0.000217994 0.000215794 0.000217261 0.000235981 0.000263021 0.000281557 0.000306575 0.000319433 0.00034326 0.000376608 0.000395237 0.000408012 0.000418848 0.000417172 0.00040815 0.000402654 0.000427772 0.000480102 0.000559804 0.000677891 0.000797535 0.000929563 0.00103595 0.00104512 0.000916859 0.000603112 4.06567e-05 -0.000787725 -0.00189695 -0.00324705 -0.00481027 -0.00652236 -0.00826021 -0.00991772 -0.0114295 -0.0126988 -0.0136311 -0.0141738 -0.0142928 -0.0139826 -0.0132231 -0.0120321 -0.0104734 -0.00863363 -0.0065886 -0.00442534 -0.0022525 -0.000144694 0.00183754 0.00360905 0.00511854 0.00631299 0.00717533 0.00773393 0.00799798 0.00802232 0.00783625 0.00747181 0.00696933 0.00639241 0.00580789 0.00521036 0.00464609 0.00411693 0.00362443 0.0031951 0.00283368 0.0025419 0.00227861 0.00205799 0.00187274 0.00172708 0.00161997 0.00152243 0.0014391 0.00136236 0.00130855 0.00126862 0.00123289 0.00119399 0.00115705 0.00113953 0.00112228 0.00110205 0.00108565 0.00107623 0.00106875 
0 7.74169e-05 0.000153522 0.000211362 0.00027704 0.000369973 0.000464382 0.000528356 0.000606883 0.000707337 0.000817412 0.000929891 0.00105053 0.00117795 0.00133157 0.00153428 0.00174978 0.00199441 0.00228012 0.00264439 0.00306945 0.00356557 0.00413433 0.00477963 0.00552688 0.00633173 0.00720762 0.00809599 0.00897275 0.00979204 0.0105118 0.0110448 0.0112998 0.0112508 0.0108203 0.00996155 0.0086602 0.00690298 0.00468183 0.00207554 -0.000844501 -0.00394541 -0.00714971 -0.010317 -0.0133269 -0.0160418 -0.018336 -0.0201276 -0.0212671 -0.0217688 -0.0216311 -0.0208669 -0.0195134 -0.0176577 -0.0154171 -0.0129368 -0.0103049 -0.00771151 -0.00529982 -0.0031766 -0.00139529 -1.19638e-05 0.000945796 0.00155162 0.00183549 0.0018731 0.00174766 0.00154396 0.00131435 0.00110293 0.000893949 0.000726321 0.000579958 0.00049335 0.000434628 0.000385022 0.000342271 0.000328376 0.000294264 0.000272527 0.000264484 0.000256963 0.000253165 0.000254105 0.000224561 0.000218518 0.000226875 0.000223575 0.000220114 0.000203351 0.000185419 0.000191958 0.000195755 0.000199375 0.000200404 0.000195126 0.000200026 0.000195779 0.000190597 0.000188746 0.000190636 0.000208384 0.000222774 0.000224491 0.000224441 0.000216102 0.000227619 0.000243389 0.000249071 0.000261046 0.000263738 0.000280127 0.000311315 0.000315827 0.000319383 0.000336802 0.000353274 0.000401435 0.000437953 0.00045278 0.000481408 0.000526687 0.000555556 0.000595035 0.000610735 0.000614778 0.000615527 0.000614451 0.000601825 0.000636853 0.00070026 0.00082246 0.00097286 0.001167 0.00137076 0.00150497 0.00149992 0.00131175 0.000817136 -2.21495e-05 -0.00126689 -0.00292753 -0.00495556 -0.00727793 -0.009774 -0.0123421 -0.0148025 -0.017019 -0.0188624 -0.020224 -0.0210159 -0.0211792 -0.0206643 -0.0195296 -0.0177617 -0.0154806 -0.0127859 -0.00978166 -0.00661483 -0.00341372 -0.000318274 0.00258506 0.00517606 0.00738865 0.00916169 0.0104777 0.0113352 0.0117719 0.0118209 0.0115826 0.0110858 0.0103895 0.00958379 0.00871567 0.00784283 0.006995 0.00623046 0.00551033 0.00486658 0.0043143 0.00385097 0.00346495 0.00313827 0.00286566 0.00262977 0.00244925 0.00230188 0.00218345 0.00207104 0.00197597 0.00190116 0.0018482 0.00179813 0.00174417 0.00170925 0.00167448 0.00165309 0.00163509 0.0016244 0.00160479 
0 0.000102253 0.000203179 0.00027704 0.000366552 0.000487185 0.000617673 0.000709751 0.000816693 0.000950905 0.00109566 0.00126241 0.0014302 0.00161354 0.001815 0.00208823 0.00239701 0.00273711 0.00314091 0.00361139 0.00419129 0.00485837 0.00563478 0.00649872 0.00745995 0.0085174 0.00963896 0.0108063 0.0119154 0.0129345 0.0138007 0.0144121 0.0146911 0.0145605 0.0139445 0.0127559 0.0109979 0.00867595 0.00579332 0.00243107 -0.00132055 -0.00533848 -0.00947045 -0.01357 -0.0174572 -0.0209566 -0.0239349 -0.026257 -0.0278107 -0.0285317 -0.0284007 -0.0274237 -0.0256864 -0.0233009 -0.0203912 -0.0171327 -0.0137283 -0.0103562 -0.00719024 -0.00438298 -0.00201713 -0.000189232 0.00110889 0.00191385 0.00230167 0.0023992 0.00227241 0.0019988 0.00171409 0.00142109 0.00114885 0.000927299 0.000758154 0.000648346 0.000566584 0.000507133 0.00046479 0.000423427 0.000395805 0.000367894 0.000337196 0.000342728 0.000343768 0.000328988 0.00030654 0.000292567 0.000283196 0.000291532 0.000285708 0.000269562 0.000264005 0.000272952 0.000264179 0.000264413 0.000246167 0.000239608 0.000254717 0.000266803 0.000270334 0.000277597 0.000263884 0.00027462 0.000277893 0.000277757 0.000285 0.000295852 0.000312213 0.000343295 0.000342907 0.000341324 0.000343484 0.000365727 0.000397218 0.000428095 0.000433298 0.000444352 0.00048076 0.000531258 0.000568678 0.000612766 0.000642615 0.000689576 0.000747794 0.00078148 0.000799506 0.000809517 0.000800983 0.00078367 0.000777095 0.000825485 0.000920556 0.00106315 0.00126838 0.00148684 0.00172532 0.00190657 0.00189827 0.00161455 0.000953259 -0.000193787 -0.00186137 -0.00406061 -0.00671091 -0.00974549 -0.0130419 -0.016384 -0.0195689 -0.0224512 -0.0248473 -0.0265822 -0.0275511 -0.0276936 -0.0270059 -0.0254845 -0.0231775 -0.0202081 -0.0167253 -0.0128604 -0.00876976 -0.00464787 -0.000644255 0.0031133 0.00647346 0.00935315 0.0116813 0.0134336 0.0146297 0.0152611 0.0154051 0.0151411 0.0145506 0.0137108 0.0127112 0.0116392 0.0105031 0.00940738 0.00839184 0.00745827 0.00662387 0.00588182 0.0052506 0.00470287 0.00426673 0.00390208 0.00358434 0.00331927 0.00309741 0.00293562 0.00279282 0.00266582 0.00255158 0.00246646 0.00240088 0.00233842 0.00228965 0.00223986 0.00220444 0.00218638 0.00217273 0.00214867 
0 0.000110619 0.000245782 0.000369973 0.000487185 0.000618327 0.00076202 0.000898263 0.00105668 0.00122235 0.00138969 0.00158606 0.00182314 0.00207208 0.00233785 0.00267128 0.00306257 0.00352597 0.00405384 0.00467451 0.0053956 0.00624875 0.00723069 0.00831313 0.00950528 0.0107712 0.0121277 0.0134957 0.0147977 0.0159511 0.0168945 0.01753 0.0177508 0.017497 0.0166469 0.0151227 0.0129249 0.0100722 0.00657953 0.00253786 -0.00197243 -0.00678837 -0.011767 -0.016686 -0.021347 -0.0255561 -0.029149 -0.0319999 -0.0339096 -0.0348431 -0.0347613 -0.0336576 -0.0315927 -0.0287146 -0.0252128 -0.0213066 -0.0171586 -0.0130342 -0.00915602 -0.00570042 -0.00277458 -0.000478516 0.00114836 0.00219165 0.00271551 0.00284286 0.00269827 0.00240621 0.00205958 0.00172307 0.00139817 0.001136 0.000922866 0.000793945 0.00070653 0.000635596 0.000574343 0.000541534 0.000489963 0.000453369 0.000437097 0.000430219 0.000425628 0.000418138 0.000375417 0.00036107 0.000368343 0.000368047 0.000364218 0.000342937 0.000321544 0.000328108 0.000328989 0.000327774 0.000322117 0.000315154 0.000326082 0.00033028 0.000330016 0.000328937 0.000327304 0.00034443 0.000359133 0.000362708 0.00036637 0.000364262 0.000385726 0.000412949 0.000423626 0.000437008 0.000440302 0.000463132 0.00050666 0.000524483 0.000538494 0.000567653 0.000600484 0.00066861 0.000723166 0.000756109 0.000803659 0.000871773 0.000923622 0.000976212 0.000993753 0.000991228 0.00097864 0.000965056 0.00095056 0.00100216 0.00110137 0.00127647 0.00149897 0.00177925 0.00207049 0.00225409 0.00220564 0.00183141 0.000961184 -0.000482687 -0.00257121 -0.00530038 -0.00858167 -0.0122977 -0.0162747 -0.020334 -0.0242092 -0.027679 -0.0305298 -0.0325841 -0.0337106 -0.0338318 -0.03291 -0.0310274 -0.0282092 -0.0246256 -0.0204299 -0.0157792 -0.0108809 -0.00593011 -0.00112634 0.00338699 0.00743543 0.0109207 0.0137699 0.0159637 0.0174947 0.0183807 0.0186588 0.018456 0.0178421 0.0169168 0.0157987 0.0145473 0.013223 0.011891 0.0106525 0.00949819 0.00846318 0.00754385 0.00672975 0.00602633 0.00544646 0.00498087 0.00457804 0.00423248 0.00393504 0.00371009 0.00353062 0.00337536 0.00322944 0.00310935 0.00301596 0.00294099 0.00288658 0.00282306 0.00277316 0.00273985 0.00272458 0.0027011 
0 0.000125983 0.000296126 0.000464382 0.000617673 0.00076202 0.000924102 0.00109614 0.00130083 0.00150948 0.00170536 0.00194036 0.00222546 0.00255113 0.00289822 0.00331634 0.00380235 0.0043723 0.00504951 0.0058279 0.00673255 0.00775988 0.00893146 0.0102217 0.0116218 0.0131057 0.0146337 0.0161566 0.0175635 0.0187924 0.0197605 0.0203477 0.0204508 0.0199846 0.0188547 0.0169789 0.0143636 0.0110267 0.00698523 0.00232907 -0.00283055 -0.00833595 -0.0139951 -0.0196021 -0.0249309 -0.0297646 -0.0339224 -0.0372273 -0.0395075 -0.0406669 -0.040653 -0.0394543 -0.0371542 -0.0339004 -0.0298817 -0.0253409 -0.020543 -0.015752 -0.0112183 -0.00715017 -0.00368068 -0.000937015 0.00105287 0.00233306 0.00299577 0.00319842 0.00306432 0.00272711 0.00234512 0.00196004 0.00160463 0.0013142 0.00108917 0.000936746 0.000826255 0.000744931 0.000686036 0.00063635 0.000591861 0.000547882 0.000511238 0.000507784 0.000505694 0.000489072 0.000460352 0.000444468 0.000438492 0.000439481 0.000423586 0.000394455 0.000381394 0.000392596 0.000395674 0.000400843 0.00038632 0.000375811 0.000384849 0.000389897 0.00038955 0.00039331 0.000387825 0.000408343 0.000425973 0.000433848 0.00044144 0.000445944 0.000460302 0.000490047 0.000498913 0.000508872 0.000524274 0.000559294 0.000605009 0.000640226 0.000652683 0.000673314 0.000721925 0.000793692 0.000855971 0.000914693 0.000964806 0.00102952 0.00109966 0.00114848 0.00117253 0.00117617 0.00115328 0.00111415 0.00108751 0.00113103 0.00124612 0.0014397 0.00171293 0.00201932 0.00232605 0.00251259 0.00241168 0.00189816 0.000825553 -0.000931353 -0.003429 -0.0066613 -0.0105156 -0.0148647 -0.0195208 -0.0242104 -0.0286553 -0.0326281 -0.0358848 -0.0381966 -0.0394105 -0.0394476 -0.0383129 -0.0360589 -0.0327789 -0.0286462 -0.023843 -0.0185376 -0.0129363 -0.00728632 -0.00179772 0.00335485 0.00799895 0.0120341 0.0153821 0.0180049 0.0198956 0.021045 0.0215281 0.0214513 0.0209041 0.0199774 0.0187811 0.0174186 0.0159374 0.0144493 0.0130177 0.0116595 0.0104146 0.00929788 0.00832217 0.00745969 0.00673237 0.00612221 0.00561233 0.00519004 0.00482652 0.00453262 0.00428811 0.00409316 0.00392715 0.00378594 0.00366084 0.00355865 0.00349036 0.00342334 0.00336065 0.00331203 0.00328528 0.00326149 
0 0.000159978 0.000345282 0.000528356 0.000709751 0.000898263 0.00109614 0.00129722 0.00153309 0.0017947 0.0020589 0.0023482 0.00268682 0.00308035 0.00353012 0.00405511 0.0046446 0.00532876 0.00614386 0.00709912 0.00818068 0.0093864 0.0107328 0.0122131 0.013811 0.0154663 0.0171308 0.0187334 0.0201898 0.0214228 0.0223363 0.0228 0.0227007 0.02197 0.0205224 0.018293 0.0152805 0.0114983 0.00697305 0.00180438 -0.00388595 -0.00992808 -0.0161407 -0.0223002 -0.028175 -0.0335368 -0.0381803 -0.0419133 -0.044529 -0.0459237 -0.0460278 -0.0448124 -0.0423398 -0.0387713 -0.0343306 -0.0292856 -0.0239045 -0.0185008 -0.0133638 -0.00872635 -0.00475041 -0.00157276 0.000755137 0.00228757 0.00311892 0.00340538 0.00330562 0.00298082 0.00257421 0.00216148 0.00177491 0.00145629 0.00121013 0.00104861 0.000938209 0.000856077 0.000792186 0.00074393 0.000689305 0.000641104 0.00061027 0.000599805 0.000591108 0.000570282 0.000530078 0.000511496 0.000513812 0.000515932 0.000504585 0.000476738 0.000456463 0.000460885 0.000463426 0.000462186 0.00045117 0.000443449 0.000453661 0.000462532 0.000465409 0.000465758 0.000464282 0.000481109 0.000498748 0.000508191 0.000515296 0.000520686 0.000543117 0.000575399 0.000593918 0.000610108 0.000624219 0.000656336 0.000703895 0.000737532 0.000761869 0.000798601 0.00085443 0.000936635 0.00100922 0.0010669 0.00112715 0.00120117 0.00126913 0.0013208 0.00133759 0.00132614 0.00129109 0.0012455 0.00121323 0.00125093 0.0013637 0.00156435 0.00183925 0.00216542 0.00247896 0.00263554 0.00246361 0.00181664 0.000520632 -0.00154498 -0.0044455 -0.00815927 -0.0125627 -0.0174889 -0.0227144 -0.0279653 -0.0329251 -0.0373128 -0.0408592 -0.0433339 -0.0445765 -0.0445076 -0.0431325 -0.0405439 -0.0368483 -0.0322406 -0.026915 -0.0210622 -0.014912 -0.00870928 -0.00267898 0.00300068 0.00815758 0.0126792 0.0164791 0.0195108 0.0217554 0.0232187 0.0239613 0.0240905 0.0236786 0.0228145 0.0216189 0.0201986 0.0186378 0.0170308 0.0154505 0.0139127 0.0124721 0.011173 0.0100314 0.00902543 0.00814393 0.00738227 0.00674327 0.00622785 0.00579616 0.00542455 0.00509918 0.00483824 0.00463886 0.00447688 0.00432086 0.00418211 0.00408678 0.00401231 0.00394826 0.00389312 0.00385841 0.00383185 
0 0.000211193 0.00041512 0.000606883 0.000816693 0.00105668 0.00130083 0.00153309 0.00179238 0.00209761 0.00242926 0.00278767 0.00319279 0.00366065 0.0042079 0.00484294 0.00556235 0.00639396 0.0073693 0.0084954 0.00975045 0.0111388 0.0126699 0.0143309 0.0160817 0.0178498 0.0195837 0.0212098 0.022649 0.0238049 0.0245683 0.024816 0.0244489 0.0234111 0.0216269 0.0190407 0.0156444 0.0114569 0.00652336 0.000946839 -0.00514418 -0.0115887 -0.0182129 -0.0247945 -0.0310951 -0.0368767 -0.0419186 -0.046015 -0.0489487 -0.0505856 -0.0508299 -0.0496414 -0.0470752 -0.0432917 -0.0385264 -0.033063 -0.027197 -0.0212663 -0.0155874 -0.0104208 -0.00596778 -0.00237768 0.000283691 0.00206816 0.00308168 0.00348253 0.00344459 0.00314401 0.00272723 0.00229412 0.00188961 0.00155799 0.00131009 0.00114778 0.00103991 0.000958823 0.000892769 0.000839371 0.000779275 0.000726604 0.000696067 0.000682955 0.000672956 0.000648247 0.000605505 0.000581266 0.000580802 0.000580614 0.000570372 0.000546157 0.000528526 0.00052964 0.000530822 0.000521846 0.000507696 0.000499908 0.000511904 0.000527603 0.000537331 0.000537433 0.000536503 0.000545723 0.000560239 0.000571444 0.000582891 0.00059618 0.000625702 0.000658902 0.000681282 0.000696403 0.000711982 0.000745936 0.000798125 0.000839752 0.000875695 0.000921132 0.000983964 0.0010689 0.00114863 0.00121259 0.00128234 0.00136219 0.00143296 0.00148247 0.00149027 0.00146105 0.00140542 0.00134003 0.00129727 0.00132644 0.00143832 0.00164041 0.0019129 0.00223458 0.002527 0.002637 0.0023793 0.00157751 4.72574e-05 -0.00233361 -0.00562491 -0.00978305 -0.014675 -0.0201105 -0.0258408 -0.0315653 -0.0369409 -0.0416499 -0.0454021 -0.0479576 -0.0491606 -0.048952 -0.047354 -0.0444677 -0.0404145 -0.0354003 -0.0296443 -0.0233673 -0.0168108 -0.0102111 -0.0037789 0.00231246 0.00789476 0.0128325 0.0170267 0.0204299 0.0230304 0.0248459 0.0259169 0.0263187 0.0261095 0.0253852 0.0242791 0.022899 0.0213306 0.0196526 0.0179482 0.0162642 0.0146651 0.0131988 0.0118777 0.0106976 0.00965379 0.00874732 0.00797641 0.00733785 0.00680704 0.0063563 0.00596636 0.00564227 0.005388 0.00518834 0.00500915 0.00484905 0.00472448 0.00462806 0.00455477 0.00449596 0.00445137 0.00441333 
0 0.00024772 0.000483472 0.000707337 0.000950905 0.00122235 0.00150948 0.0017947 0.00209761 0.00244121 0.00282438 0.00326479 0.00375863 0.00431979 0.00495906 0.0057062 0.00658115 0.00758347 0.00873326 0.0100157 0.0114493 0.0130224 0.0147326 0.0165422 0.0183857 0.0202174 0.0219559 0.0235463 0.0248796 0.0258662 0.0263946 0.0263549 0.0256742 0.0242852 0.0221425 0.0192016 0.0154573 0.0109309 0.00567656 -0.000211672 -0.00658756 -0.013314 -0.0202031 -0.0270702 -0.0336754 -0.0397773 -0.0451465 -0.0495351 -0.052752 -0.0546126 -0.0550117 -0.0539012 -0.0513314 -0.0474405 -0.0424525 -0.0366508 -0.0303959 -0.0240215 -0.0178717 -0.0122372 -0.00734798 -0.00337062 -0.000367569 0.00167486 0.00287727 0.00340818 0.00344548 0.00317445 0.00278032 0.00234936 0.00195461 0.00162559 0.00138891 0.00122569 0.00111892 0.00104303 0.000987161 0.000924992 0.000872128 0.00081639 0.000773392 0.000759761 0.000749088 0.000717171 0.000689363 0.000665302 0.000655226 0.000654399 0.00063248 0.000601403 0.000587845 0.000587844 0.000593962 0.000594441 0.000580116 0.000572368 0.00057698 0.000585883 0.000590791 0.000593577 0.000596399 0.00061282 0.000634901 0.000651589 0.000663136 0.000678265 0.000697348 0.000728685 0.000755266 0.000773537 0.000805211 0.000850449 0.000900866 0.00095424 0.000992242 0.00103459 0.00111166 0.00119727 0.00128292 0.00136543 0.00143808 0.00151252 0.00158885 0.00162448 0.00162368 0.0015809 0.00150368 0.00140766 0.00134333 0.00134538 0.0014458 0.00163437 0.00191416 0.00221949 0.00246952 0.00251043 0.00213696 0.0011468 -0.000618405 -0.00330575 -0.00695607 -0.0115194 -0.016846 -0.0227257 -0.0288956 -0.034992 -0.040667 -0.0455887 -0.0494591 -0.0520294 -0.0531514 -0.0527795 -0.0509721 -0.0478046 -0.0434525 -0.0381147 -0.0320392 -0.0254661 -0.0186246 -0.0117574 -0.00504704 0.00132948 0.00722065 0.0124835 0.0170164 0.020766 0.0237289 0.0259077 0.0273462 0.0280701 0.0281431 0.0276542 0.0267223 0.0254662 0.0239459 0.0222619 0.0204821 0.0187017 0.0169802 0.0153592 0.0138608 0.0124903 0.0112839 0.0102353 0.00933362 0.00855142 0.00788951 0.00734697 0.00689982 0.00652032 0.00619391 0.00592955 0.00571929 0.00554853 0.00540014 0.00527277 0.00517548 0.00510925 0.00505706 0.00501298 
0 0.000263721 0.000534146 0.000817412 0.00109566 0.00138969 0.00170536 0.0020589 0.00242926 0.00282438 0.00327704 0.00379955 0.00440445 0.00506827 0.00583102 0.00671376 0.00774823 0.00892444 0.0102236 0.0116802 0.0132808 0.0150327 0.0168744 0.0187694 0.0206652 0.0224958 0.0242026 0.0256667 0.0268169 0.0275469 0.0277716 0.0274046 0.0263625 0.0245986 0.0220747 0.0187886 0.0147385 0.00994175 0.00445346 -0.00163545 -0.00819335 -0.0150611 -0.0220993 -0.029114 -0.0358994 -0.0422259 -0.0478375 -0.0524867 -0.0559304 -0.0580013 -0.0585834 -0.0576139 -0.0551004 -0.0511698 -0.0460524 -0.0400445 -0.0334676 -0.0267257 -0.0201882 -0.0141557 -0.00888915 -0.00455239 -0.00124467 0.00106289 0.00247601 0.00313769 0.0032695 0.00308672 0.00272363 0.00232861 0.00195527 0.00164083 0.00141016 0.00126112 0.00117147 0.00110916 0.00105715 0.00101589 0.000956465 0.000903232 0.000872533 0.000842569 0.00082142 0.000796428 0.000758139 0.000736424 0.000737811 0.000726796 0.000707513 0.000680894 0.000655519 0.000650604 0.000662588 0.000656139 0.000653787 0.000649381 0.000646475 0.000654348 0.000659364 0.000655098 0.000671546 0.000686443 0.000710891 0.000733899 0.000743024 0.000753949 0.000781223 0.0008055 0.00084138 0.000873943 0.000906861 0.000953105 0.00101035 0.0010535 0.00110301 0.00116565 0.00124118 0.00133858 0.00143758 0.00151012 0.00158955 0.00166686 0.00171942 0.00175067 0.00173126 0.00166091 0.0015578 0.00144326 0.00135172 0.00132081 0.0013864 0.00155836 0.00179442 0.00207699 0.00227269 0.00220455 0.00169077 0.000522211 -0.00148737 -0.00445217 -0.0084277 -0.0133452 -0.019066 -0.0253338 -0.031824 -0.0382072 -0.0440992 -0.0491335 -0.0530144 -0.0555271 -0.0565348 -0.055997 -0.0539531 -0.0505449 -0.0459452 -0.0403841 -0.0341026 -0.0273468 -0.0203557 -0.0133273 -0.00646066 8.43625e-05 0.00616819 0.0116612 0.0164774 0.0205609 0.0238726 0.0264251 0.0282218 0.0293082 0.0297293 0.0295586 0.0288918 0.0278003 0.0264038 0.0247711 0.0230117 0.0211971 0.0193834 0.0176334 0.01597 0.0144505 0.0130799 0.0118802 0.0108254 0.00989389 0.00909941 0.00843784 0.007906 0.00745123 0.00705426 0.00671863 0.00645905 0.00626274 0.00609131 0.00594034 0.00581835 0.00573463 0.00567518 0.00563466 
0 0.000288106 0.000597628 0.000929891 0.00126241 0.00158606 0.00194036 0.0023482 0.00278767 0.00326479 0.00379955 0.00441635 0.00510649 0.00590026 0.00681357 0.00785789 0.00905534 0.0103811 0.0118586 0.0134788 0.0152592 0.0171392 0.0190702 0.0210117 0.0228911 0.0246771 0.026248 0.0275294 0.0284089 0.0288176 0.0286775 0.0279196 0.0264998 0.0243491 0.0214641 0.0178523 0.0135227 0.00851065 0.00288128 -0.00330565 -0.00991309 -0.0168362 -0.0238985 -0.0309654 -0.0378272 -0.0442608 -0.0500275 -0.0548421 -0.0585178 -0.0608063 -0.0615673 -0.060738 -0.0583393 -0.0544592 -0.0492976 -0.043132 -0.036372 -0.0293689 -0.022508 -0.0161329 -0.0105362 -0.00590108 -0.00230527 0.000233578 0.00184666 0.00269496 0.00296615 0.00285682 0.00256744 0.00220048 0.0018622 0.00157821 0.00139014 0.00126186 0.0011926 0.00114966 0.00112236 0.00107077 0.00103463 0.000987765 0.000943858 0.000923298 0.000903905 0.000859667 0.000839051 0.000808027 0.000788265 0.0007889 0.000770105 0.000749265 0.000743255 0.000729559 0.000726445 0.000717405 0.000699598 0.000696987 0.000704389 0.000722143 0.000737083 0.000744153 0.000748181 0.000752626 0.000767158 0.000784186 0.000802985 0.000837511 0.00086676 0.000903204 0.000939207 0.000955843 0.000995372 0.00104417 0.0010931 0.00116449 0.0012251 0.00128507 0.00138448 0.00147189 0.00156449 0.00165768 0.00173067 0.00179091 0.00184919 0.00184903 0.00180785 0.00170936 0.00157197 0.00141209 0.00129392 0.00123218 0.00127427 0.00139527 0.00160392 0.00180396 0.00189419 0.00172231 0.00107475 -0.000289651 -0.00251568 -0.00575501 -0.010028 -0.0152578 -0.0212772 -0.0278295 -0.0346024 -0.0411697 -0.0471635 -0.0522276 -0.056075 -0.0584756 -0.0593091 -0.0585656 -0.0563423 -0.0527246 -0.0479561 -0.0422417 -0.0358506 -0.0290331 -0.0219874 -0.0149296 -0.00801172 -0.00140653 0.00477751 0.0104227 0.0154569 0.0198196 0.0234692 0.0263745 0.0285597 0.0300239 0.0308413 0.0310567 0.0307106 0.0298878 0.0286689 0.0271863 0.0254999 0.0237124 0.0218534 0.0199945 0.0182145 0.0165527 0.0150388 0.0136582 0.0124341 0.0113572 0.0104375 0.00965252 0.00899022 0.0084399 0.00797704 0.00758724 0.00726678 0.00701361 0.006806 0.00663993 0.00650174 0.0063937 0.00631675 0.00627677 
0 0.000342676 0.000680161 0.00105053 0.0014302 0.00182314 0.00222546 0.00268682 0.00319279 0.00375863 0.00440445 0.00510649 0.00591021 0.00683875 0.00792652 0.00912928 0.0104763 0.0119806 0.0136275 0.0154272 0.0173241 0.0193015 0.0212816 0.0232252 0.0250494 0.026682 0.0280557 0.029055 0.0296174 0.0296427 0.0290775 0.0278948 0.0260671 0.0235524 0.020336 0.0164402 0.0118851 0.00672214 0.00102969 -0.00514297 -0.0117206 -0.0185868 -0.0256211 -0.0326482 -0.0394866 -0.0459388 -0.0517655 -0.0567099 -0.060531 -0.0630016 -0.0639611 -0.0633167 -0.061048 -0.0572524 -0.0521349 -0.0459715 -0.0390834 -0.0318911 -0.0247982 -0.0181566 -0.0122894 -0.00738078 -0.00353948 -0.000763635 0.00105782 0.00205386 0.00245687 0.00248423 0.00226596 0.001975 0.0016929 0.00145535 0.00130103 0.00121822 0.00118711 0.00117267 0.00115441 0.00113065 0.00108885 0.0010529 0.00102979 0.000996896 0.000968223 0.000938189 0.000903506 0.000877086 0.000869742 0.000855833 0.000838641 0.000823298 0.000798622 0.000782453 0.000787781 0.000775529 0.000776533 0.00077905 0.000771657 0.000783202 0.000791438 0.000789608 0.000813274 0.000823742 0.000843699 0.000871342 0.000883347 0.000907179 0.000942395 0.000968678 0.00101345 0.00105341 0.00109473 0.00114777 0.00120626 0.00126365 0.00133522 0.00141926 0.00150929 0.00160629 0.00170613 0.00178209 0.00185807 0.00192135 0.00194681 0.00193471 0.00185896 0.00171517 0.00153118 0.00134169 0.00118438 0.00107621 0.00106178 0.00114047 0.00126461 0.00140393 0.00140374 0.00108685 0.0002752 -0.00126874 -0.00372134 -0.00719758 -0.0117257 -0.0172064 -0.0234834 -0.0302535 -0.0371447 -0.0438084 -0.0498472 -0.0548755 -0.0586006 -0.060842 -0.0615067 -0.0605908 -0.0581682 -0.0544031 -0.0495196 -0.0437446 -0.0373224 -0.030507 -0.0235182 -0.0165134 -0.00965795 -0.00308134 0.00311428 0.00882921 0.014006 0.0185887 0.0225178 0.0257814 0.028353 0.0302367 0.0314725 0.0320965 0.0321442 0.031649 0.0307309 0.0294461 0.0278963 0.0261707 0.0243226 0.0224369 0.0205645 0.0187927 0.0171188 0.015579 0.0141883 0.0129639 0.0119149 0.0109865 0.0101884 0.00951654 0.00898001 0.00852987 0.00814504 0.0078225 0.00755932 0.00737194 0.0072195 0.00709123 0.00699123 0.00694126 
0 0.000407268 0.000784188 0.00117795 0.00161354 0.00207208 0.00255113 0.00308035 0.00366065 0.00431979 0.00506827 0.00590026 0.00683875 0.00793445 0.00917854 0.0105353 0.0120509 0.0137303 0.0155573 0.017475 0.0194632 0.0214734 0.0234498 0.0253361 0.0270205 0.0284506 0.0295269 0.030191 0.0303646 0.0299784 0.0289824 0.0273647 0.0251355 0.0222542 0.0187349 0.0146099 0.00989681 0.00465712 -0.00102813 -0.00713677 -0.0135959 -0.0203395 -0.0272237 -0.0341293 -0.0408768 -0.0472743 -0.0531006 -0.0580858 -0.0620366 -0.0646705 -0.0658001 -0.0653342 -0.0632562 -0.0596147 -0.0545831 -0.0484242 -0.0415287 -0.034262 -0.0270262 -0.0202015 -0.0141269 -0.00900112 -0.00493045 -0.00195375 5.00812e-05 0.0012294 0.00178458 0.0019184 0.00181759 0.00160977 0.0014105 0.00124668 0.00115731 0.0011122 0.00111849 0.00114166 0.00116689 0.00115648 0.00114609 0.00111817 0.00108131 0.0010535 0.00103082 0.000996999 0.00099086 0.000963736 0.000935352 0.000920376 0.000892754 0.000873701 0.00086673 0.000849892 0.000852791 0.000850645 0.000843872 0.000843453 0.000837366 0.000842381 0.000850897 0.000859309 0.000878022 0.000892005 0.00091588 0.000941412 0.00096198 0.000996691 0.00102164 0.00105014 0.00109288 0.00112556 0.00118641 0.00125311 0.00131126 0.00138976 0.00146224 0.00153334 0.00163608 0.00172381 0.00182228 0.00191807 0.00198461 0.00201823 0.00202514 0.00196704 0.00185808 0.00167798 0.00145255 0.00120289 0.000989175 0.000821606 0.000749202 0.000751436 0.000822108 0.000856528 0.000723641 0.000270181 -0.000702738 -0.00244168 -0.00508644 -0.00876867 -0.013495 -0.0191647 -0.0255971 -0.0324921 -0.0394889 -0.0461579 -0.0521245 -0.0570328 -0.0606193 -0.0626914 -0.0631619 -0.0620531 -0.059486 -0.0555957 -0.0506621 -0.0448921 -0.0385352 -0.0318296 -0.0249537 -0.0180851 -0.0113514 -0.00488793 0.00124063 0.00695613 0.0122133 0.0169545 0.0211221 0.0246876 0.0276383 0.0299285 0.0315967 0.0326555 0.033115 0.0330287 0.0324615 0.0314789 0.0301231 0.0285278 0.0267622 0.0249068 0.0230146 0.0211364 0.0193332 0.0176457 0.0161148 0.0147367 0.0135227 0.0124463 0.0115115 0.0107259 0.0100779 0.00953733 0.00908414 0.00870298 0.00838329 0.00814789 0.00797039 0.00782283 0.00770415 0.00763584 
0 0.000458412 0.000883744 0.00133157 0.001815 0.00233785 0.00289822 0.00353012 0.0042079 0.00495906 0.00583102 0.00681357 0.00792652 0.00917854 0.0105805 0.0121035 0.0137908 0.0156339 0.017577 0.019588 0.0216182 0.0236202 0.0255139 0.0272556 0.0287464 0.0299026 0.0306387 0.0308897 0.0306309 0.0298082 0.0283857 0.0263559 0.0237319 0.0205054 0.0167225 0.012432 0.00764405 0.00239961 -0.00322754 -0.00921071 -0.015506 -0.0220428 -0.0287267 -0.0354391 -0.0420292 -0.0483192 -0.0540871 -0.0590793 -0.063084 -0.0658389 -0.0671441 -0.0668728 -0.0649722 -0.0614921 -0.0566027 -0.0505613 -0.0437018 -0.0364234 -0.0291322 -0.0222087 -0.0160007 -0.010715 -0.00647342 -0.00331553 -0.00113725 0.000196543 0.000908289 0.00120231 0.00122399 0.00113116 0.00102747 0.00094389 0.000918648 0.000940253 0.00100205 0.00107365 0.00113284 0.0011623 0.00117273 0.0011724 0.0011581 0.00112806 0.0010955 0.00106416 0.00104528 0.00102108 0.00100198 0.00098727 0.000969921 0.000960999 0.000941743 0.000917728 0.000913957 0.000904825 0.000907227 0.000914075 0.000905848 0.000914811 0.000923381 0.000929506 0.000954963 0.00096771 0.000986636 0.00101517 0.00103336 0.00106889 0.00110562 0.00113773 0.00118802 0.00123541 0.00129164 0.00135442 0.00141266 0.00148572 0.0015722 0.00166859 0.00177239 0.00186543 0.00195872 0.00203444 0.00208445 0.00209882 0.00206343 0.00197143 0.00181563 0.00158302 0.0013 0.00100335 0.000732656 0.00049619 0.000338329 0.00025335 0.000210193 0.000139166 -0.00011567 -0.000722122 -0.00185786 -0.00375754 -0.00657217 -0.0104154 -0.0152904 -0.0210876 -0.0276261 -0.0345757 -0.0415393 -0.0481398 -0.0539981 -0.0587553 -0.0621473 -0.0640212 -0.0643155 -0.0630538 -0.060348 -0.0563862 -0.0514499 -0.0457553 -0.0395232 -0.032975 -0.0262897 -0.0196089 -0.013068 -0.00677142 -0.000774428 0.00487527 0.0101499 0.0149924 0.0193379 0.0231649 0.0264436 0.0291258 0.0312217 0.0327255 0.0336332 0.0339688 0.0338087 0.033175 0.032115 0.0307342 0.0291127 0.0273439 0.0254716 0.0235643 0.0216722 0.0198761 0.0182094 0.0166743 0.0152898 0.0140518 0.0129894 0.0120767 0.0112939 0.0106238 0.0100859 0.00965256 0.00927548 0.00897805 0.00875266 0.00858383 0.00845114 0.0083712 
0 0.000503501 0.00100238 0.00153428 0.00208823 0.00267128 0.00331634 0.00405511 0.00484294 0.0057062 0.00671376 0.00785789 0.00912928 0.0105353 0.0121035 0.0138105 0.0156634 0.017629 0.0196542 0.0217169 0.0237568 0.025694 0.0274432 0.0289689 0.0301839 0.0309996 0.0313356 0.0311441 0.0304234 0.0291454 0.0272919 0.0248657 0.0218886 0.0183748 0.0143898 0.00999182 0.005182 -9.86067e-06 -0.00552049 -0.0113294 -0.0174085 -0.0237035 -0.03014 -0.0366202 -0.0430072 -0.049131 -0.0547815 -0.059727 -0.063758 -0.066601 -0.0680306 -0.0679146 -0.0661944 -0.0628995 -0.0581807 -0.0522903 -0.0455559 -0.0383554 -0.0310825 -0.02413 -0.0178552 -0.0124729 -0.0081117 -0.00481487 -0.00248455 -0.000984637 -0.000113833 0.000319653 0.000466661 0.000487533 0.000493012 0.000519243 0.000590316 0.000693347 0.000822797 0.000951838 0.00105667 0.00112243 0.00116462 0.0011895 0.00119095 0.00117212 0.00114624 0.00112076 0.0011065 0.00107963 0.00105153 0.00103313 0.00102036 0.00101969 0.00100857 0.000984039 0.000972024 0.000957511 0.00095527 0.000961126 0.000958892 0.000972705 0.000987907 0.000999052 0.00102038 0.00102776 0.00104134 0.00106775 0.0010948 0.00114081 0.00118512 0.00122195 0.00127048 0.0013163 0.00137482 0.00144098 0.00150617 0.00159115 0.00168889 0.00179062 0.00189189 0.00197457 0.00205562 0.00212255 0.00215607 0.00214179 0.0020677 0.00192834 0.00171812 0.00142418 0.00107147 0.000700789 0.000355627 4.83549e-05 -0.000190441 -0.000368233 -0.000518506 -0.00072044 -0.00112041 -0.00187052 -0.00314875 -0.00518669 -0.00813841 -0.0121071 -0.0170836 -0.0229422 -0.0294868 -0.0363921 -0.043267 -0.0497351 -0.0554282 -0.0600061 -0.0632134 -0.0648974 -0.065011 -0.0636084 -0.0608226 -0.0568534 -0.0519721 -0.0463887 -0.0403148 -0.0339677 -0.0275176 -0.0210902 -0.0147948 -0.008711 -0.00288003 0.00266149 0.00788931 0.0127568 0.0172139 0.0212488 0.0248206 0.0278625 0.0303652 0.0323116 0.0336818 0.0344797 0.0347568 0.0345246 0.0338251 0.032743 0.0313372 0.029694 0.0278888 0.0260079 0.0240976 0.0222205 0.0204218 0.018738 0.017203 0.0158186 0.0146115 0.0135605 0.0126392 0.0118415 0.0112018 0.0106934 0.0102538 0.0098917 0.00960986 0.00939884 0.00924361 0.00915165 
0 0.000556225 0.00113205 0.00174978 0.00239701 0.00306257 0.00380235 0.0046446 0.00556235 0.00658115 0.00774823 0.00905534 0.0104763 0.0120509 0.0137908 0.0156634 0.0176468 0.0196971 0.0217699 0.0238146 0.0257882 0.0275918 0.0291462 0.0303918 0.0312448 0.0316534 0.0315526 0.0309222 0.0297423 0.0280095 0.0257324 0.0229408 0.0196736 0.0159479 0.0118303 0.00738148 0.00260264 -0.00248158 -0.00782515 -0.0134239 -0.0192544 -0.0252895 -0.031451 -0.0376723 -0.0438275 -0.0497558 -0.055262 -0.0601163 -0.0641212 -0.0669992 -0.0685167 -0.0685344 -0.0669847 -0.0638775 -0.0593529 -0.0536441 -0.0470871 -0.0400252 -0.0328474 -0.0259501 -0.0196773 -0.0142533 -0.00981114 -0.00640969 -0.00396565 -0.0023305 -0.00131892 -0.00075091 -0.000455215 -0.000300958 -0.000167342 -1.98815e-05 0.000157009 0.000351635 0.000565633 0.000768441 0.000938603 0.00105006 0.00113597 0.00118975 0.00120551 0.00120064 0.00118443 0.0011661 0.00116956 0.0011502 0.00111718 0.00109687 0.00107672 0.00106733 0.00105914 0.00103583 0.00102631 0.00102746 0.0010292 0.00103353 0.0010286 0.0010273 0.00103398 0.00105028 0.00107318 0.00109545 0.00112163 0.00114897 0.00117835 0.00121945 0.00125128 0.00128943 0.00134173 0.00139723 0.00147474 0.00155145 0.00161766 0.00170788 0.00180458 0.00190068 0.00200174 0.00207442 0.00214294 0.00220261 0.0022128 0.00215772 0.00203591 0.00183173 0.00155669 0.00119352 0.000768931 0.000318264 -0.000113877 -0.000512958 -0.000854512 -0.00114879 -0.00140496 -0.00173137 -0.0022619 -0.00314303 -0.00455836 -0.00672251 -0.00977855 -0.0138232 -0.0188322 -0.0246843 -0.0311646 -0.0379522 -0.0446788 -0.0509597 -0.0564537 -0.0608304 -0.0638451 -0.0653508 -0.065317 -0.0638165 -0.0610009 -0.0570618 -0.0522732 -0.0468292 -0.0409406 -0.0348227 -0.0286331 -0.0224939 -0.0164709 -0.0106299 -0.00499704 0.000394682 0.00552046 0.010347 0.0148515 0.0190306 0.0228426 0.0261938 0.0290609 0.0314195 0.0332365 0.0345129 0.035251 0.0354616 0.0351616 0.0344367 0.0333289 0.0318954 0.030231 0.0284279 0.0265583 0.0246491 0.0227573 0.0209533 0.0192906 0.0177697 0.016396 0.015186 0.0141255 0.0132098 0.0124486 0.0118233 0.0112996 0.0108766 0.0105443 0.0102799 0.0100912 0.00998387 
0 0.000642476 0.00129179 0.00199441 0.00273711 0.00352597 0.0043723 0.00532876 0.00639396 0.00758347 0.00892444 0.0103811 0.0119806 0.0137303 0.0156339 0.017629 0.0196971 0.0218118 0.0238713 0.0258412 0.0276522 0.0292569 0.0305445 0.0314352 0.0318781 0.0318271 0.0312819 0.0301967 0.0285784 0.0264226 0.0237678 0.0206731 0.0171751 0.0133028 0.00911697 0.00467281 -1.75469e-05 -0.00495251 -0.0101097 -0.0154735 -0.021053 -0.0267901 -0.032665 -0.0385985 -0.0445031 -0.0502292 -0.055568 -0.0603137 -0.0642332 -0.0670932 -0.06867 -0.0688026 -0.0673948 -0.0644614 -0.0601238 -0.0546295 -0.0482547 -0.0413838 -0.0343812 -0.0276139 -0.0214157 -0.016015 -0.0115559 -0.00809131 -0.0055607 -0.00382819 -0.00269284 -0.00197218 -0.00154563 -0.00123874 -0.000965668 -0.000689987 -0.000402876 -9.55483e-05 0.00020954 0.000502737 0.000741979 0.000931815 0.00106177 0.001159 0.00121102 0.00121621 0.00120501 0.00121128 0.00120658 0.00119793 0.00117555 0.0011438 0.00112987 0.00113018 0.00111058 0.00109537 0.00108638 0.0010788 0.00108832 0.00109385 0.00108381 0.00108901 0.00109626 0.00110788 0.00113819 0.00116067 0.00118273 0.00121928 0.00124923 0.0012866 0.0013312 0.00136698 0.0014186 0.00149322 0.00156553 0.00164496 0.00172454 0.00180529 0.00190727 0.00201834 0.00209871 0.00216951 0.00222424 0.00225103 0.00222904 0.00213135 0.00193443 0.00166833 0.00131615 0.000882144 0.000371303 -0.000159693 -0.000689741 -0.00119803 -0.00166285 -0.00206544 -0.00245977 -0.00289863 -0.00353992 -0.00454422 -0.00607586 -0.00832501 -0.0114469 -0.0155092 -0.0204853 -0.0262482 -0.0326056 -0.0392404 -0.0457554 -0.0518273 -0.0571014 -0.0612677 -0.0640776 -0.0654205 -0.0652874 -0.0637489 -0.0609301 -0.0570636 -0.0523825 -0.0471119 -0.0414422 -0.0355757 -0.0296775 -0.0238148 -0.0180711 -0.0124765 -0.00707599 -0.00187916 0.00310566 0.00785534 0.0123565 0.016614 0.0205715 0.0241613 0.0273378 0.0300733 0.0323225 0.0340449 0.0352618 0.0359324 0.0360892 0.035765 0.0350169 0.0338929 0.0324461 0.0307918 0.0289866 0.0271078 0.0251861 0.0233077 0.0215339 0.0198679 0.01834 0.0169652 0.0157707 0.0147299 0.0138378 0.013078 0.0124458 0.0119561 0.0115658 0.0112501 0.0110139 0.0108764 
0 0.000752373 0.00150227 0.00228012 0.00314091 0.00405384 0.00504951 0.00614386 0.0073693 0.00873326 0.0102236 0.0118586 0.0136275 0.0155573 0.017577 0.0196542 0.0217699 0.0238713 0.0258806 0.0277019 0.0293173 0.0306307 0.0315699 0.0320598 0.0320633 0.0315652 0.0305377 0.0290014 0.0269538 0.0244253 0.0214574 0.0181176 0.0144521 0.0104996 0.00630869 0.00193428 -0.00263168 -0.00738666 -0.0123234 -0.017451 -0.0227494 -0.0282143 -0.0337865 -0.0394459 -0.0451025 -0.0506041 -0.0557595 -0.0603562 -0.0641814 -0.0669868 -0.0685448 -0.068726 -0.0674444 -0.0646705 -0.0605188 -0.0552109 -0.0490862 -0.0424423 -0.0356398 -0.0290599 -0.023007 -0.0177022 -0.0132886 -0.00981841 -0.00724381 -0.00540791 -0.00416397 -0.00334891 -0.00277889 -0.0023464 -0.00193793 -0.00151264 -0.00108518 -0.000663916 -0.000244515 0.000141463 0.00047141 0.000724494 0.000933299 0.00108133 0.00116648 0.00120707 0.00121805 0.00121775 0.00123417 0.00122282 0.00119146 0.00117651 0.00117109 0.00116871 0.00117305 0.00114948 0.00112427 0.00112099 0.00111543 0.00111678 0.00113161 0.00113541 0.00115252 0.00117814 0.00118862 0.00120691 0.00123025 0.0012497 0.00129602 0.00134882 0.00139271 0.00144819 0.00150455 0.0015628 0.00164537 0.00171978 0.00179253 0.00189362 0.00200428 0.00210448 0.00219432 0.00223784 0.00225835 0.00225997 0.00219297 0.00202828 0.00177722 0.00142713 0.000996099 0.00047106 -0.000126691 -0.000770307 -0.00141496 -0.00202752 -0.00260039 -0.0031324 -0.00361988 -0.00418764 -0.0049522 -0.0060442 -0.00765016 -0.00994618 -0.0130779 -0.0171049 -0.0219932 -0.0276283 -0.0337868 -0.0401842 -0.0464944 -0.0523256 -0.0573639 -0.0613119 -0.0639653 -0.065198 -0.0649931 -0.0634413 -0.0606888 -0.0569235 -0.0523863 -0.0472898 -0.0418485 -0.0362524 -0.0306205 -0.0250486 -0.0195672 -0.0142435 -0.00909378 -0.00412068 0.000687037 0.00532859 0.00978747 0.0140518 0.0180846 0.0218309 0.0252633 0.0283415 0.0309799 0.0331387 0.0347861 0.0359412 0.0365739 0.0367016 0.0363582 0.0355831 0.0344509 0.0329999 0.031339 0.0295297 0.0276539 0.0257605 0.0238938 0.0221104 0.0204383 0.0189343 0.0175854 0.016402 0.0153689 0.0144768 0.013735 0.0131402 0.0126817 0.0123057 0.0120275 0.0118459 
