0 0 0 0 0 0 0 0 0 0 0 0 0 0 0 0 0 0 0 0 0 0 0 0 0 0 0 0 0 0 0 0 0 0 0 0 0 0 0 0 0 0 0 0 0 0 0 0 0 0 0 0 0 0 0 0 0 0 0 0 0 0 0 0 0 0 0 0 0 0 0 0 0 0 0 0 0 0 0 0 0 0 0 0 0 0 0 0 0 0 0 0 0 0 0 0 0 0 0 0 0 0 0 0 0 0 0 0 0 0 0 0 0 0 0 0 0 0 0 0 0 0 0 0 0 0 0 0 0 0 0 0 0 0 0 0 0 0 0 0 0 0 0 0 0 0 0 0 0 0 0 0 0 0 0 0 0 0 0 0 0 0 0 0 0 0 0 0 0 0 0 0 0 0 0 0 0 0 0 0 0 0 0 0 0 0 0 0 0 0 0 0 0 0 0 0 0 0 0 0 
0 0.000603253 0.0011926 0.00174486 0.00224108 0.00267667 0.00302555 0.00325782 0.00335884 0.00331514 0.00311888 0.00276772 0.0022735 0.00162907 0.000844753 -3.99802e-05 -0.000982767 -0.00192969 -0.0028541 -0.00372167 -0.00451744 -0.0052036 -0.00573625 -0.00609688 -0.0062669 -0.00628905 -0.00617946 -0.0059579 -0.00562905 -0.00521246 -0.00474183 -0.00422965 -0.0037232 -0.00322993 -0.00275522 -0.0023141 -0.00192575 -0.00159624 -0.00132111 -0.00108428 -0.000883654 -0.000708532 -0.000567293 -0.000454789 -0.000368063 -0.000318168 -0.000267891 -0.000232156 -0.000205743 -0.000196915 -0.000200544 -0.000213847 -0.000232185 -0.000258646 -0.000292499 -0.000339606 -0.000410734 -0.000512885 -0.000634737 -0.000759714 -0.000909132 -0.00107385 -0.00125589 -0.00143331 -0.00160684 -0.00176391 -0.00189352 -0.00195483 -0.00195429 -0.00188099 -0.00172525 -0.00149038 -0.00118053 -0.00079045 -0.000361113 7.92166e-05 0.00050195 0.000875197 0.00118808 0.00140776 0.00153371 0.00157564 0.00153164 0.00142508 0.00128675 0.00110884 0.000937913 0.000780255 0.000636606 0.000517654 0.000428242 0.000351377 0.000308004 0.000275547 0.000252261 0.000230321 0.000216977 0.000205486 0.000211169 0.000218834 0.000230195 0.000233203 0.000241967 0.0002447 0.000255524 0.000262882 0.000263009 0.000255251 0.000260959 0.000269482 0.000312958 0.000381505 0.000471579 0.000595765 0.000756507 0.00093076 0.00113306 0.00131925 0.00146851 0.00156622 0.00158287 0.00149774 0.00131344 0.00102841 0.000675371 0.00027396 -0.000145287 -0.000550885 -0.000933459 -0.00125824 -0.00150586 -0.00167795 -0.00176843 -0.00176471 -0.00169882 -0.00158148 -0.0014347 -0.00126322 -0.00108383 -0.000900472 -0.000734298 -0.00056996 -0.000432602 -0.000321311 -0.000232646 -0.000162913 -0.000102726 -4.68564e-05 -4.47968e-06 2.07609e-05 3.16349e-05 3.58404e-05 3.75067e-05 2.62471e-05 1.10117e-05 -3.38125e-05 -8.95221e-05 -0.000175886 -0.000285253 -0.000405183 -0.000552548 -0.000739372 -0.000972702 -0.00125011 -0.00156839 -0.00193041 -0.00233988 -0.00279721 -0.00329559 -0.00379735 -0.00428757 -0.00472036 -0.00509676 -0.00540936 -0.00562416 -0.00571331 -0.00564547 -0.00542332 -0.00502525 -0.00446961 -0.00376798 -0.00293316 -0.00200359 -0.00102225 -3.39905e-05 0.000942492 0.00187801 0.00274102 0.00349032 0.00409161 0.00454061 0.00485752 0.00506895 0.005188 0.00521438 0.0051513 0.00503349 0.00491248 0.00482393 0.0047705 
0 0.0011926 0.0023614 0.00345117 0.00443522 0.00528451 0.00596097 0.00639897 0.00658061 0.00648763 0.00608743 0.00538932 0.00438946 0.00311 0.00156538 -0.000159339 -0.00198772 -0.00385428 -0.00567105 -0.00739571 -0.00894303 -0.010271 -0.0113063 -0.012018 -0.0123963 -0.0124559 -0.0122604 -0.0118133 -0.0111692 -0.010369 -0.00945765 -0.00846635 -0.00745529 -0.00647266 -0.00553163 -0.00466572 -0.00390181 -0.00324259 -0.00267076 -0.00219259 -0.00178312 -0.00145372 -0.00118378 -0.000955737 -0.000779069 -0.000648693 -0.000549271 -0.00047143 -0.000423088 -0.000400686 -0.000393605 -0.00040707 -0.000444843 -0.000496277 -0.00059066 -0.000698914 -0.000839021 -0.00102603 -0.00124011 -0.00150438 -0.00180332 -0.00212401 -0.00248558 -0.00285727 -0.00320734 -0.00351513 -0.00375623 -0.00391264 -0.00392036 -0.00376721 -0.00345229 -0.00296829 -0.00232752 -0.00156087 -0.000722949 0.00013761 0.000979476 0.00172784 0.0023497 0.00281118 0.00306884 0.00314507 0.00306712 0.00285353 0.00254895 0.00220628 0.0018615 0.00154324 0.00127217 0.00104464 0.000847012 0.00070408 0.000606094 0.000535852 0.000495692 0.000460689 0.000421827 0.00041087 0.000411842 0.000424447 0.00045072 0.00046349 0.000469158 0.000487102 0.000496862 0.000508698 0.000517401 0.000510334 0.000512324 0.000547344 0.000617454 0.000743371 0.00093213 0.00118426 0.0014999 0.00187827 0.00227351 0.00263521 0.00293729 0.00311994 0.00313264 0.00297205 0.0026028 0.00204212 0.00135503 0.000566686 -0.000272259 -0.00110827 -0.00188174 -0.00252777 -0.00302408 -0.00335059 -0.003506 -0.00352382 -0.0033936 -0.00314983 -0.00283913 -0.00250189 -0.00215082 -0.00178393 -0.00144521 -0.0011518 -0.000882135 -0.000652409 -0.00045301 -0.000294866 -0.000183141 -7.70902e-05 -4.18887e-06 3.79283e-05 6.38788e-05 7.5683e-05 6.88722e-05 4.10062e-05 -1.96281e-05 -0.000102312 -0.000213465 -0.000368544 -0.000578112 -0.000833123 -0.00113739 -0.00152466 -0.00198501 -0.00253062 -0.00316924 -0.0039056 -0.00473075 -0.00564114 -0.0065949 -0.00757055 -0.00851932 -0.00938084 -0.0101284 -0.0107218 -0.0111284 -0.0112676 -0.0111374 -0.0106947 -0.00991289 -0.00881418 -0.00742317 -0.00579818 -0.00397882 -0.00206301 -0.000105928 0.00182954 0.0036737 0.00536555 0.0068325 0.0080374 0.00896126 0.0096274 0.0100642 0.0103008 0.01036 0.0102653 0.010075 0.00986602 0.00969045 0.00956775 
0 0.00174486 0.00345117 0.00504947 0.00647774 0.00770845 0.00866619 0.00927944 0.00952308 0.0093664 0.00877348 0.00772148 0.00624298 0.00435185 0.00210869 -0.000379677 -0.00303151 -0.00573881 -0.00841731 -0.0109291 -0.013187 -0.0150993 -0.0165991 -0.0176726 -0.0182601 -0.0184134 -0.0181424 -0.0175107 -0.0165796 -0.0154274 -0.0141247 -0.0126776 -0.0112007 -0.00974626 -0.00835954 -0.00708502 -0.00595087 -0.00495391 -0.00408898 -0.00334497 -0.00273621 -0.00223317 -0.00182882 -0.0014861 -0.00119612 -0.00100088 -0.000830275 -0.000721804 -0.000651145 -0.000618209 -0.000604214 -0.000616284 -0.000662987 -0.000758763 -0.000891829 -0.00105443 -0.0012628 -0.00154035 -0.00187483 -0.00224284 -0.00269614 -0.00320288 -0.00375265 -0.00428271 -0.0047928 -0.00525625 -0.00564515 -0.0058511 -0.00586736 -0.00565145 -0.00517294 -0.00444618 -0.00349795 -0.00233583 -0.00107446 0.000211445 0.00145237 0.00256522 0.00351116 0.00419403 0.00459355 0.0047268 0.00459456 0.00426624 0.00383482 0.00330255 0.0027936 0.00232983 0.00191243 0.00156345 0.00129201 0.0010607 0.000920622 0.000818365 0.000746917 0.00068436 0.000645553 0.000615718 0.000630212 0.000651838 0.000681662 0.000689656 0.000709932 0.000717897 0.000747742 0.000772102 0.000779277 0.00076631 0.000784906 0.000814513 0.000935945 0.00113297 0.00140354 0.00178231 0.00227402 0.00281598 0.00342386 0.00397317 0.00440005 0.00466152 0.00468609 0.00442768 0.00388935 0.00306511 0.00203212 0.000839048 -0.000427024 -0.00166528 -0.00282358 -0.00379368 -0.00452026 -0.00501219 -0.00526531 -0.00525975 -0.00507166 -0.00472649 -0.00428047 -0.00375535 -0.00320748 -0.00266448 -0.00218511 -0.00172592 -0.00132808 -0.000981583 -0.00068547 -0.000450721 -0.00026931 -0.000123657 -2.03436e-05 4.77641e-05 9.05458e-05 0.00011198 0.00010415 3.93193e-05 -4.80618e-05 -0.00019609 -0.000355058 -0.000589203 -0.000907319 -0.00129199 -0.00177313 -0.00235844 -0.00305429 -0.00387165 -0.00482989 -0.00594045 -0.00718152 -0.00851494 -0.00991085 -0.0113064 -0.0126919 -0.0139478 -0.0150321 -0.0158852 -0.0164214 -0.0165973 -0.0163596 -0.0156992 -0.0145361 -0.0129105 -0.0108789 -0.0085016 -0.00587013 -0.00306908 -0.000204943 0.00263673 0.0053318 0.00778542 0.00992883 0.0117177 0.0131363 0.0141792 0.0148637 0.0152348 0.0153557 0.0152851 0.0150948 0.0148547 0.0146185 0.0144281 
0 0.00224108 0.00443522 0.00647774 0.00830228 0.00984553 0.0110384 0.0117855 0.0120616 0.0118294 0.0110203 0.00963946 0.00770445 0.00528038 0.00241747 -0.000755029 -0.00413291 -0.0076131 -0.0110306 -0.0142617 -0.0171432 -0.0196028 -0.02155 -0.02295 -0.0237711 -0.0240086 -0.0237314 -0.0229578 -0.0217963 -0.0203389 -0.0186672 -0.0168313 -0.0149382 -0.0130764 -0.0112811 -0.00960775 -0.0081005 -0.00677002 -0.00560045 -0.00460904 -0.0037637 -0.00307454 -0.0025079 -0.00203328 -0.00166075 -0.00138263 -0.00116682 -0.00100194 -0.000897407 -0.000845429 -0.000825439 -0.000843584 -0.000909242 -0.00101063 -0.00118853 -0.00140243 -0.00168248 -0.00205535 -0.00249283 -0.00301979 -0.00361712 -0.00426286 -0.00497969 -0.00571303 -0.00640638 -0.00701699 -0.00749468 -0.00779018 -0.00780222 -0.0075025 -0.00687999 -0.005924 -0.00465594 -0.00313358 -0.0014627 0.000255661 0.00193007 0.00342273 0.00466137 0.00557255 0.00609002 0.0062497 0.00610058 0.00568773 0.00509736 0.00442123 0.00373864 0.00310593 0.00256091 0.0021026 0.00171462 0.00142816 0.00123195 0.00109342 0.0010086 0.000935993 0.000864118 0.000837506 0.0008384 0.000861637 0.000906287 0.00092959 0.000942912 0.000972869 0.000994421 0.00101717 0.00103201 0.00102287 0.00103478 0.00110878 0.00126106 0.00152192 0.00190274 0.00240695 0.00303518 0.0037758 0.00455441 0.00527119 0.00586127 0.00621454 0.00623496 0.00589846 0.00515492 0.00403612 0.00265854 0.00108623 -0.000577976 -0.00222805 -0.00375207 -0.00503189 -0.00601633 -0.00667117 -0.00698983 -0.0070201 -0.0067642 -0.00628798 -0.00567739 -0.00500435 -0.004299 -0.00357044 -0.0028949 -0.00230049 -0.00176437 -0.00130674 -0.000914613 -0.000604355 -0.000379498 -0.000176567 -3.33371e-05 5.37096e-05 0.000103811 0.000120962 9.86626e-05 2.98153e-05 -0.000101779 -0.000286022 -0.000529357 -0.000860613 -0.00129829 -0.00183232 -0.00247558 -0.0032778 -0.00422218 -0.00532702 -0.00660608 -0.00806527 -0.00967717 -0.0114131 -0.0132016 -0.015008 -0.0167648 -0.0183629 -0.0197322 -0.0207822 -0.0214404 -0.0215899 -0.0212303 -0.020304 -0.0187682 -0.0166627 -0.0140411 -0.0110007 -0.00761021 -0.00401951 -0.00033527 0.0033066 0.00675925 0.0099159 0.0126895 0.0150482 0.0169538 0.0183921 0.0193637 0.0199266 0.0201753 0.0201947 0.020066 0.0198535 0.0196057 0.019386 
0 0.00267667 0.00528451 0.00770845 0.00984553 0.0116402 0.0129988 0.0138334 0.0141011 0.013747 0.0127156 0.011002 0.0086762 0.00578407 0.00239808 -0.00135811 -0.00536723 -0.00946869 -0.0135097 -0.0173056 -0.0207314 -0.0236691 -0.0260185 -0.0277394 -0.0287662 -0.0291483 -0.0289031 -0.0280843 -0.0267681 -0.0250675 -0.0231016 -0.0209265 -0.018691 -0.0164658 -0.014295 -0.0122415 -0.0103675 -0.00869976 -0.0072425 -0.00598127 -0.00491452 -0.00401352 -0.00327545 -0.00266857 -0.00218123 -0.00183163 -0.00153199 -0.00131068 -0.00115934 -0.00108242 -0.00105574 -0.00107822 -0.00115213 -0.00128956 -0.0014895 -0.00174978 -0.00210109 -0.00257146 -0.00313643 -0.00376818 -0.00451016 -0.00533404 -0.00622854 -0.00711888 -0.00797727 -0.00874701 -0.00936618 -0.00970098 -0.0097138 -0.00935114 -0.00857299 -0.00738707 -0.00582443 -0.00391873 -0.00183042 0.00030969 0.00237682 0.00422927 0.00578117 0.00690663 0.00756678 0.00778874 0.00759668 0.00708479 0.00637795 0.00552292 0.00467815 0.00389918 0.00320632 0.00262687 0.00216827 0.00179834 0.00155903 0.00138912 0.00126876 0.0011671 0.00109573 0.00104926 0.0010607 0.00109148 0.00113357 0.0011518 0.00117889 0.00119822 0.0012397 0.00127479 0.00128656 0.00127555 0.00130624 0.0013818 0.00159253 0.00193295 0.00240295 0.00303643 0.00383506 0.00473045 0.00570569 0.00659981 0.00730502 0.00772789 0.00775408 0.00731352 0.00639472 0.00501266 0.00328833 0.00131783 -0.000759382 -0.00279245 -0.00468136 -0.0062752 -0.00748924 -0.00831195 -0.00872868 -0.00873114 -0.00841096 -0.0078334 -0.00709477 -0.00624499 -0.00535102 -0.00445438 -0.00363275 -0.00286498 -0.00219658 -0.00162668 -0.00115114 -0.00077439 -0.000477404 -0.00023001 -4.88424e-05 6.16692e-05 0.000112451 0.000116764 7.73764e-05 -2.95124e-05 -0.000187418 -0.00044431 -0.00076455 -0.00120842 -0.00177696 -0.00245051 -0.00327679 -0.00429102 -0.00550304 -0.00691079 -0.00851394 -0.0103105 -0.0122724 -0.0143577 -0.0165144 -0.0186553 -0.0207272 -0.0225765 -0.0241385 -0.0253298 -0.0260262 -0.0261346 -0.0255918 -0.0243976 -0.0225029 -0.01997 -0.0168582 -0.0132288 -0.00919632 -0.00490872 -0.000537327 0.00378072 0.00789214 0.0116812 0.0150576 0.0179538 0.020333 0.0221717 0.0234817 0.0243247 0.0247935 0.0249762 0.0249618 0.0248298 0.0246387 0.0244557 
0 0.00302555 0.00596097 0.00866619 0.0110384 0.0129988 0.0144605 0.0153182 0.0155208 0.0150174 0.0137533 0.0117581 0.00909048 0.0058186 0.00200219 -0.00222233 -0.00670937 -0.0112993 -0.0158008 -0.0200587 -0.0239124 -0.0272503 -0.0299523 -0.0319558 -0.0332207 -0.0337559 -0.0336059 -0.0327882 -0.0313973 -0.0295517 -0.0273744 -0.0249551 -0.0224297 -0.0198933 -0.0173947 -0.0150049 -0.0127944 -0.0108005 -0.00902723 -0.0074915 -0.00617405 -0.00507326 -0.0041607 -0.00340301 -0.00279675 -0.00232986 -0.00195432 -0.00166432 -0.0014664 -0.00135216 -0.00129804 -0.00130661 -0.00139055 -0.00154783 -0.00180226 -0.00212455 -0.00254383 -0.00309036 -0.00374618 -0.00451966 -0.00540582 -0.00638039 -0.00744235 -0.00852259 -0.00955138 -0.0104638 -0.0111822 -0.0116076 -0.0116286 -0.0111886 -0.0102567 -0.00883011 -0.00694685 -0.00469305 -0.00222093 0.000319537 0.00278652 0.00500568 0.00685719 0.0082203 0.00902077 0.00928678 0.00907834 0.00848056 0.00762132 0.00662202 0.00561364 0.00467899 0.00386401 0.00317698 0.00261037 0.00217872 0.00187971 0.00167183 0.00153306 0.00141916 0.00132249 0.0012742 0.00127203 0.0013015 0.00135086 0.00138016 0.00140215 0.00143525 0.00147089 0.00150582 0.00152734 0.00152895 0.00156504 0.00168382 0.00193061 0.00233565 0.00291438 0.00367887 0.00462659 0.00571772 0.00686193 0.007911 0.00874533 0.00922495 0.00922606 0.00869135 0.00758129 0.00593448 0.00388643 0.00154897 -0.000924448 -0.0033695 -0.00562248 -0.00751922 -0.00896952 -0.00993542 -0.01041 -0.0104358 -0.0100568 -0.00936245 -0.00846581 -0.00745932 -0.00640076 -0.00533108 -0.00433662 -0.00344435 -0.00265003 -0.00196303 -0.00137827 -0.000912948 -0.000563578 -0.000275691 -7.29056e-05 4.72495e-05 0.000100064 9.35582e-05 2.39195e-05 -0.000119942 -0.000349248 -0.000669082 -0.00108368 -0.00163213 -0.00233342 -0.00318264 -0.00420915 -0.00546425 -0.00693987 -0.00863941 -0.0105561 -0.0126764 -0.0149595 -0.0173582 -0.0197966 -0.0222083 -0.0245017 -0.026536 -0.028221 -0.0294562 -0.0301317 -0.0301185 -0.0293889 -0.027917 -0.0256947 -0.0227826 -0.0192362 -0.015133 -0.0105718 -0.00574251 -0.000816241 0.00404821 0.00870938 0.0130542 0.0169684 0.0203706 0.0232037 0.0254607 0.0271636 0.0283723 0.029157 0.0295847 0.0297517 0.0297639 0.0297002 0.0296189 
0 0.00325782 0.00639897 0.00927944 0.0117855 0.0138334 0.0153182 0.0161321 0.0162208 0.0155491 0.0140882 0.0118621 0.00892964 0.00535147 0.00121333 -0.00333763 -0.00814805 -0.0130592 -0.017897 -0.0224871 -0.0266684 -0.0303106 -0.0333021 -0.0355765 -0.0370802 -0.0378089 -0.0377806 -0.0370285 -0.0356458 -0.0337544 -0.0314702 -0.0288843 -0.0261368 -0.0233397 -0.0205645 -0.0178878 -0.0153762 -0.0130677 -0.0109839 -0.00915202 -0.00757969 -0.00625639 -0.00515174 -0.0042271 -0.00347305 -0.00288477 -0.00241698 -0.00206313 -0.00181822 -0.00166572 -0.00158277 -0.00157435 -0.00165718 -0.0018395 -0.00212509 -0.00249834 -0.00298529 -0.00361584 -0.00438047 -0.00527716 -0.00631223 -0.00746059 -0.00869164 -0.0099317 -0.0111151 -0.0121697 -0.013001 -0.0134813 -0.0135048 -0.0129994 -0.0119206 -0.0102694 -0.00809101 -0.00548021 -0.00261313 0.00033227 0.00318532 0.00576143 0.00791228 0.00949685 0.0104418 0.0107673 0.0105358 0.00985815 0.00887944 0.00773142 0.00656863 0.00548783 0.00453606 0.00373352 0.00308104 0.00257776 0.00222652 0.00198375 0.00181308 0.00167706 0.0015713 0.00151201 0.00150795 0.00153867 0.00158273 0.00161093 0.00163556 0.00166703 0.00171063 0.00175309 0.00177769 0.0017899 0.00184467 0.00199199 0.00229496 0.00277974 0.0034596 0.00435391 0.00545635 0.00671179 0.008027 0.00923302 0.0101753 0.0107045 0.0106858 0.0100418 0.00874358 0.00683538 0.00445254 0.00173735 -0.00112895 -0.00395137 -0.00654863 -0.00873909 -0.0104131 -0.0115325 -0.0120892 -0.0121149 -0.0116833 -0.0108942 -0.00986465 -0.00868913 -0.00744705 -0.00620957 -0.0050595 -0.0040192 -0.00309805 -0.00229946 -0.00162346 -0.00108389 -0.000672644 -0.000352982 -0.000129024 4.40011e-06 6.16256e-05 4.68676e-05 -5.09168e-05 -0.000248584 -0.000549569 -0.000959167 -0.00147583 -0.00214603 -0.00299834 -0.00403739 -0.00529309 -0.00679432 -0.00853523 -0.0105125 -0.0127217 -0.0151426 -0.0177193 -0.0203801 -0.0230434 -0.0256372 -0.0280749 -0.0302128 -0.0319375 -0.0331359 -0.0336913 -0.033509 -0.0325614 -0.0308342 -0.0283134 -0.0250546 -0.0211351 -0.0166464 -0.011708 -0.00648781 -0.00115432 0.00413815 0.00924344 0.0140367 0.0184029 0.0222511 0.0255279 0.0282243 0.0303657 0.0319995 0.0331726 0.0339355 0.0343797 0.0346247 0.0347575 0.0348262 
0 0.00335884 0.00658061 0.00952308 0.0120616 0.0141011 0.0155208 0.0162208 0.0161547 0.0153084 0.0136761 0.0112676 0.00813645 0.00434348 5.76405e-06 -0.00472571 -0.00970292 -0.0147784 -0.0198011 -0.0245836 -0.0289729 -0.0328287 -0.0360501 -0.0385596 -0.0402876 -0.041221 -0.0413584 -0.0407483 -0.0394672 -0.0376246 -0.0353243 -0.0326648 -0.0297865 -0.026807 -0.0238134 -0.0208873 -0.0181013 -0.0155036 -0.0131325 -0.0110134 -0.00917355 -0.0075999 -0.00627456 -0.00516718 -0.00426041 -0.00354475 -0.00297021 -0.00252836 -0.00221093 -0.00200522 -0.00189307 -0.00187167 -0.00194956 -0.00214274 -0.00244456 -0.00286369 -0.00342212 -0.00414267 -0.00502259 -0.00604314 -0.00721484 -0.00851853 -0.00991131 -0.0113207 -0.0126697 -0.0138659 -0.0148004 -0.0153268 -0.015346 -0.0147725 -0.013554 -0.0116917 -0.00923319 -0.00628223 -0.00303011 0.000319421 0.00355987 0.00648873 0.00892815 0.0107236 0.0118085 0.0121976 0.0119577 0.0112161 0.0101289 0.0088405 0.00752591 0.00629803 0.00521098 0.00429414 0.00355593 0.00298228 0.00257818 0.00229968 0.00209831 0.00194098 0.00182472 0.00175172 0.00174072 0.00176848 0.0018067 0.00183524 0.00186324 0.00189283 0.00194088 0.00198759 0.00201636 0.00204311 0.00212203 0.00230524 0.00266929 0.00323891 0.00402721 0.00505375 0.00630652 0.00771609 0.00918526 0.0105338 0.0115784 0.0121551 0.0121143 0.0113551 0.00985861 0.00768019 0.00496286 0.00188337 -0.00135591 -0.00453681 -0.00746076 -0.00993667 -0.0118348 -0.0131087 -0.0137484 -0.0137749 -0.0132849 -0.0123904 -0.0112253 -0.00989536 -0.00848945 -0.00709162 -0.00577926 -0.00458207 -0.00353029 -0.00262289 -0.00186597 -0.00126306 -0.000793329 -0.000437102 -0.000186553 -4.47011e-05 -1.70192e-06 -4.77608e-05 -0.000189192 -0.000444118 -0.000815623 -0.00132184 -0.00196353 -0.00278649 -0.00381513 -0.005058 -0.00654683 -0.0082972 -0.0103096 -0.012565 -0.0150465 -0.0177219 -0.0205311 -0.0233907 -0.0262172 -0.0289204 -0.0314085 -0.0335424 -0.0352011 -0.0362732 -0.0366426 -0.0362499 -0.0350662 -0.0330906 -0.0303058 -0.0267586 -0.0225471 -0.0177825 -0.0126043 -0.00714455 -0.00154814 0.00404543 0.0094819 0.0146191 0.0193493 0.0235923 0.027307 0.0304701 0.0330883 0.0351885 0.036807 0.0379915 0.0388185 0.0393856 0.0397653 0.0400011 
0 0.00331514 0.00648763 0.0093664 0.0118294 0.013747 0.0150174 0.0155491 0.0153084 0.0142935 0.0124973 0.00995147 0.00668701 0.00279862 -0.00160539 -0.00638233 -0.0113828 -0.0164842 -0.0215186 -0.0263523 -0.0308206 -0.0348077 -0.0381989 -0.040884 -0.042818 -0.0439523 -0.0443179 -0.0439236 -0.0428327 -0.0411269 -0.038894 -0.0362652 -0.0333501 -0.0302714 -0.0271181 -0.0239812 -0.0209524 -0.0181007 -0.0154624 -0.0130807 -0.0109617 -0.00913131 -0.00756766 -0.00625757 -0.00519154 -0.00431726 -0.0036235 -0.00306612 -0.00265667 -0.00238116 -0.00222794 -0.00218544 -0.00226098 -0.00245211 -0.00278091 -0.0032482 -0.00387613 -0.00468012 -0.00565447 -0.00680924 -0.0081115 -0.00955508 -0.0111028 -0.0126898 -0.0142001 -0.0155352 -0.016558 -0.0171579 -0.0171739 -0.0165237 -0.0151669 -0.0130898 -0.01034 -0.00707111 -0.00345619 0.000273933 0.00388677 0.00715829 0.00987676 0.0119002 0.0131351 0.013589 0.0133585 0.012562 0.0113519 0.00994527 0.00848222 0.00710459 0.00589574 0.00487246 0.00403135 0.00340246 0.00293851 0.00261831 0.00239182 0.00221834 0.00207588 0.00200081 0.00197115 0.00198944 0.00202496 0.00205851 0.00207763 0.00212026 0.00216149 0.00220766 0.00224879 0.00229761 0.00239439 0.00263812 0.00305557 0.00370601 0.00461511 0.00577675 0.00716963 0.00875285 0.0103576 0.0118264 0.0129628 0.0135636 0.0134752 0.0126047 0.0109114 0.00847481 0.00544084 0.00201399 -0.00158632 -0.00513663 -0.00838107 -0.0111306 -0.0132514 -0.014663 -0.0153574 -0.0154011 -0.0148525 -0.0138551 -0.0125466 -0.011073 -0.00951822 -0.00796497 -0.00648369 -0.00515327 -0.00396957 -0.00295427 -0.00210951 -0.00143506 -0.000916363 -0.000520623 -0.000251441 -0.000112544 -9.56081e-05 -0.000189126 -0.000395106 -0.000713644 -0.00118093 -0.00178501 -0.00257804 -0.00357105 -0.00479181 -0.00625697 -0.00797464 -0.00997928 -0.012258 -0.0147859 -0.0175194 -0.0204045 -0.0233801 -0.0263735 -0.029285 -0.032029 -0.0344619 -0.0364784 -0.0379594 -0.038811 -0.0389571 -0.0383165 -0.0368919 -0.0346568 -0.0316426 -0.0278884 -0.0234888 -0.0185759 -0.0132632 -0.00769049 -0.00195847 0.00379682 0.00943735 0.0148233 0.0198435 0.0244434 0.0285754 0.0322112 0.0353243 0.0379207 0.0400332 0.0417087 0.0430042 0.0439658 0.0446371 0.0450587 
0 0.00311888 0.00608743 0.00877348 0.0110203 0.0127156 0.0137533 0.0140882 0.0136761 0.0124973 0.0105755 0.00792709 0.0046354 0.00076517 -0.00356514 -0.00825356 -0.0131644 -0.0181407 -0.0230739 -0.0278133 -0.0322686 -0.0362925 -0.0397741 -0.0425997 -0.0446988 -0.0460663 -0.0466714 -0.0465476 -0.0457055 -0.0442126 -0.0421513 -0.0396369 -0.0367734 -0.0336665 -0.0304228 -0.0271455 -0.0239304 -0.0208508 -0.0179752 -0.0153186 -0.0129451 -0.0108491 -0.00904188 -0.00751391 -0.0062378 -0.00519602 -0.00435154 -0.00368731 -0.00318552 -0.00283156 -0.00261923 -0.00254003 -0.00259204 -0.00280628 -0.00314734 -0.00365924 -0.00434885 -0.0052254 -0.00630484 -0.00756098 -0.00900705 -0.0106271 -0.0123324 -0.014052 -0.0157039 -0.017171 -0.0183113 -0.018945 -0.0189677 -0.0182587 -0.0167536 -0.0144605 -0.0114491 -0.00784966 -0.00388129 0.000211256 0.00416911 0.00777209 0.0107831 0.0130255 0.0144222 0.0149649 0.014726 0.0138723 0.012584 0.0110432 0.00945 0.00794718 0.00659924 0.00545924 0.0045486 0.00383604 0.00332247 0.00296804 0.00270005 0.00249896 0.00235825 0.00225667 0.00222351 0.00223636 0.00225371 0.00227837 0.00230874 0.00233426 0.00238685 0.00244274 0.00248573 0.00255698 0.00270205 0.00297755 0.0034745 0.00422115 0.00523054 0.00652654 0.00807977 0.00979479 0.0115483 0.0131402 0.0143301 0.0149354 0.0147953 0.0137868 0.011907 0.00923055 0.00589015 0.00211512 -0.00185184 -0.0057372 -0.00929902 -0.0123183 -0.0146303 -0.0161742 -0.0169516 -0.0169771 -0.0163871 -0.0153118 -0.013895 -0.0122567 -0.0105207 -0.0088164 -0.0072056 -0.00572566 -0.00442543 -0.00330218 -0.00237426 -0.00163257 -0.00104582 -0.000636438 -0.000362841 -0.000233777 -0.000241065 -0.000374635 -0.000641865 -0.0010592 -0.0016284 -0.00237928 -0.00332462 -0.00450239 -0.00593051 -0.00762311 -0.0096021 -0.0118499 -0.0143804 -0.0171392 -0.0200798 -0.0231332 -0.0262298 -0.0292821 -0.032208 -0.0348827 -0.037181 -0.0389894 -0.0402102 -0.0407871 -0.0406395 -0.039747 -0.0380488 -0.0355732 -0.0323561 -0.02846 -0.0239857 -0.0190141 -0.0136805 -0.00807349 -0.00232702 0.00346022 0.00917718 0.0147048 0.01996 0.0248635 0.02938 0.0334553 0.0370614 0.0401813 0.0428299 0.0450475 0.0468522 0.0482532 0.0492581 0.0499043 
0 0.00276772 0.00538932 0.00772148 0.00963946 0.011002 0.0117581 0.0118621 0.0112676 0.00995147 0.00792709 0.00526565 0.00201598 -0.00171707 -0.00586275 -0.0103384 -0.0150112 -0.0197665 -0.0244673 -0.0290426 -0.033363 -0.0373238 -0.0408167 -0.0437199 -0.0459994 -0.0475743 -0.0484439 -0.0485916 -0.0480467 -0.04685 -0.045041 -0.0427355 -0.0399942 -0.0369392 -0.0336941 -0.0303568 -0.0270183 -0.0237615 -0.0206523 -0.0177604 -0.0151184 -0.0127736 -0.0107098 -0.00893304 -0.00744363 -0.00619109 -0.00520159 -0.00441022 -0.0038046 -0.00335926 -0.00307559 -0.00294286 -0.00297376 -0.00316619 -0.00353422 -0.00408675 -0.00483018 -0.00577433 -0.0069391 -0.00834187 -0.00992443 -0.0116727 -0.013528 -0.015423 -0.017217 -0.0187974 -0.0199994 -0.0207067 -0.0207225 -0.0199358 -0.0183058 -0.015817 -0.012533 -0.00865297 -0.0043498 0.000106551 0.00442759 0.00835944 0.0116363 0.0141007 0.0156455 0.0162584 0.016054 0.0151704 0.0137789 0.0121509 0.0104288 0.00878371 0.00732647 0.0060837 0.00505894 0.00429324 0.00371355 0.00330876 0.00302143 0.0028087 0.00263562 0.00253796 0.0024774 0.0024692 0.00248373 0.00251021 0.00252226 0.00256508 0.0026015 0.00265194 0.00271918 0.00282522 0.00300055 0.00336152 0.003918 0.00474743 0.00588604 0.00731366 0.00899255 0.0108709 0.0127316 0.0144112 0.0156735 0.0162814 0.0160701 0.0149338 0.0128429 0.00990127 0.00625597 0.00216312 -0.00212508 -0.00635193 -0.0101992 -0.0134637 -0.0159856 -0.0176562 -0.0184807 -0.0185455 -0.0179152 -0.0167495 -0.0151877 -0.0134134 -0.0115404 -0.00967758 -0.00789469 -0.00629771 -0.00487875 -0.00365797 -0.00264183 -0.00182805 -0.00121088 -0.000778825 -0.000513085 -0.000403258 -0.000442112 -0.000625014 -0.000968943 -0.00147865 -0.00219426 -0.00308828 -0.00422699 -0.00560043 -0.00724549 -0.00919637 -0.0114278 -0.013933 -0.0166767 -0.0196185 -0.0227075 -0.0258716 -0.0290303 -0.0320816 -0.0349135 -0.0374326 -0.0394911 -0.0410332 -0.0419521 -0.0421888 -0.0417228 -0.0405129 -0.0385651 -0.0358626 -0.0324985 -0.0285282 -0.0240365 -0.0191175 -0.0138364 -0.00831164 -0.00263563 0.00307828 0.00876426 0.0143532 0.0197641 0.0249331 0.0297765 0.0342562 0.0383348 0.0419878 0.0452023 0.0479724 0.0502948 0.052139 0.0535116 0.0544223 
0 0.0022735 0.00438946 0.00624298 0.00770445 0.0086762 0.00909048 0.00892964 0.00813645 0.00668701 0.0046354 0.00201598 -0.00109452 -0.00463089 -0.00849452 -0.0126339 -0.0169608 -0.0213608 -0.0257661 -0.0300578 -0.0341548 -0.0379397 -0.0413526 -0.0443015 -0.0467081 -0.0485055 -0.049624 -0.0500832 -0.0498794 -0.0490311 -0.0475518 -0.0455208 -0.0429915 -0.0400743 -0.0368975 -0.0335628 -0.0301552 -0.0267629 -0.0234926 -0.0203807 -0.017513 -0.014903 -0.0125786 -0.0105579 -0.00882758 -0.00737143 -0.00618489 -0.00523689 -0.00449776 -0.00394725 -0.00358844 -0.00340767 -0.00339438 -0.0035819 -0.00393444 -0.00451421 -0.00531913 -0.00634505 -0.00761366 -0.00910601 -0.0108148 -0.0127233 -0.0147253 -0.0167476 -0.0186863 -0.0203945 -0.0216964 -0.0224124 -0.0224196 -0.0215782 -0.0198225 -0.0171509 -0.0136415 -0.00944998 -0.00480917 -7.55405e-06 0.0046389 0.00887542 0.0124186 0.0150899 0.0167976 0.0175188 0.0173347 0.0164273 0.0149899 0.0132484 0.011408 0.00964343 0.00804748 0.00669377 0.0056076 0.00476061 0.0041304 0.00368381 0.00334442 0.00309923 0.0029294 0.00280717 0.0027446 0.00272678 0.00271303 0.00271995 0.00273822 0.00276151 0.00281308 0.00288108 0.00295599 0.00309109 0.00332479 0.00372563 0.00437542 0.00531778 0.00656689 0.00813286 0.00996169 0.0119442 0.0139189 0.0156843 0.0169687 0.0175605 0.0172822 0.0160023 0.0137183 0.0105324 0.00658699 0.00216155 -0.00246143 -0.00697107 -0.01109 -0.0145909 -0.0172918 -0.0190989 -0.0200136 -0.0200582 -0.019379 -0.0181328 -0.016476 -0.0145549 -0.01252 -0.0105215 -0.00861591 -0.00686394 -0.00531997 -0.00399814 -0.00292012 -0.00206316 -0.0013936 -0.000953349 -0.000685721 -0.000599638 -0.000689029 -0.000949619 -0.00139358 -0.00203319 -0.00287774 -0.00395386 -0.00528738 -0.00688969 -0.00877333 -0.0109604 -0.0134437 -0.0161629 -0.0191076 -0.0222008 -0.0253956 -0.0286121 -0.0317597 -0.0347196 -0.0373861 -0.039642 -0.0413887 -0.0425833 -0.0431405 -0.0430135 -0.0421706 -0.0406518 -0.0384368 -0.0355725 -0.0321214 -0.0281358 -0.0237026 -0.0188816 -0.0137655 -0.00839951 -0.00289007 0.00269233 0.00829255 0.0138623 0.0193656 0.0247178 0.0298462 0.0346836 0.0392077 0.0433746 0.0471325 0.0504422 0.053254 0.0555368 0.057281 0.0584767 
0 0.00162907 0.00311 0.00435185 0.00528038 0.00578407 0.0058186 0.00535147 0.00434348 0.00279862 0.00076517 -0.00171707 -0.00463089 -0.00788408 -0.0113917 -0.015112 -0.0189904 -0.0229686 -0.0269664 -0.030909 -0.0346911 -0.0382428 -0.0415211 -0.0444377 -0.0469309 -0.0488962 -0.0502806 -0.0510586 -0.0512122 -0.0507302 -0.0496098 -0.0479272 -0.0457019 -0.0430157 -0.0399892 -0.0367176 -0.0332997 -0.0298446 -0.0264513 -0.0231796 -0.0200853 -0.0172308 -0.0146489 -0.0123785 -0.0104182 -0.00872796 -0.00733508 -0.00619867 -0.00529968 -0.00462325 -0.00417289 -0.00392236 -0.00386614 -0.00401477 -0.00437631 -0.00498688 -0.0058407 -0.00693152 -0.00828322 -0.00989713 -0.0117225 -0.0137402 -0.0158816 -0.0180666 -0.0201424 -0.0219587 -0.0233282 -0.0241059 -0.024106 -0.0231896 -0.0213065 -0.0184454 -0.0146877 -0.0102402 -0.00530312 -0.000179286 0.0047923 0.00932705 0.013129 0.0160202 0.0178897 0.0187079 0.0185783 0.0176625 0.0161578 0.0143425 0.0123946 0.0105034 0.0088 0.00734235 0.0061502 0.00524152 0.0045506 0.00405461 0.0036947 0.00343189 0.00322912 0.00309467 0.00299937 0.00295326 0.00293591 0.00294398 0.00295379 0.00298809 0.00302483 0.00308472 0.00318383 0.003359 0.00364512 0.00413833 0.00486765 0.00590492 0.00728387 0.00898121 0.0109356 0.0130525 0.0151127 0.0169282 0.0182374 0.0187941 0.0184194 0.0169941 0.0145082 0.0110756 0.00685419 0.0021385 -0.00278067 -0.00760122 -0.0119857 -0.0157117 -0.0185962 -0.0205135 -0.0214683 -0.0215344 -0.0208166 -0.0194867 -0.017702 -0.0156602 -0.0135092 -0.011371 -0.00931398 -0.00744074 -0.00578141 -0.00436541 -0.00320851 -0.00229401 -0.00160539 -0.0011529 -0.00090283 -0.000853549 -0.00101026 -0.00136945 -0.00193662 -0.0027095 -0.003716 -0.00496745 -0.00652652 -0.00837055 -0.0105014 -0.0129339 -0.0156267 -0.0185412 -0.0216397 -0.0248528 -0.0281056 -0.0312994 -0.034339 -0.0371151 -0.0395262 -0.0414703 -0.0428411 -0.0436352 -0.0437865 -0.0432594 -0.0420626 -0.0402249 -0.0377813 -0.0347694 -0.0312796 -0.0273394 -0.0230048 -0.0183538 -0.0134435 -0.00832679 -0.003041 0.00235913 0.00783382 0.0133434 0.0188527 0.0243202 0.0296612 0.0348213 0.0397477 0.0443722 0.048617 0.0524078 0.0556819 0.0583724 0.0604669 0.0619205 
0 0.000844753 0.00156538 0.00210869 0.00241747 0.00239808 0.00200219 0.00121333 5.76405e-06 -0.00160539 -0.00356514 -0.00586275 -0.00849452 -0.0113917 -0.0144747 -0.0177253 -0.0211149 -0.0245916 -0.0281103 -0.0316165 -0.0350429 -0.0383235 -0.0414154 -0.0442419 -0.0467468 -0.0488509 -0.0504775 -0.0515713 -0.0520749 -0.0519601 -0.0512269 -0.0499332 -0.0480708 -0.0456878 -0.0428866 -0.0397628 -0.0364138 -0.032953 -0.0294937 -0.0260915 -0.0228218 -0.0197486 -0.0169256 -0.0144008 -0.0121788 -0.010244 -0.00862697 -0.0073023 -0.006241 -0.00542524 -0.00485944 -0.00452401 -0.00440933 -0.00453169 -0.00488169 -0.00550182 -0.00638748 -0.00753352 -0.00896576 -0.0106826 -0.0126418 -0.0148058 -0.01708 -0.0193785 -0.0215695 -0.0234891 -0.0249365 -0.0257415 -0.0257322 -0.0247553 -0.0227484 -0.01971 -0.0157364 -0.0110221 -0.00579595 -0.000371963 0.00489953 0.00972073 0.0137825 0.0168913 0.0189282 0.0198575 0.0197729 0.0188578 0.0173249 0.015439 0.0134001 0.0114014 0.0095769 0.00801261 0.00673975 0.00575492 0.00500651 0.00446114 0.00405702 0.00376529 0.00355073 0.00339759 0.00328784 0.00322169 0.00317992 0.00316992 0.00317537 0.00320102 0.00324277 0.00331526 0.00343501 0.00365208 0.00400568 0.00457173 0.00539983 0.00654994 0.00804546 0.00987079 0.0119523 0.0141697 0.0163152 0.0181794 0.0194837 0.0199848 0.0195 0.0179139 0.0152297 0.0115653 0.00708059 0.00207341 -0.00314218 -0.00823125 -0.0128637 -0.016798 -0.0198414 -0.0218712 -0.0228898 -0.0229584 -0.0222117 -0.0208247 -0.0189543 -0.0167793 -0.014474 -0.0121925 -0.0100128 -0.00802098 -0.00626065 -0.00476275 -0.00354328 -0.00258086 -0.00186193 -0.00141556 -0.00119704 -0.00119982 -0.00142527 -0.00187862 -0.00257218 -0.0035074 -0.00469947 -0.00617038 -0.00796174 -0.0100485 -0.0124175 -0.0150706 -0.0179619 -0.0210294 -0.0242374 -0.0275045 -0.0307475 -0.0338507 -0.0367073 -0.0392194 -0.0413075 -0.0428777 -0.0438417 -0.0442011 -0.043918 -0.0429871 -0.0414402 -0.039328 -0.0366764 -0.0335486 -0.0300394 -0.0261787 -0.0219998 -0.0175513 -0.0128889 -0.00803977 -0.00302043 0.00215886 0.00747221 0.0128764 0.0183439 0.0238466 0.029331 0.034739 0.039995 0.04499 0.0496251 0.0538251 0.0575048 0.0605665 0.0629583 0.0646204 
0 -3.99802e-05 -0.000159339 -0.000379677 -0.000755029 -0.00135811 -0.00222233 -0.00333763 -0.00472571 -0.00638233 -0.00825356 -0.0103384 -0.0126339 -0.015112 -0.0177253 -0.0204769 -0.0233429 -0.026265 -0.0292422 -0.0322557 -0.0352788 -0.038241 -0.0410936 -0.043779 -0.0462454 -0.0484358 -0.050251 -0.0516211 -0.0524643 -0.0527331 -0.0524148 -0.0515325 -0.0500664 -0.0480449 -0.0455546 -0.0426721 -0.0394737 -0.0360678 -0.0325875 -0.0291005 -0.0257015 -0.0224487 -0.019407 -0.0166321 -0.0141419 -0.0119561 -0.0101036 -0.00857384 -0.00732599 -0.00634577 -0.0056412 -0.00520089 -0.00500997 -0.00508908 -0.0054207 -0.00604519 -0.00695582 -0.00815077 -0.00966302 -0.0114788 -0.0135553 -0.0158418 -0.0182468 -0.0206734 -0.0229844 -0.0249921 -0.0265026 -0.0273285 -0.027306 -0.0262694 -0.0241481 -0.0209485 -0.016778 -0.0118208 -0.00632547 -0.000610597 0.00495621 0.0100495 0.0143566 0.017671 0.0198723 0.0209235 0.0209073 0.020011 0.0184624 0.0165145 0.0143941 0.0122975 0.0103672 0.00870352 0.00734732 0.00627848 0.00546413 0.00486205 0.00441702 0.00409923 0.00387373 0.00370096 0.00357351 0.0034824 0.00341768 0.00338832 0.00338709 0.00340146 0.00344526 0.00353015 0.00368108 0.00395027 0.00438162 0.00502696 0.00595374 0.00721337 0.00882877 0.0107824 0.0129877 0.0152934 0.0175025 0.0193868 0.0206697 0.0211074 0.0205084 0.0187575 0.0158691 0.0119629 0.00722074 0.00194441 -0.00353815 -0.00887024 -0.0137275 -0.0178536 -0.0210481 -0.0231872 -0.0242695 -0.024349 -0.0235766 -0.022119 -0.0201523 -0.0178578 -0.015425 -0.0130107 -0.0107069 -0.00859643 -0.00674149 -0.00516557 -0.00388582 -0.00288289 -0.00214887 -0.00172001 -0.0015476 -0.00162038 -0.0019353 -0.00250208 -0.00333821 -0.00445457 -0.00585403 -0.00756548 -0.00959669 -0.0119199 -0.0145103 -0.0173642 -0.0204335 -0.0236278 -0.0268955 -0.0301434 -0.0332899 -0.0362211 -0.0388255 -0.0410085 -0.0427054 -0.0438362 -0.0443522 -0.0442615 -0.0435482 -0.0422238 -0.0403417 -0.0379835 -0.0351673 -0.0319671 -0.0284668 -0.0247097 -0.0207193 -0.0165096 -0.012117 -0.00754169 -0.0027966 0.00213482 0.00724643 0.0125096 0.0179046 0.0233994 0.0289574 0.0345204 0.0400013 0.0452619 0.0501867 0.0547006 0.0586985 0.0620495 0.0646605 0.0664649 
0 -0.000982767 -0.00198772 -0.00303151 -0.00413291 -0.00536723 -0.00670937 -0.00814805 -0.00970292 -0.0113828 -0.0131644 -0.0150112 -0.0169608 -0.0189904 -0.0211149 -0.0233429 -0.0256462 -0.0280036 -0.0304093 -0.0329129 -0.035474 -0.0380609 -0.040631 -0.0431351 -0.045533 -0.0477356 -0.0496766 -0.0512689 -0.0524348 -0.0530916 -0.0531923 -0.0527302 -0.0516834 -0.0500641 -0.0479443 -0.0453654 -0.0423854 -0.0391157 -0.0356733 -0.0321736 -0.0286788 -0.0252883 -0.0220602 -0.0190607 -0.0163314 -0.0138878 -0.0117848 -0.0100143 -0.00855016 -0.00738978 -0.00653906 -0.00597757 -0.00570262 -0.00570186 -0.00600993 -0.00663238 -0.00756941 -0.00881742 -0.0103939 -0.0123001 -0.0144738 -0.0168564 -0.0193864 -0.0219488 -0.0243697 -0.0264645 -0.0280216 -0.0288798 -0.0288341 -0.0277355 -0.025514 -0.0221662 -0.0177913 -0.0126131 -0.00685965 -0.000873508 0.00496415 0.0103036 0.0148409 0.0183609 0.0207337 0.0219134 0.0219933 0.0211381 0.0195788 0.0175958 0.0154002 0.0131985 0.0111736 0.00941514 0.00796208 0.00682956 0.00594818 0.00528151 0.00480071 0.00445351 0.00419495 0.00401378 0.00385972 0.00373704 0.00365811 0.00361324 0.0035937 0.00361744 0.00365892 0.0037517 0.00394309 0.00426377 0.00476091 0.00551028 0.0065372 0.00790982 0.00966223 0.01174 0.0140479 0.0164407 0.0186847 0.0205583 0.021804 0.0221574 0.0214313 0.0195201 0.0164372 0.0122999 0.00730851 0.00177294 -0.00395517 -0.00953029 -0.0145864 -0.0188806 -0.0222204 -0.0244647 -0.0255925 -0.0256947 -0.0248899 -0.0233682 -0.0212999 -0.0189032 -0.0163708 -0.0138381 -0.0114117 -0.00919374 -0.00723427 -0.00558341 -0.00425055 -0.00322006 -0.00250124 -0.00208646 -0.00196845 -0.00211713 -0.00254312 -0.00325755 -0.00427102 -0.00558382 -0.00720735 -0.00914495 -0.0114179 -0.0139667 -0.0167621 -0.0197928 -0.0229828 -0.0262623 -0.0295276 -0.0327018 -0.0356823 -0.0383643 -0.040646 -0.0424431 -0.0436967 -0.0443517 -0.0443841 -0.0438355 -0.042709 -0.0410144 -0.0388365 -0.036248 -0.0333219 -0.0300942 -0.0266463 -0.0230109 -0.0192027 -0.0152476 -0.0111197 -0.00682674 -0.00233803 0.00234393 0.00723159 0.012329 0.0176147 0.0230711 0.0286232 0.0342318 0.0398012 0.0452005 0.0503069 0.0550151 0.0592136 0.0627353 0.065484 0.0673771 
0 -0.00192969 -0.00385428 -0.00573881 -0.0076131 -0.00946869 -0.0112993 -0.0130592 -0.0147784 -0.0164842 -0.0181407 -0.0197665 -0.0213608 -0.0229686 -0.0245916 -0.026265 -0.0280036 -0.0297853 -0.031662 -0.0336308 -0.0357146 -0.0378867 -0.0401389 -0.0424405 -0.0447008 -0.046868 -0.0488572 -0.0506186 -0.0520499 -0.0530442 -0.0535429 -0.0535044 -0.0528984 -0.0517201 -0.0499974 -0.0477728 -0.0450873 -0.0420296 -0.0387276 -0.0352549 -0.0317293 -0.0282262 -0.0248506 -0.0216691 -0.0187104 -0.0160309 -0.0136624 -0.0116388 -0.0099482 -0.00859332 -0.00757491 -0.00688461 -0.00649223 -0.00642495 -0.00667574 -0.00728041 -0.00823415 -0.00952336 -0.0111619 -0.0131303 -0.0154009 -0.017907 -0.020543 -0.0231938 -0.0257229 -0.0278977 -0.0295205 -0.0303761 -0.0303141 -0.0291625 -0.0268249 -0.0233252 -0.0187906 -0.013382 -0.00740148 -0.00118017 0.00490688 0.0104907 0.0152585 0.0189827 0.0215259 0.022848 0.0230115 0.02221 0.0206877 0.01867 0.0164205 0.0141448 0.0120053 0.0101428 0.00862041 0.00739329 0.0064538 0.00574319 0.00520737 0.00482156 0.00455303 0.00432522 0.0041516 0.004011 0.00390134 0.00384204 0.00383474 0.00383686 0.00389141 0.00400469 0.00421489 0.00459062 0.00518493 0.00601443 0.00716894 0.00867489 0.0105375 0.0127319 0.015145 0.0175805 0.0198587 0.0217229 0.0229006 0.0231527 0.0222829 0.0201942 0.0169125 0.0125604 0.00735166 0.00157627 -0.00439976 -0.01017 -0.0154297 -0.0198908 -0.0233466 -0.0256841 -0.0268798 -0.0269771 -0.0261508 -0.0245712 -0.022449 -0.0199514 -0.0172922 -0.0146499 -0.012132 -0.00980433 -0.00775761 -0.00603641 -0.00466839 -0.00363189 -0.00291449 -0.00254381 -0.00248245 -0.00272737 -0.00327864 -0.00415671 -0.00536638 -0.00690174 -0.00874195 -0.0109208 -0.0134093 -0.0161775 -0.0191645 -0.0223223 -0.0255948 -0.0288667 -0.0320709 -0.0350985 -0.0378512 -0.0402176 -0.0421011 -0.0434528 -0.0442374 -0.0444067 -0.0439737 -0.0429723 -0.0414482 -0.0394343 -0.0369943 -0.0342427 -0.0312203 -0.0280093 -0.024633 -0.0211223 -0.0174968 -0.0137507 -0.00989307 -0.00585521 -0.0016276 0.00282075 0.00748932 0.0123877 0.0175392 0.0228852 0.0283721 0.0339123 0.0394447 0.0448526 0.0500031 0.0547796 0.0590185 0.0625897 0.0653746 0.0673072 
