0 0 0 0 0 0 0 0 0 0 0 0 0 0 0 0 0 0 0 0 0 0 0 0 0 0 0 0 0 0 0 0 0 0 0 0 0 0 0 0 0 0 0 0 0 0 0 0 0 0 0 0 0 0 0 0 0 0 0 0 0 0 0 0 0 0 0 0 0 0 0 0 0 0 0 0 0 0 0 0 0 0 0 0 0 0 0 0 0 0 0 0 0 0 0 0 0 0 0 0 0 0 0 0 0 0 0 0 0 0 0 0 0 0 0 0 0 0 0 0 0 0 0 0 0 0 0 0 0 0 0 0 0 0 0 0 0 0 0 0 0 0 0 0 0 0 0 0 0 0 0 0 0 0 0 0 0 0 0 0 0 0 0 0 0 0 0 0 0 0 0 0 0 0 0 0 0 0 0 0 0 0 0 0 0 0 0 0 0 0 0 0 0 0 0 0 0 0 0 0 
0 0.000352806 0.000657012 0.000868542 0.000951643 0.000916397 0.000731244 0.000385006 -0.000124921 -0.00077471 -0.00152732 -0.00234302 -0.00315351 -0.00394989 -0.00470157 -0.00538055 -0.00594254 -0.0063505 -0.00659374 -0.00665985 -0.00659352 -0.00640843 -0.0061227 -0.00574201 -0.00527733 -0.00476761 -0.00423948 -0.00372313 -0.00321979 -0.00274575 -0.00231519 -0.00193208 -0.00161115 -0.0013513 -0.00112736 -0.000927601 -0.000757776 -0.000622331 -0.000517234 -0.00043463 -0.00037067 -0.000313636 -0.000268686 -0.000234585 -0.000212146 -0.000208458 -0.000208 -0.000197306 -0.000185767 -0.000177428 -0.000171735 -0.000175158 -0.000177299 -0.000180741 -0.000184077 -0.000190733 -0.000209476 -0.000242173 -0.000295817 -0.000357583 -0.000428563 -0.00051392 -0.000612159 -0.000742462 -0.000900094 -0.00106123 -0.00124233 -0.00142839 -0.00160717 -0.00176739 -0.00188643 -0.00196839 -0.00199154 -0.00192297 -0.00176956 -0.00152697 -0.00119665 -0.000812451 -0.000390721 4.53503e-05 0.000467119 0.000846984 0.00117042 0.00141622 0.00157166 0.00162633 0.00159241 0.00148728 0.00133716 0.00116632 0.00100229 0.000842707 0.00070715 0.000602615 0.000515513 0.000450372 0.000408325 0.000361972 0.000333407 0.000317196 0.000299721 0.000295949 0.000297178 0.00028621 0.000288925 0.000298644 0.000326191 0.000392522 0.000497636 0.000634702 0.000807997 0.000998937 0.00119606 0.00137853 0.00152557 0.00160362 0.00159769 0.0014994 0.00131085 0.00103204 0.000677857 0.000266043 -0.000174922 -0.000608464 -0.000987544 -0.00130677 -0.00155334 -0.00170785 -0.00178354 -0.00178197 -0.0017068 -0.00158729 -0.00143033 -0.00125249 -0.00106751 -0.000878494 -0.00072011 -0.000580103 -0.000442318 -0.00032094 -0.000217583 -0.000133995 -7.37262e-05 -2.5098e-05 6.15187e-06 2.89755e-05 5.34348e-05 7.72068e-05 9.14593e-05 9.28746e-05 9.59562e-05 0.000103485 0.000116302 0.000129678 0.00013572 0.000133588 0.00012751 0.000110204 9.0801e-05 7.54677e-05 4.23138e-05 -1.3699e-05 -9.19876e-05 -0.000187163 -0.000295621 -0.000426948 -0.000595744 -0.000810166 -0.00107096 -0.00137404 -0.00172135 -0.0021063 -0.00254273 -0.00303255 -0.00353042 -0.00401466 -0.0044578 -0.00485484 -0.00518357 -0.00542478 -0.00555802 -0.00553653 -0.00535951 -0.00500938 -0.00449632 -0.00381947 -0.00298758 -0.00203412 -0.00098844 9.76746e-05 0.00121184 0.00232085 0.00340001 0.00441777 0.00533001 0.00611229 0.00675492 0.00728645 0.00770106 0.00798791 
0 0.000657012 0.00123415 0.00162858 0.00179225 0.00170009 0.00131992 0.000617468 -0.000392897 -0.0016525 -0.00312269 -0.00470445 -0.00631311 -0.00788366 -0.00936544 -0.0106876 -0.0117612 -0.0125652 -0.0130429 -0.0132092 -0.0130867 -0.0127202 -0.0121497 -0.0113903 -0.0105037 -0.00951051 -0.00848635 -0.00745594 -0.00645232 -0.00551947 -0.0046736 -0.00392079 -0.00326977 -0.00272561 -0.00226279 -0.00186212 -0.00153082 -0.00127466 -0.00105001 -0.000886474 -0.000745237 -0.000646082 -0.000573592 -0.000507332 -0.000464306 -0.000427341 -0.000412949 -0.000383619 -0.000365849 -0.000359204 -0.000352142 -0.000344108 -0.000351515 -0.000351485 -0.000378825 -0.000399171 -0.000429193 -0.000494169 -0.000580849 -0.000689393 -0.00082011 -0.00100312 -0.00122948 -0.00149659 -0.00177982 -0.00211077 -0.00247452 -0.00285247 -0.00319785 -0.00352159 -0.00377278 -0.00393195 -0.00395625 -0.00383059 -0.00351573 -0.00303425 -0.00240792 -0.00165253 -0.000799295 8.42968e-05 0.000942951 0.00171331 0.00235422 0.00283218 0.0031215 0.0032356 0.00316265 0.00295469 0.00267309 0.00234468 0.00200749 0.00170759 0.00142117 0.00119048 0.00101503 0.000884987 0.000790671 0.000734937 0.000682882 0.000644685 0.000610745 0.000588871 0.00055957 0.000557072 0.000563713 0.000591609 0.000670142 0.000809018 0.000997196 0.00127958 0.00160798 0.00197689 0.00237619 0.00274893 0.00304136 0.00321953 0.00321171 0.0030109 0.00261467 0.00204211 0.00132573 0.000503309 -0.000355581 -0.00119094 -0.00195697 -0.00260338 -0.00308967 -0.0034196 -0.00356661 -0.0035473 -0.00339916 -0.00317111 -0.00285028 -0.00249324 -0.00211982 -0.00176876 -0.00142985 -0.00112158 -0.000845663 -0.000624283 -0.000433215 -0.000281892 -0.000152979 -6.04428e-05 1.49767e-05 7.25351e-05 0.000109627 0.000157466 0.000177604 0.000192407 0.000208887 0.000221331 0.000230472 0.000240988 0.000229776 0.000239388 0.000230739 0.000214668 0.000177337 0.000131592 6.86099e-05 -4.69166e-05 -0.000183726 -0.000373203 -0.000602781 -0.000887863 -0.0012413 -0.00166908 -0.00217162 -0.00277616 -0.00346925 -0.00425054 -0.00511555 -0.00605882 -0.00703005 -0.00796459 -0.00885896 -0.00964175 -0.010289 -0.0107478 -0.0109841 -0.0109439 -0.0105816 -0.00989549 -0.00886275 -0.00751694 -0.00587527 -0.00399661 -0.00194572 0.000212861 0.00242165 0.00462523 0.00674968 0.00874588 0.0105481 0.0121058 0.0134071 0.0144691 0.015285 0.0158327 
0 0.000868542 0.00162858 0.0021649 0.00235638 0.00219241 0.00158829 0.000536911 -0.000932874 -0.00274822 -0.00483694 -0.00712646 -0.0094517 -0.0117518 -0.0138992 -0.0157928 -0.0173385 -0.0184873 -0.0192281 -0.0195039 -0.0193738 -0.0188537 -0.0180176 -0.0169293 -0.0156415 -0.014228 -0.0127275 -0.0112142 -0.00972976 -0.00835038 -0.00710935 -0.0059884 -0.00500347 -0.00416849 -0.00345524 -0.00285362 -0.00236518 -0.00196927 -0.00163564 -0.00135648 -0.00114498 -0.000985807 -0.000876971 -0.000787853 -0.000705341 -0.000651642 -0.000613426 -0.000573079 -0.000553617 -0.000546161 -0.00053011 -0.000520577 -0.000510294 -0.000522088 -0.000555681 -0.000602011 -0.000664068 -0.000743729 -0.000868338 -0.00102745 -0.0012365 -0.00151011 -0.00183208 -0.00223391 -0.0026966 -0.00317061 -0.0037037 -0.00426262 -0.00480659 -0.0052934 -0.005652 -0.00588145 -0.00592852 -0.00571871 -0.00526925 -0.00456826 -0.00361322 -0.00247846 -0.00120973 0.00011784 0.00140494 0.00255629 0.00351768 0.00423149 0.00467024 0.00482197 0.00472413 0.00442978 0.0040084 0.00351985 0.00303274 0.00255024 0.00212586 0.00179068 0.00152072 0.00132848 0.00121116 0.00109552 0.00102166 0.000971392 0.00091041 0.000878784 0.000861479 0.000827906 0.000842756 0.000892339 0.00100119 0.00121481 0.00152787 0.00192692 0.00242133 0.00297239 0.00355451 0.00410832 0.004564 0.00481753 0.00480577 0.00449871 0.00390505 0.00304184 0.00196701 0.000743688 -0.000547003 -0.00180959 -0.00292939 -0.00388514 -0.00463345 -0.00511342 -0.00534414 -0.00533058 -0.00509774 -0.0047342 -0.00426889 -0.00374768 -0.0032002 -0.00263326 -0.00213391 -0.00168772 -0.00127206 -0.000929251 -0.000653086 -0.000429427 -0.000248465 -8.37214e-05 3.64492e-05 0.000115613 0.000176031 0.000227581 0.000265188 0.000286988 0.000316605 0.000340569 0.000352488 0.00035287 0.000344509 0.000343507 0.000348337 0.000317293 0.000252988 0.000175483 5.41383e-05 -0.000108391 -0.000318702 -0.000594627 -0.000949705 -0.00139803 -0.00194352 -0.00258543 -0.00334053 -0.00423741 -0.00529265 -0.00646428 -0.0077428 -0.0091175 -0.0105016 -0.0118713 -0.0131608 -0.0143134 -0.0152319 -0.0158588 -0.0161655 -0.0160558 -0.015514 -0.0144722 -0.0129451 -0.0109531 -0.00854586 -0.00581123 -0.00280555 0.0003563 0.00362011 0.00685565 0.00996635 0.0128818 0.0155271 0.0178549 0.0198125 0.0214147 0.0226141 0.0234063 
0 0.000951643 0.00179225 0.00235638 0.00252377 0.00222309 0.00139706 1.98659e-05 -0.00185232 -0.00412425 -0.00675525 -0.0096212 -0.0125777 -0.0154837 -0.0182053 -0.0206047 -0.0225582 -0.0240554 -0.0250231 -0.0254486 -0.0253318 -0.0247196 -0.0236902 -0.0223058 -0.0206818 -0.0188619 -0.0169509 -0.0150016 -0.013086 -0.0112924 -0.00965045 -0.00816121 -0.00684149 -0.00571288 -0.00475103 -0.00392968 -0.0032518 -0.00271179 -0.00224108 -0.00187884 -0.00157607 -0.00135539 -0.00119158 -0.00105048 -0.000951614 -0.0008732 -0.000832542 -0.000776658 -0.000743607 -0.000731064 -0.000716698 -0.000699138 -0.000703615 -0.000705638 -0.000752992 -0.000798665 -0.00086608 -0.0009944 -0.00117081 -0.00139271 -0.00166359 -0.00202703 -0.00247148 -0.00299754 -0.00357037 -0.00422709 -0.00494689 -0.00569172 -0.00638505 -0.0070259 -0.00752578 -0.00784136 -0.00789156 -0.0076338 -0.00700934 -0.00605107 -0.00479853 -0.00329368 -0.0016044 0.000145031 0.00184405 0.003373 0.00465075 0.0056105 0.00620187 0.00643544 0.00630403 0.00590056 0.0053391 0.00468656 0.00402103 0.00341774 0.00285734 0.00240363 0.00205364 0.00179253 0.00160301 0.0014777 0.00137061 0.00129211 0.00122498 0.00118241 0.0011355 0.00112749 0.00114322 0.00120337 0.00135906 0.00163691 0.00202706 0.00258866 0.00325071 0.00398947 0.00477283 0.0054986 0.00606522 0.00639478 0.00636727 0.00596098 0.00517207 0.00403491 0.00261232 0.000980806 -0.000729069 -0.00239497 -0.00391564 -0.00519648 -0.0061632 -0.00680872 -0.00709915 -0.00706562 -0.00677472 -0.00631477 -0.00568466 -0.00497794 -0.00424055 -0.0035378 -0.00286913 -0.00225887 -0.00170893 -0.00125744 -0.000873739 -0.000566719 -0.000310306 -0.00011832 3.25699e-05 0.000142845 0.000217019 0.000301887 0.000346224 0.000380198 0.000415265 0.000442852 0.000463152 0.000480265 0.000463334 0.000470837 0.000448643 0.000402854 0.000312914 0.000196649 3.9142e-05 -0.00020487 -0.000494572 -0.000882329 -0.0013646 -0.00196913 -0.00270981 -0.00358691 -0.00460764 -0.00582215 -0.00721381 -0.00875827 -0.0104238 -0.0121884 -0.0139768 -0.0157064 -0.0173564 -0.0187926 -0.0199342 -0.0206835 -0.0209912 -0.020782 -0.0199909 -0.0186028 -0.0165881 -0.0140067 -0.0109033 -0.00737303 -0.00351061 0.000579449 0.00478195 0.00896057 0.0129695 0.016735 0.0201822 0.0232368 0.0258422 0.0279641 0.0295509 0.0305874 
0 0.000916397 0.00170009 0.00219241 0.00222309 0.00175108 0.000683988 -0.000980179 -0.00319002 -0.00586249 -0.00892565 -0.0122804 -0.0157127 -0.0191006 -0.02227 -0.0250788 -0.0274035 -0.0291806 -0.0303739 -0.0309154 -0.0308545 -0.0302091 -0.0290537 -0.0274655 -0.0255402 -0.0233965 -0.0211232 -0.0188154 -0.0165261 -0.0143432 -0.0123165 -0.0104567 -0.00880535 -0.00738981 -0.00616865 -0.00511673 -0.0042391 -0.0035238 -0.00293633 -0.00246048 -0.00208345 -0.00177857 -0.00154275 -0.00135536 -0.0012141 -0.00112757 -0.00106618 -0.00099284 -0.000939851 -0.000910559 -0.000886489 -0.000878539 -0.000875277 -0.000891549 -0.00093289 -0.000993454 -0.00108935 -0.00123848 -0.00146328 -0.00174605 -0.00209541 -0.00253711 -0.0030663 -0.00372145 -0.00447899 -0.00528803 -0.00617786 -0.00709686 -0.0079794 -0.00876961 -0.00937462 -0.0097608 -0.00983831 -0.00950249 -0.00874761 -0.00756936 -0.0059893 -0.0041091 -0.00201881 0.000157018 0.00226596 0.00416553 0.00576144 0.00696225 0.00771162 0.00799226 0.0078448 0.00736152 0.00666288 0.00585441 0.00504213 0.00426202 0.00357296 0.00301933 0.00257756 0.00225279 0.00203242 0.00184173 0.0017077 0.00161362 0.00152318 0.00147344 0.00144316 0.00140939 0.00143376 0.00151718 0.00170411 0.00205616 0.00257541 0.00325739 0.0040885 0.00501024 0.00596764 0.00685883 0.00756747 0.00795227 0.00790798 0.00739168 0.00640974 0.00499185 0.00321987 0.00119719 -0.000939401 -0.00302671 -0.00489437 -0.00647035 -0.00768341 -0.00846712 -0.00883868 -0.00881762 -0.00845567 -0.00786338 -0.00709008 -0.00621535 -0.00530073 -0.00438589 -0.00356619 -0.00282949 -0.00214893 -0.00156966 -0.00108844 -0.000700508 -0.000393139 -0.000139539 4.55076e-05 0.000175612 0.000283329 0.00038114 0.000449026 0.000482217 0.000513431 0.000542185 0.000570264 0.000590741 0.000585903 0.000568982 0.000532437 0.000448601 0.000326988 0.000182173 -3.72186e-05 -0.000348132 -0.000750421 -0.00125476 -0.00187432 -0.00264046 -0.0035807 -0.00470363 -0.00601772 -0.00754039 -0.00926361 -0.011136 -0.0131437 -0.0152657 -0.0173855 -0.0194384 -0.0213371 -0.0229921 -0.0242777 -0.0250948 -0.0253746 -0.025 -0.0239544 -0.0221937 -0.0197434 -0.016629 -0.0128999 -0.00866094 -0.00401149 0.000885215 0.00592231 0.0109215 0.0157454 0.020298 0.0244821 0.028213 0.0313972 0.0340081 0.0359628 0.0372514 
0 0.000731244 0.00131992 0.00158829 0.00139706 0.000683988 -0.000616176 -0.00253232 -0.00501897 -0.00799494 -0.0113951 -0.0150757 -0.0188467 -0.0225524 -0.0260449 -0.0291699 -0.031781 -0.0338134 -0.0351874 -0.0358721 -0.0358848 -0.03526 -0.034053 -0.0323268 -0.0302088 -0.0278104 -0.0252634 -0.022649 -0.0200348 -0.0175101 -0.0151292 -0.0129244 -0.0109429 -0.00921571 -0.00771656 -0.00641863 -0.00532919 -0.00444223 -0.00370152 -0.0031126 -0.0026314 -0.00225301 -0.00195558 -0.00171199 -0.00153101 -0.00139742 -0.00130353 -0.00120632 -0.00113832 -0.00110226 -0.00107516 -0.00105468 -0.00105632 -0.00107347 -0.00113484 -0.00121049 -0.00131952 -0.00149953 -0.00175504 -0.00208343 -0.00249754 -0.00303618 -0.00369456 -0.00447738 -0.00535491 -0.0063349 -0.00740184 -0.00849989 -0.00954247 -0.0104843 -0.0112191 -0.0116743 -0.0117448 -0.0113514 -0.0104423 -0.00903842 -0.0071839 -0.00495186 -0.00245058 0.000151693 0.00267911 0.00495726 0.0068601 0.00828874 0.00917822 0.00952725 0.00936059 0.00879642 0.00798247 0.0070329 0.00605932 0.00514496 0.00431464 0.00363283 0.00310101 0.00270813 0.00242991 0.00223006 0.00207281 0.00195128 0.00184456 0.00176901 0.00170768 0.00168805 0.00172374 0.00183933 0.00209029 0.0025192 0.00312895 0.00395282 0.00493486 0.00602672 0.00716544 0.00822103 0.00904717 0.00950259 0.00944046 0.00881076 0.00761413 0.0059043 0.00378072 0.00136841 -0.00115694 -0.00361644 -0.00585158 -0.00773727 -0.00917558 -0.010125 -0.0105626 -0.0105265 -0.0101022 -0.00940366 -0.00847728 -0.00742843 -0.00633399 -0.00526997 -0.00427403 -0.00336707 -0.00255356 -0.00187333 -0.00130807 -0.000851473 -0.000476761 -0.000180023 4.97218e-05 0.000217361 0.000342273 0.000459765 0.000535109 0.000584528 0.000624495 0.000653693 0.000674728 0.000685088 0.00066134 0.00063783 0.000578096 0.000474588 0.000318199 0.000117819 -0.000160858 -0.000560968 -0.0010635 -0.00170168 -0.00248184 -0.00343915 -0.00460302 -0.00598024 -0.00757387 -0.00940193 -0.0114299 -0.0136132 -0.0159243 -0.0183323 -0.0207301 -0.0230089 -0.0250985 -0.0268713 -0.0282204 -0.0290269 -0.0291983 -0.0286333 -0.0272895 -0.0251743 -0.0222986 -0.0187059 -0.0144319 -0.00957583 -0.00427452 0.00130875 0.00702738 0.0127246 0.0182518 0.0234997 0.0283454 0.0326645 0.0363677 0.039412 0.041727 0.0432726 
0 0.000385006 0.000617468 0.000536911 1.98659e-05 -0.000980179 -0.00253232 -0.00467317 -0.00737412 -0.0105638 -0.0141561 -0.0180139 -0.0219542 -0.0258376 -0.0295186 -0.0328388 -0.0356518 -0.0378709 -0.0394231 -0.0402589 -0.0403857 -0.0398249 -0.0386269 -0.0368641 -0.0346523 -0.0321102 -0.0293564 -0.0264884 -0.0235936 -0.0207723 -0.0180862 -0.0155681 -0.0132651 -0.0112203 -0.00942931 -0.00788191 -0.00657927 -0.00549794 -0.00458905 -0.00384263 -0.00324007 -0.00276667 -0.00239646 -0.00209505 -0.0018566 -0.00167662 -0.00154427 -0.00143166 -0.00135639 -0.00131253 -0.00127436 -0.00124235 -0.00123075 -0.00125276 -0.00132227 -0.0014214 -0.00155848 -0.00176402 -0.00205628 -0.00244102 -0.00293329 -0.00356124 -0.00432561 -0.00523362 -0.00626082 -0.00739268 -0.00862131 -0.0098909 -0.0111115 -0.0122016 -0.0130503 -0.0135684 -0.0136446 -0.0131811 -0.0121347 -0.0105132 -0.00836155 -0.00577323 -0.00288159 0.00013081 0.00305599 0.00569822 0.0079092 0.00957375 0.0106181 0.011033 0.0108625 0.0102324 0.00930099 0.00820986 0.00708563 0.00601597 0.00505697 0.00426666 0.00364772 0.0031901 0.00286347 0.00261825 0.00243024 0.00228453 0.0021606 0.00207238 0.00201001 0.00198598 0.00203138 0.00217687 0.00247788 0.00298657 0.00371487 0.00467162 0.00581262 0.00707555 0.00837707 0.0095792 0.0105158 0.0110146 0.0109224 0.0101757 0.00877728 0.00678813 0.00432275 0.00153236 -0.0013914 -0.00423801 -0.00681801 -0.00899403 -0.0106614 -0.0117564 -0.0122661 -0.012229 -0.0117384 -0.010918 -0.00985333 -0.0086484 -0.00738726 -0.00614548 -0.00498744 -0.00393352 -0.00298954 -0.00219145 -0.00153471 -0.00100388 -0.000567803 -0.00021158 6.35626e-05 0.000259762 0.000403656 0.000523792 0.000610378 0.00067267 0.000726812 0.000766684 0.000787104 0.00078259 0.000746613 0.000702045 0.000624686 0.000486962 0.000276924 -7.93295e-07 -0.000373533 -0.000865971 -0.00148205 -0.00225476 -0.00321154 -0.00438346 -0.00578723 -0.00742021 -0.00928524 -0.0113961 -0.0137196 -0.0161941 -0.018772 -0.0214034 -0.0239821 -0.0264085 -0.0285895 -0.0303967 -0.0317007 -0.0323881 -0.0323724 -0.0315645 -0.0299298 -0.0274643 -0.0241936 -0.0201615 -0.0154222 -0.0100783 -0.00426787 0.00184286 0.00810863 0.0143678 0.0204746 0.026298 0.0316923 0.0365148 0.0406643 0.0440966 0.0467356 0.0485215 
0 -0.000124921 -0.000392897 -0.000932874 -0.00185232 -0.00319002 -0.00501897 -0.00737412 -0.0102363 -0.0135425 -0.017194 -0.0210832 -0.0250508 -0.0289776 -0.0327164 -0.0361102 -0.0390284 -0.0413695 -0.0430715 -0.0440558 -0.0443149 -0.043858 -0.0427352 -0.0410266 -0.0388184 -0.0362271 -0.0333501 -0.0303055 -0.0271988 -0.0241346 -0.0211813 -0.0183763 -0.0157727 -0.013422 -0.0113381 -0.0095254 -0.00798391 -0.00668407 -0.00559562 -0.0046851 -0.00395181 -0.00336352 -0.00289593 -0.00251998 -0.00221837 -0.00199533 -0.00182271 -0.00168579 -0.00158663 -0.00152208 -0.00147311 -0.00144062 -0.00142513 -0.00145157 -0.00151515 -0.00162219 -0.00178317 -0.00202255 -0.00236487 -0.00281091 -0.00337802 -0.00408768 -0.00495216 -0.00597876 -0.00715559 -0.00844588 -0.00984118 -0.0112731 -0.0126556 -0.0138826 -0.0148467 -0.0154354 -0.0155259 -0.0149951 -0.0138075 -0.0119629 -0.00951453 -0.00657977 -0.00331355 8.84357e-05 0.00339257 0.00638815 0.00890606 0.0108125 0.0120246 0.012516 0.0123486 0.0116533 0.0106037 0.00937263 0.00810585 0.00689145 0.00581488 0.00491906 0.0042108 0.00368149 0.00330041 0.00300657 0.00278781 0.00261692 0.00247667 0.00237519 0.00231524 0.0022924 0.00235414 0.00253317 0.00288433 0.00346806 0.00431316 0.00540365 0.00671 0.00814797 0.00960822 0.0109413 0.0119653 0.0124838 0.0123493 0.0114824 0.0098892 0.00763302 0.00483787 0.00167902 -0.00163496 -0.00486577 -0.00778851 -0.0102474 -0.012129 -0.0133535 -0.0139261 -0.0138908 -0.0133471 -0.0124171 -0.0112156 -0.00984679 -0.00841762 -0.00700526 -0.00569499 -0.00450108 -0.0034328 -0.00251497 -0.00175659 -0.00113856 -0.000641417 -0.000238776 6.60467e-05 0.000287037 0.000458997 0.000593056 0.000696641 0.000765698 0.000819885 0.000859864 0.000879335 0.000865796 0.000822085 0.000745511 0.000631896 0.000442075 0.000170953 -0.000185741 -0.000658371 -0.00125926 -0.00201629 -0.00294904 -0.0040986 -0.00549237 -0.00714067 -0.0090343 -0.0111701 -0.0135441 -0.0161261 -0.0188424 -0.0216306 -0.0244179 -0.0270962 -0.029579 -0.031751 -0.033493 -0.0346532 -0.0351311 -0.0348573 -0.0337675 -0.0318373 -0.0290378 -0.0254019 -0.0209769 -0.0158531 -0.0101425 -0.00396979 0.00251928 0.00919337 0.01588 0.0224255 0.028678 0.0344865 0.0397095 0.0442332 0.0479931 0.0508976 0.0528749 
0 -0.00077471 -0.0016525 -0.00274822 -0.00412425 -0.00586249 -0.00799494 -0.0105638 -0.0135425 -0.0168722 -0.0204886 -0.0242815 -0.0281659 -0.0319981 -0.0356666 -0.0390235 -0.0419472 -0.0443533 -0.0461368 -0.0472515 -0.0476404 -0.0473326 -0.0463592 -0.0447736 -0.0426586 -0.0400926 -0.0371975 -0.0340728 -0.0308373 -0.0275865 -0.0243962 -0.0213344 -0.0184651 -0.0158319 -0.0134646 -0.0113694 -0.00955663 -0.00802368 -0.00673254 -0.00566672 -0.00478215 -0.00406627 -0.00348315 -0.00301124 -0.00264748 -0.00236516 -0.00214441 -0.00196586 -0.00182437 -0.00172807 -0.0016696 -0.0016308 -0.00162878 -0.00165249 -0.0017217 -0.00183357 -0.00200995 -0.00229046 -0.00267428 -0.00317278 -0.0038039 -0.00459491 -0.00557438 -0.00672366 -0.00802657 -0.00949452 -0.0110583 -0.0126527 -0.01418 -0.0155399 -0.0166185 -0.0172686 -0.0173527 -0.0167743 -0.0154452 -0.0133865 -0.0106761 -0.00741052 -0.00376768 1.62408e-05 0.00370074 0.00705183 0.00986679 0.0120049 0.0133713 0.0139476 0.013787 0.0130385 0.0118951 0.0105424 0.00912844 0.00779012 0.00658584 0.00556976 0.00477493 0.00417415 0.00372345 0.00340815 0.0031563 0.00295306 0.00280167 0.00268111 0.00259966 0.00259958 0.002678 0.00289741 0.00332119 0.00398904 0.00493399 0.00616727 0.00762016 0.00921645 0.01083 0.0122887 0.0133851 0.0139264 0.0137421 0.0127486 0.0109441 0.00841382 0.00529193 0.001768 -0.00190935 -0.00548492 -0.00874345 -0.0114777 -0.0135536 -0.0149247 -0.0155597 -0.0155216 -0.0149301 -0.0139035 -0.0125613 -0.0110253 -0.00941664 -0.00785994 -0.00638514 -0.00504036 -0.00385503 -0.00283269 -0.0019785 -0.00127908 -0.000711835 -0.000275419 6.325e-05 0.000320797 0.000518545 0.000682035 0.000794863 0.000871819 0.000915542 0.000941147 0.000948453 0.000924509 0.000859379 0.000752561 0.000576701 0.000327419 -1.12912e-05 -0.000454169 -0.00101961 -0.0017575 -0.00267728 -0.00380893 -0.00517056 -0.00678893 -0.0086786 -0.0108318 -0.0132321 -0.0158527 -0.0186364 -0.0215259 -0.0244492 -0.027315 -0.0300292 -0.032462 -0.0345243 -0.0360766 -0.0370062 -0.0372145 -0.0366322 -0.03524 -0.0329835 -0.029873 -0.0259087 -0.0211669 -0.0157515 -0.00977424 -0.00336819 0.00337553 0.0103073 0.0172798 0.0241109 0.0306408 0.0367291 0.0422319 0.0470439 0.0510413 0.0541342 0.0562328 
0 -0.00152732 -0.00312269 -0.00483694 -0.00675525 -0.00892565 -0.0113951 -0.0141561 -0.017194 -0.0204886 -0.0239686 -0.0275947 -0.0312645 -0.034893 -0.0383678 -0.0415815 -0.0444466 -0.0468253 -0.0486583 -0.049854 -0.0503959 -0.0502756 -0.0495003 -0.0481149 -0.0461447 -0.0437054 -0.0408725 -0.0377602 -0.034468 -0.0310845 -0.0277112 -0.0244369 -0.0213327 -0.0184451 -0.0157987 -0.0134261 -0.0113446 -0.00954665 -0.00804673 -0.00676949 -0.00572424 -0.0048556 -0.00414574 -0.00357911 -0.00311993 -0.00277138 -0.00248385 -0.00226601 -0.00209378 -0.00196724 -0.00188296 -0.00184013 -0.00181805 -0.00185593 -0.0019241 -0.00206059 -0.00227156 -0.00256695 -0.00298288 -0.00353665 -0.00424877 -0.00512668 -0.0062018 -0.00747246 -0.00894049 -0.0105384 -0.0122523 -0.014008 -0.0157125 -0.0172029 -0.0183704 -0.0190631 -0.0191522 -0.0184923 -0.0170542 -0.0148129 -0.0118248 -0.00823775 -0.00424669 -7.65499e-05 0.00398048 0.00767422 0.0107849 0.0131462 0.0146677 0.0153144 0.0151832 0.0144118 0.013186 0.0117215 0.0101861 0.0086865 0.00736174 0.00624097 0.00534947 0.00467888 0.00418929 0.0038096 0.00353023 0.00330571 0.00312833 0.00299176 0.00292458 0.00291006 0.00301538 0.00328787 0.00377508 0.00453674 0.00561989 0.00696592 0.00856345 0.0103061 0.0120443 0.0136109 0.0147886 0.0153345 0.0150947 0.0139611 0.011948 0.00913811 0.00568636 0.00182588 -0.00220658 -0.00613132 -0.00967805 -0.0126643 -0.0149618 -0.0164579 -0.0171705 -0.0171446 -0.016493 -0.015342 -0.0138746 -0.0122008 -0.0104494 -0.00870139 -0.00707478 -0.00559495 -0.00428609 -0.00314691 -0.00220545 -0.00143378 -0.000815558 -0.000312595 7.06504e-05 0.00035843 0.000588342 0.000748772 0.000879192 0.000957336 0.00100317 0.0010262 0.0010186 0.000963562 0.000876935 0.000712351 0.000489774 0.000164408 -0.00025914 -0.000803569 -0.0015077 -0.00238185 -0.00349414 -0.00482783 -0.00642005 -0.00827777 -0.0104061 -0.0128043 -0.015448 -0.0182731 -0.0212247 -0.0242248 -0.0272119 -0.0300874 -0.0327349 -0.0350444 -0.0368659 -0.0381351 -0.038736 -0.0386119 -0.0376961 -0.0359464 -0.0333602 -0.0299206 -0.0256935 -0.0207197 -0.0151135 -0.00898108 -0.00242749 0.00442934 0.0114792 0.0185559 0.0255096 0.0321682 0.0383917 0.0440591 0.0490295 0.0531723 0.0563636 0.0585322 
0 -0.00234302 -0.00470445 -0.00712646 -0.0096212 -0.0122804 -0.0150757 -0.0180139 -0.0210832 -0.0242815 -0.0275947 -0.0309524 -0.0343447 -0.0376604 -0.040856 -0.0438481 -0.0465506 -0.048859 -0.0506648 -0.0519492 -0.0526319 -0.0527141 -0.0521693 -0.0510102 -0.0492769 -0.0470254 -0.0443454 -0.041307 -0.0380252 -0.03459 -0.0311071 -0.0276755 -0.024372 -0.0212343 -0.0183313 -0.0156977 -0.0133477 -0.0112941 -0.00952672 -0.00803328 -0.00677877 -0.00575391 -0.00491088 -0.00422065 -0.00366439 -0.00321582 -0.00285895 -0.0026003 -0.00239639 -0.00224173 -0.002137 -0.00205964 -0.00203786 -0.00206181 -0.00214573 -0.00229148 -0.00251632 -0.00285232 -0.00330544 -0.00390897 -0.00469482 -0.00567147 -0.00687276 -0.0082542 -0.00981492 -0.0115789 -0.0134499 -0.0153553 -0.0171907 -0.0188153 -0.0200964 -0.0208471 -0.0209168 -0.0202112 -0.0186245 -0.0161736 -0.0129475 -0.00905669 -0.00471206 -0.000198107 0.00420994 0.00823733 0.0116295 0.014221 0.0159102 0.0166657 0.0165648 0.0157607 0.0144617 0.0128901 0.0112181 0.00961501 0.00817012 0.00692989 0.00595243 0.00520345 0.00463223 0.00423508 0.00391927 0.00365918 0.00347381 0.00331946 0.00322766 0.00325104 0.00338252 0.00370326 0.00427509 0.00512573 0.00630326 0.00779665 0.00953512 0.0114218 0.0132911 0.0149471 0.0161522 0.0166838 0.016372 0.015106 0.0128839 0.0098136 0.00605807 0.00185011 -0.00251344 -0.0067505 -0.0106175 -0.0138669 -0.016337 -0.0179725 -0.0187331 -0.0186952 -0.0179952 -0.0167656 -0.0151725 -0.0133492 -0.0114386 -0.00958037 -0.00779135 -0.00614647 -0.0047095 -0.00346816 -0.00243804 -0.00158779 -0.000895286 -0.000358059 6.64053e-05 0.000395389 0.000635529 0.000812036 0.000933332 0.00102738 0.00107948 0.00109994 0.00107342 0.000984551 0.000845102 0.000635584 0.000339301 -5.3459e-05 -0.000576634 -0.00126449 -0.00211657 -0.00317776 -0.00446851 -0.00602006 -0.00784706 -0.0099555 -0.0123302 -0.0149496 -0.0177847 -0.0207682 -0.0238293 -0.0268998 -0.0298868 -0.0326702 -0.0351673 -0.0372278 -0.0387519 -0.0396424 -0.0398531 -0.039336 -0.0380225 -0.0359112 -0.0329567 -0.0292306 -0.0247704 -0.0196526 -0.0139563 -0.00775426 -0.0011744 0.00569797 0.0126964 0.0197215 0.0266264 0.0332625 0.0394937 0.045171 0.0501755 0.054328 0.0575457 0.0597348 
0 -0.00315351 -0.00631311 -0.0094517 -0.0125777 -0.0157127 -0.0188467 -0.0219542 -0.0250508 -0.0281659 -0.0312645 -0.0343447 -0.0373915 -0.0403673 -0.0432207 -0.0459044 -0.0483734 -0.0505072 -0.0522652 -0.0535826 -0.0543965 -0.054658 -0.0543366 -0.0534544 -0.0519968 -0.0500186 -0.0475459 -0.0446587 -0.0414691 -0.038064 -0.0345481 -0.0310173 -0.0275466 -0.0242037 -0.021064 -0.0181886 -0.0155835 -0.013249 -0.0112316 -0.00948131 -0.00801906 -0.00679862 -0.00578926 -0.00496664 -0.00428672 -0.00374577 -0.00330468 -0.00298225 -0.0027268 -0.00252537 -0.00238455 -0.00230052 -0.00225422 -0.00227942 -0.00235055 -0.00251115 -0.00277021 -0.00313165 -0.00362927 -0.00429881 -0.0051579 -0.0062057 -0.00748767 -0.00899232 -0.0107256 -0.0126208 -0.0146328 -0.0166853 -0.018674 -0.0204113 -0.0217724 -0.0225692 -0.0226539 -0.0218754 -0.0201829 -0.0175484 -0.0140487 -0.00985897 -0.00520874 -0.000355768 0.00438185 0.00872543 0.0124089 0.0152335 0.0170912 0.0179403 0.017888 0.0170795 0.0157173 0.0140502 0.0122701 0.0105237 0.00896964 0.00763547 0.00656346 0.00573909 0.00511649 0.0046422 0.00428797 0.00400626 0.00379989 0.00364382 0.00357805 0.00359844 0.00376303 0.00413956 0.00477673 0.00572565 0.00704106 0.00865152 0.0105299 0.01255 0.0145217 0.0162488 0.0174869 0.0179813 0.0175783 0.0161599 0.0137419 0.0104195 0.00636478 0.00184921 -0.00285213 -0.00742435 -0.0115587 -0.0150304 -0.0176887 -0.019422 -0.0202495 -0.020231 -0.0194895 -0.0181552 -0.0164446 -0.0144901 -0.0124373 -0.0103885 -0.0084587 -0.00669993 -0.00515308 -0.00379595 -0.00266221 -0.00172819 -0.0009789 -0.000381797 7.69022e-05 0.000428728 0.000698763 0.000877259 0.00101715 0.00110337 0.00114439 0.001146 0.00109043 0.00096246 0.000783501 0.000496797 0.00012471 -0.000373217 -0.00101602 -0.00184738 -0.00288707 -0.00413163 -0.00564439 -0.00741328 -0.00948048 -0.011834 -0.0144342 -0.0172506 -0.0202354 -0.0233117 -0.0264256 -0.0294898 -0.0323933 -0.0349951 -0.0372094 -0.0389451 -0.040076 -0.0405617 -0.0403307 -0.0393683 -0.0376356 -0.0351298 -0.0318654 -0.0278767 -0.0232548 -0.0180413 -0.0123193 -0.00615143 0.00037193 0.00712335 0.0139683 0.0207937 0.0275128 0.0339834 0.040062 0.0456117 0.0504808 0.0545301 0.0576691 0.0598262 
0 -0.00394989 -0.00788366 -0.0117518 -0.0154837 -0.0191006 -0.0225524 -0.0258376 -0.0289776 -0.0319981 -0.034893 -0.0376604 -0.0403673 -0.0429713 -0.0454524 -0.0477844 -0.0499477 -0.05188 -0.0535272 -0.0548557 -0.0557544 -0.0561763 -0.0560846 -0.055478 -0.0543305 -0.0526446 -0.0504462 -0.0477889 -0.0447751 -0.0414744 -0.0379844 -0.0344077 -0.0308368 -0.0273325 -0.0239932 -0.0208782 -0.0180037 -0.0154038 -0.0131185 -0.0111354 -0.0094345 -0.00800026 -0.00680165 -0.00582007 -0.00502027 -0.00436792 -0.00382803 -0.00341752 -0.00308517 -0.00282769 -0.00265862 -0.00255245 -0.00250769 -0.0025183 -0.00259104 -0.00275331 -0.00302887 -0.00343075 -0.00396998 -0.00468336 -0.00560501 -0.00673929 -0.00813152 -0.00974859 -0.0115952 -0.0136549 -0.0158225 -0.0180106 -0.0201147 -0.0219678 -0.0234183 -0.0242599 -0.0243261 -0.0234969 -0.0216751 -0.0188608 -0.0151471 -0.0106878 -0.00571893 -0.000546724 0.00452144 0.00917964 0.0131324 0.0161778 0.0182036 0.0191663 0.0191664 0.0183566 0.0169529 0.015207 0.0133208 0.0114765 0.00980736 0.00835621 0.00718719 0.00627611 0.00557756 0.00507266 0.00468466 0.0043728 0.00415219 0.00398093 0.00390348 0.0039593 0.00416816 0.00461064 0.00534136 0.00638845 0.00780259 0.00954109 0.0115435 0.0136828 0.0157556 0.0175417 0.0187825 0.0192319 0.0187327 0.0171633 0.0145296 0.0109485 0.00660704 0.00177844 -0.00321359 -0.0080595 -0.0124664 -0.0161694 -0.0189885 -0.0208454 -0.0217248 -0.0217087 -0.0209293 -0.0195275 -0.0176992 -0.0155958 -0.0133857 -0.0112143 -0.00913642 -0.00723315 -0.0055692 -0.00411839 -0.00289845 -0.00188062 -0.00105939 -0.000426082 6.48361e-05 0.000451839 0.000743471 0.000950661 0.00109321 0.0011807 0.00119688 0.00115838 0.00105793 0.000887013 0.000652726 0.000296674 -0.000184832 -0.000799995 -0.00157798 -0.00256736 -0.00377868 -0.00524304 -0.00698602 -0.00901049 -0.011319 -0.0138923 -0.0166847 -0.0196568 -0.0227541 -0.0258788 -0.0289654 -0.0319334 -0.0346568 -0.0369845 -0.038852 -0.0401695 -0.0408643 -0.0408838 -0.0401851 -0.038749 -0.0365604 -0.033675 -0.0301059 -0.0259239 -0.0211726 -0.0159115 -0.0102211 -0.0041642 0.00216745 0.00868976 0.0152486 0.0217724 0.0281713 0.0343214 0.0400922 0.0453445 0.0499569 0.0537795 0.0567627 0.0588224 
0 -0.00470157 -0.00936544 -0.0138992 -0.0182053 -0.02227 -0.0260449 -0.0295186 -0.0327164 -0.0356666 -0.0383678 -0.040856 -0.0432207 -0.0454524 -0.0475435 -0.0495048 -0.0513515 -0.0530427 -0.0545431 -0.0558193 -0.0567723 -0.0573412 -0.0574743 -0.0571406 -0.0562894 -0.054916 -0.0530352 -0.0506753 -0.0478998 -0.0447579 -0.0413504 -0.0377963 -0.0341881 -0.0305874 -0.0270869 -0.0237627 -0.0206455 -0.0177854 -0.0152394 -0.0129933 -0.0110363 -0.00935895 -0.00794722 -0.00678661 -0.00583555 -0.00505402 -0.0044082 -0.00391007 -0.00350976 -0.00319395 -0.00297587 -0.00283611 -0.00276401 -0.00276297 -0.00283708 -0.00301441 -0.0033114 -0.00373447 -0.00430931 -0.00508526 -0.00608484 -0.00730594 -0.00879035 -0.0105219 -0.0124992 -0.0146831 -0.0169832 -0.0193158 -0.0215585 -0.0235208 -0.0250362 -0.0259019 -0.025953 -0.0250616 -0.0231391 -0.0201661 -0.0162282 -0.0115041 -0.00624524 -0.000760376 0.0046194 0.00957194 0.0137878 0.0170484 0.0192363 0.020317 0.0203933 0.0196144 0.0181902 0.0163778 0.0143925 0.0124299 0.0106465 0.00909592 0.0078346 0.00684536 0.00608166 0.00551423 0.0050822 0.00474545 0.00450906 0.00434081 0.00427887 0.00435408 0.00460414 0.0051117 0.00592896 0.00708868 0.008628 0.0104878 0.012603 0.0148376 0.0169784 0.0187983 0.0200328 0.0204285 0.0198212 0.0180919 0.0152497 0.0114143 0.00678951 0.00167351 -0.00360623 -0.00872332 -0.0133636 -0.0172665 -0.0202512 -0.0222201 -0.0231662 -0.0231647 -0.022341 -0.0208489 -0.0189093 -0.0166923 -0.0143581 -0.0120399 -0.00982106 -0.00778939 -0.00600382 -0.00444455 -0.00313141 -0.00204318 -0.00116396 -0.000475845 6.06449e-05 0.000479973 0.000788822 0.000997066 0.00113812 0.00121647 0.00121869 0.00115232 0.00100784 0.000782715 0.000477664 2.86892e-05 -0.000570342 -0.00132746 -0.00226899 -0.00344079 -0.00485794 -0.00654457 -0.00852935 -0.0107979 -0.0133348 -0.0160989 -0.0190372 -0.02212 -0.0252829 -0.0284072 -0.0314023 -0.034181 -0.036626 -0.0386042 -0.0400582 -0.0409112 -0.0410998 -0.0406009 -0.0393935 -0.0374737 -0.0348485 -0.031592 -0.0277562 -0.0234082 -0.0185837 -0.0133277 -0.00773137 -0.00187517 0.00416828 0.0103358 0.0165123 0.0226284 0.0285955 0.0342862 0.0395895 0.0444087 0.0486375 0.0521448 0.0548789 0.056771 
0 -0.00538055 -0.0106876 -0.0157928 -0.0206047 -0.0250788 -0.0291699 -0.0328388 -0.0361102 -0.0390235 -0.0415815 -0.0438481 -0.0459044 -0.0477844 -0.0495048 -0.0511183 -0.0526618 -0.0540945 -0.055407 -0.0565757 -0.0575398 -0.0582199 -0.0585431 -0.0584524 -0.0578821 -0.0568304 -0.0552905 -0.0532651 -0.0507782 -0.047866 -0.0446232 -0.0411648 -0.0375719 -0.033918 -0.0303003 -0.0268129 -0.0234931 -0.0203892 -0.0175787 -0.0150559 -0.0128375 -0.0109144 -0.00927985 -0.00791624 -0.00677862 -0.00583892 -0.00507067 -0.00447626 -0.00400212 -0.00361899 -0.00333632 -0.00315086 -0.00304268 -0.00302859 -0.00309923 -0.00328332 -0.00359488 -0.0040371 -0.00464925 -0.00548442 -0.00656115 -0.00787746 -0.0094574 -0.0112954 -0.0133955 -0.0157003 -0.0181321 -0.0205915 -0.0229514 -0.0250177 -0.0266071 -0.0275085 -0.0275523 -0.0265936 -0.0245597 -0.0214238 -0.0172722 -0.0123039 -0.00678028 -0.0010108 0.00465361 0.00988071 0.0143532 0.0178342 0.0201998 0.0214142 0.0215742 0.0208288 0.0193903 0.017522 0.0154585 0.0133969 0.0115087 0.00985624 0.00849182 0.00741251 0.00658262 0.00595617 0.00548794 0.00512936 0.00487318 0.00470305 0.00465752 0.00475973 0.00506802 0.00565238 0.0065601 0.00782667 0.00947944 0.0114521 0.0136788 0.016005 0.0182054 0.0200375 0.0212343 0.0215468 0.0208142 0.0189214 0.0158814 0.01181 0.00692255 0.00153814 -0.00401155 -0.00938827 -0.0142577 -0.0183553 -0.0214911 -0.0235497 -0.0245437 -0.0245475 -0.02369 -0.0221311 -0.0200927 -0.0177601 -0.015307 -0.0128527 -0.0105026 -0.00833783 -0.00642392 -0.00475931 -0.00335606 -0.00219594 -0.00126112 -0.000522195 5.44361e-05 0.000504136 0.000830414 0.00103355 0.00116475 0.00122465 0.00121037 0.00111344 0.000916031 0.000616729 0.000214269 -0.000349585 -0.00107437 -0.00197982 -0.00309802 -0.00447702 -0.00613124 -0.00805496 -0.0102741 -0.0127604 -0.0154987 -0.0184297 -0.0214847 -0.0246272 -0.0277814 -0.0308215 -0.0336426 -0.0361479 -0.0382295 -0.039783 -0.0407626 -0.0411116 -0.0407597 -0.0397129 -0.0379791 -0.0355881 -0.0325686 -0.0289826 -0.0249115 -0.0204194 -0.0155624 -0.0103748 -0.00494775 0.000633312 0.00631585 0.0120409 0.0177383 0.0233376 0.0287569 0.0338665 0.0385777 0.0428471 0.0465869 0.0496912 0.0520953 0.0537551 
0 -0.00594254 -0.0117612 -0.0173385 -0.0225582 -0.0274035 -0.031781 -0.0356518 -0.0390284 -0.0419472 -0.0444466 -0.0465506 -0.0483734 -0.0499477 -0.0513515 -0.0526618 -0.0539088 -0.055091 -0.0561813 -0.0572186 -0.0581355 -0.0588637 -0.0593246 -0.0594387 -0.0591523 -0.058415 -0.0572161 -0.0555331 -0.0533753 -0.0507667 -0.0477706 -0.0444696 -0.0409503 -0.0372864 -0.0336099 -0.0300061 -0.0265139 -0.0232013 -0.0201239 -0.0173448 -0.0148537 -0.0126778 -0.0108037 -0.00921129 -0.00787657 -0.00675864 -0.00584654 -0.00512764 -0.00454732 -0.00407842 -0.00373262 -0.0034886 -0.00335594 -0.00330782 -0.00337346 -0.00355871 -0.00388405 -0.00436392 -0.00502072 -0.00590024 -0.00703571 -0.00842978 -0.0101056 -0.0120593 -0.0142736 -0.0167278 -0.0192904 -0.0218631 -0.024319 -0.0264829 -0.0281361 -0.0290708 -0.0290919 -0.0280866 -0.0259343 -0.0226397 -0.0183051 -0.0131133 -0.00733347 -0.00131375 0.00462504 0.0101231 0.0148416 0.018542 0.0210862 0.0224396 0.0226891 0.0219896 0.0205586 0.018654 0.0165185 0.0143809 0.0123873 0.0106301 0.00916885 0.00799823 0.00708406 0.00640929 0.00589478 0.00550884 0.00524468 0.00508275 0.00504759 0.00519998 0.00556636 0.00622609 0.00723364 0.00861029 0.0103616 0.012451 0.0147721 0.0171717 0.0194171 0.021247 0.0223875 0.0226007 0.0217257 0.0196636 0.0164145 0.0121147 0.00699261 0.0013462 -0.00444708 -0.0100487 -0.0151398 -0.0194209 -0.0226781 -0.0248358 -0.0258724 -0.0258873 -0.0250023 -0.0233965 -0.0212659 -0.0188105 -0.0162124 -0.0136396 -0.0111543 -0.00886818 -0.00684518 -0.00509003 -0.00359941 -0.002355 -0.00134681 -0.000564693 4.84712e-05 0.000525593 0.000859504 0.00107688 0.00118779 0.00122944 0.00117487 0.00102152 0.000754398 0.0003716 -0.000143051 -0.000825839 -0.00170483 -0.00277461 -0.00408913 -0.00569542 -0.00758565 -0.00976688 -0.0122009 -0.0148917 -0.0177943 -0.0208544 -0.0239925 -0.0271375 -0.0302045 -0.0330635 -0.0356137 -0.0377703 -0.039422 -0.0404821 -0.04093 -0.0407167 -0.0398197 -0.0382204 -0.0359791 -0.0331431 -0.0297648 -0.025918 -0.0216483 -0.0170662 -0.0122114 -0.0071623 -0.00198411 0.00326234 0.00851944 0.0137575 0.0188818 0.0238668 0.0286254 0.0330591 0.0371052 0.0407309 0.0439011 0.046505 0.0485162 0.0498902 
0 -0.0063505 -0.0125652 -0.0184873 -0.0240554 -0.0291806 -0.0338134 -0.0378709 -0.0413695 -0.0443533 -0.0468253 -0.048859 -0.0505072 -0.05188 -0.0530427 -0.0540945 -0.055091 -0.056025 -0.056936 -0.0578181 -0.0586555 -0.0593679 -0.0599064 -0.0602031 -0.0601664 -0.0597285 -0.058844 -0.057501 -0.055693 -0.0534235 -0.0507152 -0.0476394 -0.04425 -0.040662 -0.0369731 -0.0332904 -0.0296687 -0.0261656 -0.0228836 -0.0198448 -0.0170955 -0.0146406 -0.0125026 -0.0106767 -0.0091274 -0.00782214 -0.00674759 -0.00587108 -0.00516896 -0.00460627 -0.00418204 -0.00389959 -0.00370898 -0.00363455 -0.00367193 -0.00385999 -0.0042065 -0.00470697 -0.00540211 -0.00634393 -0.00753531 -0.00900189 -0.0107552 -0.0128244 -0.015186 -0.0177393 -0.0204201 -0.0231195 -0.0256856 -0.0279229 -0.0296215 -0.0305649 -0.0305764 -0.0294943 -0.0272592 -0.023835 -0.0193105 -0.01391 -0.00791759 -0.00163186 0.00456111 0.0103039 0.0152651 0.0191743 0.0218848 0.0233859 0.0237452 0.0231176 0.0217122 0.0197863 0.0175991 0.0153706 0.0132815 0.0114358 0.00987067 0.00860902 0.00762853 0.00687027 0.00631076 0.00590822 0.00562719 0.00548365 0.00549261 0.00567485 0.00610892 0.00685256 0.00794911 0.00943956 0.0113103 0.013497 0.015902 0.0183523 0.0206127 0.0224146 0.0234864 0.0235992 0.0225729 0.0203262 0.0168792 0.0123502 0.00698069 0.00112016 -0.00490328 -0.0107236 -0.015987 -0.0204183 -0.0238199 -0.0260553 -0.0271546 -0.0271884 -0.0262857 -0.0246113 -0.0223861 -0.0198336 -0.017133 -0.0144015 -0.0117975 -0.00940818 -0.00728051 -0.00543018 -0.00384027 -0.00252211 -0.0014568 -0.000615057 2.97109e-05 0.000517481 0.000868054 0.00107612 0.00119268 0.00119573 0.00109572 0.000870668 0.000515143 3.96274e-05 -0.000588106 -0.00141256 -0.00245471 -0.00373248 -0.00526961 -0.0070981 -0.00923108 -0.0116254 -0.0142825 -0.0171454 -0.0201862 -0.0233231 -0.0264703 -0.0295566 -0.0324587 -0.0350616 -0.037263 -0.0389956 -0.0401641 -0.0406959 -0.0405603 -0.0397674 -0.0382972 -0.0361815 -0.0334611 -0.0302106 -0.0265176 -0.0224324 -0.0180489 -0.0134157 -0.00863764 -0.003775 0.00109801 0.0059347 0.0107283 0.0153942 0.0198913 0.0241533 0.0281639 0.031854 0.0351723 0.0381188 0.0406318 0.0426902 0.0442509 0.0453222 
