0 0 0 0 0 0 0 0 0 0 0 0 0 0 0 0 0 0 0 0 0 0 0 0 0 0 0 0 0 0 0 0 0 0 0 0 0 0 0 0 0 0 0 0 0 0 0 0 0 0 0 0 0 0 0 0 0 0 0 0 0 0 0 0 0 0 0 0 0 0 0 0 0 0 0 0 0 0 0 0 0 0 0 0 0 0 0 0 0 0 0 0 0 0 0 0 0 0 0 0 0 0 0 0 0 0 0 0 0 0 0 0 0 0 0 0 0 0 0 0 0 0 0 0 0 0 0 0 0 0 0 0 0 0 0 0 0 0 0 0 0 0 0 0 0 0 0 0 0 0 0 0 0 0 0 0 0 0 0 0 0 0 0 0 0 0 0 0 0 0 0 0 0 0 0 0 0 0 0 0 0 0 0 0 0 0 0 0 0 0 0 0 0 0 0 0 0 0 0 0 
0 -9.61374e-06 1.36083e-05 4.43884e-05 5.38027e-05 4.12872e-05 4.60423e-05 7.47202e-05 0.000102451 0.00010533 9.47489e-05 0.000110424 0.000143866 0.000162988 0.000161022 0.000162864 0.000183458 0.00020868 0.000226813 0.000227607 0.000227077 0.000247132 0.000264813 0.00026364 0.000247492 0.000234059 0.000218782 0.000192001 0.000154225 9.36338e-05 3.31233e-05 -2.41837e-05 -7.99886e-05 -0.000129456 -0.00016231 -0.000150274 -8.56001e-05 4.2462e-05 0.000239146 0.000524766 0.000907834 0.00137477 0.00191808 0.00250284 0.00308329 0.00362185 0.00407698 0.00440452 0.00456135 0.0044955 0.0041876 0.003651 0.00291166 0.00200571 0.000978768 -0.00011514 -0.00121804 -0.00226383 -0.00319284 -0.00396294 -0.00455341 -0.00495264 -0.00516682 -0.00520865 -0.00511129 -0.00488083 -0.0045464 -0.00415338 -0.0037105 -0.00324247 -0.0027807 -0.00233569 -0.00193273 -0.00157283 -0.00125486 -0.000988523 -0.000761385 -0.000579977 -0.000430858 -0.000310414 -0.000224282 -0.000151356 -8.577e-05 -4.3607e-05 -9.20829e-06 6.14785e-06 1.20722e-05 2.21593e-05 2.83079e-05 2.6606e-05 3.17912e-05 3.17747e-05 3.3441e-05 3.52879e-05 3.26245e-05 2.93361e-05 3.42901e-05 3.34795e-05 3.56925e-05 3.65858e-05 3.49081e-05 3.56738e-05 3.92508e-05 3.57716e-05 3.89005e-05 4.08179e-05 4.27715e-05 4.60105e-05 4.52471e-05 3.8735e-05 4.47228e-05 4.85047e-05 5.0444e-05 4.89245e-05 3.60314e-05 2.03355e-05 9.40401e-06 -2.27826e-05 -6.28149e-05 -0.00011446 -0.000183438 -0.000268847 -0.000387651 -0.000546963 -0.000734272 -0.000959409 -0.00121869 -0.00152517 -0.00187614 -0.00226695 -0.00270683 -0.00316753 -0.00362693 -0.00407235 -0.00446572 -0.00479113 -0.00502968 -0.00514354 -0.00512156 -0.0049392 -0.00457235 -0.00400622 -0.00325249 -0.00233971 -0.00131074 -0.000217012 0.000873704 0.00191227 0.00285677 0.00364459 0.00421574 0.00454938 0.00465134 0.00453227 0.00422959 0.00379741 0.00327905 0.00270721 0.00211727 0.00155786 0.00108788 0.00071356 0.000428591 0.00022393 7.97471e-05 3.13518e-06 -9.03964e-06 3.10853e-05 8.40235e-05 0.000132083 0.000180263 0.000231368 0.000295967 0.000348858 0.000379894 0.000390682 0.000394358 0.000412303 0.000431769 0.00043218 0.000412051 0.000398561 0.000400917 0.000401115 0.000395668 0.00037699 0.000358369 0.00035956 0.00036392 0.000353004 0.000329918 0.000325812 0.000331538 0.000331262 0.000322358 0.000306199 0.000308349 0.000320241 0.000324708 0.000308093 
0 1.36083e-05 3.94885e-05 7.29121e-05 8.62898e-05 0.000104733 0.000122231 0.000152087 0.000180038 0.000197962 0.000214004 0.000239093 0.000279965 0.000299554 0.000318783 0.000346593 0.000381686 0.000410833 0.000438407 0.000456635 0.000471684 0.000503084 0.000521409 0.000511908 0.00048729 0.000474928 0.000436496 0.000382351 0.000295707 0.000187595 7.81571e-05 -2.80296e-05 -0.000124307 -0.000228376 -0.000280312 -0.000266843 -0.000132812 0.00012328 0.000517055 0.00108233 0.00182016 0.00273553 0.00381184 0.00496915 0.00611143 0.00716991 0.00807071 0.00871688 0.00899221 0.00886485 0.00826739 0.00722219 0.00574076 0.00392928 0.00190696 -0.000251775 -0.00241608 -0.00445765 -0.0062903 -0.00782635 -0.00900173 -0.00979894 -0.010227 -0.0103358 -0.0101388 -0.00970308 -0.00906018 -0.00828128 -0.00740572 -0.0064894 -0.00555859 -0.00467495 -0.00387065 -0.00315935 -0.0025298 -0.00200847 -0.00156392 -0.00118613 -0.000875013 -0.00062647 -0.000432502 -0.000290154 -0.00017717 -8.55449e-05 -3.2562e-05 6.20646e-07 3.18109e-05 5.28823e-05 6.51314e-05 7.38954e-05 6.35341e-05 6.69741e-05 7.29681e-05 7.35791e-05 7.45233e-05 7.79809e-05 7.24625e-05 7.89795e-05 7.52449e-05 7.27953e-05 7.62923e-05 8.36066e-05 8.37891e-05 9.12815e-05 8.38673e-05 8.46059e-05 9.21851e-05 9.5692e-05 9.50211e-05 0.000100408 9.58155e-05 0.000105184 0.000104956 8.60057e-05 6.6461e-05 5.10322e-05 2.14389e-05 -2.45837e-05 -0.0001109 -0.000237366 -0.000381881 -0.000564043 -0.000809188 -0.00111029 -0.00147591 -0.00192384 -0.00244293 -0.00306291 -0.00377045 -0.00456382 -0.00542663 -0.00634072 -0.00724844 -0.00810893 -0.00887495 -0.00952559 -0.00997443 -0.010201 -0.0101458 -0.00976928 -0.00902238 -0.00790634 -0.00643734 -0.00464614 -0.0026148 -0.000457048 0.00172921 0.00379697 0.00564353 0.00718336 0.00830525 0.00898689 0.00918243 0.00895562 0.00837136 0.00751914 0.00648244 0.00535248 0.004209 0.0031411 0.00221307 0.00146202 0.00088023 0.000470921 0.000207268 5.61292e-05 3.4233e-05 7.85597e-05 0.000169418 0.000264886 0.000375115 0.000487542 0.000594898 0.000684653 0.000743014 0.00078781 0.000812571 0.000838808 0.000853959 0.000847647 0.000821448 0.000815238 0.000808402 0.000790644 0.000769929 0.000748042 0.000730961 0.00071954 0.000718991 0.000691633 0.000675199 0.00067241 0.000669176 0.000658663 0.000646421 0.00064285 0.000630669 0.000639085 0.000635273 0.000622638 
0 4.43884e-05 7.29121e-05 8.19717e-05 0.000116219 0.000166597 0.000209934 0.000223876 0.000245127 0.000293315 0.000338223 0.000378472 0.000405857 0.00043475 0.000482362 0.000539841 0.000581636 0.000605009 0.000649272 0.000694765 0.000723903 0.000758454 0.000771049 0.000765039 0.000749211 0.000728398 0.000670126 0.0005729 0.000464897 0.000314543 0.00015851 -1.33728e-06 -0.000156895 -0.000286719 -0.000364216 -0.000323761 -0.00013637 0.000238887 0.000823801 0.00166499 0.00277225 0.00411024 0.00566499 0.00735024 0.00903397 0.0105912 0.0118875 0.012796 0.0132095 0.013004 0.0121206 0.0105769 0.00843004 0.00578867 0.0028018 -0.000363655 -0.00353707 -0.00654113 -0.00922276 -0.0114722 -0.0132238 -0.0144315 -0.0150995 -0.0152625 -0.0150128 -0.0143823 -0.0134529 -0.0123433 -0.0110784 -0.00972556 -0.00837282 -0.00706191 -0.00586959 -0.00480643 -0.00386924 -0.00307756 -0.00239399 -0.00183057 -0.00135901 -0.000975741 -0.000697452 -0.000471382 -0.00027889 -0.00015379 -5.49544e-05 -3.50826e-06 2.63275e-05 6.58734e-05 9.13945e-05 9.1949e-05 0.000104058 0.000103092 0.000106291 0.000110649 0.000104011 9.66843e-05 0.00010974 0.000109301 0.000115106 0.000117424 0.000112978 0.000115305 0.000123992 0.000115646 0.000122925 0.000128631 0.000136057 0.000147583 0.000147534 0.000131123 0.000141182 0.000144533 0.00014264 0.00013326 9.86565e-05 5.87897e-05 2.56015e-05 -7.00435e-05 -0.000201898 -0.000378247 -0.000608036 -0.000885225 -0.00125019 -0.00172096 -0.00227526 -0.00294617 -0.00373113 -0.0046628 -0.0057255 -0.00689487 -0.00818139 -0.00950688 -0.0108141 -0.0120739 -0.0131923 -0.0141196 -0.0147862 -0.0150803 -0.014963 -0.0143746 -0.0132638 -0.0116049 -0.00943027 -0.00680722 -0.0038369 -0.000657363 0.0025327 0.0055629 0.00829057 0.0105446 0.0121798 0.0131574 0.0134913 0.0131955 0.0123492 0.0110944 0.00957751 0.00793075 0.00626912 0.00470479 0.00335586 0.00223597 0.00136407 0.000759229 0.00037163 0.000173315 0.000116223 0.000171445 0.000282685 0.000431941 0.000608421 0.000767505 0.000914513 0.00102308 0.00111709 0.00119767 0.00124234 0.0012673 0.00127175 0.00126295 0.0012465 0.00123965 0.00122146 0.00117475 0.00114894 0.00113358 0.00110827 0.00108557 0.00105986 0.00103841 0.00102187 0.0010231 0.000999733 0.000970849 0.000975473 0.000973499 0.000961363 0.000941036 0.000943046 0.000941875 
0 5.38027e-05 8.62898e-05 0.000116219 0.00015297 0.000221547 0.000265685 0.00029481 0.000334929 0.000396173 0.000454548 0.000494593 0.000544147 0.000589273 0.000656081 0.000720537 0.000766002 0.000805634 0.000875366 0.000941837 0.000976587 0.00100964 0.00103413 0.00104594 0.00103588 0.00100579 0.000904299 0.000788711 0.000654687 0.000484056 0.000273716 4.23093e-05 -0.000155659 -0.000316822 -0.000367082 -0.000308919 -6.03091e-05 0.000419586 0.00119035 0.00230834 0.00374787 0.00548252 0.00747988 0.00962669 0.0117725 0.0137752 0.0154605 0.0166291 0.0170898 0.0167961 0.0156532 0.0136862 0.010909 0.00749127 0.00364667 -0.000457381 -0.00456691 -0.0084387 -0.0119128 -0.0148459 -0.0171337 -0.0187364 -0.0196533 -0.0199507 -0.0196597 -0.0188931 -0.0177251 -0.0162919 -0.0146722 -0.0129636 -0.0112172 -0.00953131 -0.00796554 -0.00655088 -0.00528454 -0.00421569 -0.00330154 -0.00252978 -0.00189594 -0.00138928 -0.000991423 -0.000686189 -0.000437374 -0.000238411 -0.00011335 -3.35043e-05 3.34911e-05 8.06139e-05 0.000108784 0.000125384 0.000113755 0.000122292 0.000134967 0.000138217 0.000139076 0.000142652 0.000135918 0.000146498 0.000142496 0.000139202 0.000143872 0.000155317 0.00015769 0.000169425 0.000160057 0.000161411 0.000173071 0.000179188 0.00017832 0.000185415 0.000180245 0.000194307 0.000191292 0.000154097 0.000106801 5.78523e-05 -1.82184e-05 -0.000130432 -0.000312753 -0.000567229 -0.000867072 -0.00124731 -0.00175457 -0.00238443 -0.00314647 -0.00406606 -0.00512348 -0.00635839 -0.00774736 -0.00928296 -0.0109358 -0.0126627 -0.0143622 -0.015961 -0.0173734 -0.0185506 -0.0193432 -0.0196928 -0.0194979 -0.0186886 -0.0171879 -0.0150051 -0.0121821 -0.00878279 -0.00494475 -0.000858669 0.00328473 0.00721219 0.0107152 0.013621 0.0157432 0.0170464 0.0174699 0.0171075 0.0160598 0.0144782 0.0125287 0.0104022 0.0082652 0.00627025 0.00451551 0.00305882 0.00191614 0.00111877 0.000618068 0.000332858 0.000258353 0.000304348 0.00045423 0.00064668 0.000869803 0.00107474 0.00124938 0.00139842 0.00152054 0.00162557 0.00167233 0.00169194 0.00169917 0.00170037 0.00168068 0.00166435 0.00162169 0.0015723 0.00155067 0.0015316 0.00148978 0.00143977 0.00142197 0.00139092 0.00137305 0.00135272 0.00132005 0.00129518 0.00129295 0.00129755 0.0012666 0.00125883 0.00125651 0.00125922 
0 4.12872e-05 0.000104733 0.000166597 0.000221547 0.000265129 0.000316963 0.000376097 0.000445187 0.000507839 0.000550449 0.000611056 0.000687755 0.000758108 0.000824348 0.000893181 0.000959363 0.00102341 0.0011107 0.00118416 0.00122356 0.00127036 0.00130494 0.0013221 0.00131257 0.00126871 0.00116359 0.00102343 0.000881623 0.000680065 0.000438627 0.000176589 -5.83087e-05 -0.000221591 -0.000281301 -0.000182153 0.000122107 0.000710129 0.00164594 0.00299474 0.00474197 0.00681921 0.00918902 0.0117445 0.0143116 0.0166974 0.0186731 0.0200189 0.0205686 0.0201819 0.0187895 0.016408 0.0130994 0.00901562 0.00438368 -0.000538061 -0.00546767 -0.0101288 -0.0143016 -0.0178391 -0.0206467 -0.022654 -0.0238468 -0.0242608 -0.0240018 -0.0231361 -0.0217884 -0.0201302 -0.0182246 -0.0161716 -0.0140848 -0.012032 -0.0101164 -0.00836915 -0.00680324 -0.00545516 -0.00428928 -0.00331474 -0.0025033 -0.00184509 -0.00134601 -0.000939064 -0.000597254 -0.000354573 -0.000174042 -6.64034e-05 5.21967e-06 7.72373e-05 0.000124159 0.000136388 0.000153417 0.000159555 0.00016905 0.000176832 0.000169032 0.000160536 0.000173993 0.00017674 0.000183842 0.000186787 0.000182072 0.000187022 0.000198289 0.000193093 0.000201287 0.000208599 0.000218441 0.00023246 0.000231583 0.000214166 0.000221997 0.000224603 0.0002159 0.000187998 0.000122517 4.11675e-05 -5.02179e-05 -0.000225559 -0.00046672 -0.000782741 -0.00118449 -0.00167804 -0.00232002 -0.00313288 -0.00409866 -0.00525082 -0.00658329 -0.00812723 -0.00985557 -0.0117314 -0.0137503 -0.0158057 -0.0178077 -0.0197007 -0.0213625 -0.0227122 -0.0236299 -0.0239635 -0.0236418 -0.0225845 -0.0207285 -0.018058 -0.014629 -0.0105423 -0.00593819 -0.00101598 0.0039412 0.00865278 0.012878 0.0163651 0.0189119 0.0204638 0.0210336 0.0206517 0.0194254 0.0175468 0.0152375 0.0127179 0.0101783 0.00778875 0.00569781 0.00394151 0.00256056 0.00159129 0.000966433 0.000624775 0.000500569 0.000549538 0.000704753 0.00092542 0.00117987 0.00140948 0.00162181 0.00179299 0.00194162 0.00205543 0.00210752 0.00213314 0.00214632 0.00214447 0.00211453 0.00207853 0.0020312 0.00197418 0.00194801 0.00191417 0.00185115 0.00180508 0.00178311 0.00175764 0.00171549 0.00169165 0.00166667 0.00164485 0.0016383 0.00161326 0.00159416 0.0015893 0.00159294 0.00157058 
0 4.60423e-05 0.000122231 0.000209934 0.000265685 0.000316963 0.000378224 0.000461416 0.00054221 0.000603933 0.000662008 0.00074195 0.000840957 0.000913425 0.000986034 0.00107547 0.00116958 0.00125256 0.00134118 0.00142007 0.00148517 0.00155749 0.00160472 0.00161311 0.00159484 0.00156255 0.00146137 0.00131843 0.00113528 0.000905233 0.000645759 0.000378197 0.000143758 -4.18333e-05 -9.44061e-05 2.67222e-05 0.000411695 0.00111722 0.00220776 0.00374747 0.00572076 0.00808846 0.0107948 0.0136927 0.0165823 0.019258 0.021477 0.0229803 0.0235456 0.0230815 0.021486 0.0187694 0.0149723 0.0102985 0.00502401 -0.000590419 -0.00621378 -0.0115327 -0.01633 -0.0204331 -0.0237128 -0.0260985 -0.0275677 -0.0281736 -0.0279749 -0.0270947 -0.025649 -0.0238068 -0.0216734 -0.0193668 -0.0169738 -0.0146117 -0.0123728 -0.0103097 -0.00844249 -0.00682168 -0.00541262 -0.00420777 -0.00320217 -0.00238799 -0.00174601 -0.00124046 -0.00083011 -0.000511469 -0.000292595 -0.000143055 -2.3093e-05 7.01185e-05 0.000130445 0.000160846 0.000162364 0.000176162 0.000193813 0.000202071 0.00020284 0.000203882 0.000202082 0.000212158 0.000211522 0.000209789 0.000213508 0.000225642 0.00023294 0.000243378 0.000238689 0.000241325 0.000254135 0.000264386 0.000265302 0.000266353 0.000258486 0.0002596 0.000239551 0.000180939 9.90724e-05 2.26206e-06 -0.000134959 -0.000342125 -0.000650807 -0.00106604 -0.00157094 -0.00219793 -0.0029993 -0.0039838 -0.00516151 -0.00656186 -0.00817215 -0.0100167 -0.0120573 -0.0142596 -0.0165746 -0.0189249 -0.0211936 -0.0232957 -0.0251264 -0.0265998 -0.0275379 -0.0278249 -0.0273472 -0.0260272 -0.0237984 -0.02068 -0.0167329 -0.0120448 -0.00677426 -0.00115458 0.00453097 0.00992311 0.0147266 0.0186971 0.0216216 0.0234434 0.0241148 0.0237172 0.0223729 0.0202817 0.0176824 0.0148365 0.0119708 0.0092779 0.00688935 0.00487864 0.003288 0.0021577 0.0014282 0.001006 0.000853934 0.000879781 0.00104009 0.00126837 0.00154076 0.00180503 0.00203998 0.00223306 0.00238313 0.00250289 0.00256723 0.00260382 0.00261329 0.00259007 0.00254053 0.00250731 0.00246329 0.00239941 0.00234292 0.00228907 0.00223286 0.00218826 0.00216078 0.00210548 0.00205903 0.00203632 0.00201658 0.00198908 0.00196138 0.00193846 0.00191571 0.00192311 0.00191715 0.00188948 
0 7.47202e-05 0.000152087 0.000223876 0.00029481 0.000376097 0.000461416 0.00054012 0.000617642 0.000700517 0.000788964 0.000888053 0.000985696 0.00106751 0.00115882 0.00127098 0.00138367 0.00148112 0.0015783 0.00166928 0.00175484 0.00185085 0.00191363 0.0019263 0.00191122 0.00188327 0.00180122 0.00165649 0.00146063 0.00120791 0.00093806 0.000673302 0.00043478 0.000251641 0.000198071 0.000358548 0.000810506 0.00161656 0.00283338 0.0045253 0.00669329 0.0092904 0.0122453 0.015402 0.0185387 0.0214235 0.0237971 0.0253953 0.0259983 0.025454 0.0236718 0.0206618 0.0165013 0.0113853 0.00559141 -0.000576389 -0.00677103 -0.0126589 -0.0179818 -0.0225608 -0.0262694 -0.0290217 -0.030786 -0.0315946 -0.0315295 -0.03069 -0.029216 -0.0272873 -0.0250123 -0.0225089 -0.0198937 -0.0172697 -0.0147467 -0.0123856 -0.0102258 -0.00831609 -0.00664471 -0.00521456 -0.00401597 -0.00303818 -0.00226482 -0.00163691 -0.00112003 -0.000724752 -0.000437626 -0.000241226 -9.49801e-05 2.6109e-05 0.000107648 0.000147509 0.000170224 0.00018903 0.000207621 0.000218893 0.000215756 0.000212118 0.000220386 0.00022945 0.00023603 0.000238344 0.00023695 0.000244107 0.000253782 0.000257342 0.00026224 0.000269572 0.000281556 0.000294361 0.00029328 0.000281518 0.000275404 0.000266087 0.000235709 0.000169354 6.00595e-05 -8.03285e-05 -0.000264515 -0.000542101 -0.000925122 -0.00142132 -0.0020379 -0.00280112 -0.00376777 -0.00495843 -0.00637195 -0.00802634 -0.00991348 -0.0120407 -0.0143664 -0.0168398 -0.0194167 -0.0219896 -0.0244466 -0.0267012 -0.0286341 -0.0301359 -0.0310464 -0.031213 -0.0305378 -0.0289448 -0.0263804 -0.0228516 -0.0184264 -0.013219 -0.00739746 -0.00120888 0.00502081 0.0109353 0.0162253 0.0206054 0.0238485 0.0258712 0.0266602 0.0262729 0.0248472 0.022607 0.0198159 0.0167397 0.0136137 0.0106553 0.00803637 0.00583513 0.00409347 0.00283326 0.00199337 0.00150555 0.00131188 0.00133459 0.00149058 0.0017177 0.00198831 0.00226114 0.00251656 0.00271862 0.00287029 0.00298051 0.00304585 0.00308562 0.00309097 0.00305202 0.0029889 0.00294758 0.00290421 0.00282968 0.00275068 0.00268167 0.00262483 0.00258092 0.00252952 0.00245989 0.00240896 0.0023903 0.00235932 0.00231357 0.0022867 0.00227008 0.00225224 0.00223947 0.00223223 0.00221919 
0 0.000102451 0.000180038 0.000245127 0.000334929 0.000445187 0.00054221 0.000617642 0.000704563 0.000813023 0.000920506 0.00102198 0.00112515 0.00123371 0.00134939 0.00146946 0.00158791 0.00170822 0.00183317 0.00194401 0.00204119 0.00214517 0.00222897 0.00226729 0.00226774 0.00223882 0.00216208 0.00202951 0.0018452 0.00160059 0.00133038 0.00106741 0.000836543 0.000674409 0.000647743 0.000846338 0.00134725 0.00222036 0.00352628 0.00532342 0.00761998 0.0103728 0.0134959 0.0168182 0.0201083 0.0231252 0.0256037 0.0272655 0.0278745 0.0272598 0.0253343 0.0221028 0.0176614 0.0122143 0.00604389 -0.000531236 -0.00715603 -0.0134832 -0.0192357 -0.0242194 -0.0282981 -0.0313837 -0.0334447 -0.0345018 -0.0346265 -0.0339093 -0.0324929 -0.0305492 -0.0282054 -0.0255823 -0.0228018 -0.0199725 -0.0172071 -0.0145788 -0.0121461 -0.00996128 -0.00803227 -0.00636504 -0.00495612 -0.0037964 -0.00286428 -0.00210315 -0.00147852 -0.000994033 -0.000635561 -0.000380348 -0.00018769 -3.31915e-05 7.30867e-05 0.000130244 0.000164955 0.000191842 0.000217193 0.000233524 0.000234898 0.000232963 0.000240681 0.000248449 0.000254971 0.000257488 0.000258599 0.000267131 0.000279207 0.000284452 0.000289825 0.000295693 0.000305593 0.000315981 0.000314584 0.000301208 0.000289283 0.000267613 0.000219599 0.000128987 -1.14368e-05 -0.000195308 -0.000437858 -0.000785825 -0.00125614 -0.00185804 -0.00260311 -0.00352214 -0.00466919 -0.00606877 -0.00772071 -0.00963085 -0.011788 -0.0141797 -0.0167598 -0.0194693 -0.0222503 -0.0249919 -0.027576 -0.0298996 -0.0318445 -0.0332898 -0.0340849 -0.0340811 -0.0331847 -0.0313197 -0.028439 -0.0245519 -0.0197298 -0.0140978 -0.0078414 -0.00122311 0.00541786 0.0117233 0.01737 0.0220605 0.0255599 0.0277523 0.028624 0.0282459 0.026783 0.0244705 0.0215719 0.0183495 0.0150516 0.0119174 0.00914158 0.0068174 0.00497939 0.00362467 0.00269611 0.00214157 0.00190657 0.00191339 0.00206009 0.00227634 0.00252915 0.00279232 0.00304674 0.00325545 0.00340902 0.00350682 0.00355558 0.00357848 0.00357749 0.00353855 0.00346926 0.0033999 0.00332891 0.00324829 0.00317265 0.00309774 0.00302006 0.00295484 0.00289623 0.00283551 0.0027843 0.00274807 0.0027007 0.00265309 0.0026328 0.00261807 0.00259086 0.00256128 0.00255161 0.00255267 
0 0.00010533 0.000197962 0.000293315 0.000396173 0.000507839 0.000603933 0.000700517 0.000813023 0.000932513 0.00104457 0.00114988 0.00127308 0.00140784 0.00154483 0.0016752 0.00180269 0.00194321 0.00209414 0.00223354 0.00235334 0.00246109 0.00255928 0.00262796 0.00265934 0.00264686 0.00257686 0.00246374 0.00229685 0.00208503 0.00183687 0.00158879 0.00137691 0.00123426 0.00124043 0.0014632 0.00199607 0.00290485 0.00425796 0.0061054 0.00845513 0.0112823 0.0144919 0.0178986 0.0212642 0.0243373 0.0268571 0.0285466 0.0291453 0.0284923 0.0264779 0.0231028 0.0184688 0.0128016 0.0063938 -0.000443936 -0.00735421 -0.013989 -0.0200748 -0.0253951 -0.0297935 -0.0331836 -0.0355297 -0.0368606 -0.0372145 -0.0366993 -0.0354372 -0.0335697 -0.0312413 -0.0285742 -0.0256787 -0.0226985 -0.019738 -0.0168876 -0.0142165 -0.0117784 -0.0095989 -0.00768262 -0.00604591 -0.00468703 -0.00357143 -0.0026646 -0.00192727 -0.00133673 -0.000902221 -0.000577671 -0.000323176 -0.000130973 5.46398e-06 9.38449e-05 0.000137067 0.00017836 0.000213308 0.000231662 0.000240097 0.00024514 0.000244698 0.000257761 0.00026196 0.000262775 0.000269856 0.000280295 0.000288741 0.000303353 0.000303446 0.000308603 0.000319847 0.000324186 0.000318942 0.000308818 0.000278468 0.000242463 0.000172298 4.57317e-05 -0.000129023 -0.000358014 -0.000674167 -0.00109554 -0.00166762 -0.00239867 -0.00329061 -0.00438786 -0.00573309 -0.0073432 -0.0092292 -0.0113836 -0.0137941 -0.0164301 -0.0192367 -0.0221498 -0.025072 -0.0279107 -0.0305404 -0.0328401 -0.034711 -0.0360298 -0.0366367 -0.0364186 -0.0352693 -0.0331271 -0.029949 -0.0257582 -0.0206262 -0.0146728 -0.0080996 -0.00118695 0.00573882 0.012308 0.0181823 0.0230699 0.0267351 0.029054 0.0299889 0.0296391 0.0281768 0.025838 0.0228885 0.0195983 0.0162297 0.0130283 0.0101758 0.00778536 0.0058894 0.00447964 0.00351394 0.00292398 0.00266126 0.00262781 0.0027471 0.00294577 0.00318415 0.00343321 0.00365723 0.00384815 0.00398988 0.00408071 0.00411566 0.0041106 0.00408502 0.00403768 0.00396668 0.00387535 0.00376801 0.00367318 0.00359863 0.00352144 0.00342345 0.00332886 0.00326996 0.00321928 0.00316626 0.0031032 0.00304924 0.00301555 0.00299145 0.00296593 0.00292656 0.00290437 0.00288993 0.00288369 
0 9.47489e-05 0.000214004 0.000338223 0.000454548 0.000550449 0.000662008 0.000788964 0.000920506 0.00104457 0.00116614 0.00130032 0.00143686 0.00158386 0.00173719 0.00189447 0.00204369 0.00219539 0.00235836 0.00253082 0.00268545 0.00281363 0.00292371 0.00302171 0.00309786 0.00311362 0.0030802 0.0029809 0.00284852 0.00267166 0.00246114 0.00224158 0.00203863 0.00192709 0.0019415 0.00218718 0.00271881 0.00362575 0.0049783 0.00681999 0.00917163 0.0119932 0.0151876 0.0185937 0.0219703 0.0250461 0.0275501 0.0292206 0.0298353 0.0291555 0.0271025 0.0236584 0.0189612 0.0132069 0.00667272 -0.000293246 -0.00736023 -0.0142038 -0.0205168 -0.0260846 -0.0307571 -0.034426 -0.0370597 -0.0386602 -0.0393034 -0.0390385 -0.0379986 -0.0363065 -0.0340851 -0.0314415 -0.0285305 -0.0254596 -0.0223613 -0.0193283 -0.016447 -0.0137623 -0.0113309 -0.00917504 -0.00730918 -0.00573541 -0.00444094 -0.00336506 -0.00248141 -0.00178672 -0.00124348 -0.000835839 -0.000529458 -0.000282153 -0.000104109 4.20029e-06 8.80288e-05 0.000137286 0.000176205 0.000206333 0.000215882 0.00021766 0.00023459 0.000239034 0.000251013 0.00025826 0.000259701 0.000265626 0.000281409 0.000280951 0.000293497 0.000301507 0.00030588 0.000312317 0.000304602 0.000270431 0.000240248 0.000175525 7.29208e-05 -7.75329e-05 -0.000303461 -0.000603962 -0.000989215 -0.00151903 -0.00220358 -0.00305772 -0.00411673 -0.00540212 -0.00695375 -0.00879942 -0.0109308 -0.0133226 -0.0159659 -0.0188095 -0.0217971 -0.0248377 -0.0278542 -0.0307097 -0.0332982 -0.0355088 -0.0372324 -0.0383308 -0.0387091 -0.0382183 -0.0367917 -0.0343672 -0.0309308 -0.0264838 -0.0210996 -0.014926 -0.00815817 -0.00106678 0.00598892 0.01268 0.0186764 0.0236591 0.027406 0.0297658 0.0307689 0.0304638 0.0290239 0.0266895 0.0237448 0.0204653 0.0171119 0.0139199 0.0110782 0.00867936 0.00677681 0.00536392 0.00440076 0.00383126 0.0035419 0.00348282 0.00355943 0.00374231 0.00396854 0.00418967 0.00437622 0.00451559 0.00463169 0.00470114 0.00472495 0.00469332 0.00462922 0.00455158 0.00447058 0.00437062 0.00425333 0.00413392 0.0040331 0.00394321 0.00384283 0.00374516 0.00365949 0.00360032 0.0035308 0.00346291 0.00340873 0.00337062 0.00333543 0.00328772 0.00326419 0.00324881 0.00323942 0.00321737 
0 0.000110424 0.000239093 0.000378472 0.000494593 0.000611056 0.00074195 0.000888053 0.00102198 0.00114988 0.00130032 0.00145876 0.00161145 0.00176344 0.00193171 0.00211326 0.00229115 0.00246856 0.00264877 0.00283746 0.00302912 0.00318898 0.00333835 0.00347239 0.00358093 0.00364001 0.00364251 0.00360327 0.0035069 0.00338564 0.00321144 0.00301427 0.00284289 0.00274702 0.00279007 0.00301531 0.00351087 0.00435781 0.00565171 0.00743145 0.00970294 0.0124405 0.0155462 0.0188534 0.0221584 0.0251976 0.0276921 0.0293582 0.02993 0.0292566 0.0272305 0.0238272 0.0191479 0.0134078 0.00688507 -0.000106814 -0.00722756 -0.0141452 -0.0205949 -0.0263373 -0.0312049 -0.0351129 -0.0380216 -0.0399459 -0.040888 -0.040939 -0.040189 -0.0387168 -0.0366746 -0.0341698 -0.0312983 -0.0282246 -0.0250433 -0.0218692 -0.018803 -0.0159065 -0.0132482 -0.0108517 -0.00875328 -0.00696476 -0.00544809 -0.00419558 -0.00317021 -0.00232802 -0.00168337 -0.00118044 -0.000781354 -0.000486006 -0.000265562 -0.000104265 -1.28163e-05 6.20999e-05 0.000120219 0.000150507 0.000175729 0.000193838 0.000193594 0.000212517 0.000219611 0.000220461 0.000234746 0.000242706 0.000247274 0.000266003 0.000263558 0.00026789 0.000277035 0.000268253 0.000251669 0.000226436 0.000161163 7.7248e-05 -5.7444e-05 -0.000270427 -0.000548018 -0.000914251 -0.00140987 -0.00203443 -0.00284781 -0.00386539 -0.00509278 -0.00658318 -0.00835894 -0.0104319 -0.0128028 -0.01543 -0.018284 -0.0212928 -0.0243956 -0.027522 -0.0305344 -0.0333553 -0.0358546 -0.0378863 -0.0393751 -0.0402025 -0.0402554 -0.0394756 -0.0377692 -0.0350903 -0.0314081 -0.0267552 -0.0212117 -0.014899 -0.00803905 -0.000912391 0.00617814 0.0128885 0.0188694 0.0238385 0.027586 0.0299754 0.0309666 0.0306752 0.0292781 0.0270042 0.024118 0.0209008 0.0176374 0.0145507 0.0117863 0.00946318 0.00763039 0.00627543 0.00536974 0.00481682 0.00454347 0.00446141 0.00452905 0.00468668 0.00487457 0.00505932 0.00519102 0.00529683 0.00536234 0.00539031 0.00537675 0.00531426 0.00522033 0.00510671 0.00499337 0.00487346 0.00474884 0.00462068 0.00448075 0.00435992 0.00426777 0.00417307 0.00407266 0.00397382 0.00390189 0.00383918 0.00378835 0.0037366 0.00367537 0.00363824 0.00361326 0.0036041 0.00358011 0.00356148 
0 0.000143866 0.000279965 0.000405857 0.000544147 0.000687755 0.000840957 0.000985696 0.00112515 0.00127308 0.00143686 0.00161145 0.00178166 0.00195994 0.00213955 0.0023288 0.00253886 0.00276411 0.00296927 0.00317256 0.00338627 0.00359951 0.00380027 0.0039775 0.00412416 0.00421691 0.00429711 0.00431949 0.00429619 0.00422046 0.00409386 0.00394239 0.00379125 0.00371951 0.00373091 0.00391833 0.00432712 0.00506276 0.00622569 0.00785991 0.00998714 0.0125624 0.0154874 0.0186489 0.0218522 0.0248193 0.0272548 0.0288904 0.0295097 0.0288696 0.026913 0.023605 0.0190677 0.0134556 0.00701906 0.000113275 -0.00694604 -0.0138623 -0.020336 -0.026158 -0.0311872 -0.0353089 -0.038482 -0.0406881 -0.0419771 -0.0423698 -0.0419652 -0.0408198 -0.0390383 -0.0367031 -0.0339651 -0.0309297 -0.0277317 -0.0244846 -0.0212969 -0.0182187 -0.0153502 -0.0127319 -0.0104013 -0.00837424 -0.0066499 -0.00518968 -0.00397957 -0.00300414 -0.00221841 -0.00160758 -0.00114236 -0.000771396 -0.000492059 -0.000296497 -0.000141958 -4.76823e-05 2.09932e-05 7.23817e-05 9.91928e-05 0.000113237 0.000135826 0.000141977 0.000157812 0.000168858 0.000174701 0.000179736 0.000195658 0.000194393 0.000207815 0.00021504 0.000210087 0.000200137 0.000172267 0.00010725 3.60462e-05 -8.92549e-05 -0.00027058 -0.000515914 -0.00086454 -0.0013277 -0.00191763 -0.00268792 -0.00364993 -0.00482398 -0.00625586 -0.00796199 -0.00996032 -0.0122663 -0.0148605 -0.0176813 -0.0207027 -0.023841 -0.0270315 -0.0301685 -0.0331516 -0.0358389 -0.0381331 -0.0399206 -0.0411182 -0.0416025 -0.0413419 -0.0402339 -0.0382323 -0.035292 -0.0314224 -0.0266249 -0.0209752 -0.0146286 -0.0077801 -0.000688283 0.00631195 0.0129229 0.0188163 0.0236856 0.0273415 0.0296331 0.0306169 0.0303388 0.0289705 0.0267474 0.0239556 0.020876 0.0177681 0.0148385 0.0122439 0.0100787 0.00839891 0.00717097 0.00635368 0.00588265 0.00563465 0.00558501 0.00564301 0.00577753 0.00591432 0.00603449 0.00612846 0.00618396 0.00620226 0.00615606 0.00608691 0.00598481 0.0058594 0.00571618 0.00556033 0.00539162 0.00524243 0.00510627 0.00495087 0.00479929 0.00468514 0.00459229 0.00447984 0.00437841 0.0042922 0.00423032 0.00417384 0.00410971 0.00405168 0.0040114 0.00399137 0.0039511 0.00392401 0.00391595 
0 0.000162988 0.000299554 0.00043475 0.000589273 0.000758108 0.000913425 0.00106751 0.00123371 0.00140784 0.00158386 0.00176344 0.00195994 0.00217038 0.00237018 0.00257352 0.00281011 0.00306857 0.00330548 0.00353622 0.00379938 0.00405796 0.00431178 0.00454227 0.00474325 0.00491218 0.00506327 0.00517075 0.00519162 0.00517216 0.0050999 0.00499252 0.00486514 0.00475577 0.00471064 0.00479564 0.00509378 0.00568297 0.0066576 0.008064 0.00994775 0.0123001 0.0150298 0.0179957 0.0210371 0.0238964 0.0262861 0.0279277 0.0285655 0.0280347 0.0262349 0.0231147 0.018758 0.0133401 0.00710693 0.000375943 -0.00653949 -0.0133417 -0.0197876 -0.0256471 -0.0307672 -0.0350576 -0.0384668 -0.0409859 -0.0426059 -0.0433835 -0.0433688 -0.0425723 -0.0411104 -0.039059 -0.0365034 -0.033601 -0.0304506 -0.0271826 -0.0239143 -0.0207087 -0.017662 -0.0148286 -0.0122634 -0.0100024 -0.00803346 -0.00637158 -0.00499063 -0.00384222 -0.00291931 -0.00217895 -0.0015894 -0.0011438 -0.000802026 -0.000541804 -0.000366839 -0.000237699 -0.000138065 -7.57533e-05 -2.3701e-05 1.06933e-05 1.86454e-05 3.62537e-05 4.58231e-05 4.94601e-05 7.08301e-05 8.10702e-05 8.9637e-05 0.000105531 0.000100812 9.69097e-05 9.04577e-05 5.95814e-05 1.93546e-05 -4.41796e-05 -0.000158167 -0.000320079 -0.000555685 -0.000888277 -0.00131396 -0.00186794 -0.00258756 -0.00348174 -0.00460304 -0.00597856 -0.00762146 -0.00956452 -0.0117977 -0.014319 -0.0171081 -0.0201036 -0.0232587 -0.0264736 -0.0296775 -0.0327816 -0.0356252 -0.0381259 -0.0401713 -0.0416355 -0.0424768 -0.0426038 -0.0419671 -0.0405386 -0.0382491 -0.0350726 -0.0310104 -0.0261067 -0.0204474 -0.0141402 -0.00738733 -0.000437741 0.00642235 0.0128706 0.0185531 0.0232112 0.0266947 0.0288895 0.029779 0.0294662 0.028123 0.0259792 0.0232998 0.0203659 0.0174614 0.0147694 0.0124033 0.010464 0.00899399 0.00794807 0.00729133 0.00693403 0.00679303 0.00679155 0.0068734 0.00698528 0.0070795 0.0071587 0.00719314 0.00719691 0.00713061 0.00701018 0.00687765 0.00672543 0.00655044 0.0063601 0.00616899 0.00596045 0.00577152 0.00561561 0.00545269 0.00528585 0.00514028 0.00501045 0.00489679 0.00479775 0.00470566 0.00460851 0.00453326 0.00447631 0.00441956 0.00438231 0.00434177 0.00430072 0.00427134 0.0042785 
0 0.000161022 0.000318783 0.000482362 0.000656081 0.000824348 0.000986034 0.00115882 0.00134939 0.00154483 0.00173719 0.00193171 0.00213955 0.00237018 0.00260858 0.00284996 0.0031058 0.00337701 0.00364828 0.00394537 0.00426364 0.00456719 0.00486511 0.00516665 0.00545573 0.00570829 0.00595298 0.00613064 0.00622385 0.00626231 0.00624722 0.00617284 0.00602921 0.00586452 0.00570192 0.00564469 0.00576347 0.0061371 0.00685072 0.00796436 0.00955361 0.011624 0.0140917 0.0168474 0.0197251 0.0224658 0.0247909 0.0264468 0.0271977 0.0268095 0.0251993 0.0223192 0.0182535 0.0131273 0.00715773 0.000671446 -0.00603169 -0.012679 -0.0190081 -0.0248233 -0.0300014 -0.0344357 -0.0380654 -0.0408575 -0.0428209 -0.0439714 -0.0443566 -0.0439727 -0.042893 -0.0411692 -0.0389027 -0.0361949 -0.0331627 -0.0299361 -0.0266351 -0.0233272 -0.0201338 -0.0171228 -0.0143549 -0.0118663 -0.00967226 -0.0077778 -0.00618126 -0.00485498 -0.00376168 -0.00288271 -0.00219229 -0.00164769 -0.00122404 -0.000900486 -0.000654113 -0.000489255 -0.000370411 -0.0002865 -0.000227875 -0.000187025 -0.000154833 -0.000133643 -0.000111631 -9.82992e-05 -8.6853e-05 -8.44066e-05 -7.6644e-05 -7.68484e-05 -7.29621e-05 -7.32106e-05 -9.03166e-05 -0.000128115 -0.000190687 -0.000299563 -0.000445361 -0.000663172 -0.000963112 -0.00135559 -0.00187543 -0.00255224 -0.00340844 -0.00447787 -0.00578134 -0.00734572 -0.00920815 -0.0113767 -0.0138344 -0.0165692 -0.0195462 -0.0226829 -0.0259226 -0.0291598 -0.032318 -0.035291 -0.037951 -0.04018 -0.0418947 -0.0430041 -0.0434668 -0.0431998 -0.042203 -0.0404341 -0.0378556 -0.0344545 -0.0302644 -0.0253102 -0.0196669 -0.0134596 -0.00686507 -0.000118173 0.00648757 0.012662 0.0180807 0.0224856 0.025738 0.0277263 0.0284953 0.0281164 0.0267625 0.0246715 0.022118 0.0193749 0.0166949 0.0142562 0.0121785 0.0105413 0.00936445 0.00857621 0.00813256 0.00796646 0.00796704 0.00807414 0.0081977 0.00831385 0.00838761 0.00842129 0.00839915 0.00831711 0.00817032 0.00796752 0.00776836 0.00754945 0.00729944 0.00704604 0.00681099 0.00657279 0.00634518 0.00614324 0.00595204 0.00577634 0.00561444 0.00545367 0.00531512 0.00522027 0.00512151 0.0050042 0.0049144 0.00486082 0.00480639 0.00474986 0.0047069 0.00467014 0.00464612 0.00463987 
0 0.000162864 0.000346593 0.000539841 0.000720537 0.000893181 0.00107547 0.00127098 0.00146946 0.0016752 0.00189447 0.00211326 0.0023288 0.00257352 0.00284996 0.00313166 0.00341086 0.00370773 0.00403424 0.00439539 0.00476959 0.00512589 0.00549698 0.00589052 0.0062713 0.00661315 0.00693794 0.00720392 0.00738041 0.00748733 0.00750249 0.00741521 0.00722944 0.00698001 0.00668131 0.00641963 0.0062846 0.00636559 0.00675446 0.00752022 0.00875658 0.0104952 0.0126754 0.0151882 0.0178859 0.0205267 0.022837 0.0245559 0.0254331 0.0252499 0.0238995 0.02132 0.0175735 0.0127813 0.00714257 0.000959522 -0.00547812 -0.0119022 -0.0180738 -0.0238008 -0.0289716 -0.0334983 -0.0373177 -0.0403838 -0.0426794 -0.0442143 -0.0450086 -0.0450414 -0.0443748 -0.0430464 -0.0411157 -0.0386762 -0.0358282 -0.032705 -0.0294324 -0.0260908 -0.0227984 -0.0196393 -0.01668 -0.0139691 -0.0115343 -0.00940964 -0.00759926 -0.00607425 -0.00480194 -0.00376277 -0.00293223 -0.00228 -0.00176704 -0.00136643 -0.00106351 -0.000848823 -0.000688782 -0.00057623 -0.000491237 -0.000432775 -0.000396916 -0.000370237 -0.000348141 -0.000335097 -0.000316642 -0.000309643 -0.000301607 -0.000299241 -0.000305438 -0.000319625 -0.000351695 -0.000413609 -0.000501003 -0.000637286 -0.000830333 -0.00110721 -0.00148284 -0.00197188 -0.00259932 -0.0034056 -0.00441883 -0.00566396 -0.0071644 -0.00895006 -0.0110436 -0.0134439 -0.016114 -0.0190289 -0.022145 -0.0253824 -0.0286626 -0.0318686 -0.0349164 -0.0377049 -0.0400988 -0.0420068 -0.0433532 -0.0440612 -0.0441076 -0.0434368 -0.0420596 -0.0399681 -0.0371349 -0.0335569 -0.0292673 -0.0243023 -0.0187343 -0.0126664 -0.00627585 0.000209689 0.00651953 0.0123728 0.0174547 0.0215388 0.0245075 0.0262608 0.026821 0.0262962 0.0248922 0.0228556 0.0204358 0.0178838 0.0154488 0.0132998 0.011551 0.0102721 0.0094535 0.00899459 0.00883508 0.00890129 0.00909529 0.00934541 0.00956918 0.0097331 0.00981118 0.00980936 0.009719 0.00956126 0.00933688 0.00905903 0.00876676 0.00844945 0.00811522 0.00779741 0.00750715 0.00721732 0.00694504 0.00669723 0.00646281 0.0062631 0.00609717 0.00592545 0.00576013 0.00563942 0.00553605 0.00542317 0.00533123 0.00526495 0.00519275 0.00512743 0.00508712 0.00506071 0.00503096 0.00500595 
0 0.000183458 0.000381686 0.000581636 0.000766002 0.000959363 0.00116958 0.00138367 0.00158791 0.00180269 0.00204369 0.00229115 0.00253886 0.00281011 0.0031058 0.00341086 0.00373501 0.00409282 0.00447707 0.00488189 0.0053131 0.00575121 0.00621892 0.00671074 0.00718752 0.00762816 0.00803766 0.00839608 0.00865645 0.00882099 0.00884166 0.00870335 0.00842648 0.0080328 0.0075426 0.00701645 0.00656009 0.00627718 0.00627993 0.00665558 0.00750774 0.00889161 0.010774 0.0130526 0.0155864 0.0181394 0.0204507 0.0222745 0.0233411 0.0234249 0.0223763 0.0201365 0.0167513 0.0123372 0.00707998 0.00125195 -0.00487488 -0.0110428 -0.0170303 -0.0226462 -0.0277833 -0.0323667 -0.036327 -0.0396237 -0.0422231 -0.0441347 -0.0453465 -0.0458199 -0.0455926 -0.0446918 -0.0431428 -0.0410336 -0.038443 -0.0354993 -0.0323209 -0.0289969 -0.0256461 -0.0223725 -0.0192507 -0.0163407 -0.0136792 -0.0113227 -0.00928583 -0.00754208 -0.00607215 -0.0048562 -0.00387281 -0.00309917 -0.00248361 -0.00199087 -0.0016175 -0.00133899 -0.0011303 -0.000983507 -0.000871029 -0.000792144 -0.000748423 -0.000710367 -0.000684956 -0.000669548 -0.000647073 -0.000637089 -0.000632277 -0.000628397 -0.000645236 -0.000673282 -0.000723566 -0.000814342 -0.000937981 -0.00111296 -0.00136565 -0.00171046 -0.00217094 -0.00276668 -0.00351817 -0.00447369 -0.00566634 -0.00710552 -0.00881668 -0.0108274 -0.0131506 -0.0157757 -0.018645 -0.0217154 -0.0249321 -0.0282158 -0.031475 -0.0345901 -0.0374688 -0.0400153 -0.0420859 -0.0436129 -0.0445364 -0.0448103 -0.0444312 -0.0433711 -0.0416377 -0.0392482 -0.0361778 -0.0324443 -0.0280828 -0.0231387 -0.0176767 -0.0117842 -0.00563624 0.000544564 0.0065115 0.0119959 0.0167047 0.0204293 0.0230522 0.024506 0.0248112 0.0241119 0.0226204 0.0205907 0.0182651 0.0158876 0.013702 0.0118651 0.0104738 0.00958553 0.00916342 0.00909117 0.00929216 0.00967021 0.010126 0.010567 0.0109385 0.0111979 0.0113176 0.0112999 0.0111522 0.0109247 0.0106211 0.0102627 0.00986714 0.00943954 0.00901433 0.00863116 0.00827502 0.00791026 0.00757765 0.00729333 0.00702302 0.00677929 0.00658548 0.00640525 0.00622524 0.00606894 0.00594827 0.00584232 0.00575207 0.00566622 0.0055766 0.0055163 0.00547844 0.00544779 0.00541026 0.00538687 
0 0.00020868 0.000410833 0.000605009 0.000805634 0.00102341 0.00125256 0.00148112 0.00170822 0.00194321 0.00219539 0.00246856 0.00276411 0.00306857 0.00337701 0.00370773 0.00409282 0.00451795 0.00494755 0.00541062 0.0059187 0.00646218 0.00702439 0.00761633 0.00820792 0.00875677 0.00926949 0.00969711 0.0100229 0.0102071 0.0102101 0.00999213 0.0095585 0.00895638 0.00819675 0.0073546 0.00651814 0.00581653 0.00538168 0.00533029 0.0057827 0.00680955 0.00838553 0.0104476 0.0128431 0.0153442 0.017697 0.019659 0.0209761 0.0213571 0.0206528 0.0187905 0.0158066 0.0117981 0.00694543 0.00150638 -0.00427486 -0.0101777 -0.015954 -0.0214355 -0.0265204 -0.0311238 -0.0351931 -0.0386761 -0.0415588 -0.0438111 -0.0454118 -0.0463259 -0.0465511 -0.0460965 -0.0449982 -0.0432698 -0.0410012 -0.0383005 -0.0352732 -0.032016 -0.0286609 -0.025316 -0.0220689 -0.0189785 -0.0161141 -0.0135268 -0.0112562 -0.00929701 -0.00760945 -0.0061958 -0.00504908 -0.00412001 -0.00337898 -0.00279172 -0.00232242 -0.00198003 -0.00172557 -0.00152926 -0.00138996 -0.00129022 -0.00121197 -0.00116687 -0.00112902 -0.00110123 -0.00108867 -0.00108044 -0.00107469 -0.00109191 -0.00111109 -0.00115214 -0.00123077 -0.0013421 -0.00150491 -0.00174278 -0.0020549 -0.00249147 -0.00306174 -0.00377004 -0.00466817 -0.00579285 -0.00716716 -0.00882207 -0.0107564 -0.0129896 -0.0155435 -0.0183746 -0.021418 -0.0246103 -0.0278938 -0.0311774 -0.0343576 -0.0373188 -0.0399625 -0.0421791 -0.0438857 -0.04499 -0.0454692 -0.0453161 -0.044521 -0.0430718 -0.0410101 -0.0383403 -0.0350694 -0.0312076 -0.0268129 -0.0219162 -0.0165669 -0.0108777 -0.00499838 0.000858102 0.00644766 0.0115253 0.0158321 0.0191648 0.0214089 0.0224998 0.0225237 0.0216108 0.0199904 0.0179149 0.0156359 0.0134095 0.0114598 0.00994135 0.00892757 0.00844252 0.00843902 0.00879919 0.00941966 0.0101959 0.0109775 0.0116823 0.0122417 0.0126446 0.0128549 0.0128588 0.0126975 0.0124038 0.0120178 0.0115543 0.0110624 0.0105416 0.0100158 0.00953685 0.00909074 0.00865564 0.00826097 0.00793145 0.00762612 0.00733684 0.00709421 0.00689106 0.00670135 0.0065284 0.00637717 0.00625538 0.00615416 0.00605665 0.00596897 0.0059085 0.00586845 0.005819 0.00578662 0.00578213 
