0 0 0 0 0 0 0 0 0 0 0 0 0 0 0 0 0 0 0 0 0 0 0 0 0 0 0 0 0 0 0 0 0 0 0 0 0 0 0 0 0 0 0 0 0 0 0 0 0 0 0 0 0 0 0 0 0 0 0 0 0 0 0 0 0 0 0 0 0 0 0 0 0 0 0 0 0 0 0 0 0 0 0 0 0 0 0 0 0 0 0 0 0 0 0 0 0 0 0 0 0 0 0 0 0 0 0 0 0 0 0 0 0 0 0 0 0 0 0 0 0 0 0 0 0 0 0 0 0 0 0 0 0 0 0 0 0 0 0 0 0 0 0 0 0 0 0 0 0 0 0 0 0 0 0 0 0 0 0 0 0 0 0 0 0 0 0 0 0 0 0 0 0 0 0 0 0 0 0 0 0 0 0 0 0 0 0 0 0 0 0 0 0 0 0 0 0 0 0 0 
0 6.49128e-07 1.34028e-05 3.89366e-05 4.59275e-05 4.29774e-05 4.53171e-05 6.76776e-05 8.14212e-05 8.05575e-05 8.35055e-05 9.20006e-05 0.000108039 0.00011349 0.000117963 0.000122879 0.000133495 0.000137835 0.000134292 0.000131834 0.000125963 0.000112425 7.88948e-05 3.53383e-05 -1.35038e-05 -7.06224e-05 -0.000161984 -0.000272375 -0.000389381 -0.000505924 -0.000625118 -0.000751826 -0.00087337 -0.000969092 -0.000989768 -0.000949044 -0.000839825 -0.000654677 -0.00036818 3.6836e-05 0.000547266 0.00113938 0.00178158 0.00244952 0.00311548 0.00375582 0.00433666 0.00480943 0.00512612 0.00528162 0.00525696 0.0050769 0.00472416 0.0042024 0.00353017 0.00272174 0.0018179 0.000857208 -0.000129569 -0.00111506 -0.00206201 -0.00293307 -0.00369776 -0.00433112 -0.00479593 -0.00510083 -0.00524144 -0.00523613 -0.00508797 -0.00483233 -0.00449414 -0.00408964 -0.00363757 -0.00316899 -0.00269654 -0.00225912 -0.00186371 -0.00151265 -0.00121603 -0.000967977 -0.000751905 -0.000571689 -0.000424448 -0.000302165 -0.000208285 -0.000134352 -8.09559e-05 -5.02529e-05 -3.11654e-05 -1.21741e-05 1.86475e-06 1.46253e-05 1.85885e-05 2.36592e-05 2.73621e-05 2.98341e-05 2.62694e-05 2.15392e-05 1.88708e-05 2.44338e-05 2.54123e-05 2.8264e-05 2.79614e-05 3.27752e-05 3.68699e-05 3.60001e-05 2.8325e-05 2.37143e-05 2.20798e-05 2.61753e-05 1.97227e-05 9.97265e-06 -4.39464e-06 -2.61492e-05 -6.14061e-05 -0.000119279 -0.000201332 -0.000291641 -0.000401688 -0.000541605 -0.000712135 -0.00092584 -0.001185 -0.00148599 -0.00184011 -0.00224013 -0.00266655 -0.00312881 -0.0035965 -0.0040444 -0.00444888 -0.00478505 -0.00502774 -0.0051603 -0.00515348 -0.00500652 -0.0046939 -0.00422746 -0.00360172 -0.00283912 -0.0019762 -0.00104785 -8.42552e-05 0.00087172 0.00179145 0.00265164 0.00343262 0.0040877 0.00460106 0.00497021 0.00516697 0.00520271 0.00507145 0.00479878 0.0043855 0.00384835 0.00323589 0.00259795 0.0019502 0.00132097 0.000739462 0.000241787 -0.000159037 -0.000455872 -0.000656526 -0.000778841 -0.000816202 -0.000789578 -0.000701034 -0.000592373 -0.000480483 -0.000364692 -0.000239146 -0.000115985 -1.04871e-05 6.97506e-05 0.000121969 0.000175777 0.000234698 0.000277218 0.000282023 0.000281014 0.000289988 0.000312583 0.000323929 0.000308348 0.000290008 0.000291584 0.000314 0.000310317 0.000288533 0.000274323 0.000288539 0.000303884 0.000287621 0.000266665 0.00026563 0.000288866 0.000288348 0.000266588 
0 1.34028e-05 3.15744e-05 4.97499e-05 7.13888e-05 7.65409e-05 9.78026e-05 0.000125057 0.000140664 0.000153278 0.000172592 0.00020277 0.000219337 0.000233802 0.000246447 0.000264329 0.00028573 0.000286714 0.000278637 0.000264885 0.000250126 0.00022124 0.000154849 6.29786e-05 -4.50631e-05 -0.000165838 -0.000333349 -0.000544278 -0.000770399 -0.00102027 -0.00126413 -0.00150269 -0.00172644 -0.00189464 -0.001959 -0.00188707 -0.00167808 -0.00128343 -0.000691686 0.000108481 0.00111893 0.00229188 0.0035833 0.00491897 0.00625225 0.00753618 0.00867664 0.00957092 0.0101809 0.0104851 0.0104473 0.010055 0.00932805 0.00827998 0.00693136 0.00534024 0.00356889 0.00168272 -0.000273373 -0.00222317 -0.00408823 -0.00581391 -0.00733844 -0.00857381 -0.00950899 -0.0101133 -0.0103925 -0.0103895 -0.0101131 -0.0096124 -0.00894664 -0.00814655 -0.00725973 -0.00632738 -0.0054128 -0.00456212 -0.00376865 -0.00307412 -0.00246568 -0.00193968 -0.00150565 -0.00114507 -0.000850169 -0.000632467 -0.000444978 -0.000294457 -0.000181142 -0.000104087 -4.88495e-05 -1.40559e-05 1.93069e-05 3.28374e-05 3.54853e-05 3.762e-05 4.87415e-05 5.28982e-05 5.74179e-05 5.01697e-05 5.35683e-05 5.99298e-05 6.37387e-05 5.88741e-05 5.64388e-05 5.65215e-05 6.8894e-05 6.6685e-05 6.22398e-05 5.8266e-05 6.3204e-05 6.23606e-05 4.99626e-05 1.13382e-05 -2.81817e-05 -7.37618e-05 -0.000142648 -0.000251787 -0.000390146 -0.00057907 -0.000801991 -0.00109115 -0.00146244 -0.00189824 -0.00240793 -0.00301494 -0.00370103 -0.00448658 -0.00534546 -0.00625751 -0.00718385 -0.00806555 -0.00885757 -0.0095097 -0.00998897 -0.0102544 -0.0102349 -0.0099232 -0.00930758 -0.00835571 -0.00711339 -0.00561639 -0.00391791 -0.00208895 -0.00020411 0.00167718 0.00349476 0.00521131 0.00675406 0.00806625 0.00910284 0.00982855 0.0102419 0.010344 0.010117 0.00957041 0.0087422 0.00768865 0.00648533 0.0052085 0.00392111 0.00266554 0.00151887 0.000515214 -0.000295407 -0.000886011 -0.00128882 -0.00151617 -0.00160459 -0.00155908 -0.00140504 -0.00119333 -0.00095966 -0.000724058 -0.000479604 -0.000255727 -5.12766e-05 0.000127285 0.00025393 0.000361333 0.000458157 0.000530024 0.000568628 0.000590867 0.000614179 0.000623943 0.00063255 0.000625879 0.00061082 0.000609045 0.000606102 0.000601189 0.000580488 0.000572452 0.000571817 0.000569892 0.000563245 0.000546722 0.000550956 0.000552469 0.000554486 0.000544393 
0 3.89366e-05 4.97499e-05 7.06694e-05 9.48343e-05 0.000133416 0.000158287 0.000186691 0.000203386 0.000229397 0.000273918 0.00029887 0.000323871 0.000343762 0.000376916 0.000397968 0.000417499 0.000426268 0.000421911 0.000407392 0.000371237 0.000322203 0.000234289 0.000108292 -5.83479e-05 -0.000251282 -0.000507352 -0.000798977 -0.00113422 -0.00150874 -0.00189023 -0.00224739 -0.00255556 -0.00280458 -0.00288851 -0.00280305 -0.00247884 -0.00187967 -0.000974209 0.000243296 0.00173842 0.00347774 0.00539902 0.00741656 0.00940986 0.0112771 0.0129236 0.0142426 0.0151261 0.0155485 0.0154366 0.014839 0.0137289 0.0121435 0.0101518 0.00780066 0.00519055 0.00241513 -0.000446018 -0.00330798 -0.0060543 -0.00857457 -0.0107843 -0.0126173 -0.0139825 -0.0148977 -0.0153479 -0.0153751 -0.0149856 -0.014272 -0.0133074 -0.0121466 -0.0108504 -0.00950599 -0.00815195 -0.00688524 -0.00572184 -0.0046713 -0.0037628 -0.0029897 -0.00232006 -0.00176893 -0.00132862 -0.000972292 -0.000695952 -0.000471333 -0.000297943 -0.000183406 -0.000102433 -3.08139e-05 1.65074e-05 4.74265e-05 4.82924e-05 5.19557e-05 5.96225e-05 7.16839e-05 7.37116e-05 7.31447e-05 7.51558e-05 9.14987e-05 8.90754e-05 8.47293e-05 7.20266e-05 7.78417e-05 9.11345e-05 9.84314e-05 9.11606e-05 8.77263e-05 8.43799e-05 8.50427e-05 4.9747e-05 6.23694e-07 -5.79617e-05 -0.000129773 -0.000231979 -0.000395109 -0.000631025 -0.000907896 -0.00125651 -0.00170196 -0.00224199 -0.00290132 -0.00368268 -0.00457948 -0.0056213 -0.00679362 -0.00804572 -0.00939165 -0.0107436 -0.0120259 -0.0131724 -0.014118 -0.014795 -0.0151514 -0.0151014 -0.0146354 -0.0136895 -0.0122982 -0.010465 -0.00826165 -0.00578693 -0.00312696 -0.000354863 0.00241572 0.00509489 0.00760674 0.00988909 0.0118227 0.0133669 0.0145081 0.0151625 0.0153384 0.0150091 0.0142433 0.0130594 0.0115122 0.00972952 0.00784417 0.00591724 0.00404649 0.00232371 0.000838729 -0.000375058 -0.00128471 -0.00189232 -0.00224414 -0.00235426 -0.00229995 -0.00208238 -0.00178056 -0.00142969 -0.00105988 -0.000698195 -0.000375488 -8.35133e-05 0.000188943 0.000398807 0.000560929 0.000684061 0.000780833 0.000844253 0.000907221 0.000931633 0.000928353 0.000925604 0.000932541 0.00093981 0.00091812 0.000899788 0.000878161 0.000886652 0.000883098 0.000860165 0.000839688 0.00083526 0.000852876 0.000837579 0.000819728 0.000808173 0.000827409 
0 4.59275e-05 7.13888e-05 9.48343e-05 0.000146353 0.000181077 0.000214597 0.000245396 0.000279371 0.000324852 0.000362094 0.000390665 0.000415029 0.000464954 0.00050646 0.000521653 0.000536362 0.000552782 0.000571795 0.000555006 0.000498593 0.000423296 0.000318428 0.000172861 -4.27557e-05 -0.000320475 -0.000668137 -0.00105955 -0.00148272 -0.00198249 -0.00249692 -0.00297816 -0.00338919 -0.00368409 -0.0037964 -0.00365795 -0.00322329 -0.00239842 -0.00117675 0.000435304 0.00242909 0.00473861 0.00728675 0.00992692 0.0125302 0.0149795 0.0171141 0.018775 0.0198901 0.0203973 0.0202139 0.0193298 0.0178072 0.0157054 0.0130797 0.0100218 0.00663305 0.00302717 -0.00069651 -0.00438887 -0.00789988 -0.0111327 -0.0139947 -0.0163547 -0.0181796 -0.0194071 -0.0200271 -0.0200994 -0.0196439 -0.0187546 -0.0175427 -0.0160706 -0.0144229 -0.0126754 -0.0109338 -0.00928449 -0.00773532 -0.00635882 -0.00514703 -0.00409446 -0.00321125 -0.00247002 -0.00185876 -0.00138862 -0.000990117 -0.000670746 -0.000433941 -0.000274639 -0.000162139 -8.38852e-05 -1.06218e-05 3.00024e-05 4.79163e-05 6.3199e-05 8.78493e-05 9.72956e-05 9.97926e-05 8.1166e-05 8.08661e-05 9.28889e-05 0.000103615 0.000103415 0.000104487 0.00010834 0.000127518 0.000119964 0.000103046 8.75237e-05 8.77976e-05 8.38037e-05 5.89943e-05 -1.17869e-05 -9.56324e-05 -0.000202683 -0.000362911 -0.000602951 -0.000906852 -0.00130018 -0.00176429 -0.00235344 -0.00309968 -0.00398463 -0.00502374 -0.00624536 -0.00761724 -0.00915448 -0.0108059 -0.0125331 -0.0142637 -0.015897 -0.0173547 -0.018545 -0.0193964 -0.0198228 -0.0197013 -0.0190227 -0.0177782 -0.0159375 -0.0135786 -0.0107643 -0.00757883 -0.0041321 -0.000551352 0.00303494 0.00650008 0.00976527 0.0127214 0.0152818 0.0173691 0.0188995 0.0198249 0.0201185 0.0197538 0.0187734 0.0172593 0.0153014 0.0130097 0.0105135 0.00795394 0.00546804 0.00321436 0.00124598 -0.000380592 -0.00161392 -0.00246449 -0.00293185 -0.00309253 -0.00300492 -0.00273268 -0.00234678 -0.00188579 -0.0013919 -0.000895672 -0.00046779 -8.84256e-05 0.000261542 0.000539023 0.000760291 0.000926747 0.00104454 0.00112895 0.00119679 0.00123894 0.00123589 0.00123957 0.00124707 0.00124224 0.00122748 0.0011985 0.00118813 0.0011798 0.00117489 0.00115 0.00112537 0.00112687 0.00112578 0.00112217 0.00109347 0.00109003 0.00110149 
0 4.29774e-05 7.65409e-05 0.000133416 0.000181077 0.000219265 0.000249177 0.000306239 0.000359025 0.000403754 0.000450803 0.000484743 0.000536348 0.000590391 0.000641269 0.000662893 0.000684759 0.000707392 0.000718193 0.000697574 0.000627832 0.000531322 0.000394671 0.000207409 -5.93785e-05 -0.000398866 -0.000831665 -0.00130738 -0.00183883 -0.00244158 -0.00307036 -0.00365862 -0.00415031 -0.00451522 -0.00462487 -0.00444679 -0.00387601 -0.00284015 -0.0013021 0.000731444 0.00320834 0.00606989 0.00921449 0.0124869 0.015684 0.0186292 0.0211685 0.02315 0.024431 0.0249492 0.0246001 0.0234432 0.0215005 0.0188642 0.0156452 0.0119207 0.00782122 0.00347912 -0.000980048 -0.00540969 -0.00963188 -0.0135004 -0.016912 -0.0197783 -0.0219858 -0.0235229 -0.0243528 -0.0245154 -0.024028 -0.0230194 -0.0216049 -0.0198743 -0.0179197 -0.0158568 -0.0137561 -0.0117454 -0.00986263 -0.00814318 -0.00662904 -0.00531856 -0.00418135 -0.00323291 -0.0024631 -0.00183811 -0.00133986 -0.000935682 -0.000625665 -0.00041445 -0.000261554 -0.000132076 -3.77463e-05 2.50593e-05 4.36036e-05 5.97021e-05 8.02575e-05 0.000100441 0.000103194 9.75199e-05 9.81284e-05 0.000119256 0.000122631 0.000120478 0.000107771 0.000115782 0.000133393 0.00013882 0.000123448 0.000108723 9.55467e-05 8.4674e-05 2.62875e-05 -6.24944e-05 -0.000175389 -0.00032079 -0.000523989 -0.000825784 -0.00123934 -0.00173373 -0.00234426 -0.00311053 -0.00404156 -0.00516609 -0.00648734 -0.00799592 -0.00970761 -0.0115937 -0.0135817 -0.0156651 -0.017728 -0.0196622 -0.021371 -0.0227577 -0.0237154 -0.0241489 -0.0239375 -0.0230702 -0.0214954 -0.0192643 -0.0164078 -0.0130204 -0.00922146 -0.00512063 -0.000828285 0.00348351 0.00766361 0.0115997 0.015207 0.0183457 0.0209423 0.0229303 0.0241667 0.0246179 0.0242478 0.0231539 0.0213892 0.019033 0.0162422 0.0132004 0.0100498 0.00698398 0.00417226 0.00173187 -0.000294924 -0.00185385 -0.00292219 -0.0035364 -0.00374083 -0.00366055 -0.00333616 -0.00287284 -0.00231661 -0.00171074 -0.00110847 -0.000571633 -9.9131e-05 0.000328324 0.000670727 0.000948793 0.00116643 0.00132505 0.00141986 0.00150005 0.0015445 0.00156378 0.00157283 0.00156554 0.00154757 0.00152341 0.0015213 0.00149881 0.00147492 0.00144829 0.00143923 0.00143644 0.00141304 0.00139597 0.00138289 0.00139299 0.00138431 0.00137073 
0 4.53171e-05 9.78026e-05 0.000158287 0.000214597 0.000249177 0.00030572 0.000377681 0.000429669 0.000473345 0.000533538 0.000604861 0.000658946 0.000706187 0.000753786 0.000803116 0.000849351 0.000863703 0.000854744 0.000825115 0.000767215 0.000665974 0.000489991 0.000244678 -7.23293e-05 -0.000461177 -0.00095417 -0.00153529 -0.00217959 -0.00289906 -0.00362383 -0.00429895 -0.0048752 -0.00528136 -0.00540468 -0.00515062 -0.00443881 -0.0031644 -0.00130645 0.00112304 0.00408734 0.00749357 0.0112132 0.0150443 0.0187736 0.0221997 0.0251036 0.0272926 0.0286635 0.0291361 0.0286167 0.0271177 0.0247341 0.0215828 0.0177798 0.0134526 0.00873472 0.00375966 -0.00134171 -0.00638803 -0.0111841 -0.0155933 -0.0195045 -0.0227875 -0.0253796 -0.0272103 -0.028247 -0.0285298 -0.0280814 -0.0270152 -0.025471 -0.0235467 -0.0213568 -0.0190092 -0.016624 -0.0143079 -0.012097 -0.0100694 -0.00824711 -0.0066395 -0.00526196 -0.00410379 -0.00315458 -0.00240241 -0.0017763 -0.00126478 -0.000871134 -0.00058797 -0.000378576 -0.00022007 -9.25888e-05 -1.81425e-05 1.28508e-05 3.69124e-05 7.06068e-05 9.46203e-05 0.000106806 9.71674e-05 0.000101799 0.000120208 0.000129625 0.000124104 0.000114903 0.000115714 0.000136307 0.000136157 0.000120476 0.000101353 8.7019e-05 5.93211e-05 -9.46687e-06 -0.000136906 -0.000294278 -0.000489366 -0.00075811 -0.00113738 -0.00162856 -0.0022514 -0.00300798 -0.00395303 -0.00511763 -0.00648953 -0.00807603 -0.00988897 -0.0118991 -0.0140958 -0.0164123 -0.0187912 -0.0211276 -0.0232927 -0.0251834 -0.0266864 -0.0276994 -0.0281044 -0.0277629 -0.0266606 -0.0247962 -0.0221766 -0.0188935 -0.0150386 -0.0107179 -0.00605112 -0.00117703 0.00373696 0.00852925 0.0130853 0.0172796 0.0209907 0.0241081 0.0265082 0.028083 0.0287622 0.0284954 0.0273252 0.0253415 0.0226614 0.0194485 0.0158973 0.0122074 0.0085882 0.00525173 0.00231505 -0.000126063 -0.00199343 -0.00328867 -0.00404005 -0.00434074 -0.00427233 -0.00390996 -0.00335961 -0.00270181 -0.0020019 -0.00130051 -0.000664944 -9.01598e-05 0.000420193 0.000822798 0.0011464 0.00140628 0.00159749 0.00172043 0.00180685 0.0018649 0.00188648 0.00189697 0.00188697 0.00186106 0.00184342 0.00182906 0.00180817 0.00176781 0.00174031 0.00173195 0.00172549 0.00170196 0.00166699 0.00166485 0.0016723 0.00167085 0.00164762 
0 6.76776e-05 0.000125057 0.000186691 0.000245396 0.000306239 0.000377681 0.000451588 0.000500211 0.000550402 0.000631069 0.000711423 0.000770014 0.000814535 0.00087141 0.000935303 0.000990841 0.00100886 0.000994411 0.000963587 0.000906216 0.000794557 0.000590819 0.000302281 -5.96417e-05 -0.000499961 -0.00106557 -0.00173911 -0.00249366 -0.00330673 -0.00412278 -0.00488875 -0.00554279 -0.00599472 -0.00609216 -0.00575029 -0.00487564 -0.00337779 -0.00120803 0.00163131 0.00507457 0.00900373 0.0132513 0.0175971 0.0217938 0.0256055 0.0288008 0.0311692 0.0325614 0.032902 0.0321233 0.0302833 0.0274715 0.0238238 0.01949 0.0146088 0.00933857 0.00383067 -0.00177365 -0.00730306 -0.0125624 -0.0173987 -0.0216986 -0.0253545 -0.0282673 -0.0303832 -0.0316557 -0.0320998 -0.0317389 -0.0306931 -0.0290976 -0.0270652 -0.0247112 -0.0221603 -0.0195224 -0.0169238 -0.0144289 -0.0121056 -0.0100034 -0.00813788 -0.0065078 -0.00512451 -0.0039812 -0.00304784 -0.00228324 -0.00166049 -0.00117887 -0.000831378 -0.00057178 -0.000362547 -0.000200748 -9.33846e-05 -4.03392e-05 -1.46883e-06 3.9078e-05 7.08298e-05 8.06611e-05 7.39635e-05 7.60859e-05 9.69025e-05 0.000108107 0.000107449 9.80531e-05 0.000103281 0.000119503 0.000119039 9.55083e-05 6.4512e-05 3.23932e-05 -1.03818e-05 -0.000104947 -0.000254381 -0.000449669 -0.000702199 -0.00104488 -0.00151935 -0.00213815 -0.0028943 -0.00381454 -0.00494631 -0.00631418 -0.00793142 -0.00979642 -0.0118969 -0.0142131 -0.0167011 -0.0192811 -0.0218989 -0.0244342 -0.0267568 -0.0287513 -0.0303024 -0.0312888 -0.0315883 -0.0310811 -0.0297537 -0.0275996 -0.0246672 -0.0210257 -0.0167772 -0.0120405 -0.00693447 -0.0015899 0.00381567 0.00911643 0.0141885 0.0189149 0.0231448 0.0267522 0.0296062 0.0315488 0.032488 0.0323609 0.0312131 0.0291087 0.0261622 0.0225751 0.0185843 0.014404 0.0102693 0.0064098 0.00300272 0.000166403 -0.00201766 -0.00354467 -0.00446587 -0.0048548 -0.00481032 -0.00440834 -0.00378503 -0.00304428 -0.00225377 -0.00146049 -0.00072093 -5.2641e-05 0.000529106 0.000987822 0.00135532 0.00165403 0.00187684 0.00201765 0.0021159 0.00217702 0.00220349 0.00220927 0.00219982 0.00218323 0.00216016 0.00213529 0.00210265 0.00207776 0.00205569 0.00203156 0.00200762 0.00198771 0.00197711 0.00196324 0.00194793 0.0019362 0.00193635 
0 8.14212e-05 0.000140664 0.000203386 0.000279371 0.000359025 0.000429669 0.000500211 0.000571672 0.000650378 0.000732742 0.000802457 0.000874131 0.000952425 0.00102555 0.00107893 0.00112392 0.00115735 0.00116206 0.00112698 0.00104351 0.000903707 0.000682922 0.000372056 -3.33272e-05 -0.000545575 -0.00118934 -0.00194315 -0.00277886 -0.00367276 -0.00457613 -0.00542697 -0.00614372 -0.00660912 -0.00666729 -0.00622193 -0.00517994 -0.0034496 -0.00096992 0.00226153 0.00616608 0.0105921 0.0153254 0.0201186 0.0247121 0.0288497 0.0322663 0.0347215 0.0360554 0.0361977 0.0351192 0.0328966 0.029649 0.0255304 0.020709 0.0153484 0.00962531 0.00369868 -0.00228477 -0.00816095 -0.0137511 -0.0189109 -0.0235249 -0.027484 -0.030684 -0.0330605 -0.0345643 -0.0351952 -0.0349807 -0.0340258 -0.0324602 -0.0303993 -0.0279601 -0.025271 -0.0224535 -0.0196317 -0.0168889 -0.0142982 -0.0119208 -0.00978416 -0.00790069 -0.00628673 -0.00493986 -0.0038276 -0.00291024 -0.00215914 -0.00157323 -0.00113943 -0.000812156 -0.000549741 -0.000346593 -0.000207043 -0.000127315 -6.91043e-05 -1.57196e-05 2.4925e-05 3.86857e-05 3.46036e-05 3.71089e-05 5.74771e-05 7.18881e-05 7.41047e-05 6.72138e-05 7.17069e-05 8.27047e-05 7.70729e-05 4.56739e-05 3.14575e-06 -4.51531e-05 -0.000110929 -0.00023357 -0.000421312 -0.000671062 -0.000993939 -0.00142471 -0.00200202 -0.00274362 -0.00364772 -0.00474516 -0.00608066 -0.00768049 -0.00955207 -0.0116862 -0.0140594 -0.0166417 -0.0193735 -0.0221734 -0.024967 -0.0276323 -0.0300362 -0.0320568 -0.0335753 -0.0344697 -0.0346148 -0.0339085 -0.0323392 -0.0299216 -0.0267123 -0.0227848 -0.018241 -0.0131951 -0.00776621 -0.00208769 0.00367395 0.00936851 0.0148745 0.0200683 0.0247867 0.0288741 0.0321706 0.0345058 0.0357585 0.0358462 0.0347799 0.0326189 0.0294908 0.0256121 0.0212393 0.0166175 0.0120107 0.00767527 0.00382492 0.000605534 -0.0018962 -0.0036724 -0.00477076 -0.00526177 -0.00524613 -0.00482904 -0.00415998 -0.00335489 -0.00248187 -0.00159558 -0.000760897 -1.20742e-05 0.000630977 0.00115028 0.00157095 0.00191148 0.00216346 0.00232492 0.00243213 0.0024987 0.00253292 0.00254171 0.00253127 0.00250994 0.00247985 0.00244645 0.0024108 0.00238816 0.0023641 0.00232701 0.00229053 0.00227499 0.00227544 0.00225647 0.00222357 0.00220934 0.00222612 
0 8.05575e-05 0.000153278 0.000229397 0.000324852 0.000403754 0.000473345 0.000550402 0.000650378 0.000750977 0.00082662 0.000897243 0.000984671 0.00109296 0.00117586 0.00122662 0.00126887 0.00131218 0.00133006 0.00128937 0.00118497 0.00101986 0.000781979 0.000446928 -4.59891e-06 -0.00058754 -0.00129256 -0.00211272 -0.00302012 -0.00399976 -0.00498482 -0.00589588 -0.0066442 -0.00709449 -0.00711939 -0.0065745 -0.00536446 -0.0033815 -0.0005817 0.00301875 0.00733931 0.0122053 0.0173777 0.0225696 0.0274973 0.0318797 0.0354215 0.0378669 0.0390747 0.038969 0.0375682 0.0349429 0.0312626 0.0266998 0.0214364 0.0156776 0.00960809 0.00338596 -0.00285054 -0.00894928 -0.0147555 -0.0201397 -0.0249831 -0.0291595 -0.032596 -0.0352023 -0.0369397 -0.0377924 -0.037785 -0.0369904 -0.035532 -0.0335192 -0.0310751 -0.0283191 -0.0253978 -0.0224182 -0.0194718 -0.0166517 -0.0140152 -0.0116057 -0.0094698 -0.0076176 -0.00605372 -0.0047614 -0.00367914 -0.00278915 -0.00208588 -0.00154444 -0.00112716 -0.000800914 -0.000543448 -0.000371379 -0.000263626 -0.000188159 -0.000120711 -7.02799e-05 -4.16182e-05 -3.62329e-05 -2.43851e-05 -5.85367e-06 9.29366e-06 5.23444e-06 -2.62371e-06 -6.10009e-06 1.84206e-06 -7.32154e-06 -4.04547e-05 -9.27935e-05 -0.000158845 -0.000263119 -0.000424182 -0.000669104 -0.000986731 -0.00138752 -0.00191419 -0.002603 -0.00346927 -0.0045425 -0.00583516 -0.00739106 -0.00924209 -0.0113682 -0.0137536 -0.0163763 -0.0191787 -0.0221026 -0.025072 -0.0279773 -0.0307051 -0.0331123 -0.0350743 -0.0364702 -0.0371952 -0.0371354 -0.0362108 -0.0344043 -0.0317623 -0.0283154 -0.0241653 -0.0194119 -0.0141642 -0.00853882 -0.00266544 0.00332542 0.00930751 0.0151681 0.0207556 0.0259098 0.0304457 0.0341669 0.0369139 0.038521 0.0388886 0.0379685 0.0358206 0.0325878 0.0284933 0.0238064 0.0188123 0.01379 0.00902912 0.00476035 0.00116908 -0.00164366 -0.00366701 -0.00493149 -0.00553503 -0.00556702 -0.00517019 -0.00447579 -0.00360714 -0.0026529 -0.00168661 -0.00078254 3.34476e-05 0.000742596 0.0013343 0.00180771 0.00217485 0.00244375 0.00263537 0.00276104 0.00283514 0.00286473 0.00287435 0.00286678 0.00283663 0.00280108 0.00276148 0.00273144 0.00269391 0.00265988 0.00262615 0.00259627 0.00257693 0.00255544 0.00254167 0.00251964 0.00251106 0.00250822 
0 8.35055e-05 0.000172592 0.000273918 0.000362094 0.000450803 0.000533538 0.000631069 0.000732742 0.00082662 0.000920125 0.00101029 0.00111028 0.00120317 0.00129202 0.00136788 0.00142445 0.00146574 0.00147501 0.00143783 0.00133659 0.00116073 0.000903932 0.000536089 4.047e-05 -0.00059277 -0.00135374 -0.00222701 -0.0032186 -0.00427409 -0.00533395 -0.00629204 -0.00704375 -0.00747763 -0.00744254 -0.00680459 -0.00540973 -0.0031781 -6.39829e-05 0.00389427 0.00857802 0.0138181 0.0193587 0.024893 0.0300832 0.0346025 0.0381721 0.0405597 0.0415843 0.0411936 0.0394285 0.0364201 0.0323229 0.0273448 0.0217153 0.0156349 0.0093037 0.00288828 -0.00347978 -0.00968217 -0.0155958 -0.0210897 -0.02605 -0.0303949 -0.0339975 -0.0368123 -0.0387912 -0.0398879 -0.0401261 -0.0395684 -0.0382961 -0.0364224 -0.0340497 -0.0313145 -0.0283368 -0.0252447 -0.0221573 -0.0191389 -0.0162839 -0.0136496 -0.01126 -0.00916638 -0.00737961 -0.00585937 -0.00459879 -0.00355616 -0.002717 -0.0020663 -0.00156035 -0.00114972 -0.000840864 -0.000615438 -0.000465557 -0.000361093 -0.000277632 -0.000209417 -0.000178231 -0.000157445 -0.000144538 -0.000124718 -0.000109787 -0.000109699 -0.000120934 -0.000119982 -0.000126806 -0.000141649 -0.000187199 -0.000259074 -0.000356522 -0.000493188 -0.000709455 -0.00100201 -0.00139032 -0.00188851 -0.00252614 -0.00334579 -0.00438364 -0.00562885 -0.00713257 -0.0089192 -0.0109928 -0.0133637 -0.0159948 -0.0188284 -0.0218322 -0.0249109 -0.0279751 -0.0309261 -0.0336303 -0.0359565 -0.0377704 -0.0389745 -0.0394615 -0.0391402 -0.0379778 -0.0359573 -0.033099 -0.0294934 -0.0251948 -0.0203159 -0.0149733 -0.00927079 -0.00330601 0.00281461 0.00898535 0.0150904 0.0209999 0.026516 0.0314464 0.0356053 0.0387683 0.0407451 0.0414024 0.0406997 0.0386561 0.0353977 0.0311633 0.026247 0.0209452 0.0155737 0.0104283 0.00579312 0.00185635 -0.00126962 -0.00353004 -0.00497552 -0.00567857 -0.00578257 -0.0054153 -0.00470895 -0.00378503 -0.00275062 -0.00172422 -0.000757986 0.000115596 0.000888795 0.00154659 0.00206193 0.00244564 0.00272742 0.00293968 0.00309301 0.00317072 0.00319657 0.00319505 0.00318941 0.00316939 0.00312501 0.0030878 0.0030458 0.00300701 0.00296155 0.00293294 0.00291332 0.00287621 0.00284336 0.00282084 0.00282892 0.00281685 0.00279203 
0 9.20006e-05 0.00020277 0.00029887 0.000390665 0.000484743 0.000604861 0.000711423 0.000802457 0.000897243 0.00101029 0.00113906 0.00123651 0.00132176 0.00141387 0.00151691 0.00158918 0.0016246 0.00162815 0.00158962 0.00148916 0.00130499 0.00102457 0.000625871 9.71044e-05 -0.000585844 -0.00139053 -0.00233226 -0.00337496 -0.00448914 -0.0055965 -0.00658957 -0.00735371 -0.00773332 -0.00763649 -0.00686561 -0.00529953 -0.00282794 0.000568749 0.0048318 0.00984951 0.0154161 0.0212531 0.0270197 0.0323742 0.0369812 0.0405187 0.0427443 0.0435449 0.0428437 0.0407286 0.0372973 0.0328036 0.0274777 0.0215397 0.0152318 0.00874137 0.00222016 -0.00419671 -0.0103911 -0.0162795 -0.0217814 -0.0267987 -0.031216 -0.0349771 -0.037968 -0.0401574 -0.0415032 -0.0420292 -0.041749 -0.0407422 -0.0390824 -0.036871 -0.0342102 -0.0312648 -0.0281317 -0.024935 -0.0217822 -0.0187415 -0.0158776 -0.0132733 -0.010942 -0.00890724 -0.00717869 -0.00570432 -0.00448213 -0.00350066 -0.00271558 -0.00210049 -0.00162038 -0.00123328 -0.00095478 -0.000748746 -0.000600856 -0.000488212 -0.000410418 -0.000361311 -0.000340987 -0.000320369 -0.00030407 -0.000283247 -0.000281296 -0.000278893 -0.000288651 -0.000301362 -0.000337882 -0.00040563 -0.000504026 -0.000630626 -0.000821312 -0.00107396 -0.00143786 -0.00191417 -0.00251617 -0.00329534 -0.00427469 -0.00546761 -0.00692422 -0.00864105 -0.0106476 -0.0129732 -0.0155713 -0.0184094 -0.0214441 -0.0245861 -0.0277545 -0.0308708 -0.0337825 -0.0363859 -0.0385447 -0.0401467 -0.0410855 -0.0412947 -0.0406985 -0.0392776 -0.0370167 -0.0340019 -0.0302586 -0.0258997 -0.0210118 -0.0156738 -0.00997224 -0.00401195 0.00213503 0.00839095 0.0146584 0.0207807 0.0266116 0.0319303 0.0364762 0.0400501 0.0424033 0.0434025 0.0429279 0.0410322 0.0378558 0.0335921 0.0285088 0.0229604 0.0172966 0.0118605 0.00691083 0.00266679 -0.000740683 -0.00325187 -0.0048671 -0.0057066 -0.00586865 -0.00554312 -0.00483722 -0.00388637 -0.00281432 -0.00172743 -0.000700501 0.000238609 0.00105518 0.00175214 0.00230497 0.00272661 0.00303588 0.00326373 0.00341198 0.00350454 0.0035397 0.00353755 0.00352243 0.00349593 0.00346308 0.00340926 0.00336623 0.00331581 0.00327724 0.00324278 0.00320961 0.00317985 0.00313983 0.00312608 0.00311613 0.00311066 0.00308786 
0 0.000108039 0.000219337 0.000323871 0.000415029 0.000536348 0.000658946 0.000770014 0.000874131 0.000984671 0.00111028 0.00123651 0.00135612 0.00145664 0.00156066 0.00166494 0.00174209 0.00179008 0.00179559 0.00174936 0.00164167 0.00144275 0.00114197 0.000713228 0.000153828 -0.000558571 -0.00141577 -0.00239882 -0.00349773 -0.00463215 -0.00576065 -0.00676961 -0.00752145 -0.00787037 -0.00767271 -0.00678028 -0.00503542 -0.00236824 0.0012685 0.00581018 0.0110939 0.0169066 0.0229622 0.0289079 0.0343569 0.0389313 0.0423479 0.0444042 0.0449317 0.0438943 0.0413954 0.0376108 0.0327585 0.0271142 0.0209547 0.0144981 0.00793194 0.00141519 -0.00494162 -0.0110547 -0.0168673 -0.022294 -0.0272555 -0.0317074 -0.0355296 -0.0386726 -0.041087 -0.0426934 -0.043513 -0.0435588 -0.0428515 -0.0414729 -0.0394887 -0.0370118 -0.0341566 -0.0310476 -0.0278271 -0.0245679 -0.0213789 -0.0183432 -0.0155067 -0.0129432 -0.010681 -0.0087039 -0.00703195 -0.00563266 -0.00447687 -0.00354584 -0.00280353 -0.00220187 -0.00174249 -0.00139178 -0.00113005 -0.000947294 -0.000810875 -0.000704418 -0.000643292 -0.000590997 -0.000560389 -0.000541335 -0.000523681 -0.000524791 -0.000535793 -0.000543723 -0.000577379 -0.000621104 -0.000700817 -0.000826981 -0.00100038 -0.00124426 -0.00158652 -0.00202645 -0.00260007 -0.00332935 -0.00424092 -0.00537598 -0.00677411 -0.00843047 -0.010387 -0.0126448 -0.0151833 -0.0179984 -0.0210286 -0.0241909 -0.0274311 -0.0306358 -0.0337069 -0.0365213 -0.038951 -0.0408833 -0.0421963 -0.0428291 -0.0427093 -0.0417942 -0.0401207 -0.0376763 -0.0345027 -0.0307061 -0.0263354 -0.0214873 -0.0162419 -0.0106599 -0.00479803 0.00130116 0.00756412 0.013894 0.0201789 0.0262397 0.0318602 0.0368009 0.0407668 0.0434895 0.0448011 0.0446248 0.0429554 0.0398952 0.0356451 0.0304939 0.0247998 0.0189368 0.0132479 0.00805004 0.00355865 -9.37597e-05 -0.00280922 -0.00461479 -0.00557193 -0.00582878 -0.00554214 -0.00485241 -0.00390474 -0.00281541 -0.00170091 -0.000604073 0.000389767 0.00124172 0.00196301 0.00254835 0.00301559 0.00336542 0.00359961 0.0037367 0.00382335 0.00388658 0.00389521 0.00386231 0.00382166 0.00378076 0.00374183 0.00368345 0.00363662 0.00359316 0.00355072 0.00350924 0.00347693 0.00346506 0.00343192 0.00340812 0.00339006 0.0033939 
0 0.00011349 0.000233802 0.000343762 0.000464954 0.000590391 0.000706187 0.000814535 0.000952425 0.00109296 0.00120317 0.00132176 0.00145664 0.00158892 0.0016977 0.00179768 0.00188058 0.00193826 0.00194894 0.0019045 0.00179711 0.00159588 0.00127474 0.000822491 0.000244483 -0.000493588 -0.00137202 -0.0024102 -0.00355059 -0.00472083 -0.00585037 -0.00684769 -0.00758725 -0.00787961 -0.00761182 -0.00657971 -0.00467102 -0.00180956 0.00202408 0.00676149 0.0122541 0.0182519 0.0244377 0.0304444 0.0358928 0.0404053 0.0436576 0.0454486 0.0456936 0.0443422 0.0415264 0.0373855 0.0322211 0.026334 0.0200009 0.0134768 0.00693008 0.000480554 -0.00576285 -0.0117177 -0.0173556 -0.0226342 -0.0274965 -0.0318847 -0.0357596 -0.0390156 -0.041613 -0.0434823 -0.0446289 -0.0450155 -0.0446642 -0.0436121 -0.0419248 -0.0396773 -0.037008 -0.0340037 -0.0308013 -0.027508 -0.024212 -0.0210051 -0.0179954 -0.0152195 -0.0127199 -0.0105278 -0.00862205 -0.00700936 -0.00567126 -0.00456207 -0.00367304 -0.00297199 -0.00241211 -0.00198956 -0.00165815 -0.00141517 -0.00123738 -0.00110823 -0.00101563 -0.000953559 -0.000909029 -0.000888392 -0.000869359 -0.000871137 -0.000874582 -0.000900862 -0.00094711 -0.00101882 -0.00112982 -0.00128931 -0.0015067 -0.00182401 -0.00222961 -0.00277269 -0.00347038 -0.00433754 -0.00542373 -0.00674543 -0.00832335 -0.0102113 -0.0123979 -0.0148811 -0.0176575 -0.0206597 -0.02383 -0.0270962 -0.0303596 -0.0335253 -0.03651 -0.0391484 -0.0413365 -0.0429605 -0.043937 -0.044202 -0.0437354 -0.0425191 -0.0405923 -0.0379503 -0.0346899 -0.0308552 -0.0265468 -0.0218329 -0.0167504 -0.0113322 -0.0056338 0.000331153 0.00652544 0.0128681 0.0192274 0.0254702 0.0313561 0.0365801 0.0408817 0.0439603 0.0456437 0.0457583 0.0443143 0.0414336 0.0372894 0.0321494 0.0263983 0.0204185 0.0145726 0.0091619 0.00445489 0.000615052 -0.00227705 -0.00422594 -0.0053296 -0.00567191 -0.00544527 -0.00477008 -0.00381662 -0.00272544 -0.00158592 -0.000458054 0.000580458 0.00146113 0.00221291 0.00282557 0.00330892 0.00367255 0.00392633 0.00407004 0.00415837 0.00421725 0.00423489 0.004206 0.00415148 0.00410658 0.00405992 0.00401139 0.00395206 0.00390499 0.00385632 0.00380776 0.00378235 0.00376269 0.00373728 0.0037005 0.00368986 0.00369676 
0 0.000117963 0.000246447 0.000376916 0.00050646 0.000641269 0.000753786 0.00087141 0.00102555 0.00117586 0.00129202 0.00141387 0.00156066 0.0016977 0.00181795 0.00193161 0.0020195 0.0020752 0.00209202 0.00205573 0.00194879 0.0017348 0.00140503 0.000940945 0.000341783 -0.000412485 -0.00131488 -0.002368 -0.00353983 -0.00471735 -0.00584197 -0.00682249 -0.00752447 -0.00776937 -0.00740851 -0.00626751 -0.00421903 -0.00122205 0.00275356 0.00764292 0.0132671 0.0193558 0.0255861 0.0315807 0.036948 0.0413018 0.0443516 0.0459118 0.0458544 0.0441739 0.0410319 0.0366282 0.0312339 0.0251715 0.0187488 0.0122083 0.00571861 -0.000592486 -0.00664697 -0.0123903 -0.0178145 -0.0228826 -0.0275661 -0.0318658 -0.0357171 -0.0390575 -0.0418327 -0.0439483 -0.0454022 -0.0461554 -0.0461803 -0.0455116 -0.0441768 -0.0422387 -0.0397912 -0.0369408 -0.0338303 -0.0305547 -0.0272205 -0.0239289 -0.0207586 -0.0177858 -0.0150587 -0.0126089 -0.0104725 -0.00864951 -0.00710882 -0.00582641 -0.00478236 -0.00393886 -0.00327407 -0.00275081 -0.00233375 -0.00203028 -0.00180756 -0.00164167 -0.00152856 -0.001437 -0.00137975 -0.00135478 -0.00133324 -0.00133419 -0.00134545 -0.00137542 -0.00144779 -0.00154553 -0.00168868 -0.00189911 -0.00218314 -0.00257497 -0.00308183 -0.00372324 -0.00454306 -0.00557094 -0.00683459 -0.00836138 -0.0101775 -0.0122956 -0.014719 -0.0174229 -0.0203665 -0.0235154 -0.0267956 -0.0301103 -0.0333675 -0.0364513 -0.0392572 -0.041647 -0.0435146 -0.0447804 -0.0453706 -0.0452649 -0.0444407 -0.0429063 -0.0407409 -0.0379531 -0.0346153 -0.0308221 -0.0266266 -0.0220852 -0.0172182 -0.0120327 -0.00654769 -0.000750781 0.00531945 0.0115924 0.0179716 0.0243093 0.030368 0.0358573 0.0404557 0.0438525 0.0458424 0.046275 0.0451075 0.0424299 0.0384273 0.0333832 0.0276718 0.0216625 0.0157173 0.0101833 0.0053442 0.00136928 -0.00165098 -0.00374124 -0.00495171 -0.00538823 -0.00521821 -0.00458079 -0.00364131 -0.00254548 -0.00140678 -0.000263701 0.000789174 0.00169996 0.00248501 0.00312241 0.00360722 0.00396483 0.00423427 0.00441189 0.00450599 0.00454097 0.00454146 0.0045277 0.00449183 0.00443236 0.00437431 0.00431878 0.00426769 0.0042157 0.0041675 0.00412585 0.0040893 0.00406097 0.00403039 0.00401991 0.00400754 0.00399346 
0 0.000122879 0.000264329 0.000397968 0.000521653 0.000662893 0.000803116 0.000935303 0.00107893 0.00122662 0.00136788 0.00151691 0.00166494 0.00179768 0.00193161 0.00206055 0.00214976 0.00220818 0.00223899 0.00220508 0.00207739 0.00185326 0.00153019 0.00107004 0.000451441 -0.000332446 -0.00125039 -0.00230405 -0.00345964 -0.00463018 -0.00575091 -0.00671524 -0.00737037 -0.0075409 -0.00710052 -0.00587027 -0.00373059 -0.000643946 0.00341057 0.00837008 0.0140503 0.0201549 0.026336 0.0322197 0.0374352 0.0416129 0.0444453 0.0457378 0.0453914 0.0434189 0.0400064 0.035371 0.029811 0.0236519 0.0171979 0.0107014 0.00433015 -0.00180411 -0.00762858 -0.0131074 -0.0182611 -0.0230847 -0.0275717 -0.0317367 -0.0355469 -0.0389314 -0.0418348 -0.0441734 -0.0459265 -0.0470294 -0.0474416 -0.0471699 -0.0462279 -0.0446501 -0.0425129 -0.0399004 -0.0369438 -0.0337457 -0.03041 -0.0270468 -0.0237614 -0.0206238 -0.0176923 -0.0150217 -0.0126494 -0.0105947 -0.00883683 -0.00734743 -0.00612285 -0.00513355 -0.00434142 -0.00371124 -0.00320171 -0.00281916 -0.00253904 -0.00233166 -0.00218089 -0.00206498 -0.00199016 -0.00195627 -0.00193373 -0.00193401 -0.00194847 -0.00199702 -0.00209415 -0.00222833 -0.00241671 -0.00268051 -0.00303668 -0.00352082 -0.00413044 -0.00490021 -0.00587357 -0.00707824 -0.00854564 -0.010287 -0.0123212 -0.0146733 -0.017324 -0.0202326 -0.0233513 -0.0266183 -0.0299565 -0.0332643 -0.0364323 -0.0393497 -0.0419179 -0.0439991 -0.0455031 -0.0463702 -0.0465616 -0.0460696 -0.0448988 -0.043078 -0.0406905 -0.0377662 -0.0343984 -0.030669 -0.0266341 -0.0223213 -0.0177119 -0.0127866 -0.00755201 -0.00198105 0.00391709 0.0100857 0.0164319 0.0228202 0.0290033 0.0346646 0.0394872 0.0431587 0.0454508 0.0461644 0.0452531 0.0428163 0.0390244 0.0341411 0.0285317 0.0225708 0.0166322 0.0110684 0.0061732 0.00212222 -0.000995449 -0.00318538 -0.00448843 -0.00499293 -0.00488145 -0.00429607 -0.00339082 -0.00230959 -0.00116914 -2.91987e-05 0.00102894 0.00195471 0.00275809 0.0034103 0.00390418 0.00426938 0.00454474 0.00473422 0.00483888 0.00486729 0.00485411 0.00484053 0.00481644 0.00475833 0.00468467 0.00462056 0.00456973 0.00452027 0.00447084 0.00442898 0.00439012 0.00435079 0.00432394 0.00432773 0.00432176 0.00429345 
0 0.000133495 0.00028573 0.000417499 0.000536362 0.000684759 0.000849351 0.000990841 0.00112392 0.00126887 0.00142445 0.00158918 0.00174209 0.00188058 0.0020195 0.00214976 0.00224723 0.00232234 0.00236327 0.00232299 0.0021873 0.00197081 0.00165675 0.0011993 0.000574561 -0.000218693 -0.00114052 -0.00218435 -0.00331408 -0.00447268 -0.00558384 -0.00652169 -0.00712724 -0.00724024 -0.00675144 -0.00547595 -0.0032955 -0.000166679 0.00391248 0.00886206 0.0144949 0.0205178 0.0265835 0.0323109 0.0373252 0.0412726 0.0438588 0.0448943 0.0442925 0.0420768 0.0384591 0.0336731 0.0280237 0.0218335 0.0154063 0.00900246 0.00279073 -0.00312501 -0.00868803 -0.0138893 -0.0187641 -0.0233232 -0.0275811 -0.0315668 -0.0352873 -0.0386789 -0.0416879 -0.0442322 -0.0462654 -0.0477038 -0.0484966 -0.0486307 -0.0481099 -0.0469377 -0.0451636 -0.042851 -0.0401123 -0.0370544 -0.0337773 -0.0303979 -0.027038 -0.0237674 -0.0206538 -0.0177744 -0.0151726 -0.0128855 -0.0108995 -0.00918905 -0.00776268 -0.00660386 -0.00566495 -0.00491313 -0.00430141 -0.00383288 -0.00348563 -0.0032265 -0.00302771 -0.00287847 -0.00277921 -0.00273288 -0.00270974 -0.00271422 -0.00273924 -0.00281243 -0.00293835 -0.00311273 -0.00334994 -0.00367633 -0.00411773 -0.00471072 -0.0054446 -0.00636247 -0.0075055 -0.00890279 -0.0105837 -0.0125504 -0.0148113 -0.017396 -0.0202622 -0.0233522 -0.0266062 -0.0299455 -0.0332903 -0.0365345 -0.0395527 -0.0422406 -0.0445046 -0.0462223 -0.0473247 -0.0477707 -0.0475506 -0.0466691 -0.045154 -0.0430624 -0.0404896 -0.0374838 -0.0341388 -0.0305131 -0.0266576 -0.0225751 -0.0182331 -0.0135972 -0.00864837 -0.00333345 0.0023647 0.00840215 0.0146772 0.0210501 0.0272724 0.0330285 0.0380068 0.0418885 0.0444314 0.0454076 0.0447554 0.0425642 0.0389987 0.0343194 0.0288846 0.0230588 0.0172143 0.0117023 0.00682355 0.00275965 -0.000394905 -0.00262135 -0.00396691 -0.00452052 -0.00446482 -0.00392943 -0.00305748 -0.00199543 -0.000861377 0.000264347 0.00131191 0.0022384 0.00304454 0.00369741 0.00419794 0.00457856 0.00485346 0.00502367 0.00512388 0.00517184 0.00517094 0.00513884 0.0050951 0.00504478 0.00498203 0.00491674 0.00485709 0.00480907 0.00476037 0.00471668 0.00468531 0.00465245 0.0046257 0.00461754 0.00461491 0.00460133 
0 0.000137835 0.000286714 0.000426268 0.000552782 0.000707392 0.000863703 0.00100886 0.00115735 0.00131218 0.00146574 0.0016246 0.00179008 0.00193826 0.0020752 0.00220818 0.00232234 0.00240166 0.00243251 0.00239501 0.00228898 0.00208533 0.00176332 0.00130137 0.000690362 -7.31389e-05 -0.000987051 -0.00201341 -0.00313893 -0.00428012 -0.00536538 -0.00626766 -0.0068315 -0.00692947 -0.00641693 -0.00514599 -0.00296904 0.000143407 0.00417831 0.00903889 0.0145299 0.0203797 0.0262575 0.031778 0.0365604 0.0402465 0.0425771 0.0433872 0.042565 0.0401771 0.03642 0.0315679 0.025894 0.0197318 0.0133948 0.0071203 0.00108243 -0.00459681 -0.00988406 -0.0147919 -0.0193726 -0.0236542 -0.0276674 -0.0314766 -0.0350675 -0.0384283 -0.041501 -0.0442051 -0.0464814 -0.0482473 -0.0494077 -0.0499552 -0.0498609 -0.0491206 -0.0477364 -0.0457709 -0.043314 -0.0404536 -0.0372971 -0.0339732 -0.0305781 -0.0272171 -0.0239578 -0.0208706 -0.0180504 -0.0155302 -0.0132987 -0.0113654 -0.00972926 -0.00837516 -0.007283 -0.00638499 -0.00565053 -0.00508331 -0.00465307 -0.00432619 -0.00408355 -0.0038905 -0.00376838 -0.00370783 -0.00367856 -0.00368311 -0.00372649 -0.00381757 -0.00398651 -0.00421168 -0.00450868 -0.0049171 -0.00546075 -0.00616319 -0.00704493 -0.00811772 -0.00944336 -0.0110624 -0.0129705 -0.0151731 -0.0176791 -0.0204737 -0.0235317 -0.0267742 -0.0301054 -0.0334716 -0.0367751 -0.0398955 -0.0427149 -0.0451246 -0.0470265 -0.0483392 -0.0490025 -0.0490158 -0.0483757 -0.0471301 -0.0453046 -0.0429768 -0.04026 -0.0372223 -0.0339182 -0.0304361 -0.0267793 -0.0229401 -0.0188719 -0.0145321 -0.00987317 -0.00481487 0.00066792 0.00653904 0.012712 0.0190138 0.0251992 0.0309882 0.0360463 0.040074 0.0427866 0.043988 0.0435809 0.0416341 0.0383139 0.0338754 0.0286668 0.0230512 0.0173814 0.012009 0.00721999 0.00320815 9.10176e-05 -0.00211881 -0.00344532 -0.00403018 -0.00400986 -0.00351086 -0.00266055 -0.0016141 -0.000506888 0.000601146 0.00162184 0.00253586 0.00333143 0.00398077 0.00447769 0.00485511 0.00512739 0.00528862 0.0053794 0.00544104 0.00545786 0.00541646 0.00535135 0.0052988 0.00525966 0.00519442 0.00512755 0.00507221 0.00502517 0.00498265 0.00495413 0.00494165 0.00491104 0.00489376 0.00489057 0.00490785 
