0 0 0 0 0 0 0 0 0 0 0 0 0 0 0 0 0 0 0 0 0 0 0 0 0 0 0 0 0 0 0 0 0 0 0 0 0 0 0 0 0 0 0 0 0 0 0 0 0 0 0 0 0 0 0 0 0 0 0 0 0 0 0 0 0 0 0 0 0 0 0 0 0 0 0 0 0 0 0 0 0 0 0 0 0 0 0 0 0 0 0 0 0 0 0 0 0 0 0 0 0 0 0 0 0 0 0 0 0 0 0 0 0 0 0 0 0 0 0 0 0 0 0 0 0 0 0 0 0 0 0 0 0 0 0 0 0 0 0 0 0 0 0 0 0 0 0 0 0 0 0 0 0 0 0 0 0 0 0 0 0 0 0 0 0 0 0 0 0 0 0 0 0 0 0 0 0 0 0 0 0 0 0 0 0 0 0 0 0 0 0 0 0 0 0 0 0 0 0 0 
0 3.45482e-05 4.72886e-05 5.39265e-05 7.52042e-05 0.000109019 0.000136783 0.000152379 0.000159292 0.000181007 0.000220563 0.000252551 0.000269854 0.000286862 0.000325086 0.000376031 0.000428738 0.000475239 0.000521729 0.000593628 0.000687842 0.000801297 0.000918422 0.00104429 0.00120373 0.00140269 0.00163909 0.0018844 0.0021507 0.00243142 0.00272306 0.00302473 0.00329246 0.00350069 0.00361972 0.00364698 0.00355262 0.00331526 0.00292001 0.00234516 0.00160249 0.000714547 -0.000282742 -0.00134079 -0.00242468 -0.00348675 -0.00446267 -0.00530838 -0.00596433 -0.00639789 -0.00658405 -0.00654353 -0.00628432 -0.00583286 -0.00524032 -0.00455754 -0.00383496 -0.00311076 -0.00242571 -0.00181967 -0.00131505 -0.000908462 -0.000614648 -0.000409415 -0.00027772 -0.000199215 -0.000150798 -0.0001069 -7.94412e-05 -4.78616e-05 -1.66976e-05 1.40587e-05 3.60633e-05 4.9158e-05 6.34613e-05 7.56903e-05 7.63907e-05 8.04197e-05 7.82033e-05 7.42752e-05 7.78349e-05 7.00821e-05 6.55374e-05 6.89921e-05 7.23452e-05 7.29676e-05 7.13256e-05 6.10745e-05 5.61338e-05 5.07993e-05 5.17462e-05 5.18482e-05 5.76419e-05 6.06221e-05 6.30516e-05 5.93477e-05 5.87467e-05 5.23835e-05 5.16208e-05 4.97922e-05 5.34539e-05 5.77741e-05 6.74697e-05 6.85504e-05 7.0831e-05 6.70432e-05 6.50138e-05 6.22925e-05 6.6661e-05 7.08021e-05 8.01558e-05 8.48563e-05 9.10954e-05 9.15871e-05 9.80151e-05 0.00010056 9.8602e-05 0.000101274 0.000111728 0.000123587 0.00014341 0.000149425 0.000149678 0.00015829 0.000164435 0.00016689 0.000159314 0.00013672 9.93067e-05 4.92131e-05 -9.6482e-06 -6.80043e-05 -0.000129064 -0.000181426 -0.00024882 -0.000327761 -0.000421103 -0.000546835 -0.000739035 -0.000999931 -0.00136011 -0.00182585 -0.00239221 -0.00303467 -0.00372069 -0.00441124 -0.00506582 -0.00562383 -0.00605424 -0.00632231 -0.00637429 -0.00618696 -0.00574532 -0.00508659 -0.00424695 -0.00328188 -0.00223662 -0.00116317 -0.000109889 0.000887367 0.00177776 0.00250685 0.00306671 0.00345406 0.00369229 0.00380232 0.00378537 0.00366445 0.00344789 0.0031829 0.0028994 0.00262654 0.00235641 0.00207997 0.00182764 0.00160349 0.00142217 0.00127652 0.00114749 0.00102162 0.000911814 0.000841056 0.000791966 0.000745772 0.000693698 0.000643874 0.000616326 0.000605905 0.000592437 0.000563058 0.000534621 0.000526207 0.000528711 0.000522528 0.000499698 0.000481829 0.000483506 0.000490696 0.000486106 0.000469052 
0 4.72886e-05 7.72322e-05 0.000109691 0.000150389 0.000195897 0.000240721 0.000289629 0.000327501 0.000371349 0.000433022 0.000498451 0.000554527 0.000613171 0.000682768 0.000765093 0.000865059 0.000968165 0.00108134 0.00120923 0.00138157 0.00158912 0.00183451 0.00210662 0.00242388 0.00282031 0.00327114 0.00377927 0.00431953 0.00488963 0.00545929 0.00602979 0.00655262 0.00695129 0.00718898 0.0072217 0.00700586 0.00650686 0.00570832 0.00457246 0.00311522 0.00135487 -0.000613569 -0.00271041 -0.00484685 -0.00693719 -0.00886638 -0.0105149 -0.0118231 -0.0126931 -0.01308 -0.0129855 -0.0124543 -0.0115744 -0.0104233 -0.00906463 -0.00763481 -0.00620156 -0.00484995 -0.00364568 -0.00264464 -0.0018623 -0.00127188 -0.000870908 -0.000615188 -0.000442622 -0.000318335 -0.000225922 -0.000161877 -0.000108387 -4.5228e-05 1.98142e-06 6.08287e-05 0.000101564 0.000123709 0.000146841 0.000153392 0.000142662 0.000153948 0.000162771 0.000167541 0.000161305 0.000147531 0.000134661 0.000135171 0.000134695 0.000131181 0.000126162 0.000125986 0.00012457 0.000122612 0.000119575 0.000117667 0.000113278 0.000113212 0.000113302 0.000113744 0.000120946 0.00012414 0.000121059 0.000123448 0.000122953 0.000124182 0.000129494 0.000130623 0.00013344 0.000140918 0.000145874 0.000152956 0.000160486 0.000166245 0.00016673 0.000168153 0.000175274 0.000191491 0.000206201 0.000219219 0.000223225 0.000232978 0.000257589 0.000278501 0.000284903 0.000305952 0.000315564 0.000329253 0.000337639 0.000305668 0.000254387 0.000196914 9.5592e-05 -1.53901e-05 -0.000144783 -0.000275736 -0.00040734 -0.000546968 -0.000691958 -0.000873536 -0.00113288 -0.00149698 -0.00202949 -0.00274891 -0.00366756 -0.00478493 -0.00605509 -0.00741343 -0.00876092 -0.0100552 -0.011186 -0.0120394 -0.0125374 -0.0126184 -0.0122359 -0.0113871 -0.0100863 -0.00844402 -0.0065411 -0.00446943 -0.00234507 -0.000263334 0.00168716 0.00343263 0.00488369 0.0060175 0.0068177 0.00731215 0.00752706 0.00750549 0.00727181 0.00688075 0.00637094 0.00580735 0.00525044 0.00469336 0.00416357 0.00367008 0.00323726 0.00285469 0.00254639 0.00229301 0.00206175 0.00186565 0.00171211 0.00159554 0.00149637 0.00140972 0.00132501 0.00125769 0.00121011 0.00117525 0.00112943 0.00108634 0.00105434 0.00103706 0.00102325 0.000994966 0.000976595 0.000964592 0.000965721 0.000956813 0.000947508 
0 5.39265e-05 0.000109691 0.000181527 0.000247431 0.000296126 0.000350194 0.000434918 0.000511134 0.000575131 0.000647985 0.000730997 0.000830289 0.00093318 0.00104217 0.00115065 0.0012898 0.00146352 0.00165026 0.00186675 0.00211071 0.00242197 0.0027956 0.00322502 0.00372683 0.00430224 0.0049738 0.00570672 0.00652321 0.0073663 0.00819417 0.00901001 0.00972983 0.0102936 0.0106063 0.0106269 0.0102664 0.00948241 0.00826078 0.00655903 0.00439943 0.00182509 -0.00107327 -0.00415333 -0.0072945 -0.0103519 -0.0131534 -0.0155826 -0.0174831 -0.0187508 -0.0193061 -0.0191937 -0.0184434 -0.0171396 -0.0154281 -0.0134523 -0.0113547 -0.00924645 -0.00724883 -0.00548223 -0.00401833 -0.00285052 -0.00200064 -0.00139537 -0.000984922 -0.000715975 -0.000534183 -0.000381824 -0.000288066 -0.000195765 -0.0001055 -1.28248e-05 6.49936e-05 0.000121575 0.000174763 0.00021397 0.000217035 0.000226123 0.000225858 0.000226542 0.000245085 0.000230115 0.000214293 0.000211749 0.000207404 0.000200111 0.000195533 0.000179693 0.000182379 0.000182205 0.000187258 0.000179219 0.000177575 0.000168946 0.000166887 0.000161672 0.000173348 0.000175732 0.00018644 0.00018388 0.000184191 0.000179371 0.000188281 0.000184875 0.000194764 0.000200134 0.000213143 0.000219098 0.000231687 0.000233419 0.000242079 0.000242212 0.000254447 0.00026339 0.000293843 0.000314918 0.000318547 0.000325213 0.000346133 0.000371844 0.000420727 0.000440163 0.000447728 0.0004718 0.000483058 0.000477637 0.000441677 0.000368854 0.000260744 0.000115931 -5.96197e-05 -0.000247903 -0.000454689 -0.000645523 -0.000869289 -0.00111219 -0.00138689 -0.00175607 -0.00232087 -0.00309983 -0.00416511 -0.00552527 -0.0071631 -0.00901507 -0.0109975 -0.0130055 -0.0149188 -0.0165525 -0.0177908 -0.0185271 -0.0186325 -0.0180663 -0.0168066 -0.0149406 -0.0125485 -0.00976386 -0.00672159 -0.00359544 -0.000547194 0.00231686 0.00488006 0.00702515 0.00873067 0.00995829 0.0107287 0.011085 0.0110653 0.0107687 0.0102283 0.00953031 0.00872368 0.00789651 0.00707914 0.00628859 0.00558717 0.00494107 0.00436426 0.00387416 0.00347477 0.00313908 0.00284918 0.00261441 0.00240748 0.00224249 0.00212043 0.0020114 0.00190875 0.00181556 0.00174938 0.00169895 0.00165154 0.0016009 0.00155226 0.00152333 0.00150322 0.00148538 0.00146249 0.00143685 0.00142641 0.00143099 
0 7.52042e-05 0.000150389 0.000247431 0.000338683 0.000408347 0.000479096 0.000583198 0.000685444 0.000780788 0.000880019 0.000985529 0.00110368 0.00124954 0.00140781 0.00156373 0.00174518 0.0019644 0.00223692 0.00254346 0.0029012 0.00331071 0.00381134 0.00440406 0.00509157 0.0058875 0.00675302 0.00771616 0.0087618 0.00986295 0.0109326 0.0119442 0.0128215 0.0134617 0.0138061 0.0137675 0.0132415 0.0121544 0.0104899 0.00821783 0.00538738 0.00203432 -0.00170207 -0.00568911 -0.00975623 -0.0137167 -0.0173433 -0.0204257 -0.0228538 -0.0244735 -0.025209 -0.0250622 -0.024096 -0.0224454 -0.0202549 -0.0176677 -0.0149388 -0.0122126 -0.00964518 -0.00735672 -0.00544232 -0.00392576 -0.00277046 -0.00196419 -0.00143255 -0.00107055 -0.000809128 -0.00060838 -0.000457139 -0.000323836 -0.000180203 -6.41368e-05 6.08472e-05 0.000152085 0.000211562 0.000264798 0.000285965 0.000278213 0.000298715 0.000312668 0.000318289 0.000304458 0.000283079 0.00026874 0.000276208 0.000277658 0.000268341 0.000251708 0.000242101 0.00023309 0.000228829 0.000226713 0.000231096 0.000231976 0.000235531 0.000233506 0.000228567 0.000230495 0.000229644 0.000224239 0.0002332 0.000242208 0.000254671 0.000266744 0.000267755 0.000266746 0.000272006 0.000276377 0.000289512 0.000307199 0.000327028 0.00033802 0.000347012 0.000359653 0.000383448 0.00040396 0.000424249 0.000435809 0.000461606 0.000510779 0.000553739 0.00056915 0.00060105 0.000615941 0.000633389 0.000634833 0.000566026 0.000452572 0.00031319 9.69639e-05 -0.000141123 -0.00040577 -0.000671635 -0.000941315 -0.0012352 -0.00155306 -0.00194491 -0.00248248 -0.00322042 -0.00425825 -0.0056366 -0.00738313 -0.00950128 -0.0119131 -0.0144962 -0.0170685 -0.0195256 -0.0216584 -0.0232596 -0.0241815 -0.0243127 -0.0235834 -0.021992 -0.0195717 -0.016498 -0.0129151 -0.00899584 -0.00496088 -0.00100216 0.00270958 0.00604005 0.00884843 0.011102 0.0127631 0.0138482 0.0143819 0.0144414 0.0141054 0.0134813 0.0126302 0.0116368 0.0105943 0.00952192 0.00849674 0.00755564 0.00671814 0.00594798 0.00528337 0.00472518 0.00424962 0.00386406 0.00354411 0.00326365 0.00302097 0.002842 0.00269924 0.00257152 0.00244587 0.00234518 0.00226793 0.00221399 0.00215344 0.00208826 0.00204161 0.00200823 0.00199278 0.00195902 0.00192853 0.00190674 0.0019134 
0 0.000109019 0.000195897 0.000296126 0.000408347 0.000516904 0.000617692 0.000733836 0.000848778 0.000977135 0.00112389 0.00126014 0.00140291 0.00157627 0.00179098 0.00200878 0.00224473 0.00252516 0.00286304 0.00327768 0.00374178 0.00428079 0.00491272 0.00566122 0.00654285 0.00753142 0.00862036 0.00978322 0.0110556 0.0123679 0.0136308 0.014802 0.0157665 0.0164466 0.0167428 0.0165846 0.0158339 0.014408 0.0122914 0.00946763 0.00599825 0.00195322 -0.0025529 -0.00734195 -0.0122252 -0.0169623 -0.02128 -0.0249816 -0.027867 -0.0297943 -0.0306679 -0.0305265 -0.0294053 -0.0274157 -0.0247603 -0.021667 -0.0183805 -0.0150934 -0.0119905 -0.00923799 -0.00693637 -0.00508646 -0.00370015 -0.00269478 -0.00199592 -0.00152042 -0.00118211 -0.000901951 -0.000698341 -0.000505669 -0.000320243 -0.000145282 5.86775e-06 0.000123062 0.000224511 0.000301611 0.000329 0.000351923 0.000364349 0.000373135 0.000392191 0.000371206 0.000349466 0.000347666 0.000348416 0.000342475 0.000332236 0.000306997 0.000301408 0.000296464 0.000298502 0.000291209 0.000293401 0.000288649 0.000289111 0.000283376 0.000290545 0.000289757 0.00029688 0.000293241 0.000298797 0.000302531 0.000319865 0.000322652 0.000332107 0.000335979 0.000348711 0.00035613 0.000373811 0.000384614 0.000403811 0.000414699 0.000434869 0.0004502 0.000486959 0.000514436 0.000525356 0.000542541 0.000579974 0.000627245 0.000693348 0.000720659 0.000731835 0.000754927 0.000760959 0.000737708 0.000658336 0.000515652 0.000311186 4.00375e-05 -0.000276319 -0.000611719 -0.000966325 -0.00131085 -0.00170466 -0.00214029 -0.00264129 -0.00329526 -0.00422671 -0.00548359 -0.00715699 -0.00927357 -0.0118222 -0.0147145 -0.017812 -0.0209385 -0.0239005 -0.0264282 -0.028326 -0.0294285 -0.029569 -0.0286874 -0.0267659 -0.0239102 -0.0202491 -0.0159703 -0.01128 -0.00643773 -0.00168773 0.00279329 0.00683023 0.0102666 0.013065 0.0151735 0.0165974 0.0173689 0.0175433 0.0172561 0.0165863 0.0156465 0.0145098 0.0132837 0.0120159 0.0107598 0.00961491 0.00856583 0.00761831 0.00678359 0.00606446 0.00544803 0.00493473 0.00452825 0.00417036 0.00385835 0.00360696 0.00340628 0.00324592 0.00309918 0.00296818 0.00285352 0.00276803 0.00270095 0.00263509 0.00257363 0.00251745 0.00248153 0.00245608 0.00243064 0.00240656 0.00239507 
0 0.000136783 0.000240721 0.000350194 0.000479096 0.000617692 0.000753597 0.000894201 0.0010277 0.0011794 0.00136192 0.00154906 0.00173353 0.00194449 0.00219292 0.00246782 0.00278326 0.00314328 0.00356522 0.00405642 0.00464039 0.00532141 0.00612022 0.00703892 0.00808734 0.00927499 0.0105645 0.0119535 0.0134145 0.014889 0.016276 0.0175252 0.0185336 0.0191783 0.0193686 0.0190034 0.0179609 0.0161639 0.0136016 0.0102632 0.0062136 0.00151923 -0.00366097 -0.0091465 -0.0147112 -0.0200952 -0.0250055 -0.0291864 -0.0324669 -0.0346626 -0.0356713 -0.0354965 -0.0342085 -0.0319598 -0.0289488 -0.0254 -0.0216289 -0.0178576 -0.014301 -0.0111335 -0.00847615 -0.00635126 -0.00472001 -0.0035346 -0.00269975 -0.00209883 -0.00164558 -0.00128596 -0.00100367 -0.000755273 -0.00051016 -0.000291642 -7.87102e-05 9.17875e-05 0.000219886 0.0003175 0.000365844 0.000383466 0.00041988 0.000450882 0.000469398 0.000455948 0.000429403 0.000409888 0.00040883 0.000402329 0.000389018 0.000373613 0.000370837 0.000368975 0.000366604 0.000356882 0.000350067 0.000340751 0.000338359 0.000338225 0.00034448 0.000356424 0.000364631 0.000361926 0.000365692 0.000367672 0.000375452 0.000383459 0.000390283 0.000401484 0.000421581 0.000438729 0.000457816 0.000472451 0.00048819 0.000497894 0.000512368 0.000536673 0.000577628 0.000615277 0.000647042 0.000668973 0.000704631 0.000760675 0.000814542 0.000839454 0.000869304 0.000882746 0.000882576 0.000843144 0.000717878 0.000522948 0.000273245 -6.81311e-05 -0.000456817 -0.000885412 -0.00133009 -0.00178779 -0.00228094 -0.00281021 -0.00342845 -0.00423328 -0.00532148 -0.00680233 -0.00874035 -0.0111701 -0.01409 -0.017406 -0.020957 -0.0245165 -0.0278949 -0.030803 -0.0329686 -0.0341904 -0.0343285 -0.0333172 -0.0311607 -0.0279192 -0.0237747 -0.0189147 -0.0135755 -0.00805261 -0.00261278 0.00252512 0.00718816 0.011214 0.0145422 0.0171079 0.0189014 0.019945 0.0203239 0.020149 0.0195344 0.0185616 0.0173352 0.0159771 0.014543 0.0131208 0.0117732 0.0105279 0.00937853 0.00836992 0.00750058 0.00674088 0.00609741 0.00556639 0.0051223 0.00474332 0.00442853 0.00415941 0.00394029 0.0037617 0.00361166 0.0034673 0.00334421 0.00324976 0.0031801 0.00311537 0.00303948 0.00298511 0.00295201 0.00293728 0.00290931 0.00288521 
0 0.000152379 0.000289629 0.000434918 0.000583198 0.000733836 0.000894201 0.00107238 0.00123791 0.00140325 0.00160362 0.00183169 0.00207361 0.00232619 0.00260939 0.00294003 0.00334346 0.00380964 0.00432668 0.00492341 0.00563524 0.0064856 0.00746312 0.00855561 0.00977809 0.0111426 0.0126308 0.0141994 0.0158088 0.0173785 0.0188233 0.0200886 0.0210562 0.0215954 0.0215922 0.020955 0.0195753 0.0173883 0.0143817 0.0105511 0.00595941 0.00070325 -0.0050556 -0.0111075 -0.0172159 -0.0231027 -0.0284633 -0.0330397 -0.0366132 -0.0389994 -0.0400932 -0.0399076 -0.0385052 -0.0360297 -0.032707 -0.0288093 -0.0246472 -0.0204786 -0.0165401 -0.0130316 -0.0100766 -0.00769456 -0.00586072 -0.00449932 -0.00351196 -0.00279186 -0.00224111 -0.00178953 -0.00142308 -0.00109142 -0.000774822 -0.000483036 -0.000218846 -5.12826e-08 0.000176992 0.000309115 0.000381896 0.000426606 0.000465731 0.000497544 0.00051956 0.000506973 0.000486366 0.000480053 0.000481562 0.000474463 0.000456965 0.000432228 0.000421779 0.000416962 0.00041469 0.000407891 0.000405989 0.00040148 0.000400366 0.000398194 0.000402141 0.00040644 0.000411204 0.00040965 0.000416231 0.000425509 0.000441802 0.000451538 0.000459844 0.000468865 0.000485482 0.00050092 0.000521166 0.000539304 0.000561764 0.000581977 0.000607069 0.000635257 0.000677148 0.000713624 0.000739417 0.000767272 0.000813446 0.000876047 0.000941629 0.000973493 0.00098841 0.000992869 0.000970604 0.000896862 0.000737636 0.00049226 0.000165228 -0.000253326 -0.000732797 -0.00125013 -0.00179107 -0.00234574 -0.0029484 -0.00360288 -0.00434775 -0.00528484 -0.00653728 -0.00820083 -0.010361 -0.0130587 -0.0162853 -0.0199414 -0.0238526 -0.0277903 -0.0315059 -0.0346844 -0.0370525 -0.0383978 -0.0385558 -0.0374545 -0.0350937 -0.0315665 -0.027041 -0.0217289 -0.015887 -0.00982414 -0.00382674 0.00188192 0.00710381 0.0116668 0.0154867 0.018494 0.0206748 0.0220546 0.0227032 0.0227318 0.022234 0.0213102 0.0200732 0.018654 0.0171277 0.0155686 0.0140571 0.0126186 0.0112822 0.0100939 0.0090589 0.008148 0.00735296 0.00668417 0.00612522 0.00566609 0.00528487 0.00494984 0.00466418 0.00443639 0.00426203 0.00410419 0.00395483 0.00382598 0.00373367 0.00366301 0.00358769 0.00352056 0.00347003 0.00343968 0.00341048 0.00338915 
0 0.000159292 0.000327501 0.000511134 0.000685444 0.000848778 0.0010277 0.00123791 0.00144704 0.00164998 0.00187915 0.00214123 0.00243124 0.00274376 0.00309362 0.00349782 0.00397796 0.00453434 0.00516291 0.00589478 0.00675578 0.00776328 0.00890323 0.0101705 0.0115788 0.0131262 0.0147829 0.0164867 0.0181886 0.0198067 0.0212594 0.022469 0.0233081 0.023645 0.0233698 0.0224015 0.0206495 0.018057 0.014609 0.010314 0.00523951 -0.000492146 -0.00670879 -0.0131924 -0.0197051 -0.0259623 -0.0316519 -0.0365032 -0.0402798 -0.0427983 -0.04395 -0.0437402 -0.0422392 -0.0395947 -0.0360398 -0.0318686 -0.0274011 -0.0229283 -0.0187002 -0.0149251 -0.0117275 -0.00913229 -0.00711722 -0.00560222 -0.00448358 -0.0036463 -0.00298421 -0.00242729 -0.00195367 -0.00152171 -0.00111745 -0.000743862 -0.000412714 -0.000133795 9.43035e-05 0.000265125 0.000372682 0.00044673 0.000504052 0.000549208 0.000575167 0.000565869 0.000547872 0.000544701 0.000548765 0.000544794 0.000527175 0.000500649 0.000484199 0.000474747 0.000469456 0.000464274 0.000464576 0.000464563 0.00046494 0.000462801 0.000464027 0.000464247 0.000465508 0.00046537 0.000474077 0.000489828 0.000510874 0.000523653 0.000532189 0.000539704 0.000553609 0.000570126 0.000592564 0.000616873 0.00064567 0.000673168 0.000702375 0.000732872 0.000773296 0.000811785 0.000843132 0.000880386 0.000934855 0.00100072 0.00106251 0.0010907 0.00109261 0.00108036 0.00103333 0.000921837 0.000715733 0.000406865 -3.50634e-06 -0.000512234 -0.00109557 -0.00172043 -0.00237089 -0.00303928 -0.00375328 -0.00452686 -0.00540057 -0.006472 -0.00786605 -0.00968204 -0.0120167 -0.0149221 -0.0183904 -0.0223182 -0.0265101 -0.0307227 -0.0346788 -0.038061 -0.0405862 -0.0420278 -0.0422151 -0.0410632 -0.0385639 -0.0348217 -0.030017 -0.0243861 -0.018196 -0.0117446 -0.00531381 0.000863843 0.00656727 0.0116084 0.0158779 0.0193134 0.0219053 0.023676 0.0246694 0.0249677 0.0246555 0.0238512 0.0226855 0.0212825 0.0197164 0.0180567 0.0164001 0.0148002 0.0133057 0.0119514 0.0107408 0.00966033 0.0087142 0.00791409 0.00723785 0.00667162 0.00619859 0.00579616 0.00545246 0.0051663 0.00493852 0.00475068 0.00458402 0.00443051 0.00430417 0.00420942 0.00413402 0.0040673 0.00400202 0.00394785 0.00391486 0.00390541 
0 0.000181007 0.000371349 0.000575131 0.000780788 0.000977135 0.0011794 0.00140325 0.00164998 0.00191238 0.00218903 0.00248398 0.00280984 0.00319661 0.00363927 0.00413439 0.00469053 0.00533554 0.00610184 0.0069882 0.00801192 0.00916534 0.0104654 0.0119137 0.0135019 0.0152158 0.0169898 0.0187872 0.0205273 0.0221401 0.0235296 0.0245934 0.0252227 0.0252789 0.0246751 0.0233208 0.0211547 0.018137 0.01426 0.00954806 0.00406953 -0.00205044 -0.00861259 -0.0154044 -0.0221771 -0.0286561 -0.0345476 -0.0395563 -0.043462 -0.0460576 -0.0472363 -0.0469783 -0.0453793 -0.0426112 -0.0389028 -0.0345411 -0.029866 -0.0251768 -0.0207389 -0.0167653 -0.0133876 -0.0106497 -0.00849427 -0.00685828 -0.00562424 -0.00466057 -0.00386827 -0.00320005 -0.00260438 -0.00206753 -0.00156098 -0.00109849 -0.000678679 -0.000321111 -3.60253e-05 0.000180892 0.000334436 0.00043139 0.00052025 0.000591362 0.000624516 0.000631479 0.000618333 0.000605682 0.000606296 0.000599991 0.000579937 0.00056422 0.000552141 0.000548002 0.000541723 0.000534595 0.000523583 0.000517177 0.00051157 0.000514149 0.000519092 0.000531994 0.00053711 0.000540826 0.000544276 0.000555518 0.000565618 0.00058012 0.000589921 0.000608119 0.00063062 0.000658254 0.000680985 0.00070515 0.0007276 0.00075346 0.00077999 0.000821991 0.000868171 0.000915702 0.000962323 0.00100339 0.00105388 0.00112069 0.00116563 0.00118415 0.00118198 0.00114085 0.00106087 0.000903155 0.000630718 0.000243755 -0.000250934 -0.000858704 -0.00154821 -0.0022979 -0.00307251 -0.00388381 -0.00472284 -0.00560834 -0.00659499 -0.00778009 -0.00927122 -0.0112115 -0.0136827 -0.0167446 -0.020384 -0.0244948 -0.0288769 -0.0332644 -0.0373794 -0.040914 -0.0435572 -0.0450664 -0.0452835 -0.0441073 -0.0415448 -0.0376775 -0.0327185 -0.0268994 -0.0204916 -0.013783 -0.00704202 -0.000520127 0.00556279 0.0110157 0.0157047 0.0195693 0.0225898 0.0247722 0.0261564 0.0267812 0.0267459 0.0261483 0.0251326 0.0238089 0.022252 0.0205577 0.0188054 0.0170921 0.0154563 0.0139409 0.012555 0.0113023 0.0102084 0.00926809 0.0084656 0.00777048 0.00718304 0.0067008 0.0062994 0.00595515 0.00565707 0.00541468 0.00522454 0.00505904 0.00490774 0.00477777 0.00468227 0.00461361 0.00454516 0.00448203 0.00444007 0.00442778 
0 0.000220563 0.000433022 0.000647985 0.000880019 0.00112389 0.00136192 0.00160362 0.00187915 0.00218903 0.00251732 0.00285327 0.00323776 0.00369231 0.00422174 0.00480936 0.00546583 0.00624367 0.00715422 0.00821015 0.00938561 0.0107117 0.012188 0.0138146 0.0155681 0.0173878 0.0192488 0.0210722 0.0228038 0.0243305 0.0255642 0.0263983 0.0267259 0.0264501 0.0254618 0.0236892 0.0210867 0.0176404 0.0133558 0.00827925 0.00246387 -0.00393522 -0.0107503 -0.0177326 -0.0246439 -0.0312119 -0.037161 -0.0422424 -0.0461726 -0.0487688 -0.049914 -0.0496069 -0.0479347 -0.0450614 -0.0412416 -0.0368006 -0.0320091 -0.0271936 -0.0226228 -0.0185297 -0.0150408 -0.0121908 -0.00995874 -0.00822666 -0.00687896 -0.00580963 -0.0049112 -0.00411806 -0.00340573 -0.00274107 -0.002124 -0.0015383 -0.00102951 -0.000586471 -0.000217431 5.87838e-05 0.000253624 0.000407538 0.000509218 0.000594274 0.0006516 0.000668702 0.000666295 0.000671364 0.000664531 0.000656691 0.000640494 0.000619164 0.000606849 0.000603771 0.000596878 0.000589863 0.000579062 0.000570883 0.000565172 0.000565915 0.000575438 0.000583965 0.000591278 0.00059727 0.000600492 0.000612102 0.000626396 0.000638055 0.000653491 0.000672791 0.000698334 0.000726941 0.000752548 0.000778848 0.000801601 0.000831473 0.000869355 0.000912353 0.000965208 0.00101985 0.00105723 0.0011056 0.00116058 0.00121377 0.0012605 0.00127783 0.00123824 0.00117575 0.00104467 0.000815438 0.000477039 7.74492e-06 -0.000602495 -0.00131216 -0.00212595 -0.00299603 -0.00391309 -0.00485116 -0.00581627 -0.00682773 -0.00791383 -0.00917121 -0.0107546 -0.0127671 -0.0153272 -0.0184913 -0.0222275 -0.026426 -0.0308849 -0.0353858 -0.0395969 -0.0432056 -0.0459258 -0.0475125 -0.0477765 -0.0466206 -0.0440382 -0.0401691 -0.0351658 -0.0292768 -0.0227665 -0.0159096 -0.00898864 -0.00223354 0.00412036 0.00990569 0.0149756 0.0192579 0.0227051 0.0253136 0.0270982 0.028122 0.0284404 0.0281586 0.027374 0.0261862 0.0247153 0.0230453 0.0212895 0.0194953 0.0177398 0.0160576 0.0145004 0.0130978 0.0118449 0.0107481 0.00978507 0.00895853 0.00825563 0.00767804 0.00719727 0.00678612 0.00642779 0.00612931 0.00589542 0.00570795 0.00554071 0.00538483 0.0052607 0.00516797 0.00510137 0.0050399 0.00499255 0.00495765 
0 0.000252551 0.000498451 0.000730997 0.000985529 0.00126014 0.00154906 0.00183169 0.00214123 0.00248398 0.00285327 0.00327177 0.00373833 0.00427291 0.00486809 0.0055602 0.00635873 0.00728241 0.00835242 0.00954686 0.0108978 0.012393 0.0140461 0.0158302 0.0176979 0.0196094 0.0214868 0.0233005 0.0249358 0.0263114 0.0273231 0.0278468 0.027813 0.0271215 0.0257124 0.023503 0.0204724 0.0166159 0.0119487 0.00654404 0.000477916 -0.0061194 -0.0130509 -0.0201148 -0.0270607 -0.033627 -0.0395538 -0.0445557 -0.0484211 -0.0509526 -0.0520432 -0.0516515 -0.0499 -0.0469816 -0.043125 -0.0386166 -0.0337858 -0.0289408 -0.0243469 -0.0202122 -0.0166644 -0.013769 -0.0114593 -0.00967081 -0.00827511 -0.0071206 -0.00611089 -0.00521387 -0.00435358 -0.00355406 -0.0027969 -0.00209563 -0.00146252 -0.000914142 -0.000470049 -0.000123879 0.00014647 0.000330328 0.00048276 0.000599311 0.000657423 0.000697932 0.000711584 0.000712669 0.000724464 0.000727047 0.00070743 0.000691194 0.000665962 0.000650576 0.000640774 0.000640585 0.000633886 0.000637666 0.000633613 0.000635454 0.000633758 0.000638097 0.000635832 0.000644839 0.000651918 0.000676118 0.000693878 0.000716249 0.000729202 0.000745466 0.000759649 0.000788335 0.000813181 0.000850426 0.000887563 0.000929557 0.000965463 0.00101655 0.00105849 0.00110442 0.00115887 0.00120818 0.00126086 0.00132313 0.00134172 0.00133137 0.0012817 0.00116131 0.000977248 0.000685257 0.000253928 -0.000323911 -0.00104152 -0.00188526 -0.00283186 -0.00385285 -0.00489657 -0.00598032 -0.00705427 -0.0081468 -0.00932554 -0.0106745 -0.0122946 -0.0143521 -0.0169353 -0.0201156 -0.0238684 -0.0280909 -0.0325854 -0.0370841 -0.0413036 -0.0449647 -0.0477455 -0.0493793 -0.0497076 -0.0486176 -0.0461226 -0.0422965 -0.0373445 -0.0314909 -0.0249972 -0.0181203 -0.0111117 -0.00423482 0.00230593 0.00834872 0.0137401 0.0184043 0.022269 0.0253033 0.0275344 0.0289779 0.0297202 0.0298066 0.0293295 0.0283664 0.0270384 0.0254809 0.0237489 0.021941 0.0200965 0.018289 0.016589 0.0150341 0.0136348 0.0123586 0.0112377 0.0102698 0.0094514 0.00876117 0.00816656 0.00767255 0.00725702 0.00691104 0.00661653 0.00637743 0.00618536 0.00601813 0.00587337 0.00575052 0.00566589 0.00560744 0.00555677 0.00550616 
0 0.000269854 0.000554527 0.000830289 0.00110368 0.00140291 0.00173353 0.00207361 0.00243124 0.00280984 0.00323776 0.00373833 0.00430846 0.00491987 0.00561077 0.00643273 0.00738184 0.00846378 0.00967209 0.0110414 0.0125576 0.0142294 0.0160229 0.0179169 0.0198752 0.0218107 0.0236794 0.0253868 0.026865 0.0280085 0.0287314 0.0289019 0.0284388 0.0273004 0.0254299 0.0227798 0.0193363 0.0150956 0.0100802 0.00440281 -0.00185472 -0.00852848 -0.0154924 -0.0225287 -0.0294116 -0.0358735 -0.0416611 -0.046544 -0.0502523 -0.0526427 -0.0536219 -0.0531694 -0.0513689 -0.0483895 -0.0444909 -0.0400127 -0.0352018 -0.0303895 -0.0258311 -0.0217385 -0.0182215 -0.0153315 -0.0130451 -0.0112358 -0.00978074 -0.00856641 -0.00747934 -0.00645626 -0.00546727 -0.00451061 -0.00361112 -0.00275842 -0.00201405 -0.00135698 -0.000803129 -0.000368077 -3.1203e-05 0.00023913 0.000419196 0.000560483 0.000657317 0.000715115 0.000744618 0.000771255 0.000772207 0.000774462 0.000764637 0.000745101 0.000726348 0.000718364 0.000707258 0.000705809 0.00069575 0.000691339 0.00068667 0.000688134 0.000693862 0.000698907 0.000702914 0.000714071 0.000720229 0.000738932 0.000755503 0.000773696 0.000793643 0.00081447 0.000838344 0.000869332 0.000897256 0.000935672 0.000965929 0.00100718 0.00105481 0.00110463 0.00115729 0.00121475 0.00125426 0.00130984 0.00136111 0.00139627 0.00140675 0.00137943 0.00126664 0.00110383 0.000842407 0.000457371 -5.89416e-05 -0.000738162 -0.00159993 -0.00258012 -0.00368406 -0.00484818 -0.00605224 -0.00725633 -0.00844019 -0.00963276 -0.0108651 -0.0122225 -0.0138602 -0.0158928 -0.0184488 -0.0215987 -0.0253053 -0.0294669 -0.0338913 -0.0383771 -0.0425786 -0.0462127 -0.0490035 -0.050704 -0.0511205 -0.0501381 -0.0477483 -0.0440866 -0.0392761 -0.033555 -0.0271728 -0.0203667 -0.0133939 -0.00647184 0.000174412 0.00640649 0.0120602 0.0170555 0.0213059 0.0247742 0.0274502 0.0293585 0.0305284 0.0310317 0.0309224 0.0302642 0.0291901 0.0277852 0.0261499 0.0243531 0.0225023 0.0206344 0.018822 0.0171229 0.0155493 0.0141214 0.0128446 0.0117369 0.0107733 0.00994699 0.00923298 0.00863935 0.0081547 0.00774867 0.0073917 0.00709117 0.00685547 0.00666916 0.0065154 0.00636842 0.00625713 0.00617948 0.00612848 0.00607946 
0 0.000286862 0.000613171 0.00093318 0.00124954 0.00157627 0.00194449 0.00232619 0.00274376 0.00319661 0.00369231 0.00427291 0.00491987 0.00564349 0.00646383 0.00743587 0.00853449 0.00975732 0.0111379 0.0126722 0.0143687 0.0161844 0.0181004 0.0200744 0.0220549 0.0239784 0.0257554 0.0273198 0.0285528 0.0293856 0.0297386 0.0294877 0.0285802 0.0269718 0.0246373 0.0215376 0.0176892 0.0131073 0.00781957 0.00194475 -0.00441498 -0.0111268 -0.0180357 -0.0249698 -0.0317009 -0.0379797 -0.0435689 -0.0482166 -0.0517185 -0.053927 -0.054755 -0.0541652 -0.052279 -0.0492877 -0.0454202 -0.0409669 -0.0362307 -0.031516 -0.02707 -0.0230792 -0.0196507 -0.0168464 -0.0146018 -0.0128235 -0.0113806 -0.0101217 -0.00895516 -0.00784664 -0.00672426 -0.00563098 -0.00457705 -0.00357517 -0.00266691 -0.00186992 -0.00121167 -0.000688089 -0.000264234 5.61976e-05 0.000309354 0.000505835 0.000631221 0.000725443 0.000774852 0.000791666 0.000802828 0.000810399 0.000803884 0.000801269 0.000787266 0.000776589 0.000767895 0.000762942 0.000744057 0.000737875 0.000729145 0.000732906 0.000742235 0.000754083 0.00076163 0.000777799 0.00078023 0.000795171 0.000804102 0.000822748 0.000847175 0.000876577 0.000903903 0.000944137 0.000974731 0.00101317 0.00104665 0.00108492 0.00112574 0.00118555 0.00124004 0.00129966 0.00136137 0.00141144 0.0014447 0.00146242 0.0014263 0.00135452 0.00121941 0.000989082 0.000653281 0.000173407 -0.000469662 -0.00129191 -0.0022888 -0.00341985 -0.00466986 -0.00599362 -0.00733355 -0.00867954 -0.00995552 -0.0111857 -0.012442 -0.0138046 -0.0153933 -0.0173716 -0.0198457 -0.0228899 -0.0264742 -0.0305127 -0.0348367 -0.0392066 -0.0433385 -0.0469735 -0.0498026 -0.0515521 -0.0520586 -0.0512177 -0.0490376 -0.0455823 -0.0409943 -0.0354786 -0.0292797 -0.0226261 -0.0157481 -0.00888629 -0.00221909 0.00412109 0.00997596 0.0152542 0.0198531 0.0237219 0.0268537 0.0292244 0.0308688 0.0318176 0.0321299 0.0318528 0.0310891 0.0299348 0.0284382 0.0267331 0.0249147 0.0230416 0.0211634 0.0193302 0.0176076 0.0160219 0.0146129 0.0133496 0.0122224 0.0112462 0.0104112 0.00971905 0.00913133 0.00864129 0.00822037 0.00787121 0.00758229 0.0073501 0.00717623 0.00701763 0.00688342 0.00677825 0.00671724 0.00667497 
0 0.000325086 0.000682768 0.00104217 0.00140781 0.00179098 0.00219292 0.00260939 0.00309362 0.00363927 0.00422174 0.00486809 0.00561077 0.00646383 0.00743926 0.0085588 0.0098056 0.0112 0.0127539 0.0144613 0.0162981 0.0182463 0.0202566 0.0222627 0.0242099 0.0260299 0.0276621 0.0289997 0.0299296 0.0303733 0.0302857 0.0295789 0.0282091 0.0261468 0.023356 0.0198238 0.0156045 0.0107349 0.00524458 -0.00074994 -0.00715737 -0.0138307 -0.0206426 -0.0274066 -0.0339144 -0.0399338 -0.0452472 -0.0496338 -0.052862 -0.0548181 -0.0554451 -0.0547272 -0.0527628 -0.0497309 -0.0458762 -0.04151 -0.0368856 -0.0323113 -0.0280263 -0.0242063 -0.0209379 -0.0182679 -0.0161419 -0.0144321 -0.0130123 -0.0117591 -0.0105681 -0.00937989 -0.00815032 -0.00691013 -0.00569934 -0.00453216 -0.0034739 -0.00253001 -0.00173123 -0.00108442 -0.000561687 -0.000146837 0.000154345 0.000385691 0.000552896 0.000679371 0.000762239 0.00081647 0.000837857 0.000854884 0.000856536 0.00084697 0.00082926 0.000817459 0.000805979 0.000805626 0.000794322 0.000791968 0.000789309 0.000792026 0.00079548 0.000797977 0.000801569 0.000818121 0.000828279 0.0008496 0.000865869 0.000888603 0.000914918 0.000939956 0.000964386 0.000998588 0.00103106 0.00107824 0.00111775 0.00116602 0.00121983 0.0012774 0.00133047 0.00138497 0.00142583 0.00147051 0.00149477 0.00148728 0.0014315 0.00132458 0.00111755 0.000809761 0.000364709 -0.000237806 -0.00100493 -0.00196223 -0.00312068 -0.00441556 -0.00583036 -0.00729879 -0.00877618 -0.0102148 -0.0115576 -0.0128276 -0.0140739 -0.0153791 -0.0168901 -0.0187483 -0.0210791 -0.0239606 -0.0273651 -0.0312178 -0.0353722 -0.0396362 -0.0436964 -0.0472865 -0.0501238 -0.0519545 -0.0525967 -0.0519408 -0.0499851 -0.0468126 -0.042507 -0.0372608 -0.0313054 -0.0248608 -0.018159 -0.011408 -0.00478598 0.00159628 0.00758206 0.013075 0.0179662 0.022199 0.0257478 0.0285826 0.0307005 0.0321327 0.0329065 0.0330544 0.0326731 0.0318272 0.0305792 0.0290335 0.0273095 0.0254585 0.0235508 0.0216507 0.0198116 0.0180872 0.0165166 0.0150964 0.0138106 0.0126863 0.0117235 0.0109099 0.0102048 0.00960795 0.00911769 0.00872098 0.00837695 0.00808217 0.0078646 0.00768932 0.00754263 0.00741883 0.00734059 0.00728923 
0 0.000376031 0.000765093 0.00115065 0.00156373 0.00200878 0.00246782 0.00294003 0.00349782 0.00413439 0.00480936 0.0055602 0.00643273 0.00743587 0.0085588 0.00982659 0.0112389 0.0128088 0.0145306 0.0163773 0.0183266 0.0203538 0.0223996 0.0243826 0.0262402 0.027903 0.0293053 0.0303446 0.0309111 0.0309376 0.030391 0.0292084 0.0273634 0.0248437 0.0216229 0.0177081 0.0131727 0.00807085 0.00243714 -0.00362132 -0.0100099 -0.0165926 -0.0232402 -0.0297833 -0.0360268 -0.0417539 -0.0467529 -0.0508127 -0.0537292 -0.0554113 -0.0558124 -0.0549263 -0.0528598 -0.0497939 -0.045961 -0.0416585 -0.0371609 -0.0327671 -0.0286984 -0.0251006 -0.0220442 -0.0195615 -0.0175932 -0.0160109 -0.0146842 -0.0134761 -0.0122822 -0.0110404 -0.00970966 -0.00833408 -0.00696823 -0.00563683 -0.00440709 -0.00330339 -0.00236108 -0.00158425 -0.000945246 -0.000433158 -4.89848e-05 0.000242752 0.000457139 0.000622769 0.000738462 0.00081335 0.000854397 0.000885309 0.000897804 0.000894042 0.000877953 0.000862862 0.00085314 0.000852991 0.000844615 0.000844591 0.00084453 0.000845981 0.000847597 0.000845895 0.000850101 0.000868729 0.000882941 0.000905081 0.000923816 0.000948271 0.00097917 0.001005 0.0010284 0.00106113 0.00109672 0.00114776 0.00119605 0.0012481 0.00130444 0.00136111 0.00141013 0.00145805 0.00149758 0.00153334 0.00153978 0.00149873 0.00139412 0.00122487 0.00094916 0.0005496 -6.52948e-06 -0.00073641 -0.0016476 -0.00276417 -0.00408913 -0.00555953 -0.00714343 -0.00876343 -0.0103599 -0.0118758 -0.0132469 -0.014497 -0.0156936 -0.0169179 -0.0183052 -0.0199951 -0.0221207 -0.0247711 -0.0279447 -0.0315898 -0.035575 -0.0396967 -0.0436613 -0.0472127 -0.0500747 -0.0519948 -0.0527957 -0.0523688 -0.0506926 -0.0478182 -0.0438191 -0.0388842 -0.033235 -0.0270685 -0.0205875 -0.0139914 -0.007449 -0.00107944 0.00496924 0.0106028 0.0157251 0.02028 0.0242203 0.0274877 0.0300619 0.0319683 0.0332193 0.0338287 0.0338681 0.0333919 0.0324539 0.0311539 0.0295928 0.0278236 0.0259403 0.0240311 0.0221426 0.020304 0.0185728 0.0169892 0.0155643 0.0143006 0.0131852 0.012222 0.0113876 0.0106843 0.0101042 0.00963517 0.00922993 0.00887818 0.00860762 0.00839461 0.00823111 0.00809936 0.00800404 0.00792781 
0 0.000428738 0.000865059 0.0012898 0.00174518 0.00224473 0.00278326 0.00334346 0.00397796 0.00469053 0.00546583 0.00635873 0.00738184 0.00853449 0.0098056 0.0112389 0.0128269 0.0145558 0.0164313 0.0184045 0.0204445 0.022489 0.0244987 0.0264028 0.0281188 0.0295626 0.0306436 0.0313028 0.0314469 0.0310337 0.0300213 0.028356 0.0260369 0.0230761 0.0194731 0.0152416 0.0104564 0.00518247 -0.0005348 -0.0066008 -0.0129122 -0.0193622 -0.0258065 -0.0320956 -0.0380344 -0.043427 -0.0480833 -0.0517903 -0.0543782 -0.0557586 -0.0559036 -0.0548191 -0.0526208 -0.0494971 -0.0456812 -0.0414455 -0.0370879 -0.0328803 -0.029043 -0.0257031 -0.022916 -0.0206937 -0.0189451 -0.0175402 -0.0163437 -0.0152131 -0.0140523 -0.0127985 -0.0113986 -0.00991521 -0.00840245 -0.00690977 -0.0054999 -0.00422515 -0.00312536 -0.00220406 -0.00143209 -0.000815437 -0.000332059 3.5308e-05 0.000310442 0.000530369 0.000687226 0.000779776 0.000839423 0.000879447 0.000902961 0.000917274 0.000915567 0.000907752 0.000903681 0.000896687 0.0008804 0.000874842 0.000872875 0.000877407 0.000884636 0.000888651 0.000899261 0.000921562 0.000934523 0.000949151 0.000961077 0.000982626 0.0010184 0.00105451 0.00108631 0.00112674 0.00116703 0.00121327 0.00125923 0.00130531 0.00135784 0.00142049 0.00147372 0.00151844 0.00155771 0.00157173 0.00154378 0.00145793 0.00129216 0.00104942 0.000699532 0.000191807 -0.000489642 -0.00136404 -0.00243738 -0.00372826 -0.00522579 -0.00687455 -0.00861361 -0.0103686 -0.0120552 -0.0136241 -0.014999 -0.016196 -0.0172936 -0.0183767 -0.0195709 -0.0210391 -0.0229164 -0.0253046 -0.0282191 -0.0316245 -0.0354213 -0.0393915 -0.0432684 -0.0467926 -0.0496964 -0.0517336 -0.0527255 -0.0525494 -0.0511765 -0.0486202 -0.0449653 -0.0403768 -0.0350647 -0.0292086 -0.0229785 -0.0165763 -0.0101556 -0.00385397 0.00219666 0.00790555 0.0131935 0.0180069 0.0222863 0.0259414 0.0289472 0.0313136 0.033048 0.0341459 0.0346464 0.0345987 0.0340263 0.0330393 0.0317142 0.0301122 0.0283197 0.0264369 0.024534 0.0226236 0.020775 0.0190423 0.0174761 0.0160665 0.0147902 0.0136694 0.0127022 0.011889 0.0111977 0.0106241 0.0101427 0.00974214 0.0094215 0.00915446 0.00895339 0.00880835 0.00869961 0.00860378 
0 0.000475239 0.000968165 0.00146352 0.0019644 0.00252516 0.00314328 0.00380964 0.00453434 0.00533554 0.00624367 0.00728241 0.00846378 0.00975732 0.0112 0.0128088 0.0145558 0.0164288 0.0184185 0.0205003 0.0225712 0.0245903 0.0265067 0.028264 0.0297707 0.0309097 0.0316278 0.0318485 0.031538 0.0306514 0.029159 0.0270265 0.0242604 0.0209083 0.0169753 0.0124863 0.0075205 0.00214521 -0.00358813 -0.00959563 -0.0157985 -0.0220741 -0.0283109 -0.0343251 -0.0399405 -0.0449799 -0.0492681 -0.0526319 -0.0548767 -0.0559318 -0.0557835 -0.0544695 -0.0521063 -0.0488918 -0.0450693 -0.0409238 -0.0366957 -0.032677 -0.0290813 -0.0260233 -0.0235406 -0.0216086 -0.0201373 -0.0189565 -0.017923 -0.0169273 -0.0158549 -0.014616 -0.013204 -0.0116393 -0.0100031 -0.00834936 -0.00676439 -0.00530534 -0.00402643 -0.00294075 -0.00203378 -0.00127841 -0.000701988 -0.000255039 0.000100732 0.000373507 0.000576205 0.000719049 0.000796251 0.000856481 0.000902851 0.000920923 0.00092858 0.000929676 0.000920996 0.000914564 0.000903726 0.000894829 0.000900482 0.000906942 0.000909365 0.000912147 0.000923944 0.000943961 0.000965944 0.000979115 0.000991897 0.00101743 0.00105385 0.00108926 0.00112713 0.00116282 0.00120741 0.00126195 0.00130683 0.00135545 0.00141486 0.00146636 0.00151653 0.00155715 0.00156731 0.00156245 0.00150162 0.00135347 0.00113024 0.000813743 0.000354573 -0.000262173 -0.0010931 -0.00213711 -0.00339032 -0.00486179 -0.00654351 -0.00835962 -0.0102403 -0.0120891 -0.0138491 -0.0154169 -0.0167515 -0.0178685 -0.01882 -0.0197033 -0.0206699 -0.0218634 -0.0234521 -0.0255466 -0.0281856 -0.0313411 -0.0349158 -0.0387514 -0.0425618 -0.0460834 -0.0490619 -0.0512604 -0.0524722 -0.052564 -0.0514844 -0.0492754 -0.0459796 -0.0417571 -0.0367877 -0.0312353 -0.0252816 -0.0190966 -0.0128575 -0.00667852 -0.000675783 0.00506332 0.0104618 0.0154601 0.0199913 0.0239853 0.0273887 0.0302113 0.0324197 0.0339963 0.034979 0.0353841 0.0352526 0.0346248 0.0336034 0.0322392 0.0306125 0.028819 0.026923 0.0250012 0.0230915 0.0212602 0.0195449 0.017972 0.0165466 0.0152775 0.014178 0.0132261 0.0124091 0.0117151 0.0111416 0.0106806 0.0103047 0.0099851 0.00972894 0.0095522 0.00942551 0.00932625 
