0 0 0 0 0 0 0 0 0 0 0 0 0 0 0 0 0 0 0 0 0 0 0 0 0 0 0 0 0 0 0 0 0 0 0 0 0 0 0 0 0 0 0 0 0 0 0 0 0 0 0 0 0 0 0 0 0 0 0 0 0 0 0 0 0 0 0 0 0 0 0 0 0 0 0 0 0 0 0 0 0 0 0 0 0 0 0 0 0 0 0 0 0 0 0 0 0 0 0 0 0 0 0 0 0 0 0 0 0 0 0 0 0 0 0 0 0 0 0 0 0 0 0 0 0 0 0 0 0 0 0 0 0 0 0 0 0 0 0 0 0 0 0 0 0 0 0 0 0 0 0 0 0 0 0 0 0 0 0 0 0 0 0 0 0 0 0 0 0 0 0 0 0 0 0 0 0 0 0 0 0 0 0 0 0 0 0 0 0 0 0 0 0 0 0 0 0 0 0 0 
0 2.36513e-05 3.01041e-05 2.63176e-05 3.97281e-05 6.60542e-05 8.5476e-05 8.76317e-05 8.82901e-05 0.000107858 0.00013543 0.000152153 0.000154318 0.000165211 0.000191323 0.000215913 0.000232819 0.000245041 0.000261507 0.000288723 0.000316073 0.000332382 0.000345276 0.000371335 0.000400949 0.000418203 0.000438893 0.000456436 0.000480049 0.000506805 0.000533038 0.000559457 0.000590666 0.000649184 0.000714086 0.000799526 0.000899776 0.00103109 0.00120519 0.00140987 0.00164514 0.00189369 0.00214546 0.00238995 0.00261499 0.00278374 0.00285686 0.0028092 0.00262656 0.0022825 0.00180155 0.00118516 0.000454889 -0.000371087 -0.00125508 -0.00212639 -0.00293778 -0.00364335 -0.00420336 -0.00459532 -0.00482506 -0.00488663 -0.00479979 -0.00457978 -0.00425841 -0.0038568 -0.00341813 -0.00295748 -0.00250549 -0.00208136 -0.00170784 -0.00137455 -0.00108447 -0.000841935 -0.00064526 -0.000483698 -0.00035279 -0.000246237 -0.000159078 -9.07151e-05 -4.06355e-05 -5.37581e-06 1.48325e-05 1.76627e-05 2.86304e-05 3.47923e-05 3.73826e-05 4.19981e-05 4.41942e-05 4.43917e-05 5.28317e-05 4.50765e-05 4.06275e-05 3.86659e-05 4.03909e-05 4.21264e-05 4.61298e-05 4.18298e-05 4.59955e-05 4.90626e-05 5.08383e-05 4.50565e-05 4.58956e-05 4.26885e-05 4.96557e-05 5.37697e-05 5.20887e-05 5.30649e-05 6.21344e-05 6.08708e-05 6.56981e-05 5.69955e-05 5.08697e-05 5.87571e-05 6.69405e-05 6.69582e-05 6.77209e-05 5.42772e-05 4.18693e-05 2.13467e-05 -1.48976e-05 -6.37828e-05 -0.00012189 -0.000198884 -0.000299805 -0.000426873 -0.000584903 -0.000780754 -0.00102009 -0.00130093 -0.00162861 -0.00199787 -0.00241361 -0.00286837 -0.00334702 -0.00380606 -0.00423207 -0.00458166 -0.00482443 -0.00493494 -0.00490716 -0.00470887 -0.00432778 -0.00376427 -0.00304138 -0.00219049 -0.00128086 -0.000367947 0.000490263 0.00125922 0.00191982 0.00243098 0.00279734 0.00300375 0.00305508 0.00297481 0.00280319 0.00258358 0.00234709 0.00209121 0.00182967 0.00157654 0.00136388 0.00119203 0.00106288 0.000963581 0.000863259 0.000784507 0.000727561 0.000704943 0.000691006 0.000667107 0.000633996 0.000605252 0.000596343 0.000593665 0.000585847 0.000556136 0.000518227 0.000503949 0.00050747 0.000496962 0.000468603 0.000438464 0.000425916 0.000429306 0.000429282 0.000404751 0.000376033 0.000379141 0.00039257 0.000387132 0.000361592 0.00034799 0.000358142 0.00037096 0.00036311 0.000335147 0.00033108 0.000351848 
0 3.01041e-05 4.7982e-05 6.89239e-05 9.10435e-05 0.000127072 0.000149143 0.000171523 0.000194381 0.000227056 0.000264097 0.000286577 0.000310816 0.000344454 0.000389565 0.000421327 0.000450782 0.000487359 0.000530643 0.000579905 0.00062979 0.000661544 0.000699959 0.000761104 0.000819291 0.000858853 0.000891199 0.000937229 0.000978852 0.00103905 0.00108959 0.00113273 0.00119553 0.00129637 0.00143908 0.00160744 0.0018173 0.00207557 0.00240821 0.00280336 0.00325913 0.00375317 0.00424773 0.00470334 0.00512154 0.00544596 0.00559185 0.00550537 0.00513513 0.00448837 0.00355098 0.00233625 0.000893728 -0.000715854 -0.00243149 -0.00415545 -0.00577183 -0.00717666 -0.00831118 -0.00909924 -0.00954253 -0.00967172 -0.00950899 -0.00909906 -0.00846381 -0.00768725 -0.00682559 -0.00590799 -0.00502074 -0.00419895 -0.00344489 -0.00279267 -0.00221178 -0.00171592 -0.00131363 -0.000983621 -0.000713008 -0.000496215 -0.000328526 -0.00020398 -0.000103729 -3.85035e-05 2.4059e-06 3.47743e-05 5.7225e-05 7.48028e-05 8.66748e-05 7.74789e-05 7.01796e-05 8.04736e-05 8.1141e-05 8.10441e-05 8.30814e-05 7.3223e-05 8.08824e-05 8.94069e-05 7.59568e-05 7.93581e-05 8.13739e-05 8.08837e-05 9.43363e-05 8.64821e-05 7.91444e-05 9.38392e-05 9.64699e-05 0.000101626 0.000102288 9.09331e-05 0.000100093 0.000116005 0.000116396 0.00011646 0.000116944 0.000120025 0.000130081 0.000126444 0.000104225 8.65909e-05 6.86732e-05 3.08061e-05 -2.96262e-05 -0.000125288 -0.00025119 -0.000414631 -0.000623442 -0.000884223 -0.00120857 -0.00159681 -0.00206689 -0.00263929 -0.00327595 -0.00401327 -0.00485015 -0.00574407 -0.00667749 -0.00758615 -0.00840548 -0.00909655 -0.00957644 -0.00980599 -0.00972641 -0.00930002 -0.00852426 -0.00738733 -0.00595326 -0.0043035 -0.00252043 -0.000715825 0.00097818 0.00248441 0.0037658 0.00478353 0.00548357 0.00587776 0.00598378 0.00585624 0.00554235 0.00510543 0.00462358 0.00412163 0.00361553 0.00314364 0.00273613 0.00239031 0.00212553 0.00191127 0.00173874 0.00159629 0.00150032 0.0014381 0.00138958 0.00134569 0.00129208 0.00125536 0.00121909 0.00118716 0.0011551 0.00111107 0.00105998 0.00102914 0.00100793 0.000972521 0.000930434 0.00090167 0.000875961 0.000854633 0.000841584 0.000807655 0.000782012 0.000769349 0.00076848 0.000746866 0.000725341 0.000718011 0.000708613 0.000713994 0.000701928 0.000690685 0.000681288 0.00069484 
0 2.63176e-05 6.89239e-05 0.000115688 0.000156914 0.000181704 0.000212946 0.000261004 0.000309521 0.000350133 0.000381381 0.000421825 0.000471188 0.000529486 0.000581569 0.00062024 0.000674913 0.000743451 0.00080681 0.000872093 0.000941282 0.00100642 0.00107214 0.00115728 0.00123761 0.0012921 0.00136677 0.0014341 0.00150615 0.00158479 0.00167022 0.00176026 0.00185847 0.00202159 0.00221171 0.0024696 0.00277514 0.00315277 0.00362653 0.00417561 0.00481397 0.00550294 0.00620342 0.00687021 0.00746525 0.00790276 0.0080933 0.00797103 0.00747764 0.00652458 0.00516125 0.00340236 0.00131875 -0.00103119 -0.00354874 -0.00605424 -0.00841646 -0.0105001 -0.0121793 -0.0133722 -0.0140824 -0.0143008 -0.0140881 -0.013494 -0.0126013 -0.0114702 -0.0102154 -0.00888598 -0.00757417 -0.00633977 -0.0052429 -0.00425872 -0.0033899 -0.00264686 -0.00202901 -0.00151647 -0.00110456 -0.000779828 -0.000525974 -0.000331572 -0.000185525 -7.48705e-05 9.89883e-07 3.50519e-05 8.39796e-05 0.000111114 0.000117018 0.000118413 0.000112855 0.00010887 0.000130838 0.000117858 0.000114692 0.000116493 0.000124959 0.000128407 0.000130735 0.000112085 0.00011678 0.000124528 0.000134631 0.000127475 0.000135792 0.000133047 0.000150061 0.000155502 0.000142942 0.00013737 0.000158302 0.000162061 0.000184783 0.000174846 0.000166177 0.000184048 0.000194198 0.000177728 0.000161541 0.000116902 8.24325e-05 3.05511e-05 -6.64765e-05 -0.00021087 -0.000399449 -0.000654386 -0.000983007 -0.0013844 -0.00186829 -0.00245601 -0.00316942 -0.00400994 -0.00498947 -0.00609178 -0.0073185 -0.00863787 -0.0100046 -0.0113087 -0.0125145 -0.0135079 -0.0141917 -0.01448 -0.0143392 -0.0136859 -0.0125023 -0.0108128 -0.00870104 -0.00626085 -0.00366305 -0.0010472 0.0014267 0.00364345 0.00552481 0.00695672 0.00796099 0.00852969 0.00869609 0.00851814 0.00807648 0.00746675 0.00678166 0.00605354 0.00534665 0.00469209 0.00413078 0.00363511 0.00322696 0.00291838 0.00265785 0.00247369 0.00231999 0.00221031 0.0021164 0.00203833 0.00197947 0.00192397 0.0018649 0.00178881 0.00173194 0.00168041 0.00162041 0.00156744 0.00151013 0.00144187 0.00139767 0.00137059 0.00132898 0.0012727 0.00123896 0.00121694 0.00119192 0.00117155 0.00113432 0.0011068 0.00110296 0.00110285 0.00107437 0.00104427 0.00104992 0.00105425 0.00104904 0.00103259 
0 3.97281e-05 9.10435e-05 0.000156914 0.0001979 0.000240773 0.000285515 0.00035443 0.000411618 0.000455822 0.000510342 0.000574736 0.000648959 0.000711214 0.000772833 0.000835949 0.000924672 0.00101579 0.00108442 0.00115477 0.0012572 0.0013581 0.00145372 0.0015515 0.0016422 0.00174019 0.00185836 0.00198269 0.00206729 0.00217497 0.00230353 0.00245284 0.00262638 0.00282914 0.00307627 0.00338095 0.00378069 0.0042707 0.00486074 0.00552292 0.0062763 0.00711331 0.00798294 0.00879975 0.0095295 0.010066 0.0102849 0.0101147 0.00946731 0.00831607 0.00661436 0.004375 0.00168982 -0.00132074 -0.00453105 -0.0077595 -0.0108112 -0.0135106 -0.0157404 -0.0173518 -0.0183193 -0.0186732 -0.0184529 -0.0177416 -0.0165996 -0.0151751 -0.0135763 -0.0118633 -0.0101763 -0.00858178 -0.00709878 -0.00578828 -0.0046183 -0.00361699 -0.00279739 -0.00212271 -0.00156584 -0.00111411 -0.000754325 -0.000476892 -0.000256864 -0.000110325 -1.93128e-05 4.48034e-05 9.30994e-05 0.000131249 0.000157768 0.000152241 0.000148937 0.000170615 0.000176616 0.000172232 0.000168164 0.000149069 0.000160708 0.000176394 0.000160386 0.000166416 0.000172416 0.000174694 0.000194919 0.000179439 0.000164864 0.000184254 0.000192429 0.000206123 0.000211642 0.000198603 0.00021561 0.000238441 0.000237221 0.000230581 0.000226088 0.000232261 0.000251247 0.000246751 0.000209286 0.00016545 0.000111022 1.43458e-05 -0.000130341 -0.000339023 -0.000603954 -0.000941418 -0.00136793 -0.00190262 -0.00256945 -0.00337462 -0.00434314 -0.00549703 -0.0067741 -0.00822194 -0.0098344 -0.0115399 -0.0132941 -0.014982 -0.0164923 -0.0177403 -0.0185766 -0.0189194 -0.0186676 -0.0177541 -0.0161774 -0.0139398 -0.0111722 -0.00803289 -0.00468044 -0.00130703 0.00186041 0.00467348 0.00704606 0.00889919 0.0101589 0.0108619 0.0110624 0.0108634 0.0103425 0.00959526 0.00874927 0.00786513 0.00699705 0.00620676 0.00551928 0.00490754 0.00440634 0.00399774 0.00367819 0.00341905 0.00321739 0.00305036 0.00290692 0.00279455 0.00269201 0.00261261 0.00251314 0.0024116 0.00233155 0.00226014 0.00217618 0.00209747 0.0020199 0.00194013 0.00188074 0.00183952 0.00177342 0.00170041 0.00166517 0.00162927 0.00159824 0.00155611 0.0015206 0.00148517 0.00147812 0.00147514 0.00143178 0.00140864 0.00140173 0.00141381 0.00139634 0.00138104 
0 6.60542e-05 0.000127072 0.000181704 0.000240773 0.000308076 0.000380682 0.000448409 0.000503792 0.000567946 0.000647731 0.000734096 0.000808243 0.000879765 0.00096261 0.00105372 0.0011651 0.00127323 0.00136112 0.00146305 0.00159503 0.00173232 0.00185569 0.00198353 0.0021107 0.00223866 0.00240892 0.00256235 0.00269364 0.0028341 0.003012 0.00322206 0.0034434 0.00371321 0.00400203 0.00437644 0.00483766 0.00539963 0.0060644 0.00679717 0.00762767 0.00854243 0.00950233 0.0104312 0.0112485 0.0118277 0.0120572 0.0118624 0.0111545 0.00980252 0.0078168 0.00520407 0.00205974 -0.00150836 -0.00533944 -0.00918538 -0.0128507 -0.0161448 -0.0188826 -0.0209154 -0.0222027 -0.0227194 -0.022537 -0.021739 -0.0204473 -0.018777 -0.016887 -0.0148594 -0.0128235 -0.0108684 -0.0090756 -0.00744245 -0.00598378 -0.00472437 -0.00366831 -0.00278948 -0.00207388 -0.0014992 -0.00104144 -0.000682015 -0.000406063 -0.000202135 -6.426e-05 1.36e-05 9.74837e-05 0.000152073 0.000175228 0.000183989 0.000183845 0.00018937 0.000216322 0.000200517 0.000191023 0.000188267 0.000200527 0.000210189 0.000211971 0.00019298 0.000198978 0.000210681 0.00022549 0.000215704 0.000219691 0.000218998 0.000240726 0.000252922 0.000243647 0.000239029 0.000265527 0.000275591 0.000298893 0.000284733 0.000270778 0.000288192 0.000299518 0.000276297 0.000239703 0.000162535 8.16131e-05 -3.75612e-05 -0.000227857 -0.000494903 -0.000837497 -0.00128314 -0.001849 -0.00254381 -0.00338713 -0.00440828 -0.00563127 -0.00705091 -0.00866319 -0.0104488 -0.0123997 -0.0144602 -0.0165551 -0.0185352 -0.0203239 -0.0217637 -0.0226995 -0.0230031 -0.0226094 -0.0214182 -0.0194176 -0.0166631 -0.0133018 -0.00950294 -0.00550341 -0.00151065 0.00224475 0.00558794 0.00839315 0.0105171 0.0119781 0.0127978 0.0130481 0.0128275 0.0122443 0.0114208 0.01048 0.00948372 0.00852337 0.00764729 0.00688741 0.00620001 0.00561353 0.00514824 0.00475451 0.00445007 0.00418365 0.00396852 0.00378 0.00361699 0.00347849 0.00334884 0.00322038 0.0030844 0.0029763 0.00286968 0.0027473 0.00264223 0.00254972 0.00245304 0.00237129 0.00229786 0.00221614 0.002143 0.00210206 0.00205009 0.00198474 0.00194606 0.00191585 0.00188115 0.00184545 0.00181946 0.00179548 0.00178102 0.00177266 0.00174669 0.00173248 0.00174076 
0 8.5476e-05 0.000149143 0.000212946 0.000285515 0.000380682 0.000459126 0.00052981 0.000603356 0.000696279 0.000797153 0.000881397 0.000966486 0.00106798 0.00118545 0.00129035 0.00140132 0.00152565 0.00165632 0.00179664 0.00195057 0.00209587 0.00225195 0.00243495 0.00261593 0.00279015 0.00298164 0.00318904 0.00338239 0.0036027 0.00383995 0.00408936 0.00436367 0.00468218 0.00504708 0.00546761 0.00596691 0.00654797 0.00722464 0.00797686 0.00882716 0.00976731 0.0107476 0.0116814 0.0125145 0.0131242 0.0133719 0.013163 0.0123784 0.010933 0.00876235 0.0058725 0.00236379 -0.00162395 -0.00592579 -0.0103065 -0.0145237 -0.0183474 -0.021586 -0.0240345 -0.0256206 -0.0263486 -0.0262684 -0.0254803 -0.0240856 -0.0222552 -0.0201386 -0.0178369 -0.0155119 -0.0132629 -0.011141 -0.0092082 -0.00745738 -0.00592652 -0.00463563 -0.00355787 -0.00266821 -0.00195119 -0.00138043 -0.000933071 -0.000579596 -0.000323761 -0.000145648 -1.62594e-05 8.92338e-05 0.000164835 0.000206028 0.000206502 0.00020439 0.000226539 0.000242866 0.000240571 0.000236119 0.000223534 0.000238993 0.000255021 0.000240189 0.000235261 0.000238393 0.00024625 0.000269755 0.000260445 0.00025211 0.000269921 0.000284772 0.000299443 0.00029945 0.000285739 0.000304514 0.000330878 0.000342636 0.000340242 0.000334987 0.000338944 0.000343267 0.000311881 0.000242016 0.000151065 4.32633e-05 -0.000119232 -0.000359269 -0.000698325 -0.00113721 -0.00169808 -0.00239735 -0.00325655 -0.00430144 -0.00555003 -0.00702866 -0.00874708 -0.0106467 -0.0127465 -0.0150216 -0.0173832 -0.0197493 -0.021978 -0.0239398 -0.025501 -0.0264709 -0.0267172 -0.0261197 -0.0246041 -0.0221875 -0.0189312 -0.0150266 -0.0106908 -0.00614227 -0.00161824 0.00260738 0.00633174 0.00942374 0.0117849 0.0133758 0.0142634 0.0145409 0.0143344 0.0137419 0.0128803 0.0118972 0.0108773 0.00989562 0.00900769 0.00822409 0.00750809 0.00689311 0.00637764 0.00595034 0.00558645 0.00527333 0.00499696 0.00474734 0.00452769 0.00432504 0.00414983 0.00396889 0.00379239 0.00363732 0.00348895 0.00333739 0.00321081 0.00309712 0.0029739 0.00286164 0.00277234 0.00268295 0.00260143 0.0025427 0.00246472 0.00239264 0.00234593 0.00231851 0.00226812 0.00221529 0.00218225 0.00215936 0.00215681 0.00213056 0.00209746 0.00207734 0.00209991 
0 8.76317e-05 0.000171523 0.000261004 0.00035443 0.000448409 0.00052981 0.000617408 0.000720933 0.000833171 0.000934732 0.00102479 0.00113145 0.00126602 0.00140706 0.00152562 0.0016489 0.00179842 0.0019671 0.00214664 0.00232327 0.00249236 0.00268238 0.00291631 0.00315597 0.00337721 0.00361604 0.00387541 0.00415295 0.00445528 0.00476704 0.00507896 0.00540812 0.00578948 0.00620254 0.00665382 0.00714469 0.00769399 0.00832569 0.00903106 0.00982676 0.0107005 0.0116144 0.0125091 0.0133193 0.0139203 0.014174 0.0139693 0.0131785 0.0116722 0.00940243 0.00636599 0.0026411 -0.00165027 -0.00632538 -0.0111212 -0.0157838 -0.0200698 -0.0237464 -0.0266054 -0.0285469 -0.0295362 -0.0296222 -0.0289006 -0.0274996 -0.0255799 -0.0233116 -0.0208162 -0.0182466 -0.0157192 -0.0133193 -0.0110899 -0.00905839 -0.00726668 -0.00573385 -0.00444259 -0.0033734 -0.00250258 -0.00180047 -0.0012399 -0.000799556 -0.00047142 -0.000240485 -7.98317e-05 5.63608e-05 0.000153876 0.000207155 0.00022745 0.000238375 0.00026101 0.000286772 0.000280138 0.000268714 0.00026236 0.000276814 0.000291673 0.000287879 0.000275107 0.000278409 0.000292098 0.00031056 0.000305023 0.000302398 0.000309949 0.000330602 0.000347277 0.000345637 0.000341663 0.00036323 0.000383055 0.000399002 0.000388687 0.000374451 0.000378127 0.000374853 0.000332385 0.000251836 0.000127894 -2.59146e-05 -0.000242547 -0.000554469 -0.000976768 -0.00151584 -0.00219757 -0.00304586 -0.00408125 -0.00532952 -0.00681796 -0.00856462 -0.0105569 -0.0127574 -0.0151445 -0.0176851 -0.0202975 -0.0228773 -0.0252691 -0.0273452 -0.0289367 -0.0298507 -0.0299373 -0.0290992 -0.0272623 -0.0244439 -0.0207426 -0.0163614 -0.0115391 -0.00654134 -0.00163019 0.00292212 0.00690841 0.0101878 0.0126544 0.0143169 0.0152411 0.0155314 0.0153166 0.0147245 0.013896 0.0129659 0.0120066 0.0110842 0.0102433 0.00950001 0.0088237 0.00823042 0.00771766 0.00725338 0.00683918 0.00646349 0.00613112 0.00582246 0.00552952 0.005256 0.00500908 0.00477767 0.00455375 0.00435035 0.00415291 0.00396211 0.00380601 0.00366321 0.00350816 0.0033664 0.00325696 0.00315729 0.00305829 0.00297214 0.00288535 0.00281327 0.00276332 0.00271255 0.00265168 0.00260651 0.00257791 0.00254393 0.00251564 0.00249291 0.00247213 0.00245403 0.00245069 
0 8.82901e-05 0.000194381 0.000309521 0.000411618 0.000503792 0.000603356 0.000720933 0.000841746 0.000954561 0.00106753 0.00119067 0.00132541 0.00146731 0.00161328 0.0017628 0.00192622 0.00210135 0.00228513 0.00248936 0.00270922 0.0029317 0.00316883 0.00344254 0.00373467 0.004029 0.0043456 0.00468054 0.00503475 0.0054117 0.0058012 0.0061893 0.00658427 0.00700716 0.00743774 0.00787617 0.00832413 0.00880265 0.00933373 0.00992108 0.0105816 0.0113117 0.0120868 0.0128708 0.0136069 0.0141772 0.0144348 0.0142481 0.0134854 0.0120122 0.00975865 0.00669946 0.00288712 -0.00156643 -0.00647753 -0.0115816 -0.0166063 -0.0212867 -0.0253649 -0.0286184 -0.0309181 -0.0322117 -0.0325311 -0.0319595 -0.0306303 -0.0287082 -0.0263676 -0.0237499 -0.0210057 -0.0182612 -0.0156114 -0.0131107 -0.0108083 -0.00875492 -0.00697718 -0.00546637 -0.00420187 -0.00315982 -0.00231056 -0.00162609 -0.00108721 -0.000681643 -0.000389988 -0.000179435 -6.6645e-06 0.000120284 0.000194927 0.00023134 0.000254886 0.0002846 0.000313241 0.00031038 0.000296909 0.000291367 0.000304453 0.000319086 0.000319148 0.000308673 0.000312746 0.000328769 0.000344277 0.000340698 0.00033709 0.000343366 0.000365829 0.000384825 0.000387187 0.000388098 0.000407252 0.000426716 0.000439748 0.000427349 0.000408961 0.000402458 0.000384908 0.000326132 0.000221372 6.44443e-05 -0.000139022 -0.000420306 -0.000813257 -0.00133262 -0.00198816 -0.00280538 -0.00381256 -0.00503757 -0.00650649 -0.00824357 -0.0102557 -0.0125145 -0.0149782 -0.0176111 -0.0203714 -0.0231746 -0.0258984 -0.0283829 -0.0304807 -0.0320113 -0.0327864 -0.0326546 -0.0315238 -0.0293403 -0.026134 -0.022027 -0.0172373 -0.0120294 -0.00669459 -0.00152185 0.00320993 0.00730067 0.01063 0.0131213 0.0147894 0.0157016 0.0159756 0.015757 0.0151974 0.0144501 0.0136384 0.0128177 0.012027 0.0113004 0.010659 0.0100876 0.00958037 0.00911347 0.00864976 0.00820046 0.00777758 0.00739366 0.00702649 0.00665785 0.00629715 0.00596237 0.00565885 0.00537875 0.00512091 0.00486757 0.00462371 0.00441921 0.00424314 0.00406917 0.00390621 0.00376617 0.00363912 0.00352257 0.00342242 0.00332982 0.00324751 0.00317781 0.00310595 0.00304016 0.00300182 0.00297067 0.00291914 0.00287049 0.002853 0.00285093 0.00283425 0.00280628 
0 0.000107858 0.000227056 0.000350133 0.000455822 0.000567946 0.000696279 0.000833171 0.000954561 0.00106937 0.00121049 0.00137037 0.00152668 0.00166925 0.00182325 0.00200933 0.00221595 0.00242045 0.00262481 0.00285379 0.00312224 0.00340759 0.00370873 0.00403181 0.00437948 0.00476045 0.00516492 0.00559711 0.0060345 0.00649452 0.00696307 0.00742326 0.00787983 0.00831872 0.00874551 0.00913142 0.0094932 0.00984075 0.0101974 0.0105905 0.0110401 0.0115584 0.0121318 0.0127401 0.0133527 0.0138717 0.0141439 0.014016 0.0133284 0.0119708 0.00982442 0.0068571 0.00309183 -0.00137658 -0.00638359 -0.0116886 -0.0169923 -0.0219986 -0.0264365 -0.0300598 -0.0327116 -0.0343454 -0.0349586 -0.0346256 -0.0334547 -0.0316235 -0.0292886 -0.0266118 -0.0237553 -0.0208583 -0.0180024 -0.0152791 -0.0127304 -0.0104166 -0.00838242 -0.00663274 -0.00515216 -0.00392604 -0.00292337 -0.0021128 -0.00146512 -0.000970109 -0.000601772 -0.000314767 -9.69183e-05 6.72044e-05 0.000170919 0.000218306 0.000251656 0.000294718 0.000317894 0.000329082 0.00032212 0.000316861 0.000331898 0.000348672 0.000340252 0.000337705 0.000337611 0.000351326 0.000369625 0.00037256 0.000365498 0.000382766 0.000399244 0.000416088 0.000423072 0.000421703 0.000433355 0.000462061 0.000466334 0.000460422 0.000443679 0.000417867 0.000377406 0.000292305 0.000141145 -5.48175e-05 -0.000314342 -0.000664723 -0.00113816 -0.00176174 -0.0025515 -0.0035307 -0.00472371 -0.00615939 -0.00786138 -0.00983906 -0.0120933 -0.0146015 -0.0172917 -0.020137 -0.0230747 -0.0260038 -0.0287905 -0.0312855 -0.0333066 -0.0346902 -0.0352473 -0.0348448 -0.0333769 -0.030826 -0.0272458 -0.0227738 -0.0176489 -0.0121682 -0.00662253 -0.00132019 0.003462 0.00753238 0.0107873 0.0132055 0.0147844 0.0156248 0.015858 0.0156485 0.0151535 0.0145212 0.0138668 0.0132439 0.0126626 0.012147 0.011693 0.0112882 0.010911 0.0105215 0.0101132 0.00967129 0.00923215 0.00879048 0.00834764 0.00790156 0.00745775 0.00704086 0.00664288 0.00627933 0.0059458 0.00563523 0.00534312 0.00507929 0.00485024 0.00464839 0.00446701 0.00429879 0.0041361 0.00399781 0.00388892 0.00378752 0.00368761 0.00359121 0.00351523 0.00344911 0.00339901 0.00335026 0.00329389 0.00325352 0.00322786 0.00321844 0.00319772 0.0031777 
0 0.00013543 0.000264097 0.000381381 0.000510342 0.000647731 0.000797153 0.000934732 0.00106753 0.00121049 0.00137172 0.00154429 0.00171449 0.00188729 0.0020695 0.00227684 0.00250534 0.00274862 0.0029977 0.00327002 0.00357107 0.00391647 0.00428821 0.00468132 0.00510606 0.00556743 0.00607829 0.00660578 0.00715954 0.00770953 0.00826238 0.00879771 0.00929172 0.00973875 0.0101111 0.0104101 0.0106219 0.0107702 0.0108782 0.0109942 0.0111533 0.0113848 0.0116955 0.0121075 0.0125727 0.0130144 0.0133065 0.013273 0.012753 0.0115605 0.00961284 0.00685122 0.00326014 -0.00111128 -0.00610671 -0.011485 -0.0169577 -0.0222209 -0.0269462 -0.0309112 -0.03394 -0.035934 -0.0368948 -0.0368598 -0.0359501 -0.0342881 -0.0320433 -0.029395 -0.0264856 -0.0234688 -0.0204774 -0.0175508 -0.014785 -0.0122387 -0.00995473 -0.00796108 -0.00626331 -0.0048356 -0.00365696 -0.00269157 -0.00192158 -0.00131465 -0.000853023 -0.000503185 -0.000225594 -1.97898e-05 0.000108115 0.000192829 0.000249236 0.000290247 0.000332979 0.000344432 0.000336024 0.000347164 0.000357222 0.00036549 0.000376029 0.000359819 0.000361313 0.00038309 0.000389432 0.000399585 0.000407905 0.000408247 0.000434629 0.000450319 0.000448943 0.000460154 0.000472597 0.000485238 0.000498259 0.000481184 0.000449894 0.000416524 0.000348338 0.000227779 4.69649e-05 -0.000208995 -0.000543285 -0.000976676 -0.00155641 -0.00230174 -0.00323766 -0.00438493 -0.00577888 -0.00743442 -0.0093645 -0.0115856 -0.0140822 -0.0167949 -0.0197045 -0.0227164 -0.025761 -0.0287502 -0.031527 -0.0339292 -0.0358005 -0.0369463 -0.0372158 -0.0364641 -0.0346424 -0.031737 -0.0278005 -0.023027 -0.0176513 -0.0119739 -0.00633074 -0.00103524 0.00366888 0.00761313 0.0107049 0.0129109 0.0143184 0.0150252 0.0151942 0.0149798 0.0145573 0.0140801 0.0136276 0.0132501 0.0129581 0.0127411 0.0125674 0.0124002 0.0121937 0.0119437 0.0116246 0.0112516 0.0108102 0.0103186 0.00979256 0.00925655 0.00874453 0.0082346 0.00774242 0.00726662 0.00683861 0.00646066 0.00612156 0.00580266 0.00550467 0.00524857 0.00503604 0.00484528 0.00466073 0.00449506 0.00435653 0.00424526 0.00412995 0.00402821 0.00394289 0.00387545 0.00380524 0.00373698 0.00369568 0.00366004 0.00362782 0.00358153 0.00356185 0.00355961 
0 0.000152153 0.000286577 0.000421825 0.000574736 0.000734096 0.000881397 0.00102479 0.00119067 0.00137037 0.00154429 0.00171248 0.00190353 0.00212299 0.00234318 0.00257026 0.00281459 0.00309302 0.00340184 0.00372358 0.00407948 0.00447766 0.0049275 0.00540507 0.00592099 0.00649935 0.0071073 0.00775792 0.00840997 0.00906057 0.00969222 0.0102844 0.0108116 0.0112056 0.0114868 0.0116182 0.0116296 0.011527 0.0113244 0.0110883 0.0108767 0.0107644 0.0107888 0.0109635 0.011272 0.01165 0.011967 0.0120508 0.0117167 0.0108331 0.00919892 0.00672901 0.00338773 -0.000772492 -0.00562614 -0.0109786 -0.0165271 -0.0219444 -0.0269295 -0.031215 -0.0345899 -0.0369801 -0.0383273 -0.0386597 -0.0380525 -0.036654 -0.0345899 -0.0320438 -0.0291718 -0.0261284 -0.0230046 -0.0199309 -0.016974 -0.0142096 -0.0117055 -0.00948935 -0.00755808 -0.00591179 -0.00452943 -0.00339087 -0.00246913 -0.00174829 -0.00119341 -0.000748272 -0.000420307 -0.000164803 1.74517e-05 0.000126946 0.000210102 0.000283212 0.000314987 0.000347045 0.000348293 0.000347606 0.000359525 0.000374003 0.000370327 0.000380698 0.000382445 0.000395672 0.000407281 0.000416307 0.000408636 0.000429925 0.000444225 0.000460688 0.000477865 0.000485081 0.000486668 0.000510464 0.000493197 0.000473748 0.000438194 0.000369182 0.000274341 0.000126982 -0.00011349 -0.00041889 -0.000835139 -0.00138065 -0.00208412 -0.0029761 -0.00407681 -0.00540865 -0.00699389 -0.00886531 -0.0110405 -0.0135002 -0.0162157 -0.019143 -0.0221873 -0.025303 -0.028401 -0.0313697 -0.0340528 -0.0363094 -0.0379276 -0.0387584 -0.0386612 -0.0375461 -0.0353316 -0.0320593 -0.0278182 -0.0227867 -0.0172268 -0.0114737 -0.00583987 -0.000643678 0.00387179 0.00755047 0.0103369 0.0122945 0.0134518 0.013963 0.0140078 0.0137797 0.0134449 0.0131258 0.0129032 0.0128277 0.0128761 0.0130187 0.0131798 0.0133187 0.0133769 0.0133194 0.0131673 0.0128753 0.0124774 0.0119615 0.0113783 0.0107722 0.0101583 0.00955232 0.00894312 0.00837123 0.00783879 0.00736746 0.00695581 0.00657095 0.00621825 0.0059056 0.00563913 0.00541365 0.00521269 0.00502656 0.00484986 0.00470644 0.00459006 0.00447933 0.00438425 0.00429509 0.00421261 0.0041428 0.00409796 0.00406372 0.00401307 0.00396745 0.00394259 0.0039434 
0 0.000154318 0.000310816 0.000471188 0.000648959 0.000808243 0.000966486 0.00113145 0.00132541 0.00152668 0.00171449 0.00190353 0.00211617 0.00236004 0.00261319 0.00287977 0.00315783 0.00347023 0.00382351 0.00422246 0.00464765 0.00512496 0.0056512 0.00622446 0.00686374 0.00755741 0.00829312 0.00903786 0.00980585 0.0105395 0.0112371 0.011866 0.0123635 0.0126829 0.0128036 0.0127315 0.0124663 0.0120377 0.0114635 0.0108229 0.0101932 0.00968829 0.00938097 0.00933448 0.00948725 0.00978915 0.0101568 0.0104123 0.0103753 0.00980993 0.00855781 0.00648925 0.00351904 -0.000348285 -0.0049843 -0.0101978 -0.0157189 -0.0212403 -0.0264046 -0.0309795 -0.0347289 -0.0375034 -0.0392596 -0.0399897 -0.0397778 -0.0387003 -0.0368921 -0.0345375 -0.0317644 -0.0287346 -0.0256033 -0.0224248 -0.0193274 -0.0163808 -0.0136458 -0.0111811 -0.00902123 -0.00714816 -0.00556455 -0.00424391 -0.00317117 -0.00230546 -0.00162534 -0.00108987 -0.000675435 -0.000356483 -0.000133607 3.15092e-05 0.000146406 0.00021783 0.000275697 0.000309738 0.00031532 0.000341004 0.00034999 0.000355602 0.000374894 0.00036601 0.000368282 0.000390341 0.00038803 0.000407392 0.000422305 0.000422364 0.000445981 0.00045714 0.000458425 0.000479173 0.000483687 0.000486987 0.000480864 0.000444044 0.000382097 0.000294251 0.000152385 -5.22702e-05 -0.000341309 -0.000729356 -0.00124384 -0.00189475 -0.002729 -0.00377175 -0.00505521 -0.00659056 -0.0084147 -0.0105258 -0.0129227 -0.0155957 -0.0184983 -0.0215457 -0.0247191 -0.0278901 -0.0309655 -0.0338471 -0.0363639 -0.0383613 -0.0396738 -0.0401268 -0.0396265 -0.0380723 -0.0354661 -0.0318503 -0.0273087 -0.0220864 -0.0164316 -0.0106713 -0.00515576 -0.000194697 0.00402312 0.0073768 0.00981691 0.0113768 0.0122115 0.0124761 0.0123825 0.0120995 0.0118169 0.011673 0.0117039 0.0119505 0.0123795 0.0129229 0.0134841 0.0139988 0.0143802 0.0146095 0.0146542 0.014512 0.014179 0.0136956 0.013102 0.0124323 0.0117283 0.0109894 0.0102804 0.00960569 0.00897327 0.00838518 0.00786068 0.00739245 0.00698353 0.00662891 0.00630021 0.0060096 0.00577677 0.00557924 0.00537569 0.00520264 0.00505962 0.00494284 0.00482517 0.004723 0.00463416 0.00455974 0.00450679 0.00444306 0.00440225 0.00436792 0.00435186 0.00432663 
0 0.000165211 0.000344454 0.000529486 0.000711214 0.000879765 0.00106798 0.00126602 0.00146731 0.00166925 0.00188729 0.00212299 0.00236004 0.00261515 0.00289463 0.00321395 0.00354181 0.00389219 0.00430301 0.00476756 0.00527676 0.00582985 0.00645689 0.00714714 0.00791051 0.00873907 0.00957961 0.0104519 0.0113296 0.0121651 0.0129046 0.0135108 0.0139418 0.0141237 0.0140639 0.0137161 0.0131033 0.0122632 0.0112418 0.0101482 0.00908021 0.0081695 0.00752145 0.00720225 0.00720487 0.00749096 0.0079597 0.00842673 0.00868831 0.00855251 0.00775435 0.00613127 0.00358548 0.000116217 -0.00419425 -0.009199 -0.0146307 -0.0201646 -0.0254775 -0.0302902 -0.0343438 -0.0375133 -0.039701 -0.0408807 -0.041088 -0.0404043 -0.0389216 -0.0368184 -0.034233 -0.0313181 -0.0281868 -0.0249745 -0.0217744 -0.0186694 -0.0157477 -0.013071 -0.0106723 -0.00857057 -0.00676459 -0.00524694 -0.00399339 -0.00297661 -0.00216046 -0.0014973 -0.00100029 -0.000612854 -0.000323479 -0.000122642 2.86833e-05 0.000139057 0.000201361 0.000264021 0.000289381 0.000306759 0.000317731 0.000326468 0.000333304 0.000349652 0.000355425 0.000368036 0.000371721 0.000387556 0.000390228 0.000410177 0.000424518 0.000435409 0.000451565 0.000461827 0.000451444 0.000455431 0.000419245 0.000375907 0.000304959 0.00017276 -1.46798e-05 -0.000275078 -0.000649034 -0.00111928 -0.0017403 -0.0025253 -0.00350685 -0.00472371 -0.00620311 -0.00796128 -0.0100044 -0.01234 -0.0149638 -0.0178286 -0.0208785 -0.0240509 -0.027258 -0.0304199 -0.0334216 -0.0361366 -0.0383987 -0.0400811 -0.0409955 -0.0410199 -0.0400813 -0.0381276 -0.0351234 -0.0311572 -0.0263648 -0.0209853 -0.0153033 -0.00965903 -0.00436287 0.000307292 0.00416788 0.007097 0.00907507 0.0102243 0.010665 0.010617 0.0103144 0.0099641 0.00973969 0.00974208 0.0100177 0.0106044 0.0114451 0.0124399 0.013453 0.0144066 0.0151935 0.0157513 0.0160742 0.0161184 0.0159261 0.0155094 0.0149245 0.0142161 0.0134141 0.0125749 0.0117471 0.0109674 0.0102095 0.00949899 0.00886725 0.00829761 0.00781247 0.00739665 0.00701219 0.00665617 0.00636766 0.00614112 0.00592316 0.00572728 0.00555599 0.00540874 0.00528218 0.00517582 0.00508328 0.00499872 0.0049254 0.00485348 0.00480788 0.00478797 0.00476375 0.00472029 
0 0.000191323 0.000389565 0.000581569 0.000772833 0.00096261 0.00118545 0.00140706 0.00161328 0.00182325 0.0020695 0.00234318 0.00261319 0.00289463 0.00320506 0.00356239 0.003945 0.00436873 0.00485111 0.00538991 0.0059735 0.00663594 0.0073875 0.00820652 0.00909951 0.0100452 0.0110115 0.0119909 0.0129797 0.0138798 0.0146251 0.0151733 0.0154753 0.015479 0.0151625 0.0144877 0.0134561 0.012137 0.0106197 0.00904202 0.00751295 0.00618419 0.00518873 0.00464031 0.00452271 0.00481158 0.00542735 0.00616694 0.00681086 0.00710297 0.00680024 0.00569966 0.0036525 0.000616683 -0.00332637 -0.00803903 -0.0132849 -0.0187686 -0.0241487 -0.0291678 -0.0335417 -0.0370823 -0.0396918 -0.0413216 -0.0419967 -0.0417497 -0.0406644 -0.0388972 -0.0365601 -0.0338 -0.0307686 -0.0275646 -0.0243196 -0.0211151 -0.0180333 -0.0151559 -0.0125447 -0.0102076 -0.00817047 -0.00643224 -0.00498243 -0.00378697 -0.00281934 -0.00203778 -0.0014373 -0.000965615 -0.000607198 -0.000333371 -0.000133161 -2.48606e-06 8.76943e-05 0.00016189 0.000200927 0.000241405 0.000255675 0.000262735 0.000283208 0.000289405 0.000294582 0.000310742 0.000308237 0.00033281 0.000351684 0.0003602 0.000375668 0.000380275 0.000385078 0.000401356 0.000389728 0.000373143 0.00032929 0.000258109 0.000148128 -2.30724e-05 -0.000268914 -0.000596904 -0.00104208 -0.00161617 -0.00236935 -0.00330646 -0.00446173 -0.00586856 -0.00755795 -0.00953275 -0.0118076 -0.0143605 -0.0171735 -0.0202013 -0.0233711 -0.0265914 -0.0298125 -0.0329031 -0.0357423 -0.0382103 -0.0401496 -0.0414365 -0.0419232 -0.0414902 -0.0400944 -0.037689 -0.0343028 -0.0300366 -0.025035 -0.0195794 -0.0139428 -0.00845266 -0.00342922 0.000862376 0.0042826 0.00674297 0.0082344 0.00887183 0.00887068 0.00847164 0.00793203 0.0074474 0.00721464 0.00735394 0.0078807 0.00881216 0.0100694 0.0115262 0.0130296 0.0144729 0.0157162 0.0166814 0.0173257 0.0176364 0.0176321 0.0173399 0.0168036 0.0160804 0.0152316 0.0143038 0.0133779 0.0124669 0.0115726 0.0107367 0.0100001 0.00932871 0.00872655 0.00821383 0.00776553 0.0073638 0.00701894 0.00673167 0.00647807 0.00627021 0.00607693 0.00590121 0.00575386 0.00564516 0.00554201 0.00543831 0.00536027 0.00528805 0.00523894 0.00519708 0.00516858 0.00513374 
0 0.000215913 0.000421327 0.00062024 0.000835949 0.00105372 0.00129035 0.00152562 0.0017628 0.00200933 0.00227684 0.00257026 0.00287977 0.00321395 0.00356239 0.00395416 0.00439836 0.00490311 0.00546269 0.0060738 0.00676111 0.00755345 0.00843942 0.00938464 0.010408 0.0114966 0.0125962 0.0136845 0.0147344 0.0156502 0.0163585 0.0168104 0.0169374 0.0166756 0.0160162 0.0149341 0.0134401 0.0116155 0.00957651 0.00748825 0.00549376 0.00376291 0.00245285 0.00168919 0.00148946 0.00183565 0.00263427 0.00367075 0.00471616 0.00550756 0.0057522 0.00520167 0.00368629 0.00114674 -0.00236671 -0.00673907 -0.0117546 -0.0171277 -0.0225396 -0.0277144 -0.0323524 -0.0362472 -0.0392713 -0.0413524 -0.0424945 -0.0427153 -0.0420772 -0.0407101 -0.0387089 -0.0361958 -0.0333119 -0.0301845 -0.0269438 -0.0236793 -0.0204828 -0.0174415 -0.0146235 -0.0120592 -0.00978553 -0.00782144 -0.00616283 -0.00478114 -0.00364393 -0.00271628 -0.00199589 -0.00142641 -0.000981424 -0.000639213 -0.000383237 -0.000210809 -9.27253e-05 6.66607e-06 6.80045e-05 0.000114592 0.00013383 0.00014434 0.000168485 0.000187439 0.0001995 0.00021195 0.000210279 0.000230263 0.00024665 0.000257833 0.00027003 0.000273803 0.000282654 0.000292048 0.000269067 0.000233889 0.000164318 6.61836e-05 -7.87322e-05 -0.000305942 -0.000620359 -0.00103003 -0.00157036 -0.00225897 -0.00315037 -0.00425531 -0.00559881 -0.00721387 -0.00912459 -0.0113289 -0.0138191 -0.0165691 -0.0195533 -0.0227093 -0.0259511 -0.0291831 -0.0323298 -0.0352691 -0.0378774 -0.0400303 -0.0415874 -0.042442 -0.0424599 -0.0415455 -0.0396819 -0.0368512 -0.0330952 -0.0285453 -0.0233858 -0.0179008 -0.0123704 -0.0071087 -0.00241912 0.00145652 0.00438625 0.00630016 0.0072352 0.00735987 0.00690413 0.00612341 0.00528696 0.00462172 0.00434298 0.00457093 0.00532114 0.00658183 0.00824516 0.010156 0.0121544 0.0141184 0.0158814 0.0173216 0.0183712 0.0190075 0.0192574 0.0191437 0.0187102 0.0180268 0.0171593 0.0161667 0.0151311 0.014093 0.0130681 0.012108 0.011251 0.010459 0.00973916 0.00911786 0.00859148 0.00813719 0.00774135 0.00738659 0.00707295 0.00683405 0.00662533 0.00642598 0.00624861 0.00611547 0.0059941 0.00587832 0.00579885 0.00573142 0.00566951 0.00560577 0.00557475 0.00556364 
0 0.000232819 0.000450782 0.000674913 0.000924672 0.0011651 0.00140132 0.0016489 0.00192622 0.00221595 0.00250534 0.00281459 0.00315783 0.00354181 0.003945 0.00439836 0.00491447 0.00549065 0.00613222 0.00684835 0.00767326 0.00860194 0.0096169 0.0106926 0.0118522 0.0130834 0.0143047 0.0154801 0.0165476 0.0174287 0.018051 0.018355 0.0182503 0.0176574 0.0165885 0.0150353 0.0130312 0.0106685 0.00808932 0.00548331 0.00302997 0.000917668 -0.000671457 -0.00160768 -0.00184187 -0.0013879 -0.0003521 0.00103676 0.00251067 0.0038046 0.00459901 0.00462514 0.00368146 0.00167445 -0.00137937 -0.00538101 -0.0101286 -0.01534 -0.0207248 -0.0259957 -0.0308497 -0.0350658 -0.0384832 -0.0410155 -0.0426332 -0.0433395 -0.0431754 -0.0422452 -0.0406314 -0.0384373 -0.0357819 -0.0328117 -0.0296381 -0.0263584 -0.023078 -0.0198971 -0.016896 -0.0141277 -0.0116315 -0.00944312 -0.00756314 -0.00597308 -0.00464388 -0.00355011 -0.00269279 -0.00201185 -0.00146783 -0.00104552 -0.000724993 -0.000501138 -0.000349974 -0.000220669 -0.000130623 -7.10136e-05 -3.91314e-05 -1.93686e-05 5.11866e-06 3.37444e-05 4.80841e-05 5.59553e-05 5.9999e-05 8.01251e-05 9.61833e-05 0.000111722 0.000115186 0.000113429 0.000120831 0.000118812 8.27752e-05 2.73938e-05 -7.3173e-05 -0.000204455 -0.000394435 -0.000687091 -0.00108116 -0.00158736 -0.00224196 -0.00306651 -0.0041168 -0.00540343 -0.00694208 -0.00876783 -0.0109005 -0.0133376 -0.0160441 -0.018979 -0.0221013 -0.0253323 -0.0285796 -0.0317587 -0.0347697 -0.0375033 -0.0398237 -0.0416023 -0.042721 -0.0430968 -0.0426176 -0.041219 -0.0388942 -0.0356611 -0.0315725 -0.0267866 -0.0215212 -0.0160549 -0.0106762 -0.00568635 -0.00137487 0.00203767 0.00444174 0.005796 0.00616395 0.00575087 0.00479886 0.0035993 0.00242781 0.00154209 0.00117434 0.00144609 0.00237579 0.00392633 0.00597342 0.00834057 0.0108506 0.0133524 0.0156567 0.0176085 0.0191274 0.020161 0.0207313 0.0208523 0.0205802 0.0199951 0.0191561 0.0181348 0.0170088 0.0158586 0.0147164 0.0136335 0.0126318 0.0116929 0.0108543 0.0101318 0.00950578 0.00895676 0.0084928 0.00808704 0.00772056 0.00742752 0.00718878 0.00697361 0.0067756 0.00661122 0.00647069 0.00635075 0.0062625 0.00618553 0.00611118 0.0060453 0.0060097 0.00599725 
0 0.000245041 0.000487359 0.000743451 0.00101579 0.00127323 0.00152565 0.00179842 0.00210135 0.00242045 0.00274862 0.00309302 0.00347023 0.00389219 0.00436873 0.00490311 0.00549065 0.00614466 0.00688881 0.00774636 0.00869986 0.00976219 0.0109138 0.0121411 0.0134417 0.0147769 0.0160979 0.0173186 0.0183851 0.0191848 0.019657 0.0197378 0.0193229 0.0183545 0.0168162 0.0147442 0.0121846 0.00925892 0.00613779 0.0030307 0.000143195 -0.00231107 -0.00414162 -0.00518546 -0.00540084 -0.00479571 -0.00347806 -0.00170717 0.000234644 0.0020241 0.00337572 0.003989 0.00362748 0.00216134 -0.000414527 -0.00402054 -0.00846701 -0.0134915 -0.0187869 -0.0240943 -0.0291208 -0.0336004 -0.0373802 -0.040342 -0.0424357 -0.0436305 -0.0439673 -0.0435185 -0.0423405 -0.0405077 -0.0381585 -0.0353881 -0.032342 -0.029117 -0.0258088 -0.0225362 -0.0193995 -0.0164389 -0.0137281 -0.0113079 -0.00919774 -0.00738267 -0.00584657 -0.00457857 -0.00356292 -0.00275378 -0.00210609 -0.00158269 -0.0011864 -0.000910212 -0.000700072 -0.000539654 -0.000419623 -0.000330425 -0.000288558 -0.000264005 -0.000223146 -0.000200391 -0.000180788 -0.000167351 -0.000166608 -0.000144601 -0.000116854 -0.000114205 -0.00010892 -0.00011467 -0.000123778 -0.00013487 -0.000186605 -0.000282946 -0.0004079 -0.000585402 -0.000836997 -0.00119542 -0.00168319 -0.00230186 -0.00307702 -0.00405794 -0.00528811 -0.00677665 -0.00853236 -0.0105791 -0.0129366 -0.0155768 -0.0184736 -0.0215572 -0.0247676 -0.0280358 -0.0312557 -0.0343106 -0.0371399 -0.0395948 -0.0415529 -0.0428999 -0.0435441 -0.0434091 -0.0424293 -0.040552 -0.0377968 -0.0341799 -0.0298128 -0.0248519 -0.0195209 -0.0141251 -0.00893806 -0.00424612 -0.000332081 0.00259426 0.00444843 0.00523293 0.0050417 0.00406005 0.00259665 0.000943227 -0.000586789 -0.00172684 -0.00222752 -0.00195362 -0.000907532 0.000873955 0.00326749 0.00607996 0.00910762 0.0121507 0.0149968 0.0174902 0.019516 0.0210312 0.0219891 0.022414 0.022361 0.021919 0.0211674 0.0201568 0.0189999 0.0177558 0.0164999 0.0152864 0.0141399 0.0130631 0.0120918 0.0112581 0.0105142 0.00984815 0.00929264 0.00883456 0.00842711 0.00807111 0.00777583 0.0075359 0.00732453 0.00714037 0.00698122 0.00685124 0.00674633 0.00664684 0.0065718 0.00651514 0.00647497 0.00643543 
