0 0 0 0 0 0 0 0 0 0 0 0 0 0 0 0 0 0 0 0 0 0 0 0 0 0 0 0 0 0 0 0 0 0 0 0 0 0 0 0 0 0 0 0 0 0 0 0 0 0 0 0 0 0 0 0 0 0 0 0 0 0 0 0 0 0 0 0 0 0 0 0 0 0 0 0 0 0 0 0 0 0 0 0 0 0 0 0 0 0 0 0 0 0 0 0 0 0 0 0 0 0 0 0 0 0 0 0 0 0 0 0 0 0 0 0 0 0 0 0 0 0 0 0 0 0 0 0 0 0 0 0 0 0 0 0 0 0 0 0 0 0 0 0 0 0 0 0 0 0 0 0 0 0 0 0 0 0 0 0 0 0 0 0 0 0 0 0 0 0 0 0 0 0 0 0 0 0 0 0 0 0 0 0 0 0 0 0 0 0 0 0 0 0 0 0 0 0 0 0 
0 0.000108087 0.000245269 0.000397106 0.000558257 0.000720794 0.000903554 0.00111619 0.00137315 0.00166503 0.00196096 0.00227176 0.00259698 0.00293591 0.0032603 0.00354532 0.00376992 0.00390522 0.00394991 0.00387229 0.00366035 0.00330033 0.00278989 0.0021462 0.00137279 0.000499624 -0.00044568 -0.00140493 -0.00234217 -0.00323643 -0.00404682 -0.00474948 -0.00531279 -0.00570368 -0.00591306 -0.00595966 -0.00587465 -0.00567193 -0.00536558 -0.00498025 -0.00452366 -0.00403859 -0.00354145 -0.00306596 -0.00263818 -0.00225372 -0.00192288 -0.00165103 -0.00145182 -0.00131262 -0.00123204 -0.0012003 -0.00121503 -0.0012669 -0.00135379 -0.00146387 -0.00160389 -0.00174387 -0.00185226 -0.00192044 -0.00193841 -0.00189098 -0.00176192 -0.00154805 -0.00125792 -0.000910195 -0.000496838 -6.61293e-05 0.000352717 0.000736083 0.00105837 0.00129733 0.00145664 0.00151879 0.00150417 0.00141535 0.00127968 0.00111178 0.000927519 0.000756326 0.000612694 0.000484741 0.000386162 0.000308697 0.000248161 0.000211794 0.000187434 0.000165402 0.000148652 0.000138343 0.000129462 0.000126609 0.000124399 0.00012157 0.000120673 0.000124542 0.00012456 0.000128338 0.000127957 0.000128837 0.000131086 0.000134213 0.000136371 0.000141652 0.000142637 0.000150556 0.000160523 0.000173527 0.000186582 0.000197815 0.000202688 0.000210582 0.000221357 0.000229486 0.000232923 0.000235859 0.000237374 0.000257889 0.00030748 0.00037591 0.00047842 0.000613314 0.000773713 0.00095564 0.00114277 0.00130896 0.00144342 0.00151552 0.00151001 0.00139356 0.00118186 0.000888924 0.000529819 0.000127556 -0.000278011 -0.000677842 -0.00103086 -0.00132385 -0.0015433 -0.00168569 -0.0017452 -0.00172992 -0.00165389 -0.00155112 -0.00143598 -0.00130995 -0.00120011 -0.00110823 -0.0010439 -0.00102101 -0.00105259 -0.00113896 -0.0012837 -0.00147566 -0.00173274 -0.00205139 -0.0024373 -0.0028729 -0.00334805 -0.00383879 -0.00430132 -0.00473433 -0.00511165 -0.005414 -0.00561626 -0.00568785 -0.00561304 -0.00538118 -0.00498538 -0.00443174 -0.00372651 -0.0028983 -0.00197676 -0.00102114 -7.03498e-05 0.000870318 0.00175841 0.00256161 0.00323125 0.00374693 0.00410286 0.00432084 0.00443324 0.00442547 0.00430588 0.00408706 0.00381324 0.00352516 0.00323635 0.00295078 0.00265678 0.00237949 0.0021371 0.00194442 0.00179159 0.00165171 0.00152892 0.00143145 0.00137644 0.00134969 
0 0.000245269 0.000517039 0.00081958 0.00112708 0.00147852 0.00185623 0.0022865 0.00278344 0.00334019 0.0039379 0.00454931 0.00520071 0.00584165 0.0064636 0.00701728 0.00745213 0.00772242 0.00778044 0.00762055 0.00718937 0.00648701 0.00548157 0.00419672 0.00266808 0.000941905 -0.000902601 -0.00278817 -0.0046432 -0.00642068 -0.00802477 -0.00940068 -0.0104919 -0.0112674 -0.0116934 -0.0118155 -0.0116626 -0.0112576 -0.0106582 -0.0098913 -0.0090227 -0.00808055 -0.00711773 -0.00617673 -0.00531163 -0.00454278 -0.00388124 -0.00334337 -0.00294221 -0.00264479 -0.00246983 -0.00240615 -0.00242664 -0.00254697 -0.00272334 -0.00296424 -0.00322551 -0.0034717 -0.0036853 -0.00383811 -0.00387677 -0.00377124 -0.00350254 -0.00308567 -0.00250239 -0.00179378 -0.000993464 -0.000136653 0.000693182 0.00145287 0.00209885 0.00260063 0.00292979 0.00305633 0.00300388 0.00282897 0.00253951 0.0022031 0.00185589 0.00151868 0.00121963 0.000980491 0.000771026 0.000612574 0.000504705 0.000428422 0.000370155 0.000330823 0.000287341 0.000264635 0.000255397 0.000252379 0.000250258 0.000246661 0.000240911 0.00024389 0.000243014 0.000249606 0.000250649 0.00025226 0.000257508 0.000262551 0.000268251 0.00027976 0.000286272 0.000303731 0.000320529 0.00034368 0.000366515 0.000381707 0.000397033 0.000420217 0.000436836 0.000462616 0.000469761 0.000464012 0.00047635 0.000524611 0.000607236 0.00075672 0.000952986 0.0012068 0.00153929 0.00192136 0.00229339 0.00264428 0.00289942 0.00302496 0.0029914 0.0027649 0.00235175 0.00177475 0.00106193 0.000277734 -0.000553256 -0.00134902 -0.00204501 -0.00264004 -0.00308438 -0.00335873 -0.00346663 -0.00344817 -0.00333031 -0.00312688 -0.00287071 -0.00261704 -0.00238678 -0.00221865 -0.00209249 -0.00206138 -0.00213455 -0.00230443 -0.00259007 -0.00298679 -0.00351067 -0.00416597 -0.00492563 -0.00577142 -0.00669654 -0.0076443 -0.00857187 -0.00942121 -0.0101698 -0.010748 -0.0111283 -0.0112646 -0.0111148 -0.0106569 -0.00986134 -0.0087457 -0.00734671 -0.00572129 -0.00391765 -0.00204151 -0.000143443 0.00171312 0.0034641 0.00501685 0.00632303 0.00735677 0.00807991 0.00854128 0.00874743 0.00873538 0.00850713 0.00811403 0.00761162 0.00704429 0.00647332 0.00589325 0.00533644 0.00480407 0.00433171 0.00393521 0.00360521 0.00333099 0.00308928 0.00291144 0.00278533 0.0027118 
0 0.000397106 0.00081958 0.00124692 0.00172115 0.00225549 0.00286203 0.0035135 0.00424015 0.00506093 0.00593388 0.00686573 0.00781094 0.0087434 0.00961535 0.0103908 0.011007 0.0113579 0.0114186 0.0111263 0.010467 0.00940338 0.00790775 0.00601789 0.00376979 0.00126589 -0.00141939 -0.00416182 -0.00687587 -0.00947795 -0.0118184 -0.0138165 -0.0154139 -0.0165585 -0.0172302 -0.0174488 -0.0172598 -0.0166932 -0.0158139 -0.0147184 -0.0134468 -0.0120948 -0.0106893 -0.00930977 -0.00803838 -0.0068916 -0.00590941 -0.00510438 -0.00449574 -0.00404571 -0.00376257 -0.00364157 -0.00368342 -0.00385559 -0.00412843 -0.00445706 -0.00484909 -0.00523434 -0.00554013 -0.00574181 -0.00580007 -0.00565744 -0.00526292 -0.00461119 -0.00373493 -0.0026956 -0.00148522 -0.000222975 0.00101527 0.00216582 0.00314944 0.00389111 0.00437997 0.00456555 0.00450457 0.00422393 0.00380717 0.00330742 0.00277263 0.00227585 0.00185126 0.00147061 0.00116691 0.000926767 0.000744286 0.000634446 0.000562004 0.000497187 0.000443699 0.000407066 0.000377893 0.000368854 0.000366263 0.000363561 0.000364745 0.000373877 0.000369337 0.000372382 0.000366579 0.000368065 0.000379302 0.000395568 0.000409408 0.000427504 0.000430146 0.000447399 0.00047139 0.00050675 0.000546814 0.000583337 0.000602499 0.000625848 0.000653676 0.000675927 0.000688976 0.000704054 0.000720949 0.000788545 0.000931406 0.00113003 0.00142646 0.00182551 0.00231505 0.00287687 0.00345232 0.00395802 0.00434623 0.00453399 0.00448453 0.00412385 0.00349702 0.0026413 0.0015899 0.000401401 -0.00081815 -0.00202118 -0.00308305 -0.00395678 -0.00460463 -0.00502304 -0.00520874 -0.00518634 -0.0049883 -0.00469162 -0.0043349 -0.00394228 -0.0036048 -0.00334662 -0.00318898 -0.00315454 -0.00326434 -0.0035238 -0.00395897 -0.00455718 -0.00535688 -0.00632906 -0.00746101 -0.00870318 -0.0100433 -0.0114359 -0.012773 -0.014025 -0.0150966 -0.0159212 -0.0164442 -0.0166044 -0.0163599 -0.0156609 -0.0144737 -0.0128291 -0.010782 -0.00842263 -0.0058081 -0.0030614 -0.000287135 0.00244656 0.00498498 0.00724561 0.00915668 0.010699 0.011828 0.0125369 0.012878 0.012861 0.0125691 0.0120496 0.0113636 0.0105654 0.00970594 0.00885926 0.00804161 0.00729045 0.00659816 0.0059864 0.00547375 0.00504399 0.00470768 0.00444189 0.00424969 0.00411048 
0 0.000558257 0.00112708 0.00172115 0.00234878 0.00309246 0.0039116 0.00480245 0.0057757 0.00684237 0.00799423 0.0091895 0.0104294 0.0116078 0.0126951 0.0136286 0.0143374 0.0147392 0.0147441 0.0143188 0.0133819 0.0119394 0.00996517 0.00751136 0.00463893 0.0014225 -0.00201809 -0.00554829 -0.00903135 -0.0123559 -0.0153468 -0.0179138 -0.0199801 -0.0214979 -0.0224029 -0.0227428 -0.0225528 -0.0218707 -0.0207981 -0.0194003 -0.0177932 -0.0160442 -0.0142459 -0.0124759 -0.0108244 -0.00932992 -0.00802437 -0.00694625 -0.00612467 -0.00551301 -0.00513848 -0.00498419 -0.00500621 -0.00521644 -0.00554581 -0.00599706 -0.00650024 -0.00698413 -0.00739785 -0.00768341 -0.00774844 -0.00753525 -0.00700389 -0.00616902 -0.00500987 -0.00359848 -0.00199901 -0.000296379 0.00135748 0.00287019 0.00415436 0.00514645 0.00579601 0.00605755 0.0059739 0.00563682 0.00507862 0.00441513 0.00372078 0.00305005 0.0024562 0.00197259 0.00155874 0.00124344 0.00102407 0.000870598 0.000755365 0.000673383 0.000590429 0.000544031 0.000522098 0.000512467 0.000504477 0.000494292 0.000482563 0.000487927 0.000490377 0.000505234 0.000510556 0.000514963 0.000522528 0.00053018 0.000540307 0.000561622 0.000577711 0.000612897 0.000648186 0.000693833 0.000738408 0.000769927 0.000799391 0.000840735 0.000873216 0.000918141 0.000933728 0.000930974 0.000960497 0.00106017 0.00123705 0.00153894 0.00194049 0.00245699 0.00311218 0.0038565 0.004589 0.00526984 0.0057715 0.00601855 0.00594511 0.00548754 0.00465756 0.00350061 0.00207775 0.000507898 -0.0011381 -0.00271474 -0.00410064 -0.00527606 -0.00615792 -0.00670936 -0.00693374 -0.00690101 -0.00666952 -0.00628249 -0.0058012 -0.00531781 -0.00488241 -0.00456117 -0.00433591 -0.00429232 -0.00445402 -0.00481763 -0.00541258 -0.00622697 -0.00728088 -0.00857038 -0.0100466 -0.0116685 -0.0134116 -0.0151789 -0.016891 -0.0184549 -0.0198148 -0.0208425 -0.0214721 -0.0216231 -0.0212346 -0.0202795 -0.018722 -0.0166023 -0.0139857 -0.0109602 -0.00759879 -0.00407404 -0.000500626 0.00298545 0.0062509 0.00915747 0.0116489 0.0136906 0.0152005 0.0162047 0.0166996 0.0167608 0.0164429 0.015845 0.0150312 0.0140399 0.012966 0.0118582 0.0108114 0.00983171 0.0089337 0.00812349 0.00741857 0.00684599 0.00638379 0.00604219 0.00577139 0.00557856 
0 0.000720794 0.00147852 0.00225549 0.00309246 0.00402141 0.00506019 0.00618135 0.00740334 0.00872554 0.0100996 0.0115361 0.0129892 0.0143843 0.0156228 0.0166426 0.0173845 0.0177481 0.0176762 0.0170588 0.0158432 0.0140139 0.0115895 0.00864197 0.00521115 0.00139183 -0.00271035 -0.00690971 -0.011047 -0.0149853 -0.0185379 -0.0216057 -0.0241113 -0.0259706 -0.0271321 -0.0276129 -0.0274691 -0.0267429 -0.0255191 -0.023915 -0.0220134 -0.0199544 -0.017815 -0.0157046 -0.0137217 -0.0118937 -0.0102786 -0.00892428 -0.00787394 -0.00709569 -0.0065984 -0.00636916 -0.00639155 -0.00662474 -0.00702549 -0.00754612 -0.00816791 -0.00878225 -0.00927526 -0.00958914 -0.00965701 -0.00939638 -0.00874003 -0.00767574 -0.00623573 -0.00450091 -0.00250035 -0.000400775 0.00165577 0.00355352 0.00516747 0.00639286 0.00719805 0.00752674 0.00744693 0.00701557 0.00634045 0.00551765 0.00463844 0.00381131 0.00309456 0.00247124 0.00196706 0.00157116 0.00127583 0.00108536 0.00095367 0.000842618 0.000750881 0.000689024 0.00064585 0.000628665 0.000619315 0.000608335 0.000604267 0.000613597 0.000613291 0.000623866 0.000623821 0.000627795 0.000641806 0.000660201 0.0006794 0.000707375 0.000722265 0.000755593 0.000798466 0.000853619 0.000913645 0.000966516 0.00100055 0.00104015 0.00108447 0.00112344 0.00114725 0.00116995 0.00120873 0.00132981 0.00157128 0.00192685 0.00243578 0.00310353 0.00391388 0.00482701 0.00575128 0.00657295 0.00719662 0.00749865 0.00740194 0.00680752 0.00576057 0.00432392 0.00256684 0.000601476 -0.0014177 -0.00338308 -0.00512639 -0.00657464 -0.00766221 -0.00836357 -0.00867487 -0.00864115 -0.00833285 -0.00786364 -0.00730397 -0.00670869 -0.00618856 -0.00579049 -0.0055498 -0.00551884 -0.0057393 -0.0062247 -0.00699603 -0.00802774 -0.009347 -0.0109229 -0.0127275 -0.0146925 -0.0167741 -0.0188821 -0.02088 -0.0227174 -0.0242808 -0.0254555 -0.0261358 -0.0262208 -0.0256626 -0.0244323 -0.0225212 -0.0199756 -0.016854 -0.0132475 -0.00924411 -0.00503965 -0.0008071 0.00333572 0.00721141 0.0107099 0.0137334 0.0162268 0.0181179 0.0194001 0.0201259 0.0203126 0.0200525 0.0194266 0.0185289 0.0174325 0.0161997 0.0149208 0.0136535 0.0124675 0.0113702 0.0103796 0.0095158 0.0087768 0.00818542 0.00772395 0.00738378 0.00714126 
0 0.000903554 0.00185623 0.00286203 0.0039116 0.00506019 0.00630392 0.00765493 0.00912081 0.0106754 0.0122742 0.0138876 0.0155067 0.0170215 0.0183471 0.0193972 0.0200972 0.0203649 0.0201117 0.0192673 0.0177525 0.0155756 0.0127509 0.00934919 0.0054366 0.00110226 -0.00351648 -0.0082433 -0.0129046 -0.017347 -0.0213711 -0.0248619 -0.0277304 -0.0299066 -0.031317 -0.0319834 -0.0319354 -0.0312119 -0.0299212 -0.028168 -0.0260879 -0.0237916 -0.0213901 -0.0189874 -0.0166914 -0.0145613 -0.0126587 -0.0110465 -0.00976939 -0.00880039 -0.00816804 -0.00786595 -0.00785475 -0.00811532 -0.00857023 -0.00918652 -0.00988674 -0.0105699 -0.0111432 -0.0115207 -0.0115882 -0.0112547 -0.0104566 -0.00919322 -0.00747154 -0.00538284 -0.003017 -0.000514496 0.00193716 0.00419513 0.00612356 0.00761223 0.00858454 0.00899132 0.00889004 0.00839025 0.00758097 0.00660604 0.00557934 0.00459591 0.00372354 0.00299072 0.00237672 0.00190197 0.00156262 0.00132874 0.00115734 0.00102495 0.000903925 0.000825811 0.00078234 0.00076276 0.000751119 0.000739051 0.00072748 0.000731497 0.00073323 0.000745459 0.000750322 0.000757492 0.000771767 0.000791115 0.000815112 0.000848304 0.000875066 0.000918291 0.000965641 0.00102697 0.00109183 0.00114607 0.00119355 0.00124823 0.00129608 0.00134973 0.00137829 0.00139743 0.00145927 0.00161862 0.00190191 0.0023502 0.00296017 0.00374944 0.00472476 0.00582212 0.00691443 0.00789892 0.00861834 0.00895053 0.00879871 0.00808857 0.0068419 0.00512464 0.00302651 0.000694893 -0.00173248 -0.00406886 -0.00614082 -0.00787717 -0.00918413 -0.0100171 -0.0103835 -0.0103637 -0.010043 -0.00950489 -0.00883617 -0.00815017 -0.00754511 -0.00710512 -0.00684529 -0.00684786 -0.00714895 -0.00775835 -0.00870123 -0.00996051 -0.0115413 -0.0134126 -0.0155064 -0.017757 -0.0201158 -0.0224725 -0.0247152 -0.0267371 -0.028439 -0.0296685 -0.0303228 -0.0303058 -0.0295624 -0.0280759 -0.0258349 -0.0228958 -0.0193348 -0.0152467 -0.0107331 -0.00600106 -0.00122087 0.00344917 0.00785131 0.0118408 0.0153279 0.0182411 0.0204913 0.0220946 0.0230695 0.0234663 0.0233322 0.0227627 0.021859 0.0207073 0.0194032 0.0179988 0.016579 0.0151982 0.0139142 0.012759 0.0117395 0.0108565 0.0101088 0.00952962 0.00910452 0.00882451 
0 0.00111619 0.0022865 0.0035135 0.00480245 0.00618135 0.00765493 0.00922526 0.0109077 0.0126787 0.0144731 0.0162446 0.0179488 0.0195044 0.0208309 0.0218449 0.0224448 0.0225233 0.0220147 0.020872 0.0190558 0.016555 0.0133749 0.00958084 0.00526125 0.000536525 -0.00445382 -0.00954573 -0.0145798 -0.0193929 -0.0237807 -0.0276086 -0.0307883 -0.0332435 -0.0349115 -0.0357864 -0.0358855 -0.0352424 -0.0339573 -0.0321566 -0.0299685 -0.0275192 -0.0249173 -0.0222818 -0.0197308 -0.0173387 -0.0151802 -0.0133277 -0.0118278 -0.0106753 -0.00989476 -0.00949198 -0.00944128 -0.00969863 -0.0101907 -0.0108608 -0.0116392 -0.0124084 -0.0130453 -0.0134504 -0.013512 -0.0131176 -0.0121871 -0.0107057 -0.00870728 -0.00628599 -0.00354139 -0.000648231 0.00219554 0.004821 0.00706346 0.00878879 0.00991666 0.0104032 0.0103101 0.00974356 0.00882745 0.00770765 0.00651911 0.0053838 0.00437668 0.00351552 0.00280374 0.0022479 0.00184327 0.00156765 0.00137144 0.00121426 0.00108036 0.000985433 0.000925347 0.000894449 0.000876328 0.000860154 0.000851261 0.000855837 0.000860414 0.000872484 0.000878883 0.000887098 0.000904637 0.000928217 0.000957724 0.00099467 0.00102696 0.00107283 0.00112956 0.0011999 0.00127636 0.00134352 0.00139728 0.00145156 0.00150457 0.00155627 0.00159411 0.00163399 0.00171963 0.0019145 0.00226068 0.00278402 0.00350434 0.00443441 0.00556209 0.00681896 0.00807689 0.00919482 0.0100132 0.0103829 0.0101882 0.00934566 0.00788443 0.0058851 0.00345251 0.000743723 -0.00206086 -0.00476636 -0.0071768 -0.00918057 -0.0106893 -0.0116625 -0.0121119 -0.0121081 -0.0117507 -0.0111542 -0.0104194 -0.0096569 -0.00899114 -0.00851143 -0.00826351 -0.00831278 -0.00870014 -0.00944459 -0.0105633 -0.0120409 -0.0138694 -0.0159993 -0.0183517 -0.0208456 -0.023419 -0.0259682 -0.0283637 -0.0304946 -0.0322301 -0.0334257 -0.0339765 -0.0338006 -0.032856 -0.0311188 -0.0285843 -0.02531 -0.0213903 -0.0169359 -0.0120619 -0.0069542 -0.00178042 0.0033034 0.00811694 0.0125107 0.0163871 0.0196752 0.0222954 0.0242328 0.0255076 0.0261534 0.0262271 0.0258048 0.0249796 0.0238512 0.0225196 0.0210626 0.019545 0.0180305 0.0165839 0.0152659 0.0140999 0.0130747 0.0121967 0.0114946 0.0109827 0.0106482 
0 0.00137315 0.00278344 0.00424015 0.0057757 0.00740334 0.00912081 0.0109077 0.0127774 0.0147167 0.0166553 0.0185267 0.0202521 0.0217713 0.0230127 0.023898 0.0243117 0.0241389 0.0233354 0.0218747 0.0197488 0.0169373 0.0134512 0.00935271 0.00473982 -0.000256411 -0.00549632 -0.0108211 -0.0160816 -0.0211191 -0.0257529 -0.029841 -0.0332829 -0.0359832 -0.0378841 -0.038968 -0.039253 -0.0387695 -0.0375921 -0.0358415 -0.0336331 -0.0311071 -0.0283821 -0.0255903 -0.0228496 -0.0202412 -0.0178505 -0.0157644 -0.0140433 -0.0127115 -0.0117875 -0.0112768 -0.0111597 -0.0113823 -0.0118877 -0.0126008 -0.0134433 -0.0142816 -0.014972 -0.0153954 -0.0154317 -0.0149588 -0.0138945 -0.0122102 -0.00994741 -0.00719535 -0.0040745 -0.000790544 0.00244007 0.00541656 0.00795716 0.00991526 0.0112019 0.0117781 0.011704 0.0110841 0.010068 0.00880913 0.00746439 0.00617592 0.00502981 0.00404558 0.0032407 0.00261031 0.00214545 0.00182304 0.00159103 0.00140317 0.00125314 0.00114423 0.00107469 0.00103597 0.00100888 0.000983618 0.000969412 0.000970101 0.000980046 0.000997604 0.00101181 0.00102381 0.00104029 0.00106207 0.00109238 0.00113289 0.00117728 0.00123292 0.00130123 0.00137807 0.00145755 0.00152932 0.00158868 0.00164751 0.00171119 0.00176792 0.0018154 0.00187143 0.0019805 0.00221346 0.00262565 0.00323627 0.00407453 0.00514612 0.0064245 0.00783347 0.00924154 0.0104793 0.0113819 0.0117785 0.0115366 0.0105686 0.00889665 0.00661004 0.00383935 0.000759172 -0.00241173 -0.00546492 -0.00819668 -0.0104682 -0.0121891 -0.0133088 -0.0138402 -0.0138574 -0.0134753 -0.0128301 -0.0120428 -0.0112315 -0.0105327 -0.0100317 -0.00980116 -0.00990499 -0.0103967 -0.0112987 -0.0126073 -0.014298 -0.0163448 -0.018689 -0.0212511 -0.0239407 -0.0266733 -0.0293372 -0.0317893 -0.0339197 -0.0355916 -0.0366792 -0.0370739 -0.0367014 -0.0355291 -0.0335407 -0.0307499 -0.0272138 -0.0230296 -0.018312 -0.0131945 -0.00784687 -0.00242899 0.00291982 0.00802204 0.0127258 0.0169191 0.020527 0.0234878 0.0257656 0.0273718 0.0283185 0.0286641 0.0284724 0.0278223 0.0268074 0.025523 0.0240734 0.0225244 0.0209435 0.0193862 0.0179247 0.0166101 0.01545 0.0144615 0.0136547 0.0130495 0.0126409 
0 0.00166503 0.00334019 0.00506093 0.00684237 0.00872554 0.0106754 0.0126787 0.0147167 0.0167625 0.0187738 0.0206558 0.0223531 0.0237704 0.0248467 0.0254968 0.0256244 0.0251631 0.0240475 0.0222784 0.0198308 0.016722 0.0129851 0.00867793 0.0038983 -0.00125336 -0.00662006 -0.0120527 -0.0174036 -0.0225308 -0.0272965 -0.0315614 -0.0351999 -0.0381112 -0.0402199 -0.0415225 -0.0420256 -0.0417564 -0.0407762 -0.0391587 -0.0370401 -0.0345273 -0.0317704 -0.0288972 -0.0260221 -0.0232489 -0.0206646 -0.0183711 -0.0164416 -0.014922 -0.0138423 -0.0132139 -0.0130051 -0.0131875 -0.0136862 -0.0144391 -0.0153173 -0.0161884 -0.016918 -0.0173565 -0.0173527 -0.0167869 -0.0155752 -0.0136937 -0.0111677 -0.0080855 -0.00462437 -0.00096514 0.00263967 0.0059583 0.00879891 0.011008 0.0124583 0.0131295 0.0130629 0.0124007 0.0112801 0.00989115 0.00841259 0.00697947 0.00568708 0.00459583 0.00368699 0.0029786 0.00246305 0.00209009 0.0018149 0.00160369 0.00142653 0.00129705 0.00121952 0.00117026 0.00113687 0.00111268 0.00109395 0.00108881 0.00110003 0.00111272 0.00112914 0.00114586 0.00116484 0.00119332 0.00123314 0.00127734 0.00133271 0.00139362 0.00146294 0.00154437 0.00162811 0.00170204 0.00177449 0.00184416 0.0019088 0.00197654 0.00203475 0.00210164 0.00224797 0.00253164 0.00299905 0.00371049 0.00466189 0.00586358 0.00729784 0.00886642 0.0104133 0.0117751 0.0127408 0.0131426 0.0128237 0.0117251 0.00984742 0.00728353 0.00418972 0.000769911 -0.00277072 -0.00616202 -0.00920474 -0.0117473 -0.013682 -0.0149483 -0.0155607 -0.0156139 -0.0152392 -0.0145589 -0.0137175 -0.0128768 -0.0121535 -0.0116627 -0.0114678 -0.0116551 -0.0122738 -0.0133387 -0.0148314 -0.0167228 -0.0189584 -0.0214836 -0.0241984 -0.0270177 -0.0298375 -0.0325217 -0.0349496 -0.0369741 -0.0384989 -0.0393999 -0.0395838 -0.0389865 -0.0375699 -0.0353414 -0.0323294 -0.0285989 -0.0242459 -0.0193734 -0.0141272 -0.0086681 -0.00313693 0.00232284 0.00758867 0.0124966 0.0169359 0.0208114 0.0240633 0.0266778 0.0286257 0.0299303 0.0305996 0.0307056 0.0303173 0.0295069 0.0283735 0.0269946 0.0254825 0.0238919 0.0222918 0.0207393 0.0192936 0.0180159 0.0169184 0.0160268 0.015326 0.0148413 
0 0.00196096 0.0039379 0.00593388 0.00799423 0.0100996 0.0122742 0.0144731 0.0166553 0.0187738 0.0207681 0.0226086 0.0241933 0.0254602 0.0262893 0.0266185 0.0264025 0.0255928 0.0241635 0.0220608 0.019313 0.0159344 0.0120002 0.00756826 0.00271229 -0.00246106 -0.0078211 -0.0132243 -0.0185453 -0.0236539 -0.0284431 -0.0327723 -0.036532 -0.0395958 -0.0419221 -0.0434571 -0.0442084 -0.0442006 -0.0434557 -0.0420741 -0.0401248 -0.03774 -0.0350285 -0.0321366 -0.0291906 -0.0263054 -0.0235876 -0.0211402 -0.0190294 -0.0173401 -0.0160915 -0.0153153 -0.0150256 -0.0151442 -0.0156292 -0.0163633 -0.0172589 -0.0181637 -0.018904 -0.0193234 -0.0192885 -0.0186407 -0.0172827 -0.0151687 -0.0123779 -0.00899632 -0.00518129 -0.00117661 0.0027871 0.0064585 0.00960762 0.0120467 0.013664 0.0144266 0.014394 0.0136771 0.0124835 0.0109807 0.00936167 0.00779645 0.00638777 0.00515559 0.00415782 0.00336991 0.00277806 0.00236194 0.00206336 0.00181412 0.00162823 0.00147615 0.00137029 0.00130768 0.00126861 0.00123872 0.00122863 0.00122125 0.00122861 0.00123629 0.00125096 0.00126757 0.00129663 0.00133511 0.00138396 0.00143539 0.00149453 0.00155039 0.00162859 0.00171186 0.00180232 0.00189452 0.00197211 0.00203649 0.00211392 0.00216986 0.00224069 0.00234931 0.00253283 0.00286599 0.00342326 0.00420567 0.00527328 0.00662032 0.00819497 0.00990185 0.011599 0.013052 0.0140792 0.014472 0.014081 0.0128256 0.0107295 0.00790246 0.00450638 0.000731905 -0.00314084 -0.00687836 -0.0102512 -0.0130438 -0.0151664 -0.0165734 -0.017298 -0.0174061 -0.0170302 -0.0163392 -0.0154919 -0.0146212 -0.0138983 -0.0134194 -0.0133111 -0.0136042 -0.0143491 -0.0155659 -0.0172166 -0.0192762 -0.0216788 -0.024339 -0.0271643 -0.0300423 -0.0328516 -0.0354829 -0.037781 -0.0396413 -0.0409239 -0.0415638 -0.0414724 -0.0406101 -0.0389628 -0.0365197 -0.033338 -0.0294773 -0.0250423 -0.020136 -0.0148989 -0.00944953 -0.00393297 0.00153943 0.00683608 0.011847 0.0164485 0.020538 0.0240713 0.0269886 0.0293016 0.0309716 0.0320245 0.0324849 0.03242 0.0319088 0.0309974 0.0297944 0.0283676 0.0268327 0.0252442 0.0236608 0.0221487 0.0207646 0.0195831 0.0185961 0.01783 0.0172896 
0 0.00227176 0.00454931 0.00686573 0.0091895 0.0115361 0.0138876 0.0162446 0.0185267 0.0206558 0.0226086 0.0243129 0.0257234 0.0267291 0.0272524 0.0272257 0.0266239 0.0254534 0.0236568 0.0212455 0.0182253 0.0146487 0.0105826 0.00608361 0.00125062 -0.00383754 -0.00905858 -0.0143211 -0.0195185 -0.0245172 -0.0292283 -0.03353 -0.0373135 -0.0404984 -0.0430055 -0.0447867 -0.0458053 -0.0460827 -0.0456511 -0.0445475 -0.0428721 -0.0406816 -0.0381091 -0.0352823 -0.0323295 -0.0293984 -0.026599 -0.0240332 -0.021781 -0.0199354 -0.0185439 -0.0176424 -0.017221 -0.0172596 -0.0176864 -0.018416 -0.0192898 -0.0201727 -0.0209236 -0.0213446 -0.0212417 -0.0204829 -0.0189717 -0.0166747 -0.013624 -0.00990972 -0.00576624 -0.00139155 0.00293188 0.00691463 0.0103377 0.0130199 0.0147998 0.0156725 0.0156684 0.0149466 0.0136737 0.0120682 0.0103382 0.00863335 0.00707075 0.00574253 0.00463702 0.00377284 0.00313513 0.00265977 0.00230497 0.00203893 0.00182369 0.00165717 0.00155045 0.00147116 0.00141213 0.00137522 0.00134602 0.0013325 0.00135099 0.00136569 0.00139305 0.00142095 0.00144154 0.00147528 0.00152256 0.00157136 0.00164745 0.00172412 0.00180812 0.00190194 0.00199024 0.00206878 0.00215253 0.00222939 0.00230269 0.00238273 0.00246983 0.00258919 0.00282233 0.00322314 0.0038409 0.00474867 0.00593695 0.00740554 0.00912197 0.0109664 0.0127631 0.0143138 0.0153748 0.015754 0.0152707 0.0138877 0.0115907 0.00847938 0.00475584 0.000655823 -0.00357758 -0.00762654 -0.0112782 -0.0143311 -0.0166668 -0.0182247 -0.0190291 -0.0191972 -0.0188765 -0.0181942 -0.01733 -0.0164816 -0.0157808 -0.0153661 -0.0153242 -0.0157278 -0.0166093 -0.0179683 -0.0197627 -0.0219628 -0.0244813 -0.0272349 -0.0300982 -0.0329636 -0.035696 -0.0381645 -0.0402708 -0.0418587 -0.0428515 -0.0431677 -0.0427588 -0.0416196 -0.0397332 -0.0371179 -0.033814 -0.0298925 -0.0254598 -0.0206181 -0.0154993 -0.0101808 -0.00476537 0.000606303 0.00584821 0.0108402 0.015509 0.0197613 0.0235285 0.0267576 0.0293907 0.0314469 0.0328975 0.0337728 0.0341034 0.0339344 0.0333434 0.0323779 0.031147 0.0297206 0.0282055 0.0266602 0.0251348 0.0237181 0.0224501 0.0213992 0.0205732 0.0200152 
0 0.00259698 0.00520071 0.00781094 0.0104294 0.0129892 0.0155067 0.0179488 0.0202521 0.0223531 0.0241933 0.0257234 0.0268372 0.0275092 0.0276655 0.0272641 0.026284 0.0247171 0.0225756 0.0198619 0.0166395 0.0129257 0.00879706 0.00432224 -0.000405466 -0.00530623 -0.010307 -0.0153429 -0.0203223 -0.0251201 -0.0296718 -0.0338683 -0.0376363 -0.0408727 -0.0435383 -0.0455343 -0.0468306 -0.0474413 -0.0473464 -0.0465978 -0.0452234 -0.0433154 -0.0409636 -0.0382985 -0.035439 -0.0325254 -0.0296862 -0.0270415 -0.0246733 -0.0227114 -0.0211825 -0.0201323 -0.0196003 -0.0195249 -0.0198826 -0.0205495 -0.0214127 -0.0222992 -0.0230139 -0.0233596 -0.0231846 -0.0223196 -0.0206564 -0.0181354 -0.0148359 -0.0108415 -0.00635761 -0.00165366 0.00300657 0.00732237 0.0110301 0.0139232 0.0158752 0.0168579 0.0169178 0.0161715 0.0148486 0.0131434 0.0112825 0.00945519 0.00779001 0.00632909 0.00514331 0.0041994 0.00347525 0.00294729 0.00256398 0.00225545 0.00203543 0.00184806 0.00170873 0.00161237 0.00154383 0.00149433 0.00147401 0.0014577 0.00146994 0.00148196 0.00150815 0.00153409 0.00156844 0.001611 0.00166536 0.00172259 0.00180055 0.00187118 0.00196775 0.00206136 0.00215392 0.00224853 0.00233187 0.00240015 0.00249109 0.00256365 0.00267359 0.002848 0.0031264 0.00358237 0.00429872 0.00528371 0.00660025 0.00822214 0.0100746 0.0120343 0.0139442 0.0155464 0.0166353 0.0169821 0.0164214 0.014875 0.0123552 0.00898508 0.00496734 0.000532458 -0.00399858 -0.00835949 -0.0123153 -0.0156097 -0.0181411 -0.019861 -0.0208087 -0.0210523 -0.020743 -0.020076 -0.0192567 -0.0184419 -0.0178022 -0.0174449 -0.0175179 -0.0180386 -0.0190466 -0.020547 -0.0224713 -0.02478 -0.0273649 -0.0301238 -0.0329571 -0.0357382 -0.0383118 -0.0405653 -0.0423678 -0.0436342 -0.0442618 -0.0442357 -0.0435021 -0.0420692 -0.0399528 -0.0371658 -0.0337929 -0.029886 -0.0255405 -0.0208442 -0.0159162 -0.0108014 -0.00559877 -0.000411313 0.00466603 0.00956681 0.0142175 0.0185459 0.0225041 0.0259789 0.0289366 0.0313411 0.033211 0.0345297 0.0352984 0.0355492 0.0353186 0.0347027 0.03374 0.0325286 0.0311524 0.0297005 0.0282435 0.0268362 0.0255581 0.0244502 0.0235995 0.0230284 
0 0.00293591 0.00584165 0.0087434 0.0116078 0.0143843 0.0170215 0.0195044 0.0217713 0.0237704 0.0254602 0.0267291 0.0275092 0.0277832 0.0275464 0.0267507 0.025372 0.0234395 0.0209666 0.0180084 0.0146124 0.0108209 0.00670808 0.00234168 -0.00219392 -0.00685333 -0.0115757 -0.0163119 -0.0209884 -0.0255023 -0.0298221 -0.0338645 -0.0375439 -0.0407928 -0.0435515 -0.0457446 -0.0473137 -0.0482564 -0.048541 -0.0481602 -0.047162 -0.0455929 -0.0435478 -0.0411249 -0.0384271 -0.035605 -0.0327982 -0.0301255 -0.0276931 -0.0256325 -0.0239976 -0.0228338 -0.0221669 -0.021988 -0.0222559 -0.022866 -0.0236584 -0.0244776 -0.0251543 -0.0254569 -0.0251773 -0.0241746 -0.0223403 -0.0196243 -0.0160684 -0.0117706 -0.00698525 -0.00195057 0.00303908 0.00765259 0.0116352 0.0147741 0.0169006 0.0180009 0.0181068 0.0173685 0.0159936 0.0142155 0.0122641 0.010314 0.00850739 0.00694649 0.00565699 0.00464025 0.00386818 0.0032826 0.00284062 0.00250478 0.00224498 0.0020344 0.00188649 0.00177634 0.00169619 0.00164879 0.00161345 0.00158902 0.00159854 0.00160462 0.0016318 0.00166849 0.00170277 0.00175543 0.00181963 0.0018806 0.00196801 0.00204905 0.00213796 0.00223348 0.00232186 0.00240947 0.00250503 0.00259297 0.002685 0.00278101 0.00290762 0.00310247 0.00343885 0.00397587 0.00477127 0.00588423 0.00732325 0.0090646 0.0110448 0.0131257 0.0151186 0.0167859 0.0178751 0.0181662 0.017481 0.0157822 0.013063 0.00943116 0.00511818 0.000383944 -0.0044744 -0.00913252 -0.0133567 -0.0169059 -0.0196521 -0.0215371 -0.0225866 -0.0229211 -0.0227008 -0.0220885 -0.0213027 -0.0205499 -0.0199791 -0.0197241 -0.0198937 -0.0205347 -0.0216686 -0.0232787 -0.0252966 -0.0276653 -0.0302632 -0.0329796 -0.0357028 -0.0383128 -0.0406501 -0.0425887 -0.0440427 -0.0449104 -0.0451552 -0.0447599 -0.0436996 -0.0419952 -0.0396574 -0.0367434 -0.0333427 -0.0295218 -0.0253404 -0.0208579 -0.0161764 -0.0113339 -0.00641531 -0.00151611 0.00333295 0.00807737 0.0126573 0.0169967 0.0210469 0.0247303 0.0279682 0.0307389 0.0330091 0.0347706 0.0360035 0.0367028 0.0369162 0.0366913 0.0360936 0.0351702 0.0340227 0.0327386 0.0313952 0.0300846 0.0288498 0.0277698 0.0269117 0.0263396 
0 0.0032603 0.0064636 0.00961535 0.0126951 0.0156228 0.0183471 0.0208309 0.0230127 0.0248467 0.0262893 0.0272524 0.0276655 0.0275464 0.0268954 0.0256847 0.0239213 0.0216522 0.0189116 0.0157444 0.0122266 0.00841663 0.00439218 0.000205061 -0.00408987 -0.00845439 -0.0128373 -0.0172051 -0.0215104 -0.0256863 -0.0297209 -0.0335429 -0.0370868 -0.0402943 -0.0431308 -0.0454982 -0.0473245 -0.04859 -0.0492404 -0.0492642 -0.0486729 -0.0475044 -0.0458169 -0.0436937 -0.0412333 -0.0385844 -0.0358893 -0.0332676 -0.0308234 -0.0287057 -0.0269788 -0.0257058 -0.0249369 -0.0246485 -0.0248083 -0.0253094 -0.0260183 -0.0267692 -0.0273676 -0.0275779 -0.0272016 -0.0260691 -0.0240575 -0.0211127 -0.0173006 -0.0127283 -0.00763863 -0.00229553 0.00301016 0.00793853 0.012196 0.0155502 0.0178494 0.0190674 0.0192441 0.0185182 0.0171196 0.0152796 0.0132365 0.0111828 0.00926997 0.00758878 0.00620317 0.00509902 0.00424599 0.00360491 0.00312857 0.00276145 0.00248719 0.00225406 0.00207414 0.00194016 0.00184463 0.00178513 0.00175149 0.0017256 0.00172968 0.00173471 0.00176099 0.00179785 0.00184299 0.00190334 0.00197312 0.00204021 0.00212707 0.00220644 0.00230317 0.00240161 0.00249571 0.00259268 0.00268753 0.00277051 0.00286825 0.00296749 0.00312315 0.0033774 0.00378247 0.00440021 0.00529671 0.00650707 0.00806734 0.00994021 0.0120389 0.0142169 0.0162869 0.0179886 0.0190722 0.0193003 0.018503 0.0166259 0.0136833 0.00980205 0.00521148 0.000176923 -0.00497386 -0.00993087 -0.0144391 -0.018227 -0.0211641 -0.0232087 -0.0244049 -0.0248532 -0.0247144 -0.0241819 -0.0234851 -0.0228134 -0.0223294 -0.0221698 -0.0224646 -0.0232287 -0.0244643 -0.0261451 -0.0281992 -0.0305704 -0.0331262 -0.0357389 -0.0382925 -0.0406535 -0.0426657 -0.0442307 -0.045276 -0.0457371 -0.0455721 -0.0447917 -0.0433906 -0.0414147 -0.0389013 -0.0359086 -0.0325402 -0.0288478 -0.0248757 -0.020667 -0.0163008 -0.0117968 -0.00722525 -0.00265372 0.00191244 0.00645565 0.0109095 0.0151929 0.0192696 0.0230797 0.0265685 0.0296704 0.0323278 0.0345056 0.0361898 0.0373749 0.0380709 0.0383104 0.0381267 0.0375818 0.0367578 0.03573 0.0345832 0.033424 0.0323233 0.03133 0.0305166 0.0299511 
0 0.00354532 0.00701728 0.0103908 0.0136286 0.0166426 0.0193972 0.0218449 0.023898 0.0254968 0.0266185 0.0272257 0.0272641 0.0267507 0.0256847 0.0240701 0.0219566 0.0194038 0.0164505 0.0131427 0.00958326 0.00583938 0.00196762 -0.00199811 -0.00601412 -0.0100375 -0.0140364 -0.018002 -0.0219143 -0.0257298 -0.0294434 -0.0330035 -0.0363659 -0.0394935 -0.0423602 -0.0448585 -0.0469042 -0.0484656 -0.0494767 -0.0499105 -0.0497495 -0.0490154 -0.0477386 -0.045983 -0.0438361 -0.041434 -0.0389164 -0.0363992 -0.0339985 -0.0318734 -0.0301029 -0.0287516 -0.0278807 -0.0274793 -0.0275277 -0.0279176 -0.028519 -0.0291681 -0.0296655 -0.0297648 -0.0292559 -0.0279682 -0.0257798 -0.0226272 -0.018564 -0.0137114 -0.00831537 -0.00266303 0.00294386 0.00815415 0.0126635 0.0162332 0.018714 0.0200646 0.0203284 0.0196358 0.0182246 0.016335 0.0142109 0.0120547 0.0100325 0.00824494 0.00676803 0.00558375 0.00465602 0.00394938 0.00341994 0.00301702 0.00272147 0.00247496 0.00227813 0.0021252 0.00200762 0.00192651 0.00187689 0.0018455 0.00184996 0.00186594 0.00190104 0.00194305 0.00198833 0.00204467 0.00211005 0.00218132 0.00227535 0.00236902 0.00247684 0.00257881 0.00266778 0.00275753 0.00284709 0.00293457 0.00304565 0.00316887 0.00335981 0.00366636 0.00413772 0.00483812 0.00583539 0.00716134 0.00885073 0.0108518 0.0130616 0.0153244 0.0174446 0.0191571 0.0202105 0.0203581 0.0194405 0.0173977 0.014247 0.0101147 0.00523946 -9.33571e-05 -0.00553169 -0.0107638 -0.0155229 -0.0195458 -0.0226936 -0.0249179 -0.0262633 -0.0268396 -0.0268124 -0.0263833 -0.0257881 -0.0252222 -0.0248524 -0.0248062 -0.0252089 -0.0260693 -0.0273807 -0.0291026 -0.0311586 -0.0334792 -0.0359266 -0.0383596 -0.0406617 -0.042696 -0.0443193 -0.0454583 -0.046064 -0.0460999 -0.045528 -0.0443712 -0.042649 -0.0404347 -0.0377897 -0.0347755 -0.0314823 -0.0279454 -0.0241972 -0.0202883 -0.016282 -0.0121692 -0.00797944 -0.003752 0.000505865 0.00478848 0.00904104 0.0132048 0.0172536 0.021135 0.0248041 0.0281785 0.0311834 0.0337599 0.0358893 0.0375641 0.0387718 0.039516 0.0398033 0.0397016 0.0392852 0.0386095 0.0377489 0.0368207 0.0359188 0.0350813 0.034372 0.0338604 
0 0.00376992 0.00745213 0.011007 0.0143374 0.0173845 0.0200972 0.0224448 0.0243117 0.0256244 0.0264025 0.0266239 0.026284 0.025372 0.0239213 0.0219566 0.0195448 0.0167658 0.0136534 0.0102928 0.00677271 0.00316046 -0.000516074 -0.00422452 -0.00791777 -0.0115669 -0.015164 -0.0187136 -0.022213 -0.025642 -0.029011 -0.0323004 -0.0354566 -0.0384748 -0.0413077 -0.0438838 -0.0461105 -0.0479386 -0.0493007 -0.0501188 -0.0503882 -0.0500978 -0.0492771 -0.0479561 -0.0461953 -0.0441098 -0.0418336 -0.0394778 -0.0371878 -0.0351066 -0.0333362 -0.0319425 -0.0309766 -0.0304775 -0.03041 -0.030695 -0.0311792 -0.0317033 -0.0320713 -0.0320332 -0.0313563 -0.0298956 -0.027512 -0.0241485 -0.0198334 -0.0147085 -0.00903774 -0.00309122 0.00280559 0.00828606 0.013046 0.016841 0.0195019 0.0209977 0.0213535 0.0207148 0.0192978 0.0173715 0.0151818 0.0129352 0.0108025 0.00892751 0.0073498 0.00608244 0.00508811 0.00431554 0.00372746 0.00329752 0.00296138 0.00269079 0.00247522 0.00230088 0.00216855 0.00208624 0.00202247 0.00198654 0.00198222 0.00198954 0.00201877 0.00206779 0.00211682 0.00218743 0.00226518 0.0023418 0.00243468 0.00253281 0.00262864 0.00273204 0.00282285 0.0029101 0.00300743 0.00311159 0.0032234 0.00337811 0.00360491 0.00396076 0.00451054 0.0053065 0.00639567 0.00785069 0.00966457 0.0117876 0.0141044 0.0164458 0.0185927 0.0203027 0.0213 0.021354 0.0202905 0.018073 0.0147159 0.0103397 0.00519699 -0.000401122 -0.00612181 -0.0116207 -0.0166236 -0.0208859 -0.0242508 -0.0266756 -0.0281832 -0.0289053 -0.0290104 -0.0286997 -0.028218 -0.0277852 -0.0275396 -0.0276227 -0.0281126 -0.0290459 -0.0303996 -0.0321207 -0.0341383 -0.0363505 -0.0386145 -0.0407846 -0.042748 -0.04439 -0.0455892 -0.0462733 -0.0464306 -0.0460158 -0.0450441 -0.0435315 -0.0415363 -0.0391403 -0.0364004 -0.0334007 -0.0302043 -0.0268545 -0.0233609 -0.0197747 -0.0161422 -0.0124375 -0.00864527 -0.0047837 -0.00085183 0.00312667 0.0071239 0.0111191 0.0150925 0.0190031 0.0227664 0.0263333 0.0296185 0.0325713 0.0351395 0.0372838 0.039005 0.0402674 0.0410886 0.041491 0.0415562 0.0413234 0.0408464 0.0402485 0.0396005 0.0389808 0.0384322 0.0380388 
0 0.00390522 0.00772242 0.0113579 0.0147392 0.0177481 0.0203649 0.0225233 0.0241389 0.0251631 0.0255928 0.0254534 0.0247171 0.0234395 0.0216522 0.0194038 0.0167658 0.0138126 0.010634 0.00729057 0.00387402 0.000424733 -0.003023 -0.00642858 -0.00976984 -0.0130368 -0.0162338 -0.0193666 -0.022431 -0.0254559 -0.0284737 -0.0314709 -0.0344182 -0.0372755 -0.040043 -0.0426384 -0.0449996 -0.0470617 -0.0487247 -0.0499251 -0.0506045 -0.0507726 -0.0504201 -0.0495599 -0.0482357 -0.0465353 -0.0445699 -0.0424641 -0.0403457 -0.0383752 -0.0366496 -0.0352459 -0.0342503 -0.0336686 -0.0334959 -0.0336402 -0.0339911 -0.0343812 -0.0345879 -0.0343753 -0.0335451 -0.0318943 -0.0292977 -0.0256901 -0.0211263 -0.0157551 -0.00980143 -0.0035826 0.00258725 0.00835675 0.0133693 0.0173674 0.0202196 0.0218517 0.0223155 0.021733 0.020348 0.0184077 0.0161639 0.0138412 0.0116243 0.00962711 0.0079629 0.00661078 0.00553184 0.004703 0.00407623 0.0035899 0.00323028 0.00293197 0.0026805 0.00249205 0.00235417 0.00225044 0.00219055 0.00214657 0.00212281 0.00212856 0.00215268 0.0021923 0.00226228 0.0023408 0.00242572 0.00251849 0.00260633 0.00269237 0.00279451 0.00288545 0.00297639 0.00307943 0.0031804 0.00328783 0.0034273 0.00359094 0.0038559 0.00428584 0.0049154 0.00580657 0.00702746 0.00858674 0.0105227 0.0127627 0.0151667 0.0175589 0.0197332 0.0214172 0.0223545 0.0222892 0.0210868 0.0186687 0.0150825 0.0104801 0.00508913 -0.000780304 -0.00675014 -0.0125175 -0.0177823 -0.0222808 -0.025855 -0.028461 -0.0301672 -0.0310629 -0.0313151 -0.0311593 -0.0308376 -0.0305375 -0.0304188 -0.0305914 -0.0311687 -0.0321439 -0.0334944 -0.0351654 -0.0370709 -0.0391075 -0.0411173 -0.0429571 -0.0445292 -0.0457282 -0.0464584 -0.0466789 -0.0463593 -0.0455153 -0.0441418 -0.0423128 -0.0400966 -0.0375683 -0.0347978 -0.0318334 -0.0287675 -0.0256262 -0.0224244 -0.0191868 -0.015923 -0.0126063 -0.00921142 -0.00572872 -0.00215902 0.00150482 0.00523428 0.00902921 0.0128895 0.0167509 0.0205569 0.0242256 0.0277342 0.0310128 0.0339836 0.0365856 0.0387787 0.0405806 0.0419507 0.0429234 0.0435242 0.0437996 0.0438095 0.0436171 0.0433206 0.0429623 0.0426501 0.042425 
0 0.00394991 0.00778044 0.0114186 0.0147441 0.0176762 0.0201117 0.0220147 0.0233354 0.0240475 0.0241635 0.0236568 0.0225756 0.0209666 0.0189116 0.0164505 0.0136534 0.010634 0.007466 0.00422374 0.000949136 -0.00229445 -0.00546831 -0.00854317 -0.0115207 -0.0144037 -0.0172079 -0.0199259 -0.0225837 -0.0252252 -0.0278866 -0.0305909 -0.033286 -0.0359914 -0.0386497 -0.0412334 -0.0436672 -0.0458825 -0.0478164 -0.0493513 -0.0504507 -0.0510592 -0.0511715 -0.0507805 -0.0499208 -0.0486605 -0.0470929 -0.0452946 -0.0434249 -0.0416086 -0.0399883 -0.0386442 -0.0376265 -0.037007 -0.0367411 -0.0367688 -0.0369528 -0.0371652 -0.0372113 -0.0368417 -0.0357963 -0.0339356 -0.0311182 -0.0272933 -0.022472 -0.0168316 -0.0106217 -0.00412054 0.00232472 0.00833438 0.013585 0.0178128 0.0208374 0.0226225 0.0231945 0.0227008 0.0213498 0.0194203 0.0171505 0.0147623 0.0124392 0.0103701 0.00859302 0.00714964 0.00600408 0.00509895 0.00440055 0.00389945 0.00349342 0.00318046 0.00292285 0.00270601 0.00253652 0.00242383 0.00232762 0.00228091 0.00226261 0.00227154 0.00229913 0.00235361 0.00240697 0.00248555 0.00257024 0.00265767 0.00274904 0.0028597 0.00295122 0.00305586 0.00314797 0.00323162 0.00333301 0.00346111 0.00359423 0.00381437 0.0041319 0.00461932 0.00534621 0.00635299 0.00766708 0.00937061 0.0114188 0.0137548 0.0162321 0.018673 0.0208379 0.0224892 0.0233389 0.0231589 0.0217772 0.0191742 0.0153856 0.0105376 0.0048902 -0.00121997 -0.00746143 -0.0134796 -0.0189672 -0.0237004 -0.0275007 -0.0303273 -0.0322023 -0.0332849 -0.0337451 -0.0337805 -0.0336071 -0.0334491 -0.0334372 -0.0337141 -0.0343206 -0.035307 -0.0366215 -0.0381816 -0.0399154 -0.0416871 -0.0433748 -0.0448365 -0.0459709 -0.0466932 -0.0469345 -0.0466575 -0.0458919 -0.044624 -0.042918 -0.0408117 -0.0384171 -0.0358103 -0.0330351 -0.0301707 -0.0272489 -0.0243352 -0.0214204 -0.0185239 -0.0156192 -0.0126686 -0.00964827 -0.00655163 -0.00335103 -2.04715e-05 0.00344309 0.00702656 0.0107062 0.0144656 0.01823 0.0219708 0.0256265 0.0291565 0.0324695 0.0354743 0.0381491 0.0404567 0.0424084 0.043966 0.0451575 0.0460061 0.0465544 0.0468727 0.0469875 0.0469938 0.0469528 0.0469318 
