0 0 0 0 0 0 0 0 0 0 0 0 0 0 0 0 0 0 0 0 0 0 0 0 0 0 0 0 0 0 0 0 0 0 0 0 0 0 0 0 0 0 0 0 0 0 0 0 0 0 0 0 0 0 0 0 0 0 0 0 0 0 0 0 0 0 0 0 0 0 0 0 0 0 0 0 0 0 0 0 0 0 0 0 0 0 0 0 0 0 0 0 0 0 0 0 0 0 0 0 0 0 0 0 0 0 0 0 0 0 0 0 0 0 0 0 0 0 0 0 0 0 0 0 0 0 0 0 0 0 0 0 0 0 0 0 0 0 0 0 0 0 0 0 0 0 0 0 0 0 0 0 0 0 0 0 0 0 0 0 0 0 0 0 0 0 0 0 0 0 0 0 0 0 0 0 0 0 0 0 0 0 0 0 0 0 0 0 0 0 0 0 0 0 0 0 0 0 0 0 
0 1.05019e-05 1.70693e-05 2.30774e-05 3.70136e-05 4.11729e-05 4.87108e-05 5.44952e-05 5.60427e-05 6.32536e-05 7.34715e-05 7.72184e-05 6.763e-05 7.05227e-05 7.76557e-05 7.64544e-05 6.42046e-05 3.80496e-05 1.50373e-05 -6.8815e-06 -4.49094e-05 -0.000119042 -0.000209784 -0.000294063 -0.00039075 -0.000513799 -0.00066812 -0.000826345 -0.000962441 -0.00108205 -0.00118702 -0.00127249 -0.00130599 -0.00125937 -0.00112666 -0.000919107 -0.000649268 -0.000294248 0.000130867 0.00059812 0.00108602 0.00156474 0.00202549 0.00244823 0.00282306 0.00313942 0.00339962 0.00360814 0.0037799 0.00393348 0.004064 0.0041604 0.00421855 0.00422682 0.00416884 0.00402515 0.00376219 0.00336627 0.00282303 0.0021492 0.00137416 0.000516868 -0.00039895 -0.00132201 -0.00223124 -0.00308153 -0.00382114 -0.00441743 -0.00485154 -0.00512404 -0.00523579 -0.00520053 -0.00504304 -0.00477755 -0.00442574 -0.00400931 -0.00354379 -0.00307747 -0.00262549 -0.00220209 -0.00181762 -0.00147883 -0.00118135 -0.000930065 -0.000718491 -0.00054912 -0.000410757 -0.000305379 -0.000217289 -0.000153748 -0.000107177 -6.90016e-05 -3.60518e-05 -1.63683e-05 -2.70666e-06 -1.52432e-06 1.33871e-06 2.81655e-06 2.96143e-06 -1.89198e-06 1.41406e-06 8.05861e-06 1.49049e-05 1.46037e-05 1.0056e-05 5.3986e-07 -1.52444e-06 -1.53319e-05 -3.56742e-05 -6.02298e-05 -9.03104e-05 -0.00013239 -0.000192041 -0.000284503 -0.000396573 -0.000537573 -0.0007082 -0.000918481 -0.00116405 -0.0014537 -0.00179035 -0.00217446 -0.00259859 -0.00305741 -0.00352157 -0.0039811 -0.00439808 -0.00474369 -0.00500551 -0.00516601 -0.00519845 -0.00508098 -0.00479906 -0.0043502 -0.003739 -0.00299453 -0.00214838 -0.00123438 -0.000304851 0.000614517 0.00148418 0.002262 0.0029221 0.00344907 0.00381874 0.00404697 0.00415878 0.00418787 0.00415195 0.00406383 0.0039468 0.00380998 0.00365238 0.00349528 0.00332885 0.0031134 0.00282705 0.0024779 0.00209482 0.00167834 0.0012374 0.000774277 0.000317608 -0.000100647 -0.000458922 -0.000730132 -0.000930317 -0.00106305 -0.00111778 -0.00110191 -0.0010305 -0.000926122 -0.000798871 -0.000662038 -0.000519189 -0.000376749 -0.000257494 -0.000152057 -5.64657e-05 2.82827e-05 9.17986e-05 0.000126628 0.000159765 0.000197496 0.00022998 0.000234806 0.000227408 0.000236329 0.000255062 0.000269277 0.000252746 0.000237189 0.000249946 0.000270024 0.000260825 0.000233403 0.000237994 0.000253683 0.000255208 0.000234469 
0 1.70693e-05 2.19116e-05 4.05272e-05 5.11065e-05 6.54159e-05 7.78854e-05 0.000103037 0.000108724 0.000114689 0.000142842 0.000154505 0.000159411 0.000156553 0.000162921 0.000153875 0.00013979 0.00010301 4.09929e-05 -2.029e-05 -0.00010727 -0.000234512 -0.000402966 -0.000585404 -0.000801589 -0.00104933 -0.00133429 -0.00162803 -0.00191269 -0.00217267 -0.00239505 -0.00255219 -0.00259649 -0.00251165 -0.00225398 -0.00185971 -0.00130245 -0.000584868 0.000267913 0.00120712 0.00218569 0.00315803 0.00406676 0.00491562 0.00568314 0.00632776 0.00683315 0.00723144 0.00756535 0.00786911 0.0080972 0.00828453 0.0083932 0.00839241 0.00825862 0.00795234 0.00742348 0.00661848 0.00555068 0.00423084 0.0026872 0.000976588 -0.00083336 -0.00267223 -0.00445027 -0.0061107 -0.00754956 -0.00873575 -0.0096055 -0.0101579 -0.0104023 -0.0103413 -0.0100208 -0.00951432 -0.00882318 -0.00800378 -0.00710571 -0.00617696 -0.00527352 -0.00442992 -0.00365664 -0.00297883 -0.00239771 -0.00189836 -0.00148303 -0.00113843 -0.000858951 -0.000628567 -0.000444646 -0.000310585 -0.000215845 -0.000142157 -9.431e-05 -4.94672e-05 -3.3562e-05 -2.52217e-05 -6.32557e-06 5.02938e-06 8.0658e-06 1.23968e-05 -3.97062e-07 1.04183e-05 1.46215e-05 4.34687e-06 -3.20774e-06 -8.70095e-06 -1.64934e-05 -2.5478e-05 -6.87089e-05 -0.000122415 -0.000191888 -0.000285528 -0.000421284 -0.000603317 -0.000829848 -0.00110173 -0.00144058 -0.00185137 -0.00235173 -0.00294063 -0.00361777 -0.00439138 -0.00523734 -0.00612594 -0.00704734 -0.00794952 -0.00875996 -0.00945387 -0.00995978 -0.0102544 -0.010308 -0.010061 -0.00949476 -0.00862271 -0.00742376 -0.00596078 -0.00427489 -0.00247417 -0.000623271 0.00119845 0.00290188 0.00443173 0.00574689 0.00678025 0.00752818 0.00799868 0.0082437 0.00830787 0.00824282 0.00809224 0.00786533 0.00762245 0.00734609 0.00704356 0.00668414 0.00623311 0.00567227 0.0050025 0.00422231 0.00337589 0.00246897 0.00154096 0.000634278 -0.0001972 -0.000898942 -0.00145679 -0.00186017 -0.00213329 -0.00223392 -0.00219691 -0.00205828 -0.00185401 -0.00160469 -0.00133433 -0.00104772 -0.000763514 -0.000516907 -0.000303911 -0.000120988 5.04218e-05 0.00018237 0.000282138 0.000345809 0.00040733 0.00045501 0.000478036 0.000494236 0.000493859 0.000503896 0.000506456 0.000507151 0.000489213 0.000487377 0.000498491 0.000486476 0.000479774 0.000477671 0.000486837 0.000480835 0.00048134 
0 2.30774e-05 4.05272e-05 5.87686e-05 9.02269e-05 9.6853e-05 0.000122738 0.000155016 0.000169427 0.000182127 0.000203534 0.000228608 0.000233372 0.000247461 0.000240651 0.000216689 0.000201083 0.000157987 7.65315e-05 -3.97388e-05 -0.000174897 -0.000356324 -0.00058985 -0.000869011 -0.00121333 -0.00158879 -0.00199489 -0.00242313 -0.00285221 -0.00326234 -0.00359077 -0.00380669 -0.00386799 -0.00373638 -0.00337481 -0.00276968 -0.00193746 -0.000847015 0.000434339 0.00183027 0.00329497 0.00475149 0.00615367 0.00743198 0.00855497 0.00950154 0.0102786 0.0108898 0.0113661 0.0117621 0.0120848 0.0123227 0.0124552 0.0124281 0.0121852 0.011683 0.0108531 0.00966618 0.00808176 0.00612653 0.00386657 0.00135959 -0.00130798 -0.00397903 -0.00658259 -0.00900608 -0.0111252 -0.0128615 -0.0141575 -0.0149984 -0.0153732 -0.0153104 -0.0148794 -0.0141314 -0.013133 -0.0119486 -0.0106239 -0.00928112 -0.00796307 -0.00671247 -0.00556587 -0.00455009 -0.00366065 -0.00290928 -0.00227734 -0.001764 -0.00133672 -0.00099697 -0.000710434 -0.000501036 -0.000352453 -0.000240412 -0.000152567 -0.000100815 -6.40755e-05 -5.20237e-05 -2.81312e-05 -5.8288e-06 7.27575e-06 -2.19439e-06 -3.01672e-06 8.89025e-07 5.23971e-06 -4.05498e-06 -1.6141e-05 -3.32319e-05 -3.01741e-05 -6.14127e-05 -0.000123603 -0.000210733 -0.000322955 -0.00047159 -0.000667881 -0.000948527 -0.00128449 -0.00170385 -0.00221738 -0.00285496 -0.00360733 -0.00449048 -0.00550459 -0.00664351 -0.00788421 -0.00921041 -0.0105483 -0.0118652 -0.0130563 -0.0140384 -0.0147676 -0.0151906 -0.0152358 -0.0148474 -0.0139964 -0.0126836 -0.0109201 -0.00877879 -0.00633896 -0.00369424 -0.000990503 0.00168301 0.00420088 0.00644361 0.00835107 0.00989505 0.0110226 0.0117618 0.0121599 0.0122953 0.012228 0.0120191 0.0117473 0.0114304 0.0110342 0.010584 0.0100592 0.00939083 0.0085461 0.00753196 0.00638461 0.00509668 0.00372209 0.00231725 0.000972015 -0.000253805 -0.00132668 -0.00216856 -0.00278688 -0.0031755 -0.00332361 -0.00327785 -0.00308245 -0.00278058 -0.00239633 -0.00198439 -0.00156669 -0.00114938 -0.000778146 -0.000447056 -0.000169326 6.54279e-05 0.000266433 0.000416996 0.000533847 0.000607263 0.000661891 0.000704803 0.000744421 0.000761909 0.000740511 0.000746343 0.000759439 0.000762579 0.000745428 0.00072947 0.000730934 0.000736109 0.000744892 0.000714092 0.000706793 0.000729708 
0 3.70136e-05 5.11065e-05 9.02269e-05 0.00012456 0.000151715 0.000164747 0.000204454 0.000232535 0.000253861 0.000282195 0.00028461 0.000303369 0.000323324 0.00032575 0.000280663 0.000246302 0.000201679 0.000100765 -4.23153e-05 -0.000236964 -0.000477901 -0.000781929 -0.00114664 -0.00160244 -0.00210793 -0.00265385 -0.00322141 -0.00380114 -0.00434064 -0.00477424 -0.00505226 -0.00512531 -0.00496794 -0.00447626 -0.00366826 -0.00251746 -0.00106542 0.000621102 0.00247457 0.00443654 0.0064151 0.00827333 0.0099705 0.0114693 0.0127297 0.0137449 0.014549 0.0151779 0.0156768 0.016005 0.0162459 0.0163501 0.0162443 0.0158622 0.0151348 0.0139938 0.0123744 0.0102994 0.00778134 0.00485871 0.00162082 -0.00180664 -0.00527734 -0.00862616 -0.011746 -0.0144689 -0.0167348 -0.0184353 -0.0195539 -0.0200919 -0.0200536 -0.019517 -0.0186057 -0.0173412 -0.0158253 -0.0141498 -0.0124062 -0.0106899 -0.00906443 -0.00755514 -0.00620868 -0.00503237 -0.00401075 -0.00315362 -0.00244409 -0.00186877 -0.00139977 -0.00102488 -0.000746272 -0.000541896 -0.000376425 -0.000255498 -0.000151669 -0.000104908 -8.35907e-05 -5.32244e-05 -3.61178e-05 -3.2751e-05 -2.78068e-05 -4.21965e-05 -1.68218e-05 -1.2063e-06 -1.44728e-05 -3.44055e-05 -5.91929e-05 -8.96022e-05 -0.000127691 -0.000221543 -0.000336313 -0.000482527 -0.000677999 -0.000958135 -0.00133793 -0.00181265 -0.00238525 -0.00308837 -0.00393196 -0.0049439 -0.00612307 -0.0074653 -0.0089763 -0.0106086 -0.0123069 -0.0140399 -0.0157168 -0.0172136 -0.0184773 -0.0193887 -0.0198921 -0.0199184 -0.0193667 -0.0182124 -0.016491 -0.0141927 -0.0114284 -0.00827344 -0.00489763 -0.00141307 0.0020366 0.00527672 0.0081855 0.0106878 0.0126919 0.0141986 0.0152216 0.0158293 0.0160836 0.0160703 0.015879 0.0155527 0.0151845 0.0147276 0.0141713 0.0134647 0.0125679 0.0114641 0.0101417 0.00858061 0.00685079 0.00500589 0.00314953 0.00135774 -0.000300594 -0.00173683 -0.00288469 -0.0036941 -0.00420625 -0.00439773 -0.00435019 -0.00410766 -0.00370065 -0.00317379 -0.0026151 -0.00206623 -0.00153434 -0.00103954 -0.000585167 -0.000209958 9.83016e-05 0.000335771 0.000542783 0.000699017 0.000816441 0.000882967 0.000924578 0.000981474 0.00100433 0.00100667 0.000997244 0.00101417 0.00101182 0.00100308 0.000995348 0.000977967 0.000989027 0.000986231 0.000970408 0.000950356 0.000969979 
0 4.11729e-05 6.54159e-05 9.6853e-05 0.000151715 0.000176335 0.000205699 0.00024467 0.000279735 0.00031757 0.000350602 0.000370024 0.000377264 0.000408496 0.000411001 0.000369198 0.000322925 0.000248451 0.000126621 -5.28326e-05 -0.00028863 -0.000602406 -0.000989221 -0.0014444 -0.00200436 -0.00263199 -0.00331163 -0.00402373 -0.00473459 -0.0054019 -0.00593247 -0.00627592 -0.00637301 -0.00615858 -0.00555328 -0.00452695 -0.00310291 -0.00127856 0.00084496 0.0031694 0.00562829 0.00809912 0.0104634 0.0125999 0.0144533 0.0160063 0.0172743 0.0182565 0.0189736 0.0194854 0.0198222 0.0200113 0.020034 0.019801 0.0192175 0.0182194 0.0167344 0.0147333 0.0121842 0.00911407 0.00559492 0.00170596 -0.00241584 -0.00654363 -0.0105452 -0.0142651 -0.0175399 -0.0202671 -0.0223569 -0.0237697 -0.0244784 -0.0245071 -0.0239466 -0.0228822 -0.0214099 -0.0196307 -0.0176284 -0.0155603 -0.0135002 -0.0115147 -0.00966224 -0.00798878 -0.0065024 -0.00522195 -0.00413674 -0.0032439 -0.00250403 -0.00190613 -0.00141039 -0.00103918 -0.000766656 -0.000554446 -0.000386708 -0.000273131 -0.00019942 -0.000166308 -0.000124733 -8.8805e-05 -6.88721e-05 -7.67536e-05 -7.90606e-05 -6.84837e-05 -5.9042e-05 -7.34247e-05 -9.95327e-05 -0.000136617 -0.000158132 -0.000223642 -0.000341668 -0.000502534 -0.000708477 -0.000977774 -0.00133437 -0.00182404 -0.00242063 -0.00315445 -0.00404608 -0.0051318 -0.00640702 -0.00788354 -0.00955421 -0.0113991 -0.0133751 -0.0154421 -0.0175032 -0.0194926 -0.0212685 -0.0227166 -0.0237591 -0.0243088 -0.0242588 -0.0235257 -0.0220853 -0.019962 -0.0171898 -0.013876 -0.0101288 -0.0060786 -0.00191202 0.00222554 0.00613424 0.00963227 0.0126333 0.015102 0.0169924 0.0183313 0.0191678 0.0195898 0.0196819 0.0195417 0.0192815 0.01893 0.0184278 0.017775 0.0169371 0.0158412 0.0144537 0.012775 0.0108354 0.00865455 0.00633543 0.00399234 0.00174967 -0.000310804 -0.00211849 -0.00354545 -0.00457246 -0.00520543 -0.00545763 -0.00540533 -0.00510427 -0.00460528 -0.00395867 -0.00326745 -0.00258317 -0.00191554 -0.00130145 -0.000738511 -0.000262382 0.000124451 0.000435961 0.000677549 0.000878138 0.00102589 0.00112394 0.00117531 0.00121622 0.00125257 0.001261 0.00127199 0.00125861 0.0012421 0.00124557 0.00125351 0.00123479 0.00120589 0.00121909 0.00121931 0.00121426 0.00120569 
0 4.87108e-05 7.78854e-05 0.000122738 0.000164747 0.000205699 0.000249137 0.000304582 0.000332184 0.000361494 0.000420633 0.00045627 0.000469762 0.000474197 0.000478572 0.000450848 0.00040119 0.000299116 0.000133851 -6.93677e-05 -0.000341968 -0.000713413 -0.00118687 -0.00174041 -0.00240161 -0.00314604 -0.00396143 -0.0048112 -0.00566111 -0.00644743 -0.00708662 -0.00749918 -0.0075992 -0.0073276 -0.00658062 -0.00535925 -0.00363873 -0.00145064 0.00111016 0.00392709 0.00689082 0.00986341 0.01268 0.0152518 0.0175031 0.0193691 0.0208365 0.0219392 0.0227222 0.0232454 0.0235052 0.0235866 0.0234494 0.0230034 0.0221647 0.0208625 0.0190304 0.0166156 0.0136314 0.0100927 0.00604668 0.00159805 -0.00308632 -0.00779695 -0.0123328 -0.0165524 -0.0202803 -0.0234298 -0.0258776 -0.0275728 -0.0284853 -0.0286153 -0.028051 -0.0269291 -0.0253148 -0.0233335 -0.0211022 -0.0187436 -0.0163693 -0.0140651 -0.011886 -0.0098999 -0.00813156 -0.006582 -0.00526443 -0.00416223 -0.00324921 -0.0024945 -0.0018804 -0.00141292 -0.00106642 -0.00079425 -0.000588883 -0.00042851 -0.000337556 -0.000283082 -0.000222464 -0.000174548 -0.000150519 -0.000144368 -0.000160444 -0.000145832 -0.000139756 -0.000163351 -0.000198773 -0.000240932 -0.000289174 -0.000366344 -0.000520982 -0.000728122 -0.000995689 -0.00134121 -0.00180332 -0.00240839 -0.00315304 -0.00405251 -0.00514644 -0.00645578 -0.00800346 -0.00978039 -0.0117653 -0.0139396 -0.0162375 -0.0185897 -0.0209356 -0.0231659 -0.0251305 -0.0267348 -0.0278435 -0.0283682 -0.0282109 -0.0272725 -0.0255415 -0.0230716 -0.0198841 -0.0160991 -0.0118178 -0.00722502 -0.00248016 0.00222686 0.00666886 0.0106774 0.0141633 0.0170486 0.0193223 0.0209915 0.0221124 0.0227571 0.0230296 0.0230428 0.0228684 0.022578 0.0221044 0.0214127 0.0204412 0.0191416 0.0174964 0.0154984 0.013146 0.0105201 0.00772088 0.00489909 0.00218572 -0.000305071 -0.00245508 -0.00417209 -0.00541133 -0.00619982 -0.00651529 -0.00644449 -0.00607279 -0.00547951 -0.00473464 -0.00392247 -0.00308974 -0.00227628 -0.00154056 -0.000890496 -0.000334561 0.000146987 0.000533492 0.000832048 0.00104735 0.00122038 0.00134775 0.00142471 0.00147578 0.00149425 0.0015125 0.00152458 0.00152184 0.00149021 0.00148582 0.00150176 0.00147977 0.00145524 0.00145249 0.00146558 0.00145783 0.00145004 
0 5.44952e-05 0.000103037 0.000155016 0.000204454 0.00024467 0.000304582 0.000366685 0.000395228 0.000423717 0.000481992 0.000530337 0.000541363 0.000544215 0.000541471 0.000514435 0.000456261 0.000334685 0.000148442 -8.80328e-05 -0.000401754 -0.000835806 -0.00138765 -0.00203234 -0.00279127 -0.00365514 -0.004608 -0.00560268 -0.0065766 -0.00747215 -0.00820385 -0.00868351 -0.00879927 -0.00845405 -0.00756676 -0.00612319 -0.00412252 -0.00156882 0.00143426 0.0047404 0.0082071 0.0116697 0.0149685 0.0179726 0.0205828 0.0227301 0.0243983 0.025606 0.0264037 0.0268604 0.0270114 0.0269045 0.0265264 0.0258022 0.0246512 0.0230086 0.0208077 0.0180094 0.0146085 0.0106367 0.00616335 0.00128479 -0.00383704 -0.00897268 -0.0139407 -0.0185726 -0.0226947 -0.0261922 -0.0289551 -0.0309172 -0.032035 -0.0323126 -0.0318325 -0.0307015 -0.0290213 -0.0269135 -0.0244998 -0.021932 -0.0193162 -0.0167387 -0.0142749 -0.0119917 -0.00992416 -0.00809958 -0.00653168 -0.00521622 -0.00412077 -0.00321716 -0.00247623 -0.00190373 -0.00146867 -0.00112324 -0.000849608 -0.000646849 -0.00051732 -0.000441471 -0.000372114 -0.000315816 -0.000284776 -0.000281924 -0.000285506 -0.00027098 -0.000262044 -0.000285205 -0.000333274 -0.000399299 -0.000471468 -0.000591052 -0.000786263 -0.00104779 -0.00138095 -0.00180855 -0.00236892 -0.0031025 -0.00400458 -0.00509713 -0.00641073 -0.00797304 -0.00978714 -0.0118444 -0.01412 -0.0165747 -0.0191436 -0.0217563 -0.0243171 -0.0267201 -0.0288126 -0.0304679 -0.0315751 -0.0320309 -0.0317243 -0.0305699 -0.0285636 -0.0257569 -0.022206 -0.0180296 -0.0133501 -0.00832847 -0.00315307 0.00199084 0.00687795 0.0113173 0.0152095 0.0184961 0.0211407 0.0231529 0.0245845 0.0255209 0.0260556 0.0262847 0.0262954 0.0261168 0.0256922 0.0249924 0.0239588 0.0225083 0.0206003 0.0182477 0.0155018 0.0124388 0.00917619 0.00586628 0.00267716 -0.000240797 -0.00275691 -0.00475562 -0.00621523 -0.0071421 -0.00753082 -0.00745708 -0.00702537 -0.00634199 -0.00548874 -0.00455203 -0.00358256 -0.00263507 -0.00178187 -0.0010355 -0.000391655 0.000165589 0.000620689 0.000961416 0.00121253 0.0014054 0.00155185 0.00165134 0.00171726 0.00174651 0.00175266 0.00177106 0.00178281 0.00176814 0.00175004 0.00174473 0.00173773 0.00172892 0.00172439 0.00170347 0.00169181 0.00170102 
0 5.60427e-05 0.000108724 0.000169427 0.000232535 0.000279735 0.000332184 0.000395228 0.000451296 0.000501317 0.00054884 0.000583864 0.000610561 0.00063773 0.000632927 0.000582057 0.000502446 0.000376773 0.000178762 -9.99197e-05 -0.00047538 -0.000973691 -0.00159344 -0.00232479 -0.00318594 -0.00417301 -0.0052596 -0.00638849 -0.00748743 -0.00848978 -0.00930912 -0.00984395 -0.00996638 -0.00955511 -0.00852489 -0.00685482 -0.00454963 -0.00162543 0.00181391 0.00561075 0.00959077 0.0135569 0.0173265 0.0207531 0.0237191 0.0261312 0.0279553 0.0292173 0.029983 0.0303229 0.0302835 0.0299119 0.0292136 0.0281389 0.026627 0.0246176 0.0220425 0.0188643 0.0150866 0.0107526 0.00593468 0.000732186 -0.00469773 -0.010143 -0.0154193 -0.0203519 -0.0247722 -0.0285536 -0.0315875 -0.0337988 -0.035137 -0.0355991 -0.0352543 -0.0341997 -0.0325365 -0.030383 -0.0278704 -0.0251494 -0.0223373 -0.0195305 -0.0168141 -0.0142619 -0.0119218 -0.00983057 -0.00801174 -0.00646762 -0.00517079 -0.00409278 -0.00320903 -0.00251642 -0.00198152 -0.00155526 -0.00121407 -0.000958341 -0.000788039 -0.000679903 -0.000590574 -0.000519051 -0.000477795 -0.000468925 -0.00046863 -0.000456534 -0.000451973 -0.000482196 -0.000545658 -0.000632826 -0.000737667 -0.000897337 -0.00114008 -0.00146523 -0.00187844 -0.00240574 -0.00308905 -0.00396664 -0.00504168 -0.0063339 -0.00787185 -0.00968005 -0.0117586 -0.0140894 -0.0166368 -0.019348 -0.0221469 -0.0249511 -0.0276594 -0.0301547 -0.0322871 -0.0339243 -0.0349547 -0.035275 -0.0347817 -0.0334029 -0.0311419 -0.0280546 -0.0242121 -0.0197289 -0.0147405 -0.0094119 -0.00392902 0.00152162 0.00672815 0.0115096 0.0157571 0.0194004 0.0223967 0.0247579 0.0265404 0.0278285 0.028704 0.0292391 0.0294981 0.0294988 0.0291982 0.0285522 0.0274851 0.0259025 0.0237576 0.0210719 0.0179232 0.0144162 0.010686 0.00689495 0.00323047 -0.000125357 -0.00301259 -0.00530821 -0.00698398 -0.00804547 -0.00850661 -0.0084461 -0.00797624 -0.00720712 -0.0062367 -0.00516898 -0.00407769 -0.00301925 -0.00204718 -0.00118247 -0.000436594 0.000190009 0.000695043 0.00108573 0.00139012 0.0016215 0.00177987 0.00188143 0.00195752 0.00200524 0.00201514 0.0020183 0.00202469 0.00202276 0.00200596 0.0019839 0.0019723 0.00197572 0.00197401 0.00194406 0.00193078 0.00195131 
0 6.32536e-05 0.000114689 0.000182127 0.000253861 0.00031757 0.000361494 0.000423717 0.000501317 0.000568539 0.000613195 0.000639419 0.000684435 0.000719688 0.000709445 0.000644481 0.000552638 0.000419574 0.000194891 -0.000130115 -0.000563567 -0.0011135 -0.00179732 -0.00262664 -0.00360312 -0.00470826 -0.00590552 -0.00714881 -0.00838033 -0.00950272 -0.0104089 -0.0109754 -0.0110778 -0.0105991 -0.00943326 -0.00754791 -0.00492342 -0.00161516 0.00226495 0.00654722 0.0110291 0.0154967 0.0197288 0.0235676 0.0268707 0.0295191 0.0314576 0.0327208 0.0333892 0.0335453 0.0332409 0.0325449 0.0314639 0.0299755 0.028051 0.0256419 0.022695 0.019163 0.015064 0.0104399 0.00535842 -6.6671e-05 -0.00567795 -0.0113074 -0.0167604 -0.0218809 -0.0265065 -0.0305084 -0.0337714 -0.036213 -0.0377807 -0.0384588 -0.0382964 -0.0373931 -0.0358254 -0.0337085 -0.0311853 -0.0283814 -0.0254343 -0.0224499 -0.0195162 -0.0167214 -0.0141321 -0.0117857 -0.00972344 -0.0079449 -0.00643482 -0.00515966 -0.0041121 -0.00327682 -0.00262552 -0.0021085 -0.00170103 -0.00138689 -0.00117441 -0.00102277 -0.000900422 -0.000802313 -0.000744167 -0.000720871 -0.000724684 -0.000721282 -0.000732154 -0.000777451 -0.000858185 -0.000961715 -0.00110292 -0.00130161 -0.00160262 -0.00200645 -0.0025207 -0.00316806 -0.00399481 -0.00502612 -0.00628371 -0.00778021 -0.00955099 -0.0116054 -0.0139472 -0.016538 -0.0193256 -0.0222499 -0.0252247 -0.0281487 -0.0309368 -0.033448 -0.0355376 -0.037084 -0.0379625 -0.0380835 -0.0373673 -0.0357558 -0.0332623 -0.0299494 -0.0258914 -0.0211982 -0.0160026 -0.0104868 -0.00481288 0.00082419 0.00622971 0.0112511 0.0157807 0.0197299 0.0230662 0.0257889 0.0279559 0.0296345 0.0309001 0.0318136 0.0323988 0.0326673 0.0325695 0.032032 0.0309602 0.0292687 0.0269185 0.0239381 0.020403 0.0164541 0.0122409 0.00796467 0.00383421 5.34341e-05 -0.00319565 -0.00580358 -0.00770639 -0.00891158 -0.00944592 -0.00940226 -0.00890139 -0.00805378 -0.00697655 -0.00578566 -0.0045754 -0.00340644 -0.0023132 -0.00133286 -0.000493181 0.000201184 0.000760181 0.00121349 0.00156409 0.00182661 0.00199897 0.00211071 0.00219572 0.00224992 0.00227681 0.00227107 0.00226523 0.00225894 0.00225562 0.00224257 0.00221695 0.00221004 0.00220661 0.00220305 0.00219177 0.0021937 
0 7.34715e-05 0.000142842 0.000203534 0.000282195 0.000350602 0.000420633 0.000481992 0.00054884 0.000613195 0.000663456 0.000715555 0.000748193 0.000764626 0.000742232 0.000692761 0.000598222 0.000434676 0.000180583 -0.000183262 -0.000654496 -0.00125517 -0.00200805 -0.00293769 -0.00402615 -0.00524436 -0.00654542 -0.00790942 -0.00926494 -0.0105085 -0.0114896 -0.0120765 -0.0121559 -0.0115878 -0.0102908 -0.00816605 -0.00522916 -0.00152731 0.00279408 0.00754554 0.012516 0.0174628 0.0221637 0.0263865 0.0299654 0.0327978 0.0348293 0.0360617 0.0365745 0.0364584 0.0358374 0.0347361 0.0332138 0.0312744 0.0288992 0.0260652 0.0227349 0.0188915 0.0145194 0.00967293 0.00443927 -0.00108779 -0.00677435 -0.0124475 -0.0179778 -0.0231891 -0.0279453 -0.0320893 -0.035533 -0.038179 -0.039966 -0.0408851 -0.0409733 -0.0402665 -0.0388749 -0.0368807 -0.0344059 -0.0316074 -0.0286038 -0.0254974 -0.0224062 -0.0194067 -0.0165752 -0.0139869 -0.0116711 -0.0096531 -0.00791855 -0.0064483 -0.00522655 -0.00424056 -0.00345496 -0.00283024 -0.00232301 -0.00194467 -0.00166444 -0.00146605 -0.00131691 -0.00119851 -0.00112227 -0.00109818 -0.00108148 -0.00108647 -0.00110432 -0.00115927 -0.001263 -0.00140606 -0.00158939 -0.00185913 -0.00222533 -0.00271707 -0.00333479 -0.00411218 -0.00508518 -0.00629136 -0.00774889 -0.0094763 -0.0114864 -0.0138003 -0.0163819 -0.0191954 -0.0221865 -0.0252635 -0.0283492 -0.0313504 -0.0341347 -0.0365838 -0.0385643 -0.0399216 -0.0405872 -0.040471 -0.0395037 -0.0376616 -0.0349646 -0.0314565 -0.0272447 -0.0224236 -0.0171521 -0.0115574 -0.00583103 -0.000133984 0.00537751 0.0105484 0.0152674 0.0194829 0.0231323 0.0262238 0.0287928 0.030908 0.0326154 0.0339448 0.0349453 0.0355539 0.0357141 0.0353278 0.0343107 0.0325664 0.0300477 0.0267936 0.0229174 0.0185349 0.0138505 0.00908759 0.00450112 0.000308991 -0.00332255 -0.00624136 -0.00839119 -0.00973462 -0.0103523 -0.0103308 -0.00979852 -0.00887986 -0.0077023 -0.00639779 -0.00506614 -0.00377679 -0.00257033 -0.00149287 -0.000568848 0.000191293 0.000821116 0.001324 0.00171481 0.00198828 0.00218417 0.00232968 0.00242286 0.0024828 0.00250797 0.00252801 0.00251939 0.00251006 0.00250649 0.00250215 0.00248809 0.00245565 0.00245349 0.00245742 0.00245843 0.00243547 
0 7.72184e-05 0.000154505 0.000228608 0.00028461 0.000370024 0.00045627 0.000530337 0.000583864 0.000639419 0.000715555 0.000776796 0.000809197 0.000799214 0.000785975 0.000745339 0.000628009 0.000432318 0.000150462 -0.000235018 -0.000757999 -0.00142717 -0.00225924 -0.00327583 -0.00445418 -0.00578107 -0.00721472 -0.0086992 -0.0101689 -0.0114917 -0.0125416 -0.0131587 -0.0132099 -0.0125626 -0.0110927 -0.00873075 -0.0054528 -0.00137727 0.00336375 0.00858686 0.0140485 0.0194818 0.0245952 0.0291592 0.032993 0.035966 0.0380114 0.0391567 0.0394718 0.0390451 0.037987 0.0364237 0.034413 0.0319862 0.0291548 0.0258949 0.0221938 0.0180361 0.0134535 0.0084872 0.00318221 -0.00235378 -0.0079938 -0.0136479 -0.0191413 -0.0243451 -0.0291309 -0.0333601 -0.036927 -0.0397433 -0.0417538 -0.0429316 -0.0432816 -0.0428628 -0.0417089 -0.0399025 -0.0375781 -0.0348351 -0.0318279 -0.0286751 -0.0254691 -0.0223106 -0.0192909 -0.0164682 -0.013911 -0.0116425 -0.0096744 -0.0079864 -0.0065851 -0.00543065 -0.00449683 -0.00374205 -0.00313509 -0.0026582 -0.00231306 -0.00205366 -0.00186719 -0.00172744 -0.00164033 -0.0015907 -0.00157474 -0.00157345 -0.00160122 -0.00167436 -0.00180779 -0.00198687 -0.00224422 -0.00257997 -0.0030321 -0.00361909 -0.00435501 -0.00527085 -0.00641986 -0.00781653 -0.00949707 -0.0114597 -0.0137201 -0.0162593 -0.0190641 -0.0220745 -0.0252157 -0.0284136 -0.031567 -0.0345493 -0.0372721 -0.0395767 -0.0413415 -0.0424713 -0.0428634 -0.0424649 -0.0412428 -0.03918 -0.0362971 -0.0326564 -0.028357 -0.0234986 -0.0182171 -0.0126799 -0.0069975 -0.00133817 0.00416077 0.00939633 0.0142608 0.018666 0.0225891 0.0260299 0.0290274 0.031603 0.0337959 0.0356295 0.0370671 0.0380743 0.0385741 0.0384252 0.0375008 0.0357364 0.0331091 0.0296437 0.0254186 0.0206235 0.0154856 0.0102763 0.00523913 0.000607138 -0.00339581 -0.00664229 -0.00901601 -0.0105192 -0.0112239 -0.0112367 -0.0106891 -0.00970417 -0.00844011 -0.00702315 -0.00557134 -0.00416637 -0.00285334 -0.00168516 -0.000670221 0.000181907 0.000871027 0.00142416 0.00184103 0.00215295 0.00237864 0.00254547 0.00265191 0.00270027 0.00274001 0.00275843 0.00276998 0.00275525 0.00273829 0.00273453 0.00272732 0.0027171 0.00269115 0.00269822 0.00269637 0.00268758 
0 6.763e-05 0.000159411 0.000233372 0.000303369 0.000377264 0.000469762 0.000541363 0.000610561 0.000684435 0.000748193 0.000809197 0.000836719 0.0008464 0.000830321 0.000774245 0.000629239 0.000407326 0.000111197 -0.000312941 -0.000892335 -0.00163773 -0.0025536 -0.00365186 -0.00491169 -0.00634879 -0.00790838 -0.00952191 -0.0110743 -0.01247 -0.0135694 -0.0142113 -0.0142426 -0.0134778 -0.0118413 -0.00921973 -0.00564608 -0.00119213 0.00398564 0.00966726 0.0155882 0.0214535 0.0269822 0.0318595 0.035873 0.0389246 0.0409548 0.0419465 0.041971 0.041132 0.0396357 0.0375569 0.0350257 0.0321002 0.0287917 0.0251062 0.021059 0.0166725 0.0119329 0.00688623 0.0015963 -0.00386769 -0.00940665 -0.0149042 -0.0202769 -0.0253777 -0.0301197 -0.0343519 -0.0380046 -0.0409697 -0.0431853 -0.044629 -0.0452966 -0.045165 -0.0443138 -0.0427774 -0.0406478 -0.0380601 -0.0351323 -0.0319701 -0.028712 -0.025437 -0.0222455 -0.0192413 -0.0164627 -0.0139612 -0.0117529 -0.00983593 -0.00821484 -0.00686654 -0.00575965 -0.00487253 -0.00414969 -0.00359699 -0.00316386 -0.00283485 -0.00259487 -0.0024126 -0.00228922 -0.00223275 -0.00219727 -0.00221935 -0.00227192 -0.00237097 -0.00253543 -0.00276138 -0.00306581 -0.00348766 -0.00402797 -0.00473855 -0.00562027 -0.00671493 -0.00805062 -0.00965134 -0.0115488 -0.0137464 -0.0162331 -0.0190113 -0.0220121 -0.0251806 -0.0284457 -0.031687 -0.0348248 -0.03775 -0.040316 -0.0424064 -0.0439211 -0.0447298 -0.0448119 -0.0441143 -0.0426184 -0.0403418 -0.0373183 -0.0335852 -0.0292717 -0.0244589 -0.0193002 -0.0138717 -0.00832605 -0.00278786 0.00264327 0.00785114 0.0127388 0.017288 0.0214538 0.0252395 0.0286449 0.0316927 0.0343897 0.0367268 0.0387068 0.0401891 0.0410748 0.0411965 0.0404495 0.0387457 0.0360351 0.03236 0.0278583 0.0226922 0.0171388 0.0114742 0.00599481 0.000959886 -0.00342009 -0.00696167 -0.00958718 -0.0112507 -0.0120704 -0.0121249 -0.0115595 -0.0105293 -0.00918863 -0.00767649 -0.00610785 -0.00458591 -0.00316872 -0.00190782 -0.000797186 0.000141419 0.000903666 0.00148872 0.00195032 0.00230264 0.00256604 0.00274368 0.00284272 0.00291616 0.00295878 0.00298475 0.00298432 0.00298723 0.00297011 0.00294796 0.00295599 0.00295398 0.00294244 0.00292272 0.00293049 0.00293954 
0 7.05227e-05 0.000156553 0.000247461 0.000323324 0.000408496 0.000474197 0.000544215 0.00063773 0.000719688 0.000764626 0.000799214 0.0008464 0.000856634 0.000824014 0.000743478 0.000586589 0.000352087 1.94086e-05 -0.000447584 -0.00107443 -0.00187461 -0.00286503 -0.00405525 -0.00541131 -0.00694867 -0.00862434 -0.0103395 -0.0119978 -0.0134667 -0.0146196 -0.0152687 -0.0152411 -0.0143654 -0.0125332 -0.00967602 -0.00577935 -0.000960637 0.00463411 0.0107669 0.0171199 0.0233709 0.0292089 0.034342 0.0385327 0.0416178 0.043523 0.0442822 0.0439789 0.0427298 0.0407156 0.0381074 0.0350298 0.0315767 0.0278016 0.0237178 0.0193599 0.0147584 0.00993403 0.00491163 -0.000298508 -0.00561921 -0.0109593 -0.0162735 -0.0214325 -0.0263497 -0.030965 -0.0351604 -0.0388481 -0.0419305 -0.0443404 -0.0460396 -0.0469964 -0.0472167 -0.0467025 -0.045487 -0.0436527 -0.0412676 -0.038471 -0.0353864 -0.0321211 -0.028786 -0.0254901 -0.0223158 -0.0193363 -0.0166019 -0.0141508 -0.0119958 -0.0101602 -0.00860436 -0.0073134 -0.00626504 -0.00541583 -0.00474406 -0.00422085 -0.00380788 -0.00350871 -0.00328665 -0.00313831 -0.00305035 -0.00301408 -0.00303782 -0.00311277 -0.00324259 -0.00344881 -0.00372559 -0.00411744 -0.00462839 -0.00528132 -0.0061193 -0.00715926 -0.00843356 -0.00998092 -0.0118043 -0.0139378 -0.0163709 -0.0190892 -0.0220541 -0.0252207 -0.0285137 -0.0318337 -0.0350835 -0.0381545 -0.0409152 -0.0432687 -0.0450769 -0.0462556 -0.0467458 -0.0464913 -0.0454751 -0.0437105 -0.0412332 -0.0380822 -0.0343201 -0.0300598 -0.0253734 -0.0203717 -0.0151637 -0.00982158 -0.00448129 0.000769313 0.0058736 0.0107567 0.0153848 0.0197485 0.0238422 0.0276569 0.0311662 0.0343755 0.0372752 0.0397743 0.0417581 0.0430966 0.043583 0.0430519 0.0414357 0.0387183 0.0349324 0.0301859 0.0247002 0.0187637 0.0126859 0.00677021 0.00131963 -0.00339758 -0.00724542 -0.0101087 -0.0119746 -0.0129128 -0.0130067 -0.0124215 -0.0113396 -0.00994368 -0.00834253 -0.0066672 -0.00503109 -0.00350534 -0.0021511 -0.000964378 4.43151e-05 0.000868229 0.00152164 0.0020212 0.00240598 0.00269273 0.00288926 0.0030102 0.00309645 0.00316781 0.00318091 0.00318443 0.00319945 0.00320048 0.00317944 0.00317014 0.00318413 0.00317124 0.00316845 0.00316861 0.00317951 
0 7.76557e-05 0.000162921 0.000240651 0.00032575 0.000411001 0.000478572 0.000541471 0.000632927 0.000709445 0.000742232 0.000785975 0.000830321 0.000824014 0.000764661 0.000677062 0.000515089 0.00025255 -0.000121612 -0.00063976 -0.00131833 -0.00217196 -0.0032327 -0.00451755 -0.00598273 -0.00762458 -0.00938947 -0.0112043 -0.0129485 -0.0144916 -0.015675 -0.0163134 -0.016226 -0.0152141 -0.0131982 -0.0100855 -0.00589491 -0.000717884 0.00527806 0.01182 0.0185586 0.0251449 0.0312706 0.0365953 0.0408532 0.0438995 0.045657 0.0461314 0.0454278 0.0436953 0.0411751 0.0380095 0.0343808 0.0304209 0.0261966 0.021747 0.0171272 0.0123819 0.00750923 0.00253719 -0.00251624 -0.00761754 -0.0127119 -0.0177454 -0.0226531 -0.0273422 -0.0317811 -0.0358658 -0.0395386 -0.0426978 -0.0452777 -0.0472313 -0.0485102 -0.0490595 -0.0489057 -0.0480488 -0.0465336 -0.044439 -0.0418671 -0.0389186 -0.0357261 -0.0323791 -0.028995 -0.0256919 -0.0225293 -0.0195827 -0.0169057 -0.014523 -0.0124596 -0.0106875 -0.00918829 -0.00795981 -0.0069519 -0.006154 -0.00551337 -0.00501166 -0.00464953 -0.00438642 -0.00420447 -0.00409783 -0.00403926 -0.00406947 -0.00416222 -0.00432394 -0.00457777 -0.00492992 -0.00541249 -0.00604285 -0.00682161 -0.00780844 -0.00901659 -0.0104899 -0.0122493 -0.0143 -0.0166729 -0.0193466 -0.0222781 -0.0254318 -0.0287203 -0.0320725 -0.0353977 -0.0385679 -0.0414949 -0.0440606 -0.0461342 -0.047612 -0.0484351 -0.0485395 -0.0479336 -0.0466082 -0.0445929 -0.0419432 -0.0387128 -0.0349526 -0.0307861 -0.0262775 -0.021534 -0.0165907 -0.011534 -0.00645846 -0.00141704 0.003533 0.00833312 0.0129958 0.0175087 0.0218643 0.0260335 0.0299954 0.0337269 0.0371758 0.0402534 0.0427669 0.0445673 0.045436 0.0452143 0.0437906 0.0411094 0.0372275 0.0323072 0.0265647 0.0203083 0.013847 0.00753141 0.00170708 -0.00335763 -0.00749681 -0.0106155 -0.0126596 -0.0137243 -0.013883 -0.0133042 -0.0121916 -0.0107299 -0.00904905 -0.00727619 -0.00553974 -0.00391078 -0.0024514 -0.00117817 -0.000111574 0.000774176 0.0014986 0.00205973 0.00245904 0.00275919 0.00299223 0.00314538 0.00325048 0.00331913 0.00334821 0.00335782 0.00338628 0.00339968 0.00338794 0.00338484 0.00338439 0.0033864 0.00339945 0.00341211 0.00340507 
0 7.64544e-05 0.000153875 0.000216689 0.000280663 0.000369198 0.000450848 0.000514435 0.000582057 0.000644481 0.000692761 0.000745339 0.000774245 0.000743478 0.000677062 0.000577013 0.000383661 8.68818e-05 -0.000319029 -0.000889322 -0.00164068 -0.002563 -0.00368912 -0.00506018 -0.00663245 -0.00837594 -0.0102384 -0.0121382 -0.0139601 -0.0155553 -0.0167607 -0.0173747 -0.017208 -0.0160722 -0.0138634 -0.0104976 -0.00599727 -0.000488807 0.00585943 0.0127696 0.0198568 0.0267314 0.0330599 0.0385014 0.0427812 0.045723 0.0472426 0.0473732 0.0462421 0.0440218 0.040954 0.0372339 0.033062 0.0286092 0.0239793 0.0192233 0.0143955 0.00954632 0.00468327 -0.000176039 -0.00503892 -0.00988449 -0.0146842 -0.0194197 -0.0240211 -0.0284282 -0.0326359 -0.0365711 -0.0401804 -0.0433783 -0.0460952 -0.0482728 -0.0498409 -0.0507424 -0.0509655 -0.0504999 -0.0493622 -0.0475922 -0.0452809 -0.0425312 -0.0394576 -0.0361633 -0.0327667 -0.0293808 -0.0260782 -0.0229419 -0.02004 -0.0174205 -0.015118 -0.0131098 -0.0113915 -0.0099687 -0.00879846 -0.00785826 -0.00709506 -0.0064874 -0.00604172 -0.00571784 -0.00549201 -0.00535269 -0.00528707 -0.00532899 -0.00545408 -0.00565987 -0.00596938 -0.00639596 -0.00697957 -0.00773009 -0.00865199 -0.0098048 -0.0112107 -0.0129047 -0.0149003 -0.0171912 -0.0197955 -0.0226842 -0.0257996 -0.0290841 -0.0324551 -0.035834 -0.039113 -0.0421689 -0.0448975 -0.0471818 -0.0489159 -0.0500124 -0.0504351 -0.0501674 -0.0492172 -0.0475961 -0.0453529 -0.042564 -0.03929 -0.0355927 -0.0315786 -0.0272973 -0.0228246 -0.0181964 -0.0134611 -0.00869696 -0.0039338 0.000812938 0.00550549 0.0101521 0.0147511 0.0193075 0.023797 0.0281833 0.0324273 0.0364425 0.0400702 0.0431164 0.0454166 0.0467328 0.0468581 0.0456632 0.0430947 0.0392069 0.0341638 0.0282125 0.0216857 0.0149133 0.00825238 0.00207114 -0.00332585 -0.00776438 -0.0111192 -0.0133411 -0.0145225 -0.0147667 -0.0142342 -0.0131061 -0.0115795 -0.00981161 -0.0079566 -0.00613471 -0.0044143 -0.0028501 -0.00147236 -0.000323622 0.000617582 0.0013997 0.00202157 0.0024674 0.00279473 0.00305468 0.0032358 0.0033492 0.00342566 0.00346963 0.00349907 0.0035247 0.0035336 0.00353922 0.00355479 0.00356011 0.00355907 0.00359259 0.00362191 0.00362219 
0 6.42046e-05 0.00013979 0.000201083 0.000246302 0.000322925 0.00040119 0.000456261 0.000502446 0.000552638 0.000598222 0.000628009 0.000629239 0.000586589 0.000515089 0.000383661 0.000147189 -0.000181098 -0.000618301 -0.00123813 -0.00205455 -0.00304599 -0.00425027 -0.00570712 -0.00737108 -0.0092064 -0.0111645 -0.0131463 -0.0150364 -0.0166784 -0.0178914 -0.0184579 -0.0181945 -0.0169332 -0.0145422 -0.010938 -0.00614461 -0.000319105 0.00634534 0.0135513 0.0209021 0.0279976 0.0344699 0.0399565 0.0441725 0.0469388 0.0481718 0.0479165 0.0463216 0.0436023 0.0400095 0.0357675 0.0310862 0.0261739 0.0211748 0.0161622 0.0111968 0.00631292 0.00150598 -0.00321644 -0.00786241 -0.0124207 -0.0168861 -0.021273 -0.0255305 -0.029632 -0.0335824 -0.037337 -0.0408476 -0.0440447 -0.0468615 -0.0492314 -0.0510627 -0.0522917 -0.0528837 -0.0528192 -0.0520882 -0.0506961 -0.0487098 -0.0462191 -0.0433238 -0.0401334 -0.0367705 -0.0333477 -0.0299479 -0.0266558 -0.0235538 -0.0207072 -0.0181618 -0.0159081 -0.0139579 -0.0123245 -0.0109764 -0.00987733 -0.00897606 -0.00824939 -0.00770747 -0.007312 -0.00703514 -0.00685984 -0.00678713 -0.00684197 -0.00700394 -0.00726085 -0.00763542 -0.0081484 -0.00884412 -0.00972774 -0.0108109 -0.0121487 -0.0137721 -0.0157026 -0.0179399 -0.0204658 -0.0232876 -0.0263684 -0.0296403 -0.0330252 -0.036438 -0.0397897 -0.0429614 -0.0458306 -0.0482918 -0.0502406 -0.0515959 -0.0522911 -0.0523119 -0.0516734 -0.0503906 -0.0484953 -0.0460524 -0.0431561 -0.0398779 -0.0362841 -0.0324603 -0.0284487 -0.0242895 -0.0200075 -0.0156243 -0.0111994 -0.00673995 -0.00223597 0.0022989 0.00688142 0.0115251 0.0162371 0.0209984 0.0257586 0.0304606 0.0349966 0.0391654 0.0427567 0.0455691 0.0473467 0.0478528 0.0469399 0.0445459 0.0407249 0.035644 0.0295655 0.0228265 0.0157909 0.00884168 0.00236084 -0.00333411 -0.0080522 -0.011637 -0.0140419 -0.0153484 -0.0156801 -0.0151958 -0.014065 -0.0124876 -0.0106476 -0.00871795 -0.00680929 -0.00499659 -0.00334335 -0.00187922 -0.000640163 0.000370136 0.00119433 0.00185614 0.00236483 0.00274671 0.00302758 0.00321892 0.00335361 0.00346511 0.00353519 0.00358431 0.00361759 0.00363344 0.00365665 0.00369625 0.00372206 0.00372134 0.00375522 0.0037948 0.00381922 
0 3.80496e-05 0.00010301 0.000157987 0.000201679 0.000248451 0.000299116 0.000334685 0.000376773 0.000419574 0.000434676 0.000432318 0.000407326 0.000352087 0.00025255 8.68818e-05 -0.000181098 -0.000555665 -0.00105096 -0.00171766 -0.0025779 -0.00364166 -0.00494654 -0.00649093 -0.00823339 -0.0101553 -0.0121978 -0.0142625 -0.0162094 -0.0178933 -0.0190944 -0.0196012 -0.0192412 -0.0178383 -0.0152705 -0.0114328 -0.00638099 -0.000267958 0.00666567 0.0140981 0.0216388 0.0288741 0.035412 0.0408615 0.0449266 0.0474498 0.0483609 0.0477007 0.0456423 0.0424216 0.0383324 0.0335885 0.0284467 0.0231418 0.01783 0.0126111 0.0075528 0.00267994 -0.00203103 -0.00658249 -0.0109701 -0.0152124 -0.0193344 -0.0233442 -0.0272559 -0.0310406 -0.0347154 -0.0382567 -0.0416326 -0.044783 -0.0476554 -0.0501741 -0.0522438 -0.0537614 -0.0547079 -0.0550385 -0.0547111 -0.0537304 -0.0521203 -0.0499404 -0.047296 -0.0442693 -0.0409828 -0.0375687 -0.0341003 -0.0306814 -0.0274108 -0.0243636 -0.0215904 -0.0191016 -0.0169084 -0.015045 -0.0134871 -0.0122046 -0.0111415 -0.0102889 -0.00964576 -0.00918035 -0.00884931 -0.00864068 -0.00854991 -0.00861242 -0.00880231 -0.00911282 -0.00956162 -0.010186 -0.0110154 -0.0120604 -0.0133225 -0.0148597 -0.0166998 -0.0188679 -0.0213414 -0.0240973 -0.0271309 -0.0303914 -0.0337855 -0.0372364 -0.0406323 -0.0438874 -0.0468961 -0.0495143 -0.0516549 -0.053241 -0.0541867 -0.0544696 -0.0541018 -0.0530966 -0.05151 -0.0493765 -0.0467795 -0.0438221 -0.0405886 -0.0371332 -0.0335211 -0.0297869 -0.0259692 -0.0220439 -0.0180496 -0.0139989 -0.00986099 -0.00561728 -0.00126561 0.00322292 0.00786533 0.0126807 0.0176518 0.0227394 0.0278543 0.0328495 0.0375343 0.0416491 0.0449685 0.0472054 0.0481155 0.0475315 0.0453775 0.0417008 0.0366677 0.0305334 0.023658 0.0164219 0.00924499 0.00252276 -0.00343962 -0.00840178 -0.0122113 -0.0147953 -0.0162448 -0.0166645 -0.0162138 -0.015091 -0.0134887 -0.0116054 -0.00960127 -0.00760151 -0.00569366 -0.00395741 -0.00242712 -0.00111063 -8.77643e-06 0.000879326 0.00158159 0.00213476 0.00257641 0.00289689 0.00310681 0.00327694 0.00342013 0.00351785 0.00357568 0.00363537 0.00367803 0.00371073 0.00376473 0.00380959 0.00384035 0.00387371 0.00392781 0.0039785 
