0 0 0 0 0 0 0 0 0 0 0 0 0 0 0 0 0 0 0 0 0 0 0 0 0 0 0 0 0 0 0 0 0 0 0 0 0 0 0 0 0 0 0 0 0 0 0 0 0 0 0 0 0 0 0 0 0 0 0 0 0 0 0 0 0 0 0 0 0 0 0 0 0 0 0 0 0 0 0 0 0 0 0 0 0 0 0 0 0 0 0 0 0 0 0 0 0 0 0 0 0 0 0 0 0 0 0 0 0 0 0 0 0 0 0 0 0 0 0 0 0 0 0 0 0 0 0 0 0 0 0 0 0 0 0 0 0 0 0 0 0 0 0 0 0 0 0 0 0 0 0 0 0 0 0 0 0 0 0 0 0 0 0 0 0 0 0 0 0 0 0 0 0 0 0 0 0 0 0 0 0 0 0 0 0 0 0 0 0 0 0 0 0 0 0 0 0 0 0 0 
0 -2.42364e-06 9.7982e-06 2.1697e-05 2.36603e-05 2.21351e-05 2.9343e-05 4.19521e-05 5.4851e-05 5.3886e-05 4.63809e-05 5.62353e-05 6.96258e-05 6.58339e-05 4.20169e-05 2.56358e-05 1.18889e-05 -1.00725e-05 -5.5332e-05 -0.000131192 -0.000204599 -0.000277311 -0.000369549 -0.000506948 -0.000655986 -0.000796794 -0.000933542 -0.00106849 -0.00120892 -0.00131859 -0.00137539 -0.00136332 -0.00129054 -0.00115042 -0.000929554 -0.000622428 -0.00024686 0.000161693 0.000591255 0.00103207 0.00145341 0.00182253 0.00213028 0.00236656 0.00254831 0.00268269 0.00277997 0.0028574 0.00293096 0.00302386 0.0031605 0.00333949 0.00353364 0.00371379 0.00385835 0.00394495 0.00395302 0.00386667 0.00364445 0.00326903 0.00273133 0.00205536 0.00127353 0.00040606 -0.000497943 -0.00141126 -0.00231741 -0.00315458 -0.00388253 -0.0044692 -0.00489033 -0.0051518 -0.00525181 -0.00520802 -0.00503825 -0.00476197 -0.00440294 -0.00397823 -0.00352001 -0.00305853 -0.00260119 -0.00217574 -0.00179754 -0.00146663 -0.00118313 -0.000940365 -0.000730415 -0.000561966 -0.000428031 -0.000315233 -0.000229049 -0.000166923 -0.000120462 -9.31858e-05 -6.87603e-05 -4.73474e-05 -3.77774e-05 -2.67451e-05 -1.94811e-05 -1.76357e-05 -1.40701e-05 -2.12956e-05 -2.81152e-05 -2.88517e-05 -3.47519e-05 -4.09256e-05 -5.44035e-05 -7.88763e-05 -0.00010655 -0.000152331 -0.000222108 -0.000310689 -0.000419772 -0.000552319 -0.000713947 -0.000918876 -0.00116534 -0.00144685 -0.00177603 -0.00215943 -0.00258304 -0.00303987 -0.00350295 -0.00395393 -0.0043773 -0.00473912 -0.00501267 -0.00517847 -0.0052148 -0.00510584 -0.00483426 -0.00441017 -0.00382847 -0.00309963 -0.00226608 -0.00135518 -0.000418872 0.000496159 0.00136857 0.00215484 0.00282574 0.00336219 0.00373978 0.00396216 0.00403871 0.00400812 0.00389606 0.00371606 0.0034985 0.00328149 0.00308363 0.00292629 0.00282254 0.00275107 0.0026751 0.00258493 0.00248412 0.00235063 0.00215579 0.00187594 0.00153085 0.00114627 0.000742512 0.000338851 -5.06858e-05 -0.000421252 -0.000732841 -0.000958436 -0.00109972 -0.00117041 -0.00118632 -0.00114429 -0.00105682 -0.000925387 -0.000785356 -0.000644824 -0.000506333 -0.000372348 -0.000243478 -0.000141351 -5.40911e-05 2.35187e-05 9.0887e-05 0.000130209 0.000155361 0.000186545 0.000213498 0.00022655 0.000220395 0.000213701 0.000225665 0.00024196 0.000231075 0.000208987 0.00021541 0.000235932 0.000232363 0.000215422 0.000214105 0.000230347 
0 9.7982e-06 2.78016e-05 4.32433e-05 5.41185e-05 6.87836e-05 7.74772e-05 8.43378e-05 0.000103306 0.000114632 0.000110308 0.000109393 0.000119614 0.000111362 8.95241e-05 6.07562e-05 1.36517e-05 -4.16296e-05 -0.000124471 -0.000242096 -0.000397376 -0.000560688 -0.000765189 -0.00102201 -0.00129379 -0.00158507 -0.00187214 -0.00216634 -0.00242427 -0.00262741 -0.00272946 -0.00271197 -0.00257734 -0.00228561 -0.00184004 -0.00122259 -0.000479686 0.000337706 0.00119962 0.00206871 0.00289112 0.0036393 0.00426866 0.00475446 0.00509395 0.00535968 0.00556757 0.00572256 0.00587797 0.00606292 0.00634031 0.00666529 0.00702439 0.00737346 0.00764981 0.00780625 0.00782417 0.00762976 0.00716837 0.00640484 0.00535276 0.00402898 0.00248962 0.000795684 -0.0010026 -0.00282498 -0.00460996 -0.00625843 -0.00769105 -0.0088304 -0.00966763 -0.0101909 -0.0104105 -0.0103281 -0.0100093 -0.00946888 -0.0087583 -0.00792879 -0.00704093 -0.00611878 -0.00523145 -0.00438178 -0.00361593 -0.00295801 -0.00238473 -0.00188697 -0.00148352 -0.00114167 -0.000877367 -0.000660872 -0.000479598 -0.000347341 -0.000252248 -0.000179734 -0.000130544 -9.10498e-05 -7.26607e-05 -6.31901e-05 -5.62299e-05 -4.76417e-05 -4.19966e-05 -4.4531e-05 -4.71995e-05 -5.07182e-05 -6.09786e-05 -7.84054e-05 -0.000122197 -0.000170489 -0.000233085 -0.000328849 -0.000456109 -0.000632139 -0.000853525 -0.00110626 -0.00144635 -0.00186081 -0.00235293 -0.00293104 -0.00358896 -0.00433797 -0.00519136 -0.00607959 -0.00699215 -0.00788571 -0.0087131 -0.00941343 -0.00995272 -0.0102627 -0.0103328 -0.0101118 -0.00958448 -0.00873304 -0.00757699 -0.00613315 -0.00447308 -0.00267725 -0.000856296 0.000949824 0.00266216 0.00420934 0.00554707 0.00661183 0.00736453 0.00780382 0.00798149 0.00793747 0.00772444 0.00739022 0.00698248 0.00655253 0.00617769 0.00586241 0.00564958 0.00548569 0.0053496 0.00520057 0.00498684 0.00469631 0.00429057 0.003752 0.00308373 0.00231994 0.00150441 0.000684554 -0.000106947 -0.00083266 -0.00144799 -0.00188923 -0.00219204 -0.0023488 -0.0023762 -0.00228758 -0.00209627 -0.00185025 -0.00156821 -0.00129275 -0.00100815 -0.000736719 -0.000485292 -0.000277889 -0.000116217 3.44049e-05 0.000161209 0.000252388 0.000312507 0.000363148 0.000399877 0.000430442 0.000450378 0.000451222 0.000454176 0.000470751 0.00047238 0.000458516 0.000460791 0.000466272 0.000460225 0.000452738 0.000453444 0.000450514 
0 2.1697e-05 4.32433e-05 5.28903e-05 7.24537e-05 0.000102869 0.000122399 0.000121542 0.000141194 0.000168078 0.000174116 0.00017653 0.00016899 0.000158195 0.000136406 0.000106833 2.57654e-05 -8.02738e-05 -0.00019186 -0.000358886 -0.000575345 -0.000849619 -0.00116098 -0.00153148 -0.00192544 -0.00235687 -0.00282007 -0.00325102 -0.00363559 -0.0039211 -0.00408763 -0.00407756 -0.00386761 -0.00342705 -0.00274755 -0.00183275 -0.000721924 0.000504681 0.00180209 0.00311813 0.00436369 0.00546592 0.0064081 0.00714907 0.00770715 0.0080998 0.00837807 0.00861561 0.00886168 0.0091531 0.00952876 0.00998365 0.0104751 0.0109486 0.0113377 0.0115534 0.0115186 0.0111876 0.0104698 0.00933745 0.00777383 0.00583 0.00357581 0.00106328 -0.00156935 -0.00422587 -0.00684121 -0.00924646 -0.0113368 -0.0130314 -0.0142704 -0.0150639 -0.0154017 -0.0153207 -0.0148668 -0.0140937 -0.013072 -0.0118594 -0.0105475 -0.00921704 -0.00789269 -0.00664634 -0.00552215 -0.00452642 -0.00366234 -0.00291963 -0.00228438 -0.00177725 -0.00137588 -0.00103826 -0.000771824 -0.000570123 -0.000412743 -0.000310869 -0.000226328 -0.000161575 -0.000137786 -0.000116567 -0.000103385 -9.76182e-05 -8.06197e-05 -8.79834e-05 -9.62343e-05 -9.62031e-05 -0.000118481 -0.000151087 -0.000208883 -0.000296137 -0.00039017 -0.000530108 -0.000734719 -0.000998508 -0.00133023 -0.00173949 -0.00224272 -0.00287281 -0.00362213 -0.00447366 -0.00545708 -0.00658928 -0.00783328 -0.00916192 -0.0105002 -0.0117928 -0.0129921 -0.0140081 -0.0147693 -0.0152193 -0.0152967 -0.0149516 -0.0141371 -0.0128794 -0.0111734 -0.00905538 -0.00664481 -0.00402303 -0.0013306 0.00130946 0.00382933 0.00610571 0.0080562 0.00962998 0.0107652 0.0114673 0.0117545 0.0117238 0.0114494 0.0109816 0.0104095 0.00983103 0.00928831 0.00883126 0.0085083 0.00828706 0.00808139 0.00783943 0.00752973 0.00708532 0.00646024 0.00562705 0.00463208 0.00350255 0.00226945 0.00101317 -0.000174237 -0.00125397 -0.00215088 -0.00282951 -0.0032911 -0.00352898 -0.00356119 -0.00340789 -0.00314121 -0.00277222 -0.00236368 -0.00192987 -0.00150179 -0.00110613 -0.000733855 -0.000424381 -0.000160748 5.47464e-05 0.000237964 0.000373983 0.000480957 0.000560876 0.000596347 0.000634175 0.000678017 0.000694154 0.00068254 0.000683385 0.000694659 0.000699241 0.000696717 0.00068135 0.00067056 0.000688919 0.000695884 0.000670319 
0 2.36603e-05 5.41185e-05 7.24537e-05 8.71577e-05 0.000123581 0.000155883 0.000169029 0.000187303 0.000208961 0.000227572 0.000241115 0.000240276 0.00020708 0.000178386 0.000142834 4.31491e-05 -9.68558e-05 -0.000266664 -0.000480037 -0.00077753 -0.00112901 -0.00155271 -0.00204426 -0.00256705 -0.00315376 -0.00375237 -0.00433119 -0.00481766 -0.00520808 -0.00543858 -0.00543387 -0.00515154 -0.00453876 -0.00363818 -0.00243871 -0.00098473 0.000660552 0.00242215 0.00418414 0.00582512 0.0073053 0.00857763 0.00959795 0.0103361 0.0108805 0.0112727 0.0115652 0.01187 0.0122316 0.0127218 0.0132669 0.0138539 0.0144233 0.0148624 0.015064 0.014971 0.0144668 0.0134723 0.011944 0.00990178 0.00737141 0.00444077 0.00121664 -0.0021884 -0.00562053 -0.00896472 -0.0120563 -0.014765 -0.016962 -0.0186139 -0.0196854 -0.0201778 -0.0200957 -0.0195458 -0.018571 -0.0172694 -0.0157363 -0.0140776 -0.012342 -0.0106414 -0.00899978 -0.0075021 -0.00619313 -0.00504112 -0.00403431 -0.00320183 -0.00249809 -0.00194249 -0.00148558 -0.00110882 -0.000832585 -0.00063404 -0.000484646 -0.000376251 -0.000286317 -0.00023388 -0.000200151 -0.000176348 -0.000157116 -0.000149258 -0.000161615 -0.00017752 -0.000193616 -0.000219063 -0.0002569 -0.000341623 -0.000445634 -0.000585398 -0.00079399 -0.00107148 -0.00144325 -0.00190436 -0.00243683 -0.00312933 -0.00397074 -0.00496748 -0.00612934 -0.00744376 -0.00892053 -0.0105647 -0.0122615 -0.0139805 -0.015647 -0.0171792 -0.0184677 -0.0194383 -0.0199686 -0.0200206 -0.0195111 -0.0184243 -0.0167535 -0.0145416 -0.0118238 -0.00871526 -0.00534541 -0.00189742 0.00153655 0.0048009 0.00774741 0.0102911 0.0123437 0.0138536 0.0148145 0.0152852 0.0153171 0.0150005 0.0144401 0.0137506 0.0130365 0.0124063 0.011855 0.0114459 0.0111184 0.0108496 0.0105589 0.0101262 0.00950091 0.00863395 0.00752548 0.0061909 0.00466641 0.00301665 0.00135182 -0.000228008 -0.00165046 -0.00285639 -0.00375724 -0.00438214 -0.00469229 -0.00471992 -0.00452871 -0.00417433 -0.0037135 -0.00315199 -0.00256818 -0.00199194 -0.00147688 -0.00100012 -0.000569051 -0.000207372 9.40606e-05 0.000317962 0.000490038 0.000638146 0.000758386 0.000813824 0.000846492 0.000891321 0.0009174 0.000916981 0.000916634 0.000915947 0.000915646 0.00092249 0.000910604 0.000896161 0.000907711 0.000919205 0.000899394 
0 2.21351e-05 6.87836e-05 0.000102869 0.000123581 0.000151975 0.000192143 0.000219454 0.000246599 0.000263815 0.000271693 0.000294941 0.000296321 0.000264167 0.000211226 0.000158045 4.40982e-05 -0.000123603 -0.000329733 -0.000618195 -0.000976049 -0.00141569 -0.00193258 -0.00255039 -0.00321622 -0.00393627 -0.00469071 -0.00539562 -0.00601921 -0.00649894 -0.00678495 -0.0067732 -0.00640874 -0.00565467 -0.00452293 -0.00302311 -0.00119885 0.000852699 0.00304196 0.00524868 0.00732317 0.00916784 0.0107624 0.0120498 0.0130278 0.0137142 0.0141846 0.0145609 0.0149411 0.0153766 0.015903 0.0164979 0.0171189 0.0177027 0.0181446 0.0183019 0.018057 0.0173404 0.016049 0.0141571 0.0116547 0.00860013 0.00508052 0.00118444 -0.00289293 -0.00699035 -0.0109936 -0.0146849 -0.0179235 -0.0205945 -0.0226106 -0.023957 -0.0246078 -0.0245972 -0.0239946 -0.0228825 -0.0213703 -0.0195572 -0.0175703 -0.0155145 -0.0134433 -0.0114559 -0.00962832 -0.00798713 -0.00653785 -0.00527594 -0.0041953 -0.00331586 -0.00260885 -0.00201726 -0.00154277 -0.00118058 -0.000901851 -0.000709022 -0.00055228 -0.000431072 -0.000369096 -0.000322408 -0.000291806 -0.000275128 -0.000252561 -0.000265424 -0.000284863 -0.000299536 -0.000343025 -0.000407446 -0.000515364 -0.000672874 -0.000858296 -0.00112161 -0.001487 -0.0019558 -0.00253897 -0.00325037 -0.0041225 -0.00519552 -0.00646098 -0.00789888 -0.0095304 -0.0113647 -0.0133467 -0.0154166 -0.0174753 -0.0194422 -0.0212401 -0.022743 -0.0238402 -0.0244327 -0.024429 -0.0237578 -0.0223769 -0.0203351 -0.017651 -0.014381 -0.010676 -0.0066532 -0.00250452 0.00159638 0.00551479 0.00906299 0.0121228 0.0146319 0.0165227 0.017792 0.0184462 0.0185875 0.0183186 0.0177392 0.016997 0.0162348 0.0155134 0.0148795 0.0143941 0.0140293 0.0136924 0.0132958 0.0127538 0.0119611 0.0108626 0.00944271 0.00776442 0.00586323 0.00379703 0.00170219 -0.000272902 -0.0020553 -0.00354739 -0.00468579 -0.00545683 -0.00584456 -0.00588768 -0.00564278 -0.00521112 -0.00461656 -0.00393167 -0.0032007 -0.0024902 -0.00184458 -0.00124314 -0.000719489 -0.000265745 0.00010272 0.00039494 0.000606395 0.000781517 0.000930837 0.00101595 0.00106875 0.00110724 0.00113097 0.00114886 0.00116788 0.00115761 0.00113669 0.00114891 0.00116078 0.00114181 0.00112913 0.00113177 0.00113284 
0 2.9343e-05 7.74772e-05 0.000122399 0.000155883 0.000192143 0.000222177 0.000252227 0.000297311 0.000326841 0.000327944 0.000332214 0.000344396 0.000319819 0.000261023 0.000174216 3.41471e-05 -0.000149883 -0.000400434 -0.000744342 -0.00118922 -0.00170616 -0.00232956 -0.00306767 -0.00386546 -0.00472839 -0.00561242 -0.00647074 -0.00721429 -0.00778813 -0.00810459 -0.00807685 -0.0076516 -0.00675886 -0.00540775 -0.00359823 -0.0014069 0.00105359 0.00367289 0.00630805 0.00880183 0.0110621 0.0130086 0.0145741 0.0157362 0.0165833 0.0171839 0.017627 0.0180443 0.0184987 0.01905 0.0196368 0.0202371 0.0207838 0.0211412 0.0211617 0.0207475 0.0197765 0.0181652 0.015885 0.0129616 0.00943569 0.00540007 0.000975577 -0.0036739 -0.00834876 -0.0128871 -0.0170863 -0.0207892 -0.0238556 -0.0262256 -0.0278472 -0.0286962 -0.0287741 -0.0281788 -0.0269827 -0.0253131 -0.0233002 -0.0210786 -0.0187275 -0.0163633 -0.0140484 -0.0118879 -0.00994187 -0.00819865 -0.00666171 -0.00536436 -0.00427809 -0.00340303 -0.00267771 -0.0020786 -0.00161866 -0.00127178 -0.00100852 -0.000809521 -0.000655892 -0.00056422 -0.000507845 -0.000469739 -0.000439197 -0.000419582 -0.00042696 -0.000447217 -0.000478091 -0.000534244 -0.000622121 -0.000774248 -0.000969512 -0.00121844 -0.00156046 -0.00200933 -0.00259485 -0.00332173 -0.00418623 -0.00527024 -0.00657583 -0.00810207 -0.00984547 -0.0117893 -0.0139307 -0.0162434 -0.0186031 -0.0209426 -0.0231659 -0.0251687 -0.0268154 -0.0279959 -0.0285712 -0.0284694 -0.0276033 -0.0259595 -0.0235586 -0.0204587 -0.016721 -0.0124873 -0.00791855 -0.00322674 0.00144583 0.0059121 0.00998078 0.0135333 0.0164728 0.0187319 0.0202908 0.0211916 0.0215022 0.0213355 0.0208207 0.0201042 0.0193212 0.0185865 0.0179261 0.0174095 0.0169853 0.0165976 0.0161324 0.0154439 0.0144513 0.0131002 0.0113918 0.00935765 0.00705091 0.00456798 0.00206437 -0.000310958 -0.00244776 -0.00424067 -0.00558667 -0.00650443 -0.00697818 -0.0070468 -0.00677153 -0.00623063 -0.00551823 -0.00469879 -0.00385337 -0.00300687 -0.00221062 -0.00148031 -0.000856142 -0.000343049 0.000100814 0.000466348 0.000740095 0.000938128 0.0010915 0.0012002 0.00128412 0.00133962 0.00135336 0.0013665 0.00139859 0.00140058 0.0013745 0.00137681 0.00139016 0.00137862 0.0013624 0.00136045 0.00136101 
0 4.19521e-05 8.43378e-05 0.000121542 0.000169029 0.000219454 0.000252227 0.000278134 0.000330397 0.000376187 0.000383197 0.00038609 0.000391558 0.000370147 0.000302274 0.000197105 3.43041e-05 -0.000184593 -0.000478468 -0.000887971 -0.00139904 -0.0020046 -0.0027267 -0.00358532 -0.00452322 -0.00551802 -0.00653935 -0.00752467 -0.00840226 -0.00907099 -0.00943177 -0.00938905 -0.00888793 -0.0078634 -0.00629096 -0.00417816 -0.00161611 0.00125218 0.00429984 0.00738305 0.0103269 0.0129875 0.015277 0.0171224 0.0185233 0.0195348 0.0202372 0.0207426 0.0211727 0.0216119 0.0221161 0.0226552 0.0231773 0.0235987 0.0237914 0.0236091 0.0229372 0.0216831 0.0197503 0.0171122 0.0137852 0.00983635 0.00536576 0.000494448 -0.00458547 -0.00968391 -0.0146439 -0.019249 -0.0233343 -0.0267647 -0.0294477 -0.0313334 -0.0323823 -0.0326035 -0.0320684 -0.030867 -0.029126 -0.0269789 -0.0245669 -0.0219995 -0.0193687 -0.0167801 -0.0143365 -0.0120947 -0.0100672 -0.00826724 -0.00671405 -0.00541765 -0.00435473 -0.00346883 -0.00274564 -0.0021833 -0.00175181 -0.00143046 -0.00117553 -0.000978078 -0.000851581 -0.000764919 -0.000706491 -0.000669849 -0.000646491 -0.000662821 -0.000698097 -0.000743958 -0.000821798 -0.00093832 -0.00111936 -0.00136895 -0.00168367 -0.00210875 -0.00267051 -0.00338572 -0.00426519 -0.00532442 -0.00661159 -0.00815583 -0.00994795 -0.0119678 -0.0142065 -0.0166502 -0.0192344 -0.021859 -0.0244198 -0.0268182 -0.0289485 -0.0306705 -0.0318517 -0.0323666 -0.0321206 -0.0310428 -0.0291196 -0.0264059 -0.0229529 -0.0188344 -0.0142003 -0.00920508 -0.00405737 0.00106125 0.00597353 0.01048 0.0144438 0.0177749 0.0203954 0.0222809 0.0234465 0.0239839 0.0240056 0.0236301 0.023009 0.0222955 0.0215919 0.0209608 0.0204587 0.0200371 0.019592 0.0190102 0.0181826 0.017007 0.0154104 0.0133706 0.0109503 0.00823236 0.00533444 0.00242195 -0.000344273 -0.00284211 -0.00492941 -0.00650173 -0.00755479 -0.0081023 -0.00819165 -0.00787907 -0.00725928 -0.00642241 -0.00547827 -0.00449741 -0.00352064 -0.00258971 -0.00173487 -0.00101109 -0.000407401 0.000107292 0.000539085 0.00086397 0.00110085 0.00127506 0.00139409 0.00149252 0.00156409 0.00158542 0.00158468 0.00160389 0.00161771 0.00160834 0.00159985 0.00159288 0.00158694 0.00159587 0.0016004 0.00158571 
0 5.4851e-05 0.000103306 0.000141194 0.000187303 0.000246599 0.000297311 0.000330397 0.000366682 0.000403926 0.000429209 0.000445846 0.000436788 0.000390731 0.000316004 0.00020839 2.7408e-05 -0.000235668 -0.000582933 -0.00104337 -0.00161933 -0.00231285 -0.00314158 -0.00411622 -0.00518936 -0.00632325 -0.00747863 -0.0085903 -0.00958158 -0.0103404 -0.0107478 -0.0106941 -0.0101091 -0.00893269 -0.0071359 -0.00473314 -0.00181705 0.00146034 0.00494743 0.00847544 0.011855 0.0149234 0.0175661 0.0197012 0.0213293 0.0225109 0.0233247 0.0238722 0.0242778 0.024653 0.025063 0.0254869 0.0258565 0.0260747 0.0260145 0.0255496 0.0245794 0.0230106 0.0207481 0.0177625 0.0140794 0.00977795 0.00496848 -0.0002192 -0.00560595 -0.0110126 -0.0162731 -0.0211826 -0.0255656 -0.0292837 -0.0322397 -0.0343742 -0.0356392 -0.0360364 -0.0356231 -0.0344883 -0.0327545 -0.0305604 -0.0280443 -0.0253208 -0.0224896 -0.0196662 -0.0169616 -0.0144455 -0.0121434 -0.0100792 -0.00828058 -0.00676199 -0.0055 -0.00444532 -0.00357903 -0.00289562 -0.00236766 -0.0019652 -0.0016471 -0.00140176 -0.00123438 -0.00112051 -0.00104357 -0.000994401 -0.000969619 -0.000986404 -0.0010312 -0.00109698 -0.00120015 -0.00135454 -0.00158355 -0.00189433 -0.00229154 -0.00281465 -0.00349442 -0.00435064 -0.00539575 -0.00665069 -0.0081598 -0.00994969 -0.0120076 -0.0143057 -0.0168205 -0.0195218 -0.0223344 -0.0251518 -0.0278638 -0.0303682 -0.0325496 -0.0342664 -0.0353795 -0.035767 -0.0353378 -0.034037 -0.0318631 -0.0288734 -0.0251278 -0.0207101 -0.0157655 -0.0104639 -0.00500663 0.000426243 0.00566081 0.0105081 0.0148248 0.0185061 0.0214654 0.0236718 0.0251456 0.0259712 0.0262516 0.0260985 0.0256552 0.0250777 0.0244822 0.0239445 0.0234995 0.0230909 0.0226079 0.0219351 0.0209637 0.0195906 0.0177355 0.0153715 0.0125642 0.00942718 0.00611017 0.00279073 -0.000364535 -0.00321438 -0.00559837 -0.00740077 -0.00860062 -0.00922157 -0.00932004 -0.00897193 -0.00828094 -0.0073426 -0.00626452 -0.00513412 -0.00402226 -0.00297634 -0.00201958 -0.0011856 -0.000476552 0.000114 0.00058584 0.000944255 0.00122821 0.00144814 0.00158863 0.00168158 0.00175814 0.00180757 0.00182381 0.0018296 0.00183621 0.00184352 0.00184401 0.0018271 0.00181417 0.00182847 0.00183475 0.001813 
0 5.3886e-05 0.000114632 0.000168078 0.000208961 0.000263815 0.000326841 0.000376187 0.000403926 0.000430468 0.000466975 0.000486943 0.00046704 0.000405132 0.000329286 0.00020686 -4.63124e-06 -0.000307851 -0.000700276 -0.0012017 -0.00185316 -0.00264472 -0.00358645 -0.00466317 -0.0058542 -0.00713253 -0.00843519 -0.00968647 -0.010774 -0.0116058 -0.0120536 -0.0119978 -0.0113377 -0.0100031 -0.00797459 -0.00527771 -0.00201212 0.00167228 0.00560153 0.00957491 0.0133873 0.0168709 0.0198754 0.022313 0.0241612 0.0254982 0.0264048 0.0269733 0.0273347 0.0276037 0.0278555 0.0280731 0.0282002 0.028139 0.0277599 0.0269532 0.02564 0.0237166 0.0211152 0.0178022 0.0138208 0.00924693 0.0041944 -0.00119244 -0.00676966 -0.0123685 -0.0178113 -0.0229205 -0.0275116 -0.0314393 -0.0346215 -0.0369816 -0.0384757 -0.0390857 -0.0388585 -0.0378638 -0.0362135 -0.0340488 -0.0315048 -0.0286885 -0.0257281 -0.022724 -0.0197972 -0.0170348 -0.0144696 -0.0121396 -0.0100982 -0.00834674 -0.00687686 -0.00564658 -0.00462152 -0.00379853 -0.00315667 -0.00264934 -0.00225623 -0.00195673 -0.00174321 -0.00160423 -0.00150973 -0.0014436 -0.00141679 -0.00142661 -0.00147549 -0.00156519 -0.00169998 -0.00190505 -0.00220167 -0.00258502 -0.00307901 -0.00371199 -0.0045152 -0.00552421 -0.00675186 -0.00821459 -0.0099659 -0.0120075 -0.0143224 -0.0168821 -0.0196401 -0.0225509 -0.0255478 -0.0284971 -0.0312967 -0.0338341 -0.0359821 -0.0376051 -0.0385747 -0.038773 -0.0381323 -0.036607 -0.0342147 -0.0309925 -0.0270171 -0.0223824 -0.0172225 -0.0117303 -0.00609743 -0.000477517 0.00495629 0.0100445 0.0146465 0.0186334 0.0219127 0.024436 0.0262446 0.0274032 0.0280065 0.0281625 0.0279924 0.0276335 0.0272201 0.0268267 0.0264829 0.0261204 0.0256372 0.024904 0.0237896 0.0222027 0.0200666 0.0173778 0.0141948 0.0106459 0.00689961 0.00315051 -0.000408791 -0.00359669 -0.00625979 -0.00828347 -0.00964352 -0.0103509 -0.0104592 -0.0100714 -0.00929877 -0.00826737 -0.0070613 -0.00579087 -0.00454174 -0.00337546 -0.00231527 -0.00137 -0.000566958 9.6626e-05 0.000615388 0.00102104 0.00134721 0.00160033 0.00176914 0.00187007 0.00194767 0.00201112 0.00205183 0.00206188 0.00205556 0.0020582 0.00207015 0.00206751 0.00205155 0.00204654 0.00204938 0.00204714 
0 4.63809e-05 0.000110308 0.000174116 0.000227572 0.000271693 0.000327944 0.000383197 0.000429209 0.000466975 0.000491615 0.000500959 0.000477089 0.000433677 0.000343687 0.000185101 -5.88654e-05 -0.000394879 -0.000822835 -0.0013925 -0.00211349 -0.00301199 -0.00405671 -0.00523711 -0.00655021 -0.00795911 -0.00941702 -0.0107886 -0.0119835 -0.0128791 -0.0133684 -0.0133094 -0.0125685 -0.0110859 -0.00882547 -0.00584001 -0.0022242 0.00186835 0.00624082 0.0106715 0.0149335 0.0188155 0.0221821 0.0249245 0.027025 0.0284933 0.0294382 0.0299961 0.0302716 0.0303895 0.0304027 0.0303469 0.0301523 0.0297284 0.0289746 0.0277906 0.0260751 0.0237832 0.0208438 0.0172407 0.0130012 0.00822635 0.00302599 -0.00247306 -0.00811187 -0.0137633 -0.0192792 -0.0244797 -0.0291886 -0.0332825 -0.0366402 -0.0392068 -0.0409217 -0.0417787 -0.0417775 -0.0409927 -0.0395096 -0.0374505 -0.0349388 -0.0321186 -0.0290702 -0.025949 -0.0228601 -0.0198801 -0.0170818 -0.0145153 -0.0122075 -0.0102226 -0.00852254 -0.00708452 -0.00589414 -0.0049227 -0.00414863 -0.00354701 -0.00306348 -0.00269472 -0.00242603 -0.00223653 -0.00210807 -0.00203147 -0.0019962 -0.00201656 -0.00208707 -0.00220174 -0.00237877 -0.00263987 -0.00299004 -0.00346393 -0.00406151 -0.00481697 -0.00578078 -0.00696293 -0.00838401 -0.0100883 -0.0120663 -0.0143546 -0.0169188 -0.0197008 -0.0226683 -0.025763 -0.02887 -0.0319064 -0.0347213 -0.0372075 -0.0392426 -0.0407027 -0.0414536 -0.0414231 -0.0405373 -0.0387882 -0.0361786 -0.0327807 -0.0286462 -0.0238826 -0.0186357 -0.0130747 -0.0073597 -0.00167055 0.00386773 0.00911168 0.0139086 0.0181408 0.0217063 0.0245649 0.0267156 0.0282434 0.0292253 0.0297441 0.0299166 0.0298835 0.029731 0.0295569 0.0293621 0.0291122 0.0286594 0.0278676 0.026633 0.0248325 0.0224116 0.0193716 0.0158092 0.011854 0.00767401 0.00348605 -0.000471827 -0.00399537 -0.00692052 -0.00917385 -0.0106883 -0.011484 -0.0116115 -0.0111804 -0.010341 -0.00919935 -0.00788685 -0.00648248 -0.00510302 -0.00380363 -0.00262122 -0.00157887 -0.000682697 4.51636e-05 0.000638583 0.00110798 0.00147073 0.00173385 0.00192207 0.00205916 0.0021456 0.00220082 0.00223876 0.00226406 0.00226773 0.00226069 0.00226506 0.00227696 0.00227559 0.0022616 0.00226078 0.00227906 
0 5.62353e-05 0.000109393 0.00017653 0.000241115 0.000294941 0.000332214 0.00038609 0.000445846 0.000486943 0.000500959 0.00048865 0.000477668 0.000426531 0.000313605 0.00011707 -0.000141918 -0.000496936 -0.000996104 -0.00162938 -0.00243155 -0.00339768 -0.00455052 -0.00585218 -0.00730049 -0.00884874 -0.0104122 -0.0119115 -0.0132065 -0.0141909 -0.0147098 -0.0146266 -0.0137986 -0.0121531 -0.00967289 -0.00640851 -0.00245014 0.00205646 0.00688446 0.01176 0.016438 0.020734 0.024456 0.0275051 0.0298073 0.0314092 0.0323941 0.0328723 0.0329956 0.0328951 0.0326345 0.0322227 0.0316291 0.0307847 0.0295873 0.027964 0.0258613 0.0231851 0.0199231 0.016052 0.0116297 0.00672902 0.00146314 -0.00402013 -0.00962907 -0.0152457 -0.0207062 -0.0259026 -0.030657 -0.034827 -0.0383324 -0.0410769 -0.0430143 -0.0441129 -0.0443825 -0.0438577 -0.0426081 -0.0407416 -0.0383644 -0.0355808 -0.0325389 -0.0293425 -0.0261208 -0.0229803 -0.0199813 -0.0171791 -0.0146513 -0.0124068 -0.0104644 -0.00881793 -0.0074297 -0.00628991 -0.00538795 -0.0046521 -0.00407918 -0.00363365 -0.00328652 -0.00304891 -0.00288592 -0.00277756 -0.00275292 -0.00277484 -0.00286354 -0.00302315 -0.00324191 -0.00356045 -0.00399775 -0.00455135 -0.00527666 -0.0061842 -0.00730955 -0.00868963 -0.0103327 -0.0122507 -0.0144821 -0.0170023 -0.0197854 -0.0227865 -0.0259304 -0.029134 -0.0323213 -0.0353445 -0.0380976 -0.0404636 -0.0423148 -0.043539 -0.0440369 -0.043728 -0.0425818 -0.0405969 -0.0378192 -0.0342721 -0.0300491 -0.0252602 -0.0200071 -0.0144819 -0.00882204 -0.00314555 0.00239852 0.00769583 0.0126159 0.0170223 0.0208348 0.0239892 0.0265292 0.0284614 0.0298444 0.030779 0.0313651 0.0317091 0.0319228 0.0320538 0.0320831 0.0319473 0.0315612 0.0307785 0.0294317 0.027427 0.0247179 0.02136 0.0174118 0.0130274 0.00841616 0.00381769 -0.000526881 -0.00438632 -0.00760665 -0.0100799 -0.0117488 -0.0126231 -0.0127666 -0.0123199 -0.0114017 -0.0101713 -0.00872756 -0.00720786 -0.00569653 -0.00426197 -0.00297057 -0.00182447 -0.000852544 -3.57672e-05 0.000620332 0.00114901 0.00154491 0.00182646 0.00204683 0.00221312 0.00232438 0.00237807 0.00241421 0.00244851 0.0024759 0.00247877 0.00246753 0.00247449 0.00248908 0.00248828 0.00248541 0.00249819 
0 6.96258e-05 0.000119614 0.00016899 0.000240276 0.000296321 0.000344396 0.000391558 0.000436788 0.00046704 0.000477089 0.000477668 0.000445139 0.000373704 0.000226078 1.69353e-05 -0.00025605 -0.000658277 -0.00121421 -0.00192978 -0.00278577 -0.0038405 -0.00508683 -0.0065162 -0.0081125 -0.0097787 -0.0114646 -0.0130671 -0.0144898 -0.015548 -0.0160904 -0.0159724 -0.015048 -0.0132609 -0.0105564 -0.00699201 -0.00267174 0.00223396 0.00748014 0.0128003 0.0179278 0.0226039 0.0266622 0.0299813 0.0325047 0.0341855 0.0351375 0.0355265 0.0354673 0.0350957 0.0344568 0.0336221 0.0325594 0.0312235 0.0295596 0.0274986 0.024946 0.0218956 0.0183307 0.014258 0.00971075 0.00477861 -0.000453324 -0.00587267 -0.0113605 -0.0168362 -0.0221816 -0.0272751 -0.0319733 -0.036175 -0.0397508 -0.0426423 -0.0447851 -0.046158 -0.046719 -0.0465057 -0.0455507 -0.0439312 -0.0417321 -0.0390971 -0.0361011 -0.0329117 -0.0296306 -0.0263458 -0.0231706 -0.0201759 -0.0173983 -0.0149329 -0.0127543 -0.010877 -0.00929438 -0.00796519 -0.00687929 -0.00601314 -0.00531442 -0.00477863 -0.00437017 -0.0040748 -0.00387279 -0.00375369 -0.00370632 -0.00373326 -0.0038406 -0.00402672 -0.00430791 -0.00471317 -0.00523431 -0.00592139 -0.00678164 -0.00783894 -0.00915336 -0.0107275 -0.0125824 -0.0147666 -0.0172269 -0.0199835 -0.0229813 -0.0261368 -0.0294007 -0.0326839 -0.0358524 -0.0388326 -0.0414581 -0.0436231 -0.0452134 -0.0461449 -0.0463237 -0.0457274 -0.044321 -0.0421375 -0.0391944 -0.0355688 -0.0313159 -0.0265546 -0.0214073 -0.0160105 -0.0104616 -0.00491335 0.000540767 0.00580586 0.0107483 0.0152689 0.0192894 0.0227603 0.0256466 0.0279855 0.0298184 0.0312187 0.0322808 0.0331028 0.0337231 0.0342046 0.0345026 0.0345934 0.0343227 0.0335371 0.0321232 0.0299529 0.026999 0.0232955 0.018963 0.0141711 0.0091382 0.00412126 -0.000612624 -0.00482232 -0.00832481 -0.0110281 -0.0128335 -0.0137893 -0.0139673 -0.0134935 -0.0125196 -0.0111698 -0.00961877 -0.00797081 -0.00634206 -0.00478043 -0.00336636 -0.00213292 -0.00106161 -0.000171653 0.00055877 0.00112784 0.0015625 0.0018912 0.00214544 0.00233013 0.00244528 0.00253063 0.00258408 0.00261667 0.00264925 0.0026728 0.0026707 0.00266577 0.00268511 0.00269959 0.00270415 0.00270814 
0 6.58339e-05 0.000111362 0.000158195 0.00020708 0.000264167 0.000319819 0.000370147 0.000390731 0.000405132 0.000433677 0.000426531 0.000373704 0.000270331 0.000123042 -0.000109797 -0.00043279 -0.000883238 -0.00149709 -0.00226078 -0.00321562 -0.00436525 -0.00572526 -0.00726558 -0.00898214 -0.0107848 -0.0125865 -0.0143218 -0.0158325 -0.0169512 -0.0175017 -0.0173521 -0.0163498 -0.0144136 -0.0114865 -0.00762263 -0.00294436 0.00235457 0.00801579 0.0137556 0.0193016 0.0244025 0.0287943 0.0323538 0.034998 0.0367433 0.0376677 0.0378895 0.0375622 0.0368351 0.0357779 0.0344529 0.0328752 0.0310276 0.0288583 0.0263256 0.0233813 0.0199646 0.0161232 0.0118681 0.00726273 0.00236045 -0.00276655 -0.00801145 -0.0133166 -0.0186005 -0.0237222 -0.0286362 -0.0332163 -0.0373591 -0.0409877 -0.0440039 -0.0463474 -0.047971 -0.0488379 -0.0489465 -0.0483207 -0.0470133 -0.0450862 -0.0426328 -0.0397832 -0.0366451 -0.0333417 -0.0299864 -0.0266823 -0.0235042 -0.0205403 -0.0178269 -0.0154028 -0.0132981 -0.0114882 -0.00995501 -0.00870266 -0.00766376 -0.00684453 -0.00620541 -0.00570104 -0.0053445 -0.00509936 -0.00494065 -0.00489943 -0.0049261 -0.00505537 -0.00529686 -0.00563918 -0.00612538 -0.00676524 -0.00756352 -0.00858455 -0.00982751 -0.0113345 -0.0131336 -0.0152326 -0.0176381 -0.0203447 -0.0233029 -0.0264664 -0.0297641 -0.0331079 -0.0363858 -0.0395071 -0.0423399 -0.0447678 -0.0466786 -0.047965 -0.0485569 -0.0484082 -0.0474952 -0.045823 -0.0434345 -0.0403893 -0.0367148 -0.0325029 -0.0278663 -0.0228764 -0.0176835 -0.0123601 -0.00699809 -0.0017049 0.00345227 0.00837397 0.0129536 0.0171329 0.0208352 0.024075 0.0268182 0.0290978 0.0310014 0.0325926 0.0339177 0.0350297 0.0359487 0.0366093 0.0369397 0.0368373 0.03614 0.0346724 0.0323431 0.0291368 0.0251411 0.0204359 0.0152295 0.00978422 0.00436922 -0.000749252 -0.00530233 -0.00909533 -0.0120008 -0.0139503 -0.0150003 -0.0152245 -0.0147471 -0.0136914 -0.012253 -0.01058 -0.00882447 -0.00706965 -0.00537968 -0.00384703 -0.00249023 -0.00133583 -0.000363045 0.00042622 0.0010622 0.00154615 0.00191444 0.00220461 0.0023949 0.00252326 0.00263454 0.00271995 0.00274805 0.00277085 0.00281237 0.00283462 0.00284037 0.00285548 0.00287551 0.00289213 0.00291186 
0 4.20169e-05 8.95241e-05 0.000136406 0.000178386 0.000211226 0.000261023 0.000302274 0.000316004 0.000329286 0.000343687 0.000313605 0.000226078 0.000123042 -3.94316e-05 -0.000313941 -0.00069708 -0.00120123 -0.00185404 -0.00268958 -0.00372611 -0.00499366 -0.00646208 -0.00810965 -0.00994176 -0.0118708 -0.0138158 -0.0156589 -0.0172603 -0.0184296 -0.0189983 -0.018814 -0.0177158 -0.0156265 -0.0124726 -0.00830951 -0.0032811 0.00240239 0.00846627 0.0146272 0.0205914 0.0260443 0.0307263 0.0344917 0.0372693 0.0390148 0.0398217 0.0398386 0.0391944 0.0380496 0.0365 0.0346543 0.0325315 0.0301305 0.0274447 0.024451 0.02109 0.017366 0.0133122 0.00895045 0.00432863 -0.000489677 -0.00545469 -0.0104889 -0.0155302 -0.0205262 -0.0253831 -0.0300519 -0.0344502 -0.0385074 -0.0421179 -0.0452116 -0.0477196 -0.0495926 -0.0507636 -0.0512228 -0.0509616 -0.0499995 -0.0483712 -0.046183 -0.0435145 -0.0405073 -0.0372624 -0.0338791 -0.0304926 -0.0271876 -0.0240234 -0.0210965 -0.0184275 -0.0160717 -0.0140373 -0.0122921 -0.0108381 -0.00964429 -0.00867611 -0.00791429 -0.00731206 -0.00686597 -0.00655797 -0.00637626 -0.00631915 -0.00636798 -0.00653726 -0.00682804 -0.0072477 -0.00782944 -0.00857016 -0.00951887 -0.0107067 -0.0121448 -0.0138819 -0.0159143 -0.0182492 -0.0209076 -0.0238167 -0.0269534 -0.0302531 -0.0336235 -0.0369906 -0.0402344 -0.043224 -0.0458751 -0.0480423 -0.0496305 -0.0505552 -0.050783 -0.0502863 -0.0490764 -0.0471624 -0.0446065 -0.0414585 -0.037793 -0.0336793 -0.0292203 -0.0244885 -0.019568 -0.0144983 -0.00938702 -0.00431285 0.000675155 0.00548837 0.0100564 0.0143343 0.018263 0.0217985 0.0249295 0.0276759 0.030095 0.0322309 0.0341139 0.0357513 0.0371571 0.038242 0.0389255 0.0390389 0.0384207 0.0369542 0.0345336 0.0311463 0.0268511 0.0217826 0.0161846 0.0103428 0.0045344 -0.0009606 -0.00584938 -0.00991739 -0.0130476 -0.0151506 -0.0162915 -0.0165524 -0.0160557 -0.0149526 -0.0134208 -0.0116504 -0.00976506 -0.00788181 -0.00607587 -0.00442968 -0.00296246 -0.00169234 -0.000652778 0.0002037 0.000910727 0.00145964 0.00186345 0.00217414 0.00240163 0.00255476 0.00268862 0.00278671 0.00283141 0.00286446 0.00291165 0.00295093 0.00297585 0.00300527 0.00302269 0.00305062 0.00309618 
0 2.56358e-05 6.07562e-05 0.000106833 0.000142834 0.000158045 0.000174216 0.000197105 0.00020839 0.00020686 0.000185101 0.00011707 1.69353e-05 -0.000109797 -0.000313941 -0.000634609 -0.00105501 -0.00160748 -0.00233673 -0.0032439 -0.00436117 -0.00572574 -0.00731403 -0.0090802 -0.0110324 -0.0130966 -0.0151627 -0.0171102 -0.0187881 -0.0200124 -0.0205956 -0.0203693 -0.0191623 -0.016893 -0.0135105 -0.00907586 -0.00371826 0.00234716 0.00881411 0.0153628 0.0216876 0.0274705 0.0324056 0.036332 0.0391636 0.0408735 0.041535 0.0412747 0.0402417 0.0386247 0.0365558 0.0341564 0.0314703 0.0285145 0.0253029 0.0218502 0.0181355 0.0141461 0.00992987 0.00550845 0.000933171 -0.00374636 -0.00848872 -0.0132424 -0.0179815 -0.0226634 -0.0271995 -0.0315795 -0.0357486 -0.0396509 -0.0432103 -0.0463483 -0.0489925 -0.0510797 -0.0525355 -0.0533289 -0.0534417 -0.0528641 -0.0516028 -0.0497274 -0.047321 -0.0444931 -0.0413465 -0.0379905 -0.034564 -0.0311591 -0.0278559 -0.0247317 -0.0218406 -0.019251 -0.0169757 -0.0149982 -0.0133308 -0.0119364 -0.0108069 -0.00991088 -0.00920036 -0.00867574 -0.00831283 -0.00809197 -0.00802441 -0.00807603 -0.00827333 -0.00862402 -0.00912902 -0.00982159 -0.0107068 -0.0118145 -0.013194 -0.0148457 -0.0168046 -0.0190709 -0.0216436 -0.0245176 -0.0276282 -0.0309155 -0.0343132 -0.0377287 -0.0410683 -0.0441965 -0.0469974 -0.0493777 -0.0512245 -0.0524545 -0.053005 -0.0528606 -0.0520279 -0.050528 -0.0483888 -0.0456879 -0.0424983 -0.0388813 -0.0349144 -0.030685 -0.0262329 -0.0216268 -0.0168867 -0.0120865 -0.00729112 -0.00252986 0.00213764 0.00664899 0.0109675 0.015037 0.0188397 0.0223362 0.0255311 0.0284672 0.0311568 0.0336012 0.0358082 0.0377611 0.0393309 0.0403877 0.0407696 0.040319 0.0389036 0.0364285 0.0328844 0.0283547 0.0229688 0.0169987 0.010771 0.00458822 -0.00126003 -0.0064699 -0.0108167 -0.0141739 -0.0164512 -0.0176861 -0.0179684 -0.0174572 -0.0163147 -0.0147192 -0.0128395 -0.0108255 -0.008804 -0.00688118 -0.00514022 -0.00356871 -0.00218844 -0.00105031 -0.000132111 0.000633828 0.00124152 0.00169191 0.00204301 0.00231511 0.00251136 0.0026602 0.00277322 0.00285458 0.00292746 0.00298581 0.00302324 0.00306899 0.00312473 0.00315386 0.00318498 0.00324258 
0 1.18889e-05 1.36517e-05 2.57654e-05 4.31491e-05 4.40982e-05 3.41471e-05 3.43041e-05 2.7408e-05 -4.63124e-06 -5.88654e-05 -0.000141918 -0.00025605 -0.00043279 -0.00069708 -0.00105501 -0.00151028 -0.00212815 -0.00294776 -0.00393975 -0.00514766 -0.00661331 -0.00831533 -0.010206 -0.012289 -0.0144854 -0.0166645 -0.0187128 -0.0204642 -0.0217291 -0.0223162 -0.0220489 -0.0207363 -0.0182822 -0.0146657 -0.00995593 -0.00427986 0.00214232 0.00898768 0.0159097 0.022569 0.0286281 0.0337662 0.0378097 0.0406446 0.0422444 0.0426882 0.0421055 0.0406534 0.0385241 0.0358907 0.0329049 0.0296475 0.0261535 0.0224535 0.0185809 0.0145416 0.0103333 0.0060141 0.00159594 -0.00288123 -0.00737885 -0.0118667 -0.0163129 -0.0207138 -0.0250408 -0.0292278 -0.0332837 -0.0371834 -0.0408877 -0.0443443 -0.0474791 -0.0502252 -0.0525015 -0.0542227 -0.0553368 -0.0558135 -0.0556191 -0.0547428 -0.0532233 -0.0511341 -0.0485535 -0.045572 -0.0422995 -0.0388801 -0.0354172 -0.0320045 -0.028714 -0.0256215 -0.0228054 -0.0202893 -0.0180724 -0.0161751 -0.0145701 -0.0132618 -0.0122158 -0.0113858 -0.0107696 -0.0103414 -0.01008 -0.00999688 -0.0100578 -0.01029 -0.0107059 -0.0113065 -0.012122 -0.0131627 -0.0144503 -0.016035 -0.0179122 -0.0201016 -0.0226014 -0.0254032 -0.0284817 -0.0317661 -0.0351696 -0.0386186 -0.0420188 -0.0452663 -0.0482212 -0.0507778 -0.0528457 -0.0543394 -0.0551852 -0.0553439 -0.0548234 -0.0536617 -0.051895 -0.0495719 -0.0467737 -0.0435883 -0.0400705 -0.0362939 -0.0323257 -0.028189 -0.0239254 -0.0195434 -0.0150933 -0.0106206 -0.00612845 -0.00165237 0.00275733 0.00706949 0.0112301 0.0152335 0.0190407 0.0226523 0.0260925 0.0293446 0.0323742 0.0351703 0.0376833 0.0397691 0.0412609 0.0419818 0.0417576 0.0404475 0.0379658 0.0343055 0.0295711 0.023917 0.0176299 0.0110448 0.00448986 -0.0017092 -0.00722712 -0.0118371 -0.0154076 -0.0178589 -0.0192043 -0.0195281 -0.0190092 -0.0178298 -0.0161688 -0.0141846 -0.0120558 -0.0099118 -0.00786138 -0.00599618 -0.00431878 -0.00284114 -0.0015942 -0.000583352 0.000243696 0.000899981 0.00141046 0.00182054 0.00213332 0.00235775 0.00252761 0.00266411 0.00277666 0.002882 0.00296021 0.00300769 0.0030718 0.00315787 0.00321845 0.00327041 0.00334182 
0 -1.00725e-05 -4.16296e-05 -8.02738e-05 -9.68558e-05 -0.000123603 -0.000149883 -0.000184593 -0.000235668 -0.000307851 -0.000394879 -0.000496936 -0.000658277 -0.000883238 -0.00120123 -0.00160748 -0.00212815 -0.00282015 -0.0037063 -0.00480212 -0.00611818 -0.0076966 -0.00950039 -0.0115208 -0.0137397 -0.0160526 -0.0183477 -0.0204897 -0.0223126 -0.0235991 -0.0241767 -0.0238542 -0.0224286 -0.0198 -0.0159592 -0.0109754 -0.0049944 0.00175698 0.00894321 0.0161978 0.0231483 0.0294176 0.0347116 0.0388126 0.0416049 0.0430311 0.0431866 0.0422285 0.0403146 0.0376523 0.0344444 0.0308785 0.0270603 0.0230462 0.0189021 0.0146746 0.0103621 0.0060112 0.00164526 -0.00271993 -0.00706658 -0.0113518 -0.0155561 -0.0196704 -0.0236964 -0.0276301 -0.0314543 -0.0351632 -0.0387699 -0.0422593 -0.0455673 -0.0486549 -0.0514518 -0.0538717 -0.0558178 -0.0572316 -0.0580593 -0.0582491 -0.0577629 -0.0566337 -0.0548879 -0.0526086 -0.0498573 -0.0467308 -0.0433818 -0.0399239 -0.0364273 -0.0330057 -0.0297261 -0.0266848 -0.0239387 -0.0214903 -0.0193562 -0.0175508 -0.0160456 -0.0148294 -0.0138649 -0.0131316 -0.0126202 -0.0123226 -0.0122163 -0.0123044 -0.0125892 -0.0130768 -0.0137854 -0.0147322 -0.0159202 -0.0174046 -0.0191992 -0.0213121 -0.0237522 -0.0264888 -0.0295028 -0.0327698 -0.0361723 -0.0396424 -0.0430917 -0.0464185 -0.0495208 -0.0522615 -0.0545138 -0.0562316 -0.0573342 -0.0577787 -0.0575462 -0.0566737 -0.0552113 -0.0532159 -0.0507475 -0.0479008 -0.0447495 -0.0413774 -0.0378269 -0.0341422 -0.0303573 -0.0264654 -0.0224615 -0.018388 -0.0142556 -0.0100518 -0.0058034 -0.00154575 0.00269059 0.00689276 0.0110291 0.0150974 0.0190817 0.0229771 0.0267567 0.0303715 0.033768 0.0368637 0.0394835 0.0414531 0.0425611 0.0426151 0.0414721 0.0390284 0.0353117 0.0304186 0.0245539 0.0180024 0.0111016 0.00420472 -0.00232094 -0.00813047 -0.0129935 -0.0167748 -0.019387 -0.02085 -0.021248 -0.0207376 -0.0195233 -0.0177801 -0.0157092 -0.0134763 -0.0112279 -0.00905146 -0.007035 -0.00524062 -0.00367244 -0.00234535 -0.00122248 -0.000309944 0.000404856 0.000972135 0.00143659 0.0017971 0.00205233 0.0022704 0.00244806 0.00258701 0.00271099 0.00282474 0.00291722 0.00300243 0.00310701 0.00319687 0.00328386 0.00337657 
