0 0 0 0 0 0 0 0 0 0 0 0 0 0 0 0 0 0 0 0 0 0 0 0 0 0 0 0 0 0 0 0 0 0 0 0 0 0 0 0 0 0 0 0 0 0 0 0 0 0 0 0 0 0 0 0 0 0 0 0 0 0 0 0 0 0 0 0 0 0 0 0 0 0 0 0 0 0 0 0 0 0 0 0 0 0 0 0 0 0 0 0 0 0 0 0 0 0 0 0 0 0 0 0 0 0 0 0 0 0 0 0 0 0 0 0 0 0 0 0 0 0 0 0 0 0 0 0 0 0 0 0 0 0 0 0 0 0 0 0 0 0 0 0 0 0 0 0 0 0 0 0 0 0 0 0 0 0 0 0 0 0 0 0 0 0 0 0 0 0 0 0 0 0 0 0 0 0 0 0 0 0 0 0 0 0 0 0 0 0 0 0 0 0 0 0 0 0 0 0 
0 -4.43435e-06 1.71378e-05 5.19822e-05 6.18285e-05 5.87981e-05 6.3204e-05 9.18679e-05 0.000126372 0.000136651 0.000133954 0.00014526 0.000186121 0.000214057 0.000222881 0.000229714 0.000250046 0.000287999 0.000321356 0.000343626 0.000354441 0.000391752 0.000444276 0.000489519 0.000527193 0.000569379 0.000628494 0.000701962 0.000785978 0.000865024 0.000951246 0.00105548 0.00118497 0.00132411 0.00147076 0.00161185 0.00176059 0.00190692 0.00203456 0.00214191 0.00219845 0.00220703 0.00215648 0.00205732 0.001886 0.00164262 0.00132989 0.000941855 0.000491513 -3.66138e-06 -0.000537243 -0.00109578 -0.00167977 -0.00226046 -0.0027998 -0.00329692 -0.00371417 -0.00403914 -0.00424886 -0.00434901 -0.00432969 -0.00419892 -0.00396996 -0.00366059 -0.00328835 -0.00288659 -0.002468 -0.00206519 -0.00169748 -0.00137566 -0.00109932 -0.000857349 -0.000660494 -0.000494825 -0.00034992 -0.000232962 -0.00014872 -8.35386e-05 -4.57608e-05 -1.42983e-05 1.08515e-05 2.56549e-05 3.11839e-05 4.32725e-05 4.39151e-05 4.79146e-05 4.79545e-05 4.59594e-05 4.30869e-05 4.3055e-05 3.80436e-05 4.28876e-05 4.31789e-05 4.5769e-05 4.16333e-05 3.99834e-05 4.12312e-05 4.57035e-05 4.46834e-05 4.52547e-05 4.07813e-05 4.66077e-05 4.86495e-05 5.03132e-05 4.83101e-05 4.91073e-05 5.16843e-05 5.69268e-05 5.38028e-05 5.73569e-05 5.68062e-05 6.46378e-05 7.00544e-05 7.06368e-05 6.97261e-05 7.22921e-05 6.50346e-05 6.79392e-05 6.67984e-05 6.44929e-05 5.71592e-05 3.77972e-05 -2.02119e-06 -4.1027e-05 -0.000101089 -0.000184204 -0.00028808 -0.000416458 -0.000573385 -0.000758897 -0.000997497 -0.00128536 -0.00162553 -0.00201269 -0.00243335 -0.00287783 -0.00330892 -0.00371308 -0.00406408 -0.00431936 -0.00445467 -0.00446938 -0.00435302 -0.00411849 -0.00376776 -0.00332886 -0.00279487 -0.00220155 -0.00157735 -0.000954565 -0.000361701 0.000195338 0.000701857 0.00114849 0.0015432 0.00186695 0.00210381 0.00225799 0.00233396 0.00236834 0.00235567 0.00230246 0.00219634 0.00205946 0.00190382 0.00174931 0.00161571 0.00148467 0.0013487 0.00121531 0.00110297 0.00101309 0.000945512 0.000876782 0.000807636 0.000739356 0.000691802 0.00066313 0.000639289 0.000603823 0.000559123 0.000537662 0.000525299 0.00051572 0.000494101 0.000467381 0.000447377 0.000445047 0.000446706 0.000422642 0.000398298 0.000392236 0.000399322 0.000396261 0.000380492 0.000365222 0.00036515 0.000383087 0.000384126 0.000365511 
0 1.71378e-05 5.63194e-05 8.80961e-05 0.000118165 0.000133379 0.00016581 0.000195217 0.000233166 0.000263231 0.000277687 0.000317389 0.00036015 0.000402506 0.000426193 0.000469496 0.000520363 0.000569196 0.000631328 0.000676343 0.00073073 0.000803394 0.000894306 0.000971759 0.0010473 0.00115405 0.00127348 0.00141781 0.00157361 0.00173624 0.00192649 0.00215239 0.00241571 0.0026905 0.00296672 0.00324773 0.00353463 0.00381715 0.00405295 0.0042326 0.00433027 0.00431279 0.00420564 0.0039986 0.00366554 0.00318061 0.00254603 0.00178937 0.000927715 -3.36568e-05 -0.00108515 -0.00218521 -0.003318 -0.00445578 -0.00554101 -0.00650724 -0.00732876 -0.00796467 -0.00839223 -0.00860111 -0.0085851 -0.00835381 -0.00790507 -0.00728046 -0.00656269 -0.00577313 -0.00495106 -0.00416926 -0.00343117 -0.00277669 -0.00220682 -0.00172206 -0.00132286 -0.00099196 -0.000714116 -0.000488541 -0.000305705 -0.000190867 -9.81343e-05 -2.21381e-05 2.67063e-05 6.15925e-05 8.18242e-05 8.31751e-05 9.09794e-05 9.3376e-05 9.15666e-05 9.5039e-05 9.82604e-05 9.14825e-05 8.89828e-05 9.0395e-05 9.0503e-05 9.45489e-05 9.05104e-05 8.4997e-05 9.18488e-05 9.56288e-05 9.51748e-05 9.29935e-05 8.804e-05 9.8075e-05 0.000106389 0.000104918 0.000103463 0.000101409 0.000108645 0.000120757 0.000120628 0.000119588 0.000123857 0.000128365 0.000134861 0.0001418 0.000145302 0.000148094 0.000154814 0.000145816 0.000138861 0.0001329 0.000103206 5.58019e-05 -5.02563e-06 -9.69133e-05 -0.000203872 -0.000361908 -0.000573578 -0.000838123 -0.00115604 -0.00154741 -0.0020322 -0.00260944 -0.00327061 -0.00404336 -0.00487697 -0.00574963 -0.00661848 -0.00740737 -0.00807126 -0.00856249 -0.00882631 -0.00885101 -0.00862713 -0.00815527 -0.00745318 -0.00654511 -0.00549392 -0.0043365 -0.00310921 -0.00188772 -0.000738712 0.000342002 0.00133825 0.00222716 0.00298026 0.00359395 0.0040646 0.00438827 0.00458467 0.00466734 0.00466424 0.00455947 0.00436229 0.00411683 0.00383152 0.00354023 0.0032622 0.00298344 0.00270921 0.00245326 0.00224092 0.00205862 0.00189825 0.00175566 0.00161703 0.00150893 0.00141453 0.00134146 0.00127525 0.0011949 0.00113186 0.00108428 0.00105395 0.00100585 0.000965714 0.000933262 0.000898881 0.000889545 0.000868987 0.000843071 0.000814108 0.000812151 0.000806109 0.000786601 0.000778783 0.000760567 0.000756778 0.000756263 0.000757392 0.000738013 
0 5.19822e-05 8.80961e-05 0.000116758 0.00014763 0.000213085 0.00026444 0.000292509 0.000327403 0.000378808 0.000442504 0.000492043 0.000546929 0.000584328 0.000645465 0.000729675 0.000797712 0.000859133 0.000929 0.00102638 0.00111266 0.00122585 0.00134221 0.00145559 0.00159561 0.00176723 0.00195784 0.00216007 0.00239828 0.00265948 0.00296167 0.00330248 0.00368455 0.00407732 0.00449079 0.00489587 0.00531167 0.00569626 0.00600207 0.00623286 0.00632496 0.00628692 0.00608817 0.00574802 0.00521018 0.00448249 0.00357883 0.00248528 0.00122905 -0.000151933 -0.00164611 -0.00322098 -0.00487393 -0.00652528 -0.00807039 -0.00949939 -0.0107186 -0.0116909 -0.0123507 -0.012699 -0.0127004 -0.0123694 -0.0117394 -0.0108656 -0.00980951 -0.0086647 -0.00746836 -0.00630293 -0.00521601 -0.00424056 -0.00338582 -0.00263788 -0.00203103 -0.00153155 -0.00110764 -0.000766963 -0.000512096 -0.000305982 -0.000167116 -4.97871e-05 3.92657e-05 8.82286e-05 0.000103064 0.000128388 0.000126607 0.000136743 0.000141398 0.000143203 0.000141763 0.000142972 0.00012875 0.000138062 0.000136834 0.000142092 0.000131316 0.000127327 0.000132108 0.000145068 0.000143197 0.000143802 0.000132207 0.000147293 0.000153161 0.000156966 0.000151336 0.000154031 0.000164294 0.000181988 0.000176829 0.000184839 0.000180099 0.000195119 0.000205898 0.000208041 0.000211292 0.000226475 0.000216868 0.000224956 0.000212657 0.000187225 0.000142865 6.93928e-05 -4.84921e-05 -0.000161833 -0.000331435 -0.000574941 -0.000895079 -0.00130166 -0.00180067 -0.00238738 -0.00311643 -0.00397789 -0.00498222 -0.00612076 -0.00735455 -0.00864633 -0.00988784 -0.0110309 -0.0120041 -0.0126995 -0.0130536 -0.0130615 -0.0126907 -0.0119658 -0.0108964 -0.00957147 -0.00800623 -0.00631045 -0.00455748 -0.00281748 -0.00115025 0.000429398 0.00186825 0.00312536 0.00421786 0.00511924 0.00581681 0.00632878 0.0066464 0.00682473 0.00683514 0.00671078 0.00645658 0.00613994 0.00576445 0.00534696 0.00493588 0.0045207 0.00412054 0.00375591 0.0034397 0.00314697 0.00288909 0.00265264 0.00246248 0.00229661 0.00215413 0.00202127 0.00190505 0.00180422 0.00171265 0.00165676 0.00158081 0.00150816 0.00145287 0.00141849 0.00137431 0.00132879 0.00129783 0.00125821 0.00124255 0.00122813 0.00119656 0.00116358 0.00116244 0.00116426 0.0011375 0.00112217 0.00111783 0.00111819 
0 6.18285e-05 0.000118165 0.00014763 0.000207858 0.000277168 0.000350342 0.000384617 0.000438939 0.000519468 0.000587241 0.000660437 0.000717592 0.000792739 0.000873205 0.00097973 0.00106541 0.00113882 0.00126053 0.0013878 0.00151894 0.001652 0.00181076 0.00198364 0.00218766 0.00243289 0.00267246 0.00294774 0.00327909 0.00365583 0.00407205 0.00451468 0.00499794 0.00551221 0.00604876 0.00658408 0.00708462 0.00752022 0.0078437 0.0080661 0.00814927 0.00802533 0.00770746 0.00718616 0.00644749 0.00548654 0.00431596 0.00295235 0.00139732 -0.000347641 -0.00225363 -0.00424393 -0.00628991 -0.00835142 -0.010346 -0.0121801 -0.0137974 -0.015105 -0.0160286 -0.0165303 -0.016592 -0.0162323 -0.0154607 -0.0143509 -0.013038 -0.0115693 -0.0100174 -0.00850813 -0.00706882 -0.00577401 -0.00463701 -0.00365854 -0.00284052 -0.00215198 -0.00156825 -0.00109176 -0.000712629 -0.000460212 -0.000264415 -0.000107503 -4.65941e-07 7.74163e-05 0.000127849 0.000148306 0.000170641 0.000180235 0.000179013 0.000183382 0.000186564 0.000174701 0.000169359 0.000173087 0.000175324 0.00018271 0.000174893 0.000165072 0.000176518 0.000184551 0.000184714 0.000180748 0.000171999 0.00018929 0.000204857 0.000203938 0.000201376 0.000198336 0.000210885 0.000231819 0.000232421 0.000232263 0.00024133 0.000253928 0.000268941 0.000280244 0.00028224 0.000281194 0.000283334 0.000265037 0.000248351 0.000229461 0.000167829 6.60681e-05 -7.36443e-05 -0.000274281 -0.00051948 -0.000860746 -0.00130161 -0.00184352 -0.00249493 -0.0032934 -0.00427832 -0.00544333 -0.0067691 -0.00828123 -0.00988808 -0.0115372 -0.0131463 -0.014592 -0.0157925 -0.0166503 -0.0170636 -0.0170049 -0.0164613 -0.0154514 -0.0140266 -0.0122588 -0.0102672 -0.00812448 -0.0058862 -0.0036638 -0.00156275 0.000407791 0.00221152 0.00381106 0.00518071 0.00633016 0.00726391 0.00797036 0.00845497 0.00872218 0.00880934 0.00871377 0.00846615 0.00812612 0.00767955 0.00716612 0.00663864 0.00611189 0.00560673 0.0051303 0.00469797 0.00429193 0.0039288 0.00362512 0.00335781 0.00313276 0.0029105 0.00272006 0.00257227 0.00243648 0.00232532 0.00221432 0.00211684 0.00201852 0.0019621 0.001914 0.00183346 0.00177788 0.00172937 0.00169762 0.00165865 0.00163264 0.00158882 0.00154887 0.00155524 0.0015417 0.00151776 0.0014912 0.00149642 0.0014948 
0 5.87981e-05 0.000133379 0.000213085 0.000277168 0.00034902 0.000414711 0.000485896 0.000576528 0.000661477 0.000734439 0.000807562 0.000914421 0.00101192 0.00111367 0.00122681 0.00133097 0.00145041 0.00159753 0.00176691 0.0019148 0.00209396 0.00230177 0.00253282 0.00280715 0.00311526 0.00343997 0.00380157 0.00424272 0.00473628 0.00526959 0.00582716 0.00642411 0.00704323 0.00768742 0.00829427 0.00884706 0.00928773 0.00957585 0.00973611 0.00970303 0.00946055 0.00896547 0.00824426 0.00727052 0.00608555 0.00471386 0.00312085 0.00130625 -0.000700299 -0.00287586 -0.00516732 -0.00756284 -0.00997897 -0.0123046 -0.0145176 -0.016496 -0.0181464 -0.019344 -0.0200485 -0.0202074 -0.0198404 -0.0189929 -0.0177459 -0.0161966 -0.0144648 -0.012617 -0.0107752 -0.00901924 -0.00741401 -0.00598683 -0.0047339 -0.00369057 -0.00281608 -0.00207341 -0.00147035 -0.00100856 -0.000647361 -0.000388623 -0.000177286 -1.73457e-05 8.33154e-05 0.000135321 0.0001867 0.000201947 0.000220822 0.000228649 0.000231735 0.000230796 0.000229585 0.000213427 0.000225168 0.000227185 0.000233697 0.00021947 0.00021187 0.000219002 0.000236729 0.000236382 0.000234872 0.000221481 0.000241362 0.000253349 0.00025973 0.00025352 0.000256363 0.000271903 0.000295922 0.000292304 0.000301214 0.000299874 0.00032265 0.000342069 0.000347904 0.000349722 0.000359919 0.000342435 0.00033883 0.000310081 0.00025944 0.000172379 3.39238e-05 -0.000172937 -0.000404477 -0.000726128 -0.0011662 -0.00173139 -0.00243353 -0.00328741 -0.00430347 -0.00554512 -0.00699788 -0.00865815 -0.0105006 -0.0124518 -0.01444 -0.0163219 -0.0180157 -0.019418 -0.0203769 -0.0207862 -0.0206251 -0.0198668 -0.0185624 -0.016767 -0.0146251 -0.0122062 -0.00965172 -0.00704863 -0.00448483 -0.00204083 0.000255209 0.00233628 0.00416308 0.00577038 0.00715224 0.00830209 0.00922411 0.00988923 0.0103378 0.010543 0.0105456 0.0103596 0.0100478 0.00959413 0.00902291 0.00841827 0.00779752 0.00718699 0.00659875 0.00604599 0.00552088 0.00505822 0.00465212 0.00430879 0.00399232 0.0037043 0.00345587 0.00326134 0.00309337 0.00292675 0.0027912 0.00265577 0.00255039 0.00247158 0.00239492 0.00229748 0.00222506 0.00218885 0.00213265 0.00207937 0.00203822 0.00200388 0.00197171 0.00195285 0.00192728 0.00189522 0.00189271 0.00188966 0.00186671 
0 6.3204e-05 0.00016581 0.00026444 0.000350342 0.000414711 0.000501816 0.000597662 0.00070618 0.000799492 0.00087377 0.000983013 0.0011081 0.00122957 0.0013361 0.00147425 0.00162264 0.00177465 0.00195628 0.00214127 0.00234293 0.00257882 0.00285131 0.00313763 0.00346581 0.00385885 0.00428293 0.0047585 0.00530095 0.00589824 0.00654822 0.00723594 0.00795334 0.00866974 0.00936344 0.0100025 0.0105479 0.0109502 0.0111531 0.0111665 0.0109608 0.0104958 0.00978693 0.00884418 0.00766577 0.00627357 0.00469695 0.00293883 0.000985397 -0.00117692 -0.00353171 -0.00602163 -0.00862379 -0.0112885 -0.0139224 -0.0164361 -0.0187419 -0.0207094 -0.0222062 -0.023148 -0.0234797 -0.0232024 -0.0223392 -0.0209841 -0.0192911 -0.0173481 -0.0152504 -0.0131386 -0.0110791 -0.00916698 -0.0074475 -0.00594057 -0.00466481 -0.00358893 -0.00268099 -0.00193661 -0.00134389 -0.000905415 -0.000561352 -0.000284817 -8.44214e-05 5.44328e-05 0.000141951 0.000192329 0.00022872 0.000250923 0.000261054 0.000272971 0.000279932 0.000269824 0.000260758 0.000264715 0.000268947 0.000276406 0.000266105 0.000255294 0.000267507 0.000279862 0.000281342 0.000275907 0.000266767 0.000287353 0.000307887 0.000310408 0.000306809 0.000305405 0.000323032 0.000350454 0.000355487 0.000357722 0.000365811 0.000381741 0.000400061 0.00041175 0.000414725 0.000415482 0.000409996 0.00038253 0.000337589 0.000268568 0.000141766 -4.41079e-05 -0.00028907 -0.000607012 -0.00101133 -0.0015581 -0.00226234 -0.00313138 -0.00417816 -0.00543657 -0.00694717 -0.00869305 -0.0106483 -0.0128079 -0.0150641 -0.0173232 -0.0194595 -0.0213291 -0.0228203 -0.0237986 -0.0241448 -0.0238236 -0.0228299 -0.0212133 -0.0190677 -0.0165327 -0.0137732 -0.0109089 -0.00801422 -0.00519285 -0.00253744 -6.27398e-05 0.00219571 0.00420672 0.00597391 0.0075235 0.0088731 0.0100111 0.0109162 0.011573 0.0119842 0.0121456 0.012086 0.0118601 0.0114508 0.0108934 0.0102518 0.00955844 0.00884814 0.00814971 0.00749027 0.00686322 0.00628589 0.00577121 0.00531403 0.0049209 0.00456559 0.00425966 0.00399977 0.00375735 0.00355342 0.00338415 0.00323844 0.00309167 0.00297493 0.00287496 0.00277033 0.002703 0.00263952 0.00256838 0.00249623 0.00246179 0.00242972 0.00238631 0.0023546 0.00231165 0.00229174 0.0022878 0.00228383 0.00224504 
0 9.18679e-05 0.000195217 0.000292509 0.000384617 0.000485896 0.000597662 0.000705243 0.000814683 0.000924876 0.00104108 0.00117604 0.00131949 0.0014473 0.00158107 0.00175119 0.00193377 0.0021204 0.00232295 0.00254471 0.00279147 0.00309389 0.00343485 0.00379073 0.00419468 0.0046755 0.00521859 0.00581925 0.00648085 0.00718879 0.00794759 0.00874859 0.00956828 0.010353 0.0110716 0.0116834 0.0121649 0.0124597 0.0125119 0.0123216 0.0118603 0.0111302 0.0101497 0.00895482 0.00755031 0.00597529 0.00426287 0.00240023 0.00037161 -0.00183187 -0.00421643 -0.00676457 -0.00947321 -0.0122855 -0.0151088 -0.0178809 -0.0204845 -0.0227743 -0.0245849 -0.0258066 -0.0263552 -0.0262182 -0.0254276 -0.0240754 -0.0222935 -0.020204 -0.0179104 -0.0155525 -0.0132343 -0.0110516 -0.00906163 -0.00729303 -0.00577622 -0.00448431 -0.00338715 -0.00248366 -0.00176802 -0.00121279 -0.000785309 -0.000443733 -0.000186215 -8.55777e-06 0.000106151 0.000190142 0.000240085 0.00027556 0.000295724 0.000308852 0.000314225 0.000309107 0.000297232 0.000304302 0.000310331 0.000315207 0.000302265 0.00029285 0.000303147 0.000321578 0.000325401 0.000320339 0.000310864 0.000329318 0.000347792 0.000354881 0.000351075 0.000353902 0.000374062 0.000401475 0.000407242 0.000413741 0.000419791 0.000441781 0.000463114 0.000470813 0.000468896 0.000464753 0.000441702 0.000409115 0.000346818 0.000246246 8.47358e-05 -0.000151119 -0.000469614 -0.000862743 -0.00137518 -0.00205088 -0.00290722 -0.00395526 -0.00521241 -0.00670514 -0.00847516 -0.0105036 -0.01276 -0.0151993 -0.0177162 -0.0201961 -0.022486 -0.0244577 -0.0259838 -0.0269068 -0.0271069 -0.0265563 -0.0252662 -0.0233184 -0.0208343 -0.0179924 -0.0149451 -0.0118404 -0.00877235 -0.00583013 -0.00308022 -0.000533578 0.00178294 0.00386175 0.00574062 0.00744185 0.0089718 0.0103207 0.0114593 0.0123817 0.0130529 0.0134589 0.0136017 0.0135237 0.0132233 0.0127334 0.0121181 0.011401 0.0106197 0.00982255 0.00905383 0.00831932 0.00762985 0.006988 0.00641248 0.00591176 0.00547971 0.00510474 0.00477161 0.00446489 0.00420738 0.00401548 0.00384189 0.00366437 0.00350668 0.00338324 0.00327754 0.00319057 0.0031009 0.00300212 0.00293051 0.00289044 0.00284 0.00277901 0.0027408 0.00271156 0.0026851 0.00266923 0.00265909 0.00263902 
0 0.000126372 0.000233166 0.000327403 0.000438939 0.000576528 0.00070618 0.000814683 0.000930983 0.00106988 0.00121716 0.0013632 0.00151548 0.0016708 0.00184372 0.00203826 0.00224285 0.00246676 0.00271832 0.00299276 0.00329016 0.00364829 0.00406264 0.00451237 0.00501425 0.00559074 0.00624575 0.00697567 0.00777324 0.00861088 0.00948048 0.0103755 0.0112673 0.0120951 0.012805 0.0133464 0.0136902 0.0137904 0.0136066 0.0131333 0.0123541 0.0112917 0.00999336 0.00852177 0.00690372 0.00517907 0.00337953 0.00149412 -0.00050163 -0.0026371 -0.00493931 -0.00742296 -0.0101051 -0.0129548 -0.015897 -0.0188607 -0.0217159 -0.0242991 -0.0264258 -0.0279556 -0.0287841 -0.0288704 -0.0282344 -0.0269615 -0.0251776 -0.0230118 -0.0205822 -0.0180312 -0.0154868 -0.0130536 -0.0108067 -0.00878766 -0.00702737 -0.00550915 -0.00421086 -0.00313203 -0.00227142 -0.00159627 -0.00107189 -0.000653763 -0.000331706 -0.000100621 5.79727e-05 0.000173211 0.000245338 0.00029378 0.000323226 0.000341608 0.000349852 0.000346944 0.000338268 0.00034501 0.000353771 0.000357302 0.000345418 0.00033662 0.000345876 0.000363953 0.000369093 0.00036313 0.000357262 0.000374566 0.000395212 0.000404533 0.000402122 0.000406123 0.000427008 0.000453429 0.000463089 0.000469747 0.000478067 0.000500745 0.000523104 0.000530578 0.000524739 0.000509813 0.000472132 0.000417885 0.000328736 0.000192124 -1.32107e-05 -0.000306378 -0.00069921 -0.00119055 -0.00182622 -0.00264486 -0.00366759 -0.00490611 -0.00638024 -0.0081187 -0.0101522 -0.0124542 -0.0149809 -0.0176606 -0.0203822 -0.0230122 -0.0253925 -0.027385 -0.0288502 -0.029631 -0.0296155 -0.0287799 -0.0271638 -0.0248785 -0.0220796 -0.0189678 -0.015712 -0.0124606 -0.00931278 -0.00635613 -0.00364435 -0.0011719 0.00107824 0.00313405 0.0050487 0.00684866 0.00853631 0.0100943 0.0114915 0.0127147 0.013715 0.0144473 0.0148803 0.0150271 0.0148976 0.0145333 0.0139927 0.0133 0.0124873 0.0116129 0.0107364 0.00988813 0.00908477 0.0083281 0.00763454 0.00701207 0.00646986 0.00600463 0.00560128 0.00523769 0.00491903 0.004663 0.00444042 0.00423872 0.0040625 0.0039123 0.00377872 0.00366474 0.00356313 0.00346381 0.00338798 0.00332869 0.00325819 0.00319229 0.0031587 0.00313417 0.00309415 0.00305688 0.00304121 0.00303901 
0 0.000136651 0.000263231 0.000378808 0.000519468 0.000661477 0.000799492 0.000924876 0.00106988 0.00123586 0.00139015 0.00154973 0.00171632 0.00191486 0.00212323 0.00234139 0.00257292 0.00283227 0.00314281 0.00347568 0.00384556 0.00426232 0.00474985 0.005302 0.00592145 0.00662116 0.00739592 0.00825454 0.00918232 0.0101534 0.0111395 0.0121187 0.0130475 0.0138694 0.0145083 0.0149249 0.0150657 0.0149005 0.0144019 0.0135597 0.0123992 0.0109469 0.00930728 0.00754903 0.00573403 0.00389171 0.00204939 0.000217757 -0.0016382 -0.00358417 -0.00567638 -0.00797458 -0.0105163 -0.0133067 -0.0162956 -0.019369 -0.0224192 -0.0252598 -0.0277051 -0.0295732 -0.0307401 -0.031126 -0.0307218 -0.0296008 -0.0279025 -0.0257347 -0.0232405 -0.0205667 -0.0178408 -0.0151848 -0.0126899 -0.0104234 -0.00841469 -0.00666791 -0.00517062 -0.00391504 -0.0028886 -0.00208365 -0.00143307 -0.000915165 -0.000518361 -0.000224588 -1.27829e-05 0.000124228 0.000229582 0.000294757 0.000337971 0.000369103 0.000385179 0.000379757 0.000380491 0.000382206 0.000394301 0.000397272 0.000389124 0.000379477 0.000390219 0.000402648 0.000409964 0.000402501 0.000402755 0.000417761 0.000443629 0.000451727 0.000453695 0.000457293 0.000477812 0.00050273 0.000520421 0.000522809 0.000538986 0.000555348 0.00057255 0.000579334 0.000568883 0.000538583 0.000498164 0.000411632 0.000287744 0.000103559 -0.000168465 -0.000539302 -0.00100854 -0.00161432 -0.00237251 -0.00334019 -0.00454539 -0.00599783 -0.00770786 -0.00970612 -0.011995 -0.014546 -0.0172936 -0.0201656 -0.0230333 -0.0257429 -0.0281503 -0.0300804 -0.0313865 -0.031934 -0.0316286 -0.0304569 -0.0284993 -0.0258838 -0.0228051 -0.0194545 -0.0160559 -0.0127461 -0.00962947 -0.00678775 -0.00424852 -0.001975 0.000104027 0.00205219 0.00391627 0.00574574 0.00755383 0.0093145 0.0110057 0.0125656 0.0139476 0.0150542 0.0158447 0.0163003 0.0164283 0.0162672 0.015851 0.0152218 0.0144188 0.0135082 0.0125518 0.0115943 0.0106624 0.00978615 0.00896963 0.00822996 0.00756178 0.00698398 0.00649257 0.00606285 0.00568882 0.00535019 0.00506757 0.0048304 0.00464252 0.00446555 0.0042897 0.00414791 0.00403668 0.00394921 0.00385353 0.00376777 0.00368878 0.00363063 0.00359499 0.00355043 0.0035059 0.00346385 0.00344706 0.00343779 
0 0.000133954 0.000277687 0.000442504 0.000587241 0.000734439 0.00087377 0.00104108 0.00121716 0.00139015 0.00156956 0.00174789 0.00195632 0.00217131 0.00241711 0.00267238 0.00294492 0.00325004 0.00359233 0.00400223 0.00445249 0.00495745 0.00552147 0.00617711 0.00693431 0.00777351 0.00869341 0.00967647 0.010724 0.0118168 0.012907 0.0139446 0.0148676 0.0156133 0.0161264 0.0163426 0.0162242 0.0157226 0.0148338 0.013567 0.0119593 0.0101114 0.00811035 0.00606716 0.0040542 0.00213007 0.000324312 -0.00137823 -0.00302089 -0.00466649 -0.00642376 -0.0084156 -0.0107231 -0.0133536 -0.0162642 -0.0193951 -0.0225871 -0.0256656 -0.0284244 -0.0306611 -0.0322055 -0.0329432 -0.0328544 -0.0319926 -0.0304363 -0.0283469 -0.025861 -0.0231089 -0.0202663 -0.0174407 -0.0147357 -0.0122341 -0.00998568 -0.00800541 -0.00628833 -0.00483316 -0.00364227 -0.00266212 -0.00188506 -0.00126311 -0.000770018 -0.000408275 -0.000149647 4.80985e-05 0.00017713 0.000271925 0.000340821 0.000380555 0.000398975 0.000409518 0.000405366 0.0004131 0.000425936 0.000424413 0.000416257 0.000414078 0.000417361 0.00043721 0.000444477 0.000439028 0.000442295 0.000454478 0.000472557 0.000489401 0.000489168 0.000499714 0.000522545 0.000544563 0.000562108 0.000574672 0.000581535 0.000601559 0.000615221 0.000608988 0.00058803 0.000549881 0.000472064 0.000369391 0.000204437 -4.40239e-05 -0.000380398 -0.000833414 -0.00142145 -0.00213722 -0.0030505 -0.00419178 -0.00559287 -0.00726651 -0.00922247 -0.0114647 -0.0139848 -0.0167497 -0.0196989 -0.0227032 -0.0256568 -0.0283918 -0.0307188 -0.0324996 -0.0335717 -0.0338007 -0.0331272 -0.0315736 -0.0292465 -0.02631 -0.0229718 -0.0194748 -0.015994 -0.0127079 -0.00974418 -0.00714826 -0.00488972 -0.00289974 -0.00108857 0.000639912 0.00238083 0.00418449 0.00606626 0.00801852 0.00999208 0.0119274 0.0137008 0.0152268 0.016432 0.0172748 0.0177545 0.0178652 0.0176407 0.0171259 0.016384 0.0154873 0.0144885 0.0134376 0.0123811 0.0113625 0.0104249 0.00955621 0.0087725 0.00807008 0.0074588 0.00694774 0.00650002 0.00611389 0.00576182 0.00547906 0.00524592 0.00503805 0.00484709 0.0046676 0.00454038 0.0044244 0.004318 0.00420899 0.00412776 0.00407176 0.00400776 0.00395384 0.00390531 0.0038884 0.00386346 0.00384094 
0 0.00014526 0.000317389 0.000492043 0.000660437 0.000807562 0.000983013 0.00117604 0.0013632 0.00154973 0.00174789 0.00197971 0.00220226 0.00244643 0.00271379 0.00301438 0.00334768 0.0037 0.00410743 0.00457379 0.0051253 0.00572493 0.00639979 0.00718215 0.00807021 0.00905425 0.0101133 0.0112371 0.0124068 0.0136043 0.0147642 0.015814 0.0166767 0.0173109 0.0176291 0.0175974 0.0171294 0.0162092 0.0148594 0.0131042 0.0110497 0.00876203 0.00639902 0.00406395 0.00189192 -6.53492e-05 -0.00178403 -0.00325758 -0.00456629 -0.0058459 -0.00721137 -0.00880868 -0.0107394 -0.0130913 -0.0158806 -0.0189749 -0.0222682 -0.0255471 -0.0286063 -0.0311995 -0.0331559 -0.0343149 -0.0346081 -0.0340568 -0.0327637 -0.0308195 -0.0283976 -0.0256484 -0.0227269 -0.0197733 -0.0169055 -0.0142164 -0.0117407 -0.00951999 -0.00757086 -0.00589685 -0.00449184 -0.00336536 -0.00243794 -0.00169633 -0.00111331 -0.000658822 -0.000310388 -7.95657e-05 0.000109925 0.000231092 0.000316438 0.000377569 0.000411668 0.000417345 0.000435606 0.000434176 0.000448615 0.000447798 0.000445651 0.000441459 0.000453537 0.000461663 0.000473792 0.000468491 0.000478121 0.000484959 0.000510065 0.000517929 0.000527891 0.000538036 0.000558891 0.000579688 0.000607652 0.000607725 0.000630145 0.000636897 0.000640487 0.000634791 0.000600688 0.000525747 0.000438186 0.000272006 5.64436e-05 -0.000244221 -0.000660631 -0.00120896 -0.00189296 -0.00278102 -0.00386833 -0.00520643 -0.0068204 -0.00871694 -0.0108933 -0.0133679 -0.0161066 -0.0190678 -0.0221541 -0.0252555 -0.0282244 -0.0308745 -0.0330694 -0.0346108 -0.0353471 -0.0351916 -0.0341144 -0.0321445 -0.0294411 -0.0261875 -0.0226424 -0.0190129 -0.0155652 -0.0124267 -0.00969608 -0.00740894 -0.00552291 -0.0039442 -0.00250429 -0.00106233 0.000463297 0.00216969 0.00409748 0.00621643 0.00848336 0.0107582 0.0129615 0.0149459 0.0166382 0.0179414 0.0188227 0.0192766 0.0193017 0.0189787 0.0183617 0.0175206 0.0165089 0.0153936 0.0142321 0.0131001 0.0120203 0.0110219 0.0101004 0.00927405 0.00854082 0.00790808 0.00738078 0.00691391 0.00652106 0.00616732 0.00586963 0.00562051 0.00541657 0.00523319 0.00505267 0.00491244 0.00478532 0.0046837 0.00459648 0.00451714 0.00443822 0.00437013 0.00433985 0.00431245 0.00428558 0.00425509 
0 0.000186121 0.00036015 0.000546929 0.000717592 0.000914421 0.0011081 0.00131949 0.00151548 0.00171632 0.00195632 0.00220226 0.00247012 0.00274038 0.00305051 0.00338148 0.00376678 0.00420979 0.00468525 0.00523212 0.00585577 0.00657636 0.00738912 0.00831634 0.00934195 0.010451 0.011659 0.0129294 0.0142217 0.0154983 0.0166789 0.017688 0.018453 0.0189088 0.0189849 0.018605 0.0177253 0.0163225 0.0144569 0.0121885 0.00962883 0.00692582 0.00419828 0.00159699 -0.000721341 -0.00265643 -0.00419167 -0.00537383 -0.00630934 -0.00711907 -0.007982 -0.00909973 -0.010619 -0.012625 -0.0151547 -0.0181684 -0.0214989 -0.0249473 -0.0282831 -0.0312415 -0.0336054 -0.0351963 -0.0359299 -0.0357949 -0.0348013 -0.0330992 -0.0308362 -0.0281415 -0.0252209 -0.0221966 -0.0191889 -0.0163129 -0.0136267 -0.0111843 -0.00901358 -0.0071277 -0.00553527 -0.00419517 -0.00310633 -0.00222511 -0.00151091 -0.000961665 -0.000546888 -0.000229762 -5.48734e-06 0.000158826 0.000280466 0.000354051 0.000394719 0.000428287 0.000443267 0.000456528 0.00047361 0.000468316 0.000466493 0.000471549 0.000469606 0.000486494 0.000495947 0.000494518 0.000508996 0.00051496 0.000528412 0.000550635 0.000557609 0.000576561 0.00059891 0.000612166 0.000633357 0.000646603 0.000652598 0.000663926 0.000661923 0.000635941 0.000584404 0.000495034 0.000349411 0.000154093 -0.000124893 -0.00051805 -0.00102625 -0.00168472 -0.00252129 -0.00354408 -0.00481495 -0.00635532 -0.00818987 -0.0103236 -0.0127489 -0.0154464 -0.0183632 -0.0214599 -0.0246486 -0.0277574 -0.0306663 -0.0331852 -0.0351231 -0.0363494 -0.0367075 -0.0361201 -0.03459 -0.0321934 -0.0291128 -0.0255698 -0.0218362 -0.0181853 -0.0148046 -0.0118647 -0.00947785 -0.00762533 -0.00619817 -0.00506981 -0.00408051 -0.00304348 -0.00179645 -0.00022755 0.00169586 0.00395285 0.00646355 0.00910898 0.0117312 0.0142133 0.0164269 0.0182364 0.0195899 0.0204384 0.0208015 0.0207389 0.0203106 0.0195706 0.0185809 0.0174356 0.0162137 0.0149773 0.0137729 0.0126149 0.0115538 0.0105953 0.00973552 0.00899252 0.00833615 0.00778305 0.00730892 0.00691078 0.00654434 0.00623369 0.00600786 0.00579491 0.00560068 0.00541819 0.00528928 0.00517534 0.00507707 0.00498453 0.00488723 0.0048362 0.00478628 0.00474699 0.00470013 0.00468615 
0 0.000214057 0.000402506 0.000584328 0.000792739 0.00101192 0.00122957 0.0014473 0.0016708 0.00191486 0.00217131 0.00244643 0.00274038 0.00307486 0.0034258 0.00379591 0.00424419 0.00476693 0.00534103 0.00596635 0.00670351 0.00755013 0.0085103 0.00958755 0.0107515 0.0120036 0.0133528 0.0147537 0.0161308 0.0174339 0.01859 0.0195177 0.0201233 0.0203415 0.0200705 0.0192845 0.0179258 0.0160106 0.0136098 0.0107942 0.00774155 0.00459573 0.00154597 -0.00126583 -0.00365209 -0.00552405 -0.00686069 -0.00768446 -0.00813695 -0.00842837 -0.00875321 -0.00933489 -0.0103412 -0.0119271 -0.0141788 -0.0170095 -0.0203152 -0.0238816 -0.0274725 -0.0307845 -0.0335876 -0.035653 -0.0368525 -0.0371429 -0.0365545 -0.035162 -0.0331287 -0.030589 -0.0277153 -0.024662 -0.0215738 -0.0185687 -0.0157039 -0.0130546 -0.0106649 -0.0085537 -0.00672507 -0.00519582 -0.00391493 -0.00287311 -0.00203561 -0.00136873 -0.000847215 -0.000476219 -0.000174851 3.68034e-05 0.000192051 0.000300959 0.000365363 0.000399076 0.000436807 0.00044351 0.000463067 0.000466524 0.000475681 0.000481387 0.000486466 0.00048516 0.00049405 0.000495318 0.000517138 0.000524437 0.000547543 0.000560201 0.000575533 0.000590482 0.000605474 0.000617873 0.000648883 0.000653024 0.000672208 0.000664329 0.000640789 0.000602991 0.000526281 0.000392169 0.000223497 -4.68489e-05 -0.000398468 -0.000873759 -0.00149791 -0.00228898 -0.00326157 -0.00448355 -0.005955 -0.00771199 -0.00977027 -0.0121312 -0.0147705 -0.0176658 -0.0207429 -0.0239397 -0.0271419 -0.0302075 -0.032982 -0.035265 -0.0369149 -0.0377498 -0.0376364 -0.0365529 -0.0345516 -0.0317247 -0.0282942 -0.0244988 -0.0206428 -0.0169702 -0.0137512 -0.0111149 -0.00913021 -0.00775073 -0.00684938 -0.00627533 -0.00579137 -0.00517536 -0.00427134 -0.00292587 -0.00107197 0.00126553 0.00401319 0.00698212 0.0100408 0.0130105 0.0157544 0.0180961 0.0199591 0.0212943 0.0220648 0.0223339 0.0221429 0.02156 0.0206613 0.0195482 0.018298 0.0169839 0.0156485 0.0143571 0.0131546 0.0120597 0.0110627 0.0101838 0.0094168 0.00873704 0.0081792 0.00770983 0.00729456 0.00692438 0.00663052 0.00638308 0.00615897 0.00597553 0.00581142 0.00566688 0.00554629 0.00544721 0.00535782 0.00529172 0.00523696 0.00517164 0.0051303 0.00512931 
0 0.000222881 0.000426193 0.000645465 0.000873205 0.00111367 0.0013361 0.00158107 0.00184372 0.00212323 0.00241711 0.00271379 0.00305051 0.0034258 0.0038426 0.00428349 0.0047988 0.00539313 0.00604675 0.00679767 0.00767027 0.00865551 0.00974749 0.0109716 0.0122962 0.0137012 0.0151863 0.0166845 0.0181038 0.0193934 0.0204769 0.0212606 0.0216432 0.0215371 0.020863 0.0195877 0.0177074 0.0152479 0.0122964 0.00894614 0.0053921 0.00184949 -0.00149525 -0.00447163 -0.00688494 -0.00862729 -0.00969003 -0.0101256 -0.010093 -0.00980227 -0.00951516 -0.00950439 -0.00997505 -0.0110867 -0.0129547 -0.0155677 -0.0188008 -0.0224498 -0.0262586 -0.0299002 -0.0331055 -0.0356359 -0.0373376 -0.0381299 -0.0379723 -0.0369604 -0.0352278 -0.032895 -0.0301555 -0.027158 -0.0240419 -0.0209413 -0.0179273 -0.0150885 -0.0124867 -0.010155 -0.00810828 -0.00634798 -0.00487219 -0.00365877 -0.00266587 -0.00187299 -0.00125037 -0.000775354 -0.000410115 -0.000138225 6.52486e-05 0.000202513 0.000290006 0.000357702 0.000403961 0.00042447 0.000442752 0.000440542 0.000450096 0.000464905 0.000465898 0.000476309 0.000488708 0.000496076 0.000518204 0.000518178 0.000525074 0.000544685 0.000561986 0.000588571 0.000609119 0.000617577 0.00064062 0.00064889 0.000649288 0.000634137 0.000595495 0.00053062 0.000423537 0.000253601 1.54842e-05 -0.000312532 -0.000748234 -0.00133238 -0.00207712 -0.00301165 -0.00416612 -0.0055747 -0.00726588 -0.00925295 -0.0115397 -0.0141185 -0.0169586 -0.0200119 -0.0231856 -0.0264205 -0.029602 -0.0325509 -0.0351181 -0.0371074 -0.0383525 -0.0387295 -0.0381245 -0.0365406 -0.034055 -0.0308037 -0.0270329 -0.0230155 -0.019075 -0.0154948 -0.012488 -0.0101967 -0.00868434 -0.00785694 -0.00753197 -0.00751981 -0.00758583 -0.00746537 -0.006943 -0.00584754 -0.00411518 -0.00175699 0.00114794 0.00442631 0.00788681 0.0113445 0.0146141 0.0175022 0.019923 0.0217899 0.0230481 0.0237102 0.0238232 0.0234634 0.0227219 0.0216949 0.0204553 0.01908 0.017645 0.0162307 0.0149047 0.0136665 0.0125112 0.0114918 0.0105987 0.00981603 0.00914167 0.00858268 0.00809776 0.00767319 0.00732014 0.00700376 0.00675343 0.00654913 0.00636421 0.0061746 0.00603226 0.00593617 0.00583578 0.00575692 0.0056834 0.00562825 0.00558391 0.00557785 
0 0.000229714 0.000469496 0.000729675 0.00097973 0.00122681 0.00147425 0.00175119 0.00203826 0.00234139 0.00267238 0.00301438 0.00338148 0.00379591 0.00428349 0.00481837 0.0054152 0.00608584 0.0068498 0.00774747 0.00877419 0.00989983 0.011135 0.0125157 0.0139964 0.015535 0.0171174 0.0186693 0.0200926 0.0213227 0.0222721 0.0228354 0.022917 0.0224373 0.021311 0.0195127 0.0170605 0.0140223 0.0105122 0.00664483 0.00263208 -0.00128841 -0.00489082 -0.00797487 -0.0103404 -0.0118931 -0.0126373 -0.0126351 -0.0120677 -0.0111881 -0.0102823 -0.00964563 -0.00952267 -0.0101242 -0.0115976 -0.0139408 -0.0170462 -0.0207166 -0.0246844 -0.0286093 -0.032202 -0.0351958 -0.037402 -0.0387064 -0.0390459 -0.0384759 -0.0371117 -0.035066 -0.0325173 -0.0296269 -0.0265472 -0.0234079 -0.0202882 -0.0172898 -0.0144934 -0.0119455 -0.00967193 -0.00769277 -0.00600819 -0.00460438 -0.0034441 -0.00249859 -0.00174526 -0.00116803 -0.000716301 -0.000377103 -0.000123495 5.60959e-05 0.000176905 0.000268516 0.00033586 0.000365964 0.000388286 0.000395486 0.00041422 0.000433846 0.000435443 0.000437231 0.000447072 0.000460083 0.000486339 0.000489836 0.00049792 0.000516088 0.000537584 0.000563295 0.000577672 0.000582709 0.000603019 0.000607181 0.000601512 0.000567999 0.000505119 0.000414412 0.000269515 4.64874e-05 -0.00025739 -0.000673834 -0.00121272 -0.00191352 -0.00279738 -0.00388978 -0.00522552 -0.00684888 -0.00877263 -0.0109943 -0.0135014 -0.0162763 -0.0192797 -0.0224514 -0.02569 -0.0289143 -0.0319962 -0.0347574 -0.0370344 -0.0386399 -0.0394346 -0.0393062 -0.0381728 -0.0360759 -0.0331278 -0.0294855 -0.0254162 -0.0212239 -0.0172525 -0.0137935 -0.0110656 -0.00918434 -0.00816993 -0.00790042 -0.00817998 -0.00879354 -0.00945378 -0.0098528 -0.00974826 -0.00895316 -0.00738906 -0.00505929 -0.00204272 0.00147968 0.00531058 0.00923603 0.013032 0.016476 0.019458 0.0218784 0.0236544 0.0247765 0.025273 0.0252152 0.0246938 0.0238024 0.0226252 0.0212541 0.0197734 0.0182669 0.0168089 0.0154198 0.0141125 0.012944 0.0119118 0.0109979 0.0102021 0.0095259 0.00894496 0.00845699 0.00805358 0.00768417 0.00737852 0.00714127 0.00693613 0.00673159 0.00657318 0.00645943 0.00633982 0.00623992 0.00616578 0.00611554 0.00606475 0.00603292 
0 0.000250046 0.000520363 0.000797712 0.00106541 0.00133097 0.00162264 0.00193377 0.00224285 0.00257292 0.00294492 0.00334768 0.00376678 0.00424419 0.0047988 0.0054152 0.00610643 0.00689139 0.00779364 0.00882593 0.00999291 0.0112681 0.0126674 0.0142047 0.0158216 0.0174675 0.0191102 0.0206716 0.0220512 0.0231675 0.0239173 0.0241861 0.023889 0.0229661 0.0213338 0.0189843 0.0159473 0.0123303 0.00827299 0.00391694 -0.000503207 -0.00474009 -0.00853128 -0.0116616 -0.0139268 -0.0152452 -0.0156394 -0.0151843 -0.0140677 -0.0125752 -0.0110234 -0.009749 -0.00903037 -0.00910841 -0.0101556 -0.0121794 -0.015107 -0.0187479 -0.0228293 -0.026998 -0.0309405 -0.0343684 -0.0370674 -0.0388875 -0.0397541 -0.039677 -0.03875 -0.0370713 -0.0347873 -0.0320688 -0.0290747 -0.0259377 -0.0227557 -0.0196433 -0.016692 -0.0139556 -0.0114598 -0.00925165 -0.00733639 -0.00572185 -0.00437979 -0.003272 -0.00237613 -0.00168347 -0.00112631 -0.000704221 -0.00038895 -0.000159985 -4.36331e-07 0.000117646 0.000213005 0.00025887 0.000290704 0.000311139 0.0003388 0.00036044 0.000364173 0.000357094 0.000366283 0.000385898 0.000414437 0.00042108 0.00043177 0.000447978 0.000476031 0.000499897 0.000505651 0.000504107 0.000517897 0.000514168 0.000502166 0.000447161 0.000354475 0.000227619 3.2735e-05 -0.000256246 -0.000632699 -0.00114542 -0.00179685 -0.0026317 -0.00368085 -0.00496069 -0.00649729 -0.00834266 -0.0104879 -0.0129288 -0.0156391 -0.0185938 -0.0217395 -0.0249939 -0.0282427 -0.0313869 -0.0342872 -0.0367816 -0.0386957 -0.0398566 -0.0401563 -0.0394928 -0.0378224 -0.0352154 -0.0318156 -0.0278108 -0.0234908 -0.0191854 -0.0152522 -0.0119665 -0.00954912 -0.00809361 -0.00760082 -0.00792552 -0.00883805 -0.010086 -0.0113411 -0.012268 -0.0126028 -0.0121442 -0.0108004 -0.00856102 -0.00549118 -0.00178373 0.00236294 0.00670287 0.0109905 0.0149818 0.0185332 0.0215264 0.0238491 0.0254824 0.026435 0.0267556 0.0265173 0.0258142 0.0247538 0.0234468 0.0219725 0.0204101 0.0188306 0.0172968 0.0158569 0.0145546 0.0133769 0.0123051 0.0113801 0.0105892 0.00990224 0.0093218 0.00884978 0.00843302 0.00806082 0.00776589 0.0075249 0.007315 0.00713893 0.00698855 0.00684672 0.00673644 0.00666752 0.00660753 0.00655042 0.00650873 
0 0.000287999 0.000569196 0.000859133 0.00113882 0.00145041 0.00177465 0.0021204 0.00246676 0.00283227 0.00325004 0.0037 0.00420979 0.00476693 0.00539313 0.00608584 0.00689139 0.00782947 0.00886842 0.0100384 0.0113448 0.0127877 0.0143466 0.016017 0.0177483 0.019473 0.0211348 0.0226468 0.0239097 0.0248437 0.0253311 0.0252452 0.024509 0.023062 0.0208869 0.0179629 0.0143621 0.0101873 0.00560399 0.000803246 -0.00397969 -0.00844218 -0.0123456 -0.0154508 -0.0175721 -0.0186232 -0.0186374 -0.0177169 -0.016062 -0.0139491 -0.0117574 -0.00984853 -0.00854185 -0.00809098 -0.00867457 -0.0103649 -0.0130643 -0.0166182 -0.0207558 -0.0251248 -0.0293723 -0.0332057 -0.0363797 -0.0387245 -0.04011 -0.0405627 -0.0401204 -0.0388535 -0.0369095 -0.0344418 -0.0315997 -0.0285321 -0.0253453 -0.022158 -0.0190778 -0.0161656 -0.0134685 -0.0110196 -0.00888051 -0.00704974 -0.00550204 -0.00421787 -0.00317548 -0.00232962 -0.00167181 -0.00115033 -0.000752381 -0.000466132 -0.000257653 -8.68216e-05 2.28587e-05 9.59297e-05 0.000134819 0.000161524 0.000198406 0.000233601 0.00023268 0.000238025 0.00024631 0.000271422 0.000300112 0.000307074 0.000303239 0.000328379 0.00035194 0.000378472 0.000385464 0.000378807 0.000377779 0.000377269 0.000330885 0.000251791 0.000123635 -5.7228e-05 -0.000309482 -0.000659659 -0.00114361 -0.00175015 -0.00253194 -0.00352362 -0.00474582 -0.00622279 -0.00799134 -0.0100572 -0.012436 -0.0150886 -0.0179816 -0.0210733 -0.0243109 -0.0275941 -0.0307875 -0.0337852 -0.0364535 -0.0386068 -0.0400944 -0.0407766 -0.0405283 -0.0393103 -0.0370999 -0.0339961 -0.0301645 -0.0258436 -0.0213344 -0.0169844 -0.0131356 -0.0100935 -0.00800957 -0.00699118 -0.00702784 -0.00795491 -0.00950715 -0.0113686 -0.0132077 -0.0146658 -0.0154494 -0.015358 -0.014286 -0.0121898 -0.00913712 -0.00529018 -0.000906711 0.00378735 0.00851039 0.0130175 0.0171383 0.0207057 0.0236072 0.0257765 0.0272323 0.0279923 0.0281101 0.0276753 0.0268049 0.0256108 0.024185 0.022605 0.0209631 0.0193202 0.0177505 0.0163126 0.0149792 0.0137626 0.0126882 0.0117836 0.0109815 0.0102866 0.0097201 0.00923155 0.00881269 0.00844503 0.00815764 0.00791376 0.00771236 0.00753326 0.00736936 0.00726293 0.00717446 0.00710257 0.00703629 0.0070105 
