0 0 0 0 0 0 0 0 0 0 0 0 0 0 0 0 0 0 0 0 0 0 0 0 0 0 0 0 0 0 0 0 0 0 0 0 0 0 0 0 0 0 0 0 0 0 0 0 0 0 0 0 0 0 0 0 0 0 0 0 0 0 0 0 0 0 0 0 0 0 0 0 0 0 0 0 0 0 0 0 0 0 0 0 0 0 0 0 0 0 0 0 0 0 0 0 0 0 0 0 0 0 0 0 0 0 0 0 0 0 0 0 0 0 0 0 0 0 0 0 0 0 0 0 0 0 0 0 0 0 0 0 0 0 0 0 0 0 0 0 0 0 0 0 0 0 0 0 0 0 0 0 0 0 0 0 0 0 0 0 0 0 0 0 0 0 0 0 0 0 0 0 0 0 0 0 0 0 0 0 0 0 0 0 0 0 0 0 0 0 0 0 0 0 0 0 0 0 0 0 
0 4.14896e-05 5.40299e-05 5.22362e-05 7.63324e-05 0.000114747 0.000150279 0.000163492 0.000162518 0.000185036 0.000232066 0.000275055 0.000285301 0.000299673 0.000341551 0.000402002 0.000466575 0.000513276 0.000562067 0.000636162 0.000752978 0.000882146 0.00100625 0.00114679 0.00132266 0.00155015 0.00180927 0.00207911 0.00235542 0.00264415 0.00294746 0.00324699 0.00350047 0.00367136 0.00373503 0.00369669 0.00352637 0.00320776 0.00272712 0.00205649 0.0012231 0.000254606 -0.000789053 -0.00188209 -0.00298144 -0.00404081 -0.00500485 -0.00581322 -0.00642538 -0.00679678 -0.0069082 -0.00678894 -0.00646373 -0.00594963 -0.00529387 -0.00453615 -0.00374488 -0.00295264 -0.00221086 -0.00156034 -0.00102991 -0.000611987 -0.000314872 -0.000126556 -1.80655e-05 3.86126e-05 5.84653e-05 5.97079e-05 5.83023e-05 5.85985e-05 6.76998e-05 7.88624e-05 8.72491e-05 8.60862e-05 9.09322e-05 8.82321e-05 8.51874e-05 7.85619e-05 8.26064e-05 8.49996e-05 8.58497e-05 8.14803e-05 7.87265e-05 6.95297e-05 7.51176e-05 7.03983e-05 6.67388e-05 6.69837e-05 6.28344e-05 5.63717e-05 6.14409e-05 5.76484e-05 6.28683e-05 6.38996e-05 5.97639e-05 5.6661e-05 6.02595e-05 5.90563e-05 6.0713e-05 5.81136e-05 5.83118e-05 6.0145e-05 6.95909e-05 6.79815e-05 6.81578e-05 6.97654e-05 7.01123e-05 7.32646e-05 7.98889e-05 7.34838e-05 8.17607e-05 8.61341e-05 8.84978e-05 9.60244e-05 0.000101733 0.000102037 0.000114027 0.000114364 0.00012254 0.00013316 0.000144806 0.00014957 0.000158515 0.000167692 0.000184982 0.000190882 0.000187053 0.000160435 0.000127706 9.23291e-05 5.82025e-05 2.12503e-05 -3.47322e-06 -2.7794e-05 -6.02476e-05 -9.79999e-05 -0.00015379 -0.00025322 -0.000419997 -0.000678532 -0.0010549 -0.00155065 -0.00216184 -0.00286079 -0.00361848 -0.00437298 -0.00509388 -0.00572782 -0.0062412 -0.00657969 -0.00669717 -0.00657655 -0.00620732 -0.00559722 -0.00479867 -0.00384983 -0.00280152 -0.00170683 -0.000607071 0.000438533 0.00139757 0.00221342 0.00287305 0.00335798 0.00368201 0.0038607 0.00389736 0.00382295 0.00365358 0.00341136 0.00313264 0.00284388 0.00255289 0.00226854 0.00200369 0.0017687 0.00155713 0.00138158 0.00123031 0.00110207 0.000994728 0.00090194 0.000832239 0.000772533 0.000726686 0.000684837 0.000651636 0.000621892 0.000596439 0.000586097 0.000571409 0.000554012 0.000537181 0.000528615 0.00052259 0.000515892 0.000509065 0.000492068 0.000486031 0.000490606 
0 5.40299e-05 7.86726e-05 0.000113588 0.00015214 0.000209222 0.000251986 0.000303852 0.000340341 0.000386003 0.000463776 0.000526192 0.000584635 0.000639814 0.000729098 0.000818912 0.00092389 0.00104016 0.00115673 0.00131489 0.00151366 0.00175353 0.0020118 0.00232056 0.00268909 0.00312628 0.00362325 0.00415972 0.00472575 0.00531242 0.00589938 0.00645549 0.00693275 0.00725226 0.00739063 0.00730216 0.00694813 0.00628684 0.00531014 0.00399758 0.00236037 0.000471257 -0.00160113 -0.00376949 -0.00594401 -0.00803336 -0.00993096 -0.0115173 -0.012723 -0.0134604 -0.0137167 -0.0134935 -0.0128274 -0.0118004 -0.0105031 -0.00902989 -0.00745558 -0.00589226 -0.00443534 -0.00314483 -0.00208526 -0.00126869 -0.000674719 -0.000302166 -7.93657e-05 2.85981e-05 8.39169e-05 0.000115496 0.000109693 0.00011008 0.000124402 0.000122479 0.000134405 0.00015311 0.00016772 0.000180411 0.000176376 0.000165029 0.000159637 0.000165434 0.00016849 0.000160191 0.000148841 0.000144711 0.000137672 0.000135314 0.000137433 0.000134083 0.0001286 0.000129717 0.000116347 0.000116251 0.000125079 0.000116571 0.000116492 0.000120818 0.000112851 0.00012776 0.000126523 0.000113569 0.000122991 0.000126199 0.000130151 0.000143497 0.000130636 0.000130662 0.00014334 0.000147349 0.000156704 0.000164835 0.000162945 0.000172652 0.000180254 0.000184463 0.00019385 0.000210045 0.000218134 0.000228441 0.000244143 0.000264989 0.000289818 0.000311596 0.000322972 0.000335487 0.000350591 0.000359392 0.000336732 0.00030068 0.000258072 0.000185863 0.000113793 3.71335e-05 -4.42667e-05 -9.78229e-05 -0.000154073 -0.000233458 -0.000343716 -0.000546192 -0.000872789 -0.00139972 -0.002147 -0.00311689 -0.00432515 -0.00571227 -0.0071862 -0.00869041 -0.0101326 -0.0114077 -0.0123996 -0.0130363 -0.0132646 -0.0130244 -0.012295 -0.0110925 -0.00951624 -0.00764355 -0.00556728 -0.00340152 -0.00125341 0.000805825 0.00268278 0.00431186 0.00562705 0.00659995 0.00725659 0.00761381 0.0077103 0.00758104 0.00727069 0.00680328 0.00625267 0.00568028 0.00510961 0.00454962 0.00402961 0.00354802 0.00312298 0.00277066 0.00247581 0.00223223 0.00200852 0.00183104 0.00168355 0.00157906 0.00148417 0.00139324 0.00132428 0.0012541 0.00121332 0.00117118 0.00113696 0.00108992 0.00106127 0.00104909 0.00102269 0.00101343 0.000996067 0.000987085 0.000973749 0.000981449 
0 5.22362e-05 0.000113588 0.000187948 0.000267765 0.000308778 0.000363423 0.000452788 0.000537434 0.000611705 0.000682074 0.000772001 0.000865825 0.00099093 0.00111748 0.00122806 0.00137789 0.00156535 0.00178727 0.00202447 0.00231491 0.00265719 0.00306245 0.00355815 0.00412063 0.00476289 0.00548005 0.00627237 0.00712496 0.00799474 0.00883962 0.00961934 0.010269 0.0107183 0.0108849 0.0107327 0.0101581 0.00913235 0.00766019 0.00569897 0.00330658 0.00052776 -0.00250272 -0.00569618 -0.00889931 -0.0119569 -0.0147168 -0.0170327 -0.018805 -0.0199089 -0.0202747 -0.0199561 -0.0190128 -0.0175077 -0.0155913 -0.0133954 -0.0111059 -0.00881544 -0.00666044 -0.00475749 -0.00319614 -0.00196871 -0.00109396 -0.000532287 -0.000195077 -1.89878e-06 9.03773e-05 0.000124315 0.000133607 0.000132651 0.000146584 0.000168561 0.000195587 0.000212189 0.000248148 0.000260782 0.000260675 0.000241649 0.000243342 0.000242413 0.000241275 0.000231425 0.00022791 0.00020882 0.000221799 0.000207123 0.000195091 0.000195007 0.000187066 0.000175116 0.000188519 0.000178054 0.000186449 0.000182038 0.000167177 0.000160311 0.000174706 0.000181386 0.000191543 0.000185177 0.000181671 0.000179841 0.000197615 0.000192538 0.00019461 0.000204807 0.000213719 0.000226418 0.000242974 0.000224472 0.000241229 0.000252873 0.000262869 0.000286083 0.000302979 0.000304102 0.000331292 0.000332594 0.000358384 0.000396191 0.000438824 0.000460952 0.000483351 0.00049715 0.0005243 0.000523275 0.000502753 0.000433701 0.000351491 0.00025499 0.000147587 2.03668e-05 -8.27076e-05 -0.000179185 -0.000287335 -0.000404909 -0.00057479 -0.000879116 -0.00139007 -0.00217251 -0.00328441 -0.00472445 -0.00648674 -0.00850757 -0.0107098 -0.0129251 -0.0150436 -0.0168952 -0.0183638 -0.019302 -0.0196002 -0.0192264 -0.0181585 -0.0164116 -0.0141116 -0.0113633 -0.00832084 -0.00515226 -0.00198703 0.00102138 0.00379069 0.0061795 0.00814143 0.00961437 0.0106199 0.0111951 0.0113613 0.0112105 0.0107875 0.010141 0.00936305 0.00853477 0.00769528 0.00687446 0.00610217 0.00539941 0.0047595 0.00422543 0.00377206 0.003389 0.00306165 0.00277768 0.00256162 0.00238072 0.00223407 0.00209725 0.0019899 0.00190028 0.00182091 0.00176712 0.001702 0.00164692 0.00161026 0.00158574 0.00154806 0.00151404 0.0015072 0.00148853 0.00147563 0.0014705 
0 7.63324e-05 0.00015214 0.000267765 0.000356888 0.000429341 0.000493537 0.000615672 0.000728269 0.000819165 0.000927007 0.00103224 0.00117356 0.00132764 0.00150529 0.00166159 0.00186348 0.00213064 0.00242488 0.00276768 0.00315997 0.00363509 0.00418994 0.00486065 0.00562206 0.00647164 0.00741559 0.00844995 0.00955088 0.0106667 0.0117331 0.0126943 0.0134854 0.0139884 0.0141481 0.0138681 0.0130619 0.0116659 0.00968695 0.00711403 0.00397691 0.000383404 -0.00355314 -0.00767823 -0.0118094 -0.0157581 -0.0193251 -0.0223035 -0.024571 -0.0259791 -0.0264942 -0.026116 -0.0248984 -0.0229715 -0.0205032 -0.0176807 -0.0146711 -0.0116821 -0.00889187 -0.00641843 -0.00437299 -0.00277589 -0.00159758 -0.000831875 -0.000362116 -0.000117708 1.12066e-05 8.50392e-05 0.000100516 0.000125605 0.000174042 0.000198533 0.000238678 0.000281965 0.000314147 0.000336433 0.000332316 0.000317631 0.000316472 0.000330934 0.000336477 0.000321666 0.000301353 0.00029103 0.000280659 0.000275054 0.000275486 0.000269005 0.000256954 0.000253519 0.000232713 0.00023267 0.000249327 0.000240344 0.000239637 0.000243987 0.000231231 0.000250447 0.000246343 0.000226056 0.00024146 0.000252515 0.000266286 0.000288281 0.000268569 0.000266825 0.000284594 0.000293347 0.000310972 0.000324716 0.000327467 0.000347261 0.000363066 0.000374806 0.00039282 0.000420911 0.000441539 0.000463646 0.000494478 0.000532607 0.000574441 0.000611057 0.000635314 0.000662466 0.000692854 0.000702492 0.000650664 0.000561333 0.000450758 0.000291914 0.000133462 -2.74909e-05 -0.000186738 -0.00030694 -0.000440864 -0.000624605 -0.000879205 -0.00130956 -0.00198226 -0.00302733 -0.00448532 -0.00636212 -0.00867598 -0.0113238 -0.0141427 -0.0170086 -0.0197488 -0.0221644 -0.0240396 -0.0252237 -0.0256124 -0.0251167 -0.0237189 -0.0214595 -0.0185051 -0.0149846 -0.0110615 -0.0069466 -0.00284958 0.00106945 0.0046405 0.00775285 0.010316 0.0122864 0.0136819 0.0144991 0.0147885 0.0146369 0.0141527 0.0133894 0.0124491 0.0114114 0.0103241 0.00924039 0.00823829 0.00732183 0.00649309 0.00576266 0.00512195 0.00459331 0.00414375 0.00378625 0.00347073 0.00321238 0.00299074 0.00281363 0.00268962 0.00255536 0.00244946 0.00235215 0.00228772 0.00221809 0.00216937 0.00213024 0.00206735 0.00204067 0.00201733 0.00200381 0.00197201 0.00196577 
0 0.000114747 0.000209222 0.000308778 0.000429341 0.000534888 0.000649542 0.000779093 0.000895297 0.00102264 0.00117453 0.0013394 0.00149188 0.00168104 0.00190446 0.00213493 0.00241422 0.00273938 0.00311808 0.0035532 0.00408209 0.00469679 0.00540553 0.006248 0.00719996 0.00826509 0.00943164 0.0106896 0.0120102 0.0133252 0.0145639 0.0156565 0.0165089 0.017019 0.0170832 0.0166361 0.0155429 0.0137568 0.01129 0.00811829 0.00432225 -1.94011e-05 -0.00473949 -0.00969556 -0.0146591 -0.0193876 -0.0236452 -0.0272143 -0.0299421 -0.0316597 -0.0322782 -0.0318474 -0.0304334 -0.0281292 -0.0251488 -0.0217161 -0.0181078 -0.0145074 -0.0111245 -0.00813039 -0.00564863 -0.0036794 -0.00223668 -0.00127226 -0.000668318 -0.000313677 -0.000126352 -3.28008e-05 1.7815e-05 5.83969e-05 0.000117802 0.000182332 0.000248466 0.000299403 0.000361194 0.000390341 0.000397805 0.000385019 0.000394813 0.000402405 0.000402486 0.000386594 0.000375168 0.000352006 0.000361885 0.000344841 0.000330701 0.000327761 0.000314857 0.000298419 0.00030617 0.00029585 0.000308243 0.000303946 0.000287438 0.000279651 0.00029295 0.000303063 0.00031216 0.000302 0.000300907 0.000305545 0.000331209 0.000331835 0.000331062 0.00034097 0.000354886 0.000374141 0.000397418 0.000384001 0.000405126 0.000425572 0.000444346 0.000475443 0.000500339 0.00051231 0.00055157 0.000567625 0.000609633 0.000663794 0.00072026 0.000753401 0.000783966 0.000808023 0.000841656 0.000831466 0.000774434 0.000643953 0.000481111 0.000290503 8.61063e-05 -0.000133988 -0.000324429 -0.000505086 -0.000711903 -0.000955986 -0.00129339 -0.00183905 -0.00270167 -0.00398577 -0.00577011 -0.00805921 -0.0108431 -0.0140241 -0.0174629 -0.0209254 -0.0242221 -0.0271008 -0.0293582 -0.0307725 -0.0311864 -0.0305522 -0.0288616 -0.026164 -0.0226326 -0.0184159 -0.0137232 -0.00880008 -0.00386819 0.000834544 0.00515529 0.00892036 0.0120716 0.0145414 0.016331 0.0174441 0.0178984 0.0178292 0.0173417 0.0165191 0.0154655 0.0142633 0.0129717 0.0116699 0.0104451 0.00933132 0.0083041 0.00738781 0.00657064 0.00588057 0.00531617 0.0048441 0.0044473 0.00409124 0.0038008 0.00357285 0.0034038 0.00323965 0.00307891 0.0029657 0.002874 0.00279542 0.00272341 0.00266011 0.00259819 0.00255783 0.00253988 0.00250206 0.00247369 0.00247009 
0 0.000150279 0.000251986 0.000363423 0.000493537 0.000649542 0.000793829 0.000943561 0.00107771 0.001235 0.00144374 0.00164428 0.00184219 0.00206305 0.00234427 0.00264484 0.00299548 0.0034056 0.00386803 0.0044214 0.00507818 0.00584693 0.00672209 0.0077429 0.00889173 0.0101591 0.0115323 0.0129904 0.0144895 0.0159553 0.0173005 0.0184437 0.0192953 0.0197263 0.0196532 0.0189664 0.0175556 0.0153616 0.0124057 0.00869788 0.00429291 -0.000693935 -0.00611714 -0.0117836 -0.0174419 -0.0228261 -0.0276743 -0.031737 -0.0348468 -0.0368207 -0.0375833 -0.0371269 -0.0355109 -0.0328857 -0.0294832 -0.0255697 -0.0214058 -0.0172569 -0.0133606 -0.0098945 -0.00700049 -0.00471085 -0.00300178 -0.00184198 -0.00109494 -0.000651153 -0.000385001 -0.000219565 -0.000131147 -5.42892e-05 3.69046e-05 0.00011311 0.000205277 0.000301279 0.000385805 0.000442922 0.000460257 0.000454775 0.000460295 0.000476207 0.000480241 0.000464879 0.000445091 0.000430846 0.000421532 0.000409873 0.000403219 0.000396619 0.000384418 0.000377068 0.000360551 0.000356909 0.000368266 0.00035707 0.000348338 0.00034949 0.000348475 0.000372686 0.000375491 0.000358283 0.000366158 0.000375858 0.000392758 0.000410664 0.000397643 0.000403262 0.000428183 0.000449309 0.000472375 0.000482237 0.000490063 0.00051471 0.000539404 0.000565059 0.000592701 0.0006254 0.000658456 0.000690965 0.000738119 0.000797325 0.000857763 0.000905428 0.000935221 0.000956499 0.0009707 0.000945612 0.000848488 0.000694587 0.000503249 0.000256016 -9.77911e-06 -0.000289348 -0.000561538 -0.000802574 -0.00106229 -0.00138425 -0.00181885 -0.00249776 -0.00352997 -0.00506082 -0.00714718 -0.00979806 -0.0130175 -0.0166896 -0.0206195 -0.024603 -0.028392 -0.0317009 -0.0342447 -0.035808 -0.0362559 -0.0355105 -0.0335676 -0.0304887 -0.0264625 -0.0216609 -0.0163101 -0.0106907 -0.00507546 0.000312829 0.00527567 0.00966429 0.0133673 0.016316 0.0185046 0.0199254 0.0206281 0.0207203 0.02032 0.0194983 0.0183773 0.0170655 0.0156399 0.0141766 0.0127642 0.011432 0.0102002 0.00909925 0.00812582 0.00729151 0.006569 0.00596804 0.00545949 0.00503993 0.00468081 0.00438 0.00414506 0.00392754 0.00375181 0.00360423 0.00348584 0.00336686 0.00327533 0.00320682 0.00313358 0.00309059 0.00304854 0.00301173 0.002978 0.00298228 
0 0.000163492 0.000303852 0.000452788 0.000615672 0.000779093 0.000943561 0.00112276 0.00129815 0.00148652 0.00170868 0.00194432 0.00218965 0.00247353 0.00280695 0.00317359 0.00360833 0.00411815 0.00470032 0.00537922 0.0061847 0.00711674 0.00817007 0.00937068 0.0107057 0.0121648 0.0137235 0.0153425 0.0169668 0.0185147 0.0199006 0.021034 0.0218054 0.0220897 0.0217846 0.0208012 0.0190308 0.0164292 0.0130129 0.00879261 0.00384411 -0.00171342 -0.00770759 -0.013942 -0.0201536 -0.026056 -0.0313694 -0.0358382 -0.039264 -0.0414541 -0.0423065 -0.0418304 -0.0400904 -0.0372218 -0.033472 -0.0291358 -0.0245259 -0.019917 -0.0155694 -0.0116956 -0.00844364 -0.00584629 -0.00389797 -0.00254433 -0.00165225 -0.00109182 -0.000746056 -0.000526546 -0.000379421 -0.000251858 -0.000115221 1.8838e-05 0.000154019 0.000279309 0.000392342 0.000465495 0.000497954 0.000506024 0.000523329 0.000541667 0.000546416 0.000533314 0.000517898 0.000501908 0.000498759 0.000482694 0.000467521 0.000457657 0.000442178 0.000427892 0.000422326 0.000418758 0.000429064 0.000422797 0.000408087 0.000402078 0.000409497 0.00042639 0.000432413 0.000421388 0.000423114 0.000434931 0.000459517 0.000471364 0.000468703 0.000477595 0.000498994 0.000524031 0.000547595 0.000550901 0.000568883 0.000598384 0.000630331 0.000667055 0.000699646 0.00072888 0.000769641 0.000805643 0.000859993 0.000926886 0.000992241 0.00103792 0.00106828 0.00108734 0.0010939 0.00104551 0.000919968 0.000713631 0.000454277 0.000148281 -0.000182886 -0.000527726 -0.000855509 -0.00116937 -0.00151261 -0.00192211 -0.00246622 -0.00327817 -0.0044916 -0.00623915 -0.00859696 -0.0115777 -0.0151649 -0.0192436 -0.0236184 -0.0280302 -0.0322037 -0.0358275 -0.0386148 -0.0403182 -0.0407773 -0.0399301 -0.0377781 -0.0343963 -0.0299708 -0.0246986 -0.0188335 -0.0126707 -0.00648781 -0.000532065 0.00500044 0.00993224 0.014145 0.0175536 0.0201426 0.0219182 0.0229203 0.0232543 0.0230105 0.0222682 0.0211577 0.0198093 0.0183149 0.0167467 0.015179 0.0136587 0.0122292 0.0109475 0.00981472 0.008818 0.00793123 0.0071652 0.00653686 0.00602935 0.00559872 0.00521643 0.00489772 0.00463758 0.00443835 0.0042756 0.00411615 0.00396617 0.00386159 0.00378924 0.00371074 0.0036413 0.00358787 0.00354219 0.00350715 0.00349639 
0 0.000162518 0.000340341 0.000537434 0.000728269 0.000895297 0.00107771 0.00129815 0.00152742 0.00175281 0.00199696 0.0022735 0.00258076 0.00293376 0.00333041 0.00377697 0.00430467 0.00491971 0.00562364 0.00644162 0.00740761 0.00851136 0.00974139 0.0111128 0.0126256 0.0142638 0.0159823 0.017717 0.0194011 0.0209605 0.0223163 0.0233668 0.0239811 0.0240309 0.0234188 0.0220799 0.019931 0.0169336 0.0130882 0.00840903 0.00298483 -0.00304315 -0.0094841 -0.0161366 -0.0227495 -0.0290385 -0.0347111 -0.039493 -0.043155 -0.0455054 -0.0464356 -0.0459501 -0.0441154 -0.0410715 -0.0370689 -0.0324122 -0.0274376 -0.0224508 -0.0177377 -0.0135304 -0.00997623 -0.00711679 -0.00494836 -0.00340773 -0.00237119 -0.00169593 -0.00125789 -0.000960996 -0.000736824 -0.000538004 -0.000338835 -0.000143815 4.12148e-05 0.000209639 0.000357 0.000457764 0.000514369 0.00054437 0.000576933 0.000604947 0.000614352 0.000602691 0.000585426 0.000568187 0.000563412 0.000550379 0.000537097 0.000527091 0.000510166 0.00049016 0.000481156 0.000477298 0.000485732 0.000484922 0.000472942 0.000466314 0.000474605 0.000485584 0.000488725 0.0004808 0.000482473 0.00050086 0.000530075 0.000542137 0.000542175 0.000548289 0.000567392 0.000596331 0.000623132 0.000634196 0.000657812 0.000689312 0.000723603 0.000761621 0.000797191 0.000832856 0.000881513 0.000928797 0.00098975 0.00105871 0.00112131 0.00116261 0.00118692 0.00119641 0.00118415 0.0011065 0.000940589 0.00068074 0.000351863 -2.7407e-05 -0.000438195 -0.000860499 -0.00126451 -0.00166224 -0.00209395 -0.00260468 -0.00327116 -0.00421831 -0.00559261 -0.00752821 -0.0101142 -0.0133749 -0.017279 -0.0216984 -0.0264182 -0.0311568 -0.0356201 -0.0394812 -0.0424405 -0.0442412 -0.0447133 -0.0437869 -0.0414627 -0.0378374 -0.0331074 -0.0274953 -0.0212624 -0.0146989 -0.00808351 -0.00167321 0.00432314 0.00971468 0.014373 0.0182144 0.0212167 0.0233836 0.0247407 0.0253701 0.0253509 0.0247741 0.0237697 0.0224655 0.0209536 0.019314 0.0176303 0.0159707 0.0143872 0.0129317 0.0116187 0.0104463 0.00940673 0.00850077 0.00774199 0.00711166 0.00657976 0.00612103 0.00573408 0.00541629 0.00516095 0.004954 0.00476129 0.00459029 0.0044643 0.00436728 0.00427113 0.0041858 0.00412805 0.00408187 0.00404452 0.00402063 
0 0.000185036 0.000386003 0.000611705 0.000819165 0.00102264 0.001235 0.00148652 0.00175281 0.00202077 0.00231927 0.00264343 0.00301736 0.00343438 0.00391351 0.00445953 0.00508779 0.00582057 0.00665687 0.00763471 0.00875925 0.0100314 0.0114386 0.0129831 0.0146637 0.0164433 0.0182686 0.0200669 0.0217593 0.0232717 0.0245154 0.0253838 0.0257545 0.0254959 0.024538 0.0228026 0.020252 0.016851 0.0125975 0.00753207 0.00172505 -0.00465249 -0.0114252 -0.018368 -0.0252442 -0.0317811 -0.0376871 -0.0426784 -0.0465073 -0.0489729 -0.049974 -0.0494806 -0.0475621 -0.0443934 -0.0402146 -0.0353457 -0.0301029 -0.0248376 -0.0198468 -0.0153696 -0.0115614 -0.00849541 -0.00614211 -0.00444254 -0.00326576 -0.00247071 -0.00191738 -0.00151334 -0.0012035 -0.000923994 -0.000652772 -0.000398296 -0.000151351 8.51171e-05 0.000277618 0.000426103 0.000514494 0.000570685 0.000612824 0.000652314 0.000668837 0.000664624 0.000646198 0.000638943 0.000620841 0.000612259 0.000602137 0.000588092 0.000573707 0.000563014 0.000541534 0.000544044 0.000544849 0.000535727 0.000525739 0.000524234 0.000527543 0.000551232 0.00055498 0.000547594 0.000550746 0.000567327 0.000583802 0.000605435 0.00060474 0.000614188 0.00064421 0.000676395 0.000699279 0.000725752 0.000738999 0.000772862 0.000814262 0.000852302 0.000892639 0.000943964 0.000987523 0.0010483 0.00111176 0.00118299 0.00124299 0.00128523 0.00129684 0.00128617 0.00123322 0.00111617 0.000889634 0.000576485 0.000185205 -0.000273387 -0.000770433 -0.0012806 -0.00179535 -0.00229917 -0.00282908 -0.00344573 -0.00422615 -0.0052993 -0.00681112 -0.00891632 -0.0116922 -0.015171 -0.0193189 -0.0239988 -0.0289618 -0.0339436 -0.0386139 -0.0426475 -0.0457096 -0.0475581 -0.0480365 -0.0470518 -0.0446103 -0.0408219 -0.0358867 -0.0300519 -0.0235792 -0.0167519 -0.00985435 -0.00311616 0.00322656 0.00900453 0.0140558 0.018305 0.0217203 0.0242896 0.0260447 0.0270227 0.0273044 0.0269765 0.026161 0.0249757 0.0235108 0.0218565 0.0201143 0.0183611 0.0166625 0.015048 0.0135535 0.0122043 0.0110106 0.00997977 0.00907578 0.00829931 0.00763518 0.00709449 0.00664967 0.00625895 0.00592617 0.00564555 0.00543134 0.00524673 0.00509122 0.00495335 0.00483221 0.00474985 0.00468335 0.00463536 0.00458764 0.00455979 
0 0.000232066 0.000463776 0.000682074 0.000927007 0.00117453 0.00144374 0.00170868 0.00199696 0.00231927 0.00266592 0.00305678 0.00348193 0.0039838 0.00454778 0.00519965 0.00594534 0.00681185 0.00782366 0.00896448 0.010251 0.0116823 0.0132742 0.0149966 0.016818 0.0186843 0.0205487 0.0223463 0.023998 0.025396 0.0264407 0.0270359 0.0270697 0.0264675 0.0251215 0.0229865 0.0200116 0.0162044 0.0115791 0.00617676 9.54681e-05 -0.00653608 -0.0135179 -0.0206406 -0.0276655 -0.0343184 -0.0403188 -0.0454147 -0.0493314 -0.0518744 -0.0528915 -0.0523861 -0.050437 -0.0471912 -0.0429056 -0.037891 -0.0325053 -0.0270585 -0.0218575 -0.01718 -0.0131829 -0.00993363 -0.00744686 -0.00561215 -0.00431521 -0.00338783 -0.00272234 -0.00222281 -0.00179903 -0.00142348 -0.00107228 -0.000714777 -0.000388589 -9.39137e-05 0.000166514 0.000357519 0.000485541 0.000572204 0.000637163 0.000681798 0.000709238 0.000716083 0.000712486 0.000700569 0.00069601 0.000680773 0.000661384 0.000647569 0.000633558 0.000610955 0.00061249 0.000607523 0.00060188 0.000600525 0.000582708 0.000570911 0.000594656 0.000601458 0.000613106 0.000618848 0.000610216 0.000625176 0.000652403 0.000655504 0.000675666 0.000692001 0.000714737 0.000753273 0.000780075 0.000791483 0.000823375 0.000856843 0.000902613 0.000954895 0.00100404 0.00104641 0.00110232 0.00115891 0.00122575 0.0012976 0.00135984 0.00138888 0.00138783 0.00135109 0.0012605 0.00108088 0.000805591 0.000414394 -7.27719e-05 -0.000609029 -0.00120319 -0.00182223 -0.00243206 -0.0030549 -0.00370398 -0.00442031 -0.00530867 -0.0064873 -0.00813887 -0.0103723 -0.0132995 -0.0169543 -0.0212633 -0.0260963 -0.0312396 -0.0363686 -0.0411587 -0.0452646 -0.0483953 -0.0502859 -0.0507519 -0.0497354 -0.0472393 -0.0433864 -0.0383506 -0.0323952 -0.0257993 -0.0188383 -0.0117683 -0.00483748 0.00176192 0.00782727 0.0132234 0.0178506 0.0216538 0.0246344 0.0267921 0.0281769 0.0288242 0.0288283 0.0282784 0.0272835 0.0259453 0.0243627 0.0226281 0.0208314 0.019033 0.0172834 0.0156355 0.0141157 0.0127649 0.0115627 0.0105127 0.00958029 0.00878894 0.00814309 0.00760516 0.00715136 0.00673676 0.00640683 0.00614386 0.00594175 0.00575243 0.0055759 0.00544711 0.00534437 0.00527429 0.00519751 0.00514912 0.00511416 
0 0.000275055 0.000526192 0.000772001 0.00103224 0.0013394 0.00164428 0.00194432 0.0022735 0.00264343 0.00305678 0.0035023 0.00402354 0.00460973 0.00527604 0.00604267 0.00691766 0.00794647 0.0091204 0.0104368 0.0118785 0.0134763 0.0152362 0.0170995 0.0190222 0.0209327 0.0227833 0.0245189 0.0260424 0.0272496 0.0280235 0.0282734 0.0279268 0.0269037 0.0251555 0.0225935 0.0192242 0.0150459 0.0100822 0.00442354 -0.00186783 -0.00863529 -0.015727 -0.0229075 -0.0299583 -0.0366287 -0.0426453 -0.0477392 -0.0516478 -0.0541785 -0.055221 -0.0547101 -0.0527204 -0.0494561 -0.045141 -0.0400842 -0.0345924 -0.0290424 -0.0237434 -0.0189486 -0.0148186 -0.0114654 -0.00885033 -0.00690235 -0.00549977 -0.00448763 -0.00371674 -0.00309369 -0.00255866 -0.00205636 -0.0015781 -0.00113105 -0.000712295 -0.000324017 -1.49866e-05 0.000238303 0.000413609 0.000542712 0.000632935 0.000707417 0.000750957 0.000769233 0.000761028 0.000765767 0.000744208 0.000745439 0.000738629 0.000716621 0.000697718 0.000683236 0.000653825 0.000663046 0.000659928 0.000657527 0.000656435 0.00065577 0.000651262 0.000664667 0.000661183 0.000661307 0.000670724 0.000698682 0.000716479 0.000746226 0.000752801 0.000759026 0.000785627 0.000817158 0.000839604 0.000889312 0.000911837 0.00095414 0.0010058 0.00104676 0.00109435 0.00116056 0.00120767 0.00128422 0.00134858 0.00141176 0.00145244 0.00147063 0.00144585 0.00137859 0.00123537 0.00101054 0.000646091 0.000177315 -0.000398525 -0.00106001 -0.00177071 -0.00249322 -0.00323221 -0.00396359 -0.00470632 -0.00553281 -0.00653295 -0.00782262 -0.00955458 -0.0118885 -0.0149076 -0.0186594 -0.0230833 -0.0280264 -0.0332189 -0.0383978 -0.0432218 -0.0473745 -0.0505101 -0.0524002 -0.0528927 -0.0518796 -0.0493759 -0.0455113 -0.0404725 -0.0345251 -0.0279214 -0.0209206 -0.0137954 -0.0067521 -2.29157e-05 0.00625126 0.0119042 0.0168599 0.0210455 0.02442 0.0270087 0.0288053 0.0298718 0.0302693 0.0300608 0.0293359 0.028196 0.0267528 0.0250966 0.0233038 0.0214581 0.0196088 0.0178415 0.0161863 0.014663 0.013294 0.0120681 0.0110091 0.0100894 0.00931081 0.00864641 0.00809033 0.00763361 0.00723496 0.00691559 0.00664732 0.00642382 0.00623561 0.00608583 0.00596938 0.00585772 0.00578127 0.00572273 0.0056874 
0 0.000285301 0.000584635 0.000865825 0.00117356 0.00149188 0.00184219 0.00218965 0.00258076 0.00301736 0.00348193 0.00402354 0.004632 0.00532711 0.00610024 0.00701287 0.00805087 0.00922385 0.0105571 0.0120346 0.0136601 0.0154191 0.0173047 0.0192478 0.0212167 0.0231346 0.0249319 0.0265252 0.0278373 0.0287643 0.0292075 0.0290811 0.0282957 0.0268346 0.0246269 0.0216557 0.0179051 0.0134001 0.00816752 0.00229542 -0.00410438 -0.0109227 -0.0179972 -0.0251348 -0.0321266 -0.0387174 -0.0446389 -0.0496622 -0.053503 -0.0559935 -0.0569809 -0.0564546 -0.0544853 -0.0512182 -0.0468927 -0.0418145 -0.0363394 -0.0307829 -0.0254494 -0.0206206 -0.0164482 -0.0130213 -0.0103613 -0.00833757 -0.00685047 -0.00572577 -0.00485408 -0.00413082 -0.00346249 -0.00283521 -0.0022453 -0.00165823 -0.00113179 -0.000665478 -0.000262097 5.74159e-05 0.000297577 0.000482471 0.000612668 0.000699708 0.000761678 0.000794157 0.000806444 0.000808778 0.000808153 0.000803353 0.000789054 0.0007704 0.000755708 0.000731089 0.000732309 0.000728501 0.000715 0.000716198 0.000704119 0.00069277 0.000716798 0.000714643 0.000726115 0.000742266 0.000736344 0.000754113 0.000779295 0.00078317 0.000816497 0.000836672 0.000859475 0.000898952 0.00092716 0.000953695 0.000995898 0.00103422 0.00108816 0.00114423 0.00120226 0.00125572 0.0013163 0.00138494 0.00145135 0.00150772 0.00154229 0.00152901 0.00146911 0.00135434 0.00115228 0.000841693 0.000413724 -0.000156116 -0.000856174 -0.0016202 -0.0024536 -0.0033079 -0.00415846 -0.00502152 -0.00589438 -0.00681575 -0.00789722 -0.00924422 -0.0110518 -0.0134194 -0.016479 -0.0202786 -0.0247176 -0.0296551 -0.0348731 -0.0400446 -0.0448444 -0.0489476 -0.0520832 -0.0539947 -0.0544827 -0.0534839 -0.0510177 -0.0472352 -0.0422831 -0.0364259 -0.0299179 -0.0229971 -0.0159 -0.00886139 -0.00206757 0.00430685 0.0101558 0.0153904 0.019916 0.0236942 0.0266927 0.0289293 0.0304223 0.0312557 0.0314503 0.0310682 0.0302046 0.0289664 0.0274438 0.0257294 0.0238998 0.0220152 0.0201636 0.0183784 0.0167158 0.015175 0.0137991 0.0125823 0.0115298 0.0106081 0.00979218 0.00913551 0.00859219 0.00814116 0.00773023 0.00739736 0.00712836 0.00691681 0.00675836 0.00659484 0.00647084 0.00637675 0.00632775 0.00627762 
0 0.000299673 0.000639814 0.00099093 0.00132764 0.00168104 0.00206305 0.00247353 0.00293376 0.00343438 0.0039838 0.00460973 0.00532711 0.00612163 0.00703265 0.0081126 0.00931572 0.0106417 0.0121207 0.0137748 0.015571 0.0174734 0.0194482 0.0214246 0.023385 0.0252504 0.0269229 0.0283127 0.02933 0.0299064 0.0299526 0.0293924 0.0281634 0.026237 0.0236025 0.0202212 0.0161294 0.0113426 0.00589424 -9.47253e-05 -0.00654018 -0.0133258 -0.0203313 -0.0273522 -0.0341933 -0.0406224 -0.0463838 -0.051237 -0.0549349 -0.0573173 -0.0582675 -0.0577077 -0.0557044 -0.0524578 -0.0481847 -0.0431756 -0.0377423 -0.032238 -0.0269601 -0.0221584 -0.0179909 -0.0145812 -0.0118973 -0.009843 -0.00830664 -0.00712388 -0.00615326 -0.00530294 -0.00451144 -0.00374926 -0.00301917 -0.00231993 -0.00166545 -0.00106922 -0.000577537 -0.000168409 0.000140903 0.00037747 0.000546367 0.000674771 0.00076668 0.000824018 0.000843013 0.0008587 0.000844519 0.000851292 0.000849156 0.000830906 0.000820304 0.000809038 0.000786807 0.000788117 0.000768973 0.000761685 0.000761752 0.000763373 0.000768725 0.000779187 0.000783894 0.000796829 0.000804122 0.000823874 0.000832779 0.000855666 0.000879792 0.000899672 0.000933329 0.000971387 0.000998559 0.00105319 0.00108336 0.00112341 0.00117881 0.00122922 0.00129172 0.00136802 0.00142315 0.00149925 0.00155293 0.00159082 0.00159562 0.00156097 0.00146735 0.00129704 0.00101294 0.00061969 7.57168e-05 -0.000593073 -0.00139233 -0.00229365 -0.00326202 -0.00425011 -0.00525246 -0.00623901 -0.00719948 -0.00819732 -0.0093383 -0.0107351 -0.0125536 -0.0149405 -0.0179918 -0.0217584 -0.0261572 -0.0310382 -0.0361578 -0.0412502 -0.0459919 -0.0500719 -0.0531647 -0.0550479 -0.0555682 -0.0546331 -0.0522755 -0.0486286 -0.0438401 -0.0381536 -0.0318013 -0.0250172 -0.0180491 -0.0110899 -0.00433646 0.00209244 0.00806908 0.013516 0.0183297 0.0224469 0.0258622 0.0285335 0.030489 0.0317758 0.0324071 0.0324302 0.0319192 0.0309683 0.0296514 0.0280668 0.0263158 0.0244515 0.0225582 0.0206774 0.0188812 0.0172132 0.01568 0.0143047 0.0130862 0.0120201 0.0110805 0.0102951 0.00964952 0.0090922 0.00861965 0.00822603 0.00790396 0.00764602 0.00744413 0.00726558 0.00711267 0.00701941 0.00695196 0.00688893 
0 0.000341551 0.000729098 0.00111748 0.00150529 0.00190446 0.00234427 0.00280695 0.00333041 0.00391351 0.00454778 0.00527604 0.00610024 0.00703265 0.00809393 0.00933267 0.0107002 0.0121943 0.013854 0.0156668 0.0175922 0.019591 0.0216247 0.0236002 0.0254858 0.0272079 0.0286768 0.0297895 0.0304643 0.0306309 0.0302269 0.0292058 0.0275155 0.0251572 0.0221009 0.01835 0.0139473 0.00893524 0.00335057 -0.00269978 -0.00911837 -0.0158197 -0.0226827 -0.0295233 -0.0361539 -0.0423489 -0.0478681 -0.0525051 -0.0560124 -0.0582467 -0.0590792 -0.0584672 -0.0564702 -0.0532485 -0.049025 -0.0440924 -0.0387794 -0.033397 -0.028228 -0.0235271 -0.0194453 -0.0160866 -0.0134489 -0.0114033 -0.00984634 -0.00861393 -0.00758269 -0.00664745 -0.00573449 -0.0048348 -0.0039606 -0.00309794 -0.00230031 -0.00158768 -0.000980762 -0.00047918 -8.54294e-05 0.000224216 0.000445508 0.000603442 0.000725932 0.000809945 0.000858755 0.000890324 0.000898539 0.000906191 0.000898756 0.000876316 0.000862692 0.000846358 0.000842849 0.000841142 0.000823137 0.000821753 0.000819676 0.000814601 0.000826545 0.000821185 0.000829968 0.000852255 0.0008587 0.000877635 0.000894988 0.000909223 0.000948881 0.000975023 0.00100146 0.00103602 0.00106512 0.00111111 0.00115909 0.00120589 0.00126898 0.0013303 0.00139745 0.00146112 0.00151418 0.0015773 0.00162325 0.00164422 0.00162864 0.00155287 0.00140717 0.00117132 0.000804378 0.000305094 -0.000339951 -0.00113772 -0.0020843 -0.00312407 -0.00423467 -0.00535855 -0.0064754 -0.00757036 -0.00862585 -0.00968298 -0.0108538 -0.0122537 -0.0140684 -0.016409 -0.019395 -0.023073 -0.0273459 -0.0320825 -0.0370851 -0.0420681 -0.046712 -0.0507027 -0.0537616 -0.0556572 -0.0562135 -0.0553692 -0.053164 -0.0497277 -0.0451635 -0.0396974 -0.0335649 -0.0269956 -0.020215 -0.0134108 -0.0067398 -0.000329029 0.00572049 0.0113134 0.0163391 0.0207539 0.0245362 0.0276471 0.03006 0.0318111 0.0328958 0.0333588 0.0332676 0.0326844 0.0316575 0.0302766 0.0286532 0.0268646 0.0249911 0.0230659 0.0211775 0.0193801 0.017707 0.0161636 0.0147802 0.0135647 0.0124957 0.0115879 0.010799 0.0101297 0.00958091 0.00914576 0.00876114 0.00842796 0.00818152 0.00797762 0.00781613 0.00769317 0.00760701 0.00752683 
0 0.000402002 0.000818912 0.00122806 0.00166159 0.00213493 0.00264484 0.00317359 0.00377697 0.00445953 0.00519965 0.00604267 0.00701287 0.0081126 0.00933267 0.0107125 0.0122367 0.0139121 0.0157448 0.0176801 0.0196766 0.0217162 0.0237549 0.0256752 0.0274232 0.0289341 0.0301219 0.0308932 0.03117 0.0308952 0.0300239 0.0285332 0.026392 0.0236052 0.0201602 0.0160828 0.0114407 0.006279 0.000626721 -0.00542177 -0.0117703 -0.0183367 -0.0250023 -0.0316001 -0.0379643 -0.0438924 -0.0491499 -0.0535229 -0.0567879 -0.0588234 -0.0595233 -0.0588353 -0.0568143 -0.0536216 -0.0494703 -0.0446351 -0.0394457 -0.0342188 -0.0292296 -0.0247028 -0.0207751 -0.0175393 -0.0149822 -0.0129872 -0.0114549 -0.0102236 -0.00915405 -0.00813779 -0.00710916 -0.00606903 -0.00504027 -0.00402651 -0.00307679 -0.0022249 -0.00149515 -0.000882264 -0.000385355 9.6764e-06 0.000300887 0.000512137 0.000674032 0.000786117 0.0008554 0.000900387 0.000922 0.000943553 0.000948736 0.000932617 0.000920382 0.000903324 0.000893799 0.000887356 0.000870382 0.000873046 0.000881219 0.000881719 0.000885626 0.000873358 0.000877258 0.000900903 0.000917245 0.000940504 0.000959052 0.000977908 0.00101659 0.00104131 0.00106546 0.00109782 0.00113445 0.00119321 0.00124929 0.00129792 0.00135727 0.00141455 0.00148125 0.00154768 0.00160287 0.00166141 0.00169402 0.00168542 0.00162562 0.00149617 0.00128728 0.000970044 0.000506814 -0.000104044 -0.000872907 -0.00180386 -0.00289323 -0.0040939 -0.00536091 -0.00662751 -0.00786413 -0.00904723 -0.0101579 -0.0112465 -0.0124245 -0.0138039 -0.0155538 -0.0177935 -0.0206447 -0.0241631 -0.0282703 -0.0328369 -0.0376701 -0.0424998 -0.0470246 -0.0509339 -0.0539507 -0.0558579 -0.0564935 -0.0557862 -0.0537677 -0.0505517 -0.0462439 -0.0410546 -0.0352045 -0.0289044 -0.0223587 -0.0157418 -0.00920228 -0.00286375 0.00318071 0.00884315 0.0140268 0.0186905 0.0228058 0.0263075 0.0291512 0.0313545 0.0329072 0.0338383 0.0341939 0.0340178 0.0333432 0.0322487 0.0308323 0.0291804 0.0273843 0.0254874 0.0235676 0.0216813 0.0198807 0.0181961 0.0166662 0.0152954 0.0140736 0.0130185 0.0120904 0.0112915 0.0106396 0.0101226 0.00966229 0.00925844 0.00895836 0.00872432 0.00853581 0.00838817 0.00828493 0.00820249 
0 0.000466575 0.00092389 0.00137789 0.00186348 0.00241422 0.00299548 0.00360833 0.00430467 0.00508779 0.00594534 0.00691766 0.00805087 0.00931572 0.0107002 0.0122367 0.0139263 0.0157661 0.0177332 0.019766 0.0218089 0.0238396 0.0258051 0.0275964 0.0291477 0.0303874 0.0312209 0.0315825 0.031413 0.0306797 0.0293438 0.0273907 0.0248177 0.0216275 0.0178479 0.0135053 0.00869008 0.00343835 -0.00222704 -0.00821899 -0.0144551 -0.0208438 -0.0272775 -0.0335998 -0.0396609 -0.0452812 -0.0502433 -0.0543257 -0.0573334 -0.0591392 -0.0596696 -0.0588674 -0.0567917 -0.0536095 -0.049518 -0.0447923 -0.0397499 -0.0347111 -0.0299373 -0.0256262 -0.0219076 -0.0188664 -0.0164532 -0.0145679 -0.0130939 -0.011887 -0.0108002 -0.00972824 -0.00861625 -0.00746088 -0.00628553 -0.00512057 -0.00400462 -0.002992 -0.00212349 -0.00137954 -0.00076679 -0.000278296 8.89642e-05 0.000362526 0.000571573 0.000726658 0.00082687 0.000895486 0.000927179 0.00095714 0.000968913 0.00096061 0.000957735 0.000958136 0.000947196 0.000939283 0.000914357 0.000904329 0.000912043 0.000920251 0.000920163 0.000922993 0.000933172 0.000958665 0.000978314 0.000990412 0.000992326 0.00101777 0.00105789 0.00109653 0.00113399 0.00116832 0.00120484 0.00126763 0.00131511 0.0013641 0.00142413 0.00148696 0.00155872 0.00162909 0.00167409 0.00171702 0.00172317 0.00168099 0.00157156 0.0013846 0.00110279 0.000689888 0.000110749 -0.000627352 -0.00154267 -0.0026205 -0.0038563 -0.00521665 -0.00662825 -0.0080239 -0.00937171 -0.0106308 -0.0117793 -0.0128684 -0.0140025 -0.0153108 -0.0169398 -0.0190349 -0.0217039 -0.0250081 -0.0288949 -0.0332492 -0.0378858 -0.042558 -0.0469597 -0.0507964 -0.0537869 -0.0557297 -0.0564744 -0.0559299 -0.0541314 -0.0511657 -0.0471458 -0.0422641 -0.0367297 -0.030735 -0.0244611 -0.0180596 -0.0116912 -0.00546753 0.000514093 0.00618631 0.0114732 0.0163277 0.0207191 0.0245474 0.0277789 0.0304142 0.0324426 0.0338618 0.0346847 0.0349428 0.0346696 0.0339385 0.0328215 0.0313814 0.0297095 0.0278853 0.0259879 0.0240709 0.0221732 0.0203678 0.0187026 0.017178 0.0157906 0.0145736 0.0135214 0.0125977 0.0118223 0.011182 0.0106382 0.0101833 0.0098275 0.00954205 0.0092997 0.0091282 0.00900532 0.00891644 
0 0.000513276 0.00104016 0.00156535 0.00213064 0.00273938 0.0034056 0.00411815 0.00491971 0.00582057 0.00681185 0.00794647 0.00922385 0.0106417 0.0121943 0.0139121 0.0157661 0.0177214 0.0197772 0.0218702 0.0239284 0.0258945 0.0277149 0.0293078 0.0305941 0.0314883 0.031916 0.0318214 0.0311912 0.0299851 0.0281831 0.0257867 0.0228054 0.0192904 0.0152407 0.0107191 0.0057825 0.000489917 -0.00512775 -0.0110178 -0.0170912 -0.0232858 -0.0294782 -0.0355236 -0.0412731 -0.0465588 -0.0511858 -0.0549673 -0.0576988 -0.0592666 -0.0595732 -0.0586151 -0.0564648 -0.0532604 -0.0492215 -0.0446084 -0.0397409 -0.0349029 -0.030351 -0.0262867 -0.022827 -0.0200064 -0.017806 -0.0160789 -0.0147131 -0.0135669 -0.0125087 -0.0114229 -0.0102488 -0.00899788 -0.00769867 -0.00636304 -0.00507702 -0.00390503 -0.0028648 -0.00198436 -0.0012466 -0.000648095 -0.000193547 0.000145489 0.000417805 0.000620289 0.000767881 0.000859651 0.000924328 0.000960815 0.000978888 0.000980678 0.000983666 0.000980294 0.000988055 0.00096816 0.000945731 0.000942684 0.000950367 0.000954292 0.000964203 0.000950029 0.000965223 0.00099762 0.00101701 0.0010272 0.00104167 0.00105466 0.00110708 0.001151 0.00118165 0.00121595 0.00126355 0.00131475 0.00138073 0.00143001 0.00148877 0.00155757 0.00163194 0.00168547 0.00172469 0.00173575 0.00171358 0.00162402 0.00146598 0.00120922 0.00083972 0.000323219 -0.000379719 -0.00127861 -0.00233943 -0.00358394 -0.00499126 -0.00649742 -0.0080488 -0.00956384 -0.0109857 -0.012285 -0.0134407 -0.0144896 -0.0155391 -0.0167211 -0.018207 -0.0201004 -0.0225468 -0.0256079 -0.0292356 -0.0333328 -0.037761 -0.0422668 -0.0465595 -0.0503246 -0.0533273 -0.055351 -0.056222 -0.0558747 -0.0543198 -0.0516427 -0.0479291 -0.0433591 -0.0381411 -0.0324571 -0.0264614 -0.0203144 -0.0141444 -0.00808588 -0.00219743 0.00344226 0.00876359 0.0137403 0.0183114 0.0224175 0.0259902 0.0290376 0.0315213 0.0334107 0.0347106 0.0354326 0.0356099 0.0352915 0.0345294 0.0333771 0.0319026 0.0302018 0.02838 0.0264824 0.0245571 0.0226573 0.020872 0.0192059 0.0176639 0.0162989 0.0151006 0.0140576 0.0131368 0.0123648 0.0117206 0.0112002 0.0107866 0.0104212 0.0101316 0.00991912 0.0097811 0.0096721 
