0 0 0 0 0 0 0 0 0 0 0 0 0 0 0 0 0 0 0 0 0 0 0 0 0 0 0 0 0 0 0 0 0 0 0 0 0 0 0 0 0 0 0 0 0 0 0 0 0 0 0 0 0 0 0 0 0 0 0 0 0 0 0 0 0 0 0 0 0 0 0 0 0 0 0 0 0 0 0 0 0 0 0 0 0 0 0 0 0 0 0 0 0 0 0 0 0 0 0 0 0 0 0 0 0 0 0 0 0 0 0 0 0 0 0 0 0 0 0 0 0 0 0 0 0 0 0 0 0 0 0 0 0 0 0 0 0 0 0 0 0 0 0 0 0 0 0 0 0 0 0 0 0 0 0 0 0 0 0 0 0 0 0 0 0 0 0 0 0 0 0 0 0 0 0 0 0 0 0 0 0 0 0 0 0 0 0 0 0 0 0 0 0 0 0 0 0 0 0 0 
0 -0.00143527 -0.00282908 -0.0041513 -0.0053597 -0.00644614 -0.0073714 -0.00812168 -0.00868239 -0.00905096 -0.00924128 -0.00924611 -0.00908763 -0.00876494 -0.00831947 -0.00778364 -0.00718981 -0.00656972 -0.00591958 -0.00525659 -0.00459005 -0.00396873 -0.00340494 -0.00290438 -0.00247095 -0.00209223 -0.00175995 -0.00147458 -0.00125184 -0.00107002 -0.000918355 -0.000783251 -0.000672155 -0.00057658 -0.000508255 -0.000461881 -0.000422133 -0.000392269 -0.000353585 -0.000325082 -0.000310253 -0.000309835 -0.000303029 -0.000286991 -0.000269866 -0.000254153 -0.000239626 -0.000237143 -0.000230434 -0.000220795 -0.000211181 -0.00018877 -0.000183913 -0.000183328 -0.000187139 -0.000186437 -0.000181759 -0.000176834 -0.000174369 -0.000177693 -0.000193574 -0.000211864 -0.00024355 -0.000281678 -0.000328885 -0.000399637 -0.000483578 -0.000601259 -0.000744851 -0.000892065 -0.00104646 -0.00122071 -0.00140162 -0.00158685 -0.00175332 -0.00189353 -0.00198619 -0.00200905 -0.0019456 -0.00179939 -0.00155598 -0.00123426 -0.000857917 -0.000430775 2.16356e-05 0.000455104 0.000862427 0.00120802 0.00146505 0.00163741 0.0017114 0.00169161 0.00160622 0.00146783 0.0013066 0.00114208 0.00097863 0.000832312 0.00070462 0.000605741 0.000550998 0.000536878 0.000569587 0.000645475 0.000754605 0.00090458 0.0010814 0.00127189 0.00145969 0.00159838 0.0016687 0.00165435 0.00153278 0.00132158 0.00102826 0.000649873 0.000228294 -0.000212454 -0.000648294 -0.00103733 -0.00135574 -0.00160126 -0.00175194 -0.0018093 -0.00178638 -0.00170446 -0.00157802 -0.00142709 -0.00125033 -0.00106674 -0.000873975 -0.00068986 -0.000538597 -0.000410237 -0.000290236 -0.000199916 -0.000122929 -6.2319e-05 -1.3014e-05 3.17688e-05 5.342e-05 6.53632e-05 8.03915e-05 9.85792e-05 0.000117618 0.00013098 0.000136055 0.00014061 0.000136989 0.000144164 0.000147188 0.000161477 0.000174714 0.000172424 0.000170238 0.000175299 0.000188997 0.000209293 0.000221209 0.000221105 0.000223939 0.000225766 0.000234361 0.000238009 0.000242918 0.000225314 0.000193247 0.000159968 0.000121185 7.05297e-05 -7.79985e-06 -0.000117196 -0.000260087 -0.000422202 -0.000617626 -0.000844157 -0.00111949 -0.00144669 -0.00182481 -0.00222449 -0.00261981 -0.00302103 -0.00339554 -0.0037258 -0.00397078 -0.00411153 -0.00411724 -0.00397557 -0.0036954 -0.00324413 -0.00261353 -0.00179904 -0.000844532 0.000203005 0.00128428 0.00233558 0.00332681 0.00420965 0.0049413 0.00545666 
0 -0.00282908 -0.00559158 -0.00819756 -0.0106035 -0.0127408 -0.0145788 -0.0160668 -0.0171859 -0.0179394 -0.0183124 -0.0183385 -0.0180193 -0.0174065 -0.0165517 -0.0155107 -0.0143533 -0.0131071 -0.0118273 -0.010515 -0.00922398 -0.00801279 -0.00689165 -0.00588822 -0.00499859 -0.00423985 -0.00357526 -0.00300541 -0.00254608 -0.00215735 -0.00183115 -0.00156168 -0.0013429 -0.00116864 -0.00102725 -0.000921589 -0.00084178 -0.000774852 -0.000725489 -0.000665624 -0.000636132 -0.00061516 -0.000583331 -0.000558297 -0.000532781 -0.000517674 -0.000493743 -0.000478148 -0.000458569 -0.000445247 -0.000429317 -0.000410752 -0.000389785 -0.000387761 -0.000376482 -0.000359971 -0.000354391 -0.000352012 -0.000361171 -0.000373159 -0.00038701 -0.000421031 -0.0004983 -0.000570389 -0.00067157 -0.000801836 -0.000983944 -0.00120554 -0.00145492 -0.00173835 -0.00208399 -0.00244419 -0.00282042 -0.00318464 -0.00351216 -0.00377511 -0.00394322 -0.00399184 -0.00387307 -0.00357125 -0.00310869 -0.00248651 -0.00171719 -0.000863468 4.44489e-05 0.000931171 0.00173921 0.00240839 0.0029283 0.00326654 0.00341895 0.00339142 0.00322638 0.00293813 0.00261691 0.00227913 0.00195774 0.00167106 0.00142843 0.00122793 0.00112033 0.00107976 0.00114273 0.00129357 0.00152287 0.00182206 0.00218548 0.00255479 0.002918 0.003193 0.00333898 0.00330549 0.00308328 0.00265515 0.00204597 0.00128871 0.00044633 -0.000444088 -0.00128423 -0.00204478 -0.00269351 -0.00317751 -0.00348234 -0.0036187 -0.00358401 -0.00341934 -0.00316284 -0.00284158 -0.00247467 -0.00208305 -0.00172619 -0.00139426 -0.00109126 -0.00081708 -0.000588712 -0.000400208 -0.000252388 -0.000118568 -2.95069e-05 4.81601e-05 0.000103401 0.000142342 0.000171116 0.000203588 0.000219284 0.000235233 0.000251001 0.000259822 0.000279331 0.000288853 0.000294299 0.000311352 0.000333538 0.000340493 0.000353962 0.000362811 0.000389189 0.000405468 0.000423656 0.000433674 0.000445294 0.000470156 0.000470237 0.000476671 0.000477978 0.000454214 0.000408944 0.000342936 0.000253348 0.000128544 -4.62379e-05 -0.000263822 -0.000544101 -0.000872651 -0.00127096 -0.00174991 -0.0022927 -0.00294009 -0.00366487 -0.00444337 -0.00522926 -0.00600785 -0.00674588 -0.00735944 -0.00782946 -0.00809043 -0.0080972 -0.00781584 -0.00723025 -0.00632434 -0.00505422 -0.00346467 -0.00160565 0.000431681 0.00253791 0.00460916 0.00654041 0.00826548 0.00966627 0.0106535 
0 -0.0041513 -0.00819756 -0.0120482 -0.0155766 -0.0187408 -0.0214441 -0.0236558 -0.0253394 -0.0264724 -0.0270688 -0.0271167 -0.0266953 -0.0258341 -0.0246346 -0.0231537 -0.0214534 -0.0196267 -0.0177156 -0.0158014 -0.0139136 -0.0121396 -0.0104811 -0.0089591 -0.00761961 -0.00646689 -0.00547672 -0.00462216 -0.00391629 -0.00330877 -0.00280085 -0.00238298 -0.00206588 -0.00179732 -0.00157922 -0.00140394 -0.00126069 -0.00117501 -0.00109286 -0.00102731 -0.000968332 -0.000923199 -0.000869301 -0.000823347 -0.000800359 -0.000781789 -0.000744505 -0.00071748 -0.000682271 -0.000660007 -0.000656027 -0.000621485 -0.000608936 -0.000584614 -0.000559955 -0.000534672 -0.000524207 -0.000531823 -0.000548272 -0.000566187 -0.000600631 -0.000641809 -0.000731456 -0.000855027 -0.00101277 -0.00122645 -0.00146792 -0.00179048 -0.00218888 -0.00262457 -0.00310993 -0.00366148 -0.00422695 -0.00478093 -0.00526076 -0.00564964 -0.0059013 -0.00596383 -0.00578718 -0.00536713 -0.00466068 -0.0037092 -0.00257582 -0.00128872 7.05467e-05 0.00137358 0.00258599 0.00361107 0.0043797 0.0048955 0.00512295 0.00507279 0.00482016 0.00440668 0.00392278 0.00342873 0.00294488 0.00251318 0.0021395 0.00184923 0.00168442 0.00164006 0.00173622 0.00196365 0.00229679 0.00274805 0.00327666 0.00383965 0.00438733 0.00479343 0.00499918 0.00495288 0.00459272 0.00395589 0.00306457 0.00192453 0.000657211 -0.000657509 -0.00193906 -0.00307802 -0.00401571 -0.00474527 -0.00521222 -0.00541379 -0.00536935 -0.00512775 -0.00473185 -0.00424721 -0.00369519 -0.00314088 -0.00258774 -0.00207094 -0.00163416 -0.0012465 -0.000879093 -0.000594522 -0.000365242 -0.00019522 -6.08618e-05 6.92094e-05 0.000153786 0.000215151 0.00026889 0.000307567 0.000330269 0.00034239 0.000355908 0.000391001 0.00041383 0.000445512 0.000444575 0.000463877 0.000495784 0.0005129 0.000538645 0.000564261 0.000583761 0.000605528 0.000622843 0.000641404 0.000683035 0.000708868 0.000718522 0.000700489 0.000697172 0.000662542 0.000597717 0.000502092 0.000349694 0.000141373 -0.000130218 -0.000458049 -0.000867245 -0.00135761 -0.00197803 -0.00270342 -0.00353764 -0.00447642 -0.00553342 -0.00666298 -0.00780323 -0.00894692 -0.00998038 -0.0108482 -0.0114739 -0.0118251 -0.0118092 -0.0113563 -0.0104626 -0.00906866 -0.00719799 -0.00487837 -0.002215 0.000702516 0.00374246 0.00672748 0.00953088 0.0119881 0.0139761 0.0153531 
0 -0.0053597 -0.0106035 -0.0155766 -0.0201763 -0.0242806 -0.0278254 -0.0307312 -0.0329608 -0.0345006 -0.0353199 -0.0354706 -0.0349879 -0.0339677 -0.0324899 -0.0306222 -0.0284625 -0.0260882 -0.0236291 -0.0211366 -0.0186952 -0.0163783 -0.0141902 -0.0121815 -0.0103826 -0.00883577 -0.00748932 -0.00632798 -0.00536517 -0.0045419 -0.00385163 -0.00329119 -0.00284455 -0.00248247 -0.00217626 -0.00192998 -0.0017377 -0.00159045 -0.00148452 -0.00137329 -0.00130242 -0.00124369 -0.00117394 -0.00112288 -0.00108153 -0.00105144 -0.00100108 -0.000958032 -0.000911999 -0.000880821 -0.000850804 -0.000814724 -0.000778456 -0.00076877 -0.00074808 -0.000720073 -0.000709582 -0.000708212 -0.000724482 -0.00074756 -0.000777815 -0.000844643 -0.000985315 -0.00113523 -0.00134226 -0.00161322 -0.00197585 -0.00241828 -0.00292251 -0.00349401 -0.00417034 -0.00488554 -0.00562918 -0.00635187 -0.0070027 -0.00752821 -0.00786666 -0.00795951 -0.00772222 -0.0071266 -0.00620095 -0.00495821 -0.00343567 -0.00173796 6.07109e-05 0.00181849 0.00342412 0.00476408 0.00579978 0.00647805 0.00678582 0.00673925 0.00641471 0.00585778 0.00522107 0.00455256 0.00391203 0.00334007 0.002856 0.00246915 0.00225862 0.00219375 0.00232495 0.00262959 0.00308627 0.00368047 0.0043916 0.00512211 0.00582763 0.00636061 0.00663268 0.00655366 0.00609565 0.00524 0.00402984 0.00252774 0.000852279 -0.000908833 -0.00258547 -0.00409828 -0.00537741 -0.0063347 -0.00693785 -0.00720168 -0.00713479 -0.00681124 -0.00630332 -0.00566747 -0.00494319 -0.00417628 -0.00345881 -0.00278985 -0.00218218 -0.00163563 -0.00117314 -0.000795574 -0.000497977 -0.000241005 -5.96867e-05 9.47821e-05 0.000205874 0.000285256 0.000348648 0.000412874 0.000449777 0.000481774 0.000511396 0.000534994 0.00057244 0.000593219 0.000600652 0.000624686 0.000661118 0.000682461 0.000716108 0.000742398 0.000784708 0.000810884 0.000840853 0.000866194 0.00089794 0.000936711 0.000925679 0.000911386 0.000891331 0.000835804 0.000742699 0.000601511 0.000399207 0.000120016 -0.000247708 -0.000691939 -0.00124947 -0.00192065 -0.00275069 -0.00373952 -0.00483941 -0.00608554 -0.0074447 -0.00888711 -0.0103422 -0.0117638 -0.0130613 -0.0140976 -0.0148446 -0.0152162 -0.0151211 -0.0144718 -0.0132266 -0.01138 -0.00892513 -0.00596982 -0.00260103 0.00106705 0.00488024 0.00865 0.0121573 0.0152327 0.0176736 0.0193589 
0 -0.00644614 -0.0127408 -0.0187408 -0.0242806 -0.0292735 -0.0335896 -0.0371574 -0.0399193 -0.0418452 -0.0429479 -0.0432359 -0.0427988 -0.0416859 -0.0400063 -0.0378387 -0.0352851 -0.0324851 -0.029536 -0.0265475 -0.0235823 -0.0207506 -0.0180759 -0.0155989 -0.0133739 -0.011412 -0.00968762 -0.00819132 -0.00694966 -0.00590059 -0.00501996 -0.00428109 -0.00368879 -0.00319559 -0.00280123 -0.00249022 -0.00223476 -0.00204592 -0.00187505 -0.00173823 -0.00163865 -0.00157023 -0.00149239 -0.00141559 -0.00135581 -0.00130397 -0.001242 -0.00120151 -0.00115685 -0.00111753 -0.00108348 -0.00101794 -0.000984824 -0.000962493 -0.000945061 -0.000918556 -0.00089759 -0.000890529 -0.000902294 -0.000932182 -0.000994311 -0.00108122 -0.00123232 -0.00142784 -0.00168204 -0.0020285 -0.00245485 -0.00300714 -0.00366854 -0.00439579 -0.00520102 -0.00609193 -0.00701156 -0.00791669 -0.00872394 -0.00938224 -0.00980705 -0.00991118 -0.0096114 -0.00889175 -0.00772237 -0.00615871 -0.00428571 -0.00217143 6.09872e-05 0.00222706 0.00423198 0.00592801 0.00721377 0.00806791 0.00845164 0.00838771 0.00798181 0.00731366 0.0065226 0.00570317 0.00490477 0.00418776 0.00357611 0.00310921 0.00284717 0.00278933 0.0029597 0.00334103 0.00390118 0.00464173 0.00550796 0.00642369 0.00729816 0.00794812 0.00826423 0.00815626 0.00755015 0.00648227 0.00499455 0.00312602 0.00104117 -0.00112948 -0.00323901 -0.00512769 -0.00669257 -0.00788683 -0.00864161 -0.00895982 -0.00887709 -0.00847856 -0.00784263 -0.00705691 -0.00616215 -0.00523942 -0.0043199 -0.00345749 -0.00270886 -0.00205336 -0.00146692 -0.00100094 -0.000621755 -0.000321312 -8.10821e-05 0.000127212 0.000260738 0.000349858 0.000428868 0.000503528 0.00056372 0.000605847 0.000633543 0.000668785 0.000694078 0.000732541 0.000749204 0.000792099 0.000842177 0.000865078 0.000892381 0.000926395 0.000970911 0.00102243 0.00106231 0.00108736 0.00112339 0.00114421 0.00114753 0.00112488 0.00109942 0.00100956 0.000858668 0.000659403 0.000391206 3.92623e-05 -0.00042798 -0.00101452 -0.00174301 -0.00260652 -0.00365512 -0.00486991 -0.00624334 -0.00776288 -0.00941222 -0.0111184 -0.0128013 -0.0144361 -0.0158867 -0.0170528 -0.017833 -0.0181613 -0.0179154 -0.0170055 -0.0154233 -0.0131341 -0.0101931 -0.00667994 -0.00273236 0.00153411 0.00595243 0.0102874 0.0143268 0.0178301 0.0206121 0.0225161 
0 -0.0073714 -0.0145788 -0.0214441 -0.0278254 -0.0335896 -0.0386188 -0.042799 -0.0460673 -0.0484058 -0.0498121 -0.0503288 -0.049999 -0.0488931 -0.0471009 -0.0447259 -0.0419041 -0.0387646 -0.0354394 -0.0320149 -0.0285963 -0.0252984 -0.0221669 -0.0192537 -0.0165948 -0.0142161 -0.0120958 -0.0102476 -0.00870133 -0.00739683 -0.00629416 -0.00537011 -0.00461165 -0.00399392 -0.00349497 -0.00310068 -0.00278275 -0.00252597 -0.00231458 -0.00213074 -0.00200271 -0.00190468 -0.00180215 -0.00171132 -0.00163662 -0.00157458 -0.00150521 -0.0014497 -0.00139711 -0.00135363 -0.00130688 -0.00124595 -0.00119526 -0.0011689 -0.00113896 -0.00110088 -0.00107719 -0.00107169 -0.00109061 -0.00112939 -0.00119159 -0.00130169 -0.00149262 -0.00172523 -0.00203405 -0.00244207 -0.00296763 -0.00361669 -0.00437551 -0.00524132 -0.00623535 -0.00730786 -0.00841437 -0.00948702 -0.0104468 -0.0112187 -0.0117132 -0.0118349 -0.0114808 -0.0106113 -0.00923632 -0.00738971 -0.00514447 -0.00262271 3.8798e-05 0.00264366 0.00503028 0.00704115 0.00858733 0.00960814 0.0100774 0.010025 0.00955085 0.0087548 0.00781412 0.00682994 0.00588279 0.00503577 0.00432093 0.0037724 0.00346541 0.00339581 0.00360034 0.00406049 0.00474389 0.00562863 0.00666457 0.00773923 0.00874882 0.00950435 0.00986504 0.00971462 0.00899624 0.00770823 0.00590554 0.00367845 0.00119187 -0.00139811 -0.00388603 -0.00612326 -0.00799855 -0.00941375 -0.0103148 -0.0107073 -0.0106208 -0.0101476 -0.00938888 -0.00843613 -0.0073586 -0.00623646 -0.00516028 -0.00416037 -0.00326102 -0.00246017 -0.00176989 -0.00120625 -0.000753174 -0.000378873 -9.15725e-05 0.000144036 0.000311734 0.000427964 0.00052218 0.000608803 0.000670534 0.000718176 0.00075663 0.000793864 0.000839969 0.000879433 0.000907491 0.000953429 0.00100732 0.00104191 0.00107947 0.0011181 0.00117304 0.00122457 0.00127004 0.00130075 0.00133033 0.00135498 0.00134293 0.00131714 0.00126768 0.0011461 0.000948334 0.000681037 0.0003379 -0.000109106 -0.000696103 -0.00143533 -0.00234705 -0.0034192 -0.00468246 -0.00613286 -0.00774339 -0.00951892 -0.0114038 -0.0133141 -0.0151617 -0.0169022 -0.0184364 -0.019624 -0.0203734 -0.0205698 -0.0201014 -0.0189009 -0.0169637 -0.0143012 -0.0109401 -0.00699307 -0.00259113 0.00211223 0.00692306 0.0116125 0.0159414 0.0196992 0.0226721 0.0247149 
0 -0.00812168 -0.0160668 -0.0236558 -0.0307312 -0.0371574 -0.042799 -0.0475376 -0.0513026 -0.0540689 -0.0558377 -0.0566335 -0.0564973 -0.0554889 -0.0537025 -0.0512528 -0.0482767 -0.0449129 -0.0412897 -0.0375184 -0.0337191 -0.0300135 -0.0264622 -0.0231182 -0.0200337 -0.017243 -0.0147436 -0.0125487 -0.0106769 -0.00908239 -0.00773087 -0.00660257 -0.00567826 -0.0049169 -0.00428925 -0.00377922 -0.00336835 -0.00304588 -0.00278418 -0.00256422 -0.00239225 -0.00225139 -0.00212003 -0.00201217 -0.00193146 -0.00186008 -0.00177648 -0.00169792 -0.00162749 -0.00157354 -0.00152529 -0.00146416 -0.00140934 -0.00136662 -0.00132296 -0.00127974 -0.0012573 -0.00125982 -0.00128607 -0.00133066 -0.00140181 -0.00152487 -0.00173326 -0.00201391 -0.00238555 -0.00286803 -0.00347519 -0.00422517 -0.00511165 -0.00612489 -0.00727158 -0.00851792 -0.00980142 -0.0110423 -0.0121498 -0.013039 -0.0136074 -0.0137429 -0.0133366 -0.0123376 -0.0107414 -0.00859633 -0.00599659 -0.00307421 1.21743e-06 0.00301323 0.005778 0.00811985 0.00992066 0.0111138 0.0116689 0.0116213 0.0110818 0.0101812 0.00909812 0.00796253 0.00686703 0.00588358 0.00505766 0.00443805 0.0040904 0.0040297 0.004278 0.00481708 0.00561315 0.00663667 0.00782272 0.00905665 0.0101992 0.0110468 0.0114341 0.0112337 0.0103776 0.00887382 0.00678172 0.00420315 0.00132079 -0.00167187 -0.00455482 -0.00714159 -0.00929747 -0.0109269 -0.0119699 -0.0124257 -0.0123338 -0.011792 -0.0109127 -0.00980493 -0.00855842 -0.00726816 -0.00601547 -0.00485082 -0.00380578 -0.00287654 -0.00206703 -0.00140137 -0.00087012 -0.000447413 -0.000115262 0.000156524 0.000358335 0.000505296 0.000623735 0.000722368 0.000790751 0.000839376 0.00088301 0.000935774 0.000995294 0.00104503 0.00107543 0.00111719 0.00117082 0.0012194 0.00127315 0.00132683 0.001382 0.00143004 0.00147096 0.00150673 0.00154446 0.00156285 0.00153427 0.00147093 0.00137645 0.00121335 0.000968306 0.000635355 0.000197718 -0.000368534 -0.00109047 -0.00198243 -0.00306395 -0.00433788 -0.00582399 -0.00750271 -0.00933927 -0.0113157 -0.0133767 -0.0154264 -0.0173706 -0.0191494 -0.0206587 -0.0217696 -0.022373 -0.0223563 -0.0216134 -0.0200989 -0.0178322 -0.0148384 -0.0111602 -0.0069008 -0.00220756 0.00274235 0.0077363 0.012544 0.016952 0.0207663 0.0237966 0.0258876 
0 -0.00868239 -0.0171859 -0.0253394 -0.0329608 -0.0399193 -0.0460673 -0.0513026 -0.0555497 -0.0587627 -0.0609349 -0.0620586 -0.0621877 -0.0613754 -0.0597217 -0.0573356 -0.054334 -0.0508646 -0.0470497 -0.0430374 -0.03895 -0.0349058 -0.030978 -0.0272262 -0.0237335 -0.0205413 -0.0176667 -0.0151147 -0.0128916 -0.010978 -0.00935273 -0.00799774 -0.0068856 -0.00595724 -0.0051822 -0.00454214 -0.00402471 -0.00362236 -0.00329054 -0.00302304 -0.00280185 -0.00262157 -0.00246606 -0.00233628 -0.0022388 -0.00214838 -0.00205169 -0.00195773 -0.00187479 -0.00180506 -0.00174385 -0.00167083 -0.00161352 -0.00156337 -0.00151969 -0.00147882 -0.00145188 -0.00145134 -0.00147499 -0.00152316 -0.00161144 -0.0017584 -0.00198568 -0.00230823 -0.00272976 -0.0032855 -0.0039821 -0.00484302 -0.00586162 -0.00702087 -0.00831038 -0.00971827 -0.0111641 -0.0125683 -0.0138279 -0.0148422 -0.0154891 -0.0156339 -0.0151658 -0.0140317 -0.0122172 -0.00978567 -0.00684914 -0.00353892 -5.92326e-05 0.00335443 0.00649215 0.00915999 0.0112083 0.012572 0.013216 0.0131829 0.0125892 0.0115972 0.0103781 0.00909589 0.00785417 0.00673734 0.00580435 0.00512184 0.00473859 0.00469429 0.00499062 0.00561181 0.00652009 0.00767903 0.00900364 0.0103834 0.0116419 0.0125678 0.0129701 0.0127133 0.011712 0.00998778 0.0076061 0.00468444 0.00142075 -0.00195455 -0.00522061 -0.0081527 -0.0105887 -0.0124303 -0.0136056 -0.0141103 -0.0140051 -0.0133958 -0.0124077 -0.0111615 -0.00975635 -0.00830386 -0.00687267 -0.005537 -0.00433858 -0.00328071 -0.00236109 -0.00160631 -0.000995915 -0.000516471 -0.000128459 0.000180359 0.000408551 0.00057587 0.000712218 0.000824195 0.000912821 0.000975793 0.00102838 0.00108949 0.00114685 0.00120117 0.00123857 0.0012859 0.00134358 0.00140195 0.00146193 0.00152724 0.00158563 0.00163957 0.00167844 0.00171236 0.00174637 0.00174621 0.00169921 0.00159374 0.00144571 0.00122845 0.00092319 0.000514027 -2.99843e-05 -0.000730744 -0.00160345 -0.00266074 -0.00391602 -0.00539032 -0.00709382 -0.00898472 -0.0110177 -0.0131374 -0.0153005 -0.0174117 -0.0193788 -0.0211188 -0.0225047 -0.0234291 -0.023777 -0.0234706 -0.0224224 -0.0206015 -0.0180399 -0.0147681 -0.0108653 -0.00642867 -0.00162299 0.00336948 0.0083366 0.0130558 0.0173502 0.021042 0.0239809 0.0260112 
0 -0.00905096 -0.0179394 -0.0264724 -0.0345006 -0.0418452 -0.0484058 -0.0540689 -0.0587627 -0.0624319 -0.0650169 -0.0665331 -0.0669903 -0.0664825 -0.0650786 -0.0628769 -0.0599923 -0.0565387 -0.0526785 -0.0485336 -0.0442579 -0.0399481 -0.0357003 -0.0316024 -0.0277338 -0.0241576 -0.0208954 -0.0179657 -0.0153739 -0.0131259 -0.0111979 -0.0095828 -0.00822689 -0.0071063 -0.0061688 -0.00539736 -0.00477849 -0.00426428 -0.0038542 -0.00350979 -0.00324384 -0.00302582 -0.00283974 -0.00268094 -0.00254505 -0.00242739 -0.00232686 -0.00222764 -0.00214451 -0.00206649 -0.00197695 -0.00190293 -0.00182665 -0.00178048 -0.00173416 -0.00168799 -0.00165251 -0.00164104 -0.00166194 -0.0017228 -0.00182298 -0.0020042 -0.00226812 -0.00261829 -0.00308717 -0.00369807 -0.00449647 -0.00546223 -0.00658803 -0.00788558 -0.00934686 -0.0109058 -0.0125178 -0.0140789 -0.015489 -0.0166151 -0.0173269 -0.0174778 -0.0169519 -0.0156694 -0.0136609 -0.0109684 -0.00768977 -0.00401128 -0.000145244 0.00367849 0.00717656 0.0101506 0.0124606 0.0139901 0.0147249 0.0147207 0.0140814 0.0129931 0.0116541 0.0102265 0.00884887 0.00761118 0.00658655 0.00584012 0.00543272 0.00539753 0.00574012 0.00644384 0.00747069 0.00875597 0.0102267 0.0117347 0.0130857 0.0140762 0.014481 0.0141423 0.0130071 0.0110569 0.00837086 0.00512355 0.0014954 -0.00226127 -0.00587276 -0.00912838 -0.0118533 -0.0138941 -0.0151996 -0.0157626 -0.0156493 -0.0149713 -0.0138768 -0.0124883 -0.0109306 -0.0092925 -0.0077042 -0.00622256 -0.00487023 -0.00367484 -0.00266666 -0.00182179 -0.0011409 -0.000580744 -0.000134601 0.000204695 0.000465224 0.000651347 0.000795067 0.000919023 0.00101982 0.00110148 0.0011711 0.00122468 0.00129032 0.0013373 0.00139875 0.00146293 0.00153064 0.00159713 0.00165246 0.00171197 0.00178109 0.0018405 0.00188732 0.00191697 0.00192065 0.00190295 0.0018237 0.00170009 0.00149722 0.0012137 0.000823648 0.000304578 -0.000357294 -0.00120194 -0.00223803 -0.00348073 -0.00493202 -0.00661018 -0.00849797 -0.0105642 -0.0127307 -0.0149482 -0.0171402 -0.0192317 -0.0211364 -0.0227298 -0.0239119 -0.0245426 -0.0245651 -0.0239065 -0.0225338 -0.0204339 -0.0176123 -0.0141472 -0.0101064 -0.00564507 -0.000905603 0.00392673 0.00866092 0.013124 0.0171308 0.0205596 0.0232569 0.0251185 
0 -0.00924128 -0.0183124 -0.0270688 -0.0353199 -0.0429479 -0.0498121 -0.0558377 -0.0609349 -0.0650169 -0.0680504 -0.0699873 -0.0708799 -0.0707632 -0.0697161 -0.0678214 -0.0651658 -0.0618929 -0.0581045 -0.0539592 -0.0495764 -0.0450764 -0.0405888 -0.0362017 -0.0320137 -0.0280669 -0.0244215 -0.0211153 -0.018156 -0.0155663 -0.0133223 -0.0113971 -0.0097743 -0.00841586 -0.0073001 -0.00638042 -0.00562342 -0.00500203 -0.00447452 -0.0040639 -0.00372885 -0.00346043 -0.00323831 -0.0030373 -0.0028688 -0.00272477 -0.00260798 -0.00250128 -0.00240816 -0.00231447 -0.00222514 -0.00213383 -0.00206362 -0.00199275 -0.00193428 -0.00188662 -0.0018466 -0.001837 -0.00186234 -0.00192644 -0.00205397 -0.0022526 -0.00252533 -0.00293501 -0.00346344 -0.00414891 -0.00500514 -0.00606297 -0.00732692 -0.0087725 -0.0103604 -0.0120974 -0.0138752 -0.0155943 -0.0171316 -0.0183578 -0.0191254 -0.0192762 -0.0186974 -0.0173147 -0.0150954 -0.0121226 -0.0085342 -0.00448601 -0.00024019 0.00394005 0.00779393 0.0110959 0.0136449 0.0153566 0.0161944 0.0162079 0.0155275 0.0143715 0.0129068 0.0113546 0.00985133 0.00849558 0.007379 0.0065894 0.00614885 0.00613769 0.0065311 0.00731343 0.00844893 0.00987134 0.0114597 0.0130943 0.0145345 0.0155582 0.0159393 0.0155253 0.0142179 0.0120484 0.00909685 0.00551478 0.0015243 -0.0025786 -0.00655393 -0.0101239 -0.0130797 -0.0153172 -0.0167565 -0.0173811 -0.0172712 -0.0165389 -0.0153304 -0.0137946 -0.0120703 -0.010297 -0.00853367 -0.00688495 -0.00540452 -0.00410519 -0.002976 -0.00203154 -0.00125863 -0.000658281 -0.000159551 0.000225839 0.000515734 0.000731842 0.000897508 0.0010275 0.0011409 0.0012253 0.00129827 0.00137422 0.00143469 0.00150246 0.00157121 0.00164652 0.0017219 0.00179399 0.00184935 0.00191361 0.00197518 0.00204338 0.00208614 0.00210332 0.00208862 0.00202005 0.00192143 0.00174717 0.00149054 0.00112647 0.000625778 -1.46818e-05 -0.000818946 -0.00180862 -0.00301002 -0.00444491 -0.00609527 -0.00796281 -0.0100049 -0.0121722 -0.014428 -0.0166734 -0.0188473 -0.0208444 -0.0225772 -0.023937 -0.0247979 -0.0250936 -0.0247284 -0.0237005 -0.0219971 -0.0196258 -0.0166238 -0.0130362 -0.00900667 -0.00465348 -0.000157019 0.00433491 0.00867794 0.0127123 0.0163189 0.0193407 0.0216994 0.0232974 
0 -0.00924611 -0.0183385 -0.0271167 -0.0354706 -0.0432359 -0.0503288 -0.0566335 -0.0620586 -0.0665331 -0.0699873 -0.072421 -0.073799 -0.0741757 -0.0735791 -0.07209 -0.06981 -0.0668268 -0.0632657 -0.0592215 -0.0548488 -0.0502596 -0.0456085 -0.0410072 -0.0365328 -0.0322536 -0.0282495 -0.0245798 -0.0212538 -0.0183081 -0.0157159 -0.0134809 -0.0115568 -0.00995573 -0.00861685 -0.00750144 -0.00659063 -0.00581819 -0.00519716 -0.0046827 -0.00427015 -0.00392684 -0.00365147 -0.00342504 -0.00323113 -0.003062 -0.00292567 -0.0027824 -0.00266422 -0.00255932 -0.00244927 -0.0023723 -0.00227728 -0.00220083 -0.00212889 -0.00207859 -0.00204824 -0.00204874 -0.00207736 -0.00214537 -0.00226044 -0.00248125 -0.00279835 -0.00324075 -0.00383136 -0.00458523 -0.00555335 -0.00670817 -0.00806076 -0.00963779 -0.011411 -0.0132897 -0.0152215 -0.0170811 -0.0187519 -0.0200737 -0.0209006 -0.0210576 -0.0204279 -0.0189013 -0.016509 -0.0132953 -0.00937667 -0.00498325 -0.000378812 0.00419006 0.00837285 0.0119518 0.0147564 0.0166353 0.0175772 0.0176499 0.0169526 0.0157188 0.0141585 0.0124733 0.0108438 0.00938431 0.00819197 0.00734831 0.00690222 0.00690692 0.00735164 0.00822439 0.00947812 0.0110133 0.0127309 0.0144546 0.0159404 0.016991 0.0173448 0.0168279 0.0153883 0.0129932 0.00973504 0.00584209 0.00150798 -0.00295372 -0.00723492 -0.0110919 -0.0143149 -0.0167269 -0.0182809 -0.0189602 -0.0188529 -0.0180654 -0.0167641 -0.0150968 -0.0132275 -0.0112633 -0.00936319 -0.00758959 -0.00595764 -0.00450615 -0.00327742 -0.00223429 -0.00139182 -0.000709509 -0.000171279 0.000227402 0.00055457 0.000808917 0.00100464 0.00115581 0.00127283 0.00136571 0.0014551 0.00152933 0.00161697 0.00167792 0.00175933 0.00182542 0.00189361 0.00197944 0.00205142 0.00212586 0.00219447 0.00224135 0.00226932 0.00227152 0.00221977 0.00212652 0.00196048 0.00173162 0.00138236 0.000928207 0.000325975 -0.000449849 -0.00139688 -0.00255578 -0.00392972 -0.00554514 -0.00737526 -0.00940517 -0.0115558 -0.0137926 -0.0160575 -0.0182812 -0.0203539 -0.0221782 -0.0236608 -0.0246709 -0.0251627 -0.02505 -0.0243084 -0.0229051 -0.0208816 -0.0182829 -0.01514 -0.011569 -0.00766344 -0.00358855 0.000531116 0.00455023 0.00835457 0.0118549 0.0149171 0.0174608 0.0193896 0.0206833 
0 -0.00908763 -0.0180193 -0.0266953 -0.0349879 -0.0427988 -0.049999 -0.0564973 -0.0621877 -0.0669903 -0.0708799 -0.073799 -0.0757293 -0.0766518 -0.0765998 -0.0756349 -0.0738263 -0.0712702 -0.0680322 -0.0642345 -0.0599987 -0.0554453 -0.0507343 -0.0459785 -0.0412829 -0.0367245 -0.0324087 -0.0283988 -0.024698 -0.0213667 -0.0184134 -0.0158303 -0.0136027 -0.0117062 -0.0101099 -0.00876577 -0.00765822 -0.0067493 -0.00599748 -0.00539094 -0.00487563 -0.00444773 -0.00411408 -0.003842 -0.00361208 -0.00341229 -0.00324407 -0.00308261 -0.00294611 -0.00282355 -0.00271407 -0.00261801 -0.0025266 -0.00242884 -0.00234854 -0.00229887 -0.00226311 -0.00225669 -0.00228816 -0.00236238 -0.00251091 -0.00274739 -0.00307023 -0.00356109 -0.00420555 -0.00502928 -0.00606337 -0.00732653 -0.00882802 -0.0105438 -0.0124212 -0.0144492 -0.0165255 -0.0185321 -0.0203294 -0.0217535 -0.0226299 -0.022782 -0.0220932 -0.0204654 -0.0178717 -0.0144007 -0.0102022 -0.00547785 -0.00052555 0.00437023 0.00889239 0.0127844 0.0158174 0.0178722 0.0189235 0.0190292 0.0183269 0.0170611 0.0154098 0.0136213 0.0118772 0.0103009 0.0090239 0.00814768 0.00769058 0.00773822 0.00825245 0.00920541 0.010557 0.0122053 0.0140098 0.0158224 0.0173681 0.0184173 0.0187196 0.0181014 0.0164705 0.0138472 0.0103348 0.00612944 0.00147113 -0.0033028 -0.00791484 -0.0120637 -0.0155002 -0.0180911 -0.0197593 -0.0204872 -0.0203715 -0.0195337 -0.0181378 -0.0163521 -0.0143454 -0.0122647 -0.0101915 -0.00823726 -0.00646679 -0.00491361 -0.00357712 -0.00244498 -0.00151836 -0.000793823 -0.000200752 0.000250939 0.000606529 0.000887756 0.00109997 0.00126199 0.00139598 0.001497 0.00159148 0.00168498 0.00176638 0.00184928 0.00193559 0.0020093 0.00208123 0.00216979 0.00225112 0.00233322 0.00239093 0.00242522 0.00242884 0.00240789 0.00233826 0.00219563 0.00198839 0.00166693 0.00121912 0.000652762 -7.29314e-05 -0.000981499 -0.00210218 -0.00344507 -0.00500848 -0.00679241 -0.00876285 -0.0109042 -0.0131281 -0.0153781 -0.0176106 -0.0197145 -0.0216016 -0.0231648 -0.024311 -0.0249334 -0.0249815 -0.0244598 -0.0233207 -0.0215805 -0.0192836 -0.016501 -0.0133238 -0.00985138 -0.00622903 -0.00254487 0.0010725 0.00451691 0.00770334 0.0105484 0.0130014 0.0149757 0.0164603 0.0174317 
0 -0.00876494 -0.0174065 -0.0258341 -0.0339677 -0.0416859 -0.0488931 -0.0554889 -0.0613754 -0.0664825 -0.0707632 -0.0741757 -0.0766518 -0.0781765 -0.0787468 -0.0783939 -0.0771646 -0.0751141 -0.0723247 -0.0688929 -0.0649383 -0.060552 -0.0558834 -0.0510671 -0.046222 -0.0414509 -0.0368679 -0.0325349 -0.0284687 -0.0247562 -0.0214256 -0.0184886 -0.0159115 -0.0137031 -0.0118221 -0.0102304 -0.00891592 -0.00781832 -0.00692163 -0.00618163 -0.00556348 -0.0050472 -0.00463879 -0.00430445 -0.00401617 -0.00377187 -0.00358316 -0.00340493 -0.00325272 -0.00311136 -0.00297229 -0.00286872 -0.00276312 -0.0026685 -0.00258567 -0.0025271 -0.00247861 -0.00246157 -0.00248948 -0.00257804 -0.00274267 -0.00301374 -0.00337834 -0.00389485 -0.00458602 -0.00547698 -0.00660934 -0.00796777 -0.00956373 -0.0114043 -0.0134436 -0.0156078 -0.0178281 -0.0199742 -0.0218963 -0.0234063 -0.0243261 -0.0244662 -0.0237126 -0.0219552 -0.0192017 -0.015515 -0.0110334 -0.00600089 -0.000720523 0.00452372 0.00935797 0.0135218 0.0167985 0.0190282 0.0201949 0.0203707 0.0196747 0.0183588 0.0166358 0.0147454 0.0128993 0.0112438 0.0099091 0.00899459 0.00853939 0.0086065 0.00917106 0.0102118 0.0116715 0.0134259 0.0153366 0.0172093 0.0187682 0.0197986 0.0200318 0.0192863 0.017494 0.0146411 0.0108418 0.00634386 0.00138059 -0.00370083 -0.00858552 -0.0129906 -0.016665 -0.0194262 -0.0212049 -0.0219826 -0.0218661 -0.0209755 -0.0194899 -0.0175865 -0.0154457 -0.0132 -0.010994 -0.00891288 -0.00700169 -0.00531334 -0.00388144 -0.00266813 -0.00167052 -0.000858511 -0.000205314 0.000282141 0.000669959 0.000970436 0.00119394 0.00136557 0.00151233 0.00163716 0.00175408 0.00184752 0.00193467 0.00201228 0.00211568 0.00220255 0.00228348 0.00237656 0.00245164 0.00252188 0.00257032 0.00258721 0.00257518 0.00252555 0.00240293 0.00220826 0.00192631 0.00153152 0.000977383 0.000289023 -0.000573384 -0.00164232 -0.00293261 -0.00446473 -0.00620719 -0.0081417 -0.0102221 -0.0124267 -0.0146655 -0.0168825 -0.0190056 -0.0209191 -0.022519 -0.0237351 -0.0244931 -0.0246856 -0.0243019 -0.0233516 -0.0218474 -0.0198075 -0.0173105 -0.0144497 -0.0113231 -0.00807406 -0.00481486 -0.00163302 0.00140307 0.00420462 0.00670208 0.00885377 0.0106287 0.0120241 0.0130452 0.0137078 
0 -0.00831947 -0.0165517 -0.0246346 -0.0324899 -0.0400063 -0.0471009 -0.0537025 -0.0597217 -0.0650786 -0.0697161 -0.0735791 -0.0765998 -0.0787468 -0.0799932 -0.0803241 -0.0797472 -0.0783006 -0.0760596 -0.0731123 -0.069551 -0.0654488 -0.0609437 -0.0561803 -0.0512844 -0.0463729 -0.0415713 -0.0369599 -0.0325756 -0.0285145 -0.0248186 -0.021498 -0.0185454 -0.0159872 -0.0137995 -0.0119349 -0.0103693 -0.00905005 -0.00796375 -0.0070742 -0.00633653 -0.00572138 -0.00522537 -0.00481307 -0.00445645 -0.00416384 -0.00394043 -0.00374116 -0.00356529 -0.00340085 -0.00324542 -0.00312596 -0.00301073 -0.00290335 -0.00281208 -0.00274974 -0.00269987 -0.00268023 -0.00271257 -0.00281114 -0.00299446 -0.00328098 -0.00367321 -0.00423717 -0.00499136 -0.00594778 -0.00714933 -0.00860168 -0.0103194 -0.0122911 -0.0144641 -0.0167714 -0.0191308 -0.0214026 -0.0234261 -0.0250095 -0.0259635 -0.0261012 -0.0252991 -0.0234397 -0.020512 -0.0165944 -0.0118446 -0.00652051 -0.000936178 0.00460552 0.00974046 0.0141839 0.0176965 0.020111 0.0214045 0.0216436 0.0209675 0.0196265 0.0178437 0.0158729 0.0139418 0.0122088 0.0108215 0.00988062 0.0094279 0.00952354 0.0101467 0.0112667 0.0128239 0.0146796 0.0166731 0.0185946 0.0201621 0.0211429 0.0212822 0.0203982 0.0184198 0.0153446 0.0112956 0.00651309 0.00125613 -0.00411972 -0.00928513 -0.0139357 -0.0178017 -0.0207091 -0.0225872 -0.0234225 -0.0233157 -0.0223906 -0.020822 -0.0188011 -0.0165258 -0.0141459 -0.0117954 -0.00956877 -0.00753115 -0.00573412 -0.0041967 -0.00288521 -0.00180479 -0.00093172 -0.000231943 0.000299645 0.000721842 0.00105374 0.00129979 0.00148887 0.00164805 0.00178461 0.00191194 0.00201571 0.00210668 0.00219487 0.0023071 0.0024048 0.00249362 0.00258574 0.00265619 0.0027115 0.00274267 0.00274203 0.00271018 0.00262345 0.0024391 0.0021613 0.00179264 0.00130251 0.00064055 -0.000185542 -0.00121247 -0.00245801 -0.00392543 -0.00561723 -0.00750189 -0.00954761 -0.0117024 -0.0139242 -0.0161171 -0.0182235 -0.0201658 -0.0218159 -0.0230681 -0.023877 -0.0241975 -0.0239512 -0.0231393 -0.0217954 -0.0199569 -0.017681 -0.0150754 -0.0122465 -0.00929815 -0.00636373 -0.00355515 -0.000936974 0.00144807 0.00354825 0.00532542 0.00676467 0.00788059 0.00871032 0.00929945 0.00967218 
0 -0.00778364 -0.0155107 -0.0231537 -0.0306222 -0.0378387 -0.0447259 -0.0512528 -0.0573356 -0.0628769 -0.0678214 -0.07209 -0.0756349 -0.0783939 -0.0803241 -0.0813722 -0.0815085 -0.0807603 -0.0791664 -0.0768045 -0.0737358 -0.0700361 -0.065831 -0.0612505 -0.0564112 -0.0514371 -0.0464771 -0.0416415 -0.0369874 -0.0326065 -0.0285571 -0.0248486 -0.0215178 -0.0185909 -0.0160671 -0.0138927 -0.012037 -0.0104741 -0.00917081 -0.00810634 -0.00721456 -0.00647381 -0.00587758 -0.00538709 -0.00496719 -0.00462117 -0.00434182 -0.00410181 -0.00389037 -0.00370114 -0.00353796 -0.00339625 -0.00326735 -0.00313692 -0.00303617 -0.00297563 -0.00293488 -0.00292096 -0.00295711 -0.00305304 -0.00324618 -0.00354474 -0.00396591 -0.00457953 -0.00539377 -0.00642613 -0.00770353 -0.00924891 -0.0110805 -0.0131796 -0.0154808 -0.0179287 -0.0204108 -0.0227972 -0.0249161 -0.0265721 -0.0275579 -0.0276905 -0.0268301 -0.0248731 -0.0217851 -0.0176574 -0.0126628 -0.00705895 -0.00117487 0.0046515 0.0100718 0.0147737 0.0184978 0.0210916 0.0225207 0.0228433 0.0222169 0.0208789 0.0190537 0.0170162 0.0150043 0.0131961 0.0117587 0.0107997 0.0103581 0.0104943 0.0111854 0.0123871 0.0140324 0.0159751 0.0180234 0.0199646 0.0215181 0.0224319 0.0224698 0.0214514 0.0192826 0.0159805 0.011679 0.00661046 0.00107528 -0.00456617 -0.00998522 -0.014859 -0.0189044 -0.0219553 -0.0239227 -0.0248087 -0.0247075 -0.0237534 -0.0221155 -0.019993 -0.0175854 -0.0150783 -0.0125883 -0.0102253 -0.00806101 -0.00614775 -0.00449778 -0.00309566 -0.00193149 -0.000999865 -0.00025724 0.000311531 0.000761338 0.00113026 0.00141153 0.00162691 0.00180111 0.00194397 0.00207308 0.0021892 0.002285 0.00239284 0.00250583 0.00260262 0.00268663 0.00277307 0.00284902 0.00290227 0.00291516 0.00288402 0.00280847 0.00266709 0.0024192 0.00205247 0.00158946 0.000978828 0.00019299 -0.000782378 -0.00197618 -0.00339312 -0.00503121 -0.00685931 -0.00884999 -0.0109628 -0.0131501 -0.0153441 -0.0174341 -0.0193504 -0.0210304 -0.0223486 -0.0232134 -0.023587 -0.0234466 -0.0227625 -0.0215477 -0.019873 -0.0177746 -0.0153546 -0.0127414 -0.0100536 -0.00739606 -0.00485788 -0.0025558 -0.000528155 0.00118028 0.00255987 0.00361881 0.00437156 0.00488235 0.00519159 0.00538034 0.00547236 
0 -0.00718981 -0.0143533 -0.0214534 -0.0284625 -0.0352851 -0.0419041 -0.0482767 -0.054334 -0.0599923 -0.0651658 -0.06981 -0.0738263 -0.0771646 -0.0797472 -0.0815085 -0.0824095 -0.0824192 -0.0815642 -0.079866 -0.0773916 -0.074214 -0.0704371 -0.06617 -0.0615057 -0.0565795 -0.0515606 -0.0465673 -0.0416845 -0.0370095 -0.0326143 -0.0285502 -0.0248341 -0.0215302 -0.0186254 -0.0161001 -0.0139407 -0.0121053 -0.0105828 -0.00930377 -0.00823225 -0.00734066 -0.00662259 -0.00603956 -0.00554298 -0.00512202 -0.00478308 -0.00449119 -0.00424448 -0.00403752 -0.00385113 -0.00370217 -0.00354674 -0.00340635 -0.00329478 -0.00322119 -0.00317421 -0.00315935 -0.00319242 -0.003306 -0.00350751 -0.0038287 -0.00429111 -0.00492816 -0.00579414 -0.00689625 -0.0082659 -0.00990784 -0.0118362 -0.0140483 -0.0164907 -0.0190457 -0.0216509 -0.0241568 -0.0263766 -0.0280954 -0.0291085 -0.0292204 -0.028297 -0.0262237 -0.0230004 -0.01869 -0.0134621 -0.00761153 -0.00146072 0.00465598 0.0103426 0.0152823 0.0192312 0.0219963 0.0235531 0.0239831 0.0234203 0.0220921 0.0202629 0.018174 0.0160893 0.0142271 0.0127478 0.0117637 0.0113539 0.0115289 0.0122805 0.0135685 0.0152921 0.0172933 0.0193965 0.021337 0.0228487 0.023692 0.0236121 0.0224257 0.020072 0.0165404 0.0119748 0.00665367 0.000868283 -0.00502681 -0.0106635 -0.0157365 -0.0199721 -0.0231571 -0.0252151 -0.026144 -0.0260459 -0.0250526 -0.0233438 -0.0211309 -0.0186242 -0.0159745 -0.0133643 -0.0108768 -0.00857903 -0.00653803 -0.00479036 -0.00330792 -0.00208126 -0.0010681 -0.000274255 0.000334755 0.000824161 0.00121514 0.00152021 0.00175136 0.00193379 0.00209197 0.00223409 0.00235226 0.00247001 0.00258168 0.0027089 0.00280429 0.00287999 0.00295802 0.00302569 0.00306919 0.00306133 0.00298492 0.00285439 0.00264863 0.00232864 0.00189695 0.00132398 0.000592975 -0.000350537 -0.00149245 -0.00284584 -0.00442654 -0.00620615 -0.00816328 -0.0102315 -0.0123688 -0.0145282 -0.016627 -0.0185493 -0.020215 -0.0215553 -0.0224888 -0.0229295 -0.0228637 -0.022281 -0.0211747 -0.0196192 -0.0176753 -0.0154335 -0.0129762 -0.0104589 -0.00801284 -0.00571363 -0.00365737 -0.00188854 -0.000479211 0.000566474 0.00125184 0.00162361 0.0017645 0.00172445 0.00159503 0.00141456 0.00125226 
0 -0.00656972 -0.0131071 -0.0196267 -0.0260882 -0.0324851 -0.0387646 -0.0449129 -0.0508646 -0.0565387 -0.0618929 -0.0668268 -0.0712702 -0.0751141 -0.0783006 -0.0807603 -0.0824192 -0.0832343 -0.0831592 -0.082214 -0.0804294 -0.0778777 -0.0746365 -0.0707909 -0.0664287 -0.0616925 -0.0567288 -0.0516695 -0.0466174 -0.0416893 -0.0370095 -0.0326017 -0.0285375 -0.0248306 -0.0215327 -0.0186384 -0.0161286 -0.0140046 -0.0121981 -0.0106875 -0.00940686 -0.0083458 -0.00748296 -0.00677254 -0.00616822 -0.00567284 -0.0052598 -0.00492799 -0.00463629 -0.00438207 -0.00417953 -0.00399412 -0.0038418 -0.00368804 -0.00356867 -0.0034804 -0.00341825 -0.0033862 -0.00343002 -0.0035562 -0.00379745 -0.0041337 -0.00461336 -0.00530358 -0.00622401 -0.00739187 -0.00882563 -0.0105662 -0.0126181 -0.0149421 -0.01747 -0.0201679 -0.0228923 -0.0255051 -0.02781 -0.0295898 -0.0306075 -0.0307037 -0.0297124 -0.027554 -0.0241735 -0.0196768 -0.0142569 -0.00817909 -0.00177463 0.00456407 0.0105151 0.0157102 0.0198588 0.0228156 0.0245297 0.0250462 0.0245588 0.0232702 0.0214248 0.0193144 0.0171994 0.0152917 0.0137915 0.012811 0.012404 0.0126122 0.0134255 0.0147712 0.016567 0.018647 0.0207727 0.0227052 0.0241779 0.0248982 0.0246708 0.0233218 0.020744 0.0169883 0.012214 0.00663719 0.000620576 -0.00549078 -0.0113529 -0.0166236 -0.021002 -0.024317 -0.026455 -0.0274414 -0.0273415 -0.0263206 -0.024549 -0.0222426 -0.0196154 -0.0168855 -0.0141418 -0.0115107 -0.00909165 -0.0069542 -0.00510297 -0.00353381 -0.00221872 -0.00115665 -0.000302943 0.000374902 0.000896686 0.00131453 0.00162656 0.00186899 0.00206886 0.00224779 0.00240593 0.00255112 0.00265966 0.00278924 0.00290538 0.00301222 0.00309433 0.00315513 0.00320831 0.00321818 0.00317106 0.00305589 0.0028667 0.00258596 0.00218964 0.0016483 0.000974309 8.85223e-05 -0.00100569 -0.00232317 -0.00384046 -0.00554612 -0.00744999 -0.00948342 -0.0116023 -0.0137157 -0.0157789 -0.0177053 -0.0193921 -0.0207521 -0.0217206 -0.0222236 -0.0222255 -0.0217258 -0.020732 -0.0192802 -0.0174343 -0.0153289 -0.0130337 -0.0106716 -0.00836334 -0.00623 -0.00437024 -0.00281642 -0.00164002 -0.000836027 -0.000429099 -0.000373628 -0.000590959 -0.000999374 -0.001484 -0.0020055 -0.00247679 -0.00285707 
