0 0 0 0 0 0 0 0 0 0 0 0 0 0 0 0 0 0 0 0 0 0 0 0 0 0 0 0 0 0 0 0 0 0 0 0 0 0 0 0 0 0 0 0 0 0 0 0 0 0 0 0 0 0 0 0 0 0 0 0 0 0 0 0 0 0 0 0 0 0 0 0 0 0 0 0 0 0 0 0 0 0 0 0 0 0 0 0 0 0 0 0 0 0 0 0 0 0 0 0 0 0 0 0 0 0 0 0 0 0 0 0 0 0 0 0 0 0 0 0 0 0 0 0 0 0 0 0 0 0 0 0 0 0 0 0 0 0 0 0 0 0 0 0 0 0 0 0 0 0 0 0 0 0 0 0 0 0 0 0 0 0 0 0 0 0 0 0 0 0 0 0 0 0 0 0 0 0 0 0 0 0 0 0 0 0 0 0 0 0 0 0 0 0 0 0 0 0 0 0 
0 -1.27819e-05 7.62483e-06 3.63292e-05 3.83044e-05 1.37443e-05 1.90705e-05 4.63521e-05 4.95587e-05 2.75789e-05 1.23294e-05 1.83123e-05 1.13893e-05 -1.49658e-05 -5.821e-05 -9.63417e-05 -0.000135854 -0.000202451 -0.000291485 -0.000393802 -0.00050059 -0.00063102 -0.000778437 -0.000930839 -0.00107455 -0.00121315 -0.00134328 -0.00143332 -0.00145822 -0.00141909 -0.00131893 -0.00115052 -0.000908682 -0.000577325 -0.000190585 0.00021669 0.000608289 0.000988725 0.00133489 0.00162226 0.00183311 0.00194056 0.00197654 0.00195672 0.00190715 0.00183205 0.00175271 0.0017054 0.00171774 0.0017836 0.00190129 0.00206529 0.00228209 0.00253884 0.00283347 0.0031322 0.00339051 0.00360471 0.00374503 0.00380908 0.00376687 0.00358839 0.00325106 0.0027556 0.00211256 0.00135907 0.000513973 -0.000375632 -0.0012949 -0.00220954 -0.00306521 -0.00380997 -0.00442044 -0.00486896 -0.00515223 -0.00528133 -0.00526365 -0.00512016 -0.00486803 -0.00452268 -0.00411197 -0.00366569 -0.00319961 -0.00273972 -0.00230452 -0.00192092 -0.0015814 -0.00129214 -0.00104516 -0.000837206 -0.000668183 -0.000530572 -0.000406206 -0.000318543 -0.000247627 -0.000199236 -0.000169178 -0.000144383 -0.000128727 -0.000128563 -0.000117088 -0.000117876 -0.000120142 -0.000132075 -0.000161654 -0.000200436 -0.000246036 -0.000320599 -0.000407117 -0.000519966 -0.000653232 -0.000816357 -0.00102245 -0.00127954 -0.00157454 -0.00191574 -0.00230073 -0.00273173 -0.00318532 -0.00364682 -0.00408791 -0.00449462 -0.00484384 -0.00510123 -0.00524366 -0.00526037 -0.00512687 -0.00483169 -0.00437545 -0.00376002 -0.00300823 -0.00215563 -0.00124536 -0.0003187 0.000574546 0.00142144 0.00217865 0.0028163 0.00330535 0.00364036 0.00382504 0.00388027 0.0038287 0.00370342 0.0034863 0.00321381 0.00291347 0.00261048 0.00233752 0.00210192 0.00190921 0.0017547 0.00165206 0.00161824 0.0016518 0.00172379 0.00180632 0.00187135 0.0019086 0.00188694 0.00181183 0.00165209 0.0014073 0.00109478 0.000736502 0.000362416 -2.32325e-05 -0.000389511 -0.000705497 -0.000945841 -0.00112434 -0.00123814 -0.0012812 -0.0012529 -0.00116857 -0.00104964 -0.000928052 -0.000797624 -0.00064202 -0.000486545 -0.000356459 -0.000260566 -0.000166485 -7.27857e-05 1.10339e-05 6.18502e-05 8.8932e-05 0.000121418 0.000156673 0.000184964 0.000187915 0.000187274 0.000196764 0.000211259 0.000211805 0.000200228 0.000201908 0.000208292 0.000210583 0.0002008 
0 7.62483e-06 1.22608e-05 3.32619e-05 3.65281e-05 4.02393e-05 4.32863e-05 6.43665e-05 6.21713e-05 5.14532e-05 5.38853e-05 4.01123e-05 1.85888e-05 -2.97776e-05 -8.50612e-05 -0.000163468 -0.00026149 -0.000398976 -0.000580375 -0.000775438 -0.00100445 -0.00126783 -0.00157103 -0.001882 -0.00217355 -0.00244735 -0.00268902 -0.00286286 -0.00292388 -0.00285572 -0.00264878 -0.00229048 -0.00179432 -0.00114831 -0.000388101 0.000406927 0.00120729 0.00197966 0.00267795 0.00323558 0.00363397 0.00387565 0.00397071 0.00394474 0.00382731 0.0036803 0.00353604 0.00343559 0.0034446 0.00357894 0.00381095 0.00414304 0.00457059 0.00507821 0.00564139 0.00621119 0.00674252 0.00716203 0.00742917 0.00753174 0.00741756 0.00703221 0.00635954 0.00538739 0.00412696 0.00262587 0.000966537 -0.000804476 -0.0026218 -0.00440447 -0.00608483 -0.00755191 -0.00875033 -0.00965393 -0.0102319 -0.0104992 -0.0104778 -0.0101982 -0.00970188 -0.0090094 -0.00820437 -0.00732183 -0.0064037 -0.00550963 -0.00465856 -0.00389028 -0.00322751 -0.00262749 -0.00211986 -0.00169934 -0.00134913 -0.00107288 -0.00084811 -0.000663635 -0.000536954 -0.000437587 -0.000358369 -0.000301234 -0.000265614 -0.000246527 -0.00024758 -0.000251141 -0.000264832 -0.000303509 -0.00035649 -0.000418768 -0.000516975 -0.00064232 -0.000824461 -0.00106384 -0.00133701 -0.00167967 -0.00210725 -0.00260263 -0.00319747 -0.00386376 -0.00461972 -0.00547921 -0.00638304 -0.0072943 -0.00817835 -0.0089758 -0.0096599 -0.0101545 -0.0104259 -0.0104397 -0.0101601 -0.00957788 -0.00867064 -0.00745813 -0.00599251 -0.00430443 -0.00250405 -0.000687586 0.00108837 0.00274904 0.00423634 0.00549757 0.0064854 0.00716748 0.00755511 0.00767884 0.00758226 0.00731627 0.0069132 0.0063927 0.00581175 0.00522569 0.00468211 0.00420603 0.00381609 0.00353035 0.00334402 0.00326881 0.0033287 0.00347214 0.0036161 0.00374056 0.00381 0.00378888 0.00362537 0.00328936 0.00280021 0.00218221 0.00148187 0.000728078 -3.61587e-05 -0.000769142 -0.00140866 -0.00190363 -0.00226564 -0.00248488 -0.00256069 -0.00251953 -0.00236586 -0.00213489 -0.00186621 -0.00158346 -0.00128492 -0.000986282 -0.000730581 -0.000497619 -0.000299789 -0.000123845 1.6899e-05 0.000117865 0.000202197 0.000262865 0.000319733 0.000344739 0.000366231 0.000378237 0.000391159 0.000403791 0.000396857 0.000402454 0.000401804 0.000409467 0.000404896 0.000407624 
0 3.63292e-05 3.32619e-05 2.2904e-05 5.48963e-05 7.89442e-05 9.10403e-05 8.44734e-05 7.72483e-05 8.98789e-05 8.89496e-05 5.84664e-05 -2.22605e-06 -4.9176e-05 -0.000128783 -0.000252897 -0.000412934 -0.00061843 -0.000863472 -0.00116604 -0.00151093 -0.00191299 -0.00234767 -0.00280692 -0.0032588 -0.00367653 -0.00403231 -0.00427777 -0.00437589 -0.00429644 -0.00398983 -0.00343772 -0.00268417 -0.00172425 -0.000616053 0.000592222 0.00180118 0.00296608 0.00398885 0.00481741 0.00543972 0.00579625 0.00594301 0.00590266 0.00575128 0.00553093 0.00531347 0.00518825 0.00522076 0.00540426 0.00574853 0.00624217 0.00688222 0.00761528 0.00843217 0.00925929 0.00998882 0.0105905 0.0109614 0.0110774 0.0108663 0.0102688 0.00924401 0.00779549 0.00593793 0.00375423 0.00129906 -0.00129069 -0.00395068 -0.00657569 -0.00902364 -0.0111638 -0.0129382 -0.0142724 -0.0151454 -0.015572 -0.0155621 -0.0151694 -0.0144484 -0.0134543 -0.0122767 -0.0109998 -0.00966714 -0.00834598 -0.00708344 -0.00594925 -0.00492923 -0.00404204 -0.00327829 -0.0026375 -0.00212045 -0.00170493 -0.00133933 -0.00107532 -0.000860746 -0.00070516 -0.000596893 -0.000506575 -0.000448045 -0.000439455 -0.000414625 -0.000427278 -0.000448005 -0.000494969 -0.000585603 -0.00069931 -0.000834769 -0.00105208 -0.00131736 -0.00166912 -0.00209152 -0.0026069 -0.00324468 -0.00402039 -0.00490156 -0.00590745 -0.00703546 -0.0082929 -0.00961575 -0.0109583 -0.0122385 -0.0134069 -0.0143948 -0.0151058 -0.0154764 -0.015477 -0.0150462 -0.0141581 -0.0128178 -0.0110341 -0.00886859 -0.00641402 -0.00379021 -0.00111527 0.00147277 0.00392435 0.00611951 0.00797868 0.00943063 0.0104614 0.0110706 0.0112947 0.0111865 0.0108431 0.0102462 0.00950466 0.00868846 0.0078466 0.00705149 0.0063375 0.0057547 0.0053175 0.00504972 0.00496065 0.00502857 0.00519486 0.00541465 0.00561755 0.00573877 0.00566455 0.00540604 0.00490962 0.00418594 0.00326544 0.00219503 0.00106724 -7.95611e-05 -0.00116252 -0.00211384 -0.00286257 -0.00341019 -0.003729 -0.00383037 -0.00375872 -0.0035489 -0.00320668 -0.00279586 -0.00235955 -0.00191621 -0.00150124 -0.00110731 -0.000753298 -0.000438457 -0.000198783 -9.00356e-07 0.000165265 0.000301566 0.000406052 0.000462087 0.000509972 0.000546712 0.000581059 0.000593223 0.000594809 0.000599373 0.000607071 0.000618841 0.000605148 0.000602445 0.00061407 
0 3.83044e-05 3.65281e-05 5.48963e-05 7.82426e-05 0.000107679 0.000107355 0.000118843 0.000117692 0.000116919 0.000110219 5.59899e-05 2.47454e-06 -7.13563e-05 -0.000178671 -0.000359536 -0.000574514 -0.000829219 -0.00115843 -0.00155836 -0.00204312 -0.00256819 -0.00313268 -0.00373165 -0.00434112 -0.00491545 -0.00538412 -0.0056985 -0.00582303 -0.00571946 -0.00532312 -0.00459575 -0.00359015 -0.00231988 -0.000835604 0.000753025 0.00237243 0.00391942 0.00528793 0.00638519 0.00719948 0.00771749 0.00792968 0.00787308 0.00763737 0.00736605 0.00713214 0.00698817 0.00701878 0.0072598 0.00770144 0.00836227 0.00920841 0.0101693 0.011185 0.0121852 0.0131048 0.0138245 0.014251 0.0143403 0.014001 0.0131565 0.011793 0.00989843 0.00748757 0.00463391 0.00147411 -0.00188878 -0.00532367 -0.00868176 -0.0118384 -0.014612 -0.016906 -0.0186646 -0.0198266 -0.0204074 -0.0204384 -0.0199735 -0.0190883 -0.0178331 -0.0163486 -0.0147029 -0.0129688 -0.0112519 -0.00960139 -0.00809574 -0.00677413 -0.0055798 -0.00455761 -0.00370214 -0.00298628 -0.0024089 -0.00193147 -0.00154306 -0.00126674 -0.001056 -0.00089335 -0.000775688 -0.000700732 -0.000660697 -0.000654059 -0.000657941 -0.000684695 -0.000762316 -0.000879146 -0.00102698 -0.00124333 -0.0015203 -0.00190008 -0.00238732 -0.00294982 -0.00364707 -0.0045106 -0.00552093 -0.0067185 -0.00805695 -0.00955137 -0.0112093 -0.0129268 -0.0146361 -0.0162735 -0.0177444 -0.0189931 -0.0198853 -0.020347 -0.0203072 -0.0196997 -0.0185156 -0.0167382 -0.014417 -0.0116444 -0.00847859 -0.00509557 -0.00165926 0.00171544 0.00488289 0.00771861 0.0101238 0.0120318 0.0134073 0.0142655 0.0146369 0.014573 0.0141584 0.0134608 0.0125435 0.0115089 0.0104417 0.00941502 0.00848414 0.00771211 0.00715466 0.00680214 0.00665205 0.00672828 0.0069641 0.00724311 0.00750271 0.00763343 0.00754313 0.00717061 0.00649582 0.00554476 0.00432572 0.00290389 0.0013709 -0.000149067 -0.00156984 -0.00281297 -0.00381065 -0.00455101 -0.00498029 -0.00510376 -0.00500507 -0.00471856 -0.00427929 -0.00373692 -0.00315403 -0.00256732 -0.00200166 -0.00149161 -0.00101083 -0.000610386 -0.00028165 -9.34244e-06 0.000216254 0.000401445 0.000515635 0.000611186 0.000677478 0.000741719 0.000769276 0.000781276 0.000800817 0.000803492 0.000818899 0.000813223 0.000814877 0.000805357 0.000816633 
0 1.37443e-05 4.02393e-05 7.89442e-05 0.000107679 9.80876e-05 0.000114059 0.000148603 0.000152175 0.00013356 0.000107565 7.33879e-05 1.81727e-06 -9.15188e-05 -0.000244864 -0.000456616 -0.000715648 -0.00104758 -0.00145966 -0.00197017 -0.00255858 -0.00322301 -0.00393341 -0.00468572 -0.00544434 -0.00615293 -0.00674242 -0.00713854 -0.00729317 -0.00716164 -0.00666248 -0.00575889 -0.00450881 -0.00292651 -0.00109461 0.000901416 0.0029126 0.00483762 0.00652942 0.00790944 0.00895666 0.00959487 0.00987119 0.00982655 0.00958814 0.00926469 0.00897261 0.00882024 0.00888428 0.00917206 0.00971484 0.0105105 0.0115254 0.0126521 0.0138442 0.0150093 0.0160221 0.0168171 0.0172451 0.0172471 0.0167269 0.0156175 0.0138879 0.0115519 0.00862683 0.00521068 0.00139607 -0.00262693 -0.0067337 -0.0107617 -0.0145213 -0.0178369 -0.020621 -0.022769 -0.024232 -0.0250116 -0.0251144 -0.0246097 -0.0235808 -0.0221181 -0.0203584 -0.0184161 -0.0163595 -0.0142889 -0.0122823 -0.0104408 -0.00876646 -0.0072809 -0.0059884 -0.00489554 -0.00399895 -0.00326708 -0.00263634 -0.00215788 -0.00177866 -0.00149808 -0.00129413 -0.00113183 -0.00102516 -0.000991215 -0.000957583 -0.000975211 -0.00101704 -0.00110925 -0.00127162 -0.00148235 -0.00174499 -0.00212635 -0.0026013 -0.00321385 -0.00394827 -0.00483989 -0.00592913 -0.00723207 -0.00871338 -0.0103782 -0.0122137 -0.0142131 -0.0162792 -0.018338 -0.0202811 -0.0220288 -0.0234827 -0.0245005 -0.0249799 -0.0248632 -0.0240695 -0.0225778 -0.0204136 -0.0176137 -0.0142699 -0.0105002 -0.00646822 -0.00234322 0.00168373 0.00550236 0.0089339 0.0118602 0.0141969 0.0159333 0.0170651 0.0176146 0.0176338 0.0172422 0.016454 0.0154197 0.0142461 0.0130044 0.0117881 0.0106636 0.00972725 0.00902944 0.00859874 0.00843282 0.00850217 0.00873723 0.00906919 0.00938219 0.00954121 0.00938103 0.0089048 0.00806513 0.00687134 0.00534658 0.00356176 0.00166964 -0.000226635 -0.00199818 -0.00354963 -0.00479016 -0.00570319 -0.00623682 -0.00640079 -0.00627095 -0.00591172 -0.00535448 -0.00468572 -0.00396332 -0.00321933 -0.00251254 -0.00186131 -0.00128562 -0.000776912 -0.000361006 -1.00847e-05 0.000269462 0.000478582 0.000636027 0.000751784 0.00085336 0.000912292 0.00094292 0.000965257 0.000995094 0.00100843 0.00100134 0.00100886 0.00101458 0.00101803 0.0010159 
0 1.90705e-05 4.32863e-05 9.10403e-05 0.000107355 0.000114059 0.000131604 0.000169718 0.000162925 0.000136905 0.000125418 8.03858e-05 -5.1641e-06 -0.000142058 -0.000315322 -0.000555221 -0.00086719 -0.00128078 -0.00179902 -0.00239403 -0.00308833 -0.003882 -0.00476133 -0.00567345 -0.00656325 -0.00739163 -0.0080961 -0.00858775 -0.00878009 -0.00860675 -0.00800253 -0.00693376 -0.00544677 -0.00356327 -0.00136523 0.000997538 0.00339858 0.0056985 0.00774357 0.00940393 0.0106424 0.0114359 0.0117978 0.0117853 0.0115189 0.0111667 0.0108526 0.0106807 0.0107562 0.0111172 0.0117548 0.0126744 0.0138183 0.0150818 0.0163811 0.0176236 0.0187071 0.0194902 0.0198414 0.0196934 0.0189494 0.0175426 0.0154692 0.0127319 0.00935115 0.00541044 0.00106171 -0.00353862 -0.00821286 -0.0127712 -0.0170454 -0.0208379 -0.0240342 -0.0265512 -0.028304 -0.029282 -0.0294984 -0.0290112 -0.027915 -0.0263048 -0.0243504 -0.0221567 -0.0198133 -0.0174414 -0.0151208 -0.0129526 -0.0109831 -0.00918766 -0.00761818 -0.00628745 -0.00517576 -0.00426685 -0.00351086 -0.00290073 -0.00244093 -0.00208631 -0.00180976 -0.00160142 -0.00146388 -0.00139449 -0.00137749 -0.00139716 -0.00145916 -0.00159176 -0.00179021 -0.00204656 -0.00239474 -0.00285002 -0.00345277 -0.0042194 -0.00512703 -0.00623099 -0.0075655 -0.00911712 -0.0109009 -0.0128719 -0.0150271 -0.0173537 -0.0197313 -0.0220654 -0.0242593 -0.0261996 -0.0277907 -0.0288714 -0.0293366 -0.0291026 -0.0280985 -0.0263248 -0.0237917 -0.0205689 -0.0167635 -0.0124661 -0.00787567 -0.00319484 0.00141108 0.00576385 0.00969732 0.0130844 0.0158464 0.0179441 0.0193726 0.0201441 0.0203083 0.0199697 0.0192123 0.0181359 0.0168604 0.0154869 0.0141147 0.0128351 0.011752 0.0109514 0.0104415 0.01022 0.0102902 0.010569 0.0109235 0.0112466 0.0113884 0.0112082 0.0106216 0.00958638 0.00812994 0.00629439 0.00418495 0.00193154 -0.000323962 -0.0024525 -0.00431169 -0.00578766 -0.00685909 -0.00749081 -0.00769774 -0.00755634 -0.00711671 -0.00644687 -0.00564364 -0.00478203 -0.00389743 -0.00303751 -0.00226378 -0.0015653 -0.000959555 -0.000443632 -2.73742e-05 0.000292239 0.000551949 0.000749164 0.000905326 0.00100053 0.00107045 0.00111649 0.00115671 0.00118887 0.00118848 0.00119601 0.00120237 0.00121904 0.00121509 0.00121771 
0 4.63521e-05 6.43665e-05 8.44734e-05 0.000118843 0.000148603 0.000169718 0.00017914 0.000166268 0.000151888 0.000129797 6.48657e-05 -5.14252e-05 -0.000204486 -0.000413458 -0.000697387 -0.00106527 -0.00154839 -0.00214591 -0.00284303 -0.00364402 -0.00456854 -0.00559004 -0.0066483 -0.00768065 -0.00864338 -0.00946964 -0.0100476 -0.0102701 -0.0100653 -0.0093686 -0.00814862 -0.00643268 -0.00424241 -0.00169128 0.00105696 0.00382944 0.00649017 0.00887051 0.0108311 0.0123001 0.0132248 0.0136594 0.0136878 0.0134457 0.0130773 0.0127339 0.0125646 0.0126789 0.013098 0.0138191 0.0148231 0.0160528 0.0173952 0.0187615 0.0200315 0.0210657 0.0217511 0.0219535 0.0216035 0.0206105 0.0189079 0.0164802 0.01335 0.00955465 0.00519592 0.000406066 -0.00462877 -0.00974141 -0.0147419 -0.0194289 -0.0236102 -0.0271693 -0.0299975 -0.0320193 -0.0332115 -0.0335724 -0.033159 -0.0320625 -0.0303944 -0.0283146 -0.0259481 -0.0233868 -0.0207506 -0.0181449 -0.0156836 -0.0134055 -0.0113319 -0.00949676 -0.00792191 -0.00660146 -0.00550334 -0.00457504 -0.00383499 -0.00325642 -0.00281602 -0.00248198 -0.00222682 -0.00205641 -0.00197481 -0.00193797 -0.0019613 -0.00203855 -0.00219692 -0.00244957 -0.00278504 -0.00321784 -0.00379374 -0.004523 -0.00543661 -0.00652924 -0.00784243 -0.00941508 -0.011251 -0.0133229 -0.0156009 -0.018057 -0.0206553 -0.0232803 -0.0258304 -0.0281916 -0.0302584 -0.0319137 -0.0329971 -0.0333883 -0.03301 -0.0317936 -0.029737 -0.0268808 -0.0232943 -0.0190854 -0.0143795 -0.00936348 -0.00423724 0.000804633 0.00560366 0.0099747 0.0137775 0.0169173 0.0193614 0.0210951 0.0221275 0.0225086 0.022338 0.0216627 0.0206071 0.0192978 0.0178488 0.0163823 0.0149996 0.0138111 0.0128952 0.0122973 0.0120396 0.0121039 0.0123928 0.0127747 0.0131057 0.0132261 0.0129705 0.0122676 0.0110507 0.00933403 0.00718465 0.00472669 0.00212197 -0.000494597 -0.00296153 -0.00511036 -0.00680958 -0.00803405 -0.00876287 -0.00900938 -0.00883749 -0.0083183 -0.0075365 -0.00660997 -0.00561391 -0.00458713 -0.00359168 -0.00268206 -0.00187677 -0.00117038 -0.000571962 -8.27866e-05 0.000297853 0.000602409 0.000846718 0.00102365 0.00114106 0.00122526 0.00129588 0.00134608 0.00136957 0.00137692 0.00139419 0.00141102 0.00140946 0.00140541 0.00141944 
0 4.95587e-05 6.21713e-05 7.72483e-05 0.000117692 0.000152175 0.000162925 0.000166268 0.000166059 0.000153688 0.000109423 2.33262e-05 -9.60903e-05 -0.000260203 -0.000510031 -0.000854752 -0.0012836 -0.00182344 -0.00249958 -0.00331277 -0.00425187 -0.00530935 -0.00645835 -0.00765702 -0.00884769 -0.00995893 -0.0108958 -0.0115403 -0.0117872 -0.0115547 -0.0107714 -0.00939908 -0.00745101 -0.00496581 -0.0020734 0.00103814 0.00418314 0.00720382 0.0099198 0.0121724 0.0138676 0.0149578 0.0154942 0.0155774 0.0153567 0.0149919 0.0146457 0.014479 0.0146124 0.0150765 0.0158532 0.0169073 0.0181721 0.0195374 0.0208949 0.0221109 0.0230346 0.0235419 0.0235191 0.0229036 0.0216174 0.0195989 0.0168346 0.0133518 0.0092042 0.00450259 -0.000610081 -0.0059596 -0.0113794 -0.0166852 -0.0216759 -0.026161 -0.0300089 -0.03311 -0.0353831 -0.0367933 -0.0373343 -0.0370506 -0.0360235 -0.0343687 -0.0322391 -0.0297643 -0.0270473 -0.0242118 -0.021377 -0.0186581 -0.0161072 -0.0137567 -0.0116499 -0.00982087 -0.00827018 -0.00696823 -0.00587228 -0.00498655 -0.00428953 -0.00375192 -0.0033378 -0.00302306 -0.0028104 -0.00269964 -0.0026586 -0.0026898 -0.0027935 -0.00299325 -0.00330057 -0.0037112 -0.00424211 -0.00493503 -0.00581169 -0.00689703 -0.00819336 -0.0097361 -0.011558 -0.0136588 -0.0160054 -0.0185579 -0.0212764 -0.0241059 -0.0269291 -0.0296311 -0.0320944 -0.0342093 -0.0358493 -0.0368613 -0.0371241 -0.0365616 -0.0351214 -0.0328105 -0.0296769 -0.0258008 -0.021291 -0.0162805 -0.0109552 -0.00551777 -0.000154934 0.0049715 0.00968598 0.0138432 0.0173398 0.0201249 0.0221774 0.0235055 0.0241566 0.0242089 0.0237085 0.0227572 0.0214837 0.0200267 0.0185254 0.0170947 0.0158426 0.0148532 0.0141856 0.0138838 0.0139389 0.0142423 0.0146321 0.0149438 0.0150143 0.0146809 0.0138435 0.012431 0.0104577 0.00800415 0.00520752 0.00224012 -0.000729755 -0.00351686 -0.0059395 -0.00786822 -0.00925953 -0.0100871 -0.0103642 -0.0101604 -0.00956646 -0.00868324 -0.00762814 -0.0064845 -0.00531116 -0.00417577 -0.00313034 -0.00220111 -0.00139716 -0.000719409 -0.000153227 0.000302585 0.000653532 0.000915599 0.0011133 0.00126654 0.00137822 0.00144982 0.00149568 0.00152879 0.00155432 0.00157876 0.00159179 0.00159045 0.00159365 0.00161542 
0 2.75789e-05 5.14532e-05 8.98789e-05 0.000116919 0.00013356 0.000136905 0.000151888 0.000153688 0.000123466 6.45684e-05 -3.58568e-05 -0.000166676 -0.000362842 -0.000645469 -0.00103825 -0.00153481 -0.00214576 -0.00290622 -0.00382303 -0.00489586 -0.00608599 -0.00737178 -0.0087184 -0.0100646 -0.0113135 -0.012351 -0.0130671 -0.0133554 -0.0131069 -0.0122339 -0.010696 -0.00851437 -0.00576016 -0.00255257 0.000909611 0.00444026 0.00782535 0.0108691 0.0133998 0.0153155 0.016595 0.0172606 0.0174241 0.0172356 0.016885 0.0165457 0.0163834 0.0165274 0.017022 0.017823 0.0188849 0.0201237 0.0214418 0.0227111 0.0237908 0.0245364 0.0247936 0.0244818 0.0235446 0.0219261 0.019577 0.016496 0.0127069 0.00828058 0.00332426 -0.0019975 -0.00754503 -0.0131488 -0.0186336 -0.0238164 -0.0285111 -0.0325712 -0.035901 -0.0384072 -0.0400413 -0.0407937 -0.0406866 -0.0397914 -0.0382189 -0.0361177 -0.0336112 -0.030814 -0.027849 -0.024841 -0.0218986 -0.0191035 -0.0164845 -0.0141106 -0.0120271 -0.0102372 -0.00872018 -0.00745109 -0.00639989 -0.0055729 -0.0049225 -0.00441231 -0.00402993 -0.0037704 -0.00362025 -0.00358058 -0.00361915 -0.00375526 -0.0040075 -0.00437729 -0.00487022 -0.00551594 -0.00633086 -0.00736983 -0.00864138 -0.0101546 -0.011942 -0.0140243 -0.0163804 -0.0189872 -0.0217775 -0.0247096 -0.0277142 -0.0306756 -0.0334642 -0.0359659 -0.0380546 -0.0396029 -0.0404675 -0.0405439 -0.0397619 -0.0380959 -0.035565 -0.0322085 -0.0281161 -0.0233982 -0.0181852 -0.0126684 -0.0070511 -0.001489 0.00384779 0.00881353 0.0132599 0.0170793 0.0201935 0.0225745 0.0242271 0.0251938 0.025518 0.0252672 0.0245038 0.0233569 0.0219774 0.0205046 0.0190709 0.0177884 0.0167664 0.0160694 0.0157426 0.0157809 0.0160763 0.0164487 0.0167323 0.0167426 0.0163231 0.0153272 0.0137024 0.0114682 0.00871096 0.00558372 0.00225966 -0.00104801 -0.00414437 -0.00683761 -0.00899802 -0.0105496 -0.0114572 -0.0117499 -0.0115203 -0.0108639 -0.00988359 -0.0086872 -0.00738622 -0.00607178 -0.00480619 -0.00363622 -0.0025723 -0.00165857 -0.000895356 -0.000265404 0.000256285 0.000665954 0.000957002 0.00118305 0.00136281 0.00150159 0.00157647 0.00162792 0.00168127 0.00171847 0.00174187 0.00175051 0.00177162 0.001785 0.00179846 
0 1.23294e-05 5.38853e-05 8.89496e-05 0.000110219 0.000107565 0.000125418 0.000129797 0.000109423 6.45684e-05 -5.58238e-06 -0.000111029 -0.00029207 -0.000527219 -0.000847998 -0.00127502 -0.00184028 -0.0025428 -0.0033876 -0.0044076 -0.00558703 -0.00691255 -0.00834374 -0.00984182 -0.0113321 -0.0127071 -0.013852 -0.0146497 -0.0149813 -0.0147247 -0.013767 -0.012073 -0.00967223 -0.00665478 -0.00315443 0.000669723 0.00457252 0.00831868 0.0116773 0.0144929 0.0166591 0.0181225 0.0189251 0.0191743 0.0190439 0.0187129 0.0183833 0.0182415 0.0183951 0.0188703 0.0196597 0.0206816 0.0218482 0.0230452 0.0241488 0.0250107 0.0254647 0.0254105 0.0247629 0.0234679 0.0215009 0.0188331 0.0154531 0.0114062 0.00676996 0.00166978 -0.00377235 -0.00939038 -0.0150577 -0.0206263 -0.0258941 -0.0307036 -0.0349162 -0.038405 -0.0411061 -0.0429584 -0.0439359 -0.0440555 -0.0433623 -0.0419623 -0.0399655 -0.037506 -0.0346969 -0.0316509 -0.0285146 -0.0254025 -0.0223805 -0.0195401 -0.0169215 -0.0145828 -0.0125559 -0.0108113 -0.00932754 -0.00811156 -0.00712114 -0.00634394 -0.00574344 -0.00528522 -0.00497083 -0.00479896 -0.0047314 -0.00478396 -0.00495319 -0.00524942 -0.00569758 -0.00629994 -0.00706101 -0.00804245 -0.00925142 -0.0107139 -0.0124571 -0.0144832 -0.0168075 -0.0194276 -0.0222616 -0.0252707 -0.0283829 -0.0315045 -0.0345337 -0.0373369 -0.0397834 -0.0417659 -0.043146 -0.0438111 -0.0436585 -0.0426487 -0.0407727 -0.038036 -0.0345121 -0.0302721 -0.0254174 -0.02012 -0.014538 -0.0088446 -0.00321403 0.00223975 0.00736783 0.0120306 0.0161031 0.0195159 0.0222268 0.0242289 0.0255537 0.0262306 0.0262727 0.0257704 0.0248381 0.0236132 0.0222394 0.0208566 0.0196035 0.018578 0.0178835 0.0175672 0.0175888 0.0178485 0.018206 0.0184614 0.0184124 0.0178561 0.0166831 0.0148418 0.0123446 0.00928575 0.00581306 0.00214972 -0.00149173 -0.00488081 -0.00783207 -0.0102061 -0.0119007 -0.0128826 -0.0131921 -0.0129294 -0.0122101 -0.0111264 -0.00979789 -0.00835206 -0.00689539 -0.00550405 -0.00419973 -0.00302563 -0.00199067 -0.00113222 -0.00043289 0.000143206 0.000604154 0.000967798 0.00122429 0.00142619 0.00157019 0.00167806 0.00175773 0.00181631 0.00186153 0.00187778 0.00190906 0.00193759 0.00196459 0.00196856 
0 1.83123e-05 4.01123e-05 5.84664e-05 5.59899e-05 7.33879e-05 8.03858e-05 6.48657e-05 2.33262e-05 -3.58568e-05 -0.000111029 -0.000246768 -0.000445 -0.000731904 -0.00109513 -0.00157375 -0.00220171 -0.00298308 -0.00394051 -0.00506618 -0.00637036 -0.00782699 -0.00941349 -0.0110627 -0.0126926 -0.0142036 -0.0154649 -0.0163395 -0.016702 -0.0164155 -0.015385 -0.0135615 -0.0109545 -0.007677 -0.00385513 0.000288903 0.00454845 0.00863666 0.0123298 0.0154384 0.0178411 0.0195335 0.0204909 0.020833 0.0207411 0.0204588 0.0201753 0.0200344 0.0201431 0.0205697 0.0212774 0.0222095 0.0232425 0.0242623 0.0251032 0.0256391 0.0257661 0.0253333 0.0243064 0.0226355 0.0203062 0.0173118 0.0136792 0.00943363 0.0046706 -0.000510296 -0.00594521 -0.0115458 -0.0171697 -0.0226847 -0.0279452 -0.0327948 -0.0370665 -0.0406793 -0.0435382 -0.0455819 -0.0468021 -0.0471821 -0.0467502 -0.0455832 -0.0437715 -0.0414202 -0.0386579 -0.035604 -0.032403 -0.0291577 -0.0259852 -0.0229328 -0.0200868 -0.0175089 -0.0152235 -0.0132339 -0.0115542 -0.0101274 -0.0089841 -0.00806837 -0.00734516 -0.00680859 -0.00643964 -0.00620809 -0.0061492 -0.00620287 -0.00640824 -0.00677467 -0.00729934 -0.00800323 -0.00892377 -0.0100529 -0.0114655 -0.0131473 -0.0151185 -0.0173915 -0.0199636 -0.0227911 -0.0258414 -0.0290196 -0.0322602 -0.0354549 -0.0384944 -0.04123 -0.0435537 -0.0453471 -0.0464945 -0.0469039 -0.0465086 -0.0452572 -0.0431687 -0.0402764 -0.036619 -0.0323013 -0.0274322 -0.0221455 -0.0166003 -0.0109621 -0.00533254 0.000132829 0.00532923 0.0101172 0.0143992 0.0180734 0.0211029 0.0234744 0.0251893 0.0262196 0.0266415 0.0264711 0.0258183 0.0248285 0.0236291 0.0223796 0.0212102 0.0202637 0.0196136 0.0192977 0.0193117 0.0195754 0.0199079 0.0201086 0.0199482 0.019272 0.0179027 0.0158262 0.0130644 0.00970407 0.00591317 0.00189082 -0.00207143 -0.00575117 -0.00894259 -0.0115119 -0.0133454 -0.0144133 -0.0147543 -0.0144575 -0.0136454 -0.0124561 -0.0110057 -0.00942742 -0.00782664 -0.00626869 -0.00483004 -0.00353688 -0.00241516 -0.001443 -0.00064913 -1.60972e-05 0.000493345 0.000900537 0.0012208 0.00143238 0.001597 0.00173127 0.00183968 0.00190731 0.00194943 0.00199873 0.00203561 0.00207597 0.00210181 0.00212746 
0 1.13893e-05 1.85888e-05 -2.22605e-06 2.47454e-06 1.81727e-06 -5.1641e-06 -5.14252e-05 -9.60903e-05 -0.000166676 -0.00029207 -0.000445 -0.000671273 -0.000986611 -0.00142337 -0.00196139 -0.00265086 -0.00352073 -0.00457807 -0.00582922 -0.00725274 -0.00885644 -0.0105934 -0.0123919 -0.0141653 -0.0158121 -0.0171921 -0.0181536 -0.018544 -0.0182348 -0.0171249 -0.0151786 -0.0123862 -0.0088482 -0.00473805 -0.000248229 0.00433997 0.00876137 0.0127713 0.0161928 0.0188726 0.0207532 0.0218711 0.0223472 0.0223593 0.0221078 0.0218173 0.0216668 0.0217355 0.0220532 0.0226406 0.0233968 0.0242122 0.0249555 0.0254795 0.0256538 0.0253576 0.0245238 0.0230995 0.0210287 0.0183369 0.0150465 0.0111779 0.00679394 0.00197883 -0.00316066 -0.00853525 -0.0140091 -0.019492 -0.0248813 -0.0300164 -0.0347922 -0.0390793 -0.0427491 -0.0457505 -0.0479986 -0.0494548 -0.0501043 -0.0499511 -0.0490603 -0.0474833 -0.0453272 -0.0427053 -0.0397146 -0.0365105 -0.0331995 -0.029874 -0.0266604 -0.0236081 -0.0207918 -0.0182743 -0.0160492 -0.0141298 -0.0125188 -0.0111769 -0.0101011 -0.00926269 -0.0086247 -0.00818242 -0.00792675 -0.00783068 -0.00790859 -0.00816069 -0.00858441 -0.00920983 -0.010048 -0.0111028 -0.0124319 -0.0140383 -0.0159351 -0.0181577 -0.020675 -0.0234729 -0.0265277 -0.0297327 -0.0330353 -0.0363413 -0.039526 -0.0425006 -0.0451214 -0.0472622 -0.0488224 -0.0496866 -0.0498022 -0.0491103 -0.0476092 -0.0453365 -0.0423021 -0.0385972 -0.0342865 -0.0294606 -0.0242933 -0.0188924 -0.0133737 -0.00787404 -0.00247365 0.00271063 0.00756586 0.0119807 0.015884 0.0192188 0.0219419 0.02404 0.0254842 0.0262826 0.0265007 0.0262225 0.0255538 0.0246149 0.0235613 0.0225581 0.0217134 0.0211541 0.0209184 0.0209533 0.0211798 0.0214763 0.0216174 0.0213643 0.0205111 0.0189482 0.016642 0.0135963 0.00992437 0.00579769 0.0014687 -0.00281306 -0.00677765 -0.0102181 -0.0129719 -0.0149201 -0.0160645 -0.0164399 -0.0161068 -0.015203 -0.0138956 -0.0123275 -0.0106159 -0.0088594 -0.00715344 -0.00555909 -0.00415655 -0.00292643 -0.00186398 -0.000966999 -0.000244878 0.000303588 0.000756622 0.0011087 0.00138338 0.0015703 0.0017289 0.00185087 0.00192857 0.00200909 0.00207139 0.0021329 0.00216066 0.00220978 0.00225957 
0 -1.49658e-05 -2.97776e-05 -4.9176e-05 -7.13563e-05 -9.15188e-05 -0.000142058 -0.000204486 -0.000260203 -0.000362842 -0.000527219 -0.000731904 -0.000986611 -0.00135825 -0.00184428 -0.00245203 -0.0032318 -0.00419482 -0.0053545 -0.00671089 -0.00827592 -0.0100239 -0.011912 -0.0138626 -0.0157783 -0.0175514 -0.0190444 -0.0200956 -0.0205353 -0.0202004 -0.0190212 -0.0169584 -0.0139848 -0.010214 -0.00580907 -0.00102264 0.003905 0.00866344 0.0130148 0.016738 0.0196606 0.0217779 0.0230824 0.0236924 0.0237756 0.0235696 0.0232828 0.023071 0.0230333 0.0232329 0.0236343 0.0241617 0.0246848 0.0250893 0.0252085 0.0249417 0.0242235 0.0229413 0.0210888 0.0186288 0.0155926 0.012033 0.00801178 0.00356407 -0.0012194 -0.00627279 -0.0114806 -0.0167763 -0.0220461 -0.0272003 -0.032145 -0.0367911 -0.0409951 -0.0446861 -0.047776 -0.0501804 -0.0518744 -0.0528099 -0.0529759 -0.0524092 -0.0511316 -0.0492166 -0.0467803 -0.043919 -0.0407742 -0.0374419 -0.0340571 -0.0307055 -0.0274801 -0.024458 -0.0216952 -0.0192248 -0.0170926 -0.0152486 -0.0137244 -0.0124796 -0.0114906 -0.0107511 -0.0102368 -0.00991405 -0.0098232 -0.00990922 -0.0102083 -0.0107188 -0.0114415 -0.0124049 -0.0136443 -0.0151497 -0.0169826 -0.0191187 -0.0215757 -0.0243293 -0.0273423 -0.0305488 -0.0338902 -0.0372656 -0.0405868 -0.0437207 -0.0465721 -0.0489919 -0.0508782 -0.0521338 -0.052672 -0.0524685 -0.0515068 -0.0497717 -0.047323 -0.0442077 -0.0404783 -0.0362331 -0.0315591 -0.0265758 -0.0213827 -0.016087 -0.0107602 -0.00552273 -0.000444502 0.00437716 0.00888026 0.0129641 0.016566 0.0196322 0.022113 0.023941 0.0251878 0.0258481 0.0259806 0.0256856 0.0250693 0.0242981 0.023514 0.0228686 0.0224537 0.0223016 0.0223937 0.0226561 0.0229147 0.0229569 0.02256 0.0215743 0.0198103 0.01724 0.0138845 0.00988701 0.00546468 0.000821781 -0.00375003 -0.00799521 -0.0116686 -0.014601 -0.0166619 -0.017857 -0.0182467 -0.0178874 -0.0169084 -0.0154955 -0.0137923 -0.0119314 -0.0100299 -0.00818377 -0.00646725 -0.00491395 -0.00356086 -0.00239903 -0.00142788 -0.000620035 1.80856e-05 0.000509546 0.000909204 0.00122415 0.00146958 0.00164856 0.00178505 0.0018972 0.00200441 0.00209508 0.0021547 0.0022159 0.00228119 0.00234511 
0 -5.821e-05 -8.50612e-05 -0.000128783 -0.000178671 -0.000244864 -0.000315322 -0.000413458 -0.000510031 -0.000645469 -0.000847998 -0.00109513 -0.00142337 -0.00184428 -0.00238506 -0.00306931 -0.00395307 -0.00501671 -0.00626836 -0.00775594 -0.00946642 -0.0113594 -0.01339 -0.015499 -0.0175726 -0.0194826 -0.021084 -0.0222179 -0.0226968 -0.0223654 -0.0211286 -0.0189442 -0.0157931 -0.0117906 -0.00712388 -0.00201641 0.00322819 0.00831258 0.0129905 0.0170392 0.0202472 0.0225677 0.0240449 0.0248054 0.0250006 0.0248227 0.0244938 0.0242024 0.0240396 0.0240362 0.024194 0.024404 0.0245584 0.0245492 0.0242331 0.0235005 0.0222833 0.0205437 0.0182777 0.0154532 0.012128 0.0083621 0.00421008 -0.000255521 -0.00495233 -0.00981856 -0.0148048 -0.0198263 -0.0248124 -0.0296929 -0.0343742 -0.0388073 -0.0428908 -0.0465267 -0.0496678 -0.0522147 -0.0541172 -0.0553278 -0.0558173 -0.055596 -0.0546548 -0.0530466 -0.0508664 -0.0481915 -0.0451606 -0.0418719 -0.0384484 -0.0350236 -0.0316686 -0.0284634 -0.0254912 -0.0227875 -0.0204052 -0.0183453 -0.0166006 -0.0151712 -0.0140432 -0.0131878 -0.0125898 -0.0122291 -0.0121023 -0.0122081 -0.0125564 -0.0131395 -0.013983 -0.0151059 -0.0165201 -0.0182505 -0.0203015 -0.0226623 -0.0253517 -0.0283147 -0.0315033 -0.0348599 -0.038282 -0.0416891 -0.0449687 -0.0479762 -0.0506274 -0.0527907 -0.0543699 -0.0552876 -0.0554816 -0.0549608 -0.0537186 -0.0517729 -0.0491932 -0.0460122 -0.0423285 -0.0382108 -0.0337302 -0.029015 -0.0241195 -0.0191002 -0.0140448 -0.00901936 -0.00409712 0.00065285 0.00515945 0.00935261 0.013164 0.0165203 0.0193657 0.0216267 0.0233074 0.0244202 0.0250061 0.0251412 0.0249309 0.024525 0.0240634 0.0236498 0.0234232 0.0234283 0.0236165 0.0239017 0.0241377 0.0241049 0.0235859 0.0224041 0.0204188 0.0175924 0.0139411 0.00962527 0.00486971 -7.4311e-05 -0.00494412 -0.00944557 -0.0133364 -0.0164346 -0.0186082 -0.0198603 -0.0202463 -0.0198457 -0.0187997 -0.0172809 -0.0154381 -0.0134245 -0.0113743 -0.00939582 -0.00753843 -0.00584982 -0.00435134 -0.00308501 -0.00203716 -0.00114988 -0.00042414 0.000154204 0.000590449 0.000949194 0.00123263 0.00146105 0.0016346 0.00177573 0.00191565 0.00201285 0.00210741 0.00220347 0.00230373 0.00236705 
0 -9.63417e-05 -0.000163468 -0.000252897 -0.000359536 -0.000456616 -0.000555221 -0.000697387 -0.000854752 -0.00103825 -0.00127502 -0.00157375 -0.00196139 -0.00245203 -0.00306931 -0.00384513 -0.00482036 -0.00598119 -0.00736086 -0.00900038 -0.0108645 -0.0129017 -0.0150842 -0.0173567 -0.0195941 -0.0216515 -0.0233621 -0.0245562 -0.02507 -0.0247418 -0.0234562 -0.0211498 -0.0178207 -0.0136018 -0.00867595 -0.00328407 0.00228021 0.00769603 0.0127019 0.0170529 0.0205375 0.0231097 0.0247837 0.0256765 0.0259486 0.0257964 0.0254214 0.0249971 0.0246305 0.0243748 0.0242124 0.0240434 0.0237635 0.0232874 0.0224822 0.0212576 0.0195684 0.0173744 0.0146989 0.0115441 0.00797193 0.00405416 -0.000142248 -0.00455751 -0.00910934 -0.0137537 -0.0184509 -0.0231532 -0.0277939 -0.032321 -0.0366858 -0.0408595 -0.0447528 -0.0483027 -0.0514503 -0.0540976 -0.0561897 -0.0576593 -0.0584639 -0.0585925 -0.0580075 -0.0567361 -0.0548583 -0.0524395 -0.0495941 -0.0464121 -0.043026 -0.0395619 -0.0361094 -0.0327535 -0.0295818 -0.0266588 -0.0240543 -0.0217653 -0.0198113 -0.0181896 -0.0168944 -0.0159123 -0.0152218 -0.0147989 -0.0146599 -0.0147849 -0.0151897 -0.0158678 -0.0168327 -0.0181098 -0.0197186 -0.0216575 -0.0239383 -0.0265344 -0.029443 -0.0326017 -0.0359401 -0.0393796 -0.0428324 -0.0462041 -0.0493773 -0.0522071 -0.0546092 -0.0564663 -0.0577011 -0.0582557 -0.0580939 -0.0572528 -0.0557553 -0.0536213 -0.0509316 -0.0477464 -0.0441511 -0.0402226 -0.0360166 -0.0316171 -0.0270573 -0.0223766 -0.0176302 -0.0128853 -0.00818863 -0.00358533 0.00088093 0.00512805 0.00908575 0.0126841 0.0158478 0.018491 0.020619 0.0222034 0.0232609 0.0238639 0.0241132 0.0241475 0.0240727 0.0239898 0.0240196 0.0242112 0.0245316 0.0248946 0.0251298 0.0250128 0.0243456 0.0229825 0.020767 0.0176655 0.0137203 0.00909953 0.0040295 -0.00124075 -0.00639894 -0.0111432 -0.0152309 -0.0184895 -0.020787 -0.0221059 -0.0224933 -0.0220415 -0.0209195 -0.0192979 -0.0173172 -0.0151522 -0.012953 -0.0108152 -0.00880031 -0.00697169 -0.00535771 -0.00397027 -0.00280803 -0.0018366 -0.00103873 -0.000385671 0.000125888 0.000526044 0.000849684 0.00112911 0.00135566 0.00153399 0.00169722 0.00183135 0.00196053 0.00209733 0.00222474 0.00231373 
0 -0.000135854 -0.00026149 -0.000412934 -0.000574514 -0.000715648 -0.00086719 -0.00106527 -0.0012836 -0.00153481 -0.00184028 -0.00220171 -0.00265086 -0.0032318 -0.00395307 -0.00482036 -0.00588333 -0.00716559 -0.00869075 -0.0104657 -0.0124673 -0.0146635 -0.0170144 -0.0194432 -0.0218302 -0.0240295 -0.0258553 -0.0271304 -0.0276948 -0.0273709 -0.0260276 -0.023605 -0.0201184 -0.0157008 -0.0105299 -0.00484686 0.00104729 0.00679642 0.0121159 0.016763 0.0205307 0.0233533 0.0252284 0.0262603 0.026595 0.0264262 0.0259609 0.0253714 0.0247654 0.0242014 0.0236574 0.0230419 0.0222697 0.0212832 0.0199723 0.0182543 0.0160958 0.0134705 0.0104237 0.00698664 0.00323173 -0.000766029 -0.00494464 -0.00925033 -0.0136028 -0.0179725 -0.0223387 -0.0266759 -0.030933 -0.035075 -0.0390828 -0.0429481 -0.0466094 -0.0500246 -0.0531376 -0.0558507 -0.0580931 -0.0597856 -0.0608814 -0.061349 -0.0611344 -0.0602381 -0.0587136 -0.0566055 -0.0540002 -0.0509773 -0.0476755 -0.044224 -0.0407244 -0.0372635 -0.0339336 -0.0308169 -0.0279957 -0.0254806 -0.0233077 -0.0214849 -0.0200186 -0.0189024 -0.0181146 -0.0176312 -0.0174716 -0.0176158 -0.0180787 -0.0188551 -0.0199554 -0.0214027 -0.0232127 -0.0253671 -0.0278675 -0.0306774 -0.0337788 -0.0370993 -0.0405511 -0.0440395 -0.0474765 -0.0507561 -0.0537573 -0.0563399 -0.0584298 -0.0599384 -0.0608087 -0.0609974 -0.0604933 -0.0593495 -0.0576148 -0.0553255 -0.0525707 -0.0494276 -0.0459772 -0.0422825 -0.0383822 -0.0343304 -0.0301442 -0.0258435 -0.0214626 -0.0170487 -0.0126226 -0.00821119 -0.00384707 0.000387542 0.00442341 0.00819748 0.0116286 0.0146208 0.0171607 0.0192015 0.0207485 0.0218583 0.0226124 0.0231263 0.0234871 0.0237908 0.0241508 0.024608 0.0251117 0.0255633 0.0258068 0.0256347 0.0248418 0.0232843 0.0208246 0.0174424 0.0131948 0.00825841 0.00286698 -0.00271732 -0.00814948 -0.0131224 -0.0174073 -0.0208239 -0.0232248 -0.0245899 -0.024976 -0.0244782 -0.0232742 -0.0215489 -0.0194423 -0.0171296 -0.0147765 -0.012483 -0.0103144 -0.00834549 -0.00661571 -0.00510694 -0.00381022 -0.00273287 -0.00186755 -0.00114808 -0.000546271 -7.17928e-05 0.000303293 0.00062957 0.000907065 0.00113047 0.00133643 0.00152527 0.00169315 0.00185384 0.00201311 0.00215847 
0 -0.000202451 -0.000398976 -0.00061843 -0.000829219 -0.00104758 -0.00128078 -0.00154839 -0.00182344 -0.00214576 -0.0025428 -0.00298308 -0.00352073 -0.00419482 -0.00501671 -0.00598119 -0.00716559 -0.00860031 -0.0102627 -0.0121656 -0.0143155 -0.0166935 -0.0192232 -0.0218104 -0.0243395 -0.0266657 -0.0286064 -0.0299821 -0.0305909 -0.0302561 -0.0288503 -0.0263249 -0.0226913 -0.0180695 -0.0126648 -0.0066875 -0.000477879 0.00560068 0.011232 0.0161801 0.0202397 0.0233022 0.0253722 0.0265217 0.0268927 0.0266796 0.0260926 0.0252941 0.02439 0.023437 0.0224562 0.021353 0.0200706 0.0185526 0.0167223 0.0145144 0.0118968 0.0088911 0.00553677 0.0018817 -0.00198301 -0.00598516 -0.0100866 -0.0142215 -0.018331 -0.0223785 -0.0263815 -0.0303081 -0.0341494 -0.0378917 -0.0415239 -0.0450539 -0.0484561 -0.0516744 -0.0546917 -0.0574167 -0.05976 -0.0616508 -0.0630249 -0.0638221 -0.0639749 -0.0634605 -0.0623068 -0.0605445 -0.05823 -0.0554359 -0.0522784 -0.0489068 -0.0454116 -0.0418853 -0.0384348 -0.0351539 -0.0321265 -0.0294097 -0.027018 -0.0249944 -0.0233565 -0.0220945 -0.0211975 -0.0206602 -0.0204681 -0.0206404 -0.0211671 -0.0220423 -0.0232855 -0.0249114 -0.0269129 -0.0292908 -0.0319978 -0.0350033 -0.0382712 -0.0417101 -0.0452182 -0.0487056 -0.0520631 -0.0551993 -0.0579786 -0.0602705 -0.0620055 -0.0631307 -0.063611 -0.0634239 -0.0625898 -0.0611825 -0.0592542 -0.0568681 -0.0541091 -0.0510434 -0.0477774 -0.0443441 -0.0407677 -0.0370948 -0.033319 -0.0294266 -0.0254544 -0.0214027 -0.0172888 -0.0131117 -0.00891777 -0.00476536 -0.000721177 0.00315442 0.00678643 0.010086 0.0129871 0.0154589 0.0174858 0.0191029 0.0203821 0.0214071 0.0222686 0.0230255 0.0237835 0.0245611 0.0252913 0.0258683 0.0261552 0.0259508 0.0250537 0.0232915 0.0205855 0.0169215 0.0123677 0.00711387 0.0013993 -0.00447632 -0.0101863 -0.0153898 -0.0198725 -0.0234418 -0.0259383 -0.0273451 -0.0277343 -0.027209 -0.0259261 -0.0240861 -0.0218603 -0.0194079 -0.0168894 -0.0144388 -0.0121249 -0.0100157 -0.00813492 -0.00649932 -0.00508548 -0.00389843 -0.00294068 -0.00213587 -0.00145955 -0.000897461 -0.000456481 -7.29949e-05 0.000254804 0.000531164 0.000799728 0.00104083 0.00125956 0.00144784 0.00165336 0.00185664 
