0 0 0 0 0 0 0 0 0 0 0 0 0 0 0 0 0 0 0 0 0 0 0 0 0 0 0 0 0 0 0 0 0 0 0 0 0 0 0 0 0 0 0 0 0 0 0 0 0 0 0 0 0 0 0 0 0 0 0 0 0 0 0 0 0 0 0 0 0 0 0 0 0 0 0 0 0 0 0 0 0 0 0 0 0 0 0 0 0 0 0 0 0 0 0 0 0 0 0 0 0 0 0 0 0 0 0 0 0 0 0 0 0 0 0 0 0 0 0 0 0 0 0 0 0 0 0 0 0 0 0 0 0 0 0 0 0 0 0 0 0 0 0 0 0 0 0 0 0 0 0 0 0 0 0 0 0 0 0 0 0 0 0 0 0 0 0 0 0 0 0 0 0 0 0 0 0 0 0 0 0 0 0 0 0 0 0 0 0 0 0 0 0 0 0 0 0 0 0 0 
0 0.00031937 0.000668497 0.00103106 0.00140464 0.00176822 0.0021368 0.00249868 0.00286706 0.00321787 0.00349937 0.00370165 0.00380501 0.00381025 0.00368152 0.00341522 0.00299452 0.00241581 0.00170937 0.000888718 -1.47242e-05 -0.000976679 -0.00194132 -0.00287015 -0.00372895 -0.00449455 -0.00514374 -0.00564086 -0.00596231 -0.00610871 -0.00609697 -0.00594955 -0.00570491 -0.00536729 -0.0049477 -0.00446542 -0.00396041 -0.0034534 -0.00296396 -0.00251469 -0.00210399 -0.00173932 -0.0014236 -0.00115965 -0.000949061 -0.00078528 -0.000643991 -0.000534609 -0.000454451 -0.000407511 -0.000391629 -0.00040604 -0.000448324 -0.000503334 -0.000585143 -0.000693739 -0.000830903 -0.000994722 -0.00116653 -0.00134828 -0.00153426 -0.0016887 -0.00182082 -0.00191478 -0.0019519 -0.00191898 -0.00179475 -0.00158366 -0.00129286 -0.000935542 -0.000540814 -0.000119798 0.000307289 0.00070051 0.00103714 0.00130142 0.00148094 0.00155895 0.0015449 0.00145306 0.00130559 0.00113599 0.000967348 0.000804733 0.00065993 0.000535917 0.000433801 0.000346907 0.000282728 0.000239938 0.000208618 0.000193753 0.000184336 0.000165552 0.000158966 0.000156544 0.000153185 0.000162475 0.000163939 0.000158957 0.000168791 0.000175584 0.000186107 0.00020345 0.000207389 0.000211432 0.000222164 0.000225833 0.000232831 0.000239043 0.000240371 0.000246578 0.00026136 0.000282752 0.00031938 0.000385188 0.000488997 0.000628309 0.000807135 0.00100241 0.0011942 0.00136941 0.0014966 0.00154676 0.00151278 0.00138631 0.00117227 0.000874563 0.000514539 0.000108725 -0.000315535 -0.000715949 -0.00107299 -0.00136848 -0.00157955 -0.00170505 -0.00174874 -0.00173085 -0.00165332 -0.00151054 -0.00134438 -0.00116517 -0.000985705 -0.00081933 -0.000664105 -0.000530914 -0.000421684 -0.000321163 -0.000247733 -0.000204742 -0.000195617 -0.000213722 -0.000250476 -0.000312113 -0.000405434 -0.000542796 -0.000715377 -0.000929181 -0.00118694 -0.00148653 -0.00182821 -0.0022301 -0.00268061 -0.00316729 -0.00366375 -0.00414219 -0.00459451 -0.00500069 -0.00533975 -0.00558256 -0.00570884 -0.00568744 -0.00551067 -0.00517941 -0.00468759 -0.00402315 -0.00322106 -0.00232408 -0.00137315 -0.000406736 0.000561342 0.00149417 0.00236365 0.00310377 0.00369361 0.00412876 0.00442694 0.00461405 0.00467131 0.00461387 0.00444706 0.00422133 0.00396393 0.00370193 0.00344794 0.00318491 0.00294511 0.0027427 0.00260355 0.00251257 
0 0.000668497 0.00136629 0.00209223 0.00281683 0.0035602 0.00429739 0.00501684 0.005724 0.00637693 0.00692251 0.00730041 0.00750479 0.00748367 0.0072056 0.00666705 0.00583252 0.00470813 0.00330616 0.00169463 -8.3881e-05 -0.00195752 -0.00383862 -0.00567059 -0.00737228 -0.00889295 -0.010166 -0.0111334 -0.0117707 -0.0120825 -0.0120874 -0.0118206 -0.0113275 -0.0106623 -0.00982919 -0.00889847 -0.00792349 -0.00692354 -0.00596186 -0.00505145 -0.00424654 -0.00352657 -0.00290926 -0.00238303 -0.00194407 -0.00159721 -0.00130595 -0.00108161 -0.000932012 -0.000836304 -0.000791279 -0.000810181 -0.000875003 -0.00100981 -0.001181 -0.00140358 -0.00167003 -0.00199217 -0.00233027 -0.0026757 -0.00302643 -0.00336366 -0.00364245 -0.00381888 -0.00388002 -0.00381047 -0.00358481 -0.00316401 -0.00259059 -0.00188468 -0.00107855 -0.000215583 0.000621947 0.00141754 0.00208133 0.00259535 0.0029344 0.0030898 0.00306493 0.00289872 0.00261832 0.00230405 0.00194881 0.00160763 0.00131102 0.00104733 0.000842696 0.000700229 0.000569444 0.000487065 0.000433194 0.000382642 0.00035381 0.00032962 0.00030461 0.000304345 0.000312727 0.000318211 0.00032158 0.00032348 0.000328597 0.000345676 0.000375723 0.000392845 0.000402411 0.00042109 0.000430383 0.000452183 0.000480498 0.000477667 0.000478135 0.000488203 0.000491013 0.000546584 0.000640074 0.000779153 0.00100255 0.00128728 0.00161311 0.00199148 0.00236312 0.00271599 0.00297701 0.00309771 0.003038 0.00278519 0.00234425 0.00175975 0.00101406 0.000196078 -0.000637218 -0.00142977 -0.0021413 -0.00271056 -0.00314278 -0.00340263 -0.00349312 -0.00343327 -0.00326136 -0.00300643 -0.00269155 -0.00233418 -0.00197857 -0.00164618 -0.00132618 -0.00105039 -0.000816356 -0.000643107 -0.000501477 -0.000423233 -0.000397661 -0.000427373 -0.000512465 -0.000652224 -0.00085504 -0.00114062 -0.0014749 -0.00189284 -0.00240754 -0.0030063 -0.00371099 -0.0044985 -0.00538941 -0.00633005 -0.00730585 -0.00826243 -0.00915785 -0.00996005 -0.0106016 -0.0110576 -0.0112927 -0.0112462 -0.0108894 -0.0102169 -0.00921938 -0.00791198 -0.00634224 -0.00460146 -0.00273138 -0.000814611 0.00108826 0.00291812 0.00458997 0.00604804 0.00722244 0.00811701 0.00873201 0.00909806 0.00922724 0.00912462 0.0088479 0.00843226 0.00794334 0.00742608 0.00691316 0.00641236 0.00594122 0.00555801 0.00526466 0.00506881 
0 0.00103106 0.00209223 0.00314434 0.00422744 0.00532509 0.00644551 0.00750676 0.00851664 0.00944229 0.0101937 0.0107433 0.011006 0.0109474 0.0104896 0.00965689 0.00842013 0.00675164 0.00470662 0.00233624 -0.000249476 -0.00297272 -0.00570998 -0.00838062 -0.0108779 -0.0130971 -0.014949 -0.0163607 -0.0173098 -0.0178082 -0.0178674 -0.0175043 -0.0168092 -0.0158284 -0.0146296 -0.0132795 -0.011864 -0.010415 -0.00898418 -0.00765104 -0.00644114 -0.0053775 -0.00445375 -0.0036574 -0.0029889 -0.00244968 -0.00199972 -0.00166876 -0.00143639 -0.00129043 -0.0012185 -0.00123205 -0.00134208 -0.00151976 -0.00178648 -0.00212494 -0.00252679 -0.00298895 -0.0034763 -0.0040034 -0.00455758 -0.00503871 -0.00544672 -0.00572566 -0.00582515 -0.00571582 -0.0053501 -0.00473379 -0.00388098 -0.00282011 -0.00162642 -0.000346172 0.00094225 0.00211833 0.00310887 0.0038742 0.00438922 0.00462015 0.00459423 0.00434723 0.00393392 0.00344043 0.00292762 0.00242239 0.00196968 0.00158671 0.00128262 0.00103776 0.000859686 0.000739098 0.000646963 0.000591552 0.000549684 0.00048831 0.000462834 0.000456685 0.000455546 0.00048596 0.00049542 0.00048501 0.000507256 0.000521883 0.000547443 0.000590801 0.000606021 0.000626255 0.000665317 0.000686669 0.00070971 0.000719531 0.000712063 0.000718593 0.000757096 0.000832356 0.000965619 0.00118606 0.00151131 0.00192743 0.00244071 0.00299866 0.00355321 0.00407021 0.00446071 0.00463271 0.00454705 0.00417006 0.00351352 0.00260226 0.00150719 0.000293345 -0.000957522 -0.00213736 -0.00319508 -0.00407721 -0.00471684 -0.00509505 -0.00521808 -0.00514513 -0.00490032 -0.00448763 -0.00401601 -0.00350713 -0.00298544 -0.0024789 -0.00199241 -0.00157465 -0.00124666 -0.000971895 -0.000777302 -0.000657888 -0.000622295 -0.000670941 -0.000799557 -0.00102427 -0.00134502 -0.00177344 -0.00228279 -0.00290813 -0.00367965 -0.0045966 -0.0056426 -0.00683266 -0.00812787 -0.00950779 -0.0109284 -0.0123223 -0.0136395 -0.0147915 -0.0157095 -0.016339 -0.016651 -0.0165583 -0.0160099 -0.0149929 -0.0135168 -0.0115967 -0.00933181 -0.0067999 -0.00406931 -0.00125429 0.00154592 0.00419291 0.00662815 0.00874354 0.0105078 0.0118711 0.0128146 0.013383 0.0135736 0.0134763 0.0131166 0.0125771 0.0118896 0.0111337 0.0103911 0.00966065 0.00901431 0.00845693 0.00803219 0.00772225 
0 0.00140464 0.00281683 0.00422744 0.00563749 0.00709782 0.00855327 0.00993435 0.011219 0.0123542 0.0132779 0.0139089 0.0142071 0.0140648 0.0134195 0.012282 0.010621 0.00845131 0.00580202 0.0027787 -0.000538403 -0.00403037 -0.00754719 -0.0109772 -0.014166 -0.0170031 -0.0193792 -0.0212144 -0.0224811 -0.0231759 -0.0233027 -0.0228982 -0.0220417 -0.0208351 -0.0193133 -0.0175983 -0.0157858 -0.0139159 -0.0120884 -0.0103393 -0.00875399 -0.0073184 -0.00606735 -0.00499269 -0.00409163 -0.00336825 -0.0027675 -0.00230527 -0.00198866 -0.00178194 -0.00167716 -0.00169561 -0.00181447 -0.00206076 -0.00239003 -0.00282247 -0.00335132 -0.00398797 -0.00466395 -0.00535846 -0.00605888 -0.00672083 -0.00726811 -0.0076213 -0.00774469 -0.00760105 -0.0071404 -0.0063076 -0.00516798 -0.00376656 -0.00217073 -0.00046667 0.0012021 0.00277793 0.0041076 0.00514215 0.00583053 0.00614772 0.00610429 0.00577361 0.00522197 0.00459069 0.00389498 0.00322538 0.00263685 0.00212015 0.00171271 0.00141513 0.00115686 0.000986404 0.000872554 0.000777536 0.000719762 0.000670137 0.000624977 0.000619453 0.000629813 0.000639876 0.000645419 0.00064893 0.000663206 0.000698487 0.00075429 0.000791154 0.000811204 0.00084189 0.000862068 0.000900532 0.0009486 0.000951653 0.000957281 0.000980131 0.00100319 0.00111404 0.00130038 0.00158312 0.00202369 0.00259149 0.00325387 0.00400786 0.00474945 0.00543625 0.00593571 0.00615312 0.00601859 0.00550648 0.00462902 0.00345728 0.00198647 0.000366471 -0.00128857 -0.00286513 -0.00427714 -0.00541686 -0.00627056 -0.00678377 -0.00696523 -0.00685466 -0.00651638 -0.00600252 -0.00536825 -0.00465849 -0.00395234 -0.00329152 -0.00266512 -0.00212386 -0.00167149 -0.00133137 -0.00106687 -0.000921257 -0.000882413 -0.000955372 -0.00113997 -0.00143656 -0.00186172 -0.00244644 -0.00314609 -0.00401344 -0.00506732 -0.0062844 -0.00768565 -0.0092332 -0.0109392 -0.012717 -0.0145343 -0.0163067 -0.0179621 -0.0194269 -0.0205752 -0.0213514 -0.0216948 -0.021507 -0.0207409 -0.0193947 -0.0174741 -0.0150164 -0.0121017 -0.00885467 -0.00534223 -0.00172087 0.00186184 0.00527008 0.00837977 0.0111284 0.0134277 0.015248 0.0165411 0.0173301 0.0176566 0.0175826 0.0172146 0.01659 0.0157736 0.0148435 0.0138976 0.0129936 0.0121703 0.0114859 0.0109306 0.0105293 
0 0.00176822 0.0035602 0.00532509 0.00709782 0.00886585 0.0106225 0.0122665 0.013776 0.0150871 0.0160891 0.0167488 0.0169846 0.0167294 0.0158688 0.0144117 0.0123472 0.00969148 0.00653349 0.00293935 -0.000986796 -0.00513816 -0.00932326 -0.0133854 -0.0171604 -0.0205216 -0.0233666 -0.0256041 -0.0271826 -0.0280875 -0.0283212 -0.027914 -0.0269822 -0.0255942 -0.0238323 -0.0218041 -0.0196453 -0.0174277 -0.0152292 -0.0131342 -0.0111794 -0.00940098 -0.00782602 -0.00646617 -0.0053266 -0.00439815 -0.0036216 -0.00302532 -0.00259478 -0.00231665 -0.00217731 -0.00218646 -0.0023434 -0.00261591 -0.00302133 -0.00355444 -0.00421259 -0.00498589 -0.00581467 -0.00668894 -0.00758011 -0.00837168 -0.00903834 -0.0094955 -0.00966355 -0.00948248 -0.00888281 -0.00785698 -0.00644019 -0.00469079 -0.00271841 -0.000613508 0.00149262 0.00343616 0.00509073 0.00638061 0.00724954 0.00764733 0.00760816 0.00719936 0.00652271 0.00571713 0.00487356 0.00404935 0.00330986 0.00267722 0.00216852 0.00176258 0.00145675 0.00124471 0.00109237 0.000994275 0.000922729 0.00083711 0.000791446 0.000775537 0.000773929 0.000805027 0.000816354 0.000809568 0.000841367 0.000875183 0.000925691 0.000987646 0.00101565 0.00104558 0.00109374 0.00112876 0.00116665 0.00118417 0.00118665 0.0012108 0.00128012 0.00141547 0.00164547 0.00201142 0.00255084 0.00324917 0.00410049 0.00503221 0.0059543 0.00679003 0.00740134 0.00765338 0.00748083 0.00684168 0.00575275 0.00425874 0.00245051 0.000444486 -0.00162002 -0.00357853 -0.00532717 -0.00676812 -0.00781547 -0.00843769 -0.00865309 -0.00853886 -0.00813752 -0.00747206 -0.00667823 -0.00581505 -0.0049468 -0.00412021 -0.00334475 -0.00267518 -0.00213454 -0.00169307 -0.00138081 -0.00120711 -0.00118238 -0.00130083 -0.0015481 -0.00193941 -0.00248952 -0.00323034 -0.00413786 -0.00524746 -0.00657501 -0.00810282 -0.00981606 -0.0117272 -0.0137882 -0.01594 -0.0181025 -0.0201843 -0.0221245 -0.0238157 -0.0251419 -0.0259975 -0.0263127 -0.0259822 -0.0249739 -0.0233053 -0.0209952 -0.0180543 -0.014586 -0.010706 -0.00653475 -0.00224873 0.00200276 0.00604735 0.00978882 0.0130919 0.015896 0.0181372 0.0197823 0.0208618 0.021372 0.02142 0.0210747 0.0204418 0.0195652 0.0185403 0.0174781 0.0164198 0.0154684 0.0146489 0.0140062 0.0135344 
0 0.0021368 0.00429739 0.00644551 0.00855327 0.0106225 0.0126132 0.0144629 0.0161343 0.0175406 0.0185753 0.0191695 0.019288 0.0188396 0.0177358 0.0159687 0.0135303 0.0104666 0.00685281 0.00278812 -0.00164136 -0.0063034 -0.0110013 -0.0155658 -0.0198179 -0.0236257 -0.0268714 -0.0294547 -0.0313229 -0.032451 -0.032832 -0.0324978 -0.0315386 -0.0300574 -0.0281249 -0.025885 -0.0234707 -0.0209575 -0.0184493 -0.0160138 -0.0137328 -0.0116277 -0.00974475 -0.00809762 -0.00669394 -0.00553453 -0.00457384 -0.00382641 -0.00329107 -0.00293061 -0.00273202 -0.00271495 -0.00286906 -0.00319947 -0.00367606 -0.00430422 -0.00507872 -0.00599466 -0.00698191 -0.00801083 -0.00905022 -0.0100196 -0.010823 -0.0113538 -0.0115404 -0.0113199 -0.0106231 -0.00940464 -0.00772117 -0.00564186 -0.00327193 -0.000745517 0.00175092 0.00407714 0.00605228 0.00758721 0.00861524 0.00909914 0.00906344 0.00859995 0.00781792 0.00688142 0.00586282 0.00486797 0.00397695 0.00321009 0.00260135 0.0021408 0.00177267 0.0015161 0.00133642 0.00119879 0.00110129 0.00101547 0.000951587 0.000933924 0.000942121 0.000960797 0.00097163 0.000977653 0.00100261 0.00105037 0.00111886 0.00117502 0.00120986 0.00125124 0.00129332 0.00134741 0.00140284 0.00141576 0.00142222 0.00145288 0.00151983 0.00169805 0.00199865 0.00245367 0.0031155 0.00395952 0.00495061 0.00604765 0.00713402 0.00812005 0.00883656 0.00913798 0.00892431 0.00814946 0.00683237 0.00505326 0.00287321 0.000473157 -0.00197463 -0.00430331 -0.0063815 -0.00807849 -0.00933218 -0.0100851 -0.0103513 -0.0101956 -0.00969968 -0.00893685 -0.00800228 -0.0069716 -0.00593639 -0.00495246 -0.00403071 -0.00323136 -0.0025792 -0.00208601 -0.00173423 -0.00155168 -0.00153619 -0.00169303 -0.00202119 -0.00252491 -0.00322443 -0.00414652 -0.00526262 -0.00661689 -0.00822378 -0.0100536 -0.0120997 -0.0143261 -0.0167083 -0.0191545 -0.0215961 -0.0239336 -0.0260789 -0.0279259 -0.0293254 -0.0301819 -0.0304114 -0.0299151 -0.0286655 -0.0266882 -0.0240068 -0.0206516 -0.0167131 -0.0123329 -0.00763824 -0.00282041 0.00195495 0.0065363 0.0107871 0.0145895 0.0178343 0.0204737 0.0224787 0.0238687 0.0246539 0.0248851 0.0246656 0.0240845 0.023232 0.022205 0.0210964 0.0199686 0.018906 0.0179986 0.0172809 0.0167732 
0 0.00249868 0.00501684 0.00750676 0.00993435 0.0122665 0.0144629 0.0164565 0.0182104 0.0196467 0.0206482 0.0211425 0.0210734 0.020376 0.0189891 0.0169187 0.0141629 0.0107468 0.00675176 0.00228743 -0.0025244 -0.0075442 -0.0125935 -0.0175129 -0.0221299 -0.0262889 -0.0298543 -0.0327256 -0.0348531 -0.0362118 -0.0367818 -0.0365738 -0.0356707 -0.0341687 -0.032168 -0.0298064 -0.0272163 -0.0244821 -0.0217043 -0.0189819 -0.0163967 -0.0139931 -0.0118116 -0.00987513 -0.00820213 -0.0068006 -0.00564279 -0.00474101 -0.00408113 -0.00362799 -0.00336596 -0.00331113 -0.00346534 -0.00381857 -0.00435791 -0.00507659 -0.00596548 -0.00700664 -0.00814361 -0.00934246 -0.0105534 -0.0116681 -0.0125908 -0.0132079 -0.0134234 -0.0131564 -0.0123343 -0.0109274 -0.00898137 -0.00657692 -0.00383912 -0.000920542 0.00198161 0.00467247 0.00696935 0.00875996 0.00996588 0.0105415 0.0105187 0.00999273 0.00910047 0.00801205 0.00684332 0.00569886 0.00466623 0.00378271 0.00307326 0.00252178 0.00209759 0.00179409 0.00157931 0.00142396 0.00130693 0.00120112 0.00112923 0.00110143 0.00110471 0.00112758 0.00114168 0.00114876 0.00118079 0.00123288 0.00130383 0.00137052 0.00141438 0.0014586 0.00151238 0.00156924 0.00162231 0.00164441 0.00165725 0.00169835 0.00180056 0.00201456 0.00237162 0.00291295 0.00368224 0.00466487 0.00582712 0.00709492 0.00834811 0.00946433 0.0102672 0.0105885 0.0103193 0.00940711 0.00787136 0.00578993 0.00327299 0.000501239 -0.00232869 -0.00502285 -0.00742661 -0.00940164 -0.0108515 -0.0117202 -0.0120281 -0.0118543 -0.0112812 -0.0103895 -0.0093051 -0.0081234 -0.00693362 -0.00579244 -0.00473161 -0.00381524 -0.00307934 -0.0025227 -0.00214402 -0.00195495 -0.00196106 -0.00216842 -0.00258032 -0.00320985 -0.00407371 -0.00518638 -0.00652837 -0.00813292 -0.0100157 -0.0121492 -0.0144989 -0.0170225 -0.0196648 -0.0223484 -0.0249958 -0.027508 -0.0297814 -0.0316817 -0.0330655 -0.0338368 -0.0339271 -0.0332493 -0.0317696 -0.029507 -0.0264951 -0.0227857 -0.0184894 -0.0137402 -0.00866926 -0.0034545 0.00173181 0.00672326 0.0113866 0.0155928 0.0192394 0.0222575 0.0246188 0.0263402 0.0274271 0.0279263 0.0279101 0.0274761 0.0267219 0.0257642 0.0246959 0.0235699 0.0224829 0.0215317 0.0207862 0.0202669 
0 0.00286706 0.005724 0.00851664 0.011219 0.013776 0.0161343 0.0182104 0.0199638 0.0213392 0.0222292 0.0225599 0.0222515 0.0212652 0.0195789 0.0172162 0.0141839 0.0104864 0.00620752 0.00146383 -0.00359558 -0.00883088 -0.0140879 -0.0192172 -0.0240621 -0.0284595 -0.0322702 -0.0353891 -0.0377558 -0.0393367 -0.0401083 -0.0400771 -0.0393146 -0.0378959 -0.0359271 -0.0335311 -0.0308423 -0.0279652 -0.0249965 -0.0220517 -0.0192029 -0.0165179 -0.014043 -0.0118227 -0.00988799 -0.00824395 -0.00687561 -0.00579005 -0.00497545 -0.00440961 -0.00407696 -0.00397997 -0.00412362 -0.00448367 -0.00506396 -0.00585543 -0.00685475 -0.00802878 -0.00932034 -0.0106786 -0.0120408 -0.013291 -0.0143269 -0.0150263 -0.0152723 -0.0149682 -0.0140293 -0.0124353 -0.0102256 -0.00749986 -0.0044031 -0.00111033 0.00217602 0.00522175 0.00784271 0.00989388 0.0112801 0.0119495 0.0119402 0.0113561 0.010364 0.00913549 0.00782359 0.00653522 0.00536365 0.00436378 0.00355369 0.00291396 0.00243157 0.00207809 0.00182557 0.00164884 0.00151169 0.00139182 0.00131298 0.00127496 0.00127069 0.0012903 0.00130338 0.00131341 0.00135265 0.00141381 0.00149041 0.00156557 0.00161621 0.00166019 0.00171908 0.00177864 0.00183155 0.0018662 0.00189084 0.001947 0.002085 0.00233917 0.00275838 0.00339009 0.00426813 0.00538864 0.00671544 0.00814905 0.00956557 0.0108041 0.0116789 0.0120044 0.0116648 0.0106084 0.00886035 0.00649185 0.00364825 0.000509384 -0.00269894 -0.00575448 -0.00847183 -0.0107047 -0.012335 -0.0133168 -0.0136705 -0.0134828 -0.0128408 -0.0118357 -0.010604 -0.00926204 -0.00791152 -0.00662311 -0.00544479 -0.0044289 -0.00361535 -0.00299772 -0.00259483 -0.0024115 -0.00246247 -0.00274722 -0.00326406 -0.00402811 -0.00506126 -0.00637456 -0.00796347 -0.00983679 -0.011995 -0.0144063 -0.017017 -0.0197891 -0.0226454 -0.0255132 -0.028293 -0.0308826 -0.0331736 -0.0350264 -0.0363133 -0.0369363 -0.0368331 -0.0359367 -0.0342195 -0.0316987 -0.0284143 -0.0244319 -0.0198788 -0.0148845 -0.00958264 -0.00412283 0.00132964 0.00660142 0.0115604 0.0160747 0.0200586 0.0234287 0.0261485 0.0282185 0.0296445 0.0304767 0.0307604 0.0305821 0.030027 0.0292212 0.0282691 0.0272319 0.0262081 0.0252826 0.0245429 0.0240215 
0 0.00321787 0.00637693 0.00944229 0.0123542 0.0150871 0.0175406 0.0196467 0.0213392 0.0225647 0.0232638 0.0233448 0.0227691 0.0214841 0.0195127 0.01687 0.0135787 0.00967495 0.0052218 0.000350162 -0.00482175 -0.0101455 -0.0154828 -0.0206848 -0.0256141 -0.0301351 -0.0341175 -0.0374414 -0.0400248 -0.0418157 -0.0427949 -0.0429909 -0.0424338 -0.041199 -0.0393477 -0.0370098 -0.0343091 -0.0313641 -0.0282923 -0.0251799 -0.0221286 -0.0191982 -0.0164597 -0.0139736 -0.0117781 -0.00988018 -0.00828606 -0.00698632 -0.00599855 -0.00529698 -0.00487261 -0.00472312 -0.0048319 -0.00520825 -0.0058213 -0.00667882 -0.00777373 -0.00906835 -0.010502 -0.0120031 -0.013492 -0.0148916 -0.0160398 -0.0168074 -0.0170777 -0.0167369 -0.0156997 -0.0139226 -0.0114617 -0.00843082 -0.00497219 -0.00129732 0.00234964 0.00575318 0.00868324 0.0109775 0.0125293 0.0132995 0.0133127 0.012696 0.0116211 0.0102781 0.00881515 0.0073801 0.00607071 0.00494528 0.00403007 0.00332333 0.0027744 0.00237372 0.00209311 0.00188055 0.00171605 0.0015942 0.00149354 0.0014464 0.00144486 0.001449 0.00146177 0.00148721 0.0015187 0.00159057 0.00167917 0.001748 0.00180853 0.0018646 0.00191492 0.00198571 0.0020461 0.00207971 0.0021189 0.00219856 0.00235757 0.00266914 0.00316776 0.00389628 0.00489428 0.00615818 0.00762262 0.00920786 0.0107655 0.0121175 0.013054 0.0133905 0.0129831 0.0117795 0.00980445 0.00716165 0.00397581 0.00047526 -0.00308812 -0.00648793 -0.00950773 -0.011972 -0.0137805 -0.0148754 -0.015282 -0.0150694 -0.0143483 -0.0132576 -0.0118946 -0.0104019 -0.00890027 -0.00747343 -0.00618163 -0.00507072 -0.00417176 -0.00351886 -0.00309755 -0.00294099 -0.00305286 -0.00343319 -0.00408418 -0.0050048 -0.0062273 -0.00775738 -0.00959507 -0.0117335 -0.0141508 -0.0167998 -0.0196376 -0.0225938 -0.0256187 -0.0286027 -0.0314412 -0.0340197 -0.0362174 -0.0379309 -0.0390353 -0.0394542 -0.0391089 -0.0379589 -0.0359946 -0.0332456 -0.0297549 -0.0255994 -0.0208871 -0.0157629 -0.0103593 -0.00480393 0.000753608 0.00618119 0.0113176 0.0160621 0.0203044 0.0239848 0.0270583 0.0294906 0.0313046 0.0325091 0.0331772 0.0333454 0.0331012 0.0325466 0.0317852 0.0309287 0.0300425 0.02923 0.0285372 0.0280404 
0 0.00349937 0.00692251 0.0101937 0.0132779 0.0160891 0.0185753 0.0206482 0.0222292 0.0232638 0.0236892 0.0234905 0.0226137 0.0210621 0.0188294 0.015928 0.0124224 0.00836488 0.00385407 -0.00103837 -0.00619368 -0.0114867 -0.0167846 -0.0219363 -0.0268403 -0.0313806 -0.0354382 -0.038897 -0.0416513 -0.0436466 -0.0448632 -0.0453097 -0.045023 -0.0440174 -0.042387 -0.0402049 -0.0375885 -0.0346693 -0.0315361 -0.0283277 -0.0251127 -0.0219997 -0.0190403 -0.0163059 -0.0138498 -0.0116898 -0.00985528 -0.00835447 -0.00717678 -0.00632483 -0.00578805 -0.0055501 -0.00562804 -0.0059839 -0.00663782 -0.00756282 -0.00874294 -0.0101225 -0.011673 -0.0133239 -0.0149768 -0.0164881 -0.0177365 -0.018584 -0.0188735 -0.0184831 -0.0173227 -0.015386 -0.0126919 -0.0093576 -0.00556368 -0.00153076 0.00251136 0.00624092 0.00946799 0.0120023 0.013728 0.0145991 0.0146619 0.0140195 0.012876 0.0113993 0.00981267 0.00823849 0.00678804 0.00555321 0.00454226 0.00373232 0.00314069 0.00269253 0.0023642 0.00213606 0.00194832 0.0017918 0.00169313 0.00163135 0.00161173 0.00162575 0.00164041 0.00165777 0.00170728 0.00177617 0.00185359 0.0019392 0.00200611 0.00205708 0.00213198 0.00219798 0.00224828 0.0023036 0.00235207 0.00244388 0.0026653 0.00302229 0.00359522 0.00443587 0.00555003 0.00694393 0.00857081 0.0102904 0.0119782 0.0134131 0.0144037 0.0147305 0.0142491 0.0129009 0.01071 0.00775074 0.00425622 0.000416198 -0.00349616 -0.00721634 -0.0105172 -0.013238 -0.0152211 -0.0164239 -0.0168645 -0.0166436 -0.0158631 -0.0146459 -0.0131586 -0.01155 -0.00992283 -0.00835699 -0.00694527 -0.00573935 -0.004793 -0.00409813 -0.0036959 -0.00357303 -0.003756 -0.0042396 -0.00502525 -0.00613305 -0.00757217 -0.00932985 -0.0114164 -0.0137944 -0.0164386 -0.0193117 -0.0223264 -0.0254422 -0.0285457 -0.0315683 -0.0343722 -0.0368472 -0.0388834 -0.0403591 -0.0412123 -0.0413558 -0.0407375 -0.0393328 -0.03714 -0.0341988 -0.0305668 -0.0263183 -0.0215631 -0.0164116 -0.0110176 -0.00548605 6.32131e-05 0.00550689 0.0107373 0.0156118 0.020058 0.0239915 0.0273835 0.030193 0.0323971 0.0340309 0.0351085 0.0357058 0.0358629 0.0356624 0.0352051 0.0345952 0.0339462 0.0333001 0.0327382 0.0323141 
0 0.00370165 0.00730041 0.0107433 0.0139089 0.0167488 0.0191695 0.0211425 0.0225599 0.0233448 0.0234905 0.0229664 0.0218032 0.0199753 0.0175139 0.0144129 0.0107557 0.006645 0.00214222 -0.00266386 -0.00769619 -0.0128277 -0.0179638 -0.0229745 -0.027768 -0.0322356 -0.0362731 -0.0397741 -0.0426577 -0.0448543 -0.0463173 -0.0470562 -0.0470469 -0.0463476 -0.0449973 -0.0430753 -0.0406462 -0.0378228 -0.0347283 -0.0314648 -0.0281615 -0.0249033 -0.0217594 -0.0188044 -0.0161019 -0.0136857 -0.0116231 -0.0098949 -0.00852963 -0.00750844 -0.00683369 -0.00649895 -0.00649603 -0.00684625 -0.00750441 -0.0084665 -0.00971726 -0.0112059 -0.0128849 -0.0146625 -0.0164223 -0.0180862 -0.0194368 -0.0203271 -0.0206219 -0.0201897 -0.018937 -0.0168231 -0.0138945 -0.0102832 -0.00615555 -0.0017725 0.00258589 0.00666294 0.0101971 0.0129777 0.0148769 0.0158643 0.0159586 0.0153045 0.0140951 0.0125292 0.0108019 0.00909687 0.00752325 0.00616857 0.00505402 0.00418814 0.00351777 0.00301759 0.00265858 0.00238329 0.0021655 0.00201857 0.00189224 0.00182358 0.00180739 0.00179483 0.00180492 0.00184424 0.00187759 0.00195938 0.00205164 0.00212189 0.0021953 0.00226188 0.00231424 0.00239424 0.00245987 0.00251636 0.00259221 0.00272434 0.00296275 0.00338839 0.00404844 0.00498982 0.00623004 0.00777209 0.00952311 0.0113835 0.0131887 0.014713 0.015724 0.0160264 0.0154483 0.0139348 0.0115159 0.00831518 0.00449817 0.00032343 -0.00391338 -0.00795447 -0.0115394 -0.0144679 -0.0166207 -0.0179415 -0.0184454 -0.0181935 -0.0173261 -0.0160417 -0.0144375 -0.0126886 -0.0109212 -0.00924052 -0.00774134 -0.00646551 -0.00545472 -0.00476776 -0.00438089 -0.00431968 -0.00458348 -0.00517897 -0.00612886 -0.00742739 -0.00909329 -0.0110888 -0.0134148 -0.0160228 -0.0188739 -0.0219198 -0.0250921 -0.0282816 -0.0314129 -0.0343655 -0.0370391 -0.0393306 -0.0411125 -0.0423046 -0.0428271 -0.0426529 -0.0417308 -0.0400765 -0.0376878 -0.0345955 -0.0308678 -0.0266072 -0.0218988 -0.0168436 -0.0115599 -0.00613986 -0.000709349 0.00465933 0.0098449 0.0147786 0.0193472 0.0234928 0.0271727 0.0303225 0.0329511 0.0350183 0.0365758 0.0376367 0.0382757 0.0385347 0.0384733 0.0382279 0.0378574 0.037466 0.0370848 0.0368064 
0 0.00380501 0.00750479 0.011006 0.0142071 0.0169846 0.019288 0.0210734 0.0222515 0.0227691 0.0226137 0.0218032 0.0203332 0.0182468 0.0155807 0.0123503 0.00864889 0.00455574 0.000154171 -0.00449385 -0.00929103 -0.0141513 -0.0190261 -0.0238051 -0.0284037 -0.0327156 -0.0366494 -0.0401418 -0.0431107 -0.0454856 -0.0472006 -0.0482262 -0.0485535 -0.0481802 -0.0471777 -0.0455601 -0.0433823 -0.0407602 -0.0377799 -0.0345751 -0.0312349 -0.0278903 -0.0246076 -0.0214748 -0.0185646 -0.0159172 -0.0136046 -0.0116431 -0.0100417 -0.0088304 -0.00801444 -0.00756604 -0.00749746 -0.0077836 -0.00843863 -0.00943801 -0.0107527 -0.0123137 -0.0140966 -0.0160001 -0.0178909 -0.0196258 -0.0210578 -0.0220301 -0.0223513 -0.0218718 -0.0204964 -0.0182204 -0.0150689 -0.0111774 -0.00675529 -0.0020568 0.00266064 0.0070405 0.0108618 0.0138893 0.0159722 0.0170701 0.0172268 0.0165587 0.0152946 0.0136202 0.0117973 0.00997826 0.00828271 0.00682009 0.00560228 0.00462167 0.00390059 0.00335154 0.00294676 0.00265791 0.00241998 0.00223336 0.00210682 0.00201808 0.00197742 0.00197377 0.00198609 0.00201376 0.00206654 0.00213887 0.00221574 0.00230338 0.0023842 0.0024463 0.00252366 0.0025909 0.00264304 0.00272236 0.0028194 0.00298298 0.00330463 0.00379176 0.00453345 0.00558302 0.00693519 0.00859899 0.0105056 0.0124946 0.0144122 0.0159886 0.017016 0.0172675 0.0165835 0.0149157 0.0122888 0.00879429 0.00470039 0.000219323 -0.00434362 -0.00868572 -0.0125341 -0.0156922 -0.0179928 -0.0193975 -0.0199288 -0.0196886 -0.0187948 -0.0174022 -0.0156857 -0.0138271 -0.0119495 -0.0101554 -0.00856928 -0.00723804 -0.00621064 -0.00550081 -0.00515082 -0.00515515 -0.00553981 -0.00629652 -0.00742866 -0.00894465 -0.0108296 -0.0130463 -0.0156003 -0.0184146 -0.0214341 -0.0246111 -0.0278433 -0.0310597 -0.0341262 -0.0369569 -0.0394229 -0.041437 -0.0429038 -0.0437316 -0.0439043 -0.0433748 -0.042134 -0.0402214 -0.0376493 -0.0344522 -0.0306983 -0.026494 -0.0219263 -0.0170548 -0.0119822 -0.00676953 -0.00152793 0.00365707 0.00872646 0.0136066 0.0182455 0.0225527 0.0264759 0.0299535 0.0329696 0.0355186 0.0375692 0.0391584 0.0403255 0.0411113 0.0415579 0.0417446 0.0417585 0.0416566 0.0415347 0.0414439 
0 0.00381025 0.00748367 0.0109474 0.0140648 0.0167294 0.0188396 0.020376 0.0212652 0.0214841 0.0210621 0.0199753 0.0182468 0.0159251 0.0131133 0.00983471 0.00616446 0.00218574 -0.00204216 -0.00643915 -0.0109328 -0.015459 -0.0200028 -0.0244705 -0.0287878 -0.0328698 -0.0366582 -0.0400911 -0.0430984 -0.045601 -0.0475284 -0.0488587 -0.0495271 -0.0495363 -0.0489002 -0.0476388 -0.0457829 -0.0434318 -0.0406742 -0.0375898 -0.0342935 -0.0309118 -0.0275392 -0.024273 -0.0211883 -0.0183281 -0.0157888 -0.0135792 -0.0117521 -0.0103346 -0.00934559 -0.00876544 -0.00858906 -0.00883024 -0.00946036 -0.0104686 -0.0118294 -0.0134752 -0.0153532 -0.0173506 -0.0193256 -0.0211785 -0.0226919 -0.0236951 -0.0240153 -0.0234989 -0.0220398 -0.0196108 -0.0162491 -0.0120986 -0.00736591 -0.00234096 0.00267706 0.00737547 0.0114765 0.0147272 0.0169767 0.0181967 0.018413 0.0177717 0.0164805 0.0147435 0.0128037 0.0108625 0.00904483 0.0074646 0.00614612 0.00510419 0.00430785 0.00370624 0.00326213 0.00292652 0.00266006 0.00247608 0.00232731 0.00222965 0.0021812 0.00215138 0.00215472 0.00219633 0.00223933 0.00232086 0.00240678 0.00248357 0.00256613 0.0026391 0.00269932 0.00277606 0.00284367 0.00293332 0.00306249 0.00327337 0.00362925 0.0041969 0.00504126 0.00621008 0.00769563 0.00949632 0.0115089 0.0136014 0.0155956 0.0172272 0.0182518 0.0184608 0.0176733 0.0158345 0.0129781 0.00923659 0.00483506 4.32879e-05 -0.00481365 -0.00943438 -0.0135256 -0.0168653 -0.0193116 -0.0208243 -0.0214174 -0.0211611 -0.0202044 -0.0187595 -0.0169547 -0.014984 -0.0129881 -0.0111028 -0.00945285 -0.00807673 -0.00701636 -0.00633316 -0.00603164 -0.00613509 -0.00665008 -0.00757384 -0.00891428 -0.0106456 -0.0127521 -0.0151817 -0.0179383 -0.0209338 -0.024088 -0.0273318 -0.0305753 -0.0337166 -0.0366582 -0.0392778 -0.0414665 -0.0431396 -0.0442101 -0.0446463 -0.044435 -0.0435646 -0.0420102 -0.0398438 -0.0371067 -0.0338478 -0.0301379 -0.0260655 -0.0216869 -0.0170571 -0.0122589 -0.00733504 -0.00237355 0.00257834 0.00745383 0.0122288 0.0168479 0.0212548 0.0253783 0.0291366 0.032538 0.0355389 0.0381213 0.0402596 0.0420026 0.0433684 0.0443732 0.0450941 0.0455545 0.0458362 0.0460051 0.0461327 
0 0.00368152 0.0072056 0.0104896 0.0134195 0.0158688 0.0177358 0.0189891 0.0195789 0.0195127 0.0188294 0.0175139 0.0155807 0.0131133 0.0102308 0.0069672 0.00339439 -0.000404202 -0.00437355 -0.00846042 -0.012608 -0.0167658 -0.020924 -0.0250086 -0.0289748 -0.0327785 -0.0363714 -0.0396976 -0.0426834 -0.0452658 -0.047383 -0.04899 -0.0500054 -0.0503903 -0.0501558 -0.0492928 -0.0478155 -0.0458031 -0.0433198 -0.0404376 -0.0372609 -0.0339257 -0.0305292 -0.0271707 -0.0239367 -0.0208943 -0.0181475 -0.0157272 -0.0136757 -0.0120434 -0.0108624 -0.010122 -0.0098301 -0.00999273 -0.0105915 -0.0116011 -0.0129796 -0.0146638 -0.0166155 -0.0187155 -0.0208 -0.0227289 -0.0243083 -0.0253549 -0.0256697 -0.0250921 -0.0235261 -0.0209511 -0.0173962 -0.0129996 -0.00799163 -0.00266649 0.00266469 0.0076494 0.0120108 0.0154908 0.0179238 0.0192764 0.0195802 0.0189649 0.0176452 0.0158359 0.0138063 0.0117605 0.00983547 0.00815003 0.00673278 0.00559744 0.00473671 0.0040814 0.00359053 0.00322337 0.00293263 0.0027216 0.00256383 0.00245014 0.00238297 0.002349 0.00235048 0.00238639 0.00243575 0.00250774 0.00258263 0.00266247 0.00274862 0.0028243 0.00289649 0.00296984 0.00304011 0.00315083 0.00331328 0.00357174 0.00400005 0.00464566 0.00558633 0.00686989 0.00848173 0.010409 0.0125493 0.0147446 0.0168043 0.0184516 0.0194513 0.0195868 0.018682 0.0166817 0.01361 0.00960013 0.00492273 -0.000148171 -0.00528389 -0.0101622 -0.014487 -0.0180277 -0.0206252 -0.0222317 -0.022865 -0.0226114 -0.0216179 -0.0200868 -0.0181953 -0.0161454 -0.0140764 -0.0121162 -0.0104011 -0.00898859 -0.00793011 -0.00728062 -0.0070614 -0.00728053 -0.0079421 -0.00903897 -0.0105757 -0.0125308 -0.0148571 -0.0174915 -0.0204182 -0.0235399 -0.0267681 -0.030028 -0.0332156 -0.0362272 -0.0389487 -0.0412746 -0.0431095 -0.044386 -0.04504 -0.045053 -0.0444523 -0.0432323 -0.0413904 -0.0390089 -0.0361506 -0.032882 -0.0292711 -0.025384 -0.0212445 -0.0168931 -0.0124124 -0.00783508 -0.00320557 0.00146356 0.00612986 0.0107533 0.015295 0.0197219 0.02398 0.027989 0.0317319 0.0351666 0.0382486 0.0409515 0.0432911 0.0452614 0.0468674 0.048164 0.049163 0.049891 0.050406 0.0507629 
0 0.00341522 0.00666705 0.00965689 0.012282 0.0144117 0.0159687 0.0169187 0.0172162 0.01687 0.015928 0.0144129 0.0123503 0.00983471 0.0069672 0.00378937 0.00038578 -0.00315504 -0.00679616 -0.0105206 -0.0142783 -0.0180214 -0.0217437 -0.0254074 -0.0289962 -0.032489 -0.0358422 -0.0390111 -0.0419366 -0.0445692 -0.0468442 -0.0486894 -0.0500171 -0.0507697 -0.0509521 -0.0505232 -0.0494694 -0.0478442 -0.045695 -0.0430886 -0.0401132 -0.0368989 -0.0335398 -0.0301388 -0.0267989 -0.0236122 -0.0206857 -0.0180678 -0.0157989 -0.0139488 -0.0125627 -0.0116431 -0.0112124 -0.0112725 -0.011811 -0.0127956 -0.0141837 -0.0159119 -0.0179267 -0.0200977 -0.0222621 -0.0242592 -0.0258974 -0.0269715 -0.0272741 -0.026644 -0.0249798 -0.0222596 -0.0185148 -0.0138864 -0.00862304 -0.00302746 0.00258448 0.00784832 0.0124746 0.0161852 0.018801 0.0202825 0.0206711 0.0200942 0.0187693 0.0169155 0.0148107 0.012667 0.0106359 0.00884172 0.00732722 0.00610651 0.00517871 0.00446828 0.00392828 0.00352214 0.00320508 0.00297104 0.00280176 0.00267379 0.00258917 0.00254645 0.00254336 0.00257439 0.00262488 0.00268721 0.00275213 0.00283033 0.00291733 0.00299697 0.00307671 0.00315131 0.00323242 0.00336677 0.00356744 0.00387946 0.00437858 0.00511083 0.00615879 0.00756274 0.00930184 0.0113475 0.0135956 0.0158767 0.0179903 0.0196478 0.0206082 0.0206506 0.0196081 0.017429 0.0141463 0.00989638 0.0049633 -0.000372505 -0.00577349 -0.0108992 -0.015442 -0.0191594 -0.0218892 -0.0235881 -0.0242681 -0.0240187 -0.0229976 -0.0214084 -0.0194506 -0.0173202 -0.0151727 -0.0131528 -0.0114 -0.00997645 -0.00893962 -0.00834492 -0.00822809 -0.00858352 -0.00940967 -0.0106936 -0.0124327 -0.0146023 -0.0171308 -0.0199457 -0.0230071 -0.0262087 -0.0294544 -0.0326664 -0.0357329 -0.0385438 -0.0409692 -0.0429228 -0.0443392 -0.0451819 -0.0454081 -0.0450015 -0.0440084 -0.0424389 -0.0403307 -0.0377812 -0.0348594 -0.0316222 -0.0281307 -0.0244453 -0.0205806 -0.0165577 -0.0124366 -0.00823736 -0.00397044 0.000377965 0.00479415 0.00922678 0.0136433 0.0180297 0.0223609 0.0265739 0.0306254 0.0344619 0.0380178 0.0412754 0.0442212 0.0468151 0.0490419 0.050939 0.0525114 0.0537285 0.0546176 0.0552142 
0 0.00299452 0.00583252 0.00842013 0.010621 0.0123472 0.0135303 0.0141629 0.0141839 0.0135787 0.0124224 0.0107557 0.00864889 0.00616446 0.00339439 0.00038578 -0.00277538 -0.00599824 -0.00928108 -0.0126062 -0.0159313 -0.0192173 -0.0224775 -0.0257112 -0.0289107 -0.032059 -0.0351398 -0.0381153 -0.0409535 -0.0435975 -0.0459754 -0.0480196 -0.0496164 -0.0507287 -0.0513064 -0.051309 -0.0506963 -0.0494934 -0.0477494 -0.0454828 -0.0427849 -0.0397577 -0.0365072 -0.0331396 -0.0297628 -0.0264766 -0.0233993 -0.0205806 -0.0181039 -0.0160412 -0.0144511 -0.0133539 -0.012757 -0.0126999 -0.0131525 -0.0140941 -0.0154784 -0.0172411 -0.0192961 -0.0215129 -0.0237165 -0.0257729 -0.0274534 -0.0285427 -0.0288369 -0.0281568 -0.0263987 -0.0235341 -0.0196088 -0.0147709 -0.00926345 -0.00340339 0.00245864 0.00800022 0.0128754 0.0168001 0.0195962 0.0212181 0.0216936 0.0211771 0.0198587 0.0179865 0.0158169 0.0135921 0.0114662 0.0095631 0.00794177 0.00664262 0.0056285 0.00486147 0.00428059 0.00383183 0.00348916 0.00324785 0.00305225 0.00290949 0.00281064 0.00274487 0.00273231 0.00276846 0.00280565 0.00286447 0.00292861 0.0029962 0.00308463 0.00317739 0.00324691 0.00332761 0.00342431 0.00357632 0.00382508 0.00421167 0.00477993 0.00561745 0.00677731 0.00829697 0.0101577 0.0123189 0.0146557 0.0170128 0.0191551 0.0208136 0.0217114 0.0216521 0.0204712 0.0181083 0.0146044 0.0101359 0.00494363 -0.000641447 -0.00628105 -0.0116362 -0.0163837 -0.0202584 -0.0231073 -0.0248843 -0.0256186 -0.0253822 -0.0243441 -0.0227336 -0.0207251 -0.0185286 -0.016311 -0.0142469 -0.0124758 -0.0110657 -0.0100648 -0.00955242 -0.00953864 -0.0100479 -0.0110562 -0.0125477 -0.0145066 -0.0168709 -0.019568 -0.0225142 -0.0256576 -0.0288909 -0.0320993 -0.0351858 -0.0380534 -0.0405702 -0.0426456 -0.0441811 -0.0451543 -0.0455453 -0.0453222 -0.044508 -0.0431322 -0.0412508 -0.0389128 -0.0362391 -0.0333027 -0.030135 -0.0267864 -0.023315 -0.0197457 -0.0160914 -0.0123576 -0.00853882 -0.0046309 -0.00060978 0.00350944 0.0077195 0.0119815 0.0163055 0.0206674 0.0250169 0.0293271 0.0335076 0.0375088 0.0412777 0.044805 0.0480156 0.05086 0.0533664 0.0554945 0.0572158 0.0584934 0.0593606 
0 0.00241581 0.00470813 0.00675164 0.00845131 0.00969148 0.0104666 0.0107468 0.0104864 0.00967495 0.00836488 0.006645 0.00455574 0.00218574 -0.000404202 -0.00315504 -0.00599824 -0.00887752 -0.0117751 -0.0146773 -0.0175431 -0.0203663 -0.0231739 -0.0259809 -0.0287717 -0.0315654 -0.034349 -0.0371206 -0.0398229 -0.0424109 -0.0448378 -0.0470135 -0.0488678 -0.0502897 -0.0512492 -0.0516616 -0.0514939 -0.0507558 -0.0494448 -0.0475828 -0.0452123 -0.0424394 -0.0393692 -0.0361026 -0.0327458 -0.029422 -0.0262229 -0.023261 -0.0205925 -0.0183355 -0.0165491 -0.0152561 -0.0144985 -0.0142867 -0.0146424 -0.0155277 -0.0168782 -0.0186306 -0.0207104 -0.0229664 -0.0252323 -0.0272974 -0.0290036 -0.0301086 -0.0303734 -0.0296248 -0.0277731 -0.0247836 -0.0206956 -0.0156483 -0.00991752 -0.00381481 0.00231759 0.00808916 0.0131868 0.0173256 0.0203049 0.022068 0.0226738 0.0222234 0.0209322 0.0190395 0.016829 0.014524 0.0123111 0.0103107 0.00860092 0.00719757 0.00611915 0.00528412 0.00464198 0.00416014 0.00380044 0.00352405 0.00333468 0.00317124 0.00304072 0.00296641 0.0029428 0.00295322 0.00300784 0.00305253 0.0031027 0.00317774 0.00326224 0.00334049 0.00343189 0.00350641 0.00361748 0.00381179 0.00411266 0.00455882 0.00522789 0.00615562 0.00742921 0.00907061 0.0110596 0.0133225 0.0157542 0.0181621 0.0203166 0.0219257 0.0227565 0.0225784 0.021249 0.0187165 0.0150146 0.0102925 0.00486743 -0.000950484 -0.00681887 -0.0123721 -0.0172945 -0.0213258 -0.0243021 -0.0261646 -0.0269377 -0.0267312 -0.0257089 -0.0240465 -0.0220012 -0.0197627 -0.0175201 -0.015432 -0.0136491 -0.0122664 -0.0113427 -0.0109131 -0.0110384 -0.0117028 -0.0129005 -0.014597 -0.0167416 -0.019287 -0.0221105 -0.0251507 -0.0283267 -0.0315334 -0.0346422 -0.0375409 -0.0401155 -0.0422796 -0.0439279 -0.0450263 -0.0455417 -0.0454656 -0.0448021 -0.0435685 -0.0418657 -0.0397242 -0.0372354 -0.0344874 -0.0315625 -0.0284975 -0.0253204 -0.0220869 -0.018818 -0.0155188 -0.0121601 -0.00870863 -0.00513767 -0.00145033 0.00236912 0.00631596 0.0104153 0.0146579 0.0190115 0.0234452 0.0279188 0.032399 0.0367778 0.0410225 0.0450726 0.0488557 0.0523082 0.0553803 0.0580497 0.0602262 0.0619076 0.063059 
0 0.00170937 0.00330616 0.00470662 0.00580202 0.00653349 0.00685281 0.00675176 0.00620752 0.0052218 0.00385407 0.00214222 0.000154171 -0.00204216 -0.00437355 -0.00679616 -0.00928108 -0.0117751 -0.0142561 -0.0167009 -0.0191008 -0.021477 -0.0238421 -0.0262157 -0.0286038 -0.0310334 -0.0335349 -0.0360679 -0.0386025 -0.0410904 -0.0435019 -0.0457776 -0.0478032 -0.0495136 -0.0508065 -0.0516237 -0.0519041 -0.0516192 -0.0507714 -0.0493371 -0.0473654 -0.044919 -0.0420929 -0.0389835 -0.0357049 -0.0323851 -0.029146 -0.0260697 -0.0232675 -0.0208309 -0.018838 -0.0173543 -0.0164114 -0.0160623 -0.0162916 -0.0170712 -0.0183611 -0.020105 -0.0221815 -0.0244549 -0.0267393 -0.0288624 -0.0305745 -0.031638 -0.0318591 -0.0310536 -0.0291116 -0.0259933 -0.0217438 -0.0165186 -0.0105717 -0.00424295 0.002086 0.008106 0.0134285 0.01776 0.0209254 0.022851 0.023564 0.0232156 0.021968 0.0200883 0.0178305 0.0154602 0.0131622 0.0110665 0.00926133 0.00779585 0.00662387 0.00572599 0.00503464 0.0044967 0.00410121 0.0038237 0.00359835 0.00342577 0.00329018 0.0031905 0.0031548 0.00317419 0.00319632 0.00323333 0.00327889 0.00333158 0.00341402 0.00351383 0.00359124 0.00368945 0.00383229 0.0040531 0.00441025 0.00494118 0.00567486 0.00671722 0.00811082 0.0098792 0.0119929 0.0143679 0.0168625 0.0193052 0.021437 0.0230105 0.0237338 0.0234255 0.0219473 0.0192215 0.0153061 0.010403 0.00474277 -0.00129589 -0.00736162 -0.0131049 -0.0181934 -0.0223591 -0.0254473 -0.0274053 -0.0282607 -0.0280705 -0.0270199 -0.0253585 -0.0232932 -0.0210335 -0.0187648 -0.0166866 -0.0149344 -0.0135986 -0.0127423 -0.0124433 -0.0127158 -0.0135676 -0.0149448 -0.0168144 -0.0191296 -0.0217999 -0.0247325 -0.0278265 -0.0309859 -0.0340987 -0.0370282 -0.0396559 -0.0418951 -0.043638 -0.0448419 -0.0454578 -0.0455014 -0.0449707 -0.0438693 -0.0422784 -0.0402675 -0.0379402 -0.0353515 -0.0325791 -0.0296981 -0.0267434 -0.023768 -0.0207914 -0.0178213 -0.0148442 -0.0118179 -0.00871388 -0.00548785 -0.00211991 0.00139666 0.00510258 0.00901715 0.013159 0.0174785 0.0219382 0.0265342 0.0312169 0.0359291 0.040568 0.0450765 0.0493654 0.0533467 0.0569533 0.0600836 0.0626959 0.064731 0.0661583 
