0 0 0 0 0 0 0 0 0 0 0 0 0 0 0 0 0 0 0 0 0 0 0 0 0 0 0 0 0 0 0 0 0 0 0 0 0 0 0 0 0 0 0 0 0 0 0 0 0 0 0 0 0 0 0 0 0 0 0 0 0 0 0 0 0 0 0 0 0 0 0 0 0 0 0 0 0 0 0 0 0 0 0 0 0 0 0 0 0 0 0 0 0 0 0 0 0 0 0 0 0 0 0 0 0 0 0 0 0 0 0 0 0 0 0 0 0 0 0 0 0 0 0 0 0 0 0 0 0 0 0 0 0 0 0 0 0 0 0 0 0 0 0 0 0 0 0 0 0 0 0 0 0 0 0 0 0 0 0 0 0 0 0 0 0 0 0 0 0 0 0 0 0 0 0 0 0 0 0 0 0 0 0 0 0 0 0 0 0 0 0 0 0 0 0 0 0 0 0 0 
0 0.000608657 0.00121787 0.0017889 0.00229496 0.00270375 0.00299932 0.00316299 0.003195 0.00308822 0.00280749 0.00235888 0.00175677 0.00102651 0.000186639 -0.000725453 -0.00166927 -0.00261646 -0.00351182 -0.00432118 -0.00502462 -0.00560454 -0.00602638 -0.00627029 -0.00633879 -0.00625678 -0.00605423 -0.00575988 -0.00538272 -0.00493239 -0.00443646 -0.0039089 -0.00340249 -0.00292305 -0.00248204 -0.00207696 -0.00171976 -0.00142027 -0.00115797 -0.000952498 -0.000778249 -0.00063034 -0.000503356 -0.00039993 -0.00032617 -0.000282646 -0.000248173 -0.000221489 -0.000198105 -0.00018702 -0.000183666 -0.000188608 -0.000213421 -0.000234095 -0.00027023 -0.000309993 -0.000369971 -0.000459045 -0.000572965 -0.000694111 -0.000835185 -0.000989155 -0.00116207 -0.0013388 -0.00151153 -0.00168265 -0.00183735 -0.00194029 -0.00197247 -0.00193963 -0.00182416 -0.00162878 -0.0013465 -0.000995324 -0.000584705 -0.00014794 0.000287953 0.000687898 0.00104064 0.00130205 0.0014782 0.00156335 0.00156523 0.00149014 0.00136573 0.00120318 0.00103298 0.000863063 0.000713001 0.000575524 0.000465464 0.000385908 0.000333802 0.000298306 0.000278017 0.000252412 0.000230673 0.000216469 0.000212957 0.000215989 0.000230398 0.000241681 0.000250543 0.000258813 0.000264525 0.00025924 0.000257737 0.000252157 0.000257337 0.000286823 0.000344526 0.000425582 0.000540018 0.000676415 0.000844451 0.00103176 0.0012304 0.00140313 0.00152903 0.00158302 0.00155237 0.00141374 0.0011841 0.000859335 0.000474591 5.79365e-05 -0.000354861 -0.000757283 -0.00111594 -0.0014097 -0.0016165 -0.00174095 -0.00177236 -0.00173446 -0.00164351 -0.00151238 -0.00134937 -0.00117395 -0.000997643 -0.000817958 -0.00064892 -0.00049419 -0.000371733 -0.000273056 -0.000188276 -0.000116943 -6.62374e-05 -1.33833e-05 1.44866e-05 3.50981e-05 4.2321e-05 4.65747e-05 5.71371e-05 5.83687e-05 4.14125e-05 3.86933e-06 -4.75513e-05 -0.000114635 -0.000201099 -0.000306387 -0.000436365 -0.000612601 -0.000816769 -0.00106736 -0.00134535 -0.00166906 -0.00205387 -0.00249089 -0.00297004 -0.00346083 -0.00395357 -0.0044135 -0.00483754 -0.00520994 -0.00549475 -0.00565761 -0.00568711 -0.00557198 -0.0053025 -0.00486422 -0.00425137 -0.00348733 -0.00260903 -0.0016691 -0.00068939 0.000299649 0.00128438 0.00222493 0.00305968 0.00375855 0.00431354 0.00474721 0.00506161 0.00527431 0.00538632 0.00539676 0.00534686 0.0052787 0.00522631 0.00518592 
0 0.00121787 0.00240997 0.00353133 0.00450126 0.00531232 0.00588868 0.00620842 0.00625516 0.00601265 0.00545436 0.0045586 0.00338472 0.00193887 0.000283001 -0.00150623 -0.00335427 -0.00519609 -0.00696122 -0.00855821 -0.00994954 -0.0110818 -0.0118984 -0.0123818 -0.0125434 -0.0124128 -0.0120367 -0.0114494 -0.0106968 -0.00981134 -0.00884176 -0.00782734 -0.00681657 -0.00586631 -0.0049717 -0.00416829 -0.00347224 -0.00287524 -0.00236036 -0.00192871 -0.00157778 -0.00128489 -0.00104473 -0.000849825 -0.000698975 -0.000587221 -0.000505969 -0.000436312 -0.000400732 -0.000386016 -0.000374379 -0.000389895 -0.000422383 -0.000471639 -0.000543467 -0.000635667 -0.000766396 -0.000931951 -0.00112323 -0.00135914 -0.00164094 -0.00196823 -0.00230791 -0.0026642 -0.003037 -0.00337022 -0.00365369 -0.00385108 -0.00392466 -0.00386619 -0.00363856 -0.00324023 -0.00268224 -0.00195829 -0.00115414 -0.000306785 0.00056115 0.00136728 0.00206061 0.00260978 0.00296626 0.00313659 0.00313832 0.00298875 0.0027245 0.00239432 0.00204688 0.00171809 0.00142124 0.00116439 0.000956502 0.000788941 0.000670324 0.000594348 0.000530502 0.000483158 0.000458761 0.0004359 0.000440426 0.000459542 0.000465231 0.000475945 0.000487727 0.0004892 0.000508132 0.000523302 0.000523377 0.000524533 0.000535603 0.000575953 0.000676483 0.000839355 0.00106438 0.00135129 0.00169636 0.00208326 0.00247424 0.00281697 0.00306388 0.00316146 0.00307847 0.00281755 0.00235213 0.00171208 0.000967011 0.000138276 -0.000711783 -0.00150509 -0.00222707 -0.00280505 -0.00321136 -0.00345539 -0.00353473 -0.0034791 -0.00329309 -0.00299774 -0.00267508 -0.00232618 -0.0019589 -0.00160828 -0.00128636 -0.00100941 -0.000764073 -0.000549121 -0.000371358 -0.000233219 -0.000128244 -3.8965e-05 3.04422e-05 6.93513e-05 9.56186e-05 0.000103651 0.000101373 8.72577e-05 3.71583e-05 -3.28448e-05 -0.000120534 -0.000248281 -0.000424357 -0.00063987 -0.000912888 -0.00124486 -0.00165306 -0.00214279 -0.00271537 -0.00338347 -0.00414957 -0.00501572 -0.00593584 -0.00690366 -0.00787783 -0.00879396 -0.00962515 -0.0103353 -0.0108736 -0.0111869 -0.0112418 -0.0110121 -0.0104606 -0.00957834 -0.00837734 -0.00688623 -0.00518732 -0.00332726 -0.0013884 0.000575322 0.00250983 0.00433718 0.0059879 0.00737515 0.00852014 0.00939998 0.0100394 0.0104676 0.0106963 0.0107599 0.0106858 0.0105866 0.0104763 0.0103909 
0 0.0017889 0.00353133 0.00512711 0.00653074 0.00768493 0.00853073 0.00898283 0.00901864 0.00863504 0.00777913 0.00647715 0.0047541 0.00265469 0.000239736 -0.00236363 -0.00503538 -0.00771404 -0.0102773 -0.0126195 -0.0146498 -0.0162957 -0.0174874 -0.018215 -0.0184982 -0.0183652 -0.017845 -0.0170022 -0.0159005 -0.0146129 -0.0132215 -0.0117415 -0.010279 -0.00885826 -0.00753704 -0.00634003 -0.0052987 -0.00441452 -0.00362008 -0.00296655 -0.0024162 -0.00197084 -0.00161057 -0.00131605 -0.00108033 -0.000905527 -0.000761632 -0.000664988 -0.00060771 -0.000591096 -0.000583057 -0.000584054 -0.000635338 -0.000696699 -0.000817333 -0.000959151 -0.00114733 -0.00139642 -0.00170287 -0.0020419 -0.00245849 -0.00293743 -0.00347616 -0.00402069 -0.00454037 -0.00503632 -0.00547725 -0.00577753 -0.00588367 -0.00579514 -0.00545383 -0.00486055 -0.00400649 -0.00294927 -0.00173353 -0.000450778 0.000829657 0.00201765 0.0030756 0.0038835 0.00443642 0.00470769 0.00471178 0.00447268 0.00407664 0.00357642 0.00306644 0.00257638 0.00214976 0.00176131 0.00143977 0.00119025 0.00101082 0.000882822 0.000805982 0.000734438 0.000687737 0.000665858 0.000669679 0.000681213 0.000707021 0.000718463 0.00072518 0.00073929 0.000762532 0.000770139 0.000787809 0.000790012 0.000808656 0.000881723 0.00103168 0.00125971 0.00159894 0.00202471 0.00255196 0.0031345 0.00373156 0.00423501 0.00458332 0.00471471 0.00460144 0.00419015 0.00351672 0.00256886 0.00143335 0.000187686 -0.00106129 -0.00227034 -0.00334011 -0.00420554 -0.00481368 -0.0051831 -0.00529234 -0.00519603 -0.00492831 -0.0045214 -0.00401273 -0.00346895 -0.00293642 -0.00241967 -0.0019456 -0.00150968 -0.00114351 -0.000828238 -0.000555429 -0.00033958 -0.000197654 -6.04545e-05 2.55817e-05 0.000104138 0.000146562 0.000157307 0.000153483 0.000112699 3.53939e-05 -7.24793e-05 -0.00020739 -0.000400468 -0.000674804 -0.00101899 -0.00142796 -0.00194376 -0.00254057 -0.00328917 -0.00415644 -0.00516789 -0.0063251 -0.00758621 -0.00893789 -0.0103378 -0.0117671 -0.0131079 -0.0143088 -0.0153181 -0.0160677 -0.0164938 -0.0165531 -0.0161809 -0.015337 -0.0140164 -0.0122504 -0.0101033 -0.00763079 -0.00492496 -0.00206245 0.000817406 0.00362954 0.00628281 0.00867335 0.0107513 0.0124729 0.0138324 0.0148055 0.0154594 0.0158477 0.0159963 0.0159872 0.0158886 0.0157651 0.0156392 
0 0.00229496 0.00450126 0.00653074 0.00827671 0.00973461 0.0107796 0.0113351 0.0113509 0.0108071 0.00968477 0.00797784 0.00577573 0.00308963 1.82533e-05 -0.0032979 -0.00672202 -0.0101438 -0.0134336 -0.016425 -0.0190266 -0.021145 -0.0227032 -0.0236872 -0.0241106 -0.0239897 -0.0233733 -0.0223235 -0.0209428 -0.0193158 -0.0175321 -0.0156529 -0.0137586 -0.0119417 -0.0102126 -0.0086339 -0.00724041 -0.00602642 -0.00496615 -0.00406964 -0.00333064 -0.00271642 -0.00221449 -0.00180885 -0.00149199 -0.0012507 -0.00106966 -0.000923154 -0.000841637 -0.000802082 -0.000773996 -0.000792406 -0.000850811 -0.000945069 -0.00108683 -0.0012718 -0.00153133 -0.00186538 -0.00225982 -0.0027365 -0.00329822 -0.00394236 -0.00462022 -0.00533018 -0.00606074 -0.00672432 -0.00728841 -0.00768075 -0.00782871 -0.00770974 -0.00725901 -0.00646902 -0.00535593 -0.00392856 -0.00232597 -0.000630363 0.00109425 0.00269791 0.00407811 0.00516217 0.0058733 0.00621895 0.0062319 0.00594774 0.00543727 0.0047928 0.00410684 0.00344906 0.00285334 0.00233584 0.00191608 0.00158681 0.00135515 0.00120511 0.00108492 0.000990871 0.000931965 0.000883334 0.000882237 0.000911081 0.00092819 0.000953327 0.000977628 0.000986762 0.00101685 0.00103751 0.00103682 0.0010404 0.00107032 0.00116773 0.00138051 0.00171387 0.00216829 0.0027385 0.003418 0.00417654 0.00494267 0.0056153 0.00609729 0.00628513 0.0061162 0.00558147 0.00464903 0.00337394 0.00188106 0.000233787 -0.00144692 -0.00302585 -0.00444974 -0.00559376 -0.00640265 -0.0068864 -0.00704334 -0.00692819 -0.0065608 -0.00598989 -0.00534748 -0.00465336 -0.00392736 -0.00322602 -0.0025777 -0.00201467 -0.00152272 -0.00109648 -0.000742305 -0.000465986 -0.00025864 -8.65276e-05 4.40447e-05 0.00012354 0.000173359 0.000185706 0.000173236 0.00013156 2.41057e-05 -0.000126772 -0.000322645 -0.000600048 -0.000975042 -0.00143554 -0.00200822 -0.00270286 -0.00354406 -0.00454746 -0.00571223 -0.00705375 -0.00856423 -0.0102259 -0.0119643 -0.0137706 -0.0155831 -0.0172869 -0.018812 -0.0200817 -0.0210079 -0.021504 -0.021509 -0.0209655 -0.0198213 -0.0180858 -0.0158069 -0.0130366 -0.00987476 -0.00638327 -0.00271042 0.000995207 0.00460216 0.00799018 0.0110823 0.0137765 0.0160778 0.017903 0.0192495 0.0201802 0.020765 0.0210846 0.0211776 0.0211707 0.0210687 0.0209517 
0 0.00270375 0.00531232 0.00768493 0.00973461 0.0113941 0.0125756 0.0131692 0.0131286 0.0124317 0.0110266 0.00896117 0.00630965 0.00313815 -0.000475694 -0.00438506 -0.00843123 -0.0124895 -0.0163669 -0.0198974 -0.022974 -0.0255136 -0.0274272 -0.0286761 -0.0292579 -0.0291955 -0.0285346 -0.0273672 -0.0257841 -0.0238823 -0.0217753 -0.0195243 -0.0172758 -0.0150825 -0.0129966 -0.0110509 -0.00930016 -0.00777335 -0.00642444 -0.00530172 -0.00435449 -0.00356202 -0.00290392 -0.00236912 -0.00195329 -0.0016461 -0.00139959 -0.00121455 -0.00108842 -0.00102382 -0.000991494 -0.000999683 -0.00108196 -0.00119211 -0.00137159 -0.00159473 -0.00190403 -0.00232358 -0.00284363 -0.00343182 -0.00412548 -0.00491046 -0.00577556 -0.00666663 -0.00754248 -0.00837311 -0.00909558 -0.00958642 -0.00976267 -0.00960526 -0.00904041 -0.00806149 -0.00666534 -0.00492139 -0.00291839 -0.000791366 0.0013394 0.00332131 0.00505755 0.00639262 0.00729642 0.00774574 0.00776788 0.00740805 0.00678062 0.00597892 0.00513636 0.00431866 0.0035888 0.00293817 0.00240519 0.00199692 0.00170858 0.0015098 0.0013774 0.00125912 0.00117324 0.00112055 0.00111218 0.00112919 0.00116629 0.00119447 0.00121647 0.00123952 0.0012698 0.00127943 0.00129306 0.00129972 0.00134487 0.00148483 0.00175692 0.00216445 0.00273538 0.0034434 0.00429679 0.00523815 0.00619607 0.00701945 0.00759381 0.00780955 0.00760354 0.00691036 0.00576385 0.00418403 0.00230556 0.000255684 -0.00180742 -0.00378681 -0.00554625 -0.00697328 -0.0079859 -0.00859217 -0.00877583 -0.00861072 -0.00815893 -0.00748562 -0.00666932 -0.00579147 -0.00490641 -0.00403736 -0.00322917 -0.00250123 -0.00189198 -0.00137726 -0.000939252 -0.000586342 -0.000329796 -0.000104532 4.24811e-05 0.000148613 0.000196562 0.00020056 0.000184374 0.000117909 -1.98123e-05 -0.000229845 -0.000506385 -0.000875636 -0.00135682 -0.00194691 -0.00266773 -0.00357528 -0.00464748 -0.0059336 -0.00739034 -0.00904666 -0.0109105 -0.0129274 -0.0150444 -0.0171916 -0.019325 -0.0213111 -0.0230806 -0.0245461 -0.0255827 -0.0260798 -0.0259763 -0.0252207 -0.0237894 -0.0216871 -0.0189487 -0.0156439 -0.0118583 -0.00771803 -0.0033563 0.00103776 0.00533404 0.00940418 0.0131206 0.0164135 0.0192351 0.0215479 0.0233085 0.0245866 0.0254623 0.0259917 0.0262715 0.0263844 0.026385 0.0263217 
0 0.00299932 0.00588868 0.00853073 0.0107796 0.0125756 0.0137998 0.0143722 0.0142443 0.013378 0.0117381 0.00935308 0.00634246 0.00276833 -0.00127124 -0.0056357 -0.0101646 -0.0146974 -0.0190379 -0.0229967 -0.0264727 -0.0293737 -0.0316006 -0.0331006 -0.0338643 -0.0339053 -0.0332771 -0.0320561 -0.0303477 -0.0282566 -0.0259013 -0.0233818 -0.0208183 -0.0183066 -0.0158771 -0.0135937 -0.0115166 -0.00966977 -0.00804111 -0.00665214 -0.0054851 -0.00450569 -0.00369433 -0.00303318 -0.0025091 -0.00209949 -0.0017787 -0.00152783 -0.00136687 -0.00127498 -0.00122105 -0.00123 -0.00130939 -0.00144723 -0.00165737 -0.00193531 -0.00231389 -0.0028038 -0.00339587 -0.00410198 -0.0049343 -0.00588573 -0.0069095 -0.00797684 -0.00904724 -0.0100332 -0.0108673 -0.0114443 -0.0116649 -0.0114793 -0.0108079 -0.00963206 -0.00797033 -0.00587682 -0.00350449 -0.000986916 0.0015534 0.00392981 0.00599228 0.00761173 0.00869842 0.00924137 0.00927652 0.00886325 0.00811309 0.00716409 0.00615506 0.00518615 0.00431222 0.00354984 0.00292129 0.00242845 0.00207113 0.00182765 0.0016479 0.00151062 0.00141958 0.00136035 0.00135363 0.00137956 0.00140171 0.00142449 0.00144393 0.0014603 0.00149803 0.00153099 0.0015511 0.00157539 0.0016386 0.00180257 0.00212401 0.00262288 0.00330941 0.00417191 0.00519434 0.0063212 0.00744402 0.00841286 0.00908337 0.00932058 0.0090417 0.00821455 0.00682819 0.00494881 0.00272625 0.000287601 -0.00219321 -0.00454469 -0.00664121 -0.00833128 -0.00953417 -0.0102502 -0.0104854 -0.0103067 -0.00976248 -0.00893481 -0.00796564 -0.00692273 -0.00585291 -0.00481778 -0.00386093 -0.00301853 -0.00228817 -0.00165803 -0.00112822 -0.000709128 -0.00039392 -0.000141053 4.2435e-05 0.000158043 0.000214299 0.000210097 0.000160234 5.50207e-05 -0.000138186 -0.000405992 -0.000754274 -0.00121808 -0.00181877 -0.00255546 -0.00346174 -0.0045686 -0.00589282 -0.00744684 -0.00920985 -0.0111879 -0.0133692 -0.0157099 -0.0181226 -0.0205596 -0.0229423 -0.0251445 -0.0270792 -0.0286442 -0.0297074 -0.030145 -0.029892 -0.0289141 -0.0271964 -0.0247518 -0.0216141 -0.0178419 -0.0135549 -0.00887627 -0.00397873 0.000971707 0.00584043 0.0104852 0.0147739 0.018589 0.0219132 0.0246897 0.0269063 0.0286063 0.0298428 0.0306795 0.0311892 0.0315064 0.031663 0.0317234 
0 0.00316299 0.00620842 0.00898283 0.0113351 0.0131692 0.0143722 0.0148629 0.014605 0.0135705 0.0117302 0.00911855 0.00583549 0.00196215 -0.00239165 -0.0070693 -0.011905 -0.0167444 -0.0214001 -0.0256885 -0.0294847 -0.0326782 -0.035167 -0.0368999 -0.0378665 -0.0380699 -0.0375386 -0.0363432 -0.0345907 -0.0324037 -0.0299067 -0.0271981 -0.024399 -0.0216032 -0.0188751 -0.016288 -0.0139071 -0.0117573 -0.00983068 -0.00816029 -0.00674286 -0.005556 -0.00457426 -0.0037693 -0.00311895 -0.0026015 -0.00219185 -0.00188291 -0.00167887 -0.00155646 -0.00148274 -0.00147225 -0.00154637 -0.00169823 -0.00194102 -0.00227008 -0.0027116 -0.00328255 -0.00397819 -0.00479917 -0.00576565 -0.00686958 -0.00806783 -0.00930699 -0.0105313 -0.011669 -0.0126353 -0.0133034 -0.0135626 -0.0133446 -0.0125673 -0.011204 -0.00927456 -0.00685915 -0.00410698 -0.00118159 0.00175415 0.00450433 0.00689812 0.00877695 0.0100522 0.0107012 0.0107559 0.0102901 0.00943638 0.00834971 0.00719015 0.00607032 0.00505612 0.00416791 0.00343268 0.00285938 0.00244357 0.00215664 0.00195181 0.0017934 0.00168094 0.00161087 0.00159359 0.00161148 0.00163817 0.00166244 0.00168223 0.00170384 0.00174 0.00177214 0.00180064 0.00183836 0.00192895 0.00213966 0.00252673 0.0031141 0.00391664 0.00492134 0.00610728 0.00740525 0.00869271 0.00979451 0.0105436 0.0107953 0.010456 0.00947651 0.00786379 0.00568599 0.00309858 0.000271806 -0.00259513 -0.00531979 -0.00773606 -0.00968604 -0.0110783 -0.0119041 -0.0121767 -0.0119664 -0.0113455 -0.0104067 -0.00927835 -0.00805901 -0.00682053 -0.00562275 -0.00451307 -0.00352449 -0.00266946 -0.00193467 -0.00131694 -0.000829904 -0.000467996 -0.000187228 1.46771e-05 0.000148974 0.00021177 0.00020024 0.000123315 -3.16148e-05 -0.000281841 -0.000619751 -0.00105449 -0.00162816 -0.00237154 -0.0032882 -0.00439828 -0.00573026 -0.00729846 -0.00912416 -0.0111856 -0.0134715 -0.0159494 -0.0185528 -0.0212065 -0.0238564 -0.0264227 -0.0287657 -0.0307719 -0.0323315 -0.0333204 -0.0336319 -0.0332021 -0.0319929 -0.0299921 -0.0272201 -0.0237258 -0.0195855 -0.0149139 -0.00984389 -0.00453928 0.000832654 0.00613893 0.0112416 0.0159956 0.0202856 0.0240692 0.0273085 0.0299942 0.0321585 0.0338332 0.0350516 0.0358915 0.036477 0.0368641 0.037096 
0 0.003195 0.00625516 0.00901864 0.0113509 0.0131286 0.0142443 0.014605 0.0141838 0.012976 0.0109726 0.00821135 0.0047535 0.000692623 -0.00384702 -0.00868925 -0.0136695 -0.0186535 -0.0234774 -0.0279728 -0.0319895 -0.0354018 -0.0381085 -0.0400578 -0.0412319 -0.0416249 -0.041247 -0.0401633 -0.0384702 -0.0362896 -0.0337397 -0.0309209 -0.0279606 -0.0249503 -0.0219811 -0.0191267 -0.016458 -0.0140122 -0.0117972 -0.00985318 -0.00818165 -0.00676786 -0.00558584 -0.00461093 -0.00382152 -0.00319345 -0.00269109 -0.00230918 -0.0020371 -0.00186116 -0.00176036 -0.00173623 -0.0018116 -0.00197464 -0.0022373 -0.00260533 -0.00310429 -0.00375619 -0.00455945 -0.00550281 -0.00660445 -0.00784814 -0.00920298 -0.0106085 -0.0119952 -0.0132923 -0.0143858 -0.0151354 -0.015425 -0.0151684 -0.0142869 -0.0127471 -0.010565 -0.00784278 -0.00472286 -0.00139531 0.00193681 0.0050609 0.00777805 0.0099045 0.0113564 0.0121064 0.0121893 0.0116914 0.0107557 0.00954622 0.00823945 0.00696279 0.00579954 0.00478338 0.00394475 0.00329759 0.00282957 0.002502 0.00227021 0.00208795 0.00194922 0.0018634 0.00183083 0.00183814 0.00186835 0.00189593 0.00191904 0.0019479 0.00198144 0.00201129 0.00204432 0.00209391 0.00221513 0.00248039 0.00294478 0.00363483 0.00456103 0.00570581 0.00704194 0.00849124 0.00992438 0.0111509 0.0119794 0.0122474 0.0118442 0.0107035 0.00885241 0.00637221 0.00342835 0.000229517 -0.00300578 -0.00608569 -0.00880778 -0.011013 -0.0125953 -0.0135319 -0.0138431 -0.0135975 -0.0128907 -0.0118398 -0.0105655 -0.00918787 -0.00778699 -0.00642084 -0.00515183 -0.00401632 -0.00304037 -0.00221073 -0.00151737 -0.000967046 -0.000550599 -0.000231759 -1.11216e-05 0.000126728 0.000173778 0.000139626 3.13142e-05 -0.000171284 -0.000481732 -0.000906752 -0.00145522 -0.00216222 -0.00305997 -0.0041622 -0.00548529 -0.00705974 -0.00888923 -0.0109877 -0.0133259 -0.0158798 -0.0186077 -0.0214276 -0.0242706 -0.0270622 -0.0297183 -0.0320984 -0.0340749 -0.0355362 -0.0363714 -0.0364956 -0.035854 -0.0344059 -0.0321379 -0.029075 -0.025286 -0.0208732 -0.0159414 -0.0106186 -0.00504242 0.000622564 0.00623829 0.0116747 0.0167923 0.0214974 0.0257185 0.0294214 0.0325869 0.0352383 0.0373979 0.0390744 0.0403356 0.041264 0.0419276 0.0423523 
0 0.00308822 0.00601265 0.00863504 0.0108071 0.0124317 0.013378 0.0135705 0.012976 0.011596 0.00946583 0.00659954 0.00306738 -0.00105482 -0.00562527 -0.0104784 -0.0154675 -0.0204513 -0.0253002 -0.0298541 -0.0339729 -0.0375291 -0.0404179 -0.0425674 -0.0439453 -0.0445379 -0.0443725 -0.0434857 -0.0419589 -0.0398832 -0.0373549 -0.0345141 -0.0314592 -0.0283224 -0.025167 -0.0220881 -0.0191613 -0.016431 -0.0139569 -0.0117443 -0.00982216 -0.00816567 -0.00676031 -0.00559346 -0.00464812 -0.00388474 -0.00327988 -0.00279674 -0.00244453 -0.00220125 -0.00205942 -0.00202997 -0.00209554 -0.00227548 -0.00255133 -0.0029588 -0.00351834 -0.00424333 -0.00512788 -0.0061954 -0.0074267 -0.00881867 -0.0103177 -0.011886 -0.0134543 -0.0149021 -0.0161036 -0.0169335 -0.0172568 -0.0169587 -0.0159726 -0.0142512 -0.0118318 -0.00879607 -0.00533521 -0.00163833 0.00207702 0.00557014 0.00859128 0.0109914 0.0126277 0.013485 0.0136018 0.013078 0.0120502 0.0107248 0.0092731 0.00785617 0.00655159 0.00542445 0.00448942 0.0037613 0.00322759 0.00285602 0.00257899 0.00237754 0.00222607 0.00212681 0.00208368 0.0020886 0.00210162 0.00212407 0.00214555 0.0021694 0.00220322 0.0022504 0.00229131 0.00236901 0.00252852 0.00284247 0.00337462 0.0041675 0.00521266 0.00650824 0.00799844 0.00960927 0.011173 0.0125064 0.0133949 0.0136565 0.013159 0.0118719 0.00977839 0.00700862 0.00373832 0.000184004 -0.00342771 -0.00684159 -0.00986909 -0.0123185 -0.0140857 -0.015123 -0.0154743 -0.0152066 -0.014414 -0.01323 -0.0118207 -0.0102932 -0.00872409 -0.0071998 -0.00577836 -0.00452147 -0.00342473 -0.00249419 -0.00172625 -0.00111639 -0.000635984 -0.000287291 -3.71036e-05 8.70046e-05 0.000111315 4.24234e-05 -0.000119293 -0.000377994 -0.000769059 -0.00129675 -0.00197904 -0.00284067 -0.00390547 -0.00519577 -0.00674496 -0.00855846 -0.0106682 -0.0130265 -0.0156202 -0.0184011 -0.0213192 -0.0243165 -0.027285 -0.0301534 -0.0327925 -0.0350943 -0.0369362 -0.0382132 -0.038832 -0.0387131 -0.0378127 -0.036111 -0.0335994 -0.0303088 -0.0263138 -0.0217166 -0.0166404 -0.0111815 -0.0054777 0.000349635 0.00615518 0.0118103 0.0172105 0.0222536 0.0268917 0.0310458 0.0347029 0.0378565 0.0405192 0.0427158 0.044455 0.0457993 0.0467637 0.0473943 
0 0.00280749 0.00545436 0.00777913 0.00968477 0.0110266 0.0117381 0.0117302 0.0109726 0.00946583 0.00723015 0.00433026 0.000804721 -0.00323181 -0.00767944 -0.0124041 -0.0172717 -0.022144 -0.0268819 -0.0313701 -0.0354802 -0.0390998 -0.0421194 -0.0444435 -0.0460148 -0.0468379 -0.0469184 -0.0462989 -0.0450091 -0.0431212 -0.0407257 -0.0379383 -0.0348958 -0.0316793 -0.0284089 -0.0251584 -0.0220149 -0.0190485 -0.0163099 -0.0138341 -0.0116392 -0.00973037 -0.00809576 -0.00672237 -0.00558923 -0.00467365 -0.00392654 -0.00335175 -0.00291078 -0.0026021 -0.00242187 -0.00234632 -0.0023973 -0.00257497 -0.00288055 -0.00333359 -0.00394359 -0.00473704 -0.00572525 -0.00688911 -0.00825094 -0.00978421 -0.0114647 -0.0131977 -0.0148894 -0.0164759 -0.0178053 -0.018711 -0.0190648 -0.0187337 -0.0176436 -0.0157488 -0.0130743 -0.009761 -0.00595207 -0.0018817 0.00218002 0.00600682 0.00935774 0.0120049 0.0138491 0.0148361 0.014989 0.014426 0.0133258 0.0118814 0.0103077 0.00875784 0.00733335 0.00608858 0.00505252 0.00424208 0.00364393 0.00320964 0.00290862 0.00268276 0.0025104 0.0024092 0.00235519 0.00233483 0.00234986 0.00235665 0.00236518 0.00239413 0.00242712 0.00247405 0.00254613 0.0026523 0.00285931 0.00323506 0.00384268 0.0047227 0.00588815 0.00732468 0.00898027 0.0107383 0.0124419 0.0138625 0.0147732 0.0150026 0.014424 0.0129563 0.0106555 0.00761556 0.00400365 9.33435e-05 -0.00385788 -0.0076215 -0.0109299 -0.0136135 -0.0155485 -0.0166888 -0.0170758 -0.016771 -0.0159147 -0.0146508 -0.0130824 -0.0113752 -0.00965374 -0.0079809 -0.00643068 -0.005027 -0.00381518 -0.00278887 -0.00193617 -0.00125714 -0.000737806 -0.000361869 -0.000116394 1.57294e-05 1.92623e-05 -8.57233e-05 -0.000301367 -0.000652723 -0.00113467 -0.0017843 -0.0026099 -0.00363732 -0.00489509 -0.00641083 -0.00819424 -0.0102688 -0.0126215 -0.0152292 -0.0180446 -0.0210148 -0.0240891 -0.0271768 -0.0302108 -0.0330535 -0.0355965 -0.0377271 -0.0393424 -0.0403613 -0.0406982 -0.0402927 -0.0391042 -0.0371332 -0.0343998 -0.0309396 -0.026815 -0.0221324 -0.0169844 -0.0115033 -0.00577893 7.73273e-05 0.00595043 0.0117357 0.0173146 0.0226404 0.0276128 0.0321974 0.0363302 0.0399879 0.0431795 0.0458962 0.0481681 0.0499447 0.0512618 0.0521189 
0 0.00235888 0.0045586 0.00647715 0.00797784 0.00896117 0.00935308 0.00911855 0.00821135 0.00659954 0.00433026 0.00144947 -0.00195741 -0.0058035 -0.0100003 -0.0144649 -0.0190932 -0.0237267 -0.0282558 -0.0325803 -0.0365905 -0.0401825 -0.0432541 -0.0457072 -0.0474798 -0.048543 -0.0489095 -0.048571 -0.0475689 -0.0459537 -0.0437784 -0.0411722 -0.038197 -0.0349951 -0.0316583 -0.0283047 -0.0250115 -0.0218311 -0.0188637 -0.016112 -0.0136483 -0.0114822 -0.00960898 -0.00801478 -0.00668143 -0.00557449 -0.00469041 -0.00399032 -0.00346351 -0.00307491 -0.00282572 -0.00271665 -0.00272563 -0.00290211 -0.00321686 -0.003713 -0.00438761 -0.00524752 -0.00630079 -0.00759564 -0.00909227 -0.0107749 -0.0125833 -0.014467 -0.0163366 -0.0180523 -0.0194611 -0.0204404 -0.0208297 -0.0204643 -0.019281 -0.0172178 -0.0143263 -0.0107111 -0.00658575 -0.0021714 0.0022621 0.0064431 0.0100708 0.0129832 0.0149986 0.0160908 0.016299 0.0157472 0.0145887 0.0130649 0.0113631 0.00967743 0.00810669 0.00675075 0.00561852 0.00473191 0.00407161 0.00359971 0.00324964 0.00300388 0.00281445 0.00268954 0.00261519 0.00259008 0.0025805 0.00258577 0.00259673 0.00261941 0.00264928 0.00271323 0.00278844 0.00293024 0.00318881 0.00363309 0.00432661 0.00532748 0.00661745 0.00819726 0.00998051 0.0118716 0.0136659 0.0151639 0.0161206 0.0163308 0.0156387 0.0140224 0.0114657 0.00813459 0.00421819 -2.35418e-05 -0.00433101 -0.00839217 -0.0119753 -0.0148721 -0.0169714 -0.0182018 -0.018633 -0.0183296 -0.0174013 -0.0160064 -0.01432 -0.0124773 -0.0105857 -0.00875379 -0.00705291 -0.0055446 -0.00421004 -0.00307398 -0.0021441 -0.00141464 -0.000850658 -0.000471679 -0.0002131 -0.000108392 -0.000125468 -0.000268783 -0.000562459 -0.00100187 -0.00160561 -0.00238337 -0.00336575 -0.00457892 -0.00605181 -0.00781122 -0.00986281 -0.0121748 -0.0147705 -0.0175712 -0.0205757 -0.0237009 -0.0268608 -0.0299869 -0.0329625 -0.0357007 -0.0380537 -0.0399482 -0.0412753 -0.0419597 -0.0419618 -0.0412339 -0.0397526 -0.0375283 -0.0345921 -0.0310013 -0.0268203 -0.0221253 -0.0170118 -0.0115768 -0.00593527 -0.000144638 0.00569604 0.0115032 0.0172049 0.0227158 0.0279777 0.0329176 0.0375025 0.0416621 0.045366 0.0486187 0.0513799 0.0536142 0.0552857 0.0564093 
0 0.00175677 0.00338472 0.0047541 0.00577573 0.00630965 0.00634246 0.00583549 0.0047535 0.00306738 0.000804721 -0.00195741 -0.0051787 -0.00874972 -0.0126128 -0.0167095 -0.0209603 -0.0252395 -0.0294541 -0.0335298 -0.0373485 -0.0408143 -0.0438571 -0.0464002 -0.0483563 -0.0496848 -0.0503395 -0.0503235 -0.04965 -0.0483637 -0.0464998 -0.0441245 -0.0413273 -0.0381972 -0.0348855 -0.0314869 -0.0280837 -0.0247523 -0.0215827 -0.018609 -0.0158896 -0.0134606 -0.0113294 -0.00949054 -0.00792932 -0.00663654 -0.00557331 -0.00474197 -0.0040858 -0.0035995 -0.00329032 -0.00312462 -0.00310966 -0.00326725 -0.00358776 -0.00410402 -0.0048173 -0.00575143 -0.00692199 -0.00831247 -0.00992618 -0.0117302 -0.0137012 -0.0157348 -0.0177236 -0.0195775 -0.0211147 -0.0221542 -0.022554 -0.0221462 -0.0208626 -0.0186497 -0.0155403 -0.0116773 -0.00722576 -0.00245445 0.00230874 0.00679897 0.0107332 0.0138703 0.0160843 0.0173146 0.0175812 0.0170237 0.0158348 0.0142216 0.0124175 0.0106045 0.00891041 0.00743147 0.00620224 0.00523708 0.00452053 0.0039913 0.00361697 0.00333969 0.00312291 0.00298208 0.00288827 0.00283186 0.00282275 0.00281566 0.00282134 0.00284935 0.00287921 0.00293719 0.00303952 0.00321286 0.00353398 0.00405888 0.00485349 0.00595865 0.00737373 0.00908446 0.0110111 0.013012 0.0149115 0.0164637 0.0174173 0.0175805 0.0167986 0.0149916 0.0122229 0.00862058 0.00437675 -0.000192181 -0.00479564 -0.00915821 -0.0129898 -0.0161048 -0.0183667 -0.0197026 -0.0201637 -0.0198102 -0.018817 -0.0173536 -0.0155325 -0.0135328 -0.0115062 -0.00953259 -0.00769803 -0.00603091 -0.00458426 -0.00336991 -0.00237762 -0.00159238 -0.000993187 -0.000586972 -0.000342844 -0.00025174 -0.000319272 -0.000529887 -0.00090263 -0.00145801 -0.00217925 -0.00311968 -0.00429164 -0.00571763 -0.00741946 -0.00942194 -0.011711 -0.0142679 -0.0170639 -0.0200477 -0.0231875 -0.0264039 -0.0296038 -0.0326741 -0.0355386 -0.0380608 -0.0401481 -0.0417243 -0.0426938 -0.0429957 -0.0426074 -0.0415328 -0.0397599 -0.0373082 -0.0342117 -0.0305372 -0.0263561 -0.0217436 -0.0167445 -0.0114591 -0.00595722 -0.000303022 0.00542996 0.0111955 0.0169288 0.0225904 0.0280611 0.0333162 0.0382948 0.0429171 0.0471221 0.0508502 0.0540805 0.0567078 0.0587397 0.0601269 
0 0.00102651 0.00193887 0.00265469 0.00308963 0.00313815 0.00276833 0.00196215 0.000692623 -0.00105482 -0.00323181 -0.0058035 -0.00874972 -0.0119878 -0.0154491 -0.0190929 -0.0228765 -0.0267078 -0.0305294 -0.0342755 -0.037825 -0.0411004 -0.0440593 -0.0466366 -0.0487377 -0.0502871 -0.0512425 -0.0515643 -0.0512592 -0.0503403 -0.0488148 -0.0467556 -0.044204 -0.0412667 -0.0380519 -0.0346695 -0.0312076 -0.0277581 -0.0244453 -0.0212811 -0.0183335 -0.0156485 -0.013253 -0.0111616 -0.00937169 -0.00786154 -0.00661606 -0.0056073 -0.00480656 -0.00419999 -0.00380268 -0.00359077 -0.00353561 -0.00367503 -0.00399284 -0.00453226 -0.00529309 -0.00628459 -0.00751974 -0.00902538 -0.0107591 -0.0126913 -0.0147854 -0.0169689 -0.0191256 -0.0211033 -0.0227162 -0.0238183 -0.0242386 -0.0237909 -0.0224101 -0.0200385 -0.0167259 -0.0126004 -0.00787019 -0.00279658 0.0022971 0.00710748 0.0113152 0.0147125 0.0171137 0.0184677 0.0188082 0.0182746 0.0170475 0.0153707 0.0134619 0.0115316 0.00971655 0.00813825 0.00681761 0.00577363 0.00498411 0.00439997 0.00397359 0.00367193 0.00343997 0.00328286 0.00317078 0.00310084 0.00306287 0.00304148 0.00303774 0.00305859 0.00309053 0.0031713 0.00329843 0.00352226 0.00390613 0.0045084 0.00539123 0.00661184 0.00815521 0.0100071 0.0120607 0.0141784 0.0161446 0.0177317 0.0186838 0.0187846 0.0178673 0.0158943 0.0128874 0.00902 0.00450426 -0.000361014 -0.00527952 -0.00991849 -0.0139992 -0.0173108 -0.0197221 -0.0211455 -0.0216437 -0.0212866 -0.0202213 -0.0186366 -0.0167014 -0.0145799 -0.0124066 -0.0102882 -0.00831573 -0.00654676 -0.00499093 -0.00368281 -0.00262412 -0.00179145 -0.00115337 -0.00073417 -0.00049062 -0.000445678 -0.000575053 -0.00087027 -0.00135469 -0.00202671 -0.00289625 -0.00400688 -0.00539019 -0.00704975 -0.00898781 -0.0112203 -0.0137373 -0.0165031 -0.0194986 -0.0226258 -0.0258571 -0.0290941 -0.0322324 -0.0351857 -0.0378443 -0.0400961 -0.04183 -0.043016 -0.0435817 -0.0434751 -0.042701 -0.0412713 -0.0392098 -0.0365505 -0.0333329 -0.0296239 -0.0254927 -0.0210013 -0.0161853 -0.0111023 -0.00580728 -0.00033249 0.00524918 0.0109027 0.0166119 0.0223322 0.0279652 0.0334548 0.0387577 0.04377 0.0483953 0.0525581 0.0561794 0.0591714 0.0615079 0.0631366 
0 0.000186639 0.000283001 0.000239736 1.82533e-05 -0.000475694 -0.00127124 -0.00239165 -0.00384702 -0.00562527 -0.00767944 -0.0100003 -0.0126128 -0.0154491 -0.0184485 -0.0215877 -0.0248501 -0.028174 -0.0315241 -0.0348579 -0.0380782 -0.041123 -0.043958 -0.0465149 -0.0486927 -0.0504284 -0.0516654 -0.0523403 -0.052413 -0.051873 -0.0507263 -0.0490253 -0.0468048 -0.0441289 -0.0410971 -0.0378075 -0.0343561 -0.0308547 -0.027429 -0.0241032 -0.0209454 -0.0180207 -0.0153724 -0.0130229 -0.0109771 -0.0092329 -0.00777631 -0.00659519 -0.00564626 -0.0049176 -0.0044193 -0.00412146 -0.00400856 -0.00411636 -0.00443417 -0.00499027 -0.00578425 -0.00683194 -0.00815228 -0.00975311 -0.0116056 -0.0136735 -0.0159163 -0.0182316 -0.020498 -0.02258 -0.0242898 -0.025452 -0.0258898 -0.0254097 -0.0239329 -0.0214108 -0.0178968 -0.0135303 -0.00851707 -0.00314203 0.00224807 0.0073442 0.0118321 0.015469 0.0180734 0.0195723 0.0199894 0.0194748 0.0182333 0.0165006 0.0145144 0.0124842 0.010562 0.00887397 0.00745785 0.00632809 0.00546826 0.00482468 0.00435998 0.00402808 0.00377675 0.003601 0.00346905 0.00337299 0.00331711 0.00327825 0.0032648 0.00328109 0.00331658 0.00340694 0.00356823 0.00384523 0.00430633 0.00499901 0.00598528 0.00731244 0.00897485 0.010952 0.0131323 0.0153485 0.0173849 0.0189885 0.0199014 0.0199153 0.0188681 0.0167102 0.0134928 0.00937631 0.00457846 -0.000582938 -0.00578663 -0.0106937 -0.0150019 -0.0184965 -0.0210388 -0.022548 -0.023077 -0.0227018 -0.0215956 -0.0199428 -0.0178918 -0.0156219 -0.013303 -0.0110499 -0.00895512 -0.00706208 -0.00540318 -0.0040114 -0.00288655 -0.0020055 -0.00134902 -0.0009351 -0.000724188 -0.000718315 -0.000904302 -0.00128104 -0.00187797 -0.00269909 -0.00373868 -0.00504903 -0.0066545 -0.00855424 -0.0107379 -0.013207 -0.0159386 -0.0188938 -0.0220316 -0.0252566 -0.028518 -0.031708 -0.0347166 -0.0374586 -0.0398459 -0.0417535 -0.0430889 -0.0438356 -0.0439595 -0.0434373 -0.042281 -0.0405132 -0.0381702 -0.0353177 -0.0320134 -0.0283184 -0.0242788 -0.019937 -0.015321 -0.0104812 -0.00543535 -0.00018758 0.00520729 0.0107176 0.0163379 0.0220507 0.0277581 0.0334091 0.03894 0.0442328 0.0491778 0.0536784 0.0576362 0.060925 0.0635087 0.0653141 
0 -0.000725453 -0.00150623 -0.00236363 -0.0032979 -0.00438506 -0.0056357 -0.0070693 -0.00868925 -0.0104784 -0.0124041 -0.0144649 -0.0167095 -0.0190929 -0.0215877 -0.0241966 -0.0269121 -0.0296871 -0.0325049 -0.0353652 -0.0382081 -0.0409786 -0.0436347 -0.0461071 -0.0483044 -0.0501796 -0.0516579 -0.052653 -0.0530906 -0.0529461 -0.0522192 -0.0509224 -0.0490793 -0.0467201 -0.0439461 -0.0408388 -0.0374839 -0.0339969 -0.0304982 -0.0270462 -0.0237155 -0.020589 -0.0177129 -0.0151109 -0.0127984 -0.0108012 -0.00911456 -0.00774036 -0.00662208 -0.00574844 -0.00512725 -0.00472665 -0.00454507 -0.00460658 -0.00491334 -0.0054778 -0.006299 -0.0073927 -0.00878923 -0.0104833 -0.0124514 -0.0146396 -0.0170122 -0.0194607 -0.0218498 -0.0240342 -0.0258219 -0.0270278 -0.0274736 -0.0269618 -0.025397 -0.0227429 -0.0190468 -0.0144591 -0.00918259 -0.00351964 0.00216692 0.00754394 0.0122961 0.0161505 0.0189384 0.020575 0.0210876 0.0206254 0.0194 0.0176323 0.0155752 0.0134411 0.0114088 0.00961214 0.0081051 0.00689529 0.0059679 0.0052655 0.00475819 0.00439087 0.00411545 0.00391513 0.00375974 0.00363766 0.0035627 0.00350912 0.00348881 0.00350229 0.00354401 0.00364593 0.00384115 0.00417153 0.00471097 0.00550108 0.00660249 0.00805148 0.00984364 0.0119397 0.0142242 0.0165071 0.0185809 0.020184 0.0210596 0.0209907 0.019814 0.0174639 0.0140218 0.00964856 0.00458306 -0.00084995 -0.00631123 -0.0114584 -0.0159691 -0.0196322 -0.0222981 -0.0238956 -0.0244636 -0.0240798 -0.022924 -0.0211896 -0.0190308 -0.016637 -0.0141849 -0.0117958 -0.00957886 -0.00757167 -0.00581882 -0.00434708 -0.00316157 -0.00224145 -0.00157747 -0.00117567 -0.00101084 -0.00106134 -0.00132342 -0.00180024 -0.00252901 -0.00352182 -0.00475868 -0.00628709 -0.00811967 -0.0102529 -0.0126733 -0.0153714 -0.018304 -0.0214182 -0.0246415 -0.0278954 -0.031116 -0.0341945 -0.0370068 -0.0394568 -0.0414835 -0.0429734 -0.0438704 -0.0441611 -0.0438338 -0.0428893 -0.0413569 -0.0392784 -0.0366975 -0.0336925 -0.0303361 -0.0266874 -0.0227706 -0.0186013 -0.0141966 -0.00961135 -0.00483566 0.000153562 0.00533567 0.0106842 0.0161848 0.0218315 0.027534 0.0332558 0.0389105 0.0443655 0.0495049 0.0542269 0.0584235 0.0619227 0.064664 0.0665644 
0 -0.00166927 -0.00335427 -0.00503538 -0.00672202 -0.00843123 -0.0101646 -0.011905 -0.0136695 -0.0154675 -0.0172717 -0.0190932 -0.0209603 -0.0228765 -0.0248501 -0.0269121 -0.0290594 -0.0312571 -0.0335166 -0.0358753 -0.0382967 -0.040736 -0.0431537 -0.045489 -0.0476739 -0.049631 -0.0512986 -0.0525564 -0.0533406 -0.0536025 -0.0533046 -0.0524438 -0.0509923 -0.0490084 -0.0465506 -0.0436986 -0.0405162 -0.0371076 -0.0336077 -0.0300866 -0.0266315 -0.0233339 -0.020245 -0.0174007 -0.014838 -0.0125774 -0.0106555 -0.00904313 -0.00772548 -0.00668322 -0.0059222 -0.00542595 -0.00516527 -0.00516896 -0.00544364 -0.00600066 -0.0068485 -0.00799371 -0.00945003 -0.0112399 -0.0132992 -0.0155966 -0.0180782 -0.0206562 -0.0231837 -0.0254691 -0.0273212 -0.0285755 -0.0290174 -0.0284606 -0.0268098 -0.0240264 -0.0201679 -0.0153639 -0.00984973 -0.00392962 0.00203569 0.00767861 0.0126629 0.0167516 0.0197263 0.0215084 0.0221356 0.0217439 0.0205291 0.0187479 0.0166262 0.0144034 0.0122721 0.0103804 0.00878038 0.00749313 0.00648816 0.00572852 0.00516609 0.0047641 0.00446308 0.00423718 0.00405542 0.00391566 0.00381039 0.00374526 0.00371597 0.0037262 0.00377523 0.00390105 0.00413031 0.00452623 0.00514399 0.0060387 0.00725028 0.00882261 0.0107427 0.012959 0.0153331 0.0176874 0.0197706 0.0213458 0.022163 0.0219889 0.0206563 0.0181362 0.0144688 0.00985083 0.00454361 -0.00113962 -0.00684969 -0.0122092 -0.0169155 -0.0207359 -0.0235289 -0.025209 -0.0258036 -0.0254178 -0.0242063 -0.0223749 -0.0201239 -0.01763 -0.0150578 -0.0125509 -0.0102045 -0.00809754 -0.00624495 -0.00469958 -0.00346989 -0.00252645 -0.00185584 -0.00146818 -0.00133781 -0.00146802 -0.00183027 -0.00244061 -0.00333488 -0.00450384 -0.00595881 -0.00770986 -0.00978369 -0.0121535 -0.0147945 -0.0176864 -0.0207808 -0.0240005 -0.0272696 -0.0304881 -0.033602 -0.036497 -0.0390365 -0.0411437 -0.0427351 -0.0437658 -0.0441843 -0.0440115 -0.0432393 -0.0418717 -0.0399755 -0.0376084 -0.0348466 -0.0317465 -0.028373 -0.0247804 -0.0209945 -0.017012 -0.0128408 -0.008506 -0.00399705 0.000733531 0.0056875 0.0108472 0.0162101 0.021734 0.0273653 0.0330462 0.0387074 0.044201 0.0493975 0.0542137 0.0585013 0.0621051 0.0649023 0.0668345 
0 -0.00261646 -0.00519609 -0.00771404 -0.0101438 -0.0124895 -0.0146974 -0.0167444 -0.0186535 -0.0204513 -0.022144 -0.0237267 -0.0252395 -0.0267078 -0.028174 -0.0296871 -0.0312571 -0.0328851 -0.0346082 -0.0364633 -0.0384402 -0.0405004 -0.0426337 -0.0447978 -0.0469026 -0.0488883 -0.0506555 -0.0521347 -0.0532239 -0.053856 -0.0539824 -0.0535387 -0.0525362 -0.0509616 -0.0488857 -0.0463402 -0.0433856 -0.0401396 -0.0367057 -0.0331835 -0.029649 -0.0262034 -0.0229257 -0.0198664 -0.0170621 -0.0145667 -0.0123803 -0.0105295 -0.00898227 -0.00775537 -0.00684986 -0.00622455 -0.00587748 -0.00580886 -0.00604303 -0.00658231 -0.00743756 -0.0086215 -0.0101598 -0.0120068 -0.0141595 -0.0165646 -0.0191758 -0.0218665 -0.0244823 -0.0268598 -0.0288021 -0.0300816 -0.030518 -0.0299267 -0.028181 -0.0252724 -0.021247 -0.0162589 -0.0105176 -0.00435588 0.00184417 0.00772274 0.0129693 0.0172625 0.020442 0.0223901 0.0231254 0.0227956 0.0216291 0.0198296 0.0176751 0.0153847 0.0131718 0.0111778 0.00949375 0.00811401 0.00703386 0.00620351 0.00559612 0.00514836 0.00482422 0.00457071 0.00436953 0.0041987 0.00407677 0.00398953 0.00395188 0.00395648 0.00402234 0.00416489 0.00444618 0.00490832 0.00562075 0.0066154 0.00795005 0.00963504 0.0116726 0.0139925 0.0164658 0.0188566 0.020959 0.0224934 0.0232103 0.0229025 0.0214239 0.018692 0.0148336 0.0100011 0.00445688 -0.00146452 -0.00738832 -0.0129628 -0.0178467 -0.0218191 -0.024712 -0.0264731 -0.0271036 -0.0266917 -0.0254448 -0.0235644 -0.0212184 -0.0186041 -0.0159187 -0.013301 -0.0108581 -0.00862647 -0.0066948 -0.00509002 -0.00382148 -0.00285898 -0.00219654 -0.00182648 -0.00176028 -0.00196342 -0.00244921 -0.00321686 -0.00428252 -0.0056586 -0.00732034 -0.00931165 -0.0116239 -0.014229 -0.0170777 -0.0201272 -0.0233229 -0.0266021 -0.02985 -0.0329939 -0.0359264 -0.0385469 -0.0407425 -0.0424244 -0.0435728 -0.04411 -0.0440524 -0.0434066 -0.0421974 -0.0404519 -0.0382229 -0.0356206 -0.0327133 -0.029561 -0.0261954 -0.0226568 -0.0189859 -0.0151846 -0.0112405 -0.00715167 -0.00287574 0.00161357 0.00633035 0.0112743 0.0164395 0.0218002 0.0272683 0.0328105 0.0383407 0.0437358 0.048866 0.0536124 0.0578546 0.0614112 0.0641909 0.066105 
