0 0 0 0 0 0 0 0 0 0 0 0 0 0 0 0 0 0 0 0 0 0 0 0 0 0 0 0 0 0 0 0 0 0 0 0 0 0 0 0 0 0 0 0 0 0 0 0 0 0 0 0 0 0 0 0 0 0 0 0 0 0 0 0 0 0 0 0 0 0 0 0 0 0 0 0 0 0 0 0 0 0 0 0 0 0 0 0 0 0 0 0 0 0 0 0 0 0 0 0 0 0 0 0 0 0 0 0 0 0 0 0 0 0 0 0 0 0 0 0 0 0 0 0 0 0 0 0 0 0 0 0 0 0 0 0 0 0 0 0 0 0 0 0 0 0 0 0 0 0 0 0 0 0 0 0 0 0 0 0 0 0 0 0 0 0 0 0 0 0 0 0 0 0 0 0 0 0 0 0 0 0 0 0 0 0 0 0 0 0 0 0 0 0 0 0 0 0 0 0 
0 2.75003e-05 3.61052e-05 4.29453e-05 5.51187e-05 8.72965e-05 0.000107513 0.000119538 0.000123774 0.000141967 0.000177925 0.000199536 0.0002131 0.000223586 0.000257858 0.000292527 0.000324545 0.000351563 0.000376049 0.000422472 0.000477354 0.00053227 0.000579537 0.000649445 0.000741014 0.000845863 0.000967542 0.00110286 0.00125908 0.00144636 0.00166196 0.00188767 0.00211709 0.00234282 0.00255989 0.00274683 0.00288476 0.00294417 0.00291044 0.00276381 0.00249621 0.00211659 0.00161166 0.000987966 0.000278767 -0.000476825 -0.00124723 -0.00199015 -0.00267057 -0.00325198 -0.00372765 -0.00408614 -0.00431284 -0.00440212 -0.00437549 -0.00426635 -0.00408104 -0.00385323 -0.00360791 -0.00334381 -0.00306706 -0.00277657 -0.00247606 -0.0021741 -0.00186225 -0.00157418 -0.00131529 -0.00107651 -0.000866192 -0.00067326 -0.000500898 -0.000360863 -0.000247126 -0.000158524 -9.36838e-05 -4.89946e-05 -1.32493e-05 2.15996e-05 4.26025e-05 5.46333e-05 6.14712e-05 6.39346e-05 6.58606e-05 6.59109e-05 5.77234e-05 5.06577e-05 5.11451e-05 5.31831e-05 5.42976e-05 6.01789e-05 5.7992e-05 5.52287e-05 5.48498e-05 4.74303e-05 4.67151e-05 5.09199e-05 4.83613e-05 5.4656e-05 5.75545e-05 5.66457e-05 6.08089e-05 5.56326e-05 5.08913e-05 5.47145e-05 5.40998e-05 6.10808e-05 6.81651e-05 6.88291e-05 7.21382e-05 7.17259e-05 6.76734e-05 7.05166e-05 7.38922e-05 7.73101e-05 8.19032e-05 8.96215e-05 9.62433e-05 0.000103978 0.000105224 9.61362e-05 9.20795e-05 9.50511e-05 9.20693e-05 8.67226e-05 6.92782e-05 3.97204e-05 -3.07916e-06 -6.85939e-05 -0.000162214 -0.00028427 -0.000428602 -0.000606517 -0.000825277 -0.00106857 -0.00134513 -0.00164999 -0.00196259 -0.00228459 -0.00259769 -0.00290223 -0.0031908 -0.0034519 -0.00369022 -0.00389695 -0.00406733 -0.00420344 -0.00427061 -0.00425253 -0.00413389 -0.00389203 -0.00351736 -0.00302014 -0.00242711 -0.00175747 -0.00103509 -0.000280598 0.00046913 0.0011754 0.00179441 0.00229481 0.0026593 0.00290911 0.00305298 0.00309256 0.00304148 0.00290293 0.00270259 0.00247875 0.00226027 0.00204648 0.00183288 0.00162002 0.00142781 0.00126939 0.00115042 0.00104761 0.00095105 0.000855594 0.000774465 0.000733652 0.000701216 0.000661907 0.000607576 0.000570642 0.000552589 0.000545256 0.000533404 0.000493887 0.000469904 0.000470619 0.000483341 0.000466269 0.00043703 0.000427093 0.0004341 0.000448328 0.000431406 0.000405358 0.000397388 0.000420543 
0 3.61052e-05 6.48951e-05 8.63659e-05 0.000124685 0.000160346 0.00019635 0.000227715 0.000257377 0.00030192 0.000347019 0.000391211 0.000419713 0.000468892 0.000529984 0.000582208 0.000638896 0.000694757 0.000769589 0.000854024 0.000962267 0.00106237 0.00117064 0.00132843 0.00151442 0.00172531 0.00195895 0.00223453 0.00255268 0.00292775 0.00334921 0.00378361 0.00422236 0.0046687 0.00509013 0.00546411 0.00571962 0.00581906 0.00573794 0.00542905 0.0049016 0.00412597 0.00312222 0.00187564 0.000466358 -0.00103259 -0.00254938 -0.00398761 -0.00530823 -0.00646276 -0.00739635 -0.00808038 -0.00850292 -0.00867384 -0.00863792 -0.00840856 -0.00806362 -0.007635 -0.00716638 -0.00664962 -0.00610844 -0.00553247 -0.00493588 -0.00434178 -0.00375646 -0.00318343 -0.0026584 -0.00218448 -0.00174596 -0.00136049 -0.00103095 -0.000761525 -0.000531057 -0.000348675 -0.0002051 -0.00010434 -1.58362e-05 3.65312e-05 8.26816e-05 0.000100673 9.98257e-05 0.000106789 0.000122878 0.000110732 0.000119536 0.000109757 0.000105999 0.000112802 0.000108352 9.72329e-05 0.000102743 9.13894e-05 9.74624e-05 9.87783e-05 0.000102156 0.000104136 0.000103586 9.59978e-05 9.73095e-05 9.68627e-05 0.000106442 0.000105087 0.000112972 0.00011245 0.000115504 0.000119253 0.000117579 0.00011734 0.000131014 0.000125949 0.000143329 0.000150085 0.000151862 0.000160841 0.000159642 0.000154092 0.000182586 0.000186064 0.000194657 0.000194232 0.000188838 0.00019031 0.000196062 0.000161867 0.000117866 4.7719e-05 -3.83972e-05 -0.000168467 -0.000341505 -0.000576344 -0.000872539 -0.00124783 -0.00168003 -0.00217721 -0.00272383 -0.00330637 -0.00393714 -0.00458522 -0.00520541 -0.0057982 -0.00635494 -0.00684856 -0.0072978 -0.00769483 -0.00804616 -0.0082913 -0.00842454 -0.00839675 -0.00816768 -0.00768489 -0.0069512 -0.00600556 -0.00486466 -0.00353573 -0.00209895 -0.000603597 0.000871251 0.00224859 0.00347606 0.0044609 0.0052155 0.00573048 0.00603096 0.00610965 0.00600428 0.00575388 0.0053866 0.00497134 0.00454161 0.00410444 0.00367546 0.00326717 0.0029009 0.00259358 0.00232511 0.00210028 0.00189782 0.00172808 0.00158279 0.00148039 0.00139965 0.00130517 0.00123199 0.00117156 0.00112875 0.00108763 0.00105277 0.00100784 0.000964647 0.000954011 0.000937258 0.000908756 0.000878995 0.00086569 0.000858727 0.000853137 0.000846829 0.000823907 0.000818328 0.000831575 
0 4.29453e-05 8.63659e-05 0.000152455 0.000197257 0.000246333 0.000280228 0.000345614 0.00040703 0.000459969 0.000519109 0.000565674 0.000640012 0.000713393 0.000802997 0.000866607 0.00094983 0.00106177 0.00117122 0.00130435 0.0014459 0.00161127 0.00179131 0.00203434 0.00231344 0.00261862 0.00298489 0.0034135 0.00390332 0.00446111 0.00507822 0.00571885 0.00637455 0.00702096 0.00762897 0.00812953 0.00846721 0.00857074 0.00840607 0.0079194 0.00708335 0.0059153 0.00439189 0.00254458 0.000475699 -0.00170458 -0.00390908 -0.00602208 -0.00794888 -0.00959064 -0.0109218 -0.0119075 -0.0125145 -0.0127431 -0.012665 -0.0123715 -0.0118806 -0.0112698 -0.0105976 -0.00985992 -0.00907726 -0.00825467 -0.00740638 -0.00655385 -0.00567038 -0.00483291 -0.00405768 -0.00333195 -0.00268621 -0.00210362 -0.00159304 -0.00117849 -0.000835674 -0.000556569 -0.000337915 -0.000175934 -4.86004e-05 5.64372e-05 0.00011063 0.000132657 0.000142802 0.000152461 0.000170412 0.000185641 0.000178472 0.00016541 0.000162236 0.000157129 0.000147566 0.000153581 0.000147869 0.000146814 0.000155181 0.000144777 0.000146234 0.000154267 0.000141216 0.00014879 0.000150885 0.000148548 0.000163678 0.000158338 0.000154379 0.000168618 0.000167013 0.000178795 0.000187441 0.000182068 0.00018953 0.000194696 0.000197322 0.000217257 0.000233405 0.000241692 0.000243628 0.000249049 0.000256498 0.00027411 0.000286316 0.000279388 0.000282455 0.000292984 0.00027377 0.00023255 0.000155276 4.86234e-05 -8.70231e-05 -0.000280385 -0.00055407 -0.000919289 -0.00136558 -0.0019194 -0.00258823 -0.00332442 -0.00414459 -0.00503823 -0.00595611 -0.00689447 -0.00779595 -0.00865403 -0.00944701 -0.0101511 -0.0107901 -0.0113527 -0.0118286 -0.0122079 -0.0123896 -0.0123245 -0.0119796 -0.0113067 -0.0102822 -0.00891709 -0.00725767 -0.00534331 -0.00325195 -0.00106726 0.0010888 0.00311179 0.00490732 0.00640807 0.00756148 0.00838263 0.00886121 0.0090064 0.00889265 0.00856236 0.00807264 0.00748442 0.00685099 0.00619518 0.00555631 0.00496068 0.00443261 0.00395975 0.00354479 0.00317704 0.00288114 0.00263836 0.00242136 0.00225501 0.00209347 0.0019633 0.0018574 0.00178769 0.0017013 0.00161304 0.00156687 0.00151512 0.00148103 0.00143224 0.00139264 0.0013517 0.0013414 0.00133552 0.00128884 0.00126587 0.00125847 0.00126831 0.0012509 0.00123803 
0 5.51187e-05 0.000124685 0.000197257 0.00026831 0.000317212 0.000382432 0.00046779 0.000544505 0.000614381 0.000682458 0.000775962 0.000867446 0.000970726 0.00106825 0.00116127 0.00129593 0.00144427 0.00159603 0.00174537 0.00194997 0.00218629 0.00245244 0.00277833 0.00313578 0.0035575 0.00406851 0.00467234 0.00533042 0.00605485 0.00685687 0.00770416 0.00856611 0.00940343 0.0101349 0.0107214 0.0110746 0.0111426 0.0108694 0.0101534 0.00899069 0.00736144 0.00533152 0.00291653 0.000248616 -0.00256235 -0.0054005 -0.00809089 -0.0105316 -0.012622 -0.0142784 -0.0154725 -0.0162052 -0.0165064 -0.0164513 -0.0160642 -0.0154556 -0.0146883 -0.0138448 -0.0129252 -0.0119644 -0.0109401 -0.00986624 -0.00877249 -0.00766598 -0.00656428 -0.00553028 -0.00457683 -0.00368979 -0.00289825 -0.00221235 -0.00164316 -0.00116396 -0.000786923 -0.000494342 -0.000283433 -0.000100885 2.39041e-05 0.000128919 0.000183461 0.000201725 0.000223285 0.000249562 0.000228238 0.000232754 0.000214159 0.000210568 0.000225728 0.000223584 0.00021048 0.000217206 0.000197604 0.000202104 0.000199555 0.000202862 0.000207631 0.000209049 0.000202236 0.000207412 0.000208553 0.000222202 0.000216901 0.000224859 0.000224531 0.000231643 0.000242923 0.000246338 0.000250603 0.000273739 0.000267099 0.000289516 0.000297264 0.000299708 0.000316895 0.000323433 0.000326649 0.00037691 0.000386363 0.000394292 0.00038188 0.000361428 0.000353356 0.000348993 0.000282512 0.000189416 4.16405e-05 -0.000151076 -0.000434482 -0.000809741 -0.00130302 -0.00191719 -0.00268138 -0.00356363 -0.00456631 -0.00565972 -0.00681268 -0.00802469 -0.00923675 -0.0103742 -0.011442 -0.0124359 -0.0133193 -0.0141174 -0.0148144 -0.0154127 -0.0158211 -0.0160211 -0.0159439 -0.0155308 -0.0146919 -0.0134086 -0.0117177 -0.00963672 -0.0071896 -0.00451933 -0.0017292 0.0010407 0.00366423 0.00605061 0.00804512 0.009631 0.0107647 0.0114637 0.0117319 0.011657 0.0113116 0.0107284 0.00999843 0.00918555 0.00833797 0.00751316 0.00673602 0.00602345 0.00538555 0.00480704 0.00432195 0.00391665 0.00358411 0.00328105 0.00303168 0.00282741 0.0026427 0.00251495 0.00239759 0.00227846 0.00216506 0.00209881 0.00204289 0.00197495 0.00192091 0.00185898 0.00181683 0.00179972 0.00178164 0.00173182 0.00169076 0.00169364 0.00169124 0.00167551 0.00165425 
0 8.72965e-05 0.000160346 0.000246333 0.000317212 0.000409972 0.000495038 0.000595895 0.000676927 0.000758286 0.000871355 0.000982161 0.00110254 0.00120747 0.00133894 0.0014727 0.00164599 0.00184004 0.0020177 0.00222954 0.00249168 0.0028127 0.00316109 0.00357706 0.00404556 0.00458915 0.00525485 0.0060202 0.00684779 0.00774495 0.00872398 0.00974897 0.0107816 0.0117466 0.0125724 0.0131761 0.0135 0.0134646 0.0130051 0.0120251 0.0104851 0.00842645 0.00588007 0.00292377 -0.000298689 -0.00365258 -0.00701785 -0.0102137 -0.013082 -0.0154793 -0.0173692 -0.0187302 -0.0195543 -0.0198702 -0.019775 -0.0193683 -0.0186821 -0.0178164 -0.0168596 -0.0158192 -0.0147174 -0.0135482 -0.0123152 -0.0110375 -0.00968992 -0.00836359 -0.00709781 -0.00589672 -0.00479928 -0.00380151 -0.00292036 -0.00218888 -0.00158241 -0.00109301 -0.000711007 -0.000421796 -0.000187987 9.18666e-07 0.000119496 0.000184357 0.000221172 0.000250832 0.000281099 0.000295066 0.000284164 0.000266428 0.000264158 0.000264247 0.00025638 0.0002615 0.000254592 0.000249182 0.000254733 0.000241305 0.000242304 0.000252416 0.000240942 0.000250752 0.000256007 0.000256278 0.000273417 0.000265838 0.000260486 0.00027627 0.000278973 0.000297361 0.0003112 0.000310677 0.000324468 0.000332273 0.000338132 0.000359991 0.000378411 0.000393445 0.000403156 0.000417993 0.000438885 0.000461331 0.000470728 0.000452797 0.000440234 0.000434726 0.000392616 0.000308442 0.00016827 -2.93419e-05 -0.000289426 -0.000651583 -0.00114372 -0.00178263 -0.00256185 -0.00351592 -0.00464518 -0.00589178 -0.00725351 -0.00869928 -0.010156 -0.0115908 -0.0129264 -0.0141644 -0.0152922 -0.016289 -0.0171816 -0.0179548 -0.0185939 -0.0190747 -0.0192875 -0.019175 -0.0186919 -0.0177602 -0.016323 -0.0143669 -0.0119335 -0.00908035 -0.00593322 -0.00261948 0.000695649 0.00387018 0.00677109 0.00927608 0.011289 0.0127888 0.013752 0.0142003 0.0142385 0.0139245 0.0133167 0.012494 0.0115496 0.0105473 0.00955393 0.00859999 0.00771357 0.00689877 0.00617654 0.00555027 0.00503223 0.00458588 0.00418134 0.00386409 0.00359236 0.0033705 0.00317593 0.00301886 0.00286491 0.00273691 0.0026586 0.00255753 0.0024717 0.00240028 0.00235534 0.00229386 0.00224542 0.00221276 0.00216741 0.00215101 0.0021266 0.00210507 0.00207855 0.00208571 
0 0.000107513 0.00019635 0.000280228 0.000382432 0.000495038 0.000605563 0.000708508 0.000808296 0.000930134 0.00106623 0.00120053 0.00132322 0.0014706 0.00164329 0.00181509 0.00201131 0.0022282 0.00247347 0.00275294 0.00309224 0.00347175 0.0039039 0.00443639 0.00504311 0.0057353 0.00653817 0.00745567 0.00845688 0.00954028 0.010694 0.0118623 0.0129984 0.0140452 0.0149047 0.0154984 0.0157207 0.0155021 0.014781 0.0134636 0.01154 0.00902116 0.00599064 0.00252383 -0.00120442 -0.00503905 -0.00882922 -0.0123726 -0.015525 -0.0181616 -0.0202027 -0.021631 -0.0224712 -0.0227878 -0.0226877 -0.0222309 -0.021513 -0.0206095 -0.0196034 -0.0185021 -0.0173305 -0.0160669 -0.014717 -0.0132974 -0.0118046 -0.0102733 -0.00877543 -0.00734547 -0.00600274 -0.00478807 -0.00372536 -0.00282919 -0.0020751 -0.00146397 -0.000977003 -0.000603415 -0.000294954 -6.94362e-05 9.46657e-05 0.00018699 0.00023481 0.000281474 0.000328219 0.000331158 0.000339375 0.000325145 0.000320914 0.000327907 0.000317715 0.000302485 0.000303304 0.000290109 0.00029767 0.000297965 0.000302668 0.000307421 0.000303239 0.000295706 0.000298772 0.000302771 0.000319724 0.000319812 0.000329377 0.000336758 0.0003465 0.000358745 0.000361452 0.00036437 0.000387335 0.000393362 0.000422317 0.000443285 0.000456643 0.000476064 0.000482417 0.00048677 0.000527437 0.000541224 0.000549931 0.000536602 0.000512198 0.000486619 0.000435091 0.000304327 0.000116158 -0.000146719 -0.000482696 -0.000942957 -0.0015481 -0.00232962 -0.00330019 -0.00448485 -0.00584742 -0.00735739 -0.00897043 -0.0106393 -0.0123286 -0.0139617 -0.015451 -0.0167948 -0.0179964 -0.0190379 -0.0199543 -0.0207463 -0.021414 -0.0218781 -0.0220884 -0.0219742 -0.02147 -0.0204736 -0.0189312 -0.0168399 -0.0141987 -0.0110396 -0.00751625 -0.00377566 1.82483e-06 0.00365719 0.007059 0.0100321 0.0125021 0.0143958 0.0156912 0.016391 0.0165931 0.0163812 0.0158053 0.0149644 0.0139456 0.0128236 0.0116784 0.0105581 0.00950255 0.00853242 0.0076471 0.0068729 0.00620699 0.00564106 0.00514648 0.00474636 0.00441135 0.00410972 0.00386726 0.00366538 0.00349038 0.00333842 0.0032199 0.00309451 0.00297831 0.0029088 0.00284773 0.00277091 0.00269643 0.00264784 0.00261574 0.0025951 0.00256564 0.00251764 0.00249694 0.00251838 
0 0.000119538 0.000227715 0.000345614 0.00046779 0.000595895 0.000708508 0.000829529 0.000963638 0.00111294 0.0012654 0.00140229 0.00155511 0.00174308 0.00196138 0.00216712 0.0023891 0.00265306 0.00296329 0.00332854 0.00374038 0.00419671 0.00472249 0.00537519 0.00613205 0.00697764 0.00793167 0.00900181 0.0101739 0.0114361 0.0127485 0.0140346 0.0152401 0.0163016 0.0171322 0.0176247 0.017674 0.0171946 0.0161305 0.0144209 0.0120606 0.0090938 0.00559147 0.00166616 -0.00249236 -0.00670204 -0.0107997 -0.0145883 -0.0179074 -0.0206304 -0.0227109 -0.0241444 -0.0249608 -0.0252351 -0.0250897 -0.024622 -0.0238968 -0.0229991 -0.022004 -0.0209194 -0.0197504 -0.0184771 -0.0170875 -0.0155832 -0.0139519 -0.0122572 -0.0105641 -0.00891349 -0.00735157 -0.00591478 -0.00463755 -0.00355101 -0.00264103 -0.00189943 -0.00130921 -0.000846348 -0.000468813 -0.000173992 3.36204e-05 0.000163327 0.000245263 0.000312201 0.000367005 0.000387719 0.000386829 0.000373284 0.000370494 0.000373629 0.000367022 0.000363474 0.000359083 0.00035206 0.000354124 0.00034719 0.000348304 0.000354503 0.000348833 0.00035196 0.000357863 0.000364094 0.000378769 0.000376449 0.000377112 0.000390084 0.000401471 0.000420485 0.000432619 0.000438515 0.000456181 0.000468357 0.000486004 0.000509368 0.000529919 0.000551523 0.000566471 0.000583387 0.000611908 0.000628514 0.000627715 0.000599837 0.00056241 0.000517471 0.000428138 0.000265468 2.54e-05 -0.000301815 -0.000728638 -0.00130117 -0.00205306 -0.0030087 -0.00417524 -0.00557421 -0.00717993 -0.00893366 -0.0107895 -0.0126898 -0.0145584 -0.0163217 -0.0178992 -0.0192893 -0.0204963 -0.0215217 -0.022402 -0.0231487 -0.0237639 -0.0242089 -0.0244049 -0.0242862 -0.0237867 -0.0228048 -0.0212588 -0.0191095 -0.0163583 -0.013044 -0.00929182 -0.00524736 -0.00109515 0.00298946 0.006839 0.0102819 0.0132007 0.0155262 0.0172094 0.0182441 0.0187046 0.0186597 0.0181824 0.0173757 0.0163406 0.015151 0.0138869 0.0126152 0.0113999 0.0102714 0.00923763 0.00830684 0.0074924 0.00679104 0.00619049 0.00570177 0.0052753 0.00489639 0.0045831 0.00434095 0.00412953 0.00393787 0.00378043 0.00363245 0.00351502 0.00342482 0.00334233 0.00325019 0.00318034 0.00313262 0.00308141 0.00304363 0.00300713 0.00297343 0.00294565 0.00294381 
0 0.000123774 0.000257377 0.00040703 0.000544505 0.000676927 0.000808296 0.000963638 0.00112836 0.00129002 0.00145734 0.00162862 0.00182484 0.00204197 0.00228113 0.00253006 0.0028106 0.00313524 0.00350154 0.00393475 0.00443612 0.0050044 0.00565331 0.00642812 0.007327 0.00833607 0.00946208 0.010696 0.012022 0.0134223 0.014849 0.0162157 0.0174453 0.0184606 0.0191753 0.0194818 0.0192788 0.0184773 0.0170201 0.014872 0.0120484 0.00862234 0.00467865 0.000354071 -0.00415713 -0.00865233 -0.0129452 -0.0168436 -0.0201918 -0.0228845 -0.0248925 -0.0262322 -0.0269571 -0.0271617 -0.0269683 -0.0264851 -0.0257815 -0.0249443 -0.0240317 -0.0230449 -0.0219627 -0.0207509 -0.0193827 -0.0178482 -0.0161412 -0.0143235 -0.0124638 -0.0106163 -0.00884001 -0.00718271 -0.0056933 -0.00440728 -0.00332427 -0.00243564 -0.00172543 -0.0011598 -0.000700978 -0.000334076 -6.75181e-05 0.000111957 0.000232601 0.000323912 0.00038887 0.000419697 0.000420739 0.000414904 0.000417942 0.000424149 0.000421192 0.000417219 0.000407785 0.000400563 0.000398139 0.000393527 0.000396077 0.000402468 0.000398788 0.000401695 0.00040685 0.000415653 0.000428487 0.000429881 0.000430785 0.000443793 0.000456935 0.000475507 0.00048972 0.000501124 0.000520135 0.000539795 0.000557701 0.000579803 0.000599628 0.000619517 0.000637909 0.000662295 0.000689601 0.000706232 0.000694231 0.000650431 0.0005899 0.000513329 0.000384468 0.000176967 -0.00012652 -0.000533929 -0.00106831 -0.00177105 -0.00268033 -0.00381773 -0.00519413 -0.00681806 -0.00866048 -0.0106506 -0.0127257 -0.0148129 -0.0168207 -0.0186642 -0.0202683 -0.0216294 -0.0227644 -0.0236957 -0.0244652 -0.0251035 -0.0256199 -0.0259978 -0.0261723 -0.0260834 -0.0256452 -0.0247392 -0.0232644 -0.0211657 -0.0184296 -0.0150862 -0.0112322 -0.00700455 -0.00257693 0.00186572 0.00612294 0.0100039 0.0133642 0.0161304 0.0182436 0.0196827 0.0204817 0.020689 0.020384 0.0196808 0.0186932 0.0174999 0.0161726 0.0147855 0.0134206 0.0121314 0.0109445 0.00986492 0.00890239 0.00805188 0.00731876 0.00671534 0.00619995 0.0057507 0.0053683 0.00506172 0.00479776 0.00456826 0.00437792 0.00420949 0.00407115 0.00394904 0.00383765 0.00373634 0.00367032 0.0036141 0.00353778 0.00347654 0.00344498 0.00343291 0.00340478 0.0033745 
0 0.000141967 0.00030192 0.000459969 0.000614381 0.000758286 0.000930134 0.00111294 0.00129002 0.00146263 0.00165381 0.00188306 0.00211548 0.00235827 0.00261278 0.0029169 0.00327345 0.0036651 0.00410024 0.00459974 0.00520446 0.00590004 0.00669727 0.00761065 0.00865205 0.00982536 0.011122 0.0125219 0.0139918 0.0154991 0.01699 0.0183779 0.0195658 0.0204727 0.0209943 0.0210412 0.0205012 0.019304 0.0173991 0.0147751 0.0114877 0.00760779 0.00326009 -0.00141136 -0.00619833 -0.01088 -0.0152478 -0.0191191 -0.0223634 -0.0249195 -0.0267571 -0.0279167 -0.0284777 -0.0285592 -0.0282956 -0.0277857 -0.0271444 -0.0264292 -0.0256685 -0.0248496 -0.0239273 -0.0228461 -0.0215688 -0.0200674 -0.0183554 -0.0164576 -0.0144618 -0.0124461 -0.010463 -0.00859464 -0.0069033 -0.00541719 -0.00414928 -0.00309607 -0.00223773 -0.00154448 -0.000980275 -0.000541944 -0.000210201 1.72703e-05 0.000173085 0.000296917 0.000390082 0.00043455 0.000459066 0.000462745 0.000464166 0.000470712 0.000467712 0.000453152 0.000450823 0.000442436 0.000439151 0.000443581 0.000446166 0.000446319 0.000450104 0.000443342 0.000448842 0.000462188 0.000471139 0.000478055 0.00048796 0.000494631 0.000515501 0.000531476 0.000540575 0.000555807 0.0005765 0.000595284 0.000627633 0.000651661 0.000673404 0.000696692 0.000712037 0.000724724 0.000750887 0.000753157 0.000731412 0.00068257 0.000602131 0.000486785 0.000313856 3.3049e-05 -0.000355518 -0.000866435 -0.0015215 -0.00236661 -0.00343907 -0.00476433 -0.00636302 -0.00822455 -0.0102925 -0.0125073 -0.0147704 -0.0169883 -0.0190867 -0.0209546 -0.0225279 -0.0237921 -0.0247778 -0.025527 -0.026098 -0.0265587 -0.0269497 -0.02724 -0.0274077 -0.0273763 -0.0270401 -0.026265 -0.024941 -0.0230091 -0.0204176 -0.017166 -0.0133252 -0.00901962 -0.00441566 0.00028976 0.00488882 0.00916198 0.0129711 0.0162008 0.018784 0.020673 0.0218653 0.0224084 0.022367 0.0218575 0.0209822 0.0198334 0.0184905 0.0170398 0.0155645 0.0141341 0.0127838 0.0115493 0.0104338 0.00943805 0.00856529 0.00781892 0.0072001 0.00666815 0.00622182 0.00583202 0.00550144 0.00523092 0.00500736 0.00481722 0.00463479 0.00448478 0.00435184 0.0042474 0.00416409 0.00408422 0.0040052 0.00393564 0.00390496 0.00388053 0.00385515 0.00382276 
0 0.000177925 0.000347019 0.000519109 0.000682458 0.000871355 0.00106623 0.0012654 0.00145734 0.00165381 0.00188836 0.0021377 0.00241194 0.00268621 0.00299227 0.00335074 0.0037632 0.00423912 0.00476076 0.00536796 0.00606734 0.00689351 0.00784717 0.00891769 0.0101185 0.0114436 0.0128983 0.0144484 0.0160486 0.0176387 0.0191447 0.0204886 0.0215766 0.0222997 0.0225718 0.0222674 0.021319 0.0196562 0.01725 0.0141367 0.0103646 0.00606408 0.00133552 -0.00361949 -0.00859231 -0.0133437 -0.017665 -0.0214075 -0.0244463 -0.0267316 -0.0283028 -0.029217 -0.02956 -0.0294657 -0.0290826 -0.0285753 -0.0280032 -0.0274388 -0.0268812 -0.0262964 -0.0255974 -0.0247294 -0.0236223 -0.0222306 -0.0205451 -0.0186343 -0.0165562 -0.0143888 -0.0122363 -0.0101648 -0.0082519 -0.00655579 -0.00509736 -0.00386376 -0.00285165 -0.00201702 -0.0013485 -0.000803797 -0.000406725 -0.000117762 9.83841e-05 0.000259558 0.000372847 0.000463504 0.000485494 0.000501992 0.000511155 0.000508121 0.000507269 0.000511106 0.000494627 0.000499871 0.00049418 0.000491641 0.000493941 0.000497687 0.000491206 0.000498571 0.000502071 0.000514675 0.000524883 0.00053471 0.000534292 0.000554767 0.000570863 0.000589565 0.000609336 0.000624299 0.000635076 0.000670082 0.000685439 0.000717821 0.000751377 0.000769093 0.000787308 0.000810622 0.000802595 0.000804277 0.00076327 0.000687462 0.00058205 0.000427062 0.000178776 -0.00016635 -0.000653174 -0.00127308 -0.0020704 -0.00307109 -0.00433398 -0.00587879 -0.00770466 -0.00978625 -0.012083 -0.014479 -0.0168874 -0.019214 -0.0213297 -0.0231512 -0.0246239 -0.0257304 -0.0264934 -0.0269924 -0.0273093 -0.0275449 -0.0277484 -0.0279699 -0.0281347 -0.0281709 -0.0279629 -0.0273929 -0.0263277 -0.0246514 -0.0223053 -0.0192736 -0.0155632 -0.0112865 -0.00660418 -0.0017183 0.00313576 0.0077867 0.0120302 0.0157533 0.0188278 0.021197 0.0228411 0.0237818 0.0240994 0.0238603 0.023165 0.0221105 0.020798 0.0193369 0.017807 0.0162631 0.0147687 0.0133613 0.0120921 0.0109519 0.00994353 0.00905501 0.00828644 0.00765607 0.00711687 0.0066605 0.00625594 0.00592596 0.00565986 0.00542894 0.00522794 0.00504269 0.00490579 0.00478353 0.00467295 0.00457426 0.00449641 0.00444394 0.004383 0.00433547 0.00429897 0.00428779 
0 0.000199536 0.000391211 0.000565674 0.000775962 0.000982161 0.00120053 0.00140229 0.00162862 0.00188306 0.0021377 0.00241474 0.00270677 0.00305673 0.00342634 0.00384493 0.00431519 0.00486261 0.00550725 0.00622586 0.00705466 0.00800991 0.00912371 0.0103585 0.0117206 0.0132096 0.0148076 0.0164794 0.018167 0.0197833 0.0212491 0.0224948 0.0234064 0.0238851 0.0238035 0.0230888 0.0216594 0.0194981 0.0165889 0.012969 0.00873505 0.00399926 -0.00104711 -0.00620397 -0.0112634 -0.0159982 -0.0201857 -0.0236865 -0.0264085 -0.0283626 -0.0295617 -0.0301165 -0.0301696 -0.0298854 -0.0294068 -0.0288464 -0.0283548 -0.0279642 -0.0276464 -0.0273535 -0.0269682 -0.0263764 -0.0254993 -0.024268 -0.0227122 -0.0208273 -0.0187094 -0.0164598 -0.0141471 -0.0118871 -0.00977731 -0.00785825 -0.00618417 -0.00476501 -0.0035847 -0.002609 -0.00181289 -0.00117565 -0.000666913 -0.000287642 -9.35764e-06 0.000200204 0.000347906 0.000434853 0.000491599 0.000521665 0.000537043 0.000553597 0.000564432 0.000550289 0.000549718 0.000540414 0.000529355 0.00053994 0.000542397 0.000537506 0.000550924 0.000540429 0.000547178 0.000565606 0.000568171 0.00058255 0.000598858 0.000600315 0.000628411 0.00064381 0.000656957 0.000684204 0.000706321 0.000729264 0.000765613 0.000785328 0.00080646 0.000827985 0.000845762 0.000857381 0.000870004 0.000846497 0.00077934 0.000672875 0.00051078 0.000282613 -1.918e-05 -0.000452218 -0.00103282 -0.00178161 -0.00273528 -0.00393135 -0.00540298 -0.00716226 -0.00922461 -0.0115332 -0.0140046 -0.0165666 -0.0190838 -0.02143 -0.0235254 -0.0252415 -0.0265397 -0.0273933 -0.0278666 -0.0280592 -0.0280732 -0.0280505 -0.0280809 -0.0281633 -0.0283211 -0.0284694 -0.0284705 -0.0281681 -0.0274139 -0.0261027 -0.0241068 -0.0213683 -0.0178825 -0.0137476 -0.00909788 -0.00412456 0.00095679 0.00591946 0.0105851 0.0147622 0.0183329 0.0212129 0.0233504 0.0247721 0.0255027 0.0256098 0.025163 0.0242831 0.0230766 0.0216592 0.020106 0.0184883 0.0168696 0.0153257 0.013893 0.0125975 0.0114488 0.0104088 0.00950962 0.0087351 0.00809993 0.00755354 0.00709008 0.00669309 0.00634644 0.00607963 0.00584048 0.00564648 0.00546913 0.00532655 0.00519146 0.00507577 0.00500771 0.00493663 0.00487221 0.00479695 0.00476798 0.00475923 
0 0.0002131 0.000419713 0.000640012 0.000867446 0.00110254 0.00132322 0.00155511 0.00182484 0.00211548 0.00241194 0.00270677 0.00305443 0.00345112 0.00389592 0.00439318 0.00494024 0.00558201 0.00632523 0.00719159 0.0081665 0.00928214 0.0105488 0.0119354 0.0134662 0.0151149 0.0168426 0.0185925 0.0203044 0.0218917 0.0232595 0.0243376 0.0250085 0.0251395 0.0246507 0.0234451 0.021509 0.0188229 0.0153905 0.0112874 0.00659588 0.00150107 -0.00382285 -0.00911358 -0.0141725 -0.0187822 -0.0227451 -0.0259475 -0.0282922 -0.029785 -0.0305392 -0.030693 -0.0304013 -0.0298487 -0.0291992 -0.0286323 -0.0282211 -0.028017 -0.0279743 -0.0280168 -0.0279801 -0.0277448 -0.0271764 -0.0261875 -0.0247744 -0.0229943 -0.0209014 -0.0185908 -0.0161875 -0.0137779 -0.0114671 -0.009345 -0.00746651 -0.00583754 -0.0044676 -0.0033114 -0.00237426 -0.00160033 -0.00100566 -0.000547419 -0.000191602 7.03604e-05 0.00025526 0.000410819 0.000477478 0.000530373 0.000560271 0.000566768 0.000580188 0.000591124 0.000573615 0.000581482 0.000570571 0.00056967 0.000571986 0.000573496 0.000572418 0.000583635 0.000588805 0.000603143 0.00060918 0.000624317 0.000625942 0.00064648 0.000665409 0.000684713 0.00071276 0.00073751 0.000747972 0.000789379 0.000803429 0.000834539 0.000869471 0.000880693 0.000894762 0.000908962 0.000870989 0.000837788 0.000743685 0.00060037 0.00040153 0.000114892 -0.000293237 -0.000825382 -0.00154132 -0.0024374 -0.00357396 -0.00495963 -0.00664666 -0.00864253 -0.0109197 -0.013414 -0.0160629 -0.0187303 -0.0213034 -0.0236596 -0.0256468 -0.0271748 -0.0282165 -0.0287641 -0.0288754 -0.0286997 -0.0283746 -0.0280655 -0.0278695 -0.0278829 -0.0280649 -0.028338 -0.0285631 -0.0286057 -0.0282758 -0.027375 -0.0257778 -0.0234236 -0.0202602 -0.0163575 -0.0118238 -0.00683754 -0.00163376 0.00360995 0.00863182 0.0132511 0.0173008 0.020703 0.0233867 0.02532 0.026531 0.0270334 0.0269191 0.0263013 0.0252791 0.0239628 0.0224292 0.0207682 0.0190841 0.0174312 0.015862 0.0143949 0.0130779 0.0118959 0.010855 0.00996215 0.00917847 0.00852729 0.00798378 0.00752219 0.0071074 0.00676583 0.00650154 0.00626305 0.00605986 0.00588019 0.00573104 0.00560961 0.00551355 0.00543084 0.00534924 0.00529926 0.00526186 0.00523483 
0 0.000223586 0.000468892 0.000713393 0.000970726 0.00120747 0.0014706 0.00174308 0.00204197 0.00235827 0.00268621 0.00305673 0.00345112 0.00390274 0.00440597 0.00500181 0.00565989 0.0063962 0.00726304 0.00826793 0.00941262 0.0106848 0.0121078 0.0136523 0.0153399 0.0171282 0.0189424 0.0207203 0.0224137 0.0239206 0.0251322 0.0259679 0.0262987 0.026032 0.025073 0.0233735 0.0208929 0.0176568 0.0137011 0.00911764 0.00403448 -0.00138844 -0.00691109 -0.0122739 -0.0172737 -0.0217005 -0.0253529 -0.0281464 -0.0300298 -0.0310613 -0.0313157 -0.0309807 -0.0302781 -0.0294358 -0.0286253 -0.0279862 -0.0276608 -0.0276551 -0.0278911 -0.0282796 -0.0286358 -0.0287812 -0.0285752 -0.0278981 -0.0267555 -0.0251284 -0.0231011 -0.0207913 -0.0183052 -0.0157723 -0.0133141 -0.010995 -0.00890025 -0.00706032 -0.00547949 -0.00413788 -0.00303802 -0.00214176 -0.00141868 -0.000854477 -0.000417407 -8.67349e-05 0.000155399 0.00033225 0.00045105 0.000528491 0.00057005 0.000595708 0.000617992 0.000613116 0.000613332 0.000611179 0.000601763 0.000614921 0.000617373 0.000610002 0.000624819 0.000618262 0.000625494 0.000643309 0.000644304 0.000665213 0.000686303 0.000691481 0.000720134 0.000734679 0.000753321 0.000785343 0.000806105 0.000835855 0.000872956 0.000897108 0.000921636 0.000932594 0.000936086 0.000924322 0.000888427 0.000816431 0.00068651 0.000502666 0.000238105 -0.000138266 -0.000632975 -0.0012909 -0.00214796 -0.00322001 -0.00455006 -0.00615584 -0.00806178 -0.0102676 -0.0127648 -0.0154543 -0.0182272 -0.020974 -0.0235433 -0.0257888 -0.0276123 -0.0288982 -0.0296347 -0.0298054 -0.029516 -0.0289381 -0.0282413 -0.0276374 -0.0272624 -0.0271656 -0.0273852 -0.0278333 -0.0283537 -0.0287711 -0.0288786 -0.0284846 -0.0273856 -0.025473 -0.0226815 -0.0190711 -0.0147268 -0.00980908 -0.00452715 0.000902631 0.00624879 0.011267 0.0157978 0.0197254 0.0229418 0.025415 0.0271275 0.0281039 0.0283945 0.0281107 0.0273344 0.0261759 0.0247235 0.0230886 0.0213749 0.0196496 0.0179505 0.0163322 0.0148575 0.0135129 0.0123385 0.0113024 0.0103895 0.00959348 0.00894871 0.00841498 0.00792959 0.00753074 0.00719292 0.00691881 0.00667358 0.00647912 0.00631117 0.00616453 0.00604962 0.00593373 0.0058628 0.00581414 0.00577862 0.00572163 
0 0.000257858 0.000529984 0.000802997 0.00106825 0.00133894 0.00164329 0.00196138 0.00228113 0.00261278 0.00299227 0.00342634 0.00389592 0.00440597 0.00498703 0.00567803 0.00645164 0.00732678 0.0083398 0.00950247 0.0107955 0.0122288 0.0138191 0.0155223 0.0173405 0.019215 0.0210619 0.0228213 0.0244401 0.0258091 0.0267928 0.027306 0.027239 0.0265046 0.0250514 0.0228184 0.0197943 0.0160075 0.0115316 0.00650597 0.0010691 -0.00459106 -0.0102489 -0.0156183 -0.0204881 -0.024654 -0.027942 -0.0302922 -0.0316737 -0.0321502 -0.0318675 -0.0310356 -0.0298949 -0.0287045 -0.0276723 -0.026975 -0.0267085 -0.0268754 -0.0273893 -0.028135 -0.0288993 -0.0294865 -0.0297015 -0.029399 -0.0285494 -0.0271578 -0.0252771 -0.0230208 -0.0205262 -0.0179092 -0.0152963 -0.0127977 -0.010503 -0.00845168 -0.00666583 -0.00512632 -0.00385127 -0.00279417 -0.00194193 -0.00126077 -0.000718893 -0.000309827 -7.18341e-06 0.000235035 0.000383873 0.00048986 0.000552503 0.000583656 0.000616563 0.000633635 0.000630645 0.000640113 0.000633517 0.000637803 0.000638523 0.000634392 0.000641036 0.000649684 0.000657457 0.000670828 0.000674935 0.00069559 0.000709751 0.000727414 0.0007504 0.000769025 0.000799048 0.000829927 0.000844419 0.000879594 0.000900387 0.000927306 0.000956347 0.000959466 0.000956789 0.000936115 0.000857247 0.000752057 0.000574751 0.000329562 -5.70729e-06 -0.000474088 -0.00109377 -0.0018836 -0.00289719 -0.00414874 -0.00569222 -0.00752407 -0.00966466 -0.0121036 -0.0147883 -0.0176136 -0.0204742 -0.023227 -0.0257318 -0.0278443 -0.0294242 -0.0303842 -0.0307293 -0.0304793 -0.0297498 -0.0287538 -0.0276969 -0.0268046 -0.0262297 -0.0260821 -0.0263727 -0.0270105 -0.0278375 -0.0286855 -0.0293102 -0.0294413 -0.0288644 -0.0274529 -0.0251101 -0.0218554 -0.0177515 -0.0129551 -0.00768184 -0.00211866 0.00347453 0.00885805 0.0138361 0.01827 0.0220229 0.0250249 0.0272722 0.0287591 0.0295232 0.0296331 0.0291619 0.0282316 0.026941 0.025404 0.0237202 0.0219469 0.0201513 0.0184149 0.0168083 0.0153101 0.0139578 0.0127701 0.0117153 0.0107914 0.0100142 0.00937036 0.00881255 0.00834623 0.00794894 0.00760691 0.0073321 0.00711548 0.00692293 0.0067485 0.00660984 0.00649282 0.00640272 0.00634347 0.00629175 0.00623403 
0 0.000292527 0.000582208 0.000866607 0.00116127 0.0014727 0.00181509 0.00216712 0.00253006 0.0029169 0.00335074 0.00384493 0.00439318 0.00500181 0.00567803 0.00646133 0.00735686 0.00838794 0.00956484 0.0108736 0.0123145 0.0139146 0.0156705 0.0175088 0.0194149 0.0213346 0.0231763 0.0248646 0.0263369 0.0274766 0.0281531 0.0282859 0.0277689 0.0265265 0.024528 0.0217504 0.0181949 0.0139017 0.00896322 0.00354154 -0.0021915 -0.00803241 -0.01374 -0.0190404 -0.0237313 -0.0276111 -0.0305044 -0.0323668 -0.033205 -0.0331137 -0.0322549 -0.0308782 -0.0292729 -0.0277275 -0.0264597 -0.0256485 -0.0254067 -0.0257281 -0.0265095 -0.027614 -0.0288049 -0.0298425 -0.030507 -0.0306307 -0.0301573 -0.0290606 -0.0273871 -0.0252513 -0.0227931 -0.0201393 -0.0174267 -0.0147723 -0.0122862 -0.0100283 -0.00802802 -0.00628295 -0.00481694 -0.00358863 -0.00257661 -0.00175519 -0.00109966 -0.000603147 -0.000233016 5.97093e-05 0.000262588 0.000411069 0.000506913 0.000564126 0.000610288 0.000629874 0.000631753 0.000639408 0.000637314 0.000646505 0.000649404 0.000645988 0.000656395 0.000663498 0.000671158 0.000682337 0.000687075 0.000711107 0.000732859 0.00074893 0.000770226 0.000786436 0.000815608 0.000850541 0.000872432 0.000906917 0.000931644 0.000951759 0.000966386 0.000954846 0.000934002 0.000890493 0.000790027 0.000643612 0.000413147 9.63708e-05 -0.000334154 -0.000920632 -0.00167344 -0.00261568 -0.00380173 -0.0052555 -0.00702383 -0.0090951 -0.0114632 -0.0141016 -0.0169485 -0.0198804 -0.0227743 -0.0254847 -0.0278624 -0.0297536 -0.0310277 -0.031606 -0.0315075 -0.0307796 -0.0295829 -0.0281627 -0.0267557 -0.025604 -0.0248729 -0.0246766 -0.0250568 -0.0259332 -0.0271302 -0.0284389 -0.0295822 -0.0302667 -0.0302433 -0.0293545 -0.0274854 -0.024629 -0.0208214 -0.0162017 -0.0109803 -0.00535765 0.000409289 0.00607379 0.0114391 0.0163417 0.0206132 0.0241567 0.0269457 0.0289692 0.0302408 0.0308035 0.0307154 0.0300924 0.0290318 0.0276434 0.0260328 0.0242692 0.0224298 0.020613 0.0188926 0.017251 0.0157334 0.0143831 0.0131923 0.0121431 0.0112333 0.0104523 0.00978574 0.00924492 0.0087802 0.00836926 0.00803266 0.00777165 0.00754004 0.00733406 0.00718264 0.00706032 0.00695183 0.0068635 0.00680857 0.00677429 
0 0.000324545 0.000638896 0.00094983 0.00129593 0.00164599 0.00201131 0.0023891 0.0028106 0.00327345 0.0037632 0.00431519 0.00494024 0.00565989 0.00645164 0.00735686 0.00839788 0.00958402 0.0109189 0.0123806 0.0139925 0.0157588 0.0176463 0.0195739 0.0215217 0.02344 0.0252233 0.0267787 0.0280301 0.0288598 0.0291601 0.0288624 0.0278611 0.0260924 0.0235342 0.0202142 0.0161431 0.0113805 0.00603381 0.000275651 -0.0056835 -0.0116387 -0.0173313 -0.0225109 -0.026975 -0.0305264 -0.0329973 -0.0343526 -0.0346291 -0.0339594 -0.0325232 -0.030603 -0.0285167 -0.0265751 -0.0250324 -0.0240734 -0.0238323 -0.0242788 -0.0252961 -0.0267292 -0.0283327 -0.0298295 -0.0309782 -0.0315738 -0.0315319 -0.0307871 -0.029381 -0.027429 -0.0250647 -0.0224307 -0.0196694 -0.0169003 -0.0142498 -0.0117945 -0.00956844 -0.00760245 -0.00592503 -0.00451783 -0.00334234 -0.00237823 -0.00159986 -0.000995874 -0.000529838 -0.000169528 0.000102946 0.000294027 0.000419044 0.000502147 0.000565354 0.000593971 0.000615408 0.000625161 0.000628579 0.000638189 0.000636914 0.000631021 0.000650412 0.000659225 0.000673016 0.00068357 0.000685593 0.000706355 0.000733686 0.000745105 0.000770428 0.000790665 0.000821199 0.000858228 0.000882795 0.000903937 0.000931172 0.000945005 0.000950345 0.000930699 0.000888453 0.000804984 0.000666742 0.000455966 0.000162316 -0.000228605 -0.000754585 -0.00146515 -0.00236778 -0.0034946 -0.00488108 -0.00656148 -0.00855884 -0.0108611 -0.0134368 -0.016244 -0.0192145 -0.0222111 -0.0250863 -0.0276992 -0.0298855 -0.0314827 -0.0323786 -0.0325085 -0.031923 -0.0306998 -0.0290386 -0.0272039 -0.0254604 -0.0240678 -0.0232213 -0.0230302 -0.0235576 -0.0247052 -0.0262868 -0.0280628 -0.0297302 -0.030978 -0.0315229 -0.0311784 -0.029809 -0.0273712 -0.0238874 -0.019492 -0.0143808 -0.00876771 -0.00288662 0.00299756 0.00869158 0.0140071 0.0187566 0.0228272 0.0261542 0.0287188 0.0305103 0.0315636 0.0319259 0.0316885 0.0309296 0.0297501 0.0282688 0.0265865 0.0247742 0.0229207 0.0210945 0.0193176 0.0176634 0.0161612 0.0148172 0.0136132 0.0125667 0.0116512 0.0108568 0.0102154 0.00967326 0.00920479 0.00879888 0.00847863 0.00820546 0.0079753 0.00780714 0.00766073 0.00753346 0.00742177 0.00736117 0.00732935 
0 0.000351563 0.000694757 0.00106177 0.00144427 0.00184004 0.0022282 0.00265306 0.00313524 0.0036651 0.00423912 0.00486261 0.00558201 0.0063962 0.00732678 0.00838794 0.00958402 0.0109204 0.0124032 0.0140421 0.0158198 0.0177219 0.0196969 0.0216784 0.0236248 0.0254739 0.0271201 0.0284777 0.0294432 0.0299067 0.0297697 0.0289808 0.0274746 0.0251743 0.0220965 0.0182471 0.0136926 0.00850116 0.00280508 -0.00320198 -0.00932147 -0.0153171 -0.0209562 -0.0259816 -0.030183 -0.0333682 -0.0353955 -0.0362353 -0.0359597 -0.0346976 -0.0327013 -0.0302521 -0.0276831 -0.0253301 -0.023477 -0.0223575 -0.0220646 -0.0225851 -0.0238014 -0.0255252 -0.027501 -0.0294549 -0.0310933 -0.0322013 -0.0326258 -0.0323104 -0.031244 -0.0295296 -0.0273275 -0.0247665 -0.0219837 -0.0191442 -0.0163607 -0.0137226 -0.0112943 -0.00911352 -0.00722628 -0.00561777 -0.00426589 -0.00313426 -0.00220689 -0.00148074 -0.000917651 -0.000462468 -0.000131924 0.000115515 0.000287302 0.000396028 0.000477266 0.000536105 0.000556061 0.000584139 0.000599596 0.000603997 0.000605695 0.00060833 0.000612262 0.000637197 0.000646894 0.000649818 0.00066097 0.000684845 0.000706047 0.000736476 0.000749229 0.000769969 0.000807334 0.000838201 0.000857073 0.000886337 0.000893579 0.00090639 0.000902835 0.00085998 0.000790785 0.000678674 0.000476587 0.000206177 -0.000168069 -0.000659929 -0.00130396 -0.00215103 -0.00322805 -0.00454305 -0.00614025 -0.00804526 -0.0102818 -0.0128047 -0.015571 -0.0185354 -0.0215839 -0.0245858 -0.0273947 -0.0298307 -0.0317413 -0.0329855 -0.03343 -0.0330686 -0.0319643 -0.030257 -0.0281439 -0.0259179 -0.0238791 -0.0222892 -0.0213495 -0.0212269 -0.0219402 -0.023388 -0.0253558 -0.0275962 -0.0297988 -0.0315991 -0.0327199 -0.0329302 -0.0320669 -0.0300483 -0.0268978 -0.0227554 -0.0178179 -0.0122603 -0.00633464 -0.000278499 0.00567528 0.0113311 0.0165004 0.0210402 0.0248963 0.0279931 0.0303212 0.031884 0.0327334 0.0329363 0.0325484 0.0316598 0.0303883 0.0288424 0.0271102 0.025269 0.0233815 0.0215093 0.0197328 0.0181036 0.0165894 0.0152194 0.0140219 0.0129818 0.0120687 0.0112885 0.0106526 0.0101047 0.00964447 0.00925321 0.00893245 0.00867506 0.00846412 0.00829199 0.00813753 0.00803356 0.00795324 0.00789895 
