0 0 0 0 0 0 0 0 0 0 0 0 0 0 0 0 0 0 0 0 0 0 0 0 0 0 0 0 0 0 0 0 0 0 0 0 0 0 0 0 0 0 0 0 0 0 0 0 0 0 0 0 0 0 0 0 0 0 0 0 0 0 0 0 0 0 0 0 0 0 0 0 0 0 0 0 0 0 0 0 0 0 0 0 0 0 0 0 0 0 0 0 0 0 0 0 0 0 0 0 0 0 0 0 0 0 0 0 0 0 0 0 0 0 0 0 0 0 0 0 0 0 0 0 0 0 0 0 0 0 0 0 0 0 0 0 0 0 0 0 0 0 0 0 0 0 0 0 0 0 0 0 0 0 0 0 0 0 0 0 0 0 0 0 0 0 0 0 0 0 0 0 0 0 0 0 0 0 0 0 0 0 0 0 0 0 0 0 0 0 0 0 0 0 0 0 0 0 0 0 
0 -0.00103511 -0.00207148 -0.00309839 -0.00409492 -0.00500547 -0.00581752 -0.00653327 -0.00714818 -0.00765626 -0.00803787 -0.00827991 -0.00834704 -0.00825974 -0.00804794 -0.00773063 -0.00732747 -0.00684556 -0.00630835 -0.00571588 -0.00511076 -0.00451873 -0.00395031 -0.00341195 -0.00290719 -0.00245682 -0.00206857 -0.00175029 -0.00148133 -0.00125163 -0.00104987 -0.000879921 -0.000738443 -0.00064087 -0.000564838 -0.000490382 -0.000429241 -0.000376015 -0.000346705 -0.00031917 -0.0003072 -0.000290615 -0.000270704 -0.00025508 -0.000238394 -0.000235837 -0.000240991 -0.000234907 -0.00022166 -0.000209073 -0.000195373 -0.000192997 -0.000186054 -0.000189154 -0.000181606 -0.000176732 -0.000169056 -0.000168267 -0.000187892 -0.000210677 -0.000227964 -0.000252811 -0.000286588 -0.000336525 -0.000406979 -0.000488455 -0.000605038 -0.000741128 -0.000889048 -0.00104788 -0.00123012 -0.00141293 -0.00159952 -0.00176683 -0.00189932 -0.00197573 -0.00198892 -0.00192612 -0.00178774 -0.00155085 -0.00123895 -0.000864038 -0.000431865 1.88866e-05 0.000459578 0.000874204 0.00121206 0.00145823 0.00161349 0.00167106 0.00165374 0.00157535 0.00144818 0.00129485 0.00112981 0.000967953 0.000825584 0.000696696 0.000593255 0.000514417 0.000461071 0.00044206 0.000457827 0.000503042 0.000588284 0.000705701 0.000860536 0.0010455 0.00124196 0.00143219 0.00158408 0.00166444 0.0016616 0.00154702 0.00132368 0.0010185 0.000638521 0.000220027 -0.000204385 -0.000626025 -0.00101522 -0.0013371 -0.00158433 -0.00173869 -0.00180782 -0.00179443 -0.00171837 -0.00158825 -0.00142339 -0.00123747 -0.00106074 -0.000879723 -0.000700828 -0.000537656 -0.000410663 -0.000300923 -0.000216916 -0.000140653 -7.5165e-05 -2.45481e-05 2.1294e-05 5.53158e-05 7.08382e-05 8.519e-05 9.31236e-05 0.000101357 0.000121427 0.000127881 0.000132969 0.000126552 0.000130767 0.000140393 0.000156012 0.000169844 0.000177167 0.000180702 0.00018665 0.000184999 0.000196612 0.000211975 0.000212331 0.000209066 0.000192478 0.000187582 0.000178667 0.000164973 0.000125164 6.25866e-05 -1.69891e-05 -0.000117668 -0.000232286 -0.000371399 -0.000555954 -0.000794528 -0.00106453 -0.00137198 -0.00171624 -0.00211123 -0.00254213 -0.0029965 -0.0034415 -0.00384117 -0.00418654 -0.00445078 -0.00462986 -0.00468635 -0.00458925 -0.00430774 -0.00383331 -0.00317212 -0.00232254 -0.00131828 -0.000186539 0.00103221 0.00228528 0.00350391 0.00463018 0.00562326 0.00642038 0.00697503 
0 -0.00207148 -0.00411811 -0.00614687 -0.00808911 -0.00989961 -0.0115172 -0.0129614 -0.0141984 -0.015195 -0.0159532 -0.0164171 -0.0165779 -0.0164266 -0.0160318 -0.015414 -0.0145974 -0.0136476 -0.0125744 -0.0114246 -0.0102291 -0.00905059 -0.00791546 -0.00683496 -0.00585185 -0.00496584 -0.00420126 -0.00355064 -0.0029911 -0.00252089 -0.00212169 -0.00178599 -0.00150565 -0.00128795 -0.0011219 -0.000971775 -0.000855869 -0.000777086 -0.000710148 -0.000660505 -0.000618139 -0.000586243 -0.000560103 -0.000533068 -0.000506596 -0.000483566 -0.000474648 -0.000455407 -0.000433092 -0.000418902 -0.000408386 -0.000389399 -0.000379898 -0.000367874 -0.000358301 -0.000360581 -0.0003511 -0.000352927 -0.000370707 -0.000394695 -0.000433847 -0.000489489 -0.000557389 -0.00067216 -0.000817048 -0.00099875 -0.00120119 -0.00145344 -0.00176482 -0.0021023 -0.00245184 -0.00281506 -0.00317777 -0.00352096 -0.00378348 -0.00394699 -0.00399205 -0.00386047 -0.00357182 -0.00311007 -0.00246711 -0.0016965 -0.000849159 4.56971e-05 0.000912783 0.00171428 0.00238686 0.00290273 0.00322594 0.00336226 0.0033286 0.00316173 0.00288595 0.00257167 0.00223727 0.00192551 0.00164572 0.00140561 0.00119848 0.00104309 0.000931279 0.00089028 0.000905641 0.000996629 0.00116183 0.00140859 0.00172888 0.00211699 0.00250952 0.00287848 0.00315665 0.00330589 0.00328291 0.00306946 0.00265062 0.00204825 0.00128997 0.000460465 -0.000416852 -0.00126944 -0.00203192 -0.00268489 -0.0031778 -0.00346505 -0.00359965 -0.00357607 -0.00341778 -0.00316799 -0.00284082 -0.00247819 -0.00210273 -0.00173629 -0.00140694 -0.00110021 -0.000816745 -0.000590867 -0.000406905 -0.00025945 -0.000125998 -3.06483e-05 3.78668e-05 9.25766e-05 0.000137755 0.000171585 0.000197673 0.000208603 0.000231768 0.000252546 0.000257685 0.00026773 0.000281137 0.000295519 0.000310727 0.000321202 0.000325629 0.000348048 0.00036086 0.000368396 0.000381373 0.000399656 0.000413263 0.000410084 0.000405213 0.000387903 0.000358654 0.000311759 0.000223062 0.000108974 -4.08772e-05 -0.000245916 -0.00048786 -0.000783635 -0.00115059 -0.00160828 -0.00214215 -0.00274692 -0.00345598 -0.00423769 -0.00508901 -0.00597133 -0.00683311 -0.00763525 -0.0083101 -0.00884052 -0.00916286 -0.00924646 -0.00902546 -0.00844269 -0.00750227 -0.00617358 -0.00449586 -0.00250158 -0.000278689 0.00210551 0.00455752 0.00692881 0.00913571 0.0110594 0.0126076 0.0136697 
0 -0.00309839 -0.00614687 -0.00911362 -0.0119737 -0.0146284 -0.0170503 -0.0192105 -0.0210464 -0.0225169 -0.0235949 -0.0242856 -0.0245291 -0.024361 -0.0238209 -0.0229293 -0.0217463 -0.0203357 -0.0187883 -0.0171079 -0.0153724 -0.0136345 -0.0119404 -0.0103452 -0.00888168 -0.00758081 -0.00642839 -0.00543051 -0.00456423 -0.00384185 -0.00324388 -0.00275062 -0.00231954 -0.00198175 -0.00170762 -0.00147423 -0.0013119 -0.00118319 -0.00109574 -0.000993859 -0.000929656 -0.000878198 -0.000842962 -0.000820767 -0.000775893 -0.000738769 -0.000712223 -0.000673765 -0.000644655 -0.000633996 -0.000614426 -0.000600166 -0.000562175 -0.000553092 -0.000538133 -0.000543623 -0.000537485 -0.000530373 -0.000556123 -0.000590011 -0.000630735 -0.00071798 -0.000848104 -0.00102306 -0.00123977 -0.00147672 -0.00180087 -0.00219169 -0.00263688 -0.00312706 -0.00367924 -0.00422807 -0.00477573 -0.0052673 -0.00566195 -0.0059043 -0.00596397 -0.00578969 -0.00537012 -0.0046484 -0.00369131 -0.00255139 -0.0012658 5.9709e-05 0.00134867 0.00256027 0.00356777 0.0043255 0.00482055 0.00502434 0.00498482 0.0047409 0.00433721 0.00385299 0.00334614 0.00286809 0.00246063 0.00210389 0.00181381 0.00158208 0.00141153 0.00133212 0.00135726 0.00148771 0.00175256 0.00213021 0.0026203 0.00318719 0.0037672 0.00430662 0.00472204 0.00493432 0.00491342 0.00458573 0.00394812 0.00305717 0.00193039 0.000669315 -0.000626232 -0.00190492 -0.00306928 -0.00402189 -0.00473995 -0.00518445 -0.00538572 -0.00535337 -0.00513385 -0.00474933 -0.00425078 -0.00368703 -0.00314844 -0.00261473 -0.00210231 -0.00163344 -0.00124602 -0.000896106 -0.000610919 -0.000363838 -0.000173719 -4.83598e-05 5.46957e-05 0.000139861 0.000199153 0.000261756 0.000297732 0.000314711 0.000351019 0.000364195 0.000392027 0.000404855 0.000434095 0.000451352 0.000461333 0.000466705 0.000478766 0.000509123 0.00055066 0.00055708 0.000573505 0.000595182 0.000599958 0.000616976 0.000601939 0.000583833 0.000519085 0.000428935 0.000293386 0.000126537 -8.80626e-05 -0.000396654 -0.000784043 -0.00124658 -0.00180707 -0.0024911 -0.00327768 -0.00420437 -0.00525944 -0.00643284 -0.00766123 -0.00892083 -0.0101589 -0.011299 -0.0122891 -0.0130211 -0.0134545 -0.0135046 -0.0131156 -0.0122242 -0.0108047 -0.0088562 -0.00637775 -0.00347256 -0.000237727 0.00321175 0.00674062 0.0101701 0.0133372 0.0161113 0.0183166 0.0198305 
0 -0.00409492 -0.00808911 -0.0119737 -0.0156748 -0.0191529 -0.0223231 -0.0251668 -0.027577 -0.0294766 -0.0308852 -0.0317672 -0.0321286 -0.0319527 -0.031309 -0.0302066 -0.0286946 -0.0269056 -0.0248983 -0.0227488 -0.020504 -0.0182564 -0.0160626 -0.0139706 -0.012057 -0.0103219 -0.00878305 -0.00743279 -0.00625783 -0.00527559 -0.00446056 -0.00377898 -0.00319896 -0.0027288 -0.00235846 -0.00204138 -0.00180065 -0.00162696 -0.00147658 -0.00135144 -0.00124893 -0.00117421 -0.00111845 -0.00106813 -0.00101721 -0.000972955 -0.000948089 -0.000909528 -0.000869625 -0.000845517 -0.000824925 -0.000788108 -0.000759399 -0.000732188 -0.000713857 -0.000718286 -0.000708384 -0.000715147 -0.000751956 -0.00080296 -0.000881346 -0.000992493 -0.00113467 -0.00135786 -0.00164304 -0.00199815 -0.00241102 -0.00292036 -0.00353488 -0.00420395 -0.00490576 -0.00563201 -0.00635348 -0.0070246 -0.00754202 -0.0078615 -0.00794035 -0.00768633 -0.00711458 -0.00619544 -0.00492754 -0.00340321 -0.00171466 6.31819e-05 0.00179475 0.00339325 0.00473616 0.00575912 0.00640345 0.00667661 0.00661747 0.00629353 0.00576242 0.00514301 0.00448335 0.00385925 0.00329745 0.0028118 0.00240146 0.00209425 0.00188367 0.00180971 0.00185479 0.00204247 0.00237599 0.00286443 0.00349628 0.0042524 0.00502615 0.00574799 0.0062946 0.00658055 0.00652457 0.00608372 0.00523814 0.00403167 0.0025274 0.00087445 -0.000857734 -0.00254162 -0.00405529 -0.00534317 -0.00631622 -0.00690093 -0.00716981 -0.0071259 -0.00681652 -0.0063172 -0.00566741 -0.00494491 -0.00420071 -0.00347281 -0.0028086 -0.00219667 -0.00164483 -0.00119595 -0.000828723 -0.000528585 -0.000266156 -7.4055e-05 6.75923e-05 0.000182273 0.000276126 0.000349406 0.000400458 0.000422894 0.000461821 0.000496885 0.000513105 0.000536405 0.000565781 0.000595888 0.000625802 0.000647846 0.000664946 0.000709676 0.000741644 0.000756414 0.000772717 0.000792036 0.000803518 0.000796076 0.000782052 0.000738508 0.000655631 0.000529363 0.000336436 0.000103693 -0.000200344 -0.000625226 -0.00115171 -0.00178866 -0.00255176 -0.00347076 -0.00453736 -0.00575623 -0.00715617 -0.00866254 -0.0102388 -0.0118292 -0.0133708 -0.0148048 -0.0160082 -0.0169038 -0.0173672 -0.0173399 -0.0167375 -0.0154922 -0.0136124 -0.0110528 -0.00786943 -0.00413837 -2.17889e-05 0.00435022 0.00881384 0.0131249 0.017119 0.0205834 0.0233464 0.0252299 
0 -0.00500547 -0.00989961 -0.0146284 -0.0191529 -0.0233773 -0.0272502 -0.0307083 -0.03364 -0.0359731 -0.0376901 -0.0388048 -0.0392721 -0.0391265 -0.0384158 -0.037159 -0.035423 -0.0333048 -0.0309237 -0.0283294 -0.025637 -0.0229375 -0.0202903 -0.0177553 -0.0153832 -0.0132213 -0.0112815 -0.00958094 -0.00809964 -0.00684275 -0.00578231 -0.00489409 -0.00413919 -0.00354571 -0.00306748 -0.00265549 -0.00233327 -0.00207413 -0.0018864 -0.00171882 -0.00160501 -0.00150708 -0.00142043 -0.00135031 -0.00127729 -0.0012319 -0.00120491 -0.00115369 -0.0010967 -0.00105698 -0.00101803 -0.000991499 -0.000950389 -0.000933976 -0.000908254 -0.000899599 -0.000882515 -0.000882101 -0.000934872 -0.00100927 -0.0010962 -0.00123311 -0.00142722 -0.00169835 -0.002052 -0.00247361 -0.00301971 -0.00367144 -0.00441117 -0.00522219 -0.00611751 -0.00702865 -0.00793673 -0.0087571 -0.00940433 -0.00979586 -0.00987891 -0.00957897 -0.00887578 -0.00770896 -0.00614631 -0.00426879 -0.0021541 4.93487e-05 0.00220511 0.00421126 0.00588612 0.00714394 0.0079524 0.0082919 0.00823116 0.00784201 0.00720086 0.00642443 0.00560175 0.00481221 0.00411529 0.00350813 0.00301265 0.0026323 0.00237591 0.0022763 0.0023433 0.0025799 0.00301219 0.00362437 0.00441398 0.00533235 0.006282 0.00716527 0.00784256 0.00818549 0.00812025 0.00755274 0.00647872 0.0049782 0.00311415 0.00104425 -0.00108635 -0.00317435 -0.00507609 -0.00665763 -0.00785377 -0.0086004 -0.00893363 -0.00887628 -0.00850057 -0.00786717 -0.00705549 -0.00614578 -0.00524626 -0.00435261 -0.00349709 -0.00271576 -0.00205848 -0.00149579 -0.0010386 -0.000646357 -0.000327056 -9.16327e-05 9.77983e-05 0.000245624 0.0003471 0.000433889 0.000488052 0.000525676 0.000588762 0.000626862 0.000661482 0.000672628 0.000702017 0.000735512 0.000776224 0.000811467 0.000839581 0.000874959 0.000913749 0.000925742 0.000958277 0.000994268 0.000995307 0.000982439 0.000928915 0.000868807 0.000757741 0.00059578 0.000347041 2.50577e-05 -0.00038524 -0.000931587 -0.001601 -0.00240473 -0.00338265 -0.00456196 -0.0059072 -0.0074325 -0.00911845 -0.0109342 -0.0128036 -0.0146779 -0.0164754 -0.0180943 -0.019443 -0.0203817 -0.0208221 -0.0206479 -0.01978 -0.0181595 -0.0157872 -0.012676 -0.00884804 -0.00443227 0.000423673 0.00555181 0.0107487 0.0157604 0.0203611 0.0243545 0.0275169 0.0296802 
0 -0.00581752 -0.0115172 -0.0170503 -0.0223231 -0.0272502 -0.0317375 -0.0357392 -0.0391492 -0.0418858 -0.0439421 -0.0452852 -0.045902 -0.0458059 -0.0450751 -0.0437356 -0.0418373 -0.0394925 -0.0367923 -0.0338425 -0.0307596 -0.0276658 -0.024622 -0.0216726 -0.0188878 -0.016312 -0.0139883 -0.0119314 -0.0101263 -0.00857394 -0.00725142 -0.006133 -0.00519709 -0.004446 -0.00384272 -0.00332673 -0.00291033 -0.00258779 -0.00233322 -0.00213038 -0.0019742 -0.00184831 -0.0017396 -0.00164387 -0.00155717 -0.00149292 -0.00144714 -0.00138509 -0.00131873 -0.00127179 -0.00123426 -0.00119125 -0.00115096 -0.00111871 -0.00109394 -0.0010877 -0.001073 -0.0010766 -0.00112343 -0.00119912 -0.00131296 -0.00148002 -0.00171019 -0.00204198 -0.00246923 -0.00299329 -0.00362588 -0.00439195 -0.00528983 -0.00627599 -0.00732797 -0.00841325 -0.00948711 -0.0104698 -0.0112406 -0.0117172 -0.0118246 -0.0114623 -0.0106085 -0.0092282 -0.0073518 -0.00509589 -0.00258755 3.44671e-05 0.00259991 0.00496862 0.00697172 0.00850021 0.0094836 0.00991611 0.00985367 0.00938519 0.00861341 0.00768654 0.00670649 0.00577413 0.00494226 0.00422579 0.00363346 0.00318438 0.00288541 0.00277464 0.0028544 0.00314445 0.00365954 0.0044005 0.00534838 0.0064502 0.00757677 0.00860467 0.00937526 0.00975689 0.00964468 0.00896553 0.00770106 0.00590936 0.00368943 0.00122461 -0.00133871 -0.0038315 -0.00608214 -0.00797324 -0.00939503 -0.0102743 -0.010665 -0.0105985 -0.0101462 -0.00940119 -0.00844146 -0.00737038 -0.00627397 -0.00519915 -0.00419644 -0.0032784 -0.00246798 -0.00178933 -0.00123084 -0.000768269 -0.000384819 -9.94464e-05 0.000113195 0.000280895 0.000412948 0.000519083 0.000592318 0.000639579 0.000702006 0.000756602 0.00079216 0.000821215 0.000855271 0.000894295 0.000937634 0.00097315 0.00100223 0.00104616 0.00108269 0.00110473 0.00113755 0.00117041 0.00117489 0.00114129 0.0010758 0.000976896 0.00082766 0.000609011 0.000286115 -0.000128291 -0.000658321 -0.00134122 -0.00216803 -0.00315956 -0.00435787 -0.00578683 -0.00740933 -0.0092012 -0.0111563 -0.0132173 -0.0153313 -0.0174231 -0.0193883 -0.0211209 -0.0224911 -0.0233936 -0.0237038 -0.0233216 -0.0221451 -0.0201195 -0.0172803 -0.0136437 -0.00928323 -0.0043085 0.00110605 0.00678711 0.0125071 0.0179779 0.0229814 0.0272912 0.0307078 0.0330414 
0 -0.00653327 -0.0129614 -0.0192105 -0.0251668 -0.0307083 -0.0357392 -0.0402098 -0.0440379 -0.0471498 -0.0495177 -0.0511049 -0.0518882 -0.0518957 -0.0512002 -0.049839 -0.047865 -0.0453785 -0.0424818 -0.0392811 -0.0359045 -0.0324761 -0.0290707 -0.0257494 -0.0225844 -0.019631 -0.0169291 -0.0144998 -0.012347 -0.0104817 -0.00889009 -0.00754135 -0.00640412 -0.0054722 -0.00471028 -0.00407344 -0.00356305 -0.00316038 -0.00283417 -0.00256144 -0.00234818 -0.00218474 -0.00205605 -0.0019475 -0.00184507 -0.0017592 -0.00168942 -0.00161479 -0.00154697 -0.00150002 -0.00145656 -0.00140294 -0.00134506 -0.0013027 -0.0012782 -0.0012737 -0.00126637 -0.00127363 -0.00132148 -0.00140535 -0.00153541 -0.00173564 -0.00201964 -0.00240713 -0.0028975 -0.00349799 -0.00423729 -0.00513113 -0.00616811 -0.00731496 -0.00854605 -0.00981044 -0.0110506 -0.0121735 -0.013059 -0.0136069 -0.0137264 -0.0133163 -0.0123265 -0.0107224 -0.00855468 -0.00594574 -0.00303917 -5.7429e-06 0.0029695 0.00571661 0.00804414 0.00981999 0.0109714 0.0114884 0.011433 0.0109053 0.0100274 0.00895548 0.00782089 0.00673617 0.00576872 0.00493969 0.00426106 0.00374656 0.00341112 0.00328787 0.00339154 0.00374028 0.00434986 0.00521646 0.00631499 0.00757394 0.00885982 0.0100242 0.0108919 0.0113091 0.011157 0.0103485 0.00886878 0.0067859 0.00421795 0.00135886 -0.00160424 -0.0044837 -0.0070878 -0.00926339 -0.010896 -0.0119221 -0.0123779 -0.0123089 -0.0117945 -0.0109303 -0.00981527 -0.00856837 -0.00729743 -0.00605483 -0.00488724 -0.00382484 -0.00289524 -0.00210529 -0.0014449 -0.000894252 -0.000451366 -0.000122818 0.000123821 0.000319821 0.000479244 0.000609779 0.000699696 0.00075811 0.000819228 0.00087319 0.000919339 0.000962776 0.00101166 0.00105866 0.00110055 0.00113413 0.00117058 0.00122586 0.00127729 0.00130495 0.00132691 0.00133965 0.00132547 0.00127918 0.00119193 0.00105492 0.000844959 0.00054732 0.000142214 -0.000367858 -0.00101527 -0.00184554 -0.00285957 -0.00406781 -0.00550097 -0.00717137 -0.00904352 -0.0110881 -0.0132762 -0.0155454 -0.0178248 -0.0200328 -0.0220605 -0.0237874 -0.0250827 -0.0258273 -0.0259107 -0.0252345 -0.0237094 -0.0212943 -0.0180255 -0.0139521 -0.00916195 -0.00378916 0.00199142 0.00799754 0.0139916 0.0196923 0.0248706 0.0293146 0.0328265 0.0352306 
0 -0.00714818 -0.0141984 -0.0210464 -0.027577 -0.03364 -0.0391492 -0.0440379 -0.0482407 -0.0516949 -0.0543543 -0.0561968 -0.0571862 -0.0573603 -0.0567644 -0.055445 -0.0534702 -0.0509321 -0.0479494 -0.0446067 -0.0410297 -0.0373336 -0.0336181 -0.0299743 -0.0264718 -0.0231734 -0.0201081 -0.0173085 -0.0148027 -0.0126129 -0.0107335 -0.00913035 -0.00776678 -0.00663296 -0.00569406 -0.00492036 -0.00429849 -0.00379618 -0.00338826 -0.00304014 -0.0027667 -0.0025554 -0.00239014 -0.00225454 -0.00213099 -0.00203031 -0.00194612 -0.00186348 -0.0017887 -0.0017301 -0.00167268 -0.00161413 -0.00154679 -0.00149939 -0.00146867 -0.00145326 -0.00144778 -0.00146256 -0.00152378 -0.0016299 -0.0017811 -0.00200531 -0.0023269 -0.00275838 -0.00331707 -0.00400369 -0.00485829 -0.00588072 -0.00705272 -0.00835232 -0.0097524 -0.0111887 -0.0125977 -0.0138643 -0.0148655 -0.0154779 -0.0155951 -0.0151278 -0.0140039 -0.0121909 -0.00975384 -0.0068096 -0.00351246 -7.03318e-05 0.00331623 0.00644058 0.00908875 0.0111054 0.0124195 0.0130159 0.0129691 0.0123905 0.0114236 0.0102253 0.00895219 0.00771884 0.00660945 0.0056546 0.00488161 0.00430313 0.00394614 0.00382985 0.00397532 0.00438879 0.00508807 0.0060654 0.00729914 0.00870185 0.0101403 0.0114362 0.0123978 0.0128418 0.0126392 0.0116885 0.00998272 0.00760341 0.00469342 0.00145348 -0.00188601 -0.00512832 -0.00807094 -0.0105269 -0.0123751 -0.0135542 -0.0140716 -0.0139922 -0.0134094 -0.0124274 -0.0111709 -0.00976094 -0.00832117 -0.00691083 -0.00557414 -0.00436022 -0.00330759 -0.00240919 -0.00166377 -0.0010392 -0.000538314 -0.000153284 0.000143271 0.000374707 0.000556383 0.000701469 0.00080041 0.000873357 0.000941968 0.00100017 0.00105524 0.00110142 0.0011569 0.00121339 0.00126487 0.0013087 0.00135627 0.00141244 0.00146684 0.00149238 0.00150323 0.00149642 0.00145739 0.00138763 0.00126352 0.00107959 0.000802452 0.000418026 -8.25816e-05 -0.000708838 -0.00149453 -0.00248816 -0.00370408 -0.0051401 -0.006809 -0.00870471 -0.0107947 -0.013055 -0.0154301 -0.0178535 -0.020221 -0.0224456 -0.0244262 -0.0260376 -0.0271587 -0.0276461 -0.0274108 -0.0263654 -0.0244571 -0.0216709 -0.018032 -0.0136159 -0.00851437 -0.00289712 0.00305737 0.00915765 0.0151767 0.0208699 0.0260062 0.0303975 0.0338484 0.0362124 
0 -0.00765626 -0.015195 -0.0225169 -0.0294766 -0.0359731 -0.0418858 -0.0471498 -0.0516949 -0.0554542 -0.058409 -0.0605067 -0.0617569 -0.0621481 -0.0617207 -0.0605253 -0.0586269 -0.056146 -0.0531579 -0.0497754 -0.0460812 -0.0422022 -0.0382574 -0.0343409 -0.0305444 -0.0269177 -0.0235153 -0.0203714 -0.0175282 -0.0150063 -0.0128099 -0.0109087 -0.00929973 -0.0079425 -0.00681749 -0.0058859 -0.00511438 -0.00450138 -0.00398958 -0.00358716 -0.00325098 -0.00298744 -0.00277321 -0.00258809 -0.00244198 -0.0023238 -0.00222257 -0.00212849 -0.00203383 -0.00194938 -0.00188519 -0.00181525 -0.00176522 -0.00170813 -0.00167288 -0.00164273 -0.00163013 -0.00165326 -0.00171983 -0.00183783 -0.00202 -0.00226772 -0.00261574 -0.00310178 -0.00373132 -0.00452892 -0.00547969 -0.0066169 -0.00793346 -0.00939223 -0.0109342 -0.0125424 -0.0141107 -0.0155284 -0.0166409 -0.017324 -0.0174503 -0.0169184 -0.0156501 -0.0136484 -0.0109333 -0.00764751 -0.00398989 -0.000151767 0.00362998 0.00709875 0.0100607 0.0123357 0.0138165 0.0145142 0.0144871 0.0138587 0.0127964 0.0114767 0.0100617 0.00869192 0.00744663 0.0063821 0.00551826 0.00488524 0.0045032 0.00439674 0.00457596 0.0050589 0.00584725 0.0069479 0.00831523 0.00986539 0.0114426 0.0128451 0.0138677 0.014324 0.0140441 0.0129564 0.0110472 0.00837707 0.00513422 0.00153693 -0.00219207 -0.00579431 -0.0090477 -0.0117858 -0.013842 -0.0151521 -0.0157252 -0.0156367 -0.0149792 -0.0138904 -0.0124982 -0.0109509 -0.0093312 -0.0077488 -0.00626164 -0.00490765 -0.00370345 -0.00269747 -0.00185811 -0.00117419 -0.000611392 -0.000164166 0.000171641 0.000430561 0.000635752 0.000783731 0.000895661 0.000987284 0.0010662 0.00115136 0.00120409 0.00125858 0.00130524 0.00136447 0.00142565 0.00148084 0.00153298 0.00158571 0.00161943 0.00164621 0.00165062 0.00163303 0.00158361 0.00146339 0.00129403 0.00103402 0.000688607 0.00021536 -0.000397109 -0.00116534 -0.00212648 -0.00330201 -0.00471519 -0.00636788 -0.00825721 -0.0103607 -0.0126491 -0.0150665 -0.0175729 -0.0200637 -0.0224472 -0.0246046 -0.0264344 -0.0278345 -0.0286596 -0.0288132 -0.0281783 -0.0267225 -0.0244147 -0.0212702 -0.0173355 -0.0126656 -0.00740248 -0.00169583 0.00423949 0.0102178 0.0160395 0.0214915 0.0263928 0.0305421 0.0337926 0.0360073 
0 -0.00803787 -0.0159532 -0.0235949 -0.0308852 -0.0376901 -0.0439421 -0.0495177 -0.0543543 -0.058409 -0.0616248 -0.0640096 -0.0655203 -0.0661823 -0.0659862 -0.0649974 -0.0632993 -0.0609548 -0.0580756 -0.0547264 -0.0510245 -0.0470675 -0.042977 -0.0388625 -0.0347966 -0.0308765 -0.027161 -0.0237 -0.0205336 -0.0176741 -0.0151353 -0.0129244 -0.0110349 -0.00944612 -0.00810324 -0.00698492 -0.00605373 -0.00528625 -0.00467728 -0.00417904 -0.00377784 -0.00344914 -0.00317831 -0.00295509 -0.00277446 -0.00263041 -0.00250512 -0.00238894 -0.00228255 -0.00218674 -0.00210122 -0.00203811 -0.00196954 -0.00191858 -0.00188096 -0.00184373 -0.00183491 -0.00185687 -0.00192386 -0.00205413 -0.0022414 -0.00252448 -0.00293921 -0.00347842 -0.00417446 -0.00503517 -0.00610725 -0.00737352 -0.008807 -0.0104081 -0.0121348 -0.0139011 -0.0156214 -0.0171561 -0.0183801 -0.0191297 -0.0192629 -0.01869 -0.0172959 -0.0150633 -0.012087 -0.008488 -0.00445709 -0.000254643 0.00388996 0.00771652 0.0109815 0.0134928 0.015165 0.0159675 0.0159732 0.0153142 0.0141684 0.0127139 0.0111616 0.00964793 0.00828373 0.0071217 0.00619311 0.00550639 0.00510158 0.00498573 0.00519838 0.00574824 0.00664632 0.0078741 0.00938992 0.0110662 0.0127562 0.0142429 0.0153095 0.0157446 0.0154013 0.0141658 0.0120351 0.00910417 0.00554699 0.00157653 -0.00250682 -0.00646109 -0.010051 -0.0130285 -0.0152615 -0.0167054 -0.0173342 -0.0172418 -0.0165395 -0.0153435 -0.0138173 -0.0120954 -0.0103279 -0.00859778 -0.00694224 -0.00543909 -0.00413513 -0.00301027 -0.00206971 -0.00128619 -0.000670455 -0.000188036 0.000189403 0.000476345 0.000698424 0.000867809 0.000993912 0.00110736 0.00120047 0.00128099 0.001357 0.00141022 0.00146869 0.00153006 0.00158971 0.00164952 0.00170749 0.00174957 0.00178307 0.00179745 0.00179169 0.00175764 0.00166885 0.00151298 0.00126252 0.00093022 0.000489732 -8.67377e-05 -0.000818983 -0.00175551 -0.0029069 -0.00428285 -0.00589886 -0.00775467 -0.00984845 -0.0121444 -0.0145912 -0.0171302 -0.0196693 -0.0221484 -0.0244433 -0.0264423 -0.0280356 -0.0290921 -0.0295335 -0.0292408 -0.0281781 -0.0262932 -0.0235999 -0.0201489 -0.0159715 -0.0111905 -0.0059061 -0.000314436 0.00541491 0.0110809 0.0165008 0.0215402 0.0260084 0.0297818 0.0327004 0.0346939 
0 -0.00827991 -0.0164171 -0.0242856 -0.0317672 -0.0388048 -0.0452852 -0.0511049 -0.0561968 -0.0605067 -0.0640096 -0.0666574 -0.0684707 -0.0694241 -0.0695294 -0.068848 -0.0674265 -0.0653372 -0.0626291 -0.0594271 -0.0558088 -0.0518731 -0.047732 -0.0434782 -0.0392184 -0.0350477 -0.0310585 -0.0272976 -0.0238092 -0.0206135 -0.017744 -0.0152048 -0.0130275 -0.0111517 -0.00956439 -0.0082419 -0.00712678 -0.00621972 -0.00545735 -0.00485485 -0.00434296 -0.00393683 -0.00361291 -0.00333847 -0.00312292 -0.00293963 -0.00277909 -0.0026559 -0.00254903 -0.00244473 -0.00235671 -0.00225968 -0.00218906 -0.00211203 -0.00207415 -0.0020424 -0.00204268 -0.00207655 -0.00214314 -0.00227712 -0.00250602 -0.00282286 -0.00326384 -0.00386053 -0.00462085 -0.00558204 -0.0067283 -0.00810157 -0.00969664 -0.0114704 -0.0133267 -0.0152514 -0.0171077 -0.0187739 -0.0200906 -0.0209025 -0.0210411 -0.0204004 -0.0188691 -0.0164745 -0.0132382 -0.00931846 -0.00495797 -0.00038222 0.00413565 0.00827951 0.011847 0.0146195 0.0164596 0.0173738 0.0174142 0.0167193 0.0154992 0.013954 0.0122805 0.0106472 0.0091536 0.00787934 0.00685905 0.00612884 0.00571165 0.00562804 0.0058916 0.00651723 0.00750158 0.00884369 0.0104716 0.0122768 0.0140817 0.015642 0.0167349 0.0171509 0.0166955 0.0153066 0.0129749 0.00975845 0.00588602 0.00159035 -0.00285764 -0.00713982 -0.0109976 -0.0142336 -0.0166593 -0.0182233 -0.0189096 -0.01882 -0.0180563 -0.0167701 -0.0151178 -0.0132683 -0.0113086 -0.00940242 -0.00761938 -0.00600386 -0.00455659 -0.0033264 -0.00228642 -0.0014451 -0.000760588 -0.000213483 0.000195573 0.000511833 0.000770132 0.000961525 0.00111463 0.00123882 0.00131956 0.00140991 0.00147528 0.00155818 0.00163023 0.00170773 0.00177284 0.00182983 0.00188621 0.00193255 0.00195354 0.00196555 0.0019244 0.00183776 0.00170771 0.00148168 0.00118429 0.000754837 0.000210283 -0.000500265 -0.00138632 -0.00249107 -0.00384407 -0.00542342 -0.00725 -0.0093119 -0.0115843 -0.0140231 -0.0165821 -0.0191592 -0.0216772 -0.024034 -0.0261485 -0.0278868 -0.029133 -0.0297786 -0.0297246 -0.0289555 -0.0274188 -0.0251288 -0.0220941 -0.0183816 -0.0140732 -0.00927684 -0.00416133 0.00114875 0.00647919 0.0116621 0.0165417 0.0209972 0.0249155 0.0281653 0.0306783 0.0323863 
0 -0.00834704 -0.0165779 -0.0245291 -0.0321286 -0.0392721 -0.045902 -0.0518882 -0.0571862 -0.0617569 -0.0655203 -0.0684707 -0.0705861 -0.0718914 -0.0723616 -0.0720521 -0.0710035 -0.0692277 -0.0668089 -0.0638341 -0.0604004 -0.0565668 -0.0524433 -0.0481423 -0.0437588 -0.0394092 -0.03518 -0.0311332 -0.0273353 -0.0238246 -0.0206331 -0.0177815 -0.0152741 -0.0130935 -0.0112212 -0.00966569 -0.00836223 -0.00726727 -0.00636112 -0.0056143 -0.00499924 -0.0045056 -0.0041126 -0.00378687 -0.00352137 -0.00329331 -0.00309943 -0.00294669 -0.00282426 -0.00270548 -0.00259128 -0.00249726 -0.0024063 -0.00233194 -0.00228458 -0.00224098 -0.00224021 -0.0022792 -0.0023561 -0.00251112 -0.00274589 -0.00309446 -0.00359168 -0.00423425 -0.00505888 -0.00609364 -0.00736834 -0.00886651 -0.0105642 -0.0124651 -0.0145012 -0.0165819 -0.0185887 -0.0203677 -0.0217785 -0.0226318 -0.0227607 -0.0220667 -0.0204227 -0.0178293 -0.0143753 -0.0101833 -0.00547821 -0.00054937 0.00432209 0.00881844 0.0126695 0.0156566 0.0176717 0.0186886 0.0187773 0.01809 0.0168253 0.0151831 0.0133957 0.0116268 0.0100095 0.00863477 0.00754789 0.00677381 0.00635183 0.00628429 0.00660161 0.00731178 0.00840628 0.00985884 0.0116041 0.013499 0.0153767 0.0169977 0.0181151 0.0184935 0.0179553 0.0163936 0.0138139 0.0103309 0.00615614 0.00152849 -0.00322122 -0.00780227 -0.0119555 -0.015409 -0.0180089 -0.0197058 -0.0204565 -0.0203624 -0.0195487 -0.0181565 -0.0163783 -0.0143684 -0.0122821 -0.01024 -0.00828942 -0.00651839 -0.00496927 -0.00363088 -0.0025013 -0.00156841 -0.000829952 -0.000241558 0.000222812 0.000576432 0.000853588 0.00105906 0.001222 0.00136486 0.00146229 0.00154825 0.00163492 0.00171353 0.00179692 0.00187431 0.00193543 0.00199388 0.00204768 0.0020819 0.00209933 0.00209175 0.00202048 0.00188461 0.00168201 0.00140085 0.00101559 0.000500695 -0.000178474 -0.00104699 -0.00210252 -0.003397 -0.00493501 -0.00671226 -0.00873978 -0.0109915 -0.0134111 -0.0159379 -0.0185233 -0.0210813 -0.0234917 -0.0256692 -0.0274988 -0.0288707 -0.0296885 -0.0298365 -0.0292819 -0.0279948 -0.0260067 -0.0233231 -0.0199971 -0.0161192 -0.0117614 -0.0071026 -0.00227082 0.00258593 0.00737348 0.0119377 0.0161419 0.0199254 0.0231664 0.0258269 0.0278478 0.0292298 
0 -0.00825974 -0.0164266 -0.024361 -0.0319527 -0.0391265 -0.0458059 -0.0518957 -0.0573603 -0.0621481 -0.0661823 -0.0694241 -0.0718914 -0.0735832 -0.0744722 -0.0745919 -0.0739596 -0.0725916 -0.0705363 -0.0678917 -0.0647166 -0.0610648 -0.0570535 -0.0527949 -0.0483861 -0.0439255 -0.0395097 -0.0352212 -0.0311456 -0.0273356 -0.0238295 -0.0206408 -0.0178027 -0.0152907 -0.0131211 -0.0112999 -0.00975538 -0.00845984 -0.00737436 -0.00649717 -0.00576065 -0.00515916 -0.00467171 -0.00426657 -0.00394668 -0.00367828 -0.00344528 -0.00326106 -0.00310535 -0.00295632 -0.00283262 -0.00272963 -0.00264895 -0.00256338 -0.00250344 -0.00245102 -0.00244909 -0.00249595 -0.00258309 -0.0027489 -0.00301397 -0.00338441 -0.00390224 -0.0046021 -0.00550804 -0.00664827 -0.00801424 -0.00961875 -0.0114561 -0.0135006 -0.0156578 -0.0178802 -0.0200197 -0.0219229 -0.0234254 -0.0243342 -0.0244613 -0.0236985 -0.0219286 -0.0191736 -0.0154814 -0.0110014 -0.00599113 -0.00072933 0.00447122 0.00926026 0.0133916 0.0166296 0.0188284 0.0199738 0.0201224 0.0194253 0.0181086 0.0163921 0.0145011 0.0126247 0.0108974 0.00942304 0.0082617 0.00745407 0.00702677 0.00699371 0.00736913 0.00815782 0.00934842 0.010914 0.012764 0.0147618 0.0167148 0.0183632 0.0194622 0.0197765 0.0191077 0.0173811 0.0146006 0.0108571 0.00639244 0.00146195 -0.00361381 -0.00849344 -0.0128933 -0.0165712 -0.0193419 -0.0211453 -0.0219439 -0.0218443 -0.0209739 -0.0194997 -0.0176174 -0.0154974 -0.0132524 -0.0110489 -0.00896371 -0.00706432 -0.00537235 -0.00391862 -0.00269847 -0.00171313 -0.000915815 -0.000266266 0.000241042 0.000630867 0.000932402 0.0011496 0.00132709 0.00148371 0.00159593 0.0017079 0.00180034 0.00188941 0.00196401 0.00203675 0.00210067 0.00216426 0.00221654 0.00223236 0.0022142 0.00217731 0.00206978 0.00188802 0.00162946 0.00125825 0.00077872 0.000134586 -0.000686887 -0.00172295 -0.00296994 -0.0044641 -0.00620909 -0.00817424 -0.0103763 -0.0127768 -0.0152919 -0.0178436 -0.0203835 -0.0228222 -0.0250511 -0.0269526 -0.028417 -0.0293337 -0.029638 -0.0292658 -0.0281909 -0.0264318 -0.0240077 -0.0209784 -0.017431 -0.0134799 -0.00922125 -0.00481123 -0.000405338 0.00389884 0.00802137 0.0118525 0.0152972 0.0183174 0.020849 0.022862 0.0243712 0.0253935 
0 -0.00804794 -0.0160318 -0.0238209 -0.031309 -0.0384158 -0.0450751 -0.0512002 -0.0567644 -0.0617207 -0.0659862 -0.0695294 -0.0723616 -0.0744722 -0.0758109 -0.0763982 -0.0762507 -0.0753659 -0.0737727 -0.0715406 -0.0687152 -0.0653447 -0.0615459 -0.0574231 -0.0530583 -0.0485478 -0.0440065 -0.0395338 -0.0352204 -0.0311259 -0.0272987 -0.0237809 -0.0206128 -0.0177822 -0.0152993 -0.0131755 -0.0113542 -0.00981411 -0.00853365 -0.00749367 -0.00661779 -0.00588694 -0.00528844 -0.00479888 -0.00441613 -0.00409714 -0.00382183 -0.00359767 -0.0034104 -0.00323702 -0.00309335 -0.00298112 -0.00288953 -0.00279871 -0.00273138 -0.00267726 -0.00267465 -0.00272332 -0.00281365 -0.0029895 -0.00327485 -0.00368695 -0.0042573 -0.00501022 -0.00597467 -0.00719119 -0.00866083 -0.0103796 -0.0123371 -0.0145164 -0.0168258 -0.0191848 -0.0214427 -0.0234439 -0.0250247 -0.0259786 -0.0261095 -0.0252904 -0.0234045 -0.0204693 -0.0165578 -0.0118198 -0.00651614 -0.000945873 0.00456146 0.00965307 0.0140522 0.0175197 0.0199062 0.021183 0.0214046 0.020729 0.0193789 0.0175893 0.0156001 0.0136158 0.0117885 0.0102358 0.00902037 0.00818354 0.00775099 0.00773905 0.00816544 0.00903925 0.0103394 0.0120215 0.0139781 0.016054 0.0180467 0.0197025 0.0207654 0.0209971 0.0202018 0.0182978 0.0152953 0.011308 0.0065693 0.00134743 -0.00402036 -0.00918126 -0.0138331 -0.0177063 -0.0206229 -0.0225229 -0.0233772 -0.0232845 -0.0223794 -0.020829 -0.0188358 -0.0165779 -0.0141963 -0.0118515 -0.00962506 -0.00759668 -0.00579856 -0.00424314 -0.00292392 -0.0018489 -0.000985878 -0.00029168 0.000255261 0.000677005 0.00100252 0.00124004 0.00143757 0.00161034 0.00173667 0.00185493 0.00195962 0.00205456 0.00213318 0.00220259 0.00226455 0.00233062 0.00237733 0.00237246 0.00231955 0.00223808 0.00208389 0.00184778 0.00151483 0.00104707 0.000437142 -0.000354223 -0.00133876 -0.00254212 -0.00397252 -0.00567105 -0.00762075 -0.00976968 -0.0121104 -0.014604 -0.0171595 -0.0196887 -0.0221253 -0.0243707 -0.0263135 -0.0278427 -0.0288524 -0.029249 -0.0289964 -0.0280715 -0.0264903 -0.0242855 -0.0214919 -0.0181899 -0.0145176 -0.0106206 -0.00659345 -0.00257681 0.00130248 0.00496066 0.00834232 0.0113656 0.013984 0.0162121 0.0180179 0.0194005 0.0203988 0.0210633 
0 -0.00773063 -0.015414 -0.0229293 -0.0302066 -0.037159 -0.0437356 -0.049839 -0.055445 -0.0605253 -0.0649974 -0.068848 -0.0720521 -0.0745919 -0.0763982 -0.0774868 -0.0778758 -0.0775261 -0.0764553 -0.0746985 -0.0723071 -0.0693185 -0.0658294 -0.0619293 -0.0576865 -0.0532108 -0.0486281 -0.0440418 -0.0395366 -0.0351842 -0.0310538 -0.0272239 -0.023726 -0.0205682 -0.0177529 -0.0153067 -0.0131957 -0.0113866 -0.00988139 -0.00863399 -0.00758938 -0.00671334 -0.00599501 -0.00540991 -0.00493954 -0.00454584 -0.00421791 -0.00395717 -0.0037489 -0.00355856 -0.00338517 -0.00325079 -0.00312913 -0.00302898 -0.00295475 -0.00290569 -0.00290619 -0.00295413 -0.00304803 -0.00324166 -0.00355341 -0.00400713 -0.00462422 -0.00542311 -0.00645009 -0.00773661 -0.00930313 -0.0111346 -0.0132189 -0.0155323 -0.0179894 -0.0204708 -0.0228452 -0.024941 -0.0265923 -0.0275771 -0.0276969 -0.0268131 -0.0248242 -0.0217285 -0.0176216 -0.0126464 -0.00706101 -0.0011956 0.00460443 0.00998892 0.0146461 0.0183363 0.0209103 0.0223149 0.0226125 0.02197 0.0206086 0.018773 0.0167148 0.0146368 0.0127116 0.0110708 0.0097939 0.00892775 0.00850624 0.00853506 0.00902938 0.00999042 0.0113898 0.0131657 0.0152104 0.0173488 0.0193708 0.0210238 0.022038 0.0221666 0.0212306 0.019137 0.0159053 0.0116766 0.00667258 0.00117566 -0.00445354 -0.00986294 -0.0147397 -0.0187929 -0.0218585 -0.0238597 -0.0247719 -0.0246836 -0.0237418 -0.0221184 -0.0200287 -0.0176377 -0.0151215 -0.012633 -0.0102724 -0.00812359 -0.00622485 -0.00456587 -0.00315764 -0.00199573 -0.00106452 -0.00031872 0.00027284 0.000726609 0.00107775 0.00134504 0.00156664 0.0017522 0.00188467 0.0019923 0.00210454 0.00220612 0.00230447 0.00238171 0.00244092 0.00249499 0.00251988 0.00248706 0.00240394 0.00227228 0.00205608 0.00173882 0.00130321 0.00073029 -1.77694e-05 -0.000959619 -0.00212488 -0.00351248 -0.00513339 -0.00702855 -0.0091612 -0.0114686 -0.0139078 -0.0164337 -0.0189577 -0.0213924 -0.0236519 -0.0256242 -0.0271827 -0.0282468 -0.028732 -0.0285834 -0.027781 -0.0263197 -0.0242639 -0.0216604 -0.0185877 -0.0151295 -0.0114587 -0.00773723 -0.00405118 -0.00053246 0.00274101 0.00569092 0.00829107 0.0104792 0.012255 0.0136932 0.0147892 0.015577 0.0160938 0.0164212 
0 -0.00732747 -0.0145974 -0.0217463 -0.0286946 -0.035423 -0.0418373 -0.047865 -0.0534702 -0.0586269 -0.0632993 -0.0674265 -0.0710035 -0.0739596 -0.0762507 -0.0778758 -0.0788216 -0.0790503 -0.0785324 -0.0773205 -0.0754361 -0.0729121 -0.0698152 -0.0662172 -0.0621949 -0.0578526 -0.0533116 -0.0486781 -0.0440366 -0.0394797 -0.0351048 -0.0309777 -0.0271604 -0.0236474 -0.0204912 -0.0177153 -0.0152916 -0.0132033 -0.011422 -0.00994554 -0.00870444 -0.00767343 -0.00682744 -0.00612853 -0.00555143 -0.00506975 -0.00466677 -0.00435856 -0.00410817 -0.00388051 -0.00368583 -0.00351697 -0.00338917 -0.0032731 -0.00318851 -0.0031403 -0.0031395 -0.00318754 -0.00329305 -0.00349214 -0.00383557 -0.00431645 -0.00496043 -0.00582063 -0.0069232 -0.00830754 -0.00996133 -0.0118921 -0.0141022 -0.0165416 -0.0191124 -0.0217321 -0.0242213 -0.0264152 -0.0281232 -0.029133 -0.0292349 -0.0282839 -0.0261902 -0.0229691 -0.0186692 -0.013464 -0.00762933 -0.00147918 0.00460802 0.0102466 0.0151508 0.0190638 0.0218071 0.0233528 0.0237517 0.0231535 0.0218012 0.0199447 0.0178177 0.0156592 0.0136479 0.0119248 0.0105928 0.00971115 0.00929432 0.0093692 0.0099358 0.0109828 0.0124807 0.0143569 0.016467 0.0186519 0.0206859 0.0223013 0.0232453 0.0232715 0.0221721 0.0198871 0.0164439 0.0119615 0.00669973 0.000959904 -0.00492275 -0.0105615 -0.0156198 -0.0198503 -0.0230569 -0.0251535 -0.0261207 -0.02604 -0.0250539 -0.023359 -0.0211676 -0.0186849 -0.016039 -0.0134095 -0.0109263 -0.00865619 -0.00662561 -0.00486094 -0.00335892 -0.00213699 -0.00114136 -0.000336231 0.000293031 0.000786893 0.00116391 0.00145383 0.00169779 0.00189523 0.0020394 0.00216258 0.00226849 0.00238434 0.00247854 0.00255329 0.00260264 0.00262959 0.00262412 0.00255769 0.00243574 0.00225792 0.00197179 0.00155555 0.00100555 0.000293175 -0.00058637 -0.00169859 -0.00304772 -0.00463881 -0.00646633 -0.00853083 -0.010808 -0.0132099 -0.0156961 -0.0181979 -0.0206202 -0.0228727 -0.0248649 -0.0264739 -0.0275881 -0.0281234 -0.0280532 -0.0273563 -0.0260284 -0.0240953 -0.0216097 -0.0186959 -0.0154361 -0.0119655 -0.00843909 -0.00499903 -0.0017533 0.00121947 0.00381619 0.0060306 0.00783071 0.0092001 0.0101806 0.0108542 0.0112968 0.0115197 0.0116145 0.0116378 
0 -0.00684556 -0.0136476 -0.0203357 -0.0269056 -0.0333048 -0.0394925 -0.0453785 -0.0509321 -0.056146 -0.0609548 -0.0653372 -0.0692277 -0.0725916 -0.0753659 -0.0775261 -0.0790503 -0.0798623 -0.0799626 -0.079352 -0.0780504 -0.0760614 -0.0734304 -0.0702355 -0.0665399 -0.0624288 -0.0580116 -0.0533926 -0.0486841 -0.0439945 -0.0394106 -0.0350324 -0.0308849 -0.0270425 -0.0235393 -0.0204175 -0.0176703 -0.015251 -0.0131926 -0.0114444 -0.00998896 -0.00876851 -0.00775793 -0.00692893 -0.00624156 -0.00566336 -0.00519066 -0.00480425 -0.00449108 -0.00422429 -0.00399103 -0.00382179 -0.00366872 -0.00354965 -0.00344585 -0.00338758 -0.00338421 -0.00344203 -0.00355875 -0.00377891 -0.00412011 -0.00462919 -0.00532813 -0.0062347 -0.00741036 -0.00887682 -0.0106467 -0.0126853 -0.0149839 -0.017525 -0.0202488 -0.0229698 -0.0255632 -0.0278384 -0.0296048 -0.0306318 -0.0307258 -0.0297146 -0.0275283 -0.0241405 -0.0196719 -0.0142665 -0.00818227 -0.00178711 0.00453805 0.010447 0.0155751 0.0196859 0.0226288 0.0243207 0.0248221 0.0243061 0.0229757 0.0210914 0.0189244 0.016692 0.0146031 0.012826 0.0114551 0.0105494 0.0101519 0.010259 0.010884 0.0120253 0.0136253 0.015587 0.0177786 0.0199891 0.0219951 0.0235627 0.0244089 0.0242887 0.0230415 0.0205622 0.016884 0.0121915 0.00669279 0.000703385 -0.00539551 -0.011245 -0.0165107 -0.0208823 -0.0242072 -0.0263806 -0.0274023 -0.0273262 -0.0263137 -0.0245608 -0.022293 -0.0196801 -0.016945 -0.0142051 -0.0115822 -0.00916833 -0.00703137 -0.00516285 -0.0035808 -0.00226716 -0.00121947 -0.000379221 0.000306248 0.000840712 0.00124878 0.00155912 0.00181204 0.00202239 0.00219426 0.00232298 0.00245739 0.00256083 0.00265366 0.00270755 0.00273809 0.00275106 0.00271505 0.00260948 0.00243743 0.00218191 0.00181687 0.00130225 0.000617228 -0.00022653 -0.00128758 -0.00256524 -0.00411423 -0.00590075 -0.00791308 -0.0101375 -0.0125 -0.0149522 -0.0174199 -0.0198427 -0.022104 -0.0240929 -0.0257184 -0.026886 -0.0274919 -0.0274883 -0.0268501 -0.0256108 -0.0237948 -0.0214354 -0.0186355 -0.0154979 -0.0121906 -0.00883192 -0.00558029 -0.00254461 0.000204683 0.00255451 0.00446651 0.00590966 0.00692983 0.0075342 0.0077824 0.00779144 0.0076218 0.00736788 0.0070876 0.00686894 
