0 0 0 0 0 0 0 0 0 0 0 0 0 0 0 0 0 0 0 0 0 0 0 0 0 0 0 0 0 0 0 0 0 0 0 0 0 0 0 0 0 0 0 0 0 0 0 0 0 0 0 0 0 0 0 0 0 0 0 0 0 0 0 0 0 0 0 0 0 0 0 0 0 0 0 0 0 0 0 0 0 0 0 0 0 0 0 0 0 0 0 0 0 0 0 0 0 0 0 0 0 0 0 0 0 0 0 0 0 0 0 0 0 0 0 0 0 0 0 0 0 0 0 0 0 0 0 0 0 0 0 0 0 0 0 0 0 0 0 0 0 0 0 0 0 0 0 0 0 0 0 0 0 0 0 0 0 0 0 0 0 0 0 0 0 0 0 0 0 0 0 0 0 0 0 0 0 0 0 0 0 0 0 0 0 0 0 0 0 0 0 0 0 0 0 0 0 0 0 0 
0 1.72269e-05 5.65739e-05 0.000110333 0.000146241 0.00017453 0.000202077 0.000249809 0.000316768 0.000379003 0.00043097 0.000486783 0.000576488 0.000687485 0.000807983 0.000936324 0.00108045 0.00126449 0.00148707 0.00174081 0.00201112 0.00229505 0.00260125 0.00292294 0.00324563 0.00353016 0.00375687 0.00391435 0.00397154 0.00391744 0.00373219 0.00339871 0.00290857 0.00227173 0.00150931 0.000630527 -0.000316707 -0.0012961 -0.00227565 -0.00321597 -0.00409271 -0.00486439 -0.0055083 -0.00600885 -0.00635976 -0.00655985 -0.00662948 -0.0065962 -0.00646824 -0.00624871 -0.00594451 -0.00556303 -0.00511709 -0.00462052 -0.00407084 -0.00349057 -0.00288609 -0.00225543 -0.0016125 -0.000984396 -0.000389839 0.000139992 0.000594549 0.000950256 0.00120103 0.00135961 0.00141137 0.00136612 0.00125389 0.00110167 0.000929773 0.000758494 0.000603112 0.000475556 0.000369208 0.000295105 0.000232335 0.000186548 0.000160102 0.000142241 0.0001244 0.000113945 0.000103573 0.000100789 9.53275e-05 9.32106e-05 8.7827e-05 8.61345e-05 8.9708e-05 9.1115e-05 8.93852e-05 9.10696e-05 8.35443e-05 7.8609e-05 7.41493e-05 7.24884e-05 7.84635e-05 8.64754e-05 8.98688e-05 9.00681e-05 8.53029e-05 8.51955e-05 8.29456e-05 8.40559e-05 8.76372e-05 9.06743e-05 9.95627e-05 0.000108948 0.000108954 0.000113284 0.000112343 0.000113974 0.000121376 0.000130811 0.000143476 0.000159793 0.00016955 0.000179027 0.000183471 0.000199939 0.00021473 0.000223071 0.000226896 0.000226386 0.000231699 0.000264874 0.000310204 0.000385183 0.000494273 0.000635979 0.000796616 0.000968307 0.00113266 0.00126507 0.0013418 0.00134567 0.00124604 0.00103919 0.000722024 0.000293438 -0.000220588 -0.000795147 -0.00140153 -0.0020312 -0.00267062 -0.00329203 -0.00387576 -0.00443083 -0.00493588 -0.00537811 -0.00575599 -0.00606674 -0.00630184 -0.00644398 -0.00647276 -0.00638919 -0.00618085 -0.00582976 -0.00533312 -0.00468949 -0.00391189 -0.00301777 -0.00206257 -0.00108211 -0.000107965 0.000827817 0.00170924 0.0024895 0.00313543 0.00362167 0.00394185 0.00412472 0.0041946 0.00416177 0.00401639 0.00378092 0.0034964 0.00318854 0.00289303 0.00260927 0.00232445 0.00204727 0.00180194 0.00160912 0.00144808 0.00130721 0.00117471 0.00105898 0.000980418 0.00092383 0.000876981 0.000820451 0.000772409 0.000745059 0.000732353 0.000722215 0.000695877 0.000677869 0.000670421 0.000676717 
0 5.65739e-05 0.000138587 0.000216181 0.000295486 0.000363296 0.000443542 0.000525802 0.000632949 0.000754217 0.000865793 0.00100065 0.00116137 0.00136815 0.00160174 0.00187707 0.00218909 0.00255275 0.00298953 0.00348813 0.00404335 0.00462493 0.00523304 0.00585405 0.00647413 0.00702529 0.00747295 0.00776503 0.00785688 0.00772124 0.00733639 0.00667701 0.00569384 0.00443892 0.00291553 0.00119192 -0.000666503 -0.00258717 -0.00450804 -0.00637677 -0.00810732 -0.00964013 -0.0109112 -0.0119014 -0.0126052 -0.0130247 -0.0131874 -0.013146 -0.0128765 -0.012438 -0.0118379 -0.0110981 -0.0102279 -0.00923782 -0.00817161 -0.0070215 -0.00579806 -0.00452003 -0.00324467 -0.00200233 -0.000812893 0.000274771 0.00118401 0.00191859 0.00242263 0.00271609 0.0028058 0.00271628 0.00249316 0.00219336 0.00185848 0.00153253 0.00122117 0.000959032 0.000756707 0.000583502 0.000451903 0.000370351 0.000315178 0.000277771 0.000258295 0.000218839 0.000198731 0.00019322 0.00018745 0.000185041 0.000185635 0.000172465 0.000174162 0.000161159 0.000160533 0.000159715 0.000159595 0.000161293 0.000159395 0.000148705 0.000161401 0.000154121 0.000157011 0.000156994 0.000152446 0.000160854 0.000176996 0.000172888 0.000183522 0.000177855 0.000183204 0.000192319 0.000201021 0.000210623 0.000226042 0.00023195 0.000251381 0.000255928 0.000279957 0.000308112 0.000329783 0.00035176 0.000375563 0.000387865 0.000421008 0.000437125 0.000438308 0.000450833 0.000483709 0.000535249 0.000634592 0.000779222 0.00098127 0.0012597 0.00158302 0.00192913 0.00226379 0.00254375 0.0027133 0.00270516 0.0024833 0.00206867 0.00141089 0.000563123 -0.000449804 -0.00159721 -0.00283357 -0.00410294 -0.00536787 -0.00658621 -0.00776356 -0.00885677 -0.0098562 -0.0107369 -0.0114924 -0.0121121 -0.0125475 -0.0128096 -0.0128546 -0.0126835 -0.0122625 -0.0115512 -0.0105439 -0.00926674 -0.00772388 -0.00598686 -0.00411405 -0.00218531 -0.000256713 0.00160726 0.00333014 0.00486283 0.00612431 0.00710943 0.00778099 0.00817254 0.00831999 0.00824666 0.00796635 0.0075319 0.00700008 0.00640262 0.00579954 0.00521383 0.00465547 0.00411582 0.00364392 0.00323547 0.00289529 0.00260984 0.00235901 0.00215001 0.00197443 0.00185481 0.00174865 0.00165919 0.00157587 0.00151205 0.00147635 0.00143769 0.001407 0.00137026 0.00135749 0.00134957 
0 0.000110333 0.000216181 0.000319233 0.000416813 0.000553801 0.000687361 0.000812092 0.000953749 0.00112382 0.00132484 0.00154106 0.00179756 0.00208624 0.00243699 0.00286722 0.00335585 0.00391614 0.00455236 0.00528732 0.00610758 0.00697831 0.00787771 0.00877383 0.00964928 0.0104262 0.0110459 0.0114507 0.0115452 0.0113086 0.0107063 0.00969662 0.00824754 0.00638437 0.00416996 0.00164478 -0.00106563 -0.00387146 -0.00669112 -0.00941467 -0.0119561 -0.0141951 -0.0160675 -0.0175423 -0.0186117 -0.0192696 -0.0195522 -0.0195121 -0.0191656 -0.0185394 -0.0176751 -0.016603 -0.015347 -0.0139235 -0.0123189 -0.0105899 -0.00876809 -0.0068676 -0.00494072 -0.00306115 -0.00127554 0.000333568 0.00172249 0.00281509 0.003579 0.00404324 0.00418389 0.00404402 0.00371704 0.00328094 0.00279017 0.00229516 0.00183478 0.00144425 0.00111659 0.000881975 0.000693439 0.000561783 0.000484651 0.000428196 0.000370557 0.000330867 0.000299236 0.000294623 0.000288382 0.000288532 0.000274683 0.000261734 0.000257519 0.000248137 0.000239237 0.000248163 0.000242533 0.00024436 0.000240587 0.000233216 0.000236969 0.000240727 0.000237548 0.000236032 0.000233143 0.000249671 0.000260725 0.000270027 0.000275142 0.000270396 0.000279551 0.000296514 0.000300048 0.000321972 0.00033549 0.000352177 0.000376733 0.000398568 0.00042607 0.000464735 0.000493233 0.000525997 0.000548392 0.000596389 0.000636617 0.000656442 0.000666474 0.000673891 0.000706269 0.000813757 0.000956359 0.0011743 0.00148453 0.00189175 0.0023672 0.00288779 0.00339465 0.00380245 0.0040279 0.0040124 0.0036816 0.00303589 0.00207191 0.000790145 -0.000747235 -0.00247692 -0.00431625 -0.00622269 -0.00813983 -0.00998051 -0.0116955 -0.0133121 -0.0147853 -0.0160768 -0.017167 -0.0180364 -0.0186633 -0.0190159 -0.01905 -0.0187615 -0.0181039 -0.0170223 -0.0155197 -0.0136194 -0.0113731 -0.00882905 -0.00610629 -0.00328158 -0.000447306 0.00227375 0.0048004 0.00701702 0.00887606 0.0103433 0.011381 0.0120065 0.0122492 0.0121612 0.0117773 0.0111856 0.0104577 0.00960732 0.00871827 0.00784543 0.00701593 0.00624837 0.00555136 0.00494016 0.00439814 0.00395549 0.00359356 0.00328119 0.0030215 0.00279844 0.00263531 0.00250072 0.0023921 0.00229544 0.00221028 0.00215609 0.0021066 0.00208279 0.00205074 0.00202626 
0 0.000146241 0.000295486 0.000416813 0.000561193 0.00073195 0.000928017 0.00110181 0.00129503 0.00153083 0.00179544 0.00211686 0.00247253 0.00288286 0.00335027 0.00392452 0.00459591 0.0053578 0.00621729 0.00716626 0.00821938 0.00934278 0.0105105 0.0116609 0.0127498 0.0136821 0.0144203 0.014881 0.014965 0.0146019 0.0137494 0.0123815 0.0104503 0.00804925 0.0051879 0.00195443 -0.00154577 -0.005176 -0.00880101 -0.0123044 -0.0155456 -0.0184339 -0.0208766 -0.022834 -0.0242801 -0.0252024 -0.0256364 -0.025663 -0.0252561 -0.0245105 -0.0234478 -0.022099 -0.020475 -0.0185932 -0.0165205 -0.0142582 -0.0118314 -0.00928176 -0.00671712 -0.00421228 -0.00182445 0.000349415 0.00218039 0.003655 0.0046859 0.00530164 0.00551326 0.00536621 0.00494655 0.00436367 0.00370356 0.00305347 0.00244155 0.00192582 0.00152072 0.00118275 0.00092391 0.000757116 0.000645667 0.000569389 0.000522491 0.000450668 0.000409593 0.000393345 0.000376745 0.000366975 0.000364074 0.000346129 0.00035325 0.000338338 0.000336731 0.000332363 0.000324728 0.000319183 0.00031157 0.000296911 0.000321626 0.000320796 0.000330624 0.000330745 0.000320675 0.000328621 0.000348144 0.000342223 0.000360513 0.000359751 0.000378871 0.000401947 0.000418564 0.000433279 0.000453693 0.000463939 0.000499172 0.000517228 0.000566377 0.000622735 0.000666722 0.000709292 0.000752458 0.000781516 0.000840103 0.000871369 0.00087893 0.000903711 0.000966162 0.00107544 0.00127593 0.00157356 0.00198924 0.00254336 0.00317943 0.00385186 0.00449264 0.00501785 0.00532029 0.00527891 0.0048224 0.00397017 0.00264703 0.000933005 -0.00111454 -0.00342312 -0.00590033 -0.00844464 -0.0109775 -0.0134085 -0.0157191 -0.0178352 -0.0197305 -0.021367 -0.0227395 -0.0238361 -0.0245864 -0.0249929 -0.0249755 -0.0245256 -0.0235939 -0.0221327 -0.0201524 -0.0177013 -0.0147901 -0.0115235 -0.00800211 -0.00436301 -0.000720873 0.00278935 0.00602608 0.00890297 0.011312 0.0132484 0.0146397 0.0155066 0.0158894 0.0158379 0.0154074 0.0147046 0.0138151 0.0127674 0.0116494 0.0105257 0.00945216 0.00843992 0.00754158 0.0067253 0.00599879 0.00538247 0.0048747 0.0044643 0.00410048 0.00380358 0.00354937 0.00336559 0.00321839 0.00308759 0.0029785 0.00288063 0.0028288 0.00278528 0.00275501 0.00271468 
0 0.00017453 0.000363296 0.000553801 0.00073195 0.000944792 0.0011713 0.00141149 0.00168162 0.00197989 0.00231664 0.00271101 0.00319254 0.00373063 0.00433802 0.00505833 0.00590249 0.00688008 0.00796202 0.00913948 0.0104106 0.0117605 0.0131571 0.0145141 0.0157583 0.0167913 0.0175651 0.0180177 0.0180111 0.0174741 0.0163484 0.0146041 0.0122406 0.00932119 0.00591013 0.00204508 -0.00212763 -0.006459 -0.0107927 -0.014961 -0.018842 -0.022308 -0.025279 -0.0277007 -0.0295325 -0.0307449 -0.0313751 -0.0314907 -0.0311155 -0.0302943 -0.0290785 -0.0275006 -0.0255823 -0.023344 -0.0207913 -0.0179916 -0.0149925 -0.0118303 -0.00860647 -0.00544843 -0.00245213 0.000251435 0.00257325 0.00441453 0.00572309 0.00652744 0.0068105 0.00663432 0.00613124 0.00542617 0.0046218 0.00381055 0.00305957 0.00242094 0.00189302 0.00149498 0.00118029 0.000959207 0.000821554 0.000722074 0.000633018 0.000564556 0.000514181 0.000497145 0.000480054 0.000469566 0.000448731 0.00043252 0.000431276 0.000422258 0.000413321 0.00041805 0.00040572 0.000400434 0.000390607 0.000381655 0.000393915 0.000404727 0.000407229 0.000406087 0.000399655 0.00041559 0.00042898 0.000438462 0.00044905 0.000451808 0.000473539 0.000503799 0.000515792 0.00054119 0.000559457 0.000583483 0.000623579 0.000663983 0.00071553 0.000778203 0.000827543 0.000877972 0.000918627 0.000985283 0.00104892 0.00108564 0.00110694 0.0011293 0.00119326 0.00135991 0.00160649 0.00198079 0.00250799 0.00318742 0.00396918 0.00480276 0.00559842 0.00622831 0.00656147 0.0064906 0.00590992 0.00480536 0.0031602 0.000993744 -0.00159587 -0.0044977 -0.00757987 -0.0107569 -0.0139328 -0.01697 -0.0197825 -0.0223623 -0.0246492 -0.0265984 -0.0281976 -0.0294337 -0.0302763 -0.0306741 -0.0305532 -0.0298964 -0.0286617 -0.0268118 -0.0243743 -0.0213884 -0.0179024 -0.0139841 -0.00978766 -0.00544561 -0.00110326 0.00306835 0.00694768 0.0103923 0.0133299 0.015708 0.0174634 0.0186065 0.0191755 0.0192332 0.0188266 0.0180737 0.0170774 0.0158788 0.014583 0.0132593 0.0119544 0.0107184 0.00959533 0.00859676 0.00769066 0.00690401 0.00624123 0.00569132 0.00524325 0.00485519 0.00453422 0.00426744 0.00406431 0.00390414 0.00376575 0.00365478 0.00355757 0.00350239 0.00345517 0.00342192 
0 0.000202077 0.000443542 0.000687361 0.000928017 0.0011713 0.00144331 0.00174165 0.00209034 0.00247835 0.0028924 0.00338352 0.00396935 0.00465242 0.00542197 0.00631591 0.00734134 0.00850264 0.00979398 0.0111909 0.0126812 0.0142235 0.0157756 0.0172572 0.0185935 0.0196729 0.0204355 0.0207893 0.0206194 0.0198498 0.0184353 0.0163504 0.0135721 0.0101979 0.00627155 0.00188304 -0.00283733 -0.007729 -0.0126246 -0.0173644 -0.0217842 -0.0257649 -0.0292069 -0.0320554 -0.0342667 -0.0358075 -0.0366946 -0.0369875 -0.0366761 -0.0358499 -0.0345559 -0.0328271 -0.0306684 -0.0280901 -0.0251418 -0.0218511 -0.0182696 -0.0144768 -0.010622 -0.00683605 -0.00322901 5.51194e-05 0.00285783 0.00510565 0.00670357 0.00767045 0.00802918 0.00785655 0.00728419 0.00646505 0.00552434 0.00457708 0.00368726 0.0029231 0.00230376 0.00180393 0.0014224 0.00116595 0.000995255 0.000872613 0.000779373 0.000679788 0.000617968 0.000592706 0.000573317 0.000559762 0.000546435 0.000521061 0.000515087 0.000493975 0.000485701 0.000484821 0.000483136 0.000483023 0.000477175 0.000462961 0.000477124 0.000473404 0.000475215 0.000473068 0.000471404 0.000493142 0.000523451 0.00052998 0.0005446 0.000542049 0.000559946 0.000587077 0.000611437 0.000640871 0.000675787 0.00070705 0.000757766 0.000794536 0.000855005 0.000925177 0.000987018 0.00105059 0.00111401 0.00117141 0.00124507 0.00128843 0.00131055 0.00135533 0.00145774 0.00164583 0.00195397 0.00240465 0.00302686 0.00383225 0.00476002 0.00574097 0.00666807 0.00740393 0.00778524 0.0076527 0.00690869 0.00555238 0.00353242 0.000922228 -0.00218704 -0.00567739 -0.00940644 -0.013228 -0.0170058 -0.0205948 -0.0239249 -0.0269211 -0.0295404 -0.0317412 -0.0335137 -0.0348422 -0.0356682 -0.0359746 -0.0356857 -0.0347863 -0.033234 -0.0309983 -0.0281154 -0.0246516 -0.0206443 -0.0161989 -0.0114417 -0.00652881 -0.00161294 0.00312984 0.00753393 0.0114826 0.0148721 0.0176702 0.0197912 0.0212337 0.0220344 0.0222486 0.021939 0.0212205 0.0201932 0.0189125 0.0174902 0.0160109 0.0145337 0.0130952 0.0117691 0.0105648 0.00948633 0.00853798 0.0077141 0.00702016 0.00644024 0.00597189 0.0055711 0.00523605 0.00495917 0.00474538 0.0045875 0.0044473 0.00432916 0.00423311 0.00417805 0.00414413 
0 0.000249809 0.000525802 0.000812092 0.00110181 0.00141149 0.00174165 0.00210134 0.00252344 0.0030101 0.00354569 0.0041488 0.00485303 0.00567624 0.00662908 0.00771872 0.00892701 0.01026 0.0117317 0.0133303 0.0150091 0.0166944 0.0183312 0.0198591 0.0212096 0.0222677 0.0229364 0.0231201 0.0227145 0.0216723 0.0199592 0.0175413 0.0144056 0.0106266 0.00628435 0.00147113 -0.003667 -0.00897706 -0.0143019 -0.0194749 -0.0243345 -0.0287421 -0.0325985 -0.0358443 -0.0384299 -0.0403129 -0.0414994 -0.0420232 -0.04189 -0.0411527 -0.039864 -0.038053 -0.0357253 -0.0328844 -0.0295565 -0.0257967 -0.0216774 -0.0172906 -0.0127957 -0.00836348 -0.00414385 -0.000307293 0.00299061 0.00563259 0.0075383 0.00871488 0.00918113 0.00902454 0.00840313 0.00748481 0.0064167 0.00532625 0.00430555 0.00342286 0.00269862 0.00212875 0.00169311 0.00138917 0.00118745 0.00103942 0.000916675 0.000809659 0.000736737 0.000700943 0.000675041 0.000654487 0.000631862 0.000610889 0.000603948 0.000589941 0.000580238 0.000577923 0.000569503 0.000563056 0.000552858 0.000544202 0.000556828 0.000564757 0.000568229 0.00056651 0.0005649 0.000583933 0.000607108 0.00061914 0.000631856 0.000639355 0.000665403 0.000701183 0.000728377 0.000759534 0.000791661 0.000829155 0.000883453 0.000938094 0.00100743 0.00108597 0.00115755 0.00122822 0.00129636 0.00137258 0.00144978 0.00149854 0.00153059 0.0015818 0.00170068 0.00193492 0.00230209 0.00283678 0.00356917 0.00449608 0.00555748 0.00667087 0.00771256 0.00851515 0.00889716 0.00869466 0.0077934 0.00616485 0.00378681 0.000710753 -0.00294811 -0.0070397 -0.0113897 -0.0158385 -0.0202223 -0.0243611 -0.0281426 -0.0315071 -0.0344014 -0.0367828 -0.0386385 -0.0399553 -0.0407007 -0.0408398 -0.0403188 -0.0391248 -0.0372314 -0.0346202 -0.0313337 -0.0274399 -0.0230013 -0.0181166 -0.0129264 -0.00757905 -0.00223098 0.0029384 0.00777083 0.0121273 0.0159165 0.0190817 0.0215495 0.0233072 0.0243812 0.0248209 0.0246834 0.0240791 0.0231032 0.0218193 0.0203411 0.0187688 0.0171673 0.0155816 0.0140712 0.012674 0.0114123 0.0103022 0.00932693 0.00847289 0.00774667 0.00715256 0.0066692 0.00626066 0.00591106 0.00562883 0.00541782 0.00525403 0.00511217 0.00500075 0.00492556 0.00488304 
0 0.000316768 0.000632949 0.000953749 0.00129503 0.00168162 0.00209034 0.00252344 0.00301897 0.00360111 0.00426292 0.00500137 0.00584732 0.00682357 0.00795189 0.00922571 0.0106216 0.0121398 0.0137883 0.0155478 0.0173523 0.0191227 0.0207973 0.0223169 0.0236002 0.024536 0.0250195 0.0249644 0.0242831 0.0229371 0.0209017 0.0181515 0.0146956 0.0105936 0.00593675 0.000816715 -0.00461808 -0.0102159 -0.0158275 -0.0212956 -0.0264742 -0.0312247 -0.0354461 -0.0390633 -0.042013 -0.044248 -0.0457675 -0.0465844 -0.0467067 -0.0461529 -0.04496 -0.0431408 -0.0406987 -0.0376451 -0.0340034 -0.0298341 -0.0252124 -0.0202524 -0.0151335 -0.0100592 -0.00521922 -0.000814251 0.00298499 0.00603441 0.0082608 0.00965686 0.0102494 0.0101342 0.00947968 0.00847176 0.00728488 0.00606462 0.00492438 0.00393427 0.00311447 0.00246611 0.00196778 0.00161271 0.00137487 0.00120331 0.00106037 0.000943776 0.000857583 0.000806624 0.000770051 0.000740361 0.000712146 0.000694515 0.000686228 0.000677574 0.000667404 0.000661601 0.000649037 0.000636368 0.000622297 0.000617939 0.000629986 0.000646445 0.000652959 0.00065202 0.000650998 0.00066591 0.000684335 0.000700199 0.000712977 0.000730553 0.000763645 0.000805579 0.000838376 0.000870981 0.000903089 0.000946656 0.00100449 0.00107351 0.00115369 0.00124232 0.00132507 0.00140275 0.00147529 0.00155894 0.0016381 0.0016969 0.00174458 0.0018145 0.00195867 0.00223142 0.00265551 0.00327387 0.00411524 0.00516504 0.00635705 0.0075891 0.00872185 0.00957257 0.0099418 0.00965066 0.00857263 0.00665365 0.00388953 0.0003315 -0.00388256 -0.00857504 -0.0135437 -0.0185983 -0.0235456 -0.0281937 -0.0324003 -0.0360904 -0.0391949 -0.0416777 -0.0435345 -0.0447611 -0.0453427 -0.0452402 -0.0444227 -0.0428853 -0.0406253 -0.0376487 -0.0340038 -0.0297538 -0.0249707 -0.0197506 -0.0142446 -0.00860211 -0.00297468 0.00248122 0.00762691 0.0123171 0.0164496 0.0199383 0.0227246 0.0248013 0.0261942 0.0269306 0.0270435 0.0266225 0.025766 0.0245598 0.0231106 0.0215126 0.0198308 0.0181294 0.0164717 0.0149102 0.0134736 0.0121886 0.0110519 0.0100459 0.00917517 0.00844102 0.00784502 0.00735153 0.00693487 0.0065853 0.00630612 0.00609647 0.00593139 0.00580878 0.00571113 0.00564298 
0 0.000379003 0.000754217 0.00112382 0.00153083 0.00197989 0.00247835 0.0030101 0.00360111 0.00428054 0.00505505 0.00595058 0.00696566 0.00811715 0.00940496 0.0108408 0.0124253 0.0141354 0.0159478 0.0178118 0.0196743 0.0214721 0.0231331 0.024578 0.0257059 0.0264197 0.0266403 0.0262826 0.0252895 0.0236128 0.0212446 0.0181847 0.0144493 0.0101099 0.00523011 -7.02402e-05 -0.00566806 -0.0114148 -0.0171731 -0.0228208 -0.0282106 -0.0332224 -0.0377429 -0.0416871 -0.0449837 -0.0475865 -0.0494765 -0.0506512 -0.0510856 -0.0507939 -0.0497788 -0.0480395 -0.0455684 -0.0423665 -0.0384828 -0.0339529 -0.0288598 -0.0233561 -0.0176481 -0.0119516 -0.00649511 -0.00149882 0.00281037 0.00629813 0.00886401 0.0104817 0.0112091 0.0111532 0.0104836 0.0094118 0.00813049 0.00680339 0.0055486 0.0044482 0.00354291 0.00280649 0.0022495 0.00185328 0.00157282 0.00136886 0.00121099 0.00106878 0.000973241 0.000912886 0.000872681 0.000837045 0.000809645 0.000781352 0.000763818 0.000747194 0.00073823 0.000729843 0.000728551 0.000719782 0.00071024 0.000703926 0.000711508 0.000716341 0.000720484 0.000718561 0.000725928 0.000745874 0.000776931 0.000795032 0.000809859 0.000825273 0.000854188 0.000890602 0.000933685 0.000971619 0.00101961 0.00107498 0.0011444 0.00121606 0.00130189 0.00139174 0.00148025 0.00156466 0.00165664 0.00173837 0.0018264 0.00189558 0.00195026 0.00204417 0.0022292 0.00253571 0.00302881 0.0037291 0.00466415 0.00582288 0.00713351 0.0084761 0.00968794 0.0105754 0.0109188 0.0105044 0.00921149 0.0069828 0.00380027 -0.000243359 -0.00500778 -0.0102915 -0.0158774 -0.0215238 -0.0269962 -0.0320948 -0.0366788 -0.0406233 -0.0438718 -0.0463883 -0.0481732 -0.0492331 -0.0495512 -0.049127 -0.047953 -0.0460423 -0.0434119 -0.0400861 -0.0361144 -0.0315704 -0.026522 -0.0210897 -0.0153977 -0.0095997 -0.00382865 0.001794 0.00712628 0.0120554 0.0164487 0.0202219 0.0233142 0.025718 0.0274555 0.0285266 0.0289532 0.0287929 0.0281375 0.0270921 0.0257487 0.0241909 0.022487 0.0207105 0.0189549 0.0172645 0.0156787 0.0142151 0.0129009 0.0117489 0.0107376 0.00987066 0.00912886 0.00852414 0.00802721 0.00761276 0.00727018 0.00699011 0.00679216 0.00664113 0.00652875 0.00643766 
0 0.00043097 0.000865793 0.00132484 0.00179544 0.00231664 0.0028924 0.00354569 0.00426292 0.00505505 0.00596935 0.00702164 0.00822889 0.00955663 0.011015 0.0126153 0.0143701 0.0162408 0.0181588 0.0200756 0.021941 0.0236997 0.0252632 0.02654 0.0274248 0.0278563 0.027748 0.0270505 0.0257032 0.0236907 0.0210137 0.0176742 0.0137328 0.00920695 0.00421431 -0.00116285 -0.00679075 -0.0125541 -0.0183505 -0.0240581 -0.0295694 -0.0347435 -0.039482 -0.0437002 -0.0473252 -0.0503035 -0.0526041 -0.0541711 -0.0550103 -0.0550505 -0.0542937 -0.0527188 -0.0503111 -0.0470623 -0.0429662 -0.0381121 -0.0326093 -0.0266169 -0.0203378 -0.0140356 -0.0079761 -0.00241883 0.00243399 0.00635655 0.00928093 0.0111651 0.0120519 0.0120672 0.0114179 0.01031 0.00895759 0.00752615 0.00616846 0.00496506 0.00395263 0.00315966 0.00255416 0.00210439 0.00179274 0.0015611 0.00135787 0.00121535 0.0011011 0.00102465 0.000980304 0.000941646 0.000898735 0.000877892 0.000847005 0.000834999 0.0008204 0.000816127 0.000811041 0.000805507 0.000794096 0.000797384 0.000791246 0.000804754 0.000801566 0.000802009 0.000813786 0.000839625 0.00086379 0.000896116 0.000903617 0.000927611 0.000954433 0.000997135 0.0010412 0.00108988 0.00114057 0.00121108 0.00127683 0.00136998 0.00145498 0.00154673 0.00164527 0.00173804 0.00182671 0.0019378 0.00201903 0.00209087 0.00216589 0.00227339 0.00248176 0.00285758 0.00341519 0.00420052 0.00523447 0.00648688 0.00789444 0.00932434 0.0106041 0.0114953 0.0117614 0.0112061 0.00968545 0.00710408 0.00351929 -0.0010239 -0.00634774 -0.0122247 -0.0183916 -0.0245959 -0.030575 -0.0360958 -0.0409573 -0.0450873 -0.0484083 -0.0508882 -0.0525173 -0.0533015 -0.0532887 -0.052464 -0.0508874 -0.048582 -0.0455876 -0.0419389 -0.0376838 -0.0328913 -0.0276783 -0.0221322 -0.0163911 -0.0105557 -0.00474398 0.000925665 0.00634737 0.0113785 0.0159485 0.0199421 0.0233289 0.0260655 0.0281397 0.029555 0.0303283 0.0305103 0.0301585 0.0293599 0.0281895 0.0267392 0.0250849 0.0233215 0.0215125 0.0197349 0.0180162 0.0163951 0.0149157 0.0135958 0.0124472 0.0114255 0.0105467 0.00979937 0.00919825 0.00871149 0.00829747 0.00796435 0.00769683 0.00751381 0.00737204 0.00727867 
0 0.000486783 0.00100065 0.00154106 0.00211686 0.00271101 0.00338352 0.0041488 0.00500137 0.00595058 0.00702164 0.00824754 0.00961057 0.0111191 0.0127623 0.0145368 0.0164343 0.018396 0.0203665 0.0222903 0.0241106 0.0257568 0.0271298 0.0281518 0.0287322 0.0288143 0.0283439 0.0272563 0.0255533 0.0232079 0.0202388 0.0166723 0.0125559 0.00795147 0.00292237 -0.00240907 -0.00797155 -0.0136615 -0.019382 -0.0250517 -0.0305603 -0.0358101 -0.0407046 -0.0451529 -0.049079 -0.052431 -0.0551475 -0.0571678 -0.0584316 -0.0588919 -0.0584837 -0.0571538 -0.0548637 -0.0515981 -0.0474036 -0.0423166 -0.0364385 -0.0299847 -0.0231918 -0.016318 -0.00967058 -0.00352546 0.00183016 0.00621971 0.00952168 0.0116739 0.0127598 0.012905 0.0122873 0.0111526 0.00973241 0.00822367 0.00677312 0.00548094 0.00440382 0.00351821 0.00284943 0.00236196 0.00200313 0.00174421 0.00154527 0.00136941 0.00123968 0.00114118 0.00107459 0.00102054 0.000986961 0.000958107 0.000935691 0.000924937 0.000916343 0.000899871 0.000894537 0.000874739 0.000862761 0.000863563 0.000870555 0.000884858 0.000896489 0.00089758 0.000909508 0.000919542 0.000943502 0.000966697 0.000986981 0.00102095 0.00106251 0.0011056 0.00116301 0.00120752 0.00126263 0.00132915 0.00140654 0.001497 0.00160111 0.00170753 0.00181509 0.001913 0.00201971 0.00210448 0.00219186 0.0022786 0.00236346 0.00251043 0.00277281 0.00317363 0.00380243 0.00467332 0.00579878 0.0071546 0.00865699 0.0101542 0.0114428 0.0123046 0.0124908 0.0117586 0.0099761 0.00705874 0.0030138 -0.0020314 -0.00790216 -0.0143429 -0.0210883 -0.0278169 -0.0342174 -0.0400736 -0.0452095 -0.0494635 -0.0527735 -0.0551138 -0.0564974 -0.0569577 -0.0565242 -0.0552638 -0.0532497 -0.0505343 -0.0471701 -0.0432162 -0.0387268 -0.0337839 -0.0284822 -0.0229368 -0.017228 -0.0114579 -0.00571797 -9.13925e-05 0.00528935 0.0103528 0.0149999 0.0191675 0.0228064 0.0258505 0.0282644 0.030026 0.0311837 0.031758 0.0317802 0.0313055 0.030379 0.0291032 0.0275833 0.0258971 0.0241067 0.0222633 0.0204487 0.0187071 0.0170852 0.0156127 0.0142849 0.0131226 0.0120965 0.0112225 0.0104895 0.00989201 0.00941059 0.00900533 0.0086906 0.00843599 0.00827036 0.00816719 
0 0.000576488 0.00116137 0.00179756 0.00247253 0.00319254 0.00396935 0.00485303 0.00584732 0.00696566 0.00822889 0.00961057 0.01113 0.0128029 0.0146315 0.0165581 0.0185467 0.0205545 0.0225283 0.0244099 0.0261179 0.0275716 0.0286863 0.0293956 0.029608 0.0292976 0.028405 0.0269267 0.0248555 0.022195 0.0189606 0.0151868 0.0109839 0.00636181 0.0014241 -0.00378108 -0.00918419 -0.0147083 -0.0202732 -0.0257938 -0.0312209 -0.0364658 -0.0414552 -0.0460992 -0.0503053 -0.054007 -0.0571414 -0.0596028 -0.0613669 -0.0622823 -0.0622697 -0.0612494 -0.0591727 -0.0560088 -0.0517456 -0.0464774 -0.040329 -0.0334938 -0.0262014 -0.0187736 -0.0115596 -0.00487849 0.0010189 0.00586062 0.00955807 0.012033 0.0133338 0.013599 0.0130528 0.0119231 0.0104686 0.00889 0.00736622 0.00599392 0.00482516 0.00389469 0.00317852 0.00262844 0.00223158 0.00193881 0.00169145 0.00152231 0.0013769 0.00126112 0.00118883 0.00112715 0.00107028 0.00104742 0.00100992 0.0010029 0.000990851 0.000979704 0.000968567 0.000956084 0.000942252 0.000952428 0.000945609 0.000965208 0.000967582 0.00097409 0.000989265 0.00100821 0.00102578 0.0010625 0.00107724 0.00112015 0.00115661 0.0012073 0.00126373 0.0013193 0.00137933 0.00146239 0.00153627 0.00165265 0.00175565 0.00185976 0.00197238 0.00207097 0.00216632 0.00228451 0.00237012 0.0024668 0.00258398 0.00274916 0.00303423 0.00350506 0.00419616 0.00514855 0.00636625 0.00780304 0.00937683 0.0109202 0.0122288 0.0130297 0.0130697 0.0121407 0.0100845 0.0067766 0.002302 -0.00326269 -0.00969103 -0.0166918 -0.0239388 -0.0311156 -0.0379111 -0.0440737 -0.0493598 -0.0536611 -0.056892 -0.0590319 -0.0600948 -0.0601345 -0.0592675 -0.0575387 -0.0550758 -0.0519301 -0.0481922 -0.0439558 -0.0392875 -0.0342565 -0.0289739 -0.0234959 -0.0179164 -0.0122967 -0.0067238 -0.00127152 0.00399645 0.00899166 0.0136818 0.0179549 0.0217904 0.0251037 0.0278393 0.0299839 0.0315488 0.0325391 0.0329554 0.032851 0.032253 0.0312448 0.0299223 0.0283769 0.026647 0.0248137 0.0229515 0.0211332 0.0194042 0.0177761 0.0162893 0.0149564 0.0138034 0.0127915 0.011922 0.0111943 0.0106004 0.0101359 0.00975128 0.00945156 0.00923302 0.00910989 
0 0.000687485 0.00136815 0.00208624 0.00288286 0.00373063 0.00465242 0.00567624 0.00682357 0.00811715 0.00955663 0.0111191 0.0128029 0.014646 0.0166183 0.0186417 0.0206787 0.0226896 0.0246133 0.0263711 0.027876 0.0290613 0.0298488 0.0301819 0.0299867 0.0292432 0.0279385 0.0260602 0.0236505 0.020704 0.0172536 0.0133595 0.00911612 0.00456537 -0.000242653 -0.0052379 -0.0104054 -0.0156873 -0.0210135 -0.0263316 -0.0316021 -0.0367735 -0.0417896 -0.0465638 -0.0510113 -0.0550639 -0.0586179 -0.061556 -0.0637906 -0.0651999 -0.0656464 -0.0650111 -0.0632093 -0.0601944 -0.0559797 -0.0506155 -0.0442208 -0.0370466 -0.0293499 -0.0214395 -0.0136932 -0.00644908 -3.64709e-05 0.00529589 0.00939728 0.0121767 0.0137175 0.0141636 0.0137086 0.0126159 0.0111493 0.0095349 0.00794634 0.00650351 0.0052742 0.00426507 0.0034933 0.00290963 0.00246619 0.00214005 0.00188378 0.0016768 0.00151366 0.00138497 0.00129923 0.00123145 0.00118042 0.00113709 0.00109211 0.00107371 0.00106115 0.00104877 0.00105088 0.00104037 0.00103559 0.00103992 0.00103109 0.0010363 0.00104076 0.00104703 0.00107205 0.0010919 0.00112107 0.00115784 0.00118188 0.0012207 0.00125691 0.00129729 0.00136343 0.00142962 0.00150862 0.00160078 0.0016901 0.00179571 0.00190242 0.00200954 0.0021229 0.00223062 0.00234762 0.00244948 0.00254177 0.00265101 0.00277988 0.00298877 0.00333266 0.00384385 0.00460539 0.00563622 0.00692597 0.008433 0.0100595 0.0116291 0.0129031 0.0136262 0.0135259 0.0123555 0.00996768 0.00626702 0.00130848 -0.0047529 -0.0116891 -0.0191891 -0.0269298 -0.0345328 -0.0416352 -0.0479989 -0.0534018 -0.0576713 -0.0607341 -0.0625867 -0.0632745 -0.0628802 -0.0615075 -0.059285 -0.0563527 -0.0527969 -0.0487187 -0.0442383 -0.0394367 -0.0343861 -0.0291697 -0.0238454 -0.0184576 -0.0130661 -0.0077371 -0.00251086 0.00254996 0.00743011 0.0120691 0.0163882 0.0203464 0.0238674 0.0269012 0.0294099 0.0313963 0.032806 0.0336351 0.0339424 0.0337487 0.0330988 0.0320537 0.0306928 0.0290923 0.0273357 0.0255045 0.0236497 0.0218269 0.0200809 0.0184453 0.0169713 0.0156594 0.0145095 0.013504 0.0126409 0.0119285 0.0113567 0.0109161 0.0105542 0.0102905 0.0101188 
0 0.000807983 0.00160174 0.00243699 0.00335027 0.00433802 0.00542197 0.00662908 0.00795189 0.00940496 0.011015 0.0127623 0.0146315 0.0166183 0.0186803 0.0207468 0.0227864 0.024747 0.0265431 0.0280949 0.0293316 0.0301829 0.0305778 0.0304788 0.029844 0.0286792 0.0269618 0.0247056 0.0219641 0.0187764 0.0151853 0.0112446 0.00704724 0.00260479 -0.00201011 -0.00674809 -0.011608 -0.0165755 -0.0216136 -0.0266789 -0.0317532 -0.0367947 -0.0417697 -0.0466209 -0.0512719 -0.0556399 -0.0595992 -0.0629934 -0.0657333 -0.0676459 -0.0685759 -0.0683796 -0.0669409 -0.0641708 -0.0600438 -0.0546383 -0.0480989 -0.0406635 -0.0325944 -0.0242423 -0.0160129 -0.00827365 -0.00135159 0.00444891 0.00897045 0.01211 0.0139252 0.0145662 0.014251 0.0132288 0.0117793 0.010139 0.0085006 0.00699249 0.00569348 0.00464062 0.0038287 0.00319861 0.00272045 0.00236126 0.0020706 0.00185498 0.00167227 0.00152011 0.00141811 0.00133676 0.00127069 0.00123058 0.00118401 0.00116887 0.00115579 0.0011401 0.00113106 0.0011202 0.0011142 0.00112434 0.00111633 0.00112664 0.00113238 0.00114542 0.001169 0.00118758 0.00120849 0.00124688 0.00127493 0.00132531 0.00136734 0.00141881 0.00148805 0.00155939 0.00164009 0.00173558 0.00182364 0.00194457 0.0020578 0.0021693 0.0022892 0.00239848 0.00251028 0.00262606 0.00271838 0.00283467 0.00299015 0.00322669 0.00360847 0.00418691 0.00502012 0.00612962 0.00749268 0.00905156 0.0107021 0.0122592 0.0134827 0.0140788 0.0137717 0.0123353 0.0096114 0.00549837 9.16206e-05 -0.00646066 -0.0138971 -0.0218789 -0.0300378 -0.0379871 -0.0453592 -0.0518772 -0.0572809 -0.0614229 -0.0642429 -0.0657552 -0.0660159 -0.0651293 -0.0632524 -0.0605277 -0.0571375 -0.0531866 -0.0488056 -0.0441312 -0.0392434 -0.0342082 -0.0291106 -0.023984 -0.0188617 -0.0137635 -0.00873105 -0.00379115 0.00102845 0.00571132 0.0102337 0.0145142 0.0185367 0.0222249 0.0255099 0.0283497 0.030718 0.032551 0.0338208 0.034576 0.0348238 0.0345814 0.0338827 0.0327937 0.0313957 0.0297919 0.0280487 0.0262084 0.0243359 0.0225022 0.0207664 0.0191564 0.017686 0.0163706 0.0152279 0.0142416 0.013396 0.0127061 0.0121707 0.0117532 0.0114353 0.0112202 
0 0.000936324 0.00187707 0.00286722 0.00392452 0.00505833 0.00631591 0.00771872 0.00922571 0.0108408 0.0126153 0.0145368 0.0165581 0.0186417 0.0207468 0.0228151 0.0248025 0.0266368 0.0282266 0.0295099 0.0304227 0.0308884 0.0308463 0.03029 0.0292147 0.0276318 0.0255255 0.0229219 0.0198983 0.0165201 0.0128422 0.00891863 0.0048215 0.000551524 -0.00382822 -0.00827273 -0.0127959 -0.0174117 -0.0221095 -0.0268706 -0.031701 -0.0365783 -0.0414839 -0.0463727 -0.0511783 -0.0558155 -0.060141 -0.063978 -0.0672061 -0.0696327 -0.0710649 -0.0713252 -0.070271 -0.0677989 -0.0638631 -0.0585195 -0.0519056 -0.0442729 -0.0359064 -0.0271752 -0.0185066 -0.0102972 -0.00289799 0.00336809 0.00831239 0.0118215 0.0139418 0.0148181 0.0146591 0.0137244 0.0123119 0.0106773 0.00901959 0.00747567 0.00612532 0.00501609 0.00414897 0.00347299 0.00295688 0.00257187 0.00226621 0.00203364 0.00182937 0.00165393 0.00152745 0.00143058 0.0013565 0.00131074 0.00126554 0.00125101 0.00123718 0.00121786 0.00120189 0.00118674 0.00118076 0.0011913 0.00118795 0.00120174 0.00121464 0.00123336 0.00125578 0.00126788 0.00128234 0.00131945 0.00135755 0.00141813 0.00147028 0.00152766 0.00160067 0.00167729 0.00176115 0.00185785 0.00195101 0.00207616 0.00219884 0.00231979 0.00244377 0.00255631 0.00266551 0.00277434 0.00286745 0.0029986 0.00318756 0.00347266 0.00390498 0.0045339 0.00542065 0.00659384 0.00801949 0.00962778 0.0112949 0.0128191 0.0139449 0.014378 0.0138405 0.0121083 0.00902232 0.00449546 -0.00136958 -0.00839471 -0.01629 -0.0246963 -0.033221 -0.0414463 -0.0489863 -0.0555618 -0.0609126 -0.064878 -0.0673952 -0.0685034 -0.0682959 -0.0669092 -0.064523 -0.061315 -0.0574875 -0.0531717 -0.04852 -0.0436892 -0.0387656 -0.0338039 -0.0288712 -0.0239848 -0.0191605 -0.0143958 -0.009704 -0.00508706 -0.000549846 0.00390418 0.00825539 0.0124422 0.016465 0.0202621 0.0237507 0.0268689 0.0295767 0.0318085 0.03353 0.0347523 0.0354518 0.0356318 0.0353311 0.0346028 0.0334985 0.0321043 0.0304942 0.0287289 0.0268781 0.0250163 0.0232093 0.021489 0.0198757 0.0184049 0.0171196 0.0160062 0.0150345 0.0142173 0.0135675 0.0130634 0.0126869 0.0124356 
0 0.00108045 0.00218909 0.00335585 0.00459591 0.00590249 0.00734134 0.00892701 0.0106216 0.0124253 0.0143701 0.0164343 0.0185467 0.0206787 0.0227864 0.0248025 0.0266629 0.028293 0.0296107 0.0305591 0.0310779 0.0311127 0.0306248 0.0296183 0.0281055 0.0261015 0.02364 0.0207502 0.0175252 0.0140202 0.0103025 0.00644876 0.0025028 -0.00152553 -0.00562712 -0.00975079 -0.0139246 -0.0181691 -0.0224932 -0.026921 -0.0314806 -0.0361758 -0.0409921 -0.0458849 -0.0507978 -0.0556514 -0.0602901 -0.0645438 -0.0682325 -0.0711639 -0.0730982 -0.0738369 -0.0732127 -0.0710915 -0.067416 -0.0622088 -0.055601 -0.0478528 -0.0392657 -0.0302186 -0.0211689 -0.0125266 -0.00468687 0.00203715 0.00740383 0.0112891 0.0137334 0.0148755 0.0149056 0.0141044 0.0127649 0.0111614 0.00949675 0.00792388 0.00654039 0.00538902 0.00448299 0.00377381 0.00321301 0.00278689 0.00246261 0.00220073 0.00198546 0.00180259 0.00166138 0.00155302 0.00147256 0.00140299 0.00135116 0.00132374 0.00130606 0.00128712 0.00127985 0.00127105 0.00127746 0.00128291 0.00127635 0.00127457 0.00128585 0.00130554 0.00133827 0.00135703 0.00138232 0.00142051 0.00146721 0.00152093 0.00157351 0.0016251 0.00170382 0.00179357 0.00189461 0.0019992 0.00210912 0.00222702 0.00235014 0.00246772 0.00258244 0.00269529 0.00281747 0.00292413 0.00303478 0.00318305 0.00339323 0.00371721 0.00419755 0.00487397 0.00582221 0.00705539 0.0085282 0.0101594 0.011809 0.013273 0.0142686 0.0145084 0.0137107 0.0116482 0.00817362 0.00323511 -0.00308176 -0.0105461 -0.0188582 -0.0276271 -0.0364484 -0.044878 -0.0525121 -0.0590618 -0.064281 -0.0679901 -0.0701501 -0.0708187 -0.0701223 -0.0682363 -0.0653462 -0.0616858 -0.057453 -0.0528146 -0.047936 -0.0429884 -0.0380651 -0.0332129 -0.0284699 -0.0238514 -0.019341 -0.0149309 -0.0106083 -0.00634592 -0.00213412 0.00206364 0.0062041 0.0102588 0.0142181 0.0180458 0.0216683 0.0250082 0.0280188 0.0306122 0.032756 0.0344313 0.035592 0.0362216 0.0363611 0.0360537 0.0353213 0.0342045 0.032791 0.0311707 0.0294194 0.0275947 0.0257457 0.0239446 0.0222193 0.0206236 0.0191914 0.01793 0.0168311 0.0158898 0.0151258 0.0145111 0.0140688 0.013784 
0 0.00126449 0.00255275 0.00391614 0.0053578 0.00688008 0.00850264 0.01026 0.0121398 0.0141354 0.0162408 0.018396 0.0205545 0.0226896 0.024747 0.0266368 0.028293 0.029656 0.0306446 0.0311857 0.0312546 0.0308283 0.0298996 0.0284578 0.0265145 0.0241313 0.0213533 0.0182629 0.0149075 0.0113593 0.00767785 0.00393703 0.000196016 -0.00357837 -0.00736245 -0.0111547 -0.0149642 -0.0188311 -0.0227916 -0.0268867 -0.0311702 -0.0356614 -0.0403467 -0.0452063 -0.0501891 -0.0552084 -0.0601219 -0.0647269 -0.068858 -0.0722573 -0.0746846 -0.0759181 -0.0757596 -0.0740407 -0.0706543 -0.0656338 -0.0591259 -0.0513465 -0.0426095 -0.0333308 -0.0239622 -0.0149538 -0.00668852 0.0004506 0.00622352 0.0105021 0.013287 0.0147123 0.0149925 0.0143627 0.013135 0.0115838 0.00993266 0.008341 0.0069197 0.00574803 0.00481251 0.00406299 0.00347914 0.00302253 0.00265996 0.00239163 0.00215514 0.0019514 0.00179949 0.00167846 0.00157523 0.00150584 0.00144233 0.00140783 0.00138728 0.00136836 0.0013532 0.0013576 0.00136283 0.00137122 0.00136211 0.00135748 0.00136445 0.00139513 0.00142475 0.00145254 0.00147677 0.0015183 0.00156931 0.00163087 0.00167853 0.0017411 0.00182015 0.00191878 0.0020297 0.00214383 0.00224854 0.00237844 0.00249809 0.00261098 0.00273065 0.00284669 0.00295881 0.00308539 0.00319781 0.00335159 0.00359685 0.00395424 0.00447446 0.00521998 0.00622611 0.00751109 0.00901815 0.0106443 0.0122422 0.0135915 0.0144362 0.0144481 0.0133494 0.0109441 0.0070792 0.00170972 -0.00501732 -0.0128852 -0.0215521 -0.0306318 -0.0396707 -0.0482213 -0.0558932 -0.0623545 -0.0673419 -0.0707235 -0.0724767 -0.0726924 -0.0715124 -0.0691233 -0.0657698 -0.0616721 -0.0570799 -0.0521701 -0.0471319 -0.0421273 -0.0372359 -0.0324995 -0.0279557 -0.0236029 -0.0194252 -0.0153743 -0.0114159 -0.00752061 -0.00363367 0.000255319 0.00415679 0.00802556 0.0118741 0.0156683 0.0193348 0.0228312 0.0260801 0.0290029 0.0315227 0.0336157 0.0352364 0.0363471 0.0369602 0.037099 0.036774 0.0360139 0.0348832 0.0334823 0.0318894 0.0301481 0.028323 0.0264819 0.0247017 0.0230113 0.0214511 0.0200425 0.0188016 0.017752 0.016866 0.0161515 0.0156181 0.0152832 
0 0.00148707 0.00298953 0.00455236 0.00621729 0.00796202 0.00979398 0.0117317 0.0137883 0.0159478 0.0181588 0.0203665 0.0225283 0.0246133 0.0265431 0.0282266 0.0296107 0.0306446 0.0312399 0.0313452 0.0309461 0.0300647 0.0286905 0.0268243 0.024515 0.0218062 0.0187968 0.0155366 0.0121254 0.00860452 0.00502456 0.00146031 -0.00208022 -0.00556783 -0.00903843 -0.012469 -0.015909 -0.0194122 -0.0230219 -0.0268021 -0.0308058 -0.0350744 -0.0396171 -0.0444089 -0.0494185 -0.0545663 -0.0596853 -0.0646109 -0.0691002 -0.0729468 -0.0758532 -0.0775651 -0.0778574 -0.0765489 -0.0735332 -0.0687819 -0.0624126 -0.0546781 -0.0458987 -0.0364607 -0.0268476 -0.0175141 -0.00891048 -0.00137019 0.00479611 0.00945088 0.0126027 0.0143634 0.0148861 0.0144615 0.0133727 0.0119117 0.0103028 0.0087215 0.00729127 0.00607864 0.00510327 0.00433723 0.00371933 0.0032406 0.00288625 0.00257983 0.00232751 0.00210986 0.00192066 0.00177885 0.00167926 0.00158464 0.00153556 0.00149959 0.00147333 0.00144671 0.00142963 0.00141538 0.00142909 0.00143137 0.00143428 0.00143385 0.00145788 0.00148566 0.00152056 0.00153235 0.00155253 0.00158851 0.00165621 0.00172128 0.00179629 0.00185823 0.00194392 0.00204689 0.00215539 0.00225824 0.00238308 0.00249595 0.00263032 0.00275977 0.00287233 0.00298974 0.00311372 0.003209 0.00333357 0.0035064 0.00377214 0.00418474 0.00476628 0.00555257 0.00660366 0.00792309 0.00944508 0.0110521 0.0125776 0.0138053 0.0144255 0.0141696 0.0127616 0.00998717 0.00572065 -2.70238e-05 -0.00715935 -0.0153776 -0.0243457 -0.0336417 -0.0428379 -0.051452 -0.0590488 -0.0653133 -0.0700345 -0.0730554 -0.0743798 -0.0741195 -0.0724599 -0.0696221 -0.0658141 -0.0613403 -0.0564288 -0.0513152 -0.0461724 -0.0411459 -0.0363165 -0.0317168 -0.0273695 -0.0232951 -0.0194391 -0.0157476 -0.012149 -0.00859159 -0.00505029 -0.00146309 0.0021426 0.00580375 0.00950086 0.0132146 0.016879 0.0204334 0.0238519 0.0270283 0.0298883 0.0323585 0.0344068 0.0359946 0.0370913 0.037689 0.0378004 0.037456 0.0367051 0.0356029 0.0342171 0.0326208 0.0308813 0.0290856 0.0272824 0.0255339 0.0238711 0.0223339 0.0209662 0.0197856 0.0188017 0.0179853 0.0173719 0.0169619 
