0 0 0 0 0 0 0 0 0 0 0 0 0 0 0 0 0 0 0 0 0 0 0 0 0 0 0 0 0 0 0 0 0 0 0 0 0 0 0 0 0 0 0 0 0 0 0 0 0 0 0 0 0 0 0 0 0 0 0 0 0 0 0 0 0 0 0 0 0 0 0 0 0 0 0 0 0 0 0 0 0 0 0 0 0 0 0 0 0 0 0 0 0 0 0 0 0 0 0 0 0 0 0 0 0 0 0 0 0 0 0 0 0 0 0 0 0 0 0 0 0 0 0 0 0 0 0 0 0 0 0 0 0 0 0 0 0 0 0 0 0 0 0 0 0 0 0 0 0 0 0 0 0 0 0 0 0 0 0 0 0 0 0 0 0 0 0 0 0 0 0 0 0 0 0 0 0 0 0 0 0 0 0 0 0 0 0 0 0 0 0 0 0 0 0 0 0 0 0 0 
0 2.58412e-05 1.95673e-05 5.02609e-06 1.38232e-05 4.70547e-05 5.80836e-05 4.40692e-05 4.2979e-05 6.59801e-05 9.09721e-05 8.87947e-05 8.14547e-05 8.8304e-05 0.000106189 0.000111336 9.59513e-05 8.26512e-05 7.02648e-05 5.49571e-05 1.83763e-05 -3.82931e-05 -9.92697e-05 -0.000168724 -0.000260121 -0.000376598 -0.000497966 -0.000625229 -0.000766863 -0.000909067 -0.00104408 -0.00114778 -0.00119994 -0.00120898 -0.00116394 -0.00104732 -0.000824395 -0.000507838 -0.00011269 0.00034294 0.000839289 0.00137787 0.0019253 0.00247384 0.00298331 0.00341838 0.00378 0.00408901 0.00434129 0.00451847 0.00460982 0.00462368 0.00455749 0.00440987 0.00417097 0.00381978 0.00333864 0.00271562 0.00198843 0.00116531 0.000270832 -0.000659218 -0.00158707 -0.00248815 -0.00330635 -0.00400867 -0.00456014 -0.0049498 -0.00517829 -0.00525094 -0.00517737 -0.00498044 -0.00468123 -0.0043123 -0.00388734 -0.00342469 -0.00296556 -0.00251004 -0.00208288 -0.00170432 -0.00137421 -0.00109631 -0.000867353 -0.000664966 -0.000507189 -0.000377422 -0.000274165 -0.00018782 -0.000121132 -7.24421e-05 -4.38396e-05 -2.02326e-05 -9.49915e-06 3.04787e-06 4.40338e-06 8.14503e-06 1.36018e-05 1.93822e-05 2.00279e-05 2.39199e-05 1.80346e-05 2.0883e-05 1.90823e-05 1.69668e-05 1.51089e-05 1.79031e-05 1.72569e-05 1.88938e-05 5.08759e-06 -1.03889e-05 -3.52759e-05 -6.42296e-05 -0.000111238 -0.000176067 -0.000257568 -0.000352373 -0.00047912 -0.000634254 -0.00084101 -0.00108246 -0.00136112 -0.00169099 -0.00206762 -0.00247984 -0.00292891 -0.00338588 -0.00384498 -0.00427985 -0.00465619 -0.00495115 -0.00514089 -0.00520354 -0.00511984 -0.00488298 -0.00448832 -0.00393032 -0.00321368 -0.00238459 -0.00147469 -0.000535631 0.00038628 0.00126001 0.00206749 0.00276922 0.00336091 0.00381475 0.00413662 0.00434499 0.0044626 0.00450795 0.00448244 0.00439253 0.00424253 0.00402634 0.0037439 0.00340314 0.00300591 0.00254956 0.0020422 0.00152909 0.00101513 0.000530621 8.16855e-05 -0.000313425 -0.000621993 -0.000838227 -0.000964454 -0.00102939 -0.00103743 -0.000988103 -0.000883226 -0.000746716 -0.000613078 -0.000486654 -0.000362515 -0.000237338 -0.00010917 -1.16083e-05 4.86567e-05 9.89927e-05 0.000159339 0.000213867 0.000237721 0.000244854 0.000245268 0.000261421 0.000280463 0.000277581 0.000261669 0.000255414 0.000269189 0.000271922 0.000260509 0.000248093 0.000250768 0.000263906 0.000259815 0.000246064 0.000240417 0.000255038 
0 1.95673e-05 3.62231e-05 3.8999e-05 6.22881e-05 8.05543e-05 0.000101746 0.000102873 0.000118877 0.000141983 0.00015386 0.00016489 0.00016589 0.00018616 0.000192759 0.000192724 0.000177607 0.000163413 0.00014331 9.95907e-05 3.21458e-05 -7.08992e-05 -0.000182415 -0.000318605 -0.000502252 -0.000736238 -0.000981263 -0.00124495 -0.00152261 -0.00180446 -0.00207174 -0.0022923 -0.00241932 -0.00242938 -0.00233161 -0.00207313 -0.00164035 -0.00101473 -0.000226599 0.000688382 0.00169916 0.00278015 0.0038828 0.00495544 0.00594765 0.00682398 0.00757629 0.00819465 0.00867093 0.00898888 0.00917481 0.0091892 0.00905353 0.00875733 0.0082614 0.00754369 0.0065709 0.00534293 0.00389605 0.00226509 0.000513777 -0.00131347 -0.00315222 -0.00491228 -0.00653513 -0.00792103 -0.00901291 -0.00977825 -0.0102428 -0.0104074 -0.0102801 -0.00991228 -0.00934203 -0.00859558 -0.00775166 -0.00683634 -0.00591419 -0.00503124 -0.00420035 -0.00345134 -0.00280303 -0.00224478 -0.00176642 -0.00135769 -0.00102826 -0.000767063 -0.000559515 -0.000395973 -0.00026363 -0.000172445 -0.000112925 -6.46319e-05 -2.80098e-05 -5.26022e-06 9.87232e-06 1.43095e-05 1.87347e-05 2.36294e-05 2.45701e-05 2.07142e-05 2.44395e-05 2.9892e-05 3.39168e-05 3.43485e-05 2.95221e-05 2.21793e-05 2.27223e-05 1.16342e-05 -1.22044e-05 -4.22564e-05 -8.40657e-05 -0.000140995 -0.000227112 -0.000361294 -0.000529198 -0.000734247 -0.000992063 -0.00132012 -0.00172774 -0.00219944 -0.00275197 -0.00339599 -0.0041377 -0.00497998 -0.00587263 -0.00678583 -0.00770295 -0.00853442 -0.00925865 -0.00982924 -0.0101888 -0.010307 -0.0101423 -0.0096602 -0.00886657 -0.0077507 -0.00635192 -0.00471229 -0.00293587 -0.00109513 0.000738046 0.00247642 0.0040654 0.00546345 0.00663294 0.00753708 0.00817393 0.00860539 0.00885831 0.00894942 0.00892922 0.00876853 0.00847146 0.00803446 0.00748662 0.0068282 0.00603744 0.00510922 0.00410344 0.00306901 0.00203899 0.00105712 0.000163826 -0.00061078 -0.00124088 -0.00168117 -0.00195275 -0.00206557 -0.00206235 -0.00195198 -0.00175031 -0.00149545 -0.00122448 -0.000950373 -0.000688917 -0.000450003 -0.000223675 -3.60974e-05 0.00010695 0.000219034 0.000330608 0.000401378 0.000450108 0.000482582 0.000504822 0.000527047 0.000535711 0.000541235 0.00052554 0.000534654 0.000535372 0.000529936 0.000521032 0.000512882 0.000518039 0.000510224 0.000513331 0.000499113 0.000499959 0.000503111 
0 5.02609e-06 3.8999e-05 8.49909e-05 9.74692e-05 0.000105431 0.000123762 0.000161383 0.000197966 0.000206727 0.00021819 0.000239605 0.000274635 0.000289132 0.000286999 0.000284525 0.000276496 0.000263576 0.000211629 0.000141292 4.25686e-05 -9.7414e-05 -0.000271091 -0.000490166 -0.000765179 -0.00110007 -0.00146397 -0.00186358 -0.00229416 -0.00270329 -0.00309028 -0.00341658 -0.00361122 -0.0036465 -0.0034758 -0.00307968 -0.00240753 -0.00148697 -0.000320061 0.00106894 0.00260612 0.00424322 0.00586702 0.00746521 0.00896336 0.0102769 0.0113799 0.0122873 0.0129768 0.0134243 0.0136348 0.0136347 0.0134022 0.0129144 0.0121415 0.0110422 0.0095862 0.00775454 0.00564098 0.00326325 0.000682159 -0.00200414 -0.00468447 -0.00727842 -0.00963476 -0.0116623 -0.0132703 -0.0144266 -0.0151315 -0.0153937 -0.0152322 -0.0147046 -0.0138671 -0.0128093 -0.0115816 -0.0102442 -0.0089122 -0.0075949 -0.00635633 -0.0052484 -0.00426972 -0.00342832 -0.00271761 -0.00208894 -0.00159371 -0.00119339 -0.000879651 -0.00062388 -0.000426703 -0.000280417 -0.000186283 -0.000104857 -5.67094e-05 -1.05665e-05 9.10797e-07 1.11342e-05 2.17362e-05 3.24713e-05 3.14862e-05 4.02549e-05 2.9321e-05 4.20523e-05 4.39006e-05 4.20924e-05 3.54199e-05 3.49679e-05 2.34279e-05 1.53688e-05 -2.96754e-05 -7.74233e-05 -0.000148015 -0.000232562 -0.000372153 -0.000572884 -0.000832499 -0.001142 -0.00154387 -0.00202719 -0.00264779 -0.00336581 -0.00419298 -0.00517031 -0.00628791 -0.00751299 -0.00883437 -0.0101669 -0.0114847 -0.0127132 -0.013766 -0.0145842 -0.0150998 -0.0152476 -0.014968 -0.0142397 -0.0130578 -0.0114181 -0.00934674 -0.00696837 -0.00436702 -0.00167033 0.00100051 0.0035485 0.00590289 0.00795047 0.0096774 0.0110235 0.0120114 0.0126897 0.0131072 0.0133022 0.0132804 0.0130641 0.0126692 0.0120744 0.0112673 0.0102638 0.00907898 0.00771974 0.00621193 0.00466334 0.00309789 0.00162191 0.000279434 -0.000886036 -0.00181494 -0.00249617 -0.00290884 -0.00309408 -0.00307556 -0.00290081 -0.00260996 -0.00224501 -0.00184767 -0.00142399 -0.00101857 -0.000671125 -0.000350288 -7.18323e-05 0.000160605 0.00035059 0.000496923 0.00059532 0.000662586 0.000739325 0.000779552 0.000794238 0.000798825 0.000801326 0.000809775 0.000808371 0.000800614 0.000777705 0.000778743 0.000785764 0.000772726 0.000757983 0.000752008 0.000764806 0.000760696 0.000750015 
0 1.38232e-05 6.22881e-05 9.74692e-05 0.000128482 0.000138353 0.000180037 0.000215497 0.000251601 0.000272364 0.000291453 0.000336952 0.000361082 0.000380656 0.000376808 0.00038955 0.000387159 0.000353751 0.00027975 0.000180657 6.72273e-05 -0.000115722 -0.000361699 -0.000672618 -0.00103851 -0.00146449 -0.00193504 -0.00248303 -0.00306256 -0.00360867 -0.00409625 -0.00450849 -0.00477427 -0.00481427 -0.00459796 -0.00404475 -0.00315557 -0.0019164 -0.000355386 0.00148677 0.00354159 0.00572526 0.00792153 0.0100422 0.0120087 0.0137515 0.0152254 0.0163879 0.0172242 0.0177341 0.0179812 0.0179082 0.0175262 0.0168096 0.0157125 0.0142223 0.0122994 0.0099361 0.00718058 0.00408026 0.000743789 -0.00272648 -0.00619425 -0.00949964 -0.0125391 -0.0151582 -0.0172599 -0.0187797 -0.0197376 -0.0201227 -0.0199483 -0.0193042 -0.0182695 -0.0169079 -0.0153523 -0.0136536 -0.0119193 -0.0102238 -0.00860361 -0.00712248 -0.00582284 -0.00469566 -0.00372747 -0.00290048 -0.00222949 -0.00169044 -0.00125492 -0.000902888 -0.000618804 -0.000418195 -0.000284109 -0.000179693 -0.000102352 -5.142e-05 -1.89508e-05 -3.86876e-06 1.1552e-05 2.69115e-05 3.32669e-05 2.95115e-05 3.24281e-05 3.85251e-05 4.20454e-05 3.97297e-05 2.98857e-05 1.73385e-05 1.45599e-05 -8.29421e-06 -6.01878e-05 -0.00013241 -0.000233795 -0.000369488 -0.000562897 -0.000841909 -0.00118831 -0.00160977 -0.00213933 -0.00281057 -0.00364425 -0.0046142 -0.00574115 -0.00703532 -0.00849638 -0.0101158 -0.0118118 -0.0135285 -0.0152332 -0.0167801 -0.0181171 -0.0191536 -0.0197797 -0.019927 -0.0195252 -0.0185303 -0.0169646 -0.014824 -0.0121764 -0.00909906 -0.00575839 -0.00228332 0.00118666 0.00448331 0.00749402 0.0101462 0.0123985 0.0142041 0.015557 0.0165321 0.0171538 0.0174473 0.0175041 0.0173016 0.016844 0.0160936 0.0150618 0.0137505 0.0121637 0.0103346 0.00836247 0.00631026 0.00422624 0.00222242 0.000418095 -0.00111557 -0.00235371 -0.00325206 -0.00383318 -0.0040885 -0.00407766 -0.00384637 -0.0034589 -0.00298337 -0.00245901 -0.00190037 -0.00136145 -0.00089015 -0.000462397 -8.95379e-05 0.000222352 0.000464854 0.000665325 0.000791186 0.000899888 0.000989946 0.00103377 0.00105051 0.00105873 0.00108504 0.00107646 0.00107712 0.00105792 0.00104886 0.00105167 0.00104492 0.00103579 0.00101019 0.0010204 0.00101488 0.00101584 0.00100242 
0 4.70547e-05 8.05543e-05 0.000105431 0.000138353 0.00019643 0.000240425 0.000263862 0.000296511 0.000338947 0.000388603 0.000420605 0.000445653 0.000463865 0.000480216 0.000491974 0.00047525 0.000433828 0.000344659 0.000232978 8.19251e-05 -0.00014552 -0.000448355 -0.00082918 -0.00128232 -0.00181275 -0.00240604 -0.00308 -0.00380404 -0.0044814 -0.00509531 -0.00560631 -0.00592398 -0.00597892 -0.00568424 -0.00499215 -0.00385288 -0.00230142 -0.000344814 0.00198051 0.00456465 0.00730202 0.0100193 0.0126595 0.015115 0.0172623 0.019039 0.0204303 0.0214051 0.0219589 0.02213 0.0219456 0.0213723 0.0203784 0.0189412 0.0170364 0.0146386 0.0117302 0.0084074 0.00469536 0.000683673 -0.00347609 -0.0076087 -0.011578 -0.0151949 -0.018336 -0.0208827 -0.022773 -0.0239888 -0.0245212 -0.0243873 -0.0236705 -0.0224626 -0.0208923 -0.0190514 -0.0170286 -0.0149688 -0.012905 -0.0109262 -0.00911678 -0.00749614 -0.00608112 -0.00486581 -0.0038021 -0.00294602 -0.00225105 -0.0016937 -0.00123721 -0.000878782 -0.000611779 -0.000430443 -0.000282491 -0.000183093 -0.000101496 -6.71208e-05 -4.23218e-05 -1.94659e-05 2.45601e-06 8.16015e-06 1.7971e-05 7.03371e-06 1.95432e-05 2.0956e-05 1.66075e-05 3.73906e-06 -5.06357e-06 -2.66058e-05 -5.40017e-05 -0.000132246 -0.000229506 -0.000368103 -0.000541939 -0.000800357 -0.00115758 -0.00161077 -0.0021573 -0.0028513 -0.00369448 -0.00475073 -0.00597603 -0.00737941 -0.0089992 -0.0108124 -0.0127681 -0.0148281 -0.0168837 -0.018888 -0.02073 -0.0222919 -0.0234765 -0.0241702 -0.0242734 -0.0237061 -0.0224504 -0.020523 -0.0179339 -0.0147321 -0.0110731 -0.00708096 -0.00292764 0.00120802 0.00516193 0.0088097 0.012016 0.0147672 0.0170047 0.0187449 0.0200309 0.0209022 0.0214007 0.0215538 0.0213938 0.0209285 0.0201012 0.0188698 0.0172521 0.0152976 0.0130558 0.0105875 0.00801574 0.00539205 0.00288826 0.000622977 -0.00131748 -0.00286436 -0.00400763 -0.00472752 -0.00506295 -0.0050516 -0.00476778 -0.00428913 -0.00369282 -0.00304311 -0.00235516 -0.00169097 -0.00110272 -0.000563787 -0.000101844 0.000273873 0.000576718 0.000822702 0.00100339 0.00113099 0.00123733 0.00128568 0.00131407 0.00134435 0.00136001 0.00135034 0.0013318 0.00133105 0.00132267 0.00131269 0.00129475 0.00127998 0.00128227 0.00127671 0.00126401 0.0012535 0.00126251 
0 5.80836e-05 0.000101746 0.000123762 0.000180037 0.000240425 0.000291452 0.000313691 0.000360627 0.000421768 0.000463374 0.000495785 0.000521442 0.000565248 0.000583855 0.000581978 0.000552869 0.000510222 0.000430255 0.000292647 9.32157e-05 -0.000189199 -0.000535303 -0.000969399 -0.00151504 -0.00217166 -0.00289163 -0.0036846 -0.00451703 -0.0053276 -0.006071 -0.00668275 -0.00705093 -0.0070783 -0.00671388 -0.00586735 -0.00450872 -0.00262533 -0.000251947 0.00254386 0.00564921 0.00892845 0.0122071 0.0153541 0.0182482 0.020778 0.0228636 0.0244396 0.0254775 0.0259906 0.026064 0.0256803 0.0248473 0.0235402 0.0217253 0.0193992 0.0165405 0.0131532 0.00930135 0.00503667 0.000471835 -0.00425429 -0.00895998 -0.0134518 -0.0175803 -0.0211758 -0.0241197 -0.0263322 -0.0278074 -0.0285175 -0.0284691 -0.0277516 -0.0264653 -0.0247151 -0.022656 -0.0203783 -0.018017 -0.015659 -0.0133707 -0.0112383 -0.0093174 -0.00761293 -0.00612095 -0.00483224 -0.00377306 -0.00291578 -0.00222181 -0.00165695 -0.00120472 -0.000871298 -0.000632774 -0.00044444 -0.000300973 -0.000198978 -0.000137002 -0.000103007 -7.55512e-05 -5.23136e-05 -4.14661e-05 -4.04731e-05 -3.74443e-05 -2.70712e-05 -2.04297e-05 -2.4487e-05 -4.24532e-05 -6.88127e-05 -9.68242e-05 -0.000149889 -0.000245312 -0.000375287 -0.000550786 -0.000783095 -0.0011075 -0.00155579 -0.0021202 -0.00280961 -0.00366385 -0.00471772 -0.00599755 -0.00747568 -0.00916758 -0.0110827 -0.0132064 -0.0155004 -0.0178668 -0.0202162 -0.0224863 -0.0245197 -0.026229 -0.0274994 -0.0281962 -0.0282174 -0.0274818 -0.0259574 -0.0236827 -0.0206785 -0.0170313 -0.0128561 -0.00833403 -0.00362649 0.00108785 0.00560362 0.00976716 0.0134769 0.0166913 0.0193616 0.0214839 0.0231218 0.0242985 0.0250358 0.0254011 0.0253707 0.0249313 0.0240258 0.0226461 0.0207985 0.0185037 0.0158182 0.0128676 0.00977127 0.00663369 0.00362509 0.000902784 -0.00143319 -0.00332319 -0.0047053 -0.00558522 -0.00598301 -0.00598579 -0.00566588 -0.00510531 -0.00439698 -0.00361465 -0.00279919 -0.00201362 -0.00130626 -0.000662877 -0.000113071 0.000333569 0.000693343 0.00099813 0.00120755 0.00135606 0.00146736 0.00154029 0.00159073 0.00161492 0.00162536 0.00160671 0.00161155 0.00160894 0.00159479 0.00157309 0.00155395 0.00155366 0.0015452 0.00154181 0.00151437 0.0015106 0.00151849 
0 4.40692e-05 0.000102873 0.000161383 0.000215497 0.000263862 0.000313691 0.000368054 0.000434609 0.000491449 0.000532757 0.000574456 0.000624209 0.000671353 0.00069162 0.0006857 0.000652892 0.000602862 0.00050801 0.00034754 0.000104398 -0.000228209 -0.000631272 -0.00113329 -0.00176912 -0.00253395 -0.00337457 -0.00428031 -0.00523334 -0.00616826 -0.0070297 -0.00772068 -0.0081155 -0.00812753 -0.00768137 -0.00668906 -0.00507929 -0.00285713 -6.5969e-05 0.00320727 0.00682562 0.0106394 0.0144519 0.0181137 0.0214561 0.0243224 0.026627 0.0283308 0.0294008 0.0298413 0.0297148 0.0290609 0.0278923 0.0262073 0.0239969 0.0212517 0.0179551 0.0141159 0.00981603 0.00510645 8.63505e-05 -0.00508767 -0.0102255 -0.015149 -0.0196729 -0.0236428 -0.0269316 -0.0294564 -0.031183 -0.0320804 -0.0321523 -0.031479 -0.030167 -0.0283501 -0.0261584 -0.023703 -0.0211237 -0.0184958 -0.0159158 -0.0134876 -0.0112666 -0.00927996 -0.0075313 -0.00600694 -0.00474434 -0.00371054 -0.00286499 -0.00216976 -0.0016136 -0.00119257 -0.000886549 -0.000646586 -0.000467499 -0.000335059 -0.000256661 -0.000205525 -0.000163951 -0.000128786 -0.00011073 -0.000101789 -0.000104435 -9.66702e-05 -9.56832e-05 -0.000104931 -0.000127847 -0.000157433 -0.000200924 -0.000270243 -0.000395656 -0.00056729 -0.000799261 -0.00109938 -0.0015102 -0.00205743 -0.00274225 -0.00357581 -0.00460612 -0.00586018 -0.00737785 -0.00912764 -0.011107 -0.0133257 -0.0157473 -0.0183068 -0.0209232 -0.0234899 -0.0259314 -0.0281141 -0.0299122 -0.0312016 -0.0318451 -0.0317317 -0.0307863 -0.0290018 -0.0264192 -0.0230707 -0.0190333 -0.0144563 -0.00950325 -0.00435862 0.000782113 0.00572831 0.0103304 0.0144711 0.0181114 0.0211982 0.0237296 0.0257469 0.0272791 0.0283484 0.0289687 0.0291246 0.0287868 0.0278911 0.026404 0.0243383 0.0217337 0.018655 0.0152255 0.0116147 0.00796239 0.0044639 0.0012757 -0.00148139 -0.00370372 -0.0053322 -0.0063612 -0.00685092 -0.0068841 -0.00654025 -0.00590384 -0.0050823 -0.00417917 -0.00324689 -0.00234705 -0.00152167 -0.000769108 -0.000127424 0.000391121 0.000813317 0.00116412 0.00141808 0.00158935 0.00171832 0.00180764 0.00186758 0.00189272 0.00189165 0.00188435 0.0018899 0.00188345 0.00185386 0.00183266 0.0018273 0.00181881 0.00179901 0.00178659 0.00178143 0.00177823 0.00177093 
0 4.2979e-05 0.000118877 0.000197966 0.000251601 0.000296511 0.000360627 0.000434609 0.000498867 0.000549707 0.000604374 0.000666972 0.000718467 0.000750922 0.000772715 0.000782556 0.000756775 0.00068593 0.000564104 0.000385856 0.000125378 -0.000242371 -0.000713931 -0.00130004 -0.00201891 -0.0028678 -0.003817 -0.00485198 -0.0059378 -0.00699732 -0.00795717 -0.00871275 -0.00913736 -0.00913212 -0.00860277 -0.00744468 -0.00557685 -0.00300437 0.000209733 0.00395457 0.00808111 0.0124224 0.0167669 0.0209159 0.0246611 0.0278256 0.0303142 0.0320862 0.0331155 0.0334124 0.0330351 0.0320424 0.0304784 0.0283749 0.0257438 0.0225799 0.0188717 0.0146355 0.00994848 0.00487893 -0.00047291 -0.00595854 -0.0114009 -0.0166256 -0.0214509 -0.0257176 -0.0292916 -0.0320867 -0.034058 -0.0351674 -0.0354126 -0.034859 -0.0336082 -0.0317907 -0.0295382 -0.0269739 -0.0242319 -0.0214027 -0.0185898 -0.0159016 -0.0134088 -0.0111486 -0.00913408 -0.0073699 -0.00588683 -0.00466057 -0.00364884 -0.00281334 -0.00214172 -0.00162686 -0.0012431 -0.000944158 -0.000715397 -0.000545742 -0.000436513 -0.000363692 -0.000307931 -0.000264399 -0.000239602 -0.000227925 -0.000226695 -0.000220267 -0.000220905 -0.000235488 -0.000267354 -0.000311867 -0.000375395 -0.000472624 -0.000630534 -0.000849287 -0.00114106 -0.00152054 -0.00202702 -0.00268731 -0.00350884 -0.00450704 -0.00572709 -0.00720233 -0.00895963 -0.0109721 -0.0132259 -0.0157142 -0.0183933 -0.0211866 -0.0240014 -0.02673 -0.0292794 -0.0315179 -0.0333127 -0.0345355 -0.0350537 -0.0347606 -0.0335952 -0.0315609 -0.0287031 -0.0250676 -0.0207352 -0.0158536 -0.0105928 -0.00514119 0.000307256 0.00557029 0.0105048 0.0150079 0.01903 0.0225147 0.025452 0.0278729 0.029803 0.0312524 0.0322097 0.0326321 0.0324588 0.0316209 0.0300855 0.0278602 0.0249793 0.0215218 0.0176405 0.013533 0.00937618 0.00537603 0.00171367 -0.00145872 -0.00401462 -0.00588905 -0.0070861 -0.00767578 -0.00774359 -0.00737325 -0.00666246 -0.00573763 -0.00471757 -0.00367075 -0.00265673 -0.00171615 -0.000862472 -0.000132054 0.000459365 0.00093544 0.00132155 0.00161431 0.0018253 0.00197449 0.00206479 0.00212016 0.00215685 0.00217269 0.00216924 0.00215884 0.00214212 0.00212119 0.00210955 0.00210145 0.00208035 0.00205439 0.00204622 0.00205043 0.0020453 0.0020265 
0 6.59801e-05 0.000141983 0.000206727 0.000272364 0.000338947 0.000421768 0.000491449 0.000549707 0.000613694 0.000684386 0.000759217 0.000804957 0.000836016 0.000858264 0.000872426 0.000851098 0.000767218 0.000624194 0.000417729 0.000134541 -0.000264755 -0.000797424 -0.00146412 -0.00226614 -0.00320014 -0.00425678 -0.00541875 -0.00662366 -0.00779641 -0.00884469 -0.00966451 -0.0101239 -0.0100864 -0.00945082 -0.00809678 -0.00597086 -0.00305718 0.000573978 0.00479587 0.00944233 0.0142984 0.0191422 0.0237251 0.0278221 0.031247 0.0338819 0.0356629 0.036576 0.0366447 0.0359492 0.0345549 0.0325543 0.0300075 0.0269367 0.0233516 0.0192496 0.0146702 0.00967436 0.00435002 -0.00120525 -0.00687244 -0.0125021 -0.0179101 -0.0229434 -0.0274214 -0.0312139 -0.0342333 -0.0364346 -0.0377724 -0.038235 -0.0378671 -0.0367591 -0.0350142 -0.0327782 -0.0301785 -0.027334 -0.024371 -0.0213837 -0.0184784 -0.0157477 -0.0132292 -0.0109456 -0.00893734 -0.00721672 -0.00578357 -0.0045927 -0.00360845 -0.00280911 -0.00218924 -0.001711 -0.00134075 -0.00104788 -0.000835793 -0.000686083 -0.000588663 -0.000515807 -0.000462876 -0.000427484 -0.000415392 -0.000404701 -0.000402234 -0.000403877 -0.000424906 -0.000466647 -0.000533205 -0.000620976 -0.000759586 -0.000958286 -0.00123516 -0.00159277 -0.00206159 -0.00267163 -0.00345906 -0.00443499 -0.00562182 -0.00704769 -0.00876152 -0.0107569 -0.0130188 -0.0155276 -0.0182514 -0.0211452 -0.0241328 -0.027088 -0.0299146 -0.0325006 -0.0347046 -0.0364084 -0.0374838 -0.0378116 -0.0373025 -0.0359134 -0.0336484 -0.0305542 -0.0266855 -0.0221437 -0.0170547 -0.0116145 -0.00599582 -0.000369983 0.0050977 0.0102725 0.0150749 0.0194258 0.0232755 0.0266039 0.0294485 0.0318231 0.0337067 0.0350705 0.0358254 0.0358822 0.0351637 0.0336422 0.0313157 0.0282091 0.0244122 0.0201146 0.0155225 0.010869 0.00637047 0.00224669 -0.0013269 -0.00422636 -0.00636587 -0.00775852 -0.00845024 -0.00854437 -0.00814511 -0.0073789 -0.00637979 -0.00525153 -0.00408097 -0.00294505 -0.00189823 -0.000964272 -0.000154024 0.000520577 0.00106263 0.00148693 0.00180273 0.00204938 0.00222436 0.0023284 0.00238084 0.00242064 0.00245527 0.0024513 0.00242986 0.00240385 0.00239753 0.00238632 0.00236056 0.00233675 0.00231847 0.00231744 0.0023049 0.00229819 0.0022914 
0 9.09721e-05 0.00015386 0.00021819 0.000291453 0.000388603 0.000463374 0.000532757 0.000604374 0.000684386 0.000762297 0.000824752 0.000891677 0.000936183 0.000962645 0.000959432 0.0009334 0.000853479 0.000695416 0.000458046 0.000129408 -0.000310798 -0.000897221 -0.00163527 -0.00252418 -0.00355134 -0.00472089 -0.00598797 -0.00730232 -0.00856753 -0.00969535 -0.0105672 -0.0110387 -0.0109681 -0.010196 -0.00864567 -0.00624132 -0.00299966 0.00103164 0.00572877 0.0108849 0.0162412 0.0215312 0.0265079 0.0309251 0.0345556 0.0372603 0.0389879 0.0397175 0.0394967 0.0383906 0.0365569 0.0340808 0.0310518 0.0275357 0.0235437 0.0190932 0.0142271 0.0090185 0.00354543 -0.00212197 -0.00786231 -0.0135466 -0.0190476 -0.0241719 -0.0287789 -0.0327295 -0.0359436 -0.0383487 -0.0399114 -0.0406145 -0.040477 -0.0395669 -0.0380036 -0.0358701 -0.0333151 -0.0304607 -0.0274087 -0.0242881 -0.0212149 -0.0182644 -0.0155101 -0.0129884 -0.0107314 -0.00877818 -0.00712536 -0.00573716 -0.0045811 -0.00363958 -0.00288914 -0.00230531 -0.00184768 -0.00149209 -0.00122271 -0.00103573 -0.000902163 -0.00080512 -0.000733881 -0.000688858 -0.000661959 -0.000655842 -0.000653138 -0.000664209 -0.000695438 -0.000752272 -0.000834279 -0.00095869 -0.00113529 -0.00139053 -0.00173417 -0.00218076 -0.00275078 -0.0034869 -0.00441624 -0.00555902 -0.00693837 -0.00858935 -0.0105304 -0.0127714 -0.015286 -0.0180249 -0.0209656 -0.0240389 -0.0271375 -0.0301701 -0.0330135 -0.0355363 -0.0376469 -0.0391887 -0.0400519 -0.0401435 -0.0393884 -0.0377578 -0.0352811 -0.0319943 -0.0279678 -0.0232805 -0.0181064 -0.0125902 -0.0069133 -0.00124042 0.00431295 0.00964135 0.0146502 0.0192682 0.0234453 0.0271774 0.0304611 0.033307 0.0356874 0.0374857 0.0386268 0.0389887 0.0384844 0.0370349 0.034637 0.0313494 0.0272838 0.0226089 0.0175725 0.0124344 0.00746126 0.00288867 -0.00108709 -0.00431601 -0.0067428 -0.00833266 -0.00915353 -0.009283 -0.00887054 -0.00806849 -0.00700583 -0.00578449 -0.0044936 -0.00323909 -0.00208835 -0.00107304 -0.000184731 0.00057001 0.00118871 0.0016551 0.00200448 0.00226138 0.00245953 0.00259212 0.0026579 0.00269523 0.0027102 0.00272136 0.00270145 0.00268631 0.00266961 0.00264802 0.00262345 0.00260107 0.00260224 0.00258243 0.00256398 0.00254846 0.00255962 
0 8.87947e-05 0.00016489 0.000239605 0.000336952 0.000420605 0.000495785 0.000574456 0.000666972 0.000759217 0.000824752 0.000890915 0.000959022 0.00102337 0.00105069 0.00103918 0.00100264 0.000909983 0.000750161 0.00049225 0.000125078 -0.000364904 -0.00100694 -0.0018072 -0.00277514 -0.00389667 -0.00516569 -0.00654691 -0.00795678 -0.00932321 -0.0105154 -0.011419 -0.0118954 -0.0117598 -0.0108723 -0.00910611 -0.00643476 -0.00283759 0.00160164 0.00673545 0.0123628 0.0181826 0.0239149 0.029233 0.0338809 0.0376576 0.0403952 0.041988 0.0424509 0.041865 0.0403515 0.0380254 0.035044 0.0315268 0.0275517 0.0231765 0.0184336 0.0133721 0.00801434 0.00245658 -0.00321494 -0.00892398 -0.0145778 -0.0200241 -0.0251622 -0.0298198 -0.0338703 -0.0372276 -0.0398261 -0.0416151 -0.0425786 -0.0427172 -0.0420886 -0.0407453 -0.0388034 -0.0363807 -0.0335633 -0.030512 -0.027326 -0.0241124 -0.020998 -0.0180384 -0.0152798 -0.012805 -0.0106078 -0.00872215 -0.00711981 -0.005775 -0.00466457 -0.00377984 -0.00307251 -0.0025247 -0.00208514 -0.00175771 -0.00150725 -0.00133395 -0.00120587 -0.00111903 -0.0010564 -0.00102999 -0.00100792 -0.00101264 -0.00102756 -0.00107428 -0.00114923 -0.00126817 -0.00142524 -0.00165851 -0.00196826 -0.00239334 -0.00293131 -0.00363064 -0.00450776 -0.00559881 -0.00692649 -0.00851753 -0.0103818 -0.0125747 -0.0150466 -0.0177865 -0.020748 -0.0238507 -0.0270359 -0.0302153 -0.0332405 -0.0360265 -0.0384369 -0.0403474 -0.0416551 -0.0422494 -0.0420574 -0.0410284 -0.0391664 -0.0364936 -0.0330508 -0.0289196 -0.0242128 -0.0190261 -0.0135496 -0.00792225 -0.00227269 0.00328036 0.00863871 0.0137672 0.0185857 0.0230682 0.0271817 0.0309235 0.0342579 0.0371083 0.0394004 0.0409944 0.0417306 0.0414803 0.040175 0.0377893 0.0343668 0.0300513 0.0250699 0.0196413 0.014069 0.00861859 0.00359655 -0.000762872 -0.00433263 -0.00701788 -0.00882344 -0.00976901 -0.00997015 -0.00956773 -0.00872453 -0.00759088 -0.00627117 -0.00489224 -0.00354078 -0.00228228 -0.00116877 -0.000197155 0.000619923 0.00128439 0.00180499 0.00219691 0.00248438 0.00267849 0.0028299 0.00292514 0.00296324 0.00297132 0.00297059 0.00297937 0.0029631 0.00293677 0.00290426 0.00288553 0.00288004 0.0028619 0.00284595 0.00282331 0.00282013 0.00282208 
0 8.14547e-05 0.00016589 0.000274635 0.000361082 0.000445653 0.000521442 0.000624209 0.000718467 0.000804957 0.000891677 0.000959022 0.00102834 0.00108043 0.00112454 0.00111776 0.00106287 0.000949014 0.000776203 0.000508136 0.000102764 -0.000438063 -0.00113273 -0.00199273 -0.00303647 -0.00424292 -0.00561746 -0.00708593 -0.00859488 -0.0100447 -0.0113102 -0.012241 -0.0126855 -0.0124887 -0.0114524 -0.00949124 -0.00652621 -0.00258699 0.00224807 0.00782147 0.0138884 0.0201223 0.0262034 0.031811 0.0366596 0.0404976 0.0431561 0.0445652 0.0447243 0.043743 0.041727 0.0389126 0.0354316 0.0314248 0.0270211 0.0222846 0.0172753 0.0120524 0.00664765 0.00112226 -0.00448203 -0.0100792 -0.0155915 -0.0209402 -0.0259737 -0.0305949 -0.0346818 -0.0381568 -0.0409209 -0.0429399 -0.0441824 -0.0446261 -0.0442963 -0.0432677 -0.041568 -0.0393341 -0.036656 -0.0336509 -0.0304581 -0.0271952 -0.0239472 -0.0208169 -0.0178634 -0.015148 -0.0127139 -0.0105897 -0.00876188 -0.00721873 -0.00593689 -0.00488548 -0.00404174 -0.00337393 -0.00284716 -0.00244071 -0.0021366 -0.00191052 -0.00174618 -0.00162835 -0.0015493 -0.0015015 -0.00148548 -0.00149121 -0.00152279 -0.00158523 -0.00168522 -0.00182988 -0.00204031 -0.00233145 -0.00272329 -0.00323732 -0.00389333 -0.00471877 -0.00575219 -0.00702236 -0.00855242 -0.0103694 -0.0124867 -0.0149028 -0.0175979 -0.0205431 -0.0236571 -0.0268909 -0.0301534 -0.0333224 -0.0362996 -0.0389615 -0.0411541 -0.0428235 -0.0438298 -0.0440994 -0.0435915 -0.0422812 -0.0401805 -0.0373421 -0.033798 -0.0296412 -0.0249466 -0.019871 -0.0145171 -0.00902564 -0.00351865 0.0019412 0.00729035 0.0124726 0.0174307 0.0221527 0.0266285 0.0307945 0.0346082 0.0379943 0.0407749 0.0428407 0.043996 0.0440987 0.0429984 0.0406625 0.0371828 0.0327218 0.0274678 0.0216842 0.0156988 0.00983536 0.00439524 -0.000365645 -0.00426237 -0.00722675 -0.00921626 -0.0103115 -0.0105901 -0.0102166 -0.00934774 -0.00813549 -0.00673505 -0.00527945 -0.00385209 -0.00249076 -0.00127412 -0.000221281 0.000650805 0.00136086 0.00192053 0.00237647 0.00270017 0.00290775 0.00305471 0.00316138 0.00322922 0.0032355 0.00323914 0.0032284 0.00322243 0.00319271 0.00316334 0.0031527 0.00313071 0.00311425 0.0030889 0.00309878 0.003092 0.00308217 
0 8.8304e-05 0.00018616 0.000289132 0.000380656 0.000463865 0.000565248 0.000671353 0.000750922 0.000836016 0.000936183 0.00102337 0.00108043 0.00112901 0.00117037 0.00116456 0.00110626 0.000981453 0.000792148 0.0004907 4.61141e-05 -0.000533483 -0.0012791 -0.00220435 -0.00332924 -0.00463292 -0.00609644 -0.00765167 -0.00921859 -0.0107464 -0.0120694 -0.0130139 -0.0134177 -0.0131046 -0.0119246 -0.00975201 -0.00653614 -0.00225627 0.00296612 0.00892556 0.0153727 0.0219636 0.0283632 0.0341833 0.0391255 0.0429725 0.0455298 0.0466775 0.0464585 0.0450173 0.0425254 0.0391838 0.0351989 0.0307334 0.025919 0.0208659 0.01566 0.010361 0.00496082 -0.000482594 -0.0059251 -0.0113349 -0.0166628 -0.0218003 -0.0266882 -0.0312109 -0.0352691 -0.0387945 -0.0416998 -0.0439305 -0.0454564 -0.0462281 -0.0462551 -0.0455463 -0.0441608 -0.0421927 -0.0396995 -0.0368388 -0.0337157 -0.0304294 -0.0271132 -0.0238475 -0.0207081 -0.0178015 -0.015134 -0.0127675 -0.0107087 -0.00894789 -0.00746534 -0.00624498 -0.00524265 -0.00444929 -0.00381122 -0.00331711 -0.00293006 -0.0026472 -0.00243819 -0.00229616 -0.00219464 -0.00213978 -0.00210829 -0.00211812 -0.00215592 -0.00224146 -0.00237103 -0.00256799 -0.00283455 -0.00320286 -0.00367716 -0.00429917 -0.00507536 -0.00606042 -0.00726877 -0.00873204 -0.0104807 -0.0125336 -0.0148791 -0.0175388 -0.0204352 -0.0235456 -0.0268008 -0.030095 -0.0333547 -0.0364784 -0.0393204 -0.041786 -0.043727 -0.04506 -0.0457142 -0.0456303 -0.0447973 -0.0432079 -0.0409042 -0.0379268 -0.0343106 -0.0301631 -0.0255921 -0.020671 -0.0155332 -0.0102655 -0.00494602 0.000358096 0.00559348 0.0107553 0.015798 0.0207278 0.0255103 0.0300876 0.0343777 0.038258 0.0415859 0.0441686 0.0457684 0.046206 0.0453665 0.0431967 0.0397405 0.0351622 0.0297012 0.0236253 0.0173084 0.0110725 0.00525901 0.000143461 -0.00409564 -0.0073256 -0.00953576 -0.0107683 -0.0111427 -0.0108115 -0.00993793 -0.00868666 -0.00720841 -0.00567836 -0.0041622 -0.00270705 -0.00140598 -0.00028156 0.000659001 0.00142966 0.00203545 0.00251493 0.00287521 0.00310923 0.00326969 0.00337529 0.00344852 0.00348771 0.00349098 0.0034748 0.00345627 0.00344911 0.00343435 0.00341355 0.00338869 0.00336523 0.00336021 0.00336185 0.00335855 0.00334395 
0 0.000106189 0.000192759 0.000286999 0.000376808 0.000480216 0.000583855 0.00069162 0.000772715 0.000858264 0.000962645 0.00105069 0.00112454 0.00117037 0.00119452 0.00117553 0.00112318 0.000997054 0.000771342 0.000426339 -4.83494e-05 -0.000662686 -0.00146366 -0.00246135 -0.00366156 -0.00504117 -0.00659186 -0.00821794 -0.00985933 -0.0114412 -0.0127994 -0.0137371 -0.0140834 -0.0136761 -0.0123295 -0.00995187 -0.00646381 -0.00187196 0.00369611 0.0100106 0.0167844 0.0236606 0.0302845 0.0362629 0.0412592 0.0450103 0.0473431 0.0481911 0.0475935 0.0457053 0.0426913 0.0388391 0.0343621 0.0294561 0.0242922 0.0189834 0.0136258 0.00828847 0.00296431 -0.00232251 -0.00756495 -0.0127336 -0.0177938 -0.0226901 -0.0273447 -0.031709 -0.0357036 -0.0392609 -0.0422717 -0.0446904 -0.0464713 -0.0475573 -0.0479348 -0.0476194 -0.0466011 -0.0449609 -0.0427427 -0.0400649 -0.0370547 -0.0338228 -0.0304729 -0.0271232 -0.0238587 -0.0207668 -0.0178903 -0.0152898 -0.012988 -0.0109999 -0.0093067 -0.00788367 -0.00670954 -0.00576465 -0.00500768 -0.00441202 -0.00394562 -0.00359153 -0.00332946 -0.00314259 -0.00301328 -0.00293579 -0.00290458 -0.0029197 -0.00297924 -0.00308955 -0.00325693 -0.0034986 -0.00383323 -0.00428383 -0.0048646 -0.00560715 -0.00653719 -0.00769025 -0.00909252 -0.0107699 -0.0127422 -0.0150291 -0.0176145 -0.0204738 -0.0235502 -0.0268058 -0.0301434 -0.0334735 -0.036689 -0.0396692 -0.042307 -0.0444958 -0.0460948 -0.0470771 -0.0473642 -0.0469259 -0.0457667 -0.0439042 -0.0413898 -0.038295 -0.0346634 -0.0306032 -0.026187 -0.0215097 -0.0166324 -0.0116327 -0.00658124 -0.00150434 0.0035812 0.00867182 0.0137442 0.0188211 0.0238802 0.0288207 0.0335514 0.0379455 0.0417806 0.0448608 0.0469222 0.0477792 0.0472561 0.0452805 0.0419152 0.0373222 0.0317207 0.0254203 0.0188225 0.0122843 0.00613777 0.000676759 -0.00386819 -0.00736438 -0.00976916 -0.0111642 -0.0116384 -0.0113584 -0.0104971 -0.00922161 -0.00769565 -0.00608464 -0.00448501 -0.00295129 -0.00158248 -0.000389989 0.000627047 0.00147104 0.0021223 0.00262559 0.00300212 0.00327889 0.00347586 0.0035863 0.00365168 0.00369381 0.00372446 0.0037068 0.00368758 0.00367946 0.00366984 0.00364894 0.00362177 0.00362049 0.00361192 0.00360704 0.00359878 0.00361036 
0 0.000111336 0.000192724 0.000284525 0.00038955 0.000491974 0.000581978 0.0006857 0.000782556 0.000872426 0.000959432 0.00103918 0.00111776 0.00116456 0.00117553 0.00114918 0.00109061 0.000943199 0.000685074 0.000319756 -0.000174896 -0.000833001 -0.00170154 -0.00276816 -0.00402724 -0.00546792 -0.00708712 -0.00880284 -0.0105217 -0.0121474 -0.0135032 -0.0144132 -0.0147104 -0.0142038 -0.0127032 -0.0101089 -0.00636366 -0.00147905 0.00438875 0.0109867 0.0180187 0.0251199 0.031907 0.0379536 0.0429007 0.0464968 0.0485725 0.0490657 0.0480524 0.0457078 0.0422191 0.0378708 0.0329323 0.0276379 0.0221743 0.0166722 0.0112332 0.00591019 0.000687629 -0.00441801 -0.00940624 -0.0142848 -0.019043 -0.0236352 -0.0280301 -0.0321945 -0.0360702 -0.0396025 -0.0426904 -0.0452782 -0.0473145 -0.0487205 -0.0494626 -0.0495252 -0.0488969 -0.0476218 -0.0457227 -0.043311 -0.0404957 -0.0373726 -0.0340596 -0.0306713 -0.0273088 -0.0240727 -0.0210032 -0.0181735 -0.0156327 -0.0134053 -0.0114855 -0.00985615 -0.00849399 -0.00738575 -0.00648936 -0.00577262 -0.00520339 -0.00476737 -0.00444198 -0.00421142 -0.00405142 -0.00395492 -0.00391455 -0.00393297 -0.00400901 -0.00415214 -0.00436669 -0.00467415 -0.00509009 -0.00563692 -0.00633157 -0.00720949 -0.00829999 -0.0096452 -0.011261 -0.0131647 -0.0153759 -0.017899 -0.0207043 -0.0237564 -0.0269777 -0.0303233 -0.0336998 -0.0369904 -0.0400893 -0.0428826 -0.0452599 -0.0471257 -0.0483593 -0.0489359 -0.0488221 -0.0480118 -0.0465328 -0.0444174 -0.0417382 -0.0385697 -0.0349615 -0.0310245 -0.0268303 -0.0224256 -0.0178572 -0.0131714 -0.0084108 -0.00359258 0.00128814 0.00625649 0.0113165 0.016495 0.0217627 0.0270175 0.0321462 0.0369937 0.0413347 0.0449189 0.0474489 0.0487148 0.0485462 0.0468432 0.0436319 0.0390728 0.0334101 0.0269762 0.0201812 0.0133854 0.00694652 0.00119511 -0.00362123 -0.00735142 -0.00996131 -0.0115121 -0.0120976 -0.0118772 -0.011033 -0.00974575 -0.00817819 -0.00650443 -0.00482833 -0.00322973 -0.00179589 -0.000529487 0.000559136 0.00145342 0.00214485 0.00268647 0.00309535 0.00339611 0.00361949 0.00375471 0.0038233 0.00386301 0.00390305 0.00391197 0.00390083 0.00388533 0.00387138 0.00385986 0.00385118 0.00385607 0.00384899 0.00383661 0.00383715 0.00386647 
0 9.59513e-05 0.000177607 0.000276496 0.000387159 0.00047525 0.000552869 0.000652892 0.000756775 0.000851098 0.0009334 0.00100264 0.00106287 0.00110626 0.00112318 0.00109061 0.000997197 0.000815361 0.000541014 0.000158246 -0.000378306 -0.00109534 -0.00202099 -0.00314769 -0.00446849 -0.0059713 -0.00764985 -0.00943638 -0.0112111 -0.0128585 -0.0142014 -0.0150752 -0.0153087 -0.01469 -0.0130299 -0.010225 -0.00625089 -0.00113064 0.00497575 0.0118068 0.0190364 0.0262712 0.0331129 0.039133 0.0439628 0.0473471 0.0491208 0.0492376 0.047803 0.0450015 0.0410519 0.036251 0.0309121 0.0252911 0.0195861 0.0139409 0.00845774 0.00318806 -0.00188298 -0.00675828 -0.0114565 -0.0160162 -0.0204499 -0.0247219 -0.0288297 -0.0327569 -0.0364759 -0.0399421 -0.0430667 -0.045788 -0.0480449 -0.0497427 -0.0508331 -0.0512771 -0.0510562 -0.0501792 -0.0486496 -0.0465599 -0.0439995 -0.0410496 -0.037828 -0.03445 -0.0310313 -0.027682 -0.0244484 -0.0214142 -0.0186472 -0.0161834 -0.014027 -0.0121703 -0.0105962 -0.00930164 -0.00824799 -0.00740015 -0.00672137 -0.00619466 -0.00579346 -0.00550395 -0.00530113 -0.00518062 -0.00513381 -0.00516331 -0.0052641 -0.00544568 -0.00571125 -0.00608784 -0.00659303 -0.00725217 -0.00808272 -0.00912079 -0.0103945 -0.0119461 -0.0137836 -0.0159186 -0.0183664 -0.0211205 -0.0241336 -0.0273524 -0.0306844 -0.0340759 -0.0374349 -0.0406304 -0.0435522 -0.0460937 -0.0481515 -0.0496451 -0.0504798 -0.0506403 -0.0501306 -0.0489632 -0.0471857 -0.0448492 -0.042042 -0.0388436 -0.0353077 -0.03153 -0.0275777 -0.0234695 -0.0192404 -0.0149098 -0.0104914 -0.00597105 -0.00131194 0.00352106 0.00853609 0.0137621 0.0191711 0.0246749 0.0301539 0.0354225 0.040231 0.0442817 0.047267 0.0489537 0.0491595 0.0477612 0.044769 0.0403375 0.0347086 0.0282163 0.0212891 0.0143115 0.00766077 0.00168459 -0.00336 -0.00730989 -0.0101268 -0.0118334 -0.0125244 -0.0123693 -0.0115627 -0.0102834 -0.00869432 -0.0069761 -0.0052361 -0.00357287 -0.00207382 -0.000741452 0.000411779 0.0013529 0.00208824 0.00268226 0.00314024 0.00345859 0.00368689 0.00385188 0.00395545 0.00400593 0.0040378 0.00406282 0.00407108 0.00406077 0.00404765 0.00404852 0.00405348 0.00405428 0.00405589 0.00406109 0.00407578 0.00409974 
0 8.26512e-05 0.000163413 0.000263576 0.000353751 0.000433828 0.000510222 0.000602862 0.00068593 0.000767218 0.000853479 0.000909983 0.000949014 0.000981453 0.000997054 0.000943199 0.000815361 0.000620615 0.000334171 -9.1824e-05 -0.000687041 -0.00145367 -0.00241464 -0.00359653 -0.00498941 -0.00656429 -0.00830697 -0.0101279 -0.011932 -0.0135853 -0.0149249 -0.0157586 -0.0159034 -0.0151702 -0.0133496 -0.0103688 -0.00620104 -0.000906185 0.00536983 0.0123625 0.0197082 0.0269945 0.0337978 0.0397029 0.044353 0.0474778 0.0489195 0.0486604 0.0468079 0.0435766 0.0391954 0.0340119 0.0283338 0.0224403 0.0165606 0.0108362 0.00536293 0.000186172 -0.00470759 -0.00933666 -0.0137387 -0.0179611 -0.022039 -0.025991 -0.0297928 -0.0334735 -0.0370173 -0.0403817 -0.0434914 -0.0463001 -0.0487294 -0.0506883 -0.0520993 -0.0529298 -0.0531188 -0.0526573 -0.0515407 -0.0498099 -0.0475503 -0.0448385 -0.0417552 -0.0384446 -0.0350308 -0.0316027 -0.0282448 -0.0250313 -0.022044 -0.0193475 -0.0169541 -0.0148565 -0.0130655 -0.0115643 -0.0103325 -0.00932956 -0.00852404 -0.00788913 -0.00740948 -0.00705476 -0.00681176 -0.00666216 -0.00660674 -0.00663837 -0.00676524 -0.00698552 -0.00731864 -0.00777826 -0.00839202 -0.00917863 -0.0101622 -0.0113691 -0.0128485 -0.0146172 -0.0166905 -0.019069 -0.0217464 -0.0247105 -0.0279113 -0.0312494 -0.034655 -0.0380552 -0.0413373 -0.0443899 -0.0470804 -0.0493003 -0.0509911 -0.0520738 -0.0524804 -0.0522335 -0.0513416 -0.0498494 -0.0478081 -0.045296 -0.0423989 -0.0392046 -0.0357757 -0.0321927 -0.0284907 -0.0247112 -0.020832 -0.0168632 -0.0128006 -0.00859461 -0.00417704 0.000488875 0.00542016 0.0106471 0.0161607 0.0218588 0.0276201 0.0332567 0.0384623 0.0429348 0.0463451 0.0484526 0.0490346 0.0479551 0.0452284 0.0409976 0.035485 0.0290275 0.0220457 0.0149717 0.00819144 0.00205472 -0.00316127 -0.00730751 -0.0103019 -0.0121647 -0.0129545 -0.0128684 -0.0121141 -0.0108527 -0.00925906 -0.00750428 -0.00571706 -0.00398667 -0.00241771 -0.00103572 0.000164697 0.00116354 0.00195787 0.00259703 0.00308561 0.00343195 0.00367433 0.00386219 0.00400367 0.00407672 0.00411599 0.00414053 0.00417296 0.00418481 0.00419042 0.0042043 0.0042096 0.00421832 0.00423115 0.00426887 0.00429136 0.00430757 
