0 0 0 0 0 0 0 0 0 0 0 0 0 0 0 0 0 0 0 0 0 0 0 0 0 0 0 0 0 0 0 0 0 0 0 0 0 0 0 0 0 0 0 0 0 0 0 0 0 0 0 0 0 0 0 0 0 0 0 0 0 0 0 0 0 0 0 0 0 0 0 0 0 0 0 0 0 0 0 0 0 0 0 0 0 0 0 0 0 0 0 0 0 0 0 0 0 0 0 0 0 0 0 0 0 0 0 0 0 0 0 0 0 0 0 0 0 0 0 0 0 0 0 0 0 0 0 0 0 0 0 0 0 0 0 0 0 0 0 0 0 0 0 0 0 0 0 0 0 0 0 0 0 0 0 0 0 0 0 0 0 0 0 0 0 0 0 0 0 0 0 0 0 0 0 0 0 0 0 0 0 0 0 0 0 0 0 0 0 0 0 0 0 0 0 0 0 0 0 0 
0 2.98434e-05 3.78169e-05 3.63309e-05 5.80377e-05 8.31221e-05 0.000106696 0.000111648 0.000113265 0.000132418 0.000163684 0.000187448 0.000185499 0.000197869 0.000224804 0.00026309 0.000292155 0.000307708 0.000329233 0.000366035 0.000425096 0.000472571 0.00051256 0.000552461 0.000618093 0.000708833 0.000801887 0.0008917 0.000991888 0.00112206 0.0012805 0.00146494 0.00164546 0.00182024 0.00199721 0.0021872 0.00235683 0.00248479 0.00254809 0.00252538 0.00242613 0.00224305 0.00198132 0.0016259 0.00117408 0.000641274 6.99544e-05 -0.000509893 -0.00108013 -0.0016364 -0.00216023 -0.00264655 -0.00306883 -0.00341919 -0.00369235 -0.0038695 -0.00398012 -0.00402192 -0.00399983 -0.00391646 -0.00376318 -0.00353532 -0.00324619 -0.00291353 -0.00256982 -0.00221308 -0.0018686 -0.00154863 -0.00125516 -0.000989622 -0.000761679 -0.000578504 -0.000428684 -0.000306246 -0.000207266 -0.000122678 -6.13056e-05 -2.23525e-05 1.05125e-05 2.66233e-05 3.46594e-05 4.16051e-05 4.98345e-05 5.29234e-05 5.58912e-05 5.46592e-05 5.3988e-05 5.37249e-05 5.24424e-05 4.09097e-05 3.82228e-05 4.00682e-05 4.65273e-05 5.36053e-05 5.49573e-05 5.01043e-05 5.13062e-05 4.52855e-05 4.14507e-05 3.8649e-05 4.07789e-05 5.05838e-05 6.19509e-05 6.10564e-05 5.9573e-05 5.30011e-05 5.25135e-05 5.55243e-05 5.63262e-05 5.59099e-05 6.48458e-05 7.28309e-05 8.11548e-05 8.00341e-05 7.50448e-05 7.16556e-05 7.98904e-05 8.46388e-05 8.46705e-05 8.42464e-05 8.08298e-05 7.00173e-05 5.98374e-05 3.06222e-05 -6.48857e-06 -5.23051e-05 -0.000124901 -0.000219838 -0.000337893 -0.000491425 -0.00068305 -0.000917666 -0.00119019 -0.0015019 -0.00185259 -0.0022308 -0.00263341 -0.00302093 -0.00337327 -0.00366724 -0.00388897 -0.0040301 -0.00409453 -0.0040906 -0.00401637 -0.00385107 -0.00362102 -0.00331189 -0.00292115 -0.00246647 -0.00196474 -0.00143615 -0.000872564 -0.000282419 0.000304807 0.000861 0.00137276 0.00181132 0.00216216 0.00241951 0.00259865 0.00268679 0.00269301 0.0026201 0.00248893 0.00232951 0.0021532 0.00197497 0.00179276 0.00161016 0.00143658 0.00129766 0.00117793 0.00107075 0.000969377 0.000881787 0.000807282 0.000754444 0.000716379 0.000664629 0.000616215 0.000576127 0.000560512 0.000545144 0.000521662 0.000491404 0.000469503 0.000470524 0.000465973 0.000453207 0.00042915 0.000421383 0.000428004 0.00042776 0.000412138 0.000393465 0.00039827 0.000404505 0.000402021 0.000386837 
0 3.78169e-05 5.45657e-05 8.13057e-05 0.000110139 0.000146121 0.000176889 0.000213328 0.000239494 0.000266289 0.000318453 0.000358935 0.000395591 0.000428959 0.00047628 0.000529082 0.000583176 0.000642097 0.000685466 0.000752381 0.000833107 0.000926493 0.00102077 0.00111557 0.00124582 0.00140374 0.00159273 0.00179117 0.00202088 0.00228817 0.00258957 0.00294196 0.00330707 0.0036661 0.00402908 0.00437884 0.00468565 0.00491059 0.00502382 0.0049872 0.0047761 0.00441074 0.00385991 0.00313952 0.0022408 0.00120703 0.000102174 -0.00105368 -0.00220135 -0.00329232 -0.00430428 -0.00524348 -0.00606719 -0.00674251 -0.00725684 -0.0076335 -0.00786363 -0.00795833 -0.00791726 -0.00776236 -0.00746838 -0.00703441 -0.00649239 -0.00586076 -0.00516203 -0.00445016 -0.00376094 -0.00310901 -0.00253592 -0.00201467 -0.00156041 -0.00118417 -0.000880831 -0.000630234 -0.000427315 -0.000257466 -0.000148206 -4.97424e-05 1.06659e-05 4.64107e-05 7.77834e-05 9.19966e-05 9.74676e-05 0.000117231 0.000101326 9.51965e-05 9.78907e-05 9.77499e-05 0.000102819 0.000103255 9.23971e-05 9.92573e-05 9.98095e-05 9.57061e-05 8.76712e-05 8.38351e-05 9.00933e-05 0.000102718 0.000105814 0.000102951 9.80931e-05 0.000102046 0.00010312 0.000103789 0.000101201 0.00010476 0.000121074 0.000133026 0.000127838 0.00012671 0.000119296 0.00013257 0.000151447 0.00014873 0.000148506 0.000159458 0.000159462 0.000180552 0.000175511 0.000160479 0.000155249 0.000137342 9.95218e-05 5.82607e-05 -2.17903e-05 -0.000119433 -0.000269362 -0.000460841 -0.000704433 -0.00100584 -0.00138224 -0.00184699 -0.00241506 -0.00304387 -0.00375387 -0.00451839 -0.00528645 -0.00602971 -0.00671901 -0.00729374 -0.00772518 -0.00800033 -0.00811279 -0.00808737 -0.00791341 -0.00760519 -0.00714537 -0.00653215 -0.00577523 -0.00489912 -0.00391216 -0.00285347 -0.00174109 -0.00060746 0.000536312 0.00163184 0.00264518 0.00352503 0.00421633 0.00474642 0.00509896 0.00529142 0.00532548 0.00521084 0.00498137 0.00467144 0.0043232 0.00396702 0.00361003 0.00325551 0.00290656 0.00261043 0.00235733 0.00213093 0.00194583 0.00177127 0.00162265 0.00150108 0.00141749 0.00133788 0.00125242 0.00118734 0.00112888 0.0010938 0.00105338 0.00100927 0.000968643 0.000938222 0.000924221 0.000898423 0.000873219 0.000845867 0.000837364 0.000833129 0.000813076 0.000799483 0.000791577 0.000794439 0.000787081 0.000782565 
0 3.63309e-05 8.13057e-05 0.000131486 0.000189545 0.000209225 0.000255052 0.000319309 0.000376684 0.000418422 0.000462187 0.000530254 0.000587483 0.000666204 0.000722628 0.000783196 0.000863293 0.000958884 0.00105863 0.0011449 0.00126174 0.00138834 0.00155059 0.00172104 0.00191654 0.00214771 0.00241522 0.00273163 0.00309729 0.00350685 0.00394768 0.00445577 0.00499219 0.00553943 0.00606991 0.00657489 0.0069791 0.00726404 0.00739473 0.00730226 0.00697278 0.00636869 0.00551574 0.00441619 0.00309126 0.00157872 -3.70787e-05 -0.00169709 -0.00334323 -0.00493438 -0.00640274 -0.00773701 -0.00888851 -0.0098572 -0.01064 -0.0111859 -0.0115487 -0.0117088 -0.0116762 -0.0114676 -0.0110686 -0.0104651 -0.00968352 -0.00875949 -0.00777146 -0.00672547 -0.00569995 -0.00474076 -0.00386483 -0.00307595 -0.00239556 -0.00183735 -0.00137242 -0.000987826 -0.000676828 -0.00041817 -0.000231423 -0.000106186 -5.47417e-08 6.26505e-05 0.000102479 0.000132327 0.000155587 0.000157435 0.000152859 0.00014204 0.000143013 0.000154273 0.000166059 0.000147985 0.000142473 0.000139759 0.000142345 0.000145399 0.000140057 0.000130602 0.000147083 0.000150102 0.000153257 0.000147718 0.000143567 0.000153092 0.000167908 0.000159445 0.000159376 0.000156119 0.000171998 0.000192246 0.000196289 0.000186477 0.000194332 0.000203278 0.000221172 0.000223767 0.000222667 0.000226387 0.000253235 0.000264229 0.000255122 0.000241254 0.000222352 0.000187316 0.000151819 6.31679e-05 -5.81324e-05 -0.000213609 -0.000445288 -0.000738334 -0.00109531 -0.00155404 -0.00213279 -0.00284997 -0.00369097 -0.00464541 -0.00569872 -0.00680685 -0.007951 -0.00903474 -0.0100142 -0.0108323 -0.011448 -0.0118274 -0.0119719 -0.0119052 -0.0116328 -0.01112 -0.0104422 -0.00956649 -0.00847785 -0.00720668 -0.00578936 -0.00428523 -0.00268831 -0.00102866 0.000624052 0.00220747 0.00369218 0.00499834 0.00607029 0.00687771 0.00744902 0.00776017 0.00784719 0.0077214 0.00742236 0.00700665 0.0065044 0.00597949 0.00545327 0.0049362 0.00443149 0.00399105 0.00359174 0.00324681 0.00295423 0.00270922 0.00247881 0.00228272 0.00213905 0.00200557 0.0019035 0.00179782 0.00171127 0.00162879 0.00157301 0.00152721 0.00146883 0.00141984 0.00136785 0.00134869 0.00132015 0.00128775 0.00125436 0.00123265 0.00122537 0.00121114 0.00120402 0.00117824 0.0011729 0.00118134 
0 5.80377e-05 0.000110139 0.000189545 0.000255417 0.000304751 0.000351414 0.000432305 0.000507158 0.000563683 0.000635833 0.000697899 0.000779603 0.000873477 0.000970921 0.00105349 0.00114574 0.00127844 0.00141016 0.00156034 0.00170963 0.00188389 0.00209884 0.00234332 0.00263217 0.00294355 0.00330895 0.00373148 0.00423635 0.00479906 0.00539245 0.00605469 0.00674879 0.00744364 0.00812585 0.00873807 0.00921821 0.00951655 0.0096005 0.00940751 0.00888583 0.00804838 0.00686156 0.00537714 0.00361844 0.00166664 -0.000382792 -0.00250037 -0.00459206 -0.00656943 -0.00838804 -0.0100556 -0.0115133 -0.0127244 -0.0136837 -0.0144246 -0.0149299 -0.0151958 -0.0152091 -0.0149938 -0.0145103 -0.0137574 -0.0127875 -0.0116389 -0.0103567 -0.00902526 -0.0077071 -0.00643591 -0.00528452 -0.00422811 -0.00330099 -0.00252906 -0.00190106 -0.00138319 -0.000962004 -0.000611124 -0.00036822 -0.00016205 -2.73108e-05 5.42595e-05 0.000119002 0.000155839 0.00017996 0.00022054 0.000205257 0.000198674 0.000202616 0.000199342 0.000199506 0.000190217 0.000170646 0.000185276 0.000196746 0.000198966 0.000188949 0.000179152 0.000182876 0.000195302 0.000194811 0.000188043 0.000185071 0.000200887 0.000214019 0.000220352 0.000214468 0.000212812 0.000231273 0.000246686 0.000240833 0.000243757 0.000242603 0.00027278 0.000308283 0.000304883 0.000299389 0.000309425 0.000309031 0.000340204 0.000332377 0.000305942 0.000286977 0.000240634 0.000157075 5.42332e-05 -0.000117145 -0.000331487 -0.000645849 -0.00104773 -0.00155587 -0.00218712 -0.00296766 -0.003917 -0.0050487 -0.00629539 -0.00767929 -0.00914792 -0.0106076 -0.0119931 -0.0132455 -0.0142674 -0.0150081 -0.0154451 -0.0155744 -0.0154374 -0.0150245 -0.0143618 -0.0134481 -0.0122972 -0.0109303 -0.00937514 -0.00762566 -0.00572502 -0.00370035 -0.00161415 0.000491988 0.00252287 0.00443254 0.0061477 0.00757851 0.00873208 0.00954901 0.0100319 0.0102008 0.0101012 0.00979666 0.00932146 0.00871814 0.00804499 0.00735358 0.00668014 0.00603113 0.00545511 0.00492117 0.00442506 0.00402058 0.00367529 0.00338199 0.00311499 0.00289367 0.00269962 0.00253895 0.00242261 0.00229649 0.00218497 0.00208744 0.00202247 0.00196792 0.00189907 0.00183868 0.00178934 0.00176814 0.00173229 0.00169376 0.00166231 0.00163712 0.0016318 0.0016121 0.00158833 0.00156819 0.00157742 
0 8.31221e-05 0.000146121 0.000209225 0.000304751 0.000375995 0.000454673 0.00053353 0.000614346 0.000706889 0.000806897 0.000903456 0.000978802 0.00110149 0.00122851 0.00135047 0.00147256 0.00161639 0.00179103 0.00197582 0.00218951 0.00240899 0.00268199 0.00299963 0.00337296 0.00379291 0.00426267 0.00481144 0.00545288 0.00616605 0.00691557 0.00773131 0.0085675 0.00939842 0.0101794 0.0108695 0.0113593 0.0116143 0.0115983 0.0112349 0.0104991 0.00935037 0.00782203 0.00595201 0.00380265 0.00145079 -0.000994275 -0.00346535 -0.00588555 -0.00819008 -0.0102961 -0.012194 -0.0138368 -0.0152338 -0.0163975 -0.0172868 -0.0179449 -0.0183295 -0.0184278 -0.0182453 -0.0177549 -0.0169365 -0.0158294 -0.0144861 -0.0130025 -0.0114058 -0.00979635 -0.0082425 -0.00679026 -0.00546144 -0.00430002 -0.00333164 -0.00252546 -0.00185827 -0.00131316 -0.000861488 -0.000523019 -0.000276764 -8.23156e-05 3.99215e-05 0.000121515 0.000181629 0.000228767 0.000248641 0.000249328 0.000240445 0.000244919 0.000257867 0.000266249 0.000238984 0.00022664 0.000227655 0.000239204 0.000247791 0.000240828 0.000226914 0.000242157 0.000245295 0.000246709 0.000238254 0.000235377 0.00025358 0.000279085 0.000275401 0.000273334 0.000266354 0.000283294 0.000307712 0.00031505 0.000309007 0.00032354 0.000344182 0.000372643 0.000376365 0.000371889 0.000374324 0.000402829 0.000417865 0.000403445 0.000373677 0.000330401 0.000256564 0.000164623 3.91865e-07 -0.00022431 -0.000513906 -0.000922518 -0.00144077 -0.00207906 -0.0028865 -0.00389106 -0.00510972 -0.00651762 -0.00808365 -0.00978189 -0.0115416 -0.0133053 -0.014941 -0.0163775 -0.0175333 -0.0183542 -0.0188004 -0.0188801 -0.0186334 -0.0180753 -0.0171885 -0.0160748 -0.0147262 -0.013138 -0.0113306 -0.00931773 -0.00714656 -0.00480976 -0.00235793 0.000111342 0.00251098 0.00480567 0.00690604 0.00872994 0.0102112 0.0113275 0.0120261 0.0123527 0.0123504 0.0120829 0.0116025 0.0109305 0.0101506 0.00932546 0.00850531 0.00771057 0.00699203 0.00631039 0.00568345 0.00514257 0.00469892 0.00431166 0.0039742 0.00368976 0.00342374 0.00322039 0.003053 0.00291639 0.0027721 0.0026454 0.00254749 0.00246745 0.00240341 0.00231956 0.00225621 0.00219922 0.00216125 0.00212674 0.00208684 0.00204903 0.00201846 0.00201467 0.0019943 0.00197995 0.00197259 
0 0.000106696 0.000176889 0.000255052 0.000351414 0.000454673 0.000551512 0.000651619 0.000741821 0.000842646 0.000976601 0.00109716 0.0012094 0.0013362 0.00148509 0.00164027 0.00180579 0.00199419 0.0021866 0.00241402 0.002676 0.00297519 0.00332029 0.00371074 0.00417383 0.00470174 0.00531079 0.00600209 0.00678845 0.00764486 0.00854127 0.00950075 0.0104708 0.0113973 0.0122396 0.0129233 0.0133641 0.013508 0.0133197 0.0127317 0.0116967 0.0102227 0.00831737 0.00606518 0.00354249 0.00085653 -0.00188816 -0.00464603 -0.00731926 -0.00980755 -0.0120587 -0.0140848 -0.0158548 -0.0173662 -0.0186399 -0.0196973 -0.0205148 -0.021052 -0.0212744 -0.0211835 -0.0207341 -0.0199106 -0.018753 -0.0173049 -0.0156282 -0.0138143 -0.0119563 -0.0101261 -0.0084138 -0.00682929 -0.00542086 -0.00422542 -0.00322934 -0.00240137 -0.00172302 -0.00116601 -0.000751192 -0.000417449 -0.000175079 -1.11112e-05 0.000111933 0.000194452 0.000250442 0.000296004 0.000285174 0.000276213 0.000285206 0.000296636 0.000307217 0.000297812 0.000278528 0.000286144 0.000292872 0.00028775 0.000270727 0.000260008 0.00027433 0.000299235 0.000308749 0.000301546 0.000292876 0.000301288 0.000312125 0.000316173 0.0003138 0.000320364 0.000351299 0.000379607 0.000381716 0.000378909 0.000375184 0.000401093 0.000437329 0.000442701 0.000445033 0.000459744 0.000469909 0.000491646 0.000467533 0.000414523 0.000354874 0.000259031 0.000115771 -8.0832e-05 -0.00037072 -0.000746029 -0.0012614 -0.00191045 -0.00271414 -0.00370856 -0.00492894 -0.00639659 -0.00810074 -0.00996186 -0.0119597 -0.0140086 -0.0159899 -0.0178048 -0.0193779 -0.0206111 -0.021441 -0.0218344 -0.0217978 -0.0213889 -0.0206336 -0.0195815 -0.0182804 -0.0167561 -0.0150211 -0.0130796 -0.0109111 -0.00854327 -0.00599798 -0.00333184 -0.000599176 0.00211415 0.00475553 0.00722621 0.00940683 0.0112507 0.012681 0.0136715 0.0142367 0.0144136 0.0142591 0.0138117 0.0131278 0.0122944 0.0113859 0.010447 0.00950283 0.00862143 0.00779593 0.00703603 0.00638154 0.00580734 0.00530522 0.00487143 0.00451885 0.00420971 0.00393922 0.00371855 0.00352583 0.0033677 0.00322248 0.0030915 0.00297815 0.00288489 0.00281018 0.0027316 0.00265824 0.00259335 0.00255659 0.0025247 0.00247318 0.0024341 0.00241593 0.00240953 0.00239007 0.00237432 
0 0.000111648 0.000213328 0.000319309 0.000432305 0.00053353 0.000651619 0.000781484 0.000893491 0.00100006 0.00113514 0.00128942 0.00143301 0.001582 0.00173908 0.00192306 0.00213931 0.00237224 0.00260967 0.00287875 0.0032127 0.00359633 0.0040285 0.00450822 0.0050707 0.00572793 0.00647758 0.00731287 0.00823397 0.00922661 0.0102685 0.0113588 0.0124259 0.0134048 0.0142419 0.0148757 0.0152069 0.0151767 0.0147392 0.013833 0.0124425 0.0105802 0.00829832 0.00567961 0.00282123 -0.000160666 -0.00314462 -0.00605855 -0.00882457 -0.0113757 -0.0136666 -0.0157115 -0.0175044 -0.0190708 -0.0204422 -0.0216148 -0.0225854 -0.0232958 -0.0236964 -0.0237584 -0.0234283 -0.0226709 -0.0215138 -0.0200085 -0.0182358 -0.0162651 -0.0142024 -0.0121399 -0.0101613 -0.00831382 -0.00666075 -0.00524293 -0.00404702 -0.00304748 -0.0022215 -0.00154361 -0.00101951 -0.00061422 -0.000305709 -9.12009e-05 6.37101e-05 0.000177754 0.000262463 0.000313662 0.000324178 0.000323213 0.000334532 0.000350158 0.000355593 0.000332528 0.000314642 0.000319247 0.000334533 0.000340989 0.000330109 0.000316934 0.000327658 0.000339211 0.000342811 0.000334447 0.000331754 0.000350137 0.000375371 0.000381045 0.000378544 0.000376485 0.00039675 0.000423183 0.000433759 0.000434791 0.00044767 0.000476521 0.000510601 0.000518695 0.000516186 0.000520051 0.000535436 0.000542036 0.000509678 0.00044622 0.000359213 0.000228867 4.78864e-05 -0.000217358 -0.000582162 -0.00105664 -0.00168771 -0.00247966 -0.00345191 -0.0046515 -0.00611352 -0.00784726 -0.00981662 -0.0119537 -0.0142052 -0.0164744 -0.01865 -0.0206002 -0.0222337 -0.0234601 -0.0242202 -0.0244834 -0.024276 -0.0236677 -0.0227118 -0.0214584 -0.0200021 -0.0183677 -0.0165526 -0.0145485 -0.0123392 -0.00993618 -0.00732753 -0.00454101 -0.00163824 0.00130641 0.00423585 0.00703766 0.00958674 0.0117957 0.0135989 0.0149388 0.0158133 0.0162345 0.0162469 0.0159059 0.0152747 0.0144502 0.0135004 0.0124692 0.0114005 0.0103764 0.00941256 0.00852712 0.00773642 0.00702813 0.00639256 0.00585097 0.00541376 0.00503426 0.00470053 0.0044049 0.00415972 0.00396376 0.00380238 0.00364992 0.00350121 0.00338127 0.00329143 0.00321991 0.00313566 0.00305128 0.00299418 0.00295758 0.00291516 0.00286853 0.00283828 0.00281438 0.00279668 0.00278618 
0 0.000113265 0.000239494 0.000376684 0.000507158 0.000614346 0.000741821 0.000893491 0.00103747 0.0011706 0.00131781 0.00148714 0.00165844 0.00184364 0.00203855 0.00225462 0.00250026 0.00276983 0.00306542 0.00340283 0.00380702 0.00426449 0.00478048 0.00536876 0.00605892 0.00685944 0.00775291 0.00873124 0.00979384 0.010932 0.012117 0.0133112 0.0144297 0.0154002 0.0161717 0.0166842 0.0168372 0.0165557 0.0157863 0.01449 0.0126859 0.010417 0.00775834 0.00479385 0.0016357 -0.00158066 -0.0047199 -0.00769282 -0.0104361 -0.0129106 -0.0151111 -0.0170709 -0.0188076 -0.0203528 -0.0217489 -0.0230056 -0.02412 -0.0250256 -0.0256524 -0.025934 -0.0257941 -0.0251823 -0.0241108 -0.0226284 -0.0208131 -0.0187411 -0.0165209 -0.0142585 -0.0120432 -0.00994854 -0.00804863 -0.00639663 -0.00499084 -0.00380896 -0.00282364 -0.00201355 -0.00136948 -0.000868692 -0.000484151 -0.000208835 -9.67831e-06 0.000140216 0.000254102 0.000323812 0.000353001 0.00036212 0.000377211 0.000394123 0.000396334 0.000373374 0.000357853 0.000363614 0.000381934 0.000389443 0.000378114 0.000364644 0.000372375 0.000383716 0.000387978 0.000380909 0.000379873 0.000398567 0.000425367 0.000435108 0.000434755 0.000434833 0.000452968 0.000477516 0.000490443 0.000494169 0.000511908 0.000544502 0.000578874 0.000589684 0.000585016 0.000581967 0.00059045 0.000583816 0.000539637 0.000456462 0.000335642 0.000161374 -7.82353e-05 -0.000416932 -0.000866871 -0.00145188 -0.00221112 -0.00316236 -0.00432682 -0.00574792 -0.00745461 -0.00944717 -0.0116734 -0.0140608 -0.0165314 -0.0189793 -0.021279 -0.0232916 -0.0249123 -0.0260521 -0.0266548 -0.0267089 -0.0262671 -0.0254202 -0.0242515 -0.0228296 -0.0212502 -0.0195468 -0.0177217 -0.0157576 -0.0136255 -0.0113018 -0.00875112 -0.00596835 -0.00299738 9.88108e-05 0.00324767 0.00633028 0.00922079 0.011814 0.0140284 0.0157779 0.0170246 0.0177603 0.0180224 0.0178719 0.0173751 0.0166156 0.0156587 0.0145612 0.0133978 0.012255 0.0111593 0.0101284 0.00918079 0.00832929 0.00757307 0.00692728 0.00638435 0.00590877 0.00549805 0.00514692 0.00485653 0.00460907 0.00440074 0.00421977 0.00405636 0.00391332 0.00379092 0.00369841 0.00361141 0.00352415 0.00344669 0.00338927 0.00334708 0.00330801 0.0032699 0.00322809 0.00320606 0.0032052 
0 0.000132418 0.000266289 0.000418422 0.000563683 0.000706889 0.000842646 0.00100006 0.0011706 0.00134557 0.00152554 0.00169676 0.00189431 0.0021176 0.00236854 0.00261927 0.00288761 0.00320383 0.00356705 0.00398869 0.00445644 0.00499516 0.00561303 0.00633289 0.0071645 0.00810279 0.00914268 0.0102744 0.0114908 0.012765 0.0140564 0.0153053 0.0164339 0.0173526 0.0180075 0.0183119 0.018194 0.0175735 0.0164055 0.0146797 0.0124195 0.00972286 0.00667114 0.00338278 -2.11767e-05 -0.0033879 -0.00658247 -0.0095182 -0.0121396 -0.0144195 -0.0164073 -0.018163 -0.0197449 -0.0211941 -0.0225558 -0.0238785 -0.0251184 -0.0262222 -0.0271005 -0.0276571 -0.0277831 -0.0274078 -0.0265161 -0.0251431 -0.0233393 -0.021221 -0.018889 -0.0164587 -0.0140459 -0.0117316 -0.0095978 -0.00770902 -0.00608304 -0.00470038 -0.00353814 -0.0025811 -0.00181383 -0.00119688 -0.000728028 -0.000374841 -0.000108898 8.69266e-05 0.00022675 0.000323019 0.00035775 0.000378261 0.000404689 0.000428966 0.000437846 0.00043202 0.000412837 0.000417754 0.000427486 0.00042427 0.000409599 0.000403301 0.000410482 0.000436229 0.000445962 0.000441587 0.000438337 0.000448526 0.000461847 0.000476285 0.000476166 0.000487861 0.000516174 0.000545137 0.000558945 0.000567796 0.000572271 0.000601449 0.000631929 0.000642897 0.00064363 0.000648323 0.000640385 0.000622703 0.000554269 0.000433009 0.000269326 4.64757e-05 -0.000268306 -0.000680885 -0.00123413 -0.00194937 -0.00285764 -0.0039835 -0.0053546 -0.00700171 -0.00895008 -0.01119 -0.0136682 -0.0162793 -0.0189309 -0.0215085 -0.0238503 -0.0258394 -0.0273621 -0.0283323 -0.0287014 -0.0284848 -0.0277575 -0.0266361 -0.0252298 -0.0236664 -0.0220046 -0.0202971 -0.0185441 -0.0167141 -0.0147612 -0.0126223 -0.0102487 -0.00760082 -0.00467405 -0.00151675 0.00178535 0.00511238 0.0083188 0.011302 0.0139358 0.0161356 0.0178152 0.0189469 0.019549 0.0196636 0.0193681 0.018728 0.0178198 0.0167115 0.0154955 0.0142523 0.0130285 0.0118459 0.0107485 0.00975223 0.00887294 0.00810426 0.00743414 0.00685504 0.00635604 0.00595265 0.00560452 0.00530122 0.00503037 0.0048099 0.00463634 0.00447221 0.00432068 0.00418285 0.00408676 0.00400211 0.00391785 0.00383693 0.0037726 0.00373838 0.00369902 0.00366149 0.00363121 0.00362662 
0 0.000163684 0.000318453 0.000462187 0.000635833 0.000806897 0.000976601 0.00113514 0.00131781 0.00152554 0.0017223 0.00192793 0.00214418 0.00240745 0.00268553 0.00297651 0.00330086 0.00367702 0.00412666 0.00461511 0.00517331 0.00581685 0.00657122 0.00744072 0.00840904 0.00948922 0.0106731 0.0119668 0.0133297 0.0147078 0.0160558 0.017305 0.0183869 0.019213 0.0196784 0.0197101 0.0192266 0.0181897 0.0165697 0.0143681 0.0116452 0.0084809 0.00504015 0.00144773 -0.00214062 -0.00558146 -0.0087451 -0.0115239 -0.0138939 -0.0158859 -0.0175572 -0.0189937 -0.0203078 -0.0215889 -0.0228954 -0.0242237 -0.0255794 -0.0268855 -0.0280415 -0.0289112 -0.0293699 -0.0293031 -0.0286581 -0.0274535 -0.0257657 -0.0236636 -0.0212762 -0.0187474 -0.0161618 -0.0136498 -0.0113042 -0.00918708 -0.00732994 -0.00573437 -0.00437865 -0.00325958 -0.0023368 -0.00161796 -0.00104175 -0.000598494 -0.000270533 -1.50688e-05 0.000176287 0.000281387 0.000357568 0.000394463 0.000425763 0.000462782 0.000475604 0.000459827 0.000455458 0.000450274 0.000459793 0.000464658 0.000454901 0.000446475 0.000459343 0.000469981 0.000479695 0.000478805 0.000478318 0.000490813 0.000514463 0.000521464 0.000529274 0.000539284 0.000559261 0.000589339 0.000613366 0.000616993 0.000640667 0.000662888 0.000683094 0.000700031 0.000696532 0.000682094 0.000679519 0.000623433 0.000527748 0.000377681 0.000158314 -0.000129078 -0.000505609 -0.00102893 -0.00169692 -0.00256253 -0.00363757 -0.00496002 -0.0065442 -0.00842249 -0.0106164 -0.013097 -0.015774 -0.0185753 -0.0213518 -0.0239727 -0.0263119 -0.0282109 -0.0295519 -0.0302676 -0.0303323 -0.0297795 -0.0287208 -0.0272985 -0.0256715 -0.0239476 -0.0222535 -0.0206214 -0.0190264 -0.017415 -0.0157415 -0.0139202 -0.0118432 -0.00942043 -0.00664225 -0.00352217 -0.00013859 0.0033825 0.00690401 0.0102526 0.0133258 0.0159866 0.0181445 0.01974 0.0207523 0.0212174 0.0211826 0.02073 0.0199397 0.018892 0.0176799 0.0163668 0.0150241 0.0137146 0.0124737 0.0113458 0.0103147 0.00939411 0.00858231 0.00788723 0.00730847 0.00680722 0.00638647 0.00600949 0.00569538 0.00543621 0.00522097 0.00503903 0.00485822 0.00470765 0.00457905 0.0044885 0.00440201 0.00431064 0.0042356 0.00417478 0.00414319 0.00410607 0.00407888 0.00405166 
0 0.000187448 0.000358935 0.000530254 0.000697899 0.000903456 0.00109716 0.00128942 0.00148714 0.00169676 0.00192793 0.00216834 0.00244542 0.00271827 0.00302555 0.0033708 0.00376856 0.00422536 0.00473337 0.005317 0.00597289 0.00675118 0.0076411 0.00865538 0.0097782 0.0110078 0.0123467 0.0137825 0.0152645 0.0167236 0.0180989 0.0193006 0.0202751 0.0209128 0.0211298 0.0208038 0.0199056 0.0183879 0.0162493 0.0135448 0.0103242 0.00673867 0.00292305 -0.000937932 -0.00467138 -0.00810609 -0.0111315 -0.0136733 -0.0157175 -0.0172922 -0.0185431 -0.0195904 -0.0205837 -0.021612 -0.022746 -0.0240704 -0.0255166 -0.0270322 -0.0284895 -0.029716 -0.0305381 -0.0308328 -0.0305133 -0.0295765 -0.0280411 -0.0260451 -0.0236822 -0.021087 -0.018392 -0.0157177 -0.013163 -0.0108194 -0.00874137 -0.00692853 -0.00536985 -0.00406667 -0.00298858 -0.00210949 -0.0014313 -0.000897 -0.000484239 -0.00016989 6.3107e-05 0.000238319 0.000337382 0.000404697 0.000451746 0.000478844 0.000483681 0.000489962 0.00047623 0.000488007 0.000502104 0.000503865 0.000496632 0.000495836 0.000488112 0.000506583 0.000510078 0.000511035 0.000518159 0.000534792 0.000548687 0.000575303 0.000577791 0.00059255 0.000612663 0.000631523 0.000645904 0.000669868 0.00068295 0.000720516 0.000747183 0.000753496 0.000740068 0.000719494 0.000665527 0.000595756 0.000470758 0.000274184 5.01107e-06 -0.000350322 -0.000844602 -0.00146901 -0.00227704 -0.00330298 -0.00455946 -0.00608611 -0.00791103 -0.0100379 -0.0124619 -0.0151428 -0.0180048 -0.0209224 -0.0237613 -0.0263951 -0.028632 -0.0303628 -0.0314581 -0.0318522 -0.0315292 -0.0305809 -0.0291547 -0.0274254 -0.0255665 -0.0237694 -0.02207 -0.0205375 -0.0191664 -0.0178925 -0.0166189 -0.0151821 -0.0134777 -0.0113914 -0.00884765 -0.00584347 -0.00246221 0.00119059 0.00495904 0.00869439 0.0121984 0.015349 0.0180016 0.0200973 0.0215953 0.0224768 0.022797 0.0225987 0.0219886 0.0210538 0.0198913 0.0185519 0.0171337 0.015708 0.0143415 0.0130597 0.0118825 0.0108086 0.00985028 0.00904196 0.00834197 0.00774756 0.00721796 0.0067812 0.00641764 0.00611061 0.00584446 0.00560675 0.00542673 0.00525653 0.00511216 0.00498057 0.00487959 0.00479719 0.00471294 0.00464398 0.00458233 0.0045575 0.00452479 0.00449137 
0 0.000185499 0.000395591 0.000587483 0.000779603 0.000978802 0.0012094 0.00143301 0.00165844 0.00189431 0.00214418 0.00244542 0.00275321 0.00306939 0.00341661 0.00383658 0.00431163 0.00482248 0.00541965 0.00610285 0.00689778 0.00780343 0.0088273 0.00998865 0.0112705 0.0126714 0.0141552 0.0157049 0.0172649 0.0187629 0.0201297 0.0212408 0.0220281 0.022412 0.0222804 0.0215551 0.0201758 0.0181329 0.0154468 0.0122043 0.00851477 0.00449519 0.000357522 -0.00371618 -0.00751937 -0.0108883 -0.0137127 -0.0159126 -0.0175227 -0.0186525 -0.0194289 -0.0199942 -0.0205555 -0.0212703 -0.0222325 -0.0234674 -0.0249783 -0.0266836 -0.0284372 -0.0300326 -0.031281 -0.0320019 -0.0320694 -0.0314505 -0.0301921 -0.0283536 -0.02606 -0.0234729 -0.0206888 -0.0178835 -0.0151737 -0.0126327 -0.0103328 -0.0082989 -0.00652412 -0.0050255 -0.00375605 -0.00274059 -0.00191544 -0.00125615 -0.000754183 -0.00035916 -6.06427e-05 0.000127546 0.000281322 0.000376478 0.000439422 0.00049444 0.00051692 0.000515945 0.000523302 0.000517321 0.000523115 0.00053229 0.000531266 0.000529961 0.000537929 0.000539197 0.000545989 0.000553063 0.000559834 0.000575083 0.000597885 0.000607483 0.000621665 0.000637068 0.000651815 0.000678397 0.000706862 0.000719864 0.000751134 0.000768738 0.000773679 0.000781227 0.000761171 0.000717585 0.000669973 0.000548617 0.000378394 0.000131597 -0.000221803 -0.000674414 -0.0012585 -0.00202814 -0.00298631 -0.00419608 -0.00564985 -0.0073979 -0.0094493 -0.0118044 -0.0144591 -0.0173389 -0.0203255 -0.0233364 -0.0261801 -0.0287118 -0.0307986 -0.032279 -0.0330322 -0.0330173 -0.0322671 -0.0308982 -0.0290967 -0.0270655 -0.0250204 -0.0231104 -0.0214621 -0.0201229 -0.0190555 -0.0181629 -0.0173375 -0.0163976 -0.0151563 -0.0134563 -0.0112262 -0.00843305 -0.00513252 -0.00141607 0.00258355 0.00664 0.0105802 0.0142086 0.0173827 0.0200135 0.0220244 0.0233968 0.0241317 0.0242762 0.0239107 0.0231413 0.0220767 0.0207664 0.0193209 0.0178256 0.0163266 0.014899 0.0135674 0.0123612 0.0112717 0.0103134 0.00948412 0.00876025 0.00815745 0.00763937 0.00721042 0.00683787 0.0065055 0.00623422 0.00601124 0.00583335 0.00565309 0.00549736 0.00536783 0.00527162 0.00520116 0.00511418 0.00504652 0.00499706 0.00497545 0.0049471 
0 0.000197869 0.000428959 0.000666204 0.000873477 0.00110149 0.0013362 0.001582 0.00184364 0.0021176 0.00240745 0.00271827 0.00306939 0.00343148 0.00385661 0.00434869 0.00488772 0.00548547 0.00618266 0.00700466 0.00793236 0.00899057 0.0101651 0.0114771 0.0129177 0.0144733 0.0160961 0.017737 0.0193284 0.0208054 0.0220917 0.0230467 0.0235997 0.0236456 0.0231065 0.0218859 0.019986 0.017392 0.0141458 0.0103818 0.00621041 0.00181303 -0.00261946 -0.00685192 -0.0106621 -0.0138746 -0.0164121 -0.0182348 -0.0193854 -0.0199629 -0.0201758 -0.0202048 -0.0202946 -0.020622 -0.0213105 -0.0224621 -0.0240116 -0.0258862 -0.0279222 -0.0298891 -0.0315604 -0.032747 -0.0332705 -0.0330572 -0.0320936 -0.0304943 -0.0283538 -0.0258253 -0.0230474 -0.0201771 -0.0173255 -0.0145981 -0.0120874 -0.00982911 -0.00783862 -0.00613524 -0.0046844 -0.00348203 -0.00251656 -0.00172816 -0.00110595 -0.000623785 -0.000264309 2.14788e-06 0.000185375 0.000316356 0.00040477 0.000464544 0.000499326 0.000534779 0.000540767 0.00054717 0.000545087 0.000538454 0.000534816 0.000543406 0.000542777 0.000564522 0.000575718 0.000586485 0.000594126 0.00059985 0.000599979 0.000621947 0.000635878 0.00066697 0.000696276 0.000719954 0.000737706 0.000760647 0.00076773 0.000785767 0.000790374 0.000786445 0.000760257 0.000709835 0.000604765 0.000450786 0.00022551 -9.54515e-05 -0.000527524 -0.00107718 -0.00180048 -0.00270138 -0.00383159 -0.00523779 -0.00691358 -0.00889268 -0.0111868 -0.0137689 -0.0166012 -0.0196094 -0.0226929 -0.0257206 -0.0285103 -0.0309126 -0.0327362 -0.0338742 -0.0342212 -0.0337627 -0.0325466 -0.0307413 -0.0285587 -0.0262253 -0.0239789 -0.0220504 -0.0204975 -0.0193888 -0.0186908 -0.018282 -0.0179889 -0.0175572 -0.0168207 -0.0156074 -0.0137752 -0.0112509 -0.00808026 -0.00434532 -0.000202264 0.00414664 0.00845931 0.0125617 0.016262 0.0194524 0.0220236 0.0239079 0.025124 0.0256771 0.0256481 0.0251227 0.024214 0.0229848 0.0215659 0.0200387 0.0184578 0.0168921 0.0154169 0.0140648 0.0128302 0.0117264 0.0107327 0.00988691 0.00917311 0.00857368 0.00804743 0.00759303 0.00721564 0.00689938 0.00664345 0.00640861 0.00621638 0.00605007 0.00590222 0.00577982 0.00568988 0.005616 0.00553051 0.00547355 0.00543608 0.00541365 
0 0.000224804 0.00047628 0.000722628 0.000970921 0.00122851 0.00148509 0.00173908 0.00203855 0.00236854 0.00268553 0.00302555 0.00341661 0.00385661 0.00434828 0.00490649 0.00553146 0.00624055 0.00707154 0.00801733 0.00909037 0.0103113 0.0116598 0.0131294 0.0147098 0.0163954 0.0181241 0.0198204 0.0213987 0.0227855 0.0239152 0.0246474 0.0248923 0.0245505 0.0235289 0.0217849 0.019329 0.0161791 0.0123878 0.00810686 0.0034936 -0.00126482 -0.0059228 -0.0102408 -0.0139922 -0.0170119 -0.01922 -0.0205859 -0.0211915 -0.0212042 -0.0208257 -0.0202658 -0.01982 -0.0197274 -0.0201366 -0.0211263 -0.0226767 -0.0246956 -0.0269947 -0.0293216 -0.0314314 -0.0330887 -0.0340862 -0.0343162 -0.0337645 -0.0324794 -0.0305609 -0.0281671 -0.0254251 -0.0225239 -0.0195934 -0.0167235 -0.0140245 -0.0115539 -0.00933879 -0.00741285 -0.0057493 -0.00436968 -0.00323504 -0.00230159 -0.00156222 -0.000976337 -0.000528243 -0.000203516 5.40763e-05 0.000235548 0.000352508 0.000434302 0.000479832 0.000510624 0.000532292 0.000536371 0.000540502 0.000552454 0.000562197 0.000570118 0.000569864 0.000565862 0.000568759 0.000583319 0.000598869 0.000617268 0.000634698 0.000650952 0.000669992 0.00069083 0.000703491 0.000722966 0.000748349 0.000773297 0.000800986 0.000811085 0.000798421 0.000780434 0.000728874 0.000637991 0.000503298 0.000288497 3.07283e-06 -0.000385713 -0.000915215 -0.001587 -0.00244398 -0.00352067 -0.00484563 -0.00646908 -0.00837099 -0.0105811 -0.0130947 -0.0158735 -0.0188764 -0.0219951 -0.0251034 -0.0280881 -0.030741 -0.0328996 -0.034415 -0.0351579 -0.0350441 -0.0340857 -0.0323852 -0.0301391 -0.027587 -0.0249831 -0.0225942 -0.0206371 -0.0192292 -0.0184239 -0.0181501 -0.0182447 -0.0185075 -0.0186714 -0.0185064 -0.0178061 -0.0164062 -0.0142066 -0.0112255 -0.00753646 -0.00329065 0.00127104 0.00592525 0.0104622 0.0146802 0.0184259 0.0215493 0.0239809 0.0257095 0.0267411 0.0271174 0.0269158 0.0262374 0.025153 0.0238101 0.0223019 0.02068 0.0190287 0.0174217 0.0159116 0.0145167 0.0132619 0.0121375 0.0111464 0.0103025 0.00957982 0.00896088 0.00843179 0.0079904 0.00762856 0.00730906 0.0070276 0.00679968 0.00663006 0.00646583 0.00630623 0.0061934 0.00610672 0.00603214 0.00596557 0.0059233 0.00588897 
0 0.00026309 0.000529082 0.000783196 0.00105349 0.00135047 0.00164027 0.00192306 0.00225462 0.00261927 0.00297651 0.0033708 0.00383658 0.00434869 0.00490649 0.00554495 0.00627996 0.00712129 0.00808675 0.00917102 0.0103888 0.0117645 0.013276 0.0149026 0.0166193 0.0184015 0.0201824 0.0218824 0.0234047 0.0246637 0.0255792 0.0260119 0.025872 0.0250679 0.0235277 0.0212283 0.0182079 0.0144971 0.0101655 0.00539531 0.000382569 -0.00465232 -0.00946009 -0.0137972 -0.0174361 -0.0202113 -0.0220495 -0.0229383 -0.0229805 -0.0223767 -0.0213774 -0.0202283 -0.0192405 -0.0186784 -0.0187325 -0.0195222 -0.0210328 -0.0231609 -0.0256976 -0.0283636 -0.0308894 -0.0330244 -0.0345291 -0.0352552 -0.0351526 -0.0342519 -0.0326297 -0.0304314 -0.0278005 -0.0249283 -0.0219495 -0.0189714 -0.0161161 -0.0134553 -0.0110311 -0.00888291 -0.00700038 -0.00541123 -0.00409344 -0.00300081 -0.00212123 -0.00142041 -0.000876183 -0.000462398 -0.000137495 9.75818e-05 0.000250236 0.00035114 0.000417161 0.000472767 0.000509906 0.000525028 0.000529839 0.000538794 0.000549923 0.000560402 0.000559201 0.000559034 0.000565424 0.000583731 0.000600954 0.000615162 0.000625974 0.00064535 0.000669899 0.000697421 0.000713408 0.000727979 0.000746827 0.000770796 0.000790118 0.000792728 0.000770656 0.000734979 0.000660669 0.000533734 0.000340154 6.40166e-05 -0.000293608 -0.000770544 -0.00140895 -0.00222062 -0.00324599 -0.00450784 -0.00603853 -0.00788039 -0.0100115 -0.0124465 -0.0151727 -0.0181339 -0.0212598 -0.024431 -0.0275159 -0.0303847 -0.0328312 -0.0346892 -0.0358084 -0.0360848 -0.0354662 -0.0339938 -0.0317993 -0.0291179 -0.0262182 -0.0233787 -0.0208915 -0.0189912 -0.0177789 -0.0172936 -0.0174594 -0.0180965 -0.0189577 -0.0197297 -0.0201572 -0.0200057 -0.0190697 -0.0172254 -0.0144843 -0.0109162 -0.0066593 -0.00193634 0.00301415 0.00795864 0.0126602 0.0169331 0.0206094 0.023606 0.0258964 0.0274483 0.0282766 0.0284507 0.0280687 0.0272042 0.0259997 0.024555 0.0229351 0.0212382 0.0195459 0.0179049 0.016352 0.0149453 0.0136885 0.0125627 0.0115618 0.0106957 0.00997327 0.00936621 0.00884266 0.00839791 0.00801899 0.00769429 0.00743034 0.0072269 0.0070411 0.00686634 0.00673162 0.00662493 0.00654121 0.00647937 0.00643057 0.0063794 
0 0.000292155 0.000583176 0.000863293 0.00114574 0.00147256 0.00180579 0.00213931 0.00250026 0.00288761 0.00330086 0.00376856 0.00431163 0.00488772 0.00553146 0.00627996 0.00713449 0.00810666 0.00921864 0.0104736 0.0118483 0.0133687 0.0150305 0.0168085 0.0186462 0.0204823 0.022254 0.0238902 0.0252933 0.0263623 0.0269897 0.0270428 0.0264505 0.02514 0.0230631 0.0201975 0.0166115 0.0123547 0.00752257 0.00232151 -0.00303296 -0.00828321 -0.01318 -0.0174681 -0.0209349 -0.0234237 -0.0248623 -0.0252537 -0.024723 -0.0234941 -0.0218586 -0.0200969 -0.0185492 -0.0175128 -0.0171978 -0.0177539 -0.0191664 -0.0213423 -0.0240635 -0.0270356 -0.0299628 -0.0325727 -0.0345921 -0.0358427 -0.0362318 -0.0357736 -0.034514 -0.0325782 -0.0301301 -0.027351 -0.0243802 -0.02134 -0.018359 -0.0155278 -0.0129105 -0.0105477 -0.00845315 -0.0066452 -0.00512482 -0.00384552 -0.00279814 -0.00196428 -0.00131939 -0.00081349 -0.000423193 -0.000124482 8.27015e-05 0.000222543 0.000323597 0.00041059 0.000456732 0.000478254 0.000479803 0.000485278 0.000502021 0.000521515 0.000522019 0.000529931 0.00053889 0.000558899 0.00057756 0.000587452 0.000588823 0.000610072 0.00063438 0.000666593 0.000689933 0.000706505 0.000724363 0.000750407 0.000751024 0.00073266 0.000686768 0.000622617 0.000524025 0.000367202 0.000113353 -0.000229568 -0.000680435 -0.00127249 -0.00204395 -0.00301322 -0.00421956 -0.00567291 -0.00742172 -0.00948931 -0.0118551 -0.0145053 -0.0174157 -0.0205178 -0.0237174 -0.0268852 -0.0298903 -0.0325752 -0.034744 -0.0362297 -0.0368843 -0.036641 -0.0354789 -0.0334785 -0.0308051 -0.0277249 -0.0245251 -0.0215004 -0.0189529 -0.0171461 -0.0161691 -0.0160504 -0.0166866 -0.0178749 -0.0193373 -0.0207301 -0.0217684 -0.0221808 -0.0217257 -0.0202678 -0.0178074 -0.0144054 -0.0101953 -0.00537367 -0.000199819 0.0050854 0.0102146 0.0149783 0.0191945 0.0227563 0.0256224 0.02772 0.0290443 0.0296571 0.0296488 0.0290865 0.0280932 0.0267721 0.0252084 0.0235057 0.0217666 0.0200353 0.0183529 0.0167886 0.0153706 0.0141047 0.0129582 0.0119531 0.0111032 0.0103899 0.00976993 0.00923343 0.00879603 0.00842436 0.00811438 0.00785078 0.00762892 0.00744844 0.00730181 0.00717234 0.00706048 0.00699781 0.00694721 0.00689337 
0 0.000307708 0.000642097 0.000958884 0.00127844 0.00161639 0.00199419 0.00237224 0.00276983 0.00320383 0.00367702 0.00422536 0.00482248 0.00548547 0.00624055 0.00712129 0.00810666 0.00921089 0.0104877 0.0119094 0.0134542 0.015125 0.0169303 0.0188216 0.020725 0.0225715 0.0242937 0.0258062 0.0270161 0.0278059 0.0280638 0.0276793 0.0265883 0.0247589 0.0221166 0.018691 0.0145427 0.00977526 0.00450963 -0.00105418 -0.00666556 -0.0120833 -0.0170089 -0.0211939 -0.0244357 -0.0266036 -0.0276269 -0.0275165 -0.0264061 -0.0245711 -0.0222918 -0.0199095 -0.0177964 -0.0162837 -0.0156028 -0.0158746 -0.0171515 -0.0193269 -0.0221765 -0.0254033 -0.0287022 -0.0317539 -0.0342767 -0.0360491 -0.0369784 -0.0370017 -0.0361682 -0.034584 -0.0323859 -0.0297631 -0.0268696 -0.023812 -0.0207418 -0.0177731 -0.0149764 -0.012408 -0.010094 -0.00807721 -0.00634071 -0.00486828 -0.00365138 -0.00266545 -0.00188473 -0.00128231 -0.00078544 -0.000413306 -0.00015419 3.11277e-05 0.000166736 0.000265345 0.000346685 0.000373929 0.000385025 0.000404497 0.000427173 0.000442678 0.000456296 0.000449005 0.000461564 0.000485879 0.000504096 0.000515026 0.00052956 0.000538994 0.000574449 0.000603002 0.000615981 0.000629666 0.000649664 0.00065912 0.00066753 0.00062678 0.000554031 0.000463784 0.00032386 0.000100426 -0.00021124 -0.000651733 -0.00120347 -0.00190977 -0.00282544 -0.00397176 -0.00536351 -0.0070382 -0.00901446 -0.011315 -0.0139033 -0.0167554 -0.0198191 -0.0230084 -0.026231 -0.0293358 -0.0321736 -0.034608 -0.0364324 -0.0374657 -0.0376202 -0.036825 -0.0351116 -0.0325832 -0.0294595 -0.0260152 -0.0225538 -0.019393 -0.0168586 -0.0151729 -0.0144766 -0.0147567 -0.0158849 -0.0176259 -0.0196724 -0.0216911 -0.023332 -0.0242986 -0.0243335 -0.0232888 -0.0211404 -0.017942 -0.0138105 -0.00896967 -0.00364429 0.0018865 0.00737873 0.0125952 0.0173261 0.0214489 0.0248633 0.0275167 0.0293722 0.0304911 0.0309281 0.030733 0.0300125 0.0288844 0.0274476 0.025807 0.0240531 0.0222612 0.0204877 0.0187849 0.0172076 0.0157715 0.0144969 0.0133559 0.0123635 0.0115071 0.0107703 0.0101605 0.0096446 0.00921787 0.00884045 0.00852799 0.00826571 0.00806124 0.00790737 0.00775057 0.00762327 0.00753176 0.00748111 0.00743038 
