0 0 0 0 0 0 0 0 0 0 0 0 0 0 0 0 0 0 0 0 0 0 0 0 0 0 0 0 0 0 0 0 0 0 0 0 0 0 0 0 0 0 0 0 0 0 0 0 0 0 0 0 0 0 0 0 0 0 0 0 0 0 0 0 0 0 0 0 0 0 0 0 0 0 0 0 0 0 0 0 0 0 0 0 0 0 0 0 0 0 0 0 0 0 0 0 0 0 0 0 0 0 0 0 0 0 0 0 0 0 0 0 0 0 0 0 0 0 0 0 0 0 0 0 0 0 0 0 0 0 0 0 0 0 0 0 0 0 0 0 0 0 0 0 0 0 0 0 0 0 0 0 0 0 0 0 0 0 0 0 0 0 0 0 0 0 0 0 0 0 0 0 0 0 0 0 0 0 0 0 0 0 0 0 0 0 0 0 0 0 0 0 0 0 0 0 0 0 0 0 
0 -4.32097e-06 2.46697e-05 5.79718e-05 7.67857e-05 7.3119e-05 8.47442e-05 0.000113374 0.000155093 0.000178284 0.000176154 0.00019559 0.000237525 0.000284446 0.000303912 0.000317758 0.000344248 0.000391432 0.000453957 0.000497664 0.000535199 0.0005889 0.000679696 0.000793266 0.000907696 0.00102819 0.00117236 0.00136336 0.00158964 0.00183064 0.00207809 0.00232336 0.00257964 0.00284159 0.0030688 0.00322513 0.00328611 0.00324248 0.00307784 0.00278808 0.00235642 0.00176131 0.00102072 0.000164504 -0.000753942 -0.00168393 -0.00258609 -0.00341744 -0.00413924 -0.00471911 -0.00511526 -0.0053039 -0.00530546 -0.00514624 -0.00485724 -0.00447351 -0.00404258 -0.00359306 -0.00314514 -0.00271895 -0.00232958 -0.00198784 -0.00169055 -0.00142814 -0.00120148 -0.000995461 -0.000812387 -0.000658946 -0.000513448 -0.000395571 -0.000298277 -0.000203962 -0.000123914 -6.21175e-05 -1.69453e-05 9.67893e-06 3.57489e-05 4.99804e-05 6.14091e-05 6.7811e-05 6.62289e-05 6.84092e-05 6.83059e-05 5.97485e-05 6.12891e-05 5.94673e-05 5.43373e-05 5.5728e-05 5.65961e-05 5.77177e-05 6.33753e-05 5.81013e-05 4.89818e-05 4.86644e-05 4.82945e-05 4.98692e-05 5.43409e-05 5.23975e-05 5.64529e-05 6.45857e-05 6.14256e-05 5.68915e-05 5.2382e-05 4.96013e-05 5.89628e-05 6.61612e-05 6.50259e-05 6.81277e-05 7.15926e-05 7.38637e-05 7.89193e-05 7.54921e-05 7.14542e-05 7.95223e-05 8.69227e-05 9.13208e-05 0.000100251 0.000100542 0.000104423 0.000111249 0.00011242 0.000117836 0.000125492 0.000122722 0.000113819 9.1097e-05 6.74265e-05 2.83949e-05 -3.22029e-05 -0.000112591 -0.000225462 -0.000363979 -0.000517587 -0.000702982 -0.000894417 -0.00109272 -0.00131297 -0.00155383 -0.00181948 -0.00211249 -0.00243732 -0.002796 -0.00317643 -0.00357531 -0.00398731 -0.00437944 -0.00472229 -0.00498383 -0.00512186 -0.0050904 -0.0048731 -0.0044724 -0.00390734 -0.00319931 -0.00237534 -0.00147434 -0.000549768 0.000353519 0.00119394 0.00191548 0.00249986 0.00293737 0.00323289 0.00339981 0.0034382 0.00336806 0.00321164 0.00299628 0.00275032 0.00249637 0.00224441 0.00198933 0.00175322 0.00155124 0.00137393 0.00122714 0.00109942 0.000988484 0.000896048 0.000825903 0.000777065 0.000726233 0.000682141 0.000639341 0.000611725 0.000592426 0.000566833 0.000544132 0.000518149 0.000505306 0.000491777 0.000481957 0.000466071 0.000451484 0.000451913 0.00044593 0.000441723 0.000434211 0.000436173 0.00043596 
0 2.46697e-05 6.80506e-05 0.000117873 0.000145117 0.000180423 0.000211377 0.000248272 0.000299071 0.000340999 0.00037223 0.00040407 0.000468034 0.000523465 0.000577152 0.000635479 0.000697099 0.000780478 0.00087771 0.000989162 0.00109195 0.00122476 0.00139356 0.00159857 0.00183258 0.0020921 0.00240028 0.00276912 0.00319484 0.00366308 0.00416553 0.00466964 0.00518227 0.00567127 0.00609898 0.00638431 0.00651002 0.00642213 0.00607296 0.00547054 0.00457005 0.00338716 0.00191528 0.000234684 -0.00157158 -0.00340717 -0.00519274 -0.00683665 -0.00823908 -0.00933595 -0.0101049 -0.0104904 -0.0105038 -0.0101909 -0.00961267 -0.00887837 -0.00801512 -0.00712201 -0.00624494 -0.00541423 -0.00464703 -0.00397808 -0.00338714 -0.00286296 -0.00239519 -0.00200459 -0.00165718 -0.00134476 -0.00106266 -0.00081291 -0.000594475 -0.000401983 -0.000249183 -0.000126484 -4.37465e-05 1.3884e-05 6.29362e-05 0.000107473 0.000119014 0.000128095 0.000129131 0.000129698 0.000125073 0.00013356 0.000124669 0.00012684 0.000121281 0.00010893 0.000101896 0.000113131 0.000106202 0.000109912 0.000101912 0.000101188 0.000108562 0.000116494 0.000103684 0.000102409 9.9024e-05 0.000108593 0.00011472 0.000116189 0.000106143 0.000119131 0.000125367 0.000131414 0.000128991 0.000124361 0.000124461 0.000148451 0.000148771 0.000154388 0.000157284 0.000163813 0.000175321 0.000192304 0.000185342 0.000196519 0.000206473 0.000216506 0.000225114 0.000243281 0.000241834 0.000243273 0.000223105 0.000186547 0.000136736 6.17581e-05 -7.15956e-05 -0.000254465 -0.000484882 -0.00074702 -0.00105655 -0.00140458 -0.00177987 -0.00220093 -0.00264637 -0.00312755 -0.00364902 -0.00422458 -0.0048545 -0.00555666 -0.00631467 -0.00710747 -0.00789654 -0.00868142 -0.00934859 -0.00984665 -0.0101002 -0.0100535 -0.00966402 -0.00888809 -0.00777114 -0.00638184 -0.00476341 -0.00299658 -0.00117863 0.000608338 0.00226458 0.00372195 0.00489095 0.00578014 0.00637001 0.00670608 0.00680194 0.00667945 0.00639527 0.00597703 0.00549337 0.00499411 0.00450477 0.00401356 0.00355531 0.00314298 0.00278696 0.00248347 0.00223813 0.00201644 0.00181905 0.00166525 0.00154234 0.00145058 0.00135614 0.00127632 0.00120638 0.00116071 0.00112258 0.00108079 0.00104548 0.00100666 0.000989729 0.000973763 0.000952135 0.000926916 0.000914469 0.000908417 0.000890913 0.000885311 0.000877494 0.00087007 
0 5.79718e-05 0.000117873 0.000146778 0.000199734 0.000267227 0.000342202 0.000374303 0.000423254 0.000499963 0.000567495 0.000645409 0.000706328 0.000779698 0.000861292 0.000977906 0.00108779 0.00118504 0.00132046 0.00147764 0.00166949 0.00188079 0.00212845 0.00242163 0.00277133 0.00319378 0.00367705 0.00423228 0.00485088 0.00553577 0.00628695 0.0070446 0.00778639 0.00848047 0.00905169 0.00944088 0.00958736 0.00942916 0.00888408 0.00793623 0.00657313 0.00478236 0.00262277 0.00015899 -0.00249196 -0.00519424 -0.0078122 -0.010197 -0.0122283 -0.013831 -0.0149196 -0.0154467 -0.0154625 -0.0150245 -0.0142039 -0.0130987 -0.0118472 -0.0105497 -0.00927235 -0.00806577 -0.00695991 -0.00597748 -0.00511154 -0.0043424 -0.00367662 -0.0030781 -0.00254529 -0.00208529 -0.00164094 -0.00126179 -0.000939236 -0.000638396 -0.000393431 -0.000211521 -8.169e-05 2.73125e-07 8.20649e-05 0.000135653 0.000176519 0.000198777 0.00019576 0.000198786 0.00019727 0.00018028 0.000189977 0.000191062 0.000177752 0.000172886 0.000164169 0.00015899 0.000169844 0.000161265 0.000147995 0.000158329 0.000165149 0.00016782 0.000167752 0.000148656 0.000148719 0.000168784 0.000169833 0.000171402 0.000171201 0.000170657 0.00019222 0.000201303 0.000187071 0.000186806 0.000196282 0.000212359 0.000236922 0.00023755 0.000230497 0.000247746 0.000262265 0.000271544 0.000293933 0.000299723 0.000314613 0.0003338 0.000335373 0.000344913 0.000359305 0.000351723 0.000329139 0.000268333 0.000192533 5.95837e-05 -0.000147294 -0.000415282 -0.000766601 -0.00117905 -0.00163198 -0.00217272 -0.0027452 -0.00335303 -0.0040255 -0.00474707 -0.00551864 -0.00634708 -0.0072576 -0.00827169 -0.00936395 -0.0105167 -0.0116983 -0.0128121 -0.0137717 -0.014497 -0.0148856 -0.0148208 -0.0142456 -0.0131435 -0.0115488 -0.00952267 -0.00715286 -0.00456401 -0.00190678 0.000701257 0.00315083 0.00529187 0.00705592 0.00839893 0.00931954 0.00985585 0.0100249 0.00989142 0.00951163 0.00894231 0.00825331 0.00752167 0.00679612 0.00607204 0.00539414 0.00478783 0.00423686 0.00377515 0.0033889 0.00306024 0.00277221 0.00252795 0.00234235 0.00218052 0.00205791 0.0019365 0.00183533 0.00175485 0.00168221 0.00163558 0.00157438 0.00152701 0.00147935 0.00145815 0.00142942 0.00139174 0.00137796 0.00135163 0.00134045 0.00132547 0.00132431 0.00130657 
0 7.67857e-05 0.000145117 0.000199734 0.000253096 0.000354607 0.000442544 0.000500217 0.000570658 0.00066218 0.000765064 0.00085918 0.000966373 0.00105461 0.00116842 0.00132029 0.00147028 0.00162268 0.00179212 0.00201374 0.00226368 0.00256694 0.00290978 0.00330596 0.00378321 0.00435115 0.00501485 0.00576085 0.00658089 0.00747842 0.00845098 0.00942638 0.0103762 0.0112289 0.0119225 0.0123437 0.0124619 0.0121757 0.011385 0.0100895 0.0082387 0.00588112 0.00303804 -0.000159256 -0.00357585 -0.00704601 -0.0104099 -0.0134817 -0.0160763 -0.018081 -0.0194553 -0.0201232 -0.0201196 -0.0195316 -0.0184639 -0.0170906 -0.0154813 -0.0138108 -0.0121752 -0.0106367 -0.00922846 -0.00799988 -0.0069094 -0.00592523 -0.00502568 -0.00423776 -0.00352099 -0.00287299 -0.00228836 -0.00177473 -0.00132685 -0.000931586 -0.000609232 -0.000347636 -0.000160727 -2.53917e-05 8.60148e-05 0.000177704 0.00021355 0.000239664 0.000249672 0.00025592 0.000250234 0.00025902 0.000244202 0.000244969 0.000234453 0.000217003 0.000210805 0.0002321 0.00022509 0.000225192 0.000203922 0.000196822 0.000206861 0.000221592 0.000208197 0.000210146 0.000210725 0.000229433 0.000236829 0.000232175 0.000210131 0.000226366 0.000241975 0.000259714 0.000262695 0.000260337 0.000263064 0.000298911 0.000299389 0.000304501 0.000307813 0.000322711 0.00034839 0.00038106 0.000377028 0.000394638 0.000410684 0.000428476 0.000443672 0.000470881 0.00046477 0.000451149 0.000395963 0.000306769 0.000189087 1.96202e-05 -0.000256067 -0.000629555 -0.00110164 -0.00165026 -0.00229459 -0.00301788 -0.00378885 -0.00462661 -0.00550121 -0.00642583 -0.00740716 -0.00846995 -0.00962521 -0.0109099 -0.0123026 -0.0137687 -0.0152436 -0.016701 -0.0179459 -0.0188694 -0.0193378 -0.0192574 -0.0185598 -0.0171714 -0.0151468 -0.012582 -0.00955647 -0.00622779 -0.00279115 0.000587487 0.0037361 0.00654068 0.00886682 0.0107046 0.0119917 0.0127677 0.013059 0.0129376 0.0125205 0.0118502 0.0110114 0.0100797 0.00912418 0.00817037 0.00729274 0.00650022 0.0057813 0.00513451 0.00459624 0.00414258 0.00376479 0.00345481 0.00317764 0.0029511 0.00275947 0.00261956 0.00248976 0.00237046 0.00226038 0.00217601 0.00212032 0.00204845 0.00198773 0.00193545 0.00189621 0.00186057 0.00183448 0.00180904 0.00177623 0.00177174 0.00176528 0.00174932 
0 7.3119e-05 0.000180423 0.000267227 0.000354607 0.000438897 0.000543478 0.000632742 0.000742617 0.000855418 0.00094703 0.00107339 0.001212 0.00135404 0.00148491 0.00165807 0.00185252 0.00205732 0.00230358 0.00257519 0.00290131 0.00328762 0.00374502 0.00427088 0.0048827 0.00560962 0.00644494 0.00738482 0.0084064 0.00950511 0.0106751 0.0118352 0.0129352 0.0139089 0.0146461 0.0150593 0.0150741 0.0146033 0.0135332 0.0118369 0.00950503 0.00655765 0.00309259 -0.000776635 -0.00488821 -0.00904955 -0.013054 -0.0166758 -0.0197238 -0.0220829 -0.0236501 -0.0243791 -0.0243493 -0.023657 -0.0224081 -0.0207439 -0.018845 -0.0168711 -0.0149351 -0.0131192 -0.0114677 -0.0100061 -0.00870958 -0.00753307 -0.00646901 -0.00548267 -0.00457773 -0.0037701 -0.00301024 -0.00235069 -0.00178186 -0.00126286 -0.000832866 -0.000499593 -0.000252476 -8.06321e-05 6.9796e-05 0.000175345 0.000248828 0.000294119 0.00030716 0.000319557 0.000320439 0.000304291 0.000311107 0.000310124 0.000291738 0.000281299 0.000272897 0.000273991 0.000286726 0.000274117 0.000250919 0.00025627 0.000265529 0.000272701 0.000273261 0.000254486 0.000257996 0.000285252 0.00028877 0.000286078 0.000278715 0.000279437 0.000309953 0.000328927 0.000319769 0.000321347 0.000333981 0.00035829 0.000386673 0.000388666 0.000384169 0.00040929 0.000436897 0.000459137 0.000486362 0.000496645 0.000515515 0.000539633 0.000546568 0.000559249 0.000564793 0.000534809 0.000468406 0.0003445 0.00018498 -6.18799e-05 -0.000426588 -0.000898499 -0.00150349 -0.00221651 -0.00301809 -0.00394344 -0.004919 -0.00593826 -0.00702407 -0.0081586 -0.00934369 -0.0105922 -0.011947 -0.0134484 -0.0150736 -0.0167975 -0.0185687 -0.0202595 -0.0217214 -0.0228204 -0.0234075 -0.0233353 -0.0225243 -0.0209364 -0.0185968 -0.0155745 -0.0119822 -0.00801201 -0.00390175 0.000151783 0.00397769 0.00739 0.0102898 0.0126056 0.0142906 0.0153545 0.0158192 0.0157958 0.0153927 0.0146848 0.013743 0.0126597 0.0115195 0.0103674 0.00929101 0.00831786 0.00741124 0.00659794 0.00589228 0.00530238 0.00481566 0.00440692 0.0040587 0.00374101 0.00349549 0.00329929 0.00314312 0.00299472 0.00284304 0.00273909 0.00265372 0.00258623 0.00250263 0.00243889 0.00238301 0.00233727 0.00231688 0.00227328 0.00224188 0.00221778 0.00221593 0.00219517 
0 8.47442e-05 0.000211377 0.000342202 0.000442544 0.000543478 0.000650615 0.000770693 0.000912683 0.00104314 0.00115635 0.00128902 0.00146706 0.00164089 0.001817 0.00202443 0.00225548 0.00252233 0.00283333 0.00319604 0.00360185 0.00408698 0.00465792 0.00532009 0.00608992 0.00697794 0.00798734 0.00910597 0.0103147 0.0116024 0.0129439 0.0142464 0.0154495 0.0164617 0.017189 0.0175102 0.0173675 0.0166459 0.0152302 0.0131111 0.0102725 0.00678722 0.0027333 -0.00173163 -0.00643459 -0.0111639 -0.0156913 -0.0197619 -0.0231475 -0.025718 -0.0274215 -0.0282065 -0.0281346 -0.0273181 -0.0258857 -0.0240271 -0.0218813 -0.0196599 -0.0174999 -0.015483 -0.0136474 -0.0120275 -0.0105726 -0.00923378 -0.007986 -0.00683973 -0.00576892 -0.00477652 -0.00385656 -0.00303143 -0.00230369 -0.00166445 -0.00113859 -0.000719325 -0.000407459 -0.00017215 2.2168e-05 0.000174473 0.00026132 0.000318609 0.000346824 0.000363376 0.000365278 0.000374115 0.00037067 0.000373642 0.000358008 0.000332788 0.000318561 0.000330813 0.000327929 0.000325113 0.000306446 0.00030754 0.000324687 0.000338623 0.000321476 0.000307684 0.000303557 0.000326551 0.000342476 0.000346165 0.000334123 0.000351308 0.000373536 0.000390231 0.000386327 0.000380654 0.000389304 0.000432718 0.000452918 0.000466316 0.000473573 0.000493664 0.000524267 0.000558738 0.000566489 0.000586946 0.000608972 0.000631803 0.000645536 0.000660398 0.000639638 0.000591931 0.000490541 0.000333489 0.00011836 -0.000193576 -0.00065704 -0.00126505 -0.00201356 -0.00287807 -0.00386774 -0.00497158 -0.00614424 -0.00738472 -0.0086633 -0.00997093 -0.0113062 -0.0126995 -0.0141932 -0.0158492 -0.0176593 -0.0195821 -0.0215376 -0.0234429 -0.0250861 -0.0263181 -0.0269801 -0.0269462 -0.0261146 -0.024389 -0.0217959 -0.0184284 -0.0144045 -0.00993337 -0.00526637 -0.000620904 0.00379313 0.00780366 0.0112444 0.0140495 0.0161392 0.0175325 0.0182596 0.0184087 0.0181005 0.0173965 0.0164001 0.0152228 0.0139597 0.0126572 0.0114004 0.0102248 0.00913761 0.00815846 0.00731388 0.00657848 0.0059449 0.00541592 0.0049708 0.00460056 0.00428069 0.00401788 0.00379839 0.00361973 0.00346008 0.00332276 0.0032101 0.00310638 0.0030265 0.00295737 0.00288786 0.00282512 0.00278662 0.0027512 0.00270792 0.00268237 0.00266656 0.00264687 
0 0.000113374 0.000248272 0.000374303 0.000500217 0.000632742 0.000770693 0.000900933 0.00105618 0.00122566 0.00138163 0.00155022 0.00174289 0.00195523 0.0021829 0.00244182 0.00271874 0.00303304 0.00341802 0.00386339 0.00436567 0.00494986 0.00564495 0.00645845 0.0073932 0.00845215 0.00963408 0.0109341 0.0123283 0.013784 0.0152526 0.0166384 0.0178713 0.0188659 0.0195029 0.019666 0.0192709 0.0182203 0.0164192 0.0138564 0.0105418 0.00653702 0.00195715 -0.00303323 -0.00823394 -0.0134124 -0.018318 -0.0226899 -0.0263051 -0.0290309 -0.0307861 -0.0315451 -0.0313951 -0.0304631 -0.0288883 -0.0268506 -0.024541 -0.0221601 -0.0198509 -0.0177028 -0.0157578 -0.0140293 -0.0124701 -0.0110173 -0.00964226 -0.00832889 -0.00707828 -0.00590614 -0.00480606 -0.00381651 -0.00294274 -0.00216736 -0.00151902 -0.00100224 -0.000607216 -0.000307019 -6.05955e-05 0.000127761 0.000256023 0.00034068 0.000386534 0.000413659 0.000421773 0.000420988 0.000425167 0.00042604 0.000409631 0.000391109 0.00038197 0.000389042 0.000394814 0.000382152 0.000357754 0.000356863 0.000371019 0.000383166 0.000378199 0.000363118 0.000366136 0.000392169 0.000404531 0.000402489 0.000391966 0.000399398 0.000429468 0.000452738 0.00045318 0.000454616 0.000469832 0.000504763 0.000533222 0.000542465 0.000546892 0.000572154 0.000608223 0.000643473 0.000668665 0.000687624 0.000708632 0.000728349 0.000733194 0.000730161 0.000698307 0.000621644 0.000484354 0.000275173 -7.0444e-06 -0.000410288 -0.00097803 -0.00170904 -0.00260982 -0.00365658 -0.00483908 -0.00615173 -0.00753013 -0.00894783 -0.0103921 -0.0118416 -0.0132951 -0.0147803 -0.0163614 -0.0181046 -0.0200117 -0.0220506 -0.0241486 -0.0261785 -0.0279542 -0.029312 -0.0300815 -0.0301047 -0.0292621 -0.0274726 -0.0247424 -0.0211488 -0.0168205 -0.0119758 -0.00687396 -0.00174586 0.00319086 0.00772134 0.0116773 0.0149546 0.0174847 0.0192686 0.0203254 0.020733 0.0205858 0.0199658 0.0189856 0.0177775 0.0164378 0.0150156 0.0135934 0.0122315 0.0109613 0.00982342 0.0088265 0.00794253 0.00716137 0.00649838 0.00596087 0.00551816 0.00513801 0.00479618 0.00450878 0.00428707 0.00410577 0.00394612 0.00378522 0.0036464 0.00354608 0.00347622 0.00339358 0.00330675 0.00325287 0.00321139 0.00317666 0.00314458 0.00312645 0.00310544 
0 0.000155093 0.000299071 0.000423254 0.000570658 0.000742617 0.000912683 0.00105618 0.00121788 0.00141264 0.00160996 0.00181577 0.00203396 0.00227886 0.00255131 0.00286175 0.0032033 0.00359291 0.00406106 0.0045964 0.00520567 0.00591639 0.00676064 0.00773712 0.00883589 0.0100582 0.0114083 0.0128819 0.0144401 0.0160231 0.0175595 0.0189631 0.0201632 0.0210711 0.0215489 0.0214712 0.0207437 0.0192927 0.0170599 0.0140417 0.0102615 0.00577503 0.000717292 -0.00472149 -0.0103072 -0.0157941 -0.0209318 -0.0254687 -0.0291897 -0.0319585 -0.0336916 -0.0343796 -0.034116 -0.0330495 -0.031348 -0.0291946 -0.026791 -0.0243248 -0.0219437 -0.0197387 -0.0177535 -0.0159861 -0.0143793 -0.0128558 -0.0113785 -0.00992851 -0.00851797 -0.00716857 -0.00589194 -0.00472874 -0.00369036 -0.00276989 -0.00198998 -0.00136 -0.00086764 -0.000486599 -0.000179385 5.37569e-05 0.000219746 0.00033162 0.00040196 0.000446117 0.000468167 0.000473569 0.00048096 0.000478562 0.00046086 0.000442435 0.000436613 0.000444487 0.000452621 0.000436616 0.000411034 0.000405913 0.000418606 0.000430545 0.000429435 0.000416963 0.000423367 0.000448302 0.000461721 0.000457406 0.000447637 0.000453327 0.00048513 0.000512442 0.000519681 0.000524712 0.000542867 0.000574035 0.000603737 0.000614472 0.00062411 0.000654236 0.000696188 0.000733231 0.000760618 0.000775641 0.000792638 0.000807169 0.000807726 0.000790075 0.000736204 0.00062126 0.000433201 0.000159891 -0.000204707 -0.000708206 -0.00139252 -0.00226618 -0.0033299 -0.00456352 -0.00594733 -0.00746064 -0.0090345 -0.010622 -0.0122016 -0.0137492 -0.0152702 -0.0168009 -0.0184142 -0.0201779 -0.0221062 -0.0241742 -0.0263231 -0.0284231 -0.0302994 -0.0317657 -0.03264 -0.0327507 -0.0319604 -0.0301845 -0.0274192 -0.0237322 -0.0192474 -0.0141671 -0.00874524 -0.00323119 0.00213751 0.00712445 0.011554 0.015302 0.0182993 0.0205198 0.0219642 0.0226886 0.0227766 0.0223264 0.0214545 0.020289 0.018921 0.0174181 0.0158752 0.0143721 0.0129485 0.0116431 0.0104675 0.00941751 0.00849382 0.00770358 0.00704491 0.00648792 0.00601696 0.00560894 0.00526742 0.00498709 0.00475457 0.00456117 0.00438116 0.00422309 0.00409446 0.00400105 0.00390885 0.00381869 0.00375194 0.00369582 0.00365449 0.00361971 0.0035969 0.00357151 
0 0.000178284 0.000340999 0.000499963 0.00066218 0.000855418 0.00104314 0.00122566 0.00141264 0.00161722 0.0018441 0.00208394 0.00235297 0.00263068 0.00294583 0.00330968 0.00373068 0.0042154 0.00476525 0.00540591 0.00614144 0.00700619 0.00800649 0.00914112 0.0104074 0.0118008 0.0133216 0.0149426 0.0166151 0.0182726 0.0198293 0.0211996 0.0223005 0.0230246 0.0232537 0.0228534 0.0217449 0.0198557 0.0171568 0.0136659 0.00941551 0.00449534 -0.000968677 -0.00675613 -0.0126171 -0.018295 -0.023539 -0.0281093 -0.0318047 -0.0344902 -0.0361184 -0.0366893 -0.0362893 -0.0350843 -0.0332638 -0.0310404 -0.0285919 -0.0261161 -0.0237546 -0.0215801 -0.0196242 -0.0178771 -0.0162657 -0.0147165 -0.0131727 -0.0116365 -0.0101026 -0.00858531 -0.0071385 -0.00578602 -0.00455625 -0.00347551 -0.00255315 -0.00179724 -0.00120337 -0.000729609 -0.000353848 -5.6104e-05 0.00015323 0.000299437 0.000399865 0.000460556 0.000494806 0.000524627 0.000533019 0.000536674 0.000524254 0.000497464 0.000485509 0.000494588 0.00049012 0.00048179 0.000466798 0.000462072 0.000480147 0.000493857 0.000478993 0.000468291 0.000467598 0.000485407 0.000509715 0.000514323 0.000509121 0.000527857 0.000550766 0.000572134 0.000581725 0.000581633 0.000599412 0.000642858 0.000671829 0.000695071 0.000715729 0.000740881 0.000780633 0.000821395 0.000837251 0.00085769 0.000872341 0.000876503 0.000866917 0.000828256 0.000734302 0.00057812 0.000331242 -8.67954e-06 -0.000471915 -0.00109097 -0.00191485 -0.00296112 -0.00420481 -0.00562547 -0.00721164 -0.00890058 -0.0106435 -0.0123865 -0.0140731 -0.0156864 -0.0172273 -0.0187479 -0.0203214 -0.0220266 -0.0239039 -0.0259337 -0.0280528 -0.0301698 -0.0320987 -0.0336524 -0.0346367 -0.0348786 -0.0342179 -0.0325399 -0.029836 -0.0261698 -0.0216544 -0.0164735 -0.0108614 -0.00507176 0.000634012 0.00602673 0.01089 0.0150991 0.0185634 0.0212413 0.0231232 0.0242301 0.024641 0.0244435 0.0237596 0.0227043 0.0213695 0.0198464 0.0182373 0.0166268 0.0150712 0.0135965 0.0122423 0.011023 0.00995286 0.00903077 0.00822601 0.00753718 0.00694945 0.00647696 0.00608197 0.00573486 0.00543413 0.0051865 0.00500221 0.00483156 0.00467676 0.00453769 0.0044306 0.00435037 0.00427402 0.00420454 0.00413918 0.00410437 0.00407382 0.00404842 
0 0.000176154 0.00037223 0.000567495 0.000765064 0.00094703 0.00115635 0.00138163 0.00160996 0.0018441 0.00209204 0.00238679 0.00269404 0.00303151 0.00340242 0.00383809 0.00434618 0.00490874 0.0055578 0.00631028 0.00720408 0.00822102 0.00936861 0.0106564 0.0120908 0.0136678 0.0153479 0.0170802 0.0188153 0.0204915 0.0220216 0.0233077 0.0242254 0.0246838 0.0245563 0.0237747 0.0222309 0.0198788 0.0167075 0.0127275 0.0080389 0.00271913 -0.00304979 -0.00907771 -0.0151055 -0.0208693 -0.0261045 -0.0305837 -0.034141 -0.0366733 -0.0381037 -0.0384825 -0.0379184 -0.0365743 -0.0346571 -0.0323554 -0.029926 -0.0275156 -0.0252477 -0.0231856 -0.0213488 -0.0196803 -0.0181279 -0.0166044 -0.0150626 -0.0134546 -0.0118119 -0.0101583 -0.00853103 -0.00699203 -0.00558304 -0.00432148 -0.003234 -0.00234521 -0.00162597 -0.00105259 -0.000588556 -0.00022871 5.37551e-05 0.000247055 0.000378296 0.000463542 0.000522169 0.000545443 0.000579506 0.000583364 0.000570807 0.000556914 0.000548547 0.000539618 0.000551545 0.000530831 0.000517706 0.000519613 0.000531598 0.00053633 0.000539796 0.000519102 0.000525565 0.000545234 0.000563044 0.000566538 0.000576939 0.000579762 0.000612103 0.000635171 0.000641873 0.000650834 0.000679678 0.000704441 0.000752745 0.000773133 0.000790836 0.00082383 0.000863006 0.000889819 0.000928599 0.000937704 0.000946842 0.000940197 0.000905314 0.000821675 0.000694257 0.000476797 0.000167051 -0.000262162 -0.000830195 -0.00159285 -0.00257323 -0.00378708 -0.00522513 -0.00685845 -0.0086311 -0.0105054 -0.0124079 -0.0142493 -0.0160049 -0.0176345 -0.0191467 -0.0205834 -0.022051 -0.0236271 -0.0253685 -0.0272847 -0.0293498 -0.0314128 -0.0333582 -0.0349885 -0.0361155 -0.0365208 -0.0360184 -0.034524 -0.0319894 -0.0284453 -0.0240071 -0.0188425 -0.0131694 -0.00723335 -0.00127328 0.00443441 0.00970266 0.0143409 0.0182754 0.0214262 0.0237721 0.0253341 0.0261373 0.0262804 0.0258495 0.0249663 0.0237322 0.0222574 0.0206346 0.0189525 0.0172713 0.0156555 0.0141424 0.0127741 0.0115519 0.010467 0.00952318 0.00869721 0.00801172 0.00743666 0.00696275 0.00654363 0.00617666 0.00588172 0.00564394 0.0054564 0.00526575 0.00509935 0.00496692 0.0048726 0.00479338 0.00470544 0.00464092 0.00458858 0.00456071 0.00453756 
0 0.00019559 0.00040407 0.000645409 0.00085918 0.00107339 0.00128902 0.00155022 0.00181577 0.00208394 0.00238679 0.00270338 0.00306181 0.00345126 0.00391231 0.00442706 0.00501285 0.00568141 0.00644183 0.00734808 0.00839083 0.00957019 0.0108756 0.0123272 0.0139293 0.015656 0.0174594 0.0192672 0.0210184 0.0226564 0.024081 0.0251937 0.0258681 0.0259795 0.0254556 0.0242109 0.0221929 0.0193494 0.0156941 0.0112646 0.00615402 0.000509096 -0.00551594 -0.0116927 -0.017766 -0.0234841 -0.0286038 -0.0329067 -0.0362377 -0.0384882 -0.0396651 -0.0398148 -0.0390315 -0.0375097 -0.0354863 -0.033194 -0.0308088 -0.0285009 -0.0263886 -0.0245038 -0.0228448 -0.0213558 -0.0199343 -0.0185 -0.0169705 -0.0153512 -0.0136356 -0.0118434 -0.0100768 -0.00836122 -0.00675091 -0.00531995 -0.00406506 -0.00300717 -0.00214912 -0.00144628 -0.000888894 -0.000441406 -0.000105719 0.000140514 0.000323814 0.000443169 0.000522308 0.000584382 0.000604191 0.000612588 0.000612863 0.00059765 0.000596586 0.000609991 0.000598773 0.00058751 0.00057458 0.000557573 0.000568807 0.000583024 0.00057393 0.000582857 0.000590086 0.000598742 0.00062277 0.000622434 0.000616932 0.000639061 0.000656255 0.000683629 0.000713475 0.000725649 0.000750595 0.000789163 0.000809383 0.000835546 0.000865722 0.000893884 0.000938287 0.000982323 0.000994933 0.00100638 0.000999057 0.000966099 0.000910186 0.000799352 0.00060816 0.000325385 -7.89e-05 -0.000609327 -0.0013171 -0.00221963 -0.00335916 -0.00477154 -0.00640323 -0.00823133 -0.0102176 -0.0122464 -0.0142702 -0.0162063 -0.017968 -0.019546 -0.0209494 -0.0222606 -0.0235614 -0.0249415 -0.026493 -0.0282328 -0.0301344 -0.0321456 -0.0341096 -0.0358228 -0.0370714 -0.0376646 -0.0374109 -0.0361646 -0.0338785 -0.0305696 -0.0263285 -0.0212884 -0.0156437 -0.0096456 -0.00355753 0.0023997 0.00799161 0.0130519 0.0174459 0.021075 0.0239137 0.0259442 0.0272071 0.0277515 0.0276631 0.0270305 0.0259682 0.0246081 0.0230346 0.0213283 0.0195775 0.0178423 0.0161977 0.0146785 0.0132908 0.012043 0.0109326 0.0099904 0.00917552 0.00848778 0.0078935 0.00739272 0.00698778 0.00662942 0.00633597 0.00607879 0.0058801 0.00569843 0.00554542 0.00542124 0.0053072 0.00523255 0.00515658 0.00510579 0.00505621 0.00503812 
0 0.000237525 0.000468034 0.000706328 0.000966373 0.001212 0.00146706 0.00174289 0.00203396 0.00235297 0.00269404 0.00306181 0.00345621 0.00393297 0.00447391 0.00506478 0.00574877 0.00654325 0.0074654 0.00850932 0.00970496 0.0110429 0.01253 0.0141615 0.015907 0.0177412 0.0196169 0.0214576 0.0231892 0.0247211 0.0259549 0.0268088 0.0271495 0.0268809 0.0258933 0.0241662 0.0216269 0.0182822 0.0141711 0.00930949 0.0038421 -0.00209973 -0.00828975 -0.0145296 -0.0205679 -0.0261588 -0.0310586 -0.0350757 -0.0380883 -0.0400211 -0.0408385 -0.0406635 -0.0396401 -0.0379574 -0.035855 -0.0335294 -0.0312376 -0.0290904 -0.0271788 -0.0255284 -0.0241185 -0.0228326 -0.0215971 -0.0203082 -0.0188903 -0.0172868 -0.0155373 -0.0136733 -0.0117655 -0.00988369 -0.00809739 -0.00645956 -0.00500661 -0.00378198 -0.00276316 -0.00193604 -0.00126968 -0.000740951 -0.000311587 1.19484e-06 0.00023171 0.000392841 0.000512233 0.000576208 0.000634954 0.000649003 0.000650007 0.000649886 0.000648293 0.000635812 0.000645942 0.000625026 0.000620479 0.000618303 0.000621224 0.000620649 0.000630784 0.000621892 0.000634403 0.000645765 0.000661243 0.000665322 0.000685496 0.000690395 0.000719181 0.000743989 0.00076223 0.000781968 0.00081838 0.000835344 0.000883686 0.000911059 0.000939129 0.000976406 0.00101408 0.00103353 0.0010661 0.00105648 0.00103381 0.000978452 0.000881889 0.000709654 0.000468837 0.000105947 -0.000386172 -0.00104301 -0.00189388 -0.00298474 -0.00431955 -0.00591575 -0.0077514 -0.00978661 -0.0119302 -0.0141004 -0.0162163 -0.0181588 -0.0198893 -0.0213778 -0.0226466 -0.0237548 -0.0248261 -0.0259487 -0.0272323 -0.0287418 -0.0305015 -0.0323936 -0.0343405 -0.0361346 -0.0375702 -0.0383985 -0.0384067 -0.0374973 -0.0355661 -0.0325763 -0.0286009 -0.0237615 -0.0182441 -0.0122896 -0.00612978 -2.43366e-05 0.0058481 0.0112623 0.0160977 0.0202024 0.0235272 0.0260649 0.0278043 0.0288192 0.0291407 0.0288461 0.0280369 0.0268531 0.0253833 0.0237189 0.0219501 0.0201537 0.0183843 0.0167144 0.0151667 0.0137565 0.0125039 0.0113989 0.0104506 0.00961933 0.00891252 0.00832131 0.00784563 0.00743726 0.0070622 0.0067607 0.00652076 0.00633218 0.00615893 0.00599822 0.00586306 0.00576866 0.00570685 0.00563383 0.00557771 0.00554998 
0 0.000284446 0.000523465 0.000779698 0.00105461 0.00135404 0.00164089 0.00195523 0.00227886 0.00263068 0.00303151 0.00345126 0.00393297 0.00448504 0.00511216 0.00579066 0.00659362 0.00754788 0.00861903 0.00981892 0.0111624 0.0126681 0.0143243 0.0161132 0.017981 0.0198828 0.0217752 0.0235883 0.0252295 0.0265988 0.0275798 0.0280979 0.0280472 0.0273167 0.0258512 0.0236073 0.0205621 0.016724 0.0121596 0.00691657 0.00113209 -0.00500518 -0.0112937 -0.0175134 -0.0234248 -0.0288018 -0.0334242 -0.0370991 -0.0397186 -0.0412158 -0.0416526 -0.041152 -0.0398499 -0.0379617 -0.0357501 -0.0334443 -0.0312331 -0.0292537 -0.0275925 -0.0262336 -0.0251208 -0.0241327 -0.0231413 -0.0220535 -0.0207664 -0.0192627 -0.0175373 -0.015615 -0.0136094 -0.0115698 -0.00958361 -0.00776722 -0.00613288 -0.00471839 -0.00353038 -0.00253971 -0.0017392 -0.00109368 -0.000585365 -0.000202338 8.89227e-05 0.000297474 0.000454638 0.000572014 0.000638123 0.000671001 0.000689574 0.000687808 0.000684246 0.000682742 0.000669383 0.000664325 0.000672154 0.00066596 0.00067294 0.00067817 0.000667755 0.000674639 0.000677955 0.000677429 0.000703639 0.000718251 0.000736722 0.000765365 0.000775851 0.000793261 0.000819721 0.000836575 0.000869375 0.00090592 0.000938857 0.000979921 0.00102028 0.00104799 0.00107693 0.00109775 0.00109794 0.00108243 0.00103828 0.000950471 0.000814784 0.000590805 0.000258446 -0.000205234 -0.000820145 -0.0016076 -0.00262667 -0.00389253 -0.00542427 -0.00724879 -0.00929074 -0.0115062 -0.0138105 -0.0160652 -0.018213 -0.0201549 -0.0217996 -0.0231349 -0.0241762 -0.0250272 -0.0257957 -0.0266017 -0.0275997 -0.0288647 -0.0304161 -0.0322182 -0.0341583 -0.0360309 -0.037618 -0.0387075 -0.0390824 -0.0385615 -0.037021 -0.0344037 -0.0307746 -0.0262281 -0.0209236 -0.0150884 -0.00895741 -0.00274207 0.00333372 0.00906291 0.0142747 0.0188179 0.0226403 0.0256869 0.0279452 0.0294395 0.030217 0.0303217 0.0298469 0.0289202 0.0276201 0.0260492 0.0243245 0.0225132 0.0206759 0.0188808 0.0171837 0.0156331 0.0142254 0.0129688 0.0118472 0.0108845 0.0100608 0.00936274 0.00878769 0.0082823 0.00786112 0.00750242 0.00721945 0.00697288 0.00677335 0.00660482 0.00644171 0.00633464 0.00624636 0.00617835 0.00610954 0.00608147 
0 0.000303912 0.000577152 0.000861292 0.00116842 0.00148491 0.001817 0.0021829 0.00255131 0.00294583 0.00340242 0.00391231 0.00447391 0.00511216 0.00583486 0.00664116 0.00758807 0.00867939 0.00989859 0.0112591 0.0127797 0.0144413 0.0162314 0.0181404 0.0201007 0.0220412 0.0239033 0.0256155 0.0270962 0.0282321 0.028903 0.0290297 0.0285136 0.0272888 0.025306 0.0225579 0.0190071 0.0146969 0.00972264 0.00414325 -0.0018745 -0.00814633 -0.0144485 -0.0205824 -0.0263173 -0.0314274 -0.0356974 -0.0389649 -0.0411485 -0.0422089 -0.0421956 -0.0412928 -0.0396857 -0.0375911 -0.0352684 -0.032937 -0.0308228 -0.0290347 -0.0276333 -0.0265927 -0.0258276 -0.0251683 -0.0244908 -0.0236742 -0.0226032 -0.0212227 -0.0195535 -0.0176315 -0.0155528 -0.0133928 -0.0112534 -0.00924035 -0.00740309 -0.00579502 -0.00441768 -0.00326666 -0.00232557 -0.00155935 -0.000933519 -0.000453972 -8.86764e-05 0.00017944 0.000382086 0.0005174 0.000614084 0.000661544 0.000694513 0.000717587 0.000726427 0.000718973 0.000718282 0.000706319 0.000711128 0.000704306 0.00069829 0.000696112 0.000706649 0.000718489 0.000733769 0.000735582 0.000747948 0.000755917 0.000780223 0.000795971 0.000814838 0.000839638 0.000871337 0.00090297 0.000942835 0.000961848 0.000999389 0.00103398 0.00106857 0.00109969 0.00112395 0.00113201 0.00113827 0.00110071 0.00102373 0.000888641 0.00068722 0.000381554 -3.61752e-05 -0.000606337 -0.00134578 -0.00229268 -0.00349242 -0.00497168 -0.00672084 -0.00874109 -0.0109777 -0.0133674 -0.0157904 -0.0181178 -0.0202667 -0.0221192 -0.0236123 -0.024731 -0.025505 -0.0260296 -0.0264504 -0.0269055 -0.0275742 -0.0285746 -0.0299525 -0.0316412 -0.0335653 -0.0355355 -0.0373421 -0.0387331 -0.0394681 -0.0393775 -0.0382868 -0.0360984 -0.0328577 -0.0286556 -0.0236355 -0.0179952 -0.01194 -0.00569781 0.000522023 0.00648185 0.0120194 0.0169707 0.0212666 0.0248358 0.02761 0.0296131 0.0308688 0.0314232 0.0313505 0.0307526 0.0296947 0.0282806 0.0266434 0.0248696 0.0230167 0.0211567 0.0193458 0.0176481 0.0160915 0.0146761 0.0134084 0.0122977 0.0113433 0.0105191 0.00981698 0.0092138 0.0087203 0.00831978 0.00796607 0.00765056 0.00741064 0.00723308 0.00706299 0.0069193 0.00681176 0.00672861 0.00666392 0.00663305 
0 0.000317758 0.000635479 0.000977906 0.00132029 0.00165807 0.00202443 0.00244182 0.00286175 0.00330968 0.00383809 0.00442706 0.00506478 0.00579066 0.00664116 0.00760369 0.00870042 0.00993326 0.0113076 0.0128491 0.0145516 0.0163668 0.0182719 0.0202587 0.0222544 0.024175 0.0259479 0.0274957 0.0287311 0.0295472 0.0298313 0.0295099 0.0285067 0.0267725 0.0242821 0.02103 0.0169981 0.0122532 0.00691952 0.00108065 -0.00510157 -0.0114411 -0.0177181 -0.0237219 -0.0292177 -0.0339935 -0.0378643 -0.0406882 -0.0423984 -0.0429723 -0.0424971 -0.0411762 -0.0392205 -0.0368774 -0.0344279 -0.032092 -0.0300646 -0.0284504 -0.0273054 -0.0265908 -0.0261957 -0.0259267 -0.0256177 -0.0251231 -0.0243102 -0.0231222 -0.0215703 -0.0196964 -0.017597 -0.0153517 -0.0130725 -0.0108888 -0.00885882 -0.0070419 -0.00545979 -0.00412234 -0.00302026 -0.00212 -0.0013821 -0.000802096 -0.000350276 -7.32395e-06 0.000255733 0.000438737 0.000562591 0.000632346 0.000684801 0.000723493 0.000741878 0.000740194 0.000736619 0.000730587 0.000738995 0.000731393 0.000721963 0.000719595 0.000730612 0.0007508 0.000765766 0.00076394 0.000774599 0.000786775 0.00081353 0.000834132 0.000848169 0.000872156 0.000909686 0.000947951 0.000988297 0.00100795 0.00103858 0.00107498 0.00111214 0.00114033 0.00115573 0.00115221 0.00113452 0.0010671 0.000946789 0.000758196 0.00049212 0.000109409 -0.000412353 -0.00111269 -0.00200755 -0.00313554 -0.00453942 -0.00623223 -0.00819593 -0.0104187 -0.0128294 -0.0153545 -0.0178621 -0.020208 -0.0222993 -0.0240232 -0.0253053 -0.0261377 -0.0265691 -0.0267258 -0.0267662 -0.026854 -0.0271918 -0.0279177 -0.0290942 -0.0306906 -0.032635 -0.0347357 -0.0367709 -0.0384857 -0.0396278 -0.0399884 -0.0393693 -0.037653 -0.034863 -0.0310566 -0.0263493 -0.020929 -0.0150055 -0.00880128 -0.00252463 0.00360075 0.00940463 0.0147192 0.0194499 0.0234931 0.0267666 0.0292806 0.0310538 0.0321043 0.0324849 0.0322774 0.0315401 0.0303737 0.0289036 0.027219 0.0253933 0.023513 0.0216325 0.01981 0.0180937 0.0165227 0.0151119 0.0138543 0.0127399 0.0117702 0.01095 0.0102462 0.00966471 0.00918769 0.00877174 0.00839993 0.00811434 0.00790401 0.0077096 0.00754444 0.00741423 0.0073146 0.00723963 0.00720484 
0 0.000344248 0.000697099 0.00108779 0.00147028 0.00185252 0.00225548 0.00271874 0.0032033 0.00373068 0.00434618 0.00501285 0.00574877 0.00659362 0.00758807 0.00870042 0.009949 0.0113482 0.0128859 0.0145862 0.0164339 0.0183838 0.0203824 0.0223957 0.024356 0.0261904 0.027819 0.0291462 0.0300674 0.0304924 0.0303327 0.0295303 0.028031 0.0257821 0.0227914 0.0190526 0.0145863 0.00946982 0.00384134 -0.00218769 -0.00847183 -0.0148113 -0.0210064 -0.0268356 -0.0320653 -0.0364847 -0.0399283 -0.0422786 -0.0434941 -0.043564 -0.0426159 -0.0408631 -0.0385449 -0.0359358 -0.033323 -0.0309499 -0.0289846 -0.0275405 -0.0266562 -0.0262716 -0.0262472 -0.0263817 -0.0264699 -0.0263526 -0.0258636 -0.024939 -0.0235678 -0.0217937 -0.019718 -0.017422 -0.0150288 -0.0126928 -0.0104805 -0.00845703 -0.00667033 -0.00513392 -0.00385417 -0.00279536 -0.00192653 -0.00123135 -0.000685916 -0.000262531 6.53474e-05 0.000313415 0.000477376 0.000586056 0.00066499 0.000715105 0.000734783 0.000737078 0.000726727 0.000737117 0.000758053 0.000757321 0.000748843 0.000745496 0.000745655 0.000768978 0.000776525 0.000770823 0.000785237 0.000810057 0.000842808 0.000876621 0.00088306 0.000900027 0.000935049 0.00097125 0.00100697 0.00103756 0.00106665 0.0011141 0.00115468 0.00117003 0.00116228 0.00113808 0.00108514 0.000989936 0.000823136 0.000573667 0.000226199 -0.000253634 -0.000902153 -0.00174751 -0.00281372 -0.00413198 -0.00575343 -0.00766885 -0.00985151 -0.012272 -0.0148378 -0.0174623 -0.0200087 -0.0223135 -0.0242804 -0.0258101 -0.0268218 -0.0273239 -0.0273719 -0.0271236 -0.0267487 -0.0264481 -0.0264541 -0.0269275 -0.0279293 -0.0294615 -0.0314403 -0.0336965 -0.0359908 -0.0380553 -0.0396215 -0.0404414 -0.0403078 -0.0390814 -0.0367579 -0.0333693 -0.0290069 -0.0238437 -0.0180991 -0.0119826 -0.00571449 0.000514499 0.00651814 0.0121332 0.0172415 0.0217088 0.0254579 0.0284766 0.0307798 0.0323445 0.033203 0.0334252 0.0330697 0.032227 0.0310043 0.0294765 0.0277304 0.0258704 0.0239729 0.0220876 0.020249 0.0185317 0.0169677 0.0155649 0.0142897 0.0131685 0.0122235 0.0114046 0.0107098 0.0101209 0.00963906 0.00922309 0.00888717 0.00861397 0.00837319 0.00819703 0.00805346 0.00793791 0.00784206 0.00779943 
0 0.000391432 0.000780478 0.00118504 0.00162268 0.00205732 0.00252233 0.00303304 0.00359291 0.0042154 0.00490874 0.00568141 0.00654325 0.00754788 0.00867939 0.00993326 0.0113482 0.0129266 0.0146351 0.016464 0.0184258 0.0204647 0.0225049 0.0244897 0.0263594 0.028041 0.02945 0.0304726 0.0310214 0.0310085 0.030381 0.0290914 0.0270785 0.0243284 0.0208427 0.0166756 0.0118359 0.0064206 0.000566433 -0.00560617 -0.0119254 -0.0182113 -0.0242558 -0.0298624 -0.0348059 -0.0388644 -0.0418688 -0.0437372 -0.0444426 -0.0440302 -0.0426063 -0.0404222 -0.0377428 -0.0348434 -0.0320319 -0.0295594 -0.0276331 -0.0263379 -0.0256877 -0.0256253 -0.0259855 -0.0265259 -0.0270519 -0.027351 -0.0272514 -0.0266339 -0.0254986 -0.0238879 -0.0218725 -0.0195681 -0.017118 -0.0146484 -0.0122753 -0.0100671 -0.00806492 -0.00632422 -0.00484886 -0.00361515 -0.00258828 -0.0017612 -0.00110632 -0.000589174 -0.000181308 0.000116085 0.000338796 0.000484388 0.000591321 0.000673997 0.000712872 0.000712489 0.000723441 0.000731309 0.000751763 0.00075989 0.000744022 0.000732672 0.000753938 0.000769334 0.000783846 0.000784659 0.000787082 0.000812704 0.000857374 0.000874634 0.000892222 0.000911942 0.000944328 0.000992089 0.00103226 0.00104509 0.00108262 0.00112095 0.00115144 0.00116125 0.00113487 0.00107747 0.0010063 0.00086321 0.000638352 0.000312305 -0.000133829 -0.000736777 -0.00152532 -0.00253643 -0.00378789 -0.00532004 -0.00715142 -0.00929218 -0.0116907 -0.0142725 -0.0169718 -0.0196677 -0.0221939 -0.0244125 -0.0262046 -0.0274637 -0.0281455 -0.0282517 -0.0278813 -0.0271824 -0.0263827 -0.0257078 -0.0253941 -0.0256365 -0.0265223 -0.0280182 -0.0300648 -0.0324925 -0.0350734 -0.0375021 -0.0394787 -0.0407672 -0.0411182 -0.0403834 -0.0385213 -0.0355576 -0.0315698 -0.0267091 -0.0211753 -0.0151971 -0.00896482 -0.00269301 0.00344584 0.00928021 0.0146814 0.0195337 0.0237199 0.0272316 0.0300321 0.0321004 0.0334514 0.0341453 0.0342346 0.0337748 0.0328569 0.0315632 0.0299778 0.0282056 0.0263372 0.024433 0.0225384 0.0206968 0.0189863 0.0174219 0.016004 0.0147401 0.013643 0.0126922 0.0118567 0.011163 0.0105862 0.0101148 0.00971676 0.00937132 0.00908728 0.00887576 0.0087294 0.0085865 0.00848075 0.00842209 
