0 0 0 0 0 0 0 0 0 0 0 0 0 0 0 0 0 0 0 0 0 0 0 0 0 0 0 0 0 0 0 0 0 0 0 0 0 0 0 0 0 0 0 0 0 0 0 0 0 0 0 0 0 0 0 0 0 0 0 0 0 0 0 0 0 0 0 0 0 0 0 0 0 0 0 0 0 0 0 0 0 0 0 0 0 0 0 0 0 0 0 0 0 0 0 0 0 0 0 0 0 0 0 0 0 0 0 0 0 0 0 0 0 0 0 0 0 0 0 0 0 0 0 0 0 0 0 0 0 0 0 0 0 0 0 0 0 0 0 0 0 0 0 0 0 0 0 0 0 0 0 0 0 0 0 0 0 0 0 0 0 0 0 0 0 0 0 0 0 0 0 0 0 0 0 0 0 0 0 0 0 0 0 0 0 0 0 0 0 0 0 0 0 0 0 0 0 0 0 0 
0 1.83229e-05 1.38253e-05 9.30557e-06 1.69985e-05 3.92006e-05 4.14078e-05 3.31598e-05 2.88224e-05 4.18075e-05 5.58068e-05 4.02186e-05 1.97763e-05 9.10443e-06 9.29401e-06 -1.81545e-05 -6.93626e-05 -0.000129587 -0.000189476 -0.000253315 -0.000356115 -0.000490553 -0.000630364 -0.000756742 -0.000900253 -0.00105833 -0.00120832 -0.00132619 -0.00139973 -0.00142383 -0.00139485 -0.00129571 -0.00110493 -0.00084294 -0.000517791 -0.000151158 0.000260842 0.000686526 0.00108705 0.00142952 0.00171192 0.00194125 0.00209575 0.00217851 0.00219291 0.00216417 0.00213179 0.002126 0.00215857 0.00224115 0.002357 0.0025277 0.00274814 0.00300816 0.00327659 0.00352463 0.00372433 0.00383973 0.00386651 0.00377644 0.00354537 0.00316461 0.00263414 0.0019642 0.0011775 0.000301854 -0.000604807 -0.0015316 -0.00242563 -0.00324279 -0.00395313 -0.00452259 -0.00493022 -0.00518008 -0.00526469 -0.00520956 -0.00503574 -0.00475548 -0.00438517 -0.00395536 -0.00349693 -0.00303447 -0.00258597 -0.00216726 -0.00179167 -0.00146149 -0.00118265 -0.0009442 -0.000744805 -0.000584496 -0.000450263 -0.000340851 -0.00026305 -0.000194142 -0.000147875 -0.000115882 -9.04614e-05 -8.22395e-05 -7.60573e-05 -6.31625e-05 -6.54421e-05 -6.19026e-05 -6.51566e-05 -7.55567e-05 -8.48933e-05 -0.000108919 -0.000148688 -0.000190823 -0.000254705 -0.000333766 -0.00043684 -0.000570079 -0.000732979 -0.000929355 -0.00116908 -0.00144907 -0.00177588 -0.00215146 -0.0025719 -0.00302009 -0.0034818 -0.00393928 -0.0043667 -0.0047331 -0.00501061 -0.00517872 -0.00522447 -0.00514106 -0.00489466 -0.00448384 -0.00391694 -0.0031987 -0.00236514 -0.00146666 -0.000532151 0.000376464 0.00124088 0.00202327 0.00269665 0.00323853 0.00362879 0.00386398 0.00395646 0.00392095 0.00380299 0.00360736 0.00335151 0.00306903 0.00278726 0.00253222 0.00231884 0.00217238 0.00207255 0.00201999 0.00201873 0.00205896 0.00209904 0.00209865 0.00203842 0.00193256 0.00175808 0.00151092 0.00119313 0.000815455 0.000415022 2.69222e-05 -0.00032307 -0.000643394 -0.000911385 -0.00111085 -0.00121827 -0.00124554 -0.00121655 -0.00115148 -0.00104888 -0.000913219 -0.000757936 -0.000604537 -0.000475293 -0.000348505 -0.000229216 -0.000125121 -4.97259e-05 1.9597e-05 7.75269e-05 0.000115429 0.000144135 0.000162376 0.000188708 0.000206257 0.000209678 0.000199835 0.00020967 0.000229989 0.000223148 0.000208407 0.000206673 0.000222656 0.000221405 0.000208545 
0 1.38253e-05 2.46006e-05 2.75442e-05 4.32642e-05 5.13577e-05 6.7493e-05 7.41519e-05 7.35154e-05 7.93639e-05 8.4824e-05 8.31483e-05 5.54793e-05 3.4059e-05 -3.54239e-07 -5.71532e-05 -0.000134144 -0.000243824 -0.000373606 -0.000532868 -0.000724985 -0.000969424 -0.00123286 -0.00150205 -0.00180764 -0.00211595 -0.00239875 -0.00262752 -0.00278465 -0.00284992 -0.00279676 -0.00259998 -0.0022256 -0.00170088 -0.00105651 -0.000307281 0.000504074 0.00134845 0.00215046 0.00285956 0.00345041 0.00388584 0.00418221 0.00434779 0.00440122 0.00435046 0.00428448 0.00427757 0.00433883 0.00448451 0.00472722 0.00507626 0.00551991 0.00602277 0.0065425 0.00702079 0.00737927 0.00760583 0.00765124 0.00745671 0.00698369 0.00621979 0.00515155 0.00382524 0.00227594 0.000568436 -0.00122856 -0.00304639 -0.00481183 -0.00644354 -0.0078457 -0.00897135 -0.00979227 -0.0102819 -0.0104556 -0.0103598 -0.010018 -0.00947287 -0.00874723 -0.00790913 -0.00700386 -0.00609725 -0.00521286 -0.00437851 -0.00362883 -0.00297728 -0.00240178 -0.00193173 -0.00152682 -0.00119496 -0.000930233 -0.000714901 -0.00054713 -0.000430145 -0.0003275 -0.000259722 -0.000211312 -0.000181505 -0.000157956 -0.000147105 -0.000136998 -0.000145778 -0.000161225 -0.000176702 -0.000199477 -0.000251722 -0.000311143 -0.000410833 -0.000532893 -0.00069086 -0.000909073 -0.00117818 -0.00149917 -0.00191 -0.00238024 -0.00294602 -0.00360184 -0.00434635 -0.00517602 -0.00606603 -0.00696963 -0.00787099 -0.00870853 -0.00943331 -0.00997169 -0.0103049 -0.0103959 -0.0102093 -0.00971253 -0.00888745 -0.00774195 -0.00633001 -0.00470063 -0.00293052 -0.0011103 0.000687642 0.00240605 0.00396847 0.00529607 0.00636703 0.00714301 0.00761786 0.00781963 0.00779608 0.00756572 0.0071821 0.00668038 0.00612395 0.00557306 0.00507346 0.00466445 0.00436426 0.00416249 0.00407563 0.00407509 0.00412909 0.00420112 0.00420657 0.0041083 0.00386971 0.00349921 0.00299121 0.00235915 0.00162259 0.000822067 4.72582e-05 -0.000673288 -0.00131384 -0.00183152 -0.00220619 -0.00241619 -0.00248621 -0.00244144 -0.00229894 -0.00208381 -0.00180947 -0.00151644 -0.00122086 -0.00095282 -0.000697152 -0.000447536 -0.000251365 -9.26824e-05 3.84592e-05 0.000153553 0.00023908 0.00030079 0.000343362 0.000364032 0.000399301 0.000414691 0.000412694 0.000413922 0.000425217 0.000428587 0.000417269 0.000424874 0.000423667 0.000425371 0.000425086 
0 9.30557e-06 2.75442e-05 6.30648e-05 6.86184e-05 7.53221e-05 8.49584e-05 0.00011855 0.000127086 0.000115769 0.000116723 0.000108642 0.000100768 5.60714e-05 -7.25864e-06 -0.000102683 -0.000203087 -0.000347109 -0.000563112 -0.00081168 -0.00110579 -0.0014457 -0.00184131 -0.00226509 -0.00273094 -0.00318231 -0.00358865 -0.00393563 -0.00418487 -0.00427678 -0.00418362 -0.00388184 -0.00332826 -0.00255723 -0.00157693 -0.000462064 0.000763019 0.00201439 0.0032111 0.00427126 0.00515597 0.00584476 0.00628508 0.00652077 0.00659228 0.00655731 0.00649159 0.0064641 0.00652962 0.00675629 0.00711742 0.00764343 0.008286 0.00900348 0.00972741 0.0103961 0.0109314 0.0112251 0.0112468 0.0109181 0.0101838 0.00903265 0.00747041 0.00552356 0.00324879 0.000722474 -0.00189821 -0.00456982 -0.00714883 -0.00951516 -0.0115818 -0.0132522 -0.0144621 -0.015214 -0.0154902 -0.0153609 -0.0148862 -0.0141036 -0.01306 -0.0118399 -0.0105258 -0.00918815 -0.00787962 -0.00664799 -0.00553471 -0.00454885 -0.003705 -0.00297924 -0.00236736 -0.0018709 -0.00145862 -0.00112613 -0.00088808 -0.000683911 -0.000540366 -0.000435111 -0.000348881 -0.000309325 -0.000280388 -0.000242252 -0.000249195 -0.000249219 -0.000269193 -0.000305682 -0.000338356 -0.000409749 -0.000525459 -0.000657607 -0.000855221 -0.00110404 -0.0014276 -0.00183929 -0.00233781 -0.00293629 -0.0036602 -0.00450617 -0.00548868 -0.00660632 -0.00784193 -0.00914406 -0.0104705 -0.0117755 -0.0129906 -0.0140329 -0.0148223 -0.0152938 -0.0153997 -0.0151108 -0.0143428 -0.0131044 -0.0114341 -0.00935911 -0.00697371 -0.00440222 -0.00171772 0.000918288 0.00343904 0.00572198 0.00768119 0.00926194 0.0104252 0.0111683 0.0115145 0.0114871 0.0111928 0.0106549 0.00993829 0.00914711 0.00835819 0.00763501 0.0070182 0.00658461 0.00629707 0.00615428 0.00614605 0.00623467 0.0063224 0.00631402 0.00614608 0.00581746 0.00525416 0.00447124 0.0035155 0.00242218 0.00125293 7.59616e-05 -0.00101505 -0.00198155 -0.00274165 -0.00329072 -0.00361511 -0.00373761 -0.00367117 -0.0034491 -0.00311153 -0.00271504 -0.00228602 -0.00183993 -0.00142814 -0.00103232 -0.000683761 -0.000383436 -0.000146655 6.41406e-05 0.000224828 0.000341056 0.000452122 0.000515444 0.000553533 0.000579117 0.000621798 0.000633798 0.000632137 0.000634179 0.000630429 0.000647638 0.000646231 0.000634981 0.000622089 0.000643214 
0 1.69985e-05 4.32642e-05 6.86184e-05 0.000100366 0.000104214 0.000121037 0.000144241 0.000161701 0.000166609 0.000154401 0.000143529 0.000113861 7.75268e-05 -1.01091e-05 -0.000137537 -0.000278323 -0.000477396 -0.000749298 -0.00108829 -0.00147054 -0.00193379 -0.00246288 -0.00303223 -0.00364642 -0.00423489 -0.00477934 -0.00525553 -0.00559567 -0.00571355 -0.00556587 -0.0051534 -0.00443594 -0.00342046 -0.00212482 -0.000602 0.0010254 0.00267792 0.00424956 0.00567115 0.00687941 0.00777958 0.00837551 0.00870659 0.00883487 0.00879087 0.00870605 0.008696 0.00880188 0.00908243 0.00956253 0.0102306 0.0110359 0.0119168 0.0128183 0.0136507 0.0142677 0.0146055 0.0145683 0.0140652 0.0130548 0.0115322 0.00947872 0.00695252 0.00400297 0.000746574 -0.00266865 -0.00610137 -0.00941079 -0.0124611 -0.0151062 -0.0172657 -0.0188804 -0.0198925 -0.0203107 -0.0202028 -0.0196144 -0.0186244 -0.0172897 -0.0157341 -0.0140453 -0.0123318 -0.0106402 -0.00902432 -0.00754966 -0.00624596 -0.00509141 -0.00413116 -0.00330767 -0.00262868 -0.0020788 -0.00162846 -0.00127502 -0.0010157 -0.000798058 -0.000649152 -0.000544727 -0.000481946 -0.00043479 -0.00040686 -0.000385894 -0.000396534 -0.000425089 -0.000462097 -0.000519124 -0.000634054 -0.000775959 -0.000988909 -0.00125112 -0.00158414 -0.00203147 -0.00258521 -0.00325024 -0.00408438 -0.00504686 -0.00618733 -0.00749501 -0.00896008 -0.0105676 -0.0122676 -0.0139801 -0.0156663 -0.0172184 -0.0185424 -0.0195103 -0.0200769 -0.0201753 -0.0197428 -0.0187274 -0.0171121 -0.0149241 -0.0122539 -0.00918749 -0.00585539 -0.00241197 0.00100133 0.00426494 0.00722939 0.0097586 0.011823 0.0133739 0.0143951 0.0149088 0.0149688 0.0146176 0.0139631 0.0130947 0.0121291 0.0111538 0.0102299 0.00943243 0.00883103 0.00844463 0.00829371 0.00829714 0.00836933 0.00844795 0.00842082 0.00822276 0.00776068 0.00700389 0.00595388 0.00467288 0.00321718 0.00164632 9.44659e-05 -0.00136333 -0.00264296 -0.00365689 -0.00438942 -0.0048248 -0.00498855 -0.00489541 -0.00458599 -0.00414539 -0.00362398 -0.00305955 -0.00245688 -0.00189 -0.00137963 -0.000919701 -0.000538107 -0.000195351 9.03767e-05 0.000300461 0.000443918 0.000576971 0.00069213 0.000741883 0.000783137 0.000812481 0.000837979 0.000852264 0.000853594 0.000850462 0.000850084 0.000867877 0.000849418 0.000841871 0.000853548 
0 3.92006e-05 5.13577e-05 7.53221e-05 0.000104214 0.000143894 0.000155076 0.000170591 0.000184749 0.000200026 0.000206689 0.000171902 0.000134475 7.61482e-05 -1.22495e-05 -0.00016896 -0.000360657 -0.000613349 -0.000954811 -0.00135835 -0.00184939 -0.00243047 -0.00309345 -0.00379718 -0.00455356 -0.00529321 -0.00597453 -0.00656367 -0.006982 -0.00712464 -0.00695011 -0.00644114 -0.00554556 -0.00428418 -0.00266308 -0.000792398 0.00124285 0.00330553 0.00527769 0.00705152 0.00855395 0.00972182 0.0104848 0.0109084 0.0110732 0.0110685 0.0110042 0.0109831 0.0110952 0.011448 0.0120238 0.0128287 0.0137725 0.0147864 0.015792 0.0167044 0.0173909 0.0176893 0.0175305 0.0168191 0.0155063 0.0135971 0.011102 0.00804784 0.004501 0.00057782 -0.00349634 -0.00761144 -0.0115669 -0.0152024 -0.0183986 -0.021031 -0.0230024 -0.024286 -0.024849 -0.0247703 -0.0241303 -0.0229944 -0.0214444 -0.0196107 -0.017611 -0.0155478 -0.0134968 -0.0115301 -0.00971751 -0.00808624 -0.00666068 -0.0054289 -0.00438291 -0.003522 -0.00280758 -0.00222727 -0.00179241 -0.00143272 -0.00116477 -0.000965193 -0.000811095 -0.000727476 -0.000668221 -0.000608784 -0.000606301 -0.000610981 -0.000649463 -0.000715406 -0.000791313 -0.000930341 -0.00113895 -0.00139313 -0.0017442 -0.00218506 -0.00275321 -0.00346677 -0.00432894 -0.00536249 -0.00659119 -0.00801538 -0.0096425 -0.0114568 -0.0134245 -0.0154685 -0.01752 -0.0195117 -0.0213387 -0.0228797 -0.0240128 -0.0246413 -0.02469 -0.024109 -0.0228043 -0.0208005 -0.0181629 -0.0149493 -0.0112816 -0.00732146 -0.0031879 0.000900971 0.00481883 0.00837832 0.0114518 0.0139769 0.0159126 0.0172447 0.017976 0.0181218 0.0178097 0.0171082 0.0161311 0.0150264 0.013894 0.0128126 0.011856 0.0111526 0.0106973 0.0104876 0.0104706 0.0105616 0.0106335 0.010566 0.0102675 0.00969192 0.00872921 0.00739986 0.00578905 0.00396871 0.00203089 8.68588e-05 -0.00172178 -0.00331309 -0.00457194 -0.00548255 -0.00602458 -0.0062241 -0.00610718 -0.00573419 -0.0051836 -0.00453474 -0.00382189 -0.0030746 -0.00237816 -0.00173169 -0.00116266 -0.000667736 -0.000256331 0.000102514 0.000370774 0.000555502 0.000720728 0.000841608 0.000930111 0.000979609 0.0010165 0.00102669 0.00105076 0.00107643 0.00106073 0.00105418 0.00105989 0.00107324 0.00106374 0.00106225 
0 4.14078e-05 6.7493e-05 8.49584e-05 0.000121037 0.000155076 0.000189514 0.000207083 0.000212743 0.000224544 0.00023224 0.000213721 0.000151562 7.58719e-05 -3.79113e-05 -0.000211691 -0.00044397 -0.000760572 -0.0011615 -0.00165013 -0.00223606 -0.00293954 -0.00372306 -0.00456029 -0.00546808 -0.00636544 -0.00718508 -0.0078736 -0.00835617 -0.00854029 -0.00835279 -0.00774834 -0.00666875 -0.00514171 -0.00321913 -0.000983849 0.0014326 0.00390735 0.00628151 0.00842676 0.0102412 0.0116246 0.0125668 0.0131219 0.0133703 0.0133837 0.0133215 0.013327 0.0134794 0.0138666 0.0145186 0.0154074 0.0164438 0.0175339 0.0185977 0.0195257 0.020151 0.020361 0.0200427 0.0190918 0.01747 0.0151879 0.01225 0.00871753 0.0046533 0.000196668 -0.00445489 -0.00912122 -0.0136162 -0.0177698 -0.021419 -0.0244515 -0.0267756 -0.0283146 -0.029059 -0.0290744 -0.0284236 -0.0271985 -0.025488 -0.0234427 -0.0211851 -0.0188407 -0.0164837 -0.014193 -0.0120569 -0.0101216 -0.00839098 -0.00690658 -0.0056294 -0.00456328 -0.00368726 -0.00297208 -0.00241158 -0.0019801 -0.00162953 -0.00137015 -0.00117974 -0.00105647 -0.000968552 -0.000911271 -0.000886953 -0.000907564 -0.000963798 -0.00104229 -0.00115201 -0.00133762 -0.00158516 -0.00192772 -0.00236245 -0.00291198 -0.00362491 -0.00450343 -0.00555626 -0.00683428 -0.00831478 -0.0100321 -0.0119707 -0.0141016 -0.0163844 -0.0187414 -0.0210778 -0.0233279 -0.0253662 -0.0270656 -0.0282733 -0.028906 -0.028875 -0.0281031 -0.026537 -0.0241883 -0.0211231 -0.0174512 -0.0132852 -0.0087769 -0.00409908 0.000562761 0.0050426 0.00914002 0.0126881 0.0156391 0.0179468 0.0195856 0.0205581 0.0208991 0.020672 0.0199937 0.0189874 0.0178069 0.0165735 0.0153793 0.0143286 0.0135213 0.0129905 0.0127503 0.0127158 0.0127803 0.0128368 0.0127344 0.0123612 0.0116076 0.0104233 0.00882621 0.00689635 0.00471211 0.00237396 5.89609e-05 -0.00210284 -0.00399559 -0.00550565 -0.00659026 -0.00722536 -0.00745416 -0.0073227 -0.00688886 -0.00623518 -0.00543904 -0.00457927 -0.00370388 -0.00288182 -0.0021097 -0.00139678 -0.000804109 -0.000318829 8.57045e-05 0.000420511 0.000675808 0.000867243 0.000998555 0.00108396 0.00117259 0.00122322 0.0012315 0.0012438 0.00127214 0.00127841 0.00126155 0.00126974 0.00127475 0.00127757 0.00127507 
0 3.31598e-05 7.41519e-05 0.00011855 0.000144241 0.000170591 0.000207083 0.000243579 0.000250203 0.000246334 0.000250663 0.000228282 0.000166005 6.68251e-05 -6.79832e-05 -0.000270815 -0.000545969 -0.000913853 -0.00138302 -0.00194979 -0.00264241 -0.00346347 -0.00437808 -0.00535416 -0.00640305 -0.00745109 -0.00841086 -0.0092061 -0.00975407 -0.00996018 -0.00974762 -0.0090434 -0.00778287 -0.00600653 -0.00377682 -0.00120158 0.00160859 0.00449218 0.00726134 0.00975235 0.0118601 0.0135109 0.0146591 0.0153504 0.0156674 0.0157245 0.0156894 0.015713 0.0158959 0.016327 0.0170106 0.0179317 0.0189972 0.0201069 0.0211549 0.0220193 0.022541 0.0225722 0.0220217 0.0207965 0.0188554 0.0162132 0.0128949 0.00894791 0.00445031 -0.00045584 -0.00554692 -0.0106532 -0.0155676 -0.0201129 -0.024143 -0.0275277 -0.0301554 -0.0319595 -0.0329038 -0.0330439 -0.0324525 -0.0312098 -0.0294192 -0.027234 -0.0247916 -0.0222145 -0.0195946 -0.0170222 -0.014591 -0.0123551 -0.0103498 -0.00859481 -0.00708298 -0.00581169 -0.00475147 -0.00388232 -0.00320019 -0.00265254 -0.002223 -0.00189678 -0.00165534 -0.00150198 -0.00139523 -0.00131472 -0.00129033 -0.00130574 -0.00137075 -0.00147694 -0.00162365 -0.00185676 -0.00218334 -0.00260258 -0.00314321 -0.0038193 -0.0046756 -0.0057314 -0.00699788 -0.00850347 -0.0102551 -0.0122555 -0.0144901 -0.0169193 -0.0194868 -0.0220994 -0.0246646 -0.027098 -0.0292728 -0.0310463 -0.0322729 -0.0328452 -0.0326788 -0.0317108 -0.0298799 -0.0272212 -0.0238171 -0.0197613 -0.015182 -0.0102458 -0.00511641 -9.194e-06 0.00490562 0.00942386 0.0133935 0.0167418 0.0194169 0.0213841 0.0226302 0.0231758 0.0231199 0.0225545 0.0216018 0.0204209 0.0191477 0.0178976 0.0167825 0.0159241 0.0153456 0.0150514 0.0149864 0.0150491 0.0150836 0.0149136 0.0144106 0.0134989 0.0121036 0.0102385 0.00797767 0.00541551 0.00269663 6.96323e-06 -0.00248821 -0.00467827 -0.00643873 -0.00770654 -0.00844658 -0.0087028 -0.00854462 -0.00804862 -0.00729365 -0.00636822 -0.00535995 -0.00434371 -0.00338849 -0.00248619 -0.00166344 -0.00096595 -0.000402363 7.00379e-05 0.000456066 0.000757548 0.000992065 0.00114406 0.00124724 0.00134156 0.00141948 0.00144466 0.00145269 0.00147271 0.0014855 0.00149284 0.0014916 0.00148319 0.00147788 0.00149042 
0 2.88224e-05 7.35154e-05 0.000127086 0.000161701 0.000184749 0.000212743 0.000250203 0.000272821 0.000274973 0.000262178 0.000223373 0.000159203 5.61393e-05 -0.000106946 -0.000350576 -0.000670301 -0.00108674 -0.00162222 -0.00227649 -0.00306824 -0.00400182 -0.00504793 -0.00616876 -0.00735266 -0.00853643 -0.00963179 -0.0105462 -0.0111726 -0.011404 -0.0111553 -0.0103509 -0.008932 -0.00692459 -0.00439698 -0.00146422 0.00173585 0.00501879 0.00817698 0.0110298 0.0134537 0.0153686 0.0167326 0.0175817 0.0179923 0.0180957 0.018085 0.0181343 0.0183478 0.0187915 0.0194729 0.0203724 0.0214072 0.0224689 0.0234313 0.0241492 0.0244658 0.0242503 0.023419 0.0218893 0.0196244 0.0166379 0.0129661 0.00866857 0.00383585 -0.00138685 -0.00679376 -0.012207 -0.0174292 -0.0222794 -0.0266054 -0.0302744 -0.0331732 -0.0352228 -0.0363851 -0.0366963 -0.036219 -0.0350284 -0.0332336 -0.0309852 -0.0284297 -0.025691 -0.0228683 -0.0200589 -0.0173633 -0.0148494 -0.0125667 -0.0105448 -0.00878882 -0.00729529 -0.00604191 -0.00500924 -0.00418551 -0.00352353 -0.00299864 -0.0025934 -0.00229401 -0.00209299 -0.00195414 -0.00185766 -0.00182384 -0.00184667 -0.00193012 -0.00206562 -0.00225928 -0.00254935 -0.0029501 -0.00346515 -0.00411935 -0.00493486 -0.00595526 -0.00720296 -0.00869255 -0.0104445 -0.0124628 -0.0147387 -0.0172466 -0.0199352 -0.0227365 -0.0255522 -0.028284 -0.0308337 -0.033071 -0.0348444 -0.0360096 -0.0364606 -0.0361215 -0.0349343 -0.0328581 -0.0299294 -0.0262352 -0.0218784 -0.0169928 -0.0117438 -0.00630617 -0.000881598 0.00435616 0.00921398 0.0135392 0.0172453 0.0202692 0.0225638 0.0241122 0.024935 0.0251141 0.0247348 0.0239156 0.0228112 0.0215711 0.0203285 0.0192099 0.0183293 0.017727 0.0174096 0.0173251 0.0173629 0.0173522 0.0171017 0.0164677 0.015368 0.0137397 0.0115918 0.00899274 0.00605487 0.0029534 -9.99088e-05 -0.00292714 -0.00540208 -0.00739923 -0.00883743 -0.00968111 -0.00997041 -0.00978151 -0.00920998 -0.00835596 -0.00731686 -0.00617344 -0.00500743 -0.00390011 -0.00287516 -0.00195692 -0.00116538 -0.000497276 6.25878e-05 0.000495949 0.000820149 0.00108562 0.00128879 0.00142157 0.00150723 0.00157755 0.00162711 0.00165516 0.00166521 0.00166855 0.00168512 0.00169624 0.00168727 0.00168207 0.0017011 
0 4.18075e-05 7.93639e-05 0.000115769 0.000166609 0.000200026 0.000224544 0.000246334 0.000274973 0.00028623 0.000258708 0.000210862 0.000136941 2.18668e-05 -0.000179487 -0.000457077 -0.000812214 -0.00128218 -0.00189395 -0.0026477 -0.0035324 -0.00456848 -0.00574046 -0.00701671 -0.00834823 -0.00966323 -0.0108775 -0.0119005 -0.0126087 -0.012875 -0.0125914 -0.0116851 -0.0101113 -0.00787492 -0.0050579 -0.00177054 0.00180389 0.00547537 0.00902048 0.0122485 0.0150085 0.0171872 0.0187665 0.0197778 0.0203069 0.020484 0.0205082 0.0205669 0.0207749 0.021187 0.0218332 0.0226669 0.0236115 0.0245432 0.0253295 0.0258158 0.0258475 0.0253324 0.0241785 0.0223192 0.0197279 0.016419 0.0124362 0.0078621 0.00279323 -0.00261882 -0.0082141 -0.0138025 -0.0192178 -0.0242816 -0.0288234 -0.0327118 -0.0358383 -0.0381038 -0.0394869 -0.0400046 -0.0396993 -0.0386412 -0.0369274 -0.034698 -0.0320994 -0.0292625 -0.0262927 -0.0232955 -0.0203761 -0.0176181 -0.0150707 -0.0127889 -0.0107804 -0.00904834 -0.00758809 -0.00637981 -0.00539678 -0.0046161 -0.00398112 -0.00348503 -0.0031177 -0.00285433 -0.00267183 -0.00256207 -0.00251359 -0.00255263 -0.00266187 -0.00283132 -0.00308082 -0.00343691 -0.00391264 -0.00453984 -0.00531971 -0.00629304 -0.0074991 -0.0089545 -0.010674 -0.0126783 -0.0149512 -0.0174872 -0.0202429 -0.0231563 -0.0261445 -0.0291071 -0.0319336 -0.0345192 -0.036733 -0.0384289 -0.0394629 -0.0397438 -0.039204 -0.037784 -0.035478 -0.0323173 -0.0283885 -0.023818 -0.0187365 -0.013296 -0.00768631 -0.00206812 0.00337964 0.00848778 0.0130965 0.0171105 0.0204545 0.023071 0.0249422 0.0260989 0.0265749 0.0264562 0.0258467 0.0248936 0.0237615 0.0225967 0.0215448 0.0206942 0.020106 0.0197889 0.0196889 0.019688 0.0196186 0.0192781 0.0185128 0.0172055 0.0153208 0.0128669 0.00992647 0.00663492 0.00316848 -0.000245815 -0.00342276 -0.00618389 -0.00839943 -0.00998439 -0.0109254 -0.011261 -0.0110563 -0.0104074 -0.00944408 -0.00828415 -0.00701433 -0.00571031 -0.00445286 -0.00330225 -0.00227397 -0.00138699 -0.000621501 1.14993e-05 0.000502707 0.000870329 0.00116181 0.00140378 0.00156564 0.0016663 0.00172693 0.00178739 0.00183764 0.00185665 0.00185796 0.0018625 0.00188641 0.001892 0.00189603 0.00190222 
0 5.58068e-05 8.4824e-05 0.000116723 0.000154401 0.000206689 0.00023224 0.000250663 0.000262178 0.000258708 0.000237755 0.00018152 9.62058e-05 -6.25966e-05 -0.000288902 -0.000590965 -0.000989713 -0.00152016 -0.0022137 -0.00305152 -0.00404283 -0.00518472 -0.00648427 -0.00791257 -0.00939306 -0.0108464 -0.0121818 -0.013307 -0.0140926 -0.0143838 -0.0140683 -0.0130621 -0.0113288 -0.00887095 -0.00575495 -0.00213585 0.00181694 0.00586476 0.00979073 0.0133854 0.0164752 0.0189534 0.0207538 0.0219249 0.0225691 0.0228476 0.0229224 0.0229647 0.0231269 0.023486 0.0240359 0.0247439 0.025516 0.0262312 0.0267482 0.0269229 0.0266363 0.0257597 0.0242397 0.0220372 0.019126 0.015528 0.0113122 0.00653751 0.00132462 -0.00419233 -0.00984858 -0.0155046 -0.0209922 -0.0261413 -0.0308133 -0.0348582 -0.0381523 -0.0406307 -0.0422398 -0.0429853 -0.0429111 -0.0420486 -0.040492 -0.0383584 -0.0357963 -0.0329255 -0.0298682 -0.0267375 -0.0236371 -0.0206561 -0.017884 -0.0153428 -0.0130888 -0.0111224 -0.00943584 -0.00802844 -0.00687952 -0.00593357 -0.00518451 -0.00458823 -0.00413895 -0.00382018 -0.00360147 -0.00345585 -0.00340994 -0.00344524 -0.00357156 -0.00378791 -0.00409942 -0.0045295 -0.00512178 -0.00585993 -0.00679137 -0.00794087 -0.00933416 -0.0110067 -0.0129723 -0.0152119 -0.0177455 -0.0205179 -0.0234882 -0.0265845 -0.0297102 -0.0327531 -0.0356091 -0.0381545 -0.0402681 -0.0417993 -0.0426431 -0.0426964 -0.0419144 -0.0402757 -0.0377585 -0.0344155 -0.0303445 -0.0256423 -0.0204568 -0.0149462 -0.00925823 -0.00356368 0.00198359 0.00722575 0.0120405 0.0163002 0.0199272 0.0228676 0.025087 0.0265825 0.0274146 0.027621 0.0273018 0.0265963 0.0256649 0.0246601 0.0237136 0.0229507 0.022426 0.02213 0.022027 0.0220041 0.0218644 0.0214181 0.0204934 0.0189971 0.0168491 0.0140772 0.0107871 0.00713762 0.00332665 -0.000457681 -0.00397436 -0.00702287 -0.00945017 -0.0111809 -0.0122196 -0.0125949 -0.0123733 -0.011657 -0.0105811 -0.00929353 -0.00788893 -0.00645603 -0.00506492 -0.00377716 -0.00263576 -0.00163456 -0.000797188 -0.000104037 0.00045065 0.000889816 0.00122733 0.00146956 0.00166124 0.00179342 0.00188858 0.00194434 0.00199133 0.00203242 0.00204736 0.0020579 0.00206327 0.00208845 0.00209647 0.00209781 
0 4.02186e-05 8.31483e-05 0.000108642 0.000143529 0.000171902 0.000213721 0.000228282 0.000223373 0.000210862 0.00018152 0.000126272 -1.38097e-06 -0.000178254 -0.000426246 -0.000759126 -0.00122679 -0.00183347 -0.00257801 -0.00350087 -0.00460209 -0.00587898 -0.00730556 -0.0088648 -0.0104781 -0.0120743 -0.0135496 -0.0147865 -0.0156315 -0.015949 -0.0156028 -0.0145062 -0.0126316 -0.00995316 -0.00656573 -0.00258939 0.00172206 0.00614575 0.0104461 0.0144188 0.0178643 0.0206177 0.0226628 0.0240223 0.0247999 0.0251449 0.0252416 0.0252734 0.0253801 0.025611 0.0260208 0.0265235 0.0270451 0.0274582 0.027643 0.0274518 0.0267555 0.0254975 0.0235913 0.0210229 0.017809 0.0139731 0.00956716 0.00468267 -0.000584421 -0.0060884 -0.0117333 -0.0173352 -0.0227873 -0.0279411 -0.0326386 -0.0367585 -0.0402039 -0.0428546 -0.0446969 -0.0457046 -0.0458799 -0.0452651 -0.0439289 -0.0419648 -0.0395123 -0.0366915 -0.0336164 -0.0304056 -0.0271666 -0.0240125 -0.0210146 -0.0182497 -0.0157529 -0.0135379 -0.0116267 -0.0100117 -0.00865275 -0.00755972 -0.00666045 -0.00595001 -0.00542214 -0.00502512 -0.00475023 -0.00459662 -0.00451879 -0.00457247 -0.00472617 -0.00497971 -0.00536953 -0.00589916 -0.00658764 -0.00748332 -0.00856952 -0.00990468 -0.0115126 -0.0134105 -0.0156112 -0.0181109 -0.0208728 -0.0238625 -0.027008 -0.0302314 -0.0334255 -0.0364903 -0.0393067 -0.0417455 -0.0436881 -0.0450016 -0.0455759 -0.0453605 -0.0443291 -0.042449 -0.0397672 -0.0363029 -0.0321335 -0.0273938 -0.0222115 -0.016711 -0.0110756 -0.00540239 0.000142596 0.00544639 0.0103687 0.014811 0.0186928 0.0219365 0.0245017 0.0263984 0.0275923 0.0281633 0.0282078 0.0278406 0.0272042 0.0264295 0.0256763 0.0250282 0.0246027 0.0244024 0.0243476 0.0242866 0.0240588 0.0234935 0.0224288 0.020696 0.0182757 0.015188 0.0115468 0.00753005 0.00333684 -0.000783098 -0.00461842 -0.00792495 -0.0105725 -0.0124611 -0.0135904 -0.0139887 -0.0137351 -0.0129557 -0.011791 -0.0103736 -0.00882812 -0.00726148 -0.00573236 -0.00432048 -0.00304954 -0.00195185 -0.00101745 -0.000261391 0.00036084 0.000868722 0.00124152 0.00151343 0.00170938 0.00188467 0.0020028 0.00207374 0.00211228 0.00215456 0.00220651 0.00222092 0.00223365 0.00224666 0.00227487 0.00228708 
0 1.97763e-05 5.54793e-05 0.000100768 0.000113861 0.000134475 0.000151562 0.000166005 0.000159203 0.000136941 9.62058e-05 -1.38097e-06 -0.000141809 -0.000342483 -0.000609586 -0.000999797 -0.00154017 -0.00220656 -0.00302162 -0.00402667 -0.00525167 -0.00665675 -0.00821738 -0.009907 -0.0116492 -0.0133909 -0.0150091 -0.0163417 -0.0172462 -0.0175839 -0.0172266 -0.0160477 -0.0140154 -0.0111254 -0.00745864 -0.00318938 0.00148826 0.00629829 0.010992 0.0153257 0.0190983 0.0221781 0.0244749 0.0260111 0.0269073 0.0273463 0.0274644 0.0274202 0.0273946 0.0274759 0.0276641 0.027911 0.0281138 0.0281547 0.0279178 0.0272914 0.0261936 0.0245106 0.0222002 0.0192842 0.0157788 0.0117313 0.00722585 0.00230423 -0.0029206 -0.00833947 -0.0138412 -0.0193138 -0.0246399 -0.0296932 -0.0343674 -0.0385206 -0.0420327 -0.0448432 -0.0468873 -0.0481399 -0.0486122 -0.0482948 -0.0472437 -0.0455211 -0.0432478 -0.0405309 -0.0374995 -0.0342754 -0.0309606 -0.027667 -0.0245058 -0.021511 -0.0187769 -0.0163221 -0.0141663 -0.0123295 -0.0107842 -0.00949334 -0.00845506 -0.00761573 -0.00697091 -0.006492 -0.00616194 -0.0059586 -0.00589312 -0.00595059 -0.00613568 -0.00645773 -0.00692612 -0.00754611 -0.00837488 -0.00939991 -0.0106711 -0.0122199 -0.0140483 -0.0161888 -0.0186438 -0.0213588 -0.0243399 -0.0274998 -0.0307756 -0.0340819 -0.0373005 -0.0403162 -0.0430167 -0.0452677 -0.0469653 -0.047988 -0.0482852 -0.0477887 -0.0464895 -0.0444077 -0.041553 -0.0379872 -0.0338063 -0.0291016 -0.0240104 -0.0186562 -0.0131448 -0.00759213 -0.00213009 0.00312848 0.00810346 0.0126671 0.0167471 0.0202809 0.0231952 0.0254495 0.027057 0.0280443 0.0285012 0.0285263 0.0282452 0.027791 0.0272887 0.0268747 0.0266301 0.0265301 0.0265207 0.0264721 0.0261872 0.0254964 0.0242281 0.0222777 0.0195786 0.0161676 0.0121688 0.00777698 0.00323637 -0.00123517 -0.0053617 -0.00892942 -0.0117877 -0.0138304 -0.0150482 -0.0154607 -0.0151774 -0.0143422 -0.0130896 -0.0115498 -0.0098549 -0.0081486 -0.00649033 -0.00494198 -0.00355979 -0.00234505 -0.00132342 -0.000474364 0.00021435 0.000763514 0.00118388 0.00149523 0.00174406 0.00191498 0.00205213 0.0021484 0.00220999 0.00225827 0.00230522 0.00235451 0.00236918 0.00239878 0.00242572 0.00245887 
0 9.10443e-06 3.4059e-05 5.60714e-05 7.75268e-05 7.61482e-05 7.58719e-05 6.68251e-05 5.61393e-05 2.18668e-05 -6.25966e-05 -0.000178254 -0.000342483 -0.000567999 -0.000900518 -0.00134209 -0.00192363 -0.00265854 -0.00356604 -0.00468458 -0.00600852 -0.00752888 -0.00922352 -0.011062 -0.0129537 -0.0148386 -0.0165767 -0.0180036 -0.0189687 -0.0193514 -0.0189763 -0.0177069 -0.0155198 -0.0124035 -0.00848498 -0.00389907 0.00111178 0.00630568 0.011393 0.0161042 0.0202115 0.0235536 0.0261045 0.0278536 0.0288847 0.0293594 0.0294499 0.0293306 0.0291589 0.0289954 0.0289061 0.0288023 0.0286102 0.0282121 0.0275135 0.02641 0.0248296 0.022735 0.0200521 0.0168111 0.0130683 0.00887328 0.00429723 -0.000580582 -0.00568931 -0.0109251 -0.0162418 -0.0214904 -0.0266086 -0.0314961 -0.0360393 -0.0401338 -0.0436971 -0.0466156 -0.0488648 -0.0503865 -0.0511467 -0.0511501 -0.0504222 -0.0489903 -0.0469608 -0.0444283 -0.0415077 -0.0383249 -0.0349818 -0.0316074 -0.0282953 -0.0251268 -0.0221758 -0.0194795 -0.0170885 -0.01502 -0.0132374 -0.0117667 -0.0105492 -0.00956898 -0.0088174 -0.00823752 -0.00783464 -0.00761309 -0.00751765 -0.00759759 -0.00782016 -0.00819505 -0.00875917 -0.00950187 -0.0104545 -0.0116665 -0.0131286 -0.0148954 -0.0169628 -0.0193391 -0.0220194 -0.024962 -0.0281193 -0.0314229 -0.0347844 -0.0381144 -0.041283 -0.0441887 -0.0467122 -0.0487165 -0.0501159 -0.0508186 -0.0507759 -0.049979 -0.0484327 -0.0461403 -0.0431812 -0.0395856 -0.0354335 -0.0308458 -0.0259331 -0.0207733 -0.0154899 -0.0101289 -0.00482959 0.00033659 0.00526642 0.00987491 0.0140987 0.0178577 0.0210816 0.0237402 0.0257566 0.027185 0.0281032 0.0285819 0.0287276 0.0286572 0.0285187 0.0283786 0.0283503 0.0284235 0.028518 0.0284783 0.0281438 0.027355 0.0259346 0.02372 0.0207268 0.0169966 0.0126534 0.00789962 0.00297938 -0.00181962 -0.00625207 -0.0100695 -0.0131404 -0.0153247 -0.0166114 -0.017046 -0.0167424 -0.0158485 -0.0144976 -0.0128276 -0.0109963 -0.00915301 -0.00735772 -0.00568736 -0.0041744 -0.00285299 -0.00172506 -0.000799746 -3.81371e-05 0.000569096 0.00102921 0.00140822 0.00169608 0.00189388 0.00202891 0.00216643 0.00227109 0.00232606 0.00237773 0.0024294 0.00248317 0.00251968 0.00256147 0.00259767 
0 9.29401e-06 -3.54239e-07 -7.25864e-06 -1.01091e-05 -1.22495e-05 -3.79113e-05 -6.79832e-05 -0.000106946 -0.000179487 -0.000288902 -0.000426246 -0.000609586 -0.000900518 -0.00129524 -0.00178203 -0.00240892 -0.00322272 -0.00424217 -0.00546722 -0.0069003 -0.0085357 -0.0103697 -0.012366 -0.0144116 -0.0164278 -0.0182837 -0.0198086 -0.0208512 -0.0212541 -0.0208516 -0.0194984 -0.0171644 -0.0138494 -0.00966706 -0.00479218 0.00057121 0.00613778 0.0116009 0.0166639 0.0210992 0.0247613 0.0275689 0.0294924 0.0306197 0.03113 0.0311741 0.0309154 0.0305301 0.0300969 0.0296345 0.0291095 0.028455 0.027573 0.0263724 0.0247754 0.0227397 0.0202072 0.0171489 0.0136272 0.00969175 0.00540712 0.00085756 -0.00392046 -0.00885243 -0.0138676 -0.018911 -0.0238828 -0.0287176 -0.0333503 -0.0377178 -0.0417186 -0.045261 -0.0482756 -0.0506902 -0.052444 -0.0535038 -0.0538412 -0.0534662 -0.0523806 -0.0506516 -0.0483574 -0.0456096 -0.0425296 -0.0392166 -0.0358017 -0.0324016 -0.0290787 -0.0259398 -0.0230312 -0.0204024 -0.018092 -0.0160811 -0.0143781 -0.0129793 -0.0118452 -0.0109631 -0.0102919 -0.00982621 -0.00955423 -0.00945536 -0.00953273 -0.00978416 -0.0102333 -0.0108992 -0.0117724 -0.0128991 -0.0142874 -0.0159646 -0.0179616 -0.0202571 -0.0228653 -0.0257696 -0.0288955 -0.0322092 -0.0356097 -0.0390079 -0.0423067 -0.0453718 -0.0480965 -0.0503695 -0.0520702 -0.0531264 -0.0534714 -0.053105 -0.0520138 -0.0502145 -0.047758 -0.0447021 -0.0411148 -0.0370797 -0.0326751 -0.0279958 -0.0231112 -0.0180882 -0.0129874 -0.00792032 -0.00295116 0.00187964 0.0064817 0.0107958 0.0147527 0.0182549 0.0212404 0.0236687 0.02556 0.0269677 0.0279378 0.0285615 0.0289544 0.0292254 0.0294641 0.0297318 0.0300029 0.0302256 0.0302649 0.0299257 0.029031 0.0274083 0.0249603 0.0216905 0.0176446 0.0129451 0.00781796 0.00255329 -0.00258433 -0.0073054 -0.0113736 -0.0146331 -0.0169554 -0.0183274 -0.0187874 -0.0184629 -0.0174985 -0.0160411 -0.0142523 -0.0122968 -0.0103112 -0.00836354 -0.00655459 -0.00493309 -0.00349005 -0.00225856 -0.00124749 -0.000415917 0.00026341 0.000790335 0.00120338 0.0015384 0.00177018 0.0019462 0.0021051 0.00223539 0.00232271 0.00238982 0.00246463 0.00252652 0.00259466 0.00264892 0.00269766 
0 -1.81545e-05 -5.71532e-05 -0.000102683 -0.000137537 -0.00016896 -0.000211691 -0.000270815 -0.000350576 -0.000457077 -0.000590965 -0.000759126 -0.000999797 -0.00134209 -0.00178203 -0.00233036 -0.00304582 -0.00395284 -0.00505872 -0.00639164 -0.00795416 -0.00972505 -0.0116997 -0.0138441 -0.0160328 -0.0181767 -0.0201566 -0.0217991 -0.0229136 -0.0233337 -0.0228924 -0.0214602 -0.0190042 -0.0155054 -0.0110692 -0.00587181 -0.000169413 0.00574915 0.0115777 0.0170096 0.0217854 0.0257348 0.0287852 0.0308849 0.0320931 0.0325825 0.0325251 0.0320953 0.0314548 0.0306656 0.0297724 0.0287564 0.0275886 0.0261907 0.0244789 0.0223764 0.0198594 0.0169197 0.01354 0.00978619 0.00572163 0.00140318 -0.00309302 -0.00771188 -0.0124039 -0.0171233 -0.0218474 -0.0264835 -0.0309942 -0.0353375 -0.0394647 -0.0433048 -0.046794 -0.0498501 -0.0524089 -0.0543844 -0.0557161 -0.0563779 -0.0563614 -0.0556397 -0.0542564 -0.0522647 -0.0497568 -0.0468454 -0.0436245 -0.0402283 -0.0367719 -0.0333375 -0.0300318 -0.0269192 -0.0240683 -0.0215233 -0.0192754 -0.0173588 -0.0157613 -0.0144569 -0.0134296 -0.0126357 -0.0120828 -0.0117699 -0.0116558 -0.0117559 -0.012058 -0.0125854 -0.0133629 -0.0143762 -0.0156613 -0.0172485 -0.0191463 -0.0213802 -0.0239177 -0.0267531 -0.0298563 -0.0331484 -0.0365686 -0.0400161 -0.043392 -0.0465951 -0.0494881 -0.0519739 -0.0539516 -0.0553106 -0.0560018 -0.0559869 -0.0552808 -0.0539048 -0.0518883 -0.049286 -0.0461918 -0.0426672 -0.0387828 -0.0346116 -0.0302239 -0.025659 -0.0209718 -0.0161924 -0.0114112 -0.00666342 -0.00198788 0.00255006 0.00689404 0.0109681 0.0146881 0.0179945 0.0208117 0.0231525 0.0250534 0.0265383 0.0276835 0.028592 0.0293582 0.0300243 0.0306452 0.0312002 0.0316249 0.0317644 0.0314277 0.0304517 0.0286732 0.0259854 0.0224253 0.018057 0.0130096 0.00752029 0.00189798 -0.0035585 -0.00856863 -0.0128726 -0.0163097 -0.0187622 -0.0202225 -0.0207173 -0.0203605 -0.0193207 -0.0177641 -0.0158641 -0.0137898 -0.0116611 -0.00955001 -0.00759281 -0.00585383 -0.00430429 -0.00295205 -0.00183694 -0.000923412 -0.000169495 0.000421436 0.000879301 0.00124647 0.00153543 0.00175983 0.0019369 0.00207376 0.00219506 0.00231298 0.00240941 0.00248659 0.00257671 0.00266755 0.00274457 
0 -6.93626e-05 -0.000134144 -0.000203087 -0.000278323 -0.000360657 -0.00044397 -0.000545969 -0.000670301 -0.000812214 -0.000989713 -0.00122679 -0.00154017 -0.00192363 -0.00240892 -0.00304582 -0.00386779 -0.00486407 -0.00605636 -0.0075058 -0.00920427 -0.011118 -0.0132415 -0.0155336 -0.0178651 -0.0201442 -0.0222513 -0.0239951 -0.0251728 -0.0256145 -0.0251391 -0.0236181 -0.0210255 -0.0173419 -0.0126579 -0.00715736 -0.00112758 0.00513613 0.0113192 0.0171006 0.0222031 0.0264294 0.0296867 0.0319188 0.0331885 0.0336476 0.0334511 0.0327767 0.0317996 0.0305977 0.0292278 0.0276879 0.0259719 0.0240253 0.021782 0.0191854 0.0162267 0.0129227 0.00927309 0.00535124 0.0012203 -0.00307132 -0.0074544 -0.0118678 -0.0162779 -0.0206577 -0.0250105 -0.0292709 -0.0334211 -0.0374412 -0.0412966 -0.0449352 -0.0483125 -0.0513589 -0.0540108 -0.0561703 -0.0577585 -0.0587413 -0.0590862 -0.0587462 -0.0577325 -0.0560795 -0.0538615 -0.0511768 -0.0481104 -0.044793 -0.041335 -0.0378334 -0.0343974 -0.0311112 -0.0280555 -0.0252835 -0.0228002 -0.0206572 -0.0188493 -0.0173627 -0.016178 -0.0152588 -0.0146166 -0.0142548 -0.0141253 -0.0142425 -0.0145953 -0.0152102 -0.0161089 -0.0172765 -0.0187387 -0.0205332 -0.0226593 -0.0251294 -0.0278982 -0.030942 -0.0342154 -0.0376327 -0.0411119 -0.0445547 -0.0478549 -0.050909 -0.0535795 -0.0557735 -0.0574027 -0.0583819 -0.0586836 -0.0583066 -0.0572848 -0.0556589 -0.0534645 -0.0507656 -0.0476701 -0.0442469 -0.0405575 -0.0366595 -0.0325996 -0.0283979 -0.0240852 -0.0196717 -0.0152227 -0.0107466 -0.00627063 -0.00185021 0.00245659 0.00657877 0.0104474 0.0140126 0.0171883 0.0199675 0.0223548 0.0243562 0.0260381 0.0274969 0.0288066 0.0299753 0.0310245 0.0319168 0.0325778 0.0328573 0.0325686 0.031545 0.0296367 0.0267436 0.022908 0.0182111 0.012819 0.00699213 0.00103955 -0.00473166 -0.010036 -0.0145897 -0.0182057 -0.0207767 -0.0223144 -0.0228462 -0.0224679 -0.0213613 -0.0197127 -0.0176924 -0.0154794 -0.0132111 -0.0109654 -0.00886427 -0.00698296 -0.00531793 -0.00386097 -0.00263985 -0.00162903 -0.000799317 -0.000142572 0.000380544 0.00080476 0.00115152 0.00142752 0.00164523 0.00181442 0.00197466 0.00213753 0.00226576 0.00236862 0.00248293 0.00260426 0.00270937 
0 -0.000129587 -0.000243824 -0.000347109 -0.000477396 -0.000613349 -0.000760572 -0.000913853 -0.00108674 -0.00128218 -0.00152016 -0.00183347 -0.00220656 -0.00265854 -0.00322272 -0.00395284 -0.00486407 -0.00595952 -0.00727611 -0.00884926 -0.0106763 -0.0127363 -0.0150164 -0.0174545 -0.0199366 -0.0223644 -0.0245959 -0.0264182 -0.0276584 -0.0281245 -0.0276232 -0.0260159 -0.0232756 -0.0194021 -0.0144629 -0.00868441 -0.00233071 0.00427173 0.0107997 0.0169148 0.0223233 0.0268121 0.0302402 0.0325656 0.0338557 0.0342435 0.0338657 0.032898 0.0315261 0.0298695 0.0279683 0.0258743 0.0235878 0.0210873 0.0183202 0.015254 0.011904 0.008279 0.00441861 0.000403814 -0.00372477 -0.00792563 -0.0121327 -0.0163101 -0.0204089 -0.0244324 -0.0283807 -0.0322437 -0.0360019 -0.0396604 -0.0432106 -0.0466134 -0.0498285 -0.0528345 -0.0555335 -0.0578293 -0.0596412 -0.0609101 -0.061596 -0.0616431 -0.0610188 -0.0597401 -0.0578585 -0.0554463 -0.0525864 -0.0493966 -0.0459977 -0.0424809 -0.0389676 -0.0355511 -0.0323141 -0.0293216 -0.0266096 -0.0242213 -0.0222002 -0.0205247 -0.0191753 -0.0181341 -0.0174061 -0.0169809 -0.0168407 -0.0169614 -0.0173607 -0.0180702 -0.0190978 -0.0204319 -0.0220999 -0.0241067 -0.0264695 -0.0291646 -0.0321371 -0.0353543 -0.0387624 -0.0422595 -0.0457612 -0.0491507 -0.0523236 -0.0551655 -0.0575555 -0.0594069 -0.0606514 -0.0612425 -0.0611644 -0.0604377 -0.0591301 -0.0572808 -0.0549365 -0.0521996 -0.0491524 -0.0458831 -0.0424389 -0.0388424 -0.0351245 -0.0313091 -0.0273852 -0.0233688 -0.0192795 -0.015125 -0.0108928 -0.0066478 -0.00244702 0.00166415 0.00562692 0.00938052 0.0128647 0.0160337 0.0188799 0.0214002 0.02364 0.0256807 0.0275461 0.0292554 0.0307834 0.0320771 0.0330351 0.0335031 0.0333011 0.0322693 0.0302562 0.0271939 0.0231005 0.0180882 0.0123598 0.00620099 -6.80723e-05 -0.00616081 -0.0117427 -0.0165429 -0.0203432 -0.0230413 -0.0246459 -0.025201 -0.0248158 -0.0236576 -0.0219219 -0.0197783 -0.0174148 -0.0150012 -0.012639 -0.0104058 -0.00836644 -0.0065507 -0.00499533 -0.0036796 -0.00256625 -0.00164356 -0.000904551 -0.000311184 0.000187498 0.000577053 0.000901589 0.00117661 0.00140856 0.00160936 0.00179201 0.00196767 0.00211631 0.00227657 0.00242445 0.00256497 
