0 0 0 0 0 0 0 0 0 0 0 0 0 0 0 0 0 0 0 0 0 0 0 0 0 0 0 0 0 0 0 0 0 0 0 0 0 0 0 0 0 0 0 0 0 0 0 0 0 0 0 0 0 0 0 0 0 0 0 0 0 0 0 0 0 0 0 0 0 0 0 0 0 0 0 0 0 0 0 0 0 0 0 0 0 0 0 0 0 0 0 0 0 0 0 0 0 0 0 0 0 0 0 0 0 0 0 0 0 0 0 0 0 0 0 0 0 0 0 0 0 0 0 0 0 0 0 0 0 0 0 0 0 0 0 0 0 0 0 0 0 0 0 0 0 0 0 0 0 0 0 0 0 0 0 0 0 0 0 0 0 0 0 0 0 0 0 0 0 0 0 0 0 0 0 0 0 0 0 0 0 0 0 0 0 0 0 0 0 0 0 0 0 0 0 0 0 0 0 0 
0 1.83052e-05 1.09284e-05 -1.03085e-05 3.87888e-07 2.32516e-05 2.30804e-05 -3.51022e-06 -1.13142e-05 1.9973e-06 -5.31636e-06 -3.84647e-05 -8.36211e-05 -0.00011368 -0.000152033 -0.000223207 -0.000324358 -0.000433275 -0.0005379 -0.000668256 -0.000823583 -0.00099143 -0.001143 -0.00127655 -0.00140219 -0.00149007 -0.00152144 -0.00148673 -0.00139049 -0.0012195 -0.000967095 -0.000643006 -0.000265973 0.000118304 0.000495461 0.000869767 0.0012087 0.00147446 0.00164072 0.00172147 0.00173949 0.00169604 0.00159961 0.00146081 0.00132252 0.00119822 0.00111101 0.00106632 0.0010531 0.001084 0.00116612 0.00130129 0.00147808 0.00168382 0.00191967 0.00219253 0.00248451 0.0027899 0.00307997 0.00332605 0.00350863 0.00362567 0.00364304 0.00353678 0.00328877 0.00288864 0.00233081 0.00163944 0.000847974 -1.67567e-05 -0.000921944 -0.00183879 -0.00272336 -0.00353138 -0.00422046 -0.00476284 -0.00513867 -0.00534825 -0.00540152 -0.00532957 -0.00512567 -0.0048229 -0.00444613 -0.00401542 -0.00356142 -0.00310412 -0.00265106 -0.00224667 -0.00188043 -0.0015617 -0.00129147 -0.00106228 -0.000872377 -0.000721997 -0.0005921 -0.000493786 -0.000416375 -0.000361861 -0.000322627 -0.000302112 -0.000292835 -0.000301339 -0.000323854 -0.000360704 -0.00041257 -0.000491181 -0.000584452 -0.000711615 -0.000863938 -0.00105026 -0.00128519 -0.00156122 -0.00187466 -0.00224228 -0.00264097 -0.0030853 -0.00354691 -0.00399745 -0.00442834 -0.0048148 -0.00511669 -0.00531985 -0.00538718 -0.00531939 -0.00510165 -0.00472245 -0.00417741 -0.00348763 -0.00268101 -0.00179748 -0.000876633 3.1104e-05 0.00089877 0.0016959 0.00238409 0.0029369 0.00333767 0.00358156 0.00368537 0.00367653 0.00356623 0.00338262 0.0031364 0.00284821 0.00254632 0.00227005 0.00201772 0.00178562 0.00157363 0.00138481 0.00122674 0.00112076 0.00106691 0.00105686 0.00106666 0.00111309 0.00121904 0.00134978 0.00148525 0.00159608 0.00166945 0.00168411 0.00162672 0.00148895 0.00126453 0.000973076 0.000635884 0.000273377 -0.000100182 -0.000469334 -0.000783988 -0.00102376 -0.00119438 -0.00129884 -0.0013474 -0.00132582 -0.00123929 -0.00110902 -0.000978235 -0.000846046 -0.000690948 -0.000536024 -0.000396282 -0.000286506 -0.000189991 -0.000101844 -2.74357e-05 2.99372e-05 6.88421e-05 0.000105498 0.000127185 0.000142433 0.000157474 0.000171643 0.00017794 0.000172406 0.000177294 0.000185732 0.000190916 0.000183656 
0 1.09284e-05 1.66695e-05 2.1579e-05 1.84935e-05 3.53412e-05 3.16268e-05 2.12908e-05 8.33703e-06 -7.44043e-06 -3.46716e-05 -8.76143e-05 -0.000147061 -0.00023682 -0.000337394 -0.000480913 -0.000657342 -0.000860053 -0.00109379 -0.0013574 -0.00166305 -0.00196898 -0.00226872 -0.00254086 -0.00279297 -0.00297102 -0.00303216 -0.00296929 -0.00277336 -0.00242983 -0.00193692 -0.0013097 -0.00056805 0.000208637 0.000990161 0.00173089 0.00239208 0.00290537 0.00326377 0.00345348 0.00347636 0.00337503 0.0031684 0.00290731 0.0026204 0.00237126 0.00221014 0.00212857 0.00210165 0.00216955 0.00233737 0.00261044 0.00296119 0.00339259 0.00386602 0.00438029 0.00495067 0.00553484 0.00610493 0.0065905 0.00695946 0.0071747 0.00718269 0.00695561 0.00645788 0.00564844 0.00456358 0.00319293 0.00161755 -9.12564e-05 -0.00188677 -0.00370069 -0.00543731 -0.0070228 -0.00837778 -0.00944736 -0.0101916 -0.0106196 -0.0107503 -0.0106126 -0.0102339 -0.00964086 -0.00888875 -0.00804156 -0.00714283 -0.00622487 -0.00534995 -0.00454163 -0.00381738 -0.00318958 -0.00263983 -0.00217066 -0.00179845 -0.00147703 -0.00122561 -0.00102928 -0.00086886 -0.000763012 -0.000689442 -0.000633895 -0.000629619 -0.000637322 -0.000680379 -0.000759663 -0.000861158 -0.00101411 -0.00122084 -0.0014655 -0.00178341 -0.00216113 -0.00262005 -0.0031698 -0.00379999 -0.00451555 -0.0053297 -0.00621193 -0.00712555 -0.00802338 -0.0088635 -0.00960284 -0.0101971 -0.0105762 -0.0107049 -0.0105704 -0.0101364 -0.00938207 -0.00830544 -0.00694345 -0.00534675 -0.00360096 -0.00178848 1.51337e-05 0.00172898 0.00328904 0.00466199 0.00574821 0.00654872 0.00705522 0.00727791 0.00726082 0.00705075 0.00669194 0.00622604 0.00567291 0.00511364 0.00455932 0.00403541 0.003567 0.00314051 0.00277138 0.00246678 0.00225258 0.00212097 0.00207956 0.00211463 0.00223119 0.00242967 0.00269351 0.00295987 0.003191 0.00331957 0.00334018 0.00323275 0.00295667 0.00251084 0.00191676 0.00123987 0.00051413 -0.000220533 -0.000934517 -0.00154998 -0.00204116 -0.00239175 -0.0026011 -0.00266987 -0.00262397 -0.0024696 -0.002232 -0.001973 -0.00168145 -0.00138059 -0.00108125 -0.000824152 -0.000590916 -0.000384415 -0.000208153 -5.71195e-05 4.50941e-05 0.000133844 0.000202947 0.000262943 0.000293624 0.000314498 0.000338189 0.000351034 0.000361678 0.000359378 0.000369409 0.000370747 0.000370464 
0 -1.03085e-05 2.1579e-05 4.29063e-05 4.24866e-05 2.48003e-05 3.14448e-05 3.60851e-05 2.32445e-05 -1.89335e-05 -8.11056e-05 -0.000128984 -0.000215962 -0.000348478 -0.000527914 -0.000733154 -0.000977537 -0.00128792 -0.0016483 -0.00206422 -0.00249735 -0.00295731 -0.00341488 -0.00383865 -0.00421042 -0.00445966 -0.00456142 -0.00447658 -0.00418134 -0.00365101 -0.00290787 -0.00198206 -0.00088235 0.000291911 0.00146022 0.0025743 0.003546 0.00431848 0.00484656 0.00513314 0.005193 0.00503373 0.00471882 0.00431323 0.00392341 0.00356831 0.00330534 0.00316733 0.00314282 0.00325964 0.00351955 0.00392051 0.00444453 0.0050686 0.0057803 0.00657136 0.00738838 0.00822709 0.00903177 0.00972515 0.010236 0.0105311 0.0105122 0.0101281 0.00935016 0.00816084 0.00654189 0.00453942 0.00223467 -0.000290346 -0.00292812 -0.00558062 -0.00812147 -0.0104346 -0.0124154 -0.013993 -0.0151133 -0.0157701 -0.0159801 -0.0158142 -0.0152573 -0.0143995 -0.0133181 -0.0120774 -0.0107648 -0.00943758 -0.00812378 -0.00693755 -0.00585563 -0.00490235 -0.0040824 -0.00338085 -0.0027972 -0.00233022 -0.00193334 -0.00163174 -0.00139664 -0.0012308 -0.00111224 -0.00104684 -0.00101753 -0.00103928 -0.00110557 -0.00121845 -0.001381 -0.00162432 -0.00191951 -0.00231263 -0.00278316 -0.00335172 -0.00405683 -0.00488187 -0.00581908 -0.00690959 -0.00809417 -0.00939987 -0.0107455 -0.0120481 -0.0132769 -0.0143626 -0.0152008 -0.0157492 -0.0159118 -0.0156854 -0.0150275 -0.013907 -0.0123164 -0.010315 -0.00798231 -0.00542856 -0.00276592 -0.000135054 0.00238043 0.00469021 0.00668908 0.0083062 0.0095044 0.0102714 0.0106391 0.0106663 0.0103853 0.0098859 0.0092181 0.00843946 0.00761212 0.00681749 0.00605383 0.00533777 0.00470004 0.00415816 0.00371017 0.00338271 0.00318017 0.00311493 0.00315276 0.00332368 0.00364852 0.00402195 0.00440289 0.00473093 0.00495589 0.00499586 0.00480817 0.00438712 0.00372694 0.00286328 0.00184065 0.000737555 -0.000365418 -0.00141943 -0.00233259 -0.0030747 -0.00362029 -0.00392349 -0.00401779 -0.00393499 -0.00371854 -0.00337628 -0.00296874 -0.0025247 -0.00206286 -0.00164486 -0.00124968 -0.000891113 -0.000574388 -0.000317229 -0.000107358 6.79797e-05 0.000193131 0.000302412 0.000380209 0.000440126 0.000474949 0.000496393 0.000523486 0.000537755 0.000549393 0.000543509 0.000550084 0.000556892 
0 3.87888e-07 1.84935e-05 4.24866e-05 3.41841e-05 4.03559e-05 3.08504e-05 2.68334e-05 9.66394e-06 -3.52526e-05 -0.000101298 -0.000191057 -0.000298746 -0.000482819 -0.000703281 -0.000981173 -0.00131631 -0.00173164 -0.00222603 -0.00275984 -0.00334349 -0.00395419 -0.00458658 -0.00515716 -0.00563506 -0.00595826 -0.00609438 -0.00600525 -0.0056201 -0.00490486 -0.00390435 -0.00267487 -0.00123081 0.000319572 0.00189426 0.00336817 0.00465627 0.00566785 0.00639481 0.00679238 0.00684263 0.00662776 0.00622389 0.00573627 0.00520827 0.00472434 0.00438051 0.00420592 0.00418638 0.00436744 0.00472093 0.00524054 0.00590626 0.00674514 0.00768995 0.00870031 0.00976386 0.0108145 0.0118186 0.0126675 0.0132892 0.0135995 0.0134965 0.0129364 0.0118805 0.0102783 0.0081804 0.00556925 0.0025739 -0.00067456 -0.00407104 -0.00748356 -0.0107463 -0.0137348 -0.016314 -0.0183815 -0.0198577 -0.0207409 -0.0210548 -0.0208505 -0.0201775 -0.0190997 -0.0177218 -0.0161533 -0.0144712 -0.0127341 -0.011048 -0.00946993 -0.0080356 -0.00677344 -0.00566402 -0.00471433 -0.00394853 -0.00329453 -0.00277337 -0.00236195 -0.00202901 -0.00180083 -0.00164196 -0.00153075 -0.00151496 -0.00153726 -0.00163129 -0.00179777 -0.0020165 -0.00233403 -0.00275529 -0.00326362 -0.00391389 -0.00469093 -0.00563065 -0.00674402 -0.00800965 -0.00942905 -0.011008 -0.012694 -0.0144188 -0.0160993 -0.0176649 -0.0190354 -0.0201205 -0.0207936 -0.0209771 -0.0206416 -0.0197329 -0.0182299 -0.01615 -0.0135693 -0.0105751 -0.00730404 -0.00389091 -0.000474737 0.00279069 0.00577166 0.00838663 0.0104799 0.0120626 0.0131307 0.0136916 0.0137905 0.0134898 0.0128793 0.0120552 0.0110747 0.0100657 0.00904114 0.00803677 0.0071096 0.00627041 0.00555575 0.00496342 0.00451888 0.00422238 0.00411722 0.00419499 0.00444174 0.00482398 0.00530279 0.00580482 0.00627284 0.00655939 0.00659656 0.00634117 0.00576658 0.00489586 0.00374879 0.00240332 0.000931391 -0.000549146 -0.00195043 -0.00315414 -0.00413497 -0.00485143 -0.00526536 -0.00538206 -0.00527739 -0.00498229 -0.00451977 -0.00397759 -0.00337464 -0.0027811 -0.00220803 -0.00168163 -0.00118625 -0.000771386 -0.000446877 -0.000159036 7.57011e-05 0.000266895 0.000386051 0.000485134 0.000564587 0.000625548 0.000661348 0.000676787 0.000706139 0.000716701 0.000728716 0.000729628 0.000739193 
0 2.32516e-05 3.53412e-05 2.48003e-05 4.03559e-05 5.95828e-05 5.42772e-05 1.38827e-05 -1.44467e-05 -4.92478e-05 -0.000137482 -0.000256368 -0.000422719 -0.000632407 -0.000909566 -0.00125918 -0.00169119 -0.00221633 -0.00281199 -0.00348774 -0.00421305 -0.00498857 -0.00576276 -0.00647008 -0.00707095 -0.00747838 -0.00765364 -0.00753325 -0.00705447 -0.00617633 -0.00494223 -0.00341414 -0.00161758 0.000313968 0.00225103 0.00408842 0.00568954 0.00696583 0.00785557 0.0083444 0.0084411 0.00818262 0.00768159 0.00705348 0.00643147 0.00585766 0.00542594 0.00520627 0.00520455 0.00544506 0.00590232 0.00655515 0.00739273 0.00840557 0.00955914 0.0108009 0.0120413 0.01326 0.0143975 0.0153499 0.0160097 0.0162996 0.0160824 0.0152978 0.0139268 0.0119594 0.00938158 0.00623863 0.00263905 -0.00128573 -0.00536772 -0.00944873 -0.0133493 -0.0169131 -0.0200005 -0.0225036 -0.0243346 -0.0254678 -0.0259139 -0.025751 -0.0249811 -0.0237295 -0.0221188 -0.0202507 -0.0182421 -0.016174 -0.0141089 -0.0121935 -0.0104239 -0.00883942 -0.00745448 -0.00626092 -0.00526333 -0.00444905 -0.00376614 -0.00323458 -0.00281907 -0.00252046 -0.00230966 -0.00218775 -0.00214077 -0.00217902 -0.00229965 -0.00250461 -0.00279773 -0.0032182 -0.00374072 -0.00441627 -0.00523349 -0.00621645 -0.00741289 -0.00880358 -0.010372 -0.0121497 -0.0140616 -0.0161133 -0.0181947 -0.0201915 -0.0220485 -0.0236641 -0.0248937 -0.0256504 -0.0258032 -0.0253324 -0.0241875 -0.0223452 -0.0198233 -0.0167132 -0.0131275 -0.00920942 -0.00511229 -0.00103188 0.00288683 0.00649299 0.00963237 0.0122029 0.0141723 0.015533 0.0163067 0.0165401 0.0162715 0.0156279 0.014709 0.0136064 0.0124097 0.0112068 0.0100067 0.00885498 0.00781609 0.00692969 0.00619252 0.00562783 0.00525588 0.00511762 0.00518626 0.00547608 0.00597809 0.00656183 0.0071704 0.00771602 0.0080839 0.00813277 0.00779537 0.00707667 0.00598717 0.00457068 0.0028895 0.0010633 -0.00076992 -0.00250544 -0.0040033 -0.00521531 -0.0061023 -0.00660673 -0.0067647 -0.00662765 -0.00625444 -0.00567821 -0.00500016 -0.00426928 -0.0035124 -0.00279989 -0.00213051 -0.00153106 -0.00101281 -0.000587678 -0.000231868 6.99197e-05 0.00029564 0.000470069 0.000589281 0.000689412 0.00076819 0.000817932 0.000850003 0.000865454 0.000890797 0.000904131 0.000916587 0.000915407 
0 2.30804e-05 3.16268e-05 3.14448e-05 3.08504e-05 5.42772e-05 4.14339e-05 4.34723e-06 -3.76395e-05 -9.57894e-05 -0.000194954 -0.000346516 -0.000537876 -0.00080461 -0.00113521 -0.00156517 -0.00209058 -0.00270966 -0.00342638 -0.00423655 -0.00513244 -0.00605209 -0.00696155 -0.00780285 -0.00853798 -0.00905071 -0.00925334 -0.0090947 -0.00852173 -0.00749677 -0.00604479 -0.00421927 -0.00207469 0.000223288 0.00253834 0.00471841 0.00663356 0.00815389 0.00923445 0.00983097 0.0099382 0.00964694 0.00906701 0.0083446 0.00758813 0.00691576 0.00644188 0.00620952 0.00621695 0.00651107 0.00706333 0.00785173 0.00884597 0.0100492 0.0113778 0.0127616 0.014155 0.0154894 0.0167133 0.0176992 0.0183385 0.0185195 0.0181189 0.0170879 0.0154069 0.0130488 0.0100546 0.00642229 0.00228782 -0.00218457 -0.00683226 -0.0114723 -0.0159 -0.0199614 -0.0235025 -0.0263989 -0.0285501 -0.0299277 -0.0305377 -0.0304263 -0.0296413 -0.0282812 -0.0264881 -0.0244 -0.0221236 -0.0197433 -0.0173812 -0.0151316 -0.0130431 -0.0111583 -0.00947964 -0.00802436 -0.00681785 -0.00579919 -0.00497144 -0.0043132 -0.00379039 -0.00341728 -0.00315692 -0.0029887 -0.00294694 -0.00298836 -0.00313981 -0.00340355 -0.00376798 -0.00427946 -0.0049445 -0.00576189 -0.00677757 -0.00798728 -0.00942836 -0.0111036 -0.0129856 -0.0150666 -0.0173223 -0.0196873 -0.0220618 -0.0243326 -0.0264095 -0.0281846 -0.0295317 -0.0303054 -0.0303997 -0.0297753 -0.0283806 -0.0262034 -0.0232836 -0.0197234 -0.0156374 -0.0111867 -0.00653888 -0.00188074 0.00259531 0.0067155 0.0103527 0.013347 0.0156937 0.017383 0.0184113 0.0188081 0.0186386 0.0180239 0.0170876 0.0159118 0.0146263 0.0132682 0.0118863 0.0105613 0.00934371 0.00828991 0.00740762 0.00672659 0.00626285 0.00607132 0.0061523 0.00649625 0.00705902 0.00775761 0.00848255 0.00912785 0.00951967 0.00955621 0.0091695 0.00831512 0.00700291 0.00528066 0.00327553 0.00111494 -0.00105688 -0.00312122 -0.00491222 -0.00635385 -0.00739251 -0.00799518 -0.00817907 -0.00801574 -0.00755708 -0.00686823 -0.0060673 -0.00518442 -0.0042781 -0.00340052 -0.00261288 -0.00190419 -0.00127833 -0.000743487 -0.000300194 3.09909e-05 0.000301507 0.000520915 0.000694356 0.000802412 0.000879283 0.000949862 0.000999327 0.0010309 0.00104313 0.00106867 0.00108422 0.00109051 
0 -3.51022e-06 2.12908e-05 3.60851e-05 2.68334e-05 1.38827e-05 4.34723e-06 -2.30232e-05 -7.5971e-05 -0.0001625 -0.000287677 -0.000451317 -0.000683101 -0.000994854 -0.0013912 -0.00189236 -0.00251005 -0.00324042 -0.00407675 -0.00503263 -0.00607898 -0.00716189 -0.00822283 -0.00920933 -0.0100667 -0.0106664 -0.010907 -0.0107213 -0.0100595 -0.00888305 -0.00720404 -0.00507943 -0.00259774 5.24237e-05 0.00270986 0.00523785 0.00746722 0.0092438 0.01048 0.01116 0.0113131 0.0110103 0.0103676 0.00953599 0.00868366 0.00793459 0.00740584 0.00715496 0.00718801 0.00753606 0.00818591 0.00910359 0.0102493 0.0115888 0.0130567 0.0145789 0.0160708 0.0174714 0.0186995 0.0196293 0.0201491 0.0201626 0.0195448 0.0182371 0.016226 0.0135105 0.0101076 0.00606406 0.00150541 -0.00340871 -0.00849463 -0.0135644 -0.0184173 -0.02288 -0.0267966 -0.0300341 -0.0324858 -0.0341049 -0.0348885 -0.0348836 -0.0341205 -0.0327213 -0.0308347 -0.028592 -0.026116 -0.0235031 -0.0208587 -0.0183195 -0.0159301 -0.0137424 -0.0117859 -0.0100765 -0.00863014 -0.00742148 -0.00641857 -0.00561834 -0.00499052 -0.00453023 -0.00420843 -0.00401502 -0.00394985 -0.00400728 -0.00419358 -0.00451106 -0.00496425 -0.00558849 -0.00638177 -0.00737546 -0.00858336 -0.0100229 -0.0117298 -0.0136874 -0.0158658 -0.0182557 -0.0207901 -0.0234216 -0.0260335 -0.0285007 -0.0307372 -0.0326223 -0.0340031 -0.0347479 -0.0347325 -0.0339208 -0.0322766 -0.0297984 -0.026536 -0.0225986 -0.0181161 -0.013245 -0.00815965 -0.00306672 0.00185018 0.00641437 0.0104608 0.0138592 0.0165697 0.0185767 0.0198822 0.0205147 0.0205236 0.0200279 0.0191392 0.0179552 0.0165931 0.0151451 0.0136577 0.0121935 0.0108202 0.00959895 0.00856494 0.00776583 0.00723718 0.0070113 0.00707278 0.00743382 0.0080756 0.00887347 0.00969959 0.0104116 0.0108522 0.0108867 0.0104266 0.00942915 0.00789579 0.00590191 0.00357902 0.00108399 -0.00143107 -0.00382276 -0.00590231 -0.00756282 -0.00875048 -0.00943914 -0.0096593 -0.00946343 -0.00891836 -0.0081108 -0.00716636 -0.00614047 -0.00507923 -0.00406054 -0.00312795 -0.00229781 -0.00156798 -0.000942471 -0.000426124 -2.45068e-05 0.000286325 0.000548134 0.000753039 0.000892039 0.000983202 0.00106062 0.00113093 0.00117366 0.00119811 0.00121807 0.00124192 0.00125796 
0 -1.13142e-05 8.33703e-06 2.32445e-05 9.66394e-06 -1.44467e-05 -3.76395e-05 -7.5971e-05 -0.000142208 -0.000248001 -0.000399714 -0.000601167 -0.000876074 -0.00124027 -0.00170231 -0.00228025 -0.00299101 -0.00383623 -0.00480505 -0.00589197 -0.00707482 -0.00831406 -0.00954237 -0.0106769 -0.0116379 -0.0123131 -0.0126005 -0.0124124 -0.011676 -0.0103484 -0.00844822 -0.00604652 -0.00325655 -0.000267143 0.00274328 0.00560863 0.00813832 0.0101602 0.0115731 0.0123546 0.0125429 0.0122266 0.0115327 0.0106203 0.00967137 0.00884742 0.00828172 0.00802976 0.0080963 0.00850579 0.00925104 0.0102917 0.0115717 0.0130318 0.0145932 0.0161787 0.0177084 0.0191047 0.0202659 0.0210648 0.0213947 0.0211668 0.0202795 0.0186768 0.0163431 0.0132825 0.00952426 0.00513252 0.000238841 -0.00499371 -0.0103897 -0.0157658 -0.0209251 -0.0256909 -0.0299019 -0.033417 -0.036127 -0.0379782 -0.0389604 -0.0391022 -0.0384369 -0.0370746 -0.0351626 -0.0328386 -0.0302257 -0.0274295 -0.024569 -0.0217759 -0.0191169 -0.0166501 -0.0144166 -0.0124466 -0.0107605 -0.0093393 -0.00815794 -0.00720555 -0.00645696 -0.00590137 -0.00551334 -0.00528081 -0.005203 -0.00527418 -0.00549918 -0.0058813 -0.0064282 -0.00716954 -0.00811416 -0.00928704 -0.0107058 -0.0123867 -0.0143525 -0.0165841 -0.0190445 -0.0217027 -0.0244915 -0.0273404 -0.0301293 -0.0327317 -0.0350474 -0.0369531 -0.0382982 -0.0389451 -0.038782 -0.037771 -0.0358893 -0.033146 -0.0296022 -0.0253708 -0.0205868 -0.0154095 -0.0100155 -0.00460483 0.00063674 0.00553535 0.00992677 0.0136773 0.0167309 0.0190648 0.0206743 0.0215802 0.0218329 0.0215319 0.0207751 0.0196607 0.0183104 0.0168251 0.0152684 0.0137053 0.0122031 0.0108316 0.00965455 0.00873961 0.00813393 0.00786383 0.00791851 0.0083043 0.00899774 0.00988043 0.0107998 0.0115826 0.0120516 0.0120632 0.0115201 0.0103704 0.00862119 0.00636071 0.00373505 0.000911911 -0.00193719 -0.00463211 -0.00697383 -0.00884136 -0.0101735 -0.0109446 -0.0111858 -0.0109582 -0.0103352 -0.00941523 -0.00832647 -0.00714992 -0.00594969 -0.00479355 -0.0037151 -0.00274143 -0.00190408 -0.00120739 -0.000618851 -0.000126225 0.00025638 0.000540358 0.000759113 0.000938803 0.00107284 0.0011609 0.00122683 0.00128368 0.00132956 0.0013596 0.00138601 0.00141076 
0 1.9973e-06 -7.44043e-06 -1.89335e-05 -3.52526e-05 -4.92478e-05 -9.57894e-05 -0.0001625 -0.000248001 -0.000372541 -0.000552728 -0.000799765 -0.00111341 -0.00153918 -0.00207751 -0.00273826 -0.00353657 -0.00449341 -0.0056071 -0.00683408 -0.00816089 -0.00954889 -0.0109388 -0.0122242 -0.0132995 -0.0140597 -0.0143922 -0.0141981 -0.0133843 -0.0119109 -0.00980821 -0.00715319 -0.00406889 -0.000739622 0.00262709 0.00581009 0.00861519 0.0108663 0.0124689 0.0133766 0.0136098 0.0132784 0.0125292 0.0115551 0.0105337 0.00965835 0.00906657 0.00881274 0.00891126 0.00938277 0.0102158 0.011364 0.0127514 0.0143009 0.015911 0.0174953 0.018993 0.0203021 0.0213187 0.021915 0.0219928 0.0214644 0.0202612 0.0183397 0.0156887 0.0123114 0.00826323 0.00360556 -0.00152351 -0.00695914 -0.0125471 -0.0181088 -0.0234551 -0.0284155 -0.0328279 -0.0365511 -0.0394789 -0.0415524 -0.0427551 -0.043082 -0.0425778 -0.0413216 -0.039454 -0.0371221 -0.0344419 -0.0315237 -0.0285116 -0.0255081 -0.0226156 -0.0198956 -0.0173949 -0.0151642 -0.0132353 -0.0115845 -0.0102154 -0.00909885 -0.0082177 -0.0075599 -0.00710174 -0.00682183 -0.00673406 -0.00681607 -0.00708174 -0.00753626 -0.00818585 -0.00905449 -0.0101701 -0.011531 -0.0131741 -0.015103 -0.017321 -0.0198129 -0.0225322 -0.0254167 -0.0284201 -0.0314316 -0.0343372 -0.0370111 -0.0393313 -0.0411743 -0.0424086 -0.0428882 -0.0425374 -0.0413176 -0.0392215 -0.0362632 -0.0325073 -0.0280646 -0.0230725 -0.0176974 -0.0121212 -0.00652063 -0.00107912 0.00404312 0.00870436 0.0127551 0.0161286 0.0187882 0.0207192 0.0219336 0.0224862 0.0224483 0.0219047 0.0209414 0.0196876 0.0182274 0.0166458 0.0150203 0.0134222 0.0119371 0.0106483 0.00963262 0.00894358 0.00861263 0.00865593 0.00907163 0.00981068 0.0107667 0.011755 0.012593 0.0130774 0.0130595 0.0124289 0.0111254 0.00916987 0.00664642 0.00371727 0.00056713 -0.00259839 -0.00556722 -0.00815238 -0.0102294 -0.0117136 -0.0125635 -0.0128024 -0.0125303 -0.0118344 -0.0108142 -0.00958399 -0.00824354 -0.00689406 -0.00559157 -0.00438223 -0.00327643 -0.00231978 -0.00152642 -0.000860128 -0.000300012 0.000155103 0.000481246 0.000730478 0.00093963 0.00111079 0.00122488 0.00129633 0.00136798 0.0014286 0.00147792 0.00151009 0.00154272 
0 -5.31636e-06 -3.46716e-05 -8.11056e-05 -0.000101298 -0.000137482 -0.000194954 -0.000287677 -0.000399714 -0.000552728 -0.000771543 -0.00104645 -0.0014179 -0.00189853 -0.00252086 -0.00326546 -0.004163 -0.00524056 -0.00648412 -0.00787137 -0.00935406 -0.0109071 -0.0124466 -0.0138834 -0.0150886 -0.0159412 -0.0163224 -0.0161171 -0.0152268 -0.0136169 -0.0113204 -0.00841983 -0.00504885 -0.00138781 0.0023045 0.005803 0.00887162 0.0113577 0.0131329 0.01416 0.0144656 0.0141296 0.0133455 0.0123168 0.0112668 0.0103588 0.00972814 0.00946813 0.0096148 0.0101474 0.0110546 0.0122694 0.0137222 0.0152945 0.0169078 0.0184628 0.0198476 0.0209947 0.021781 0.0221015 0.0218599 0.0209934 0.019448 0.0171904 0.014222 0.0105815 0.00628323 0.00145336 -0.00379646 -0.00932463 -0.0149735 -0.0205888 -0.0260164 -0.0310729 -0.0356085 -0.0394818 -0.0425882 -0.0448586 -0.0462699 -0.0468163 -0.0465083 -0.0454287 -0.0436952 -0.0414287 -0.0387554 -0.035799 -0.0326682 -0.0295134 -0.0264235 -0.0234684 -0.0207286 -0.018253 -0.0160623 -0.0141963 -0.012614 -0.0113189 -0.0103025 -0.00952774 -0.00898566 -0.00867348 -0.00855264 -0.0086579 -0.00897027 -0.00949549 -0.0102633 -0.0112803 -0.012558 -0.0141377 -0.0160002 -0.0181739 -0.0206501 -0.023384 -0.026327 -0.0294206 -0.032565 -0.0356809 -0.0386358 -0.0412962 -0.0435498 -0.0452734 -0.0463245 -0.0466027 -0.0460328 -0.0445912 -0.0422909 -0.0391563 -0.0352508 -0.0306796 -0.0255962 -0.020149 -0.0145091 -0.00885271 -0.0033222 0.00194518 0.00677501 0.0110747 0.0147297 0.0176965 0.0199603 0.0215292 0.0224276 0.0227095 0.0224363 0.021708 0.0206027 0.0192508 0.0177211 0.0160785 0.0144352 0.012878 0.0115069 0.0103966 0.00963316 0.00925296 0.00927513 0.00970478 0.0104959 0.0114949 0.0125323 0.0133967 0.0139101 0.0138623 0.0131226 0.0116601 0.00949571 0.00673171 0.00350106 3.27141e-05 -0.00343979 -0.00667713 -0.00950177 -0.0117742 -0.0133984 -0.0143161 -0.014562 -0.0142339 -0.013454 -0.0123261 -0.0109485 -0.00945639 -0.00793671 -0.00648477 -0.0051304 -0.00391458 -0.0028394 -0.00191771 -0.00116526 -0.000548001 -5.57228e-05 0.000351386 0.000656456 0.000890102 0.00107037 0.00121307 0.00133034 0.0014114 0.00148739 0.00154393 0.00160099 0.00164668 
0 -3.84647e-05 -8.76143e-05 -0.000128984 -0.000191057 -0.000256368 -0.000346516 -0.000451317 -0.000601167 -0.000799765 -0.00104645 -0.00138675 -0.00181662 -0.00237039 -0.00305157 -0.0039009 -0.00492794 -0.00612247 -0.00749423 -0.0090189 -0.0106826 -0.0123979 -0.0140923 -0.0156718 -0.0169991 -0.0179495 -0.0183815 -0.0181773 -0.0172301 -0.0155001 -0.0130223 -0.00988059 -0.00624148 -0.00229092 0.00172555 0.00551756 0.00886286 0.0115721 0.0135412 0.0146941 0.0150441 0.0147324 0.0139487 0.0129161 0.0118134 0.0108645 0.0102229 0.00997323 0.0101593 0.0107603 0.0117189 0.0129679 0.0144234 0.0159932 0.0175537 0.0189813 0.0202032 0.0211008 0.0215827 0.0215653 0.0209709 0.0197236 0.017815 0.0152328 0.0119861 0.00809751 0.00364776 -0.00128811 -0.00657901 -0.0120771 -0.0176774 -0.0232423 -0.0286284 -0.0336917 -0.0382724 -0.04223 -0.0454621 -0.0479021 -0.049527 -0.0502938 -0.0502462 -0.0494038 -0.0478596 -0.0457432 -0.043148 -0.0401934 -0.0370407 -0.0337673 -0.0305246 -0.0273869 -0.0244187 -0.0217032 -0.019286 -0.0171683 -0.0153871 -0.0139054 -0.0127247 -0.0118292 -0.0112038 -0.0108233 -0.0107038 -0.0108192 -0.0111823 -0.0118024 -0.0126881 -0.0138484 -0.0153297 -0.0171026 -0.0192057 -0.0216284 -0.0243307 -0.0272882 -0.0304341 -0.0336585 -0.0369236 -0.0400741 -0.0430011 -0.0455896 -0.047696 -0.0492127 -0.0500454 -0.0500709 -0.0492703 -0.0476146 -0.045132 -0.0418561 -0.0378622 -0.0332603 -0.0281796 -0.0227745 -0.0171994 -0.0115692 -0.00604057 -0.000747691 0.00419436 0.00864594 0.0125271 0.01579 0.0184004 0.0203319 0.0216115 0.0222538 0.0223145 0.0218739 0.0210344 0.0198486 0.0184136 0.0168265 0.0151861 0.0135987 0.0121691 0.0109925 0.010154 0.00971988 0.009752 0.0102144 0.0110015 0.0120245 0.0130958 0.0140071 0.014503 0.0143925 0.0135493 0.011917 0.00954457 0.00652275 0.00302771 -0.000730019 -0.00449431 -0.00800012 -0.0110574 -0.013496 -0.015217 -0.0162015 -0.0164648 -0.0161001 -0.015217 -0.0139604 -0.0124479 -0.0108033 -0.00914304 -0.00751671 -0.00601474 -0.00466364 -0.00347969 -0.0024492 -0.00158349 -0.000903782 -0.000346348 0.000111587 0.000491385 0.000757951 0.000956045 0.00113591 0.00128536 0.00140373 0.00148095 0.00156714 0.00163983 0.0017088 
0 -8.36211e-05 -0.000147061 -0.000215962 -0.000298746 -0.000422719 -0.000537876 -0.000683101 -0.000876074 -0.00111341 -0.0014179 -0.00181662 -0.00233725 -0.00294637 -0.0037168 -0.00467561 -0.00582873 -0.00715413 -0.00865301 -0.0103423 -0.0121645 -0.0140545 -0.0159049 -0.017632 -0.0190876 -0.0201376 -0.0206258 -0.0204164 -0.0194147 -0.0175931 -0.0149526 -0.0115792 -0.00767614 -0.00344119 0.000844154 0.00493315 0.00854696 0.0115027 0.0136332 0.0149028 0.0153633 0.0150958 0.0143138 0.0132484 0.0121523 0.0112038 0.0105421 0.0102919 0.0105154 0.011145 0.0121369 0.0133895 0.0148249 0.0163036 0.0177444 0.0190115 0.0199641 0.0205469 0.0206627 0.0202623 0.0192749 0.0176502 0.01538 0.0124728 0.00896243 0.00492475 0.000372013 -0.00455665 -0.0097845 -0.0151989 -0.0206717 -0.0260836 -0.0313417 -0.0362899 -0.0408105 -0.04478 -0.0481011 -0.0506953 -0.052527 -0.0535532 -0.05377 -0.0532053 -0.0519193 -0.0499981 -0.0475473 -0.0446947 -0.0415428 -0.0382369 -0.034894 -0.0315961 -0.0284498 -0.0255255 -0.0228546 -0.0205256 -0.0185115 -0.0168306 -0.0154972 -0.0144651 -0.0137402 -0.0133247 -0.0131613 -0.0133053 -0.0137247 -0.0144267 -0.015452 -0.0167871 -0.0184445 -0.0204574 -0.0227783 -0.0254265 -0.0283536 -0.0314924 -0.0347794 -0.0381251 -0.041416 -0.0445523 -0.0474007 -0.049835 -0.0517353 -0.0530018 -0.0535343 -0.0532826 -0.0522306 -0.0503702 -0.0477455 -0.0444004 -0.0403986 -0.0358314 -0.0308476 -0.0255643 -0.0201216 -0.0146412 -0.00922466 -0.00397546 0.000951589 0.00550992 0.00957326 0.0130908 0.0160184 0.0183256 0.0199967 0.0210354 0.0214789 0.0214159 0.0208623 0.0199242 0.0186704 0.0171769 0.0155919 0.0140191 0.0125834 0.0113675 0.0104985 0.0100398 0.0100414 0.010493 0.0113216 0.0123692 0.0134548 0.0143346 0.0148117 0.0146389 0.0136734 0.0118808 0.00928621 0.00602639 0.00225469 -0.00177283 -0.00580446 -0.00955794 -0.0128341 -0.0154324 -0.017246 -0.0182734 -0.0185567 -0.018146 -0.0171623 -0.0157762 -0.0141185 -0.0123364 -0.0105077 -0.00873389 -0.00706508 -0.00557313 -0.00426485 -0.00313288 -0.00217852 -0.0013786 -0.00074981 -0.000232021 0.000179244 0.00051065 0.000767502 0.000975055 0.00115357 0.00128868 0.00141656 0.00152069 0.00162238 0.00170818 
0 -0.00011368 -0.00023682 -0.000348478 -0.000482819 -0.000632407 -0.00080461 -0.000994854 -0.00124027 -0.00153918 -0.00189853 -0.00237039 -0.00294637 -0.00365841 -0.00453719 -0.00560813 -0.00686665 -0.00832625 -0.0100059 -0.0118575 -0.0138462 -0.0158975 -0.0179213 -0.0198072 -0.0214004 -0.0225584 -0.0230987 -0.0228862 -0.0218442 -0.0199309 -0.017141 -0.013556 -0.00940464 -0.00490276 -0.000323658 0.00402421 0.00789936 0.01108 0.0134115 0.0148216 0.0153606 0.0151644 0.0144252 0.0133815 0.0122603 0.0113098 0.0106784 0.0104458 0.0106643 0.0112962 0.0122647 0.0134781 0.0148272 0.0161857 0.017425 0.0184112 0.0190611 0.019276 0.0189914 0.0181826 0.0167914 0.0147649 0.0121414 0.00894997 0.00523901 0.00107019 -0.00347941 -0.00834304 -0.0134351 -0.0186441 -0.0238908 -0.0290696 -0.0340941 -0.0388684 -0.0432705 -0.0471942 -0.0505492 -0.0532577 -0.0552757 -0.0565321 -0.0570465 -0.0567918 -0.0557963 -0.0541471 -0.0519089 -0.0491968 -0.0461536 -0.042851 -0.0394573 -0.0360624 -0.0327526 -0.0296339 -0.0267658 -0.0241961 -0.0219802 -0.0201021 -0.018585 -0.0174162 -0.0165929 -0.0160978 -0.0159342 -0.0160918 -0.0165712 -0.0173837 -0.0185402 -0.0200358 -0.0219097 -0.024121 -0.0266759 -0.0295468 -0.0326517 -0.0359446 -0.0393421 -0.0427139 -0.0460053 -0.0490499 -0.0517385 -0.0539685 -0.055599 -0.0565549 -0.0567892 -0.0562449 -0.054954 -0.0529073 -0.050161 -0.0467697 -0.0428082 -0.0383755 -0.0335734 -0.02852 -0.0233272 -0.0180552 -0.01282 -0.00772453 -0.00285062 0.00171616 0.00589879 0.00963842 0.0128685 0.0155167 0.0175718 0.0190167 0.0198771 0.0202114 0.0200497 0.0194098 0.0183816 0.0170754 0.0156143 0.0141163 0.0127104 0.0115122 0.010625 0.010137 0.0101413 0.0106039 0.0114151 0.0124753 0.0135676 0.0144379 0.0148311 0.0145536 0.0134808 0.0115302 0.00872488 0.00518765 0.00115278 -0.00313593 -0.00741647 -0.0113998 -0.0148758 -0.0176274 -0.0195401 -0.0206126 -0.0208767 -0.0204095 -0.0193309 -0.017823 -0.016023 -0.014067 -0.0120754 -0.0101289 -0.00832276 -0.00667885 -0.00522736 -0.00398335 -0.00292891 -0.00204158 -0.0013025 -0.000733633 -0.000271512 0.000115517 0.00044232 0.000697328 0.000887223 0.00107157 0.0012365 0.00138648 0.00150594 0.00162735 
0 -0.000152033 -0.000337394 -0.000527914 -0.000703281 -0.000909566 -0.00113521 -0.0013912 -0.00170231 -0.00207751 -0.00252086 -0.00305157 -0.0037168 -0.00453719 -0.00554546 -0.00672232 -0.00809822 -0.00971966 -0.0115697 -0.0135915 -0.0157406 -0.0179738 -0.020174 -0.02222 -0.0239465 -0.0252023 -0.0258077 -0.02562 -0.02454 -0.0225309 -0.0195923 -0.0158225 -0.0114496 -0.00669207 -0.00185938 0.00276529 0.0068965 0.0103085 0.0128079 0.014361 0.0150433 0.0149438 0.0142619 0.0132386 0.0121476 0.0112161 0.0105843 0.0103501 0.0105663 0.011161 0.0120746 0.0131945 0.0144071 0.0155492 0.0165293 0.0172195 0.0174962 0.0173051 0.0165838 0.0153314 0.0135209 0.0111335 0.00820465 0.00477622 0.000908247 -0.00330074 -0.00781134 -0.0125183 -0.0173852 -0.0223389 -0.0272912 -0.0321574 -0.0368966 -0.0414093 -0.0456182 -0.0494386 -0.0527855 -0.0555751 -0.0577503 -0.0592387 -0.0600326 -0.0601051 -0.059451 -0.0581106 -0.0561437 -0.0536569 -0.0507468 -0.0475283 -0.0441433 -0.0406898 -0.0372824 -0.0340156 -0.0309446 -0.0281789 -0.025739 -0.0236581 -0.0219745 -0.0206613 -0.0197312 -0.0191854 -0.0189809 -0.0191627 -0.0197048 -0.0206149 -0.021923 -0.023605 -0.0256668 -0.0281027 -0.030854 -0.0339049 -0.0371688 -0.0405659 -0.0440131 -0.0473923 -0.0505925 -0.0534861 -0.0559559 -0.0579045 -0.059223 -0.0598533 -0.0597567 -0.058928 -0.0574047 -0.0551919 -0.0523578 -0.0489784 -0.0451266 -0.0408794 -0.0363414 -0.0315816 -0.0266877 -0.0217189 -0.0167473 -0.0118495 -0.00712831 -0.00260094 0.001635 0.00552062 0.00898338 0.0119584 0.0143986 0.0162631 0.0175542 0.0183156 0.0185225 0.0182398 0.0175354 0.0164824 0.0152103 0.0138283 0.0124971 0.0113442 0.0105027 0.0100418 0.0100348 0.0104756 0.0112928 0.0123475 0.0134135 0.0142099 0.0145331 0.0141578 0.0129345 0.0107972 0.00776921 0.00400554 -0.000289357 -0.00483459 -0.00935894 -0.0135576 -0.017211 -0.0201002 -0.0221066 -0.0232149 -0.0234549 -0.0229166 -0.0217543 -0.0201303 -0.018168 -0.0160442 -0.0138821 -0.0117839 -0.00981488 -0.0080274 -0.00643101 -0.00504831 -0.00388939 -0.00290783 -0.00209048 -0.00141921 -0.000885018 -0.000438694 -6.09586e-05 0.00024608 0.000497577 0.000722492 0.000936273 0.00111018 0.00127178 0.00143655 
0 -0.000223207 -0.000480913 -0.000733154 -0.000981173 -0.00125918 -0.00156517 -0.00189236 -0.00228025 -0.00273826 -0.00326546 -0.0039009 -0.00467561 -0.00560813 -0.00672232 -0.00803734 -0.00957845 -0.0113612 -0.0133658 -0.0155523 -0.0178896 -0.020308 -0.0226859 -0.024889 -0.0267395 -0.0280881 -0.0287731 -0.0286285 -0.0275242 -0.025419 -0.0223491 -0.0184206 -0.0138506 -0.00885832 -0.0037536 0.00113143 0.00550887 0.00914642 0.011864 0.0135955 0.0144062 0.0144206 0.0138339 0.0128735 0.0118049 0.0108866 0.0102684 0.0100284 0.0102044 0.0107326 0.0115368 0.0125164 0.0135335 0.0144198 0.0150659 0.0153657 0.0152358 0.0146167 0.0134581 0.0117761 0.00956461 0.00683049 0.00364185 5.02365e-05 -0.003888 -0.00808454 -0.0124706 -0.0169768 -0.021571 -0.0261948 -0.0307916 -0.035297 -0.0396796 -0.0438833 -0.047842 -0.0514978 -0.0547821 -0.0576135 -0.059919 -0.0616161 -0.0626912 -0.0630921 -0.0627848 -0.0617917 -0.0601427 -0.0579272 -0.0552384 -0.0521586 -0.0488395 -0.0453888 -0.0419163 -0.0385358 -0.0353197 -0.032368 -0.0297397 -0.0274678 -0.0256 -0.0241376 -0.0230945 -0.0224717 -0.0222544 -0.0224603 -0.023074 -0.0241006 -0.0255498 -0.0274001 -0.0296562 -0.0322781 -0.0352166 -0.0384264 -0.041799 -0.0452563 -0.0487019 -0.0520049 -0.0550684 -0.0577474 -0.0599384 -0.0615672 -0.0625343 -0.0628067 -0.0623821 -0.0612758 -0.0595449 -0.0572053 -0.0543307 -0.0510078 -0.0473148 -0.0433235 -0.0390948 -0.034686 -0.0301564 -0.0255326 -0.0208811 -0.0162663 -0.0117436 -0.00733746 -0.00311729 0.000854693 0.00449919 0.00773865 0.0105219 0.0127868 0.0145075 0.0157 0.0163363 0.0164453 0.0160941 0.015355 0.0143306 0.0131337 0.0119312 0.0108828 0.0101105 0.00969298 0.00971813 0.0101727 0.0109655 0.0119798 0.0129967 0.0137303 0.0139402 0.013418 0.0120223 0.00967567 0.00642456 0.00242529 -0.00210705 -0.00690476 -0.0116608 -0.0160575 -0.0198716 -0.0228783 -0.0249591 -0.0260992 -0.0263208 -0.0257185 -0.0244643 -0.0227194 -0.0206017 -0.018304 -0.0159874 -0.0137268 -0.0115848 -0.00963049 -0.00789782 -0.00638536 -0.00509213 -0.00401089 -0.00310593 -0.00234316 -0.00170894 -0.00120243 -0.000781972 -0.000409417 -8.62057e-05 0.000198067 0.000445822 0.000669431 0.000881087 0.00109775 
0 -0.000324358 -0.000657342 -0.000977537 -0.00131631 -0.00169119 -0.00209058 -0.00251005 -0.00299101 -0.00353657 -0.004163 -0.00492794 -0.00582873 -0.00686665 -0.00809822 -0.00957845 -0.0112943 -0.0132309 -0.0153995 -0.0177796 -0.0203154 -0.0229161 -0.0254728 -0.0278414 -0.0298319 -0.0312889 -0.0320463 -0.0319226 -0.0307898 -0.0286142 -0.025428 -0.0213375 -0.0165648 -0.0113416 -0.00598154 -0.000848759 0.00376274 0.00763016 0.0105772 0.0125142 0.0134891 0.0136301 0.013139 0.0122661 0.0112718 0.0103892 0.00976204 0.00948044 0.00957944 0.00999496 0.0106442 0.0114243 0.0121794 0.0127434 0.01301 0.0128912 0.0123283 0.0112725 0.00968912 0.00760207 0.00502829 0.00200224 -0.00138721 -0.0050789 -0.00901808 -0.0131242 -0.0173224 -0.0215631 -0.0258262 -0.0300762 -0.0342747 -0.0383744 -0.0423612 -0.0462049 -0.0498632 -0.0533086 -0.0564901 -0.0593255 -0.0617273 -0.0636041 -0.0649312 -0.0656455 -0.0656919 -0.0650657 -0.0637766 -0.0618882 -0.0594738 -0.0566001 -0.0534111 -0.0500205 -0.046543 -0.0430967 -0.0397688 -0.0366637 -0.0338618 -0.031412 -0.0293756 -0.0277713 -0.0266194 -0.0259244 -0.0256837 -0.0259095 -0.0265915 -0.0277293 -0.0293223 -0.0313421 -0.0337774 -0.0365697 -0.0396595 -0.0429806 -0.0464165 -0.0498776 -0.0532605 -0.0564308 -0.0592875 -0.0616909 -0.0635545 -0.0648239 -0.0654244 -0.065341 -0.064595 -0.0632272 -0.061311 -0.0588771 -0.056008 -0.0527979 -0.0493185 -0.0456234 -0.0417436 -0.0377179 -0.033591 -0.0293724 -0.0251041 -0.020826 -0.0165593 -0.0123234 -0.008179 -0.00419596 -0.000450768 0.00298682 0.0060605 0.00868612 0.0108117 0.0124243 0.0134881 0.0140145 0.0140607 0.0136808 0.0129578 0.0120132 0.0110155 0.0101282 0.00947127 0.00912924 0.00919092 0.00965683 0.01044 0.011411 0.0123457 0.0129766 0.0130555 0.0123703 0.0107804 0.00821506 0.00473354 0.000496406 -0.00428292 -0.00933817 -0.0143225 -0.0189017 -0.0228637 -0.0259934 -0.0281495 -0.0293124 -0.0295162 -0.0288507 -0.0274872 -0.0256109 -0.0233564 -0.0208979 -0.0184051 -0.0159695 -0.0136608 -0.0115457 -0.00967129 -0.00802896 -0.00660012 -0.00539458 -0.00438854 -0.00353885 -0.0028121 -0.0022207 -0.00172651 -0.00128219 -0.0008933 -0.000553101 -0.000250819 3.87554e-05 0.00030594 0.000561888 
0 -0.000433275 -0.000860053 -0.00128792 -0.00173164 -0.00221633 -0.00270966 -0.00324042 -0.00383623 -0.00449341 -0.00524056 -0.00612247 -0.00715413 -0.00832625 -0.00971966 -0.0113612 -0.0132309 -0.015338 -0.0177005 -0.020287 -0.0230096 -0.0257943 -0.0285262 -0.031055 -0.0331992 -0.034779 -0.0355965 -0.0354805 -0.0343297 -0.0321068 -0.0288096 -0.0245626 -0.0195959 -0.0141462 -0.00855059 -0.0031672 0.00168917 0.00581062 0.00899341 0.0111493 0.012323 0.0126189 0.0122577 0.0114954 0.0105882 0.00973162 0.00907684 0.00873508 0.00873464 0.00899541 0.00944009 0.00994732 0.0103786 0.010568 0.0104257 0.00988128 0.00887158 0.00738466 0.0053992 0.00294736 6.77418e-05 -0.00317483 -0.00668717 -0.0104003 -0.0142723 -0.0182197 -0.0221951 -0.026125 -0.0300075 -0.0338379 -0.0375867 -0.0412412 -0.0448191 -0.0482851 -0.0516258 -0.0548301 -0.0578601 -0.0606451 -0.0630914 -0.0651132 -0.0666622 -0.0676759 -0.0680764 -0.0678236 -0.0669191 -0.0654038 -0.0633066 -0.0607083 -0.0577141 -0.0544416 -0.0510208 -0.0475625 -0.0441607 -0.0409528 -0.0380028 -0.035399 -0.0332143 -0.0314738 -0.030213 -0.0294557 -0.0291814 -0.0294321 -0.0301823 -0.0314221 -0.0331521 -0.0353318 -0.0379142 -0.0408565 -0.044054 -0.0474355 -0.0508858 -0.05429 -0.0575426 -0.0605273 -0.0631085 -0.0651853 -0.0666803 -0.0675558 -0.0677775 -0.0673492 -0.0663033 -0.0647142 -0.0626536 -0.0601682 -0.0573393 -0.0542736 -0.0510384 -0.0476626 -0.044173 -0.040572 -0.036882 -0.0331096 -0.0292547 -0.0253329 -0.0213714 -0.0173572 -0.0133633 -0.00944984 -0.0056842 -0.00211662 0.00118094 0.00410794 0.00659013 0.00859976 0.0100735 0.0110295 0.0114949 0.0115072 0.0111441 0.0105122 0.00978181 0.0090947 0.00858765 0.0083649 0.0085041 0.00899975 0.00977439 0.0106795 0.0115093 0.0120016 0.011929 0.0110522 0.00923243 0.00643174 0.00269864 -0.00179088 -0.00682776 -0.0121189 -0.0173198 -0.0220864 -0.0261914 -0.0294348 -0.031662 -0.0328423 -0.0330285 -0.0323086 -0.0308419 -0.0288269 -0.02644 -0.0238424 -0.0211625 -0.0185414 -0.0160698 -0.0138125 -0.0117823 -0.00998875 -0.0084328 -0.00709898 -0.00598514 -0.00503711 -0.00423316 -0.00354539 -0.00295485 -0.00243999 -0.00198987 -0.00159251 -0.0012073 -0.000849961 -0.000518617 -0.00021491 
