0 0 0 0 0 0 0 0 0 0 0 0 0 0 0 0 0 0 0 0 0 0 0 0 0 0 0 0 0 0 0 0 0 0 0 0 0 0 0 0 0 0 0 0 0 0 0 0 0 0 0 0 0 0 0 0 0 0 0 0 0 0 0 0 0 0 0 0 0 0 0 0 0 0 0 0 0 0 0 0 0 0 0 0 0 0 0 0 0 0 0 0 0 0 0 0 0 0 0 0 0 0 0 0 0 0 0 0 0 0 0 0 0 0 0 0 0 0 0 0 0 0 0 0 0 0 0 0 0 0 0 0 0 0 0 0 0 0 0 0 0 0 0 0 0 0 0 0 0 0 0 0 0 0 0 0 0 0 0 0 0 0 0 0 0 0 0 0 0 0 0 0 0 0 0 0 0 0 0 0 0 0 0 0 0 0 0 0 0 0 0 0 0 0 0 0 0 0 0 0 
0 1.96561e-05 1.04179e-05 -9.82851e-06 -1.64873e-06 2.50967e-05 2.47176e-05 1.74926e-07 -1.47587e-06 1.21124e-05 5.19498e-06 -2.27015e-05 -5.24317e-05 -7.93317e-05 -0.000119786 -0.000182938 -0.000268502 -0.000360545 -0.000464808 -0.000599231 -0.000745354 -0.000892674 -0.00104144 -0.00119836 -0.00134156 -0.00143935 -0.00148773 -0.00148373 -0.00143538 -0.00130565 -0.00108567 -0.000788221 -0.000436657 -6.7679e-05 0.000321628 0.000712187 0.00108047 0.00137851 0.00159592 0.00173478 0.00179414 0.0017891 0.00171799 0.00159602 0.00146676 0.00135535 0.00127029 0.00121184 0.00118787 0.00122784 0.00132533 0.00147917 0.00166756 0.00189003 0.00213831 0.00242199 0.0027313 0.00303039 0.00329563 0.00350657 0.00364279 0.00369476 0.00363894 0.00344062 0.00309682 0.00259692 0.00195464 0.00119102 0.000346308 -0.000553629 -0.00147297 -0.00237887 -0.0032102 -0.00394637 -0.00454608 -0.0049836 -0.00525717 -0.00536891 -0.00533265 -0.00518246 -0.0049118 -0.00455438 -0.00414091 -0.0036904 -0.00323349 -0.00278485 -0.00235916 -0.00197638 -0.00163574 -0.00134436 -0.00110005 -0.000896677 -0.000735093 -0.000599984 -0.000494276 -0.000410848 -0.000340361 -0.000289451 -0.000255612 -0.000235347 -0.000236201 -0.000242387 -0.000262518 -0.000297603 -0.00034153 -0.000400932 -0.000479672 -0.000581682 -0.000720083 -0.000889527 -0.00109833 -0.00134679 -0.00163569 -0.00197043 -0.0023449 -0.00276361 -0.00321437 -0.00367186 -0.00412656 -0.00454761 -0.0049017 -0.00517179 -0.0053173 -0.00533866 -0.00522441 -0.00494904 -0.0045059 -0.00390838 -0.00316781 -0.00232972 -0.00142357 -0.00050069 0.000402763 0.00124539 0.00200312 0.00264156 0.00314337 0.00348837 0.00369244 0.0037573 0.00370206 0.0035635 0.0033557 0.00308909 0.00280205 0.00251321 0.00223601 0.00198128 0.00174743 0.00154687 0.00137447 0.00125717 0.00119541 0.00118445 0.00120518 0.00126111 0.00135882 0.00148137 0.0016071 0.0017056 0.00173678 0.00169959 0.00159155 0.00141526 0.00116797 0.000839329 0.000472882 9.61389e-05 -0.000264035 -0.000604435 -0.000891463 -0.00110423 -0.00124556 -0.00131073 -0.0013227 -0.00127673 -0.00117416 -0.00103456 -0.000891397 -0.000756111 -0.000609903 -0.000455529 -0.000317074 -0.000217029 -0.000140346 -5.83837e-05 1.94657e-05 7.2441e-05 9.5837e-05 0.000110369 0.000138593 0.000167858 0.000173323 0.000162277 0.000169448 0.000188789 0.00019086 0.00018159 0.000180664 0.000193684 
0 1.04179e-05 2.20837e-05 2.27619e-05 3.07464e-05 4.36211e-05 4.43633e-05 2.89035e-05 2.92805e-05 2.23057e-05 -1.19436e-05 -5.45363e-05 -0.000101834 -0.000171189 -0.000267384 -0.000392975 -0.000553414 -0.000732002 -0.000942804 -0.00120014 -0.00149503 -0.00178607 -0.00208523 -0.0023826 -0.00265643 -0.00286934 -0.00298014 -0.00298845 -0.00286431 -0.00259916 -0.00216498 -0.00159104 -0.000900582 -0.000143853 0.000644111 0.00143837 0.00215696 0.00273749 0.00317236 0.00346609 0.00358918 0.00356055 0.0034016 0.0031757 0.00291662 0.00268387 0.00251178 0.00241659 0.00239747 0.00246763 0.00266672 0.00295738 0.00332781 0.00378212 0.00429404 0.00484737 0.0054313 0.00600081 0.00652552 0.00693252 0.0072159 0.00731842 0.00717624 0.00676742 0.00607006 0.00507615 0.00380537 0.00230623 0.000636334 -0.00114649 -0.00296053 -0.00473702 -0.00639046 -0.00782463 -0.00901249 -0.00988649 -0.0104266 -0.0106581 -0.0106116 -0.0103159 -0.00980419 -0.00910641 -0.00828835 -0.00739436 -0.00648457 -0.00558617 -0.00474598 -0.0039918 -0.00332587 -0.00274962 -0.00226488 -0.00184783 -0.0015066 -0.0012256 -0.00100329 -0.000834536 -0.000708778 -0.000614326 -0.000555245 -0.000521476 -0.000509245 -0.000511309 -0.000542843 -0.000601475 -0.000697763 -0.000830342 -0.000999585 -0.00121952 -0.00149955 -0.00183019 -0.00223945 -0.00272467 -0.00329936 -0.00397064 -0.00473155 -0.00557137 -0.00646852 -0.00737322 -0.00825876 -0.00906988 -0.00976916 -0.0102816 -0.010568 -0.0106119 -0.0103708 -0.00981816 -0.0089479 -0.00774647 -0.00629682 -0.00464476 -0.00285727 -0.00103892 0.00073858 0.00241156 0.00391271 0.00518166 0.00617443 0.00687503 0.00727229 0.0074026 0.0073151 0.00704539 0.00665503 0.00615335 0.00559475 0.00501707 0.00446687 0.00396459 0.00350414 0.00310005 0.0027744 0.00251491 0.00237115 0.0023413 0.00239075 0.00250984 0.00270428 0.00296234 0.00320953 0.0033885 0.00345318 0.00339942 0.00319308 0.00282843 0.00230593 0.00165727 0.000925147 0.000184951 -0.000537663 -0.00121338 -0.00177697 -0.0022109 -0.00248671 -0.00261985 -0.00262154 -0.00252866 -0.00233902 -0.0020784 -0.00179216 -0.00150028 -0.00121347 -0.000932152 -0.00067728 -0.000461735 -0.000279813 -0.000117007 1.13813e-05 0.000111692 0.000185957 0.000246224 0.000290171 0.000327249 0.000346939 0.000352454 0.000371265 0.000378111 0.000379381 0.000376284 0.000382024 0.000378983 
0 -9.82851e-06 2.27619e-05 5.10822e-05 4.64252e-05 3.85137e-05 4.46842e-05 4.96819e-05 4.90279e-05 1.6172e-05 -3.42761e-05 -7.562e-05 -0.000142295 -0.0002597 -0.000412051 -0.000585538 -0.000818699 -0.00110261 -0.00142665 -0.00181304 -0.00223736 -0.00269171 -0.00314976 -0.00359495 -0.00399089 -0.00429903 -0.00449284 -0.00449973 -0.00431181 -0.00388691 -0.00325065 -0.00241296 -0.0013779 -0.000236057 0.000960382 0.00211885 0.0031855 0.00406805 0.00473798 0.00516984 0.0053428 0.00531137 0.00509771 0.00474788 0.00436616 0.00402464 0.00377011 0.00362258 0.00359376 0.00373137 0.00401098 0.00444432 0.00500212 0.00568232 0.00643336 0.00724726 0.00809563 0.00890796 0.00964015 0.0102316 0.0106065 0.0107139 0.010484 0.00983981 0.00878934 0.00731504 0.00544762 0.00323678 0.00078625 -0.00182417 -0.00448381 -0.00709286 -0.00948781 -0.0116084 -0.0133485 -0.0146367 -0.0154638 -0.0158331 -0.0157776 -0.0153813 -0.0146308 -0.0136168 -0.0124273 -0.0111218 -0.00978985 -0.00847943 -0.00723622 -0.00611421 -0.0051106 -0.00424093 -0.00349939 -0.00287043 -0.00235917 -0.00193253 -0.00160065 -0.00134628 -0.0011422 -0.000997803 -0.000901928 -0.000841772 -0.000833251 -0.000840101 -0.00088933 -0.000989695 -0.00113056 -0.00132725 -0.00158607 -0.00191439 -0.00234138 -0.00285336 -0.00347498 -0.00421255 -0.0050748 -0.00607741 -0.00720026 -0.00844483 -0.00976782 -0.0110937 -0.0123913 -0.0135787 -0.0145705 -0.0153184 -0.0157146 -0.0157501 -0.0153856 -0.0145525 -0.0132397 -0.0114914 -0.00935175 -0.00694124 -0.00433769 -0.00167574 0.000943929 0.00340099 0.00561227 0.00747677 0.00894689 0.00997965 0.0106181 0.0108639 0.0107608 0.0104049 0.00984603 0.00912157 0.0083298 0.00751311 0.0067042 0.00594194 0.00524526 0.00465975 0.00416498 0.00380467 0.00357976 0.0035057 0.00356625 0.00376743 0.00408438 0.00443664 0.00477275 0.00504585 0.00516193 0.00508113 0.00475561 0.00419446 0.00342766 0.00245538 0.00137754 0.000254764 -0.000830061 -0.00183835 -0.00267857 -0.00331452 -0.00375121 -0.00394876 -0.00395345 -0.00379444 -0.00351488 -0.00314135 -0.00270671 -0.00225375 -0.0018095 -0.00140485 -0.00103298 -0.000696578 -0.000404882 -0.000166129 6.36182e-06 0.000149774 0.000281302 0.00037711 0.000431558 0.00046825 0.000505364 0.000534349 0.000554789 0.000554317 0.000549282 0.000569841 0.000580971 0.000563947 
0 -1.64873e-06 3.07464e-05 4.64252e-05 4.35879e-05 4.75116e-05 6.15282e-05 5.45696e-05 4.12928e-05 6.95087e-06 -4.38e-05 -0.000100982 -0.000202373 -0.000367181 -0.000558681 -0.000781765 -0.00109384 -0.00148402 -0.00193157 -0.00242911 -0.00298995 -0.00358913 -0.00422282 -0.00482139 -0.00533669 -0.00574507 -0.0059909 -0.00602382 -0.00576395 -0.0052136 -0.00436324 -0.00324751 -0.00187859 -0.000353286 0.00122066 0.00276727 0.00417149 0.00534496 0.00624808 0.0068409 0.00706897 0.00700312 0.00671798 0.00631516 0.00583348 0.00536806 0.00500928 0.00482437 0.00482315 0.00500329 0.005396 0.00595069 0.00667088 0.00756735 0.00856915 0.0096163 0.0106797 0.0116949 0.0126168 0.0133179 0.013757 0.013826 0.0134258 0.0125332 0.0111314 0.0092073 0.00678152 0.00392364 0.000740371 -0.00264483 -0.00607089 -0.00940732 -0.0125086 -0.0152259 -0.0175028 -0.0192165 -0.0203181 -0.0208323 -0.0208057 -0.0202945 -0.0193643 -0.0180847 -0.0165756 -0.0149158 -0.0132049 -0.0114928 -0.00986282 -0.00837077 -0.007034 -0.00586677 -0.00487843 -0.00403418 -0.00334207 -0.00277057 -0.00231411 -0.00195849 -0.00168391 -0.00147446 -0.00133891 -0.00126344 -0.0012429 -0.00126002 -0.00133687 -0.00146945 -0.00167146 -0.00194207 -0.00228746 -0.00273508 -0.00330889 -0.0039973 -0.00484266 -0.00583964 -0.00700414 -0.00833971 -0.00982812 -0.0114445 -0.0131479 -0.014854 -0.0165125 -0.0180243 -0.0193116 -0.0202398 -0.0207273 -0.0207362 -0.0201969 -0.0190699 -0.0173604 -0.0150684 -0.0123306 -0.00922719 -0.00586748 -0.00242931 0.000947515 0.00412948 0.00698458 0.00940528 0.0113311 0.0127476 0.013637 0.0140284 0.0139769 0.0135476 0.0128654 0.0119802 0.0109929 0.00995261 0.00891799 0.00792884 0.0070095 0.00621861 0.00559344 0.0050982 0.0047927 0.00469127 0.00477038 0.00501811 0.00540838 0.005886 0.00633423 0.00667581 0.00682011 0.00671473 0.00627827 0.00552161 0.00448602 0.00322646 0.00179287 0.000298558 -0.00116836 -0.00250437 -0.00359433 -0.00443862 -0.00501005 -0.00529891 -0.00529544 -0.0050773 -0.00469244 -0.00419542 -0.0036296 -0.00302244 -0.00242918 -0.00187793 -0.00138049 -0.000935226 -0.000553712 -0.000239075 3.1277e-07 0.00020329 0.000367509 0.000483565 0.000553449 0.000618796 0.000670282 0.000693847 0.000720542 0.000727011 0.00073594 0.000747668 0.000764538 0.00075378 
0 2.50967e-05 4.36211e-05 3.85137e-05 4.75116e-05 7.89617e-05 8.53136e-05 5.12386e-05 3.23517e-05 6.79502e-06 -5.85872e-05 -0.000151927 -0.000287631 -0.000477489 -0.000718237 -0.00101215 -0.00140745 -0.00188841 -0.00243739 -0.00307366 -0.00377123 -0.00452488 -0.00530047 -0.00604951 -0.00670203 -0.00720584 -0.00751998 -0.00754375 -0.00723766 -0.00654673 -0.00549842 -0.00411207 -0.0024068 -0.00051655 0.00144978 0.003355 0.00510818 0.00658219 0.00771044 0.0084338 0.00872237 0.00866778 0.00833766 0.00781225 0.00721972 0.0066661 0.00624562 0.0060226 0.00602467 0.00628593 0.00676391 0.00746118 0.00835988 0.00945415 0.0106515 0.0118992 0.0131454 0.0143085 0.0153312 0.0161155 0.0165439 0.0165251 0.0159657 0.0147923 0.0130287 0.0106626 0.00772149 0.00426885 0.000446124 -0.00360731 -0.00771122 -0.0117099 -0.0153952 -0.0186741 -0.0214125 -0.0234979 -0.0248922 -0.0255861 -0.0256165 -0.0250858 -0.0240055 -0.0225057 -0.0207196 -0.0187386 -0.0166837 -0.0146277 -0.0126445 -0.0108153 -0.00915461 -0.00769298 -0.00643483 -0.00536239 -0.00447828 -0.00374286 -0.00316074 -0.00270748 -0.00234647 -0.00208193 -0.00190396 -0.00179841 -0.00177667 -0.00179809 -0.00189268 -0.0020722 -0.00232878 -0.00267824 -0.00313113 -0.00370643 -0.00444241 -0.00532873 -0.00639662 -0.00765207 -0.00910369 -0.0107608 -0.012587 -0.0145667 -0.0166327 -0.0186806 -0.0206556 -0.0224417 -0.0239158 -0.0249869 -0.0255089 -0.0254507 -0.0247546 -0.0233461 -0.0212312 -0.0184807 -0.0151776 -0.0114699 -0.00746612 -0.00335334 0.000709152 0.00453724 0.00798769 0.0109229 0.0132837 0.0150323 0.0162071 0.0167904 0.0168173 0.016409 0.0156642 0.0146631 0.0135361 0.012335 0.011098 0.00988427 0.00875212 0.00779023 0.00699389 0.00639589 0.00600155 0.00584333 0.00592207 0.00624196 0.0067453 0.00730457 0.00783381 0.00825937 0.00844324 0.00829526 0.00773603 0.00678946 0.00551356 0.00392706 0.00215029 0.000287765 -0.00152056 -0.00317575 -0.00454376 -0.00558275 -0.00629665 -0.00663609 -0.00664575 -0.00637381 -0.00589365 -0.00526881 -0.00455897 -0.0038175 -0.00307574 -0.00238133 -0.00175098 -0.00120261 -0.000735479 -0.000336856 -1.87177e-05 0.000239492 0.000437027 0.000573354 0.000680202 0.000777385 0.000837528 0.000855702 0.000886175 0.000920231 0.00092818 0.000928272 0.000936492 0.000943717 
0 2.47176e-05 4.43633e-05 4.46842e-05 6.15282e-05 8.53136e-05 7.82447e-05 4.33637e-05 3.09918e-05 -4.47322e-06 -0.000102643 -0.000229004 -0.000379813 -0.000597146 -0.000895767 -0.00127572 -0.00175085 -0.00230527 -0.00295903 -0.00373028 -0.00459307 -0.00548441 -0.00639627 -0.00728519 -0.00808235 -0.00870748 -0.00906867 -0.00910159 -0.00873086 -0.00792816 -0.00667563 -0.00501583 -0.00299668 -0.000749419 0.00158798 0.00388603 0.00597828 0.00772393 0.00906021 0.00994163 0.0103173 0.0102607 0.00986538 0.00926913 0.0085788 0.00793615 0.00745868 0.00722547 0.00725835 0.00756244 0.00814968 0.00897263 0.010025 0.0112955 0.0126778 0.0140771 0.0154403 0.0166915 0.0177706 0.0185382 0.0189087 0.0187496 0.0179491 0.0164814 0.014356 0.0115768 0.00817168 0.00421635 -0.000156538 -0.00478053 -0.00944759 -0.0139794 -0.0181913 -0.0219239 -0.025085 -0.0275314 -0.0291932 -0.0300736 -0.0302116 -0.0296711 -0.0285257 -0.0268798 -0.0248852 -0.0226531 -0.0203086 -0.0179313 -0.0156271 -0.0134733 -0.0115061 -0.00975458 -0.00823624 -0.00692621 -0.00583157 -0.00492211 -0.00419428 -0.00362601 -0.00318674 -0.00285617 -0.00263572 -0.0025088 -0.00246883 -0.0024942 -0.00261189 -0.00282883 -0.00315878 -0.00360345 -0.0041723 -0.00489337 -0.00579756 -0.00687815 -0.00817533 -0.00969054 -0.0114374 -0.0134101 -0.0155725 -0.0178754 -0.0202482 -0.0225811 -0.0247997 -0.0267822 -0.0284188 -0.0295555 -0.030078 -0.0299279 -0.0290286 -0.0273365 -0.0248749 -0.0216871 -0.0179258 -0.0137034 -0.00915067 -0.0044728 0.000146782 0.00452503 0.0084878 0.0118936 0.0146692 0.0167933 0.0182503 0.0190474 0.0192321 0.018893 0.0181709 0.017142 0.0159233 0.0145784 0.0131829 0.0118048 0.0105026 0.00936102 0.00842435 0.00768054 0.00719498 0.0070021 0.00709178 0.00744478 0.00800617 0.00867747 0.00930978 0.00978521 0.00997159 0.00978331 0.00912477 0.00799746 0.00644607 0.00454528 0.00241259 0.000213556 -0.00192931 -0.00389578 -0.00553496 -0.00678855 -0.00761107 -0.00800476 -0.00800448 -0.00769576 -0.00712541 -0.0063662 -0.00550965 -0.00462076 -0.00374521 -0.0029091 -0.00215153 -0.00149375 -0.000929414 -0.000443556 -5.83757e-05 0.000244777 0.000480658 0.000663558 0.000800276 0.000909104 0.000975219 0.00100925 0.00105732 0.00108967 0.00110139 0.00110202 0.00111829 0.00112504 
0 1.74926e-07 2.89035e-05 4.96819e-05 5.45696e-05 5.12386e-05 4.33637e-05 2.56434e-05 6.40923e-06 -5.36385e-05 -0.000166888 -0.000302272 -0.000481545 -0.000742646 -0.00109551 -0.00153852 -0.00209494 -0.00275271 -0.00352212 -0.00443035 -0.00543577 -0.00648408 -0.00754607 -0.00858803 -0.00952266 -0.0102431 -0.010661 -0.0106932 -0.0102804 -0.00935505 -0.00790621 -0.00597586 -0.00364212 -0.00105829 0.00163945 0.00429414 0.00672952 0.00876633 0.0103153 0.0113315 0.0117921 0.0117679 0.0113455 0.0106594 0.00988562 0.00918322 0.00866647 0.00840643 0.00844479 0.00881627 0.00950182 0.0104644 0.0116642 0.0130632 0.0145592 0.0160692 0.0175176 0.0188051 0.0198455 0.020522 0.0207262 0.0203532 0.0193055 0.0175326 0.0150576 0.011893 0.00807551 0.00368801 -0.00112225 -0.00618388 -0.0112898 -0.0162511 -0.0208631 -0.0249915 -0.0285034 -0.0312616 -0.0331946 -0.0342801 -0.0345458 -0.034069 -0.0329009 -0.0311752 -0.0290472 -0.0266359 -0.02407 -0.0214425 -0.0188527 -0.0163962 -0.0141206 -0.012074 -0.0102814 -0.00873483 -0.00743425 -0.00635028 -0.00547582 -0.00478344 -0.00423579 -0.00382326 -0.0035419 -0.00338114 -0.00333708 -0.00338147 -0.00353511 -0.00381087 -0.00421132 -0.00474626 -0.00543068 -0.00629594 -0.00737908 -0.00868156 -0.0102286 -0.0120211 -0.0140584 -0.016327 -0.0187757 -0.0213558 -0.0239825 -0.0265417 -0.02895 -0.0310772 -0.0327845 -0.033937 -0.0343939 -0.0340999 -0.032996 -0.0310352 -0.0282471 -0.024715 -0.0205623 -0.01593 -0.0109527 -0.00583341 -0.000765344 0.00405056 0.00843925 0.012254 0.0154161 0.0178867 0.0196664 0.0207361 0.0211277 0.0209485 0.0203125 0.0193094 0.0180634 0.0166543 0.0151548 0.0136415 0.0121896 0.0108943 0.00979861 0.00894846 0.00839172 0.00815858 0.00823851 0.00861851 0.0092422 0.00998364 0.0106969 0.0112321 0.0114234 0.0111669 0.010385 0.00907983 0.00728991 0.00507736 0.00260608 5.73004e-05 -0.00241377 -0.00468293 -0.00658837 -0.00803294 -0.00898143 -0.00942722 -0.00943401 -0.00907023 -0.00840115 -0.00751107 -0.00650435 -0.00546797 -0.00444292 -0.00346529 -0.00257239 -0.00179854 -0.0011367 -0.000571094 -0.000121547 0.000230621 0.000511789 0.000732487 0.000890487 0.00100335 0.00108416 0.00114762 0.00120362 0.00122852 0.00124282 0.00127198 0.00129946 0.0012968 
0 -1.47587e-06 2.92805e-05 4.90279e-05 4.12928e-05 3.23517e-05 3.09918e-05 6.40923e-06 -4.74761e-05 -0.000131006 -0.000244555 -0.000399275 -0.00063439 -0.000957791 -0.00135586 -0.00185119 -0.00249138 -0.00326686 -0.00416098 -0.00518307 -0.00631388 -0.00751632 -0.00874768 -0.00994136 -0.0109963 -0.011811 -0.0122931 -0.012346 -0.0118875 -0.0108474 -0.00921108 -0.00702542 -0.00439144 -0.00147058 0.00158146 0.00458919 0.0073491 0.00966675 0.0114345 0.012599 0.0131437 0.0131377 0.0126878 0.0119485 0.0111104 0.010351 0.00980002 0.00953486 0.00960162 0.010035 0.0108193 0.0119004 0.0132161 0.0147078 0.0162763 0.0178315 0.0192872 0.020534 0.0214662 0.0219709 0.0219521 0.0213161 0.0199755 0.0178891 0.0150764 0.011561 0.00739299 0.00266668 -0.00247156 -0.00784815 -0.0132641 -0.0185282 -0.0234455 -0.0278707 -0.0316672 -0.0346967 -0.0368752 -0.0381736 -0.0386118 -0.0382478 -0.0371412 -0.0354173 -0.0332287 -0.0307048 -0.0279733 -0.0251385 -0.0223096 -0.019587 -0.0170363 -0.014714 -0.012654 -0.0108595 -0.00933145 -0.00805103 -0.00700956 -0.00617965 -0.00552514 -0.00503047 -0.00469087 -0.00449657 -0.00443761 -0.00449285 -0.00467871 -0.00501077 -0.00549569 -0.00614129 -0.00696398 -0.00799555 -0.00927013 -0.010795 -0.0125876 -0.014647 -0.0169639 -0.0195099 -0.022226 -0.0250448 -0.0278725 -0.0305945 -0.0331128 -0.0352975 -0.0370061 -0.0380951 -0.0384358 -0.0379682 -0.0366442 -0.0344349 -0.0313768 -0.0275591 -0.0231099 -0.0181691 -0.0128817 -0.00744671 -0.00206251 0.00307829 0.00780368 0.0119691 0.0154855 0.0183018 0.020399 0.0217601 0.0224177 0.0224651 0.0220024 0.0211146 0.0199136 0.0184945 0.0169479 0.0153555 0.0137955 0.0123636 0.0111294 0.0101624 0.00952901 0.00925802 0.00933007 0.00972309 0.0103876 0.0112024 0.0119934 0.0125696 0.0127515 0.0124263 0.0115196 0.010025 0.00798318 0.00547817 0.00268117 -0.000210061 -0.00301444 -0.00557011 -0.00770865 -0.0093295 -0.0103961 -0.0109046 -0.0109062 -0.0104761 -0.00970471 -0.00869755 -0.00755807 -0.00637078 -0.0051956 -0.00408099 -0.00306202 -0.00216844 -0.00140639 -0.000766002 -0.000243699 0.000179759 0.000513824 0.000762636 0.000944214 0.00108803 0.00119749 0.00127596 0.00133333 0.00136498 0.001393 0.00143216 0.00146146 0.00146062 
0 1.21124e-05 2.23057e-05 1.6172e-05 6.95087e-06 6.79502e-06 -4.47322e-06 -5.36385e-05 -0.000131006 -0.000226664 -0.000358053 -0.000551293 -0.000830238 -0.00120156 -0.00165846 -0.00223046 -0.00295425 -0.00383369 -0.00485391 -0.00600078 -0.00727262 -0.00863143 -0.0100263 -0.0113591 -0.0125342 -0.0134611 -0.0140182 -0.0140923 -0.0135698 -0.0124133 -0.0106068 -0.0081956 -0.00527971 -0.0020163 0.00138946 0.00473736 0.00779732 0.010386 0.0123789 0.0137053 0.0143461 0.0143664 0.013898 0.0131242 0.0122333 0.0114274 0.0108548 0.0105997 0.010706 0.0111893 0.0120539 0.0132221 0.014623 0.0161715 0.0177647 0.0192961 0.0206745 0.0217918 0.0225375 0.022798 0.022503 0.0215622 0.0198978 0.0174936 0.0143573 0.0105317 0.00608199 0.00111546 -0.00423354 -0.00979838 -0.0154002 -0.0208483 -0.0259725 -0.0305977 -0.0346022 -0.0378485 -0.0402429 -0.0417597 -0.0424106 -0.0422138 -0.0412443 -0.0395962 -0.037416 -0.0348464 -0.0320122 -0.0290282 -0.0260159 -0.0230711 -0.0202778 -0.0176967 -0.0153728 -0.0133225 -0.0115531 -0.0100622 -0.00883921 -0.00785957 -0.00709142 -0.0065082 -0.00610585 -0.00587517 -0.00579588 -0.0058612 -0.00608116 -0.00647247 -0.00705113 -0.00782095 -0.00879842 -0.0100155 -0.0114966 -0.0132526 -0.015291 -0.0176064 -0.020182 -0.0229739 -0.0259218 -0.0289349 -0.0319113 -0.0347361 -0.03729 -0.0394468 -0.0410767 -0.0420239 -0.0421976 -0.0415336 -0.0399908 -0.0375625 -0.0342882 -0.030247 -0.0255907 -0.020446 -0.0149734 -0.00935552 -0.00378397 0.00157271 0.00654741 0.0110004 0.0148249 0.0179667 0.0203755 0.0220507 0.0230275 0.0233668 0.023156 0.0224664 0.0213897 0.0200293 0.0184923 0.0168687 0.0152461 0.0137178 0.0123862 0.0113149 0.0105988 0.0102756 0.0103389 0.0107555 0.011461 0.0123317 0.0131653 0.0137543 0.0139228 0.0135347 0.012502 0.0108078 0.00850228 0.00571253 0.00260142 -0.000613196 -0.00373779 -0.00656608 -0.00892721 -0.0107265 -0.011907 -0.0124712 -0.012451 -0.0119539 -0.0110886 -0.00996883 -0.00869222 -0.00734112 -0.00600973 -0.00476077 -0.00362549 -0.00260974 -0.00173135 -0.00100585 -0.00041483 7.35199e-05 0.000461699 0.000747398 0.000960492 0.0011405 0.00127411 0.00135891 0.00142597 0.00148426 0.00153083 0.00155957 0.00158873 0.00161537 
0 5.19498e-06 -1.19436e-05 -3.42761e-05 -4.38e-05 -5.85872e-05 -0.000102643 -0.000166888 -0.000244555 -0.000358053 -0.000535103 -0.000769301 -0.00107378 -0.00147776 -0.00201333 -0.00268023 -0.00348891 -0.00446618 -0.00560737 -0.00690687 -0.0083299 -0.00985645 -0.0113989 -0.0128753 -0.0141877 -0.0152231 -0.01586 -0.0159386 -0.015373 -0.0140973 -0.0121326 -0.00950583 -0.00631368 -0.00272935 0.00101902 0.00467607 0.0080327 0.0108999 0.0131221 0.014602 0.0153424 0.0154137 0.0149666 0.0141659 0.0132514 0.0124169 0.0118252 0.0115707 0.0117058 0.012254 0.0131591 0.0143803 0.0158237 0.0173741 0.0189257 0.0203767 0.0216099 0.0225218 0.0229927 0.022957 0.0223118 0.0210138 0.019019 0.0162924 0.0128659 0.00878983 0.0041367 -0.000982902 -0.00643109 -0.0120615 -0.017725 -0.0232475 -0.0284514 -0.0332087 -0.0373476 -0.0407565 -0.0433505 -0.0450793 -0.0459406 -0.0459657 -0.045175 -0.0436778 -0.0415941 -0.0390605 -0.0361996 -0.0331406 -0.0299866 -0.0268573 -0.0238409 -0.0210171 -0.0184367 -0.0161413 -0.0141359 -0.0124324 -0.0110193 -0.00987586 -0.00896658 -0.00827975 -0.00779927 -0.0075221 -0.00743086 -0.00751714 -0.00778273 -0.00825237 -0.00892828 -0.00982604 -0.0109626 -0.0123685 -0.0140631 -0.0160641 -0.0183565 -0.0209301 -0.0237465 -0.0267554 -0.0298737 -0.0330201 -0.0360763 -0.0389269 -0.0414492 -0.0435212 -0.0449898 -0.0457562 -0.0457132 -0.044818 -0.0430636 -0.0404415 -0.0369856 -0.0328179 -0.028035 -0.0227996 -0.0172643 -0.0115869 -0.00593749 -0.000477684 0.0046475 0.00930682 0.0133919 0.0168182 0.0195606 0.0215894 0.0229132 0.0236032 0.0236916 0.0232587 0.0223845 0.0211778 0.0197225 0.0181152 0.0164735 0.0149067 0.0134993 0.0123759 0.0115948 0.0112152 0.0112562 0.011695 0.0124461 0.0133307 0.0141727 0.0147648 0.0149176 0.0144516 0.0132749 0.0113763 0.00882903 0.0057535 0.00234667 -0.00118948 -0.0046147 -0.00770743 -0.0102938 -0.0122529 -0.0135493 -0.0141486 -0.0141173 -0.0135503 -0.0125894 -0.0113433 -0.00991265 -0.00840804 -0.00691632 -0.00552297 -0.00425467 -0.00312237 -0.0021308 -0.00130595 -0.000640359 -0.00010286 0.000332982 0.0006714 0.000929355 0.00112839 0.00127569 0.00138385 0.00147271 0.00155834 0.0016156 0.0016519 0.00168984 0.00174613 
0 -2.27015e-05 -5.45363e-05 -7.562e-05 -0.000100982 -0.000151927 -0.000229004 -0.000302272 -0.000399275 -0.000551293 -0.000769301 -0.00105213 -0.00140157 -0.00186636 -0.00246956 -0.00322996 -0.00413758 -0.00522027 -0.00649204 -0.00792456 -0.00951113 -0.0111828 -0.0128835 -0.014513 -0.0159664 -0.0171113 -0.0177942 -0.0179092 -0.0173109 -0.0159584 -0.0138275 -0.0109736 -0.00752424 -0.003645 0.000406215 0.00439005 0.008043 0.0111745 0.0136196 0.0152706 0.0161159 0.0162312 0.0158041 0.0150449 0.0141222 0.013254 0.0126369 0.012396 0.0125793 0.0131557 0.0141029 0.0153239 0.0167412 0.0182391 0.0197031 0.0209893 0.0219903 0.0226174 0.0227716 0.0223649 0.021356 0.0196836 0.0173186 0.0142973 0.0106243 0.00635944 0.00158525 -0.00359027 -0.00905108 -0.0146496 -0.0202607 -0.0257252 -0.0309315 -0.0356995 -0.0399149 -0.0434521 -0.0461997 -0.0481271 -0.0492301 -0.0494755 -0.0489412 -0.0476632 -0.0457444 -0.0433256 -0.0405085 -0.0374182 -0.0341886 -0.0309166 -0.0277239 -0.0246896 -0.0218783 -0.0193399 -0.0170951 -0.0151672 -0.0135484 -0.0122225 -0.0111716 -0.0103685 -0.00980832 -0.00948486 -0.00937193 -0.00947691 -0.00979532 -0.0103405 -0.0111312 -0.0121726 -0.0134846 -0.0150937 -0.0170114 -0.0192494 -0.0217851 -0.024595 -0.02763 -0.0308111 -0.0340711 -0.0372883 -0.0403546 -0.0431656 -0.0455756 -0.0474735 -0.0487497 -0.0492596 -0.0489762 -0.0478482 -0.0458695 -0.0430797 -0.0395233 -0.0352746 -0.030483 -0.0252571 -0.0197593 -0.0141212 -0.00850714 -0.00304124 0.00213963 0.00691752 0.01119 0.0148971 0.0179446 0.0203246 0.0220399 0.0230895 0.0235307 0.02343 0.0228413 0.0218497 0.0205501 0.019037 0.0174323 0.0158489 0.0144341 0.0132595 0.0124337 0.0120227 0.0120598 0.0124996 0.0132436 0.0141582 0.0150183 0.0155917 0.0156897 0.0151287 0.013808 0.0117058 0.00890087 0.00556699 0.00186072 -0.00197231 -0.00569316 -0.00903621 -0.0118222 -0.013936 -0.0153035 -0.0159516 -0.0159027 -0.0152821 -0.0142116 -0.0128221 -0.0112495 -0.00960155 -0.00797639 -0.00641793 -0.00499734 -0.00374521 -0.00266153 -0.00174027 -0.000971168 -0.000364392 0.000118239 0.000512432 0.000823 0.00104948 0.00122055 0.00136766 0.00148442 0.00157516 0.00165064 0.00171484 0.00177396 0.00183272 
0 -5.24317e-05 -0.000101834 -0.000142295 -0.000202373 -0.000287631 -0.000379813 -0.000481545 -0.00063439 -0.000830238 -0.00107378 -0.00140157 -0.00183625 -0.0023692 -0.00304132 -0.00388769 -0.0049065 -0.00611492 -0.00751121 -0.00909946 -0.0108292 -0.0126663 -0.0145192 -0.0163123 -0.0179127 -0.0191524 -0.0199087 -0.0200351 -0.0194316 -0.0179923 -0.0157195 -0.0126553 -0.00895258 -0.00480513 -0.000452201 0.00382692 0.00778038 0.0111857 0.0138436 0.0156463 0.016625 0.0168405 0.0164674 0.0156882 0.0147722 0.0139169 0.0133068 0.0130648 0.0132515 0.0138571 0.0147804 0.0159754 0.0173349 0.0187103 0.0199906 0.0210485 0.021746 0.0220183 0.0217732 0.0209918 0.0195791 0.0175279 0.0148432 0.0115332 0.00764848 0.00326183 -0.00155396 -0.00670083 -0.0120676 -0.0175369 -0.0230083 -0.0283448 -0.0334228 -0.0381418 -0.0423328 -0.0459154 -0.0488013 -0.0509257 -0.0522618 -0.0528048 -0.0525394 -0.0515273 -0.0498328 -0.0475758 -0.0448611 -0.0418293 -0.0385769 -0.0352368 -0.031914 -0.0287043 -0.0256756 -0.0229058 -0.0204175 -0.0182601 -0.0164262 -0.0149155 -0.0137059 -0.0127901 -0.0121427 -0.011764 -0.0116303 -0.011752 -0.0121174 -0.0127524 -0.0136591 -0.0148586 -0.0163618 -0.0181909 -0.0203369 -0.0228147 -0.0255763 -0.0285916 -0.0317924 -0.0351086 -0.0384375 -0.0416854 -0.0447169 -0.0474194 -0.0496562 -0.0513261 -0.0522986 -0.0525322 -0.0519722 -0.0506026 -0.0484531 -0.0455454 -0.0419132 -0.0376871 -0.0329377 -0.0278183 -0.0224663 -0.0169792 -0.0114826 -0.00609957 -0.000945715 0.00387909 0.00828084 0.0121737 0.0155136 0.018247 0.0203338 0.0217979 0.0226305 0.0229094 0.0226654 0.0219795 0.0209004 0.0195271 0.0180193 0.016507 0.0150974 0.0139424 0.0131008 0.0126597 0.0126761 0.0131303 0.0139103 0.0148065 0.0156433 0.0161873 0.0162268 0.0155427 0.0140566 0.0117569 0.00872197 0.00509977 0.00110738 -0.00301821 -0.00698884 -0.0105611 -0.0135586 -0.0158078 -0.0172578 -0.0179127 -0.0178627 -0.0171764 -0.0159991 -0.0144722 -0.0127471 -0.0109589 -0.00917743 -0.00747256 -0.00589431 -0.00450926 -0.00332301 -0.00231119 -0.00144069 -0.000738903 -0.000194852 0.000244328 0.00060451 0.000876149 0.00109108 0.0012787 0.00141377 0.00152075 0.00162034 0.00172606 0.00180395 0.00186774 
0 -7.93317e-05 -0.000171189 -0.0002597 -0.000367181 -0.000477489 -0.000597146 -0.000742646 -0.000957791 -0.00120156 -0.00147776 -0.00186636 -0.0023692 -0.00298459 -0.0037386 -0.00468997 -0.00581728 -0.00714585 -0.0086974 -0.0104335 -0.0123333 -0.0143282 -0.0163548 -0.0182988 -0.0200381 -0.021407 -0.0222305 -0.0223925 -0.0217531 -0.0202507 -0.0178396 -0.0145835 -0.0106594 -0.00624861 -0.00160864 0.00298145 0.00721257 0.0108578 0.013731 0.015731 0.0168662 0.0171806 0.0168563 0.0161373 0.0152392 0.0143906 0.0137892 0.0135576 0.0137393 0.0142946 0.0151731 0.0162737 0.0174936 0.0186903 0.0197393 0.0204825 0.020812 0.0206788 0.0200256 0.018813 0.0170109 0.0145869 0.0115593 0.00801 0.00397378 -0.000469685 -0.0052382 -0.0102635 -0.0154647 -0.0207257 -0.0259653 -0.0310641 -0.0359632 -0.0405262 -0.0446526 -0.0482539 -0.05122 -0.0535041 -0.0550752 -0.0558672 -0.0559226 -0.055225 -0.053814 -0.0518017 -0.049265 -0.046329 -0.0431244 -0.0397521 -0.0363481 -0.0330046 -0.0297988 -0.0268162 -0.0241044 -0.0217165 -0.0196637 -0.0179511 -0.0165794 -0.0155317 -0.014793 -0.0143553 -0.0141981 -0.0143375 -0.014764 -0.0154892 -0.0165287 -0.0178937 -0.0195973 -0.021643 -0.0240173 -0.0267153 -0.0296833 -0.0328778 -0.0362215 -0.0396162 -0.0429823 -0.0461811 -0.0490929 -0.0516185 -0.053609 -0.0549833 -0.0556694 -0.0555861 -0.0547606 -0.0531685 -0.0508347 -0.0478279 -0.0441988 -0.0400304 -0.035438 -0.0305129 -0.0253874 -0.0201265 -0.0148466 -0.00963483 -0.00458852 0.000202614 0.00466573 0.00874222 0.0123204 0.0153643 0.0178365 0.0196928 0.0209506 0.0216565 0.0218106 0.021454 0.0206596 0.0195313 0.0182088 0.0168097 0.0154931 0.0143651 0.0135412 0.0131173 0.0131502 0.0135943 0.0143406 0.015243 0.0160637 0.0165414 0.0164648 0.0156466 0.0140127 0.0115189 0.00822111 0.00432289 4.11965e-05 -0.00434295 -0.00856142 -0.0123489 -0.015528 -0.0179299 -0.0194424 -0.0201182 -0.0200217 -0.0192713 -0.0179888 -0.0163308 -0.0144619 -0.0124926 -0.0105441 -0.00868838 -0.00698752 -0.00545564 -0.00412581 -0.00301258 -0.00206254 -0.00127908 -0.000650355 -0.000152943 0.000252537 0.00057304 0.000837205 0.00106043 0.00122415 0.00136889 0.00150842 0.00163605 0.00173927 0.00184115 
0 -0.000119786 -0.000267384 -0.000412051 -0.000558681 -0.000718237 -0.000895767 -0.00109551 -0.00135586 -0.00165846 -0.00201333 -0.00246956 -0.00304132 -0.0037386 -0.00460754 -0.00566733 -0.00690604 -0.0083779 -0.0100836 -0.01198 -0.0140329 -0.0162198 -0.0184204 -0.0205145 -0.0223885 -0.0238713 -0.024789 -0.0249777 -0.0243273 -0.0227427 -0.0202101 -0.0167883 -0.0126481 -0.0079883 -0.00307526 0.00178365 0.00629658 0.010211 0.0133021 0.015477 0.0167801 0.0172382 0.0170122 0.0163251 0.0154679 0.014653 0.0140589 0.0137962 0.0139208 0.0144199 0.0151957 0.016167 0.0171983 0.0181228 0.0188402 0.0192311 0.0191669 0.0186068 0.017498 0.0158552 0.0136351 0.0108639 0.00758493 0.0038516 -0.00027413 -0.00470341 -0.0093697 -0.0142133 -0.0191661 -0.0241429 -0.0290799 -0.033885 -0.0385043 -0.0428666 -0.0468499 -0.0504022 -0.0534304 -0.0558563 -0.0576267 -0.0586999 -0.0590528 -0.058688 -0.0576082 -0.0558886 -0.0535952 -0.0508478 -0.0477401 -0.0444033 -0.0409597 -0.0375183 -0.0341658 -0.0310066 -0.0280922 -0.0254955 -0.0232264 -0.0213114 -0.0197578 -0.0185694 -0.0177235 -0.017221 -0.0170433 -0.0172115 -0.0177054 -0.0185379 -0.0197106 -0.0212441 -0.0231398 -0.0254 -0.027989 -0.0308991 -0.0340563 -0.0373997 -0.0408318 -0.0442606 -0.0475745 -0.0506644 -0.0533986 -0.0556801 -0.0573843 -0.0584439 -0.0587798 -0.0583919 -0.0572883 -0.0554754 -0.0530069 -0.049949 -0.046354 -0.0423381 -0.0379526 -0.0332976 -0.0284713 -0.0235133 -0.0185039 -0.0135286 -0.00866827 -0.00398202 0.000472311 0.00462624 0.00840673 0.0117437 0.0145607 0.0168257 0.018503 0.0196343 0.0202034 0.0202525 0.0198146 0.018983 0.0179024 0.0166877 0.0154827 0.0144662 0.0137244 0.0133493 0.0133958 0.0138399 0.0145846 0.0154419 0.016206 0.0166096 0.0164282 0.0154505 0.013619 0.0109111 0.00738343 0.00321878 -0.00132683 -0.00597779 -0.0104347 -0.0144301 -0.017773 -0.0202829 -0.0218793 -0.0225673 -0.0224388 -0.0216008 -0.0202137 -0.018429 -0.0164059 -0.0142725 -0.012141 -0.0101334 -0.00829598 -0.00662737 -0.0051471 -0.00390683 -0.00287428 -0.00201441 -0.00129765 -0.000714371 -0.000247399 0.000121435 0.000433317 0.000700597 0.000909939 0.00110957 0.00128747 0.00143189 0.00156298 0.00172242 
0 -0.000182938 -0.000392975 -0.000585538 -0.000781765 -0.00101215 -0.00127572 -0.00153852 -0.00185119 -0.00223046 -0.00268023 -0.00322996 -0.00388769 -0.00468997 -0.00566733 -0.0068445 -0.0082212 -0.00984699 -0.011707 -0.0137471 -0.0159718 -0.01834 -0.0207201 -0.0229707 -0.0249805 -0.0265778 -0.0275792 -0.0278265 -0.0271691 -0.0255209 -0.0228763 -0.0193051 -0.014965 -0.0100619 -0.00488688 0.000243767 0.00502563 0.00919685 0.012532 0.0149232 0.0163921 0.0169805 0.0168626 0.0162743 0.0154663 0.0146671 0.0140656 0.013771 0.0138266 0.0142101 0.0148393 0.0156109 0.016378 0.0169786 0.0173168 0.0172835 0.016779 0.01577 0.0142241 0.0121544 0.00956611 0.00649383 0.00299494 -0.000853078 -0.00499601 -0.00935068 -0.0138434 -0.0184391 -0.0230924 -0.0277308 -0.0323069 -0.0367553 -0.0410543 -0.0451387 -0.0489305 -0.0523885 -0.0554205 -0.0579502 -0.0599101 -0.0612311 -0.0619033 -0.0618877 -0.0611607 -0.0597741 -0.0577704 -0.055249 -0.0523124 -0.0490723 -0.0456602 -0.0421832 -0.0387332 -0.0354223 -0.032326 -0.0295205 -0.0270402 -0.0249233 -0.023197 -0.0218696 -0.0209224 -0.0203506 -0.0201477 -0.0203325 -0.0208912 -0.0218271 -0.0231441 -0.0248567 -0.0269598 -0.0294296 -0.0322221 -0.0353063 -0.0386032 -0.0420403 -0.045513 -0.0489154 -0.0521443 -0.0550675 -0.0575636 -0.0595476 -0.0609088 -0.0616043 -0.0615989 -0.060894 -0.0595383 -0.0575443 -0.0549675 -0.0518997 -0.0484082 -0.0445819 -0.0404714 -0.036138 -0.0316579 -0.027052 -0.022385 -0.0177155 -0.013098 -0.00857883 -0.00419333 -3.33062e-06 0.00389488 0.00744155 0.0105659 0.0131997 0.0153021 0.0168759 0.0178849 0.0183481 0.0183079 0.0178487 0.0170828 0.0161091 0.0150936 0.0142181 0.0135938 0.0133101 0.0134136 0.0138671 0.0145786 0.0154014 0.0161067 0.0164097 0.01608 0.0149302 0.0128945 0.00994466 0.00615933 0.00174639 -0.00305202 -0.00795607 -0.0126544 -0.0168479 -0.0203228 -0.0229194 -0.0245698 -0.0252881 -0.0251214 -0.0241976 -0.0226968 -0.02078 -0.0186087 -0.016318 -0.0140352 -0.0118566 -0.00985273 -0.00804191 -0.00644323 -0.00507721 -0.00391726 -0.00295923 -0.00216039 -0.00149421 -0.000945158 -0.000512387 -0.000145733 0.000177517 0.000441121 0.000689715 0.000911334 0.00109554 0.00126683 0.00146846 
0 -0.000268502 -0.000553414 -0.000818699 -0.00109384 -0.00140745 -0.00175085 -0.00209494 -0.00249138 -0.00295425 -0.00348891 -0.00413758 -0.0049065 -0.00581728 -0.00690604 -0.0082212 -0.00975543 -0.0115308 -0.0135492 -0.015775 -0.018194 -0.0207358 -0.0232871 -0.0257129 -0.0278755 -0.029589 -0.030672 -0.0309611 -0.0302887 -0.0285837 -0.0258462 -0.0221349 -0.0175967 -0.0124568 -0.00702923 -0.00164343 0.00339378 0.00782636 0.0114217 0.0140466 0.0157076 0.0164611 0.016474 0.0159841 0.0152394 0.0144677 0.0138462 0.0134836 0.0134222 0.013634 0.0140485 0.0145594 0.0150083 0.0152307 0.015142 0.0146562 0.0136959 0.0122369 0.0102649 0.00780109 0.00488385 0.00156925 -0.00207294 -0.00596616 -0.0100632 -0.014281 -0.0185458 -0.0228362 -0.0271274 -0.031373 -0.0355471 -0.0396062 -0.0435438 -0.0473093 -0.0508552 -0.0541616 -0.0571552 -0.0597534 -0.0618705 -0.0634234 -0.0643898 -0.0647118 -0.0643486 -0.0633234 -0.0616602 -0.0594336 -0.056731 -0.0536523 -0.0503257 -0.0468595 -0.0433561 -0.0399367 -0.036694 -0.0337115 -0.031039 -0.0287299 -0.0268302 -0.0253581 -0.0243017 -0.0236581 -0.0234305 -0.0236379 -0.0242666 -0.0253106 -0.0267715 -0.0286575 -0.0309535 -0.0336167 -0.0365883 -0.0398192 -0.0432216 -0.0467058 -0.05016 -0.0534729 -0.0565415 -0.0592357 -0.0614422 -0.0630867 -0.0640835 -0.0644064 -0.0640514 -0.0630444 -0.0614548 -0.0593121 -0.0566791 -0.0536535 -0.0503099 -0.046719 -0.0429174 -0.0389448 -0.034859 -0.0306628 -0.026392 -0.0220783 -0.0177515 -0.0134449 -0.00918971 -0.00504475 -0.00110294 0.00258754 0.00596004 0.00892491 0.0114197 0.0134122 0.014855 0.0157534 0.0161414 0.0160876 0.0156883 0.0150349 0.0142902 0.0136302 0.0131734 0.0130034 0.013178 0.0136751 0.0143875 0.0151538 0.0157512 0.0159205 0.0154303 0.0140961 0.0118411 0.00863894 0.0045893 -7.93532e-05 -0.0051316 -0.0102839 -0.0152028 -0.0195779 -0.0231962 -0.0258951 -0.0275966 -0.0283249 -0.028123 -0.0271191 -0.0255023 -0.0234495 -0.0211216 -0.0186634 -0.0162194 -0.0138729 -0.01169 -0.00972165 -0.00800768 -0.00652466 -0.00522575 -0.00414622 -0.0032686 -0.00253222 -0.00189967 -0.00138605 -0.000950799 -0.0005637 -0.000242998 4.95813e-05 0.000327504 0.000582744 0.000810528 0.00104024 
0 -0.000360545 -0.000732002 -0.00110261 -0.00148402 -0.00188841 -0.00230527 -0.00275271 -0.00326686 -0.00383369 -0.00446618 -0.00522027 -0.00611492 -0.00714585 -0.0083779 -0.00984699 -0.0115308 -0.0134531 -0.0156454 -0.0180851 -0.0206892 -0.0234025 -0.0261212 -0.0287242 -0.0310445 -0.0328792 -0.0340488 -0.0343627 -0.0336922 -0.0319442 -0.0291155 -0.0252602 -0.0205364 -0.0151824 -0.00950551 -0.00386523 0.00143481 0.00614088 0.0100034 0.0128692 0.0147416 0.0156826 0.0158578 0.0154822 0.0148172 0.0140567 0.0133839 0.0129245 0.0127119 0.0127181 0.0128528 0.0130318 0.0130985 0.0128993 0.0123594 0.0114177 0.0100047 0.00811711 0.00574806 0.00294885 -0.000244715 -0.00373884 -0.00744356 -0.0113103 -0.0152876 -0.0193022 -0.0232975 -0.0272479 -0.0311363 -0.0349486 -0.0386765 -0.0423149 -0.045857 -0.0492927 -0.052569 -0.0556886 -0.0586025 -0.0612142 -0.0634263 -0.0651803 -0.0664055 -0.0670605 -0.0670787 -0.06644 -0.0651555 -0.0632751 -0.0608486 -0.0579899 -0.0548043 -0.0514062 -0.0479084 -0.0444362 -0.0410901 -0.0379689 -0.0351265 -0.0326401 -0.0305713 -0.0289541 -0.0277844 -0.0270697 -0.0268178 -0.0270528 -0.0277546 -0.0289099 -0.0305123 -0.0325637 -0.03503 -0.0378598 -0.0409709 -0.0443054 -0.0477696 -0.0512535 -0.054635 -0.0578085 -0.0606468 -0.0630491 -0.0649087 -0.0661641 -0.0667767 -0.0667396 -0.0660508 -0.0647881 -0.0629983 -0.0607361 -0.0580837 -0.0551362 -0.0519713 -0.0486641 -0.0452042 -0.0416287 -0.0379646 -0.0342098 -0.0303634 -0.0264413 -0.0224541 -0.0184119 -0.0143446 -0.0103205 -0.00639698 -0.00262953 0.000912686 0.00414692 0.00696969 0.0093376 0.0111917 0.0125325 0.0133692 0.0137511 0.0137598 0.0134873 0.0130672 0.0126859 0.0124449 0.0124388 0.0127197 0.0132752 0.0140005 0.0146961 0.0151693 0.0151854 0.0145161 0.0129683 0.0104677 0.00700332 0.00268269 -0.00226311 -0.00756796 -0.0129609 -0.0180849 -0.0226318 -0.0263939 -0.0291973 -0.030953 -0.0316613 -0.0314261 -0.0303563 -0.0286321 -0.0264413 -0.0239598 -0.0213421 -0.018719 -0.0162131 -0.0138726 -0.0117477 -0.00988379 -0.00826835 -0.00685335 -0.00565571 -0.00467684 -0.00384925 -0.00313368 -0.00253728 -0.00202508 -0.0015668 -0.00117775 -0.000829593 -0.0004906 -0.000164227 0.000127325 0.000399691 
