0 0 0 0 0 0 0 0 0 0 0 0 0 0 0 0 0 0 0 0 0 0 0 0 0 0 0 0 0 0 0 0 0 0 0 0 0 0 0 0 0 0 0 0 0 0 0 0 0 0 0 0 0 0 0 0 0 0 0 0 0 0 0 0 0 0 0 0 0 0 0 0 0 0 0 0 0 0 0 0 0 0 0 0 0 0 0 0 0 0 0 0 0 0 0 0 0 0 0 0 0 0 0 0 0 0 0 0 0 0 0 0 0 0 0 0 0 0 0 0 0 0 0 0 0 0 0 0 0 0 0 0 0 0 0 0 0 0 0 0 0 0 0 0 0 0 0 0 0 0 0 0 0 0 0 0 0 0 0 0 0 0 0 0 0 0 0 0 0 0 0 0 0 0 0 0 0 0 0 0 0 0 0 0 0 0 0 0 0 0 0 0 0 0 0 0 0 0 0 0 
0 0.000462994 0.000864763 0.00116605 0.00133928 0.0013973 0.00130757 0.00104895 0.000605177 -6.37464e-06 -0.00073878 -0.00154706 -0.00237802 -0.00321939 -0.00404198 -0.00481045 -0.00547593 -0.0059941 -0.00634959 -0.00654567 -0.00659421 -0.00650309 -0.00628611 -0.00596035 -0.00554482 -0.0050696 -0.00457313 -0.00405546 -0.00353232 -0.00302633 -0.00256238 -0.00215306 -0.00180108 -0.00150974 -0.00125083 -0.00102656 -0.000838909 -0.00069138 -0.00057903 -0.000486763 -0.000401334 -0.00033054 -0.000281079 -0.000245253 -0.000224697 -0.000212744 -0.000205364 -0.000189634 -0.000179302 -0.000176437 -0.000178304 -0.000187172 -0.000186621 -0.000182818 -0.000190654 -0.000201081 -0.000224569 -0.000266588 -0.000320559 -0.000392993 -0.000467453 -0.000556744 -0.00067617 -0.000824649 -0.000989075 -0.00115358 -0.00133023 -0.00151535 -0.00168221 -0.00182546 -0.00192977 -0.00198055 -0.00196449 -0.00185421 -0.00165499 -0.00136585 -0.00100092 -0.000598804 -0.000170833 0.00026744 0.000672044 0.0010263 0.0013107 0.00150287 0.00160008 0.00161018 0.0015386 0.00140811 0.00124915 0.00108091 0.000916713 0.000769232 0.000640668 0.000535621 0.000458986 0.000406483 0.000371158 0.000345109 0.000323616 0.000306081 0.000294131 0.000287924 0.00028461 0.000281264 0.000278743 0.000283803 0.000308872 0.000361247 0.000446535 0.000566499 0.000714553 0.00088891 0.00108503 0.00128142 0.00145133 0.00157238 0.00161354 0.00156076 0.00142153 0.00118843 0.000862463 0.000479224 5.08401e-05 -0.000389895 -0.000794308 -0.00114985 -0.00143696 -0.00163283 -0.00174672 -0.00177647 -0.00174241 -0.00165372 -0.00151097 -0.00134499 -0.00116458 -0.000974536 -0.000799584 -0.000642907 -0.000504186 -0.000379204 -0.000266638 -0.000176443 -0.00010086 -4.9668e-05 -1.54585e-05 1.09688e-05 3.22846e-05 5.89683e-05 8.07392e-05 8.90899e-05 9.87984e-05 0.000104082 0.000106017 0.000114761 0.000121508 0.00012477 0.000114191 9.03351e-05 6.03509e-05 3.49655e-05 -1.54683e-06 -6.27087e-05 -0.000150436 -0.000260852 -0.000396444 -0.000556037 -0.000741298 -0.000979975 -0.00126946 -0.00161491 -0.00200221 -0.00242315 -0.00288229 -0.00337282 -0.00387252 -0.0043431 -0.0047654 -0.00511697 -0.00537761 -0.00554295 -0.00559443 -0.00548615 -0.00519978 -0.00473355 -0.00410852 -0.00333791 -0.00244805 -0.00146559 -0.000402634 0.000688135 0.00177707 0.00282061 0.00380494 0.00470415 0.0054908 0.00616245 0.00670105 0.00713325 0.00745468 0.00767506 
0 0.000864763 0.00163678 0.00221642 0.00256795 0.00265771 0.00245694 0.00192022 0.00104242 -0.000133561 -0.00155778 -0.00313213 -0.00478428 -0.0064465 -0.00805907 -0.00955012 -0.0108359 -0.0118577 -0.0125705 -0.0129726 -0.0130707 -0.0128837 -0.0124549 -0.0118282 -0.011024 -0.0101045 -0.0091143 -0.0080915 -0.00706298 -0.0060784 -0.00518644 -0.00436339 -0.00366013 -0.0030497 -0.00253238 -0.00208964 -0.00171285 -0.00141616 -0.00116524 -0.000974198 -0.000807179 -0.000682846 -0.00059904 -0.000528557 -0.000468718 -0.000438261 -0.000405609 -0.000385334 -0.000363523 -0.000349994 -0.000347064 -0.000341065 -0.000349699 -0.000353201 -0.000385588 -0.000415411 -0.000461186 -0.000532446 -0.000633087 -0.000749304 -0.00091545 -0.00111093 -0.00135216 -0.00163275 -0.00194828 -0.00229873 -0.00266637 -0.00302388 -0.00336708 -0.0036701 -0.00386352 -0.00395756 -0.00390824 -0.00369097 -0.00329337 -0.00273525 -0.0020294 -0.00122888 -0.000345823 0.000519128 0.00134091 0.00205376 0.00260653 0.0029849 0.00319768 0.00320331 0.0030648 0.0028063 0.00248248 0.00214413 0.00182987 0.00153223 0.00128019 0.00106814 0.000910918 0.00079939 0.000731535 0.000678662 0.000640756 0.000604579 0.000580648 0.000562708 0.000556596 0.000547937 0.000550442 0.000564431 0.000615979 0.000717086 0.000889146 0.0011164 0.00141836 0.00177295 0.00216171 0.00255368 0.00290457 0.00312677 0.00321829 0.00312215 0.00282983 0.00235207 0.00170933 0.000919016 7.97569e-05 -0.000774757 -0.00157056 -0.0022875 -0.0028639 -0.00327523 -0.00350621 -0.00357314 -0.0034807 -0.0032995 -0.0030251 -0.00267759 -0.00230295 -0.00194358 -0.00160074 -0.0012773 -0.00098099 -0.000727447 -0.000535323 -0.000358594 -0.000213893 -0.000103977 -2.14441e-05 4.64753e-05 9.2027e-05 0.000145348 0.000162183 0.000181889 0.00019707 0.000213242 0.000220841 0.000217727 0.00022387 0.000219593 0.000209295 0.000179893 0.000128549 6.81528e-05 -1.70175e-05 -0.000160519 -0.000323758 -0.000546187 -0.000813822 -0.00114773 -0.00154545 -0.00201788 -0.00259499 -0.00325389 -0.00402145 -0.00485993 -0.00577397 -0.00674013 -0.00770358 -0.00861792 -0.0094493 -0.0101518 -0.0106714 -0.0109827 -0.0110537 -0.0108225 -0.0102457 -0.00933977 -0.00810349 -0.00657877 -0.00481364 -0.00286641 -0.000785895 0.00137014 0.00350938 0.00558555 0.0075316 0.00930675 0.0108711 0.0122008 0.0133005 0.0141619 0.0148124 0.0152423 
0 0.00116605 0.00221642 0.0030438 0.00352323 0.00362692 0.00327122 0.00244825 0.00117013 -0.000514635 -0.00253466 -0.00481632 -0.00721857 -0.00965006 -0.0119827 -0.0141183 -0.0159672 -0.0174507 -0.0185185 -0.0191373 -0.0193049 -0.0190505 -0.0184448 -0.0175533 -0.0164132 -0.0150766 -0.0136374 -0.0121286 -0.0106258 -0.00919572 -0.00787487 -0.00666439 -0.00557807 -0.00465731 -0.00386539 -0.0032033 -0.00264659 -0.00218112 -0.00179825 -0.00148968 -0.00123885 -0.00105574 -0.000927034 -0.0008109 -0.000715298 -0.000646778 -0.000611155 -0.000575272 -0.000554264 -0.000537677 -0.000518553 -0.00051644 -0.000512223 -0.000524897 -0.000579878 -0.000632924 -0.000698722 -0.000799373 -0.000938059 -0.00114379 -0.00138006 -0.00166599 -0.00202743 -0.00245903 -0.00293547 -0.00343086 -0.00397575 -0.00454982 -0.00506905 -0.00550055 -0.00579445 -0.00591896 -0.00584678 -0.00551686 -0.00493839 -0.00410364 -0.00304065 -0.00184305 -0.000549476 0.000776223 0.00200326 0.00306757 0.00390944 0.0044744 0.00476046 0.00479021 0.0045844 0.0042053 0.00373623 0.00323472 0.00274348 0.00230038 0.00191609 0.00160428 0.00137604 0.00121755 0.00110807 0.00102551 0.000957527 0.000903814 0.000869009 0.000852203 0.000843485 0.000834215 0.000827447 0.000844347 0.000922188 0.00108377 0.00134364 0.00170407 0.00214629 0.00266355 0.00324265 0.00382614 0.00433713 0.00470213 0.00482856 0.00466729 0.00423114 0.00351003 0.00252288 0.00137367 0.000112739 -0.00117152 -0.00235839 -0.00341515 -0.0042851 -0.00489889 -0.00526017 -0.00535547 -0.00523672 -0.00494567 -0.0045039 -0.00400296 -0.00347172 -0.00291923 -0.00239626 -0.00191288 -0.00148067 -0.00110591 -0.000790204 -0.000543547 -0.000330029 -0.000162711 -2.84911e-05 7.7731e-05 0.000147461 0.000207125 0.000244052 0.000259729 0.000295988 0.000327736 0.000337058 0.000339512 0.000327011 0.000318498 0.000299785 0.000258321 0.000182897 8.31665e-05 -6.90442e-05 -0.000281063 -0.000539647 -0.000855083 -0.00126561 -0.00178442 -0.00239616 -0.00313398 -0.00398213 -0.00497363 -0.00610501 -0.00735712 -0.00870992 -0.0101119 -0.0115014 -0.01281 -0.0140127 -0.0150356 -0.0157803 -0.0161981 -0.0162483 -0.0158534 -0.0149927 -0.0136533 -0.0118521 -0.00960868 -0.00701005 -0.00415959 -0.00110695 0.00202798 0.00517728 0.00822107 0.0110928 0.0137116 0.0160189 0.0180205 0.0196673 0.02099 0.0219563 0.0225992 
0 0.00133928 0.00256795 0.00352323 0.00407712 0.00412402 0.00360838 0.00250985 0.000871575 -0.00123789 -0.00377892 -0.00664142 -0.00969303 -0.0127741 -0.0157322 -0.0184383 -0.0207812 -0.0226859 -0.0240771 -0.0249186 -0.0251957 -0.0249318 -0.0242055 -0.0230964 -0.0216451 -0.0199518 -0.0181031 -0.0161774 -0.0142388 -0.0123741 -0.0106515 -0.0090371 -0.00761113 -0.00636188 -0.00529896 -0.0043961 -0.00362928 -0.00300625 -0.00247848 -0.00206511 -0.00171676 -0.00145308 -0.00126347 -0.00110296 -0.00097025 -0.000893718 -0.000827723 -0.000783684 -0.000743598 -0.000719477 -0.000711854 -0.000701933 -0.000710943 -0.000718831 -0.000775949 -0.000837363 -0.000929521 -0.00107096 -0.00127073 -0.00151403 -0.00184473 -0.00223779 -0.00271788 -0.00327777 -0.00390649 -0.00459624 -0.00532081 -0.00603315 -0.00671103 -0.00730334 -0.00769617 -0.0078844 -0.00778874 -0.00735504 -0.00656441 -0.00544925 -0.00404419 -0.0024487 -0.00070613 0.00101651 0.00264514 0.00405973 0.00516594 0.00592729 0.00634874 0.00637728 0.00611031 0.00560671 0.00497193 0.00430318 0.00367274 0.00308218 0.00257749 0.0021572 0.00184304 0.00162118 0.00148168 0.00137517 0.00129602 0.00122384 0.00117218 0.00113512 0.00111908 0.00110311 0.00110927 0.00114431 0.00125394 0.00146536 0.00181251 0.00227529 0.00287662 0.0035799 0.00434797 0.00511683 0.00579537 0.00623316 0.00639788 0.00619538 0.00560943 0.00465576 0.00337292 0.00181233 0.000138288 -0.00156299 -0.00315026 -0.00456731 -0.00570595 -0.00651377 -0.00696993 -0.00710124 -0.00693001 -0.00656811 -0.00602285 -0.00534207 -0.00460708 -0.00388903 -0.00320362 -0.00255887 -0.00196981 -0.00146489 -0.00107003 -0.000720475 -0.000433329 -0.000213261 -4.88384e-05 8.14083e-05 0.000173221 0.000271174 0.000314285 0.000354703 0.00038928 0.000423271 0.000440156 0.000436105 0.000436011 0.000416094 0.000382397 0.000313699 0.000201071 5.80506e-05 -0.000142701 -0.000442711 -0.00078675 -0.00123585 -0.0017906 -0.00248897 -0.00332371 -0.00430422 -0.00546562 -0.00678227 -0.00828908 -0.00992282 -0.0116692 -0.0134739 -0.0152448 -0.0169139 -0.0184303 -0.0197037 -0.0206119 -0.0210836 -0.0210651 -0.0204826 -0.0193016 -0.0175476 -0.0152047 -0.0123159 -0.00896687 -0.00528001 -0.00135732 0.00269553 0.00673953 0.010683 0.0144036 0.0178175 0.0208602 0.0234968 0.0257142 0.0274739 0.0287839 0.0296411 
0 0.0013973 0.00265771 0.00362692 0.00412402 0.00407445 0.00338081 0.00204109 9.32819e-05 -0.00239849 -0.00536227 -0.0087044 -0.0122469 -0.0158407 -0.0193028 -0.0224831 -0.0252493 -0.0274979 -0.0291626 -0.030206 -0.0306138 -0.0303959 -0.0296117 -0.0283362 -0.0266467 -0.0246543 -0.0224952 -0.0202192 -0.0179083 -0.0156557 -0.0135327 -0.0115624 -0.00978084 -0.00822792 -0.00686773 -0.00570236 -0.00471861 -0.00390937 -0.00324924 -0.00271245 -0.00226003 -0.00190295 -0.00163586 -0.00141923 -0.00125756 -0.00114557 -0.00106735 -0.000987541 -0.000930725 -0.00089993 -0.0008863 -0.000891246 -0.000889248 -0.000898306 -0.000961215 -0.00104109 -0.00115957 -0.00134238 -0.00158954 -0.00192225 -0.00231338 -0.0027886 -0.00338533 -0.0040999 -0.0048948 -0.00573387 -0.00663022 -0.00754748 -0.00838908 -0.00910083 -0.00959895 -0.00982441 -0.00970954 -0.00916665 -0.00819324 -0.00679976 -0.00504527 -0.0030615 -0.000926272 0.00124051 0.003263 0.0050239 0.00642077 0.0073749 0.00787279 0.00793378 0.00760604 0.00699056 0.00621906 0.00539418 0.00459015 0.00385942 0.00322422 0.00270595 0.00231995 0.00204956 0.00186451 0.00172802 0.00161705 0.00152666 0.00146221 0.00142433 0.00140271 0.00138846 0.00138837 0.00143256 0.00157415 0.00185101 0.00228707 0.00288633 0.00362768 0.00449206 0.00544471 0.00639405 0.00721587 0.00778206 0.00796482 0.007688 0.00695434 0.00576105 0.00414521 0.00223847 0.000150036 -0.00197409 -0.00395204 -0.00569866 -0.00711424 -0.00811053 -0.00868651 -0.00884647 -0.00865995 -0.00819608 -0.00749116 -0.00665909 -0.0057642 -0.00485066 -0.00398529 -0.00318962 -0.00247699 -0.00185668 -0.00132992 -0.000898569 -0.000535641 -0.000260209 -5.4584e-05 0.000101757 0.000218052 0.000329994 0.000408205 0.000449898 0.000493275 0.000524187 0.000534635 0.000542822 0.000534363 0.000510727 0.000448534 0.000338317 0.000180168 -1.04596e-05 -0.000276285 -0.000648423 -0.00111689 -0.00169989 -0.00242928 -0.00332058 -0.00436923 -0.00562338 -0.00707822 -0.00874508 -0.010591 -0.0125669 -0.0146481 -0.0167831 -0.0188859 -0.0208492 -0.0226072 -0.024047 -0.0250402 -0.0255124 -0.0253982 -0.0246016 -0.0231062 -0.0209278 -0.0180944 -0.0146297 -0.0106264 -0.0062158 -0.00149945 0.00334863 0.00820675 0.0129289 0.0174217 0.0215781 0.0253079 0.028578 0.031316 0.0335274 0.0351674 0.0362607 
0 0.00130757 0.00245694 0.00327122 0.00360838 0.00338081 0.00251151 0.000961055 -0.001245 -0.00403615 -0.00733291 -0.011003 -0.0148866 -0.018826 -0.0226512 -0.0261923 -0.029288 -0.0318237 -0.0337256 -0.0349622 -0.0355152 -0.0353774 -0.0345929 -0.0332351 -0.0313881 -0.0291947 -0.0267806 -0.024225 -0.0216005 -0.0190131 -0.0165531 -0.0142327 -0.0121241 -0.0102412 -0.00858707 -0.00715392 -0.00593386 -0.00492897 -0.0040955 -0.00342149 -0.00285903 -0.00241464 -0.00207638 -0.00180061 -0.00158238 -0.00143317 -0.00131338 -0.00121542 -0.00113681 -0.00108808 -0.00106539 -0.001054 -0.00105963 -0.00108185 -0.0011613 -0.00126329 -0.00140708 -0.00161777 -0.00190968 -0.00228483 -0.00276832 -0.00335473 -0.00406798 -0.00490534 -0.0058474 -0.00687267 -0.00795428 -0.00903192 -0.0100408 -0.0108997 -0.0114852 -0.011748 -0.0115951 -0.010948 -0.00978624 -0.00814008 -0.00606946 -0.00370087 -0.00113345 0.00144009 0.00386164 0.00596643 0.00762513 0.00877088 0.00939139 0.00946583 0.00908882 0.00836592 0.00744498 0.00646176 0.00551554 0.00464218 0.00388852 0.00326872 0.00279996 0.00246677 0.00224329 0.00207561 0.00194536 0.0018358 0.00175497 0.00170187 0.00167475 0.00165706 0.00166916 0.00173497 0.00191267 0.00224793 0.00277568 0.00348639 0.00438255 0.00542345 0.00655341 0.00767402 0.00864505 0.00928579 0.00949347 0.00916087 0.00826482 0.00682455 0.00490152 0.00260644 0.000126838 -0.0023813 -0.00473148 -0.00681559 -0.00850104 -0.00970095 -0.0103884 -0.0105862 -0.0103487 -0.00979257 -0.00896699 -0.00796168 -0.00688017 -0.00580527 -0.00477952 -0.00382127 -0.00295253 -0.00220654 -0.00159964 -0.00108363 -0.000654763 -0.000318098 -6.25296e-05 0.000133512 0.000279875 0.000412683 0.000490435 0.000543982 0.000586708 0.000620236 0.000632231 0.000624036 0.000605648 0.00055887 0.000475712 0.000335706 0.000133615 -0.00012136 -0.000467371 -0.000946316 -0.0015324 -0.00227131 -0.00317847 -0.00428105 -0.0055788 -0.0070952 -0.00885196 -0.0108216 -0.0129855 -0.0152672 -0.0176399 -0.0200532 -0.0224048 -0.0245859 -0.0264992 -0.028021 -0.0290202 -0.0294202 -0.0291523 -0.0281225 -0.0263009 -0.0237272 -0.020431 -0.0164631 -0.011908 -0.00688587 -0.00152342 0.00401169 0.00954625 0.0149523 0.0201156 0.0249336 0.0293045 0.0331464 0.036398 0.039025 0.0410099 0.0423397 
0 0.00104895 0.00192022 0.00244825 0.00250985 0.00204109 0.000961055 -0.000784396 -0.00318958 -0.00619056 -0.0096887 -0.01355 -0.0176175 -0.0217467 -0.0257746 -0.0295292 -0.0328468 -0.0356044 -0.0377195 -0.0391427 -0.0398418 -0.0398096 -0.0390885 -0.0377454 -0.0358606 -0.0335568 -0.0309666 -0.0281853 -0.0253116 -0.0224554 -0.019695 -0.0170601 -0.014616 -0.012412 -0.0104617 -0.00876507 -0.00731017 -0.00608587 -0.00506202 -0.00422296 -0.00353537 -0.0029917 -0.00256554 -0.00221142 -0.00192628 -0.00171967 -0.00156965 -0.00145297 -0.00136492 -0.00130433 -0.0012657 -0.00124453 -0.00124408 -0.00127675 -0.00136819 -0.00149043 -0.00165531 -0.00189545 -0.00223328 -0.0026821 -0.00324676 -0.0039336 -0.00476447 -0.00573719 -0.006825 -0.00800494 -0.00925589 -0.010515 -0.0116857 -0.0126689 -0.0133479 -0.0136445 -0.0134617 -0.0127126 -0.0113716 -0.00946468 -0.00706914 -0.00432242 -0.00135793 0.00162983 0.00443628 0.00687735 0.00880905 0.0101465 0.0108657 0.0109749 0.0105573 0.00974176 0.00869263 0.00756021 0.00645509 0.00544097 0.0045624 0.00384503 0.00330151 0.00291411 0.00264538 0.00244563 0.00228643 0.00215665 0.00206039 0.00199863 0.00196365 0.0019463 0.0019619 0.00204814 0.00226753 0.00267368 0.00329796 0.00413862 0.00517891 0.00637989 0.00767757 0.00895734 0.0100566 0.0107889 0.0110056 0.0105995 0.00954414 0.0078599 0.0056208 0.00297062 9.79632e-05 -0.00280232 -0.0055241 -0.00792557 -0.00986995 -0.0112577 -0.0120572 -0.0122888 -0.0120238 -0.0113699 -0.0104081 -0.00925491 -0.00801631 -0.00677145 -0.00557517 -0.00445936 -0.00345105 -0.00258206 -0.00186376 -0.0012689 -0.000776693 -0.000384852 -8.01302e-05 0.000152544 0.000326084 0.000466591 0.000556523 0.000617663 0.000673698 0.000718604 0.000733086 0.000715192 0.00066805 0.00059104 0.000473583 0.000294986 4.04092e-05 -0.00029453 -0.000745071 -0.00133684 -0.00205825 -0.00294655 -0.0040417 -0.00537243 -0.00693575 -0.00873878 -0.0107773 -0.0130334 -0.0154752 -0.018036 -0.020664 -0.0232867 -0.0257961 -0.0280824 -0.0300485 -0.0315616 -0.0324838 -0.0327315 -0.0322435 -0.0309452 -0.0288136 -0.0258772 -0.0221749 -0.0177668 -0.0127521 -0.00725187 -0.00138853 0.00467314 0.0107655 0.0167409 0.0224795 0.0278646 0.0327841 0.0371439 0.0408605 0.0438927 0.0462 0.047758 
0 0.000605177 0.00104242 0.00117013 0.000871575 9.32819e-05 -0.001245 -0.00318958 -0.0057412 -0.0088499 -0.0124188 -0.0163355 -0.0204486 -0.0246206 -0.0286959 -0.0325183 -0.0359447 -0.03885 -0.0411359 -0.0427226 -0.0435645 -0.0436625 -0.0430607 -0.0418125 -0.039983 -0.0376642 -0.0349904 -0.0320701 -0.0290229 -0.0259568 -0.0229396 -0.0200308 -0.0172852 -0.0147818 -0.0125366 -0.0105614 -0.00885229 -0.00739326 -0.00617105 -0.00515353 -0.00431953 -0.00364911 -0.00311335 -0.00267411 -0.00232474 -0.00205857 -0.00186585 -0.00171085 -0.00159724 -0.00152023 -0.00147141 -0.00144978 -0.00144412 -0.00147893 -0.00156693 -0.00170319 -0.00189644 -0.0021785 -0.00256631 -0.00308329 -0.00372037 -0.00450357 -0.00545124 -0.00656212 -0.00780563 -0.00914714 -0.0105585 -0.0119776 -0.0132943 -0.0143995 -0.0151826 -0.0155232 -0.0153173 -0.0144654 -0.0129409 -0.010772 -0.00805698 -0.00494034 -0.00159488 0.00178826 0.00496317 0.00773286 0.00993898 0.0114774 0.0123056 0.0124566 0.0120011 0.0110959 0.00992355 0.00865088 0.00739771 0.00625113 0.00524974 0.00443077 0.00380536 0.00335844 0.00304414 0.0028168 0.00263349 0.00248414 0.00236783 0.00228952 0.00224138 0.00222612 0.0022541 0.0023722 0.00264113 0.00311932 0.00383588 0.0048022 0.0059868 0.00735072 0.0088157 0.0102465 0.0114557 0.0122576 0.0124659 0.0119793 0.0107668 0.00884812 0.0063043 0.00330851 4.82307e-05 -0.00323866 -0.00632975 -0.00904284 -0.0112335 -0.0127908 -0.0136872 -0.0139454 -0.0136608 -0.0129266 -0.0118458 -0.0105459 -0.00914029 -0.00771847 -0.00635449 -0.00508753 -0.00394777 -0.00296203 -0.00213056 -0.00144783 -0.000883344 -0.000437705 -9.53105e-05 0.000162925 0.000363679 0.000519492 0.00063394 0.000705298 0.000764583 0.000802921 0.00080715 0.000778637 0.000708561 0.000602053 0.00043785 0.000199082 -0.00012692 -0.000552414 -0.00111314 -0.00182715 -0.00270917 -0.00377638 -0.00508182 -0.00664628 -0.00846945 -0.01055 -0.0128564 -0.0153757 -0.0180542 -0.0208393 -0.0236574 -0.026414 -0.0289944 -0.031287 -0.0332006 -0.0346067 -0.0353687 -0.0353962 -0.0346351 -0.0330406 -0.0306061 -0.027344 -0.0232951 -0.0185206 -0.0131394 -0.00728193 -0.00106412 0.00536974 0.0118815 0.0183059 0.0245094 0.0303522 0.0357174 0.0405141 0.044641 0.0480414 0.0506388 0.0523984 
0 -6.37464e-06 -0.000133561 -0.000514635 -0.00123789 -0.00239849 -0.00403615 -0.00619056 -0.0088499 -0.0119758 -0.0155116 -0.0193524 -0.0233843 -0.0274572 -0.0314437 -0.0352107 -0.0386344 -0.0415938 -0.0439739 -0.0456814 -0.0466668 -0.0469264 -0.0464893 -0.0453936 -0.043683 -0.0414545 -0.0388021 -0.0358558 -0.0327149 -0.0294901 -0.0262746 -0.023132 -0.0201502 -0.0173669 -0.0148346 -0.0125633 -0.0105737 -0.00887283 -0.00743475 -0.00622772 -0.00522448 -0.00440255 -0.00374125 -0.00321264 -0.0027885 -0.00246481 -0.00220057 -0.00199844 -0.00183969 -0.00173335 -0.0016765 -0.00164183 -0.00164039 -0.00167779 -0.00176376 -0.00191732 -0.00214574 -0.00246968 -0.00291404 -0.00347232 -0.00419012 -0.0050713 -0.00613107 -0.00736865 -0.008763 -0.0102842 -0.011866 -0.0134277 -0.0148956 -0.0161316 -0.0169962 -0.0173738 -0.0171317 -0.0161812 -0.0144776 -0.0120686 -0.00905838 -0.00558727 -0.00185053 0.00190064 0.00544709 0.0085469 0.011014 0.0127501 0.0137102 0.0138911 0.0134129 0.012432 0.0111386 0.00972846 0.00834489 0.00706055 0.00594648 0.00503024 0.00432228 0.00380907 0.00344934 0.00318213 0.00297439 0.0028035 0.00266967 0.00257508 0.00252276 0.00250642 0.00255411 0.00270737 0.00302665 0.0035763 0.00439565 0.00547617 0.00681191 0.00834056 0.00995908 0.0115276 0.0128475 0.0136839 0.013881 0.0133131 0.0119265 0.00976522 0.00693566 0.00358219 -3.95868e-05 -0.00368415 -0.00712263 -0.0101421 -0.0125712 -0.0143067 -0.0153003 -0.0155989 -0.0152756 -0.0144595 -0.0132738 -0.0118154 -0.0102309 -0.00864655 -0.00712455 -0.0057111 -0.00443693 -0.00333297 -0.0024116 -0.00162861 -0.000991777 -0.000485735 -0.000102521 0.00018501 0.000413898 0.000592839 0.000717527 0.000805951 0.000852595 0.000872346 0.000860257 0.000805209 0.000721275 0.00057608 0.00035881 4.36001e-05 -0.000372831 -0.000903663 -0.00157889 -0.00243705 -0.00349632 -0.00478839 -0.00632813 -0.00813238 -0.0102075 -0.0125295 -0.0150949 -0.0178389 -0.0207161 -0.0236495 -0.0265654 -0.0293693 -0.0319325 -0.0341503 -0.035908 -0.0371 -0.0376138 -0.0373665 -0.0363052 -0.0344078 -0.0316663 -0.0281099 -0.0237685 -0.0187207 -0.0130798 -0.0069711 -0.000528539 0.00615393 0.0129305 0.0196704 0.0262039 0.0323849 0.0380969 0.0432255 0.047696 0.0513872 0.0542329 0.0561551 
0 -0.00073878 -0.00155778 -0.00253466 -0.00377892 -0.00536227 -0.00733291 -0.0096887 -0.0124188 -0.0155116 -0.0189164 -0.0225789 -0.0263915 -0.0302428 -0.0340261 -0.0376323 -0.0409535 -0.0438633 -0.046256 -0.0480469 -0.0491761 -0.0496278 -0.0493945 -0.0484901 -0.0469774 -0.0449115 -0.0423934 -0.0394987 -0.0363416 -0.0330309 -0.0296584 -0.0263555 -0.0231512 -0.0201326 -0.0173227 -0.0147692 -0.0125099 -0.0105406 -0.00887187 -0.0074446 -0.00625542 -0.00527362 -0.00447082 -0.00382512 -0.00331278 -0.00289301 -0.00257523 -0.00231641 -0.00212471 -0.00198807 -0.00189686 -0.00185433 -0.00183955 -0.00188767 -0.00198461 -0.00215789 -0.00240712 -0.00276358 -0.00324547 -0.00389212 -0.00467722 -0.00565041 -0.00682555 -0.00819714 -0.00973122 -0.0113908 -0.0131329 -0.0148872 -0.0165023 -0.0178351 -0.0187856 -0.0191747 -0.0188955 -0.0178484 -0.0159924 -0.0133504 -0.0100465 -0.00623074 -0.00214585 0.00200387 0.00590241 0.00931608 0.0120558 0.0139861 0.0150393 0.015292 0.0148003 0.0137579 0.0123716 0.010836 0.009295 0.00788846 0.0066549 0.00564598 0.00486652 0.00429582 0.00387257 0.00356811 0.0033203 0.00312607 0.00297954 0.00288128 0.00281989 0.00281689 0.00287241 0.00305686 0.00343341 0.00406735 0.00498536 0.00621171 0.00768292 0.00935381 0.011118 0.0128078 0.0141996 0.0151038 0.0152699 0.0145974 0.0130436 0.0106378 0.00749041 0.00382771 -0.000150723 -0.00414421 -0.00791191 -0.0112055 -0.0138706 -0.0157804 -0.016889 -0.0172159 -0.016883 -0.015968 -0.0146367 -0.0130501 -0.0113325 -0.00958425 -0.00789624 -0.00633334 -0.00493682 -0.00371948 -0.00267 -0.00181764 -0.00111639 -0.000558091 -0.000121698 0.0002082 0.000467203 0.000646118 0.000789564 0.000871456 0.000922996 0.000934499 0.000901686 0.000828387 0.000692156 0.000500626 0.000212725 -0.000183083 -0.000695929 -0.00135027 -0.00217357 -0.00318508 -0.00445226 -0.0059606 -0.00775002 -0.00980227 -0.0121146 -0.0146816 -0.0174507 -0.0203993 -0.0234125 -0.0264374 -0.0293746 -0.0321259 -0.0345898 -0.0366329 -0.0381448 -0.0390237 -0.0392037 -0.0386277 -0.037245 -0.0350349 -0.0319988 -0.0281592 -0.0235908 -0.0183599 -0.0125709 -0.00632868 0.000251515 0.00705005 0.0139684 0.0208531 0.0275724 0.0339676 0.0399063 0.0452818 0.0499709 0.0538802 0.056891 0.0589416 
0 -0.00154706 -0.00313213 -0.00481632 -0.00664142 -0.0087044 -0.011003 -0.01355 -0.0163355 -0.0193524 -0.0225789 -0.0259603 -0.0294593 -0.032985 -0.0364717 -0.0398236 -0.0429408 -0.0457125 -0.0480543 -0.0498878 -0.0511498 -0.0517912 -0.0517791 -0.0511217 -0.0498522 -0.0480351 -0.0456946 -0.0429343 -0.0398408 -0.0365227 -0.0330913 -0.0296482 -0.0262819 -0.0230351 -0.0199962 -0.0171952 -0.014668 -0.0124306 -0.0104905 -0.00882495 -0.00743538 -0.00627773 -0.00531784 -0.00453738 -0.00389642 -0.00339071 -0.00298478 -0.00268822 -0.00245218 -0.00227288 -0.00215366 -0.0020771 -0.00206475 -0.00212018 -0.00221723 -0.0024013 -0.00267536 -0.00305887 -0.00359311 -0.00427696 -0.00516655 -0.00625484 -0.00753967 -0.00901886 -0.0106901 -0.0125213 -0.0144197 -0.0162871 -0.0180422 -0.0195047 -0.0205247 -0.0209493 -0.0206357 -0.0194953 -0.0174715 -0.0146099 -0.0110282 -0.00687629 -0.00241378 0.00206632 0.00630871 0.0100305 0.0130138 0.0151418 0.016352 0.0166457 0.0161601 0.0150706 0.0135835 0.0119284 0.0102791 0.00873461 0.0073921 0.0062819 0.00541181 0.00476781 0.00430386 0.00395727 0.00369163 0.00347593 0.00330613 0.00318155 0.00311541 0.00310809 0.00319867 0.00343707 0.00387967 0.00459436 0.00562438 0.00695317 0.00857282 0.010399 0.0122921 0.0140877 0.0155606 0.0164515 0.016587 0.0158264 0.0140957 0.0114529 0.00803666 0.00402025 -0.000296632 -0.00461958 -0.00870007 -0.0122744 -0.015153 -0.0172209 -0.0184145 -0.0187831 -0.0184062 -0.017424 -0.016017 -0.0142867 -0.0124023 -0.0105091 -0.00867769 -0.00696515 -0.00541751 -0.00407044 -0.00294592 -0.00200179 -0.00124372 -0.000630146 -0.000151342 0.000216427 0.000506739 0.000703233 0.000837133 0.000930529 0.000970865 0.000975335 0.000931076 0.000808205 0.000626799 0.000352692 -1.01707e-05 -0.000492667 -0.00111199 -0.00191012 -0.0029056 -0.00411836 -0.0055875 -0.00732753 -0.00934529 -0.0116383 -0.0141987 -0.016967 -0.0199256 -0.0229884 -0.0260906 -0.0291402 -0.0320309 -0.0346569 -0.036906 -0.0386849 -0.0398595 -0.0403637 -0.0401548 -0.0391985 -0.0374573 -0.0349283 -0.0316042 -0.0275316 -0.0227855 -0.017457 -0.0116185 -0.00533632 0.00126314 0.00809103 0.0150008 0.0218963 0.0286405 0.0351069 0.0411629 0.0466461 0.0514618 0.0554573 0.0585689 0.0606889 
0 -0.00237802 -0.00478428 -0.00721857 -0.00969303 -0.0122469 -0.0148866 -0.0176175 -0.0204486 -0.0233843 -0.0263915 -0.0294593 -0.0325868 -0.0357319 -0.0388451 -0.0418498 -0.0446734 -0.047232 -0.049458 -0.0512833 -0.0526213 -0.0534233 -0.0536392 -0.0532529 -0.0522908 -0.0507492 -0.0486666 -0.0461065 -0.0431757 -0.0399551 -0.036523 -0.033027 -0.0295184 -0.026107 -0.0228602 -0.0198311 -0.0170534 -0.0145364 -0.0123295 -0.0104085 -0.00878972 -0.00742862 -0.00628308 -0.00534407 -0.00458318 -0.00395521 -0.00346938 -0.00309002 -0.00279914 -0.00257714 -0.00241984 -0.00232946 -0.00229446 -0.00233956 -0.00243704 -0.00263583 -0.00293768 -0.00336697 -0.00394637 -0.00471468 -0.00565969 -0.00682853 -0.00823225 -0.00985579 -0.0116682 -0.0136301 -0.0156706 -0.0177079 -0.0195867 -0.0211376 -0.0222451 -0.0226916 -0.0223464 -0.0211128 -0.0189347 -0.015844 -0.011986 -0.00752756 -0.00275777 0.00207991 0.00664826 0.010674 0.013931 0.0162566 0.0175679 0.0179455 0.017468 0.0163441 0.0147961 0.0130422 0.0112518 0.00959367 0.00813083 0.00692032 0.00597338 0.00526685 0.00473677 0.00435674 0.0040532 0.00381278 0.00362823 0.00349421 0.00341446 0.003426 0.00353577 0.00382155 0.00434072 0.00515085 0.00628153 0.00775183 0.00949442 0.0114453 0.0134643 0.0153542 0.0168669 0.0177894 0.017861 0.0169693 0.0150624 0.0121856 0.00847743 0.00418237 -0.000460094 -0.0051136 -0.00950638 -0.0133346 -0.016418 -0.0186301 -0.0199148 -0.0203068 -0.0199317 -0.0188755 -0.017341 -0.0154969 -0.013484 -0.0114262 -0.00942477 -0.0075711 -0.00591963 -0.00447055 -0.00321514 -0.002188 -0.00135294 -0.000687454 -0.000164331 0.000235203 0.000544004 0.000745006 0.000900655 0.000988717 0.00102266 0.000999962 0.000915554 0.000758729 0.00050744 0.000163377 -0.000301506 -0.000895712 -0.00164638 -0.00260935 -0.00379983 -0.00521903 -0.00692726 -0.00889568 -0.0111531 -0.0136764 -0.0164459 -0.0194078 -0.0224805 -0.0256184 -0.0287125 -0.0317086 -0.0344708 -0.0368675 -0.0388156 -0.0402188 -0.0409937 -0.0410805 -0.0404588 -0.0390958 -0.0369678 -0.0341084 -0.0305343 -0.0262799 -0.02143 -0.0160579 -0.0102321 -0.00400571 0.00252278 0.00924607 0.0160492 0.0228154 0.0294527 0.0358441 0.0418548 0.0473287 0.0521226 0.0561192 0.059225 0.0613584 
0 -0.00321939 -0.0064465 -0.00965006 -0.0127741 -0.0158407 -0.018826 -0.0217467 -0.0246206 -0.0274572 -0.0302428 -0.032985 -0.0357319 -0.0384592 -0.0411411 -0.0437354 -0.0462086 -0.048504 -0.0505673 -0.0523232 -0.0536943 -0.0546255 -0.0550571 -0.0549517 -0.0542888 -0.0530648 -0.051275 -0.0489961 -0.0462968 -0.0432337 -0.0398912 -0.0363993 -0.0328477 -0.0293116 -0.0258935 -0.0226488 -0.0196243 -0.0168523 -0.0143805 -0.012199 -0.010329 -0.00873257 -0.00738598 -0.0062879 -0.00538758 -0.00464549 -0.00403428 -0.00356155 -0.00318945 -0.0029086 -0.00271624 -0.00259373 -0.00254458 -0.00257821 -0.00266969 -0.00288358 -0.00322365 -0.00369237 -0.004319 -0.0051232 -0.00615196 -0.0074191 -0.00892517 -0.0106606 -0.0126183 -0.0147458 -0.0169358 -0.0190863 -0.0210909 -0.0227559 -0.0239226 -0.024389 -0.0240039 -0.0226738 -0.0203449 -0.0170598 -0.012952 -0.00819608 -0.00309325 0.00205187 0.00693557 0.0112524 0.0147535 0.0172819 0.0187555 0.0192001 0.01875 0.0176012 0.0159775 0.0141241 0.0122371 0.0104588 0.00889736 0.00759269 0.00655574 0.00576876 0.00518262 0.00474723 0.00441511 0.00415248 0.00395085 0.00380361 0.0037305 0.00374974 0.00390073 0.00424468 0.00483436 0.00572978 0.00697277 0.00855126 0.0104361 0.0125281 0.0146566 0.0166206 0.0181701 0.0190481 0.0190531 0.0180453 0.015956 0.0128481 0.00888074 0.00427251 -0.000671644 -0.00561891 -0.0102854 -0.0143644 -0.0176471 -0.0200036 -0.0213734 -0.0218036 -0.0213937 -0.0202768 -0.0186637 -0.0166853 -0.0145141 -0.0123083 -0.0101711 -0.00818356 -0.00640183 -0.00483937 -0.0035047 -0.00238303 -0.00147365 -0.000743286 -0.000178953 0.000248814 0.000577946 0.000795338 0.000951954 0.00104273 0.00104714 0.000979945 0.000845363 0.000625578 0.000322212 -0.000107482 -0.000675442 -0.00140544 -0.00231841 -0.00346598 -0.00485708 -0.00649968 -0.00844371 -0.0106693 -0.0131627 -0.0158924 -0.0188317 -0.0219081 -0.0250629 -0.0281994 -0.0312314 -0.0340776 -0.0366103 -0.0387018 -0.0402676 -0.0412488 -0.0415656 -0.0412006 -0.0401395 -0.0383514 -0.0358277 -0.0326412 -0.0288394 -0.0244608 -0.0195588 -0.014196 -0.00843401 -0.00233173 0.0040094 0.0105222 0.0170916 0.0236327 0.0300389 0.0362062 0.0420166 0.0473119 0.0519729 0.0558482 0.0588694 0.0609403 
0 -0.00404198 -0.00805907 -0.0119827 -0.0157322 -0.0193028 -0.0226512 -0.0257746 -0.0286959 -0.0314437 -0.0340261 -0.0364717 -0.0388451 -0.0411411 -0.0433658 -0.0455234 -0.0476157 -0.0496062 -0.0514463 -0.0530811 -0.0544431 -0.0554769 -0.0560998 -0.0562469 -0.0558855 -0.054992 -0.0535507 -0.0515974 -0.0491768 -0.046327 -0.0431327 -0.0397293 -0.0361915 -0.0325929 -0.0290409 -0.0256173 -0.0223825 -0.0193767 -0.0166513 -0.0142078 -0.0120726 -0.0102262 -0.00865321 -0.00735776 -0.00629106 -0.00540137 -0.00467119 -0.00409963 -0.00365071 -0.00330583 -0.00306017 -0.00290025 -0.00282727 -0.00284741 -0.00294073 -0.00316033 -0.00351503 -0.00401276 -0.0046863 -0.00556444 -0.0066732 -0.00803104 -0.00964345 -0.0114956 -0.0135737 -0.0158313 -0.0181659 -0.0204661 -0.0225875 -0.0243356 -0.0255517 -0.0260238 -0.0255998 -0.0241878 -0.0217261 -0.0182494 -0.0138968 -0.00886303 -0.00345941 0.00200058 0.00718592 0.0117814 0.0155271 0.0182457 0.0198539 0.0203953 0.0199937 0.0188458 0.0171804 0.0152417 0.0132391 0.0113483 0.00968055 0.00828316 0.00716783 0.00630816 0.0056528 0.00516468 0.00479108 0.00450296 0.00429116 0.00414246 0.00407358 0.00411349 0.00429667 0.00469413 0.00536374 0.00635889 0.00771685 0.00942704 0.0114357 0.0136372 0.0158535 0.0178674 0.0194261 0.0202805 0.0202076 0.0190647 0.0167902 0.0134477 0.00920861 0.00432112 -0.00090901 -0.00613932 -0.0110632 -0.0153618 -0.0188234 -0.0213184 -0.0227815 -0.0232527 -0.0228318 -0.0216462 -0.019921 -0.0178303 -0.0155436 -0.0132068 -0.0109257 -0.00880096 -0.00689752 -0.00522016 -0.00377643 -0.00257508 -0.00160509 -0.000827867 -0.00021879 0.000247584 0.000595027 0.000818502 0.000972419 0.00105119 0.00103446 0.000931172 0.000744979 0.000461739 7.05441e-05 -0.000465266 -0.00116593 -0.00204917 -0.00314149 -0.00449217 -0.00609917 -0.00796753 -0.0101449 -0.0126063 -0.0153192 -0.0182293 -0.0212927 -0.0244429 -0.0276132 -0.0307031 -0.0336003 -0.0362141 -0.038421 -0.0401146 -0.0412444 -0.0417562 -0.041584 -0.0407223 -0.0391883 -0.0369707 -0.0340771 -0.0305999 -0.0266033 -0.0221301 -0.0172189 -0.0119166 -0.00627919 -0.000375588 0.00569799 0.0118941 0.0181333 0.0243415 0.0304077 0.0362183 0.041669 0.0466396 0.0510243 0.0546778 0.0575189 0.0594629 
0 -0.00481045 -0.00955012 -0.0141183 -0.0184383 -0.0224831 -0.0261923 -0.0295292 -0.0325183 -0.0352107 -0.0376323 -0.0398236 -0.0418498 -0.0437354 -0.0455234 -0.0472591 -0.0489644 -0.0506194 -0.0521934 -0.0536646 -0.054975 -0.0560602 -0.0568209 -0.0571794 -0.0571024 -0.0565376 -0.0554567 -0.0538525 -0.0517565 -0.0491907 -0.0462219 -0.042977 -0.0395108 -0.0359129 -0.0322906 -0.0287438 -0.0253332 -0.022105 -0.0191269 -0.0164247 -0.0140289 -0.0119303 -0.0101144 -0.00858986 -0.00732582 -0.00626611 -0.00540749 -0.00472524 -0.00418425 -0.00375576 -0.00343703 -0.00323054 -0.00313001 -0.00313443 -0.00322653 -0.00344694 -0.00381311 -0.00433771 -0.00504924 -0.00599731 -0.00718879 -0.0086441 -0.0103613 -0.0123285 -0.0145345 -0.0169253 -0.0193885 -0.0218111 -0.0240326 -0.0258664 -0.0271405 -0.027625 -0.0271671 -0.0256702 -0.0230764 -0.0194171 -0.0148333 -0.00953597 -0.00385129 0.00190112 0.00736529 0.0122243 0.0162088 0.019124 0.0208772 0.021525 0.0211783 0.0200421 0.0183519 0.0163504 0.0142538 0.0122616 0.0104824 0.00897875 0.00776974 0.00683111 0.006113 0.00558534 0.00518181 0.00487153 0.00464061 0.00447812 0.00440434 0.00446725 0.00469836 0.00517004 0.00593534 0.00703568 0.00849907 0.0103259 0.0124451 0.014747 0.0170433 0.0190959 0.0206422 0.0214472 0.0212748 0.0199886 0.0175323 0.0139673 0.00946988 0.00431629 -0.00118807 -0.0066844 -0.0118495 -0.0163565 -0.0199841 -0.0225972 -0.024137 -0.0246362 -0.0242066 -0.0229755 -0.0211637 -0.0189689 -0.0165587 -0.0140864 -0.0116683 -0.00940775 -0.00737642 -0.00558565 -0.00404075 -0.00276749 -0.00173535 -0.000911521 -0.000259447 0.000245313 0.000613003 0.00084192 0.000984502 0.00103464 0.000986061 0.00083922 0.000593934 0.000235353 -0.000267719 -0.000934777 -0.00178943 -0.0028372 -0.00411761 -0.00568467 -0.00753131 -0.00964668 -0.012058 -0.0147266 -0.0176163 -0.0206635 -0.0238093 -0.0269851 -0.0300973 -0.033052 -0.0357219 -0.0380213 -0.0398304 -0.0410637 -0.0417075 -0.0417157 -0.0410358 -0.0396619 -0.0376432 -0.0350059 -0.0317839 -0.0280655 -0.0239089 -0.0193568 -0.0144591 -0.00926647 -0.00382699 0.00180098 0.0075411 0.013346 0.0191641 0.0249258 0.0305322 0.035865 0.0408293 0.0453457 0.0493231 0.0526465 0.0552233 0.0569882 
0 -0.00547593 -0.0108359 -0.0159672 -0.0207812 -0.0252493 -0.029288 -0.0328468 -0.0359447 -0.0386344 -0.0409535 -0.0429408 -0.0446734 -0.0462086 -0.0476157 -0.0489644 -0.0502925 -0.0516012 -0.0528968 -0.0541653 -0.0553715 -0.0564357 -0.0572721 -0.0578125 -0.0579841 -0.0577361 -0.0569883 -0.055753 -0.0540255 -0.0518034 -0.0491365 -0.0460938 -0.0427724 -0.0392333 -0.0356102 -0.0319906 -0.0284349 -0.0250139 -0.0218 -0.0188495 -0.0161956 -0.0138316 -0.0117614 -0.0100004 -0.00851444 -0.00727945 -0.0062524 -0.00544037 -0.00478369 -0.0042597 -0.00386918 -0.00359997 -0.00345925 -0.00343212 -0.00351118 -0.00373811 -0.00413358 -0.00469156 -0.00545392 -0.00644 -0.0077106 -0.00925593 -0.0110718 -0.0131529 -0.0154926 -0.0180174 -0.0206076 -0.0231271 -0.0254535 -0.027383 -0.0286951 -0.0291929 -0.0286955 -0.0271031 -0.0243724 -0.0205462 -0.0157525 -0.0102251 -0.00427389 0.0017314 0.00747161 0.0125956 0.0168106 0.0199207 0.0218443 0.0225844 0.0223119 0.0212076 0.0194995 0.017444 0.015282 0.0131804 0.0113033 0.00970223 0.00839556 0.00736972 0.00659433 0.00600361 0.0055698 0.00523916 0.00499126 0.00482272 0.0047675 0.00484686 0.00513677 0.00568522 0.00653987 0.00774311 0.00932684 0.0112503 0.0134826 0.0158787 0.0182311 0.0203024 0.0218364 0.0225494 0.0222667 0.0208266 0.0181723 0.0143854 0.009664 0.00425323 -0.00149131 -0.00723311 -0.0126199 -0.0173333 -0.0211224 -0.0238453 -0.0254512 -0.0259891 -0.0255336 -0.0242612 -0.0223868 -0.020085 -0.0175482 -0.0149405 -0.0123937 -0.0100106 -0.00785929 -0.00596259 -0.00433973 -0.00296972 -0.00186523 -0.000977373 -0.000286267 0.000241234 0.000616306 0.000848363 0.000969596 0.000998418 0.000902273 0.000694582 0.000374211 -8.63288e-05 -0.000696932 -0.00151426 -0.00253111 -0.00376898 -0.00526234 -0.00705822 -0.00914981 -0.0115177 -0.0141471 -0.0170073 -0.0200296 -0.0231642 -0.0263476 -0.0294805 -0.0324752 -0.0351857 -0.0375384 -0.039437 -0.0407918 -0.0415324 -0.0416384 -0.0411117 -0.0398999 -0.0380297 -0.0355536 -0.0325285 -0.0290183 -0.0250988 -0.0208198 -0.0162212 -0.0113646 -0.00632709 -0.00114881 0.00413893 0.00948332 0.0148463 0.0201551 0.0253647 0.0303855 0.0351289 0.0395148 0.0434688 0.046939 0.0498209 0.0520663 0.0536055 
0 -0.0059941 -0.0118577 -0.0174507 -0.0226859 -0.0274979 -0.0318237 -0.0356044 -0.03885 -0.0415938 -0.0438633 -0.0457125 -0.047232 -0.048504 -0.0496062 -0.0506194 -0.0516012 -0.0525984 -0.0536166 -0.0546715 -0.0557142 -0.0567009 -0.0575676 -0.0582316 -0.0586251 -0.0586276 -0.0582078 -0.0573242 -0.055976 -0.0541277 -0.0517828 -0.0490246 -0.0458982 -0.0425016 -0.0389249 -0.0352773 -0.0316331 -0.0280694 -0.0246643 -0.0214896 -0.0185692 -0.0159394 -0.0136115 -0.0116012 -0.00989896 -0.00843909 -0.00723797 -0.0062529 -0.00547043 -0.00484982 -0.00437382 -0.00404301 -0.00384357 -0.00376617 -0.00383571 -0.00406281 -0.00447056 -0.00506616 -0.00586141 -0.00692164 -0.00824277 -0.00986447 -0.0117868 -0.0139925 -0.0164427 -0.0190797 -0.0217886 -0.0244463 -0.0268533 -0.028841 -0.0302004 -0.0306911 -0.0301477 -0.0284781 -0.0256283 -0.0216365 -0.0166488 -0.0109057 -0.00472969 0.00154184 0.00752555 0.0128876 0.0173371 0.0206449 0.0227101 0.0236021 0.0234114 0.0223436 0.0206431 0.0185457 0.0162906 0.0141219 0.0121467 0.0104531 0.00906442 0.0079551 0.00708523 0.00644273 0.00595505 0.00559843 0.00535035 0.00519964 0.00515644 0.00529011 0.00562584 0.00623793 0.00718529 0.00849476 0.010175 0.0122372 0.0145658 0.0170326 0.0194342 0.021499 0.0229608 0.0236064 0.0231873 0.0215773 0.0187396 0.0147413 0.00977569 0.00415087 -0.00182377 -0.00778729 -0.0133819 -0.0182678 -0.0221975 -0.0250324 -0.0267142 -0.0272733 -0.0268279 -0.0255164 -0.0235395 -0.0211509 -0.0185154 -0.0157894 -0.013105 -0.0105971 -0.00834567 -0.00635985 -0.00462333 -0.00318155 -0.00199778 -0.00106261 -0.000330821 0.000219432 0.000587901 0.000811136 0.000920588 0.000911548 0.000773007 0.000487372 5.9945e-05 -0.000504618 -0.00126172 -0.002217 -0.00342224 -0.00487029 -0.00660181 -0.00864099 -0.0109622 -0.0135451 -0.0163657 -0.0193758 -0.0225062 -0.0256804 -0.0288209 -0.0318496 -0.0346227 -0.03704 -0.0389875 -0.0404277 -0.041283 -0.0414908 -0.0410541 -0.0399523 -0.0382148 -0.0358627 -0.0329801 -0.0296198 -0.0258526 -0.0217618 -0.017396 -0.012803 -0.00804516 -0.00320534 0.00167302 0.00657104 0.0114732 0.016322 0.0210608 0.0256218 0.0299642 0.0340292 0.0377509 0.0410815 0.0439484 0.0463233 0.0481584 0.049429 
