0 0 0 0 0 0 0 0 0 0 0 0 0 0 0 0 0 0 0 0 0 0 0 0 0 0 0 0 0 0 0 0 0 0 0 0 0 0 0 0 0 0 0 0 0 0 0 0 0 0 0 0 0 0 0 0 0 0 0 0 0 0 0 0 0 0 0 0 0 0 0 0 0 0 0 0 0 0 0 0 0 0 0 0 0 0 0 0 0 0 0 0 0 0 0 0 0 0 0 0 0 0 0 0 0 0 0 0 0 0 0 0 0 0 0 0 0 0 0 0 0 0 0 0 0 0 0 0 0 0 0 0 0 0 0 0 0 0 0 0 0 0 0 0 0 0 0 0 0 0 0 0 0 0 0 0 0 0 0 0 0 0 0 0 0 0 0 0 0 0 0 0 0 0 0 0 0 0 0 0 0 0 0 0 0 0 0 0 0 0 0 0 0 0 0 0 0 0 0 0 
0 4.04331e-06 3.91631e-05 8.00913e-05 0.000109865 0.000117384 0.000134911 0.000169342 0.000222786 0.000264981 0.000278334 0.000305931 0.000361007 0.000434488 0.000489938 0.000540434 0.000601507 0.000694031 0.000825537 0.000961961 0.00109869 0.00125662 0.00147087 0.00172674 0.0020077 0.00229362 0.0025866 0.00289396 0.00321097 0.00350544 0.00373421 0.00387442 0.00390332 0.00383285 0.00362961 0.00327529 0.00274913 0.00205483 0.00121037 0.0002522 -0.000767818 -0.00183781 -0.0029243 -0.00398741 -0.00497667 -0.0058392 -0.00653444 -0.007047 -0.00734465 -0.00743893 -0.00732602 -0.0070192 -0.00652424 -0.00586177 -0.00508032 -0.0042182 -0.00333338 -0.00245608 -0.00163462 -0.000910384 -0.000300221 0.000176466 0.00050203 0.000711458 0.000807494 0.000819688 0.000766161 0.000679482 0.000584432 0.000483028 0.000380497 0.000297753 0.000231352 0.000184903 0.000160966 0.000143781 0.000130901 0.000122303 0.000107777 8.74638e-05 8.13877e-05 7.94057e-05 8.38094e-05 8.45618e-05 8.1647e-05 7.72625e-05 7.60538e-05 7.32277e-05 7.34763e-05 6.53858e-05 6.79973e-05 6.62538e-05 6.37899e-05 6.70736e-05 6.67305e-05 6.28176e-05 7.04192e-05 6.31166e-05 6.46871e-05 6.92746e-05 6.6796e-05 6.95994e-05 7.48309e-05 6.87037e-05 7.62879e-05 7.65217e-05 7.74801e-05 8.26603e-05 8.49825e-05 8.41584e-05 9.13088e-05 9.51608e-05 0.000105719 0.000109911 0.000112847 0.000111405 0.000117404 0.000130716 0.000145641 0.000156047 0.000173611 0.000186229 0.000199396 0.000206088 0.000202635 0.000197457 0.000205296 0.000216711 0.000232157 0.000264362 0.000309179 0.000370186 0.000450306 0.000539985 0.000629337 0.000699068 0.000713798 0.000655452 0.000479975 0.00018986 -0.000236781 -0.000805863 -0.00149113 -0.00227443 -0.0031414 -0.00403017 -0.00489054 -0.00565707 -0.00630515 -0.00680426 -0.00711889 -0.00723864 -0.00715198 -0.00686148 -0.00634932 -0.00564335 -0.00478314 -0.00380824 -0.00275787 -0.00167812 -0.000596966 0.000433766 0.00138965 0.0022267 0.00291252 0.00344018 0.00380678 0.00402411 0.00409706 0.00405989 0.0039155 0.00369152 0.00341687 0.00311854 0.00280841 0.00250706 0.00222535 0.00196642 0.00173651 0.00153037 0.00136271 0.00122312 0.00111159 0.00100857 0.000922672 0.0008528 0.000798036 0.000764574 0.00072339 0.000679331 0.000640202 0.000628225 0.000618586 0.000598439 0.000577282 0.000556153 0.000557305 0.000565186 0.000565595 0.000544774 
0 3.91631e-05 9.73054e-05 0.000164694 0.000207849 0.000259437 0.000307344 0.000366032 0.000440311 0.0005083 0.000566978 0.00063086 0.00073655 0.000843537 0.000952429 0.00108146 0.00122944 0.00141863 0.00164944 0.00192111 0.00221354 0.00256214 0.00299232 0.00347731 0.00401712 0.0045892 0.00518861 0.00580499 0.00640844 0.00696129 0.00739731 0.00767343 0.00774503 0.00758458 0.00716307 0.00642295 0.00537341 0.00400946 0.00234864 0.000467355 -0.00157189 -0.00369608 -0.00585064 -0.00793409 -0.00986928 -0.011573 -0.0129612 -0.0139799 -0.0145841 -0.0147763 -0.0145672 -0.0139521 -0.012966 -0.0116909 -0.0101625 -0.00845699 -0.00667344 -0.00492737 -0.00329947 -0.00185064 -0.00062722 0.000314865 0.000989505 0.00141296 0.00160739 0.00162818 0.0015245 0.00135252 0.00114859 0.00095468 0.00077092 0.000609195 0.000491988 0.000409532 0.000329847 0.000285486 0.000248103 0.000228273 0.000209826 0.000191966 0.000181903 0.000180403 0.00017567 0.000175949 0.000153341 0.000151389 0.000153146 0.0001464 0.00014776 0.000144233 0.00013179 0.000139723 0.000134719 0.000130833 0.000133986 0.000132634 0.000130071 0.000133991 0.000133586 0.000135516 0.000139352 0.000143649 0.000139085 0.000146138 0.000151124 0.000151342 0.00016374 0.000170279 0.000166966 0.000181523 0.000179812 0.000188733 0.000210318 0.000214781 0.000219848 0.000235932 0.0002472 0.000283442 0.000304861 0.000318797 0.0003312 0.000353604 0.000388342 0.00041703 0.000422683 0.000437275 0.00043052 0.00043944 0.000466726 0.000515171 0.000606035 0.000746753 0.000903109 0.00108242 0.00126343 0.00139994 0.00142112 0.00128625 0.000946589 0.000354543 -0.000506992 -0.00164164 -0.0030201 -0.00460389 -0.00631066 -0.00805005 -0.00972682 -0.0112658 -0.0125564 -0.0135353 -0.0141551 -0.0143794 -0.0141964 -0.0136027 -0.0125863 -0.0112051 -0.00951224 -0.00757519 -0.00549319 -0.00334181 -0.00122088 0.000815309 0.00269259 0.00435021 0.00572197 0.0067694 0.00751014 0.00793862 0.0081003 0.00804515 0.00778155 0.00735392 0.0068161 0.00622985 0.00563101 0.00504274 0.00449059 0.00396501 0.00349598 0.00308773 0.00274676 0.00247055 0.00222093 0.00201187 0.00183935 0.00170848 0.00160163 0.00151322 0.00144103 0.00135979 0.00131067 0.00127805 0.00124539 0.00120756 0.00117515 0.00115532 0.00113088 0.00113152 0.00111942 0.00109738 
0 8.00913e-05 0.000164694 0.000220785 0.000295193 0.000385626 0.000490849 0.000561792 0.000642688 0.000750232 0.000858117 0.00099259 0.00112467 0.0012689 0.00142743 0.00165212 0.00190725 0.00217877 0.00251299 0.00290877 0.00338223 0.00393157 0.00457536 0.00527798 0.00606029 0.00691317 0.0078118 0.00870895 0.00956393 0.0103248 0.0109256 0.0113121 0.011386 0.0111288 0.0104484 0.00932809 0.00775692 0.00575252 0.0033346 0.000567721 -0.00241673 -0.0055502 -0.00870561 -0.0117591 -0.0145911 -0.0170829 -0.0191294 -0.0206676 -0.0215885 -0.0219027 -0.0216022 -0.0207304 -0.019317 -0.0174242 -0.0151719 -0.0126602 -0.0100503 -0.0074506 -0.00501242 -0.00285886 -0.00104146 0.000388309 0.00138741 0.00203975 0.00235171 0.00240018 0.00224396 0.00198397 0.00170057 0.00141365 0.00113681 0.000914214 0.000730163 0.000587961 0.000495485 0.000424603 0.000375322 0.000350542 0.000320528 0.000279618 0.000271061 0.000265491 0.000267728 0.000257631 0.000239391 0.000225462 0.000225843 0.000223602 0.000227508 0.000207698 0.000210936 0.000204431 0.000196461 0.000203441 0.000203301 0.000194361 0.000212551 0.000194645 0.000198043 0.000209372 0.000204701 0.00021276 0.000226061 0.000212269 0.000231282 0.000232751 0.000238017 0.000254106 0.000262958 0.000263245 0.000278877 0.000285481 0.000310513 0.000323362 0.000339253 0.000349429 0.000377142 0.000418743 0.000454705 0.000471889 0.000506462 0.000537187 0.000581348 0.000618358 0.00062986 0.000629156 0.000645405 0.000660446 0.000686251 0.000766047 0.000898563 0.00109029 0.00133611 0.0016031 0.00185677 0.00204135 0.00206307 0.0018687 0.00133694 0.000455435 -0.000841477 -0.00256403 -0.00462606 -0.00695371 -0.00948681 -0.0120616 -0.0145479 -0.0167768 -0.0186668 -0.0201155 -0.0210083 -0.0213062 -0.0209907 -0.0200915 -0.0185838 -0.0165416 -0.0140556 -0.0112226 -0.00816002 -0.00501394 -0.0018854 0.0010859 0.00383912 0.00626707 0.00828285 0.00985621 0.0109698 0.0116491 0.0119168 0.01187 0.0115182 0.0109271 0.0101729 0.00933725 0.00846449 0.00760586 0.00678353 0.00600873 0.00531475 0.00470073 0.00419336 0.0037525 0.00337982 0.00305411 0.002806 0.00260723 0.00242568 0.00228679 0.00216045 0.00206662 0.00198528 0.00192899 0.00185754 0.00179609 0.00177641 0.00174439 0.00171111 0.00167756 0.0016716 0.00165886 
0 0.000109865 0.000207849 0.000295193 0.000380649 0.000519338 0.000647459 0.00074905 0.000862624 0.00100656 0.00117327 0.00134144 0.00153455 0.00172505 0.00195903 0.00226879 0.00261017 0.00298769 0.00343236 0.00398342 0.00462111 0.00536236 0.00621331 0.00713849 0.00816853 0.00928291 0.0104414 0.0115846 0.0126479 0.0135828 0.0142998 0.014724 0.0147589 0.0143379 0.013404 0.0118845 0.00981277 0.00719615 0.00405913 0.000508428 -0.00334905 -0.00738052 -0.0114599 -0.0154004 -0.0190616 -0.0223025 -0.0249806 -0.0269932 -0.0282468 -0.02872 -0.028407 -0.027295 -0.0254492 -0.0230198 -0.0200996 -0.0168338 -0.0134078 -0.0100246 -0.00684178 -0.00398445 -0.00155102 0.000349989 0.00172134 0.00259403 0.00301581 0.00309232 0.00292015 0.00260578 0.00222403 0.0018474 0.00148855 0.00117593 0.000946823 0.000786492 0.000648316 0.000570393 0.000506531 0.000465285 0.00042172 0.000377541 0.000352822 0.000347759 0.000342441 0.000342252 0.000308535 0.000303761 0.00030512 0.000293129 0.000291485 0.000281465 0.000263098 0.000274064 0.000266692 0.000261201 0.000264492 0.000261428 0.000259776 0.000265302 0.000266683 0.000271587 0.000276862 0.000283274 0.000278249 0.000288922 0.000300203 0.000303278 0.000322816 0.000334936 0.000333345 0.00035732 0.000361225 0.000380295 0.000418526 0.000430387 0.000441019 0.000466199 0.000489353 0.000552892 0.000599072 0.000635143 0.000670095 0.000715971 0.000775534 0.000818058 0.00082135 0.000836468 0.000827929 0.00084862 0.000905939 0.00100652 0.0011814 0.00143996 0.00173446 0.00207021 0.0024056 0.00264822 0.00266156 0.00235726 0.00164043 0.000430933 -0.00130388 -0.00356279 -0.006279 -0.00936778 -0.01268 -0.0160389 -0.0192613 -0.0221892 -0.0246284 -0.0264567 -0.0275777 -0.0279225 -0.027472 -0.0262361 -0.0242252 -0.021558 -0.0183401 -0.0146868 -0.010757 -0.00668818 -0.00265972 0.00120097 0.00475233 0.00788587 0.0105097 0.0125797 0.0141107 0.0150652 0.0154894 0.0154738 0.0150685 0.0143705 0.0134647 0.0124303 0.0113167 0.0101866 0.00911497 0.00811327 0.00721699 0.00641062 0.00570124 0.00510339 0.00458801 0.00417261 0.00382932 0.00353866 0.00327997 0.00307353 0.00292509 0.00278127 0.00267198 0.00257179 0.00247689 0.00240631 0.00236861 0.00233661 0.00227339 0.00224546 0.00222999 0.00222339 
0 0.000117384 0.000259437 0.000385626 0.000519338 0.000657041 0.000807862 0.000944919 0.00111294 0.0013061 0.00148576 0.00169706 0.00194003 0.00222112 0.002529 0.00291189 0.00334598 0.00383762 0.00444142 0.00514875 0.00596174 0.0068861 0.00794619 0.00910016 0.0103608 0.0117013 0.013072 0.0144 0.0156232 0.0166664 0.0174332 0.0178413 0.017766 0.0171671 0.0159332 0.0140348 0.0114753 0.00828995 0.00451494 0.000238672 -0.00437804 -0.00922241 -0.0141096 -0.0188434 -0.0232451 -0.0271468 -0.0303975 -0.0328925 -0.03448 -0.0351341 -0.0348161 -0.0335517 -0.031391 -0.0284549 -0.0249264 -0.0209736 -0.0168293 -0.0126788 -0.00874477 -0.00521474 -0.00219956 0.000197108 0.00191056 0.00303225 0.00359776 0.00372739 0.00352962 0.00315288 0.00271312 0.0022602 0.00182397 0.00146333 0.00117442 0.00095839 0.000814772 0.000712897 0.000639615 0.000592024 0.000534691 0.000467998 0.000445255 0.00043616 0.000438135 0.000426028 0.00039916 0.000380725 0.00037913 0.000372143 0.000371146 0.000345935 0.000344982 0.000339947 0.000331879 0.000337323 0.000336526 0.00032639 0.000343911 0.000327403 0.000332453 0.000345862 0.000343629 0.000353445 0.000368077 0.000359056 0.000383255 0.000388569 0.000398959 0.000418915 0.000431688 0.000440171 0.000463031 0.000480442 0.000519584 0.000542267 0.000566508 0.000586508 0.000626491 0.000689795 0.000748866 0.000788901 0.000847772 0.000902757 0.000967303 0.0010142 0.00102287 0.00101868 0.00103344 0.00105853 0.0011111 0.00123824 0.00144587 0.00174137 0.00211166 0.00252031 0.00290869 0.00317349 0.00316131 0.00276602 0.00182612 0.000302738 -0.00187864 -0.00471403 -0.00807875 -0.0118485 -0.0159 -0.0199939 -0.0239129 -0.0274063 -0.0303211 -0.0325042 -0.0338004 -0.0341427 -0.0335096 -0.0319497 -0.0294761 -0.0262228 -0.0223346 -0.0179501 -0.0132279 -0.00835819 -0.00350681 0.00111726 0.00538778 0.00915829 0.0123344 0.0148942 0.0168137 0.0180789 0.018693 0.0187769 0.0183909 0.0176521 0.0166576 0.015483 0.014177 0.0128312 0.01153 0.0103172 0.0092176 0.00820401 0.00730634 0.00652322 0.00587764 0.0053369 0.0048923 0.00450135 0.00415733 0.00390867 0.00370627 0.00352871 0.00336171 0.00324159 0.00313459 0.00304632 0.00299061 0.00292087 0.00286541 0.00283093 0.00281732 0.00278572 
0 0.000134911 0.000307344 0.000490849 0.000647459 0.000807862 0.000972779 0.00115902 0.00137982 0.00160607 0.00182434 0.00207328 0.00239571 0.00275207 0.00314498 0.00361336 0.00415449 0.00478872 0.00554047 0.00641573 0.00739996 0.00851947 0.00978589 0.0111507 0.0126146 0.0141442 0.0156814 0.0171483 0.0184595 0.0195398 0.0202835 0.0205979 0.0203698 0.0195199 0.0179729 0.0156735 0.0126629 0.00896998 0.00463022 -0.000249854 -0.00553203 -0.0110538 -0.0166269 -0.0220219 -0.0270562 -0.0315572 -0.0353497 -0.038284 -0.0402141 -0.0410715 -0.0408155 -0.0394314 -0.0369967 -0.033683 -0.0296436 -0.0250742 -0.0202315 -0.0153837 -0.0107713 -0.00659156 -0.00299694 -0.000130458 0.00197312 0.00335112 0.00406802 0.0042591 0.00406706 0.0036508 0.00313716 0.00262034 0.00213558 0.00172034 0.00140208 0.00116388 0.000972262 0.000847803 0.000755846 0.00069417 0.000635079 0.000577439 0.000546974 0.000536168 0.000524732 0.000508499 0.00046747 0.00045407 0.000454383 0.000445349 0.000440439 0.000423136 0.000405876 0.000410514 0.000403335 0.000399696 0.000400759 0.000396188 0.000397344 0.000398454 0.000401593 0.000409932 0.000416119 0.000424996 0.000427359 0.000437993 0.000455354 0.000463868 0.000484204 0.000502275 0.000511104 0.000537089 0.000551949 0.000576968 0.000620552 0.000645506 0.000672201 0.000712455 0.000760628 0.000841357 0.000905053 0.000952321 0.0010015 0.00106326 0.00114237 0.00120334 0.00122163 0.00123438 0.00122637 0.00123994 0.00129987 0.00143354 0.00167564 0.00203018 0.00245055 0.00291355 0.00335019 0.00362788 0.00356644 0.00302857 0.00187632 1.1476e-05 -0.0026151 -0.00598298 -0.0099712 -0.0144273 -0.0191478 -0.0238834 -0.0283869 -0.032422 -0.0357497 -0.0381892 -0.0395946 -0.0398824 -0.0390494 -0.0371449 -0.0342306 -0.0304628 -0.0259881 -0.0209558 -0.015559 -0.00999454 -0.00448365 0.000790589 0.00566696 0.0100106 0.0137151 0.0167273 0.0190375 0.0206047 0.0214682 0.0217285 0.0214507 0.0207406 0.0197012 0.0184325 0.0170079 0.0155151 0.0140401 0.0126205 0.0113038 0.0100953 0.00901781 0.00808218 0.00726798 0.00658092 0.00600579 0.00552139 0.00511044 0.00478498 0.00452361 0.00427958 0.004086 0.00394086 0.0038169 0.00370439 0.00361107 0.00353278 0.00346533 0.00344014 0.0034075 0.00335862 
0 0.000169342 0.000366032 0.000561792 0.00074905 0.000944919 0.00115902 0.00138509 0.00163818 0.00190887 0.00218841 0.00251668 0.00290661 0.00333967 0.00382213 0.00440033 0.00507343 0.00584898 0.00675637 0.00779533 0.00896265 0.0102741 0.0117342 0.0132925 0.0149285 0.0166007 0.0182443 0.0197746 0.0211053 0.0221445 0.0227837 0.0229261 0.0224616 0.0213266 0.0194414 0.0167735 0.0133482 0.00920335 0.00438605 -0.000998658 -0.00679455 -0.012847 -0.0189568 -0.0248985 -0.0304708 -0.0354837 -0.0397505 -0.043105 -0.0453715 -0.046459 -0.0463037 -0.0448942 -0.0422925 -0.0386526 -0.0341718 -0.0290746 -0.0236438 -0.0181599 -0.0129044 -0.00811691 -0.00397726 -0.000637055 0.00183369 0.00348359 0.00438087 0.00466557 0.00449831 0.00406379 0.0035128 0.00294067 0.00239926 0.00194022 0.00157945 0.00130938 0.00111471 0.000982452 0.000888058 0.000818414 0.000744519 0.000670286 0.000632138 0.000615909 0.000605906 0.000584901 0.000549194 0.000530389 0.000528359 0.000521401 0.000513448 0.000490671 0.000478394 0.000474653 0.000468024 0.000467442 0.000466634 0.000461588 0.000468552 0.000464159 0.00046946 0.000480509 0.000485341 0.000494583 0.000504211 0.000509956 0.000531158 0.000543458 0.000561405 0.000583243 0.000601497 0.000624215 0.000649458 0.000678025 0.00072212 0.000755023 0.000789595 0.000830534 0.000888818 0.000971954 0.00104803 0.00110811 0.0011755 0.001247 0.00132444 0.00137852 0.00139015 0.00138614 0.0013837 0.00140095 0.00146565 0.00161856 0.0018843 0.00226509 0.00272861 0.00323104 0.003686 0.00394566 0.00381752 0.00313848 0.00174315 -0.000457474 -0.00352162 -0.00741456 -0.0119839 -0.0170437 -0.0223798 -0.0277078 -0.0327412 -0.037193 -0.0408282 -0.0434483 -0.0448872 -0.045068 -0.0440026 -0.0417686 -0.0384495 -0.0342105 -0.0292231 -0.0236585 -0.0177168 -0.0116173 -0.00557481 0.000210344 0.00559048 0.0104211 0.0145856 0.0180219 0.0206983 0.0225968 0.0237519 0.0242585 0.0241662 0.0235612 0.0225531 0.0212618 0.019784 0.0182092 0.0166034 0.0150109 0.0134955 0.0121005 0.0108644 0.00977108 0.00879463 0.00793687 0.00722478 0.00664197 0.0061493 0.0057353 0.00537672 0.00507332 0.00484012 0.00466453 0.00449817 0.00434562 0.00423444 0.00414658 0.00407624 0.00403093 0.00399468 0.0039527 
0 0.000222786 0.000440311 0.000642688 0.000862624 0.00111294 0.00137982 0.00163818 0.00191701 0.00223817 0.00259465 0.00300197 0.00345958 0.00397654 0.00457036 0.00527361 0.00608504 0.00701342 0.00809124 0.0093097 0.0106596 0.0121487 0.0137811 0.0155105 0.0172848 0.0190446 0.0207205 0.0222385 0.0235153 0.0244429 0.0249014 0.0247898 0.024025 0.0225635 0.0203412 0.0173275 0.0135288 0.0089859 0.00376839 -0.00200563 -0.00817892 -0.0146111 -0.0211173 -0.027484 -0.0334938 -0.0389363 -0.0436097 -0.04733 -0.0499187 -0.051259 -0.0512602 -0.0498893 -0.0471978 -0.0433323 -0.0385082 -0.0329716 -0.0270284 -0.0209861 -0.0151513 -0.00979177 -0.00512454 -0.00132221 0.00152382 0.00344987 0.00453698 0.00493409 0.00482247 0.00439724 0.00382518 0.00321235 0.00262944 0.00213489 0.00174743 0.00145978 0.00125904 0.00111777 0.00101748 0.000935746 0.000850717 0.00076919 0.000723315 0.000702264 0.000690344 0.000664886 0.000631431 0.000608831 0.000602231 0.000594328 0.000581903 0.000559171 0.000548647 0.000542453 0.000537289 0.000535116 0.000531138 0.000526342 0.000532378 0.00053075 0.000538631 0.00055044 0.000555983 0.00056345 0.000574121 0.000582643 0.00060565 0.00062403 0.00064313 0.000665748 0.000688284 0.000711524 0.000743049 0.000778519 0.000825334 0.000867029 0.000908413 0.00095476 0.00102224 0.00110831 0.00119354 0.001265 0.00134215 0.0014226 0.00150143 0.00155091 0.00155784 0.00153994 0.00152996 0.00154356 0.00161345 0.0017795 0.00206311 0.00246258 0.00295119 0.00347387 0.0039331 0.00415916 0.00394161 0.00308958 0.00143238 -0.00112019 -0.00461299 -0.00899237 -0.0140953 -0.0197107 -0.0255932 -0.0314292 -0.0368992 -0.0416843 -0.0455311 -0.0482305 -0.0496292 -0.049667 -0.0483685 -0.0458182 -0.0421263 -0.0374705 -0.0320511 -0.026065 -0.0197174 -0.0132262 -0.0067921 -0.000611339 0.00516603 0.0103888 0.0149375 0.0187487 0.0217862 0.0240387 0.0255292 0.026326 0.026476 0.0260573 0.0251805 0.0239621 0.0224991 0.0208835 0.0191879 0.0174768 0.0158138 0.0142525 0.0128375 0.0115651 0.0104243 0.00941256 0.00855714 0.00784412 0.00724098 0.006731 0.00629195 0.00593124 0.0056466 0.00541932 0.00520858 0.00502907 0.00490535 0.00480535 0.00471387 0.00463833 0.00459308 0.00456387 
0 0.000264981 0.0005083 0.000750232 0.00100656 0.0013061 0.00160607 0.00190887 0.00223817 0.00261719 0.00305007 0.0035233 0.00406788 0.00468729 0.00541319 0.00624975 0.00720612 0.00830446 0.00955637 0.0109609 0.0124903 0.0141507 0.0159284 0.0177806 0.0196356 0.0214243 0.0230695 0.0245033 0.0256332 0.0263573 0.0265589 0.0261376 0.0250457 0.0232268 0.0206638 0.0173117 0.0131908 0.00833324 0.00281602 -0.00322688 -0.0096674 -0.0163501 -0.0231216 -0.0297774 -0.0361039 -0.0418861 -0.0469076 -0.0509493 -0.0538448 -0.0554367 -0.0556317 -0.0543594 -0.0516649 -0.0476946 -0.0426327 -0.0367508 -0.030364 -0.023834 -0.0174841 -0.0116024 -0.00644693 -0.00221765 0.00101235 0.00322543 0.00452281 0.00505167 0.00501557 0.00461766 0.00403776 0.0034112 0.00281964 0.00230492 0.00190697 0.00161178 0.00138766 0.00123739 0.00112965 0.00103794 0.00095227 0.000878885 0.00082356 0.000799735 0.000776812 0.000747473 0.000708213 0.000686976 0.000676991 0.000668474 0.000650823 0.000635537 0.000613978 0.000612258 0.000609368 0.000603139 0.000600986 0.000601981 0.000593006 0.000602254 0.000606189 0.000613861 0.000627774 0.000637726 0.000642883 0.000667431 0.000682726 0.00070423 0.000728081 0.000749478 0.000772043 0.000807912 0.000836716 0.000881236 0.000929618 0.000978537 0.00102523 0.00108778 0.00116344 0.00125768 0.00134463 0.00142518 0.0014959 0.00157964 0.00166058 0.00170953 0.00171588 0.00170067 0.0016686 0.00166696 0.001732 0.00189035 0.00218211 0.00260311 0.00310797 0.00363665 0.00407513 0.00423558 0.00389834 0.00284553 0.000932432 -0.00197154 -0.00587879 -0.0107122 -0.0163082 -0.0224318 -0.0287779 -0.0350231 -0.0408117 -0.0458385 -0.0498048 -0.0524999 -0.0538 -0.0536526 -0.0521103 -0.0492557 -0.0452392 -0.0402454 -0.034487 -0.0281805 -0.0215463 -0.0147836 -0.00810125 -0.00165103 0.00439893 0.00991511 0.0147789 0.0189126 0.0222957 0.0248984 0.0267527 0.0278801 0.0283343 0.0281824 0.0275262 0.0264686 0.0250973 0.0234999 0.0217719 0.0199967 0.0182367 0.0165408 0.0149407 0.0134823 0.0121712 0.0110254 0.0100223 0.00915066 0.00840973 0.00779237 0.00729257 0.00686278 0.00650854 0.00620633 0.00595911 0.00576532 0.00561207 0.00548771 0.0053643 0.00527722 0.00521694 0.00518774 
0 0.000278334 0.000566978 0.000858117 0.00117327 0.00148576 0.00182434 0.00218841 0.00259465 0.00305007 0.00354885 0.00412058 0.00476227 0.00551271 0.00637332 0.00735845 0.00848441 0.00974865 0.0111678 0.012732 0.0144419 0.0162623 0.0181467 0.0200553 0.02192 0.0236787 0.0252453 0.026518 0.0274135 0.0278345 0.0277072 0.0269478 0.0254969 0.023324 0.0203926 0.0167297 0.0123354 0.00725649 0.00156544 -0.00464225 -0.0112211 -0.0180433 -0.0249466 -0.0317667 -0.0382971 -0.0443218 -0.0496215 -0.053969 -0.0571481 -0.0589967 -0.0593923 -0.0582884 -0.0556915 -0.0516775 -0.0464708 -0.0403436 -0.0336265 -0.0266776 -0.0198705 -0.0135406 -0.00796074 -0.0033158 0.000257753 0.00277242 0.00430566 0.0049958 0.00505338 0.00470543 0.00415643 0.00353215 0.0029331 0.00242601 0.00201352 0.0017013 0.00149612 0.00133802 0.00123272 0.00114494 0.00105602 0.000974898 0.000920423 0.000883461 0.000858507 0.000817542 0.000788601 0.000758618 0.000747105 0.000743736 0.000726222 0.000701659 0.000692314 0.000673417 0.00067132 0.000672703 0.000668273 0.000666152 0.00067093 0.000665041 0.000672673 0.000685253 0.000695025 0.000706237 0.000727307 0.000737317 0.000760088 0.000785259 0.000803198 0.000830668 0.000868955 0.000893909 0.000940032 0.000984592 0.00102991 0.00108662 0.00114618 0.00120965 0.00130297 0.00139543 0.00149349 0.001574 0.00165665 0.00173883 0.00180523 0.00184423 0.00184658 0.00179944 0.00177091 0.00175743 0.00180132 0.00196168 0.0022509 0.00266321 0.00317619 0.0036915 0.00407326 0.00412721 0.00364297 0.00239849 0.000207497 -0.00301484 -0.00730224 -0.0125649 -0.0186039 -0.0251424 -0.0318765 -0.0384475 -0.0444817 -0.0496181 -0.0536104 -0.056245 -0.0573872 -0.0570172 -0.0551988 -0.0520638 -0.0477739 -0.0425137 -0.0365138 -0.0300039 -0.0231913 -0.0162934 -0.00947305 -0.00289973 0.00330791 0.00901712 0.014119 0.0185452 0.0222314 0.0251856 0.0274 0.0288963 0.0297124 0.029894 0.0295285 0.0286974 0.0274915 0.0260014 0.0243149 0.0225332 0.0207141 0.018916 0.0171848 0.0155567 0.0140929 0.0127875 0.0116346 0.0106046 0.00971227 0.0089791 0.00837016 0.00786551 0.00741263 0.00704075 0.00674929 0.00652202 0.00633346 0.00615953 0.00603579 0.00593635 0.00587446 0.00582663 
0 0.000305931 0.00063086 0.00099259 0.00134144 0.00169706 0.00207328 0.00251668 0.00300197 0.0035233 0.00412058 0.00479167 0.00556526 0.00643786 0.00744938 0.00859848 0.0098994 0.0113434 0.0129128 0.0146357 0.0164963 0.0184409 0.0203852 0.0222957 0.0241094 0.0257696 0.0271712 0.028217 0.0288002 0.0288634 0.0283572 0.0272079 0.0253968 0.0228484 0.0195982 0.0156444 0.0110361 0.00580731 2.23835e-05 -0.00621886 -0.0128363 -0.0196746 -0.0266102 -0.0334883 -0.040122 -0.0463064 -0.051816 -0.0563846 -0.0598367 -0.0619522 -0.0626052 -0.0616842 -0.0592024 -0.0552572 -0.049999 -0.0437164 -0.0367401 -0.0294879 -0.022325 -0.0155912 -0.00960884 -0.00460916 -0.000677466 0.00211084 0.00386878 0.00473909 0.00494308 0.00468708 0.00417545 0.00356951 0.00298572 0.00246855 0.00207257 0.00178788 0.00157529 0.00143469 0.00133529 0.00123718 0.00114989 0.00107988 0.00100633 0.000968978 0.000932826 0.000896506 0.000861729 0.000837756 0.000818164 0.000810502 0.000787741 0.000780104 0.000754465 0.000747999 0.000743623 0.000732026 0.00072649 0.000733371 0.000718573 0.000740868 0.000747623 0.000754462 0.00077163 0.000779213 0.000780278 0.000814547 0.000826925 0.000860791 0.000892774 0.000919646 0.000949364 0.000992228 0.00102713 0.00108533 0.00113644 0.00120189 0.00126099 0.00134059 0.00143352 0.00153426 0.00163179 0.00173175 0.00180404 0.00188655 0.00194861 0.00196737 0.00194624 0.00189519 0.00182301 0.00179197 0.00184215 0.00198944 0.00227085 0.00267391 0.00315014 0.00361107 0.00391983 0.00386624 0.00322274 0.00174127 -0.000703684 -0.00426159 -0.00890249 -0.0145116 -0.0209122 -0.0278227 -0.0348597 -0.041659 -0.0478168 -0.0530252 -0.0569658 -0.0594384 -0.0603749 -0.0597651 -0.0577042 -0.0542982 -0.0497681 -0.0443123 -0.0381635 -0.0315528 -0.024691 -0.017754 -0.0109252 -0.00430607 0.00194966 0.00775411 0.0130194 0.0176614 0.0216441 0.0249187 0.0275053 0.0293736 0.0305825 0.0311546 0.0311422 0.030612 0.029647 0.0283386 0.0267766 0.0250464 0.0232109 0.0213569 0.0195286 0.0177897 0.0161622 0.0146905 0.0133621 0.0121874 0.0111697 0.0102848 0.00954947 0.00892266 0.00840307 0.0079586 0.00760973 0.00732756 0.00707606 0.00688481 0.00673783 0.00664034 0.00655045 0.00648974 
0 0.000361007 0.00073655 0.00112467 0.00153455 0.00194003 0.00239571 0.00290661 0.00345958 0.00406788 0.00476227 0.00556526 0.00645854 0.00748609 0.00865544 0.00996631 0.0114375 0.0130549 0.0148035 0.0166681 0.0186355 0.0206365 0.0225924 0.0244694 0.0261782 0.0276437 0.0287877 0.0295126 0.0297448 0.0294102 0.0284859 0.0269271 0.0247216 0.021851 0.018307 0.014143 0.00937258 0.00405827 -0.00172852 -0.00793296 -0.0144746 -0.0212478 -0.0281268 -0.0349851 -0.041636 -0.0478772 -0.0534999 -0.0582659 -0.0619422 -0.0643129 -0.0652068 -0.0645344 -0.0622571 -0.0583997 -0.0531675 -0.0468407 -0.0397355 -0.0322403 -0.0247671 -0.017708 -0.0113978 -0.00605138 -0.00183204 0.00123739 0.00323749 0.00430003 0.00464402 0.00449698 0.0040721 0.00351769 0.00296225 0.0024852 0.00209501 0.00181286 0.00164205 0.00150799 0.0014174 0.00133139 0.00124147 0.00116451 0.00110041 0.00105295 0.00101986 0.000976735 0.000950767 0.000913618 0.000889917 0.000883095 0.000862402 0.0008444 0.000834029 0.00081031 0.000808421 0.000807626 0.000801735 0.000802547 0.000803291 0.000802471 0.000810875 0.000822572 0.000836499 0.000849926 0.00087397 0.000890649 0.000912124 0.000945374 0.000969337 0.00100163 0.00104762 0.00107807 0.00113276 0.00119145 0.0012449 0.00131923 0.00139504 0.00147425 0.00157808 0.00167059 0.00177404 0.00186697 0.00195387 0.00203245 0.00207008 0.00207075 0.00203305 0.00193612 0.00186191 0.00181312 0.00182866 0.00196333 0.00221447 0.00257312 0.00301469 0.00342047 0.0036268 0.0034225 0.00259713 0.000911145 -0.00181576 -0.00566154 -0.0106211 -0.0165647 -0.0232749 -0.0304329 -0.0376773 -0.0446229 -0.0508492 -0.055985 -0.0597893 -0.0620824 -0.0627906 -0.0619409 -0.059624 -0.0560039 -0.0512942 -0.0457021 -0.0394782 -0.0328598 -0.02603 -0.0191638 -0.0123864 -0.00582938 0.000396809 0.00620282 0.0115301 0.0163338 0.0205383 0.0241318 0.0270646 0.0293155 0.030929 0.0319213 0.0323276 0.0321715 0.0315248 0.0304686 0.0290893 0.0274804 0.0256972 0.0238334 0.0219569 0.0201155 0.0183673 0.0167252 0.0152304 0.0139081 0.0127548 0.0117332 0.0108302 0.0100942 0.0094814 0.00897513 0.00854826 0.00818632 0.00789075 0.00766039 0.00750558 0.0073607 0.00725497 0.0071852 
0 0.000434488 0.000843537 0.0012689 0.00172505 0.00222112 0.00275207 0.00333967 0.00397654 0.00468729 0.00551271 0.00643786 0.00748609 0.00868218 0.0100302 0.011496 0.0131174 0.0149103 0.0168181 0.0187959 0.0208054 0.0227974 0.0247064 0.0264876 0.0280207 0.0292228 0.0300262 0.0303822 0.0302097 0.0294587 0.0281089 0.0261299 0.0235589 0.020361 0.0165829 0.0122433 0.00738827 0.00206971 -0.00365029 -0.00972383 -0.0161303 -0.0227535 -0.029493 -0.0362361 -0.0428201 -0.0490621 -0.0547579 -0.0596452 -0.0635249 -0.066131 -0.0672812 -0.0668352 -0.0647643 -0.0611042 -0.0559809 -0.0496669 -0.0424832 -0.0348583 -0.0271957 -0.0198869 -0.0132975 -0.00767953 -0.00315767 0.000166533 0.00239038 0.00365219 0.00416913 0.00414803 0.00381006 0.00332909 0.00284381 0.00240826 0.00206654 0.00182403 0.00165315 0.00153802 0.00146155 0.0013822 0.00131527 0.00126254 0.00118862 0.0011383 0.00109088 0.0010477 0.00101865 0.000989337 0.000960067 0.000949314 0.0009234 0.0009149 0.000891506 0.000879633 0.000878047 0.000871772 0.000866433 0.000872278 0.000856327 0.000873132 0.000877974 0.000885433 0.000906031 0.000922042 0.000935153 0.000971811 0.000985544 0.00102224 0.00105436 0.00108648 0.00112585 0.00117344 0.00122387 0.00129498 0.00135367 0.00143399 0.00150924 0.00160341 0.00171196 0.00181324 0.00191242 0.00201149 0.00207377 0.00213318 0.00215659 0.0021356 0.00207936 0.00197729 0.00185245 0.00176108 0.00174899 0.001842 0.00205954 0.0023831 0.00276311 0.00307622 0.00316147 0.00280254 0.00177971 -0.000148952 -0.00310785 -0.00722663 -0.012452 -0.0186388 -0.0255816 -0.0329519 -0.0403209 -0.0472935 -0.0534551 -0.0585006 -0.0621407 -0.0642023 -0.0646635 -0.0635624 -0.0610211 -0.0571921 -0.052347 -0.046704 -0.0404975 -0.0339449 -0.0272241 -0.0204848 -0.0138658 -0.0074431 -0.00133922 0.004403 0.009747 0.0146357 0.0190234 0.02286 0.0261238 0.0287456 0.0307704 0.0321947 0.0330293 0.0332933 0.0330305 0.0323025 0.0311823 0.0297607 0.028106 0.0263118 0.0244289 0.0225331 0.0206832 0.0189266 0.0172786 0.0157936 0.0144866 0.0133072 0.0122704 0.0113936 0.0106724 0.010057 0.00954556 0.00911795 0.00876264 0.00850146 0.00829465 0.00811814 0.00798447 0.00792119 
0 0.000489938 0.000952429 0.00142743 0.00195903 0.002529 0.00314498 0.00382213 0.00457036 0.00541319 0.00637332 0.00744938 0.00865544 0.0100302 0.0115508 0.0131811 0.01496 0.0168931 0.0189074 0.020941 0.0229586 0.0248995 0.0266888 0.0282813 0.0295621 0.0304405 0.0308665 0.030794 0.0301794 0.0289851 0.0272141 0.0248513 0.0219305 0.0184587 0.0144771 0.0100409 0.00517316 -7.82383e-05 -0.00566457 -0.0115666 -0.0177691 -0.0241807 -0.0307139 -0.0372814 -0.0437383 -0.0499135 -0.0556162 -0.0606037 -0.0646346 -0.0674446 -0.0688245 -0.0686384 -0.0668143 -0.0633425 -0.0583695 -0.0521586 -0.0450071 -0.0373232 -0.0295358 -0.0220654 -0.0152813 -0.00943098 -0.00468479 -0.00112049 0.00133228 0.00280117 0.00349422 0.00362718 0.00341592 0.00303253 0.00261806 0.00224689 0.00194258 0.00173574 0.00161909 0.00154073 0.00149263 0.00143997 0.00138376 0.00133462 0.00126953 0.00121237 0.00116355 0.00111887 0.00109224 0.00105753 0.00102857 0.00101926 0.000999161 0.000987274 0.000968681 0.000945316 0.000940259 0.000936384 0.000931789 0.000936463 0.00093325 0.000942329 0.000950082 0.000959335 0.000976825 0.000994534 0.00101752 0.00104361 0.00106219 0.00109947 0.00113404 0.00117497 0.00122619 0.00127123 0.00133052 0.00140045 0.00146196 0.00154635 0.00163417 0.00173336 0.00184632 0.00194422 0.00204401 0.00213595 0.0022005 0.00224274 0.00222794 0.0021697 0.00207502 0.00192673 0.00177896 0.00165988 0.00160739 0.00166442 0.00182533 0.00207416 0.0023678 0.00257371 0.00251135 0.00197008 0.000748071 -0.00137965 -0.00456691 -0.00890196 -0.0143439 -0.0207367 -0.027844 -0.0353074 -0.042706 -0.0496437 -0.0557053 -0.0605658 -0.0639863 -0.0658163 -0.0660309 -0.0646892 -0.0619222 -0.0579403 -0.0530187 -0.0473812 -0.0412493 -0.0348242 -0.028267 -0.0217263 -0.0153152 -0.00910873 -0.00318462 0.00243629 0.00773517 0.0126608 0.0171438 0.0211706 0.0247053 0.0276884 0.0301233 0.0319774 0.0332467 0.0339416 0.0341098 0.0337831 0.0330018 0.031837 0.0303708 0.0287079 0.0268963 0.0249967 0.0231 0.0212585 0.0194945 0.017853 0.0163709 0.0150395 0.0138638 0.012858 0.0119807 0.0112286 0.0106198 0.010126 0.00971195 0.0093785 0.0091257 0.00891182 0.0087673 0.00869622 
0 0.000540434 0.00108146 0.00165212 0.00226879 0.00291189 0.00361336 0.00440033 0.00527361 0.00624975 0.00735845 0.00859848 0.00996631 0.011496 0.0131811 0.0149912 0.0169277 0.0189583 0.0210125 0.0230532 0.025043 0.026882 0.0284773 0.029796 0.0307504 0.0312541 0.0312595 0.0307362 0.0296625 0.0280291 0.0258534 0.0231332 0.0199095 0.0162147 0.0121071 0.0076379 0.00281478 -0.00232854 -0.00774774 -0.0134315 -0.0193808 -0.0255311 -0.0318179 -0.0381745 -0.0444674 -0.0505309 -0.056182 -0.0611954 -0.0653348 -0.0683234 -0.0699188 -0.0699593 -0.0683632 -0.0651152 -0.0603411 -0.054284 -0.0472366 -0.0395938 -0.0317771 -0.0242105 -0.0172796 -0.0112537 -0.00631658 -0.00255694 9.04142e-05 0.00176127 0.0026477 0.00294702 0.0028698 0.0025965 0.002275 0.00198429 0.0017538 0.00161125 0.0015447 0.00150701 0.00148664 0.00145518 0.00142132 0.00139049 0.00133611 0.00128171 0.00123365 0.00119101 0.00116391 0.00112649 0.00109099 0.00107534 0.00105725 0.00104888 0.00103447 0.00101471 0.00100721 0.000998141 0.000988834 0.000990354 0.000991167 0.00100682 0.00101975 0.0010295 0.00104423 0.00105948 0.00108115 0.00110883 0.001133 0.00117557 0.00121787 0.00126276 0.0013129 0.00135933 0.00142168 0.00149752 0.00157005 0.00166282 0.00175881 0.00186373 0.00197537 0.0020676 0.00215924 0.00224285 0.00229458 0.00231396 0.00226991 0.00217466 0.00203975 0.00184973 0.0016508 0.00148147 0.00138438 0.00139301 0.00149243 0.00165864 0.00184284 0.00191438 0.00169927 0.000990236 -0.000420526 -0.00274865 -0.00614167 -0.0106748 -0.0162854 -0.0228004 -0.0299778 -0.0374565 -0.0448065 -0.0516254 -0.0575211 -0.062184 -0.0653748 -0.0669514 -0.0669182 -0.0653658 -0.062439 -0.0583579 -0.0534042 -0.0478091 -0.041787 -0.0355304 -0.0291914 -0.0229028 -0.016751 -0.0107885 -0.00507409 0.000383495 0.00557732 0.0104635 0.0149863 0.0191439 0.022905 0.0262014 0.0290087 0.0312776 0.0329865 0.0341366 0.0347587 0.0348705 0.0344883 0.0336548 0.0324447 0.0309685 0.0292856 0.0274513 0.0255551 0.02366 0.0218039 0.0200384 0.0184062 0.0169207 0.0156032 0.0144601 0.0134377 0.0125479 0.0118327 0.0112575 0.0107626 0.0103496 0.0100391 0.00979238 0.00961734 0.00951226 
0 0.000601507 0.00122944 0.00190725 0.00261017 0.00334598 0.00415449 0.00507343 0.00608504 0.00720612 0.00848441 0.0098994 0.0114375 0.0131174 0.01496 0.0169277 0.0189804 0.0210642 0.0231133 0.025106 0.0269888 0.0286458 0.0299844 0.0309717 0.0315355 0.0316078 0.0311572 0.0301822 0.0286602 0.0266073 0.024052 0.0210127 0.0175513 0.0137037 0.00954841 0.00510463 0.000379445 -0.00461026 -0.00982732 -0.0152587 -0.0209274 -0.0267879 -0.0328042 -0.0389229 -0.0450207 -0.050939 -0.0565046 -0.0614959 -0.0656924 -0.0688014 -0.0705778 -0.0708314 -0.069462 -0.0664541 -0.0619033 -0.0560445 -0.0491598 -0.0416276 -0.0338603 -0.0262819 -0.0192818 -0.0131513 -0.00806317 -0.0041389 -0.00131736 0.00053621 0.00160045 0.00206519 0.00213907 0.00200581 0.00181035 0.00161766 0.00147415 0.00140537 0.00139083 0.00141071 0.00143324 0.00143577 0.00143651 0.00143159 0.00138816 0.00134228 0.00129388 0.00125731 0.0012311 0.00119872 0.00116059 0.00113977 0.00111772 0.0011082 0.00108766 0.00107564 0.00107144 0.00106718 0.00106226 0.00106446 0.00105741 0.0010719 0.00107727 0.00108441 0.00110477 0.00113171 0.00115889 0.00119635 0.00121671 0.00125339 0.001295 0.00134156 0.00139247 0.00145327 0.00152114 0.0016064 0.00168628 0.00178263 0.00188047 0.00199019 0.00209726 0.00218609 0.00226364 0.00233806 0.00236686 0.00235221 0.00227008 0.00212738 0.00194308 0.00171706 0.00146115 0.00123314 0.00107438 0.0010046 0.00101978 0.00109082 0.00116037 0.00109653 0.000722848 -0.0001592 -0.00175482 -0.00426775 -0.00782134 -0.0125024 -0.0182218 -0.0247956 -0.0319698 -0.0393845 -0.0466097 -0.0532496 -0.0589258 -0.063359 -0.0663029 -0.0676358 -0.0673857 -0.0656558 -0.0626169 -0.0584849 -0.0535472 -0.048031 -0.0421446 -0.0360805 -0.0299915 -0.0239835 -0.0181219 -0.0124234 -0.00694672 -0.00169206 0.00334015 0.00811734 0.0126267 0.0168586 0.0207917 0.0243337 0.0274501 0.0300961 0.0322387 0.0338612 0.0349491 0.0355062 0.0355514 0.0351176 0.0342554 0.0330434 0.031545 0.0298414 0.0280112 0.0261195 0.0242083 0.0223584 0.0206158 0.0189837 0.0175074 0.016202 0.0150471 0.0140276 0.0131831 0.0124855 0.0118855 0.0114022 0.0110311 0.0107469 0.0105279 0.0103879 
0 0.000694031 0.00141863 0.00217877 0.00298769 0.00383762 0.00478872 0.00584898 0.00701342 0.00830446 0.00974865 0.0113434 0.0130549 0.0149103 0.0168931 0.0189583 0.0210642 0.0231578 0.0251688 0.0270412 0.028718 0.0301095 0.0311314 0.0317344 0.031863 0.0314685 0.0305678 0.0291418 0.0272008 0.0247581 0.0218719 0.0185923 0.0149533 0.011032 0.00685896 0.00249162 -0.00209178 -0.0068796 -0.0118532 -0.0170275 -0.0224026 -0.0279635 -0.0336857 -0.0395367 -0.0454183 -0.0511788 -0.0566365 -0.0615972 -0.065789 -0.0689638 -0.0708595 -0.0713056 -0.0701612 -0.067369 -0.0630503 -0.0574163 -0.0507376 -0.0433683 -0.0357276 -0.0282342 -0.0212571 -0.0150686 -0.00990647 -0.00584452 -0.00286854 -0.000853344 0.0003719 0.00100738 0.00124169 0.0012614 0.00119537 0.0011293 0.00107873 0.00108639 0.00115986 0.00124064 0.00131629 0.00138113 0.00142188 0.00144142 0.00143171 0.00138367 0.00133997 0.00130633 0.00128407 0.00125133 0.00122165 0.00119651 0.00118076 0.00116194 0.00115058 0.00113101 0.00112786 0.00112525 0.00112103 0.00111619 0.00112683 0.00112967 0.00114133 0.00114983 0.0011663 0.00119334 0.00123478 0.00125879 0.00129049 0.00132458 0.00136895 0.00142123 0.00148429 0.00154235 0.00162346 0.00170569 0.00179364 0.00188557 0.00199292 0.00210268 0.00220832 0.00229034 0.00236234 0.00240336 0.00241404 0.00235522 0.00221218 0.00201946 0.00178364 0.00149255 0.00119152 0.00089944 0.00065625 0.000505418 0.000420355 0.000378686 0.000319306 0.00011851 -0.000415083 -0.00147431 -0.00324393 -0.00589299 -0.00958597 -0.0143381 -0.0200899 -0.026654 -0.0337616 -0.0410392 -0.0480822 -0.0545007 -0.059946 -0.064111 -0.0668089 -0.067934 -0.0675012 -0.0656393 -0.0625068 -0.0583714 -0.0534843 -0.0480833 -0.0423684 -0.0365243 -0.0306946 -0.0249784 -0.0194014 -0.0139986 -0.00878216 -0.0037609 0.00107728 0.00572845 0.0101647 0.0144214 0.0184352 0.0221538 0.025517 0.0284903 0.0310348 0.0330956 0.0346463 0.0356596 0.036158 0.0361689 0.0357247 0.0348591 0.0336235 0.0321057 0.0304151 0.0285908 0.0266874 0.0247892 0.0229583 0.021211 0.01957 0.0181084 0.0168065 0.0156661 0.0146766 0.0138289 0.0131224 0.0125546 0.0121275 0.0117724 0.0115119 0.011341 
0 0.000825537 0.00164944 0.00251299 0.00343236 0.00444142 0.00554047 0.00675637 0.00809124 0.00955637 0.0111678 0.0129128 0.0148035 0.0168181 0.0189074 0.0210125 0.0231133 0.0251688 0.0270809 0.0287662 0.0301751 0.0312351 0.0318781 0.0320475 0.0317132 0.0308686 0.0295081 0.027657 0.0253091 0.0225318 0.0193853 0.0159282 0.0122092 0.00825411 0.00413798 -0.000126329 -0.00452623 -0.00908146 -0.0138015 -0.0187003 -0.0237941 -0.0290657 -0.0344989 -0.0400819 -0.045738 -0.0513265 -0.0566645 -0.0615243 -0.0656908 -0.0688818 -0.0708618 -0.0714271 -0.0704497 -0.0678941 -0.0638115 -0.0583999 -0.0519566 -0.0448176 -0.0373697 -0.0300102 -0.0231071 -0.016963 -0.0117554 -0.0076276 -0.00454665 -0.00238136 -0.000987598 -0.000195756 0.000192327 0.00035681 0.000435172 0.000483323 0.000564737 0.000689312 0.000836355 0.00100632 0.00115042 0.00125859 0.0013582 0.00142372 0.00143151 0.00141244 0.00137584 0.0013481 0.00132516 0.00129876 0.00126288 0.00123949 0.00122533 0.00121814 0.0012024 0.00119514 0.00118248 0.0011692 0.00115847 0.00115877 0.00116578 0.00119325 0.00120767 0.00121559 0.00122921 0.00125248 0.00127691 0.00131437 0.0013443 0.0013885 0.00144696 0.00150896 0.00156516 0.00163377 0.00170558 0.00179367 0.00188655 0.0019896 0.0020966 0.00220971 0.00230712 0.00237787 0.00241934 0.00244741 0.00241339 0.00230388 0.00212037 0.00185841 0.00154917 0.00121004 0.000820027 0.000445314 0.000133618 -0.000116344 -0.0003002 -0.000458529 -0.000654596 -0.00101576 -0.00170637 -0.00290319 -0.00480683 -0.00758773 -0.0113437 -0.0161436 -0.0218756 -0.0283478 -0.035299 -0.0423897 -0.0492163 -0.0553758 -0.060545 -0.0644809 -0.06696 -0.0678879 -0.067312 -0.0653585 -0.0622215 -0.0581094 -0.053304 -0.0480383 -0.0425106 -0.0368933 -0.0313225 -0.0258782 -0.020594 -0.015474 -0.0105414 -0.00577463 -0.00114429 0.0033379 0.00768556 0.011878 0.015913 0.0197261 0.0232835 0.0265448 0.0294299 0.0318865 0.033861 0.0353474 0.0363272 0.0368002 0.0367909 0.036322 0.0354258 0.0341792 0.0326763 0.0309892 0.0291574 0.0272661 0.0253879 0.0235496 0.0218053 0.020191 0.0187501 0.0174614 0.0163288 0.0153452 0.0145135 0.0138583 0.0133253 0.0129041 0.012583 0.0123874 
