0 0 0 0 0 0 0 0 0 0 0 0 0 0 0 0 0 0 0 0 0 0 0 0 0 0 0 0 0 0 0 0 0 0 0 0 0 0 0 0 0 0 0 0 0 0 0 0 0 0 0 0 0 0 0 0 0 0 0 0 0 0 0 0 0 0 0 0 0 0 0 0 0 0 0 0 0 0 0 0 0 0 0 0 0 0 0 0 0 0 0 0 0 0 0 0 0 0 0 0 0 0 0 0 0 0 0 0 0 0 0 0 0 0 0 0 0 0 0 0 0 0 0 0 0 0 0 0 0 0 0 0 0 0 0 0 0 0 0 0 0 0 0 0 0 0 0 0 0 0 0 0 0 0 0 0 0 0 0 0 0 0 0 0 0 0 0 0 0 0 0 0 0 0 0 0 0 0 0 0 0 0 0 0 0 0 0 0 0 0 0 0 0 0 0 0 0 0 0 0 
0 0.000281223 0.000550726 0.000825694 0.00111441 0.001443 0.00179179 0.00215051 0.00249504 0.00282409 0.00315367 0.00345664 0.00370463 0.00384449 0.00386959 0.00376859 0.00354796 0.00320387 0.00269793 0.00203017 0.00122419 0.000339293 -0.000597967 -0.00154773 -0.00248451 -0.00338662 -0.00421064 -0.00490478 -0.00543851 -0.00581191 -0.00601722 -0.00607201 -0.00597868 -0.00576342 -0.00543922 -0.00504106 -0.00458986 -0.00410552 -0.00361175 -0.00310729 -0.00263357 -0.00220997 -0.00184303 -0.00152636 -0.00125966 -0.00103449 -0.000851998 -0.00070717 -0.000611009 -0.000552063 -0.000531187 -0.000535637 -0.000561247 -0.000634338 -0.00073088 -0.000857367 -0.00100726 -0.00117443 -0.00135118 -0.00152009 -0.00166905 -0.00181176 -0.00191506 -0.00195394 -0.00190722 -0.00178108 -0.00157358 -0.00127994 -0.000922116 -0.000518826 -9.46115e-05 0.000324297 0.000712397 0.00104805 0.00130688 0.00147522 0.0015413 0.00152964 0.00144402 0.00130483 0.00113857 0.000969861 0.000800389 0.000649659 0.000517114 0.000406631 0.000324325 0.000277428 0.000240541 0.000215996 0.000195802 0.000173235 0.000154685 0.000147442 0.000138022 0.00013985 0.000146964 0.000153135 0.000158991 0.000165522 0.000162418 0.000163792 0.000167101 0.000171138 0.000181543 0.000199274 0.000209978 0.000225286 0.000234511 0.000235455 0.000236434 0.000237937 0.000232878 0.000244399 0.000270931 0.000319394 0.000396396 0.000503608 0.000629551 0.000793627 0.000984125 0.00117921 0.00135423 0.00148505 0.00153805 0.0015149 0.00139711 0.00118585 0.000885879 0.000520923 0.00012057 -0.000296628 -0.000706339 -0.00106443 -0.00135851 -0.00156994 -0.00169011 -0.00173302 -0.00170872 -0.0016354 -0.00150813 -0.00135065 -0.00117721 -0.000999244 -0.000833143 -0.000688349 -0.000561101 -0.000466525 -0.000383534 -0.000336968 -0.00032634 -0.000347626 -0.000413212 -0.00051542 -0.000650671 -0.000816642 -0.00102602 -0.00128857 -0.00161 -0.00197833 -0.00239024 -0.00283511 -0.00331949 -0.00380988 -0.00429602 -0.00474759 -0.0051263 -0.00541959 -0.00561569 -0.00570368 -0.00564764 -0.00542975 -0.00502807 -0.00445884 -0.00374319 -0.0029194 -0.00201347 -0.00105705 -7.52135e-05 0.000893337 0.00178642 0.00258807 0.00326824 0.00381533 0.00420513 0.00445195 0.00456753 0.00456286 0.00447507 0.0043006 0.00405615 0.00376332 0.0034766 0.0032105 0.00295546 0.00271658 0.0024888 0.00230331 0.00217581 0.00211313 
0 0.000550726 0.00110377 0.00166161 0.00226595 0.00290526 0.00358985 0.00428758 0.00497549 0.00564847 0.00628534 0.00686705 0.00730827 0.00757432 0.0076239 0.00742627 0.00697932 0.00625563 0.00524546 0.00392837 0.00237502 0.000649223 -0.00120175 -0.00308406 -0.00493813 -0.00669687 -0.00830369 -0.00967028 -0.0107414 -0.0115042 -0.0119285 -0.0120383 -0.0118693 -0.0114521 -0.0108394 -0.0100587 -0.00915949 -0.00819614 -0.0072042 -0.00622908 -0.00529553 -0.00446659 -0.00372528 -0.00307672 -0.00253825 -0.00208872 -0.00173062 -0.00144882 -0.00124244 -0.00110845 -0.00105206 -0.00105468 -0.00112999 -0.00126714 -0.00146398 -0.00170896 -0.00201156 -0.00234276 -0.00268818 -0.00304037 -0.00336954 -0.00363735 -0.00381633 -0.00388036 -0.00379557 -0.00356055 -0.0031414 -0.00257589 -0.00186668 -0.00105042 -0.00020495 0.000623976 0.00142153 0.0020866 0.00260414 0.00293359 0.00307537 0.00305179 0.00288147 0.00260307 0.00227054 0.00190799 0.00158376 0.00129482 0.00103369 0.000832403 0.000673353 0.00054796 0.000470655 0.000411689 0.000359177 0.000335577 0.000315611 0.000298005 0.000292946 0.00028982 0.000283241 0.000296638 0.000301798 0.000305081 0.000315685 0.000324306 0.000331531 0.000357948 0.000375089 0.000394145 0.000417043 0.000428962 0.000435205 0.000457336 0.000467595 0.000476679 0.000491901 0.000498643 0.000532759 0.000629658 0.000772856 0.00098417 0.00126482 0.00158866 0.00196784 0.00235597 0.00270355 0.00295775 0.00307187 0.00302222 0.00278531 0.00233968 0.00175153 0.001021 0.000214166 -0.000606726 -0.00140465 -0.00212754 -0.00269856 -0.00312409 -0.00338337 -0.00349298 -0.00344304 -0.00325957 -0.00299784 -0.00269665 -0.00235046 -0.00199274 -0.0016647 -0.00136917 -0.00111995 -0.000910715 -0.000763233 -0.000685135 -0.000676658 -0.000720649 -0.000837657 -0.00103313 -0.0013094 -0.00164977 -0.00208683 -0.00261325 -0.00324258 -0.00397773 -0.00478925 -0.00569944 -0.00665934 -0.00762985 -0.00857277 -0.0094456 -0.0101975 -0.0107761 -0.0111606 -0.0113056 -0.0111568 -0.0107014 -0.00990826 -0.00879667 -0.00740132 -0.00576562 -0.00397923 -0.00209169 -0.000173992 0.00171702 0.00348535 0.00506414 0.00642418 0.00749353 0.00827828 0.00878661 0.00904038 0.00905633 0.00887179 0.00854068 0.00806575 0.00752351 0.00696801 0.00642816 0.00591306 0.00543192 0.00501616 0.00465995 0.00441037 0.00426005 
0 0.000825694 0.00166161 0.00254551 0.00345585 0.00441848 0.00540056 0.00642152 0.00744641 0.00843716 0.00936899 0.0101526 0.0107538 0.0110968 0.0111617 0.0108603 0.0101551 0.00904973 0.00751764 0.005603 0.00334898 0.000846885 -0.00185841 -0.00462748 -0.00733357 -0.00989209 -0.0122148 -0.0142023 -0.0157819 -0.016923 -0.0175721 -0.0177675 -0.0175388 -0.0169706 -0.0160933 -0.0149757 -0.0136697 -0.0122517 -0.0108158 -0.00937735 -0.0080251 -0.00678882 -0.00567862 -0.00469946 -0.00387864 -0.00320459 -0.00266732 -0.00223331 -0.00191898 -0.00170418 -0.0016078 -0.00161049 -0.00170108 -0.00192728 -0.00221596 -0.00257826 -0.00300994 -0.00350621 -0.00404555 -0.00457052 -0.00502964 -0.00544021 -0.00571984 -0.00581291 -0.00567343 -0.00531423 -0.0047177 -0.00386361 -0.00280136 -0.00158798 -0.000307115 0.000953842 0.00211567 0.003112 0.00388017 0.0043846 0.00459622 0.00457174 0.00432039 0.0039005 0.00339297 0.00287685 0.00237423 0.00193677 0.0015592 0.0012454 0.0010022 0.000843591 0.000711641 0.000617247 0.000547336 0.000490607 0.000457281 0.000454959 0.000441133 0.000441278 0.000441579 0.000436628 0.000436475 0.000451746 0.00045938 0.000486622 0.000517027 0.000539522 0.000562063 0.000591773 0.000602874 0.000632177 0.000659914 0.000680583 0.000705144 0.000726098 0.000720343 0.000744765 0.000807277 0.000939799 0.00116675 0.00149543 0.00189296 0.00239467 0.00296336 0.00353699 0.00404699 0.00442745 0.00458749 0.00451812 0.00416308 0.00351967 0.00260951 0.00150749 0.000309119 -0.00092118 -0.00211578 -0.00316554 -0.00403697 -0.00468274 -0.00506935 -0.00521646 -0.00514137 -0.004898 -0.00449934 -0.00402508 -0.00351669 -0.00299942 -0.00250691 -0.00206272 -0.00167147 -0.00138527 -0.00116383 -0.00106075 -0.00105691 -0.00112789 -0.00130845 -0.0016005 -0.00201512 -0.00254723 -0.00321122 -0.00401005 -0.00495575 -0.00603674 -0.00725878 -0.00859013 -0.0100123 -0.0114155 -0.0127744 -0.0140356 -0.0151153 -0.0159589 -0.0164952 -0.0166694 -0.0164057 -0.0157007 -0.0145275 -0.0129138 -0.0108777 -0.00849778 -0.00586942 -0.0031155 -0.000319887 0.00243329 0.0050035 0.00733365 0.00931944 0.0109162 0.0120856 0.0128789 0.0133056 0.0133583 0.013128 0.0126556 0.012022 0.0112716 0.010489 0.00969285 0.00890977 0.00821889 0.00761928 0.00712912 0.00673871 0.00648515 
0 0.00111441 0.00226595 0.00345585 0.00469919 0.00595384 0.00724553 0.00856663 0.00989138 0.0111686 0.0123133 0.0132753 0.0139642 0.0143561 0.0143761 0.0139228 0.0129556 0.0114567 0.00945767 0.00696594 0.00407688 0.000865749 -0.00259823 -0.00614049 -0.00961896 -0.0129008 -0.0158828 -0.0184314 -0.020464 -0.0219556 -0.0228462 -0.0231552 -0.0229303 -0.0222268 -0.0211352 -0.0197166 -0.0180637 -0.0162766 -0.0144286 -0.0125919 -0.0108163 -0.00919885 -0.00772844 -0.00642472 -0.00532393 -0.00440028 -0.00365437 -0.00306626 -0.00263602 -0.00235555 -0.00222625 -0.00221649 -0.0023451 -0.00260415 -0.00298201 -0.00345998 -0.00404579 -0.00469467 -0.0053778 -0.00607002 -0.00671538 -0.0072483 -0.00760996 -0.0077401 -0.00757191 -0.0070949 -0.00626102 -0.00512679 -0.00371589 -0.00210196 -0.000422409 0.00123096 0.00280605 0.00413205 0.00516071 0.00582228 0.00611215 0.00607317 0.00574488 0.00520211 0.0045471 0.00384016 0.00319038 0.00260641 0.00208407 0.00167284 0.0013541 0.00111501 0.000963495 0.000849862 0.00074977 0.000690829 0.000640938 0.000600218 0.0005833 0.000577704 0.000574219 0.000601709 0.000617522 0.000627384 0.000643318 0.000655058 0.000667042 0.000709848 0.000746104 0.000790416 0.000839893 0.000870915 0.000887829 0.000919623 0.000933151 0.00094674 0.000973063 0.00100143 0.00108781 0.00128797 0.0015855 0.00201115 0.00256448 0.00321152 0.00395835 0.00472059 0.00540189 0.00589767 0.0061143 0.00600431 0.00552226 0.00464076 0.00346358 0.00201432 0.000412121 -0.00122628 -0.00281673 -0.00424692 -0.00538586 -0.0062259 -0.00673552 -0.0069439 -0.00684648 -0.0064938 -0.00598131 -0.00538224 -0.00470341 -0.00400335 -0.00335508 -0.0027763 -0.00228997 -0.00189166 -0.00160928 -0.00146379 -0.0014585 -0.00156914 -0.00182653 -0.0022399 -0.00281286 -0.00352671 -0.00442691 -0.00550175 -0.00676433 -0.00820957 -0.00979028 -0.0115244 -0.01333 -0.0151322 -0.0168707 -0.0184734 -0.0198441 -0.02088 -0.0215237 -0.0216913 -0.0213006 -0.0203439 -0.0187945 -0.0166925 -0.0140835 -0.011029 -0.00767114 -0.00412346 -0.000529393 0.00299577 0.00629659 0.00927257 0.0118648 0.013956 0.0155416 0.0166321 0.0172448 0.017394 0.017154 0.0166382 0.0158813 0.0149851 0.0140073 0.0129903 0.0119959 0.0110982 0.0103492 0.00970379 0.0091964 0.00884148 
0 0.001443 0.00290526 0.00441848 0.00595384 0.00752712 0.00911277 0.010722 0.0122985 0.0137707 0.0150857 0.0161462 0.0169018 0.0172608 0.0171678 0.0165109 0.0152518 0.0134049 0.0109571 0.007959 0.00448614 0.000662785 -0.00343232 -0.00762291 -0.0117427 -0.0156534 -0.0192047 -0.0222423 -0.0246813 -0.026502 -0.0276445 -0.0281216 -0.0279404 -0.0271863 -0.0259285 -0.0242853 -0.0223557 -0.0202449 -0.0180612 -0.0158405 -0.0136992 -0.011708 -0.00989547 -0.0082778 -0.00688865 -0.00571555 -0.00475598 -0.00398843 -0.00343528 -0.00306786 -0.00288613 -0.00285737 -0.00297786 -0.00330258 -0.00376121 -0.00435332 -0.00506552 -0.00587465 -0.00673957 -0.00758877 -0.00835328 -0.00902502 -0.00949013 -0.00965207 -0.00943229 -0.00882824 -0.0078165 -0.00639773 -0.004645 -0.00265211 -0.000550973 0.00152663 0.00345678 0.00511356 0.00639303 0.00723064 0.00759548 0.00755842 0.00715491 0.00648172 0.00566287 0.00481384 0.00399073 0.00325748 0.00261785 0.00209115 0.00168811 0.00141792 0.00121339 0.00106568 0.000948668 0.000852324 0.000784827 0.000755835 0.000728131 0.000725516 0.000731184 0.00074001 0.000751789 0.000774436 0.000786806 0.000815989 0.000850199 0.000885605 0.000926926 0.000982383 0.00102165 0.00107194 0.0011112 0.00113739 0.00116157 0.00118506 0.00119299 0.00124804 0.00137365 0.00161582 0.00200142 0.00254358 0.00321182 0.00403417 0.00496352 0.00590434 0.00673808 0.00734738 0.00759881 0.00745398 0.006844 0.0057673 0.00427324 0.00246566 0.000484087 -0.00155618 -0.00353481 -0.00528431 -0.00671651 -0.00776574 -0.00839394 -0.00863246 -0.00851388 -0.00811382 -0.00747686 -0.0067077 -0.00586592 -0.00500798 -0.00420032 -0.00348666 -0.00287983 -0.00242339 -0.00208014 -0.00191352 -0.00191867 -0.00207808 -0.00242869 -0.00296616 -0.00369475 -0.00461089 -0.00574494 -0.00710525 -0.00869548 -0.0104795 -0.0124307 -0.0145057 -0.0166699 -0.018803 -0.0208591 -0.0227429 -0.0243162 -0.0254821 -0.0261542 -0.0262659 -0.0257226 -0.0245075 -0.0225984 -0.0200541 -0.0169284 -0.0133152 -0.00932765 -0.00511657 -0.000829524 0.00337026 0.00728595 0.0108474 0.0139596 0.0165488 0.0185385 0.0199467 0.0207805 0.021062 0.0209173 0.0204115 0.0196215 0.01861 0.0174929 0.0163254 0.0151671 0.0141194 0.0131963 0.0124188 0.0117974 0.0113817 
0 0.00179179 0.00358985 0.00540056 0.00724553 0.00911277 0.0109957 0.0128492 0.0146106 0.0162215 0.0176198 0.0187384 0.0194684 0.0197323 0.0194509 0.0185461 0.0169973 0.0147991 0.0119603 0.00850865 0.00455998 0.000234326 -0.00437019 -0.00907391 -0.0137078 -0.0181089 -0.0221199 -0.0255776 -0.0283891 -0.0305258 -0.0319217 -0.0325683 -0.0324879 -0.0317386 -0.0304186 -0.0286276 -0.0264879 -0.0241264 -0.0216477 -0.0191338 -0.0166689 -0.0143529 -0.0122062 -0.0102661 -0.00858393 -0.00715413 -0.00597532 -0.00503325 -0.00433013 -0.00385478 -0.00360222 -0.0035434 -0.00368963 -0.00404465 -0.00457723 -0.00526668 -0.00610874 -0.00706122 -0.00807759 -0.00909758 -0.0100378 -0.0108173 -0.0113439 -0.0115245 -0.0112732 -0.0105616 -0.00934636 -0.0076672 -0.00558131 -0.00319995 -0.000699484 0.0017731 0.00409519 0.00607231 0.00760324 0.00860499 0.00906109 0.00902456 0.0085553 0.00776214 0.00679098 0.0057604 0.0047915 0.00392363 0.00316356 0.00254839 0.00206979 0.00171478 0.00146605 0.00127992 0.00113088 0.00103253 0.000964011 0.000918911 0.000894754 0.000882013 0.000872246 0.000885536 0.000898004 0.000916041 0.00094615 0.000981743 0.00102071 0.00107682 0.00112529 0.00117768 0.00122988 0.00127197 0.00130647 0.00135057 0.00138485 0.00141839 0.00145815 0.00151959 0.00166479 0.00196068 0.00242044 0.00307016 0.00390009 0.00488155 0.00598363 0.00709395 0.0080754 0.00878071 0.00907508 0.00888347 0.00813987 0.00682868 0.00505339 0.00289911 0.000527978 -0.00189817 -0.00424029 -0.00633175 -0.00802516 -0.00927315 -0.0100385 -0.0103442 -0.0102056 -0.00969696 -0.00893706 -0.00803481 -0.00703806 -0.00602039 -0.00506817 -0.00422477 -0.00352124 -0.00297156 -0.00259447 -0.00242278 -0.00245755 -0.00267818 -0.0031149 -0.00378301 -0.00468817 -0.00582282 -0.007218 -0.00886299 -0.0107531 -0.0128584 -0.0151239 -0.0175296 -0.0199886 -0.0223998 -0.0246894 -0.0267574 -0.0284681 -0.0296903 -0.0303417 -0.0303359 -0.0295962 -0.0281127 -0.0258766 -0.0229472 -0.0193909 -0.0152958 -0.0108056 -0.00606302 -0.00123791 0.00349583 0.0079425 0.0119957 0.0155879 0.018606 0.0209938 0.0227334 0.0238338 0.0243356 0.0243399 0.0239382 0.0231646 0.0221247 0.0209369 0.0196864 0.0184383 0.0172586 0.0162026 0.015291 0.0145946 0.0141371 
0 0.00215051 0.00428758 0.00642152 0.00856663 0.010722 0.0128492 0.014891 0.0167803 0.0184641 0.0198901 0.0209686 0.021594 0.021679 0.0211659 0.0199941 0.0181414 0.0156094 0.0124077 0.0085909 0.00426799 -0.00044149 -0.00543014 -0.0105157 -0.0155118 -0.0202587 -0.0246058 -0.0283998 -0.0315358 -0.0339544 -0.0355839 -0.0364141 -0.0364692 -0.0358119 -0.0345171 -0.0326824 -0.0304292 -0.0278961 -0.02521 -0.0224561 -0.0197317 -0.0171219 -0.0146678 -0.0124211 -0.0104453 -0.0087546 -0.00734743 -0.00620987 -0.00534767 -0.00475121 -0.00441538 -0.00431746 -0.00445888 -0.0048491 -0.00544258 -0.00621841 -0.00716804 -0.00825897 -0.00943218 -0.0106028 -0.0116766 -0.012577 -0.0131878 -0.0133921 -0.0130971 -0.0122664 -0.0108657 -0.00891725 -0.00649969 -0.0037462 -0.000843002 0.00203033 0.00470587 0.00699794 0.00877432 0.00994733 0.0104935 0.0104681 0.00994083 0.00903821 0.00792313 0.00674445 0.00561547 0.00459948 0.00371608 0.00299345 0.00243622 0.00203349 0.00174153 0.00152308 0.00135037 0.00122232 0.00113394 0.00108165 0.00104919 0.00103502 0.00102944 0.00103738 0.0010511 0.0010755 0.00110784 0.00115166 0.00120077 0.00125625 0.00131072 0.00137133 0.00142821 0.00148347 0.00153079 0.00157438 0.00161186 0.00164908 0.0016918 0.00178111 0.00197249 0.0023286 0.00288007 0.00364459 0.00460612 0.0057489 0.00701711 0.00828779 0.00940329 0.0101992 0.0105218 0.0102814 0.00940557 0.00788752 0.00581307 0.00331133 0.000564075 -0.00224899 -0.00495529 -0.00736294 -0.00932707 -0.010772 -0.011657 -0.0120014 -0.0118441 -0.0112727 -0.0104001 -0.00935211 -0.00820989 -0.00705369 -0.00596497 -0.00499899 -0.00419358 -0.00358121 -0.00317288 -0.00300663 -0.00307988 -0.00337632 -0.00392274 -0.00473795 -0.00583278 -0.00720417 -0.00886208 -0.0107898 -0.0129671 -0.0153543 -0.0179047 -0.0205727 -0.0232715 -0.0258782 -0.0283102 -0.0304666 -0.0322122 -0.033419 -0.0339833 -0.0338179 -0.032859 -0.0311111 -0.0285885 -0.025344 -0.0214359 -0.0169632 -0.0120812 -0.00695898 -0.00175549 0.00336861 0.00823129 0.0127111 0.0167 0.0200925 0.0228316 0.024916 0.0263446 0.0271354 0.0273713 0.0271282 0.0264701 0.0254995 0.0243435 0.0230863 0.0217925 0.0205391 0.0193871 0.0183942 0.01763 0.0171282 
0 0.00249504 0.00497549 0.00744641 0.00989138 0.0122985 0.0146106 0.0167803 0.0187466 0.0204492 0.0218264 0.0227728 0.0232071 0.0230529 0.0222702 0.0208099 0.0186501 0.0158081 0.0123023 0.00820539 0.00361145 -0.00136121 -0.00658934 -0.0118991 -0.0171084 -0.0220754 -0.0266558 -0.0307019 -0.0340952 -0.0367536 -0.038612 -0.0396536 -0.0398941 -0.0393873 -0.0381906 -0.0364027 -0.0341413 -0.0315395 -0.0287258 -0.0257891 -0.022847 -0.0199847 -0.0172668 -0.0147491 -0.0124923 -0.01053 -0.00887176 -0.00752115 -0.00648886 -0.00576546 -0.00533596 -0.00518168 -0.00529646 -0.00569607 -0.0063383 -0.00720241 -0.00826271 -0.00948086 -0.01079 -0.0120974 -0.0133043 -0.0143221 -0.0150146 -0.0152452 -0.0149113 -0.0139567 -0.0123624 -0.0101467 -0.0074104 -0.00430478 -0.00102104 0.0022402 0.00527153 0.00788442 0.00990907 0.0112522 0.0118876 0.0118725 0.0112946 0.0102963 0.00905104 0.00773162 0.00644998 0.00528767 0.00427955 0.00344839 0.00280996 0.00235345 0.0020211 0.001775 0.0015832 0.00142875 0.00131655 0.00124503 0.00119704 0.0011773 0.00117933 0.00119215 0.0012158 0.00124669 0.00127731 0.00131829 0.00136847 0.00142298 0.00148917 0.00156469 0.00163444 0.00170081 0.00175397 0.00179108 0.00182693 0.00186792 0.00192408 0.00204919 0.00229484 0.00271793 0.00336241 0.00423896 0.0053315 0.0066287 0.00805501 0.00948001 0.0107249 0.0116023 0.0119416 0.0116356 0.0106118 0.0088815 0.00652143 0.003692 0.000582958 -0.00260843 -0.00567608 -0.00840126 -0.0106289 -0.0122564 -0.0132524 -0.0136339 -0.0134593 -0.0128281 -0.0118568 -0.0106765 -0.00939062 -0.00809075 -0.00686959 -0.00579882 -0.00491557 -0.00425552 -0.00382544 -0.00366672 -0.00378321 -0.00417318 -0.00485704 -0.00584901 -0.00714959 -0.00875624 -0.0106644 -0.0128621 -0.0153147 -0.0179632 -0.0207548 -0.0236192 -0.0264777 -0.0292046 -0.0317044 -0.033864 -0.0355467 -0.0366372 -0.0370368 -0.0366716 -0.0354906 -0.0334944 -0.0307126 -0.0271998 -0.023022 -0.0182918 -0.0131602 -0.00780322 -0.00236278 0.00301465 0.00816957 0.0129713 0.0172797 0.0209953 0.0240623 0.0264948 0.0282833 0.0294178 0.0299487 0.0299388 0.0294863 0.0286884 0.0276563 0.0264616 0.0251794 0.0239153 0.0227418 0.0217288 0.0209252 0.0203787 
0 0.00282409 0.00564847 0.00843716 0.0111686 0.0137707 0.0162215 0.0184641 0.0204492 0.0221069 0.0233402 0.0240867 0.0242594 0.02383 0.0227397 0.0209675 0.0185146 0.015397 0.0116648 0.00736194 0.00259962 -0.00251267 -0.00782971 -0.013205 -0.0184943 -0.0235642 -0.0282733 -0.0324758 -0.0360484 -0.038905 -0.0409926 -0.0422667 -0.0427439 -0.0424342 -0.0414161 -0.0397613 -0.0375875 -0.0350163 -0.0321438 -0.0291032 -0.0259927 -0.0229343 -0.0199944 -0.0172371 -0.0147215 -0.0124945 -0.0105809 -0.00901195 -0.00778468 -0.00691029 -0.00636229 -0.00612671 -0.00621473 -0.00659663 -0.00727878 -0.00821742 -0.00938492 -0.0107218 -0.0121537 -0.0135951 -0.0149464 -0.0160562 -0.0168074 -0.0170546 -0.0166854 -0.0156206 -0.0138346 -0.0113775 -0.00833675 -0.00487919 -0.00122652 0.00240392 0.00579915 0.00871684 0.0109895 0.0125043 0.0132443 0.0132455 0.0126255 0.0115348 0.0101667 0.00869213 0.00727596 0.00598082 0.00485454 0.00393301 0.00321978 0.00268098 0.00230424 0.00201712 0.00179128 0.00162675 0.00150643 0.00141525 0.00136936 0.00133859 0.00132637 0.00133897 0.00136121 0.00138703 0.00143561 0.00148448 0.00154048 0.00161067 0.00168104 0.00174887 0.00182944 0.00188966 0.00194129 0.00199457 0.00203968 0.00208985 0.00218364 0.00233271 0.00262134 0.00311477 0.00384612 0.00483279 0.00608124 0.00752912 0.0091111 0.0106773 0.0120362 0.0129723 0.0133194 0.0129382 0.0117678 0.00980704 0.00717615 0.00402311 0.000554483 -0.00299307 -0.00639141 -0.00942876 -0.0119001 -0.0137083 -0.014822 -0.0152572 -0.015074 -0.0143647 -0.0132975 -0.0119966 -0.0105708 -0.00913271 -0.00779262 -0.00662528 -0.00568605 -0.00497707 -0.00455502 -0.00442422 -0.0046063 -0.00511016 -0.00594212 -0.00712411 -0.00864054 -0.0104801 -0.0126348 -0.0150834 -0.017781 -0.0206634 -0.0236395 -0.0266521 -0.0295861 -0.0323563 -0.0348359 -0.0369033 -0.0384351 -0.0393122 -0.0394795 -0.0388726 -0.0374661 -0.0352427 -0.0322358 -0.0285053 -0.02415 -0.0192843 -0.0140554 -0.00859432 -0.00303839 0.00246868 0.00779052 0.0127773 0.0173266 0.0213162 0.0247105 0.0274839 0.0296269 0.0311352 0.032012 0.0323373 0.0321751 0.031643 0.0308109 0.0297574 0.0285802 0.0273792 0.0262675 0.0252799 0.024482 0.0239106 
0 0.00315367 0.00628534 0.00936899 0.0123133 0.0150857 0.0176198 0.0198901 0.0218264 0.0233402 0.0243706 0.0248373 0.0247269 0.0239763 0.0225638 0.0204839 0.0177529 0.014421 0.0105085 0.00609811 0.0012683 -0.00385472 -0.00913305 -0.014461 -0.0197103 -0.0247647 -0.0294836 -0.0337395 -0.0374244 -0.0404353 -0.0427204 -0.0442318 -0.0449506 -0.0449117 -0.0441387 -0.0427128 -0.0407146 -0.0382453 -0.0354234 -0.032352 -0.0291735 -0.0259695 -0.0228455 -0.0198745 -0.0171191 -0.0146508 -0.0125033 -0.0107 -0.00926582 -0.00820877 -0.00751852 -0.00719825 -0.00722671 -0.00760958 -0.00830657 -0.00929282 -0.0105286 -0.0119756 -0.013545 -0.0151125 -0.0165572 -0.0177718 -0.0185841 -0.0188338 -0.0184147 -0.0172391 -0.0153006 -0.0125964 -0.00925217 -0.00546071 -0.00143016 0.00257904 0.00628265 0.0095014 0.0120125 0.0137083 0.0145545 0.0145948 0.0139417 0.0127692 0.0112763 0.00968379 0.00811305 0.00668344 0.00545459 0.00443034 0.00363337 0.0030503 0.00260528 0.00227309 0.00202775 0.00182812 0.00169088 0.00160985 0.00154678 0.00151046 0.00150044 0.00148613 0.00150078 0.00154051 0.0015858 0.0016559 0.00173747 0.00179992 0.00187384 0.00194533 0.00200474 0.00207536 0.00214457 0.00219547 0.00226024 0.0023342 0.00243001 0.00262664 0.00297474 0.0035299 0.00436447 0.00548009 0.00685351 0.00846503 0.0101923 0.011885 0.0133305 0.0143166 0.0146535 0.0141973 0.0128777 0.0107247 0.00779237 0.00430988 0.000500602 -0.00339849 -0.00711845 -0.0104184 -0.0131389 -0.0151337 -0.0163686 -0.0168401 -0.0166422 -0.0159005 -0.0147329 -0.0132965 -0.0117526 -0.0102151 -0.00877565 -0.00752167 -0.00650493 -0.00578372 -0.00537131 -0.00530092 -0.00557582 -0.00621073 -0.007209 -0.00857884 -0.0103141 -0.0124017 -0.0147972 -0.0174765 -0.0203753 -0.0234132 -0.0265301 -0.0296059 -0.0325628 -0.035275 -0.0376281 -0.0395069 -0.0407941 -0.0414176 -0.0413058 -0.0404349 -0.0387874 -0.0363501 -0.0331693 -0.0293044 -0.0248624 -0.0199775 -0.0147526 -0.00931192 -0.0037575 0.0017618 0.0071128 0.0121845 0.0168609 0.0210901 0.0247763 0.0278805 0.030372 0.0322501 0.0335478 0.0342754 0.0345173 0.0343158 0.0337657 0.0329534 0.0319752 0.0309489 0.0299382 0.0290392 0.0282791 0.0277345 
0 0.00345664 0.00686705 0.0101526 0.0132753 0.0161462 0.0187384 0.0209686 0.0227728 0.0240867 0.0248373 0.0250133 0.0245623 0.023486 0.0217502 0.0193879 0.0164307 0.0129071 0.00889463 0.00445512 -0.000312012 -0.0053306 -0.010474 -0.0156562 -0.0207665 -0.0256881 -0.0303072 -0.0345378 -0.0382709 -0.0413909 -0.0438468 -0.045566 -0.0465618 -0.0468101 -0.0463597 -0.0452217 -0.0434707 -0.0412041 -0.0385006 -0.0355146 -0.0323259 -0.0290515 -0.025792 -0.0226452 -0.0196845 -0.0169912 -0.0146053 -0.012582 -0.0109217 -0.00967544 -0.00883215 -0.00839998 -0.00838177 -0.00870772 -0.00940893 -0.0104346 -0.0117444 -0.0132689 -0.0149248 -0.0166068 -0.0181932 -0.0194754 -0.0203277 -0.0205916 -0.0201412 -0.0188564 -0.01672 -0.0137853 -0.0101548 -0.00603129 -0.00166593 0.00267845 0.00673774 0.0102408 0.0129896 0.0148542 0.0158126 0.0158842 0.0152211 0.0139905 0.012409 0.0106719 0.00898007 0.00741592 0.00605869 0.00494259 0.00407136 0.00339702 0.00292371 0.00256102 0.00228236 0.00207508 0.00191649 0.00178634 0.00171752 0.00166582 0.00164682 0.00165702 0.00168525 0.00171483 0.00177356 0.00182781 0.001892 0.00197112 0.00205618 0.00212987 0.00222387 0.00228856 0.00234582 0.00240769 0.00246805 0.00254286 0.00269663 0.00293028 0.00334284 0.00399484 0.00492719 0.00615137 0.00768082 0.00941923 0.0112767 0.0130789 0.0146145 0.0156333 0.0159572 0.01541 0.0139353 0.0115403 0.00836101 0.00457689 0.000423935 -0.00380911 -0.00783814 -0.0114376 -0.0143765 -0.0165299 -0.0178698 -0.0184014 -0.0182036 -0.0173816 -0.0161411 -0.014622 -0.0129742 -0.0113272 -0.00979961 -0.00847674 -0.00743161 -0.00667398 -0.00630127 -0.00629521 -0.00668107 -0.00747203 -0.00864627 -0.0102279 -0.0121895 -0.0145091 -0.0171331 -0.0200064 -0.0230513 -0.0262015 -0.029363 -0.0324566 -0.035334 -0.0379156 -0.0400499 -0.0416446 -0.0426379 -0.0429487 -0.0425485 -0.0413878 -0.0394886 -0.0368507 -0.0335464 -0.0296325 -0.0252091 -0.0203808 -0.015255 -0.00992231 -0.0044947 0.000905843 0.00619457 0.0112435 0.0159962 0.020369 0.0243069 0.027708 0.0305382 0.0328183 0.0345392 0.0357449 0.0364295 0.0366533 0.0364676 0.0359913 0.0353316 0.0345433 0.0337286 0.0329499 0.0323066 0.0318374 
0 0.00370463 0.00730827 0.0107538 0.0139642 0.0169018 0.0194684 0.021594 0.0232071 0.0242594 0.0247269 0.0245623 0.0237762 0.0223565 0.0203302 0.0177315 0.0145825 0.0109412 0.00688271 0.00251852 -0.00210158 -0.00692045 -0.0118352 -0.0167793 -0.0216498 -0.0263492 -0.0307909 -0.0349101 -0.0386205 -0.0417964 -0.0443915 -0.0463417 -0.0476082 -0.0481894 -0.0480716 -0.0472827 -0.0458567 -0.0438594 -0.0413763 -0.0385148 -0.0353966 -0.0321078 -0.0287853 -0.0255292 -0.022406 -0.0195095 -0.0169066 -0.0146487 -0.0127801 -0.0113353 -0.0103156 -0.00974461 -0.00960733 -0.00989146 -0.0105808 -0.0116354 -0.0129963 -0.0146052 -0.0163604 -0.0181278 -0.0197735 -0.0211532 -0.0220664 -0.022329 -0.0218176 -0.0204166 -0.0181276 -0.0149645 -0.011064 -0.006647 -0.00193792 0.00275833 0.00710901 0.010906 0.0138941 0.0159389 0.0170052 0.0171283 0.0164515 0.0151727 0.013504 0.0116772 0.00984326 0.00814592 0.00667736 0.00545318 0.00449629 0.00378526 0.00324899 0.00284672 0.00254683 0.00229618 0.00210761 0.00198134 0.00188783 0.00183338 0.00182163 0.00180987 0.00183216 0.00187771 0.00192443 0.00199373 0.00207543 0.00214106 0.00222801 0.00231179 0.00238725 0.00247025 0.00254677 0.00260339 0.00267706 0.00277428 0.00293299 0.00323256 0.00372817 0.00446585 0.00551142 0.00686351 0.00850225 0.010383 0.0123649 0.014274 0.0158705 0.0169133 0.0171959 0.0165433 0.0149007 0.0123132 0.00884876 0.00476339 0.00030641 -0.0042466 -0.00857409 -0.0124196 -0.0155902 -0.0179156 -0.0193571 -0.019911 -0.019703 -0.018882 -0.0175751 -0.0159474 -0.0141939 -0.0124594 -0.0108524 -0.00947424 -0.00839667 -0.00768002 -0.0073568 -0.00743973 -0.00794436 -0.00889886 -0.0102812 -0.012075 -0.0142536 -0.0167803 -0.0195837 -0.0226115 -0.0257726 -0.0289789 -0.032155 -0.0351574 -0.0378873 -0.0402357 -0.0420812 -0.0433442 -0.0439703 -0.0439357 -0.0431936 -0.0417423 -0.0396031 -0.0368002 -0.0334256 -0.029532 -0.0252024 -0.0205256 -0.0155695 -0.0104404 -0.00523405 -4.61214e-05 0.00507886 0.0100604 0.0147988 0.0192597 0.0233547 0.0270119 0.0301852 0.0328636 0.0350429 0.0367025 0.0378866 0.0385891 0.0388734 0.038835 0.0385581 0.0381124 0.0375493 0.037 0.0365213 0.0361817 
0 0.00384449 0.00757432 0.0110968 0.0143561 0.0172608 0.0197323 0.021679 0.0230529 0.02383 0.0239763 0.023486 0.0223565 0.0206325 0.018343 0.0155439 0.0122745 0.00858751 0.00458758 0.000358188 -0.00405024 -0.00860127 -0.0132013 -0.0178118 -0.0223706 -0.026794 -0.0309976 -0.0349402 -0.0385479 -0.0417245 -0.0444374 -0.0465928 -0.0481427 -0.0490307 -0.0492704 -0.0488541 -0.0478032 -0.0461571 -0.0439532 -0.0413182 -0.038337 -0.0351215 -0.0318039 -0.0284912 -0.0252508 -0.0221871 -0.0193824 -0.0169222 -0.014836 -0.0131872 -0.011983 -0.0112551 -0.0110123 -0.0112027 -0.0118576 -0.0129229 -0.0143267 -0.0159843 -0.0178044 -0.0196624 -0.0214125 -0.022833 -0.0237599 -0.0240191 -0.0234655 -0.0219588 -0.0194937 -0.016121 -0.0119651 -0.00725055 -0.00223704 0.00276864 0.00744608 0.0115139 0.0147359 0.0169634 0.0181571 0.0183368 0.0176703 0.0163476 0.0146003 0.0126502 0.0107101 0.00890332 0.00733242 0.00602644 0.00498869 0.00417661 0.00358374 0.00313332 0.00279836 0.00254408 0.00234806 0.00219281 0.00209454 0.0020197 0.00198563 0.00197613 0.00199762 0.00203361 0.00209696 0.00216613 0.0022466 0.00233105 0.00242329 0.00249719 0.00258168 0.00264806 0.00271471 0.00279205 0.00288662 0.00301258 0.00323785 0.00358413 0.0041421 0.00496768 0.00611173 0.00758224 0.00937753 0.0113906 0.0134896 0.0154767 0.0171205 0.0181569 0.018387 0.0176227 0.0158126 0.0129888 0.00928578 0.00492145 0.000155515 -0.00469485 -0.00929812 -0.0134032 -0.0167733 -0.0192499 -0.0207981 -0.0214219 -0.0212265 -0.0203465 -0.0189795 -0.0172865 -0.0154552 -0.0136377 -0.0119701 -0.0105609 -0.00949371 -0.00879811 -0.0085548 -0.00874231 -0.00939115 -0.010527 -0.0121084 -0.0141187 -0.0165001 -0.0192044 -0.0221557 -0.0252868 -0.0285011 -0.0317111 -0.0348036 -0.037652 -0.0401259 -0.0421729 -0.0436721 -0.0445599 -0.0448081 -0.0443841 -0.043294 -0.0415451 -0.0391995 -0.0362834 -0.0328852 -0.0290558 -0.0248752 -0.0204154 -0.0157258 -0.0108755 -0.00596011 -0.00104855 0.00385669 0.00868008 0.0133534 0.0178142 0.022013 0.0258712 0.0293563 0.0324418 0.0350558 0.0371927 0.0388727 0.0401249 0.0409568 0.0414327 0.0416217 0.0415723 0.0413772 0.0411248 0.0408875 0.0407002 
0 0.00386959 0.0076239 0.0111617 0.0143761 0.0171678 0.0194509 0.0211659 0.0222702 0.0227397 0.0225638 0.0217502 0.0203302 0.018343 0.0158371 0.012891 0.00957356 0.00594568 0.00208221 -0.00194859 -0.00610319 -0.0103314 -0.0145557 -0.018775 -0.0229672 -0.0270574 -0.0309712 -0.034678 -0.0381338 -0.0412608 -0.0440321 -0.0463577 -0.0481555 -0.0493666 -0.0499713 -0.0499539 -0.0493074 -0.048049 -0.0462078 -0.0438774 -0.0411319 -0.038061 -0.0348056 -0.0314862 -0.0281821 -0.0250027 -0.0220459 -0.0193917 -0.0170974 -0.015234 -0.013835 -0.0129453 -0.0125705 -0.0126745 -0.0132677 -0.0143024 -0.015711 -0.017414 -0.0193014 -0.0212236 -0.0230183 -0.0244873 -0.0254344 -0.0256756 -0.0250629 -0.0234583 -0.0208468 -0.0172689 -0.0128603 -0.00786025 -0.00253379 0.00277891 0.00772877 0.012052 0.0154991 0.0179092 0.0192324 0.0194906 0.0188435 0.0174996 0.0156927 0.0136575 0.0115997 0.00967493 0.00799508 0.0065914 0.00546991 0.00459893 0.0039442 0.00344914 0.00308148 0.00279427 0.00257337 0.00241083 0.00229523 0.00221269 0.00217117 0.00214603 0.00215841 0.00219947 0.00225994 0.00233944 0.00242885 0.00251084 0.00260106 0.00267611 0.0027498 0.00282407 0.00290261 0.00298984 0.00310336 0.003259 0.00351671 0.00393164 0.00457733 0.00550492 0.00676542 0.00836449 0.010281 0.0124166 0.0146147 0.0166678 0.0183314 0.0193507 0.0195145 0.0186354 0.0166632 0.0136379 0.00967482 0.00502166 -3.77252e-05 -0.00517533 -0.010036 -0.0143569 -0.0179161 -0.0205491 -0.0222032 -0.0228776 -0.0226942 -0.0218108 -0.0203952 -0.018631 -0.016735 -0.0148761 -0.0131797 -0.0117517 -0.0106854 -0.0100437 -0.00989112 -0.0102151 -0.0110336 -0.0123613 -0.0141461 -0.0163442 -0.0189022 -0.0217593 -0.0248281 -0.0280193 -0.0312218 -0.0343417 -0.0372733 -0.0398748 -0.042038 -0.0437125 -0.0448071 -0.0452795 -0.0451169 -0.044316 -0.0428854 -0.04087 -0.0383459 -0.0353606 -0.0319914 -0.0282735 -0.024283 -0.0200902 -0.0157237 -0.0112195 -0.00664127 -0.00203777 0.00259282 0.00719549 0.0117134 0.01612 0.0203644 0.0243762 0.028122 0.0315614 0.034609 0.037223 0.0394382 0.041266 0.0426979 0.0437537 0.044473 0.044914 0.045155 0.0452813 0.0453206 0.0453123 
0 0.00376859 0.00742627 0.0108603 0.0139228 0.0165109 0.0185461 0.0199941 0.0208099 0.0209675 0.0204839 0.0193879 0.0177315 0.0155439 0.012891 0.00987507 0.00658732 0.0030877 -0.000576468 -0.00434709 -0.00818807 -0.0120486 -0.0158736 -0.0196764 -0.0234544 -0.027155 -0.0307368 -0.0341899 -0.0374757 -0.0405168 -0.0432885 -0.0457265 -0.0477401 -0.0492606 -0.0502277 -0.0506058 -0.0503689 -0.0495231 -0.0480927 -0.0461325 -0.0436946 -0.0408446 -0.0377249 -0.0344648 -0.0311549 -0.027908 -0.0248359 -0.0220207 -0.0195407 -0.0174758 -0.0158847 -0.0148235 -0.0142969 -0.0142881 -0.0148006 -0.0157966 -0.0171959 -0.0189115 -0.0208323 -0.0228052 -0.0246445 -0.0261474 -0.0271011 -0.0273228 -0.0266485 -0.0249336 -0.0221627 -0.018386 -0.0137495 -0.00849349 -0.00288841 0.00271429 0.00794551 0.0125271 0.0161939 0.0187806 0.0202295 0.0205718 0.0199642 0.018623 0.0167767 0.0146681 0.0125059 0.010469 0.0086786 0.00717518 0.00596443 0.00502537 0.0043144 0.00378333 0.00338843 0.00307374 0.00282204 0.00263238 0.00248949 0.00239446 0.00234994 0.00232892 0.002346 0.00238989 0.00244045 0.00250865 0.00258813 0.00266779 0.00276431 0.00285395 0.00293422 0.00301499 0.00309523 0.00318479 0.0033108 0.00349889 0.00380658 0.00430176 0.00504427 0.00608261 0.00746069 0.00918342 0.0112163 0.0134587 0.0157358 0.0178377 0.0195119 0.0205044 0.0205887 0.0195788 0.0174227 0.0141801 0.0099755 0.00506586 -0.00025949 -0.00566276 -0.0107765 -0.0153178 -0.0190603 -0.0218331 -0.0235831 -0.0243151 -0.0241492 -0.0232586 -0.0218121 -0.0200109 -0.018074 -0.0161788 -0.0144621 -0.0130404 -0.0120068 -0.0114416 -0.0113956 -0.011867 -0.0128609 -0.014378 -0.0163555 -0.018726 -0.0214313 -0.0244001 -0.0275354 -0.0307271 -0.0338499 -0.0368035 -0.0394926 -0.0417791 -0.0435796 -0.0448435 -0.0455024 -0.0455326 -0.0449489 -0.0437823 -0.0420489 -0.0398072 -0.0371363 -0.0341097 -0.0308051 -0.0272486 -0.0234937 -0.0195984 -0.0155799 -0.0114546 -0.00725197 -0.00298883 0.00133759 0.0056806 0.00999569 0.0142972 0.0185428 0.0226589 0.0265993 0.0303244 0.0337643 0.036856 0.0396138 0.042015 0.044045 0.0457086 0.0470252 0.0480357 0.0487843 0.0493412 0.0497091 0.0499266 
0 0.00354796 0.00697932 0.0101551 0.0129556 0.0152518 0.0169973 0.0181414 0.0186501 0.0185146 0.0177529 0.0164307 0.0145825 0.0122745 0.00957356 0.00658732 0.00340413 7.2823e-05 -0.00333848 -0.00679172 -0.0102614 -0.0137266 -0.0171464 -0.020519 -0.0238511 -0.02713 -0.0303526 -0.0335345 -0.0366191 -0.0395386 -0.0422743 -0.044774 -0.0469685 -0.0487477 -0.0500579 -0.0508235 -0.051009 -0.0506029 -0.0495978 -0.0480452 -0.0459595 -0.0434104 -0.0405149 -0.0373927 -0.0341385 -0.0308748 -0.0277239 -0.0247994 -0.0221678 -0.0199267 -0.0181461 -0.0168886 -0.0161951 -0.0160427 -0.0164621 -0.0174057 -0.0187832 -0.0204913 -0.0224207 -0.0244175 -0.0262957 -0.0278044 -0.0287519 -0.028944 -0.028194 -0.0263658 -0.0234376 -0.019484 -0.0146426 -0.00914123 -0.00328048 0.00258523 0.00809885 0.0129194 0.0168056 0.019578 0.0211651 0.0215972 0.0210435 0.0197087 0.0178376 0.0156572 0.0134133 0.0112765 0.00938198 0.00778879 0.00649667 0.00546992 0.00470305 0.00412169 0.00368109 0.00334535 0.00307648 0.00285988 0.00271319 0.002604 0.00253666 0.00251252 0.00252116 0.00255195 0.00261383 0.00267931 0.00275307 0.00284277 0.00293465 0.00301444 0.00310319 0.00317876 0.00326312 0.00337886 0.00353021 0.00375424 0.00413137 0.00469702 0.00553224 0.00668424 0.00817811 0.0100189 0.0121784 0.0145184 0.0168708 0.0190009 0.0206687 0.0216056 0.0215871 0.0204353 0.0180999 0.014628 0.0102039 0.00505204 -0.000525521 -0.00616532 -0.0115063 -0.0162609 -0.0201768 -0.0230905 -0.024932 -0.0257294 -0.0255982 -0.0246999 -0.0232461 -0.0214265 -0.0194608 -0.0175376 -0.0158155 -0.0144223 -0.013464 -0.0130001 -0.0130974 -0.0137234 -0.0148874 -0.0165782 -0.0187229 -0.0212493 -0.0240665 -0.027094 -0.0302284 -0.033347 -0.0363248 -0.0390611 -0.0414401 -0.0433592 -0.0447304 -0.0455478 -0.0457547 -0.045341 -0.0443515 -0.0428235 -0.0408228 -0.0383963 -0.0356339 -0.0326103 -0.0293993 -0.0260352 -0.0225495 -0.018974 -0.0153141 -0.0115694 -0.00776 -0.00386803 0.000131656 0.0041918 0.00829433 0.0124433 0.0166379 0.0207956 0.0248673 0.0288241 0.0325976 0.0361518 0.0394302 0.0424005 0.0450182 0.047301 0.0492644 0.0508877 0.0521975 0.0532052 0.0539455 0.0544247 
0 0.00320387 0.00625563 0.00904973 0.0114567 0.0134049 0.0147991 0.0156094 0.0158081 0.015397 0.014421 0.0129071 0.0109412 0.00858751 0.00594568 0.0030877 7.2823e-05 -0.00302579 -0.00614308 -0.0092312 -0.0123032 -0.0153514 -0.0183468 -0.0212813 -0.0241785 -0.0270431 -0.02991 -0.0327793 -0.0356273 -0.038398 -0.0410623 -0.0435952 -0.0458846 -0.0478758 -0.049467 -0.0506087 -0.0512227 -0.0512557 -0.0507107 -0.0495834 -0.0479137 -0.0457319 -0.0431352 -0.040222 -0.0370906 -0.033864 -0.0307001 -0.0276895 -0.0249505 -0.0225546 -0.0206014 -0.0191703 -0.0182904 -0.0180063 -0.0183018 -0.0191512 -0.0204689 -0.02216 -0.0240881 -0.0260886 -0.0279432 -0.0294637 -0.0303899 -0.0305258 -0.0296927 -0.027763 -0.0246993 -0.0205641 -0.0155141 -0.00978848 -0.00367467 0.0024462 0.00817857 0.0132372 0.0173388 0.0202969 0.0220322 0.0225831 0.0220821 0.020772 0.0188769 0.0166587 0.0143283 0.012108 0.0101253 0.00843726 0.00704764 0.00595975 0.00510321 0.00446875 0.0039961 0.00362523 0.00333508 0.00312669 0.00294943 0.00283051 0.00275104 0.00269867 0.00269068 0.00273214 0.00277658 0.00285313 0.00293788 0.00301807 0.00310481 0.00319371 0.0032539 0.00333863 0.00343889 0.00356728 0.00375867 0.00404906 0.00447125 0.00513275 0.00606497 0.00732051 0.00893132 0.0109035 0.0131654 0.0156093 0.0180174 0.0201685 0.0217893 0.0226521 0.0225169 0.0212145 0.0186957 0.0150429 0.010381 0.0049879 -0.000820704 -0.00669229 -0.012248 -0.0171744 -0.0212469 -0.0242996 -0.0262503 -0.0271121 -0.0270129 -0.0261608 -0.0247041 -0.0228719 -0.0208947 -0.0189871 -0.0172984 -0.0159591 -0.0150715 -0.0147443 -0.0149763 -0.015773 -0.017106 -0.0189531 -0.0212532 -0.0238878 -0.0267802 -0.0298154 -0.0328841 -0.0358581 -0.038616 -0.0410516 -0.0430718 -0.0445492 -0.0454649 -0.0457952 -0.0455481 -0.0447222 -0.0433496 -0.0415168 -0.039268 -0.036713 -0.0339109 -0.0309446 -0.0278603 -0.0246901 -0.0214759 -0.01823 -0.0149332 -0.0115695 -0.00814249 -0.0046255 -0.000982469 0.00278874 0.0066524 0.0106372 0.0147175 0.0188602 0.0230205 0.0271577 0.0312359 0.0351765 0.0389488 0.0424546 0.0456643 0.0485726 0.0511692 0.053428 0.0552899 0.0567873 0.057906 0.05867 
0 0.00269793 0.00524546 0.00751764 0.00945767 0.0109571 0.0119603 0.0124077 0.0123023 0.0116648 0.0105085 0.00889463 0.00688271 0.00458758 0.00208221 -0.000576468 -0.00333848 -0.00614308 -0.00891491 -0.0116335 -0.0143011 -0.016911 -0.0194607 -0.0219642 -0.024452 -0.0269412 -0.0294401 -0.0319891 -0.0345709 -0.0371699 -0.0397435 -0.0422376 -0.0445933 -0.0467163 -0.0485593 -0.050023 -0.0510258 -0.0514977 -0.0514056 -0.0507517 -0.0495251 -0.047756 -0.0455101 -0.04287 -0.0399356 -0.0368358 -0.0337005 -0.0306709 -0.0278356 -0.025316 -0.0232258 -0.0216389 -0.0206109 -0.020157 -0.0203111 -0.0210551 -0.0222956 -0.0239233 -0.0258166 -0.0278026 -0.0296636 -0.0311241 -0.0320014 -0.0320959 -0.0311889 -0.0291491 -0.0259352 -0.0216306 -0.0163903 -0.0104359 -0.00410848 0.00223075 0.00822067 0.0134816 0.017777 0.0209205 0.0228066 0.0234716 0.02307 0.021801 0.019915 0.0176514 0.0152691 0.012963 0.0108815 0.00909987 0.00762465 0.00643313 0.00552754 0.0048448 0.00432555 0.00393768 0.00362957 0.00337247 0.0031923 0.00305232 0.0029474 0.00290638 0.00289819 0.0029142 0.00297184 0.00302447 0.00308585 0.00317814 0.00326478 0.00334716 0.00343858 0.00351473 0.00361457 0.00377007 0.00398852 0.00432112 0.00484195 0.0055881 0.0066285 0.00800731 0.00973851 0.0118184 0.0141957 0.0167085 0.019155 0.0212843 0.0228633 0.0236341 0.0233702 0.0219228 0.019229 0.0153434 0.0104858 0.00487514 -0.0011666 -0.00724298 -0.0129939 -0.0180996 -0.022313 -0.0254797 -0.0275185 -0.0284798 -0.028459 -0.0276095 -0.0261755 -0.0243687 -0.022422 -0.0205422 -0.018904 -0.0176476 -0.0168732 -0.0166504 -0.0170297 -0.0179846 -0.019491 -0.0214907 -0.0238941 -0.0266046 -0.0295022 -0.0324895 -0.0354361 -0.0382007 -0.0406642 -0.0427328 -0.044311 -0.0453378 -0.0457705 -0.0456338 -0.0449397 -0.0437086 -0.0420107 -0.0399036 -0.0374903 -0.0348391 -0.0320455 -0.029172 -0.0262383 -0.0232806 -0.0203256 -0.017397 -0.0144583 -0.0114618 -0.00839416 -0.00522796 -0.00192599 0.00153031 0.00515913 0.00894711 0.0128967 0.0169751 0.0211699 0.0254572 0.0297598 0.0340367 0.0382046 0.0422202 0.0460013 0.0495118 0.0527206 0.0555521 0.0579822 0.0599524 0.0614764 0.0625154 
