0 0 0 0 0 0 0 0 0 0 0 0 0 0 0 0 0 0 0 0 0 0 0 0 0 0 0 0 0 0 0 0 0 0 0 0 0 0 0 0 0 0 0 0 0 0 0 0 0 0 0 0 0 0 0 0 0 0 0 0 0 0 0 0 0 0 0 0 0 0 0 0 0 0 0 0 0 0 0 0 0 0 0 0 0 0 0 0 0 0 0 0 0 0 0 0 0 0 0 0 0 0 0 0 0 0 0 0 0 0 0 0 0 0 0 0 0 0 0 0 0 0 0 0 0 0 0 0 0 0 0 0 0 0 0 0 0 0 0 0 0 0 0 0 0 0 0 0 0 0 0 0 0 0 0 0 0 0 0 0 0 0 0 0 0 0 0 0 0 0 0 0 0 0 0 0 0 0 0 0 0 0 0 0 0 0 0 0 0 0 0 0 0 0 0 0 0 0 0 0 
0 9.85216e-06 1.51992e-05 1.55218e-05 1.9459e-05 3.61946e-05 4.61924e-05 4.8094e-05 5.71745e-05 7.01868e-05 7.9512e-05 8.63272e-05 9.9245e-05 0.000105945 0.000109422 0.000110048 0.000107404 0.00010908 9.87258e-05 7.45451e-05 3.58468e-05 3.08864e-06 -3.81309e-05 -0.000106879 -0.000199831 -0.000309375 -0.000408494 -0.000524409 -0.000662077 -0.000816317 -0.000958728 -0.00106561 -0.00113488 -0.00116431 -0.00115765 -0.00106943 -0.000875374 -0.000585701 -0.00021344 0.000230196 0.000735155 0.00129769 0.00188465 0.00247484 0.00303003 0.00353128 0.00396113 0.00431536 0.00459429 0.00476677 0.0048412 0.00480704 0.0046772 0.00444723 0.00410234 0.00363159 0.00303604 0.00231301 0.00150136 0.00062008 -0.000308666 -0.00125208 -0.00216973 -0.00302581 -0.00378022 -0.00438538 -0.00482854 -0.0051095 -0.0052413 -0.00522143 -0.00507465 -0.00481317 -0.00446311 -0.00404513 -0.00359378 -0.003125 -0.00267341 -0.00224096 -0.00184289 -0.00148676 -0.001192 -0.00094114 -0.000732855 -0.000561642 -0.000421286 -0.000306987 -0.000221234 -0.000142726 -8.70126e-05 -4.94131e-05 -2.16263e-05 -8.23562e-06 -2.67823e-06 4.79526e-06 5.69235e-06 1.07761e-05 1.73606e-05 2.0484e-05 2.36332e-05 2.75617e-05 2.4521e-05 2.12574e-05 1.89542e-05 1.52161e-05 1.66779e-05 2.16954e-05 1.99478e-05 2.29827e-05 1.82584e-05 3.07446e-06 -1.35208e-05 -4.19734e-05 -8.45222e-05 -0.000131874 -0.000202155 -0.000283766 -0.000387236 -0.000528693 -0.000709914 -0.000922979 -0.00117921 -0.00147296 -0.00181875 -0.00220992 -0.00264073 -0.00309053 -0.00356008 -0.00401549 -0.00443114 -0.00477293 -0.00502874 -0.00516938 -0.00518415 -0.00505345 -0.00476656 -0.00430486 -0.00368306 -0.00291529 -0.00204718 -0.00112896 -0.000198964 0.000711799 0.00157271 0.00235298 0.00304573 0.00361612 0.00404927 0.00436017 0.00456832 0.004682 0.00471609 0.00465842 0.00451934 0.00426888 0.00392968 0.00353317 0.00308236 0.00257541 0.00201985 0.00145712 0.000913526 0.000416938 -1.81618e-05 -0.000383208 -0.000666412 -0.000860629 -0.000968779 -0.000992988 -0.000971101 -0.000900935 -0.000791227 -0.000659121 -0.000521434 -0.000393757 -0.000270651 -0.000160783 -4.75921e-05 4.14759e-05 9.92864e-05 0.000144368 0.000192593 0.000242055 0.000264966 0.00026471 0.000260507 0.000277107 0.000296867 0.000291353 0.000268078 0.000257427 0.000273303 0.000283927 0.000264597 0.000241103 0.000249934 0.00027177 0.00026641 0.000243868 0.00024151 0.000262298 
0 1.51992e-05 3.68971e-05 4.82209e-05 6.50552e-05 8.57409e-05 0.000102256 0.000106117 0.000128121 0.000152172 0.000156143 0.000166638 0.00018077 0.00020094 0.000205681 0.000209448 0.000200894 0.000194522 0.000188848 0.000146595 8.77547e-05 5.86203e-06 -8.08272e-05 -0.000209402 -0.000379686 -0.000585343 -0.000812749 -0.00105413 -0.00133391 -0.00161459 -0.00188798 -0.00211665 -0.00227437 -0.00234186 -0.00230407 -0.00210635 -0.00172059 -0.00115721 -0.000421181 0.000473214 0.00149577 0.00260936 0.00379011 0.00495709 0.00605562 0.00703629 0.00789815 0.00862887 0.00916731 0.00948946 0.00961911 0.0095475 0.00927402 0.00880017 0.00810668 0.00716414 0.00595879 0.00454053 0.00293125 0.00118768 -0.000640425 -0.00248554 -0.00427973 -0.00596654 -0.00744879 -0.00865425 -0.00955762 -0.0101175 -0.0103785 -0.0103589 -0.0100623 -0.00956256 -0.00888445 -0.00806538 -0.00716764 -0.00624214 -0.00534168 -0.00449015 -0.00370568 -0.0030202 -0.00242464 -0.0019243 -0.00149726 -0.00113023 -0.000840143 -0.000618384 -0.000435974 -0.000302749 -0.000199675 -0.000118275 -6.89852e-05 -3.18927e-05 1.86456e-06 1.01197e-05 2.36969e-05 3.33728e-05 2.71792e-05 3.26455e-05 3.42934e-05 2.92951e-05 4.18622e-05 3.88536e-05 3.73158e-05 4.68322e-05 4.24722e-05 4.07803e-05 4.14225e-05 2.42981e-05 1.27882e-05 -7.62203e-06 -4.47685e-05 -8.80369e-05 -0.000155539 -0.000265591 -0.000401383 -0.000580114 -0.000810319 -0.00109576 -0.00145393 -0.00188177 -0.00237062 -0.00295806 -0.00364798 -0.00443672 -0.00529341 -0.00619096 -0.00711002 -0.00799646 -0.00880623 -0.00949097 -0.00997862 -0.0102597 -0.0102747 -0.00998143 -0.0093987 -0.00848663 -0.00725695 -0.00576333 -0.00406815 -0.00226252 -0.000420164 0.00138369 0.00307832 0.00463943 0.00599817 0.00712079 0.00799124 0.00862742 0.00905517 0.00930584 0.00938458 0.00927233 0.0089738 0.00850246 0.00786419 0.00708198 0.00617346 0.00514482 0.00405201 0.00293139 0.00184952 0.000856427 -1.6895e-05 -0.00075419 -0.0013268 -0.00172223 -0.00192951 -0.00198056 -0.00192788 -0.00178821 -0.00157453 -0.00130724 -0.00103767 -0.000760367 -0.000519195 -0.000301651 -9.65565e-05 7.77939e-05 0.000212195 0.000302812 0.000388482 0.000450135 0.000499037 0.000521603 0.000531629 0.000546029 0.000554797 0.000559412 0.000549787 0.000544315 0.000544754 0.000549351 0.000540362 0.000525286 0.000527058 0.000531227 0.000523676 0.000512699 0.000511137 0.000512841 
0 1.55218e-05 4.82209e-05 7.79161e-05 9.37763e-05 0.000122086 0.000142945 0.000160844 0.000193519 0.000221061 0.000236276 0.000252278 0.000282465 0.000295168 0.000309412 0.000322864 0.000312518 0.000297439 0.000267513 0.000226345 0.000138477 2.33415e-05 -0.000130552 -0.000326871 -0.000561191 -0.000866731 -0.0012041 -0.00159801 -0.00200575 -0.00241485 -0.0028098 -0.00315816 -0.00341248 -0.00350578 -0.0034337 -0.00312074 -0.0025382 -0.00170009 -0.000599896 0.000750519 0.00229942 0.00399426 0.0057322 0.00746409 0.00910546 0.0105998 0.0118787 0.0129088 0.0136842 0.0141391 0.0143037 0.01415 0.0137042 0.0129592 0.0118879 0.0104685 0.00870431 0.00659138 0.00422931 0.00167554 -0.00100306 -0.00371171 -0.0063415 -0.00880056 -0.0109816 -0.0127555 -0.0140765 -0.0149308 -0.0153481 -0.0153261 -0.0149321 -0.0142068 -0.0132209 -0.0120328 -0.0107361 -0.00938131 -0.00806437 -0.0067998 -0.00563292 -0.0045872 -0.00370759 -0.00294799 -0.00230296 -0.00176246 -0.00131818 -0.000962262 -0.000699112 -0.000473447 -0.000315906 -0.000206439 -0.000119119 -6.2639e-05 -2.36335e-05 1.45779e-05 2.76989e-05 3.97767e-05 4.556e-05 4.01995e-05 3.83993e-05 4.67912e-05 4.81165e-05 5.35181e-05 6.0973e-05 5.93305e-05 5.98834e-05 5.99396e-05 3.85122e-05 2.96771e-05 8.96635e-06 -3.07483e-05 -7.19227e-05 -0.000146993 -0.000269942 -0.000423405 -0.000651164 -0.00092201 -0.00125704 -0.00169311 -0.00223632 -0.0028723 -0.00363485 -0.00451711 -0.00555319 -0.00671812 -0.00798536 -0.009294 -0.0106395 -0.0119353 -0.0131142 -0.0140857 -0.0148051 -0.0151845 -0.0151813 -0.0147438 -0.0138564 -0.0124868 -0.0106838 -0.00849068 -0.00601796 -0.00338641 -0.000694532 0.00196023 0.00446959 0.00673557 0.00873773 0.0104054 0.0117162 0.012705 0.0134007 0.0138023 0.0139387 0.0137958 0.0134209 0.0127451 0.0118033 0.0106506 0.00929652 0.00776688 0.00611543 0.00445371 0.0028379 0.00133596 5.72917e-06 -0.00110417 -0.00195545 -0.00254144 -0.00287558 -0.00296048 -0.00288773 -0.00266623 -0.00234039 -0.00196056 -0.00155484 -0.00115142 -0.000763484 -0.000444345 -0.000146533 0.000105698 0.000312016 0.000475631 0.000589988 0.000674001 0.000733065 0.00079185 0.000823847 0.000830275 0.000821964 0.000824579 0.000841897 0.000836694 0.0008124 0.000797325 0.000802996 0.00080775 0.000796065 0.000773437 0.000765905 0.000784132 0.000788018 0.000761477 
0 1.9459e-05 6.50552e-05 9.37763e-05 0.000115206 0.00014623 0.000190163 0.000216713 0.000250051 0.000282387 0.000308895 0.000357475 0.00038689 0.000400041 0.000408407 0.000442644 0.000443807 0.000407382 0.000360875 0.000285914 0.000194331 3.49001e-05 -0.000174995 -0.000451764 -0.00077115 -0.00115141 -0.0016056 -0.00211517 -0.00267147 -0.00320379 -0.00372089 -0.00417961 -0.00450911 -0.00463378 -0.00452018 -0.00409815 -0.00333141 -0.00221465 -0.000729824 0.00109479 0.00317185 0.0054024 0.00773063 0.0100359 0.0122219 0.0141759 0.0158443 0.017183 0.0181166 0.0186366 0.0187923 0.0185521 0.0178979 0.0168374 0.0153677 0.0134705 0.0111343 0.0084238 0.00536564 0.00204792 -0.00143149 -0.00493216 -0.00831563 -0.0114762 -0.0142627 -0.0165582 -0.0183142 -0.019456 -0.0200365 -0.0200745 -0.0195832 -0.0186853 -0.0174417 -0.0159301 -0.0142643 -0.0125324 -0.0108219 -0.00917645 -0.00763637 -0.00626473 -0.00506445 -0.00404525 -0.00317617 -0.00243762 -0.00184741 -0.00138581 -0.00100329 -0.000708016 -0.000476458 -0.000297442 -0.000183454 -0.000104768 -4.22765e-05 -2.25242e-05 3.80195e-06 2.72023e-05 2.97743e-05 4.8279e-05 5.88229e-05 5.45785e-05 6.95349e-05 5.68661e-05 4.65413e-05 5.54326e-05 4.99863e-05 5.16122e-05 5.48017e-05 2.77736e-05 -3.36986e-07 -5.50315e-05 -0.000145564 -0.000257687 -0.000415705 -0.000644976 -0.00092758 -0.00129291 -0.00176195 -0.0023513 -0.00308814 -0.00396711 -0.00497518 -0.00616195 -0.00753024 -0.00906529 -0.0107104 -0.0124155 -0.0141426 -0.0157948 -0.0172897 -0.0185354 -0.0194081 -0.0198709 -0.0198219 -0.0191927 -0.0180145 -0.0162354 -0.0138867 -0.0110617 -0.0078742 -0.00447721 -0.000999586 0.00241825 0.0056364 0.00859579 0.011194 0.013386 0.0151493 0.0165032 0.0174691 0.0180784 0.0183393 0.018232 0.0177708 0.0169561 0.0157743 0.0142533 0.0124439 0.0104037 0.00825037 0.00604243 0.00387371 0.00184538 6.26482e-05 -0.00140656 -0.00252634 -0.00331368 -0.0037692 -0.0039185 -0.00382359 -0.00352428 -0.00308982 -0.0025883 -0.00208426 -0.00154245 -0.0010322 -0.00057979 -0.000190055 0.000132805 0.000408856 0.000626787 0.000806343 0.000912046 0.000993171 0.00105592 0.00110029 0.00111951 0.0011091 0.00111011 0.00111436 0.00111115 0.0010857 0.00106983 0.00106689 0.00106398 0.00105612 0.00103486 0.00102531 0.00103797 0.00104332 0.00102117 
0 3.61946e-05 8.57409e-05 0.000122086 0.00014623 0.00019837 0.000247457 0.00027969 0.000316524 0.000354504 0.000393594 0.000438004 0.000481359 0.000491733 0.000508886 0.000538934 0.000537984 0.000508988 0.000446597 0.000365163 0.000233848 5.33038e-05 -0.000205549 -0.000545605 -0.000943573 -0.00143103 -0.0019833 -0.00262879 -0.0033091 -0.00398353 -0.00462671 -0.00518955 -0.00559191 -0.00573046 -0.0055772 -0.00503553 -0.00405791 -0.00264563 -0.000782332 0.00150134 0.00410303 0.00691315 0.00978765 0.012639 0.0153383 0.0177663 0.0197944 0.0213553 0.0224391 0.0230019 0.0230927 0.0226742 0.0217601 0.0203568 0.0184652 0.0160875 0.0132374 0.00991746 0.00623084 0.00225447 -0.00190639 -0.00609415 -0.0101391 -0.0139096 -0.0172623 -0.0200392 -0.0221699 -0.0236139 -0.0243891 -0.0244871 -0.0239831 -0.022951 -0.0214972 -0.0197212 -0.017757 -0.0156875 -0.0136339 -0.0116291 -0.00974273 -0.00802756 -0.00654512 -0.00525562 -0.00415176 -0.00322254 -0.00245874 -0.00184368 -0.00136724 -0.000967988 -0.000673694 -0.000459896 -0.000297093 -0.000187108 -0.000109877 -4.74395e-05 -1.60101e-05 1.08881e-05 2.6182e-05 2.91606e-05 3.32088e-05 4.45377e-05 4.77837e-05 4.95125e-05 5.27545e-05 4.97334e-05 4.83095e-05 4.58241e-05 1.7131e-05 -7.17028e-06 -5.15948e-05 -0.000130058 -0.000228021 -0.000379789 -0.000604407 -0.000888888 -0.00128103 -0.00175775 -0.00235043 -0.00310714 -0.00404112 -0.00513807 -0.00642985 -0.00791237 -0.0096128 -0.0114891 -0.0134912 -0.0155359 -0.017598 -0.0195603 -0.0213195 -0.0227482 -0.0237615 -0.0242382 -0.0241038 -0.0232947 -0.0218055 -0.0196115 -0.0167823 -0.0133951 -0.0095978 -0.00555416 -0.00140475 0.00269977 0.00659061 0.0101331 0.0132897 0.0159871 0.0181992 0.0199514 0.0212574 0.0221047 0.0225155 0.0224775 0.0220363 0.021102 0.0196865 0.0178503 0.0156384 0.0131302 0.0104332 0.00768919 0.00498531 0.0024449 0.000198608 -0.0016542 -0.00306767 -0.00405845 -0.00464883 -0.00484045 -0.00473383 -0.00436471 -0.00382494 -0.0032091 -0.00256359 -0.00190744 -0.00126463 -0.000710796 -0.000218204 0.000184552 0.000512418 0.000784197 0.000995128 0.00114873 0.00124351 0.00131312 0.00135626 0.0013885 0.00140233 0.00139748 0.00138671 0.0013718 0.00136875 0.00136553 0.00134282 0.00131632 0.00131648 0.00132218 0.0013043 0.00128671 0.00128406 0.00128846 
0 4.61924e-05 0.000102256 0.000142945 0.000190163 0.000247457 0.000295203 0.000326041 0.000384364 0.000445822 0.000475886 0.000512945 0.000559763 0.000606069 0.000628195 0.000641245 0.000627858 0.000602739 0.000558225 0.000446581 0.00027907 4.62511e-05 -0.000244541 -0.00063437 -0.00112002 -0.00170732 -0.00238285 -0.00313042 -0.0039366 -0.00473423 -0.0055003 -0.00616288 -0.00662452 -0.00678309 -0.00657783 -0.00590776 -0.00471867 -0.00300338 -0.000751813 0.00199396 0.00511842 0.00847544 0.011937 0.0153317 0.0185112 0.0213257 0.0236715 0.0254648 0.0266251 0.0271447 0.0270895 0.0264476 0.0252225 0.0234428 0.021127 0.0182781 0.0149031 0.0110673 0.00682256 0.00226957 -0.00246959 -0.00722019 -0.0118077 -0.0160943 -0.0199125 -0.0231151 -0.0256227 -0.0273482 -0.028318 -0.0285403 -0.0280454 -0.0269595 -0.0253765 -0.023405 -0.0211896 -0.0188449 -0.0164813 -0.014164 -0.0119595 -0.00994936 -0.00816211 -0.0066036 -0.00525157 -0.00409764 -0.00315575 -0.00240629 -0.00179902 -0.00132065 -0.000948892 -0.000663054 -0.000457785 -0.000306158 -0.00018726 -0.000119276 -6.54088e-05 -2.82742e-05 -1.92464e-05 -6.31758e-06 1.64654e-06 3.23635e-06 2.22991e-05 2.02008e-05 1.89471e-05 2.71859e-05 1.84062e-05 4.99307e-06 -2.00462e-05 -7.43746e-05 -0.000137595 -0.000235783 -0.000378866 -0.000570905 -0.000841119 -0.00121493 -0.00169183 -0.00229536 -0.00305003 -0.00398418 -0.00512263 -0.0064636 -0.00800513 -0.00978385 -0.0117968 -0.0140036 -0.0163212 -0.0186746 -0.021006 -0.023199 -0.025145 -0.0267204 -0.0277808 -0.0282411 -0.0279845 -0.0269446 -0.0251584 -0.0226066 -0.0193485 -0.0154944 -0.0111856 -0.00659292 -0.00187198 0.00279811 0.00723026 0.0113224 0.014976 0.0181444 0.0208044 0.0229653 0.024627 0.0257894 0.0264413 0.0265521 0.0261286 0.0251444 0.02358 0.0214679 0.0188736 0.0158947 0.0126954 0.00940259 0.00616138 0.0031215 0.000429917 -0.00181184 -0.00354363 -0.00476019 -0.00546317 -0.00570054 -0.00558134 -0.00517358 -0.0045567 -0.00381512 -0.00303823 -0.00224319 -0.00150637 -0.000849739 -0.000262168 0.000235934 0.000638171 0.00094339 0.00119114 0.001369 0.00150078 0.00158232 0.00162878 0.00166189 0.00167821 0.00168395 0.00166771 0.00165041 0.00164416 0.00164588 0.00162158 0.00158682 0.00158558 0.00159325 0.00157626 0.00154957 0.00154326 0.00155063 
0 4.8094e-05 0.000106117 0.000160844 0.000216713 0.00027969 0.000326041 0.000370626 0.000446687 0.000520669 0.000559965 0.000598373 0.000661594 0.000718706 0.000751116 0.000759298 0.000742084 0.00071634 0.000658198 0.000530692 0.000322952 5.46215e-05 -0.000284913 -0.000734633 -0.00130394 -0.00199367 -0.00276675 -0.00362537 -0.00454735 -0.00548047 -0.00636387 -0.00710698 -0.00761007 -0.00777189 -0.00751849 -0.00672207 -0.00530423 -0.00326412 -0.000614741 0.00258769 0.00622406 0.0101419 0.0141552 0.0180771 0.0217157 0.0249036 0.027503 0.0294228 0.0306095 0.0310391 0.03077 0.029818 0.0282241 0.0260335 0.0232756 0.0199672 0.0161327 0.0118151 0.00710365 0.0020915 -0.00310264 -0.00830516 -0.0133319 -0.0180312 -0.0222386 -0.0257949 -0.0286079 -0.0306116 -0.0318021 -0.0321702 -0.0317649 -0.0306811 -0.0290329 -0.0269455 -0.0245681 -0.0220169 -0.0194105 -0.0168139 -0.0143124 -0.0119926 -0.00991852 -0.00808709 -0.00649302 -0.00513341 -0.00400651 -0.00309076 -0.00235223 -0.00174877 -0.00128084 -0.000925784 -0.000660043 -0.000468627 -0.000328805 -0.000230125 -0.000163314 -0.000112931 -8.35764e-05 -6.5341e-05 -5.17239e-05 -3.93224e-05 -3.04911e-05 -3.30467e-05 -3.73185e-05 -4.16513e-05 -5.03792e-05 -6.58324e-05 -0.000105677 -0.000163933 -0.00025051 -0.00038524 -0.000570326 -0.00082831 -0.00118174 -0.00163837 -0.0022274 -0.00295564 -0.00385743 -0.00497774 -0.00633625 -0.0079257 -0.0097551 -0.0118266 -0.0141351 -0.0166221 -0.0192066 -0.0217995 -0.0243404 -0.0267069 -0.0287715 -0.0303937 -0.0314481 -0.0318155 -0.0314012 -0.0301527 -0.0280859 -0.0252044 -0.0215819 -0.0173275 -0.0126009 -0.00758169 -0.00243185 0.00267506 0.00755615 0.0120838 0.0161909 0.0198124 0.022914 0.0254983 0.0275617 0.0290813 0.0300331 0.0303722 0.030083 0.0290921 0.0273955 0.0250528 0.0221331 0.0187393 0.015032 0.0112033 0.0074313 0.00389446 0.000750331 -0.00188451 -0.00393385 -0.00537513 -0.00621561 -0.00651243 -0.00639941 -0.00595341 -0.0052574 -0.00440871 -0.00350064 -0.00259389 -0.00174573 -0.000989731 -0.000302455 0.000284894 0.000752547 0.0011114 0.00139239 0.00160916 0.00176365 0.00186539 0.00192257 0.00195361 0.00196441 0.00196659 0.0019621 0.00194125 0.00191565 0.0019001 0.00188639 0.0018674 0.00185099 0.00183501 0.00182148 0.00182295 0.00182181 0.00180736 
0 5.71745e-05 0.000128121 0.000193519 0.000250051 0.000316524 0.000384364 0.000446687 0.000512338 0.000576522 0.000637376 0.000704044 0.000765183 0.000803136 0.000836568 0.000867172 0.000864264 0.000820422 0.000734575 0.00059381 0.000377838 8.10246e-05 -0.000316074 -0.000837299 -0.00148537 -0.00225491 -0.0031238 -0.00409456 -0.00514063 -0.00619947 -0.00718771 -0.00800316 -0.00854047 -0.00869795 -0.00837872 -0.00744244 -0.0057946 -0.0034269 -0.000371719 0.00329149 0.00742977 0.0118772 0.0164262 0.0208465 0.0249013 0.0283981 0.031195 0.033195 0.0343361 0.0346008 0.0340509 0.0327384 0.0307321 0.0281027 0.0248969 0.0211428 0.0168769 0.0121545 0.00706543 0.00170172 -0.00381919 -0.00933411 -0.01467 -0.0196704 -0.0241722 -0.0280188 -0.0311073 -0.0333706 -0.0347874 -0.0353444 -0.0350794 -0.0340766 -0.0324491 -0.0303247 -0.0278527 -0.0251613 -0.022367 -0.0195488 -0.016799 -0.0142129 -0.0118622 -0.00976047 -0.00791185 -0.00632327 -0.00499536 -0.00390705 -0.00302072 -0.0022958 -0.00172344 -0.00128266 -0.000948548 -0.000703257 -0.000524065 -0.000395819 -0.000305732 -0.000239582 -0.000196631 -0.00016954 -0.000149484 -0.000133273 -0.000124461 -0.000127957 -0.000135813 -0.000145176 -0.000158703 -0.000184118 -0.00023669 -0.000316536 -0.000434775 -0.000609961 -0.000849569 -0.00117538 -0.00160914 -0.00216569 -0.00287345 -0.00374874 -0.00482705 -0.00615118 -0.0077374 -0.00957826 -0.0116734 -0.0140169 -0.0165905 -0.0193259 -0.022131 -0.0249131 -0.027594 -0.0300517 -0.0321503 -0.0337447 -0.0347083 -0.0349263 -0.0343145 -0.0328361 -0.0305089 -0.0273531 -0.0234395 -0.0188834 -0.0138515 -0.00852595 -0.00307468 0.00233584 0.00754478 0.0124365 0.0169381 0.0209755 0.0245027 0.0275113 0.0299944 0.0319232 0.0332452 0.0338821 0.0337752 0.0328479 0.0310949 0.0285756 0.0253703 0.0215964 0.0174293 0.0130883 0.00879345 0.0047574 0.00116049 -0.00186348 -0.00422739 -0.00589912 -0.00689101 -0.00727214 -0.00717131 -0.00668216 -0.00590428 -0.00495653 -0.00394229 -0.00292727 -0.00196397 -0.00109335 -0.000318469 0.000335499 0.000859942 0.00127391 0.00160012 0.00184638 0.00201472 0.00212435 0.00219457 0.00223604 0.00224833 0.00224608 0.00224343 0.00222916 0.0021999 0.00217338 0.00216144 0.00215367 0.00213305 0.00210095 0.00208581 0.00209877 0.00209812 0.00206831 
0 7.01868e-05 0.000152172 0.000221061 0.000282387 0.000354504 0.000445822 0.000520669 0.000576522 0.000637397 0.00071678 0.000805878 0.000858906 0.000891369 0.000928221 0.000972248 0.000975085 0.000915014 0.000815937 0.000660825 0.000436958 0.000100448 -0.000353591 -0.000936795 -0.00165202 -0.00249531 -0.00347833 -0.0045663 -0.00572704 -0.00688147 -0.00795755 -0.00885029 -0.00942932 -0.00957377 -0.00915336 -0.00804469 -0.00616059 -0.00347731 -2.70564e-05 0.00409846 0.00874409 0.0137007 0.0187499 0.02361 0.028026 0.031775 0.0347147 0.0367391 0.0377605 0.0377888 0.0368889 0.0351598 0.0327001 0.0296136 0.0259658 0.0217926 0.0171305 0.012073 0.00669108 0.00108871 -0.00462432 -0.0103134 -0.0158343 -0.021036 -0.0257485 -0.0298214 -0.0331422 -0.0356339 -0.0372714 -0.0380508 -0.0379756 -0.0371335 -0.0356132 -0.0335362 -0.0310441 -0.0282818 -0.0253556 -0.0223714 -0.0194194 -0.0166111 -0.0140047 -0.0116465 -0.00954167 -0.00770652 -0.00615736 -0.00488007 -0.00382394 -0.00297518 -0.00229241 -0.00175562 -0.00134735 -0.00103312 -0.000792799 -0.000626145 -0.000498606 -0.000412804 -0.000364233 -0.000330413 -0.000307688 -0.000293275 -0.000273757 -0.000272242 -0.000278982 -0.000286067 -0.000311928 -0.000360635 -0.000433004 -0.000552754 -0.000710047 -0.000925688 -0.00122606 -0.00162167 -0.00214062 -0.00282118 -0.00366506 -0.00471237 -0.0059906 -0.0075282 -0.00934307 -0.0114331 -0.0137749 -0.0163722 -0.0191791 -0.0221258 -0.0250989 -0.0280098 -0.0307552 -0.0332188 -0.0352627 -0.0367542 -0.0375515 -0.0375748 -0.0367396 -0.0350224 -0.0324527 -0.0290663 -0.0249287 -0.0201721 -0.0149562 -0.0094546 -0.00382657 0.00177262 0.0072033 0.0123786 0.0171969 0.0215965 0.025529 0.0289743 0.0319104 0.0342956 0.0360351 0.0370246 0.037152 0.0363645 0.0346352 0.0320061 0.0285676 0.024449 0.0198636 0.0150426 0.0102537 0.00573373 0.0016863 -0.00173258 -0.00442003 -0.00633432 -0.00748699 -0.00796609 -0.00788081 -0.00735711 -0.006514 -0.00548039 -0.00436985 -0.00323793 -0.00216379 -0.00118388 -0.000336729 0.000379875 0.000972097 0.00144448 0.0018127 0.00207258 0.00225931 0.00238468 0.00246964 0.00251754 0.00253303 0.00253322 0.00252206 0.00250984 0.00248933 0.00246563 0.00244027 0.00242029 0.00240642 0.00238657 0.00236781 0.00235793 0.00235243 0.00234205 
0 7.9512e-05 0.000156143 0.000236276 0.000308895 0.000393594 0.000475886 0.000559965 0.000637376 0.00071678 0.000803949 0.000877608 0.000950803 0.00100652 0.00105915 0.00108253 0.00107352 0.00102242 0.000912009 0.000746172 0.000476811 0.000102896 -0.000408122 -0.00104371 -0.00181966 -0.00275357 -0.00383661 -0.0050441 -0.00629162 -0.007532 -0.0086817 -0.00963865 -0.0102515 -0.010364 -0.00982845 -0.00853716 -0.00640738 -0.00341189 0.000424536 0.00500356 0.0101407 0.0156017 0.0210849 0.0263335 0.0310584 0.0350244 0.0380354 0.0399736 0.0408067 0.0405372 0.0392343 0.0370412 0.0341042 0.0305471 0.0264567 0.0218933 0.0169216 0.0115867 0.00601361 0.000280252 -0.00551971 -0.0112801 -0.016879 -0.0221725 -0.0270096 -0.0312338 -0.0347163 -0.0374206 -0.039285 -0.0402889 -0.040468 -0.0398395 -0.0384968 -0.0365554 -0.0341368 -0.0313765 -0.0283971 -0.0252958 -0.0221866 -0.0191686 -0.016342 -0.0137362 -0.0113878 -0.00932354 -0.0075496 -0.00605618 -0.00483055 -0.00381248 -0.00299547 -0.00235451 -0.00184696 -0.0014593 -0.00117485 -0.000946676 -0.000791764 -0.000681598 -0.000599432 -0.000557381 -0.000526344 -0.000492948 -0.000488856 -0.000482636 -0.000490531 -0.000518682 -0.000550287 -0.000611675 -0.000720755 -0.000858764 -0.00106614 -0.00134646 -0.00171345 -0.00220598 -0.00284592 -0.00364464 -0.00465185 -0.00587388 -0.00734731 -0.00910948 -0.0111653 -0.0134964 -0.0160972 -0.0189208 -0.0219262 -0.0250195 -0.0281025 -0.0310623 -0.033797 -0.0361949 -0.0381097 -0.0394027 -0.0399902 -0.0397587 -0.0386772 -0.0367481 -0.0339636 -0.0303894 -0.0261038 -0.0212272 -0.0159258 -0.0103609 -0.00468222 0.000990269 0.00655487 0.0118923 0.0169599 0.0216732 0.0259846 0.0298675 0.0332871 0.0361535 0.0383423 0.0397303 0.0401944 0.0396141 0.0379633 0.0352855 0.0316682 0.0272695 0.0222941 0.0170475 0.0117974 0.0068115 0.0023193 -0.00148811 -0.00449201 -0.00664808 -0.00798273 -0.0085694 -0.00852128 -0.00797808 -0.00708694 -0.00599178 -0.00477842 -0.00355076 -0.00236286 -0.00129613 -0.000368864 0.000422963 0.00108368 0.0016242 0.00201848 0.00230743 0.00251001 0.00266639 0.00276435 0.00280592 0.00282231 0.00282094 0.00281221 0.00278658 0.00276846 0.00274649 0.00271394 0.0026814 0.00266568 0.00266512 0.0026459 0.00261691 0.00260467 0.00261987 
0 8.63272e-05 0.000166638 0.000252278 0.000357475 0.000438004 0.000512945 0.000598373 0.000704044 0.000805878 0.000877608 0.000947884 0.00102519 0.00111804 0.00116504 0.00117249 0.00116353 0.00111373 0.00100665 0.000802522 0.000514598 9.74234e-05 -0.000449826 -0.00114208 -0.00199986 -0.00300715 -0.00418682 -0.00547272 -0.00682468 -0.00815485 -0.00937518 -0.0103704 -0.0109799 -0.0110489 -0.0103966 -0.00892293 -0.0065531 -0.00323367 0.000995644 0.00600908 0.0115983 0.0174778 0.0233787 0.0289641 0.0339385 0.0380228 0.0410359 0.0428508 0.0433974 0.0427591 0.0410305 0.038378 0.0349505 0.0309113 0.0263893 0.0214746 0.0162253 0.0107445 0.0050673 -0.000717874 -0.00651583 -0.0122436 -0.017813 -0.0230932 -0.027945 -0.0322459 -0.0358743 -0.0387531 -0.0408322 -0.0421067 -0.0425423 -0.0421924 -0.0411039 -0.0393665 -0.0370904 -0.0344201 -0.0314456 -0.0283038 -0.0250894 -0.0219292 -0.0188906 -0.0160665 -0.0134837 -0.0111769 -0.00917642 -0.0074793 -0.0060378 -0.00486187 -0.00388646 -0.00310265 -0.00249853 -0.002026 -0.00166407 -0.00140446 -0.00119609 -0.00104968 -0.000948901 -0.000872882 -0.000821948 -0.000796481 -0.000777034 -0.000784197 -0.000809499 -0.000838762 -0.000892156 -0.000980511 -0.00109562 -0.00128819 -0.00154797 -0.0018928 -0.00236566 -0.00296606 -0.00371886 -0.00468103 -0.00583764 -0.00725283 -0.0089509 -0.0109434 -0.013237 -0.0158188 -0.0186295 -0.0216499 -0.0247967 -0.0279943 -0.0311131 -0.0340667 -0.036719 -0.0389616 -0.0406638 -0.0417177 -0.0420036 -0.0414974 -0.0401575 -0.0379949 -0.0350372 -0.031347 -0.0269825 -0.0220812 -0.0167934 -0.0112618 -0.00562043 1.75352e-05 0.00558108 0.0110302 0.0162637 0.0212383 0.0259039 0.0302097 0.0340867 0.0374442 0.0401242 0.0419699 0.0427822 0.0424906 0.0410113 0.0383396 0.0345923 0.0299571 0.0247004 0.0190745 0.013393 0.00795347 0.00303858 -0.00113389 -0.00444632 -0.00685041 -0.00836593 -0.00908556 -0.00908747 -0.00854443 -0.00761358 -0.0064432 -0.00515544 -0.00382909 -0.00256642 -0.00139711 -0.000385883 0.000482267 0.00120133 0.00176959 0.0022143 0.00253253 0.00276889 0.00292672 0.003031 0.00308186 0.00309979 0.0031086 0.00309353 0.00307255 0.00304381 0.00302111 0.00299565 0.00296484 0.00294161 0.00292784 0.00291969 0.00289499 0.00288285 0.0028894 
0 9.9245e-05 0.00018077 0.000282465 0.00038689 0.000481359 0.000559763 0.000661594 0.000765183 0.000858906 0.000950803 0.00102519 0.00111378 0.00118761 0.00124088 0.00125212 0.00124702 0.00119776 0.00106152 0.000852935 0.000530593 9.77797e-05 -0.000492105 -0.00124013 -0.00217231 -0.00327003 -0.00451228 -0.00588671 -0.00732191 -0.00875241 -0.0100387 -0.0110519 -0.0116364 -0.0116378 -0.0108668 -0.00921204 -0.00657582 -0.00292899 0.00166808 0.00707655 0.0130704 0.0193594 0.0255714 0.031415 0.0365604 0.0407231 0.0436604 0.0452445 0.0454888 0.0444658 0.0422735 0.0391244 0.0352129 0.0307151 0.0257886 0.0205594 0.0151236 0.00950856 0.00381746 -0.0019083 -0.00760242 -0.0132088 -0.0186573 -0.0238402 -0.0286481 -0.0329645 -0.0366564 -0.0396972 -0.0419909 -0.0435091 -0.0442642 -0.0442201 -0.0434283 -0.04197 -0.0399187 -0.037394 -0.0345113 -0.0313807 -0.0281283 -0.024858 -0.021681 -0.0186591 -0.0158585 -0.0133213 -0.0110754 -0.00912818 -0.00749254 -0.00611594 -0.0049849 -0.00407579 -0.00334263 -0.00276415 -0.00232873 -0.00197054 -0.00171756 -0.00153556 -0.00139495 -0.00131401 -0.00125776 -0.00120632 -0.00120234 -0.00119283 -0.00121077 -0.00126542 -0.00133479 -0.0014532 -0.00163647 -0.00186638 -0.00219927 -0.00262759 -0.003179 -0.00389487 -0.00480057 -0.00591317 -0.00728199 -0.00891303 -0.0108363 -0.0130637 -0.0155875 -0.0183708 -0.0213853 -0.0245546 -0.0278075 -0.0310375 -0.0341467 -0.0370092 -0.0395017 -0.0415275 -0.042953 -0.0436757 -0.0436603 -0.0428361 -0.0412268 -0.0388727 -0.0357565 -0.031975 -0.0276055 -0.0227672 -0.0175951 -0.0122051 -0.0067086 -0.00117415 0.00436043 0.00979942 0.0151362 0.0203115 0.0252856 0.0299939 0.034345 0.0381879 0.0413414 0.0436458 0.0449011 0.0449341 0.0436564 0.0410723 0.037293 0.0325262 0.027001 0.0210587 0.0150031 0.00916978 0.00385854 -0.000680561 -0.00430445 -0.00695748 -0.00866518 -0.00950663 -0.00957797 -0.00905165 -0.00809272 -0.00686414 -0.00548207 -0.00409414 -0.00274496 -0.00150012 -0.000396705 0.000544755 0.00130176 0.00190874 0.00237885 0.00275889 0.00301333 0.00317474 0.00327405 0.00334107 0.00338539 0.00338499 0.00337039 0.00334642 0.00332542 0.00329266 0.00327116 0.00325505 0.00321964 0.0031904 0.00318103 0.00318229 0.00316994 0.0031561 
0 0.000105945 0.00020094 0.000295168 0.000400041 0.000491733 0.000606069 0.000718706 0.000803136 0.000891369 0.00100652 0.00111804 0.00118761 0.00125828 0.00131362 0.00134031 0.0013327 0.00126213 0.00112219 0.00088294 0.000540366 5.71679e-05 -0.000570022 -0.00136939 -0.00237508 -0.003544 -0.00487337 -0.00630851 -0.00781472 -0.00930273 -0.0106345 -0.0116582 -0.0122054 -0.0121277 -0.011223 -0.00937422 -0.0064961 -0.00254203 0.00240049 0.00816393 0.0145119 0.0211173 0.0276308 0.0336655 0.0388888 0.0430062 0.0458121 0.0471654 0.047035 0.0455607 0.0428897 0.0392592 0.0348802 0.0299594 0.0246814 0.0191967 0.0135978 0.00796977 0.00232585 -0.00329085 -0.00881871 -0.0142287 -0.0194845 -0.0244919 -0.0291701 -0.033439 -0.0371815 -0.0403267 -0.0428005 -0.0445871 -0.0456356 -0.0459422 -0.0455089 -0.0443758 -0.0426037 -0.0403054 -0.0375641 -0.0345267 -0.0312958 -0.0279914 -0.0246925 -0.0215131 -0.0185119 -0.0157452 -0.0132661 -0.0110964 -0.0092223 -0.0076585 -0.00633929 -0.00525681 -0.00439246 -0.00369602 -0.00315066 -0.00273365 -0.00240749 -0.00217592 -0.00200761 -0.00188736 -0.00180681 -0.00176066 -0.00173706 -0.00173795 -0.00177089 -0.00183124 -0.00193329 -0.00209557 -0.00230708 -0.00261545 -0.00302486 -0.00354386 -0.00422378 -0.00507387 -0.00612309 -0.00743205 -0.00898934 -0.0108485 -0.0130189 -0.0154826 -0.0182226 -0.0212066 -0.0243626 -0.02764 -0.0309343 -0.0341576 -0.0371774 -0.0398922 -0.0421549 -0.0438732 -0.0449559 -0.0453428 -0.0449703 -0.0438482 -0.0419846 -0.0394207 -0.0361872 -0.0323807 -0.0280691 -0.0233698 -0.01839 -0.013205 -0.00790068 -0.00254514 0.00284301 0.00824493 0.013606 0.01892 0.0241534 0.0292246 0.0340039 0.0383316 0.041999 0.0447945 0.0464526 0.0468517 0.0458661 0.0434447 0.0396954 0.0348316 0.0291423 0.0229304 0.0165623 0.0103974 0.00475616 -0.000113022 -0.00405392 -0.00696415 -0.00885065 -0.0098171 -0.00996211 -0.00948597 -0.00853976 -0.00726623 -0.00582162 -0.00434869 -0.00293985 -0.00161292 -0.000442966 0.000565515 0.00139322 0.00204419 0.00255911 0.00295108 0.00324015 0.003418 0.00352839 0.00360235 0.00364813 0.00365644 0.00362943 0.00361642 0.00359564 0.00356031 0.00353318 0.0035198 0.00349441 0.00345774 0.00345143 0.0034492 0.00344305 0.00343023 
0 0.000109422 0.000205681 0.000309412 0.000408407 0.000508886 0.000628195 0.000751116 0.000836568 0.000928221 0.00105915 0.00116504 0.00124088 0.00131362 0.00138089 0.0013981 0.0013774 0.00130478 0.00114573 0.000895233 0.0005176 1.81232e-06 -0.000678293 -0.00152803 -0.00258216 -0.00382213 -0.0052228 -0.00673672 -0.00829585 -0.00983086 -0.011189 -0.012205 -0.0127058 -0.012538 -0.0114947 -0.00945747 -0.00632911 -0.00208765 0.00315797 0.00922086 0.0158531 0.0227297 0.0294284 0.0355779 0.040816 0.0448417 0.0474261 0.0484543 0.0479555 0.0460558 0.0429066 0.0387925 0.0339707 0.0286667 0.023088 0.0174065 0.0117362 0.00611232 0.000585102 -0.00484497 -0.0101506 -0.0153219 -0.020331 -0.0251096 -0.0296058 -0.0337665 -0.0374854 -0.0407219 -0.04337 -0.0453898 -0.0467521 -0.0473968 -0.0473258 -0.0465728 -0.0451572 -0.0431528 -0.0406454 -0.0377499 -0.0345896 -0.0312753 -0.0279165 -0.0246162 -0.0214618 -0.0185081 -0.0158079 -0.01339 -0.0112864 -0.00948329 -0.00795948 -0.00670274 -0.00567949 -0.00485389 -0.00421181 -0.00369083 -0.00330005 -0.00300954 -0.00278233 -0.0026277 -0.00252311 -0.0024521 -0.00244105 -0.0024422 -0.00248634 -0.00258018 -0.00271243 -0.00291241 -0.00319052 -0.0035545 -0.00405601 -0.00468999 -0.00549774 -0.00650959 -0.00775238 -0.00925356 -0.0110383 -0.0131211 -0.0155149 -0.0181961 -0.0211391 -0.0242883 -0.027582 -0.030927 -0.0342159 -0.0373405 -0.0402013 -0.0426777 -0.0446439 -0.0460255 -0.0467382 -0.0467388 -0.0460232 -0.0445805 -0.0424662 -0.0397475 -0.0364354 -0.0326426 -0.0284428 -0.0239344 -0.0191947 -0.0142761 -0.00924292 -0.004125 0.00108982 0.00636036 0.0117052 0.0171155 0.0225618 0.0279457 0.0331218 0.0378939 0.0420302 0.0453038 0.0474331 0.0482169 0.0475245 0.0453177 0.0416904 0.0368435 0.0310338 0.0246358 0.0180265 0.0115955 0.00566295 0.000490334 -0.00373108 -0.00687681 -0.00894981 -0.0100518 -0.0102894 -0.00985986 -0.00892724 -0.00763921 -0.00613966 -0.00460876 -0.00312145 -0.0017334 -0.000502686 0.000558885 0.00144652 0.0021704 0.00271478 0.00311947 0.00341584 0.00364074 0.00378145 0.00384799 0.00388413 0.00389458 0.00388787 0.00387273 0.00385266 0.00381336 0.00378217 0.00376608 0.00374548 0.00372884 0.00371822 0.00370175 0.00369404 0.00371015 
0 0.000110048 0.000209448 0.000322864 0.000442644 0.000538934 0.000641245 0.000759298 0.000867172 0.000972248 0.00108253 0.00117249 0.00125212 0.00134031 0.0013981 0.00140448 0.00138223 0.00129941 0.00111945 0.000849478 0.000466908 -8.23868e-05 -0.000818179 -0.00172426 -0.00282153 -0.00410729 -0.00557061 -0.00715136 -0.00877203 -0.0103397 -0.0116989 -0.0126892 -0.0131391 -0.0128769 -0.0116929 -0.00947027 -0.0061245 -0.00162991 0.00387985 0.010185 0.0170246 0.0240658 0.030888 0.0370736 0.0422384 0.0460794 0.0483988 0.0490976 0.0482048 0.0458692 0.0422777 0.0377296 0.0325143 0.0268853 0.021068 0.0152464 0.00953762 0.00398931 -0.00138575 -0.00659926 -0.011639 -0.016518 -0.0212309 -0.0257281 -0.0299935 -0.0340059 -0.0376811 -0.0409619 -0.0437515 -0.046001 -0.047654 -0.0486483 -0.0489622 -0.0485999 -0.0475646 -0.0459025 -0.0436785 -0.0410076 -0.0379996 -0.0347592 -0.0313888 -0.0280105 -0.0247203 -0.0215862 -0.0186747 -0.0160287 -0.0136847 -0.0116564 -0.00991645 -0.00846062 -0.00726537 -0.0062885 -0.00551193 -0.00488953 -0.00440903 -0.00404953 -0.00377148 -0.00357197 -0.00343752 -0.00335694 -0.00333448 -0.00334132 -0.00339949 -0.0035162 -0.0036921 -0.00394931 -0.004291 -0.00474667 -0.0053525 -0.0061118 -0.00707038 -0.00825208 -0.0096844 -0.0114039 -0.0134156 -0.0157391 -0.0183712 -0.0212666 -0.0243827 -0.0276582 -0.0310162 -0.0343628 -0.0375798 -0.0405625 -0.0432052 -0.045398 -0.0470194 -0.0480045 -0.0483101 -0.0479241 -0.0468499 -0.0451098 -0.0427688 -0.0399024 -0.0365535 -0.0328313 -0.0288012 -0.0245344 -0.0200812 -0.015464 -0.0107284 -0.00589241 -0.000916702 0.00420722 0.00949589 0.0149548 0.0205517 0.0261792 0.0316775 0.0368473 0.041443 0.0451816 0.0477412 0.0489201 0.048574 0.046634 0.043179 0.0384057 0.0325896 0.0260946 0.0193195 0.0126724 0.0065023 0.00108861 -0.00336458 -0.0067166 -0.00897096 -0.0102233 -0.0105651 -0.0101812 -0.00925601 -0.00795982 -0.00644397 -0.0048662 -0.00331673 -0.001861 -0.000572859 0.000535145 0.00146611 0.00223165 0.00282308 0.0032508 0.00356254 0.00380557 0.00397147 0.00404958 0.00408342 0.00410543 0.00411179 0.00410537 0.00408319 0.00405321 0.00403205 0.00401354 0.0039936 0.0039868 0.00398611 0.00395924 0.00394996 0.00397946 
0 0.000107404 0.000200894 0.000312518 0.000443807 0.000537984 0.000627858 0.000742084 0.000864264 0.000975085 0.00107352 0.00116353 0.00124702 0.0013327 0.0013774 0.00138223 0.00135608 0.00125187 0.00104839 0.000757183 0.00035464 -0.000235451 -0.00101653 -0.00197109 -0.00311743 -0.00445235 -0.00596616 -0.00759621 -0.00925965 -0.0108373 -0.0121824 -0.0131436 -0.0135392 -0.0131716 -0.011839 -0.00943821 -0.00590524 -0.0012195 0.00448281 0.0109714 0.0179626 0.0250875 0.0319235 0.0380419 0.0430642 0.0466797 0.0487002 0.0490478 0.0477652 0.0450147 0.0410053 0.0360596 0.0305072 0.0246238 0.0186391 0.0127385 0.00703222 0.00158099 -0.00361269 -0.00856446 -0.0132954 -0.0178511 -0.0222484 -0.0264572 -0.0304779 -0.0343068 -0.0378883 -0.0411644 -0.0440527 -0.0464979 -0.04842 -0.0497494 -0.0504434 -0.0504858 -0.0498603 -0.0485823 -0.0466951 -0.044304 -0.0415033 -0.0383929 -0.0350686 -0.0316639 -0.0282818 -0.0250001 -0.0218954 -0.0190278 -0.0164443 -0.0141817 -0.0122167 -0.0105499 -0.00916413 -0.00801634 -0.00708552 -0.00634078 -0.00575744 -0.00531781 -0.00498076 -0.00473237 -0.00456503 -0.00447008 -0.00443515 -0.00444543 -0.00451749 -0.00466223 -0.0048898 -0.00521503 -0.00563837 -0.00620028 -0.00692589 -0.00782638 -0.00894817 -0.0103153 -0.0119571 -0.0139099 -0.0161621 -0.018727 -0.0215817 -0.0246644 -0.0279187 -0.0312789 -0.0346582 -0.0379591 -0.0410495 -0.0438276 -0.0461891 -0.0480381 -0.049269 -0.0498335 -0.0497213 -0.0489522 -0.0475406 -0.0455355 -0.0430082 -0.0400407 -0.0366942 -0.0330685 -0.0292298 -0.0252318 -0.0210968 -0.0168226 -0.0124237 -0.0078902 -0.00316599 0.00178593 0.00697991 0.0124354 0.018122 0.0239386 0.0297172 0.0352393 0.0402371 0.0443943 0.0473649 0.0489349 0.0489441 0.047308 0.0440892 0.0394651 0.033717 0.0272069 0.0203574 0.0135811 0.00724319 0.00164457 -0.00299384 -0.00652836 -0.00895504 -0.0103493 -0.010793 -0.0104666 -0.00956782 -0.00828044 -0.00676402 -0.00515333 -0.00355269 -0.00204129 -0.000700752 0.000459687 0.00143572 0.00222978 0.00286367 0.00334229 0.00369054 0.00393225 0.00409871 0.00420585 0.00426965 0.00429937 0.00429651 0.00429263 0.00427825 0.00425946 0.00424825 0.00423328 0.00420996 0.0042013 0.00421637 0.00420955 0.00420834 0.0042312 
0 0.00010908 0.000194522 0.000297439 0.000407382 0.000508988 0.000602739 0.00071634 0.000820422 0.000915014 0.00102242 0.00111373 0.00119776 0.00126213 0.00130478 0.00129941 0.00125187 0.00114009 0.00092352 0.000608612 0.000144798 -0.000478661 -0.00128203 -0.00227222 -0.00347226 -0.00487035 -0.00642005 -0.00808212 -0.00975333 -0.0113252 -0.0126549 -0.0135834 -0.0139154 -0.0134411 -0.0119748 -0.00942994 -0.00574944 -0.000940098 0.00487968 0.0114782 0.0185349 0.0256686 0.0324174 0.0383916 0.0432071 0.0465657 0.0482662 0.0482458 0.0465911 0.0434591 0.0390814 0.0338095 0.0279944 0.02192 0.0158285 0.00990379 0.0042657 -0.00106514 -0.00604982 -0.0107281 -0.0151495 -0.0193745 -0.0234377 -0.0273433 -0.0311014 -0.0347262 -0.0381768 -0.0414179 -0.0443661 -0.0469518 -0.0491157 -0.0507464 -0.0518009 -0.0522544 -0.052057 -0.0511902 -0.0496954 -0.0476292 -0.0450921 -0.0421572 -0.0389359 -0.0355495 -0.0321257 -0.0287445 -0.0254855 -0.0224127 -0.0196092 -0.0170916 -0.0148858 -0.0129922 -0.0113913 -0.0100588 -0.00897525 -0.00808531 -0.00739777 -0.00686367 -0.00644265 -0.00613548 -0.00592711 -0.00580061 -0.00576954 -0.00578565 -0.00587925 -0.00607091 -0.00635311 -0.00674327 -0.0072657 -0.00792837 -0.0087923 -0.00986228 -0.0111682 -0.0127479 -0.014627 -0.0168062 -0.0193014 -0.0220853 -0.0251342 -0.0283757 -0.0317412 -0.0351448 -0.0385075 -0.0417043 -0.0446125 -0.0471119 -0.0491391 -0.0505918 -0.0513988 -0.0515399 -0.051022 -0.0498785 -0.0481704 -0.0459255 -0.043246 -0.0402273 -0.036926 -0.0334358 -0.0298162 -0.0261021 -0.0222872 -0.0183566 -0.0143099 -0.0100982 -0.00563476 -0.000894139 0.00418375 0.00959816 0.015326 0.0212681 0.0272643 0.0330749 0.0384036 0.0429156 0.0462758 0.0482194 0.0485812 0.0472661 0.0443128 0.0399027 0.0342899 0.0278637 0.0210263 0.0142108 0.00778831 0.00207378 -0.00268963 -0.00636731 -0.00894036 -0.0104509 -0.0109867 -0.0107287 -0.00988289 -0.00862242 -0.00709724 -0.00546939 -0.00382768 -0.00228406 -0.000897001 0.00031235 0.00133759 0.00217656 0.00283075 0.00335417 0.00373753 0.00400006 0.00416529 0.00429085 0.00439113 0.00442641 0.00442481 0.00442289 0.00443216 0.00442237 0.00441757 0.00441891 0.00440287 0.00439776 0.00441506 0.00443872 0.0044491 0.00446455 
