0 0 0 0 0 0 0 0 0 0 0 0 0 0 0 0 0 0 0 0 0 0 0 0 0 0 0 0 0 0 0 0 0 0 0 0 0 0 0 0 0 0 0 0 0 0 0 0 0 0 0 0 0 0 0 0 0 0 0 0 0 0 0 0 0 0 0 0 0 0 0 0 0 0 0 0 0 0 0 0 0 0 0 0 0 0 0 0 0 0 0 0 0 0 0 0 0 0 0 0 0 0 0 0 0 0 0 0 0 0 0 0 0 0 0 0 0 0 0 0 0 0 0 0 0 0 0 0 0 0 0 0 0 0 0 0 0 0 0 0 0 0 0 0 0 0 0 0 0 0 0 0 0 0 0 0 0 0 0 0 0 0 0 0 0 0 0 0 0 0 0 0 0 0 0 0 0 0 0 0 0 0 0 0 0 0 0 0 0 0 0 0 0 0 0 0 0 0 0 0 
0 -1.23374e-05 6.35516e-06 3.95585e-05 3.6775e-05 2.20881e-05 2.36593e-05 5.509e-05 7.01642e-05 5.57888e-05 4.5089e-05 5.66993e-05 8.00854e-05 7.0678e-05 4.77486e-05 3.258e-05 2.95009e-05 1.43798e-05 -3.00729e-05 -9.02772e-05 -0.000153437 -0.000214447 -0.0003049 -0.000429754 -0.000562163 -0.00069635 -0.000840327 -0.000989717 -0.00113099 -0.00124637 -0.00132308 -0.00134912 -0.00132245 -0.00121674 -0.00101642 -0.000738481 -0.000394877 -7.03607e-06 0.000424478 0.000883591 0.00133894 0.00175447 0.00210699 0.0023963 0.00263753 0.00284296 0.00299816 0.00310733 0.00320545 0.00332057 0.00345813 0.00362101 0.00378277 0.00391557 0.0040006 0.00401648 0.0039487 0.00376293 0.00343324 0.00295781 0.00233339 0.00158357 0.000744696 -0.00015836 -0.0010807 -0.0019907 -0.00285325 -0.00362633 -0.00426594 -0.00474789 -0.00507361 -0.00523284 -0.0052365 -0.00511182 -0.00486902 -0.00453324 -0.00412865 -0.00367832 -0.00321909 -0.00276356 -0.00232964 -0.00192798 -0.00157305 -0.00127213 -0.00101159 -0.000790471 -0.000611727 -0.000461555 -0.000348374 -0.000257438 -0.000182832 -0.000130824 -9.14049e-05 -6.05542e-05 -4.3442e-05 -2.92858e-05 -2.14725e-05 -1.73662e-05 -1.51338e-05 -1.24954e-05 -1.25188e-05 -1.14338e-05 -9.66065e-06 -1.24677e-05 -1.80284e-05 -2.30116e-05 -3.94204e-05 -5.59942e-05 -8.01891e-05 -0.000119852 -0.000169011 -0.00023981 -0.000335096 -0.000446287 -0.000595854 -0.00077958 -0.000999049 -0.00125822 -0.00155577 -0.00190407 -0.00230289 -0.00273648 -0.00319505 -0.00365502 -0.00410874 -0.00451911 -0.00484834 -0.00508369 -0.00519787 -0.00517759 -0.00501733 -0.00469546 -0.00421272 -0.00357512 -0.00279765 -0.00192075 -0.000995958 -6.80871e-05 0.000837931 0.00167947 0.00242693 0.00305891 0.00354216 0.00386109 0.00402731 0.0040691 0.00402012 0.00389787 0.00373206 0.00355026 0.00336666 0.00321095 0.0030932 0.00299413 0.00289106 0.00276653 0.00260646 0.00240639 0.0021454 0.00181953 0.00143829 0.0010196 0.000591586 0.000179757 -0.000197955 -0.000544712 -0.000827821 -0.00102231 -0.00112536 -0.00115491 -0.00114145 -0.00108441 -0.000979436 -0.000838641 -0.000685067 -0.000544948 -0.000422513 -0.000303238 -0.000177784 -6.89223e-05 -6.06857e-07 5.62947e-05 0.000107097 0.000153863 0.000187766 0.00020533 0.000215783 0.000222457 0.000237176 0.000235552 0.000235749 0.000236997 0.000235855 0.000233879 0.000230725 0.000235007 0.000228827 0.000231524 0.000230671 0.000230103 
0 6.35516e-06 2.57562e-05 4.19367e-05 5.74801e-05 5.96837e-05 7.35185e-05 9.1559e-05 0.000106368 0.000115245 0.000115405 0.000130263 0.000136629 0.000133478 0.000114868 9.65103e-05 6.79222e-05 1.33006e-05 -5.99025e-05 -0.000167715 -0.00029168 -0.000441172 -0.000635615 -0.000878526 -0.0011329 -0.00139947 -0.00169272 -0.00199468 -0.00227043 -0.00249871 -0.00264145 -0.00268142 -0.00262248 -0.00240567 -0.00202334 -0.00146351 -0.000783697 5.41724e-06 0.000874306 0.00178103 0.00267592 0.00348929 0.00422697 0.00483357 0.00531392 0.00569566 0.00599701 0.00622963 0.0064343 0.00664973 0.00692354 0.00721866 0.00751326 0.00776024 0.00791933 0.00794246 0.00778483 0.00742138 0.00675715 0.0057978 0.00456243 0.00308662 0.00142477 -0.000341691 -0.0021622 -0.00395681 -0.00567494 -0.00719409 -0.00845382 -0.009406 -0.0100338 -0.010348 -0.0103803 -0.0101397 -0.00968199 -0.00903983 -0.00823572 -0.00735198 -0.00644213 -0.00553385 -0.00467019 -0.00387448 -0.00316419 -0.00256631 -0.00204547 -0.00161027 -0.00124272 -0.000948024 -0.000712194 -0.000520486 -0.000369455 -0.000265595 -0.00017626 -0.000132033 -8.96242e-05 -6.18096e-05 -4.9473e-05 -3.31658e-05 -2.01422e-05 -2.79137e-05 -1.41471e-05 -2.38068e-05 -2.52917e-05 -2.56671e-05 -3.73711e-05 -5.15933e-05 -6.70655e-05 -0.000113547 -0.000160183 -0.000243738 -0.000352773 -0.000500316 -0.000684677 -0.000916247 -0.00120543 -0.00157371 -0.00201057 -0.00253474 -0.00313 -0.00383307 -0.00463434 -0.00549692 -0.00639969 -0.00731138 -0.00818113 -0.00897541 -0.00962329 -0.0100721 -0.0103081 -0.010281 -0.00995142 -0.00930683 -0.00834302 -0.00706279 -0.00553546 -0.00381583 -0.00201083 -0.00017205 0.00161476 0.00328271 0.00476858 0.00600702 0.00694309 0.00759541 0.00793698 0.00804362 0.00796744 0.00774679 0.00743156 0.00707426 0.00673793 0.0064331 0.00619003 0.00599863 0.00581077 0.00556081 0.00522516 0.00480712 0.00430196 0.00364922 0.00289718 0.0020612 0.00120228 0.000373598 -0.000396518 -0.00106894 -0.0016246 -0.00201186 -0.00224506 -0.0023267 -0.00229537 -0.00216439 -0.0019504 -0.00168547 -0.00140047 -0.00111121 -0.000843847 -0.000593293 -0.000353055 -0.000157966 -7.28629e-06 0.000116934 0.000234148 0.000311433 0.000368274 0.000405926 0.000428978 0.000456783 0.000471717 0.000473576 0.000465456 0.000477295 0.000479676 0.000471086 0.00046968 0.000467004 0.000467422 0.000462731 0.000465239 0.000459524 
0 3.95585e-05 4.19367e-05 4.77636e-05 6.59901e-05 0.00011622 0.000129142 0.000131303 0.000140048 0.000170999 0.000199683 0.000192729 0.000190202 0.000178924 0.000180919 0.000153633 8.94987e-05 4.03173e-06 -9.82734e-05 -0.00023341 -0.00043135 -0.000666952 -0.000958896 -0.00130453 -0.00167814 -0.00209247 -0.00254356 -0.00298642 -0.00339184 -0.00373309 -0.0039655 -0.00403059 -0.00392101 -0.00359355 -0.00301752 -0.00220879 -0.00117325 2.21521e-05 0.0013302 0.00268226 0.00401289 0.00525722 0.00635809 0.00727607 0.00801314 0.00860053 0.0090377 0.0093686 0.00968179 0.0100227 0.0103863 0.0107868 0.011182 0.0115132 0.0117195 0.0117217 0.011465 0.0108625 0.00985265 0.00843966 0.00661905 0.00444883 0.00202104 -0.000591439 -0.00326046 -0.0058889 -0.00837611 -0.0106043 -0.0124552 -0.0138622 -0.0148246 -0.0153177 -0.015371 -0.0150536 -0.0143932 -0.0134556 -0.0123058 -0.0110129 -0.0096793 -0.00834754 -0.00707225 -0.00588945 -0.00483914 -0.00394013 -0.00315549 -0.00248365 -0.00193242 -0.00147058 -0.00111719 -0.000833981 -0.000604454 -0.00044166 -0.000316803 -0.000220117 -0.000161178 -0.000114533 -8.80888e-05 -7.33639e-05 -6.51757e-05 -5.78185e-05 -5.58053e-05 -5.26238e-05 -4.87279e-05 -5.82873e-05 -7.76674e-05 -9.77086e-05 -0.000147513 -0.000202509 -0.000280962 -0.000406239 -0.000565312 -0.000789495 -0.00108567 -0.00143302 -0.00188651 -0.00243944 -0.00309865 -0.00387896 -0.00477895 -0.00582871 -0.00701829 -0.00829609 -0.00962561 -0.0109416 -0.0122211 -0.0133724 -0.0142977 -0.0149581 -0.0152728 -0.0151922 -0.0146912 -0.0137185 -0.0122864 -0.0104244 -0.00818338 -0.00567054 -0.00301657 -0.00033522 0.00229683 0.00474791 0.00691917 0.00874706 0.0101553 0.0111186 0.0116667 0.011867 0.0117963 0.0114992 0.0110647 0.0105814 0.0100958 0.00967778 0.00934481 0.00905029 0.00874255 0.0083738 0.00789197 0.00726993 0.00646165 0.00547694 0.00435266 0.0031164 0.00182229 0.000553271 -0.000598546 -0.00161024 -0.00241986 -0.00300473 -0.00336285 -0.00349604 -0.00344402 -0.00322893 -0.00290274 -0.00252171 -0.00210348 -0.00166722 -0.00124684 -0.000870482 -0.000534351 -0.000245679 -1.89921e-05 0.000192209 0.000350547 0.000459407 0.000541861 0.000607039 0.000654548 0.000675842 0.000708236 0.000704293 0.000707852 0.000714475 0.000714415 0.000710485 0.000701036 0.000708472 0.000693055 0.000699652 0.000694785 0.000690907 
0 3.6775e-05 5.74801e-05 6.59901e-05 0.000100622 0.000135768 0.000165572 0.000177671 0.00019565 0.000230194 0.000249207 0.000261533 0.000254819 0.000251927 0.000236377 0.000196488 0.000115799 2.66658e-06 -0.00012332 -0.00031872 -0.000583439 -0.000903543 -0.00127701 -0.00172286 -0.0022275 -0.00279384 -0.00339466 -0.00396898 -0.00448752 -0.00495027 -0.00527501 -0.00537392 -0.00522493 -0.00476415 -0.00400578 -0.00292356 -0.0015709 3.25382e-05 0.00179912 0.00361652 0.00539194 0.00702786 0.00852592 0.00977741 0.0107613 0.0115208 0.0121084 0.0125701 0.0129766 0.0133737 0.0138233 0.0142885 0.0147531 0.0151379 0.0153461 0.0152692 0.0148298 0.0139955 0.0126379 0.0107689 0.00840894 0.0056043 0.00244648 -0.000913689 -0.00435725 -0.00773175 -0.010942 -0.0137996 -0.0162023 -0.0180628 -0.019338 -0.0200232 -0.0201584 -0.019765 -0.0189407 -0.0177588 -0.0162778 -0.0146398 -0.0129387 -0.0112211 -0.00956123 -0.00800704 -0.00660063 -0.00539303 -0.00433518 -0.00344294 -0.0026926 -0.00208546 -0.00159736 -0.00119932 -0.000882421 -0.000656059 -0.000468934 -0.000360975 -0.00026827 -0.000204721 -0.000169944 -0.000134493 -0.000108029 -0.00011512 -9.46264e-05 -0.000109498 -0.000114432 -0.000121294 -0.000147967 -0.000182357 -0.000226917 -0.000324943 -0.000435696 -0.000614626 -0.000845463 -0.00115255 -0.00153782 -0.00201943 -0.00262205 -0.00337852 -0.00427434 -0.00533567 -0.00653441 -0.00792108 -0.00947453 -0.0111281 -0.0128416 -0.0145564 -0.016185 -0.0176553 -0.0188376 -0.0196344 -0.0200047 -0.0198624 -0.0191497 -0.0178543 -0.0159843 -0.0135563 -0.0106802 -0.00745293 -0.00405004 -0.000571865 0.00282212 0.00599062 0.00881031 0.0111775 0.0130167 0.0143538 0.0151385 0.0154683 0.0154239 0.0150876 0.0145764 0.0140028 0.0134634 0.0129574 0.0125134 0.0121239 0.0117386 0.011259 0.0106112 0.00975741 0.00868049 0.0073294 0.00581388 0.00416134 0.00244759 0.000763894 -0.00079937 -0.00214094 -0.00322113 -0.00398376 -0.00446034 -0.00464053 -0.00456918 -0.00428619 -0.00385781 -0.00335308 -0.00280004 -0.00221312 -0.00165966 -0.00116743 -0.000721088 -0.000337209 -9.55378e-06 0.000257498 0.000465659 0.000598459 0.000724294 0.000829362 0.000877991 0.000902667 0.000924937 0.000949925 0.000950304 0.000952617 0.000941396 0.000935237 0.000943626 0.000936154 0.000927209 0.000922401 0.000929424 0.000922892 
0 2.20881e-05 5.96837e-05 0.00011622 0.000135768 0.000159322 0.000184724 0.000235672 0.000267776 0.000280449 0.000297094 0.000313558 0.000335546 0.000315519 0.000286315 0.000232077 0.00014385 1.5833e-05 -0.000159664 -0.000403348 -0.000735365 -0.00112381 -0.00159423 -0.00215793 -0.00279135 -0.00349516 -0.00424042 -0.00495504 -0.00560859 -0.00617476 -0.0065735 -0.00669155 -0.00649121 -0.00592282 -0.00496348 -0.00362674 -0.00191675 8.43828e-05 0.00228247 0.00454917 0.00677274 0.00885575 0.0107222 0.0122952 0.0135542 0.0145334 0.0152572 0.0158047 0.0162911 0.016768 0.0172326 0.017711 0.0181694 0.0185275 0.0186752 0.0184817 0.0178639 0.0167316 0.0150152 0.0127253 0.00985685 0.00647308 0.00269237 -0.00135787 -0.00548157 -0.00951974 -0.0133311 -0.0167582 -0.0196504 -0.0219118 -0.0235124 -0.0244064 -0.024619 -0.0242304 -0.0232954 -0.021917 -0.0201971 -0.0182503 -0.0162112 -0.0141433 -0.0121244 -0.0102194 -0.00849387 -0.00698522 -0.00565672 -0.00451334 -0.00356264 -0.00277152 -0.00214899 -0.00164524 -0.00123791 -0.000937529 -0.000704727 -0.000529441 -0.000410925 -0.000321593 -0.000266336 -0.000230652 -0.000208857 -0.000196286 -0.000189558 -0.000187776 -0.000187882 -0.000207404 -0.000245855 -0.000293463 -0.00038251 -0.000496073 -0.000651693 -0.000882221 -0.0011765 -0.00157364 -0.00208656 -0.0027024 -0.0034857 -0.00443897 -0.00556884 -0.00689148 -0.00839893 -0.01012 -0.0120269 -0.0140426 -0.0161069 -0.0181317 -0.0200664 -0.0217855 -0.0231448 -0.0240686 -0.0244435 -0.0241926 -0.0232803 -0.0216648 -0.0193765 -0.0164659 -0.0130121 -0.00915618 -0.00507488 -0.000927317 0.0031508 0.00695959 0.0103463 0.0132217 0.0155014 0.0171593 0.0182075 0.0187167 0.018781 0.0184828 0.0179682 0.0173772 0.0167765 0.0162302 0.0157466 0.0152809 0.0147813 0.0141785 0.0133766 0.0123057 0.0109076 0.00921478 0.00731336 0.00525108 0.00309927 0.000979307 -0.00096031 -0.00264684 -0.00399029 -0.00495764 -0.00555036 -0.0057773 -0.00569532 -0.00534809 -0.00481647 -0.00418309 -0.00348523 -0.00276216 -0.00207583 -0.0014592 -0.000899327 -0.000409401 -1.75962e-05 0.000317915 0.00056841 0.000751439 0.000904839 0.00102483 0.00109495 0.00112025 0.00116382 0.00118008 0.00119357 0.00119299 0.00118208 0.00117981 0.0011785 0.00118305 0.00115837 0.00116387 0.00116032 0.00115542 
0 2.36593e-05 7.35185e-05 0.000129142 0.000165572 0.000184724 0.000223138 0.000275295 0.000314435 0.00033736 0.000353597 0.000382804 0.000395739 0.000380274 0.000339869 0.000280293 0.000179233 1.63061e-05 -0.000201782 -0.00050181 -0.000881042 -0.00134651 -0.0019242 -0.00261264 -0.00336632 -0.00418534 -0.00506344 -0.00593553 -0.00673065 -0.00739996 -0.00784366 -0.00797102 -0.00774314 -0.0070701 -0.00592689 -0.00429747 -0.00225068 0.00014937 0.00278541 0.00551167 0.00819405 0.0106992 0.0129738 0.0148906 0.0164107 0.017575 0.0184447 0.0190967 0.0196318 0.0201087 0.0205763 0.0210146 0.0214079 0.0216716 0.0216828 0.0213025 0.0204326 0.0190163 0.0169412 0.0142239 0.010894 0.00701003 0.00268373 -0.00190901 -0.00659527 -0.0111831 -0.0155314 -0.0194357 -0.0227592 -0.0253934 -0.0272782 -0.0283861 -0.0287443 -0.0283862 -0.0274103 -0.0259147 -0.0239951 -0.021818 -0.019509 -0.0171388 -0.0148028 -0.0125765 -0.0105289 -0.00872086 -0.00711679 -0.00573534 -0.0045665 -0.00360428 -0.00282463 -0.00218858 -0.00167828 -0.00129614 -0.000991207 -0.00078369 -0.000621484 -0.000505689 -0.000432132 -0.000373303 -0.00033318 -0.000326918 -0.000306943 -0.00031791 -0.000327924 -0.00035103 -0.000401893 -0.000471578 -0.000570249 -0.0007321 -0.000936183 -0.00123361 -0.00161674 -0.00211653 -0.00274281 -0.00351409 -0.00446809 -0.00563575 -0.00701073 -0.00861449 -0.01042 -0.0124589 -0.0146897 -0.0170185 -0.019377 -0.0216832 -0.0238375 -0.0257362 -0.0272239 -0.0281813 -0.0285278 -0.0281596 -0.0270172 -0.0250943 -0.0224259 -0.0190616 -0.0151258 -0.0107511 -0.00613212 -0.00140702 0.00323301 0.00759043 0.011495 0.0148217 0.0174905 0.0195105 0.0208433 0.0215764 0.0218018 0.0216195 0.0211748 0.0206119 0.0200422 0.0194888 0.0189747 0.0184759 0.0179221 0.017194 0.0161931 0.0148692 0.0131978 0.0111539 0.00884901 0.00634173 0.0037476 0.00121426 -0.00111681 -0.00312587 -0.00474519 -0.00590549 -0.00661964 -0.00689549 -0.00680149 -0.00639754 -0.00576573 -0.00500377 -0.00417377 -0.00331852 -0.00250427 -0.00175435 -0.00107027 -0.000494405 -3.03059e-05 0.000358974 0.000686902 0.000919775 0.0010907 0.00121203 0.00129514 0.00136344 0.00140665 0.0014156 0.00141176 0.00142993 0.00143306 0.00141795 0.00141093 0.00140717 0.00140179 0.00139792 0.00139662 0.00138829 
0 5.509e-05 9.1559e-05 0.000131303 0.000177671 0.000235672 0.000275295 0.00031089 0.000349215 0.000391344 0.000424154 0.000439347 0.000446536 0.000427653 0.000387835 0.00031397 0.000192733 6.85343e-06 -0.000252883 -0.00059866 -0.00103644 -0.00157266 -0.00224498 -0.00304562 -0.00392317 -0.00487088 -0.00588526 -0.00689976 -0.00783342 -0.00860392 -0.0091105 -0.00925858 -0.00899119 -0.00821296 -0.0068663 -0.00496307 -0.0025652 0.000226266 0.00329547 0.00649133 0.00965094 0.0126116 0.0152608 0.017499 0.0193006 0.0206915 0.0217028 0.0224165 0.0229586 0.0234131 0.0238114 0.0241616 0.0244253 0.0245134 0.0243064 0.023674 0.0225227 0.0207703 0.018339 0.01524 0.0114973 0.00718346 0.00242414 -0.00261848 -0.00774065 -0.0127551 -0.0175009 -0.0217973 -0.0254859 -0.0284539 -0.0306362 -0.0319799 -0.0324924 -0.0322285 -0.0312624 -0.029707 -0.0276837 -0.0253442 -0.0228286 -0.0202206 -0.0176133 -0.0150976 -0.0127598 -0.0106572 -0.00877726 -0.00713707 -0.00574493 -0.0045848 -0.00364346 -0.00287495 -0.00225413 -0.00177709 -0.00140347 -0.00112431 -0.000918258 -0.000766394 -0.000663402 -0.000590673 -0.000543992 -0.000522255 -0.000508792 -0.000512459 -0.000525854 -0.000563691 -0.00063228 -0.000727164 -0.000870038 -0.00106893 -0.00133402 -0.00170084 -0.00217182 -0.00278194 -0.00354975 -0.00448559 -0.00563943 -0.00702947 -0.00865714 -0.0105293 -0.0126275 -0.0149586 -0.0174714 -0.0200703 -0.0226711 -0.0251795 -0.0275072 -0.0295195 -0.031053 -0.0319948 -0.0322339 -0.0316847 -0.0303086 -0.0280989 -0.0251012 -0.0213828 -0.017049 -0.0122534 -0.00718859 -0.00202608 0.00305878 0.00785306 0.0121802 0.0159213 0.018986 0.0213427 0.0229826 0.0239795 0.0244322 0.02444 0.0241486 0.0237041 0.0232028 0.0227083 0.0222334 0.0217281 0.0211035 0.0202515 0.0190749 0.0175146 0.0155276 0.0131243 0.0103999 0.00744766 0.00440791 0.0014538 -0.00125274 -0.00360593 -0.0055 -0.00686093 -0.00767932 -0.00799242 -0.00788741 -0.0074309 -0.00670566 -0.0058147 -0.0048435 -0.00385825 -0.00291902 -0.00204786 -0.00125471 -0.000581599 -4.39584e-05 0.00041098 0.000786777 0.00106797 0.00126745 0.00140402 0.00150539 0.0015861 0.00164392 0.00164635 0.00164344 0.00166129 0.00167082 0.00165592 0.00163821 0.00163967 0.00163309 0.00163405 0.00162785 0.00162408 
0 7.01642e-05 0.000106368 0.000140048 0.00019565 0.000267776 0.000314435 0.000349215 0.000392167 0.000441579 0.000478553 0.000494261 0.000501498 0.000484362 0.000436657 0.000345405 0.000202595 -5.75151e-06 -0.000299724 -0.000699144 -0.00120994 -0.00182979 -0.00258726 -0.00348701 -0.00449558 -0.00558937 -0.00673894 -0.00787618 -0.00892344 -0.00979154 -0.0103654 -0.010534 -0.0102143 -0.00930926 -0.00776079 -0.00558687 -0.00285459 0.000331373 0.00384414 0.0075132 0.0111437 0.0145492 0.0175898 0.020164 0.0222391 0.0238352 0.024979 0.0257429 0.0262513 0.0266142 0.0268865 0.0270762 0.0271337 0.0269671 0.0264637 0.0255132 0.0240339 0.0219438 0.0191704 0.015715 0.0116167 0.00695777 0.00186942 -0.00348428 -0.00891054 -0.0142312 -0.0192788 -0.0238736 -0.0278522 -0.0310976 -0.0335349 -0.0351096 -0.0358168 -0.0356977 -0.0348208 -0.0332925 -0.0312398 -0.0288168 -0.0261638 -0.023374 -0.0205445 -0.0177771 -0.0151695 -0.0127866 -0.0106386 -0.00874555 -0.00712259 -0.00575881 -0.00463615 -0.00371304 -0.00296426 -0.00237736 -0.00191945 -0.00157174 -0.00131261 -0.00112 -0.000983006 -0.000884865 -0.000821376 -0.000788517 -0.00077477 -0.000780777 -0.000804592 -0.000856964 -0.000945315 -0.00107057 -0.00125311 -0.0015052 -0.00184365 -0.00229625 -0.00287525 -0.0036107 -0.00452544 -0.00563885 -0.00699649 -0.00861769 -0.0105034 -0.0126465 -0.0150243 -0.0176224 -0.0203799 -0.0231959 -0.0259766 -0.0286236 -0.031037 -0.0330759 -0.0345792 -0.0354271 -0.0355167 -0.0347727 -0.033163 -0.030693 -0.0274128 -0.0233975 -0.0187582 -0.0136565 -0.00828096 -0.0028066 0.00259123 0.00771168 0.0123812 0.0164708 0.0198865 0.0225813 0.024548 0.0258524 0.0265936 0.0268715 0.0268176 0.0265694 0.0262254 0.0258488 0.02545 0.0249752 0.0243195 0.0233607 0.022004 0.0201988 0.0179051 0.015135 0.0119842 0.00858484 0.00510693 0.00173726 -0.00135802 -0.00405347 -0.00622278 -0.0077801 -0.00871398 -0.00907795 -0.00896565 -0.0084588 -0.00764796 -0.00664063 -0.00553298 -0.00440951 -0.00334084 -0.00235544 -0.00146174 -0.000688235 -5.25574e-05 0.00046908 0.000877219 0.00118731 0.00143141 0.00161278 0.00172549 0.00179304 0.0018509 0.00188314 0.00189647 0.00189747 0.00189327 0.0018886 0.0018851 0.00188209 0.00186741 0.00186463 0.00186184 0.00186037 
0 5.57888e-05 0.000115245 0.000170999 0.000230194 0.000280449 0.00033736 0.000391344 0.000441579 0.000483859 0.000516543 0.000543334 0.000545445 0.000528283 0.000474244 0.000372081 0.000201857 -3.98224e-05 -0.000361928 -0.000805949 -0.00138525 -0.00210015 -0.00295017 -0.00394468 -0.00507427 -0.00630953 -0.00759742 -0.00886325 -0.0100213 -0.0109822 -0.0116146 -0.0117942 -0.0114147 -0.0103797 -0.00864235 -0.00619713 -0.00312569 0.000469921 0.00442926 0.00855878 0.0126488 0.0164967 0.0199498 0.0228748 0.0252167 0.0269875 0.02823 0.0290163 0.0294623 0.0296851 0.0297699 0.0297095 0.0294688 0.0289676 0.0281067 0.026797 0.0249574 0.0225208 0.019412 0.0156302 0.0112395 0.00632658 0.00101719 -0.00451788 -0.0101246 -0.0156321 -0.02088 -0.0256784 -0.0298709 -0.0333375 -0.0359906 -0.037789 -0.0387221 -0.0387981 -0.0380887 -0.0366752 -0.0346714 -0.0322412 -0.0295152 -0.0266008 -0.023605 -0.0206364 -0.0177965 -0.0151595 -0.0127528 -0.0106065 -0.00873778 -0.00715801 -0.00583771 -0.00474711 -0.00385974 -0.00315116 -0.00259018 -0.00216423 -0.00183479 -0.00159242 -0.00141797 -0.00129159 -0.00120849 -0.00116797 -0.00114521 -0.00115395 -0.00118796 -0.00125619 -0.00137218 -0.00154155 -0.00176997 -0.00209047 -0.00250895 -0.00305618 -0.00375644 -0.00463451 -0.00571303 -0.00702692 -0.00859967 -0.0104584 -0.0125949 -0.0149954 -0.0176283 -0.0204629 -0.0234276 -0.0264116 -0.0293086 -0.0320237 -0.0344318 -0.0364072 -0.0378018 -0.0384839 -0.0383823 -0.0374284 -0.0355885 -0.0328881 -0.0293752 -0.0251277 -0.0202767 -0.0149805 -0.00942537 -0.00376553 0.00181991 0.00716168 0.0120943 0.0164687 0.0201852 0.0231996 0.0254982 0.0271517 0.0282459 0.0288738 0.0291385 0.0291583 0.0290491 0.0288564 0.0285896 0.0281904 0.0275387 0.0264952 0.0249669 0.0229093 0.0203067 0.0171669 0.0136008 0.00975898 0.00583336 0.00203044 -0.00146685 -0.00448705 -0.00691511 -0.00866573 -0.00973733 -0.0101732 -0.010052 -0.00947868 -0.00857486 -0.00746422 -0.00623944 -0.00497942 -0.00376964 -0.00266043 -0.00166943 -0.000811268 -8.26137e-05 0.00050762 0.000965804 0.00130587 0.00158131 0.00179916 0.00193078 0.0020023 0.00205204 0.00210931 0.00213698 0.00213198 0.00211695 0.0021177 0.00212967 0.00211817 0.00210352 0.00209517 0.00209882 0.00209538 
0 4.5089e-05 0.000115405 0.000199683 0.000249207 0.000297094 0.000353597 0.000424154 0.000478553 0.000516543 0.000559012 0.000578491 0.000579284 0.00054942 0.000496279 0.000380368 0.000180596 -9.25377e-05 -0.000457019 -0.000939234 -0.00158146 -0.00237997 -0.00332857 -0.00442379 -0.00566555 -0.00702859 -0.00845292 -0.00984678 -0.0111251 -0.0121722 -0.012865 -0.0130545 -0.0126067 -0.0114517 -0.00951527 -0.00681624 -0.00338627 0.000623069 0.00503187 0.00962326 0.0141687 0.0184749 0.0223202 0.0255832 0.028188 0.0301215 0.0314179 0.0321739 0.0325145 0.0325626 0.0323692 0.0319891 0.0313798 0.0304802 0.0292104 0.0274978 0.0252778 0.0224614 0.0190358 0.0149902 0.0103735 0.00528962 -0.000125782 -0.00574993 -0.0114126 -0.0169878 -0.0223064 -0.027222 -0.0315569 -0.035195 -0.0380554 -0.0400802 -0.0412357 -0.0415583 -0.0410622 -0.0398221 -0.0379639 -0.0356013 -0.0328779 -0.0299177 -0.0268144 -0.0236916 -0.0206645 -0.017794 -0.0151464 -0.0127453 -0.0106348 -0.00881795 -0.00729006 -0.00601872 -0.00497547 -0.00412702 -0.00346332 -0.00292873 -0.00252972 -0.0022252 -0.00199732 -0.00183921 -0.00173804 -0.00166922 -0.00165666 -0.00165971 -0.0017072 -0.0018037 -0.0019521 -0.00216409 -0.00246495 -0.002848 -0.00336508 -0.00402061 -0.00485426 -0.0058889 -0.00715747 -0.00867844 -0.0104865 -0.0125843 -0.0149725 -0.0176064 -0.0204705 -0.0234978 -0.0266082 -0.0297018 -0.032653 -0.0353499 -0.0376963 -0.0395361 -0.0407383 -0.0412102 -0.0408578 -0.0396547 -0.037595 -0.0346931 -0.0310007 -0.0266178 -0.0216493 -0.01627 -0.0106335 -0.0049194 0.000750635 0.00621035 0.0113019 0.0158953 0.0198878 0.0231888 0.0258348 0.0278629 0.0293508 0.0303713 0.0310179 0.0314029 0.0315942 0.0316695 0.0316088 0.0313281 0.0306985 0.0296041 0.0279458 0.025659 0.0227156 0.0192045 0.0152198 0.0109451 0.00656772 0.0023152 -0.00157233 -0.00492619 -0.00759809 -0.00954841 -0.0107521 -0.0112578 -0.0111322 -0.0104936 -0.00949991 -0.00828598 -0.0069483 -0.00556634 -0.00421934 -0.00298269 -0.00189167 -0.00094586 -0.000148556 0.000515977 0.00103497 0.00143499 0.00172723 0.00194811 0.00211175 0.00221245 0.00227871 0.00231222 0.00234272 0.00234903 0.00234805 0.00234665 0.00233995 0.00233871 0.00232785 0.00233266 0.00232979 0.00232954 
0 5.66993e-05 0.000130263 0.000192729 0.000261533 0.000313558 0.000382804 0.000439347 0.000494261 0.000543334 0.000578491 0.000605639 0.000596036 0.000568651 0.000488805 0.000356031 0.000147267 -0.000153957 -0.000569974 -0.00112302 -0.0018189 -0.00268953 -0.00373342 -0.00494297 -0.00630996 -0.0077995 -0.00934042 -0.0108578 -0.0122413 -0.013379 -0.0141169 -0.0143074 -0.0137983 -0.0124971 -0.0103666 -0.0073851 -0.0036324 0.000784369 0.0056503 0.0107111 0.0157102 0.0204306 0.0246762 0.0282726 0.0311028 0.0331499 0.0344814 0.0351822 0.0353542 0.035119 0.0346047 0.0338226 0.0327815 0.031438 0.0297152 0.0275592 0.0249169 0.0217562 0.0180471 0.0137761 0.00902072 0.00385967 -0.00159382 -0.00718029 -0.0128028 -0.0183332 -0.023639 -0.028562 -0.0329669 -0.0367305 -0.0397476 -0.0419806 -0.0433978 -0.0439662 -0.0437399 -0.0427511 -0.0410879 -0.0388864 -0.0362526 -0.0333067 -0.0301633 -0.0269386 -0.0237485 -0.0206816 -0.017813 -0.0151841 -0.0128295 -0.0107855 -0.00902747 -0.00754928 -0.00632845 -0.00532592 -0.00452599 -0.00390158 -0.0034082 -0.00303491 -0.00275184 -0.00254345 -0.0024037 -0.00232827 -0.00229835 -0.00231904 -0.00238978 -0.00251019 -0.0026965 -0.00296696 -0.00332065 -0.00380264 -0.00442685 -0.00521329 -0.00620602 -0.00741839 -0.0088744 -0.0106204 -0.012656 -0.0149989 -0.0176267 -0.0204926 -0.0235492 -0.0267216 -0.029928 -0.0330538 -0.0359803 -0.0386115 -0.0407997 -0.0424315 -0.0433994 -0.0435798 -0.0429594 -0.0415134 -0.0392325 -0.0361658 -0.03236 -0.0278962 -0.0229118 -0.01755 -0.0119618 -0.00626744 -0.000626892 0.00484576 0.0100177 0.0147396 0.0189267 0.0225265 0.0255242 0.0279461 0.0298409 0.0312953 0.0323836 0.0331919 0.033813 0.034227 0.0344061 0.0342832 0.0337458 0.0326482 0.0308758 0.0283657 0.0251341 0.0212444 0.0168389 0.0121207 0.00731099 0.00264572 -0.00164932 -0.00533301 -0.00828517 -0.0104272 -0.0117603 -0.0123263 -0.0122029 -0.0115346 -0.0104671 -0.0091413 -0.00767559 -0.00617238 -0.0047107 -0.00335601 -0.00215039 -0.00111019 -0.000224706 0.000487975 0.00107111 0.00152664 0.00185501 0.00208551 0.00225781 0.0024061 0.00248025 0.00251621 0.00252736 0.00255657 0.00257824 0.00256741 0.00255582 0.00254601 0.00256513 0.00255848 0.00256055 0.00256066 
0 8.00854e-05 0.000136629 0.000190202 0.000254819 0.000335546 0.000395739 0.000446536 0.000501498 0.000545445 0.000579284 0.000596036 0.00060101 0.000552671 0.000446927 0.000292786 7.58597e-05 -0.000247246 -0.000727506 -0.00134146 -0.00209906 -0.00303908 -0.00417841 -0.00550539 -0.00699986 -0.00861112 -0.0102722 -0.0119048 -0.013409 -0.0146156 -0.0153874 -0.0155678 -0.014984 -0.013558 -0.0112064 -0.00795587 -0.00384056 0.000965284 0.00625207 0.0117644 0.0172185 0.0223791 0.0269687 0.0308488 0.0338985 0.0360537 0.037354 0.037921 0.0378758 0.0373465 0.0364058 0.0351577 0.0336123 0.0317625 0.0295623 0.0269678 0.0239342 0.0204082 0.0164428 0.0120244 0.00719224 0.00203441 -0.00333819 -0.00883996 -0.0143334 -0.019738 -0.0249186 -0.0297794 -0.0341719 -0.0379894 -0.0411398 -0.043566 -0.04521 -0.0460856 -0.0461649 -0.0454734 -0.0441029 -0.0421113 -0.0396172 -0.0367608 -0.0336317 -0.0303662 -0.0270887 -0.023863 -0.020805 -0.0179481 -0.0153568 -0.013063 -0.0110779 -0.00939109 -0.00798142 -0.00680337 -0.00586437 -0.00509293 -0.0045015 -0.00404265 -0.00369252 -0.00344639 -0.0032851 -0.00317289 -0.00314869 -0.00315734 -0.00324141 -0.00339902 -0.00363501 -0.00397038 -0.00442862 -0.00500088 -0.0057522 -0.00667606 -0.00783257 -0.00923406 -0.0109155 -0.0128945 -0.0151778 -0.0177504 -0.0205978 -0.0236397 -0.0268554 -0.0301341 -0.0333791 -0.0364966 -0.0393403 -0.0417945 -0.0437652 -0.0451135 -0.0457635 -0.0456595 -0.0447466 -0.0430479 -0.0405827 -0.0373854 -0.0335056 -0.0290524 -0.0241253 -0.0188722 -0.0133951 -0.00784829 -0.0023119 0.00309098 0.00823751 0.0130262 0.01738 0.0212006 0.0245284 0.0273476 0.0296931 0.0316242 0.0332101 0.0345254 0.0355823 0.0364038 0.0369209 0.0370293 0.0365992 0.0355237 0.0336925 0.0310131 0.0274791 0.0232472 0.0184413 0.0133009 0.00805091 0.0029565 -0.00170729 -0.00574106 -0.00896563 -0.0113264 -0.0127818 -0.0134069 -0.0132986 -0.0126048 -0.0114757 -0.0100322 -0.00843161 -0.00681278 -0.00524139 -0.0037724 -0.00245542 -0.0013087 -0.000345297 0.000436232 0.00105475 0.0015621 0.00193733 0.00220309 0.00239696 0.00253909 0.00264153 0.00269326 0.00272716 0.0027474 0.00277004 0.00277535 0.00276549 0.00277199 0.00277769 0.0027793 0.00277576 0.00278876 
0 7.0678e-05 0.000133478 0.000178924 0.000251927 0.000315519 0.000380274 0.000427653 0.000484362 0.000528283 0.00054942 0.000568651 0.000552671 0.000499522 0.000380384 0.000209396 -4.64127e-05 -0.0004199 -0.000937289 -0.00160194 -0.00242979 -0.00346557 -0.00470472 -0.00613463 -0.00774029 -0.0094686 -0.0112446 -0.0130112 -0.0146193 -0.0158925 -0.0166754 -0.0168392 -0.0162031 -0.0146417 -0.0120892 -0.00853207 -0.0040794 0.00111601 0.00682568 0.0127816 0.0186747 0.0242294 0.0291763 0.0333213 0.0365094 0.0386909 0.039932 0.0403319 0.0399978 0.0390635 0.037683 0.0359164 0.0338346 0.031461 0.0287632 0.0257157 0.022285 0.0184612 0.0142794 0.00973426 0.00489737 -0.000177004 -0.00541575 -0.0107111 -0.016003 -0.0212024 -0.0262077 -0.0309194 -0.0352427 -0.0390705 -0.0423017 -0.0448964 -0.0468 -0.0479519 -0.048363 -0.0480132 -0.0469517 -0.0452508 -0.0429864 -0.0402796 -0.0372448 -0.0339974 -0.0306588 -0.0273229 -0.0241052 -0.0210589 -0.0182449 -0.0157201 -0.0134889 -0.0115684 -0.00994578 -0.0085801 -0.00747191 -0.00657787 -0.00586437 -0.00531087 -0.00488469 -0.0045731 -0.00436162 -0.00423446 -0.00419049 -0.00421989 -0.00433464 -0.00452936 -0.00481929 -0.0052314 -0.00576836 -0.00646615 -0.00735523 -0.0084463 -0.00979578 -0.0114102 -0.01331 -0.0155283 -0.0180427 -0.0208399 -0.0238815 -0.0270918 -0.030414 -0.0337353 -0.0369643 -0.039985 -0.0426697 -0.0449166 -0.0465903 -0.0476067 -0.0479277 -0.0474759 -0.0462775 -0.0443477 -0.0417036 -0.0384075 -0.034514 -0.0301126 -0.0253289 -0.0202698 -0.0150223 -0.00966656 -0.00432048 0.000940114 0.00601815 0.0107986 0.0152304 0.0192633 0.0228934 0.0260933 0.0288737 0.0313038 0.0334219 0.0352586 0.0368505 0.0381296 0.0390254 0.0394324 0.0392178 0.0382255 0.0363327 0.0334847 0.0297304 0.0251828 0.0199907 0.0144128 0.00873132 0.00323759 -0.00181063 -0.00616159 -0.00966806 -0.0122234 -0.0138179 -0.0145192 -0.0144283 -0.0137095 -0.0125092 -0.0109711 -0.00925869 -0.00752634 -0.00583766 -0.00424657 -0.00281669 -0.00158143 -0.00052849 0.000322847 0.00101032 0.00155545 0.00197099 0.00228527 0.00250282 0.002653 0.00274577 0.00284237 0.0028948 0.00290952 0.00291746 0.00293504 0.00296105 0.00295932 0.00297144 0.00296766 0.00298633 0.00300586 
0 4.77486e-05 0.000114868 0.000180919 0.000236377 0.000286315 0.000339869 0.000387835 0.000436657 0.000474244 0.000496279 0.000488805 0.000446927 0.000380384 0.000266313 6.53611e-05 -0.000250915 -0.000669945 -0.00121769 -0.00192869 -0.00284196 -0.00397639 -0.00530933 -0.00683789 -0.0085559 -0.0104069 -0.0123124 -0.0141883 -0.0158921 -0.0172217 -0.0180349 -0.0181771 -0.0174525 -0.0157505 -0.0129778 -0.0091446 -0.00433982 0.00123079 0.00734122 0.0137226 0.0200373 0.0259688 0.0311892 0.0355259 0.0388391 0.0410374 0.0421499 0.0422949 0.0416056 0.0402415 0.0383421 0.0360376 0.0333971 0.0304709 0.0272678 0.0237853 0.0199992 0.0158966 0.0115551 0.00697103 0.00218043 -0.00276031 -0.00779151 -0.0128632 -0.0178887 -0.022811 -0.0275471 -0.0320521 -0.0362449 -0.0400387 -0.0433364 -0.0460796 -0.0481895 -0.0496326 -0.0503661 -0.0503694 -0.0496836 -0.0483147 -0.0463283 -0.0438478 -0.0409602 -0.0377934 -0.0344692 -0.0310681 -0.0277318 -0.0245152 -0.0214944 -0.0187332 -0.0162636 -0.0141082 -0.0122644 -0.0106948 -0.00941118 -0.00835041 -0.00750617 -0.00683865 -0.00632138 -0.00594656 -0.00569242 -0.00552743 -0.00548087 -0.00551354 -0.00565619 -0.0059013 -0.00625787 -0.00675405 -0.00740913 -0.00823122 -0.00927606 -0.0105443 -0.0120963 -0.0139337 -0.0160778 -0.0185379 -0.0212846 -0.0242822 -0.0274888 -0.0308073 -0.0341932 -0.0375112 -0.0406532 -0.0435261 -0.0459893 -0.0479386 -0.0492845 -0.04994 -0.0498941 -0.049123 -0.0476261 -0.0454565 -0.0426619 -0.0393105 -0.0354593 -0.0312033 -0.0266279 -0.0218166 -0.0168179 -0.0117347 -0.00663171 -0.00158425 0.00333149 0.00805263 0.0125379 0.0167138 0.0205991 0.02415 0.0273688 0.0303005 0.0329699 0.0353829 0.0375074 0.0393037 0.0406661 0.0414392 0.041452 0.0405751 0.0387045 0.0357704 0.0318088 0.0269785 0.0214285 0.015455 0.00936244 0.00346703 -0.00193744 -0.0066213 -0.0103962 -0.0131687 -0.0149021 -0.0156827 -0.0156179 -0.0148673 -0.0136048 -0.0119805 -0.0101708 -0.00831919 -0.00649944 -0.00479249 -0.00326665 -0.00193859 -0.000801547 0.000133559 0.000886366 0.00148666 0.00193364 0.00227801 0.00254108 0.00271648 0.00282724 0.00292769 0.00300536 0.00303267 0.00304903 0.00308003 0.00311098 0.00312232 0.0031348 0.00315496 0.00318033 0.00320305 
0 3.258e-05 9.65103e-05 0.000153633 0.000196488 0.000232077 0.000280293 0.00031397 0.000345405 0.000372081 0.000380368 0.000356031 0.000292786 0.000209396 6.53611e-05 -0.000174667 -0.000526026 -0.000982266 -0.00158582 -0.00237575 -0.00337295 -0.00459221 -0.00602032 -0.00765725 -0.0094986 -0.0114834 -0.0135043 -0.0154687 -0.0172378 -0.01863 -0.0194723 -0.0195802 -0.0187512 -0.0168763 -0.0138888 -0.00978686 -0.00466915 0.00127144 0.00778301 0.0145596 0.0212386 0.0274811 0.0329502 0.0374411 0.0407974 0.0429327 0.0438755 0.0437259 0.04262 0.0407493 0.0383168 0.0354523 0.0322482 0.0287766 0.0250743 0.0211696 0.0170659 0.0127646 0.00832334 0.0037366 -0.000953193 -0.0057063 -0.0104866 -0.0152552 -0.0199694 -0.0245796 -0.0290241 -0.0332739 -0.037286 -0.0409851 -0.044286 -0.0471342 -0.0494463 -0.0511515 -0.0522106 -0.0525813 -0.0522762 -0.0512855 -0.049641 -0.0474381 -0.0447672 -0.041737 -0.0384655 -0.0350511 -0.031638 -0.0282958 -0.0251041 -0.0221342 -0.0194289 -0.0170284 -0.0149433 -0.0131515 -0.0116657 -0.0104361 -0.00944206 -0.00865135 -0.00803662 -0.00758505 -0.00727392 -0.0070783 -0.00701469 -0.00706208 -0.00723819 -0.00753452 -0.00796393 -0.00855759 -0.00933231 -0.0103083 -0.0115287 -0.0130003 -0.014773 -0.0168438 -0.0192216 -0.0219095 -0.0248661 -0.0280425 -0.0313812 -0.034784 -0.0381819 -0.0414344 -0.0444343 -0.0470815 -0.0492586 -0.050874 -0.0518401 -0.0521076 -0.0516979 -0.0505957 -0.0488352 -0.046473 -0.0435679 -0.0402004 -0.0364352 -0.0323502 -0.0280241 -0.0235103 -0.0188367 -0.0140669 -0.00926914 -0.00448819 0.000230074 0.00483358 0.00929735 0.013575 0.0176715 0.0215361 0.0251633 0.0285901 0.0318118 0.0347993 0.0375105 0.0398549 0.0417068 0.0428878 0.0432109 0.0425231 0.040715 0.0377352 0.0336398 0.0285745 0.0227083 0.016368 0.00990465 0.00364589 -0.00211851 -0.00712265 -0.0111701 -0.0141506 -0.0160408 -0.0169116 -0.0168764 -0.0161126 -0.0148004 -0.013104 -0.0111965 -0.00922279 -0.00727169 -0.00545466 -0.003838 -0.00241039 -0.00116714 -0.000153633 0.000658005 0.00131334 0.00181181 0.0021884 0.00248301 0.00270753 0.00284785 0.00295397 0.00303647 0.00310155 0.00315378 0.00318993 0.00321854 0.00324045 0.00328133 0.00331514 0.00334824 0.00337353 
0 2.95009e-05 6.79222e-05 8.94987e-05 0.000115799 0.00014385 0.000179233 0.000192733 0.000202595 0.000201857 0.000180596 0.000147267 7.58597e-05 -4.64127e-05 -0.000250915 -0.000526026 -0.00089354 -0.00139872 -0.00208421 -0.00295592 -0.00402374 -0.00532727 -0.00685941 -0.00860857 -0.0105693 -0.0126791 -0.0148124 -0.0168684 -0.0187097 -0.0201544 -0.0210086 -0.0210726 -0.0201407 -0.0180966 -0.0148961 -0.0105295 -0.00509684 0.00120225 0.00807888 0.0152026 0.022203 0.028711 0.0343765 0.0389648 0.0423056 0.044307 0.0450038 0.0445042 0.0429581 0.0405713 0.037581 0.0341365 0.0303652 0.0263669 0.0222079 0.0179392 0.0135722 0.00911795 0.00462137 8.16098e-05 -0.00446689 -0.00899304 -0.0134825 -0.0179185 -0.02229 -0.026554 -0.0306745 -0.034638 -0.0384292 -0.0419915 -0.0452557 -0.0481687 -0.0506461 -0.0525934 -0.053961 -0.0546925 -0.0547726 -0.0541726 -0.0528971 -0.0510209 -0.0486265 -0.0458036 -0.0426551 -0.0392865 -0.0358385 -0.0324007 -0.0290585 -0.025897 -0.0229725 -0.0203382 -0.0180137 -0.0159931 -0.0142868 -0.0128635 -0.0116967 -0.0107652 -0.0100426 -0.00951139 -0.00914163 -0.0089118 -0.00882742 -0.00888478 -0.00909255 -0.00944759 -0.00996411 -0.0106743 -0.0115902 -0.0127361 -0.0141416 -0.0158241 -0.0178221 -0.0201325 -0.0227503 -0.0256648 -0.0288158 -0.0321399 -0.0355618 -0.0389887 -0.0423367 -0.0454678 -0.048271 -0.050647 -0.0524936 -0.0537339 -0.054296 -0.0541669 -0.053394 -0.0519832 -0.0499857 -0.0474632 -0.0444897 -0.041153 -0.0375173 -0.0336452 -0.0296008 -0.0254094 -0.0210896 -0.0166767 -0.0122235 -0.0077438 -0.00325671 0.00120079 0.0056005 0.00991289 0.0141463 0.0182722 0.0222799 0.0261866 0.0299519 0.0335079 0.036797 0.039705 0.0420858 0.0437243 0.0444053 0.0439622 0.0422843 0.0393165 0.0351254 0.0298692 0.0237545 0.0171086 0.0103003 0.00368249 -0.00242916 -0.00773449 -0.0120306 -0.0152095 -0.0172654 -0.0182427 -0.0182452 -0.0174692 -0.0161121 -0.0143425 -0.0123395 -0.0102589 -0.00819409 -0.006259 -0.00453255 -0.00300557 -0.00166635 -0.000570972 0.000306511 0.00102078 0.00158473 0.00200879 0.00232996 0.00258891 0.00276871 0.00289969 0.0029924 0.00308362 0.00316572 0.00321576 0.00325549 0.00330068 0.00336791 0.00341258 0.00346091 0.00351236 
0 1.43798e-05 1.33006e-05 4.03173e-06 2.66658e-06 1.5833e-05 1.63061e-05 6.85343e-06 -5.75151e-06 -3.98224e-05 -9.25377e-05 -0.000153957 -0.000247246 -0.0004199 -0.000669945 -0.000982266 -0.00139872 -0.00197801 -0.00273952 -0.00367887 -0.00482964 -0.00623672 -0.00788031 -0.009744 -0.011816 -0.0140261 -0.0162672 -0.018421 -0.0203424 -0.02181 -0.0226504 -0.0226607 -0.0216231 -0.0194235 -0.0160061 -0.0113891 -0.00564644 0.000979277 0.0081795 0.0156038 0.0228644 0.0295771 0.0353719 0.0399915 0.0432521 0.0450525 0.0454381 0.0445414 0.0425246 0.0396194 0.0360548 0.0320512 0.0277449 0.0232589 0.018692 0.0141102 0.00953767 0.00498443 0.000492027 -0.003945 -0.00832447 -0.012603 -0.0167697 -0.0208579 -0.0248483 -0.0287389 -0.0325101 -0.0361731 -0.0397186 -0.0431138 -0.0463063 -0.0492425 -0.051826 -0.0539811 -0.0556133 -0.0566767 -0.0571436 -0.0569421 -0.0560636 -0.0545639 -0.052488 -0.0499223 -0.046955 -0.0436831 -0.0402582 -0.0367754 -0.0333251 -0.0299976 -0.0268687 -0.0239999 -0.0214321 -0.0191758 -0.0172502 -0.0156223 -0.0142792 -0.0131901 -0.0123377 -0.0117052 -0.0112634 -0.0109862 -0.010894 -0.0109696 -0.0112244 -0.0116507 -0.0122611 -0.0130864 -0.0141543 -0.0154744 -0.0170851 -0.0189974 -0.0212381 -0.0237906 -0.0266399 -0.0297528 -0.0330628 -0.0364923 -0.0399611 -0.0433616 -0.0466107 -0.0495657 -0.0521031 -0.0541544 -0.0556299 -0.0564634 -0.0566296 -0.0561238 -0.0550035 -0.0533246 -0.051117 -0.0484685 -0.0454697 -0.0422077 -0.0387384 -0.0351183 -0.031383 -0.0275432 -0.0235881 -0.0195648 -0.0154703 -0.0113125 -0.00709667 -0.00282651 0.00146849 0.00576171 0.0100832 0.0144157 0.0187489 0.0230714 0.0273336 0.0314536 0.0353127 0.0388013 0.0417243 0.0438453 0.044923 0.0447827 0.0433018 0.0404122 0.0361775 0.0307928 0.0244888 0.0176009 0.0104938 0.00354657 -0.00287046 -0.00846227 -0.0129907 -0.0163705 -0.0185833 -0.0196765 -0.0197401 -0.018963 -0.0175716 -0.0157319 -0.0136409 -0.0114663 -0.00930795 -0.00725309 -0.00539134 -0.003757 -0.00234812 -0.00116869 -0.000200984 0.000590884 0.00121298 0.00168773 0.00205313 0.00233686 0.00256173 0.0027321 0.00286317 0.00296657 0.00306289 0.00314669 0.00321937 0.00330048 0.0033737 0.00343953 0.0035091 0.00359834 
