0 0 0 0 0 0 0 0 0 0 0 0 0 0 0 0 0 0 0 0 0 0 0 0 0 0 0 0 0 0 0 0 0 0 0 0 0 0 0 0 0 0 0 0 0 0 0 0 0 0 0 0 0 0 0 0 0 0 0 0 0 0 0 0 0 0 0 0 0 0 0 0 0 0 0 0 0 0 0 0 0 0 0 0 0 0 0 0 0 0 0 0 0 0 0 0 0 0 0 0 0 0 0 0 0 0 0 0 0 0 0 0 0 0 0 0 0 0 0 0 0 0 0 0 0 0 0 0 0 0 0 0 0 0 0 0 0 0 0 0 0 0 0 0 0 0 0 0 0 0 0 0 0 0 0 0 0 0 0 0 0 0 0 0 0 0 0 0 0 0 0 0 0 0 0 0 0 0 0 0 0 0 0 0 0 0 0 0 0 0 0 0 0 0 0 0 0 0 0 0 
0 1.45719e-05 5.86825e-05 0.000118341 0.000158114 0.000186845 0.000213258 0.000265509 0.000341966 0.000415351 0.000468619 0.000524688 0.000627358 0.000756261 0.00089658 0.00103707 0.001193 0.00139351 0.00164478 0.00193267 0.00221409 0.00250321 0.00281202 0.00313587 0.00345105 0.00370619 0.00388346 0.00396207 0.00394352 0.00380828 0.00353172 0.00309922 0.00249813 0.0017678 0.000931661 1.59672e-05 -0.000942555 -0.00191371 -0.00286625 -0.00376065 -0.00455233 -0.00521334 -0.00573741 -0.00611368 -0.00634991 -0.00645402 -0.00643685 -0.00633094 -0.00613875 -0.00588297 -0.0055707 -0.00520433 -0.00478996 -0.00434547 -0.00386763 -0.00335605 -0.00281716 -0.00225598 -0.00167746 -0.00108552 -0.000507254 2.9446e-05 0.000494948 0.000878555 0.00116386 0.00135167 0.00143713 0.00142828 0.00133237 0.00119586 0.00102523 0.000841791 0.00067819 0.000539045 0.000422895 0.000335532 0.000261975 0.000212227 0.000176125 0.000146699 0.000128878 0.000108527 0.000101276 0.000103375 9.75207e-05 9.70253e-05 9.79273e-05 8.7011e-05 8.78773e-05 8.39984e-05 8.10324e-05 8.66149e-05 8.88963e-05 8.10407e-05 7.97063e-05 7.48814e-05 7.84446e-05 8.46843e-05 8.78218e-05 8.17273e-05 8.32674e-05 8.37816e-05 8.70868e-05 9.04208e-05 9.22296e-05 8.90393e-05 0.000100209 0.00010381 0.0001053 0.000110042 0.00011139 0.000116781 0.000135896 0.000139879 0.000148982 0.000159581 0.000163719 0.000176081 0.000191212 0.000202482 0.000221268 0.000228581 0.00022898 0.000229324 0.000239219 0.000280495 0.000341779 0.000432894 0.000562241 0.000715638 0.000889937 0.00107313 0.00122503 0.00134341 0.00139965 0.00136767 0.00122692 0.000982157 0.000630221 0.000189396 -0.000322726 -0.000871221 -0.00144439 -0.00203193 -0.00261261 -0.00316054 -0.00367597 -0.00416222 -0.00461174 -0.00502053 -0.00538869 -0.00571581 -0.00598245 -0.00617596 -0.00626866 -0.00627253 -0.00617218 -0.0059418 -0.00556985 -0.00504072 -0.0043604 -0.00355356 -0.00265397 -0.00170663 -0.000739589 0.000222833 0.00115088 0.00200262 0.00272944 0.00331944 0.00374573 0.00402753 0.00418608 0.00421882 0.00413611 0.00394983 0.00370393 0.00341735 0.0031176 0.00281762 0.00251824 0.00224046 0.00198322 0.00176064 0.00156848 0.00140379 0.00126713 0.00115254 0.00105875 0.000971305 0.000906681 0.00086192 0.000823416 0.000787148 0.000754011 0.00073135 0.00071714 0.00071681 0.000709933 0.00069328 
0 5.86825e-05 0.000146043 0.000234474 0.000312608 0.000388285 0.000470456 0.000564606 0.000684374 0.000818786 0.000938691 0.00108503 0.00127745 0.00151248 0.00177345 0.0020751 0.00242505 0.00282568 0.00331487 0.00385533 0.00443316 0.00502789 0.00565083 0.00627373 0.00685233 0.00734749 0.00768779 0.00785401 0.00779583 0.00749804 0.00692892 0.00606588 0.0048958 0.00346229 0.00181109 -2.7762e-06 -0.00189822 -0.0038057 -0.00566823 -0.00743545 -0.00899749 -0.0103302 -0.0113735 -0.0121304 -0.0126046 -0.0128111 -0.0128041 -0.012609 -0.0122457 -0.0117299 -0.0111054 -0.0103954 -0.0095953 -0.00871205 -0.00777519 -0.00676123 -0.00569375 -0.00453778 -0.00335402 -0.00218384 -0.00103109 4.35591e-05 0.000981655 0.00175578 0.00233554 0.00270918 0.00286556 0.00283056 0.00266478 0.00238901 0.00206039 0.00171284 0.00138713 0.00109594 0.000865464 0.000670832 0.000515993 0.000410325 0.000352057 0.000302854 0.000273381 0.000242274 0.00021883 0.00019994 0.000193006 0.000186561 0.000185332 0.000187839 0.000185083 0.000168121 0.000169576 0.000167211 0.000164974 0.000170922 0.000161195 0.000154695 0.000169597 0.000165295 0.000163787 0.000164244 0.000155312 0.000169147 0.000187989 0.000182931 0.000185718 0.000183447 0.000185218 0.000206037 0.000218944 0.000220417 0.000232914 0.000241625 0.00025625 0.000274548 0.00029723 0.000318058 0.00034905 0.000374331 0.000389803 0.000405339 0.000431356 0.000438358 0.000451909 0.000465738 0.000502756 0.000580806 0.000713119 0.000887806 0.00112772 0.00142987 0.00178266 0.00213031 0.00245996 0.00270518 0.00281268 0.00273618 0.00245003 0.00195487 0.00125351 0.000374256 -0.00064415 -0.00177809 -0.00294699 -0.0041043 -0.00525622 -0.00634267 -0.00737577 -0.00833027 -0.00922079 -0.0100451 -0.010778 -0.0114022 -0.0119183 -0.0122842 -0.0124808 -0.0124783 -0.0122606 -0.0117783 -0.0110051 -0.00995327 -0.00860862 -0.0070355 -0.00526824 -0.00339302 -0.00147542 0.000421518 0.00224052 0.00389619 0.00533606 0.00651392 0.0073861 0.00796111 0.00826999 0.00834852 0.00819228 0.00786526 0.00739201 0.00683188 0.0062329 0.00563198 0.00505387 0.00449639 0.00398689 0.00352795 0.00314626 0.00282199 0.00254625 0.00231558 0.00212145 0.0019603 0.00183765 0.00174832 0.0016629 0.00158886 0.00153369 0.0014916 0.001455 0.00143609 0.00141813 0.00139262 
0 0.000118341 0.000234474 0.000342084 0.000443638 0.000592544 0.000740143 0.000879304 0.00102991 0.00121625 0.00143435 0.00167919 0.00198037 0.00229907 0.00268553 0.00316306 0.00371883 0.00434019 0.00503251 0.00582659 0.00667308 0.00757949 0.00849862 0.00937704 0.0101866 0.0108564 0.0113457 0.0115569 0.0114436 0.010957 0.0100728 0.00878504 0.00706034 0.00496989 0.00255736 -9.98324e-05 -0.00287577 -0.00566664 -0.00838939 -0.0109549 -0.013253 -0.0152018 -0.0167615 -0.0178931 -0.0186201 -0.0189746 -0.0189911 -0.0187424 -0.0182296 -0.0175107 -0.01662 -0.0155779 -0.0144024 -0.0131296 -0.0117384 -0.0102169 -0.008585 -0.0068704 -0.00511005 -0.00333082 -0.00160182 6.09825e-06 0.00141442 0.00258286 0.00345616 0.00402436 0.00427539 0.00424145 0.00396201 0.00356607 0.00308071 0.00255943 0.00208137 0.00165759 0.00129121 0.00100535 0.000773656 0.000624488 0.000528517 0.000456162 0.000410275 0.000352584 0.000321611 0.000312529 0.000288353 0.000283076 0.00028665 0.000264426 0.000268136 0.000257036 0.000247422 0.000259077 0.000263943 0.000245501 0.000241568 0.00022965 0.000238525 0.000252671 0.000258415 0.000242751 0.000247086 0.000252572 0.00026495 0.000274304 0.000277701 0.000269451 0.000298286 0.000312511 0.000320976 0.000334455 0.000337794 0.000350531 0.000398211 0.000414109 0.000446934 0.000486832 0.000511395 0.000550008 0.000585976 0.000606149 0.000643502 0.000658978 0.000670487 0.000694515 0.000750806 0.000886159 0.00106932 0.00132758 0.001693 0.00214002 0.00266131 0.00321379 0.00368119 0.00403389 0.00418512 0.00406438 0.00362488 0.00288234 0.00182989 0.000506964 -0.00104143 -0.00271745 -0.00446576 -0.00623751 -0.0079683 -0.00959057 -0.0111118 -0.0125452 -0.0138692 -0.0150614 -0.0161087 -0.01701 -0.0177331 -0.0182551 -0.0185027 -0.0184792 -0.0181226 -0.0173655 -0.0162029 -0.0146282 -0.012667 -0.0103672 -0.00779032 -0.005046 -0.00223238 0.000547971 0.0031955 0.00561219 0.00770749 0.00945972 0.0107752 0.0116597 0.0121543 0.012282 0.0121022 0.0116521 0.0110134 0.0102174 0.00934888 0.00847523 0.00761533 0.0068094 0.00604563 0.00536937 0.00478862 0.00429425 0.00387406 0.00351362 0.00322521 0.00297823 0.00279378 0.00264368 0.00250416 0.002394 0.0023178 0.00225981 0.00219299 0.00215337 0.00212562 0.00210296 
0 0.000158114 0.000312608 0.000443638 0.000589784 0.00078545 0.000996845 0.00118638 0.00139341 0.00165842 0.00195954 0.00231813 0.00272221 0.00317105 0.00369342 0.00434057 0.00509572 0.00591516 0.00684304 0.00785941 0.00896691 0.0101249 0.0113002 0.0124131 0.0133988 0.0142168 0.0147672 0.0149903 0.0147794 0.014092 0.0128893 0.0111601 0.00890437 0.00619808 0.00310361 -0.000299355 -0.00387166 -0.00747085 -0.0109717 -0.0142724 -0.0172042 -0.0197321 -0.0217687 -0.0233029 -0.0243254 -0.0248482 -0.0249482 -0.0246748 -0.0240708 -0.0231786 -0.0220694 -0.0207711 -0.0192696 -0.0175777 -0.0157428 -0.0137366 -0.0115989 -0.00929263 -0.00692139 -0.00456363 -0.00224968 -9.27264e-05 0.00179461 0.0033536 0.00452716 0.00529256 0.00563503 0.00559876 0.00528377 0.00474823 0.00409715 0.00340674 0.00276112 0.00219004 0.00173347 0.00135449 0.00105413 0.000844765 0.00071689 0.000611231 0.000542666 0.000478213 0.000434297 0.000402933 0.000388352 0.000376054 0.000372415 0.000371804 0.000365162 0.000337454 0.000337209 0.000334984 0.000332563 0.000337576 0.000320781 0.000309981 0.000333997 0.00033255 0.000332214 0.000330427 0.00031743 0.000338758 0.000369239 0.000364881 0.00036953 0.000367194 0.000376045 0.000412048 0.000435896 0.000442385 0.00046443 0.000484925 0.000518613 0.00055434 0.000595555 0.00063358 0.000686062 0.000734784 0.000772787 0.000810434 0.000862633 0.000881211 0.000903757 0.000929515 0.00100193 0.00115897 0.00142421 0.00178505 0.00227518 0.00288073 0.00357234 0.00425315 0.00488024 0.00534034 0.00552894 0.00535253 0.00475978 0.00375016 0.00233256 0.000562024 -0.00148668 -0.00375058 -0.00609139 -0.00842378 -0.010735 -0.0129155 -0.0149621 -0.0168264 -0.0185257 -0.0200596 -0.0213969 -0.0225151 -0.0234118 -0.024018 -0.0242895 -0.0241731 -0.0236343 -0.0226002 -0.0210443 -0.0189945 -0.0164397 -0.0134779 -0.0101659 -0.00664322 -0.00302826 0.000552764 0.00397342 0.00708083 0.00979446 0.0120605 0.0138077 0.0150236 0.0157292 0.0159711 0.0157726 0.0152593 0.0144867 0.0135322 0.0124589 0.011335 0.0102282 0.00916813 0.00819802 0.00731154 0.00653643 0.00585166 0.00526531 0.00478467 0.00438864 0.00405093 0.00377252 0.00355231 0.00336047 0.00321377 0.00311123 0.0030221 0.00293245 0.00287809 0.00284659 0.00282231 
0 0.000186845 0.000388285 0.000592544 0.00078545 0.00102234 0.00126498 0.00151995 0.00181367 0.00215749 0.00253786 0.00296968 0.00350312 0.00409592 0.00478566 0.00559774 0.00652912 0.00757106 0.00872478 0.00999566 0.0113194 0.0126985 0.0140755 0.0153614 0.0164868 0.017359 0.01792 0.0180624 0.0177113 0.01679 0.015257 0.0131143 0.0103631 0.00711086 0.00341858 -0.000633732 -0.00489046 -0.00918835 -0.0133744 -0.0173027 -0.0208274 -0.0238662 -0.0263722 -0.0282904 -0.0296177 -0.0303669 -0.0305787 -0.0303439 -0.0296952 -0.0287144 -0.0274526 -0.0259224 -0.0241291 -0.0221104 -0.0198584 -0.0173682 -0.0146739 -0.0118138 -0.00885889 -0.00587585 -0.00297181 -0.000271229 0.00209799 0.00405852 0.00553565 0.00650884 0.00696608 0.00695341 0.0065444 0.00590414 0.00510822 0.00425461 0.00346316 0.00276509 0.00217276 0.00170405 0.0013295 0.00107453 0.000903081 0.000772033 0.000681923 0.000593358 0.000543155 0.000522075 0.000489429 0.000475941 0.000472599 0.00044596 0.00044341 0.000425806 0.000415073 0.000428331 0.000433548 0.000412894 0.000401425 0.00038651 0.000400273 0.000419451 0.000426564 0.000409364 0.000411177 0.000422335 0.000443172 0.000456569 0.000461672 0.000456522 0.00049223 0.00051904 0.000536689 0.000555557 0.000567645 0.000595398 0.000662742 0.000699933 0.000750266 0.000805157 0.000847402 0.000906341 0.000964436 0.00100971 0.00107046 0.00110067 0.00112331 0.00116349 0.00126025 0.00147811 0.00179616 0.00224553 0.00286212 0.0036092 0.00445792 0.00532895 0.00607472 0.00662077 0.00683287 0.00659459 0.00583249 0.00455547 0.00276962 0.000538343 -0.00205303 -0.00486339 -0.00778758 -0.0107424 -0.0136337 -0.0163478 -0.0188585 -0.0211566 -0.0232186 -0.0250301 -0.0265839 -0.0278799 -0.0288809 -0.0295363 -0.0297523 -0.0295151 -0.0287582 -0.0274099 -0.0254706 -0.0229444 -0.0198646 -0.0163034 -0.012351 -0.0081551 -0.00385006 0.000419402 0.00449778 0.00822421 0.0114801 0.0142366 0.0163971 0.0179531 0.0189231 0.0193143 0.0191967 0.0186618 0.0178357 0.01677 0.0155423 0.014226 0.0128816 0.0116046 0.0104123 0.00933389 0.00835689 0.00748057 0.00673229 0.00611728 0.00562009 0.00517432 0.00480674 0.00451385 0.00427524 0.00408939 0.00394227 0.00381723 0.00370183 0.00363947 0.00359216 0.00354903 
0 0.000213258 0.000470456 0.000740143 0.000996845 0.00126498 0.0015543 0.00188014 0.00226877 0.00270797 0.00316852 0.00370723 0.00436475 0.0051257 0.00598481 0.00697204 0.00809219 0.00933056 0.0107094 0.0121845 0.0137154 0.0152629 0.0167813 0.0181731 0.0193464 0.0202288 0.0207184 0.0207335 0.020171 0.0189751 0.0171113 0.0145802 0.0114008 0.00766689 0.00345407 -0.00114136 -0.00595395 -0.0108043 -0.0155312 -0.0199959 -0.0240223 -0.0275456 -0.0304769 -0.0327767 -0.0344229 -0.0354201 -0.0358297 -0.0357079 -0.0351019 -0.0340766 -0.0327108 -0.0310301 -0.0290187 -0.0266858 -0.0240601 -0.0211221 -0.0179165 -0.0144597 -0.0108844 -0.00730764 -0.00381651 -0.000560773 0.00230523 0.00468141 0.00648188 0.00766675 0.00822753 0.00822744 0.00779197 0.00704264 0.00611456 0.00512233 0.00418057 0.00333802 0.00263669 0.00205999 0.00160937 0.0012971 0.00109745 0.00094518 0.000837359 0.000739519 0.00066944 0.00061993 0.000586231 0.000564667 0.000557449 0.000550234 0.000540036 0.000510852 0.000503543 0.000503943 0.000504672 0.000502728 0.000484794 0.00047276 0.000493337 0.00049852 0.000498366 0.000490965 0.000483873 0.000509364 0.000545366 0.00055146 0.000555627 0.00055433 0.000574549 0.000617715 0.000650929 0.000668686 0.000695326 0.000728533 0.000782839 0.000836806 0.000898566 0.000960984 0.00103234 0.00110235 0.00115999 0.00120977 0.00126933 0.00130091 0.00134035 0.0014041 0.00154104 0.0017979 0.00219502 0.00273664 0.00346087 0.0043494 0.00535509 0.00635765 0.00724959 0.00788261 0.00810161 0.00777285 0.0068271 0.0052636 0.00310156 0.000412121 -0.00270226 -0.00611792 -0.00965782 -0.0131916 -0.0166438 -0.019879 -0.0228594 -0.0255342 -0.0279054 -0.0299678 -0.0316969 -0.033079 -0.0341071 -0.0347158 -0.0348386 -0.0344156 -0.0333956 -0.0317152 -0.0293751 -0.02642 -0.0228677 -0.0188116 -0.0143266 -0.00956977 -0.00469508 0.00013392 0.00475148 0.00898526 0.0127355 0.0159389 0.0185028 0.0203944 0.0216257 0.0222322 0.0222542 0.0218113 0.0209864 0.019868 0.0185406 0.0170907 0.0155997 0.01413 0.0127392 0.0114487 0.0102855 0.00923953 0.00832787 0.00756266 0.00692023 0.00636507 0.00590583 0.00554266 0.00523956 0.00499189 0.00479609 0.00463425 0.00450159 0.00442163 0.00435656 0.00429336 
0 0.000265509 0.000564606 0.000879304 0.00118638 0.00151995 0.00188014 0.00228481 0.00275632 0.00328992 0.00387453 0.00454657 0.00534932 0.00626378 0.00730125 0.00848045 0.00979407 0.0112278 0.0127868 0.0144439 0.0161311 0.0178012 0.0193877 0.0207995 0.0219521 0.0227549 0.0231098 0.0229151 0.0220915 0.0205935 0.0184015 0.0155181 0.011961 0.00782083 0.00318714 -0.00182809 -0.0070528 -0.0123132 -0.0174555 -0.022331 -0.0267781 -0.0306995 -0.0340175 -0.0366758 -0.0386534 -0.0399521 -0.0406093 -0.0406787 -0.0401994 -0.0392384 -0.0378595 -0.0360808 -0.0338955 -0.0313154 -0.0283419 -0.0249712 -0.0212509 -0.0172458 -0.0130819 -0.00888843 -0.00480122 -0.000990605 0.00237448 0.00517026 0.00730091 0.00872013 0.0094217 0.00946948 0.00898895 0.00814854 0.00709097 0.00595372 0.00487128 0.00390488 0.00308725 0.00242484 0.00190886 0.00154644 0.00130121 0.00111763 0.000980077 0.000862879 0.000782535 0.0007315 0.000689266 0.000664235 0.000651926 0.000634352 0.000621489 0.000598139 0.000587333 0.000593134 0.000595044 0.000581643 0.000562699 0.000551001 0.000567479 0.000585016 0.000589787 0.000578598 0.000575949 0.000595425 0.00062502 0.000640187 0.000645903 0.000649967 0.000682456 0.000724959 0.000758077 0.000782612 0.000808348 0.000851091 0.000921137 0.000984047 0.00105178 0.00112202 0.00119286 0.00127123 0.0013443 0.00140854 0.00147495 0.00151723 0.00156083 0.00163864 0.0018039 0.00211336 0.00257714 0.00321794 0.00406695 0.00509629 0.00624722 0.00739647 0.00838789 0.00907125 0.00927429 0.00884699 0.00770648 0.00584837 0.00329919 0.00013614 -0.00351997 -0.00750398 -0.0116392 -0.0157797 -0.0197942 -0.0235366 -0.0269419 -0.0299723 -0.0326092 -0.0348407 -0.0366561 -0.0380552 -0.0390247 -0.0395108 -0.0394422 -0.0387768 -0.0374605 -0.0354425 -0.0327377 -0.0293874 -0.0254363 -0.0209625 -0.0160571 -0.0108729 -0.0055722 -0.000323437 0.00470651 0.00935612 0.0135173 0.0171163 0.0200459 0.022265 0.02379 0.0246528 0.0249042 0.0246225 0.0238899 0.022789 0.0214323 0.0199287 0.0183498 0.0167516 0.0151761 0.0136905 0.0123454 0.0111425 0.0100721 0.0091301 0.00832187 0.00763707 0.00708659 0.00663679 0.00624695 0.0059217 0.0056729 0.00548236 0.00532484 0.00521816 0.00513407 0.00506675 
0 0.000341966 0.000684374 0.00102991 0.00139341 0.00181367 0.00226877 0.00275632 0.00330522 0.00393975 0.00466713 0.0054946 0.00644835 0.00752217 0.00874008 0.0101101 0.0116107 0.0132263 0.0149483 0.0167473 0.0185362 0.0202568 0.0218409 0.0232066 0.0242637 0.0249041 0.0250342 0.0245634 0.0234422 0.0216353 0.0191261 0.0159145 0.0120307 0.00756891 0.00263244 -0.00266181 -0.00815726 -0.0136956 -0.01913 -0.0243045 -0.0290709 -0.0333182 -0.0369795 -0.0399899 -0.0423157 -0.0439476 -0.0449046 -0.0452319 -0.0449621 -0.044152 -0.0428469 -0.0410521 -0.0387565 -0.0359682 -0.0326876 -0.0289294 -0.0247344 -0.0201931 -0.0154384 -0.0106261 -0.0059327 -0.0015529 0.00232177 0.00554475 0.00801366 0.00967574 0.0105299 0.0106459 0.0101532 0.00923831 0.00806214 0.00678943 0.00556889 0.00448131 0.00355778 0.00281023 0.00222665 0.00180712 0.00151321 0.00129755 0.00113298 0.00100091 0.000907448 0.00084565 0.000794315 0.000762494 0.000744482 0.000723926 0.000706848 0.000685233 0.000671371 0.000676172 0.000677978 0.000661958 0.000643703 0.000634353 0.000647227 0.000667768 0.000672784 0.000661363 0.000662381 0.000681999 0.000711088 0.000731814 0.000737991 0.000746036 0.000782452 0.000827213 0.000865863 0.000897927 0.000928582 0.000979894 0.00105668 0.00112983 0.00120533 0.00128358 0.00136043 0.00144509 0.00152714 0.00160305 0.00167619 0.00173245 0.00178802 0.00188536 0.0020818 0.0024402 0.00297854 0.00372531 0.00469856 0.00586453 0.00714583 0.00841347 0.00949014 0.0102108 0.0103838 0.0098429 0.00849245 0.00631901 0.00335989 -0.000293003 -0.00449925 -0.00906372 -0.0137929 -0.0185171 -0.023071 -0.0273023 -0.0311086 -0.0344428 -0.0372794 -0.0396141 -0.04145 -0.0427932 -0.043626 -0.0439036 -0.0435633 -0.0425831 -0.0409294 -0.0385744 -0.0355334 -0.0318373 -0.0275443 -0.0227332 -0.0175193 -0.0120509 -0.00648045 -0.000955001 0.00437173 0.00934377 0.0138347 0.0177531 0.0210024 0.0235481 0.0254028 0.0265775 0.0271071 0.0270444 0.0264779 0.0254926 0.0241999 0.022705 0.0210812 0.0193942 0.0176911 0.0160533 0.0145389 0.0131673 0.0119297 0.0108212 0.00985491 0.00903452 0.00836714 0.0078096 0.00732737 0.00692731 0.00662237 0.00638832 0.00619186 0.00604575 0.00594039 0.00587131 
0 0.000415351 0.000818786 0.00121625 0.00165842 0.00215749 0.00270797 0.00328992 0.00393975 0.00469356 0.00555836 0.00654893 0.00765953 0.00891563 0.0103128 0.0118592 0.0135345 0.0153115 0.0171782 0.0190584 0.0208913 0.0225918 0.0241074 0.0253532 0.0262185 0.0266155 0.026442 0.0256552 0.0242059 0.0220792 0.0192638 0.0157606 0.0116251 0.00693842 0.00181121 -0.00363669 -0.0092713 -0.0149503 -0.0205404 -0.0259055 -0.0308951 -0.0354131 -0.0393668 -0.0427045 -0.045375 -0.0473573 -0.0486739 -0.0493309 -0.0493577 -0.0487748 -0.0476163 -0.0458854 -0.0435607 -0.0406251 -0.0371011 -0.0329964 -0.0283634 -0.0232918 -0.0179515 -0.01254 -0.00724163 -0.00228532 0.00211174 0.00578107 0.00860922 0.0105277 0.0115409 0.0117263 0.0112528 0.010277 0.00901039 0.00763383 0.00628717 0.00507355 0.00404702 0.00319808 0.00254377 0.00206533 0.00173175 0.00148874 0.00129971 0.00115527 0.00104326 0.000957407 0.000903216 0.000860965 0.000831984 0.000819421 0.000792033 0.000765917 0.000758334 0.000755848 0.000754774 0.000751604 0.000727512 0.000720427 0.000734752 0.000745362 0.0007467 0.000745848 0.000741539 0.000768989 0.000805892 0.00082393 0.000833505 0.000850611 0.000875394 0.000928382 0.000976051 0.00100837 0.00105343 0.00111537 0.00118603 0.00127643 0.00136056 0.00144256 0.00153747 0.00162719 0.00171041 0.00179256 0.00186452 0.0019292 0.00200546 0.00213572 0.00238436 0.00279233 0.0034137 0.00425683 0.00533197 0.00662201 0.00802953 0.00939339 0.0105586 0.0112998 0.011417 0.0107318 0.00914842 0.00664101 0.00325814 -0.000893584 -0.00564632 -0.0108103 -0.016142 -0.0214275 -0.0264908 -0.031162 -0.0353243 -0.0389007 -0.0418799 -0.0442619 -0.0460482 -0.0472426 -0.0478502 -0.0478294 -0.0471624 -0.0458189 -0.0438019 -0.0411057 -0.0377366 -0.0337435 -0.0291753 -0.0241316 -0.018728 -0.0131044 -0.00739755 -0.00172934 0.00376712 0.00894203 0.0136736 0.0178406 0.0213769 0.0242443 0.026439 0.0279645 0.0288083 0.0290354 0.0287094 0.0279368 0.026798 0.0253734 0.023758 0.022022 0.0202616 0.0185242 0.0168656 0.0153146 0.013899 0.0126447 0.011537 0.0105791 0.00975894 0.00907185 0.00849922 0.00803071 0.00765849 0.00735354 0.00710828 0.00692045 0.00679195 0.0067093 
0 0.000468619 0.000938691 0.00143435 0.00195954 0.00253786 0.00316852 0.00387453 0.00466713 0.00555836 0.00658051 0.00772715 0.00902581 0.0104607 0.0120403 0.0137517 0.0155766 0.0174944 0.0194239 0.0213305 0.0231264 0.0247585 0.0261309 0.0271543 0.027746 0.0278126 0.0273147 0.0261781 0.0243889 0.021931 0.0188216 0.0150853 0.010777 0.00596306 0.000748904 -0.00474865 -0.0103987 -0.0160858 -0.0217081 -0.0271325 -0.0322712 -0.0369709 -0.0411729 -0.0447919 -0.0477924 -0.0501623 -0.0518769 -0.0529402 -0.0533385 -0.0530788 -0.0521524 -0.050546 -0.0482558 -0.045272 -0.0415524 -0.0371414 -0.0320809 -0.0265391 -0.0206578 -0.0146404 -0.0087516 -0.00323038 0.00169962 0.00583216 0.00903569 0.0112368 0.0124403 0.0127316 0.0122595 0.0112616 0.00992351 0.00844504 0.00698859 0.0056704 0.00452119 0.00359317 0.00287259 0.00234455 0.00196216 0.00169177 0.00147167 0.00130261 0.00117196 0.00108217 0.00100797 0.000963766 0.000932428 0.000900897 0.000873863 0.00085847 0.000837624 0.000843621 0.00084615 0.00082503 0.000812068 0.000807944 0.000807298 0.00083247 0.000837068 0.000826658 0.000839618 0.000858946 0.000883268 0.000918805 0.000928095 0.000945724 0.000990589 0.00103467 0.00108044 0.00113201 0.00117334 0.00124266 0.00133214 0.00142213 0.00151118 0.00160911 0.00169879 0.00179715 0.0018934 0.00198294 0.0020534 0.00213187 0.00222056 0.00238303 0.00267558 0.00316043 0.00384893 0.00478858 0.00597548 0.00737503 0.0088839 0.0103634 0.0115684 0.0122959 0.0123241 0.0114724 0.00962975 0.00677418 0.00296483 -0.00169058 -0.00701269 -0.0127412 -0.01865 -0.0245073 -0.0300494 -0.0351149 -0.0395523 -0.0433329 -0.0464055 -0.0487534 -0.0503952 -0.0513564 -0.0516362 -0.051249 -0.0501793 -0.0484535 -0.0460627 -0.0430195 -0.0393551 -0.0350994 -0.0303561 -0.0251814 -0.0197096 -0.0140424 -0.0083025 -0.00260457 0.00293073 0.00818859 0.0130485 0.0174111 0.0212 0.0243663 0.0268905 0.0287466 0.0299593 0.0305297 0.0305429 0.0300511 0.0291344 0.0278699 0.0263355 0.0246463 0.0228699 0.0210885 0.0193159 0.0176131 0.0160363 0.0146234 0.0133758 0.0122583 0.0112782 0.0104413 0.00976473 0.00921408 0.00875169 0.00836947 0.00806913 0.00784988 0.0076926 0.0075898 
0 0.000524688 0.00108503 0.00167919 0.00231813 0.00296968 0.00370723 0.00454657 0.0054946 0.00654893 0.00772715 0.00906411 0.0105284 0.01215 0.0138927 0.0157578 0.0177144 0.0196977 0.0216481 0.0234898 0.0252087 0.0266877 0.0278357 0.0285641 0.0287977 0.0285079 0.0276305 0.0261429 0.0240044 0.0212338 0.0178673 0.0139408 0.00953123 0.00468251 -0.000513772 -0.00594147 -0.0115063 -0.0171064 -0.0226513 -0.0280513 -0.0332097 -0.0380299 -0.0424099 -0.0462995 -0.0496357 -0.0523862 -0.054541 -0.0560479 -0.0568854 -0.0570109 -0.0563978 -0.0550224 -0.0528474 -0.0498235 -0.0459761 -0.0413282 -0.0359366 -0.0299309 -0.023515 -0.0169447 -0.0104673 -0.0043648 0.00109604 0.00569839 0.00929408 0.0117928 0.0132051 0.0136207 0.0132338 0.0122064 0.010801 0.0092407 0.00767254 0.00624408 0.00502713 0.00401091 0.00322753 0.00263587 0.0022067 0.00189749 0.00165191 0.00146917 0.00131781 0.00119473 0.0011217 0.00106233 0.00101798 0.00100298 0.000966223 0.000941715 0.000934139 0.000921342 0.000912937 0.000912138 0.000889499 0.000889391 0.000902236 0.000910629 0.000914218 0.000923751 0.000921607 0.000947535 0.000981111 0.00100124 0.00101942 0.00105292 0.00108014 0.00114048 0.00120128 0.00124693 0.00131005 0.00138676 0.00145861 0.00156602 0.00166398 0.00175952 0.00187284 0.00197306 0.00206824 0.00216534 0.00224445 0.00233599 0.00245102 0.00264531 0.00298799 0.00350883 0.00429395 0.00534262 0.00663441 0.00815164 0.00975827 0.0112685 0.012509 0.0131994 0.0131185 0.0120725 0.00995544 0.0067306 0.00246189 -0.00270827 -0.00856724 -0.0148858 -0.0213633 -0.0277092 -0.0336848 -0.0391064 -0.0438168 -0.0477143 -0.0507849 -0.0530291 -0.0544612 -0.0551022 -0.0549921 -0.0541598 -0.0526617 -0.0505 -0.0477164 -0.0443476 -0.0404111 -0.0359782 -0.0311151 -0.0259116 -0.0204643 -0.0148578 -0.00919285 -0.00356839 0.00190568 0.00713562 0.0120419 0.016516 0.0205126 0.0239496 0.0267701 0.0289726 0.030546 0.0315302 0.0319241 0.0317823 0.0311528 0.0301143 0.0287772 0.0271952 0.0254778 0.0236671 0.0218349 0.0200403 0.0183342 0.0167703 0.0153424 0.0140772 0.0129436 0.0119698 0.0111619 0.0104908 0.00993047 0.0094648 0.00911827 0.00884669 0.00865401 0.00852288 
0 0.000627358 0.00127745 0.00198037 0.00272221 0.00350312 0.00436475 0.00534932 0.00644835 0.00765953 0.00902581 0.0105284 0.0121683 0.013942 0.0158448 0.017831 0.0198517 0.0218661 0.0237693 0.0255322 0.0270793 0.0283271 0.0291693 0.0295431 0.0294025 0.0286911 0.0274127 0.0255359 0.0230717 0.0200288 0.0164497 0.0123896 0.00793853 0.00314224 -0.00192074 -0.00717974 -0.0125651 -0.0180012 -0.0234048 -0.0286731 -0.0337908 -0.0386316 -0.0431556 -0.0472768 -0.0509343 -0.0540846 -0.0566637 -0.0586341 -0.0599462 -0.060539 -0.0603211 -0.0592268 -0.0572297 -0.0542947 -0.0503734 -0.0455358 -0.0398313 -0.0334564 -0.0265684 -0.019426 -0.0123723 -0.00571129 0.000288286 0.00536574 0.00936023 0.0121847 0.0138411 0.0144182 0.0140797 0.0130772 0.0116398 0.0100079 0.00835984 0.00684989 0.00552108 0.00443856 0.00358983 0.00294224 0.00245582 0.00211157 0.00183138 0.00162631 0.00146111 0.00133982 0.00124333 0.00117671 0.00112019 0.0010752 0.00103825 0.00102862 0.0010104 0.00101212 0.00100755 0.000985293 0.000974129 0.000974794 0.000969243 0.00099426 0.00100271 0.001003 0.00102063 0.00103613 0.00105295 0.00109379 0.00111535 0.00115153 0.00120249 0.00124939 0.00130105 0.0013661 0.00142447 0.00151195 0.00161106 0.00172048 0.00182295 0.00193106 0.00202782 0.00212904 0.00223328 0.00234176 0.00242722 0.00254151 0.00267968 0.00291279 0.00330131 0.0039069 0.00475656 0.0058987 0.00729743 0.00890344 0.0105772 0.0121605 0.013383 0.0140005 0.0137761 0.0125207 0.0101033 0.00648869 0.0017571 -0.00394563 -0.0103776 -0.0172238 -0.0242103 -0.0310488 -0.0374183 -0.0431366 -0.048006 -0.0519794 -0.0549925 -0.0570367 -0.0581642 -0.0584344 -0.0578845 -0.0565909 -0.0546059 -0.0520019 -0.0488204 -0.0451289 -0.0409768 -0.0363998 -0.0315069 -0.026331 -0.0209943 -0.0155436 -0.0100561 -0.0046118 0.000707826 0.00583916 0.0107031 0.0152213 0.0193491 0.0230098 0.0261315 0.02867 0.0306424 0.0320217 0.0328387 0.0330874 0.032814 0.0320897 0.0309927 0.0296063 0.0279819 0.0262163 0.0243693 0.0225393 0.0207586 0.0190481 0.0174594 0.016036 0.0147812 0.0136709 0.0127165 0.0119031 0.0112252 0.0106867 0.0102695 0.00993343 0.0096826 0.00952394 
0 0.000756261 0.00151248 0.00229907 0.00317105 0.00409592 0.0051257 0.00626378 0.00752217 0.00891563 0.0104607 0.01215 0.013942 0.0158815 0.0179083 0.0199569 0.0219803 0.0239441 0.0257717 0.0273619 0.0286652 0.029577 0.0300474 0.0300349 0.0294806 0.0283532 0.0266512 0.0244097 0.0216411 0.0183733 0.0146474 0.0105218 0.00609951 0.00142451 -0.00344839 -0.00846121 -0.0135909 -0.0187784 -0.0239469 -0.0290337 -0.0340202 -0.0388438 -0.04344 -0.0477564 -0.0517116 -0.0552402 -0.0582782 -0.06074 -0.0625552 -0.0636288 -0.0638491 -0.0631319 -0.0614057 -0.0585908 -0.0546888 -0.0497422 -0.0438119 -0.0370676 -0.0297327 -0.0221072 -0.0145163 -0.00729332 -0.00075611 0.00481994 0.00923812 0.012393 0.0142942 0.0150426 0.0148352 0.0138688 0.0124269 0.0107633 0.0090401 0.00743599 0.00603783 0.0048655 0.00395049 0.00324574 0.00271953 0.00234158 0.00204138 0.00181359 0.00162057 0.00146345 0.00136166 0.0012818 0.00121751 0.00118107 0.00113432 0.00110937 0.00109654 0.001081 0.00107293 0.00107513 0.00106623 0.00106939 0.00106929 0.00106799 0.00106963 0.00108557 0.00109896 0.00112798 0.00116055 0.00118992 0.00121859 0.0012596 0.00129167 0.00134791 0.00141617 0.00148523 0.00156971 0.00166292 0.0017467 0.00186137 0.00197089 0.00208096 0.00220108 0.00230745 0.00241064 0.0025149 0.00260405 0.00272888 0.00290148 0.00318665 0.00364509 0.00430406 0.00524752 0.00648039 0.00795686 0.00964073 0.0113702 0.0129503 0.0141606 0.0146937 0.0143026 0.0127878 0.010033 0.006008 0.000795998 -0.00541703 -0.0123674 -0.0197612 -0.0272565 -0.034501 -0.0411935 -0.0471366 -0.0521387 -0.0560867 -0.0589513 -0.0607444 -0.0615217 -0.0613475 -0.0603002 -0.0584905 -0.0560295 -0.0529747 -0.0494072 -0.0454215 -0.0410701 -0.0364248 -0.0315493 -0.0264952 -0.0213382 -0.0161131 -0.0108745 -0.0056802 -0.000589224 0.00436652 0.00912914 0.0136147 0.017803 0.0216195 0.0249836 0.0278573 0.0301987 0.0319907 0.0332173 0.0339009 0.0340571 0.0337152 0.0329452 0.0317928 0.030364 0.0287153 0.0269316 0.0251025 0.0232684 0.021465 0.019734 0.0181755 0.0167699 0.0155157 0.0144106 0.0134524 0.0126561 0.0120145 0.0115195 0.0111002 0.0107979 0.0106111 
0 0.00089658 0.00177345 0.00268553 0.00369342 0.00478566 0.00598481 0.00730125 0.00874008 0.0103128 0.0120403 0.0138927 0.0158448 0.0179083 0.0200128 0.0220678 0.0240377 0.0259041 0.027559 0.0289088 0.0298879 0.0304242 0.0304743 0.0300212 0.0290359 0.0274879 0.0254031 0.0228167 0.0197728 0.0163203 0.012515 0.00841389 0.00409746 -0.000406238 -0.00504353 -0.00977017 -0.0145766 -0.0194417 -0.0243199 -0.0291634 -0.033991 -0.0387308 -0.0433481 -0.0477947 -0.0520053 -0.0559042 -0.059385 -0.0623442 -0.0646839 -0.0662828 -0.0669891 -0.0666868 -0.0652927 -0.0627097 -0.0588835 -0.0538734 -0.0477583 -0.0407425 -0.0330371 -0.0249508 -0.0168602 -0.00912067 -0.00205942 0.00400753 0.00886065 0.0123878 0.0145848 0.0155468 0.0154607 0.0145681 0.0131449 0.0114542 0.00968144 0.00801086 0.0065286 0.00529887 0.00433004 0.00357537 0.00299965 0.00258079 0.00224393 0.00198882 0.00177675 0.00161054 0.00148977 0.00139875 0.00132067 0.00126527 0.00121923 0.00120274 0.00118572 0.00117318 0.00115999 0.00114907 0.00114541 0.00115065 0.00114595 0.00115622 0.00116579 0.00118231 0.0012032 0.00122116 0.00123866 0.00127544 0.00131246 0.00136392 0.00141428 0.00146844 0.0015332 0.00161295 0.0016975 0.00179625 0.00189415 0.00201133 0.00212492 0.0022418 0.00235455 0.00246286 0.00257417 0.00269037 0.00279015 0.00293289 0.0031327 0.00345931 0.00397162 0.00471166 0.00572905 0.00704805 0.00861233 0.0103574 0.0121174 0.0137012 0.014839 0.0152309 0.0146249 0.0128295 0.0097204 0.00527599 -0.000403025 -0.00712269 -0.0145901 -0.0224615 -0.0303939 -0.0380239 -0.0449997 -0.051103 -0.0561284 -0.0599941 -0.0626514 -0.0641121 -0.0644598 -0.0637942 -0.0622192 -0.0598882 -0.0569346 -0.053456 -0.0495378 -0.04529 -0.0407906 -0.0361067 -0.0313166 -0.0264348 -0.0215211 -0.0165746 -0.0116309 -0.00674195 -0.00194105 0.00277193 0.0073614 0.0117619 0.0159495 0.0198566 0.0234067 0.0265543 0.0292573 0.0314489 0.0331068 0.0342309 0.0348402 0.0349396 0.0345484 0.0337182 0.0325449 0.0311055 0.0294488 0.0276655 0.0258209 0.0239681 0.0221651 0.0204817 0.0189191 0.0174986 0.0162539 0.0151711 0.0142419 0.0134763 0.0128726 0.012379 0.0120206 0.0118006 
0 0.00103707 0.0020751 0.00316306 0.00434057 0.00559774 0.00697204 0.00848045 0.0101101 0.0118592 0.0137517 0.0157578 0.017831 0.0199569 0.0220678 0.0240855 0.025965 0.027657 0.0290481 0.0300725 0.0306889 0.0308235 0.0304274 0.0295101 0.0280857 0.0261438 0.0237127 0.0208307 0.0175616 0.0139808 0.0101578 0.00614312 0.00198706 -0.0022937 -0.00665275 -0.0110495 -0.0154956 -0.0200023 -0.0245504 -0.0291174 -0.0337358 -0.0383568 -0.0429592 -0.0475083 -0.0519403 -0.0561659 -0.0600586 -0.0634958 -0.0663521 -0.0684826 -0.0697056 -0.0698707 -0.0688567 -0.0665448 -0.0628765 -0.0579023 -0.0516965 -0.0444585 -0.0364266 -0.0279339 -0.019379 -0.0111404 -0.00357743 0.00297086 0.0082598 0.0121662 0.0146785 0.0158897 0.0159759 0.015182 0.0137979 0.0121035 0.0102992 0.00857773 0.00703943 0.00575031 0.0047187 0.00390491 0.00327871 0.00281991 0.00246049 0.00218355 0.00195003 0.00176094 0.00161889 0.00150966 0.00142005 0.00135638 0.00131034 0.0012914 0.00127146 0.00125043 0.00123174 0.00122193 0.00122481 0.00123225 0.00122843 0.00123405 0.00124603 0.00126792 0.00129292 0.00130964 0.00132562 0.00136107 0.00140612 0.00146388 0.00151993 0.00157784 0.00164973 0.00173819 0.00183208 0.00193234 0.00203203 0.00215052 0.00227313 0.00239764 0.00251421 0.00262209 0.00273214 0.00284932 0.00296482 0.00313228 0.00337433 0.00375432 0.00432363 0.00512687 0.00621921 0.00762056 0.00926388 0.0110603 0.0128277 0.0143637 0.0153964 0.015624 0.0147834 0.0126829 0.00920012 0.00432198 -0.00183793 -0.00905323 -0.0170057 -0.0253275 -0.0336464 -0.0415701 -0.0487439 -0.0549405 -0.0599448 -0.0636521 -0.0660196 -0.0670876 -0.066971 -0.0657963 -0.0636937 -0.060848 -0.0574161 -0.0535203 -0.0492719 -0.0448041 -0.0402067 -0.0355417 -0.0308683 -0.0261925 -0.0215526 -0.0169294 -0.012331 -0.00778809 -0.00331042 0.00112562 0.0054973 0.00975595 0.0138829 0.0178221 0.0214988 0.0248637 0.0278703 0.0304384 0.0325196 0.0340851 0.035142 0.0356919 0.035736 0.0353001 0.0344589 0.0332826 0.0318189 0.0301545 0.0283668 0.0265257 0.0246945 0.0229277 0.0212296 0.0196584 0.0182811 0.0170767 0.0160117 0.0151044 0.0143815 0.0138037 0.0133803 0.0131088 
0 0.001193 0.00242505 0.00371883 0.00509572 0.00652912 0.00809219 0.00979407 0.0116107 0.0135345 0.0155766 0.0177144 0.0198517 0.0219803 0.0240377 0.025965 0.027692 0.0291269 0.0301909 0.0308268 0.0310357 0.0307312 0.0298829 0.0285192 0.0266677 0.0243517 0.0216016 0.01849 0.0150765 0.0114417 0.00765496 0.00376716 -0.000185569 -0.0041909 -0.00822698 -0.0122627 -0.0163349 -0.0204697 -0.0246621 -0.0289309 -0.0333025 -0.0377822 -0.0423356 -0.046951 -0.0515589 -0.0560567 -0.0603208 -0.0642056 -0.0675673 -0.0702281 -0.0719775 -0.07264 -0.0720596 -0.07008 -0.0666484 -0.0617756 -0.0555562 -0.0481664 -0.0398787 -0.0310476 -0.0220771 -0.0133766 -0.00534191 0.00167858 0.00740917 0.0117079 0.0145554 0.0160323 0.0163253 0.0156618 0.0143594 0.0127005 0.0108887 0.00912265 0.00754038 0.00618951 0.00510473 0.00424035 0.00356935 0.00306563 0.00268017 0.00237657 0.00212682 0.00191915 0.00176742 0.00163938 0.00153146 0.00145436 0.00139799 0.00136813 0.0013533 0.00132641 0.00130854 0.00131165 0.00131681 0.00132184 0.00131916 0.0013088 0.00131974 0.00135223 0.00137785 0.00140126 0.00142653 0.00145822 0.00151412 0.0015777 0.00162656 0.00168586 0.00176326 0.00185486 0.00196801 0.00207735 0.00218032 0.0023028 0.00242861 0.00254785 0.00266566 0.0027704 0.00288434 0.00300597 0.0031417 0.00333076 0.00361337 0.00404807 0.00468711 0.00555279 0.00672274 0.00818812 0.00988129 0.0117013 0.0134569 0.0149152 0.0158217 0.015849 0.0147392 0.0122988 0.00842112 0.00310598 -0.00352641 -0.0112123 -0.0196019 -0.0283225 -0.0369678 -0.0451181 -0.0524252 -0.0586283 -0.0635328 -0.0670012 -0.0690182 -0.0696486 -0.0690355 -0.0673368 -0.0647173 -0.0613735 -0.0574945 -0.0532106 -0.0486745 -0.0440364 -0.0393838 -0.0347826 -0.0302445 -0.0257952 -0.0214428 -0.017171 -0.0129571 -0.00879313 -0.00466083 -0.000522753 0.00359928 0.00766076 0.0116615 0.0155698 0.0193187 0.0228542 0.0260971 0.0289885 0.0314543 0.0334589 0.0349678 0.0359694 0.0364764 0.0364829 0.0360472 0.0351884 0.033984 0.0325204 0.0308714 0.0291022 0.0272709 0.0254637 0.0236821 0.0220034 0.0204923 0.0191468 0.0179463 0.0169064 0.0160695 0.0153929 0.0148934 0.0145625 
0 0.00139351 0.00282568 0.00434019 0.00591516 0.00757106 0.00933056 0.0112278 0.0132263 0.0153115 0.0174944 0.0196977 0.0218661 0.0239441 0.0259041 0.027657 0.0291269 0.0302488 0.0309279 0.0311488 0.0308806 0.0301124 0.0288235 0.0270441 0.0248093 0.0221456 0.0191446 0.0158758 0.0124054 0.00879004 0.00509504 0.00137822 -0.00233269 -0.00604229 -0.0097325 -0.0134098 -0.0170989 -0.0208473 -0.0246822 -0.0286311 -0.0327662 -0.0370696 -0.0415469 -0.0461711 -0.0508979 -0.0556334 -0.0602277 -0.0645312 -0.0683732 -0.071545 -0.0738175 -0.0749837 -0.0748672 -0.0733018 -0.0701496 -0.0654389 -0.0592586 -0.0518108 -0.043352 -0.0342425 -0.0249301 -0.0158334 -0.00734665 0.00012464 0.00629084 0.0109965 0.0141997 0.0159798 0.0164938 0.0160189 0.0148359 0.0132253 0.0114303 0.00964487 0.00800157 0.00661952 0.00548857 0.00458262 0.00387321 0.0033339 0.00291176 0.00258013 0.00230488 0.00208577 0.00190805 0.00177018 0.00165188 0.00155422 0.00149516 0.0014654 0.00143167 0.00140811 0.0013908 0.0013852 0.00140551 0.00141442 0.00139804 0.00139633 0.00140749 0.00143391 0.00147666 0.00149816 0.00151447 0.00156163 0.00161809 0.00168041 0.00174604 0.00180147 0.00187911 0.00199273 0.00210574 0.00221799 0.00233065 0.00244517 0.00256977 0.00269865 0.0028102 0.00292184 0.00304033 0.00317377 0.00332079 0.00353018 0.00385153 0.00433887 0.00503428 0.00599391 0.00722361 0.00874507 0.0104837 0.0122939 0.0139921 0.0153617 0.0160902 0.0158822 0.0144632 0.0116609 0.00737094 0.00161203 -0.00545205 -0.013562 -0.0223521 -0.0313978 -0.0402958 -0.0486267 -0.0559984 -0.062137 -0.0668298 -0.0700039 -0.0716303 -0.0717953 -0.0706709 -0.0684451 -0.0653103 -0.0614913 -0.057188 -0.0525841 -0.0478274 -0.0430676 -0.0384054 -0.0338703 -0.029502 -0.0252878 -0.021245 -0.0173273 -0.0134891 -0.00970477 -0.00592355 -0.00210972 0.00172454 0.00555452 0.00938047 0.0131951 0.016949 0.0205699 0.0239957 0.0271318 0.0299387 0.0323474 0.0343078 0.0357812 0.0367441 0.0372305 0.037233 0.0367793 0.0359032 0.0347122 0.0332766 0.0316273 0.0298579 0.0280427 0.0262477 0.0245014 0.0228708 0.0213802 0.0200417 0.0189001 0.0179449 0.0171712 0.0165795 0.0161931 
0 0.00164478 0.00331487 0.00503251 0.00684304 0.00872478 0.0107094 0.0127868 0.0149483 0.0171782 0.0194239 0.0216481 0.0237693 0.0257717 0.027559 0.0290481 0.0301909 0.0309279 0.0312152 0.0309753 0.0302393 0.0290052 0.0272961 0.0251375 0.0225575 0.0196368 0.0164513 0.0130969 0.00962252 0.00608302 0.00253778 -0.000962464 -0.00441138 -0.00780347 -0.0111589 -0.0144658 -0.0177788 -0.0211508 -0.0246256 -0.028289 -0.0321609 -0.036297 -0.0406599 -0.0452631 -0.0500634 -0.0549681 -0.0598498 -0.0645275 -0.0688018 -0.0724476 -0.0752245 -0.0769099 -0.0772746 -0.076103 -0.0733101 -0.068842 -0.0627989 -0.0553371 -0.0467746 -0.0374877 -0.0278929 -0.0184342 -0.00956763 -0.00167222 0.00492215 0.0100288 0.0136072 0.0157156 0.016517 0.0162335 0.0151893 0.0136689 0.0119086 0.010114 0.00847528 0.00704138 0.00586612 0.00491796 0.0041702 0.00358925 0.00315514 0.0027942 0.00249968 0.00224762 0.00205509 0.00188884 0.00175708 0.00165979 0.00159833 0.0015549 0.00153147 0.001485 0.00145663 0.00146022 0.00147246 0.00148028 0.00148639 0.00147303 0.00149373 0.00153647 0.00156477 0.00158344 0.00160815 0.00163618 0.00170923 0.00178822 0.00185092 0.001922 0.00201511 0.00211746 0.0022453 0.00235319 0.00245597 0.0025734 0.00270925 0.0028364 0.0029618 0.00307045 0.00319157 0.00331792 0.00349163 0.00372751 0.00409329 0.00463891 0.00540655 0.00640493 0.00771028 0.00927982 0.0110375 0.0128338 0.0144666 0.01567 0.016191 0.0157081 0.0139628 0.0107717 0.00607015 -0.000103103 -0.00759605 -0.0160875 -0.0251955 -0.0345238 -0.0436228 -0.0520251 -0.0593689 -0.0653536 -0.0698208 -0.072628 -0.0738161 -0.0735074 -0.0718845 -0.0691484 -0.0655225 -0.0612549 -0.0565965 -0.0517195 -0.0468001 -0.0419731 -0.0373147 -0.0328876 -0.0286761 -0.024728 -0.0209898 -0.0174177 -0.0139377 -0.0105036 -0.00707986 -0.00361149 -9.31122e-05 0.00348045 0.00711893 0.0108058 0.0144885 0.0181219 0.0216369 0.0249838 0.0280603 0.0308198 0.0331879 0.0351068 0.0365466 0.0374865 0.0379676 0.0379547 0.0374956 0.0366432 0.0354692 0.0340292 0.032384 0.0306532 0.0288765 0.0271165 0.0254041 0.0237955 0.0223493 0.0210933 0.020038 0.0191515 0.0184791 0.0180299 
