0 0 0 0 0 0 0 0 0 0 0 0 0 0 0 0 0 0 0 0 0 0 0 0 0 0 0 0 0 0 0 0 0 0 0 0 0 0 0 0 0 0 0 0 0 0 0 0 0 0 0 0 0 0 0 0 0 0 0 0 0 0 0 0 0 0 0 0 0 0 0 0 0 0 0 0 0 0 0 0 0 0 0 0 0 0 0 0 0 0 0 0 0 0 0 0 0 0 0 0 0 0 0 0 0 0 0 0 0 0 0 0 0 0 0 0 0 0 0 0 0 0 0 0 0 0 0 0 0 0 0 0 0 0 0 0 0 0 0 0 0 0 0 0 0 0 0 0 0 0 0 0 0 0 0 0 0 0 0 0 0 0 0 0 0 0 0 0 0 0 0 0 0 0 0 0 0 0 0 0 0 0 0 0 0 0 0 0 0 0 0 0 0 0 0 0 0 0 0 0 
0 6.85744e-05 0.000116684 0.000103238 -4.95053e-06 -0.000255736 -0.000644968 -0.00116482 -0.00177859 -0.00245805 -0.00319183 -0.00394283 -0.00468215 -0.00535099 -0.0059239 -0.00636893 -0.00667054 -0.00683506 -0.00684287 -0.00670482 -0.00643653 -0.0060837 -0.00566421 -0.00518492 -0.00467567 -0.00413695 -0.00359782 -0.0030888 -0.0026355 -0.00223854 -0.00188228 -0.00157432 -0.00130553 -0.00108113 -0.000901712 -0.000752058 -0.000628564 -0.00052244 -0.000428487 -0.000360962 -0.000321048 -0.000297963 -0.000271912 -0.00024584 -0.000227788 -0.000210383 -0.000205574 -0.000200838 -0.000194609 -0.000185447 -0.000172329 -0.000158622 -0.000161487 -0.000171673 -0.000179373 -0.000188445 -0.000196709 -0.000216165 -0.000244136 -0.000283202 -0.000338006 -0.000417234 -0.000508165 -0.000608714 -0.000725187 -0.000883125 -0.00105954 -0.00124663 -0.0014317 -0.00160746 -0.0017707 -0.0018949 -0.00196632 -0.00198446 -0.00191797 -0.00176983 -0.00154529 -0.00122173 -0.000833562 -0.000406194 3.57628e-05 0.000462075 0.000849008 0.0011794 0.00142199 0.00157745 0.00162817 0.00159523 0.00149715 0.00135303 0.00118332 0.00102342 0.000868897 0.000739255 0.000632624 0.000544021 0.000467374 0.000418373 0.000377496 0.000350254 0.000330855 0.000314015 0.000294405 0.000295481 0.000306054 0.000339967 0.000404498 0.000503327 0.000632212 0.000808789 0.00100357 0.00120535 0.00139178 0.00153645 0.0016128 0.00161438 0.00151198 0.00131499 0.00102047 0.000654477 0.00024441 -0.000190076 -0.000614408 -0.000988553 -0.00131478 -0.00155604 -0.00171045 -0.00179557 -0.00179566 -0.00172073 -0.00159338 -0.00142652 -0.00124454 -0.00105671 -0.000872523 -0.00071426 -0.000564141 -0.000427487 -0.000307669 -0.000211066 -0.000131834 -7.54992e-05 -3.05335e-05 6.98095e-06 4.35963e-05 7.07577e-05 9.10007e-05 9.98384e-05 0.000102337 0.00010542 0.000108747 0.000117717 0.000131987 0.000139148 0.000131428 0.00013179 0.000133568 0.000142116 0.000144425 0.000127541 9.9754e-05 6.18257e-05 1.44589e-05 -4.43977e-05 -0.000119726 -0.000222481 -0.000365746 -0.00053343 -0.000721038 -0.000947791 -0.00121545 -0.00154551 -0.00193002 -0.00235864 -0.00281999 -0.00329313 -0.00377529 -0.00423921 -0.00467249 -0.00503001 -0.00528047 -0.00542985 -0.00545545 -0.00533915 -0.00504391 -0.00456186 -0.00388838 -0.00304628 -0.00209224 -0.00103816 9.74446e-05 0.0012983 0.00251577 0.00370591 0.0048248 0.00582266 0.00669393 0.00742227 0.00799527 0.00838448 
0 0.000116684 0.000172638 0.000110797 -0.00015055 -0.000651715 -0.00141898 -0.00242859 -0.00363112 -0.00498069 -0.0064141 -0.00788878 -0.00930987 -0.0106168 -0.0117399 -0.012617 -0.0132204 -0.0135267 -0.0135559 -0.0132898 -0.0127965 -0.0121218 -0.0112939 -0.0103494 -0.00932979 -0.00828733 -0.00723317 -0.00623671 -0.00532513 -0.00450821 -0.00378247 -0.00316302 -0.00263092 -0.00218614 -0.0018142 -0.00150335 -0.00125879 -0.00105182 -0.000892517 -0.00074942 -0.000665224 -0.000594172 -0.00052932 -0.000488104 -0.000453187 -0.000431414 -0.000411523 -0.000394454 -0.000382859 -0.00037575 -0.000363615 -0.000356358 -0.000345977 -0.00035948 -0.000352342 -0.000369001 -0.000398208 -0.000433908 -0.000498516 -0.000578986 -0.00068468 -0.000831051 -0.00100738 -0.00122528 -0.00149037 -0.00177613 -0.00211039 -0.002474 -0.00284849 -0.00319402 -0.00351902 -0.00377895 -0.00394236 -0.00396269 -0.00383544 -0.00353665 -0.00306234 -0.00242056 -0.00166363 -0.000807505 7.58568e-05 0.000927579 0.0017102 0.0023657 0.00284477 0.00313979 0.00324796 0.00319391 0.00300653 0.0027253 0.00239861 0.00205362 0.00174214 0.0014824 0.00126117 0.00108685 0.000957367 0.000844646 0.000772725 0.00072402 0.000673405 0.0006328 0.00060639 0.000584941 0.000612473 0.000690221 0.000819701 0.00102333 0.00130148 0.00163514 0.00201961 0.0024145 0.00277812 0.00306575 0.00323438 0.00323718 0.0030327 0.00262762 0.00204242 0.00131061 0.000493057 -0.000358876 -0.00121145 -0.00198603 -0.00263187 -0.00310866 -0.00342428 -0.00356726 -0.00355989 -0.00341817 -0.00317136 -0.00283763 -0.0024867 -0.00212758 -0.00177402 -0.00141721 -0.00111183 -0.000852182 -0.000626148 -0.000432241 -0.000269408 -0.000146708 -6.28143e-05 2.19558e-05 8.16949e-05 0.000115434 0.000153993 0.000168643 0.000199599 0.00021596 0.000225271 0.000236299 0.000256009 0.000266611 0.000270157 0.000267367 0.000276535 0.000270755 0.000261059 0.000233583 0.000183628 0.00013414 3.43383e-05 -8.84545e-05 -0.000251272 -0.000457616 -0.000732543 -0.00106208 -0.0014537 -0.00192711 -0.00249002 -0.00314849 -0.00390207 -0.00474674 -0.00565009 -0.00660345 -0.00753995 -0.00844677 -0.00927287 -0.00996282 -0.0104639 -0.0107465 -0.0107915 -0.0105189 -0.00991641 -0.00895537 -0.00763708 -0.00599299 -0.00409713 -0.00200663 0.000256467 0.00261875 0.00500776 0.00734331 0.00954551 0.0115295 0.0132529 0.0146972 0.0158168 0.0165749 
0 0.000103238 0.000110797 -8.70153e-05 -0.000538429 -0.00132423 -0.00243863 -0.00389846 -0.00564616 -0.00760378 -0.00969912 -0.0118071 -0.0138548 -0.0157224 -0.0173525 -0.0186403 -0.0195143 -0.0199823 -0.020023 -0.0196827 -0.0189936 -0.0180353 -0.016834 -0.0154323 -0.0139501 -0.0124214 -0.0109032 -0.00944111 -0.00808415 -0.00685507 -0.0057564 -0.00482791 -0.00403501 -0.00335924 -0.00278873 -0.00230272 -0.00191859 -0.0016195 -0.00136965 -0.00117049 -0.00101812 -0.000902558 -0.000803104 -0.00073701 -0.000704168 -0.000662415 -0.000629386 -0.000591664 -0.000566611 -0.000558928 -0.000552827 -0.000535204 -0.000534948 -0.000536689 -0.000532239 -0.000550039 -0.00058803 -0.000662249 -0.000753763 -0.000862941 -0.00101276 -0.00123946 -0.00152057 -0.00184543 -0.00221605 -0.00267864 -0.0031785 -0.00370498 -0.00424029 -0.00476936 -0.00527532 -0.00567215 -0.00590279 -0.00594991 -0.00573776 -0.00527871 -0.00459216 -0.00363123 -0.00248364 -0.00121643 0.000100598 0.00137853 0.0025418 0.00352909 0.00425229 0.00470788 0.00486122 0.00477189 0.00449379 0.00407981 0.00358533 0.00309998 0.00262653 0.00222155 0.00188995 0.00162523 0.0014122 0.00127861 0.00117041 0.00108995 0.00101947 0.000950888 0.000882565 0.000878583 0.000921287 0.00104178 0.00125194 0.00155629 0.00194419 0.0024563 0.0030254 0.00361894 0.00417206 0.00460505 0.00483659 0.00483376 0.00452079 0.00392205 0.00304157 0.00195426 0.000737803 -0.000552291 -0.00182234 -0.00295938 -0.00394538 -0.00467236 -0.00512593 -0.0053506 -0.00532537 -0.00509466 -0.0047274 -0.00425875 -0.00374336 -0.00319439 -0.00263633 -0.00213543 -0.00167137 -0.00126644 -0.000924638 -0.000647217 -0.000410136 -0.000225813 -7.80752e-05 3.34601e-05 0.000119417 0.000171941 0.000218182 0.000258166 0.000299178 0.00033501 0.000346855 0.000351722 0.000369944 0.000389478 0.000392225 0.000410652 0.000409822 0.000399924 0.000373574 0.000322283 0.000265173 0.000178642 3.39385e-05 -0.000173701 -0.000431925 -0.000745859 -0.00115341 -0.00164542 -0.00223909 -0.00297619 -0.00383036 -0.00482179 -0.00593284 -0.00716481 -0.00850773 -0.00989602 -0.0112799 -0.0125726 -0.0137536 -0.0147376 -0.0154451 -0.0158494 -0.015852 -0.0154016 -0.0144512 -0.0130221 -0.0110997 -0.008698 -0.00592389 -0.00282435 0.000501731 0.00396468 0.00743678 0.0108323 0.0140578 0.0169747 0.0195292 0.0216491 0.0232906 0.0243884 
0 -4.95053e-06 -0.00015055 -0.000538429 -0.00125407 -0.00232882 -0.0037995 -0.0056663 -0.00788701 -0.0103859 -0.0130313 -0.0157132 -0.0182807 -0.0206437 -0.0226981 -0.024328 -0.0254648 -0.0260708 -0.0261787 -0.0257714 -0.0249338 -0.0237245 -0.02219 -0.0204162 -0.0185101 -0.0165659 -0.0146029 -0.0127134 -0.0109446 -0.00932577 -0.0078716 -0.00661936 -0.00554003 -0.00462402 -0.00384487 -0.00318704 -0.00266334 -0.00223248 -0.00189584 -0.0016015 -0.00140257 -0.00123734 -0.00109698 -0.00100728 -0.000938347 -0.000886811 -0.000837541 -0.000794254 -0.000764529 -0.000745873 -0.000720792 -0.000702435 -0.000686016 -0.000707117 -0.000703262 -0.000736806 -0.000795331 -0.00087389 -0.00100175 -0.00116281 -0.00137327 -0.00166145 -0.00201459 -0.0024479 -0.00297146 -0.00355356 -0.00422401 -0.00494949 -0.005692 -0.00638567 -0.00702937 -0.00753946 -0.00785389 -0.00789541 -0.00764017 -0.00704819 -0.0061116 -0.00484203 -0.00333344 -0.00163693 0.00011607 0.00181157 0.00336696 0.00467323 0.00563557 0.00623186 0.00645426 0.00635071 0.00598273 0.00542902 0.00478212 0.0041082 0.00349295 0.00297325 0.00253394 0.00218285 0.00191386 0.0016916 0.00154208 0.00143869 0.00134281 0.00126575 0.00121436 0.00118608 0.00124413 0.00139983 0.00166283 0.00206819 0.00261874 0.00328834 0.00405253 0.00483518 0.00555165 0.00611088 0.00642652 0.00641432 0.00599883 0.00518835 0.00402081 0.00256687 0.000941071 -0.000753867 -0.00243679 -0.00396457 -0.00524385 -0.00619557 -0.00682279 -0.00711391 -0.00710081 -0.00681759 -0.00632512 -0.0056681 -0.00496435 -0.00424192 -0.00353039 -0.00283204 -0.00222506 -0.00170488 -0.00125412 -0.000867665 -0.000543522 -0.000296541 -0.000118799 4.7977e-05 0.000170663 0.000245998 0.000317968 0.000352088 0.000407191 0.000440533 0.000458438 0.000475254 0.000505582 0.000526015 0.000536881 0.000538359 0.000546334 0.000523104 0.000485095 0.000415773 0.000309856 0.000187878 -3.03131e-05 -0.000308136 -0.000662411 -0.00109824 -0.00165871 -0.00233444 -0.00314591 -0.00412656 -0.00527536 -0.00658762 -0.008052 -0.00966306 -0.0113795 -0.0131708 -0.0149165 -0.0165687 -0.0180485 -0.0192705 -0.0201403 -0.0205814 -0.0205213 -0.0198395 -0.0185483 -0.0166493 -0.0141458 -0.0110517 -0.0074531 -0.00344895 0.000865603 0.00532142 0.00978121 0.0141364 0.0182781 0.0220595 0.0253688 0.0281262 0.0302409 0.0316554 
0 -0.000255736 -0.000651715 -0.00132423 -0.00232882 -0.00374278 -0.00556289 -0.00780841 -0.0104283 -0.0133373 -0.0164326 -0.0195482 -0.022557 -0.0253001 -0.0276874 -0.0295958 -0.0309459 -0.0317307 -0.0319129 -0.0315085 -0.0305539 -0.0291528 -0.0273695 -0.0252877 -0.0230513 -0.0207174 -0.0183592 -0.0160652 -0.0139137 -0.0119328 -0.0101244 -0.00853579 -0.00715345 -0.00597454 -0.00498759 -0.0041549 -0.0034741 -0.00291627 -0.00245172 -0.00208441 -0.00181528 -0.00161044 -0.00143191 -0.00129556 -0.0012017 -0.00111844 -0.00106006 -0.00101081 -0.000973388 -0.000943751 -0.00090831 -0.000870097 -0.000868695 -0.000889333 -0.000902958 -0.000936386 -0.00099308 -0.00109795 -0.00124831 -0.00144486 -0.00171278 -0.00208491 -0.00253798 -0.00306696 -0.00368763 -0.00444468 -0.00528511 -0.0061778 -0.00708236 -0.00795701 -0.00876645 -0.00940014 -0.00977471 -0.00984347 -0.00951244 -0.00877139 -0.00762697 -0.006046 -0.00414884 -0.00205006 0.000124636 0.00223394 0.0041579 0.00578793 0.00699886 0.00776011 0.00803853 0.00790779 0.00745432 0.00677294 0.00596571 0.00515684 0.00438789 0.00372644 0.00317871 0.00273553 0.00238023 0.00213157 0.0019421 0.00180396 0.00169057 0.00158991 0.00150457 0.00149885 0.00157559 0.00177453 0.00211854 0.00262389 0.00328709 0.00413337 0.00507993 0.00605347 0.0069452 0.00763213 0.00799545 0.00796269 0.00743789 0.0064362 0.00497914 0.00317494 0.00115336 -0.000974384 -0.00305861 -0.0049328 -0.00653135 -0.00772396 -0.00848837 -0.00886521 -0.00884263 -0.00847817 -0.00786425 -0.0070716 -0.00619845 -0.00528595 -0.00437912 -0.00355089 -0.00279457 -0.00212693 -0.00155076 -0.00107143 -0.00067619 -0.000376547 -0.000145251 4.33735e-05 0.000199719 0.000310829 0.000396962 0.00045292 0.000500562 0.00054203 0.000566224 0.000592093 0.000631156 0.000656571 0.000651875 0.000654789 0.000646082 0.000627185 0.000579946 0.00047885 0.000337533 0.000142293 -0.000135087 -0.000495286 -0.00094256 -0.00150771 -0.00224114 -0.00312205 -0.00415825 -0.00539467 -0.00682363 -0.00846478 -0.0102823 -0.0122433 -0.0143103 -0.0164099 -0.0184741 -0.0204012 -0.0221267 -0.0235151 -0.0244436 -0.0248587 -0.0246456 -0.0237329 -0.0220837 -0.0197314 -0.0166715 -0.0129237 -0.00860764 -0.00379968 0.00135409 0.0066912 0.0120214 0.0172206 0.0221663 0.0266832 0.0306617 0.0339691 0.0365162 0.0382161 
0 -0.000644968 -0.00141898 -0.00243863 -0.0037995 -0.00556289 -0.00774786 -0.0103373 -0.0132788 -0.0165014 -0.019898 -0.0233372 -0.0266451 -0.0296719 -0.0322954 -0.0344071 -0.0359459 -0.0368713 -0.0371588 -0.0367724 -0.0357748 -0.0342587 -0.0323038 -0.030011 -0.0275003 -0.0248654 -0.0221698 -0.019531 -0.0170278 -0.0146907 -0.012535 -0.01061 -0.00891983 -0.00747311 -0.00625075 -0.00522245 -0.00437855 -0.00367758 -0.00310749 -0.002637 -0.00229061 -0.00201152 -0.00177554 -0.00160108 -0.00146967 -0.00136713 -0.00128458 -0.00122014 -0.00117565 -0.00114343 -0.00110579 -0.00107373 -0.00105856 -0.0010768 -0.00108348 -0.00112396 -0.00120111 -0.00132235 -0.00150723 -0.00175001 -0.00207167 -0.00250472 -0.00304236 -0.00369134 -0.00446129 -0.00534017 -0.00632938 -0.00739246 -0.00847947 -0.00952095 -0.010479 -0.0112379 -0.0116977 -0.0117645 -0.011377 -0.0104928 -0.00910422 -0.00722771 -0.00498146 -0.002476 0.000118967 0.00263903 0.00494479 0.00688575 0.0083303 0.00923273 0.0095838 0.00945117 0.00892983 0.00813225 0.00718409 0.00619957 0.00527965 0.00448583 0.00382335 0.00329414 0.00288585 0.0025734 0.00235058 0.00218585 0.00204127 0.00191817 0.00183229 0.00181273 0.00191459 0.00216565 0.00258462 0.0031997 0.00401468 0.00501 0.00613018 0.00727448 0.00831741 0.00912067 0.00955252 0.00949835 0.00886216 0.00764669 0.00590485 0.00374876 0.00133497 -0.00118632 -0.00366785 -0.00592142 -0.00781463 -0.00923154 -0.0101513 -0.0105795 -0.0105503 -0.0101257 -0.00939948 -0.00845351 -0.00741589 -0.00634022 -0.00527214 -0.00425033 -0.0033401 -0.00255101 -0.00187209 -0.00129508 -0.000817373 -0.00045131 -0.000177199 5.61672e-05 0.00023628 0.00036046 0.000461507 0.000526043 0.000597922 0.000651885 0.000686632 0.000717273 0.000756072 0.000779047 0.000780258 0.000769744 0.000753989 0.000708379 0.0006313 0.00049929 0.000308091 6.21981e-05 -0.000295396 -0.000746472 -0.00131179 -0.00202374 -0.00293291 -0.00402725 -0.00531169 -0.00681575 -0.00854317 -0.0104921 -0.012627 -0.0149002 -0.0172474 -0.0196125 -0.0218963 -0.0240269 -0.0258962 -0.0273563 -0.0282706 -0.0285627 -0.0281606 -0.0269691 -0.0249754 -0.0221808 -0.0185944 -0.0142634 -0.00930959 -0.00384576 0.00200791 0.0080646 0.0141314 0.0200467 0.0256541 0.0307797 0.0352893 0.0390591 0.0419689 0.0439267 
0 -0.00116482 -0.00242859 -0.00389846 -0.0056663 -0.00780841 -0.0103373 -0.0132304 -0.0164291 -0.0198626 -0.0234441 -0.0270479 -0.0305208 -0.0337088 -0.0364909 -0.0387573 -0.0404353 -0.0414803 -0.0418516 -0.0415276 -0.0405531 -0.0390093 -0.0369668 -0.0345255 -0.0318201 -0.028955 -0.0260098 -0.0230873 -0.0202681 -0.0175979 -0.0151163 -0.012879 -0.0108983 -0.0091722 -0.00768896 -0.00643115 -0.00539403 -0.0045431 -0.00384376 -0.00326753 -0.00281507 -0.00245108 -0.0021557 -0.00193896 -0.00177958 -0.00164754 -0.0015328 -0.00143926 -0.0013744 -0.00133281 -0.00129446 -0.00125875 -0.00124197 -0.00124913 -0.00126056 -0.00130847 -0.00140523 -0.00155754 -0.00177127 -0.00204776 -0.00241923 -0.00292141 -0.0035524 -0.00431036 -0.00520521 -0.00623789 -0.0073868 -0.00861193 -0.00986458 -0.0110812 -0.0121937 -0.0130726 -0.0135977 -0.0136714 -0.013214 -0.0121871 -0.010582 -0.0084179 -0.0058152 -0.00292196 8.0414e-05 0.0030037 0.00567755 0.00793269 0.00962299 0.0106821 0.0111026 0.0109597 0.0103677 0.00945747 0.00837149 0.00724471 0.00618116 0.00525143 0.00447584 0.00385305 0.00337093 0.0030122 0.00275117 0.00255363 0.00238618 0.0022426 0.00214448 0.00213767 0.00226849 0.00257107 0.00307026 0.00378773 0.00473041 0.0058837 0.00717722 0.00849569 0.00969182 0.010602 0.0110731 0.010978 0.010222 0.00880147 0.00677726 0.00428125 0.00148704 -0.00143352 -0.00429377 -0.00689379 -0.0090832 -0.0107313 -0.0117964 -0.0122922 -0.0122527 -0.0117568 -0.0109158 -0.00983611 -0.00863612 -0.00738168 -0.00613273 -0.00495289 -0.00389293 -0.00297017 -0.00218151 -0.00151635 -0.000965935 -0.00053214 -0.000196226 7.58502e-05 0.000282772 0.000427776 0.00053846 0.000622942 0.000706798 0.000774135 0.000812609 0.000837786 0.000867129 0.000887988 0.000892868 0.000884773 0.000852985 0.000778419 0.000656215 0.000474728 0.000234271 -8.33109e-05 -0.000528455 -0.00110448 -0.0018181 -0.00269691 -0.00378538 -0.00508837 -0.00662136 -0.00840404 -0.0104231 -0.012655 -0.0150569 -0.0175811 -0.0201672 -0.0227359 -0.0251809 -0.0274068 -0.0293057 -0.0307282 -0.0315348 -0.0316458 -0.0309848 -0.0294821 -0.0271188 -0.0239021 -0.0198441 -0.0150081 -0.00953136 -0.00353619 0.00284826 0.00945286 0.0160795 0.0225474 0.0286696 0.0342554 0.0391696 0.0432858 0.0464857 0.0486574 
0 -0.00177859 -0.00363112 -0.00564616 -0.00788701 -0.0104283 -0.0132788 -0.0164291 -0.0198255 -0.0233913 -0.0270506 -0.030683 -0.0341828 -0.0374163 -0.0402735 -0.0426344 -0.0444012 -0.0455299 -0.0459742 -0.0457414 -0.0448497 -0.0433556 -0.0413125 -0.0388141 -0.0360063 -0.0329932 -0.0298698 -0.026719 -0.0236285 -0.0206633 -0.0178839 -0.0153463 -0.0130716 -0.0110557 -0.00930111 -0.00780289 -0.00655382 -0.00552748 -0.00467146 -0.0039744 -0.00340895 -0.00295767 -0.00259406 -0.00231422 -0.00210679 -0.00193543 -0.00179425 -0.00168094 -0.00159758 -0.00153671 -0.00148448 -0.00143781 -0.00142344 -0.00142779 -0.00145394 -0.00150935 -0.00161588 -0.00179003 -0.00203188 -0.00235412 -0.00278629 -0.00335657 -0.00407076 -0.00492804 -0.00593857 -0.00712169 -0.00843484 -0.0098356 -0.0112607 -0.0126435 -0.0138888 -0.0148702 -0.0154536 -0.0155396 -0.0150238 -0.0138632 -0.0120454 -0.0095975 -0.00664447 -0.00337165 2.84049e-05 0.00334429 0.00637497 0.00893693 0.0108707 0.0120928 0.0125946 0.0124537 0.0117983 0.0107782 0.00955362 0.00828771 0.00708782 0.00603355 0.00515364 0.00443973 0.00387591 0.00345862 0.00314729 0.00291428 0.00273123 0.00258212 0.00248437 0.00249644 0.00265198 0.00299882 0.00357322 0.00439554 0.00547217 0.006789 0.00825205 0.00973298 0.0110638 0.0120629 0.0125598 0.012417 0.0115384 0.00991511 0.00761196 0.00478033 0.00161062 -0.00170161 -0.00493023 -0.00786152 -0.0103278 -0.0121917 -0.0133977 -0.0139695 -0.0139354 -0.0133821 -0.0124264 -0.0112014 -0.00982796 -0.00839819 -0.00697994 -0.00565568 -0.00445466 -0.00340269 -0.00249931 -0.0017361 -0.00110828 -0.000613487 -0.000224669 8.10252e-05 0.000321533 0.000499411 0.000625747 0.000727501 0.000809622 0.000879224 0.000922486 0.0009541 0.00098489 0.00100411 0.000998913 0.000977287 0.00091866 0.000815974 0.000649044 0.00040948 0.000100934 -0.000311594 -0.000857254 -0.00156644 -0.00243965 -0.00350588 -0.0047975 -0.00632818 -0.0081151 -0.0101683 -0.0124591 -0.0149451 -0.0175725 -0.0202928 -0.0230529 -0.025748 -0.0282675 -0.0304825 -0.0322923 -0.0335629 -0.0341719 -0.0340387 -0.0330709 -0.0312235 -0.0284752 -0.0248572 -0.0203917 -0.0151494 -0.00926503 -0.00286535 0.00389988 0.0108769 0.0178718 0.0247031 0.0311698 0.0370678 0.0422541 0.0465965 0.049985 0.0522984 
0 -0.00245805 -0.00498069 -0.00760378 -0.0103859 -0.0133373 -0.0165014 -0.0198626 -0.0233913 -0.0270224 -0.0306577 -0.0342311 -0.0376391 -0.0408212 -0.0436542 -0.0460255 -0.0478388 -0.0490169 -0.0495536 -0.0494208 -0.0486536 -0.0472653 -0.0453054 -0.0428667 -0.0400462 -0.0369699 -0.0337174 -0.0303946 -0.0270912 -0.0238815 -0.0208362 -0.0180022 -0.0154217 -0.0131174 -0.0110919 -0.00935357 -0.00788225 -0.00664309 -0.00561797 -0.00477192 -0.00409815 -0.00354874 -0.00310012 -0.00274197 -0.00245699 -0.00224307 -0.00207275 -0.00194264 -0.00184321 -0.00176068 -0.00168779 -0.00164274 -0.00161899 -0.00163062 -0.00166061 -0.00172087 -0.00183694 -0.00201606 -0.00228719 -0.00266288 -0.00316034 -0.00379812 -0.0045921 -0.00555486 -0.00670205 -0.00800268 -0.00946862 -0.0110388 -0.0126353 -0.0141706 -0.0155433 -0.0166293 -0.0172874 -0.0173698 -0.0168064 -0.0155166 -0.0134708 -0.010751 -0.00747308 -0.0038213 -3.50258e-05 0.00365879 0.00704435 0.00990011 0.0120685 0.0134467 0.0140421 0.0139204 0.0132189 0.0121042 0.0107621 0.00934287 0.00800728 0.00682588 0.00583014 0.00502433 0.0044018 0.00391546 0.00356647 0.00330393 0.00309194 0.00292816 0.00284273 0.0028557 0.00304993 0.00345756 0.00411307 0.00504633 0.00627086 0.00772756 0.00934753 0.0109721 0.0124197 0.0134931 0.0140154 0.0138187 0.012815 0.0109794 0.00840742 0.00524486 0.00170279 -0.00197472 -0.00556216 -0.0088329 -0.0115556 -0.0136202 -0.0149722 -0.0155951 -0.0155641 -0.0149614 -0.0139041 -0.0125363 -0.0109983 -0.00940819 -0.00784571 -0.00634967 -0.00500817 -0.00383088 -0.00281429 -0.0019492 -0.00124239 -0.000688899 -0.000265006 7.88961e-05 0.000346608 0.00055256 0.000705634 0.000816953 0.00090968 0.000974567 0.00102582 0.00106946 0.0011037 0.0011133 0.00109182 0.00102777 0.000939925 0.000798635 0.000589 0.000293375 -0.000110492 -0.000628204 -0.00130076 -0.0021408 -0.00317889 -0.00444787 -0.00596801 -0.00775339 -0.00980154 -0.0120993 -0.0146314 -0.0173344 -0.0201553 -0.02303 -0.0258767 -0.0286088 -0.0310818 -0.0331934 -0.034809 -0.035825 -0.0361494 -0.0356843 -0.0343774 -0.0321546 -0.0290353 -0.0250413 -0.0202299 -0.0146863 -0.00850633 -0.00184681 0.00516148 0.0123358 0.0195113 0.0265069 0.0331255 0.0391841 0.0444998 0.0489533 0.0524104 0.0547762 
0 -0.00319183 -0.0064141 -0.00969912 -0.0130313 -0.0164326 -0.019898 -0.0234441 -0.0270506 -0.0306577 -0.0342196 -0.037648 -0.0409176 -0.0439476 -0.046661 -0.0489634 -0.050755 -0.0519921 -0.0526023 -0.0525991 -0.0519613 -0.0507208 -0.0489231 -0.0466181 -0.0438894 -0.0408098 -0.0375088 -0.0340805 -0.0306305 -0.0272354 -0.0239626 -0.0208584 -0.0179979 -0.0154056 -0.0131115 -0.0111139 -0.0093884 -0.00793283 -0.00669562 -0.00570133 -0.00487435 -0.00421002 -0.00366762 -0.00321787 -0.00287015 -0.00259488 -0.00238212 -0.00221627 -0.00208616 -0.00198308 -0.00190584 -0.00184451 -0.00182802 -0.00181774 -0.00185887 -0.001924 -0.00205179 -0.0022667 -0.00256142 -0.00296576 -0.00351725 -0.00423215 -0.00512581 -0.00619582 -0.00744719 -0.00891239 -0.0105222 -0.0122298 -0.013969 -0.0156747 -0.0171914 -0.0183885 -0.0190954 -0.0191936 -0.0185502 -0.0171197 -0.0148873 -0.011905 -0.0082941 -0.00430099 -0.000139109 0.00393313 0.00765326 0.0108047 0.0132113 0.0147547 0.015436 0.0153348 0.0146006 0.0134113 0.0119541 0.0104223 0.0089421 0.00761671 0.00650546 0.00560541 0.00490119 0.00438859 0.00399917 0.00369885 0.00346554 0.00328191 0.00317545 0.00322584 0.00346149 0.00393767 0.00469613 0.005744 0.00708042 0.00868418 0.0104408 0.0121998 0.0137608 0.0149052 0.0154267 0.0151591 0.0140159 0.0119782 0.00912861 0.0056518 0.00176841 -0.00228348 -0.00620894 -0.00977555 -0.0127725 -0.0150512 -0.0165206 -0.0172115 -0.0171646 -0.0164942 -0.0153331 -0.0138622 -0.0121861 -0.0104289 -0.0086813 -0.00705556 -0.00556288 -0.00424513 -0.00311368 -0.00216724 -0.0013973 -0.000778889 -0.000283674 8.85641e-05 0.000383116 0.000614723 0.000774788 0.000918081 0.00101007 0.00108955 0.00114363 0.00118292 0.00120461 0.00120171 0.00115478 0.00107218 0.000933216 0.000749161 0.000475117 9.62715e-05 -0.000397102 -0.00105776 -0.00186144 -0.00287269 -0.00409667 -0.00558183 -0.00734076 -0.00937719 -0.0116731 -0.0141963 -0.0169212 -0.0197993 -0.0227629 -0.0257236 -0.0285921 -0.0312368 -0.0335757 -0.0354663 -0.0368088 -0.0374888 -0.0374289 -0.0365742 -0.0348539 -0.032268 -0.028785 -0.0244667 -0.0193769 -0.0136125 -0.00727843 -0.000487616 0.00658681 0.0138011 0.0209707 0.027934 0.0345206 0.0405544 0.0458702 0.0502995 0.0537299 0.0560636 
0 -0.00394283 -0.00788878 -0.0118071 -0.0157132 -0.0195482 -0.0233372 -0.0270479 -0.030683 -0.0342311 -0.037648 -0.0409269 -0.0439918 -0.0468253 -0.04934 -0.051495 -0.0532354 -0.0544734 -0.0551732 -0.055277 -0.0548024 -0.0537425 -0.052142 -0.0500418 -0.047455 -0.0444785 -0.0412119 -0.0377639 -0.0342264 -0.0306879 -0.0272338 -0.0239136 -0.0208015 -0.0179465 -0.0153622 -0.0130824 -0.0110966 -0.00939233 -0.00795921 -0.00676011 -0.00576661 -0.00494863 -0.0042929 -0.00376271 -0.00333294 -0.00299766 -0.00272415 -0.00250651 -0.00234369 -0.00221978 -0.00212516 -0.00206791 -0.00201945 -0.00200342 -0.00203996 -0.00212525 -0.00228469 -0.00251649 -0.00284578 -0.00330263 -0.0039037 -0.00467232 -0.00564133 -0.00682736 -0.0082279 -0.00979415 -0.0115489 -0.0134294 -0.0153423 -0.0171879 -0.0188206 -0.0201068 -0.0208791 -0.020956 -0.0202651 -0.0187101 -0.0162605 -0.0130364 -0.00914609 -0.00479875 -0.000275188 0.00415562 0.00822212 0.0116578 0.0142895 0.0159954 0.0167848 0.0167233 0.0159646 0.0146999 0.0131439 0.0114714 0.00987158 0.00843458 0.00721161 0.00621806 0.00544977 0.00484753 0.0044099 0.00408057 0.00382418 0.00364471 0.00357506 0.00363375 0.00391378 0.00445115 0.00528611 0.0064458 0.00793364 0.00966899 0.0115661 0.0134417 0.0150874 0.016273 0.0167905 0.0164485 0.0151592 0.0128972 0.00978754 0.00599884 0.00177095 -0.00259824 -0.00684896 -0.0107322 -0.0139634 -0.0164277 -0.0180454 -0.0187824 -0.0187437 -0.0180301 -0.0167782 -0.015163 -0.0133254 -0.0114212 -0.0095454 -0.00773647 -0.00610395 -0.00467363 -0.00344683 -0.00240962 -0.00155426 -0.000863362 -0.000315906 0.000114916 0.000438689 0.000683262 0.000859699 0.00100237 0.00111912 0.0011993 0.00126013 0.00129214 0.00129181 0.00126683 0.00120934 0.00109096 0.000916802 0.000655041 0.000289665 -0.000183315 -0.000802347 -0.00158554 -0.00256246 -0.00376048 -0.00521191 -0.00693517 -0.00892308 -0.0111931 -0.0137135 -0.016435 -0.0193294 -0.0223213 -0.0253488 -0.0283168 -0.0310992 -0.0335919 -0.035674 -0.0372644 -0.0382323 -0.0384991 -0.03801 -0.0366882 -0.0345472 -0.0315628 -0.0277649 -0.023171 -0.0178728 -0.0119907 -0.00559619 0.00115681 0.00815633 0.0152273 0.0222294 0.0289913 0.0353549 0.0412013 0.0463367 0.0506298 0.0539272 0.0561739 
0 -0.00468215 -0.00930987 -0.0138548 -0.0182807 -0.022557 -0.0266451 -0.0305208 -0.0341828 -0.0376391 -0.0409176 -0.0439918 -0.0468436 -0.0494275 -0.0517143 -0.0536936 -0.0553188 -0.0565426 -0.0572811 -0.0575227 -0.0572261 -0.0563794 -0.0550078 -0.0531241 -0.0507524 -0.0479434 -0.0448047 -0.0414019 -0.0378272 -0.0341943 -0.0306076 -0.0271129 -0.0237943 -0.0206829 -0.0178261 -0.015263 -0.0129992 -0.0110532 -0.00937607 -0.00798119 -0.00678796 -0.00581363 -0.00503329 -0.00438959 -0.00387236 -0.00345397 -0.00311751 -0.00284964 -0.00264166 -0.00248187 -0.00236811 -0.00228503 -0.0022436 -0.00221497 -0.0022634 -0.00235046 -0.00251207 -0.00277044 -0.00312614 -0.00361759 -0.00428257 -0.00513033 -0.00618494 -0.00745847 -0.00895336 -0.0106862 -0.0125931 -0.0146116 -0.0166615 -0.018658 -0.0204086 -0.0217828 -0.022593 -0.0226882 -0.0219283 -0.0202473 -0.0176268 -0.0141527 -0.00994969 -0.00529249 -0.000430305 0.00434007 0.00871198 0.0124337 0.0153127 0.0172018 0.0180973 0.0180724 0.0172912 0.0159631 0.0143118 0.0125485 0.0108289 0.00926807 0.00793599 0.00684228 0.00597894 0.00532983 0.00483893 0.00447106 0.0042043 0.00402717 0.00396197 0.00407301 0.00440151 0.00500423 0.00593295 0.00720126 0.00879892 0.0106764 0.0127025 0.0146923 0.016416 0.0176282 0.0181017 0.0176551 0.016214 0.0137597 0.0103931 0.00631336 0.00176851 -0.00295382 -0.00751475 -0.0116553 -0.0151239 -0.0177739 -0.0194976 -0.0203083 -0.0202692 -0.0195048 -0.0181581 -0.01644 -0.0144646 -0.0123916 -0.0103413 -0.00842445 -0.00666364 -0.00510016 -0.00374963 -0.00262133 -0.00170211 -0.000950397 -0.000342784 0.000113187 0.000466863 0.000744344 0.000937648 0.00110837 0.00121415 0.00129798 0.00135352 0.00137597 0.00135656 0.00130591 0.00121029 0.00105795 0.000816477 0.000484401 2.23047e-05 -0.000567451 -0.00130701 -0.00225914 -0.00340294 -0.00481808 -0.00650308 -0.00846855 -0.0106879 -0.013166 -0.0158813 -0.0187738 -0.0217933 -0.0248515 -0.0278655 -0.0307395 -0.0333619 -0.035597 -0.0373653 -0.0385445 -0.0390567 -0.0388414 -0.0378645 -0.0360794 -0.0334766 -0.0301194 -0.0260123 -0.0212125 -0.015797 -0.00987963 -0.00355502 0.00305766 0.00981289 0.0165989 0.0232714 0.0296776 0.035674 0.0411457 0.0459543 0.0499561 0.0530441 0.0551473 
0 -0.00535099 -0.0106168 -0.0157224 -0.0206437 -0.0253001 -0.0296719 -0.0337088 -0.0374163 -0.0408212 -0.0439476 -0.0468253 -0.0494275 -0.0517694 -0.0538264 -0.0556094 -0.0570978 -0.0582411 -0.0590085 -0.0593594 -0.059253 -0.0586264 -0.0574917 -0.0558663 -0.0537468 -0.0511794 -0.0482293 -0.0449469 -0.0414142 -0.0377572 -0.0340863 -0.0304534 -0.0269394 -0.0236099 -0.0205051 -0.0176787 -0.0151432 -0.012916 -0.0109938 -0.00936382 -0.00797668 -0.00682235 -0.00588284 -0.00509976 -0.00445688 -0.00394859 -0.00354869 -0.00322794 -0.00297451 -0.00277177 -0.00262175 -0.00253034 -0.00247143 -0.00244711 -0.00249264 -0.002584 -0.0027502 -0.0030151 -0.00340584 -0.00396003 -0.004685 -0.00559453 -0.00672568 -0.00810764 -0.00973261 -0.0115698 -0.0136123 -0.0157895 -0.0179922 -0.0201085 -0.0219616 -0.023414 -0.0242809 -0.0243687 -0.0235626 -0.0217624 -0.0189484 -0.0152459 -0.0107827 -0.00580248 -0.000607779 0.00449104 0.00917518 0.0131592 0.0162482 0.018308 0.0193278 0.019374 0.0186073 0.0172404 0.0155101 0.0136278 0.0117855 0.0101056 0.00865939 0.00747384 0.00654437 0.00582402 0.00528745 0.0048896 0.00460016 0.00442517 0.00438859 0.00452515 0.00490958 0.00559124 0.00661721 0.0080081 0.00974324 0.0117375 0.0138649 0.0159281 0.0176962 0.0189165 0.019356 0.0188225 0.0172258 0.0145537 0.0109338 0.00656025 0.00169805 -0.00331865 -0.00817472 -0.012588 -0.0162665 -0.0190749 -0.0209186 -0.0217752 -0.0217462 -0.0209486 -0.0195303 -0.0176872 -0.0155657 -0.0133554 -0.0111799 -0.00910419 -0.00720875 -0.00552908 -0.00407392 -0.00284763 -0.00184063 -0.00102894 -0.000385396 0.000107669 0.000490403 0.000794353 0.00101905 0.00119722 0.00131355 0.00138502 0.00143804 0.00145554 0.00141981 0.00133803 0.00119399 0.000967376 0.00064918 0.000223052 -0.000338444 -0.00104432 -0.00194541 -0.0030752 -0.00443205 -0.00605764 -0.00797417 -0.0101755 -0.0126209 -0.0153074 -0.0181895 -0.0212026 -0.0242864 -0.0273365 -0.0302593 -0.032954 -0.0353012 -0.0371963 -0.0385449 -0.039254 -0.0392396 -0.0384898 -0.0370077 -0.0347389 -0.0317133 -0.0279846 -0.0236178 -0.0186647 -0.0132184 -0.0073832 -0.00122283 0.00511433 0.0115161 0.0178626 0.0240619 0.0299715 0.0354534 0.0404232 0.0447488 0.0483541 0.0511389 0.0530546 
0 -0.0059239 -0.0117399 -0.0173525 -0.0226981 -0.0276874 -0.0322954 -0.0364909 -0.0402735 -0.0436542 -0.046661 -0.04934 -0.0517143 -0.0538264 -0.0556738 -0.0572698 -0.0586077 -0.0596683 -0.0604369 -0.0608804 -0.0609333 -0.0605179 -0.0596341 -0.0582832 -0.0564433 -0.0541364 -0.0514174 -0.0483248 -0.0449231 -0.0413258 -0.037633 -0.0339042 -0.0302428 -0.0267308 -0.0234159 -0.0203404 -0.0175254 -0.0150105 -0.0128114 -0.0109314 -0.00931761 -0.00796314 -0.00684894 -0.00591491 -0.00514477 -0.00453123 -0.00404517 -0.0036522 -0.00333629 -0.00308466 -0.00289965 -0.00277974 -0.00270311 -0.0026671 -0.00271178 -0.00281396 -0.00299727 -0.00328735 -0.00370649 -0.00429348 -0.00507153 -0.006056 -0.00727793 -0.00876258 -0.0105022 -0.012473 -0.0146447 -0.0169467 -0.019284 -0.0215378 -0.0235088 -0.0250409 -0.0259411 -0.0260175 -0.0251408 -0.023222 -0.0202488 -0.016332 -0.0116101 -0.00634286 -0.000836273 0.00457659 0.0095537 0.0138029 0.0171176 0.0193539 0.0204942 0.0206087 0.0198614 0.0184722 0.0166842 0.014716 0.012759 0.0109534 0.00938818 0.00810211 0.0070949 0.00632285 0.00574418 0.00531393 0.00500632 0.00482951 0.00481044 0.00499457 0.0054475 0.0062183 0.00735116 0.0088567 0.0107019 0.0128019 0.0150194 0.0171516 0.0189578 0.0201732 0.0205507 0.0198983 0.0181327 0.0152521 0.011384 0.00673748 0.00158955 -0.00371896 -0.00884403 -0.0134917 -0.017382 -0.0203604 -0.0223157 -0.023228 -0.0231924 -0.0223421 -0.0208449 -0.0189086 -0.0166743 -0.0143221 -0.0119949 -0.00978354 -0.00775508 -0.00594799 -0.00438263 -0.00307357 -0.00200099 -0.00112326 -0.000418068 0.00012077 0.000535675 0.000861406 0.00110322 0.00129231 0.0014083 0.00147623 0.00151806 0.0015145 0.0014467 0.00132176 0.00112406 0.000830419 0.000424383 -0.000106652 -0.000789909 -0.00164252 -0.00272317 -0.00406846 -0.00565576 -0.00751462 -0.0096573 -0.0120742 -0.0147235 -0.0175834 -0.0205904 -0.0236604 -0.0267252 -0.0296846 -0.0324397 -0.0348778 -0.0368713 -0.0383269 -0.0391829 -0.0393606 -0.0387934 -0.0374873 -0.0354706 -0.0327214 -0.0292842 -0.025239 -0.0206595 -0.0156192 -0.0102233 -0.00456546 0.00130327 0.00725647 0.0131784 0.0189691 0.0245571 0.0298324 0.0346823 0.0390343 0.0427914 0.0459061 0.0483203 0.0499905 
0 -0.00636893 -0.012617 -0.0186403 -0.024328 -0.0295958 -0.0344071 -0.0387573 -0.0426344 -0.0460255 -0.0489634 -0.051495 -0.0536936 -0.0556094 -0.0572698 -0.0586974 -0.0599003 -0.0608872 -0.0616369 -0.0621338 -0.0623046 -0.0620856 -0.0614589 -0.0603911 -0.0588432 -0.0568173 -0.0543714 -0.0515265 -0.0483203 -0.0448441 -0.04119 -0.0374276 -0.0336724 -0.0300104 -0.0265036 -0.0231944 -0.0201208 -0.0173391 -0.0148631 -0.0127126 -0.0108385 -0.00925597 -0.00794944 -0.00685378 -0.00594456 -0.00520333 -0.00460748 -0.00412677 -0.00374367 -0.0034447 -0.00322479 -0.0030645 -0.00295769 -0.00289805 -0.00293795 -0.00305366 -0.00325566 -0.00357343 -0.00402603 -0.00465131 -0.0054795 -0.00652776 -0.00783281 -0.00941933 -0.0112658 -0.013362 -0.0156603 -0.0180988 -0.0205755 -0.0229519 -0.0250195 -0.0266165 -0.0275413 -0.0276097 -0.0266667 -0.0246317 -0.0215049 -0.0173853 -0.0124259 -0.00689511 -0.00109685 0.00461252 0.00986908 0.0143776 0.0179157 0.0203365 0.0216112 0.0218081 0.021088 0.0196812 0.0178366 0.0157927 0.0137393 0.0118315 0.010164 0.00878063 0.00767897 0.0068331 0.00619242 0.00572749 0.00541777 0.00526688 0.00528883 0.00553319 0.00604717 0.00689249 0.00811765 0.00973344 0.0116928 0.0139052 0.016207 0.0183915 0.0202072 0.0213884 0.0216821 0.0208995 0.0189583 0.015872 0.0117634 0.00685854 0.00144654 -0.00413181 -0.00950923 -0.0143754 -0.0184621 -0.0215927 -0.0236494 -0.0246231 -0.0245926 -0.023706 -0.0221355 -0.0200946 -0.0177408 -0.015257 -0.0127904 -0.0104531 -0.00829563 -0.00637358 -0.00470837 -0.0033141 -0.00216705 -0.00121941 -0.000450509 0.000136354 0.00058602 0.000927558 0.00117482 0.00136644 0.0014795 0.00154965 0.00158051 0.0015492 0.00143621 0.00125349 0.000992406 0.000630418 0.000128196 -0.000527798 -0.00136606 -0.00239897 -0.00367402 -0.00523515 -0.0070483 -0.00914517 -0.0115176 -0.0141399 -0.0169615 -0.0199446 -0.023022 -0.0260939 -0.0290712 -0.0318553 -0.0343484 -0.0364384 -0.0379984 -0.0389375 -0.0392358 -0.0388353 -0.0377016 -0.0358435 -0.0332975 -0.0300868 -0.0262767 -0.0219859 -0.0172743 -0.0122257 -0.00695101 -0.00154806 0.00392721 0.00939025 0.0147286 0.0198696 0.0247443 0.0292763 0.0333943 0.037046 0.0401758 0.0427398 0.0447179 0.0460778 
0 -0.00667054 -0.0132204 -0.0195143 -0.0254648 -0.0309459 -0.0359459 -0.0404353 -0.0444012 -0.0478388 -0.050755 -0.0532354 -0.0553188 -0.0570978 -0.0586077 -0.0599003 -0.0610128 -0.0619277 -0.0626612 -0.0631732 -0.0634403 -0.0633963 -0.0630028 -0.0622098 -0.0609502 -0.0592367 -0.0570945 -0.0545281 -0.0515524 -0.0482474 -0.0446979 -0.0409821 -0.0371816 -0.0334119 -0.0297326 -0.026218 -0.022924 -0.0198856 -0.017155 -0.0147128 -0.0125774 -0.0107478 -0.0092225 -0.0079427 -0.00686274 -0.00597608 -0.00525866 -0.00467472 -0.00421101 -0.00384867 -0.00357327 -0.00338555 -0.00324087 -0.00317661 -0.00319965 -0.00331471 -0.00352179 -0.00384814 -0.00433379 -0.00501572 -0.0058963 -0.00700714 -0.00838855 -0.0100705 -0.0120401 -0.0142412 -0.0166704 -0.0192475 -0.021849 -0.0243157 -0.0264721 -0.0281244 -0.0290893 -0.029143 -0.0281553 -0.0260147 -0.022725 -0.018408 -0.0132356 -0.00743927 -0.00137903 0.00459271 0.0101179 0.0148716 0.0186237 0.0212372 0.0226565 0.022947 0.022273 0.020866 0.0189868 0.0168716 0.0147321 0.0127237 0.0109481 0.00946437 0.00828076 0.00735323 0.00666073 0.00616629 0.00584888 0.00571942 0.00579475 0.00609306 0.00668309 0.00761603 0.00893701 0.0106592 0.0127318 0.0150349 0.0174052 0.0196187 0.0214241 0.0225468 0.0227367 0.0218196 0.0197017 0.0164079 0.0120825 0.00693235 0.00125325 -0.0045656 -0.0101845 -0.0152637 -0.0195153 -0.0227677 -0.0249236 -0.0259397 -0.0259254 -0.0250124 -0.0233959 -0.0212549 -0.0187779 -0.0161645 -0.0135799 -0.0111001 -0.00882726 -0.00679469 -0.00502957 -0.00354163 -0.00230787 -0.00130104 -0.000494431 0.000133555 0.000610717 0.000972392 0.00124755 0.00143517 0.00155705 0.00160572 0.00161494 0.00154718 0.00138195 0.00113092 0.000790192 0.000328645 -0.000280954 -0.00108386 -0.00209016 -0.00331525 -0.00481063 -0.00657467 -0.00862137 -0.0109343 -0.0135286 -0.0163386 -0.0192916 -0.0223442 -0.0254182 -0.0284266 -0.0312529 -0.033782 -0.0359173 -0.0375635 -0.038608 -0.0389949 -0.0386912 -0.0376942 -0.0359747 -0.0335744 -0.0305422 -0.0269111 -0.0228082 -0.0183315 -0.013585 -0.00861264 -0.0035366 0.0015323 0.00654699 0.0114152 0.0160938 0.0204983 0.0245949 0.0283182 0.031632 0.0345393 0.0369886 0.0389763 0.0404656 0.0414734 
0 -0.00683506 -0.0135267 -0.0199823 -0.0260708 -0.0317307 -0.0368713 -0.0414803 -0.0455299 -0.0490169 -0.0519921 -0.0544734 -0.0565426 -0.0582411 -0.0596683 -0.0608872 -0.0619277 -0.0628082 -0.0635096 -0.0640529 -0.0643934 -0.064494 -0.0642993 -0.063746 -0.0627858 -0.0613946 -0.0595737 -0.0573038 -0.0545939 -0.0515158 -0.0481431 -0.044523 -0.0407495 -0.0369104 -0.0331193 -0.0294377 -0.0259294 -0.0226582 -0.0196488 -0.0169425 -0.0145314 -0.0124446 -0.0106702 -0.00916218 -0.00789462 -0.00685282 -0.00600245 -0.00531186 -0.00474189 -0.00429085 -0.00395902 -0.00371295 -0.00355802 -0.00347197 -0.00348285 -0.00358714 -0.0037917 -0.00414094 -0.0046625 -0.00537616 -0.0063217 -0.00750644 -0.00897024 -0.0107394 -0.0128021 -0.0151518 -0.0177003 -0.0203787 -0.023092 -0.0256692 -0.0279041 -0.0296132 -0.0305874 -0.0306425 -0.0295856 -0.0273442 -0.0239327 -0.0194307 -0.0140286 -0.00801532 -0.00169725 0.00453528 0.0102942 0.0152801 0.0192499 0.0220381 0.023605 0.02401 0.0234055 0.0220305 0.0201365 0.01797 0.0157364 0.0136134 0.0117287 0.0101481 0.00887789 0.00790324 0.00716377 0.00663607 0.00631369 0.00619614 0.00629965 0.00667227 0.00734535 0.00838204 0.00982071 0.0116555 0.0138184 0.0161925 0.0185977 0.0208168 0.0225861 0.0236418 0.0237265 0.0226531 0.0203578 0.016872 0.0123127 0.00692638 0.00102432 -0.00504787 -0.0108767 -0.0161207 -0.0205354 -0.0239174 -0.0261466 -0.0272269 -0.0272168 -0.026281 -0.0246006 -0.0223862 -0.0198235 -0.0170816 -0.0143418 -0.0117605 -0.0093704 -0.00722296 -0.00534667 -0.00376357 -0.00246469 -0.00139216 -0.000533091 0.00012311 0.000627861 0.00101604 0.0013106 0.00151988 0.00161906 0.00165191 0.00161475 0.0015014 0.00128894 0.000966168 0.000530501 -4.80958e-05 -0.000808387 -0.00176861 -0.00295352 -0.0043884 -0.0061001 -0.00811219 -0.0103788 -0.0129125 -0.015683 -0.0186327 -0.0216797 -0.0247383 -0.0277487 -0.030605 -0.0331928 -0.0353864 -0.0370821 -0.0382001 -0.0386753 -0.0384612 -0.0375609 -0.0359475 -0.0336473 -0.0307231 -0.0272437 -0.0232952 -0.0189618 -0.0143999 -0.00967528 -0.00487605 -9.65659e-05 0.00456828 0.00902791 0.0132552 0.0171765 0.0207919 0.0240515 0.0269294 0.0294269 0.0315446 0.0333135 0.034691 0.0357051 0.0363582 
