0 0 0 0 0 0 0 0 0 0 0 0 0 0 0 0 0 0 0 0 0 0 0 0 0 0 0 0 0 0 0 0 0 0 0 0 0 0 0 0 0 0 0 0 0 0 0 0 0 0 0 0 0 0 0 0 0 0 0 0 0 0 0 0 0 0 0 0 0 0 0 0 0 0 0 0 0 0 0 0 0 0 0 0 0 0 0 0 0 0 0 0 0 0 0 0 0 0 0 0 0 0 0 0 0 0 0 0 0 0 0 0 0 0 0 0 0 0 0 0 0 0 0 0 0 0 0 0 0 0 0 0 0 0 0 0 0 0 0 0 0 0 0 0 0 0 0 0 0 0 0 0 0 0 0 0 0 0 0 0 0 0 0 0 0 0 0 0 0 0 0 0 0 0 0 0 0 0 0 0 0 0 0 0 0 0 0 0 0 0 0 0 0 0 0 0 0 0 0 0 
0 3.00381e-05 2.73646e-05 1.17025e-05 2.98901e-05 5.81365e-05 7.57155e-05 6.37113e-05 5.80537e-05 8.07023e-05 0.000111489 0.000118324 0.000100987 0.000110787 0.000137832 0.000159876 0.000159039 0.000151774 0.000154997 0.000172773 0.000183323 0.000160635 0.000129419 0.000108573 8.77957e-05 4.00904e-05 -3.0055e-05 -0.0001201 -0.000209755 -0.000302849 -0.000408336 -0.000525806 -0.000638368 -0.000719844 -0.000766536 -0.000761593 -0.000699746 -0.000545136 -0.000286738 7.67731e-05 0.000548179 0.00111805 0.00175627 0.00244777 0.00316271 0.00384741 0.00444129 0.00489895 0.0052076 0.00533143 0.00524998 0.00493537 0.00441263 0.00369922 0.00282764 0.00186161 0.000838441 -0.000214526 -0.00125004 -0.00223294 -0.00311743 -0.0038745 -0.00447592 -0.00489456 -0.00515342 -0.00525523 -0.00521437 -0.0050435 -0.00476172 -0.00438912 -0.00395824 -0.00349354 -0.00302289 -0.00256753 -0.00215315 -0.00176862 -0.00142786 -0.00113831 -0.000892145 -0.000684661 -0.000513941 -0.000373512 -0.000266877 -0.000186112 -0.000121176 -6.76468e-05 -3.20107e-05 -8.98868e-06 7.40425e-06 1.40673e-05 2.14025e-05 2.73456e-05 2.9007e-05 3.40856e-05 3.56245e-05 3.28622e-05 3.50632e-05 3.24793e-05 3.19378e-05 3.27447e-05 3.17588e-05 3.60961e-05 4.05198e-05 3.97293e-05 4.20777e-05 3.96203e-05 3.87478e-05 4.04019e-05 3.90799e-05 3.96383e-05 3.96192e-05 3.22573e-05 2.29917e-05 9.04297e-06 -1.33529e-05 -4.77343e-05 -9.53807e-05 -0.000158486 -0.000240344 -0.000344713 -0.000489571 -0.00066632 -0.00086705 -0.00110623 -0.00138795 -0.00171776 -0.00210718 -0.00253148 -0.00298932 -0.00346131 -0.00391991 -0.00433481 -0.00468878 -0.00495846 -0.0051198 -0.00515315 -0.00505598 -0.00479837 -0.00438046 -0.00379485 -0.00305743 -0.00219812 -0.00124785 -0.000251767 0.000765634 0.0017744 0.00273045 0.00359967 0.00432171 0.00484388 0.00516812 0.00528526 0.00521101 0.00494756 0.0045219 0.00395995 0.00330591 0.002613 0.00193924 0.00132048 0.000765488 0.000286525 -9.44967e-05 -0.000362806 -0.000520758 -0.000579659 -0.000589627 -0.000558566 -0.000490025 -0.00038467 -0.000264113 -0.000148573 -5.16365e-05 2.85112e-05 0.000107737 0.000182008 0.000243033 0.000276479 0.000294167 0.000309785 0.000332976 0.000339419 0.000337526 0.00033403 0.000330276 0.000329303 0.0003255 0.000322918 0.000311501 0.00031487 0.00031227 0.000305676 0.000302701 0.000301332 0.000300473 0.000293191 0.000296742 0.000288303 0.000285449 0.000286499 
0 2.73646e-05 3.46604e-05 4.79407e-05 6.84015e-05 9.40906e-05 0.000114001 0.000130305 0.000144484 0.000163651 0.000199094 0.000215971 0.00022568 0.000248598 0.000276925 0.00029754 0.00030942 0.00032505 0.000329691 0.000342064 0.000346751 0.000317016 0.000279033 0.00023827 0.000176705 7.27012e-05 -6.20918e-05 -0.000217359 -0.000399104 -0.000592715 -0.000818725 -0.00105835 -0.00127167 -0.00143947 -0.00151917 -0.00151923 -0.00138943 -0.00108381 -0.000561259 0.000181819 0.00112263 0.00226077 0.00353164 0.00491169 0.00632263 0.0076603 0.00883541 0.00975875 0.0103465 0.0105614 0.0103675 0.00975775 0.00872708 0.00731371 0.00560076 0.00367964 0.00164493 -0.000436206 -0.00247273 -0.00441313 -0.00616473 -0.00765907 -0.0088442 -0.00969975 -0.0102045 -0.0104141 -0.0103421 -0.0100049 -0.00945162 -0.00873921 -0.00790577 -0.00700625 -0.00607852 -0.00517946 -0.0043341 -0.00355374 -0.00288131 -0.00229694 -0.00181422 -0.00141576 -0.00106172 -0.000775405 -0.000564218 -0.00038146 -0.000259307 -0.000155745 -7.89393e-05 -3.45378e-05 -2.0324e-06 2.71361e-05 3.37693e-05 4.95581e-05 4.86581e-05 5.36339e-05 5.25884e-05 5.4683e-05 5.49384e-05 6.20281e-05 6.01237e-05 6.41494e-05 5.81896e-05 6.55309e-05 6.33317e-05 6.76341e-05 6.59597e-05 6.83938e-05 7.13842e-05 7.71399e-05 7.05047e-05 7.72802e-05 6.11935e-05 5.14852e-05 3.42606e-05 2.12963e-06 -3.81564e-05 -0.000103719 -0.000220663 -0.000340903 -0.000512027 -0.000726814 -0.000995997 -0.00134423 -0.0017558 -0.00223242 -0.00281954 -0.00349645 -0.00426521 -0.00510231 -0.00599093 -0.00690831 -0.00779878 -0.0086226 -0.00932503 -0.00985131 -0.0101668 -0.0102339 -0.0100076 -0.00949629 -0.00865791 -0.00748973 -0.00603498 -0.00435125 -0.00247347 -0.000495346 0.00152406 0.00350398 0.0053919 0.00709035 0.00850322 0.00957173 0.0102487 0.0105061 0.0103477 0.00983288 0.00900505 0.00789971 0.00660974 0.00524871 0.00390205 0.00265491 0.00152098 0.000575126 -0.000164538 -0.000695517 -0.00101664 -0.00116639 -0.00118158 -0.00111395 -0.000955565 -0.00074626 -0.000523393 -0.000302608 -0.000108364 7.06704e-05 0.000232824 0.000368372 0.00047517 0.000542344 0.000591894 0.000636379 0.000673723 0.000683128 0.000672364 0.000677232 0.000674725 0.000670209 0.000660482 0.000642083 0.000628898 0.00062654 0.000625417 0.000601626 0.000592757 0.000594657 0.000586159 0.000580611 0.000577088 0.000574881 0.000567466 0.000574568 
0 1.17025e-05 4.79407e-05 8.92905e-05 0.00012588 0.000120222 0.000150071 0.000199361 0.000240563 0.000255204 0.000273651 0.000316074 0.000351464 0.000398653 0.000413568 0.00042899 0.00046202 0.000502633 0.000511352 0.00050481 0.000503055 0.000475665 0.000434668 0.00036739 0.000257547 9.59516e-05 -8.23556e-05 -0.000309811 -0.000578542 -0.000888406 -0.00122297 -0.00156138 -0.00187412 -0.00211053 -0.00225058 -0.00223083 -0.00202356 -0.00154173 -0.000759697 0.000330915 0.00174238 0.00344536 0.00534153 0.00737071 0.00944354 0.0114191 0.0131361 0.0144575 0.0153194 0.0156164 0.0153057 0.0143415 0.0127995 0.0107232 0.00819117 0.00537038 0.00237764 -0.000689649 -0.00368723 -0.00651545 -0.00905995 -0.0112511 -0.0130152 -0.0142727 -0.0150644 -0.0153934 -0.0153009 -0.0148308 -0.014046 -0.0130068 -0.0117979 -0.0104805 -0.00912552 -0.00779363 -0.00655908 -0.00540809 -0.00438804 -0.00351969 -0.00278221 -0.00215768 -0.00163649 -0.00120413 -0.000870779 -0.000614627 -0.000411566 -0.00024719 -0.000135302 -5.96701e-05 -3.03943e-06 2.70821e-05 5.34705e-05 7.11976e-05 7.33175e-05 8.24941e-05 8.3875e-05 7.85862e-05 8.93859e-05 9.03896e-05 9.42381e-05 9.73385e-05 9.1102e-05 9.63957e-05 0.00010212 9.80109e-05 0.000105375 0.000104466 0.000107817 0.000114955 0.000109766 0.000106036 9.86691e-05 7.35931e-05 4.29506e-05 -2.43392e-06 -7.50241e-05 -0.000186463 -0.000341536 -0.00054201 -0.00079694 -0.00111596 -0.00154727 -0.00207652 -0.00268945 -0.00342455 -0.00429218 -0.00529545 -0.00645104 -0.0076885 -0.00900057 -0.0103405 -0.0116414 -0.0128262 -0.0138417 -0.0146103 -0.0150522 -0.0151058 -0.0147649 -0.0139677 -0.0127235 -0.0110199 -0.00889727 -0.0064246 -0.00367543 -0.000774337 0.00219178 0.00511758 0.00787752 0.0103855 0.0124965 0.0140753 0.0151016 0.0155185 0.0153435 0.0145914 0.0133632 0.0117574 0.00989471 0.00789506 0.00589596 0.00401801 0.00233843 0.000928585 -0.000169129 -0.000960226 -0.00146939 -0.00170224 -0.00174775 -0.00162739 -0.00139246 -0.00108957 -0.000773076 -0.000455825 -0.000149755 0.000124933 0.000363814 0.000549563 0.000700752 0.000813127 0.000900567 0.000960084 0.00100807 0.00101334 0.00101684 0.00102405 0.00101661 0.00100407 0.000986797 0.000976687 0.000944217 0.000944751 0.000930175 0.000906785 0.000895775 0.000890272 0.000883836 0.000863577 0.000874695 0.000860417 0.000857998 0.000860895 
0 2.98901e-05 6.84015e-05 0.00012588 0.000164765 0.000183718 0.000215087 0.000272276 0.000318515 0.000339828 0.000378302 0.000418287 0.000464403 0.00051474 0.000547059 0.000574384 0.000616942 0.000669402 0.000677472 0.000676013 0.000678387 0.000647629 0.000590221 0.000489401 0.000338025 0.000138691 -9.47418e-05 -0.000388764 -0.00076741 -0.00117433 -0.00160034 -0.00202196 -0.00241204 -0.00274441 -0.0029172 -0.00288948 -0.00257442 -0.00191942 -0.000879841 0.000562621 0.00240591 0.00465243 0.00716694 0.0098509 0.0125408 0.0150589 0.0172608 0.0189869 0.0200662 0.020395 0.0199091 0.0186197 0.0165628 0.0138242 0.0105451 0.00688448 0.00300652 -0.000954461 -0.00482257 -0.00848289 -0.0117771 -0.0145986 -0.0168687 -0.0185471 -0.019596 -0.0200852 -0.0200317 -0.019463 -0.0184681 -0.0171536 -0.0156024 -0.0139191 -0.0121765 -0.010469 -0.00884406 -0.00732448 -0.00598524 -0.00480951 -0.00381937 -0.00299094 -0.00226682 -0.00168014 -0.00123743 -0.000863306 -0.000596291 -0.000374281 -0.000209015 -0.000106932 -3.28265e-05 2.78209e-05 5.13362e-05 8.47903e-05 9.26024e-05 0.000106837 0.00010962 0.000112621 0.000111469 0.000118799 0.000113948 0.000118881 0.000113016 0.000128926 0.000131417 0.000139725 0.000136522 0.000136834 0.000138855 0.000144722 0.000132687 0.000139034 0.000110236 8.48543e-05 4.16714e-05 -3.28605e-05 -0.000129711 -0.000276697 -0.000513004 -0.0007735 -0.00113143 -0.00158291 -0.00214907 -0.00286494 -0.00370544 -0.00467777 -0.00584826 -0.00718629 -0.00868967 -0.0103103 -0.0120121 -0.0137449 -0.015407 -0.016924 -0.0182015 -0.0191399 -0.0196679 -0.0197138 -0.0192078 -0.0181595 -0.0165147 -0.0142795 -0.0115316 -0.00836474 -0.00483486 -0.00108924 0.00275682 0.00654437 0.0101529 0.0134114 0.0161538 0.01827 0.0196684 0.0202743 0.0200712 0.0191475 0.0176006 0.0155283 0.0131032 0.0105115 0.00790365 0.00544564 0.00321563 0.00136146 -8.93276e-05 -0.00115577 -0.00184136 -0.00218406 -0.0022354 -0.00209432 -0.00179366 -0.00141682 -0.00101136 -0.000581649 -0.000173235 0.000194296 0.000495348 0.000735125 0.000945068 0.00110879 0.00122282 0.00128631 0.00132657 0.00134849 0.00136118 0.00137428 0.00134256 0.00131285 0.00130976 0.00130311 0.00127499 0.00124894 0.00124123 0.00122136 0.00121629 0.00120735 0.00118059 0.00117131 0.00117231 0.00116427 0.00114564 0.00114849 
0 5.81365e-05 9.40906e-05 0.000120222 0.000183718 0.000232137 0.000287061 0.000325949 0.000368465 0.000424816 0.000491387 0.000545519 0.000574946 0.000640527 0.000696654 0.000743765 0.000787444 0.000831595 0.00084699 0.000854122 0.000859657 0.000816846 0.000738173 0.000616704 0.000439269 0.000194605 -9.02096e-05 -0.000465578 -0.000921522 -0.00142783 -0.0019477 -0.00246036 -0.00294246 -0.00332559 -0.00353862 -0.00346819 -0.00305619 -0.00221054 -0.000904056 0.000883699 0.00318222 0.00595511 0.00904098 0.0122994 0.015557 0.018604 0.0212281 0.0232341 0.0244855 0.0248124 0.02415 0.0224799 0.0199306 0.0165974 0.0126102 0.00819143 0.0035158 -0.00125893 -0.00591348 -0.0102865 -0.0142175 -0.0176126 -0.0203826 -0.0224313 -0.023782 -0.0244339 -0.0244262 -0.0238128 -0.0226874 -0.0211513 -0.0193329 -0.017333 -0.0152539 -0.013184 -0.0112174 -0.00935734 -0.00767944 -0.00621751 -0.00495995 -0.00388689 -0.00298339 -0.00223747 -0.00165498 -0.0011958 -0.000830207 -0.000534579 -0.000323474 -0.000176778 -6.86567e-05 -1.04591e-06 5.02577e-05 8.64541e-05 0.000100017 0.000118477 0.000124382 0.000121234 0.00013367 0.000136229 0.000140029 0.000143605 0.000137563 0.000147511 0.000157092 0.000154653 0.000161249 0.000159509 0.000162457 0.000169104 0.000158743 0.000147732 0.000125489 7.79125e-05 1.24439e-05 -8.38572e-05 -0.000226314 -0.000432229 -0.000713437 -0.00106999 -0.00152494 -0.00209625 -0.00284197 -0.00375251 -0.00481066 -0.00605771 -0.00751207 -0.00916661 -0.0110255 -0.0129954 -0.0150473 -0.0171084 -0.0190788 -0.0208503 -0.0223389 -0.023428 -0.0239997 -0.0239629 -0.0232992 -0.0219511 -0.0199311 -0.0172412 -0.0139483 -0.0101424 -0.00591265 -0.0014187 0.0032032 0.0077789 0.0121191 0.0160783 0.0194548 0.0220619 0.0238306 0.0246555 0.0245274 0.0234713 0.0216324 0.0191718 0.0162795 0.0131394 0.00995288 0.00691825 0.0041839 0.0018816 6.97266e-05 -0.00126493 -0.00214555 -0.00257908 -0.00267823 -0.00250824 -0.00215836 -0.0017012 -0.00120217 -0.000682472 -0.000179409 0.000262533 0.000634014 0.000932942 0.00119238 0.00139315 0.00153151 0.00161042 0.00167133 0.00169733 0.00172107 0.0017291 0.00169628 0.00166234 0.00164833 0.00164435 0.00159671 0.00157182 0.00154591 0.00152459 0.00151319 0.0014947 0.00147256 0.00145092 0.00146531 0.00144445 0.00143557 0.00144009 
0 7.57155e-05 0.000114001 0.000150071 0.000215087 0.000287061 0.000348017 0.000396047 0.000445016 0.000510761 0.000594549 0.000652333 0.00069685 0.000767733 0.000839892 0.00089718 0.0009468 0.000999201 0.00102473 0.00104206 0.0010427 0.00098574 0.000894922 0.000761503 0.00055636 0.000263949 -9.30616e-05 -0.000525835 -0.0010507 -0.00162851 -0.00224644 -0.0028609 -0.00341198 -0.00383811 -0.00403489 -0.00393233 -0.00342248 -0.00241014 -0.000832449 0.00132626 0.00405184 0.00730449 0.0109113 0.0147101 0.0184771 0.0219616 0.0249435 0.027202 0.0285262 0.0287729 0.0278797 0.0258781 0.0228595 0.0189526 0.0143392 0.00923893 0.003867 -0.0015843 -0.00688859 -0.0118784 -0.016376 -0.0202657 -0.0234574 -0.0258832 -0.0274993 -0.0283463 -0.0284442 -0.0278338 -0.0266268 -0.0249553 -0.0229373 -0.0206998 -0.0183404 -0.0159701 -0.0136658 -0.0114746 -0.00949233 -0.00773417 -0.00621923 -0.00492503 -0.00380472 -0.00288347 -0.0021624 -0.00157036 -0.00111858 -0.000752631 -0.000476853 -0.000287834 -0.000146699 -3.94577e-05 2.21342e-05 7.45719e-05 9.60979e-05 0.000115753 0.000123279 0.000129236 0.000136683 0.000150039 0.000152338 0.000156482 0.000150404 0.00016186 0.000164787 0.000170179 0.000169232 0.000171673 0.00017772 0.000182269 0.000164936 0.000152109 0.000104128 4.52893e-05 -4.17152e-05 -0.000175145 -0.000355838 -0.000615706 -0.000988862 -0.00143232 -0.00200834 -0.00272841 -0.00362607 -0.00473313 -0.00603151 -0.00753793 -0.00930022 -0.0112806 -0.0134507 -0.0157333 -0.0180748 -0.0204063 -0.0226105 -0.0245889 -0.026223 -0.0273761 -0.0279349 -0.0278041 -0.0269271 -0.0253135 -0.0229396 -0.0198248 -0.0160541 -0.0117245 -0.00690955 -0.0017741 0.00351679 0.00875498 0.0137621 0.0183382 0.0222724 0.0253932 0.0275566 0.0286317 0.0285734 0.0274632 0.0254378 0.0226532 0.0193313 0.0157076 0.0120048 0.00845656 0.00522515 0.00250056 0.000343945 -0.00125791 -0.0023168 -0.00287666 -0.00302041 -0.00286034 -0.00246223 -0.00193036 -0.0013467 -0.000745536 -0.000175642 0.000346837 0.000797393 0.00116485 0.00146141 0.00167812 0.00183638 0.00195223 0.00203516 0.00206104 0.00205699 0.0020621 0.00204658 0.00202141 0.00199186 0.00195427 0.00191574 0.00189801 0.00187807 0.00183269 0.00180803 0.00179967 0.00177839 0.00176019 0.00175368 0.00173939 0.0017264 0.0017334 
0 6.37113e-05 0.000130305 0.000199361 0.000272276 0.000325949 0.000396047 0.000474438 0.000543766 0.000606543 0.000681076 0.000758682 0.000826325 0.000908466 0.000982047 0.0010478 0.00111106 0.00117083 0.0012069 0.00123047 0.00122826 0.0011623 0.00105531 0.000906434 0.000678883 0.00034434 -7.15002e-05 -0.000574096 -0.00115636 -0.00180228 -0.00249553 -0.00318874 -0.00380371 -0.00424682 -0.00443267 -0.00426717 -0.00364899 -0.00245436 -0.000615618 0.00188109 0.00501613 0.00871042 0.0127797 0.0170377 0.0212446 0.0251126 0.0283644 0.0307575 0.0321049 0.0322462 0.0311196 0.0287492 0.0252725 0.0208445 0.0156659 0.00999474 0.00405657 -0.00194774 -0.00778271 -0.013259 -0.0182049 -0.0225081 -0.0260747 -0.0288184 -0.0307205 -0.0317829 -0.0320255 -0.0314932 -0.0302886 -0.0285388 -0.0263874 -0.0239644 -0.0213881 -0.0187682 -0.016199 -0.0137273 -0.0114465 -0.00940393 -0.00761304 -0.00606169 -0.00473274 -0.00362974 -0.00274911 -0.00203892 -0.00147194 -0.00101602 -0.00067374 -0.000427349 -0.000244697 -0.000114241 -2.22725e-05 4.49066e-05 8.33935e-05 0.00011436 0.000128929 0.000134076 0.00014527 0.000152994 0.00015703 0.000159837 0.000157657 0.000170189 0.00018141 0.000184322 0.000186147 0.000183887 0.000183994 0.00018207 0.000161009 0.000132134 7.91951e-05 -3.41969e-06 -0.000122614 -0.000295048 -0.000535504 -0.000868107 -0.00131319 -0.00186739 -0.00256779 -0.00344197 -0.00453685 -0.00586009 -0.00739789 -0.00917384 -0.0112077 -0.0134717 -0.0159312 -0.018491 -0.0210888 -0.0236373 -0.026018 -0.0281105 -0.0298007 -0.0309494 -0.0314277 -0.0311412 -0.0300624 -0.0281767 -0.0254923 -0.0220301 -0.0178669 -0.0130953 -0.00781048 -0.00217412 0.00364648 0.00944741 0.0150222 0.0201686 0.0246425 0.0282175 0.0307425 0.0320777 0.0321778 0.0310823 0.0289312 0.025905 0.0222404 0.0181968 0.0140453 0.0100438 0.00638819 0.00325764 0.000747747 -0.00112312 -0.00236841 -0.00303706 -0.00325136 -0.00310971 -0.00269608 -0.0021063 -0.00144267 -0.000768554 -0.000129728 0.0004552 0.000974148 0.00140266 0.00173907 0.00197941 0.00215587 0.00229293 0.00239247 0.00241843 0.00240713 0.00240173 0.0023937 0.00237421 0.00233293 0.00228169 0.00223697 0.00223016 0.00220668 0.00215405 0.00211933 0.00211094 0.00209646 0.00206766 0.00205616 0.00203659 0.00202689 0.00202639 
0 5.80537e-05 0.000144484 0.000240563 0.000318515 0.000368465 0.000445016 0.000543766 0.000629981 0.000700051 0.000778348 0.000869821 0.000955538 0.00104626 0.00113031 0.0012097 0.00128559 0.00134994 0.00139312 0.0014223 0.00142237 0.0013559 0.00123364 0.00106058 0.00080869 0.000448884 -1.34033e-05 -0.000578829 -0.00122828 -0.00193808 -0.00268892 -0.00343662 -0.0040974 -0.00456155 -0.00472924 -0.00449412 -0.00374792 -0.00236557 -0.000273377 0.002542 0.00604751 0.0101378 0.0146219 0.0192801 0.0238433 0.027995 0.0314314 0.0338942 0.0351895 0.03517 0.0337847 0.0310708 0.0271727 0.0222769 0.0166204 0.0104817 0.00409938 -0.002317 -0.00854801 -0.0144007 -0.0197061 -0.024342 -0.0282137 -0.0312415 -0.0334046 -0.0346975 -0.0351304 -0.0347372 -0.0336094 -0.0318743 -0.0296778 -0.0271556 -0.0244334 -0.0216238 -0.018823 -0.0160991 -0.0135462 -0.0112298 -0.00917239 -0.007371 -0.00581827 -0.00451921 -0.00346534 -0.00261271 -0.00192267 -0.00136914 -0.000945182 -0.000632197 -0.000398874 -0.000229808 -0.000107353 -2.06612e-05 3.65308e-05 7.72478e-05 0.00010032 0.000111324 0.000124862 0.000134144 0.000139833 0.000141549 0.000142937 0.000154973 0.000167994 0.000171294 0.000171045 0.000166344 0.000163115 0.000153811 0.000126442 8.13777e-05 9.11158e-06 -0.000101988 -0.000260133 -0.000482896 -0.000787849 -0.00120111 -0.00174019 -0.00241538 -0.00325727 -0.00430276 -0.00559385 -0.00713864 -0.00892586 -0.0109697 -0.0132743 -0.0158077 -0.0185133 -0.0212965 -0.0240817 -0.0267737 -0.0292498 -0.0313821 -0.0330472 -0.0341094 -0.0344473 -0.0339776 -0.0326788 -0.0305426 -0.02758 -0.0238174 -0.0193336 -0.0142239 -0.00859187 -0.00258459 0.00363252 0.00986922 0.0159155 0.0215457 0.0264904 0.0304974 0.0333836 0.0349999 0.0352893 0.0342817 0.0320954 0.0289055 0.0249642 0.0205725 0.0160449 0.011654 0.00761509 0.00411207 0.00126953 -0.000863754 -0.00229265 -0.00308072 -0.00336305 -0.00325056 -0.00283532 -0.00221298 -0.00148903 -0.000743747 -3.57103e-05 0.000605756 0.00116906 0.00164324 0.00202571 0.00230912 0.00250735 0.00264419 0.00273729 0.00277788 0.00278877 0.00277981 0.00274783 0.00270979 0.00267631 0.00263662 0.00258267 0.002547 0.00251298 0.00247471 0.00244353 0.00241997 0.002393 0.00236648 0.0023584 0.00234116 0.00232846 0.00232266 
0 8.07023e-05 0.000163651 0.000255204 0.000339828 0.000424816 0.000510761 0.000606543 0.000700051 0.000794027 0.000893028 0.000988654 0.00108815 0.0011878 0.00128587 0.00137456 0.00146329 0.00154064 0.00159018 0.00161405 0.0016099 0.00155439 0.00143295 0.00123618 0.000948529 0.00056381 6.86932e-05 -0.000532053 -0.00124024 -0.00201322 -0.00282081 -0.00360713 -0.00428461 -0.00475538 -0.00488865 -0.00458368 -0.00370281 -0.0021371 0.000194979 0.00330624 0.00713867 0.0115681 0.0163945 0.021371 0.0262027 0.0305501 0.0340924 0.0365588 0.0377322 0.0375076 0.0358433 0.0328125 0.028541 0.0232468 0.0172056 0.0106962 0.00398119 -0.00271645 -0.00920482 -0.0153054 -0.0208641 -0.0257515 -0.0298685 -0.0331536 -0.0355517 -0.0370778 -0.0377288 -0.0375277 -0.0365546 -0.0349318 -0.0327813 -0.0302441 -0.0274426 -0.0245028 -0.0215138 -0.018578 -0.015791 -0.0132189 -0.0109061 -0.00885947 -0.00706863 -0.00555921 -0.00431959 -0.00330136 -0.00248014 -0.0018186 -0.00129762 -0.000907073 -0.00061233 -0.000387402 -0.000231669 -0.00011806 -4.14296e-05 6.65184e-06 3.72874e-05 6.00842e-05 7.64048e-05 9.768e-05 0.000107565 0.000109972 0.000112046 0.000119389 0.000124853 0.000130956 0.000125895 0.000123447 0.000119999 0.000102465 6.30058e-05 -2.59716e-07 -0.000107315 -0.000252676 -0.000457594 -0.000742106 -0.0011188 -0.00162078 -0.00227553 -0.00308227 -0.00408461 -0.00532069 -0.00681264 -0.00858448 -0.0106246 -0.0129241 -0.0154873 -0.0182663 -0.0211751 -0.0241293 -0.0270308 -0.0297865 -0.0322699 -0.0343627 -0.0359284 -0.0368356 -0.0369799 -0.036297 -0.0347544 -0.0323852 -0.0291854 -0.0251918 -0.0204784 -0.0151372 -0.00927015 -0.00300837 0.00348522 0.0100311 0.0164406 0.0224561 0.027796 0.0322046 0.0354473 0.0373677 0.037872 0.0369985 0.0348411 0.0315724 0.0274548 0.0228142 0.0179819 0.0132535 0.0088697 0.0050468 0.00192137 -0.000447783 -0.00205997 -0.00299536 -0.00335543 -0.00327698 -0.0028561 -0.00221619 -0.00146106 -0.000667664 9.89038e-05 0.000800504 0.00140232 0.0019081 0.0023215 0.00264254 0.002867 0.00301047 0.0030937 0.00314477 0.00317209 0.00316716 0.00311679 0.00305665 0.00302626 0.00299525 0.00294171 0.00286994 0.00282298 0.00279566 0.00276943 0.00272951 0.00268398 0.00266707 0.00265801 0.0026468 0.00262857 0.00262442 
0 0.000111489 0.000199094 0.000273651 0.000378302 0.000491387 0.000594549 0.000681076 0.000778348 0.000893028 0.000998917 0.00110721 0.00121746 0.00133152 0.00143413 0.00153091 0.0016386 0.00173291 0.00179463 0.00181372 0.00180333 0.00176191 0.00164552 0.00143235 0.00111218 0.000694654 0.000181536 -0.000450781 -0.00118988 -0.00202182 -0.00287031 -0.00367175 -0.00435199 -0.00479504 -0.00489998 -0.0045065 -0.00349811 -0.00175245 0.000788458 0.00413507 0.00824303 0.0129494 0.0180428 0.0232441 0.0282509 0.032718 0.0362865 0.0386729 0.0397065 0.0392613 0.0373238 0.0339629 0.0293644 0.0237565 0.017413 0.0106478 0.00372279 -0.00314445 -0.00977386 -0.0159962 -0.0216908 -0.0267416 -0.0310488 -0.0345238 -0.0371635 -0.0389269 -0.0398199 -0.0398721 -0.0391293 -0.0376789 -0.035656 -0.0331714 -0.0303678 -0.0273591 -0.0242609 -0.0211726 -0.018179 -0.015387 -0.0128274 -0.0105199 -0.00850421 -0.00677224 -0.00531788 -0.00413876 -0.00315445 -0.00236431 -0.00174524 -0.00126053 -0.000892725 -0.000623556 -0.000409343 -0.000265843 -0.000159701 -8.97551e-05 -4.5324e-05 -1.97226e-05 9.70562e-06 2.47376e-05 4.08232e-05 4.43671e-05 4.96852e-05 5.44431e-05 6.84483e-05 6.55558e-05 6.59842e-05 5.6181e-05 3.99189e-05 8.85795e-06 -4.35962e-05 -0.000142963 -0.000267703 -0.000461608 -0.000724433 -0.00107105 -0.00154182 -0.00215706 -0.00292043 -0.00389276 -0.00506728 -0.0064974 -0.00822352 -0.0102276 -0.0125063 -0.015057 -0.0178344 -0.0208048 -0.0238761 -0.0269447 -0.0299097 -0.0326579 -0.0350831 -0.0370404 -0.0384173 -0.0391061 -0.0390021 -0.0380614 -0.0363022 -0.0337067 -0.0303203 -0.0261739 -0.0213241 -0.015845 -0.00985347 -0.00346178 0.00318952 0.00995097 0.0166069 0.0229232 0.0286063 0.0333485 0.0369171 0.0391313 0.0398978 0.0391845 0.0370944 0.0338285 0.0296436 0.0248501 0.0197955 0.0147921 0.010145 0.00605875 0.00269698 0.00012536 -0.0016747 -0.00274924 -0.00321375 -0.00316488 -0.00275698 -0.00211243 -0.00134243 -0.000528291 0.000288582 0.00103747 0.00168463 0.00221769 0.00264687 0.00298603 0.00322973 0.00339017 0.00347986 0.00352125 0.00353819 0.00352219 0.00348496 0.00342798 0.00337452 0.00333099 0.00327632 0.00321986 0.00316177 0.00312781 0.00309325 0.00305188 0.00301807 0.00298999 0.00297626 0.00295162 0.00293847 0.00292946 
0 0.000118324 0.000215971 0.000316074 0.000418287 0.000545519 0.000652333 0.000758682 0.000869821 0.000988654 0.00110721 0.00122362 0.00135485 0.00147152 0.00159106 0.00170671 0.00182261 0.00191875 0.00199508 0.0020335 0.00202922 0.00198114 0.00185835 0.00163866 0.00130872 0.000883923 0.000333865 -0.000320674 -0.00109834 -0.00194831 -0.00281183 -0.00361875 -0.00428523 -0.00472227 -0.00476685 -0.00429697 -0.00315177 -0.00125357 0.0014609 0.00500294 0.00930486 0.0142152 0.0195184 0.024885 0.0299703 0.0344299 0.0379503 0.0402557 0.0411029 0.0404231 0.0382009 0.0345731 0.0296882 0.0238245 0.0172999 0.0103847 0.00335212 -0.00356444 -0.0102297 -0.0164945 -0.0222456 -0.0273657 -0.0317682 -0.035419 -0.0382462 -0.0402624 -0.0414403 -0.0417766 -0.0413044 -0.0401131 -0.0382827 -0.0359447 -0.0332165 -0.0302269 -0.0270621 -0.0238669 -0.0207249 -0.0177268 -0.0149445 -0.0124143 -0.0101483 -0.00818976 -0.00652742 -0.00513626 -0.00399194 -0.00306238 -0.00230898 -0.0017277 -0.00128279 -0.000934376 -0.000681366 -0.000489476 -0.000343776 -0.000251987 -0.000186063 -0.00013887 -0.000117614 -9.22318e-05 -8.12391e-05 -7.78067e-05 -6.36692e-05 -5.27277e-05 -4.48003e-05 -3.50661e-05 -5.04904e-05 -6.866e-05 -9.63706e-05 -0.000150711 -0.000226342 -0.000342067 -0.000520574 -0.000757637 -0.00108453 -0.00152529 -0.00209181 -0.00282208 -0.0037443 -0.00487127 -0.00624076 -0.00789768 -0.00983595 -0.0120766 -0.0146011 -0.0173643 -0.020338 -0.0234664 -0.0266264 -0.0297467 -0.0326977 -0.0353752 -0.0376495 -0.0394122 -0.0405307 -0.0409177 -0.040524 -0.0393401 -0.037339 -0.0345754 -0.0310403 -0.0267805 -0.0218561 -0.0163471 -0.0103455 -0.00392393 0.0027842 0.00964105 0.0164737 0.0229933 0.0289089 0.0339526 0.0378221 0.0403302 0.0413206 0.0408138 0.0388724 0.0356696 0.0314676 0.0266006 0.0214156 0.0162396 0.0113863 0.0071053 0.0035506 0.000794317 -0.00115644 -0.00237123 -0.00290365 -0.0029151 -0.0025343 -0.00190957 -0.00113432 -0.000292235 0.000544538 0.00132603 0.00199618 0.00256109 0.00300762 0.00335719 0.00360946 0.00378198 0.00387648 0.00392159 0.0039156 0.00388593 0.0038589 0.0038145 0.00374586 0.00366093 0.0036151 0.00356858 0.00352072 0.00345694 0.00340231 0.00337357 0.00334722 0.00332313 0.00327739 0.00326312 0.00324816 0.00324002 
0 0.000100987 0.00022568 0.000351464 0.000464403 0.000574946 0.00069685 0.000826325 0.000955538 0.00108815 0.00121746 0.00135485 0.00148954 0.00161955 0.00176631 0.00190725 0.00201985 0.00210342 0.00219791 0.0022678 0.00226699 0.00220916 0.00207128 0.00185622 0.00154276 0.00111349 0.000547382 -0.000146842 -0.000923283 -0.00177934 -0.00263989 -0.00344516 -0.00411113 -0.00450524 -0.00450845 -0.00394506 -0.00269821 -0.000671036 0.0021763 0.00585404 0.0103087 0.0153533 0.0207582 0.0261805 0.0312709 0.0356908 0.0390975 0.0412204 0.0418908 0.0409905 0.0385274 0.034631 0.0295381 0.0235281 0.0168937 0.00992828 0.00288825 -0.00401323 -0.0106289 -0.0168226 -0.0225241 -0.0276483 -0.0321196 -0.0358704 -0.0388958 -0.041134 -0.0425743 -0.0432333 -0.043101 -0.0422152 -0.0406716 -0.0385436 -0.035966 -0.033046 -0.0299016 -0.0266615 -0.0234026 -0.0202538 -0.017271 -0.0145024 -0.0120241 -0.00983224 -0.00793183 -0.0063539 -0.00501207 -0.003917 -0.00303582 -0.00232412 -0.00177447 -0.00135973 -0.00102416 -0.000789795 -0.000611103 -0.000489107 -0.000405118 -0.000348185 -0.000297446 -0.000270273 -0.000243926 -0.000233086 -0.00022324 -0.000223242 -0.000214719 -0.000224796 -0.000232001 -0.000255571 -0.00029903 -0.000367815 -0.000467831 -0.000639117 -0.000852567 -0.00116495 -0.00157732 -0.00210244 -0.00279381 -0.00366754 -0.00472573 -0.00605245 -0.00762484 -0.00949544 -0.0116853 -0.0141541 -0.0168923 -0.0198617 -0.0229799 -0.026203 -0.0294157 -0.0325207 -0.0353914 -0.0379003 -0.0399597 -0.0414333 -0.0422376 -0.0423197 -0.0416219 -0.0401526 -0.0379486 -0.034997 -0.0313567 -0.0270677 -0.0221657 -0.0166949 -0.0107491 -0.00438959 0.00228649 0.00916496 0.0160398 0.0226719 0.0287782 0.0340336 0.0381505 0.0409154 0.0421873 0.0418889 0.0400978 0.037018 0.0328973 0.0280399 0.0227958 0.0175122 0.0125539 0.00813513 0.00443154 0.00154037 -0.000537156 -0.00183482 -0.0024574 -0.0025171 -0.00218872 -0.00158472 -0.000804807 3.94782e-05 0.000887452 0.00166011 0.00234668 0.00293187 0.0033946 0.00375111 0.00400583 0.00418055 0.00427741 0.00432753 0.00432984 0.00428576 0.00424813 0.00419932 0.00412274 0.00403484 0.00396642 0.00391451 0.0038526 0.00378945 0.00372408 0.00368312 0.003663 0.00362624 0.00358853 0.00357064 0.0035682 0.00355335 
0 0.000110787 0.000248598 0.000398653 0.00051474 0.000640527 0.000767733 0.000908466 0.00104626 0.0011878 0.00133152 0.00147152 0.00161955 0.00175962 0.00192252 0.00207584 0.00219949 0.00230075 0.00241571 0.00249508 0.00250348 0.00245467 0.00232944 0.00211841 0.00180529 0.00138112 0.0007967 0.000110953 -0.00066107 -0.00149873 -0.0023586 -0.00316077 -0.00379204 -0.00414533 -0.00407031 -0.00345471 -0.00214671 -5.73127e-05 0.00287808 0.00665437 0.0111682 0.0162388 0.0216582 0.0270661 0.0320917 0.0363937 0.0396647 0.0416354 0.0420797 0.0409527 0.0382724 0.0342185 0.0289827 0.022878 0.0162281 0.00928501 0.00231001 -0.0044667 -0.0109446 -0.0170107 -0.0226036 -0.0276537 -0.0321105 -0.0359546 -0.0391157 -0.0415783 -0.043305 -0.0442837 -0.0444994 -0.0439871 -0.0427744 -0.0409444 -0.0385896 -0.0358217 -0.0327376 -0.0295065 -0.0262043 -0.0229421 -0.0198043 -0.0168549 -0.0141416 -0.0117162 -0.00958638 -0.00776823 -0.00623683 -0.00497184 -0.00392435 -0.00308513 -0.00242462 -0.00190145 -0.00150346 -0.00120311 -0.00097368 -0.000821392 -0.000705424 -0.000617823 -0.000565335 -0.00052009 -0.000492613 -0.000479452 -0.000461351 -0.000460085 -0.000464138 -0.000466821 -0.00049204 -0.000527701 -0.000585761 -0.000686864 -0.000824379 -0.00103025 -0.00132073 -0.0017017 -0.00220116 -0.0028461 -0.00365945 -0.00468053 -0.00593488 -0.00745483 -0.00925531 -0.01137 -0.013769 -0.0164485 -0.0193836 -0.0225053 -0.0257423 -0.0290279 -0.032218 -0.0352373 -0.0379412 -0.0402212 -0.0419763 -0.043128 -0.0435827 -0.0433049 -0.0422872 -0.0405642 -0.0381336 -0.0350564 -0.031353 -0.0270755 -0.0222508 -0.0169138 -0.0111146 -0.00487135 0.00171114 0.00851814 0.0153806 0.0220297 0.0282063 0.0336352 0.0379663 0.0409643 0.0424274 0.0423408 0.0407521 0.0378315 0.0338241 0.0290484 0.0238499 0.0185696 0.0135633 0.00908496 0.00530969 0.00234404 0.000203521 -0.00118093 -0.00186606 -0.00200196 -0.0017096 -0.00112616 -0.000356988 0.00047941 0.00130433 0.00207763 0.00276796 0.00337108 0.00383289 0.00417848 0.00442832 0.00460057 0.00468719 0.00473121 0.00472859 0.00468113 0.00462217 0.00455192 0.00448107 0.00440545 0.00434015 0.00424835 0.00418221 0.00413883 0.00408706 0.00402983 0.00398305 0.00395803 0.00391892 0.00390918 0.00389114 0.00386955 
0 0.000137832 0.000276925 0.000413568 0.000547059 0.000696654 0.000839892 0.000982047 0.00113031 0.00128587 0.00143413 0.00159106 0.00176631 0.00192252 0.00207675 0.00223247 0.00238957 0.0025272 0.00264556 0.00271602 0.00273162 0.00271792 0.0026156 0.00240896 0.00209762 0.00167624 0.00111417 0.000443794 -0.000299017 -0.00112683 -0.00197202 -0.00275038 -0.00335371 -0.00365783 -0.00354454 -0.00288268 -0.00154914 0.000565171 0.00352141 0.0073114 0.0118236 0.0168531 0.022184 0.0274827 0.0323872 0.0365542 0.0396485 0.0414099 0.0416766 0.0403789 0.0375478 0.0333551 0.0280465 0.0219346 0.0153288 0.00848895 0.00165846 -0.00496018 -0.011251 -0.0171164 -0.0225254 -0.0274451 -0.0318504 -0.035717 -0.0390156 -0.0416809 -0.0436765 -0.0449961 -0.0455883 -0.0454481 -0.0446125 -0.0431177 -0.0410547 -0.03851 -0.035589 -0.0324392 -0.0291377 -0.0258106 -0.0225446 -0.0194171 -0.0165185 -0.0138717 -0.0115016 -0.00945967 -0.00770073 -0.00623248 -0.00502058 -0.00402762 -0.00324179 -0.00262379 -0.00212599 -0.00175181 -0.00146316 -0.00125536 -0.00110407 -0.000995797 -0.000920173 -0.000875453 -0.000840302 -0.000816616 -0.000796814 -0.000793446 -0.000793327 -0.000809595 -0.000837767 -0.000893398 -0.000987766 -0.00112388 -0.00130686 -0.00157499 -0.00192081 -0.00238952 -0.00299671 -0.00376212 -0.00473658 -0.00593792 -0.00737627 -0.00911729 -0.011144 -0.0134828 -0.016117 -0.0189966 -0.0220953 -0.025339 -0.0286259 -0.0318877 -0.0349979 -0.0378681 -0.0403573 -0.0423429 -0.0437594 -0.0445204 -0.0445825 -0.0439452 -0.0426042 -0.0406115 -0.0380083 -0.0348186 -0.0311029 -0.0269033 -0.0222194 -0.0170489 -0.0114281 -0.00537376 0.00104454 0.0077269 0.0144931 0.0211098 0.0273257 0.0328256 0.03727 0.0404187 0.0420946 0.0422125 0.0408138 0.0380768 0.0342403 0.0296078 0.0245174 0.01932 0.014375 0.0099105 0.00611986 0.00313654 0.00097015 -0.000437994 -0.00117677 -0.00135371 -0.00110235 -0.000541248 0.000206109 0.00100962 0.00181668 0.00257118 0.00325689 0.00384539 0.00429493 0.00462967 0.00487115 0.00503736 0.00511637 0.00514901 0.0051349 0.00507885 0.00501539 0.00493359 0.00484761 0.00477558 0.00470641 0.0046027 0.00451792 0.00448151 0.00443473 0.00436386 0.00430952 0.00428112 0.0042523 0.00423237 0.00421425 0.00419389 
0 0.000159876 0.00029754 0.00042899 0.000574384 0.000743765 0.00089718 0.0010478 0.0012097 0.00137456 0.00153091 0.00170671 0.00190725 0.00207584 0.00223247 0.00240424 0.00258765 0.00274431 0.00286997 0.00295081 0.00298903 0.00299677 0.00291557 0.00272428 0.00243001 0.00203537 0.00150385 0.000863947 0.000139182 -0.000661809 -0.00147131 -0.00221375 -0.00279326 -0.00308967 -0.002965 -0.00229864 -0.000971614 0.00111343 0.00402025 0.00774339 0.0121637 0.0170782 0.0222733 0.0274148 0.0321409 0.036119 0.0390334 0.0406211 0.0407105 0.0392669 0.0363403 0.0321063 0.0267976 0.0207376 0.0142453 0.00756735 0.000935769 -0.00545615 -0.0115173 -0.0171659 -0.0223721 -0.0271234 -0.0314267 -0.0352875 -0.038669 -0.0415123 -0.0437666 -0.0454033 -0.046362 -0.0466264 -0.0462013 -0.0451084 -0.0434022 -0.0411469 -0.0384361 -0.0354216 -0.032183 -0.0288419 -0.0254992 -0.0222468 -0.0191718 -0.0163193 -0.0137233 -0.0114403 -0.00945759 -0.0077786 -0.00636933 -0.00520697 -0.0042727 -0.00352611 -0.00293084 -0.00247269 -0.00211779 -0.00185741 -0.00165893 -0.00151227 -0.00141487 -0.00135186 -0.00130702 -0.00127545 -0.00125021 -0.00124872 -0.00125953 -0.00128381 -0.00132973 -0.00140787 -0.00153136 -0.00170937 -0.00194487 -0.00227508 -0.00271103 -0.00328286 -0.00401287 -0.00492777 -0.006067 -0.00745552 -0.00910868 -0.0110712 -0.0133334 -0.0159028 -0.0187363 -0.0217868 -0.0250162 -0.0283363 -0.0316362 -0.0348313 -0.0377901 -0.0404307 -0.0426207 -0.044253 -0.0452731 -0.0456323 -0.0453009 -0.0442966 -0.0426467 -0.0404205 -0.0376577 -0.034402 -0.0307044 -0.0265989 -0.0220715 -0.0171084 -0.0117183 -0.00589392 0.000308746 0.00680507 0.0134329 0.0199553 0.0261228 0.0316322 0.0361349 0.0393832 0.0411943 0.0414975 0.0403062 0.0377601 0.0340953 0.0296322 0.0247162 0.0196867 0.0148773 0.0105115 0.00678549 0.00384689 0.0017131 0.000319624 -0.000410955 -0.000598256 -0.000371437 0.000150009 0.000858589 0.00163831 0.00242563 0.00316047 0.00380966 0.00435896 0.00478762 0.00512197 0.00535854 0.00549717 0.00555332 0.0055784 0.00555574 0.00548606 0.00541539 0.00533152 0.00522631 0.00512774 0.00505476 0.00496146 0.004873 0.00481083 0.00474897 0.00468672 0.00464343 0.0046126 0.00457094 0.00454853 0.00453582 0.00452565 
0 0.000159039 0.00030942 0.00046202 0.000616942 0.000787444 0.0009468 0.00111106 0.00128559 0.00146329 0.0016386 0.00182261 0.00201985 0.00219949 0.00238957 0.00258765 0.00276841 0.00292515 0.00307798 0.00319788 0.00326086 0.00328013 0.00322489 0.00306642 0.00280705 0.0024534 0.00196592 0.00136594 0.000667187 -0.000101302 -0.000876424 -0.0015859 -0.00214544 -0.00245377 -0.00235941 -0.00173959 -0.000469441 0.00152866 0.00431427 0.00788918 0.0121349 0.0168562 0.0218391 0.0267663 0.0312883 0.0350739 0.0378081 0.0392318 0.0391831 0.0376562 0.0347037 0.0305002 0.025268 0.0193242 0.0129875 0.00650272 0.000102529 -0.00602914 -0.0118173 -0.0172052 -0.022178 -0.0267445 -0.0309266 -0.0347502 -0.0381727 -0.0411495 -0.0436272 -0.0455647 -0.0468899 -0.0475653 -0.0475644 -0.0468961 -0.0455817 -0.0436698 -0.0412409 -0.0384335 -0.0353274 -0.0320305 -0.0286569 -0.0253146 -0.022093 -0.0190548 -0.0162466 -0.0137264 -0.011516 -0.00961446 -0.00799515 -0.00664491 -0.00554158 -0.00464503 -0.00393267 -0.00337536 -0.00294704 -0.00262787 -0.00237929 -0.00218831 -0.00205909 -0.00196639 -0.00190307 -0.00185911 -0.00183333 -0.00184043 -0.00186991 -0.00190704 -0.00197134 -0.00207139 -0.00222764 -0.00245385 -0.00275634 -0.00316511 -0.00370816 -0.00439963 -0.00526855 -0.00634681 -0.00766769 -0.00925793 -0.0111384 -0.013329 -0.0158274 -0.0186167 -0.0216323 -0.0248227 -0.0281365 -0.0314754 -0.0347269 -0.0377901 -0.0405405 -0.0428968 -0.0447346 -0.0459661 -0.0465525 -0.0464871 -0.0457643 -0.0444158 -0.0424869 -0.0400541 -0.0371585 -0.0338657 -0.0302202 -0.026251 -0.0219194 -0.0171879 -0.012042 -0.00646641 -0.00050224 0.00577418 0.0122166 0.01859 0.0246463 0.0300864 0.0345676 0.0378541 0.0397549 0.0401937 0.0391665 0.0368041 0.0333462 0.0291064 0.0244137 0.0196018 0.014991 0.0108094 0.00723967 0.00442469 0.00238513 0.00105321 0.000370157 0.000211848 0.000447596 0.000944622 0.00161544 0.00237032 0.0031312 0.00383235 0.00443468 0.0049364 0.00532907 0.00564211 0.00586252 0.00596843 0.00599055 0.00599913 0.0059705 0.00588933 0.00580016 0.00571006 0.00559839 0.00548044 0.00539738 0.00531399 0.00523131 0.00514584 0.00506639 0.00501501 0.00498445 0.00494718 0.00489133 0.00487225 0.00486531 0.00485667 
0 0.000151774 0.00032505 0.000502633 0.000669402 0.000831595 0.000999201 0.00117083 0.00134994 0.00154064 0.00173291 0.00191875 0.00210342 0.00230075 0.0025272 0.00274431 0.00292515 0.00310004 0.00328595 0.00344306 0.00353079 0.00358326 0.00356499 0.00344542 0.0032313 0.00291778 0.00248908 0.00193048 0.00128133 0.000539084 -0.000218147 -0.000910309 -0.00147172 -0.0018052 -0.00179467 -0.00127281 -0.000132309 0.00171239 0.00430683 0.00765062 0.0116448 0.0161124 0.0208317 0.0255116 0.0298086 0.0334056 0.0359788 0.0372671 0.0371553 0.0356042 0.0326947 0.0285746 0.0234869 0.0177181 0.0115699 0.00531218 -0.00082505 -0.00668753 -0.012187 -0.0173006 -0.0220296 -0.0263952 -0.0304381 -0.0341785 -0.0376225 -0.0406988 -0.0433657 -0.0455805 -0.0472511 -0.0483083 -0.0487411 -0.0485085 -0.0476238 -0.0461013 -0.0440184 -0.0414757 -0.0385583 -0.0353688 -0.0320225 -0.0286314 -0.0253157 -0.022117 -0.0191037 -0.016361 -0.0139063 -0.0117651 -0.0099347 -0.00837887 -0.0070952 -0.00605079 -0.00519314 -0.0045212 -0.00399873 -0.00358913 -0.0032765 -0.00304189 -0.00287193 -0.00276841 -0.00268988 -0.00262907 -0.00260023 -0.00260376 -0.0026323 -0.00269305 -0.00277558 -0.00291561 -0.00313255 -0.00341949 -0.00379909 -0.00430518 -0.00494614 -0.00577181 -0.00679854 -0.00804953 -0.0095822 -0.0114014 -0.013511 -0.0159439 -0.0186662 -0.0216415 -0.024817 -0.0281047 -0.0314537 -0.0347652 -0.0379101 -0.0407739 -0.0432556 -0.0452663 -0.0467113 -0.0475074 -0.0476635 -0.0471677 -0.0460575 -0.0443846 -0.0422006 -0.0395854 -0.036618 -0.0333226 -0.0297638 -0.0259454 -0.0218191 -0.017322 -0.0124227 -0.00711641 -0.00140698 0.00463988 0.0108611 0.0170438 0.0229427 0.0282423 0.032637 0.0358789 0.0378159 0.0383199 0.0374049 0.0352105 0.0319712 0.0279819 0.0235451 0.0189922 0.014642 0.0107161 0.00738972 0.00478182 0.00289796 0.00169589 0.00109263 0.00100894 0.00128611 0.00180162 0.00245914 0.00318234 0.00391123 0.00456091 0.00512905 0.00559235 0.00594278 0.00619445 0.0063666 0.00645147 0.00645439 0.00642816 0.00636849 0.00627084 0.00616527 0.00606082 0.00594467 0.00583012 0.0057311 0.00564271 0.00555895 0.00548258 0.00540568 0.00534852 0.0053156 0.00526995 0.00522647 0.00520729 0.00520219 0.00518354 
