0 0 0 0 0 0 0 0 0 0 0 0 0 0 0 0 0 0 0 0 0 0 0 0 0 0 0 0 0 0 0 0 0 0 0 0 0 0 0 0 0 0 0 0 0 0 0 0 0 0 0 0 0 0 0 0 0 0 0 0 0 0 0 0 0 0 0 0 0 0 0 0 0 0 0 0 0 0 0 0 0 0 0 0 0 0 0 0 0 0 0 0 0 0 0 0 0 0 0 0 0 0 0 0 0 0 0 0 0 0 0 0 0 0 0 0 0 0 0 0 0 0 0 0 0 0 0 0 0 0 0 0 0 0 0 0 0 0 0 0 0 0 0 0 0 0 0 0 0 0 0 0 0 0 0 0 0 0 0 0 0 0 0 0 0 0 0 0 0 0 0 0 0 0 0 0 0 0 0 0 0 0 0 0 0 0 0 0 0 0 0 0 0 0 0 0 0 0 0 0 
0 1.48129e-05 1.52118e-05 1.3139e-06 1.13729e-05 3.04936e-05 4.10748e-05 2.8995e-05 3.44727e-05 5.20631e-05 5.63993e-05 5.58858e-05 4.99613e-05 5.09072e-05 3.95168e-05 2.17213e-05 -1.03083e-05 -4.57205e-05 -9.1693e-05 -0.000166421 -0.000252631 -0.000346573 -0.000452011 -0.000589079 -0.000743205 -0.000894095 -0.00102757 -0.00115597 -0.00128077 -0.00137515 -0.00140516 -0.00135867 -0.00124086 -0.0010601 -0.00081635 -0.000483699 -8.70884e-05 0.000339254 0.000765123 0.00117682 0.00155089 0.0018738 0.00213773 0.00232852 0.00244658 0.00251172 0.00255873 0.00260844 0.00266532 0.00274189 0.00287829 0.00305834 0.00327028 0.00348958 0.00368488 0.00383287 0.00391327 0.00391055 0.00378723 0.00350637 0.00306723 0.00248025 0.0017666 0.000957238 8.08108e-05 -0.000830648 -0.00175811 -0.00264283 -0.0034453 -0.00412213 -0.00463888 -0.00500221 -0.00520787 -0.00525075 -0.00516405 -0.00495625 -0.00464892 -0.00426284 -0.00382034 -0.00335496 -0.00288798 -0.00244289 -0.00203907 -0.00167917 -0.00136947 -0.00110002 -0.000865151 -0.00067544 -0.000518299 -0.000387283 -0.000286656 -0.000210312 -0.000157147 -0.000124871 -9.30876e-05 -6.74585e-05 -5.29932e-05 -3.94911e-05 -2.94999e-05 -2.54385e-05 -2.17833e-05 -3.15408e-05 -4.27912e-05 -4.47804e-05 -4.94125e-05 -5.98042e-05 -7.54827e-05 -0.000105743 -0.000142434 -0.000196856 -0.00028288 -0.000389384 -0.000513809 -0.000666027 -0.000847481 -0.00107432 -0.00134595 -0.00165673 -0.00201906 -0.00242961 -0.00287781 -0.00334478 -0.00380439 -0.0042404 -0.00462009 -0.00492085 -0.0051319 -0.00521732 -0.00517122 -0.00496845 -0.00459205 -0.00406365 -0.00338745 -0.00258144 -0.00170041 -0.000774979 0.000148257 0.00103913 0.00185892 0.00257629 0.00316483 0.00359762 0.00386984 0.00399665 0.00399935 0.00390709 0.00373809 0.00351439 0.00326145 0.0030149 0.00281335 0.00265749 0.00256108 0.00250278 0.00245544 0.00240835 0.00235825 0.00227829 0.00213967 0.00191608 0.00161905 0.00127499 0.000898308 0.000503189 9.99318e-05 -0.000280587 -0.00061194 -0.000866575 -0.00105458 -0.00117421 -0.0012176 -0.00119256 -0.00111887 -0.00100985 -0.000884895 -0.000745985 -0.000590149 -0.000440743 -0.000315442 -0.000216293 -0.000111997 -1.49758e-05 6.25247e-05 0.000101005 0.00012491 0.000164217 0.000200958 0.000220177 0.000205877 0.000202469 0.000217375 0.000236836 0.000226051 0.000201358 0.000211112 0.000229436 0.00023143 0.000208699 0.000208237 0.00022653 
0 1.52118e-05 2.85661e-05 4.04334e-05 4.86736e-05 7.32497e-05 8.01744e-05 7.88481e-05 9.56913e-05 0.000108281 0.000106034 9.48023e-05 9.7828e-05 8.61764e-05 6.22913e-05 2.3157e-05 -4.00753e-05 -0.000105222 -0.000197298 -0.000327362 -0.000501378 -0.000691889 -0.000907879 -0.00116783 -0.00145801 -0.00176551 -0.00205568 -0.00232565 -0.0025634 -0.00272705 -0.00278861 -0.00271746 -0.00249379 -0.00212865 -0.00161302 -0.000952806 -0.000159407 0.000678866 0.00152525 0.00234791 0.00309647 0.00376206 0.00427472 0.00464045 0.00487243 0.00502503 0.00513063 0.00522257 0.0053382 0.005512 0.00577114 0.00611859 0.00652301 0.00694737 0.00732441 0.00760688 0.00776624 0.00772009 0.00744843 0.00688894 0.00602507 0.0048743 0.00348336 0.00187647 0.000135449 -0.0016806 -0.00349553 -0.00523985 -0.00681426 -0.00813922 -0.0091793 -0.00991631 -0.0103232 -0.0104255 -0.0102528 -0.00983486 -0.00924073 -0.00848603 -0.00762756 -0.00672191 -0.00580987 -0.00492466 -0.00411662 -0.00339013 -0.00276187 -0.00220876 -0.00175165 -0.00136867 -0.00106679 -0.000818 -0.000612415 -0.000448969 -0.000341058 -0.000244413 -0.000182388 -0.000132272 -0.000105639 -9.8075e-05 -9.45122e-05 -7.30981e-05 -7.45651e-05 -7.03429e-05 -7.68074e-05 -8.33593e-05 -9.41967e-05 -0.000120609 -0.000183176 -0.000239516 -0.000321917 -0.00042802 -0.00058279 -0.000786531 -0.00104095 -0.00133794 -0.00172186 -0.00218485 -0.0027372 -0.0033619 -0.00408449 -0.00488715 -0.00576549 -0.006679 -0.00758458 -0.00843734 -0.00919911 -0.00979129 -0.0101939 -0.0103614 -0.0102462 -0.00982444 -0.0090871 -0.00803898 -0.00670099 -0.00512163 -0.00336794 -0.00153831 0.00028531 0.00202474 0.00363666 0.00504408 0.00620427 0.00708076 0.00765159 0.00790227 0.00792814 0.00775331 0.00742529 0.00699458 0.00651361 0.00604644 0.00563648 0.00532551 0.00512929 0.0049964 0.00489952 0.00482996 0.00473936 0.00456753 0.00425469 0.0038221 0.00324528 0.00256799 0.00180625 0.000998326 0.000196314 -0.000571261 -0.00122479 -0.00173437 -0.00210419 -0.00233901 -0.00242681 -0.00237935 -0.00222984 -0.0020053 -0.00174075 -0.0014693 -0.0011737 -0.000886405 -0.000630222 -0.000411734 -0.000223512 -5.17144e-05 8.09721e-05 0.000185432 0.000257197 0.000322173 0.000371757 0.000401404 0.00042368 0.000430748 0.000446265 0.000456432 0.000456455 0.000447779 0.00045034 0.000458843 0.000448286 0.000444509 0.000441514 0.000442238 
0 1.3139e-06 4.04334e-05 6.29752e-05 8.07224e-05 8.34526e-05 0.000107699 0.000119479 0.000146203 0.000156805 0.000145055 0.000157204 0.000152442 0.00013523 8.87212e-05 4.46404e-05 -4.28933e-05 -0.00016045 -0.00030116 -0.00049781 -0.000739848 -0.00103917 -0.00137683 -0.00176513 -0.0021846 -0.00263549 -0.00308462 -0.0035029 -0.00384727 -0.00407769 -0.00416381 -0.00407224 -0.00375497 -0.00319338 -0.00241453 -0.00140665 -0.000246796 0.00100213 0.00228303 0.00354053 0.00467587 0.0056378 0.00641533 0.00698991 0.00736373 0.00758062 0.00772929 0.00787888 0.00805907 0.00830161 0.00869213 0.00918085 0.00974579 0.0103378 0.0108717 0.0112634 0.0114377 0.0113464 0.0109086 0.0100459 0.00876027 0.00706867 0.0050107 0.00265941 0.00010271 -0.00255099 -0.00522685 -0.00776531 -0.0100651 -0.0120191 -0.01354 -0.0146333 -0.0152739 -0.0154402 -0.015216 -0.0146328 -0.0137614 -0.0126677 -0.0114169 -0.0100947 -0.00875449 -0.007456 -0.00625571 -0.0051702 -0.00422482 -0.00340298 -0.00269751 -0.00213167 -0.00166753 -0.00127782 -0.000966569 -0.000719586 -0.00053776 -0.000416615 -0.000309959 -0.000232412 -0.000195868 -0.000169331 -0.0001499 -0.00013699 -0.000119028 -0.00013111 -0.000149733 -0.000152678 -0.000172647 -0.000219046 -0.000289132 -0.000397421 -0.00052039 -0.000685801 -0.000933459 -0.0012441 -0.00161854 -0.00208548 -0.00265321 -0.00335748 -0.00419021 -0.0051296 -0.00620205 -0.00739779 -0.00869182 -0.0100345 -0.0113565 -0.0126075 -0.0136944 -0.0145464 -0.0151262 -0.0153355 -0.015155 -0.0145236 -0.0134059 -0.0118602 -0.00990037 -0.00757484 -0.00502812 -0.00235201 0.000319152 0.00289095 0.00525205 0.00731837 0.00903049 0.0103272 0.0111887 0.0116332 0.0117023 0.0114714 0.0110107 0.0104047 0.00973126 0.00907138 0.00850412 0.00803198 0.00771694 0.00753522 0.00742025 0.00730829 0.0071472 0.00686219 0.00640781 0.00574255 0.00488048 0.00385811 0.00270635 0.0014928 0.000280371 -0.00084579 -0.00182798 -0.0025969 -0.00316141 -0.00350629 -0.00362542 -0.00355863 -0.00335114 -0.00301767 -0.00261577 -0.00219425 -0.00176397 -0.00134796 -0.000953485 -0.000614088 -0.000315062 -8.6042e-05 0.000114393 0.000279913 0.000410474 0.000503547 0.000543986 0.000596157 0.000637289 0.000672155 0.000661862 0.000660055 0.000672982 0.00068014 0.000686649 0.000658917 0.000659168 0.00067099 0.00068407 0.000656122 
0 1.13729e-05 4.86736e-05 8.07224e-05 8.45528e-05 0.000112285 0.000142099 0.000162404 0.000183099 0.000190459 0.000202336 0.000214412 0.000213833 0.000165409 0.000116395 6.79499e-05 -4.36898e-05 -0.00020637 -0.000417965 -0.000666635 -0.000984202 -0.00137435 -0.00184241 -0.00237181 -0.00292447 -0.00351306 -0.00410664 -0.00466637 -0.00512865 -0.00542688 -0.0055422 -0.00542017 -0.00498885 -0.00424246 -0.00319438 -0.00188484 -0.000338564 0.00132671 0.00304522 0.00472115 0.00622725 0.00753657 0.00857015 0.00934867 0.00987812 0.0102153 0.0104165 0.0105749 0.0107933 0.0111384 0.0116311 0.0122427 0.0129219 0.0136273 0.0142587 0.014717 0.0149178 0.0147142 0.0140668 0.0128922 0.0111788 0.00896028 0.00630538 0.00325535 -4.76876e-05 -0.00348112 -0.00690062 -0.010172 -0.0131324 -0.0156504 -0.0176579 -0.0191153 -0.0199671 -0.0202411 -0.0199871 -0.01926 -0.0181789 -0.0167873 -0.0151879 -0.0134835 -0.0117496 -0.0100542 -0.00848731 -0.00706429 -0.00581285 -0.004701 -0.00376225 -0.00297199 -0.00233723 -0.00181297 -0.00138459 -0.00104992 -0.000823062 -0.000631217 -0.000495374 -0.00038229 -0.000312273 -0.000277959 -0.000256433 -0.000216584 -0.00021761 -0.000222163 -0.00024717 -0.000270402 -0.000299102 -0.000354348 -0.000471402 -0.000594699 -0.000771724 -0.00100651 -0.00134076 -0.00177324 -0.00230386 -0.00292329 -0.00370047 -0.0046335 -0.00573894 -0.00698961 -0.00841868 -0.00999007 -0.0116807 -0.0134143 -0.01511 -0.0166892 -0.0180809 -0.0191546 -0.0198622 -0.020112 -0.0198172 -0.0189372 -0.0174693 -0.0154443 -0.0129077 -0.00994088 -0.00665761 -0.00321471 0.000241629 0.00356074 0.0066358 0.00932196 0.0115483 0.0132678 0.0144484 0.0150602 0.0152297 0.014998 0.0144579 0.0137205 0.012895 0.0120894 0.0113662 0.0107884 0.0104015 0.0101475 0.00997371 0.00982767 0.00960085 0.00919513 0.00854077 0.00766973 0.00652412 0.00514841 0.00359024 0.00196393 0.000384916 -0.00110794 -0.00241175 -0.00346194 -0.00422117 -0.00467067 -0.00481821 -0.00472875 -0.00446515 -0.00403919 -0.0034962 -0.00292367 -0.00234154 -0.00179514 -0.00128477 -0.000819684 -0.000423189 -9.64237e-05 0.000156554 0.000375701 0.000541576 0.000664945 0.000740126 0.000795843 0.00085367 0.000875832 0.000883034 0.000885064 0.000895687 0.000899001 0.000896832 0.000889644 0.000876622 0.000893665 0.000898471 0.000880849 
0 3.04936e-05 7.32497e-05 8.34526e-05 0.000112285 0.000150515 0.000194791 0.000198781 0.000220794 0.00024689 0.000253166 0.000266719 0.00024672 0.00020726 0.000140317 6.90612e-05 -7.1817e-05 -0.000272529 -0.000522293 -0.000847388 -0.00124084 -0.00172783 -0.00230043 -0.00295764 -0.00365467 -0.00438838 -0.00512446 -0.00581854 -0.00639225 -0.00677427 -0.00691528 -0.00675776 -0.00622528 -0.00528917 -0.00399037 -0.00233604 -0.000422605 0.00165763 0.00380859 0.00591384 0.00781129 0.00942533 0.0107412 0.0117452 0.0124326 0.0128499 0.0131103 0.0133356 0.0136129 0.0140022 0.0145819 0.0152683 0.0160224 0.0167929 0.0174715 0.0179271 0.0180334 0.0176961 0.0168175 0.0153149 0.013203 0.0105126 0.0072945 0.00363727 -0.00032841 -0.00443456 -0.00854426 -0.0124417 -0.0159815 -0.0190206 -0.0214459 -0.0232383 -0.0243459 -0.0247349 -0.0245003 -0.0236952 -0.0224288 -0.0208012 -0.018916 -0.016892 -0.0148127 -0.0127665 -0.0108427 -0.0090772 -0.00750684 -0.0061199 -0.00492216 -0.00393942 -0.00312953 -0.00245075 -0.00190118 -0.00146702 -0.00114598 -0.000916406 -0.000722821 -0.000575375 -0.000490655 -0.00043398 -0.000393855 -0.000364011 -0.000340351 -0.000359148 -0.000394405 -0.000417031 -0.000462242 -0.000548336 -0.000681902 -0.000874002 -0.00110618 -0.00141432 -0.00185005 -0.00239817 -0.00306047 -0.00386909 -0.00484816 -0.00603906 -0.00743313 -0.00899894 -0.0107557 -0.0126768 -0.0147171 -0.0167955 -0.0188138 -0.0206926 -0.0223069 -0.0235484 -0.0243479 -0.0245663 -0.0241556 -0.0230452 -0.0212157 -0.0187553 -0.0157036 -0.0121331 -0.00822316 -0.00410814 2.5117e-05 0.00402186 0.00770708 0.0109449 0.0136563 0.0157757 0.0172736 0.0181513 0.0184527 0.0182668 0.0177032 0.0169005 0.015986 0.0150746 0.0142636 0.0135715 0.0130886 0.012796 0.0126041 0.0124017 0.012084 0.0115476 0.0107395 0.00961401 0.00816469 0.00643185 0.00448527 0.00245796 0.000464388 -0.00138809 -0.00301664 -0.00431519 -0.00526071 -0.00582101 -0.00600588 -0.00589445 -0.00556072 -0.0050271 -0.00436345 -0.0036494 -0.0029254 -0.00224059 -0.00160494 -0.00104361 -0.000539946 -0.000134178 0.000199886 0.000456604 0.000655055 0.000817844 0.000924402 0.00101195 0.00105109 0.00108261 0.00110087 0.00113031 0.0011308 0.00110604 0.00111959 0.0011256 0.00112461 0.00110119 0.00110685 0.00111 
0 4.10748e-05 8.01744e-05 0.000107699 0.000142099 0.000194791 0.000221224 0.000231201 0.000271892 0.000305795 0.000302833 0.000287753 0.000283635 0.000249478 0.000173037 5.65028e-05 -0.000119402 -0.00033481 -0.000624259 -0.00101649 -0.00151458 -0.00209443 -0.00276364 -0.00353772 -0.00438302 -0.00527609 -0.00615628 -0.00697196 -0.00765372 -0.00811037 -0.00828136 -0.00808544 -0.00744155 -0.00633311 -0.00477361 -0.00280475 -0.000496122 0.00199694 0.00456333 0.00707299 0.00936283 0.0113543 0.0129538 0.0141628 0.0150027 0.0155506 0.0158972 0.0161632 0.0164724 0.0169106 0.0175123 0.0182322 0.0190085 0.0197822 0.0204287 0.0208091 0.020798 0.0202442 0.0190892 0.0172601 0.0147578 0.0116252 0.00793073 0.00373585 -0.000791526 -0.00547448 -0.0101239 -0.0145531 -0.0185799 -0.0220558 -0.0248876 -0.0270141 -0.0283548 -0.0289068 -0.0287235 -0.0278784 -0.0265128 -0.0247142 -0.0226108 -0.0203277 -0.0179575 -0.0155938 -0.0133478 -0.0112631 -0.00938401 -0.00770291 -0.00626014 -0.00504904 -0.00405824 -0.00323105 -0.00254651 -0.00200108 -0.00160078 -0.00128002 -0.00103609 -0.000845925 -0.000728192 -0.000664864 -0.000622894 -0.000570854 -0.000553942 -0.000557811 -0.000591296 -0.0006333 -0.00069861 -0.000814108 -0.00101059 -0.00124604 -0.00155024 -0.00194139 -0.0024708 -0.00314647 -0.00397523 -0.00496383 -0.00617618 -0.00762099 -0.0092989 -0.0111705 -0.0132476 -0.0154837 -0.0178324 -0.0202001 -0.0224816 -0.0245756 -0.0263737 -0.0277238 -0.0285416 -0.028706 -0.0281226 -0.026751 -0.0246068 -0.021754 -0.0182536 -0.0141997 -0.00974047 -0.00506058 -0.000353267 0.0041886 0.00840783 0.0121375 0.0152934 0.0178191 0.0196618 0.0207794 0.0212697 0.0212004 0.0206955 0.0199034 0.0189663 0.0180145 0.0171324 0.0163963 0.0158759 0.0155277 0.0152761 0.0150253 0.0146309 0.0139602 0.0129314 0.0115558 0.009798 0.00771449 0.00538206 0.00294541 0.00055571 -0.00168416 -0.00362329 -0.00516433 -0.00627891 -0.00695721 -0.00720257 -0.0070738 -0.00665494 -0.00600656 -0.00522041 -0.00438579 -0.00352132 -0.00268663 -0.00192123 -0.00125022 -0.000669862 -0.000174831 0.000223179 0.00053903 0.000775919 0.000965531 0.00110148 0.00119595 0.00126018 0.00129339 0.0013261 0.00135336 0.00135461 0.00133715 0.00134423 0.00136026 0.00134716 0.0013305 0.00132772 0.0013336 
0 2.8995e-05 7.88481e-05 0.000119479 0.000162404 0.000198781 0.000231201 0.000258555 0.00031076 0.000345933 0.0003389 0.000334947 0.000329377 0.000293589 0.000200509 6.29311e-05 -0.000139912 -0.000398876 -0.000739567 -0.00120561 -0.00178788 -0.00246812 -0.00324698 -0.00414815 -0.00513959 -0.00617569 -0.00718752 -0.00812557 -0.00891672 -0.00945772 -0.00964939 -0.00940313 -0.00865003 -0.00736806 -0.00557097 -0.00327471 -0.000588392 0.00232532 0.00531825 0.00824427 0.0109328 0.0132732 0.0151874 0.0166423 0.0176534 0.018307 0.0187309 0.0190533 0.0193833 0.0198088 0.0203997 0.0210979 0.0218388 0.0225421 0.0230759 0.0232951 0.0230693 0.0222814 0.0208385 0.018668 0.0157853 0.012244 0.00811646 0.0034971 -0.00146215 -0.00657651 -0.0116662 -0.0165134 -0.0209405 -0.0247912 -0.0279523 -0.0303663 -0.031958 -0.0326903 -0.0326241 -0.0318264 -0.0304207 -0.0285231 -0.0262636 -0.0237749 -0.0211636 -0.0185374 -0.0160078 -0.0136352 -0.0114659 -0.00951069 -0.00780158 -0.00636006 -0.00515864 -0.00414972 -0.00331895 -0.00265914 -0.00216164 -0.00178141 -0.00147356 -0.00123287 -0.00107358 -0.000970853 -0.000899518 -0.00084424 -0.000818167 -0.00083985 -0.000893541 -0.000954008 -0.00104369 -0.00119061 -0.00141559 -0.00171673 -0.00209657 -0.00259024 -0.00324824 -0.00407408 -0.00507235 -0.00626726 -0.00769973 -0.00939763 -0.0113491 -0.0135148 -0.0158859 -0.0184149 -0.0210347 -0.023641 -0.0261196 -0.0283643 -0.030243 -0.0316215 -0.0324019 -0.0324494 -0.0316908 -0.0300782 -0.0276289 -0.0244331 -0.0205583 -0.0160976 -0.0112243 -0.00611171 -0.00096308 0.00403439 0.00869329 0.0128535 0.0164168 0.0193081 0.0214727 0.0228893 0.0236144 0.0237358 0.0233737 0.0226735 0.0217817 0.0208413 0.0199703 0.0192328 0.0187021 0.0183407 0.0180517 0.0177192 0.0172139 0.0164011 0.0151861 0.0135272 0.0114316 0.0089754 0.00625964 0.00342947 0.000634554 -0.00197014 -0.00422513 -0.00600871 -0.00730274 -0.00809643 -0.00839129 -0.00824676 -0.00775689 -0.00700731 -0.00610556 -0.00513576 -0.00413068 -0.00315247 -0.00225533 -0.0014755 -0.000794294 -0.000217063 0.00025817 0.000627076 0.00090974 0.00112969 0.0012778 0.00138739 0.00146409 0.00151649 0.00153614 0.00155025 0.00155915 0.00156132 0.00156714 0.00155422 0.00154923 0.00155637 0.00156674 0.00155101 
0 3.44727e-05 9.56913e-05 0.000146203 0.000183099 0.000220794 0.000271892 0.00031076 0.000341676 0.000362983 0.000375642 0.000386343 0.000359084 0.000288387 0.000187017 4.98293e-05 -0.000174588 -0.000491909 -0.000897654 -0.00141721 -0.0020615 -0.00283561 -0.00373987 -0.00477407 -0.00589801 -0.00706351 -0.00821171 -0.00928195 -0.0101849 -0.0108004 -0.0110124 -0.010721 -0.00985794 -0.0084013 -0.00635796 -0.00374848 -0.000687725 0.00264267 0.00606257 0.00940234 0.0124896 0.0151941 0.0174205 0.0191199 0.0203143 0.0210975 0.0216019 0.0219589 0.0222846 0.0226778 0.0232044 0.0238226 0.0244575 0.0250098 0.0253447 0.0253255 0.0248298 0.0237486 0.0219874 0.019483 0.0162494 0.012353 0.00787879 0.00293121 -0.00234215 -0.0077643 -0.0131569 -0.018311 -0.0230414 -0.0271884 -0.0306366 -0.033313 -0.0351394 -0.0360765 -0.0361652 -0.035473 -0.0341118 -0.0322002 -0.0298687 -0.0272522 -0.024466 -0.0216279 -0.0188535 -0.0162175 -0.0137702 -0.0115413 -0.00957135 -0.00788942 -0.00647357 -0.00528089 -0.00429179 -0.00350039 -0.00289054 -0.0024171 -0.00203417 -0.00173583 -0.00153064 -0.00139742 -0.00130498 -0.00123754 -0.00120587 -0.00122819 -0.00129085 -0.00137514 -0.00149816 -0.00169074 -0.00197292 -0.00234639 -0.00281581 -0.00342007 -0.00420692 -0.00518996 -0.0063749 -0.00778549 -0.00945777 -0.0114147 -0.0136356 -0.0160786 -0.0187147 -0.0214885 -0.0243185 -0.0270945 -0.0296964 -0.0320109 -0.0339039 -0.0352417 -0.0359153 -0.0358041 -0.0348352 -0.0329769 -0.0302614 -0.0267778 -0.0226034 -0.0178401 -0.0126565 -0.00723432 -0.00177379 0.00354232 0.00853561 0.0130489 0.0169697 0.0202099 0.0227004 0.0244225 0.0254312 0.0258149 0.0256784 0.0251518 0.024382 0.0235249 0.0227153 0.022038 0.0215437 0.0211819 0.0208522 0.0204458 0.0198342 0.0188691 0.0174402 0.0154986 0.0130659 0.0102305 0.00711623 0.00388299 0.000699305 -0.00226134 -0.00482668 -0.00686672 -0.0083418 -0.00923709 -0.00956548 -0.00940098 -0.00885113 -0.00801079 -0.00698561 -0.00586837 -0.00472463 -0.00362266 -0.00261086 -0.00171667 -0.000935484 -0.000276779 0.000261803 0.000681714 0.00100692 0.00125842 0.00143638 0.00156589 0.00165747 0.00171905 0.00174577 0.00176359 0.00177953 0.00179161 0.00179407 0.00177465 0.00177027 0.00178667 0.00179573 0.00177107 
0 5.20631e-05 0.000108281 0.000156805 0.000190459 0.00024689 0.000305795 0.000345933 0.000362983 0.000382059 0.000409991 0.000413814 0.000373083 0.000282033 0.000172962 1.43149e-05 -0.0002396 -0.000601892 -0.00106718 -0.00164307 -0.00236272 -0.00323569 -0.00426282 -0.00541699 -0.00666375 -0.00796593 -0.00926643 -0.0104702 -0.011467 -0.0121353 -0.012369 -0.0120523 -0.0110926 -0.00945607 -0.00714278 -0.00422054 -0.000798106 0.00293189 0.00678113 0.0105501 0.0140471 0.0171246 0.0196586 0.0216037 0.0229859 0.0239032 0.0244834 0.0248589 0.0251539 0.0254768 0.0258712 0.026336 0.0267866 0.0271122 0.0271736 0.0268412 0.0260136 0.0245831 0.0224809 0.0196568 0.0161137 0.0119252 0.00718946 0.00200856 -0.00346477 -0.0090757 -0.0146416 -0.0199883 -0.0249192 -0.0292766 -0.0329561 -0.0358621 -0.0379107 -0.0390749 -0.0393573 -0.0388269 -0.0375863 -0.0357399 -0.0334197 -0.0307557 -0.0278662 -0.0248727 -0.0218958 -0.0190234 -0.0163167 -0.0138236 -0.011604 -0.00967865 -0.00804312 -0.00665653 -0.00549135 -0.00454649 -0.00380752 -0.00321639 -0.00275061 -0.00238829 -0.00213058 -0.00196513 -0.00185111 -0.00176373 -0.00173058 -0.00174647 -0.00181504 -0.00192755 -0.00209009 -0.00233752 -0.00269761 -0.00315428 -0.00373257 -0.00446227 -0.00538662 -0.00653486 -0.00791847 -0.00955185 -0.0114783 -0.0136973 -0.0161815 -0.0188789 -0.0217423 -0.0247062 -0.0276833 -0.0305612 -0.0332172 -0.035524 -0.0373582 -0.0385794 -0.0390757 -0.0387634 -0.0375637 -0.0354716 -0.0325364 -0.0288258 -0.0244292 -0.0194627 -0.0140742 -0.00846449 -0.00281559 0.00269165 0.00791026 0.0126884 0.016905 0.0204662 0.0232878 0.0253349 0.0266716 0.0273679 0.0275213 0.0272491 0.0266959 0.0260186 0.0253393 0.0247714 0.0243455 0.0240109 0.0236714 0.0232161 0.0224985 0.0213632 0.0196919 0.0174621 0.0146933 0.0114809 0.00796141 0.00431198 0.000737422 -0.00257923 -0.00544445 -0.00773723 -0.00938703 -0.0103798 -0.0107457 -0.0105702 -0.00996408 -0.00902866 -0.00787426 -0.00661635 -0.005345 -0.00412428 -0.00299241 -0.00197041 -0.0010925 -0.000359095 0.000235106 0.000718876 0.00109598 0.00137575 0.00158364 0.00173216 0.00184187 0.00190378 0.00194874 0.00198016 0.00199461 0.00199798 0.00199917 0.00200577 0.00199898 0.00199913 0.00199786 0.00199946 
0 5.63993e-05 0.000106034 0.000145055 0.000202336 0.000253166 0.000302833 0.0003389 0.000375642 0.000409991 0.00041657 0.000408542 0.000367641 0.000297367 0.000162825 -4.308e-05 -0.000328543 -0.000723963 -0.00123676 -0.00189511 -0.00270433 -0.00368516 -0.00482466 -0.00609389 -0.00747238 -0.00891765 -0.0103629 -0.0116915 -0.0127704 -0.0134941 -0.0137414 -0.0133951 -0.0123447 -0.0105217 -0.00795354 -0.00470775 -0.000946412 0.00318162 0.0074654 0.0116755 0.0155928 0.0190207 0.0218797 0.0240976 0.0256836 0.0267144 0.0273424 0.027711 0.0279361 0.0281202 0.0283401 0.0285705 0.0287487 0.028761 0.0284808 0.0277846 0.026566 0.0247769 0.0223235 0.0191753 0.0153571 0.0109375 0.00600448 0.000702254 -0.00485805 -0.0105268 -0.0161629 -0.0215804 -0.0266144 -0.0311112 -0.0349455 -0.0380317 -0.0403049 -0.0416948 -0.0422184 -0.0419227 -0.0408619 -0.0391589 -0.0369206 -0.0342705 -0.0313395 -0.0282567 -0.0251324 -0.0220754 -0.019147 -0.016422 -0.0139446 -0.0117755 -0.00989457 -0.0082861 -0.00693328 -0.00582849 -0.00493889 -0.00424667 -0.00367804 -0.00323949 -0.00291896 -0.00269413 -0.00253594 -0.00244361 -0.00239398 -0.00242802 -0.0025192 -0.00266158 -0.00287255 -0.00318435 -0.00360089 -0.00416291 -0.00485557 -0.00573098 -0.00682769 -0.00816869 -0.00976048 -0.0116387 -0.0138025 -0.0162691 -0.0189872 -0.0219083 -0.0249564 -0.028071 -0.0311464 -0.0340628 -0.0366953 -0.0389229 -0.0405981 -0.0416267 -0.0418996 -0.0413358 -0.0399108 -0.0376134 -0.0344842 -0.0306099 -0.0260778 -0.0209959 -0.0155331 -0.00985666 -0.00414239 0.00147008 0.00681608 0.0117805 0.0162354 0.0200631 0.0231818 0.0255879 0.0272763 0.0283319 0.0288341 0.0288937 0.0286451 0.0282282 0.0277826 0.0273809 0.027062 0.0268065 0.0265054 0.0260072 0.0251676 0.0238421 0.0219432 0.0194067 0.0162975 0.012698 0.00877024 0.00471345 0.000739252 -0.00291302 -0.00608136 -0.0086185 -0.0104488 -0.0115447 -0.0119518 -0.0117727 -0.0111112 -0.01008 -0.00880622 -0.00741329 -0.00601477 -0.00466136 -0.00339664 -0.00225761 -0.00127244 -0.000466627 0.000200833 0.00074283 0.00117699 0.00149063 0.00171256 0.00188443 0.0019999 0.00208199 0.00212877 0.00216925 0.00218373 0.00218148 0.00219394 0.00220891 0.00221754 0.00219675 0.00219984 0.00222401 
0 5.58858e-05 9.48023e-05 0.000157204 0.000214412 0.000266719 0.000287753 0.000334947 0.000386343 0.000413814 0.000408542 0.000372324 0.000340984 0.000257543 0.000103142 -0.00014553 -0.000462881 -0.000890774 -0.00146697 -0.00219384 -0.00309423 -0.00416679 -0.00541545 -0.00681029 -0.00833143 -0.00991185 -0.0114822 -0.0129223 -0.0141092 -0.0148978 -0.015162 -0.0147667 -0.0135993 -0.0116106 -0.00879211 -0.00526217 -0.00112974 0.00340625 0.00811852 0.0127475 0.0170666 0.0208817 0.0240507 0.0265248 0.0283155 0.0294794 0.030127 0.0304182 0.030518 0.0305549 0.0305241 0.0304582 0.0302773 0.0298888 0.0291929 0.0280893 0.0264869 0.0242947 0.0214789 0.0180388 0.0139822 0.00939379 0.00437736 -0.000967756 -0.00651079 -0.0121462 -0.0177195 -0.0231201 -0.028163 -0.0327082 -0.0366585 -0.0398952 -0.0423407 -0.04398 -0.0447593 -0.0447288 -0.0439351 -0.0424438 -0.0403601 -0.0378038 -0.0348993 -0.031784 -0.0285757 -0.0253807 -0.0222712 -0.019326 -0.0166198 -0.0141891 -0.0120623 -0.0102325 -0.00867534 -0.00739038 -0.00635444 -0.00550734 -0.0048369 -0.0043085 -0.00390437 -0.00362641 -0.00343406 -0.00330528 -0.0032683 -0.00329737 -0.00340517 -0.00359643 -0.00386299 -0.00424167 -0.00476114 -0.00541365 -0.00624449 -0.00728144 -0.00855553 -0.0101044 -0.011935 -0.0140478 -0.0164627 -0.0191548 -0.022081 -0.0251823 -0.0283786 -0.0315871 -0.0346935 -0.0375801 -0.0401141 -0.0421628 -0.0436297 -0.0444073 -0.0443985 -0.0435904 -0.0419181 -0.0394152 -0.0361472 -0.0321608 -0.0275628 -0.0224873 -0.0170416 -0.0114105 -0.00572243 -0.000129963 0.0052651 0.010333 0.0149419 0.0189978 0.0224098 0.0251349 0.0272081 0.028666 0.0295745 0.0300268 0.0301529 0.0300858 0.0299141 0.0297687 0.0296435 0.0295016 0.0292424 0.0287297 0.0277963 0.026295 0.0241332 0.0213147 0.0178628 0.01387 0.0095195 0.00504612 0.000709165 -0.00329112 -0.00674937 -0.00954208 -0.0115447 -0.0127441 -0.0131942 -0.0129958 -0.0122725 -0.0111546 -0.00977318 -0.00825482 -0.00671456 -0.00521875 -0.00383868 -0.00259801 -0.00152897 -0.000613417 0.000126868 0.000722628 0.00119207 0.00154514 0.00181579 0.00199714 0.00213964 0.00222937 0.0022992 0.00233466 0.00235872 0.00238059 0.00238396 0.00240331 0.00240481 0.00241372 0.00241271 0.00243253 
0 4.99613e-05 9.7828e-05 0.000152442 0.000213833 0.00024672 0.000283635 0.000329377 0.000359084 0.000373083 0.000367641 0.000340984 0.000269814 0.000163052 -1.4027e-05 -0.000281525 -0.000635922 -0.00112364 -0.00175702 -0.00256086 -0.00354107 -0.0047103 -0.00606654 -0.00759008 -0.00925702 -0.0109702 -0.0126535 -0.0142092 -0.0154943 -0.016363 -0.016636 -0.0161838 -0.0149095 -0.0127457 -0.00970317 -0.00585097 -0.00136932 0.00357354 0.00871171 0.0137668 0.0184953 0.0226565 0.0261524 0.0288889 0.0308492 0.0320805 0.0327269 0.0329472 0.0328865 0.0326628 0.0323336 0.0318873 0.0312846 0.0304438 0.0292892 0.0277296 0.025671 0.0230939 0.0199379 0.0162239 0.0120008 0.00733092 0.0022855 -0.00299406 -0.00844074 -0.0139453 -0.0193979 -0.024669 -0.0296323 -0.0341631 -0.0381453 -0.0414805 -0.0441156 -0.0459694 -0.0470251 -0.0473007 -0.0467892 -0.0455793 -0.0437346 -0.041348 -0.0385522 -0.0354753 -0.0322219 -0.0289248 -0.0256619 -0.0225409 -0.0196166 -0.0169664 -0.0145956 -0.0125271 -0.010753 -0.00926648 -0.00803216 -0.0070476 -0.0062418 -0.00561689 -0.0051379 -0.0047875 -0.00454114 -0.00440513 -0.00434245 -0.00438789 -0.00451891 -0.00474483 -0.00507814 -0.00554981 -0.00615509 -0.00695322 -0.00793483 -0.00914956 -0.0106234 -0.0123832 -0.0144317 -0.0167967 -0.0194433 -0.0223614 -0.0254765 -0.0287303 -0.03201 -0.035243 -0.0383095 -0.0410847 -0.0434481 -0.0452821 -0.0464602 -0.0469397 -0.0466396 -0.0455349 -0.0436418 -0.0409764 -0.0375904 -0.0335577 -0.0289792 -0.0239646 -0.0186441 -0.0131468 -0.00759306 -0.00208119 0.0032492 0.00832418 0.013027 0.0172461 0.0209087 0.0239998 0.0264556 0.0283241 0.0296619 0.0305644 0.0311404 0.0314851 0.0317058 0.0318578 0.0319543 0.0319922 0.0318558 0.0313545 0.0303292 0.0286629 0.0262957 0.0231641 0.0193502 0.0149597 0.0102105 0.00534288 0.000600368 -0.00373779 -0.00749729 -0.0105115 -0.0126809 -0.0139884 -0.0144872 -0.0142772 -0.013483 -0.0122783 -0.0107992 -0.00915633 -0.00748003 -0.00584555 -0.00434367 -0.00300989 -0.00183955 -0.000833298 4.70626e-06 0.000648861 0.0011527 0.00155032 0.00186668 0.00209073 0.00223085 0.00234786 0.00242729 0.00247674 0.00251326 0.00255022 0.00256539 0.00256145 0.0025849 0.00260855 0.00262471 0.00262653 
0 5.09072e-05 8.61764e-05 0.00013523 0.000165409 0.00020726 0.000249478 0.000293589 0.000288387 0.000282033 0.000297367 0.000257543 0.000163052 1.91822e-05 -0.000170546 -0.000470881 -0.000872918 -0.00141069 -0.00211287 -0.00299187 -0.00407031 -0.00534344 -0.00681548 -0.00846426 -0.010268 -0.0121207 -0.0139386 -0.0155968 -0.0169689 -0.0178866 -0.0181743 -0.0176724 -0.0162791 -0.0139529 -0.0106636 -0.00652365 -0.00167019 0.0036655 0.00920425 0.0146602 0.0197963 0.0243591 0.0281541 0.0310988 0.0332063 0.0345189 0.0351337 0.0352063 0.0349109 0.034393 0.0336561 0.0327688 0.0316835 0.0303385 0.0286845 0.0266572 0.0241779 0.0211949 0.0177127 0.0137824 0.00943233 0.00473373 -0.000240554 -0.00541156 -0.0106892 -0.0159983 -0.0212147 -0.0262831 -0.0310783 -0.0355102 -0.0394939 -0.0429047 -0.0456673 -0.047753 -0.0490749 -0.049655 -0.049487 -0.0485969 -0.0470371 -0.0448906 -0.0422617 -0.0392836 -0.0360639 -0.0327258 -0.0293655 -0.0260918 -0.0229835 -0.0200999 -0.0174906 -0.0151896 -0.0131886 -0.0114869 -0.0100648 -0.00888704 -0.00794509 -0.00720417 -0.00662439 -0.00620669 -0.00591672 -0.00573837 -0.005682 -0.00572022 -0.00587093 -0.00615482 -0.00656435 -0.00713074 -0.00787022 -0.00879488 -0.00994917 -0.0113569 -0.0130378 -0.0150256 -0.0173234 -0.0199228 -0.0227982 -0.0259 -0.0291602 -0.0325059 -0.0358292 -0.0390338 -0.0419933 -0.0446005 -0.0467278 -0.0482587 -0.0491257 -0.0492755 -0.0486461 -0.047278 -0.0451488 -0.042326 -0.0388862 -0.0348708 -0.030383 -0.0255422 -0.0204089 -0.0151175 -0.0097482 -0.00442288 0.000786107 0.00579968 0.0105165 0.0148631 0.0187556 0.0221297 0.0249562 0.0272469 0.0290526 0.0304487 0.0315285 0.0323689 0.0330145 0.0335693 0.0339922 0.0342487 0.0342298 0.0337813 0.0327298 0.0309323 0.0283138 0.0248881 0.0207243 0.0159607 0.0108229 0.00555429 0.000434799 -0.00426981 -0.00831359 -0.0115578 -0.0138788 -0.015295 -0.015863 -0.0156539 -0.0148002 -0.0134974 -0.011908 -0.0101445 -0.00833899 -0.00657636 -0.00494683 -0.00347836 -0.00220915 -0.0011194 -0.000218696 0.000509484 0.00107485 0.00150552 0.00185902 0.00210681 0.00228486 0.00240778 0.0025135 0.00257325 0.00262192 0.0026748 0.00269216 0.00271398 0.0027356 0.00277533 0.00279133 0.00281292 
0 3.95168e-05 6.22913e-05 8.87212e-05 0.000116395 0.000140317 0.000173037 0.000200509 0.000187017 0.000172962 0.000162825 0.000103142 -1.4027e-05 -0.000170546 -0.000401193 -0.000749531 -0.00119691 -0.00179175 -0.00256751 -0.0035321 -0.00469916 -0.00608707 -0.0076884 -0.00945916 -0.0113846 -0.0133736 -0.0153231 -0.0170976 -0.0185455 -0.0195134 -0.0197987 -0.0192457 -0.0177515 -0.0152497 -0.011728 -0.00727795 -0.00208371 0.00364333 0.00958992 0.0154486 0.0209692 0.0258731 0.029971 0.0331361 0.0353472 0.0366543 0.0371858 0.0370888 0.0365118 0.0355967 0.0344173 0.033027 0.031417 0.0295391 0.0273626 0.0248434 0.0219242 0.0185975 0.0148494 0.0107337 0.00631237 0.00164264 -0.00322165 -0.00818543 -0.0132199 -0.0182594 -0.0232109 -0.028012 -0.0325863 -0.0368632 -0.0407607 -0.0441794 -0.0470662 -0.0493435 -0.0509447 -0.0518535 -0.0520242 -0.0514873 -0.0502608 -0.0483967 -0.0460029 -0.0431927 -0.0400618 -0.036744 -0.0333391 -0.0299672 -0.026699 -0.0236157 -0.0207668 -0.018217 -0.0159799 -0.0140545 -0.0124194 -0.0110725 -0.00997245 -0.00910176 -0.0084111 -0.00789198 -0.00752916 -0.00732626 -0.0072553 -0.00731907 -0.00751225 -0.0078532 -0.00834625 -0.0090166 -0.00986611 -0.0109514 -0.0122912 -0.013916 -0.0158352 -0.0180645 -0.0205959 -0.0234252 -0.0264906 -0.0297433 -0.0331035 -0.0365004 -0.039806 -0.0429224 -0.0457243 -0.048095 -0.0499275 -0.0511246 -0.0516167 -0.0514078 -0.0504661 -0.0488214 -0.04651 -0.0435858 -0.0401183 -0.036166 -0.0318276 -0.0271967 -0.022335 -0.0173257 -0.0122309 -0.00712625 -0.00210811 0.00278389 0.00746768 0.0118601 0.0159013 0.0195504 0.0227262 0.0254367 0.0277204 0.0296384 0.0312506 0.0326063 0.0337711 0.0347791 0.0355816 0.0361384 0.0363252 0.0359586 0.0348823 0.0329813 0.030189 0.0264788 0.0219642 0.016818 0.0112989 0.00565229 0.000145774 -0.00489063 -0.00922348 -0.0126896 -0.0151836 -0.0167061 -0.0173195 -0.0171156 -0.0162184 -0.0148341 -0.0131309 -0.0112414 -0.00931101 -0.00742647 -0.00566942 -0.00406911 -0.00267567 -0.00151184 -0.000544651 0.000263913 0.000916465 0.00139547 0.00176123 0.00204487 0.00225874 0.00241998 0.00253465 0.00261219 0.00267577 0.00273501 0.00277629 0.00281992 0.00286516 0.00288905 0.00291928 0.00297793 
0 2.17213e-05 2.3157e-05 4.46404e-05 6.79499e-05 6.90612e-05 5.65028e-05 6.29311e-05 4.98293e-05 1.43149e-05 -4.308e-05 -0.00014553 -0.000281525 -0.000470881 -0.000749531 -0.00114442 -0.00164135 -0.0023055 -0.00316421 -0.00419996 -0.00544907 -0.00695407 -0.00868954 -0.0105885 -0.0126357 -0.014751 -0.0168302 -0.0187221 -0.020262 -0.021268 -0.0215473 -0.0209443 -0.0193397 -0.016662 -0.0128984 -0.00816253 -0.00262153 0.00348586 0.00982209 0.0160628 0.0219474 0.0271808 0.0315292 0.0348585 0.0371461 0.0384303 0.038824 0.038479 0.0375585 0.0362182 0.0345319 0.0326005 0.0304345 0.0280021 0.0252943 0.0222982 0.0189766 0.0153226 0.0113517 0.00712421 0.00268874 -0.00189607 -0.00657968 -0.0113053 -0.0160496 -0.0207708 -0.0253888 -0.0298765 -0.0341787 -0.0382543 -0.0420396 -0.0454375 -0.0483894 -0.0508338 -0.0526737 -0.0538818 -0.0544075 -0.0542443 -0.0533882 -0.0518718 -0.0497711 -0.0471882 -0.0442105 -0.0409616 -0.0375565 -0.0341194 -0.0307314 -0.0274742 -0.0244195 -0.0216459 -0.0191763 -0.0170144 -0.015152 -0.0135883 -0.0123112 -0.0112939 -0.0104849 -0.00987787 -0.00945567 -0.00921204 -0.00913073 -0.00919483 -0.00941695 -0.00982357 -0.010415 -0.0112108 -0.0122167 -0.0134736 -0.0150157 -0.0168593 -0.0190066 -0.0214681 -0.0242321 -0.0272733 -0.030516 -0.0338891 -0.037311 -0.0407007 -0.043932 -0.0468924 -0.0494572 -0.0515318 -0.0530193 -0.0538418 -0.0539685 -0.0534128 -0.0521642 -0.0502793 -0.0477912 -0.0447817 -0.0413343 -0.0374999 -0.033364 -0.0290081 -0.0244562 -0.0197698 -0.0149888 -0.0101842 -0.00540944 -0.000693361 0.00389635 0.00829513 0.0124426 0.016287 0.0197695 0.0228854 0.0256508 0.028096 0.0302559 0.0321653 0.0338687 0.0354011 0.036664 0.0375716 0.0379906 0.0377588 0.0367259 0.0347652 0.0318033 0.027849 0.0230238 0.0175192 0.01161 0.00557614 -0.000279395 -0.00563556 -0.0102461 -0.0139541 -0.0166277 -0.0182534 -0.018898 -0.0186816 -0.017754 -0.0163012 -0.0144879 -0.0124688 -0.0104074 -0.00839689 -0.00652116 -0.0048108 -0.00330942 -0.00203856 -0.000989151 -0.000113553 0.000601056 0.00114313 0.00156043 0.00187991 0.00213546 0.00233144 0.00247815 0.00258021 0.0026704 0.00275152 0.00280805 0.00287744 0.0029399 0.00297643 0.00301611 0.00309722 
0 -1.03083e-05 -4.00753e-05 -4.28933e-05 -4.36898e-05 -7.1817e-05 -0.000119402 -0.000139912 -0.000174588 -0.0002396 -0.000328543 -0.000462881 -0.000635922 -0.000872918 -0.00119691 -0.00164135 -0.00220832 -0.00295085 -0.00389128 -0.00501919 -0.00638202 -0.00800737 -0.00986435 -0.0118987 -0.0140855 -0.0163319 -0.0185293 -0.0205265 -0.0221401 -0.0231726 -0.0234452 -0.0227952 -0.0210761 -0.0182093 -0.0141966 -0.00917562 -0.00331459 0.00314306 0.00986113 0.0164864 0.0227094 0.0282229 0.0327785 0.0362338 0.0385447 0.0397468 0.0399522 0.0393125 0.0379918 0.036158 0.033917 0.0314117 0.0286795 0.025702 0.0224805 0.0190217 0.0153223 0.0113936 0.00726882 0.00299467 -0.00139341 -0.00584733 -0.0103184 -0.0147678 -0.0191817 -0.0235456 -0.0277979 -0.0319342 -0.0359267 -0.0397557 -0.0433747 -0.0467036 -0.0496853 -0.0522579 -0.0543096 -0.0557934 -0.0566551 -0.0568639 -0.0563977 -0.0552619 -0.053504 -0.0512019 -0.0484311 -0.0453063 -0.0419572 -0.0385084 -0.0350496 -0.0316578 -0.0284206 -0.0254288 -0.0227237 -0.0203175 -0.0182206 -0.0164376 -0.0149747 -0.0137975 -0.0128559 -0.0121418 -0.0116454 -0.0113564 -0.0112641 -0.0113398 -0.011604 -0.0120826 -0.012778 -0.0137035 -0.0148724 -0.0163185 -0.0180823 -0.0201618 -0.0225472 -0.0252351 -0.0282102 -0.0314311 -0.0348132 -0.0382653 -0.0417051 -0.0450381 -0.0481369 -0.050879 -0.0531513 -0.0548803 -0.0559932 -0.0564304 -0.0561879 -0.0552915 -0.0537572 -0.0516562 -0.0490374 -0.0459977 -0.0426215 -0.0389527 -0.035061 -0.0310079 -0.0267985 -0.0224722 -0.0180456 -0.0135762 -0.00908921 -0.0045983 -0.000154874 0.00418663 0.00838036 0.0123754 0.0161221 0.0195983 0.0228089 0.0257663 0.0284877 0.0309883 0.0332817 0.0353694 0.0371229 0.0384345 0.0391638 0.0391362 0.038188 0.0362018 0.0331134 0.0289509 0.0238434 0.0180121 0.0117426 0.0053395 -0.000859594 -0.00652928 -0.0114177 -0.0153592 -0.018206 -0.0199424 -0.0206404 -0.0204281 -0.0194717 -0.0179546 -0.0160384 -0.0138964 -0.011705 -0.00956253 -0.00755247 -0.00572488 -0.00411825 -0.00272827 -0.00156614 -0.000616956 0.000140387 0.000747811 0.00124643 0.00161704 0.00189519 0.00211603 0.0023031 0.00243997 0.00256011 0.00266951 0.00274532 0.00283036 0.00292045 0.00300062 0.00306678 0.00315343 
0 -4.57205e-05 -0.000105222 -0.00016045 -0.00020637 -0.000272529 -0.00033481 -0.000398876 -0.000491909 -0.000601892 -0.000723963 -0.000890774 -0.00112364 -0.00141069 -0.00179175 -0.0023055 -0.00295085 -0.00375936 -0.00477799 -0.00602976 -0.00752534 -0.00926094 -0.011228 -0.0134031 -0.0157393 -0.018127 -0.0204372 -0.0225281 -0.0241956 -0.0252612 -0.0255243 -0.0248099 -0.0229684 -0.0199102 -0.0156657 -0.0103554 -0.00419474 0.00259282 0.00966536 0.0166409 0.0231649 0.0289066 0.0336262 0.0371643 0.0394532 0.04052 0.0404753 0.0394794 0.0377145 0.0353478 0.0325504 0.0294522 0.0261412 0.0226263 0.0189276 0.0150652 0.0110491 0.00691794 0.0026972 -0.00157937 -0.00586872 -0.0101484 -0.0143821 -0.0185152 -0.0225739 -0.0265478 -0.0304162 -0.0341753 -0.0378388 -0.0413946 -0.0448033 -0.0480118 -0.0509856 -0.0536318 -0.0558672 -0.0576071 -0.058777 -0.0593451 -0.0592635 -0.0585104 -0.0571291 -0.0551598 -0.0526588 -0.049732 -0.0465002 -0.0430922 -0.0395974 -0.0361045 -0.0327089 -0.0295197 -0.0265962 -0.023959 -0.0216228 -0.0196221 -0.0179521 -0.016597 -0.0155104 -0.0146761 -0.0140943 -0.0137642 -0.0136492 -0.0137459 -0.0140601 -0.014618 -0.0154302 -0.0165011 -0.0178348 -0.0194853 -0.0214706 -0.0237885 -0.0264134 -0.0293254 -0.0324953 -0.0358714 -0.0393464 -0.0428233 -0.0462136 -0.0494309 -0.0523386 -0.0548145 -0.0567638 -0.0581149 -0.0588302 -0.0588805 -0.0582647 -0.057044 -0.0552654 -0.0529809 -0.0502884 -0.0472713 -0.0440055 -0.0405377 -0.0369217 -0.0331888 -0.0293508 -0.0254085 -0.0213743 -0.0172556 -0.0130864 -0.00885205 -0.00458881 -0.000362997 0.00380144 0.00788479 0.0118288 0.0156155 0.0192329 0.0226808 0.0259548 0.0290404 0.03195 0.0346086 0.0368882 0.0386522 0.039749 0.0399787 0.0391606 0.0371876 0.0340265 0.0297003 0.024359 0.0182363 0.011641 0.00489971 -0.00163784 -0.00760381 -0.0127692 -0.0169302 -0.0199477 -0.0217985 -0.0225696 -0.0223834 -0.0213884 -0.019798 -0.0177879 -0.0155373 -0.0132172 -0.0109431 -0.00879587 -0.00683886 -0.00511477 -0.00362691 -0.00235792 -0.00131731 -0.000490969 0.000180921 0.000744688 0.00118126 0.00149322 0.00175937 0.00198764 0.0021687 0.00232294 0.00246684 0.00258433 0.00268486 0.00281002 0.00292803 0.00303459 0.00313163 
