0 0 0 0 0 0 0 0 0 0 0 0 0 0 0 0 0 0 0 0 0 0 0 0 0 0 0 0 0 0 0 0 0 0 0 0 0 0 0 0 0 0 0 0 0 0 0 0 0 0 0 0 0 0 0 0 0 0 0 0 0 0 0 0 0 0 0 0 0 0 0 0 0 0 0 0 0 0 0 0 0 0 0 0 0 0 0 0 0 0 0 0 0 0 0 0 0 0 0 0 0 0 0 0 0 0 0 0 0 0 0 0 0 0 0 0 0 0 0 0 0 0 0 0 0 0 0 0 0 0 0 0 0 0 0 0 0 0 0 0 0 0 0 0 0 0 0 0 0 0 0 0 0 0 0 0 0 0 0 0 0 0 0 0 0 0 0 0 0 0 0 0 0 0 0 0 0 0 0 0 0 0 0 0 0 0 0 0 0 0 0 0 0 0 0 0 0 0 0 0 
0 2.57727e-05 2.11407e-05 7.60169e-06 2.29564e-05 4.89754e-05 6.01087e-05 4.69592e-05 4.3036e-05 6.4777e-05 8.86187e-05 8.67967e-05 6.79569e-05 7.58104e-05 9.48669e-05 0.000100004 8.14455e-05 5.5978e-05 4.17685e-05 2.74699e-05 -5.26808e-06 -7.93299e-05 -0.000158497 -0.000231344 -0.000322184 -0.000440805 -0.000585245 -0.000728264 -0.000869012 -0.000996598 -0.00111749 -0.00121625 -0.00125908 -0.00124299 -0.00115326 -0.00099326 -0.000747898 -0.000410091 2.87541e-06 0.00046649 0.000959127 0.00146637 0.00197427 0.00246501 0.00291325 0.00328392 0.00358979 0.00385264 0.00406661 0.00423669 0.00434786 0.00440577 0.00440205 0.00433408 0.00419139 0.00395152 0.00357917 0.00307011 0.00243131 0.00167632 0.000834466 -6.45624e-05 -0.000992236 -0.00191377 -0.00278412 -0.00357018 -0.00422445 -0.00471947 -0.00504786 -0.00522026 -0.00523059 -0.00511 -0.00487681 -0.00455821 -0.00416572 -0.00372201 -0.00325439 -0.002789 -0.00234367 -0.00194467 -0.00158313 -0.00127675 -0.00101642 -0.000786382 -0.000603566 -0.000457539 -0.00033412 -0.000242912 -0.000165093 -0.000107383 -7.36132e-05 -4.14896e-05 -1.81195e-05 -4.33638e-06 3.97733e-06 5.44763e-06 7.80673e-06 1.3213e-05 1.33627e-05 1.10524e-05 1.08242e-05 1.63778e-05 1.80697e-05 1.88856e-05 1.4529e-05 9.844e-06 1.21889e-05 4.40579e-06 -1.40957e-05 -3.15745e-05 -6.14262e-05 -9.41335e-05 -0.000143568 -0.000226718 -0.000319823 -0.000436341 -0.000586557 -0.000765625 -0.000992209 -0.00125988 -0.00156326 -0.00192421 -0.002326 -0.00276405 -0.00322277 -0.00368528 -0.00412707 -0.00452325 -0.00484746 -0.00508479 -0.00519802 -0.00517609 -0.00499289 -0.00464662 -0.00414172 -0.00348864 -0.00269733 -0.00181947 -0.000891536 4.74466e-05 0.000950852 0.00178076 0.00251844 0.0031392 0.00361941 0.00395728 0.00417076 0.00428597 0.00432209 0.00429956 0.00422377 0.00410749 0.00394577 0.00376269 0.00354324 0.00326447 0.00292108 0.00251349 0.00206787 0.00160356 0.00112628 0.000652168 0.000195103 -0.000217989 -0.000553715 -0.000794501 -0.000950768 -0.00105326 -0.00108629 -0.00105533 -0.000963282 -0.000835532 -0.000706106 -0.000574389 -0.000445091 -0.000306976 -0.000179733 -7.72369e-05 -2.0462e-06 6.13818e-05 0.000127613 0.000171421 0.000199962 0.000221537 0.000237535 0.000247508 0.000252275 0.00025707 0.000258225 0.000264365 0.000261564 0.000252904 0.000256175 0.00026303 0.000258344 0.000247338 0.00024923 0.000252033 0.000249172 0.000244123 
0 2.11407e-05 2.86092e-05 3.79102e-05 5.49444e-05 7.39434e-05 9.08083e-05 0.000103276 0.000112207 0.000126172 0.000151726 0.00016029 0.000161904 0.000169241 0.000180096 0.000174833 0.00015886 0.000135677 9.06863e-05 4.59221e-05 -3.31998e-05 -0.000148255 -0.000291554 -0.000445092 -0.000642602 -0.000890941 -0.00115429 -0.00143898 -0.00171631 -0.00199155 -0.00224155 -0.00243951 -0.00252816 -0.00248912 -0.0023131 -0.00199152 -0.00149971 -0.00082296 4.80723e-06 0.000936279 0.00193188 0.00297156 0.00397467 0.00494072 0.00582355 0.00659249 0.00722278 0.00772167 0.00812902 0.00844654 0.00866136 0.00876337 0.00875607 0.00861697 0.00830809 0.00780311 0.00706498 0.00603667 0.00477416 0.00328701 0.00163035 -0.00015338 -0.00199681 -0.00380922 -0.00552995 -0.00707155 -0.00833771 -0.00931874 -0.00998811 -0.0103404 -0.0104001 -0.0101765 -0.00972162 -0.00908402 -0.00830923 -0.00742789 -0.00650885 -0.00559596 -0.00472512 -0.00392017 -0.00321341 -0.002594 -0.00206601 -0.00161461 -0.00124453 -0.000938328 -0.000702754 -0.000501935 -0.000343019 -0.000236523 -0.000160739 -9.92454e-05 -6.38995e-05 -2.1794e-05 -1.02337e-05 -7.09176e-06 9.87468e-06 1.47735e-05 1.42411e-05 1.97151e-05 7.0677e-06 2.13613e-05 2.84068e-05 1.81408e-05 1.38141e-05 7.67781e-06 -7.56385e-08 -1.46877e-06 -3.87951e-05 -8.06549e-05 -0.000130933 -0.00020495 -0.000317993 -0.000472018 -0.000674217 -0.000908042 -0.00120109 -0.00156968 -0.0020259 -0.00254967 -0.00316874 -0.00387567 -0.00467259 -0.00554405 -0.00646149 -0.00737697 -0.00825543 -0.00902661 -0.00964889 -0.010084 -0.0103044 -0.0102428 -0.00988132 -0.00921166 -0.00820712 -0.00690579 -0.00535083 -0.00360915 -0.00178 6.64453e-05 0.00185023 0.00349572 0.00496464 0.00617853 0.00714448 0.00782758 0.00825532 0.0084947 0.0085843 0.00854299 0.00841484 0.00821052 0.00792635 0.0075467 0.00709088 0.00654397 0.00586956 0.00506694 0.00415952 0.00322134 0.00224927 0.00128953 0.000382586 -0.00042572 -0.00109631 -0.00159095 -0.00192825 -0.00211965 -0.0021671 -0.00208916 -0.00191094 -0.00167984 -0.00141345 -0.00114602 -0.000865088 -0.000603616 -0.000363508 -0.000163933 -7.19587e-06 0.000138008 0.000261295 0.000348718 0.000397137 0.000445757 0.000481806 0.000505066 0.000517806 0.000516862 0.000512586 0.000521514 0.000524216 0.000507093 0.000501188 0.000505828 0.00050263 0.000492311 0.000494944 0.000492455 0.000489656 0.000492593 
0 7.60169e-06 3.79102e-05 7.53089e-05 9.8991e-05 9.33792e-05 0.000117966 0.000160564 0.000189094 0.000193291 0.000204825 0.000235994 0.000256097 0.000276076 0.000263392 0.000248103 0.000242195 0.00021746 0.000151097 4.85582e-05 -6.00961e-05 -0.000224541 -0.000423463 -0.000670168 -0.000986738 -0.00134081 -0.00172985 -0.0021371 -0.00257642 -0.00298784 -0.00335245 -0.003634 -0.00376291 -0.00372339 -0.00345604 -0.00295924 -0.00220998 -0.00120157 2.98316e-05 0.00143373 0.00294493 0.0044936 0.00601301 0.00745811 0.00878252 0.00990674 0.0108427 0.0116133 0.0121943 0.0126187 0.0128848 0.0130182 0.0129802 0.0127329 0.0122362 0.0114471 0.0102986 0.00878971 0.00693528 0.00475484 0.00231439 -0.000303001 -0.00300022 -0.00566065 -0.00815692 -0.0104029 -0.0122843 -0.0137358 -0.0147336 -0.015291 -0.0153818 -0.0150767 -0.0144275 -0.0135145 -0.0123848 -0.0111088 -0.00976598 -0.00842598 -0.00713522 -0.00596116 -0.00488778 -0.00396227 -0.00316743 -0.00246885 -0.00191055 -0.00146385 -0.00108847 -0.000801736 -0.00055748 -0.000374885 -0.00026274 -0.000164047 -9.45222e-05 -5.32641e-05 -2.89157e-05 -2.03705e-05 -5.35071e-06 1.82126e-05 2.57277e-05 2.12219e-05 1.59981e-05 2.39438e-05 2.29543e-05 2.11116e-05 9.65354e-06 -3.80367e-07 6.82039e-06 -1.50352e-05 -7.22535e-05 -0.000134764 -0.000233054 -0.000343232 -0.000501075 -0.000751442 -0.00103943 -0.00140009 -0.00186197 -0.00241467 -0.00310271 -0.00390711 -0.00481543 -0.00588124 -0.00706407 -0.00834939 -0.00969011 -0.0110313 -0.0122993 -0.0134192 -0.0143201 -0.0149607 -0.0152448 -0.0151386 -0.0145754 -0.01355 -0.0120736 -0.0101762 -0.00789166 -0.00535897 -0.0026823 2.98416e-05 0.00264576 0.00505406 0.0071979 0.00901238 0.010441 0.0114756 0.0121562 0.0125487 0.0127075 0.012696 0.0125416 0.0122732 0.0118618 0.0113454 0.0106856 0.00984446 0.00882864 0.00763654 0.00630875 0.0048819 0.00339761 0.00195017 0.000603153 -0.000597329 -0.00160369 -0.00236898 -0.00287731 -0.00316821 -0.00322156 -0.00310555 -0.00285833 -0.00251856 -0.00213095 -0.00170182 -0.00129146 -0.000904034 -0.000561012 -0.000256359 6.03342e-07 0.000210313 0.000392395 0.000509337 0.00060068 0.000676142 0.000723744 0.000752947 0.000774363 0.000785464 0.000770801 0.000777219 0.000783055 0.000769919 0.00075979 0.000755333 0.000751055 0.000745832 0.000750234 0.000737348 0.000730333 0.000741223 
0 2.29564e-05 5.49444e-05 9.8991e-05 0.000131188 0.000144719 0.000169383 0.000213005 0.000247135 0.000262159 0.000286585 0.000307663 0.000333667 0.000353336 0.000352756 0.000332023 0.000317113 0.000287447 0.000191548 7.5055e-05 -7.97463e-05 -0.000284974 -0.00056365 -0.000900743 -0.00131351 -0.00178467 -0.00228383 -0.00285316 -0.00343856 -0.00399075 -0.00445104 -0.00480223 -0.00497964 -0.00492991 -0.00458255 -0.00390294 -0.00287955 -0.00152658 0.000100814 0.0019509 0.00396544 0.00607495 0.00810432 0.0100201 0.0117548 0.013269 0.0145207 0.0154967 0.0162336 0.0167447 0.0170406 0.017128 0.0170014 0.0166051 0.0158735 0.0147744 0.0132609 0.0112535 0.00883114 0.00600309 0.00285518 -0.000526999 -0.00400845 -0.00742086 -0.0106482 -0.0135494 -0.0159685 -0.017873 -0.0192068 -0.0199484 -0.0201267 -0.0197672 -0.0189632 -0.0178087 -0.0163866 -0.0147573 -0.0130369 -0.011303 -0.00962445 -0.00805566 -0.00665439 -0.00541534 -0.00434619 -0.00342486 -0.00266474 -0.00203685 -0.0015433 -0.00112857 -0.000798989 -0.000569531 -0.000404309 -0.000268378 -0.000177804 -8.72371e-05 -5.31274e-05 -4.07176e-05 -1.1894e-05 -1.43096e-06 -1.53868e-06 5.91328e-06 -1.1009e-05 1.56762e-05 3.1282e-05 1.69548e-05 3.95621e-06 -1.56863e-05 -3.87753e-05 -5.7133e-05 -0.000135507 -0.000227606 -0.000342736 -0.0005046 -0.000743169 -0.00106735 -0.00148447 -0.00197359 -0.00258126 -0.00333558 -0.00426193 -0.0053289 -0.00657144 -0.00797513 -0.009529 -0.0111978 -0.0129281 -0.014637 -0.016261 -0.0176836 -0.0188253 -0.0196076 -0.0199593 -0.0197625 -0.0189862 -0.0176326 -0.0156839 -0.0132118 -0.0102902 -0.00703145 -0.00359178 -9.85382e-05 0.00328838 0.00641284 0.00919314 0.0115151 0.0134032 0.0148141 0.0157808 0.0163867 0.0166818 0.0167091 0.0165605 0.0162711 0.0158214 0.0151579 0.0142828 0.0131825 0.0118352 0.0102563 0.00847318 0.00658478 0.00460819 0.00266567 0.000857761 -0.000743791 -0.00208911 -0.00311105 -0.00380821 -0.00418697 -0.00426957 -0.00412338 -0.00380128 -0.003359 -0.00281838 -0.00225782 -0.00170427 -0.00120979 -0.000745783 -0.000325774 1.59446e-05 0.000291813 0.000502898 0.000670121 0.000800394 0.000911604 0.000959902 0.000981202 0.00101931 0.00104906 0.00104267 0.00103461 0.00103664 0.00103153 0.00103108 0.00102293 0.00100662 0.000999437 0.00100854 0.000993177 0.000980395 0.000987028 
0 4.89754e-05 7.39434e-05 9.33792e-05 0.000144719 0.000187449 0.000225914 0.000250703 0.000283746 0.000329254 0.000373604 0.00039935 0.000406043 0.000440075 0.000450455 0.000434788 0.000403723 0.000345811 0.000242265 9.2787e-05 -8.99472e-05 -0.000366661 -0.000710731 -0.00112675 -0.00163761 -0.00221285 -0.0028526 -0.00354564 -0.00428019 -0.00495678 -0.00553235 -0.0059694 -0.00618468 -0.00612365 -0.00567777 -0.00481892 -0.00353444 -0.00184065 0.000205456 0.00254179 0.00507996 0.00769828 0.0102541 0.0126532 0.0148214 0.0166669 0.01819 0.0193929 0.0202388 0.0207719 0.0210247 0.0210441 0.0207866 0.0201875 0.0191892 0.0177492 0.0158028 0.0133466 0.0104034 0.00699289 0.00319879 -0.000858389 -0.00502171 -0.00910717 -0.0129409 -0.0163997 -0.0193349 -0.021655 -0.0233095 -0.0242882 -0.0245564 -0.024196 -0.0232898 -0.0219554 -0.0202768 -0.0183541 -0.0163023 -0.0142203 -0.0121825 -0.010285 -0.00853555 -0.00699314 -0.00564697 -0.0044657 -0.0035012 -0.00271886 -0.00206771 -0.0015523 -0.00112322 -0.000801563 -0.000586139 -0.0004048 -0.000270044 -0.00017921 -0.000126054 -0.000101575 -7.16141e-05 -3.58816e-05 -2.19917e-05 -2.55086e-05 -3.26255e-05 -2.01084e-05 -1.7357e-05 -2.31415e-05 -4.48263e-05 -6.94729e-05 -7.90692e-05 -0.00012609 -0.000227903 -0.000351459 -0.000529089 -0.000742411 -0.00103843 -0.00147089 -0.00198559 -0.00261992 -0.00341461 -0.00436992 -0.00553769 -0.00689297 -0.00842054 -0.0101643 -0.0120671 -0.0140931 -0.0161695 -0.018213 -0.0201233 -0.0217896 -0.0231106 -0.024007 -0.0243402 -0.0240404 -0.023035 -0.0213349 -0.0189755 -0.0160118 -0.0125035 -0.00862003 -0.00450646 -0.000319169 0.00373997 0.00748832 0.0108289 0.0136829 0.0160051 0.017787 0.0190648 0.0199047 0.0203657 0.0205308 0.0204632 0.0202049 0.0197098 0.0189787 0.0179487 0.0165809 0.014903 0.012935 0.0107297 0.00834183 0.00584772 0.00340899 0.00114728 -0.000860821 -0.00254719 -0.00383649 -0.00470094 -0.00518515 -0.00529132 -0.00511631 -0.00472039 -0.00416187 -0.00350993 -0.00280613 -0.00213459 -0.00150472 -0.000928044 -0.000409526 1.91543e-05 0.000356215 0.000638465 0.000842764 0.00101164 0.0011427 0.00121078 0.00124338 0.00127895 0.0013138 0.00130738 0.00130251 0.00129263 0.00127898 0.00128041 0.00127631 0.00125512 0.00123811 0.00124953 0.00124216 0.00123267 0.0012343 
0 6.01087e-05 9.08083e-05 0.000117966 0.000169383 0.000225914 0.000273307 0.00030865 0.000342908 0.000389545 0.000447217 0.00047781 0.000494403 0.000519308 0.000535425 0.000519332 0.000480096 0.000412437 0.000285914 0.000122063 -0.000113411 -0.000439404 -0.000850319 -0.00133823 -0.00194314 -0.00265268 -0.003418 -0.00424643 -0.00509282 -0.00590279 -0.00660454 -0.0071321 -0.00737654 -0.00726302 -0.00671387 -0.00568555 -0.00414626 -0.00210176 0.000376804 0.00319617 0.00624644 0.00940242 0.0124585 0.0153295 0.0179128 0.0201264 0.0219129 0.0232503 0.0241614 0.0246813 0.0248534 0.0247122 0.0242461 0.023387 0.0220677 0.0202596 0.017924 0.0150079 0.0115821 0.00766085 0.00332952 -0.00129707 -0.00603731 -0.0106742 -0.0150416 -0.0189804 -0.0223275 -0.0250231 -0.0269948 -0.0281968 -0.028626 -0.0283131 -0.0273629 -0.025901 -0.0240422 -0.0218846 -0.0195682 -0.0171921 -0.014846 -0.012612 -0.0105588 -0.00870919 -0.00707994 -0.00566035 -0.0044769 -0.00349861 -0.00270564 -0.00204467 -0.00151098 -0.0011187 -0.000833172 -0.000603988 -0.000437215 -0.000298335 -0.000228035 -0.000189833 -0.000140989 -0.000106833 -9.19519e-05 -8.43917e-05 -0.00010098 -8.10222e-05 -7.09481e-05 -8.94744e-05 -0.000115211 -0.000149249 -0.000188336 -0.000242109 -0.000370986 -0.000537728 -0.000753357 -0.00103709 -0.00142874 -0.00195154 -0.00260797 -0.00339354 -0.00436 -0.00553756 -0.00695542 -0.00857928 -0.0104236 -0.0124735 -0.0146952 -0.0170339 -0.0194126 -0.0217233 -0.0238691 -0.0257105 -0.0271397 -0.0280548 -0.0283484 -0.0278971 -0.0266641 -0.024667 -0.0219188 -0.0185016 -0.0145078 -0.0100853 -0.00541513 -0.000666674 0.00395164 0.00824182 0.0120921 0.0153909 0.0181446 0.0203117 0.021919 0.0230466 0.0237562 0.0241086 0.024192 0.0240313 0.0235807 0.0227738 0.0215907 0.0200156 0.0180421 0.015694 0.0130227 0.0101516 0.00716 0.00422574 0.00149551 -0.000926167 -0.0029562 -0.00450717 -0.0055663 -0.00615368 -0.00630061 -0.00609209 -0.00561258 -0.00495563 -0.00418103 -0.00336358 -0.00254313 -0.00178175 -0.00108877 -0.000488648 6.71454e-06 0.000430387 0.000778917 0.00103247 0.00120409 0.00134804 0.00144937 0.00151305 0.00154999 0.00155973 0.0015569 0.00157048 0.00156999 0.00153855 0.00152503 0.00152933 0.00151756 0.00149613 0.00149626 0.00148926 0.00148348 0.00148438 
0 4.69592e-05 0.000103276 0.000160564 0.000213005 0.000250703 0.00030865 0.000371579 0.000417671 0.00045549 0.000506206 0.000556014 0.000584044 0.000610647 0.00061891 0.000603663 0.000560359 0.000475786 0.000336002 0.000139575 -0.000134073 -0.000522442 -0.000999042 -0.00156612 -0.00226548 -0.00308607 -0.00398854 -0.00494107 -0.00591184 -0.00683479 -0.0076451 -0.00824887 -0.00851456 -0.00835746 -0.00769619 -0.00648517 -0.004683 -0.00228674 0.000625754 0.00393409 0.0074958 0.0111546 0.0147284 0.0180811 0.0210767 0.0235904 0.0255817 0.0270464 0.0279826 0.0284318 0.0284451 0.0280753 0.0273166 0.0261249 0.0244534 0.0222672 0.0195173 0.0161908 0.0123304 0.00796945 0.00319341 -0.0018705 -0.00704294 -0.0121117 -0.01689 -0.0212224 -0.0249513 -0.0279781 -0.0302314 -0.0316652 -0.0322476 -0.0320304 -0.0311098 -0.0296124 -0.0276522 -0.0253447 -0.0228251 -0.0202071 -0.0175894 -0.0150756 -0.0127215 -0.0105827 -0.00867376 -0.00699297 -0.00558216 -0.0044162 -0.0034505 -0.0026582 -0.00200994 -0.00151636 -0.00115526 -0.000863621 -0.000638197 -0.000472154 -0.000371872 -0.000314422 -0.000259824 -0.000211294 -0.000186917 -0.000183358 -0.000189593 -0.000175488 -0.000169099 -0.000184156 -0.00022051 -0.000268963 -0.000320221 -0.000411083 -0.00057349 -0.000786923 -0.00106857 -0.00142434 -0.00190129 -0.00254295 -0.00333042 -0.00428643 -0.00545543 -0.00685845 -0.00852786 -0.0104351 -0.0125636 -0.014912 -0.0174203 -0.020024 -0.0226328 -0.0251406 -0.0274334 -0.0293775 -0.030855 -0.031756 -0.0319428 -0.0313185 -0.0298377 -0.0275301 -0.0244479 -0.020666 -0.0162748 -0.0114403 -0.00633782 -0.00114913 0.00390516 0.00862485 0.0128921 0.016619 0.0197682 0.0223151 0.0242859 0.0257494 0.0267667 0.0274011 0.0277065 0.027692 0.0273052 0.0265084 0.0252487 0.0234845 0.0212197 0.0184904 0.015388 0.0120344 0.0085532 0.00512924 0.00192511 -0.000926857 -0.00330772 -0.00512189 -0.0063592 -0.00706451 -0.00726483 -0.00704362 -0.00649403 -0.00572799 -0.00484389 -0.00390204 -0.00296104 -0.00206658 -0.00126026 -0.000568097 8.28034e-06 0.000497927 0.000909502 0.00120276 0.00140514 0.00156264 0.00168281 0.00176679 0.00181106 0.00181884 0.00181163 0.0018332 0.00184151 0.00181178 0.00178721 0.00178662 0.00178289 0.00176525 0.00175722 0.00174088 0.00173348 0.00173633 
0 4.3036e-05 0.000112207 0.000189094 0.000247135 0.000283746 0.000342908 0.000417671 0.000478686 0.000525281 0.000575453 0.000627056 0.000665049 0.000697424 0.000706988 0.000687288 0.000635631 0.000538248 0.000380527 0.000155733 -0.000156854 -0.000593775 -0.00114063 -0.00179531 -0.00258432 -0.00350539 -0.00453098 -0.00562089 -0.00672375 -0.00776277 -0.00866557 -0.00932951 -0.00961797 -0.0094227 -0.00865129 -0.00724361 -0.00515704 -0.00239783 0.000946005 0.00473658 0.00881256 0.0129916 0.0170738 0.0208861 0.0242647 0.0270636 0.0292243 0.030747 0.0316483 0.0319707 0.0317638 0.0310863 0.0299622 0.0283814 0.0263191 0.0237418 0.0205999 0.0168826 0.0126343 0.00791022 0.00279666 -0.0025829 -0.00805883 -0.0134328 -0.0185185 -0.0231504 -0.0271717 -0.0304759 -0.0329885 -0.0346539 -0.0354367 -0.0353741 -0.0345531 -0.0330936 -0.0311108 -0.0287254 -0.0260734 -0.023276 -0.0204417 -0.0176798 -0.0150627 -0.0126512 -0.0104711 -0.00853793 -0.00688935 -0.00551097 -0.00436102 -0.00340973 -0.00263401 -0.00203585 -0.00158669 -0.00122736 -0.00094265 -0.000730613 -0.000593826 -0.000508768 -0.000438262 -0.000379658 -0.000347753 -0.000340522 -0.000341566 -0.000328936 -0.000323921 -0.000344836 -0.000394114 -0.000461096 -0.000540304 -0.000665028 -0.000864722 -0.00113284 -0.00148196 -0.00192742 -0.00251531 -0.00328472 -0.00422829 -0.00536669 -0.00674083 -0.00837826 -0.0102995 -0.0124769 -0.0148828 -0.0174964 -0.0202512 -0.0230693 -0.0258523 -0.0284882 -0.0308553 -0.0328189 -0.0342559 -0.0350537 -0.0350835 -0.034255 -0.032536 -0.0299619 -0.0265946 -0.0225131 -0.0178203 -0.0126799 -0.00726943 -0.00177524 0.00359224 0.00864396 0.0132553 0.0173416 0.020857 0.0237781 0.0261295 0.0279742 0.0293655 0.0303462 0.0309454 0.0311545 0.0309141 0.0301728 0.0288724 0.0269642 0.0244402 0.0213471 0.0178099 0.0139831 0.0100178 0.00609969 0.00241311 -0.000872543 -0.00360669 -0.00568963 -0.00711623 -0.00793635 -0.00819165 -0.00796395 -0.00735659 -0.00649163 -0.00548505 -0.00441902 -0.00336251 -0.00235758 -0.0014394 -0.000638692 2.81946e-05 0.000575745 0.00102163 0.00135985 0.00161745 0.00180833 0.0019279 0.00200164 0.00206007 0.00209486 0.0020926 0.00208746 0.00208405 0.00207358 0.00205851 0.00204221 0.00202515 0.00201445 0.00201262 0.00199612 0.00198552 0.00198939 
0 6.4777e-05 0.000126172 0.000193291 0.000262159 0.000329254 0.000389545 0.00045549 0.000525281 0.000593343 0.000652501 0.000698606 0.000747395 0.000782228 0.000790994 0.000763016 0.000708468 0.00060588 0.000419373 0.000157563 -0.000200478 -0.000669216 -0.00127884 -0.00202704 -0.00291596 -0.00394035 -0.00506764 -0.00628254 -0.00751043 -0.00867323 -0.00966551 -0.0103763 -0.0106763 -0.0104314 -0.00954294 -0.00793009 -0.0055533 -0.0024301 0.00134605 0.00562232 0.0102133 0.0149097 0.0194727 0.0237121 0.0274357 0.0304933 0.0327884 0.0343068 0.0351006 0.0352145 0.0347167 0.0336707 0.0321346 0.0301233 0.0276305 0.0246365 0.0211157 0.0170439 0.0124801 0.00748468 0.00213974 -0.00344113 -0.00910036 -0.0146538 -0.0199335 -0.0247634 -0.0289906 -0.0325191 -0.0352663 -0.0371588 -0.0381761 -0.0383161 -0.03766 -0.0363109 -0.0343844 -0.0319971 -0.0292889 -0.0263819 -0.0233961 -0.0204293 -0.0175882 -0.0149207 -0.0124762 -0.0102967 -0.00840584 -0.00680234 -0.00546326 -0.00433233 -0.00341145 -0.00269265 -0.00213325 -0.0016953 -0.00135108 -0.00108525 -0.000911651 -0.000792795 -0.000692722 -0.000617857 -0.000571479 -0.000552635 -0.000555985 -0.000550487 -0.000552958 -0.000589202 -0.000649154 -0.000731012 -0.000844691 -0.00100363 -0.00125219 -0.0015931 -0.00202135 -0.00257385 -0.00328965 -0.00419042 -0.00530711 -0.00664147 -0.00823204 -0.0101177 -0.0122917 -0.0147214 -0.017383 -0.0202174 -0.0231702 -0.0261463 -0.0290439 -0.0317377 -0.0341041 -0.0360043 -0.0373181 -0.0379314 -0.0377559 -0.0366961 -0.0347497 -0.0319535 -0.0283593 -0.0240525 -0.019154 -0.0138121 -0.00821666 -0.00255097 0.00299877 0.00827153 0.0131489 0.0175355 0.0213911 0.0246764 0.0274132 0.0296645 0.031479 0.0328695 0.0338423 0.0343537 0.0343393 0.0337066 0.0324069 0.0303967 0.0276556 0.0242455 0.020297 0.0160021 0.0115412 0.007125 0.00297187 -0.000725684 -0.00381218 -0.00618573 -0.00783025 -0.00876719 -0.00906905 -0.00882977 -0.00817885 -0.00724286 -0.00612238 -0.00493326 -0.00375001 -0.0026428 -0.00162448 -0.000724019 3.29754e-05 0.000651063 0.00113473 0.00151893 0.00181851 0.00204264 0.00217429 0.00224508 0.00230965 0.00236076 0.00237317 0.00234888 0.00232848 0.00232714 0.00232497 0.00230226 0.00227044 0.00225961 0.00226264 0.00225449 0.00224328 0.00224245 
0 8.86187e-05 0.000151726 0.000204825 0.000286585 0.000373604 0.000447217 0.000506206 0.000575453 0.000652501 0.000712917 0.000773171 0.000822103 0.00085809 0.000854632 0.000828815 0.000776543 0.00065756 0.000454877 0.000145575 -0.000245687 -0.000763062 -0.00142671 -0.00226474 -0.00326149 -0.00438324 -0.00562473 -0.00694109 -0.00829468 -0.00956485 -0.0106374 -0.0113829 -0.0116759 -0.0113744 -0.0103517 -0.00851855 -0.00584668 -0.00236388 0.00183329 0.00658717 0.0116879 0.0168638 0.0218978 0.0265279 0.0305583 0.0338037 0.0361801 0.0376715 0.0382887 0.038114 0.0372449 0.0357785 0.0337783 0.0312924 0.0283499 0.0249397 0.0210352 0.016679 0.0118702 0.00669096 0.00121348 -0.00444843 -0.0101651 -0.0157884 -0.0211454 -0.0260808 -0.0304649 -0.0341578 -0.0370927 -0.0392102 -0.040447 -0.0408289 -0.0404021 -0.0392473 -0.0374583 -0.0351611 -0.0324688 -0.0295208 -0.0264348 -0.0233321 -0.02029 -0.017404 -0.0147173 -0.0122851 -0.0101489 -0.00832444 -0.00676135 -0.00545867 -0.00438009 -0.00351312 -0.00283843 -0.00230408 -0.00186809 -0.00155637 -0.00132351 -0.00116143 -0.00104512 -0.000945471 -0.000882446 -0.00086653 -0.000848914 -0.000854233 -0.000868681 -0.000905673 -0.000988384 -0.00110069 -0.00124188 -0.00146836 -0.00177339 -0.00218765 -0.00271956 -0.00338477 -0.00422758 -0.00529755 -0.00658619 -0.00813642 -0.00996661 -0.0120952 -0.0145111 -0.01719 -0.0200595 -0.0230862 -0.0261837 -0.0292573 -0.0321875 -0.0348631 -0.0371388 -0.0388962 -0.0400196 -0.0404156 -0.0399807 -0.0386877 -0.0365179 -0.0335066 -0.0297442 -0.0252984 -0.0202844 -0.0148671 -0.00921036 -0.00348952 0.00213105 0.00751744 0.0125551 0.0171958 0.021335 0.0249694 0.0281159 0.0308078 0.0330773 0.0349358 0.0363396 0.03722 0.0374753 0.0370372 0.0358062 0.0337238 0.0308054 0.0271197 0.0228249 0.0180767 0.0131299 0.00822778 0.00362372 -0.000478261 -0.00392122 -0.00660283 -0.0084695 -0.00954285 -0.00989636 -0.00965854 -0.0089765 -0.00796996 -0.0067616 -0.00544204 -0.00414318 -0.00291538 -0.00180571 -0.000821247 2.24444e-05 0.000707542 0.0012579 0.00167608 0.00200081 0.00223223 0.0023967 0.00250031 0.00256091 0.00260005 0.00261753 0.0026191 0.00260236 0.00259028 0.00257999 0.00256584 0.002546 0.00252809 0.00251893 0.00251185 0.00250428 0.00249658 
0 8.67967e-05 0.00016029 0.000235994 0.000307663 0.00039935 0.00047781 0.000556014 0.000627056 0.000698606 0.000773171 0.000834918 0.000892413 0.000911911 0.00092308 0.000899318 0.000825471 0.000685079 0.000461978 0.000150083 -0.00029964 -0.000870008 -0.00160763 -0.00251765 -0.00359141 -0.0048233 -0.00617435 -0.00762328 -0.00907393 -0.0104395 -0.0115772 -0.0123533 -0.0126413 -0.012267 -0.0111043 -0.00904418 -0.00605947 -0.00220886 0.00240039 0.00760502 0.0131873 0.0188651 0.0243237 0.0292975 0.0335612 0.0369672 0.0393748 0.0407371 0.0411272 0.0406164 0.0393231 0.0373637 0.0348597 0.0318836 0.0284774 0.0246553 0.0204376 0.0158095 0.0108208 0.00554123 3.30387e-05 -0.00561393 -0.0112864 -0.0168628 -0.0222146 -0.0271755 -0.0316106 -0.0354237 -0.038522 -0.0408224 -0.0423186 -0.0429673 -0.0428161 -0.0419196 -0.040354 -0.0382146 -0.0356201 -0.0326954 -0.0295793 -0.0263667 -0.0231979 -0.0201231 -0.0172198 -0.0145698 -0.0121862 -0.0101035 -0.00833106 -0.00680918 -0.00556094 -0.00455512 -0.00373688 -0.00309351 -0.00257648 -0.00216721 -0.00187716 -0.00166572 -0.00150804 -0.00140227 -0.00133125 -0.00129045 -0.00127687 -0.0012734 -0.00128654 -0.00134988 -0.00145206 -0.00159732 -0.00181104 -0.00208538 -0.0024617 -0.0029683 -0.00359017 -0.00439174 -0.00540603 -0.00663599 -0.00814579 -0.00991873 -0.011973 -0.0143467 -0.0169922 -0.0198736 -0.0229484 -0.0261109 -0.0293037 -0.032405 -0.0353052 -0.0378729 -0.039984 -0.0415264 -0.0423952 -0.0424977 -0.041807 -0.0402543 -0.037874 -0.0347088 -0.030815 -0.0262907 -0.0212736 -0.0158798 -0.0102701 -0.00460078 0.000997498 0.00641787 0.0115524 0.0163237 0.0207055 0.0246712 0.0282272 0.0313876 0.0341579 0.0364992 0.0383671 0.0396741 0.0403132 0.0401118 0.0389894 0.03691 0.0338677 0.0299548 0.0253119 0.0201657 0.0147743 0.00940566 0.00434287 -0.000176184 -0.00397609 -0.00694888 -0.00904147 -0.0102481 -0.0106851 -0.0104687 -0.00975466 -0.00868194 -0.00736639 -0.0059594 -0.00454079 -0.00320734 -0.00198953 -0.000918135 -4.39813e-06 0.000758417 0.00135492 0.00183196 0.00217473 0.00242216 0.00261152 0.00274639 0.00281868 0.0028326 0.00285486 0.00287271 0.00287551 0.00284808 0.00281703 0.00281081 0.00280824 0.00279468 0.00276539 0.00276053 0.00275875 0.00275427 
0 6.79569e-05 0.000161904 0.000256097 0.000333667 0.000406043 0.000494403 0.000584044 0.000665049 0.000747395 0.000822103 0.000892413 0.000934293 0.000969128 0.000988469 0.000963435 0.000859773 0.00068388 0.000464545 0.000120681 -0.000367513 -0.00101793 -0.00181983 -0.00279778 -0.00394917 -0.00526877 -0.00675293 -0.00830194 -0.00984946 -0.0112859 -0.0124891 -0.0132962 -0.0135599 -0.0131015 -0.0117798 -0.00948838 -0.00621267 -0.00200101 0.00303055 0.00869429 0.0147378 0.0208224 0.0266848 0.0319657 0.0364279 0.039886 0.0422427 0.0434572 0.0435399 0.0426106 0.0408366 0.0383801 0.0353637 0.0318878 0.0280275 0.02381 0.0192594 0.0144578 0.00936763 0.00406546 -0.00140385 -0.00695351 -0.0124992 -0.0179474 -0.023172 -0.0280519 -0.0324981 -0.0363658 -0.0395856 -0.042093 -0.0438183 -0.0447619 -0.0449274 -0.0443366 -0.0430409 -0.0411394 -0.0387066 -0.0358864 -0.0328017 -0.029574 -0.026297 -0.0230819 -0.0199931 -0.0171226 -0.0145084 -0.0122028 -0.0101786 -0.00845821 -0.00701051 -0.00581055 -0.00484276 -0.00407551 -0.00344617 -0.00298482 -0.00261618 -0.00234095 -0.00214696 -0.00199201 -0.00188677 -0.00184631 -0.00181036 -0.00183314 -0.001877 -0.00195075 -0.00208427 -0.0022671 -0.00250912 -0.00287131 -0.00332757 -0.00393701 -0.00470502 -0.00565804 -0.00683103 -0.00826805 -0.00997017 -0.011979 -0.0142837 -0.0168887 -0.0197423 -0.022819 -0.0260175 -0.0292753 -0.0324969 -0.0355716 -0.038364 -0.0407688 -0.0426396 -0.0438938 -0.0444499 -0.044249 -0.0432401 -0.0414472 -0.0388773 -0.0355691 -0.0316277 -0.0271231 -0.0221705 -0.016894 -0.0114169 -0.00587641 -0.000385833 0.00496789 0.0100914 0.014984 0.0195467 0.023805 0.0277527 0.0313625 0.0346192 0.0374938 0.0398888 0.0416784 0.0427045 0.0428348 0.0419177 0.039882 0.0367628 0.0326616 0.0277611 0.0222338 0.01642 0.0106119 0.00511802 0.00019328 -0.00396309 -0.0072248 -0.00952544 -0.0108908 -0.0114224 -0.0112442 -0.0105087 -0.00936143 -0.00797662 -0.00647474 -0.00497543 -0.00351953 -0.00219912 -0.00104154 -4.63275e-05 0.00077346 0.00143612 0.00195071 0.00234779 0.00261866 0.00282284 0.0029664 0.00304599 0.00308236 0.00310012 0.00311091 0.00310713 0.00309296 0.00306319 0.00304593 0.003045 0.00303554 0.00301267 0.00300801 0.00301197 0.0030107 
0 7.58104e-05 0.000169241 0.000276076 0.000353336 0.000440075 0.000519308 0.000610647 0.000697424 0.000782228 0.00085809 0.000911911 0.000969128 0.000996123 0.00100991 0.000966733 0.000856575 0.00068044 0.000424883 5.0944e-05 -0.000491344 -0.00117408 -0.00204263 -0.00310056 -0.00433799 -0.00576637 -0.00734655 -0.00899788 -0.0106169 -0.0121371 -0.0134024 -0.0142221 -0.0144341 -0.0138537 -0.0123612 -0.00985374 -0.00628961 -0.00172149 0.003719 0.00980435 0.0162513 0.0227261 0.0288911 0.0344085 0.0390054 0.0425071 0.044755 0.0456983 0.0454267 0.0440646 0.0417905 0.0387936 0.0352464 0.0312737 0.0269658 0.022381 0.0175942 0.0126316 0.00750755 0.00226712 -0.00307251 -0.00845644 -0.0138084 -0.0190537 -0.0241005 -0.0288371 -0.0331853 -0.0370644 -0.0403786 -0.04304 -0.0450238 -0.0462596 -0.0467476 -0.0464962 -0.0455342 -0.0439262 -0.041743 -0.0390948 -0.0361152 -0.0328998 -0.0295949 -0.0262747 -0.0230389 -0.0199954 -0.0171612 -0.0146016 -0.0123527 -0.0103875 -0.00873517 -0.00735745 -0.00621158 -0.00530139 -0.00456587 -0.00398196 -0.0035342 -0.00318886 -0.00293533 -0.00275975 -0.00263746 -0.00256418 -0.00253321 -0.00254895 -0.00260043 -0.00271065 -0.00287563 -0.00310594 -0.00343857 -0.00386915 -0.00442478 -0.00515456 -0.00604911 -0.00717483 -0.00855497 -0.0101854 -0.0121314 -0.0143747 -0.0169036 -0.019729 -0.0227708 -0.0259852 -0.0292985 -0.032585 -0.0357745 -0.0387375 -0.0413607 -0.0435199 -0.0450958 -0.0460222 -0.0462293 -0.0456717 -0.0443761 -0.0423315 -0.0395959 -0.0362191 -0.0322612 -0.0278191 -0.023015 -0.0179277 -0.0126647 -0.00734488 -0.00204716 0.00317432 0.00824671 0.0131443 0.0178565 0.0223783 0.0266879 0.0307388 0.0345001 0.0379023 0.0408324 0.0431381 0.0446391 0.0451076 0.0444148 0.0425145 0.0394093 0.035202 0.0300529 0.0242234 0.0180509 0.0118469 0.0059401 0.000625104 -0.00386989 -0.00741708 -0.00995492 -0.0114897 -0.0121326 -0.0119894 -0.0112339 -0.0100463 -0.00858573 -0.00701334 -0.00540299 -0.00384669 -0.00242432 -0.00118664 -0.000127729 0.000767056 0.00147319 0.00204203 0.00246667 0.00277412 0.00299508 0.00313941 0.00323637 0.00329847 0.00334308 0.00332899 0.00331911 0.0033295 0.00332513 0.00329992 0.00327709 0.00327841 0.00326576 0.0032688 0.00326464 0.00326131 
0 9.48669e-05 0.000180096 0.000263392 0.000352756 0.000450455 0.000535425 0.00061891 0.000706988 0.000790994 0.000854632 0.00092308 0.000988469 0.00100991 0.000986582 0.000935289 0.000838145 0.000647064 0.000350764 -8.5532e-05 -0.000657232 -0.00138412 -0.00231153 -0.00345775 -0.00479415 -0.0063076 -0.00797973 -0.00970764 -0.0114133 -0.0129985 -0.0142982 -0.0151096 -0.0152629 -0.0145684 -0.0128988 -0.010158 -0.0063156 -0.00141006 0.00441151 0.0108879 0.0176969 0.024469 0.0309046 0.0366052 0.0412681 0.0446865 0.046743 0.0474068 0.0467399 0.0449019 0.0421069 0.0385736 0.034498 0.0300457 0.0253374 0.0204409 0.0154309 0.0103915 0.0052828 0.000147144 -0.00501121 -0.0101563 -0.0152452 -0.0202241 -0.0250183 -0.0295559 -0.0337956 -0.0376321 -0.0409871 -0.0437885 -0.0459738 -0.0474992 -0.0483327 -0.0484485 -0.0478534 -0.0465977 -0.0447093 -0.0423018 -0.0394899 -0.0363799 -0.0330861 -0.0297196 -0.0263737 -0.0231645 -0.0201309 -0.0173546 -0.0148594 -0.0126786 -0.0108058 -0.00921027 -0.00787629 -0.00679882 -0.00591519 -0.00523195 -0.00467983 -0.00425441 -0.00395071 -0.00372747 -0.00357128 -0.00348683 -0.00343311 -0.00346122 -0.00353644 -0.00366681 -0.00387597 -0.00416927 -0.00456948 -0.00511373 -0.00578351 -0.00664477 -0.00770763 -0.00901449 -0.0105876 -0.0124492 -0.0146178 -0.0171054 -0.0198712 -0.0228927 -0.0260842 -0.0294081 -0.0327564 -0.036026 -0.0391199 -0.0419179 -0.044292 -0.0461465 -0.0473657 -0.0479154 -0.0477609 -0.0468804 -0.0452836 -0.0430192 -0.040134 -0.036685 -0.0327706 -0.0284701 -0.023878 -0.0190542 -0.0140709 -0.00901929 -0.0039618 0.00106204 0.00600366 0.0108958 0.0156908 0.0204174 0.0250471 0.0295092 0.0337521 0.0376975 0.0411821 0.0440046 0.0459535 0.0468371 0.0464747 0.0447656 0.0417185 0.0374464 0.0321504 0.0260707 0.0195946 0.0130433 0.00676646 0.00108846 -0.00373823 -0.00756617 -0.0103258 -0.0120344 -0.0127897 -0.0127046 -0.0119576 -0.0107387 -0.0092292 -0.00756675 -0.00587018 -0.00421896 -0.00271558 -0.00139049 -0.000244678 0.000708745 0.00147676 0.00208757 0.00255504 0.00288398 0.00313301 0.0033027 0.00340554 0.00348095 0.00353525 0.00353378 0.00352075 0.00353906 0.0035462 0.00352411 0.00350362 0.0035054 0.00350289 0.00350758 0.00350801 0.00350767 
0 0.000100004 0.000174833 0.000248103 0.000332023 0.000434788 0.000519332 0.000603663 0.000687288 0.000763016 0.000828815 0.000899318 0.000963435 0.000966733 0.000935289 0.000877765 0.000761564 0.000540811 0.000209448 -0.000256031 -0.000876779 -0.00165923 -0.00265481 -0.00387835 -0.00529725 -0.00689234 -0.00864463 -0.0104673 -0.0122548 -0.0138888 -0.0151946 -0.0159804 -0.0160736 -0.0152718 -0.0134283 -0.0104496 -0.00631483 -0.00109352 0.00505378 0.011858 0.0189759 0.0260185 0.0326368 0.0384309 0.0430804 0.0463751 0.0481803 0.0484815 0.0473902 0.0450832 0.0417719 0.0377015 0.0331138 0.028216 0.0231534 0.0180087 0.0128621 0.00777022 0.00271676 -0.0022686 -0.0071983 -0.0120666 -0.0168531 -0.0215284 -0.0260377 -0.0303301 -0.0343832 -0.0381315 -0.0414937 -0.044398 -0.0467891 -0.0485915 -0.0497539 -0.0502393 -0.0500334 -0.0491592 -0.0476255 -0.0455142 -0.0429306 -0.0399703 -0.036757 -0.0333962 -0.029997 -0.0266768 -0.0234748 -0.0204798 -0.0177515 -0.0153242 -0.0132179 -0.0114039 -0.00986552 -0.00860966 -0.00758094 -0.00675932 -0.00609611 -0.00557574 -0.00519593 -0.00492444 -0.00473409 -0.00461858 -0.00456164 -0.00459329 -0.00469163 -0.00486368 -0.0051232 -0.00548565 -0.00598341 -0.00662967 -0.0074275 -0.00843757 -0.00967622 -0.0111925 -0.0129981 -0.0150921 -0.0175034 -0.0202174 -0.023184 -0.0263669 -0.0296736 -0.0330549 -0.0364066 -0.0396008 -0.0425381 -0.0450982 -0.0471714 -0.0486678 -0.049499 -0.0496561 -0.0491226 -0.0478987 -0.0460283 -0.0435637 -0.0405742 -0.0371269 -0.0332993 -0.0291744 -0.0248328 -0.0203078 -0.0156434 -0.0109101 -0.00614153 -0.00134968 0.00343814 0.00824865 0.0130785 0.0179557 0.0228518 0.0276894 0.0323978 0.0368587 0.0408728 0.0442188 0.0466635 0.0479767 0.0479656 0.0465142 0.0436029 0.0393425 0.03394 0.0276887 0.0209801 0.0141439 0.00753899 0.00152816 -0.00360278 -0.00769902 -0.0106802 -0.0125529 -0.0134205 -0.0134105 -0.0126977 -0.011465 -0.00989426 -0.00815504 -0.00637542 -0.00465583 -0.00307691 -0.00165668 -0.000416288 0.000603752 0.00140937 0.00207268 0.00258905 0.00295361 0.00322641 0.00342537 0.0035461 0.00361411 0.00367557 0.00369997 0.00370662 0.00371023 0.003705 0.00370132 0.00370538 0.003713 0.003703 0.00371594 0.0037316 0.00374615 
0 8.14455e-05 0.00015886 0.000242195 0.000317113 0.000403723 0.000480096 0.000560359 0.000635631 0.000708468 0.000776543 0.000825471 0.000859773 0.000856575 0.000838145 0.000761564 0.000594104 0.000339001 -9.15986e-06 -0.000501277 -0.0011827 -0.00203138 -0.00309427 -0.00439015 -0.00588497 -0.00755659 -0.00938414 -0.0112881 -0.0131386 -0.0148075 -0.0161095 -0.016852 -0.0168642 -0.0159465 -0.0139328 -0.0107264 -0.00632575 -0.000826231 0.00560163 0.0126758 0.020025 0.0272496 0.0339667 0.0397741 0.044332 0.0474319 0.0489397 0.0488523 0.0473126 0.0445217 0.0407134 0.0361531 0.0311069 0.0258113 0.0204387 0.0150904 0.0098568 0.00477486 -0.000167842 -0.00496737 -0.00964101 -0.0142032 -0.0186565 -0.0229912 -0.0271772 -0.0311935 -0.0350343 -0.0386594 -0.0419919 -0.0449625 -0.0475186 -0.049565 -0.0510352 -0.0518773 -0.052064 -0.0515932 -0.0504551 -0.0486984 -0.0464101 -0.0436663 -0.040588 -0.0372799 -0.0338674 -0.0304707 -0.0271391 -0.0239615 -0.0210215 -0.0183584 -0.0160086 -0.0139544 -0.0121899 -0.0107339 -0.00954337 -0.00857726 -0.00779449 -0.00716968 -0.00670022 -0.00636178 -0.00612305 -0.00597355 -0.00591497 -0.00596019 -0.00609242 -0.0063117 -0.00662617 -0.00706198 -0.00766018 -0.00842472 -0.00937351 -0.0105584 -0.0120002 -0.013741 -0.0157806 -0.0181046 -0.0207446 -0.0236708 -0.026824 -0.030144 -0.033531 -0.0369214 -0.0402125 -0.0432632 -0.0459761 -0.0482377 -0.0499598 -0.0510648 -0.0514921 -0.0512518 -0.050351 -0.0488054 -0.0466834 -0.044049 -0.0409913 -0.0375839 -0.0338912 -0.0299872 -0.0259281 -0.0217265 -0.0174108 -0.0130289 -0.00859076 -0.00407849 0.000519336 0.00522751 0.0100611 0.015039 0.0201392 0.0252866 0.0304025 0.035342 0.0398692 0.0437253 0.0466594 0.0484172 0.0487893 0.0476349 0.0449195 0.0407594 0.0353539 0.0290097 0.0221203 0.0150572 0.0082011 0.00192767 -0.00346811 -0.00781796 -0.0110234 -0.0130661 -0.0140451 -0.0141109 -0.0134449 -0.0122169 -0.0106045 -0.00880756 -0.006957 -0.00516316 -0.00350505 -0.00200795 -0.000690116 0.000402363 0.00125904 0.00196797 0.00253015 0.00294013 0.00323926 0.00346084 0.00360699 0.0036898 0.00376324 0.00381054 0.00384217 0.00384853 0.00384218 0.00385656 0.00388442 0.00389892 0.0038884 0.00391083 0.00393978 0.0039623 
0 5.5978e-05 0.000135677 0.00021746 0.000287447 0.000345811 0.000412437 0.000475786 0.000538248 0.00060588 0.00065756 0.000685079 0.00068388 0.00068044 0.000647064 0.000540811 0.000339001 5.52895e-05 -0.00031968 -0.000866541 -0.00159118 -0.00250359 -0.00363164 -0.00500108 -0.00657438 -0.00832302 -0.0102317 -0.0121883 -0.0140851 -0.0157807 -0.0170792 -0.0177699 -0.0176837 -0.0166379 -0.0144557 -0.011038 -0.00641153 -0.000676408 0.00597453 0.0132449 0.0207524 0.0280665 0.0348044 0.0405317 0.0449268 0.0477691 0.0489471 0.0484732 0.0464836 0.0432193 0.0389454 0.03394 0.0284872 0.0228529 0.0172338 0.0117465 0.00646345 0.00144536 -0.00336089 -0.00795193 -0.0123429 -0.0165706 -0.0206706 -0.0246529 -0.0285094 -0.0322403 -0.0358604 -0.039321 -0.0425737 -0.045572 -0.0482345 -0.0504914 -0.0522466 -0.0534271 -0.0539997 -0.0539427 -0.0532138 -0.051851 -0.0499014 -0.0474408 -0.0445521 -0.0413623 -0.0379901 -0.0345528 -0.0311217 -0.0277935 -0.0246463 -0.0217743 -0.0191902 -0.0168936 -0.0149028 -0.0132261 -0.0118318 -0.0107037 -0.00976871 -0.009027 -0.00847545 -0.00806899 -0.00778349 -0.00761104 -0.00752849 -0.00757969 -0.00773895 -0.00799706 -0.00838514 -0.00892504 -0.00963772 -0.0105574 -0.0116698 -0.013033 -0.0146903 -0.0166577 -0.0189282 -0.021502 -0.0243587 -0.0274861 -0.0308007 -0.0342126 -0.0376269 -0.0409783 -0.0441439 -0.0470018 -0.0494324 -0.0513522 -0.0526764 -0.0533662 -0.0533826 -0.0527484 -0.0515005 -0.0496791 -0.047336 -0.0445869 -0.0415077 -0.0381658 -0.0346367 -0.0309722 -0.0272102 -0.0233554 -0.019417 -0.01541 -0.0113136 -0.007093 -0.00271665 0.00187076 0.0066554 0.0116848 0.0169437 0.0223564 0.0278213 0.0331782 0.0381689 0.042505 0.0459009 0.0481071 0.0488744 0.0480421 0.0455845 0.0415963 0.0362858 0.0299254 0.0229342 0.0157157 0.00868152 0.00220989 -0.00341091 -0.00798604 -0.0113972 -0.0136153 -0.014713 -0.0148536 -0.0142291 -0.0130119 -0.0113908 -0.00954792 -0.00764205 -0.00575814 -0.00401341 -0.00245556 -0.00108743 6.88223e-05 0.00101764 0.00177261 0.00236777 0.00281012 0.00314999 0.00340284 0.00357275 0.00369462 0.00378277 0.00384453 0.00388717 0.00392473 0.00394557 0.0039665 0.0040004 0.00402386 0.00404257 0.00407781 0.00411853 0.00414654 
