0 0 0 0 0 0 0 0 0 0 0 0 0 0 0 0 0 0 0 0 0 0 0 0 0 0 0 0 0 0 0 0 0 0 0 0 0 0 0 0 0 0 0 0 0 0 0 0 0 0 0 0 0 0 0 0 0 0 0 0 0 0 0 0 0 0 0 0 0 0 0 0 0 0 0 0 0 0 0 0 0 0 0 0 0 0 0 0 0 0 0 0 0 0 0 0 0 0 0 0 0 0 0 0 0 0 0 0 0 0 0 0 0 0 0 0 0 0 0 0 0 0 0 0 0 0 0 0 0 0 0 0 0 0 0 0 0 0 0 0 0 0 0 0 0 0 0 0 0 0 0 0 0 0 0 0 0 0 0 0 0 0 0 0 0 0 0 0 0 0 0 0 0 0 0 0 0 0 0 0 0 0 0 0 0 0 0 0 0 0 0 0 0 0 0 0 0 0 0 0 
0 0.000520226 0.00101781 0.00149028 0.00195772 0.00240071 0.00281561 0.0031719 0.00343367 0.00358846 0.00363375 0.00356689 0.0033491 0.00297836 0.00245567 0.00178681 0.00100209 0.000125587 -0.000809005 -0.00177484 -0.00271627 -0.00359172 -0.00438449 -0.00506332 -0.00560792 -0.00598487 -0.00618074 -0.00620993 -0.00609646 -0.00587319 -0.00555505 -0.00515903 -0.004695 -0.00418176 -0.00367006 -0.00317466 -0.00270705 -0.00228212 -0.00190029 -0.00156941 -0.00128307 -0.00105285 -0.000863905 -0.000706345 -0.000571764 -0.000453003 -0.000366881 -0.000310674 -0.000272921 -0.000252193 -0.0002499 -0.000254371 -0.00027802 -0.000320753 -0.000389838 -0.000478506 -0.000577667 -0.000685862 -0.000821178 -0.000979505 -0.00114957 -0.0013269 -0.00151202 -0.00169004 -0.00182659 -0.0019172 -0.00194817 -0.00191966 -0.00180877 -0.00160454 -0.00131671 -0.00095869 -0.000543973 -0.000124735 0.000300716 0.000697766 0.00103146 0.00129404 0.00147343 0.00155871 0.00156194 0.00147978 0.0013436 0.00117361 0.00099066 0.000824246 0.000673636 0.000544277 0.00045026 0.000374504 0.000312659 0.000271096 0.000232769 0.000204406 0.000191601 0.000183276 0.00017692 0.000181915 0.000184855 0.000189832 0.00020008 0.000207585 0.000209679 0.000220649 0.000227902 0.000234543 0.000247191 0.000254193 0.000252371 0.000256989 0.000256988 0.000269521 0.000317591 0.000395894 0.000511668 0.000664497 0.000833835 0.00102082 0.00121163 0.00137943 0.00150685 0.0015565 0.00152635 0.00140564 0.00118346 0.000879808 0.000508047 8.16325e-05 -0.000335651 -0.000734779 -0.00109056 -0.00137874 -0.0015877 -0.00171657 -0.00176008 -0.00173206 -0.00163136 -0.00149208 -0.00133128 -0.0011589 -0.000983736 -0.000817999 -0.000660915 -0.000512941 -0.000383819 -0.000274537 -0.000190322 -0.000127884 -8.47625e-05 -4.72073e-05 -2.46776e-05 -1.97057e-05 -4.00134e-05 -8.36267e-05 -0.000141514 -0.000208151 -0.000303905 -0.000422635 -0.000572907 -0.000767529 -0.000996733 -0.00126825 -0.00157691 -0.00194065 -0.00236099 -0.00282971 -0.00332457 -0.00381315 -0.00428921 -0.00472914 -0.00511184 -0.00542709 -0.00563488 -0.00570786 -0.00563501 -0.00541418 -0.00503489 -0.00447891 -0.0037692 -0.00293031 -0.00201244 -0.00105791 -8.24706e-05 0.000884374 0.00181927 0.00266487 0.00337849 0.00393861 0.00435514 0.00465655 0.00483141 0.00489025 0.00483548 0.00469122 0.00449798 0.00429371 0.00410496 0.00391559 0.00375012 0.00362536 
0 0.00101781 0.00199593 0.00295682 0.00387806 0.00475699 0.00554899 0.00624142 0.00676228 0.00706704 0.00716295 0.00700131 0.00656483 0.00582207 0.00479813 0.00348307 0.00192262 0.000196651 -0.00164808 -0.00353081 -0.00538277 -0.0071156 -0.00868877 -0.0100289 -0.0110866 -0.0118195 -0.012219 -0.0123041 -0.0121103 -0.01168 -0.0110422 -0.0102655 -0.00935122 -0.00836993 -0.00736459 -0.00638382 -0.00544661 -0.00458418 -0.00383613 -0.00317097 -0.00260528 -0.00212547 -0.00172613 -0.00140026 -0.00113441 -0.000910219 -0.000753894 -0.000633209 -0.000555319 -0.000505915 -0.00049717 -0.000523157 -0.000566691 -0.00066105 -0.000773798 -0.000934009 -0.00113763 -0.0013753 -0.00165611 -0.00197924 -0.00231788 -0.00269082 -0.00303988 -0.00336656 -0.00364996 -0.0038445 -0.00391306 -0.00384069 -0.0036132 -0.00320915 -0.00263629 -0.00192837 -0.00112891 -0.000266437 0.000594747 0.00139266 0.00206979 0.00260413 0.00294517 0.00311365 0.00310584 0.00294139 0.00266418 0.00234154 0.00199644 0.00167074 0.00136585 0.00111013 0.000892597 0.000733017 0.000621174 0.000536271 0.000470161 0.000435919 0.00039443 0.00037431 0.000367205 0.000358156 0.000363316 0.000387234 0.000393275 0.000415677 0.00043647 0.000448334 0.000467555 0.000488729 0.000487103 0.000496736 0.000497857 0.00050014 0.000518199 0.000568984 0.000655706 0.000812255 0.00103151 0.00131695 0.00164864 0.00203436 0.00242026 0.00276861 0.00302237 0.00313151 0.00305317 0.00280091 0.00235272 0.0017346 0.000978599 0.000161613 -0.000672745 -0.00147029 -0.00218013 -0.00276236 -0.00319051 -0.00343445 -0.00351232 -0.00345663 -0.00329234 -0.0030231 -0.0026794 -0.00233388 -0.00197443 -0.00163033 -0.00130247 -0.00101179 -0.000775697 -0.000573321 -0.000388169 -0.000265272 -0.00016412 -0.000102358 -6.35887e-05 -5.39161e-05 -9.09119e-05 -0.000157971 -0.000263235 -0.000403221 -0.000607494 -0.000863871 -0.0011719 -0.00155011 -0.00201675 -0.00255587 -0.00320135 -0.00393069 -0.00476283 -0.00567685 -0.00663302 -0.00760681 -0.00854982 -0.00942656 -0.0101672 -0.0107658 -0.0111612 -0.0113043 -0.0111592 -0.0107155 -0.009939 -0.00883283 -0.0074376 -0.00579918 -0.00400085 -0.00209385 -0.000161904 0.00175601 0.00357103 0.00522076 0.00663278 0.007754 0.00861114 0.00919861 0.00954811 0.00965623 0.00957252 0.00932488 0.00896519 0.00858514 0.00820187 0.00784818 0.00753428 0.00731667 
0 0.00149028 0.00295682 0.00438681 0.00577741 0.00704321 0.00818196 0.00915822 0.00989831 0.0103419 0.0104426 0.0101788 0.00948365 0.00837982 0.00686967 0.00494311 0.00266915 0.000138959 -0.00253339 -0.00527498 -0.00796646 -0.0105035 -0.0128088 -0.0147605 -0.0162982 -0.0173739 -0.0179864 -0.0181628 -0.0179203 -0.0173119 -0.0163924 -0.0152518 -0.0139456 -0.0125186 -0.0110708 -0.00962881 -0.00823762 -0.0069659 -0.00583599 -0.004856 -0.00399286 -0.00326473 -0.00264986 -0.00214709 -0.00174608 -0.00141705 -0.00117493 -0.000995272 -0.000855204 -0.000770912 -0.000759957 -0.000788374 -0.000866847 -0.000986337 -0.00116571 -0.00140697 -0.00170241 -0.00205116 -0.00248598 -0.00297855 -0.00348807 -0.00400488 -0.00453658 -0.00505351 -0.0054684 -0.00575265 -0.00585423 -0.00576015 -0.00541517 -0.00479877 -0.00394463 -0.0028914 -0.00167461 -0.000419959 0.000863996 0.0020728 0.0030948 0.00389008 0.00441721 0.00465382 0.0046413 0.00439044 0.00399273 0.00350908 0.00299141 0.00250798 0.0020569 0.00165717 0.00135064 0.00110738 0.000921057 0.000803133 0.000706771 0.000639308 0.000604944 0.000575279 0.000545516 0.000542068 0.00054067 0.000554839 0.000590679 0.000626373 0.000648942 0.000685251 0.000703273 0.00071078 0.000727528 0.000735301 0.000732712 0.00075795 0.000783906 0.000846611 0.000996599 0.00122375 0.00154994 0.00198209 0.00247881 0.00304335 0.00362958 0.00415161 0.00453955 0.00468243 0.00456715 0.00417501 0.00349174 0.00257945 0.00147888 0.000230223 -0.00100897 -0.00220426 -0.00327625 -0.0041447 -0.00476741 -0.00513935 -0.00526174 -0.005182 -0.0049051 -0.00450967 -0.00403366 -0.00350437 -0.00295322 -0.00242941 -0.0019501 -0.00152311 -0.00116234 -0.000851377 -0.000592614 -0.000389967 -0.000251824 -0.000155926 -0.000114794 -0.000115303 -0.000165127 -0.000267542 -0.000423253 -0.000638806 -0.000960953 -0.00135473 -0.00182328 -0.00240253 -0.00309252 -0.0039275 -0.00489145 -0.00599715 -0.00722424 -0.00855181 -0.00994872 -0.0113565 -0.0127455 -0.014016 -0.015083 -0.0159263 -0.0164717 -0.0166561 -0.0164227 -0.0157352 -0.0145718 -0.0129325 -0.0109054 -0.00853733 -0.00591212 -0.00312556 -0.000270261 0.00251559 0.00515154 0.00753743 0.00961082 0.0113107 0.0126082 0.0135247 0.0140438 0.0142429 0.0141714 0.0138785 0.0134248 0.0128863 0.0123513 0.011831 0.0114113 0.0111209 
0 0.00195772 0.00387806 0.00577741 0.00757693 0.00922208 0.0106494 0.0118617 0.0127665 0.0132782 0.01337 0.0129544 0.0120102 0.0105238 0.00854598 0.00606426 0.00314908 -6.74754e-05 -0.00349249 -0.00699333 -0.0104441 -0.0136875 -0.016628 -0.0191309 -0.0211204 -0.022545 -0.0233956 -0.0236811 -0.0234287 -0.0226959 -0.0215489 -0.0201209 -0.0184419 -0.0166265 -0.014753 -0.0129001 -0.0111078 -0.0094363 -0.00795313 -0.00662392 -0.00547489 -0.00449333 -0.00366863 -0.0029883 -0.00243079 -0.00196615 -0.00162833 -0.00136648 -0.00118587 -0.00107049 -0.00103935 -0.00107841 -0.00116287 -0.00133932 -0.00156763 -0.00188666 -0.002287 -0.00275445 -0.00330651 -0.00394293 -0.00461963 -0.00535309 -0.00605426 -0.00670956 -0.00726921 -0.00765276 -0.00779008 -0.00764879 -0.00719383 -0.00638828 -0.00525087 -0.00384354 -0.002249 -0.000541545 0.00116242 0.00274178 0.00408593 0.00514575 0.00583827 0.00618514 0.00618286 0.00586769 0.00532669 0.004682 0.00399239 0.00333904 0.00273428 0.00222485 0.0018017 0.00148734 0.00126075 0.00108921 0.000953814 0.000872197 0.000792325 0.000751056 0.000734888 0.000724455 0.000736355 0.000775469 0.000790779 0.000827127 0.000861026 0.000887121 0.00092427 0.000964524 0.000972508 0.000991487 0.0009953 0.00100364 0.00104011 0.00114084 0.00132415 0.00164304 0.0020911 0.00266932 0.00333726 0.0040947 0.00484936 0.00552302 0.00601028 0.00621383 0.0060572 0.00554906 0.00465645 0.00342794 0.00193015 0.000299961 -0.00135926 -0.00294291 -0.00435145 -0.00550278 -0.00634487 -0.00683123 -0.00698925 -0.00687694 -0.00653944 -0.00600267 -0.00533104 -0.00464325 -0.00393585 -0.00325612 -0.00260898 -0.00203169 -0.00155466 -0.00114804 -0.00078855 -0.000538958 -0.000345831 -0.000230978 -0.000171068 -0.000172735 -0.000261874 -0.000416803 -0.000648411 -0.000953809 -0.00137996 -0.00190965 -0.0025475 -0.00332842 -0.00427966 -0.00538175 -0.00667616 -0.00812554 -0.00974235 -0.0114816 -0.0132772 -0.0150887 -0.0168401 -0.0184529 -0.0197966 -0.0208426 -0.0214906 -0.0216581 -0.0212827 -0.0203434 -0.0188047 -0.0166948 -0.0140925 -0.0110597 -0.0077038 -0.00411659 -0.000468677 0.0031149 0.00648002 0.00954985 0.0122442 0.0144785 0.0162427 0.0174872 0.0182494 0.0185736 0.0185761 0.0183038 0.0178071 0.017202 0.0165426 0.0159257 0.0154122 0.0150765 
0 0.00240071 0.00475699 0.00704321 0.00922208 0.0111767 0.0128726 0.0142622 0.0152589 0.0157922 0.015808 0.0152516 0.0140379 0.0121969 0.00977327 0.00679189 0.0033421 -0.000471271 -0.00452486 -0.00869507 -0.0127886 -0.0166292 -0.0201058 -0.0230844 -0.0254897 -0.0272514 -0.0283364 -0.0287544 -0.0285273 -0.0277308 -0.0264456 -0.0247869 -0.0228312 -0.0206688 -0.0184486 -0.0162332 -0.0140756 -0.0120474 -0.0101894 -0.00852686 -0.00706101 -0.00581991 -0.00477397 -0.00390185 -0.00318029 -0.00258272 -0.00213269 -0.00180164 -0.00155664 -0.00140305 -0.00135379 -0.00137397 -0.00147675 -0.00167131 -0.00197216 -0.00237843 -0.0028693 -0.00344105 -0.00413582 -0.00493172 -0.00578072 -0.0066611 -0.00755036 -0.00839161 -0.00907211 -0.00953356 -0.00970178 -0.00953998 -0.00897404 -0.00796611 -0.00655555 -0.0048072 -0.00280124 -0.000706962 0.00140704 0.0033833 0.00506347 0.0063785 0.00726278 0.00768723 0.00769047 0.0073022 0.00664923 0.00584572 0.00498745 0.0041756 0.00342972 0.00278271 0.00227572 0.00187984 0.0015784 0.00136861 0.00120078 0.00108103 0.00100803 0.000957106 0.000920131 0.000916328 0.000922675 0.000948375 0.000992156 0.00103665 0.00106996 0.00111773 0.001153 0.00117966 0.00120967 0.00122833 0.00123335 0.00126546 0.00131295 0.00142805 0.00167759 0.00207187 0.00263403 0.00336172 0.0041983 0.00512578 0.00606469 0.0068939 0.00749738 0.00772425 0.00752831 0.00687751 0.00575192 0.00423106 0.0023925 0.000338307 -0.00171882 -0.00368609 -0.00543976 -0.00686396 -0.00789466 -0.00851149 -0.00872317 -0.00858865 -0.00813479 -0.00746654 -0.00666493 -0.00579815 -0.0049122 -0.00406161 -0.00326736 -0.0025496 -0.00193774 -0.00142113 -0.00100087 -0.000685857 -0.000467864 -0.000321897 -0.000257817 -0.000273782 -0.00038982 -0.000607062 -0.00091445 -0.0013139 -0.00185906 -0.00253274 -0.00335644 -0.00437558 -0.00558324 -0.0069915 -0.00858567 -0.0103776 -0.012349 -0.0144514 -0.016611 -0.0187421 -0.0207997 -0.0226695 -0.0242338 -0.0254283 -0.0261246 -0.0262245 -0.0256743 -0.0244657 -0.0225898 -0.0200517 -0.0169386 -0.0133155 -0.00930796 -0.00506228 -0.000728662 0.00351365 0.00753991 0.0112224 0.0144707 0.0172049 0.0193848 0.0210068 0.0220448 0.0225856 0.022719 0.0225214 0.0220694 0.0214579 0.0207929 0.0201258 0.0195809 0.0192093 
0 0.00281561 0.00554899 0.00818196 0.0106494 0.0128726 0.0147675 0.0162816 0.0173121 0.017789 0.0176913 0.0169388 0.0154749 0.0133004 0.0104893 0.00708309 0.00317426 -0.00111394 -0.00567482 -0.0103499 -0.0149443 -0.0192607 -0.023179 -0.026566 -0.0293299 -0.0313935 -0.0327196 -0.0333034 -0.0331695 -0.0323815 -0.0310202 -0.0292201 -0.0270519 -0.0246498 -0.0221393 -0.0196131 -0.0171269 -0.0147543 -0.0125698 -0.0105779 -0.00881348 -0.00728794 -0.00599113 -0.00490698 -0.0040118 -0.00327652 -0.00271855 -0.00228925 -0.00197569 -0.00177077 -0.00168995 -0.00171262 -0.00182171 -0.00205077 -0.00238471 -0.00285127 -0.00344084 -0.00414277 -0.00497435 -0.00592476 -0.00694134 -0.00801114 -0.00905628 -0.0100314 -0.010851 -0.0114119 -0.011616 -0.0114058 -0.0107219 -0.0095252 -0.00784859 -0.00577225 -0.0034058 -0.000881156 0.00164969 0.00400692 0.00602275 0.00760202 0.00865064 0.00916849 0.00917126 0.0087205 0.00794751 0.0070079 0.00600404 0.0050385 0.00414427 0.00337336 0.00274158 0.00226213 0.00191177 0.00165723 0.00146415 0.0013339 0.00122826 0.00116149 0.00112236 0.00110419 0.00111335 0.00115321 0.00118913 0.00124137 0.00129129 0.0013384 0.00138583 0.00142723 0.00144287 0.00146082 0.00147295 0.00150745 0.00158669 0.00175674 0.00205705 0.00253706 0.00320577 0.00406217 0.00505942 0.00617116 0.00728426 0.00826787 0.0089675 0.00923544 0.00897698 0.00817951 0.00682763 0.00499511 0.0027868 0.000370427 -0.00208214 -0.00442398 -0.00651 -0.00821204 -0.00944915 -0.0101753 -0.0104204 -0.0102586 -0.00975019 -0.00896081 -0.00798537 -0.0069488 -0.00588916 -0.00486646 -0.00390553 -0.00305205 -0.00233777 -0.0017363 -0.00122888 -0.000858315 -0.000592856 -0.000438715 -0.000378892 -0.000416284 -0.000574099 -0.000842993 -0.0012299 -0.00174175 -0.00242629 -0.00327487 -0.00430168 -0.00554662 -0.0070253 -0.00871936 -0.010639 -0.0127514 -0.0150459 -0.0174602 -0.0199067 -0.0223153 -0.0246033 -0.0266643 -0.0283549 -0.0296011 -0.03027 -0.0302566 -0.0295117 -0.0280401 -0.0258349 -0.0229192 -0.019365 -0.0152533 -0.01073 -0.00594546 -0.00108274 0.00370995 0.00827623 0.0124924 0.0162358 0.0194106 0.022004 0.0239907 0.0253771 0.0261971 0.0265491 0.0265078 0.0261665 0.0256588 0.0250603 0.0244495 0.0239124 0.0235382 
0 0.0031719 0.00624142 0.00915822 0.0118617 0.0142622 0.0162816 0.0178444 0.018846 0.0192161 0.0189315 0.0179469 0.0162189 0.0137643 0.0106384 0.00688842 0.00261569 -0.00204088 -0.00694866 -0.0119576 -0.0168856 -0.0215515 -0.0258163 -0.0295315 -0.0325881 -0.0349139 -0.0364743 -0.0372602 -0.0372744 -0.0365627 -0.0352093 -0.0333461 -0.0310746 -0.0285169 -0.0258029 -0.0230219 -0.0202507 -0.0175829 -0.0150941 -0.0128071 -0.0107461 -0.00893517 -0.00737714 -0.00606612 -0.00498184 -0.00409582 -0.0034024 -0.00286209 -0.00245311 -0.00218267 -0.00206297 -0.00206937 -0.00218835 -0.00243671 -0.0028192 -0.00335165 -0.00402599 -0.00483912 -0.00580737 -0.00690663 -0.00808309 -0.0093063 -0.0105223 -0.0116606 -0.0126089 -0.013255 -0.0134944 -0.0132512 -0.0124528 -0.0110621 -0.00912049 -0.00671663 -0.00397549 -0.00106242 0.00186072 0.00459169 0.00693507 0.00876937 0.010003 0.0106139 0.0106309 0.0101275 0.00925183 0.00816844 0.00700908 0.00588561 0.00485022 0.00395346 0.00322651 0.0026677 0.00225366 0.00195332 0.00172756 0.00156635 0.00144983 0.00137015 0.00131931 0.00129847 0.00130533 0.00134007 0.00138716 0.0014433 0.00149771 0.00155382 0.00160447 0.00164458 0.0016706 0.00169104 0.00171149 0.00176167 0.00186384 0.00206918 0.00243529 0.00300342 0.00379179 0.00479187 0.00595468 0.00723094 0.00850574 0.00962427 0.0104112 0.0106958 0.0103816 0.00943625 0.00785953 0.00573658 0.00318784 0.000386701 -0.00245521 -0.00516689 -0.00758093 -0.00954632 -0.0109683 -0.0118076 -0.0120944 -0.0119025 -0.0113034 -0.0103943 -0.00928455 -0.00808168 -0.00685137 -0.00566093 -0.00455342 -0.00357038 -0.00273833 -0.00203907 -0.0014618 -0.00102995 -0.000734945 -0.000573265 -0.000535405 -0.000616518 -0.00082745 -0.00116903 -0.00164788 -0.00228698 -0.00312828 -0.00416519 -0.00540658 -0.006888 -0.00862451 -0.0106113 -0.0128336 -0.0152524 -0.0178267 -0.020489 -0.0231603 -0.025764 -0.0282129 -0.0303696 -0.032089 -0.0332837 -0.0338427 -0.0336736 -0.0327264 -0.030996 -0.0284841 -0.0252291 -0.0213188 -0.0168479 -0.011953 -0.00678765 -0.00152438 0.00367321 0.00865729 0.0132955 0.0174605 0.0210535 0.0240438 0.026422 0.0281847 0.0293655 0.0300298 0.0302475 0.0301244 0.0297971 0.0293589 0.0288665 0.0284059 0.0280627 
0 0.00343367 0.00676228 0.00989831 0.0127665 0.0152589 0.0173121 0.018846 0.0197638 0.0199891 0.0194864 0.0182507 0.0162691 0.0135793 0.010211 0.00621021 0.00168476 -0.00321167 -0.00832238 -0.0135139 -0.0186273 -0.0235064 -0.0279991 -0.0319529 -0.0352473 -0.0378091 -0.0395967 -0.0405938 -0.0407925 -0.0402276 -0.0389803 -0.0371571 -0.0348744 -0.032241 -0.0293967 -0.0264347 -0.0234468 -0.0205332 -0.0177646 -0.0151917 -0.0128405 -0.0107524 -0.0089371 -0.00738902 -0.00608932 -0.00502044 -0.00416767 -0.0035077 -0.0030059 -0.00266759 -0.00249359 -0.00246342 -0.00257883 -0.00284301 -0.00327675 -0.00387719 -0.00463542 -0.00555159 -0.00664025 -0.00787814 -0.00922108 -0.0106117 -0.0119993 -0.0132875 -0.0143514 -0.0150745 -0.0153441 -0.0150683 -0.0141638 -0.0125922 -0.010394 -0.00766699 -0.00455264 -0.00124976 0.00205732 0.00514352 0.00779951 0.00988241 0.0113051 0.0120231 0.0120702 0.0115263 0.0105533 0.00932865 0.00801555 0.00673579 0.00556374 0.00454706 0.0037277 0.00309272 0.00261735 0.00226938 0.00200743 0.00181061 0.00167616 0.00158177 0.00152323 0.00150464 0.00151405 0.00154455 0.00159522 0.00164667 0.00169928 0.0017609 0.00181801 0.00186379 0.00190385 0.00192947 0.00195893 0.0020231 0.00214948 0.00239443 0.00282933 0.00349056 0.00440444 0.00555236 0.00688204 0.0083169 0.00973645 0.0109666 0.0118208 0.0121139 0.0117446 0.0106575 0.00886118 0.0064433 0.0035487 0.000367181 -0.00285396 -0.00591884 -0.00864099 -0.0108575 -0.0124622 -0.0134185 -0.0137522 -0.0135376 -0.0128534 -0.0118189 -0.0105639 -0.00919691 -0.00781178 -0.00646861 -0.00521807 -0.00410116 -0.0031456 -0.00234823 -0.00171037 -0.00123267 -0.00092145 -0.000754936 -0.000733192 -0.000856566 -0.00113388 -0.00157368 -0.00217262 -0.00295703 -0.00396112 -0.00519181 -0.00666206 -0.00839866 -0.0104031 -0.0126712 -0.0151623 -0.0178438 -0.0206542 -0.0235206 -0.0263592 -0.0290767 -0.0315829 -0.0337294 -0.0353849 -0.0364498 -0.0368339 -0.0364606 -0.0352886 -0.0333064 -0.0305232 -0.0269886 -0.0228056 -0.0180871 -0.0129552 -0.00755242 -0.00202789 0.00344284 0.00871872 0.0136656 0.0181686 0.0221362 0.0255117 0.0282851 0.0304432 0.0320296 0.0330854 0.0336688 0.0338742 0.0338202 0.0336173 0.0333182 0.0330122 0.032768 
0 0.00358846 0.00706704 0.0103419 0.0132782 0.0157922 0.017789 0.0192161 0.0199891 0.0200307 0.019321 0.0178444 0.0156467 0.0127495 0.00919965 0.00505184 0.000405542 -0.00458068 -0.00977267 -0.0150222 -0.0201963 -0.025149 -0.0297371 -0.033834 -0.037312 -0.0400789 -0.0420776 -0.0432763 -0.043687 -0.0433358 -0.042284 -0.040611 -0.0383999 -0.0357887 -0.0328905 -0.0298314 -0.0267013 -0.0235866 -0.0205808 -0.017732 -0.0151101 -0.012747 -0.0106699 -0.0088732 -0.00734129 -0.00606911 -0.00504913 -0.00424959 -0.00365157 -0.0032333 -0.00298602 -0.00291491 -0.00300558 -0.00328529 -0.00374878 -0.00440352 -0.0052469 -0.00627623 -0.00748381 -0.00886237 -0.010364 -0.0119359 -0.0134768 -0.0148919 -0.0160773 -0.0168776 -0.0171727 -0.0168531 -0.0158423 -0.0141007 -0.0116566 -0.00862088 -0.00516991 -0.00146871 0.00221805 0.0056545 0.00863076 0.0109714 0.0125654 0.0133927 0.0134612 0.012884 0.0118213 0.01048 0.00903365 0.00760918 0.00629965 0.00516974 0.00423588 0.00351868 0.00298801 0.00258771 0.00229454 0.00208245 0.00191724 0.00180774 0.00174608 0.00171113 0.0017184 0.00175574 0.0017954 0.00184994 0.00191389 0.00196979 0.00203342 0.00209063 0.00212205 0.00215467 0.00220129 0.00227883 0.00244689 0.00275657 0.0032563 0.00401528 0.00504463 0.00632478 0.00780887 0.00940447 0.0109652 0.0123084 0.0132159 0.0135174 0.0130651 0.0118194 0.00980136 0.00708661 0.00384426 0.000324309 -0.00326554 -0.00666952 -0.00968596 -0.0121486 -0.0139403 -0.0150084 -0.0153848 -0.0151429 -0.0144008 -0.0132506 -0.0118371 -0.0103132 -0.00876899 -0.00727222 -0.00587202 -0.00462501 -0.00356115 -0.00268118 -0.00198021 -0.00147661 -0.00114803 -0.000993822 -0.000992386 -0.00116179 -0.00151882 -0.00206228 -0.00279946 -0.00374822 -0.00493071 -0.00637449 -0.00809137 -0.0100904 -0.0123751 -0.0148967 -0.0176314 -0.0205171 -0.0235091 -0.0265243 -0.0294547 -0.0322076 -0.0346557 -0.0366906 -0.0381926 -0.0390644 -0.0392261 -0.0386068 -0.0371835 -0.0349595 -0.0319503 -0.0282181 -0.0238496 -0.018976 -0.0137218 -0.0082049 -0.00257287 0.00304557 0.00848912 0.0136451 0.0184014 0.022674 0.0264167 0.0295725 0.0321557 0.0341732 0.0356825 0.0367238 0.0373577 0.0376876 0.0377877 0.0377661 0.0376795 0.0376025 
0 0.00363375 0.00716295 0.0104426 0.01337 0.015808 0.0176913 0.0189315 0.0194864 0.019321 0.018393 0.0167282 0.0143334 0.011276 0.00760202 0.00340799 -0.001211 -0.00615543 -0.0112861 -0.0164782 -0.0215834 -0.0264843 -0.0310542 -0.035196 -0.0387826 -0.0417109 -0.0438952 -0.0453149 -0.0459683 -0.045877 -0.0450915 -0.0436302 -0.0416085 -0.0391021 -0.0362565 -0.0331688 -0.029951 -0.0267082 -0.0235063 -0.0204511 -0.0175786 -0.0149521 -0.0126055 -0.0105483 -0.00877743 -0.00730214 -0.006084 -0.00512873 -0.00438657 -0.00386498 -0.00354563 -0.0034173 -0.0034965 -0.00375829 -0.00425108 -0.00495212 -0.00586276 -0.00699346 -0.00834111 -0.00985818 -0.0115096 -0.0132023 -0.0149052 -0.0164793 -0.0177703 -0.0186409 -0.0189658 -0.0186126 -0.0174882 -0.0155663 -0.0128879 -0.00956453 -0.00576352 -0.00172477 0.00232731 0.00612626 0.0094193 0.012003 0.013791 0.0147048 0.0148049 0.0142024 0.0130796 0.0116262 0.010053 0.00848801 0.00705038 0.00578823 0.00476644 0.00396112 0.0033558 0.00291414 0.00259271 0.00234208 0.00217927 0.00205138 0.00196428 0.00192621 0.00192254 0.00193782 0.00199853 0.00205378 0.00211574 0.00218693 0.00224703 0.00228644 0.00233706 0.0023693 0.00242894 0.0025456 0.00275775 0.00311792 0.0037124 0.00456379 0.00571144 0.00712419 0.00875931 0.0104914 0.0121879 0.0136319 0.0145986 0.0148702 0.0143392 0.0129207 0.0106628 0.00767181 0.00413235 0.000252263 -0.00367819 -0.00741313 -0.0107269 -0.0134284 -0.0153818 -0.0165551 -0.0169753 -0.0167135 -0.015877 -0.014625 -0.0131111 -0.0114259 -0.0097143 -0.00804845 -0.0065186 -0.0051598 -0.00398961 -0.00302612 -0.00228724 -0.00173582 -0.00140936 -0.00126549 -0.00131868 -0.0015703 -0.00201495 -0.00268042 -0.00355922 -0.00469101 -0.00608368 -0.00776141 -0.0097305 -0.0119876 -0.0145075 -0.0172744 -0.0202024 -0.0232676 -0.0263777 -0.0294551 -0.0324018 -0.0350836 -0.0374034 -0.0392274 -0.0404937 -0.041095 -0.0409765 -0.0400838 -0.0384017 -0.0359468 -0.0327629 -0.0289052 -0.0244549 -0.0195348 -0.0142581 -0.00876201 -0.00313953 0.00247505 0.00798363 0.0132514 0.0181812 0.0227115 0.0267659 0.0303251 0.0333392 0.0358421 0.0378453 0.0394012 0.0405577 0.041343 0.0418559 0.0421614 0.0423618 0.0424785 
0 0.00356689 0.00700131 0.0101788 0.0129544 0.0152516 0.0169388 0.0179469 0.0182507 0.0178444 0.0167282 0.0148841 0.0123646 0.0092031 0.0054951 0.00135563 -0.00314124 -0.00791281 -0.0128652 -0.017859 -0.0227842 -0.0275376 -0.0320006 -0.0360936 -0.0397009 -0.0427222 -0.045088 -0.046741 -0.0476743 -0.0478751 -0.0473779 -0.0462123 -0.0444392 -0.0421592 -0.0394343 -0.036396 -0.0331626 -0.0298384 -0.026526 -0.0232981 -0.0202277 -0.0173559 -0.0147469 -0.0124306 -0.010415 -0.0087061 -0.0072821 -0.0061239 -0.00523313 -0.00458883 -0.00417 -0.00399364 -0.00403554 -0.00430108 -0.00479591 -0.0055279 -0.00651447 -0.00775081 -0.00919507 -0.010835 -0.012627 -0.0144994 -0.0163334 -0.018015 -0.0194306 -0.0203844 -0.0207295 -0.020328 -0.0190986 -0.017017 -0.0141059 -0.0104932 -0.00638575 -0.00196586 0.00243422 0.00654376 0.0101325 0.0129683 0.0149249 0.0159746 0.0161242 0.0155163 0.014325 0.0127751 0.011075 0.00937291 0.00780037 0.00643572 0.00529929 0.00441873 0.00376361 0.00326688 0.00290628 0.00263967 0.00242879 0.0022834 0.00219892 0.00214481 0.00214143 0.00216922 0.00220046 0.00225033 0.00231702 0.00237359 0.00244378 0.00250917 0.00255066 0.00259948 0.00267934 0.00280849 0.00306755 0.00350884 0.00417769 0.00514427 0.00641636 0.00796635 0.0097437 0.0116184 0.0134203 0.0149333 0.0159094 0.016172 0.0155424 0.0139704 0.0115061 0.00822743 0.0043471 0.000158499 -0.00411844 -0.00816754 -0.0117492 -0.0146757 -0.0168017 -0.0180734 -0.0185192 -0.018224 -0.0173497 -0.0159989 -0.0143293 -0.0125077 -0.0106537 -0.00885357 -0.00718029 -0.00570314 -0.00444579 -0.00341665 -0.00261518 -0.0020446 -0.00170474 -0.00160228 -0.00171542 -0.00205886 -0.00262936 -0.00342692 -0.0044797 -0.0058128 -0.0074291 -0.00935392 -0.0115724 -0.0140556 -0.0167979 -0.0197445 -0.0228533 -0.0260388 -0.0292151 -0.0322837 -0.0351358 -0.0376803 -0.0397734 -0.041334 -0.0422838 -0.0425438 -0.0420953 -0.0409073 -0.0389799 -0.0363258 -0.0329998 -0.0290832 -0.0246394 -0.01978 -0.0145994 -0.00920355 -0.0037091 0.00181602 0.00726604 0.0125579 0.0175956 0.0223108 0.0266567 0.0305664 0.0340428 0.0370408 0.0395801 0.041691 0.0433995 0.0447364 0.0457189 0.0464529 0.0469623 0.0472959 
0 0.0033491 0.00656483 0.00948365 0.0120102 0.0140379 0.0154749 0.0162189 0.0162691 0.0156467 0.0143334 0.0123646 0.00977127 0.00662172 0.00298368 -0.00101812 -0.00530654 -0.00982878 -0.0144832 -0.0191781 -0.0238306 -0.0283622 -0.032645 -0.0366041 -0.040147 -0.04321 -0.0457111 -0.0475931 -0.0488002 -0.0493074 -0.0491488 -0.0483109 -0.0468801 -0.0448759 -0.0423793 -0.0394821 -0.0363166 -0.0329976 -0.0295983 -0.0262488 -0.0230006 -0.0199223 -0.0170793 -0.0145098 -0.0122351 -0.010287 -0.00862764 -0.00728321 -0.00622015 -0.00543954 -0.00490965 -0.00463407 -0.00463086 -0.00486577 -0.00538559 -0.0061602 -0.007196 -0.00850486 -0.0100672 -0.0118306 -0.0137658 -0.0157602 -0.0177539 -0.0195804 -0.0210732 -0.0220732 -0.0224434 -0.0220172 -0.020693 -0.0184484 -0.0153149 -0.011424 -0.00698246 -0.00225669 0.00247106 0.00690934 0.0107874 0.0138595 0.016022 0.0171797 0.0173916 0.016788 0.0155565 0.0139066 0.0120882 0.0102559 0.00856987 0.00709017 0.00587773 0.00490968 0.00417312 0.00362372 0.00322499 0.00291693 0.00271016 0.00254936 0.00244181 0.00238253 0.00236375 0.00236431 0.00241176 0.00245807 0.00251707 0.00258149 0.00264315 0.00268994 0.00275784 0.00282016 0.0029266 0.00310455 0.00341296 0.00390635 0.00467423 0.00574259 0.00714494 0.00883453 0.0107586 0.012749 0.0146465 0.0162134 0.017207 0.0174064 0.016686 0.0149462 0.0122508 0.00871227 0.0045504 1.41906e-05 -0.0045829 -0.00893239 -0.0127722 -0.0159015 -0.0181698 -0.0195455 -0.020052 -0.0197509 -0.0187814 -0.0173244 -0.0155575 -0.0135903 -0.01159 -0.00964417 -0.00786291 -0.00628017 -0.00491388 -0.00380518 -0.0029836 -0.00240006 -0.00209415 -0.00202488 -0.00220989 -0.00265486 -0.00334442 -0.00431057 -0.0055549 -0.00711137 -0.00895947 -0.0111214 -0.0135818 -0.0162989 -0.0192313 -0.0223483 -0.0255535 -0.028802 -0.0319616 -0.0349343 -0.0376261 -0.0399189 -0.0417241 -0.0429396 -0.0435378 -0.0434292 -0.0426288 -0.0411452 -0.0389851 -0.036166 -0.0327491 -0.0288195 -0.024452 -0.0197381 -0.0147326 -0.00953232 -0.0042148 0.00112705 0.00644535 0.0116639 0.0167288 0.0215889 0.0261552 0.0304013 0.0342886 0.0378 0.040886 0.0435679 0.0458692 0.0477725 0.0493139 0.0505087 0.0513846 0.0519427 
0 0.00297836 0.00582207 0.00837982 0.0105238 0.0121969 0.0133004 0.0137643 0.0135793 0.0127495 0.011276 0.0092031 0.00662172 0.0035712 0.000105022 -0.00367125 -0.00768071 -0.0118633 -0.0161449 -0.0204559 -0.0247558 -0.0289774 -0.032996 -0.0367535 -0.0401899 -0.0432427 -0.0458421 -0.0479047 -0.0493798 -0.0502187 -0.0504222 -0.0499668 -0.048887 -0.0472262 -0.0450161 -0.0423572 -0.0393563 -0.0361041 -0.0326955 -0.029262 -0.0258945 -0.022651 -0.0196007 -0.0167909 -0.0142605 -0.0120509 -0.0101597 -0.00859562 -0.00735909 -0.00642285 -0.00575573 -0.00538491 -0.00531058 -0.00551657 -0.00602031 -0.00681075 -0.00790442 -0.00929722 -0.0109445 -0.0128255 -0.0148991 -0.0170578 -0.0191688 -0.0210895 -0.0226821 -0.0237473 -0.0241216 -0.0236449 -0.022221 -0.0198327 -0.0164989 -0.0123584 -0.00763551 -0.0025683 0.0024884 0.00722931 0.0113941 0.0147119 0.0170428 0.0183314 0.0186039 0.018012 0.0167462 0.0150354 0.0131196 0.0111763 0.00936738 0.00777957 0.00645193 0.00540052 0.00460419 0.00400446 0.00356787 0.00324101 0.00299241 0.00281188 0.00269723 0.00262241 0.00259654 0.0026 0.0026204 0.0026592 0.00271638 0.00277059 0.00283701 0.00290169 0.00296508 0.00304575 0.00317717 0.00338982 0.00376309 0.00435338 0.00521588 0.00639994 0.00791659 0.00972984 0.0117738 0.0138847 0.0158698 0.0174813 0.018462 0.0186172 0.0177715 0.0158567 0.0129409 0.00912569 0.00465699 -0.000159376 -0.0050522 -0.00967581 -0.0137552 -0.0170876 -0.0195151 -0.0209909 -0.021529 -0.02121 -0.0202063 -0.0186611 -0.016751 -0.0146505 -0.0125154 -0.0104494 -0.00854163 -0.00685401 -0.00541417 -0.00425812 -0.00340495 -0.00283155 -0.00254871 -0.00254283 -0.00280765 -0.00336203 -0.00420346 -0.00534654 -0.00681469 -0.00860573 -0.0106894 -0.0130813 -0.0157631 -0.0186812 -0.0217889 -0.0250115 -0.02827 -0.0314883 -0.0345549 -0.0373661 -0.0398157 -0.0418067 -0.04323 -0.0440519 -0.0442523 -0.0437684 -0.0426212 -0.0408352 -0.0384502 -0.0354974 -0.0320475 -0.0281774 -0.0239451 -0.0194296 -0.0146702 -0.00972681 -0.00467013 0.000447938 0.00557013 0.0106585 0.0156882 0.0206214 0.0253812 0.0299014 0.0341808 0.0381624 0.0417929 0.045056 0.0479446 0.0504429 0.0525321 0.0542301 0.0554838 0.0562998 
0 0.00245567 0.00479813 0.00686967 0.00854598 0.00977327 0.0104893 0.0106384 0.010211 0.00919965 0.00760202 0.0054951 0.00298368 0.000105022 -0.0031128 -0.00657699 -0.010216 -0.0139908 -0.0178424 -0.0217174 -0.0255908 -0.0294156 -0.0331009 -0.0366127 -0.0399017 -0.0429018 -0.0455358 -0.0477405 -0.04946 -0.0506276 -0.051206 -0.0511396 -0.0504573 -0.0491788 -0.0473281 -0.0449745 -0.0422084 -0.0391101 -0.0357681 -0.032331 -0.0288928 -0.0255196 -0.0222905 -0.0192684 -0.016506 -0.0140532 -0.0119095 -0.0101043 -0.00864632 -0.00752584 -0.00671445 -0.0062299 -0.00607582 -0.00622712 -0.0067094 -0.00751146 -0.00864524 -0.0101087 -0.0118563 -0.0138413 -0.0160209 -0.0182879 -0.020526 -0.0225707 -0.0242513 -0.0253712 -0.0257611 -0.0252435 -0.0237195 -0.0211782 -0.0176477 -0.0132677 -0.0082671 -0.00291579 0.00244276 0.00748743 0.0119259 0.015476 0.0179923 0.0194011 0.0197512 0.019194 0.0179195 0.0161512 0.0141434 0.0120889 0.010167 0.00847089 0.00705194 0.00591334 0.00504171 0.00438732 0.00391036 0.00355292 0.00329064 0.00309272 0.00295737 0.00286573 0.00281978 0.00280396 0.00282185 0.00285793 0.00291109 0.00296403 0.00302305 0.00308066 0.00315734 0.00325979 0.00342617 0.00369282 0.00413307 0.00480503 0.00577513 0.00707658 0.00871923 0.0106581 0.0128186 0.015022 0.0170698 0.0187067 0.0196712 0.0197491 0.0187797 0.016684 0.0135379 0.00947398 0.00474349 -0.000360457 -0.00553429 -0.010426 -0.0147416 -0.0182616 -0.0208218 -0.0223798 -0.022954 -0.0226183 -0.021547 -0.0199224 -0.0179278 -0.0157145 -0.0134453 -0.0112437 -0.00922724 -0.00745074 -0.00594012 -0.00474089 -0.00387553 -0.00331101 -0.00306756 -0.00313326 -0.00351669 -0.00422526 -0.00524146 -0.00658321 -0.00826915 -0.0102958 -0.0126179 -0.015235 -0.0181174 -0.0211993 -0.0244195 -0.0277008 -0.0309461 -0.0340774 -0.0369703 -0.0395285 -0.041663 -0.043276 -0.0442831 -0.0446672 -0.0444467 -0.0435787 -0.042092 -0.0400263 -0.0374363 -0.0343858 -0.0309556 -0.0272042 -0.0231613 -0.0188825 -0.0144065 -0.00978415 -0.00504737 -0.000213016 0.00468817 0.00961589 0.0145624 0.0195155 0.0244059 0.0291737 0.0337968 0.0382156 0.0423552 0.0461816 0.0496562 0.0527188 0.0553372 0.0575001 0.059141 0.0602298 
0 0.00178681 0.00348307 0.00494311 0.00606426 0.00679189 0.00708309 0.00688842 0.00621021 0.00505184 0.00340799 0.00135563 -0.00101812 -0.00367125 -0.00657699 -0.00965341 -0.0128543 -0.0161746 -0.0195613 -0.0229613 -0.026359 -0.0297406 -0.0330565 -0.0362843 -0.0393779 -0.0422725 -0.0448993 -0.047211 -0.0491382 -0.050595 -0.0515196 -0.0518448 -0.0515873 -0.0507308 -0.0492798 -0.0472773 -0.0448064 -0.0419409 -0.0387532 -0.0353874 -0.0319338 -0.0284741 -0.0251035 -0.0219036 -0.0189354 -0.0162492 -0.013853 -0.0117979 -0.0101076 -0.00878697 -0.00781459 -0.00720029 -0.00695235 -0.00703701 -0.00748239 -0.00828331 -0.00944791 -0.0109652 -0.0127891 -0.0148677 -0.017161 -0.019545 -0.0218929 -0.0240347 -0.0257892 -0.02696 -0.0273569 -0.0267971 -0.0251821 -0.0225004 -0.0187837 -0.0141742 -0.00890186 -0.00327183 0.00237065 0.00768835 0.0123769 0.0161539 0.0188622 0.0204127 0.0208611 0.0203494 0.0190732 0.0172595 0.0151718 0.0130196 0.0109931 0.00919193 0.00767841 0.00645442 0.00551077 0.00480341 0.00428365 0.00389096 0.00360332 0.00338434 0.00323098 0.00312857 0.00306814 0.00303545 0.00304001 0.00306299 0.00310449 0.00315438 0.00321168 0.00327369 0.00336674 0.00349358 0.0036953 0.00401726 0.00452947 0.00529344 0.0063755 0.00779669 0.00956484 0.0116282 0.0138987 0.016186 0.0182753 0.0199046 0.0208219 0.020807 0.0197106 0.017447 0.0140847 0.00977339 0.0047767 -0.00060752 -0.0060438 -0.0111814 -0.0157088 -0.0193985 -0.0220867 -0.0237267 -0.0243361 -0.0239976 -0.0228796 -0.0211801 -0.0190867 -0.0167596 -0.0143762 -0.0120644 -0.00995009 -0.00809107 -0.00652219 -0.00529255 -0.0044234 -0.00387987 -0.00368922 -0.00384144 -0.00435749 -0.0052349 -0.0064459 -0.00800185 -0.00991269 -0.0121697 -0.0147209 -0.0175463 -0.020599 -0.0237978 -0.0270675 -0.0303387 -0.0335076 -0.0364899 -0.0391422 -0.0413706 -0.0431141 -0.0442978 -0.0448695 -0.0448172 -0.0441728 -0.0429182 -0.0411047 -0.0387983 -0.0360603 -0.032961 -0.029582 -0.0259719 -0.0221464 -0.0181332 -0.0139633 -0.00968138 -0.00528724 -0.000762085 0.00389887 0.00865191 0.0134882 0.0184086 0.0233647 0.0283189 0.0332266 0.0380175 0.0425989 0.0469294 0.0509421 0.0545251 0.0576254 0.0602118 0.0622233 0.0635912 
0 0.00100209 0.00192262 0.00266915 0.00314908 0.0033421 0.00317426 0.00261569 0.00168476 0.000405542 -0.001211 -0.00314124 -0.00530654 -0.00768071 -0.010216 -0.0128543 -0.0155836 -0.0184107 -0.0212952 -0.0241851 -0.0270885 -0.0300184 -0.0329455 -0.0358453 -0.0386947 -0.0414328 -0.0440207 -0.0463859 -0.0484626 -0.0501556 -0.0513857 -0.0521064 -0.0522685 -0.0518631 -0.0508398 -0.0492457 -0.0471409 -0.0445704 -0.0416115 -0.0383729 -0.0349698 -0.0314856 -0.0280236 -0.0246781 -0.0215249 -0.0186108 -0.0159894 -0.0136923 -0.0117811 -0.0102438 -0.00907448 -0.00830476 -0.00792946 -0.00794282 -0.0083373 -0.00912045 -0.0102998 -0.0118569 -0.0137349 -0.0159103 -0.0183091 -0.0208216 -0.0232625 -0.0254783 -0.0272989 -0.0285068 -0.0288952 -0.0282961 -0.0265991 -0.023787 -0.019895 -0.0150692 -0.00956152 -0.00366166 0.00224423 0.00781663 0.0127552 0.0167669 0.0196517 0.0213593 0.021907 0.0214493 0.020182 0.0183459 0.0161901 0.0139605 0.0118361 0.00994536 0.00832897 0.00702003 0.00599976 0.00522935 0.00465887 0.0042432 0.00392051 0.00368791 0.00352178 0.00339893 0.00331752 0.00327669 0.00325321 0.0032688 0.00330303 0.00334039 0.00339108 0.00346582 0.00356371 0.00372868 0.00397851 0.00436323 0.00495402 0.00582178 0.00700666 0.00855101 0.0104357 0.0126214 0.0149858 0.0173492 0.0194677 0.021077 0.0219199 0.0218095 0.0205565 0.018114 0.0145442 0.00999662 0.0047409 -0.000885074 -0.00656966 -0.0119317 -0.0166516 -0.020493 -0.0233026 -0.0250311 -0.0256812 -0.025342 -0.0241966 -0.0224257 -0.0202195 -0.0177894 -0.0152957 -0.0128986 -0.0106959 -0.00876598 -0.00715083 -0.00590027 -0.00503309 -0.00454783 -0.00443179 -0.00470357 -0.00535805 -0.00640114 -0.00781751 -0.00959092 -0.011744 -0.0142262 -0.0169869 -0.0199858 -0.0231671 -0.0264397 -0.0297211 -0.0329117 -0.0359356 -0.0386733 -0.0410083 -0.0428472 -0.0441422 -0.0448709 -0.0449782 -0.0445013 -0.0434448 -0.0418304 -0.0397252 -0.0372224 -0.0344009 -0.0313041 -0.0279989 -0.024531 -0.0209276 -0.0172024 -0.0133619 -0.00941338 -0.00535204 -0.00112557 0.00327118 0.0078272 0.0125332 0.0173847 0.0223652 0.0274284 0.0325579 0.0376404 0.0425885 0.0473372 0.0517931 0.0558333 0.0593447 0.0623094 0.0646296 0.0662375 
0 0.000125587 0.000196651 0.000138959 -6.74754e-05 -0.000471271 -0.00111394 -0.00204088 -0.00321167 -0.00458068 -0.00615543 -0.00791281 -0.00982878 -0.0118633 -0.0139908 -0.0161746 -0.0184107 -0.0207126 -0.0230504 -0.0254074 -0.027814 -0.0302821 -0.0327945 -0.0353376 -0.0379035 -0.0404692 -0.0429597 -0.0453302 -0.0474945 -0.0493798 -0.0509005 -0.0519666 -0.0525434 -0.0525574 -0.0519948 -0.0508493 -0.0491572 -0.0469474 -0.0442673 -0.0412371 -0.0379591 -0.0345236 -0.0310322 -0.0275842 -0.0242679 -0.0211646 -0.0183152 -0.0158013 -0.0136479 -0.0118794 -0.0105074 -0.00955008 -0.00903734 -0.00894636 -0.00927946 -0.0100364 -0.011207 -0.0127832 -0.0147328 -0.0169789 -0.0194651 -0.022051 -0.0245967 -0.0269061 -0.0287675 -0.0299987 -0.0303901 -0.0297414 -0.0279588 -0.025019 -0.020973 -0.0159606 -0.0102188 -0.00410053 0.00205982 0.00790084 0.0130701 0.0172887 0.0203708 0.0222059 0.0228684 0.0224902 0.0212609 0.0194126 0.017217 0.0149082 0.012697 0.010703 0.00900199 0.00760133 0.00650135 0.00567065 0.00505415 0.00458894 0.00425375 0.00399784 0.00380775 0.00367511 0.00357483 0.00349964 0.00347403 0.0034698 0.00348744 0.00352513 0.00357118 0.00363929 0.00376975 0.0039637 0.00426458 0.00472339 0.00540328 0.00636734 0.00767814 0.00934183 0.0113511 0.013637 0.016089 0.0184978 0.0206208 0.0221968 0.0229787 0.0227321 0.0213354 0.0187049 0.0149017 0.0101311 0.00466284 -0.00120775 -0.0071001 -0.0126654 -0.0175682 -0.0215574 -0.0244799 -0.0262744 -0.0269706 -0.0266449 -0.0254436 -0.0236066 -0.0213425 -0.0188185 -0.0162303 -0.0137293 -0.0114635 -0.00948193 -0.00782738 -0.00656619 -0.00573031 -0.00530587 -0.00529921 -0.00569573 -0.00651927 -0.0077542 -0.00937527 -0.0113887 -0.0137654 -0.016466 -0.0194045 -0.0225299 -0.0257854 -0.0290805 -0.0323083 -0.0353731 -0.0381596 -0.0405806 -0.0425223 -0.0439241 -0.0447699 -0.0450143 -0.0446669 -0.0437388 -0.0422938 -0.0403609 -0.038015 -0.0353701 -0.0324926 -0.0294372 -0.0262324 -0.0229237 -0.0195506 -0.0161198 -0.0126095 -0.0089905 -0.0052234 -0.00128418 0.0028546 0.00719155 0.0117495 0.0165324 0.0214949 0.0266265 0.0318744 0.037169 0.0423829 0.0474348 0.0522252 0.056598 0.0604622 0.0637126 0.0662757 0.0680422 
