0 0 0 0 0 0 0 0 0 0 0 0 0 0 0 0 0 0 0 0 0 0 0 0 0 0 0 0 0 0 0 0 0 0 0 0 0 0 0 0 0 0 0 0 0 0 0 0 0 0 0 0 0 0 0 0 0 0 0 0 0 0 0 0 0 0 0 0 0 0 0 0 0 0 0 0 0 0 0 0 0 0 0 0 0 0 0 0 0 0 0 0 0 0 0 0 0 0 0 0 0 0 0 0 0 0 0 0 0 0 0 0 0 0 0 0 0 0 0 0 0 0 0 0 0 0 0 0 0 0 0 0 0 0 0 0 0 0 0 0 0 0 0 0 0 0 0 0 0 0 0 0 0 0 0 0 0 0 0 0 0 0 0 0 0 0 0 0 0 0 0 0 0 0 0 0 0 0 0 0 0 0 0 0 0 0 0 0 0 0 0 0 0 0 0 0 0 0 0 0 
0 0.000542569 0.00102421 0.00140262 0.00167046 0.00180704 0.00180213 0.00162219 0.00125135 0.000701545 1.07368e-05 -0.00076627 -0.00161219 -0.00248612 -0.00336264 -0.00419691 -0.0049435 -0.00556439 -0.00603341 -0.00636493 -0.00653055 -0.00653567 -0.00639301 -0.00613314 -0.00578099 -0.0053576 -0.0048935 -0.00438157 -0.00384872 -0.00332385 -0.00283864 -0.00240269 -0.00202066 -0.00168383 -0.00139063 -0.0011438 -0.000938829 -0.000777574 -0.000647642 -0.000540774 -0.000436785 -0.000358218 -0.000306101 -0.000269251 -0.000244229 -0.000221366 -0.000199361 -0.000184828 -0.000175934 -0.000175909 -0.000184238 -0.000188512 -0.000189244 -0.000184697 -0.000198948 -0.000218006 -0.000247306 -0.000293808 -0.000347909 -0.000419739 -0.000505187 -0.000606462 -0.000747399 -0.000906686 -0.00107061 -0.00124686 -0.00142173 -0.00159604 -0.00175201 -0.00187859 -0.00196072 -0.00197512 -0.0019087 -0.00175885 -0.00151379 -0.00118667 -0.000802784 -0.000386512 5.0592e-05 0.000477174 0.000863586 0.00118844 0.0014242 0.00156057 0.0016061 0.00156935 0.00146697 0.00131935 0.00115487 0.000992087 0.000834427 0.000698928 0.000579778 0.000474954 0.000406728 0.000363494 0.000333615 0.000326496 0.000313196 0.000294466 0.000288073 0.000277338 0.000268878 0.000272877 0.000268695 0.000273171 0.000297938 0.000336848 0.000403122 0.000501168 0.000624997 0.000783107 0.000971985 0.00117541 0.00136535 0.00151667 0.0016037 0.00160066 0.00150544 0.00131541 0.00102885 0.000671261 0.000268033 -0.000160987 -0.00058434 -0.000972772 -0.00129526 -0.00153971 -0.00169206 -0.00176007 -0.00176333 -0.00170465 -0.00158659 -0.00143079 -0.00125269 -0.00107298 -0.000884021 -0.00070807 -0.000562643 -0.000432831 -0.000321798 -0.000223972 -0.000137135 -7.96439e-05 -3.66462e-05 -2.18132e-06 1.93408e-05 4.63544e-05 6.68401e-05 8.65719e-05 0.000100403 0.000105111 9.9636e-05 9.63958e-05 0.000101638 0.000105005 9.27806e-05 6.87399e-05 3.30123e-05 -8.76296e-06 -5.50508e-05 -0.000127135 -0.000220279 -0.000346956 -0.000508501 -0.000700458 -0.00091592 -0.00117697 -0.00149597 -0.00187227 -0.00229573 -0.00275295 -0.00323204 -0.00371401 -0.00419697 -0.0046424 -0.00503495 -0.00533584 -0.00552686 -0.00560686 -0.00555711 -0.00535379 -0.00495663 -0.00438619 -0.00365594 -0.00280228 -0.00186476 -0.000860744 0.000194968 0.00127661 0.00231976 0.00329165 0.00416902 0.004937 0.00559522 0.00614833 0.00659519 0.00692621 0.00715879 0.00730712 
0 0.00102421 0.00194322 0.00269148 0.00320986 0.0034699 0.0034262 0.00305189 0.00232581 0.00125985 -6.98775e-05 -0.00160404 -0.00326497 -0.00499104 -0.00669896 -0.00831841 -0.00978743 -0.0110053 -0.0119522 -0.0125945 -0.0129228 -0.0129333 -0.012666 -0.0121861 -0.011493 -0.0106651 -0.00972958 -0.00872589 -0.00769268 -0.0066768 -0.0057326 -0.0048586 -0.00408842 -0.00341397 -0.00283348 -0.0023463 -0.00192985 -0.00157915 -0.00130714 -0.00107494 -0.000886248 -0.000734891 -0.000630326 -0.000552203 -0.000481115 -0.000444382 -0.000402689 -0.000385224 -0.000364898 -0.000346964 -0.000341901 -0.000347051 -0.000346462 -0.000362467 -0.000391549 -0.000436435 -0.000499779 -0.000578335 -0.00068733 -0.000831241 -0.00102228 -0.00123039 -0.0014845 -0.00178219 -0.00213247 -0.00248773 -0.002849 -0.00319606 -0.00353054 -0.00378766 -0.00392871 -0.00394343 -0.00381695 -0.00350355 -0.00303255 -0.00239907 -0.00162291 -0.000780622 9.59569e-05 0.000944519 0.00171 0.00235077 0.00281701 0.00309809 0.00321337 0.00313342 0.00293531 0.00264178 0.00229335 0.00195644 0.00165651 0.00136956 0.0011483 0.000960408 0.00082152 0.000731024 0.000680184 0.000629452 0.00059897 0.000567718 0.00055251 0.00054318 0.000556711 0.000546495 0.000541368 0.000546464 0.000573981 0.000645602 0.000797865 0.000981336 0.00124792 0.00157919 0.00194909 0.00234821 0.00273044 0.00300658 0.00317933 0.00318029 0.00299688 0.00261936 0.0020477 0.0013262 0.000512298 -0.00034687 -0.00116733 -0.00193398 -0.00259543 -0.00308109 -0.00340341 -0.00355556 -0.00354448 -0.00340468 -0.00317281 -0.00285335 -0.0024975 -0.00212419 -0.00177507 -0.0014401 -0.00113273 -0.000853519 -0.000637829 -0.000444003 -0.000284279 -0.000155463 -6.17836e-05 1.37609e-05 7.52924e-05 0.000117958 0.000147586 0.0001665 0.000185662 0.000204344 0.00020888 0.000201485 0.000215553 0.000199313 0.000181922 0.00013685 7.40347e-05 -6.02312e-06 -0.000126367 -0.00028474 -0.00048923 -0.000736363 -0.00105004 -0.0014348 -0.00187992 -0.0024124 -0.00305422 -0.00377898 -0.00460746 -0.00550331 -0.00645648 -0.00742187 -0.00835653 -0.00922984 -0.0099773 -0.0105784 -0.0109555 -0.0111014 -0.0109816 -0.0105383 -0.00975286 -0.0086283 -0.00721053 -0.00552776 -0.00366418 -0.00167598 0.000408364 0.00251718 0.00456524 0.00648099 0.00822943 0.0097655 0.0110774 0.0121836 0.0130762 0.0137519 0.0142311 0.0145444 
0 0.00140262 0.00269148 0.00374873 0.00449579 0.00482855 0.00471805 0.00412919 0.0030649 0.00154959 -0.000364627 -0.00257156 -0.00500279 -0.00750371 -0.00997344 -0.01231 -0.0144253 -0.0162207 -0.0175993 -0.0185621 -0.0190446 -0.019088 -0.0187432 -0.0180697 -0.0170964 -0.0158753 -0.0145156 -0.0130474 -0.0115526 -0.0100837 -0.00869004 -0.00738935 -0.00622284 -0.00520258 -0.00433313 -0.0035991 -0.00296304 -0.00242866 -0.00199124 -0.0016523 -0.00136121 -0.00114539 -0.000982352 -0.000841509 -0.000734119 -0.000659744 -0.000611574 -0.000585802 -0.000555665 -0.000527089 -0.000516702 -0.000514306 -0.000527423 -0.000543842 -0.000604036 -0.000663756 -0.000740405 -0.000865691 -0.00103147 -0.0012617 -0.00153605 -0.00184494 -0.00224411 -0.00269348 -0.00317503 -0.00371179 -0.00426402 -0.00481266 -0.00529457 -0.00566639 -0.00588724 -0.0059083 -0.00570146 -0.00525595 -0.00453872 -0.00357627 -0.0024325 -0.00118152 0.000130564 0.00140574 0.00255578 0.00351783 0.00422037 0.00463843 0.00479297 0.0046996 0.00440292 0.00395893 0.00345144 0.00294662 0.00247017 0.00206863 0.00173082 0.00144297 0.00124926 0.00111523 0.00101098 0.00095985 0.00090239 0.000846162 0.000835811 0.000826 0.000822531 0.000836805 0.00081926 0.000816603 0.00087051 0.000981028 0.00118814 0.00149755 0.00189061 0.00237661 0.00293798 0.00353039 0.00408019 0.00451601 0.00476919 0.00476289 0.00448023 0.00390864 0.00304736 0.00197173 0.000764792 -0.000507773 -0.00175587 -0.00290458 -0.00387262 -0.00461904 -0.00509865 -0.00531771 -0.00531694 -0.00511352 -0.00473416 -0.0042541 -0.00372958 -0.00321112 -0.00267147 -0.00215344 -0.00170101 -0.00129246 -0.000950818 -0.000663944 -0.000419933 -0.000247929 -0.000103756 2.38318e-05 0.000108957 0.000181552 0.000214695 0.000241898 0.000272836 0.000304557 0.000316631 0.000316118 0.000311974 0.000290611 0.000243576 0.000185096 9.76858e-05 -3.23025e-05 -0.000212586 -0.000475653 -0.000782609 -0.00115728 -0.00162689 -0.00221101 -0.00289953 -0.00372364 -0.00468366 -0.00576705 -0.00697268 -0.00829226 -0.00969515 -0.0111007 -0.0124674 -0.0137002 -0.0147832 -0.0156343 -0.0161777 -0.016363 -0.0161254 -0.0154342 -0.0142422 -0.0126141 -0.0105495 -0.00809478 -0.00535139 -0.00241421 0.000629898 0.00370568 0.00668166 0.00950008 0.0120934 0.0143889 0.0163577 0.0180116 0.0193611 0.0203902 0.0211386 0.0216315 
0 0.00167046 0.00320986 0.00449579 0.00537697 0.00574765 0.0055328 0.00473231 0.00335774 0.00143124 -0.000967722 -0.00376839 -0.00683557 -0.0100194 -0.0131513 -0.0161123 -0.0188082 -0.0210822 -0.0228754 -0.0241241 -0.0248062 -0.0249241 -0.0245365 -0.0237256 -0.0224902 -0.0209597 -0.0192177 -0.0173482 -0.0154242 -0.0135172 -0.0117058 -0.00999825 -0.00845911 -0.00709783 -0.00592071 -0.0049249 -0.00406937 -0.00334402 -0.00276711 -0.00228562 -0.00189496 -0.00158242 -0.00135163 -0.00116845 -0.00101102 -0.000918098 -0.000834158 -0.00079056 -0.000747029 -0.000711678 -0.000701723 -0.000710416 -0.000712887 -0.000740717 -0.000797279 -0.000883569 -0.00100509 -0.00116206 -0.00137806 -0.00166669 -0.00204245 -0.00246506 -0.00297847 -0.00357606 -0.00426219 -0.00496715 -0.00568275 -0.00637371 -0.00702464 -0.00752959 -0.00781568 -0.00785012 -0.00759613 -0.0069804 -0.00603905 -0.00477618 -0.00324163 -0.00156874 0.000171286 0.00186041 0.00338671 0.00466237 0.0055945 0.00615779 0.00638132 0.0062376 0.00584988 0.00527568 0.00459913 0.00393501 0.00333146 0.00276694 0.00231508 0.00193627 0.00165798 0.00147661 0.0013709 0.00128027 0.00121881 0.00115641 0.00111975 0.00109467 0.00110469 0.00108838 0.00108186 0.00110098 0.00117139 0.00132876 0.00162829 0.00200652 0.00253321 0.00318548 0.00392116 0.00470911 0.0054559 0.00600774 0.0063361 0.00632505 0.00594651 0.0051842 0.00404465 0.00261236 0.000995385 -0.000707413 -0.0023448 -0.00386334 -0.00516285 -0.00612637 -0.0067612 -0.00706108 -0.0070468 -0.00677699 -0.0063145 -0.00568712 -0.00498328 -0.00424638 -0.00354186 -0.00286898 -0.00225624 -0.00170806 -0.00127266 -0.000890124 -0.000572874 -0.000321212 -0.00013514 1.45309e-05 0.000135726 0.000225442 0.000287594 0.000327802 0.000365824 0.000400759 0.000409771 0.000395465 0.00040107 0.000357165 0.000303281 0.000205871 7.18597e-05 -0.000105829 -0.00036434 -0.000702576 -0.00112595 -0.0016366 -0.00228093 -0.00307466 -0.00400354 -0.00510398 -0.00639469 -0.00782847 -0.00942554 -0.0111351 -0.012934 -0.0147378 -0.0164617 -0.0180411 -0.0193833 -0.0204423 -0.0210797 -0.021247 -0.0208771 -0.0199061 -0.018343 -0.0162166 -0.0135691 -0.0104117 -0.00687165 -0.00308188 0.000855571 0.00480578 0.00864823 0.0122957 0.0156878 0.0187208 0.0213384 0.0235532 0.0253604 0.0267636 0.0277926 0.0284804 
0 0.00180704 0.0034699 0.00482855 0.00574765 0.00607579 0.00575568 0.00475752 0.00310059 0.000828245 -0.00199029 -0.00523745 -0.00881532 -0.0125275 -0.0162096 -0.0197 -0.0228583 -0.0255477 -0.0276654 -0.0292049 -0.0300874 -0.0303205 -0.0299406 -0.0290182 -0.0276124 -0.0258299 -0.0238112 -0.0216052 -0.0193108 -0.0170196 -0.0148219 -0.0127515 -0.0108569 -0.00915103 -0.00765316 -0.00636972 -0.00527322 -0.00436133 -0.00361186 -0.00300094 -0.00247437 -0.00206529 -0.00175862 -0.00151312 -0.00132282 -0.00118095 -0.00106972 -0.000993995 -0.000932844 -0.000895517 -0.000891917 -0.000895577 -0.000904002 -0.000919544 -0.000997486 -0.00110299 -0.00125023 -0.00146336 -0.00173752 -0.00210164 -0.00254894 -0.00307429 -0.00373763 -0.00449426 -0.00531272 -0.00619432 -0.00709147 -0.00797171 -0.00875972 -0.009379 -0.00975099 -0.00979883 -0.00946495 -0.00871562 -0.0075249 -0.00593736 -0.00404971 -0.00198267 0.000177393 0.00228182 0.00418984 0.00578586 0.00695679 0.00766058 0.00792338 0.007772 0.00729211 0.00657848 0.0057566 0.00493331 0.00415849 0.00348208 0.00290911 0.00242914 0.00209201 0.00186487 0.00170773 0.00161937 0.00153337 0.00144777 0.00140857 0.00137637 0.0013612 0.00136689 0.00135447 0.00137583 0.00148258 0.00168848 0.00204304 0.00254804 0.00319857 0.00400076 0.00492394 0.00589808 0.00680252 0.0075047 0.00789719 0.00786517 0.00737542 0.00641417 0.00499384 0.00321979 0.00122181 -0.000883959 -0.0029463 -0.00484061 -0.00643487 -0.00764727 -0.00842666 -0.00878733 -0.00878458 -0.00846065 -0.00786233 -0.00708352 -0.00621272 -0.00532572 -0.00442496 -0.00357073 -0.00282021 -0.00215661 -0.0015977 -0.00111548 -0.000704219 -0.000401066 -0.000167546 2.07422e-05 0.000155935 0.000276382 0.000355331 0.000417721 0.000467362 0.000499856 0.00049922 0.000484365 0.000472263 0.000431211 0.000342885 0.000209243 1.88162e-05 -0.000232489 -0.000556305 -0.000995841 -0.00153333 -0.00220846 -0.00305234 -0.00407225 -0.00525015 -0.00663147 -0.008232 -0.010023 -0.011974 -0.0140381 -0.0161692 -0.0182827 -0.0203209 -0.0221591 -0.0237266 -0.0248979 -0.0255603 -0.0256531 -0.0251064 -0.023879 -0.0219347 -0.019353 -0.0161493 -0.0123756 -0.00815657 -0.0036278 0.00107506 0.00581704 0.0104253 0.0148234 0.0189328 0.0226502 0.025906 0.0286818 0.0309732 0.0327649 0.0341 0.0349966 
0 0.00180213 0.0034262 0.00471805 0.0055328 0.00575568 0.00529862 0.00412418 0.00223113 -0.000332944 -0.00346036 -0.00704579 -0.0109633 -0.0150549 -0.0191302 -0.0230102 -0.026535 -0.0295392 -0.0319552 -0.0337376 -0.0348292 -0.0351959 -0.034868 -0.0339239 -0.0324136 -0.0304793 -0.0282376 -0.0257724 -0.0231803 -0.0205692 -0.0180424 -0.0156332 -0.0133989 -0.0113633 -0.00955165 -0.00798238 -0.00663258 -0.00549289 -0.00455941 -0.00378138 -0.00313551 -0.00261914 -0.00222496 -0.00191097 -0.00165578 -0.00147599 -0.00133124 -0.00123177 -0.00114827 -0.00108743 -0.00106376 -0.00106453 -0.0010706 -0.00110738 -0.0011951 -0.00132777 -0.00151154 -0.00175688 -0.00208599 -0.00252199 -0.0030707 -0.00370817 -0.00447589 -0.00536607 -0.00636694 -0.0074229 -0.00850011 -0.00954643 -0.0104999 -0.0112394 -0.0116647 -0.011711 -0.0113171 -0.0104117 -0.00900719 -0.00713169 -0.00487441 -0.00239572 0.000180882 0.00268803 0.00495898 0.00685617 0.00825681 0.00911662 0.00945698 0.00928579 0.00872698 0.00788603 0.00689736 0.00590759 0.00499351 0.00417333 0.00349826 0.00294576 0.00253819 0.00226037 0.00207644 0.00193612 0.00182627 0.00173042 0.00167548 0.00164604 0.0016484 0.00163869 0.001631 0.00166127 0.00177852 0.00203199 0.00247657 0.00307936 0.0038768 0.00484871 0.00594291 0.00709046 0.00815594 0.00896057 0.00940729 0.00936155 0.00877167 0.00761708 0.00592005 0.00379739 0.00140206 -0.00111012 -0.00354816 -0.00579251 -0.00770064 -0.0091404 -0.0100835 -0.0105278 -0.0105121 -0.0101093 -0.00940308 -0.00847354 -0.00743304 -0.00635574 -0.00530224 -0.00429946 -0.00338793 -0.00258094 -0.00191253 -0.00133762 -0.000856518 -0.000478664 -0.000192076 3.40622e-05 0.000210185 0.000344642 0.000435674 0.00049563 0.00054501 0.000581975 0.000585501 0.000562922 0.000540638 0.000466822 0.000351788 0.000171776 -7.58539e-05 -0.000398866 -0.000828771 -0.00138161 -0.00206709 -0.00290896 -0.00395247 -0.00520447 -0.00664608 -0.00831318 -0.0102212 -0.0123237 -0.0145943 -0.0169609 -0.0193736 -0.0217495 -0.0240049 -0.0260359 -0.0277163 -0.0289317 -0.0295411 -0.0294975 -0.0287501 -0.0272393 -0.0249538 -0.0219371 -0.0182472 -0.013941 -0.00915795 -0.00403481 0.00131056 0.00671409 0.0120029 0.0170606 0.0218106 0.0261496 0.0300021 0.033338 0.0361172 0.03832 0.0399659 0.0410743 
0 0.00162219 0.00305189 0.00412919 0.00473231 0.00475752 0.00412418 0.00277451 0.000694254 -0.00206784 -0.00540565 -0.00919727 -0.0133213 -0.0176187 -0.0219117 -0.0260233 -0.0297866 -0.0330435 -0.0356984 -0.0376953 -0.0389641 -0.0394773 -0.0392638 -0.0383806 -0.0368766 -0.0348682 -0.0324885 -0.0298402 -0.0270341 -0.0241772 -0.0213609 -0.0186356 -0.0160713 -0.0137169 -0.0116076 -0.00975496 -0.00814017 -0.00676153 -0.00561682 -0.00467344 -0.00389361 -0.00326619 -0.00276729 -0.002358 -0.00202924 -0.00178997 -0.00161335 -0.00148652 -0.00138137 -0.00130153 -0.00126275 -0.00125557 -0.00126959 -0.00131725 -0.00141977 -0.00156652 -0.00176918 -0.00205265 -0.00244038 -0.00295312 -0.00358956 -0.00433974 -0.00523636 -0.0062678 -0.00741298 -0.00863743 -0.00989277 -0.0111119 -0.012204 -0.0130506 -0.0135429 -0.0135963 -0.0131344 -0.0120932 -0.010463 -0.00828964 -0.00568598 -0.00281626 0.000168427 0.0030757 0.00571329 0.00791528 0.00954684 0.0105535 0.0109522 0.0107782 0.0101463 0.00918728 0.00805927 0.00691544 0.00584807 0.0049027 0.00411149 0.00346922 0.00299491 0.00266704 0.0024437 0.00228343 0.00215147 0.0020388 0.0019693 0.00193011 0.00191891 0.0019125 0.00190994 0.00195541 0.00210855 0.00242029 0.00293906 0.00365836 0.00458826 0.005712 0.00697708 0.00829181 0.00950251 0.0104257 0.0109201 0.0108463 0.0101396 0.00878117 0.00680714 0.00434669 0.0015752 -0.00132583 -0.00415337 -0.00674466 -0.00893803 -0.010606 -0.0116966 -0.012213 -0.0122024 -0.0117396 -0.0109141 -0.00983951 -0.00864075 -0.00740478 -0.00617894 -0.0050096 -0.00394694 -0.00301146 -0.00222434 -0.00155799 -0.00100685 -0.000576429 -0.00024123 2.83792e-05 0.0002381 0.000396495 0.000498303 0.000564868 0.000618776 0.000659405 0.000664276 0.000633554 0.000576548 0.000464634 0.000298793 7.02188e-05 -0.000234726 -0.000638345 -0.00117451 -0.00186507 -0.00270744 -0.0037287 -0.00497498 -0.00646517 -0.00818839 -0.0101581 -0.0123622 -0.0147498 -0.0172828 -0.0199033 -0.022547 -0.0251151 -0.0275061 -0.0296033 -0.0312949 -0.0324549 -0.0329536 -0.0327294 -0.0317371 -0.0299358 -0.0273162 -0.0239279 -0.0198238 -0.0150829 -0.00984637 -0.00425067 0.00158778 0.00751989 0.0133673 0.0189988 0.0243125 0.0292039 0.0335994 0.0374554 0.0407151 0.0433278 0.0452893 0.0466051 
0 0.00125135 0.00232581 0.0030649 0.00335774 0.00310059 0.00223113 0.000694254 -0.00152463 -0.00438896 -0.00782116 -0.0116947 -0.0158872 -0.02023 -0.0245688 -0.0287531 -0.0326287 -0.0360502 -0.0388809 -0.041048 -0.0424731 -0.0431448 -0.0430887 -0.0423316 -0.0409197 -0.0389332 -0.036516 -0.0337782 -0.0308375 -0.0277992 -0.0247476 -0.0217587 -0.0189072 -0.01626 -0.0138584 -0.0117154 -0.00982802 -0.0082047 -0.00683632 -0.00570374 -0.00475834 -0.00399237 -0.00337492 -0.00286967 -0.00246823 -0.00215702 -0.00192806 -0.00175368 -0.00161953 -0.00152473 -0.00147635 -0.00145963 -0.00147228 -0.00151875 -0.00163029 -0.00179878 -0.00203396 -0.00236292 -0.00280371 -0.00338266 -0.00409829 -0.00496002 -0.00598939 -0.00717403 -0.00847437 -0.00986459 -0.011279 -0.0126534 -0.0138783 -0.0148362 -0.0154026 -0.0154673 -0.0149369 -0.0137583 -0.011905 -0.00944188 -0.00650241 -0.00325096 0.000128539 0.00342451 0.00642172 0.00892631 0.0107913 0.0119503 0.0124084 0.0122337 0.0115332 0.0104671 0.00921437 0.00793074 0.00671736 0.00564692 0.00473255 0.00399431 0.00344781 0.00307012 0.00281122 0.00263658 0.00248612 0.00235759 0.00226709 0.00221006 0.00217665 0.00217076 0.00217854 0.00225171 0.00245322 0.00283301 0.0034265 0.00425792 0.00531274 0.00658348 0.00801596 0.00949434 0.0108425 0.0118725 0.0123975 0.0122832 0.0114522 0.00988917 0.0076447 0.00485582 0.00171524 -0.00156489 -0.0047733 -0.00770321 -0.0101732 -0.0120587 -0.0132845 -0.0138635 -0.0138565 -0.0133435 -0.0124187 -0.0112133 -0.00985059 -0.0084414 -0.00703592 -0.00570462 -0.00449936 -0.0034454 -0.00254527 -0.00178712 -0.00115543 -0.000661239 -0.000275715 2.7369e-05 0.000260283 0.000440698 0.000562009 0.000645133 0.000703325 0.000733728 0.000721539 0.000671869 0.00057898 0.000434924 0.000214335 -8.06149e-05 -0.000469311 -0.000976236 -0.00163065 -0.00246694 -0.0034824 -0.00470883 -0.00618135 -0.00791793 -0.00991365 -0.0121642 -0.0146358 -0.0172774 -0.0200296 -0.0228462 -0.0256474 -0.028323 -0.0307555 -0.032815 -0.0344122 -0.0354215 -0.0357406 -0.0352905 -0.0340241 -0.0319217 -0.028985 -0.0252783 -0.0208452 -0.0157741 -0.010195 -0.00424606 0.00194836 0.00826158 0.0145311 0.0206265 0.0264192 0.0317933 0.0366677 0.0409866 0.0446859 0.0476883 0.0499593 0.0514819 
0 0.000701545 0.00125985 0.00154959 0.00143124 0.000828245 -0.000332944 -0.00206784 -0.00438896 -0.0072843 -0.0106888 -0.0145234 -0.0186308 -0.0228819 -0.0271246 -0.0312444 -0.0351129 -0.0385709 -0.041504 -0.0437825 -0.0453635 -0.0462054 -0.0463239 -0.0457388 -0.0444766 -0.0426271 -0.0402781 -0.0375545 -0.0345552 -0.0313979 -0.0281834 -0.0250004 -0.0219189 -0.0190098 -0.0163174 -0.0138786 -0.0117166 -0.00983472 -0.00823808 -0.00687534 -0.00574364 -0.00480839 -0.00405794 -0.00345865 -0.00296976 -0.00258481 -0.00228225 -0.00204946 -0.00187875 -0.00176141 -0.00169277 -0.00166628 -0.00166244 -0.00171799 -0.00182873 -0.0020264 -0.00230843 -0.00267969 -0.0031782 -0.00381943 -0.00462152 -0.00559517 -0.00673588 -0.00805832 -0.00953386 -0.0110814 -0.0126586 -0.0141816 -0.0155546 -0.0166233 -0.0172461 -0.0173116 -0.0167209 -0.0153876 -0.0133281 -0.0105967 -0.0073221 -0.00369675 6.03149e-05 0.00373157 0.00707463 0.00987258 0.0119702 0.0132921 0.0138354 0.0136614 0.012907 0.0117447 0.0103573 0.00892863 0.00758689 0.00637817 0.00535949 0.00454686 0.00392514 0.00349139 0.00320287 0.00297614 0.00280295 0.00266401 0.00254949 0.00248477 0.00245879 0.00243681 0.00246118 0.00256241 0.002795 0.0032395 0.00393009 0.00486427 0.00606337 0.00749299 0.00907956 0.0107041 0.012179 0.01328 0.0138221 0.0136606 0.0127046 0.0109384 0.00842926 0.00532226 0.00181865 -0.00183551 -0.00539615 -0.00864994 -0.0114059 -0.0134927 -0.014861 -0.0155117 -0.0154961 -0.014917 -0.0139018 -0.0125653 -0.011048 -0.00945116 -0.00789151 -0.00641632 -0.00506406 -0.00388279 -0.00287364 -0.00201674 -0.00130846 -0.00073284 -0.000295204 3.48384e-05 0.000297536 0.000485062 0.000628237 0.000720851 0.000778522 0.000793768 0.000758401 0.000677839 0.000557397 0.00036921 9.96726e-05 -0.000283325 -0.000782267 -0.00141309 -0.00221614 -0.00320141 -0.00441576 -0.00586982 -0.00759572 -0.00958949 -0.0118404 -0.0143312 -0.0170317 -0.0198827 -0.0228185 -0.0257631 -0.0286288 -0.0313137 -0.0336792 -0.0356284 -0.0370326 -0.0378114 -0.0378673 -0.0371376 -0.0355866 -0.0331796 -0.0299634 -0.0259714 -0.0212889 -0.015986 -0.0101789 -0.00400161 0.00243221 0.00898385 0.0155418 0.0219639 0.0281272 0.0338992 0.0391764 0.0438909 0.0479583 0.0513086 0.0538667 0.0555968 
0 1.07368e-05 -6.98775e-05 -0.000364627 -0.000967722 -0.00199029 -0.00346036 -0.00540565 -0.00782116 -0.0106888 -0.0139931 -0.0176393 -0.0215433 -0.0255648 -0.0296059 -0.0335544 -0.0372746 -0.0406669 -0.0435823 -0.0459432 -0.0476531 -0.0486743 -0.0489908 -0.048597 -0.0475669 -0.0459212 -0.0437476 -0.0411197 -0.0381449 -0.0349496 -0.0316353 -0.028316 -0.0250486 -0.0219065 -0.0189572 -0.0162409 -0.0138031 -0.0116653 -0.00980276 -0.0082201 -0.0068757 -0.00576965 -0.00486454 -0.00412942 -0.00354361 -0.00305751 -0.00269007 -0.00239706 -0.00218001 -0.00202778 -0.00193205 -0.00187804 -0.00188329 -0.00193727 -0.00206715 -0.00227489 -0.0025712 -0.00299191 -0.0035533 -0.00427347 -0.00515325 -0.00623095 -0.00750333 -0.00896075 -0.010551 -0.0122698 -0.0140215 -0.0157167 -0.0172048 -0.0183632 -0.0190479 -0.0191126 -0.0184408 -0.0169972 -0.0147252 -0.0117169 -0.0081386 -0.00415697 -2.19492e-05 0.0040113 0.00769087 0.0107758 0.0131035 0.0145867 0.0152067 0.0150717 0.0142728 0.0130147 0.0115145 0.00994535 0.00844602 0.00713822 0.00601141 0.0051134 0.00443603 0.00394594 0.00358756 0.00334158 0.00313012 0.00296518 0.002847 0.00277853 0.0027294 0.00273353 0.00276366 0.00288156 0.00316596 0.00367797 0.00444025 0.0055202 0.00685703 0.00843285 0.0101769 0.0119301 0.0134909 0.0146705 0.0152175 0.0149996 0.01391 0.0119377 0.00916351 0.00573736 0.00189267 -0.00210448 -0.00602697 -0.00959099 -0.0125863 -0.0148942 -0.0163963 -0.0171099 -0.0171065 -0.0164768 -0.0153393 -0.0138671 -0.0122 -0.010479 -0.00875142 -0.00711571 -0.00562754 -0.00432513 -0.00318822 -0.00223806 -0.00145364 -0.000833989 -0.000343287 3.65059e-05 0.0003226 0.000535555 0.000678429 0.00077638 0.000827185 0.000826393 0.000771641 0.000666639 0.000484492 0.000246689 -0.000110503 -0.000580558 -0.00119133 -0.00196752 -0.00292083 -0.00409854 -0.0055155 -0.00721233 -0.00918904 -0.0114333 -0.013931 -0.0166427 -0.0195281 -0.0225488 -0.0255987 -0.0286068 -0.0314526 -0.0340361 -0.0362542 -0.0379809 -0.039135 -0.0395917 -0.0393227 -0.0382691 -0.0364051 -0.0337334 -0.0302547 -0.0260464 -0.0211656 -0.0157251 -0.00980407 -0.0035043 0.003043 0.00973694 0.0164479 0.0230741 0.0294791 0.035542 0.0411419 0.0461599 0.0505214 0.0541345 0.0569334 0.0588384 
0 -0.00076627 -0.00160404 -0.00257156 -0.00376839 -0.00523745 -0.00704579 -0.00919727 -0.0116947 -0.0145234 -0.0176393 -0.021027 -0.0245956 -0.028301 -0.0320357 -0.0356991 -0.039181 -0.0423762 -0.0452181 -0.0475722 -0.0493871 -0.0505722 -0.0510965 -0.0509551 -0.0501816 -0.0488115 -0.0468565 -0.0444125 -0.0415592 -0.0384122 -0.0350723 -0.0316616 -0.0282481 -0.0249302 -0.0217682 -0.0188136 -0.0161175 -0.0136953 -0.011578 -0.00973641 -0.00819357 -0.00688769 -0.00579921 -0.00491258 -0.00418803 -0.00360724 -0.00315671 -0.00279876 -0.00252703 -0.00232391 -0.00218334 -0.00211802 -0.00210971 -0.00218567 -0.00230729 -0.00253139 -0.00286028 -0.0033063 -0.00391958 -0.0047096 -0.00568891 -0.00687966 -0.00824979 -0.00983533 -0.0116101 -0.0134751 -0.0153728 -0.017196 -0.0188217 -0.0200743 -0.0207995 -0.0208589 -0.0201405 -0.0185512 -0.0161051 -0.0128599 -0.00896045 -0.00461968 -0.000130112 0.00425911 0.00826065 0.0116213 0.0141741 0.015823 0.0165405 0.0164174 0.0155915 0.0142713 0.0126635 0.0109735 0.00936348 0.00790794 0.00667254 0.00569456 0.00493179 0.00438395 0.00400523 0.00370227 0.00347403 0.0033009 0.00314863 0.00306134 0.00301874 0.00299628 0.00305449 0.00322299 0.00355597 0.0041492 0.00502473 0.00619671 0.00767007 0.00939316 0.0112683 0.0131444 0.0148099 0.0160279 0.0165672 0.0162827 0.0150581 0.0128782 0.00983884 0.00610766 0.00191427 -0.0024327 -0.00666062 -0.0105057 -0.0137619 -0.0162428 -0.0178834 -0.0186738 -0.0186664 -0.0179752 -0.0167666 -0.0151791 -0.0133668 -0.0114513 -0.00958515 -0.00781858 -0.00618102 -0.00474064 -0.00349722 -0.00246283 -0.00162376 -0.000932241 -0.000392685 2.07379e-05 0.000353927 0.000574946 0.000734795 0.000820188 0.000854265 0.000834492 0.000757848 0.000609902 0.00037182 3.72658e-05 -0.00040666 -0.000989446 -0.00172163 -0.00263993 -0.00378951 -0.0051649 -0.00682534 -0.00875474 -0.0109655 -0.0134385 -0.01616 -0.0190709 -0.0221126 -0.0252287 -0.0283247 -0.0313072 -0.0340547 -0.0364692 -0.0384255 -0.0398614 -0.0406544 -0.040751 -0.0401079 -0.0386964 -0.0365198 -0.0335683 -0.0298958 -0.0255082 -0.0205175 -0.0150099 -0.00906133 -0.00275451 0.0038198 0.0105331 0.0173056 0.0240023 0.0305211 0.0367481 0.0425477 0.0477839 0.0523355 0.0561368 0.0590887 0.0611129 
0 -0.00161219 -0.00326497 -0.00500279 -0.00683557 -0.00881532 -0.0109633 -0.0133213 -0.0158872 -0.0186308 -0.0215433 -0.0245956 -0.027791 -0.0310836 -0.0344231 -0.0377148 -0.0408578 -0.0438118 -0.0464771 -0.0487733 -0.0506125 -0.0519346 -0.0526807 -0.0527993 -0.0523298 -0.0512449 -0.049577 -0.0473909 -0.0447564 -0.0417549 -0.0384661 -0.0350319 -0.0315378 -0.0280846 -0.0247532 -0.0215819 -0.0186348 -0.0159538 -0.0135518 -0.011463 -0.00967103 -0.00815078 -0.00686294 -0.00580032 -0.00494228 -0.00423163 -0.00368078 -0.00323734 -0.00289953 -0.00265188 -0.00247942 -0.00237522 -0.00235983 -0.00241761 -0.00255206 -0.00278959 -0.00314293 -0.00364414 -0.00431554 -0.00516742 -0.00621722 -0.00751431 -0.00903187 -0.0107584 -0.0126411 -0.0146607 -0.0167112 -0.0186803 -0.0204074 -0.0217494 -0.0225419 -0.0226048 -0.0218035 -0.0201 -0.0174451 -0.0139432 -0.00977533 -0.00512264 -0.000287701 0.00443785 0.00876596 0.0124141 0.0151966 0.0170038 0.0178041 0.0177257 0.01688 0.0154986 0.0138156 0.0120171 0.0102697 0.00871399 0.00736205 0.00627954 0.0054486 0.00483945 0.0043978 0.00408815 0.0038343 0.00363398 0.00346934 0.00335735 0.00327793 0.00327957 0.00335948 0.00357155 0.0039856 0.0046618 0.00561544 0.00692042 0.00851604 0.0103667 0.0123796 0.0143653 0.0160986 0.0173649 0.0178825 0.0175082 0.0161221 0.0137263 0.010434 0.00641068 0.00191716 -0.00274049 -0.00730605 -0.0114449 -0.0149204 -0.0175974 -0.0193465 -0.020184 -0.0201877 -0.0194637 -0.0181597 -0.016456 -0.0145065 -0.0124692 -0.0104276 -0.00849445 -0.00673179 -0.00518575 -0.00383023 -0.00269803 -0.00177224 -0.00102833 -0.00043687 1.77035e-05 0.000361464 0.000603555 0.000764203 0.000859491 0.000879936 0.000827335 0.000708905 0.000510463 0.000191718 -0.000220634 -0.000780702 -0.00148399 -0.00236422 -0.00346754 -0.00481053 -0.00642369 -0.00831935 -0.0105017 -0.0129426 -0.0156249 -0.0185404 -0.0216076 -0.0247488 -0.0279019 -0.0309491 -0.033819 -0.0363818 -0.0385337 -0.0401712 -0.0412095 -0.0415988 -0.041273 -0.0402457 -0.0384717 -0.0359545 -0.0327465 -0.0288768 -0.0243924 -0.0193457 -0.0138454 -0.00794183 -0.00169862 0.00477908 0.011419 0.0181193 0.0247794 0.0312746 0.0375159 0.0433808 0.0487009 0.0533624 0.0572524 0.0602848 0.0623572 
0 -0.00248612 -0.00499104 -0.00750371 -0.0100194 -0.0125275 -0.0150549 -0.0176187 -0.02023 -0.0228819 -0.0255648 -0.028301 -0.0310836 -0.0339244 -0.0367901 -0.0396317 -0.0423931 -0.0450275 -0.0474731 -0.049624 -0.0514432 -0.0528621 -0.0538016 -0.0541851 -0.0540065 -0.0532464 -0.0518983 -0.0500261 -0.0476673 -0.0448769 -0.0417289 -0.0383654 -0.0348661 -0.0313393 -0.0278657 -0.0245121 -0.0213548 -0.018428 -0.01577 -0.0133951 -0.011343 -0.00957477 -0.00807352 -0.00683668 -0.00581922 -0.00497217 -0.00429316 -0.00374737 -0.00333427 -0.00302807 -0.0028032 -0.00266391 -0.00261031 -0.00266022 -0.00278853 -0.00305265 -0.00345195 -0.00399222 -0.00471108 -0.00562735 -0.00676575 -0.00816399 -0.00978251 -0.0116357 -0.0136852 -0.0158448 -0.0180305 -0.0201258 -0.0219803 -0.0234098 -0.0242398 -0.0242895 -0.02343 -0.0215893 -0.0187684 -0.0150466 -0.0105896 -0.00561724 -0.000464672 0.0045793 0.00919875 0.0131089 0.0161192 0.018107 0.0190278 0.0189954 0.0181493 0.0167239 0.01495 0.0130418 0.0111848 0.0095014 0.00805573 0.00690062 0.00599422 0.005321 0.00483145 0.00445436 0.00416645 0.0039501 0.00376753 0.00365218 0.00358736 0.00358312 0.00368929 0.00394674 0.00441273 0.00517056 0.00624004 0.00765711 0.00939503 0.0113892 0.0135176 0.015591 0.017378 0.0186395 0.0191108 0.0186428 0.0171129 0.0145171 0.0109754 0.00667222 0.00186308 -0.00311191 -0.0079573 -0.0123522 -0.0160609 -0.0189005 -0.0207745 -0.0216765 -0.0216754 -0.0208941 -0.0195205 -0.0177158 -0.0156338 -0.0134236 -0.0112453 -0.00918667 -0.00729265 -0.00562029 -0.00415975 -0.00293777 -0.00193534 -0.00110919 -0.000463188 1.74199e-05 0.00038027 0.000618029 0.000786526 0.000871785 0.000870213 0.000777478 0.000603942 0.000335576 -5.64943e-05 -0.000567936 -0.0012357 -0.00209013 -0.00315525 -0.00446787 -0.00604456 -0.00787848 -0.010018 -0.0124359 -0.0151021 -0.0179751 -0.0210318 -0.0241876 -0.0273591 -0.0304746 -0.0334134 -0.0360853 -0.0383713 -0.0401823 -0.0414183 -0.0420313 -0.0419581 -0.0411938 -0.0397542 -0.0376109 -0.0347766 -0.0313101 -0.0272935 -0.022739 -0.0177127 -0.0122764 -0.00647264 -0.000369014 0.00594476 0.0123928 0.0189273 0.0254321 0.0317924 0.0379144 0.043685 0.0489569 0.0535927 0.0574786 0.0604898 0.0625405 
0 -0.00336264 -0.00669896 -0.00997344 -0.0131513 -0.0162096 -0.0191302 -0.0219117 -0.0245688 -0.0271246 -0.0296059 -0.0320357 -0.0344231 -0.0367901 -0.0391545 -0.0415126 -0.0438399 -0.0461099 -0.0482652 -0.0502311 -0.0519777 -0.0534429 -0.0545259 -0.0551353 -0.0552536 -0.0548357 -0.0538458 -0.0523161 -0.0502714 -0.0477526 -0.0448246 -0.0416082 -0.0381736 -0.0346198 -0.0310526 -0.0275587 -0.0242249 -0.0210891 -0.0181849 -0.0155514 -0.0132343 -0.0112144 -0.00947709 -0.00802665 -0.00682364 -0.00581582 -0.00499869 -0.00434173 -0.00383574 -0.00345569 -0.00317413 -0.00299206 -0.00291882 -0.0029546 -0.00307964 -0.00334249 -0.0037561 -0.00433615 -0.00511335 -0.00609918 -0.00732241 -0.00882006 -0.0105564 -0.0125252 -0.0146944 -0.0170008 -0.0193381 -0.021563 -0.0235103 -0.0250051 -0.0258711 -0.0259133 -0.0249925 -0.0230437 -0.0200516 -0.0161083 -0.011393 -0.00613094 -0.000665912 0.00468083 0.00958722 0.0137569 0.0169866 0.019144 0.020186 0.0202215 0.0193928 0.0179357 0.0160944 0.0140874 0.0121168 0.0103284 0.00878679 0.00754219 0.00656243 0.00581793 0.00526325 0.00484457 0.00452502 0.00428407 0.00409132 0.00396326 0.00389242 0.00390622 0.00404421 0.00435122 0.00489046 0.00573172 0.00690329 0.00844669 0.0103191 0.0124407 0.0146762 0.0168182 0.0186334 0.0198842 0.0203046 0.0197307 0.0180407 0.015237 0.011449 0.00686971 0.00177774 -0.00348487 -0.00860857 -0.0132471 -0.0171501 -0.0201497 -0.0221356 -0.0231013 -0.0231156 -0.0222986 -0.0208377 -0.0189178 -0.016713 -0.014383 -0.0120664 -0.00986521 -0.00784354 -0.00605035 -0.0044802 -0.00316491 -0.00209411 -0.00122169 -0.000534106 -1.47985e-05 0.000370463 0.000622612 0.000785835 0.000855792 0.000819669 0.000678505 0.000445192 9.8138e-05 -0.000394379 -0.00102837 -0.00184042 -0.00285923 -0.00411684 -0.00564921 -0.00745326 -0.00952058 -0.0118845 -0.0145235 -0.0173881 -0.0204224 -0.0235838 -0.0267726 -0.0299068 -0.0329122 -0.0356657 -0.0380632 -0.0399873 -0.0413681 -0.0421477 -0.0422932 -0.0417542 -0.0405301 -0.0386637 -0.0361527 -0.0330241 -0.0293546 -0.0252167 -0.0206319 -0.0156514 -0.0103291 -0.00468613 0.0012216 0.00729697 0.0134832 0.0197439 0.025988 0.032095 0.0379691 0.0435054 0.0485686 0.0530401 0.0567925 0.0596983 0.0616688 
0 -0.00419691 -0.00831841 -0.01231 -0.0161123 -0.0197 -0.0230102 -0.0260233 -0.0287531 -0.0312444 -0.0335544 -0.0356991 -0.0377148 -0.0396317 -0.0415126 -0.0433847 -0.0452493 -0.0471163 -0.0489431 -0.0506926 -0.05232 -0.0537675 -0.0549307 -0.0557227 -0.0561169 -0.056029 -0.0553984 -0.0542283 -0.0525397 -0.0503519 -0.0477078 -0.0447012 -0.0414024 -0.0379018 -0.0343172 -0.0307388 -0.0272566 -0.0239284 -0.0207934 -0.0179221 -0.0153471 -0.0130662 -0.0110683 -0.00937323 -0.00796257 -0.00678072 -0.00581556 -0.00503191 -0.00441099 -0.00393348 -0.00357962 -0.00334649 -0.0032502 -0.00326485 -0.00338563 -0.00364815 -0.00407654 -0.00469227 -0.0055188 -0.00657351 -0.00788394 -0.00947591 -0.0113259 -0.0134192 -0.0157191 -0.018168 -0.0206339 -0.0229732 -0.0250108 -0.0265716 -0.0274679 -0.0274976 -0.0265125 -0.0244602 -0.0213132 -0.0171696 -0.0122117 -0.00667523 -0.000913041 0.00472342 0.00990741 0.0143313 0.0177771 0.0201029 0.0212642 0.0213697 0.0205722 0.0191092 0.0172296 0.0151512 0.0130785 0.0111808 0.0095297 0.00818188 0.00712123 0.00630874 0.00569627 0.00524495 0.0048983 0.00463331 0.00442545 0.0042776 0.00419343 0.00422328 0.00439801 0.00477092 0.00540257 0.00634312 0.00762095 0.00927925 0.0112641 0.0134931 0.0158197 0.0180222 0.0198593 0.0210871 0.0214381 0.0207417 0.0188805 0.0158661 0.0118364 0.00699219 0.00163137 -0.00389863 -0.00927275 -0.0141334 -0.0182179 -0.0213687 -0.0234598 -0.024485 -0.0245109 -0.0236638 -0.022134 -0.0201182 -0.0177885 -0.0153272 -0.0128691 -0.010534 -0.00839005 -0.00647632 -0.00480202 -0.00340178 -0.00226156 -0.00133933 -0.000606699 -4.82303e-05 0.000357231 0.000624462 0.000774391 0.000815028 0.000728336 0.000527222 0.000226344 -0.00020597 -0.000813441 -0.00159436 -0.00258231 -0.00378868 -0.00525101 -0.00700749 -0.00904516 -0.0113604 -0.0139502 -0.0167882 -0.0198023 -0.0229386 -0.0261469 -0.0293155 -0.0323473 -0.0351575 -0.0376323 -0.0396742 -0.0411754 -0.0420768 -0.0423604 -0.0420068 -0.0409915 -0.0393068 -0.0370165 -0.0341493 -0.030757 -0.0269308 -0.0227087 -0.0181173 -0.0131985 -0.00802414 -0.00260261 0.00303703 0.00880731 0.0146665 0.0205658 0.0264388 0.0321713 0.0376757 0.0428502 0.0475638 0.051725 0.0552165 0.057933 0.0597801 
0 -0.0049435 -0.00978743 -0.0144253 -0.0188082 -0.0228583 -0.026535 -0.0297866 -0.0326287 -0.0351129 -0.0372746 -0.039181 -0.0408578 -0.0423931 -0.0438399 -0.0452493 -0.0466665 -0.048112 -0.0496096 -0.0510978 -0.0525585 -0.0539232 -0.0551067 -0.0560406 -0.0566508 -0.0568554 -0.0565606 -0.0557675 -0.0544724 -0.0526568 -0.0503413 -0.0476018 -0.0445061 -0.0411462 -0.0376101 -0.034001 -0.0304136 -0.0269149 -0.0235897 -0.0204821 -0.0176617 -0.0151105 -0.0128472 -0.0109059 -0.00926403 -0.00788882 -0.00674717 -0.00581629 -0.00507506 -0.0044959 -0.00405419 -0.00376187 -0.00360473 -0.00359206 -0.00369584 -0.00396803 -0.00442786 -0.00507548 -0.00594375 -0.00706063 -0.00845676 -0.0101489 -0.0121054 -0.014315 -0.0167559 -0.0193159 -0.0218976 -0.0243436 -0.0264835 -0.028114 -0.0290382 -0.0290488 -0.0280063 -0.0258205 -0.0225265 -0.0182011 -0.0130108 -0.00722885 -0.00120909 0.00470532 0.010151 0.014821 0.0184845 0.0209847 0.0222812 0.0224657 0.0217182 0.0202672 0.0183525 0.0162093 0.0140556 0.0120416 0.010294 0.00885482 0.00770323 0.00681551 0.00615315 0.00564237 0.00526992 0.00498808 0.00475979 0.00459909 0.0045275 0.00456229 0.00478448 0.00523029 0.00594346 0.00698211 0.00838212 0.0101425 0.0122455 0.0145804 0.0169786 0.019221 0.0210627 0.0222378 0.0225005 0.0216642 0.0196288 0.0164069 0.0121424 0.00706698 0.00145785 -0.00433009 -0.00992953 -0.0150041 -0.0192844 -0.0225603 -0.0247502 -0.0258254 -0.0258525 -0.0249678 -0.0233833 -0.0212882 -0.0188607 -0.0162553 -0.0136705 -0.0112069 -0.00893792 -0.00690868 -0.00513942 -0.00365323 -0.00243847 -0.00144409 -0.00066634 -8.5663e-05 0.000329427 0.000581221 0.000719772 0.000723492 0.000590416 0.000323829 -6.46541e-05 -0.000605925 -0.00133639 -0.00228338 -0.00345001 -0.0048696 -0.00655986 -0.00854725 -0.0108315 -0.013373 -0.0161834 -0.0191854 -0.0223088 -0.0254902 -0.0286738 -0.0317574 -0.0346173 -0.0371486 -0.0392577 -0.0408615 -0.0418905 -0.0422964 -0.0420598 -0.0411965 -0.0396783 -0.0375539 -0.0348699 -0.0316848 -0.0280695 -0.0240971 -0.0198278 -0.015241 -0.0104163 -0.00541109 -0.000250234 0.00505322 0.0104638 0.0159154 0.0213823 0.0267699 0.0320076 0.0370184 0.0417041 0.0459581 0.0496782 0.0528096 0.0552521 0.0569361 
0 -0.00556439 -0.0110053 -0.0162207 -0.0210822 -0.0255477 -0.0295392 -0.0330435 -0.0360502 -0.0385709 -0.0406669 -0.0423762 -0.0438118 -0.0450275 -0.0461099 -0.0471163 -0.048112 -0.0491823 -0.0503199 -0.0515291 -0.0527627 -0.0539981 -0.0551578 -0.0561596 -0.0569311 -0.0573634 -0.0573864 -0.0569608 -0.0560566 -0.0546256 -0.0526773 -0.0502562 -0.04744 -0.0442686 -0.0408472 -0.037268 -0.0336344 -0.0300444 -0.0265448 -0.0232449 -0.0201698 -0.017368 -0.0148537 -0.0126555 -0.010772 -0.00916386 -0.00781467 -0.00671901 -0.00584 -0.00515003 -0.00461941 -0.00423185 -0.00402243 -0.00395144 -0.00404994 -0.00431801 -0.00478727 -0.00547436 -0.00638947 -0.00755802 -0.00903045 -0.0108124 -0.0128924 -0.0152162 -0.0177455 -0.0204415 -0.0231477 -0.025697 -0.0279049 -0.0295948 -0.0305442 -0.0305423 -0.0294251 -0.0271536 -0.0237022 -0.019188 -0.0137993 -0.00779514 -0.001515 0.00463305 0.0103213 0.0152256 0.0190967 0.0217763 0.0232277 0.0235245 0.0228426 0.0214038 0.019467 0.0172613 0.0150146 0.0129241 0.0110877 0.00955213 0.00832746 0.00735758 0.00660524 0.00605387 0.00563796 0.00532405 0.00510192 0.00494294 0.00487168 0.00495461 0.00521805 0.00571976 0.00652416 0.00765489 0.00915473 0.0110485 0.0132694 0.015701 0.0181663 0.0204217 0.0222249 0.0233229 0.023481 0.0225028 0.0202897 0.0168711 0.0123959 0.00707596 0.00124396 -0.00476793 -0.0105965 -0.0158705 -0.0202912 -0.0237051 -0.0259754 -0.0270973 -0.0271356 -0.0262394 -0.0245898 -0.0224031 -0.0198671 -0.0171791 -0.0144584 -0.0118559 -0.00947397 -0.00734069 -0.00548051 -0.00390298 -0.00260609 -0.00156526 -0.000744254 -0.000133112 0.000267116 0.000514834 0.000609485 0.000584174 0.00039589 4.9848e-05 -0.000447404 -0.00112501 -0.00201225 -0.00312483 -0.00449244 -0.00612601 -0.00806025 -0.0103017 -0.0128036 -0.0155625 -0.0185219 -0.0216533 -0.0248408 -0.0280194 -0.0311183 -0.0340248 -0.0366286 -0.0388084 -0.0404866 -0.0416017 -0.0421154 -0.0419951 -0.041244 -0.0398488 -0.0378493 -0.0352917 -0.0322698 -0.0288299 -0.0250225 -0.0209455 -0.0166212 -0.012099 -0.00739915 -0.00260578 0.00226661 0.00721568 0.0121969 0.0171985 0.0221418 0.0269789 0.0316223 0.0360287 0.0401274 0.0438063 0.0470128 0.049678 0.0517729 0.0532182 
