0 0 0 0 0 0 0 0 0 0 0 0 0 0 0 0 0 0 0 0 0 0 0 0 0 0 0 0 0 0 0 0 0 0 0 0 0 0 0 0 0 0 0 0 0 0 0 0 0 0 0 0 0 0 0 0 0 0 0 0 0 0 0 0 0 0 0 0 0 0 0 0 0 0 0 0 0 0 0 0 0 0 0 0 0 0 0 0 0 0 0 0 0 0 0 0 0 0 0 0 0 0 0 0 0 0 0 0 0 0 0 0 0 0 0 0 0 0 0 0 0 0 0 0 0 0 0 0 0 0 0 0 0 0 0 0 0 0 0 0 0 0 0 0 0 0 0 0 0 0 0 0 0 0 0 0 0 0 0 0 0 0 0 0 0 0 0 0 0 0 0 0 0 0 0 0 0 0 0 0 0 0 0 0 0 0 0 0 0 0 0 0 0 0 0 0 0 0 0 0 
0 -0.000632556 -0.00128105 -0.00196093 -0.0026569 -0.00335999 -0.0040558 -0.00474003 -0.00540458 -0.00602091 -0.00656726 -0.00700645 -0.00733309 -0.00753424 -0.00760119 -0.00753576 -0.00733254 -0.00701784 -0.0066085 -0.00615108 -0.00565063 -0.00510634 -0.0045416 -0.0039731 -0.00343365 -0.00293549 -0.00250414 -0.00212382 -0.0017802 -0.00148268 -0.00123508 -0.00103258 -0.000871211 -0.000736275 -0.000621563 -0.000525526 -0.000447814 -0.000399033 -0.000361594 -0.000342614 -0.000306644 -0.000274172 -0.000256621 -0.000244378 -0.000242748 -0.000235157 -0.000227904 -0.000214409 -0.000204855 -0.000198854 -0.000200228 -0.000200769 -0.000199299 -0.000180702 -0.000174284 -0.00017058 -0.000174807 -0.000188973 -0.000200819 -0.00022017 -0.000249472 -0.000287725 -0.000334857 -0.000409834 -0.000503534 -0.000620806 -0.000740295 -0.000874088 -0.00103368 -0.00122442 -0.00141056 -0.00159751 -0.00176361 -0.00189865 -0.00197815 -0.00199057 -0.00192389 -0.0017723 -0.00153495 -0.0012287 -0.000848621 -0.000417105 2.74785e-05 0.000464454 0.000860945 0.00119236 0.0014421 0.00160234 0.00166512 0.00164255 0.00155084 0.00141874 0.00125693 0.0010951 0.00093886 0.000801012 0.000683638 0.000593513 0.000518027 0.000461278 0.000413846 0.000385001 0.000370077 0.000390324 0.000445286 0.000542006 0.000678315 0.000851007 0.0010375 0.00123703 0.00142052 0.00156862 0.0016501 0.00164482 0.00153455 0.0013219 0.00102135 0.000656485 0.000239127 -0.000193517 -0.00061483 -0.00100494 -0.00132901 -0.00157354 -0.00173431 -0.0018084 -0.00179185 -0.00170599 -0.00157159 -0.00141161 -0.00123049 -0.00105737 -0.000882058 -0.000712611 -0.000550383 -0.000416164 -0.000299903 -0.000208861 -0.00013086 -7.34555e-05 -2.55151e-05 1.65312e-05 5.38011e-05 6.80578e-05 7.69769e-05 8.49111e-05 8.95015e-05 0.000107146 0.000116331 0.000128169 0.000136203 0.000136319 0.000134177 0.00014555 0.000158897 0.000173623 0.000169963 0.000168363 0.000165004 0.000172122 0.000183727 0.000177656 0.000171989 0.000144454 0.000107273 6.35987e-05 1.14013e-05 -6.8607e-05 -0.000184678 -0.000332704 -0.000505436 -0.00070671 -0.00093944 -0.00122287 -0.00156304 -0.0019491 -0.00238286 -0.00282917 -0.00328539 -0.00373818 -0.00417564 -0.00455421 -0.00483593 -0.00501731 -0.00506772 -0.00497858 -0.00472358 -0.00427815 -0.00361541 -0.00274814 -0.00172678 -0.000582779 0.000647019 0.00193264 0.00323406 0.00450288 0.00566882 0.00665627 0.00742386 0.00794369 
0 -0.00128105 -0.00259252 -0.00393432 -0.00532484 -0.00671298 -0.00810808 -0.00946602 -0.0107709 -0.0119836 -0.0130413 -0.0139223 -0.0145625 -0.0149684 -0.0150946 -0.0149588 -0.0145777 -0.0139642 -0.0131848 -0.012268 -0.0112677 -0.0101771 -0.00905764 -0.00795695 -0.00689257 -0.00591109 -0.00503444 -0.00426847 -0.00358973 -0.0030108 -0.00252823 -0.00212097 -0.00177812 -0.00149969 -0.00126582 -0.00107912 -0.000928838 -0.000806592 -0.000725356 -0.000664241 -0.000609745 -0.000560487 -0.000533862 -0.00051279 -0.000487287 -0.000466103 -0.000449761 -0.000429193 -0.000415433 -0.000398009 -0.000380343 -0.000381105 -0.000365349 -0.000352688 -0.000352018 -0.0003527 -0.000359519 -0.000366737 -0.000390089 -0.000436616 -0.00049357 -0.000570749 -0.000672224 -0.000818064 -0.00100267 -0.00120513 -0.00146851 -0.00177161 -0.00210002 -0.00246466 -0.002833 -0.00319385 -0.00352308 -0.00377606 -0.0039486 -0.00398438 -0.00384838 -0.00356294 -0.0031 -0.00246082 -0.00169551 -0.000839678 5.84144e-05 0.000919188 0.00170249 0.00237004 0.00287602 0.00319178 0.00331909 0.00326713 0.00308791 0.0028199 0.00250958 0.0021907 0.00187813 0.0015963 0.00136705 0.00117006 0.00102388 0.000912225 0.000817268 0.000759632 0.0007464 0.000778889 0.000895279 0.00108615 0.00135262 0.00168798 0.00206809 0.00246322 0.00283641 0.00312743 0.0032919 0.00327162 0.00305005 0.00263593 0.0020432 0.00130059 0.000471895 -0.000405262 -0.00126633 -0.00202412 -0.00265342 -0.00314514 -0.00345279 -0.00359687 -0.0035862 -0.00341953 -0.0031619 -0.00284333 -0.00248899 -0.00212283 -0.00173956 -0.00139537 -0.00110979 -0.000837272 -0.000604916 -0.000412012 -0.00025736 -0.000142363 -4.25987e-05 3.70726e-05 9.23887e-05 0.000132177 0.000161484 0.000191922 0.000212812 0.000227039 0.000242103 0.000249476 0.000270185 0.00028064 0.000281022 0.000294931 0.000313737 0.00032592 0.000336571 0.000342827 0.000349731 0.000363438 0.000359305 0.000344356 0.00031886 0.000277836 0.000202647 0.000103456 -1.78315e-05 -0.000189229 -0.000413408 -0.000687052 -0.00102379 -0.00142676 -0.00190724 -0.00248606 -0.00315037 -0.00391701 -0.00475972 -0.00565985 -0.00656523 -0.0074547 -0.00830469 -0.00901796 -0.00957404 -0.0099142 -0.0100109 -0.00980195 -0.00925873 -0.00835683 -0.00703607 -0.0053508 -0.00334216 -0.00109531 0.00133862 0.00387438 0.00641823 0.00889511 0.0111544 0.0130908 0.0145965 0.0156299 
0 -0.00196093 -0.00393432 -0.00594947 -0.00799558 -0.0100709 -0.0121359 -0.0141499 -0.0160667 -0.0178183 -0.019369 -0.0206391 -0.0215945 -0.0221783 -0.0223615 -0.0221715 -0.0216221 -0.0207727 -0.0196391 -0.0183115 -0.0168222 -0.0152152 -0.0135876 -0.0119806 -0.0104394 -0.00897394 -0.00765845 -0.00649426 -0.005472 -0.00460825 -0.00388103 -0.00325395 -0.00272499 -0.00228716 -0.00194096 -0.00166826 -0.00143737 -0.00125624 -0.00109889 -0.00100889 -0.000916219 -0.00085366 -0.000819738 -0.000772799 -0.000733536 -0.000689912 -0.000670797 -0.00065137 -0.000633459 -0.000601999 -0.000573395 -0.000550244 -0.000543469 -0.000518866 -0.000530092 -0.000536296 -0.000541901 -0.000560507 -0.000582563 -0.000642562 -0.000743389 -0.000869709 -0.00101203 -0.00121999 -0.00148496 -0.00182987 -0.00221191 -0.00264904 -0.00315145 -0.0037166 -0.00425369 -0.00478184 -0.00525848 -0.00565833 -0.00591329 -0.00597336 -0.00578957 -0.00534031 -0.00462394 -0.00369023 -0.00254504 -0.00125806 6.55359e-05 0.00136259 0.00254417 0.00353894 0.00429296 0.00477562 0.0049645 0.00489463 0.00462102 0.0042279 0.00375556 0.00328173 0.00282148 0.00240751 0.0020488 0.00176366 0.00152983 0.00135883 0.00122669 0.00115392 0.00112618 0.00119139 0.0013543 0.00163541 0.00203434 0.00254444 0.00310564 0.00370277 0.0042512 0.00468607 0.00491918 0.0048924 0.0045597 0.00392831 0.00303593 0.00194394 0.00069227 -0.000613859 -0.00188532 -0.00304738 -0.00400057 -0.00470878 -0.00516694 -0.00538124 -0.00535062 -0.00512452 -0.00475013 -0.00427817 -0.00372382 -0.00317236 -0.00262123 -0.00210844 -0.00164132 -0.00125455 -0.000913414 -0.000629928 -0.00038252 -0.000201899 -6.60271e-05 4.13664e-05 0.000137121 0.000192409 0.000248501 0.000301477 0.000327189 0.000357283 0.000354988 0.000369109 0.000398743 0.000423173 0.000433384 0.000453894 0.000465624 0.000489071 0.000494956 0.000521664 0.000533861 0.000539915 0.00053014 0.000481093 0.000455659 0.000391941 0.000287465 0.000131221 -7.20967e-05 -0.00034072 -0.000677431 -0.00108619 -0.00158661 -0.00221045 -0.0029539 -0.00382916 -0.00482636 -0.00593293 -0.00717872 -0.00848755 -0.00982174 -0.011111 -0.0123113 -0.0133305 -0.0140977 -0.0145882 -0.014683 -0.0143225 -0.0134545 -0.0120646 -0.0101212 -0.00765013 -0.00473732 -0.00144034 0.00212713 0.00583194 0.00952568 0.0130757 0.0163244 0.0191014 0.0212938 0.0228029 
0 -0.0026569 -0.00532484 -0.00799558 -0.0107142 -0.0134281 -0.0161396 -0.0187596 -0.0212322 -0.0234904 -0.0254532 -0.0270876 -0.0282906 -0.029048 -0.0292939 -0.02907 -0.0284136 -0.0273405 -0.0259254 -0.0242137 -0.0223071 -0.0202435 -0.0181444 -0.0160804 -0.0140652 -0.0121583 -0.0104139 -0.00886278 -0.00748714 -0.00630832 -0.00531135 -0.00445752 -0.00373111 -0.00313974 -0.00265745 -0.00227683 -0.00196702 -0.00170737 -0.00151537 -0.00137132 -0.00125249 -0.00115512 -0.001095 -0.00103922 -0.000978562 -0.000930248 -0.000900464 -0.0008684 -0.000844087 -0.000811299 -0.000778354 -0.000772715 -0.000745119 -0.000719181 -0.000713745 -0.000713218 -0.000723428 -0.000740132 -0.000785314 -0.000875095 -0.000993254 -0.00115296 -0.00136008 -0.00164837 -0.00201031 -0.0024213 -0.00293742 -0.00353252 -0.00418727 -0.00491175 -0.00564669 -0.00636564 -0.00701992 -0.00752974 -0.00786493 -0.00792902 -0.00766161 -0.00708486 -0.00616194 -0.00490123 -0.00338423 -0.00168555 9.22105e-05 0.00180627 0.00336679 0.00469532 0.00570431 0.0063415 0.00660413 0.00651488 0.0061658 0.00563917 0.00502083 0.00438299 0.00376143 0.00320243 0.00274195 0.0023559 0.00206328 0.00183972 0.00165674 0.00154602 0.00152106 0.00159687 0.00183112 0.00221601 0.00275097 0.00341874 0.0041688 0.0049462 0.00567206 0.00623611 0.00654594 0.00649582 0.00604712 0.00521511 0.00403111 0.00255955 0.000912964 -0.000822 -0.00252155 -0.00403211 -0.00528931 -0.00626022 -0.00687509 -0.00715858 -0.00712889 -0.00680243 -0.00629033 -0.00565554 -0.00495019 -0.00422294 -0.00347594 -0.00279663 -0.00221706 -0.00167854 -0.00121457 -0.000827488 -0.000515673 -0.00028183 -8.54618e-05 7.05355e-05 0.000182037 0.000258681 0.000316421 0.000373988 0.000416407 0.000447523 0.000474539 0.000492722 0.000534465 0.00056271 0.000573248 0.000598097 0.000624355 0.00064343 0.000662747 0.000680849 0.000695264 0.000708662 0.000686151 0.00064211 0.000585768 0.000498994 0.000343013 0.000125406 -0.000150967 -0.000521746 -0.000988102 -0.00155305 -0.00224841 -0.00309325 -0.00409917 -0.00527794 -0.00659218 -0.00805894 -0.00965406 -0.0113439 -0.0130344 -0.0146614 -0.0161671 -0.0174076 -0.0183486 -0.0188885 -0.0189353 -0.0183643 -0.0171409 -0.0152716 -0.0127088 -0.00953013 -0.00577422 -0.00154895 0.00303435 0.00777494 0.0124635 0.0169514 0.0210236 0.0245309 0.0273005 0.0292265 
0 -0.00335999 -0.00671298 -0.0100709 -0.0134281 -0.0167711 -0.0200584 -0.0232309 -0.0262146 -0.0289142 -0.0312655 -0.0331807 -0.0346121 -0.0355081 -0.0358366 -0.035622 -0.0348724 -0.0336367 -0.031953 -0.0299402 -0.0276751 -0.0252268 -0.0227177 -0.0202124 -0.0177739 -0.0154451 -0.0133154 -0.0113897 -0.00965465 -0.008145 -0.00686121 -0.00577111 -0.00485893 -0.00409823 -0.00347287 -0.00296458 -0.00254775 -0.00222565 -0.00196536 -0.00178442 -0.00160669 -0.00146685 -0.00137816 -0.0012998 -0.00123965 -0.00117997 -0.00113827 -0.00109037 -0.00104754 -0.00100415 -0.000976292 -0.000958144 -0.00093868 -0.000890747 -0.000879621 -0.000880859 -0.000899722 -0.000941617 -0.000995181 -0.00109306 -0.00124422 -0.00144439 -0.00169547 -0.00205362 -0.00250649 -0.00306304 -0.00369065 -0.00440723 -0.00522767 -0.00614556 -0.00705461 -0.00794673 -0.00875079 -0.00940272 -0.0098083 -0.00988575 -0.00956772 -0.0088304 -0.00766641 -0.00612586 -0.00424152 -0.00212194 7.48988e-05 0.00222007 0.00417339 0.00582075 0.00707321 0.00787786 0.00820921 0.00811474 0.00768464 0.00703968 0.00626456 0.00547123 0.00470238 0.00401263 0.00342539 0.00295375 0.00257698 0.00229523 0.00207877 0.00195452 0.00192049 0.00203388 0.00231979 0.00279924 0.00346753 0.00430421 0.00522774 0.00619117 0.00707644 0.00776973 0.00813622 0.00807196 0.00750848 0.00645429 0.00496916 0.00315177 0.00109422 -0.00105119 -0.00313983 -0.00504043 -0.00661701 -0.0078045 -0.00857324 -0.00892633 -0.00887272 -0.00848275 -0.00784966 -0.00706241 -0.00616775 -0.00526636 -0.0043668 -0.00352154 -0.00275125 -0.00208766 -0.001513 -0.00104184 -0.000649771 -0.000354385 -0.000118079 7.8811e-05 0.000240573 0.000335783 0.000408612 0.000472463 0.000517549 0.000573801 0.00060121 0.000634963 0.00067507 0.000700672 0.000713727 0.000749256 0.000785548 0.000825422 0.000835032 0.000849877 0.000850155 0.000851228 0.000833456 0.000764236 0.000688615 0.000543247 0.00032794 4.52966e-05 -0.000307526 -0.00077518 -0.00138109 -0.00212809 -0.00302685 -0.00410203 -0.00535991 -0.0068215 -0.00846333 -0.0102539 -0.01219 -0.0141783 -0.0161601 -0.0180539 -0.0197842 -0.0212067 -0.0222135 -0.0227378 -0.0226324 -0.0218087 -0.0202184 -0.0178638 -0.0147301 -0.0108678 -0.00637565 -0.00133915 0.00408121 0.00966614 0.0151775 0.0204119 0.0251619 0.0292287 0.032455 0.0346926 
0 -0.0040558 -0.00810808 -0.0121359 -0.0161396 -0.0200584 -0.0238769 -0.0275288 -0.0309459 -0.034035 -0.0366929 -0.0388587 -0.0404625 -0.041495 -0.0419124 -0.041725 -0.0409381 -0.0395726 -0.0377136 -0.0354599 -0.0329213 -0.0301567 -0.0272891 -0.0244103 -0.0215813 -0.01888 -0.0163756 -0.0140855 -0.0119994 -0.0101607 -0.00858426 -0.00724466 -0.0061121 -0.00516692 -0.00437659 -0.00372925 -0.00320254 -0.00277934 -0.00245356 -0.00220127 -0.00198462 -0.00180959 -0.00169118 -0.00159443 -0.00150713 -0.00143253 -0.00137618 -0.00131702 -0.00126353 -0.0012093 -0.00116562 -0.00114625 -0.00111277 -0.001075 -0.00106367 -0.0010683 -0.00108912 -0.00112663 -0.0011955 -0.00131962 -0.00149549 -0.00173398 -0.00204618 -0.00247212 -0.00300956 -0.00364936 -0.00442012 -0.00530742 -0.00629454 -0.00736961 -0.0084568 -0.00951356 -0.0104717 -0.0112348 -0.011722 -0.0118154 -0.0114346 -0.0105685 -0.0091934 -0.00733529 -0.00508544 -0.002565 6.27291e-05 0.00261411 0.00494 0.00691576 0.00842122 0.00938442 0.00979109 0.00968567 0.0091862 0.00842281 0.00751413 0.00656954 0.00565066 0.00481951 0.00411743 0.00354043 0.00309366 0.00275814 0.00250629 0.00236346 0.00234481 0.00248575 0.00283926 0.00341453 0.00420935 0.00519514 0.00629704 0.00743437 0.00848164 0.00928846 0.00970957 0.00960911 0.0089227 0.00766585 0.00589394 0.00371212 0.00126343 -0.00130053 -0.0038003 -0.00604312 -0.00790797 -0.00932506 -0.010235 -0.0106522 -0.0106049 -0.0101459 -0.00939907 -0.00845899 -0.00740354 -0.00630972 -0.00521138 -0.00419738 -0.00330629 -0.00250959 -0.00182104 -0.00124683 -0.000782396 -0.000426759 -0.000136285 9.9193e-05 0.000278534 0.000401323 0.000494102 0.000576408 0.000641197 0.000694261 0.000732513 0.000763431 0.000810124 0.00084342 0.000863298 0.000900385 0.000941986 0.000977797 0.000999112 0.00101096 0.00101088 0.00100377 0.000958827 0.000871096 0.000745921 0.000552252 0.000265484 -0.000100672 -0.000551446 -0.00113981 -0.00189271 -0.00281943 -0.00393176 -0.0052408 -0.00675892 -0.00850375 -0.0104396 -0.012541 -0.0147539 -0.0170009 -0.0191938 -0.0212676 -0.0231373 -0.0246241 -0.0256179 -0.0260021 -0.0256725 -0.0245336 -0.0225582 -0.0197448 -0.0160662 -0.0116082 -0.00646962 -0.000792475 0.00526565 0.0114717 0.0175794 0.0233758 0.0286095 0.0330834 0.036607 0.0390455 
0 -0.00474003 -0.00946602 -0.0141499 -0.0187596 -0.0232309 -0.0275288 -0.031599 -0.0353754 -0.038769 -0.041684 -0.0440521 -0.0458212 -0.0469712 -0.0474709 -0.0473192 -0.046521 -0.0451058 -0.0431495 -0.0407523 -0.0380112 -0.035006 -0.0318631 -0.0286834 -0.025535 -0.0224895 -0.0196219 -0.0169666 -0.0145368 -0.0123757 -0.0104958 -0.00887359 -0.0074901 -0.00633215 -0.00537577 -0.00459248 -0.00394657 -0.00341637 -0.00299286 -0.00266462 -0.00239607 -0.00218557 -0.00203087 -0.00189685 -0.00177642 -0.00167944 -0.00161278 -0.00155488 -0.00149699 -0.00143246 -0.00137535 -0.00133832 -0.00130214 -0.001267 -0.00125731 -0.00126308 -0.00128152 -0.00132036 -0.00139797 -0.00154196 -0.00175703 -0.00204207 -0.0024074 -0.00289453 -0.00351421 -0.00426698 -0.00516 -0.0061877 -0.0073397 -0.00858524 -0.00984245 -0.0110604 -0.0121653 -0.0130548 -0.0136168 -0.0137249 -0.013287 -0.012272 -0.0106707 -0.00852423 -0.00592291 -0.00301002 2.4478e-05 0.00298204 0.00568433 0.00797808 0.00973226 0.010864 0.0113516 0.0112496 0.0106854 0.00980929 0.0087607 0.00766569 0.0066032 0.00564038 0.00481963 0.0041484 0.00362512 0.00323426 0.00295398 0.00280063 0.00279201 0.00297113 0.0033869 0.00405865 0.00498341 0.00612428 0.0073958 0.00869846 0.00988797 0.0107955 0.0112523 0.0111134 0.0103029 0.00883192 0.00677297 0.0042486 0.00141374 -0.00154837 -0.00443326 -0.00703603 -0.00919954 -0.0108301 -0.0118782 -0.0123547 -0.0122958 -0.0117772 -0.010921 -0.00983363 -0.00860579 -0.00733201 -0.00606945 -0.00489512 -0.00384991 -0.00292979 -0.00213424 -0.00146402 -0.000915059 -0.00048977 -0.000155525 0.000110093 0.000313715 0.000458773 0.000574108 0.000674804 0.000753545 0.00081212 0.000847842 0.000883588 0.000938118 0.000987901 0.00102412 0.00106268 0.00109762 0.00112675 0.00114658 0.00116179 0.00116026 0.00113298 0.00105507 0.000924895 0.000756252 0.000513822 0.00016523 -0.000293892 -0.000873505 -0.00161063 -0.00252952 -0.00364437 -0.00497574 -0.00653854 -0.00833368 -0.0103529 -0.0125519 -0.0148939 -0.017327 -0.0197609 -0.0220991 -0.0242603 -0.0261434 -0.0275808 -0.0284409 -0.0286106 -0.0279851 -0.0264917 -0.0241129 -0.0208459 -0.0166839 -0.0117113 -0.00606367 9.51604e-05 0.00658559 0.0131838 0.019659 0.025786 0.0313076 0.0359974 0.0396656 0.0421819 
0 -0.00540458 -0.0107709 -0.0160667 -0.0212322 -0.0262146 -0.0309459 -0.0353754 -0.0394361 -0.0430562 -0.0461726 -0.0487132 -0.0506395 -0.0518993 -0.0524765 -0.0523708 -0.0515996 -0.050206 -0.0482356 -0.0457807 -0.0429171 -0.0397534 -0.0364162 -0.0330054 -0.029594 -0.0262441 -0.0230444 -0.0200485 -0.0172934 -0.0148143 -0.0126208 -0.0106991 -0.00904721 -0.00765619 -0.00651026 -0.00556549 -0.00477894 -0.00413207 -0.00360434 -0.0031928 -0.00285623 -0.00259194 -0.00238788 -0.00221476 -0.00206797 -0.0019489 -0.0018619 -0.00179122 -0.00172122 -0.00165158 -0.00159501 -0.00154759 -0.00150828 -0.00146445 -0.00144466 -0.00144697 -0.00146763 -0.00151923 -0.00161258 -0.00177311 -0.00201667 -0.0023417 -0.00276693 -0.00332804 -0.00403417 -0.00489781 -0.00590317 -0.00706087 -0.00836728 -0.00977838 -0.011213 -0.0126051 -0.0138594 -0.014867 -0.0154864 -0.0155946 -0.0150988 -0.0139451 -0.0121329 -0.00971171 -0.00676693 -0.00346687 -3.25011e-05 0.00332428 0.00639329 0.00899586 0.0109936 0.0122951 0.0128706 0.0127864 0.0121706 0.0111919 0.0100063 0.00875797 0.00754754 0.00645346 0.00551811 0.00476305 0.00417104 0.00372824 0.00341775 0.00324986 0.00324937 0.0034727 0.00395873 0.00473644 0.00579411 0.00708482 0.00851365 0.00996587 0.0112797 0.0122746 0.0127557 0.0125724 0.0116361 0.0099508 0.00760439 0.00474029 0.00152532 -0.00182039 -0.00506897 -0.00801159 -0.010463 -0.0123083 -0.0135049 -0.0140468 -0.0139732 -0.0133855 -0.0124082 -0.0111741 -0.0097862 -0.00834642 -0.00693076 -0.00560202 -0.00439924 -0.00334901 -0.00243751 -0.00167367 -0.00105084 -0.000561819 -0.000179596 0.000126015 0.000362508 0.000528332 0.000657112 0.000763709 0.000850749 0.000923144 0.000970469 0.00102237 0.00108042 0.00113404 0.00117671 0.00121633 0.00125163 0.0012806 0.00129318 0.00129923 0.00128362 0.0012308 0.00112221 0.000946073 0.000721073 0.000408512 -1.93574e-05 -0.000585043 -0.00130698 -0.00220926 -0.00331308 -0.00463284 -0.00619106 -0.00800688 -0.0100688 -0.0123383 -0.0147621 -0.0172871 -0.019874 -0.0224219 -0.0248271 -0.026977 -0.0287483 -0.030005 -0.0306134 -0.0304851 -0.0295084 -0.0276276 -0.0248294 -0.0211233 -0.0165467 -0.0111804 -0.00518576 0.00127126 0.00799093 0.0147598 0.0213646 0.027579 0.0331666 0.0378855 0.04156 0.044062 
0 -0.00602091 -0.0119836 -0.0178183 -0.0234904 -0.0289142 -0.034035 -0.038769 -0.0430562 -0.0468601 -0.0501214 -0.0528189 -0.0548719 -0.0562456 -0.0569106 -0.0568755 -0.0561847 -0.0548505 -0.0529425 -0.0504969 -0.0476094 -0.0443803 -0.0409197 -0.0373408 -0.0337056 -0.0301131 -0.0266333 -0.02334 -0.020279 -0.017481 -0.0149707 -0.0127576 -0.0108327 -0.0091985 -0.00782202 -0.00667293 -0.00572249 -0.00493342 -0.00430941 -0.00378755 -0.00337133 -0.00303064 -0.00276424 -0.00256196 -0.00238866 -0.00225045 -0.00213114 -0.00202971 -0.00193857 -0.00186308 -0.00180033 -0.00175575 -0.00169632 -0.00165425 -0.00162253 -0.00162634 -0.00166014 -0.00172192 -0.00183765 -0.00201974 -0.00227634 -0.00263248 -0.00312338 -0.00375853 -0.00456076 -0.00551223 -0.00665048 -0.00795906 -0.00941555 -0.0109742 -0.0125895 -0.014142 -0.0155413 -0.0166447 -0.0173272 -0.017439 -0.0168799 -0.0156053 -0.0136015 -0.0108909 -0.00761596 -0.0039492 -0.000111326 0.0036287 0.00705185 0.00996714 0.0122083 0.0136704 0.0143405 0.0142746 0.0136197 0.0125471 0.0112452 0.00985249 0.00850053 0.00727063 0.00622404 0.00536859 0.00471089 0.00421763 0.00388392 0.00370871 0.00373876 0.00400575 0.00457044 0.00544855 0.00663125 0.00805508 0.00963694 0.0112262 0.0126592 0.0137235 0.0142233 0.0139781 0.0129035 0.0110103 0.00838328 0.00517135 0.00159833 -0.00212186 -0.00573756 -0.0089866 -0.0117036 -0.013765 -0.0150975 -0.0157004 -0.0156321 -0.0149782 -0.0138916 -0.0125091 -0.0109778 -0.00936949 -0.00777977 -0.0062887 -0.00495525 -0.00376223 -0.00273909 -0.0018789 -0.00119491 -0.000649113 -0.00020922 0.000144092 0.000410002 0.000611487 0.000754619 0.000867196 0.00096743 0.00103992 0.00111468 0.00117378 0.001233 0.00128002 0.00131975 0.00136009 0.00140935 0.00143801 0.00145263 0.00142847 0.00138318 0.00129799 0.00114592 0.000934418 0.000621831 0.000215931 -0.000328245 -0.00102027 -0.00188585 -0.00295902 -0.00425988 -0.00580357 -0.00760104 -0.00964965 -0.0119392 -0.0144168 -0.017017 -0.0196922 -0.0223559 -0.0249387 -0.0273007 -0.029329 -0.0308842 -0.031837 -0.0321042 -0.0315787 -0.0302069 -0.027911 -0.0246971 -0.0205975 -0.0156787 -0.0100659 -0.0038862 0.00266813 0.00942073 0.0161534 0.0226568 0.0287307 0.0341485 0.0387229 0.0422717 0.0446903 
0 -0.00656726 -0.0130413 -0.019369 -0.0254532 -0.0312655 -0.0366929 -0.041684 -0.0461726 -0.0501214 -0.0535246 -0.0563195 -0.0584932 -0.0599654 -0.060749 -0.0608376 -0.060253 -0.0590428 -0.0572263 -0.054886 -0.0520621 -0.0488643 -0.0453676 -0.0416706 -0.0378858 -0.0341009 -0.0304009 -0.0268424 -0.0234878 -0.0203753 -0.0175526 -0.0150385 -0.0128419 -0.0109316 -0.00930692 -0.00793356 -0.00678864 -0.00585956 -0.00509284 -0.00446736 -0.00394596 -0.00352763 -0.00319542 -0.00293749 -0.00273279 -0.00256147 -0.00241108 -0.00229282 -0.00218272 -0.00209142 -0.0020232 -0.00194849 -0.00189755 -0.00184839 -0.00182019 -0.00182541 -0.00185909 -0.00193409 -0.00205961 -0.00225434 -0.00255486 -0.00295486 -0.00348901 -0.00418265 -0.00506165 -0.00615039 -0.00740195 -0.00883992 -0.0104625 -0.0121908 -0.0139482 -0.0156451 -0.0171648 -0.0183882 -0.0191286 -0.0192548 -0.0186531 -0.0172331 -0.0150082 -0.0120519 -0.00845447 -0.00442583 -0.000229967 0.00389171 0.00767718 0.0108877 0.0133709 0.0150112 0.0157703 0.0157351 0.015043 0.0138885 0.0124705 0.0109514 0.00947034 0.00811829 0.00694423 0.0059947 0.00525173 0.00470823 0.0043639 0.00420624 0.00426629 0.00459788 0.00522805 0.00620011 0.00749726 0.00905896 0.0107823 0.0125046 0.0140359 0.0151609 0.0156445 0.0153304 0.0141192 0.012001 0.0090974 0.00557781 0.00164035 -0.00243706 -0.00638085 -0.00996459 -0.0129499 -0.015188 -0.0166437 -0.0173039 -0.0172218 -0.0165329 -0.0153552 -0.0138501 -0.0121433 -0.0103603 -0.00862601 -0.00698298 -0.00547483 -0.00417352 -0.00305064 -0.00210924 -0.00133836 -0.000715051 -0.000234804 0.00014958 0.00045173 0.000676473 0.000847895 0.000978116 0.00108405 0.00117417 0.00124006 0.00131457 0.00137005 0.00142219 0.00147123 0.00151141 0.00155634 0.00158647 0.00158035 0.0015385 0.00145645 0.00132063 0.00112979 0.000846915 0.000461526 -6.4221e-05 -0.000731938 -0.00156995 -0.00260469 -0.00385879 -0.00537478 -0.00715622 -0.00919279 -0.0114634 -0.013941 -0.0165702 -0.0193081 -0.0220602 -0.0247471 -0.0272446 -0.029451 -0.0312393 -0.0324658 -0.0330513 -0.0328741 -0.0319028 -0.0300655 -0.0273499 -0.0237541 -0.0193184 -0.0141772 -0.00842631 -0.0022432 0.00423823 0.0108191 0.0173098 0.0235151 0.0292214 0.0342878 0.0385321 0.0418482 0.0441056 
0 -0.00700645 -0.0139223 -0.0206391 -0.0270876 -0.0331807 -0.0388587 -0.0440521 -0.0487132 -0.0528189 -0.0563195 -0.0592141 -0.0614604 -0.0630522 -0.0639798 -0.0642255 -0.0638148 -0.0627511 -0.0611129 -0.0589259 -0.0562539 -0.0531645 -0.0497043 -0.0459872 -0.0421129 -0.0382051 -0.0343179 -0.0305271 -0.026913 -0.0235151 -0.0203873 -0.0175711 -0.0150617 -0.0128679 -0.0109735 -0.00936541 -0.0080218 -0.00689626 -0.00598678 -0.00521497 -0.00460565 -0.00410558 -0.00369097 -0.00336654 -0.00309565 -0.00288347 -0.00270621 -0.00256984 -0.0024484 -0.00234486 -0.00225109 -0.0021759 -0.00210575 -0.00207553 -0.0020429 -0.00203811 -0.00206292 -0.00212846 -0.00227299 -0.00250529 -0.00282926 -0.00327264 -0.00388016 -0.00463985 -0.00559811 -0.00675204 -0.00813935 -0.0097345 -0.0114928 -0.0133489 -0.0152797 -0.0171279 -0.018788 -0.0200959 -0.0208967 -0.0210208 -0.020351 -0.018818 -0.0164143 -0.0131742 -0.0092756 -0.00491838 -0.000349973 0.00412133 0.008235 0.0117542 0.0144805 0.0162861 0.0171587 0.0171618 0.016452 0.0152257 0.0137066 0.01205 0.0104328 0.00894892 0.00767245 0.00663136 0.00583324 0.00524524 0.00488049 0.00471764 0.00481594 0.00520139 0.005924 0.00700384 0.00842633 0.0101074 0.0119601 0.0137906 0.0154043 0.0165564 0.0170257 0.0166204 0.0152544 0.0129393 0.00977372 0.00592564 0.00166226 -0.00276255 -0.00705565 -0.0109123 -0.0141375 -0.0165795 -0.0181578 -0.0188692 -0.0187947 -0.0180406 -0.0167641 -0.0151201 -0.013291 -0.011351 -0.00943935 -0.00764348 -0.00603365 -0.00460148 -0.00336869 -0.0023181 -0.00147443 -0.000785851 -0.00024168 0.000175069 0.000482801 0.000730099 0.000918738 0.00107086 0.0012019 0.00128562 0.00137284 0.00144187 0.0015071 0.00157067 0.00162926 0.00166478 0.00169429 0.00169088 0.00167348 0.00160449 0.0014979 0.00131825 0.00104921 0.000700892 0.000201138 -0.000426952 -0.00123253 -0.00223691 -0.00346598 -0.0049408 -0.00667746 -0.00868626 -0.0109449 -0.0134104 -0.0160487 -0.0187908 -0.0215861 -0.0243545 -0.02695 -0.0292817 -0.0312121 -0.0326466 -0.033461 -0.0335771 -0.0329268 -0.0314325 -0.0291188 -0.0259755 -0.0220456 -0.017387 -0.0121216 -0.0063953 -0.000333391 0.00588487 0.0121105 0.0181653 0.0238714 0.029063 0.0336031 0.0374061 0.0403628 0.0423872 
0 -0.00733309 -0.0145625 -0.0215945 -0.0282906 -0.0346121 -0.0404625 -0.0458212 -0.0506395 -0.0548719 -0.0584932 -0.0614604 -0.0638146 -0.0655262 -0.0666191 -0.0670592 -0.0668451 -0.0660115 -0.0645839 -0.0626192 -0.0601332 -0.0572085 -0.0538745 -0.0502175 -0.0463492 -0.042365 -0.0383394 -0.034363 -0.0305382 -0.0268969 -0.0234911 -0.0203619 -0.0175492 -0.0150493 -0.0128845 -0.0110261 -0.00944223 -0.00811471 -0.00700304 -0.00608679 -0.00534704 -0.00474659 -0.00423936 -0.00382869 -0.00349981 -0.00324016 -0.00302244 -0.00286163 -0.0027152 -0.00259032 -0.00248887 -0.00238445 -0.0023188 -0.00227327 -0.00223805 -0.00223393 -0.00226783 -0.00235384 -0.00251058 -0.00275014 -0.00311312 -0.00359974 -0.00425473 -0.00508648 -0.00613462 -0.00742113 -0.008905 -0.0106064 -0.0125158 -0.014541 -0.0166135 -0.0186091 -0.020384 -0.0217929 -0.0226333 -0.0227593 -0.0220404 -0.0203742 -0.0177698 -0.0143118 -0.010118 -0.00542503 -0.000523083 0.00430292 0.00875315 0.0125421 0.0155001 0.0174916 0.0184774 0.0185438 0.0178299 0.0165395 0.0149134 0.013135 0.0113912 0.00979377 0.00840724 0.00728429 0.00641393 0.00578373 0.00540702 0.0052617 0.00539446 0.00584923 0.00665213 0.00783943 0.00938028 0.0111906 0.0131591 0.0150783 0.0167427 0.0179107 0.0183309 0.0178389 0.0163328 0.0137928 0.0103585 0.00621671 0.00161511 -0.00313006 -0.00770861 -0.0118633 -0.0153322 -0.0179448 -0.0196429 -0.020414 -0.0203266 -0.019531 -0.0181607 -0.0164009 -0.0144082 -0.0123207 -0.0102905 -0.0083567 -0.00656946 -0.00501264 -0.00367272 -0.00254524 -0.00162065 -0.00086017 -0.000275756 0.000180041 0.000532188 0.00080817 0.00102125 0.00118523 0.00131827 0.00142363 0.00150779 0.00159448 0.00165503 0.00172185 0.00178654 0.00181645 0.00182973 0.0018081 0.00175441 0.00165767 0.00150321 0.00125283 0.000908502 0.000444106 -0.00016393 -0.000935265 -0.00188443 -0.00306906 -0.00451667 -0.00621739 -0.0081825 -0.0103945 -0.0128347 -0.0154596 -0.018218 -0.0210173 -0.0238041 -0.0264651 -0.0288814 -0.0309303 -0.0325077 -0.0335029 -0.0338082 -0.0334092 -0.0322169 -0.0302176 -0.0274176 -0.023889 -0.0196913 -0.0148967 -0.00965907 -0.00407074 0.00169845 0.00751487 0.0132065 0.0186471 0.0237089 0.0282393 0.0321759 0.0354227 0.0379439 0.039652 
0 -0.00753424 -0.0149684 -0.0221783 -0.029048 -0.0355081 -0.041495 -0.0469712 -0.0518993 -0.0562456 -0.0599654 -0.0630522 -0.0655262 -0.0673918 -0.0686607 -0.0693135 -0.0693594 -0.0688005 -0.0676616 -0.0659506 -0.0637026 -0.0609957 -0.0578521 -0.0543399 -0.0505392 -0.046549 -0.0424456 -0.0383406 -0.0343484 -0.0304945 -0.0268296 -0.0234214 -0.0203069 -0.0175083 -0.0150369 -0.0128894 -0.0110471 -0.00948146 -0.00817559 -0.0070752 -0.00618892 -0.00546151 -0.00485031 -0.00436413 -0.00397325 -0.00365628 -0.0033831 -0.00316924 -0.00299113 -0.00285116 -0.00273466 -0.00262598 -0.0025366 -0.00248456 -0.00244097 -0.00243684 -0.00248279 -0.00258379 -0.00275929 -0.00302037 -0.00339318 -0.00391679 -0.00464159 -0.00554854 -0.00667779 -0.00804443 -0.00965667 -0.0115043 -0.0135447 -0.0157029 -0.017935 -0.0200705 -0.0219615 -0.0234369 -0.0243152 -0.024432 -0.023656 -0.0218907 -0.0191249 -0.0154204 -0.0109527 -0.00595436 -0.000712411 0.00444402 0.00920516 0.0132845 0.0164721 0.0186285 0.019732 0.0198565 0.0191503 0.0178246 0.0161243 0.0142366 0.0123716 0.0106495 0.00915392 0.0079389 0.00700688 0.00633873 0.00595397 0.00582751 0.00601419 0.00654414 0.00744386 0.00873401 0.0103826 0.0122924 0.0143564 0.0163559 0.0180678 0.0192327 0.0196047 0.0189985 0.0173215 0.014576 0.0108833 0.00643773 0.00153265 -0.00352041 -0.00839727 -0.0127898 -0.0164655 -0.0192549 -0.0210719 -0.0219031 -0.0218297 -0.0209843 -0.0195241 -0.0176375 -0.0155219 -0.0132907 -0.0110975 -0.00901771 -0.00711604 -0.00543132 -0.00397879 -0.00275418 -0.00176691 -0.000954571 -0.000309066 0.000194237 0.00058261 0.000892311 0.00112367 0.00129702 0.00143728 0.00154393 0.00165365 0.00174677 0.0018098 0.00186589 0.00191633 0.00193634 0.00193919 0.00189946 0.00182157 0.00167451 0.00145412 0.00112516 0.000685276 0.000121961 -0.00063145 -0.00156321 -0.00270196 -0.0040902 -0.00575083 -0.00767555 -0.00984834 -0.0122473 -0.0148371 -0.0175703 -0.0203886 -0.0231824 -0.0258751 -0.0283495 -0.0304703 -0.0321533 -0.033289 -0.0337745 -0.0335192 -0.0325322 -0.0307906 -0.0282766 -0.0250522 -0.0211968 -0.0168081 -0.0119894 -0.00688384 -0.00159782 0.00374814 0.00900119 0.0140246 0.0187195 0.0230072 0.0268016 0.0300478 0.0326979 0.0347117 0.0360593 
0 -0.00760119 -0.0150946 -0.0223615 -0.0292939 -0.0358366 -0.0419124 -0.0474709 -0.0524765 -0.0569106 -0.060749 -0.0639798 -0.0666191 -0.0686607 -0.0701273 -0.0710211 -0.0713521 -0.0711124 -0.0702926 -0.0688898 -0.0669359 -0.0645058 -0.0616127 -0.0583018 -0.0546453 -0.0507317 -0.0466316 -0.042455 -0.0383202 -0.0342699 -0.0303737 -0.0267102 -0.0233209 -0.0202181 -0.01743 -0.0149778 -0.0128599 -0.0110536 -0.00952467 -0.00822637 -0.00716128 -0.00628435 -0.00555157 -0.00496613 -0.0044966 -0.0041105 -0.00377703 -0.00351546 -0.0033035 -0.0031375 -0.00300052 -0.00287245 -0.00277394 -0.00271275 -0.00266493 -0.00265683 -0.00270572 -0.00281562 -0.00300416 -0.00328693 -0.00369736 -0.00426556 -0.00503532 -0.00600264 -0.00721493 -0.00869039 -0.010419 -0.0123925 -0.0145711 -0.0168705 -0.0192258 -0.021481 -0.0234771 -0.0250371 -0.0259633 -0.0260824 -0.0252474 -0.0233576 -0.0204105 -0.0164918 -0.0117698 -0.00648738 -0.000942785 0.00453084 0.00960117 0.0139527 0.0173706 0.0197078 0.0209348 0.0211288 0.0204394 0.0190816 0.017313 0.0153373 0.0133688 0.0115378 0.00993383 0.0086212 0.00761517 0.00691064 0.00652748 0.00644099 0.00669145 0.00730094 0.00828897 0.00967366 0.0114206 0.0134323 0.0155865 0.0176498 0.0193855 0.0205243 0.0208149 0.0200818 0.0182346 0.0152725 0.0113317 0.00661558 0.00142197 -0.00391599 -0.00906255 -0.0137106 -0.0175988 -0.020543 -0.0224533 -0.0233268 -0.0232523 -0.0223752 -0.0208505 -0.0188651 -0.0166101 -0.0142345 -0.0119016 -0.00968263 -0.00764093 -0.00583866 -0.0042908 -0.00298551 -0.00191584 -0.00103135 -0.000333842 0.000206125 0.000625321 0.000961472 0.00121584 0.00140669 0.00155669 0.00167551 0.00179108 0.00188976 0.00195131 0.00200341 0.00204562 0.00205151 0.00203139 0.00196214 0.00184041 0.00163454 0.00133148 0.000906149 0.000365998 -0.000315424 -0.00121033 -0.00232483 -0.00367069 -0.00527755 -0.00715293 -0.00928084 -0.0116456 -0.0142116 -0.0169268 -0.0197218 -0.0225217 -0.0252168 -0.0277254 -0.0299177 -0.0316571 -0.0328708 -0.0334815 -0.033399 -0.032554 -0.0309822 -0.0286948 -0.0257184 -0.0221378 -0.0180581 -0.0135847 -0.00884016 -0.00398241 0.000890469 0.0056747 0.0102526 0.0145104 0.018384 0.021837 0.0248279 0.0273405 0.0293439 0.0308261 0.0317898 
0 -0.00753576 -0.0149588 -0.0221715 -0.02907 -0.035622 -0.041725 -0.0473192 -0.0523708 -0.0568755 -0.0608376 -0.0642255 -0.0670592 -0.0693135 -0.0710211 -0.0721932 -0.07283 -0.0729309 -0.0724593 -0.071421 -0.0698235 -0.0677203 -0.0651184 -0.0620549 -0.0586121 -0.0548541 -0.0508351 -0.0466504 -0.0424233 -0.0382231 -0.0341352 -0.0302389 -0.0265872 -0.0231867 -0.0200898 -0.017331 -0.0149155 -0.0128367 -0.0110479 -0.00953549 -0.00827976 -0.00724156 -0.00636661 -0.00565031 -0.00507667 -0.00460793 -0.00421371 -0.00390333 -0.0036493 -0.00344224 -0.00327573 -0.00312527 -0.00302737 -0.00296086 -0.00291026 -0.00288997 -0.00292826 -0.00304142 -0.00324476 -0.00355247 -0.0040044 -0.00462383 -0.00544631 -0.00648145 -0.00776651 -0.00934257 -0.0111827 -0.013278 -0.015583 -0.0180159 -0.0204929 -0.0228769 -0.0249755 -0.0266099 -0.0275672 -0.027677 -0.0267851 -0.0247846 -0.02167 -0.0175487 -0.0125798 -0.00702459 -0.00119823 0.00456947 0.00992442 0.0145315 0.0181732 0.0206972 0.0220614 0.0223478 0.0216967 0.0203242 0.018491 0.0164254 0.0143467 0.0124112 0.0107141 0.00932837 0.00826713 0.00753484 0.00714173 0.00708036 0.00738153 0.00807361 0.00916424 0.0106631 0.0125156 0.0146233 0.0168426 0.0189396 0.0206658 0.0217545 0.0219457 0.021078 0.0190619 0.0158919 0.0117116 0.00673704 0.00126348 -0.00434604 -0.00973987 -0.0146175 -0.018695 -0.0217847 -0.0237934 -0.0247161 -0.0246404 -0.0237259 -0.0221275 -0.0200504 -0.0176701 -0.0151643 -0.0126961 -0.010346 -0.00817463 -0.00626166 -0.00460678 -0.00321267 -0.00205569 -0.00109932 -0.000348348 0.000227482 0.000670216 0.00102038 0.00129648 0.00151197 0.00168042 0.00181979 0.00193484 0.00203301 0.00208764 0.00213694 0.00217307 0.00216128 0.00210015 0.00197958 0.0017942 0.00152772 0.00114489 0.000619164 -4.11054e-05 -0.000877767 -0.00193764 -0.00324961 -0.00480486 -0.00663178 -0.00872214 -0.0110411 -0.0135679 -0.0162547 -0.019041 -0.0218364 -0.0245397 -0.027043 -0.0292713 -0.0310918 -0.0323781 -0.0330482 -0.0330663 -0.0323704 -0.03093 -0.0288032 -0.0260126 -0.0226379 -0.0187807 -0.0145853 -0.0101513 -0.00560159 -0.00110429 0.00325102 0.00736166 0.0111678 0.0145893 0.017602 0.0201974 0.022359 0.0241177 0.0254648 0.0264334 0.0270404 
0 -0.00733254 -0.0145777 -0.0216221 -0.0284136 -0.0348724 -0.0409381 -0.046521 -0.0515996 -0.0561847 -0.060253 -0.0638148 -0.0668451 -0.0693594 -0.0713521 -0.07283 -0.0737985 -0.0742401 -0.0741566 -0.0735161 -0.0723266 -0.0705928 -0.0683255 -0.065571 -0.0623977 -0.0588553 -0.0549798 -0.0508603 -0.0466211 -0.0423423 -0.0380995 -0.0340009 -0.0300919 -0.0264299 -0.0230425 -0.0199786 -0.0172531 -0.0148519 -0.0127855 -0.0110186 -0.00955436 -0.00832638 -0.00728414 -0.00642509 -0.00573394 -0.00517039 -0.00470944 -0.00433016 -0.00402513 -0.00377517 -0.00356245 -0.00339813 -0.00327078 -0.00319735 -0.00314038 -0.00311967 -0.00316639 -0.00329213 -0.00350918 -0.00384402 -0.00431248 -0.00497755 -0.00586541 -0.00697312 -0.00834278 -0.00999641 -0.0119538 -0.0141758 -0.0165961 -0.019155 -0.021775 -0.0242692 -0.0264603 -0.0281403 -0.029122 -0.0292137 -0.0282636 -0.0261697 -0.022919 -0.0185887 -0.0133973 -0.00759111 -0.00147929 0.00456268 0.0101732 0.015038 0.0188907 0.0215902 0.0231095 0.0234963 0.0228958 0.0215315 0.0196525 0.0175082 0.0153369 0.0133005 0.0115155 0.0100543 0.00894135 0.00818076 0.00778667 0.00775541 0.00811733 0.00889475 0.0100928 0.0116968 0.0136532 0.0158412 0.0181046 0.0202193 0.021916 0.0229246 0.0230146 0.0220004 0.0197963 0.0164313 0.0120134 0.00677317 0.00104972 -0.00480609 -0.01044 -0.0155017 -0.0197462 -0.0229782 -0.0250854 -0.0260605 -0.0260036 -0.0250523 -0.0233892 -0.0212002 -0.0187136 -0.0160909 -0.0134837 -0.0110036 -0.0087256 -0.00668478 -0.00492283 -0.00343111 -0.0022037 -0.00119632 -0.000382785 0.000238404 0.000719649 0.00110377 0.00140297 0.00163617 0.00181842 0.00195626 0.00208645 0.00217112 0.00222565 0.00226274 0.00228113 0.00225178 0.00214843 0.00196909 0.00171611 0.00136652 0.000890455 0.000251891 -0.000565368 -0.00157653 -0.0028489 -0.00435961 -0.00612616 -0.00815583 -0.0104394 -0.0129394 -0.0155861 -0.0183365 -0.0211122 -0.0238269 -0.0263581 -0.0285911 -0.0304408 -0.0318031 -0.0325525 -0.0326392 -0.0320294 -0.0307069 -0.028693 -0.0260464 -0.0228451 -0.0191515 -0.0151335 -0.0109311 -0.00666415 -0.0024498 0.00158816 0.00532216 0.00870718 0.0116776 0.0142345 0.016378 0.018115 0.0194754 0.0204815 0.0212123 0.021697 0.0219941 
0 -0.00701784 -0.0139642 -0.0207727 -0.0273405 -0.0336367 -0.0395726 -0.0451058 -0.050206 -0.0548505 -0.0590428 -0.0627511 -0.0660115 -0.0688005 -0.0711124 -0.0729309 -0.0742401 -0.0750654 -0.0753749 -0.0751664 -0.0744048 -0.0730847 -0.071219 -0.0688298 -0.0659796 -0.0626946 -0.0590186 -0.0550451 -0.0508697 -0.0465689 -0.0422261 -0.0379416 -0.0338256 -0.0299086 -0.0262518 -0.0228867 -0.0198371 -0.0171352 -0.0147562 -0.0127291 -0.0110078 -0.00956066 -0.00834021 -0.00732704 -0.00650729 -0.00583129 -0.00526601 -0.00480916 -0.00444467 -0.00414783 -0.00390771 -0.00369629 -0.00355118 -0.00344114 -0.00337592 -0.00336132 -0.00342146 -0.00356226 -0.00379117 -0.00412835 -0.00463893 -0.00534916 -0.00627499 -0.00745621 -0.00890785 -0.0106721 -0.0127203 -0.0150437 -0.0176015 -0.0203055 -0.023018 -0.0256214 -0.0278862 -0.0296221 -0.0306162 -0.0306956 -0.0296904 -0.0274919 -0.0240909 -0.0196125 -0.0142074 -0.0081608 -0.00181037 0.00450024 0.0103798 0.0154671 0.0195328 0.0224217 0.0240741 0.0245663 0.0240341 0.0226854 0.0207869 0.0186067 0.0163577 0.0142352 0.0123569 0.0108037 0.00962201 0.00884086 0.00845334 0.00848199 0.00892426 0.00979284 0.0110868 0.0127859 0.014813 0.0170712 0.0193747 0.0214867 0.0231424 0.0240723 0.0240211 0.0228451 0.0204624 0.0168698 0.0122206 0.0067594 0.000790204 -0.00528845 -0.0111034 -0.0163648 -0.0207698 -0.024121 -0.0263128 -0.0273423 -0.0272915 -0.0263218 -0.024599 -0.0223422 -0.0197191 -0.0169694 -0.0142552 -0.0116617 -0.00924264 -0.00709027 -0.00522435 -0.0036631 -0.0023527 -0.00127868 -0.000426853 0.000243803 0.000773717 0.00119459 0.00152236 0.00176347 0.00193844 0.0020907 0.00220924 0.00230939 0.00235458 0.00237323 0.00235898 0.00228757 0.00213931 0.00190828 0.001576 0.00113401 0.00053208 -0.000249963 -0.00121975 -0.00243305 -0.00389406 -0.00563087 -0.00760031 -0.00981901 -0.0122742 -0.0149017 -0.0176367 -0.0203833 -0.0230752 -0.0256196 -0.0278914 -0.0297762 -0.0311735 -0.0319854 -0.0321461 -0.0316081 -0.0303866 -0.0284706 -0.0259184 -0.0228351 -0.0192959 -0.0154315 -0.011365 -0.00728499 -0.00330196 0.000477982 0.0039354 0.00700794 0.00961461 0.0117656 0.013458 0.0147445 0.0156669 0.0162513 0.0165875 0.016735 0.0167991 0.01681 
