0 0 0 0 0 0 0 0 0 0 0 0 0 0 0 0 0 0 0 0 0 0 0 0 0 0 0 0 0 0 0 0 0 0 0 0 0 0 0 0 0 0 0 0 0 0 0 0 0 0 0 0 0 0 0 0 0 0 0 0 0 0 0 0 0 0 0 0 0 0 0 0 0 0 0 0 0 0 0 0 0 0 0 0 0 0 0 0 0 0 0 0 0 0 0 0 0 0 0 0 0 0 0 0 0 0 0 0 0 0 0 0 0 0 0 0 0 0 0 0 0 0 0 0 0 0 0 0 0 0 0 0 0 0 0 0 0 0 0 0 0 0 0 0 0 0 0 0 0 0 0 0 0 0 0 0 0 0 0 0 0 0 0 0 0 0 0 0 0 0 0 0 0 0 0 0 0 0 0 0 0 0 0 0 0 0 0 0 0 0 0 0 0 0 0 0 0 0 0 0 
0 3.93152e-07 1.02958e-05 2.75261e-05 3.21082e-05 2.68587e-05 2.97235e-05 4.36135e-05 4.2134e-05 3.48403e-05 3.4005e-05 2.99601e-05 1.44861e-05 -4.10017e-06 -2.42869e-05 -5.66369e-05 -0.000101618 -0.000167799 -0.000239882 -0.000319778 -0.000421702 -0.000561134 -0.000707058 -0.000842015 -0.000983417 -0.0011331 -0.00128368 -0.00138911 -0.00143793 -0.00142516 -0.00136355 -0.00123443 -0.00101754 -0.000717687 -0.000354442 3.31165e-05 0.000436893 0.000843824 0.00121947 0.00153342 0.00178296 0.00195068 0.00204453 0.00206948 0.00205244 0.00199635 0.001934 0.00190529 0.00192857 0.00200924 0.0021204 0.00228742 0.00250771 0.00276861 0.00305717 0.00334087 0.00357258 0.00373988 0.00382424 0.0038204 0.00368774 0.00341251 0.00298095 0.00239128 0.00166874 0.000845997 -3.64287e-05 -0.000951734 -0.00186461 -0.00273958 -0.00353145 -0.00419509 -0.00470384 -0.0050572 -0.00523525 -0.00526839 -0.00517057 -0.00495549 -0.00463802 -0.00424918 -0.00380663 -0.00334944 -0.00288842 -0.00244409 -0.00203446 -0.00167889 -0.00136801 -0.00110749 -0.00088604 -0.000704213 -0.000554048 -0.000431322 -0.000327837 -0.000249063 -0.000189249 -0.000150697 -0.000124457 -0.000111358 -0.000102018 -9.64155e-05 -9.03587e-05 -8.70223e-05 -8.68696e-05 -9.74254e-05 -0.000116526 -0.000149991 -0.00019315 -0.000253155 -0.000327062 -0.000421509 -0.00053704 -0.000682579 -0.000864503 -0.00109386 -0.00135966 -0.0016718 -0.00202879 -0.00243338 -0.00287305 -0.00333383 -0.00378431 -0.00422393 -0.00461805 -0.00493383 -0.0051486 -0.00524616 -0.00520111 -0.0050182 -0.00466462 -0.00414906 -0.00348547 -0.00269362 -0.00181114 -0.000889438 3.31389e-05 0.000917975 0.00173784 0.00244883 0.00303274 0.00347325 0.00375653 0.00390047 0.00391607 0.00383248 0.0036579 0.00341985 0.00313698 0.00283785 0.00255716 0.00231339 0.00210418 0.00195511 0.00185034 0.00180678 0.00182425 0.00188634 0.00195809 0.00199062 0.00197715 0.00191377 0.00179646 0.00159646 0.0013126 0.000959661 0.000575787 0.000191876 -0.000173425 -0.000522108 -0.000816727 -0.00103821 -0.00118174 -0.00124857 -0.00125604 -0.00120583 -0.00111231 -0.000980043 -0.000842561 -0.000701664 -0.00055798 -0.000414185 -0.000287906 -0.000193906 -0.000112665 -2.78506e-05 4.95179e-05 9.0933e-05 0.000112285 0.00013574 0.000174811 0.000203411 0.000201771 0.000188006 0.000201968 0.000230891 0.000223909 0.00020133 0.000199984 0.000221271 0.00022223 0.000202164 
0 1.02958e-05 1.66981e-05 3.00307e-05 3.83941e-05 4.2513e-05 5.25468e-05 7.17362e-05 6.65347e-05 6.20453e-05 7.17241e-05 6.5792e-05 4.08581e-05 2.7559e-06 -3.7779e-05 -0.000105532 -0.000189957 -0.000315458 -0.00047674 -0.000647771 -0.000859099 -0.001113 -0.00140382 -0.00169179 -0.00199043 -0.00228645 -0.00254949 -0.00276004 -0.00286585 -0.00286957 -0.00274133 -0.00246613 -0.00203217 -0.00143833 -0.000731164 4.72094e-05 0.000852008 0.00166934 0.00243263 0.003071 0.0035642 0.00389704 0.00409088 0.00416608 0.00412464 0.00401306 0.00390036 0.00384187 0.00387642 0.00401309 0.00425493 0.00459419 0.00503408 0.00554867 0.00610208 0.00663406 0.0070883 0.00742144 0.00758892 0.00754853 0.00726511 0.00669326 0.0058132 0.00466441 0.00324804 0.00162741 -0.000111885 -0.00192094 -0.00373236 -0.0054549 -0.00701288 -0.00831459 -0.00933499 -0.0100282 -0.0104011 -0.0104842 -0.0102914 -0.00987201 -0.0092561 -0.00847079 -0.00761047 -0.00670786 -0.00579512 -0.00492866 -0.00412394 -0.0034116 -0.00279779 -0.00226135 -0.00180399 -0.00142987 -0.00112205 -0.000878517 -0.000685293 -0.000537405 -0.00042525 -0.000343977 -0.000278675 -0.000234585 -0.000203295 -0.000188864 -0.000185247 -0.000193797 -0.000209268 -0.000237431 -0.00027267 -0.000327785 -0.000403155 -0.000512858 -0.000664376 -0.000864791 -0.00110804 -0.00141389 -0.00178729 -0.00223601 -0.00277019 -0.0033836 -0.00408608 -0.00489739 -0.0057695 -0.00667495 -0.00758387 -0.00843749 -0.0092122 -0.00983535 -0.0102427 -0.010422 -0.0103365 -0.00995245 -0.0092547 -0.00822913 -0.0069161 -0.00534619 -0.00361436 -0.00180569 8.48813e-06 0.00174874 0.00335999 0.00479238 0.00595495 0.00683328 0.00741549 0.00770251 0.00774339 0.00759359 0.00727326 0.00681037 0.00625431 0.00567251 0.00511921 0.00462164 0.004227 0.00393334 0.00373518 0.00365119 0.00369204 0.00380329 0.00391214 0.00398224 0.0039751 0.00384933 0.00358355 0.00315713 0.00259518 0.00191389 0.00115142 0.000387486 -0.00036128 -0.00105303 -0.0016403 -0.00207543 -0.00235668 -0.00250268 -0.00251242 -0.00242581 -0.00223465 -0.00197637 -0.001692 -0.00140145 -0.00112148 -0.000837573 -0.000582988 -0.00036655 -0.000192425 -3.82049e-05 9.30891e-05 0.000183582 0.000256453 0.000305117 0.000343127 0.000374658 0.000391867 0.000392673 0.000398966 0.00041555 0.000411958 0.00040533 0.000411785 0.000416493 0.000415598 0.000416463 
0 2.75261e-05 3.00307e-05 4.04833e-05 6.09404e-05 7.85362e-05 8.89573e-05 0.000104434 0.000100693 0.000101988 0.000106098 8.7332e-05 4.98057e-05 7.1229e-06 -6.3482e-05 -0.000175983 -0.000300099 -0.000474876 -0.000705854 -0.00098652 -0.00129888 -0.00167299 -0.00208845 -0.00253282 -0.00300137 -0.00343436 -0.00382294 -0.00411692 -0.00430321 -0.00431194 -0.00411758 -0.00368937 -0.00302899 -0.00216238 -0.00110824 5.57836e-05 0.00128396 0.0025066 0.00362329 0.00456632 0.00532974 0.00585205 0.00614052 0.00622082 0.00618397 0.00604945 0.0058917 0.00580307 0.00584449 0.00606088 0.00640525 0.00692399 0.00757512 0.00830447 0.00908736 0.00986043 0.0105059 0.0109686 0.0111718 0.0110853 0.010615 0.00974415 0.00845294 0.00674036 0.00465893 0.00228545 -0.000270596 -0.00292374 -0.00556465 -0.00808761 -0.0103696 -0.0122917 -0.0137837 -0.014837 -0.015398 -0.0155385 -0.0152909 -0.0146933 -0.0137912 -0.0126752 -0.0114058 -0.0100899 -0.00876084 -0.00747476 -0.00627909 -0.00522322 -0.00428505 -0.0034822 -0.00279349 -0.00222748 -0.00176679 -0.00139838 -0.00109603 -0.0008659 -0.000686183 -0.000558707 -0.000461004 -0.000399291 -0.000355637 -0.000334114 -0.000324308 -0.000330951 -0.000349057 -0.000391759 -0.000451443 -0.000545004 -0.000666064 -0.000840494 -0.0010672 -0.00136571 -0.00173646 -0.00219795 -0.00276215 -0.00345516 -0.00425078 -0.00517663 -0.00623214 -0.00742371 -0.00871284 -0.0100543 -0.0113597 -0.0126172 -0.013734 -0.014621 -0.0152137 -0.0154649 -0.0153022 -0.0147296 -0.0136677 -0.0121459 -0.0102126 -0.0079289 -0.00539821 -0.00275435 -9.78646e-05 0.00246534 0.00485063 0.00693084 0.00864767 0.00996122 0.0108382 0.0113174 0.0114218 0.0112259 0.0107608 0.0101103 0.00933142 0.00849718 0.00769252 0.00697179 0.00635501 0.0059278 0.00565044 0.00553897 0.0055683 0.00570126 0.0058767 0.0059817 0.0059641 0.00576458 0.0053612 0.00471856 0.00387311 0.00285736 0.0017329 0.000569388 -0.000553695 -0.00159612 -0.00245437 -0.00310238 -0.00354073 -0.00375597 -0.0037743 -0.0036177 -0.00334555 -0.00296523 -0.00254222 -0.00209632 -0.00166802 -0.00126479 -0.000888487 -0.000560417 -0.000282764 -6.15372e-05 0.000114555 0.000252977 0.00038515 0.000469118 0.000507965 0.000539125 0.00058712 0.000614194 0.00061427 0.00061202 0.000609155 0.000632499 0.000637762 0.000617909 0.000603488 0.000632236 
0 3.21082e-05 3.83941e-05 6.09404e-05 9.28834e-05 0.00011051 0.000112649 0.000132971 0.000141612 0.000145804 0.000137252 9.74105e-05 5.96331e-05 1.00106e-05 -8.35972e-05 -0.000249273 -0.00042287 -0.000641243 -0.000944785 -0.00131232 -0.00175277 -0.00224244 -0.00279252 -0.00337517 -0.00399587 -0.00458716 -0.00509134 -0.00549974 -0.00573547 -0.00575478 -0.00548088 -0.00490804 -0.00404982 -0.00290085 -0.00150118 7.45688e-05 0.00170656 0.00331887 0.00480108 0.00606538 0.00708122 0.00778856 0.00818655 0.00831989 0.00824345 0.00806642 0.00790052 0.00781906 0.00788314 0.00813585 0.00860301 0.00927188 0.0101098 0.011046 0.0120219 0.0129525 0.01374 0.0142889 0.0145027 0.0143055 0.0136457 0.0124678 0.0107482 0.00853849 0.00583735 0.00274928 -0.000564043 -0.00399091 -0.00739575 -0.0106238 -0.013551 -0.0160291 -0.0180028 -0.0193876 -0.0201737 -0.0204044 -0.0201064 -0.0193649 -0.0182441 -0.0168079 -0.0152116 -0.013518 -0.011784 -0.0101083 -0.00853432 -0.00712381 -0.00589352 -0.00481642 -0.00389496 -0.00313354 -0.00250121 -0.00198937 -0.00157594 -0.00125369 -0.00100986 -0.000835092 -0.000702408 -0.000615212 -0.000554483 -0.000521562 -0.000507733 -0.000515023 -0.000540585 -0.00059764 -0.00068063 -0.000810928 -0.000988004 -0.00123066 -0.00155096 -0.00196138 -0.00245892 -0.00308044 -0.00384095 -0.00475717 -0.00584196 -0.00708144 -0.0084816 -0.0100597 -0.0117319 -0.0134447 -0.0151419 -0.0167297 -0.018155 -0.0192878 -0.0200109 -0.0202858 -0.0200436 -0.0192348 -0.0178413 -0.0158612 -0.0133691 -0.0104199 -0.0071652 -0.00375082 -0.000307829 0.00300772 0.00607547 0.0087886 0.0110096 0.0127294 0.0139365 0.0146201 0.01483 0.0146412 0.0141034 0.0132946 0.0123196 0.0112897 0.0102805 0.00933372 0.00854497 0.00795841 0.00758346 0.00743392 0.00749302 0.00766481 0.00784628 0.00797642 0.00796166 0.00769507 0.00712932 0.00625777 0.00514221 0.00380112 0.00228208 0.000728577 -0.000775671 -0.00213072 -0.00326567 -0.00413311 -0.00472324 -0.00502488 -0.00502286 -0.00481479 -0.00444193 -0.00396181 -0.00340509 -0.00280093 -0.00222275 -0.00168101 -0.00120214 -0.000767465 -0.000395011 -8.60066e-05 0.000152962 0.000330084 0.000495599 0.00061128 0.000679248 0.000730111 0.000780375 0.000808588 0.000819178 0.000828897 0.000826107 0.000836592 0.00084705 0.000831139 0.000818443 0.000837469 
0 2.68587e-05 4.2513e-05 7.85362e-05 0.00011051 0.00012146 0.000130532 0.000161753 0.000171655 0.000170045 0.000160163 0.000124215 6.9583e-05 1.4806e-06 -0.000117987 -0.000308749 -0.000529252 -0.000818959 -0.00119234 -0.00165325 -0.00218996 -0.00281986 -0.00350611 -0.00423366 -0.00500296 -0.00573113 -0.00637865 -0.00687341 -0.0071752 -0.00718461 -0.006852 -0.0061444 -0.00506718 -0.00364456 -0.00190246 4.4659e-05 0.00208767 0.00409964 0.00593808 0.00751525 0.008807 0.00971422 0.0102255 0.0103883 0.0103449 0.0101686 0.00997349 0.00987371 0.00995069 0.0102785 0.0108309 0.0116471 0.0126448 0.0137243 0.0148401 0.0159113 0.0167829 0.0173532 0.0175 0.0171665 0.0162522 0.0147459 0.0126349 0.00992394 0.00666609 0.00296608 -0.00100978 -0.00511342 -0.00917549 -0.013042 -0.0165518 -0.019549 -0.0219339 -0.0236645 -0.0246646 -0.0250049 -0.0247255 -0.0238883 -0.0225714 -0.0209063 -0.0189975 -0.0169816 -0.0149132 -0.0128787 -0.0109557 -0.00922049 -0.00766278 -0.00630749 -0.00513783 -0.00416545 -0.00336579 -0.00271643 -0.00218312 -0.00176857 -0.00144479 -0.00120926 -0.00103137 -0.000913503 -0.000831743 -0.000787653 -0.000767987 -0.00077854 -0.000815078 -0.000894115 -0.00101055 -0.00118678 -0.00141748 -0.00173474 -0.00214168 -0.00266469 -0.0033112 -0.00410953 -0.00507979 -0.00625453 -0.00760421 -0.00915117 -0.0108859 -0.0128017 -0.0148331 -0.0169082 -0.0189128 -0.0208097 -0.0224743 -0.0237728 -0.0245982 -0.0248741 -0.0245028 -0.02348 -0.0217333 -0.019315 -0.0163041 -0.012787 -0.00890248 -0.00482794 -0.000713818 0.00327301 0.00698539 0.0102425 0.0129575 0.015096 0.0166241 0.017564 0.017924 0.0177844 0.0172037 0.0163147 0.0152205 0.0140271 0.0128375 0.0117242 0.0107511 0.0100529 0.00961044 0.00943192 0.00946255 0.00963393 0.0098612 0.00999881 0.00994254 0.00957942 0.00886669 0.00777762 0.00636973 0.0046855 0.00280994 0.000871374 -0.000991045 -0.00269085 -0.00409854 -0.00517654 -0.00591153 -0.00627377 -0.00629127 -0.00602257 -0.00556592 -0.00495359 -0.00426052 -0.00351577 -0.00278835 -0.00211141 -0.00149972 -0.000968311 -0.000506668 -0.000117482 0.000193997 0.000418818 0.000604753 0.000741974 0.000845924 0.000923267 0.000969479 0.000980923 0.0010057 0.00104475 0.00103674 0.00102391 0.00103071 0.00104922 0.00104304 0.00103851 
0 2.97235e-05 5.25468e-05 8.89573e-05 0.000112649 0.000130532 0.000158551 0.000194603 0.00018767 0.000176539 0.000184852 0.000157145 8.15091e-05 -2.90118e-05 -0.00016564 -0.000370799 -0.000637634 -0.00100505 -0.00147153 -0.00200646 -0.00264616 -0.003396 -0.00423693 -0.00511275 -0.00601909 -0.00689126 -0.00765733 -0.00826161 -0.0086064 -0.00862473 -0.0082325 -0.00739531 -0.00610995 -0.00439401 -0.00231983 -2.34303e-06 0.00242027 0.00482941 0.00706016 0.0089724 0.0105037 0.0115888 0.0122328 0.0124963 0.0124655 0.0122734 0.0120705 0.0119754 0.01208 0.012449 0.0131023 0.014021 0.0151313 0.0163262 0.0175271 0.0186341 0.0195162 0.0200408 0.0200799 0.0195412 0.0183657 0.0165196 0.0140019 0.0108636 0.0071196 0.0028841 -0.00165053 -0.00632362 -0.0109492 -0.0153375 -0.0193307 -0.0227611 -0.0255418 -0.027576 -0.0288224 -0.0293134 -0.0290773 -0.0282016 -0.0267766 -0.0249132 -0.022788 -0.0205008 -0.0181282 -0.0157839 -0.0135426 -0.011484 -0.00963592 -0.00799219 -0.00656606 -0.00537121 -0.00437988 -0.0035734 -0.00292159 -0.00240651 -0.00200688 -0.00170479 -0.00147028 -0.00130491 -0.00119092 -0.0011281 -0.00110966 -0.00113252 -0.00119247 -0.00129889 -0.00144803 -0.00166466 -0.00195632 -0.00234913 -0.00286488 -0.00352258 -0.00432796 -0.00531708 -0.00650811 -0.00791898 -0.00955381 -0.011398 -0.013447 -0.0156943 -0.0180408 -0.020403 -0.0226934 -0.0248068 -0.0266513 -0.0280692 -0.0289202 -0.029135 -0.0286288 -0.0273562 -0.0253018 -0.0224978 -0.0190432 -0.0150233 -0.0106093 -0.00597985 -0.00129863 0.00324202 0.00747842 0.0112528 0.0144169 0.016946 0.0188179 0.020013 0.0205647 0.0205494 0.0200376 0.019134 0.0179655 0.0166672 0.0153469 0.0140854 0.0130063 0.0121969 0.0116741 0.0114471 0.0114821 0.0116712 0.0118869 0.0120172 0.0119246 0.0114698 0.0105829 0.0092553 0.00755732 0.0055384 0.00329189 0.000993043 -0.00123431 -0.00326136 -0.00495905 -0.00624152 -0.00709143 -0.00752094 -0.0075476 -0.00725827 -0.00669951 -0.00595425 -0.00511389 -0.00423882 -0.00338667 -0.00256219 -0.00181512 -0.00116631 -0.000625499 -0.000165366 0.00021247 0.000495749 0.000721836 0.000880689 0.000999396 0.00109329 0.00115269 0.001171 0.00119641 0.00123577 0.00123494 0.00122245 0.001232 0.00124947 0.00124873 0.00124606 
0 4.36135e-05 7.17362e-05 0.000104434 0.000132971 0.000161753 0.000194603 0.00022082 0.000209195 0.000197074 0.00019738 0.000157272 6.18396e-05 -6.60466e-05 -0.000232573 -0.000472429 -0.000789004 -0.0012171 -0.00175216 -0.00237988 -0.0031205 -0.00399919 -0.004975 -0.00599428 -0.00704196 -0.00805569 -0.00896389 -0.00966184 -0.0100579 -0.0100657 -0.00961926 -0.0086603 -0.00716578 -0.00516952 -0.00275929 -8.09626e-05 0.00272894 0.00552568 0.0081198 0.010354 0.0121513 0.0134361 0.0142164 0.0145572 0.0145801 0.0144033 0.0141919 0.0141049 0.0142474 0.0146784 0.0153838 0.0163626 0.0175315 0.0187756 0.0200065 0.021106 0.0219099 0.0222922 0.0221346 0.0213636 0.0199016 0.0177296 0.0148509 0.0112978 0.00712557 0.00245686 -0.00252128 -0.00763171 -0.0126829 -0.0174923 -0.0218843 -0.0256916 -0.028801 -0.0311305 -0.0326087 -0.0332672 -0.0331383 -0.0322906 -0.0308194 -0.0288665 -0.0265786 -0.0240884 -0.021477 -0.0188525 -0.0163167 -0.0139617 -0.0118136 -0.00989875 -0.00822485 -0.00680667 -0.00562216 -0.00464421 -0.00384038 -0.00320021 -0.0026982 -0.00232023 -0.00203583 -0.00183721 -0.00170131 -0.00162243 -0.0015905 -0.00160812 -0.00167546 -0.00180605 -0.00200266 -0.00228693 -0.00266305 -0.0031585 -0.00378797 -0.00457766 -0.00554508 -0.00672375 -0.00813877 -0.00981321 -0.0117264 -0.0138716 -0.0162252 -0.0187547 -0.0213693 -0.0239727 -0.0264524 -0.0287286 -0.0306725 -0.0321268 -0.0329561 -0.0330712 -0.0323848 -0.0308763 -0.02852 -0.0253775 -0.0215482 -0.0171364 -0.0123009 -0.00723166 -0.00210587 0.0028856 0.00756578 0.0117487 0.0153142 0.018218 0.0204232 0.0219204 0.0227206 0.0228912 0.0224996 0.0216643 0.0205074 0.0191666 0.017775 0.0164384 0.0152637 0.0143701 0.0137772 0.013505 0.013515 0.0137092 0.013944 0.0140448 0.0138702 0.0132967 0.0122558 0.0107112 0.00871245 0.00633766 0.00372668 0.00106088 -0.00151061 -0.00386271 -0.00583174 -0.00731857 -0.00829808 -0.00878331 -0.00882089 -0.00847805 -0.00783108 -0.00695965 -0.00598251 -0.00497206 -0.00398096 -0.00302685 -0.00215353 -0.00140348 -0.000773202 -0.000239732 0.000198289 0.00053607 0.000808234 0.00100491 0.00113964 0.00124395 0.00133012 0.00137794 0.0014039 0.00142485 0.00143287 0.00144962 0.00145781 0.00144728 0.00143715 0.00145747 
0 4.2134e-05 6.65347e-05 0.000100693 0.000141612 0.000171655 0.00018767 0.000209195 0.000223543 0.000221479 0.000193121 0.000127136 3.82238e-05 -8.67101e-05 -0.000291358 -0.000590718 -0.000961781 -0.00143438 -0.00203858 -0.00277267 -0.0036385 -0.00463979 -0.00574205 -0.00690303 -0.0080979 -0.00925803 -0.0102916 -0.0110842 -0.011531 -0.0115372 -0.0110293 -0.00994651 -0.00825933 -0.00599858 -0.00326493 -0.000221955 0.00297137 0.00614853 0.00910833 0.0116741 0.0137418 0.015242 0.0161822 0.0166311 0.016706 0.016549 0.016347 0.0162762 0.0164467 0.0169067 0.0176407 0.0186324 0.0198042 0.0210418 0.0222305 0.0232287 0.0238731 0.0240392 0.0236269 0.0225683 0.0207983 0.0182942 0.0150676 0.0111606 0.00664337 0.00164449 -0.00365292 -0.00907319 -0.0144316 -0.0195455 -0.0242362 -0.028339 -0.0317311 -0.0343206 -0.0360378 -0.0368923 -0.0369109 -0.0361536 -0.0347153 -0.0327363 -0.0303676 -0.0277406 -0.0249485 -0.0221037 -0.0193201 -0.0166941 -0.0142705 -0.0120813 -0.0101481 -0.00848951 -0.00709228 -0.00592986 -0.0049734 -0.00420421 -0.00359756 -0.00313145 -0.00277825 -0.0025243 -0.00235076 -0.00224851 -0.00221103 -0.00223721 -0.00232872 -0.00249424 -0.00274122 -0.00308911 -0.00355077 -0.00415112 -0.00491191 -0.00585736 -0.00700967 -0.00839938 -0.0100517 -0.011981 -0.0141677 -0.0165897 -0.0192143 -0.021991 -0.0248232 -0.0276037 -0.0302207 -0.0325798 -0.0345489 -0.0359684 -0.036702 -0.0366603 -0.0357743 -0.0340249 -0.0314071 -0.0279858 -0.0238603 -0.019145 -0.0140011 -0.00861887 -0.00317894 0.00213357 0.0071454 0.0116777 0.015603 0.0188578 0.0213992 0.023208 0.0242969 0.0247206 0.0245389 0.023848 0.022772 0.0214624 0.020068 0.0187108 0.0175049 0.0165588 0.0159135 0.0156048 0.015605 0.0158004 0.0160166 0.0160665 0.0157998 0.0150951 0.0138706 0.0120884 0.00979075 0.0070725 0.00409617 0.00106309 -0.00185266 -0.00450465 -0.00672906 -0.00841884 -0.00953687 -0.0100896 -0.0101235 -0.00972199 -0.00898626 -0.00801246 -0.00690403 -0.00573995 -0.00459304 -0.00350739 -0.00252241 -0.00166393 -0.000929457 -0.000308486 0.000191155 0.000575053 0.000882141 0.00111489 0.00127674 0.00139162 0.0014839 0.00154539 0.00158025 0.00159716 0.0016088 0.00163652 0.00165036 0.00163707 0.00163108 0.00166215 
0 3.48403e-05 6.20453e-05 0.000101988 0.000145804 0.000170045 0.000176539 0.000197074 0.000221479 0.000214992 0.000167927 8.96365e-05 -2.71142e-06 -0.000150234 -0.000392475 -0.00073287 -0.00115438 -0.00168574 -0.00237366 -0.00320936 -0.0041935 -0.00530578 -0.00653913 -0.00785677 -0.00920677 -0.0105041 -0.0116379 -0.0125249 -0.0130356 -0.0130598 -0.0124867 -0.0112651 -0.00938384 -0.00687351 -0.00384202 -0.000441947 0.00313498 0.00669092 0.0100113 0.0129079 0.0152506 0.0169777 0.018089 0.0186666 0.0188118 0.0186982 0.0185177 0.0184501 0.0186237 0.0190795 0.0198189 0.0207815 0.0218947 0.0230475 0.0241057 0.0249158 0.0253314 0.02522 0.0245027 0.0231097 0.02101 0.0181748 0.0146267 0.0104304 0.00565611 0.000437696 -0.00505372 -0.0106574 -0.0162064 -0.021516 -0.0264115 -0.0307269 -0.0343433 -0.0371494 -0.0391 -0.0401737 -0.0403854 -0.0397847 -0.0384575 -0.0365212 -0.0341494 -0.0314544 -0.0285473 -0.0255469 -0.0225665 -0.0197012 -0.0170247 -0.0145636 -0.012367 -0.0104596 -0.0088377 -0.00748054 -0.00636309 -0.00545234 -0.00472859 -0.00415945 -0.00372265 -0.00340079 -0.00318101 -0.00305096 -0.0030094 -0.00304916 -0.0031727 -0.00338255 -0.0036885 -0.00410682 -0.00466245 -0.00537507 -0.00628007 -0.00739883 -0.008754 -0.0103736 -0.0122763 -0.0144562 -0.016905 -0.0195742 -0.0224287 -0.0254086 -0.0284058 -0.0313014 -0.0339949 -0.0363544 -0.0382651 -0.0395715 -0.0401418 -0.0398999 -0.0388045 -0.0368218 -0.0339808 -0.0303329 -0.0259847 -0.0210577 -0.015723 -0.010159 -0.0045375 0.000973282 0.00620991 0.0110208 0.0152541 0.0188295 0.0217005 0.0238288 0.0252386 0.0259663 0.0260663 0.025601 0.0246914 0.0234953 0.0221659 0.0208383 0.0196572 0.0187063 0.0180554 0.0177307 0.0177157 0.0178888 0.0180601 0.018055 0.0176965 0.0168484 0.0154111 0.0133653 0.0107653 0.0077215 0.00439673 0.0010041 -0.00226478 -0.00521274 -0.00768343 -0.00956271 -0.0108086 -0.011428 -0.0114565 -0.0110057 -0.0101791 -0.00910063 -0.00785526 -0.0065388 -0.00524458 -0.00403184 -0.00293455 -0.00195492 -0.00111431 -0.000415305 0.000141415 0.000581361 0.000929864 0.00119418 0.00138634 0.00152404 0.00162035 0.00168406 0.00173587 0.00177346 0.00178976 0.00180065 0.0018193 0.00183389 0.0018422 0.0018515 
0 3.4005e-05 7.17241e-05 0.000106098 0.000137252 0.000160163 0.000184852 0.00019738 0.000193121 0.000167927 0.000123647 4.91231e-05 -8.57192e-05 -0.000281067 -0.000555462 -0.000912256 -0.00139019 -0.00200635 -0.00277238 -0.00370568 -0.00478536 -0.00602232 -0.00738781 -0.00886442 -0.0103655 -0.0117877 -0.0130417 -0.0140131 -0.014598 -0.0146288 -0.0140003 -0.0126471 -0.0105694 -0.00782183 -0.0044934 -0.00074693 0.00321636 0.0071444 0.0108061 0.0140257 0.0166663 0.0186369 0.0199261 0.0206095 0.0208519 0.0208045 0.0206498 0.0205833 0.0207381 0.0211685 0.0218479 0.0227351 0.0237287 0.0247075 0.0255456 0.0260976 0.0262013 0.0257507 0.0246737 0.0229355 0.0204934 0.0173542 0.0135492 0.00911077 0.00415931 -0.00117589 -0.00675888 -0.0124271 -0.0180358 -0.0234334 -0.0284339 -0.0328903 -0.0366574 -0.0396577 -0.0418153 -0.0431113 -0.0435613 -0.043176 -0.0420239 -0.0402394 -0.0379278 -0.0352403 -0.0322881 -0.0291729 -0.0260346 -0.022977 -0.0200626 -0.017366 -0.0149247 -0.0127693 -0.0109178 -0.00934711 -0.00803287 -0.00695871 -0.00609237 -0.00540964 -0.00489094 -0.00450593 -0.00424239 -0.0040865 -0.0040279 -0.00407118 -0.00421727 -0.00446964 -0.00484783 -0.00536117 -0.00603185 -0.00688892 -0.00795208 -0.00925092 -0.0108166 -0.0126619 -0.0148065 -0.0172475 -0.0199356 -0.0228389 -0.0258982 -0.0290223 -0.032124 -0.0350753 -0.037742 -0.0400377 -0.0418085 -0.0429242 -0.0432868 -0.0428168 -0.0414855 -0.0392984 -0.0362613 -0.0324507 -0.027957 -0.0229292 -0.0175099 -0.0118732 -0.00618663 -0.000580425 0.00479351 0.00976584 0.0142335 0.0180854 0.0212565 0.0237303 0.0254978 0.0265773 0.0269967 0.0268305 0.0261806 0.0251832 0.0239993 0.0227836 0.0216543 0.0207461 0.0201293 0.0198269 0.0197918 0.0199262 0.0200687 0.0199986 0.0195326 0.0185185 0.0168633 0.0145513 0.0116398 0.00826301 0.00460013 0.000843924 -0.00276263 -0.00600921 -0.00870993 -0.0107679 -0.0121378 -0.0128059 -0.0128417 -0.0123306 -0.011423 -0.0102216 -0.00884163 -0.00739111 -0.00595659 -0.0046199 -0.0033934 -0.00230468 -0.00136337 -0.000592824 2.63425e-05 0.000534683 0.000933897 0.0012353 0.00145446 0.00162199 0.00174065 0.00181758 0.00188098 0.00193504 0.00196379 0.00196932 0.00198557 0.00202035 0.00203886 0.00203238 
0 2.99601e-05 6.5792e-05 8.7332e-05 9.74105e-05 0.000124215 0.000157145 0.000157272 0.000127136 8.96365e-05 4.91231e-05 -4.20955e-05 -0.000205924 -0.000443579 -0.000739952 -0.00113639 -0.00168625 -0.00237815 -0.00322996 -0.00424668 -0.00545649 -0.00682086 -0.00833492 -0.00994978 -0.0115796 -0.013152 -0.0145298 -0.0156101 -0.0162261 -0.0162605 -0.0155777 -0.0141171 -0.0118739 -0.00887936 -0.00525318 -0.00115782 0.00315997 0.00744277 0.0114661 0.0150298 0.0179588 0.0201859 0.0216756 0.022514 0.0228183 0.0228242 0.0227182 0.0226534 0.0227602 0.0230857 0.0236681 0.0244034 0.0252046 0.0259539 0.0264944 0.0266813 0.0264194 0.0255831 0.0241269 0.0220015 0.019234 0.0158102 0.0117724 0.00719273 0.00215005 -0.00322475 -0.00879154 -0.0144195 -0.0199897 -0.025351 -0.030359 -0.0348676 -0.0387531 -0.0418901 -0.0442536 -0.0457795 -0.0464702 -0.0463427 -0.045449 -0.0438525 -0.0417071 -0.0390944 -0.0361479 -0.0329923 -0.0297517 -0.0265282 -0.02344 -0.0205167 -0.0178404 -0.0154416 -0.0133417 -0.0115394 -0.0100278 -0.00876811 -0.00775615 -0.00694739 -0.0063276 -0.00586375 -0.00554618 -0.00535198 -0.00528667 -0.00533779 -0.00551641 -0.00582311 -0.00627736 -0.00688657 -0.00769121 -0.00869483 -0.00994293 -0.011448 -0.0132318 -0.015315 -0.0177072 -0.0203693 -0.0232948 -0.0263911 -0.0296017 -0.0328361 -0.0359765 -0.0388911 -0.0414941 -0.0436254 -0.0451951 -0.046078 -0.0461765 -0.0454411 -0.0438866 -0.0414846 -0.0383072 -0.0343968 -0.0298547 -0.024808 -0.0194146 -0.0138151 -0.00815143 -0.00255418 0.00283633 0.00791428 0.0125354 0.0166031 0.0200738 0.0228815 0.0250251 0.0264827 0.0272885 0.0274655 0.0271323 0.0264301 0.025487 0.0244407 0.0234643 0.0226404 0.0220923 0.0218296 0.0218274 0.021956 0.0220217 0.0218674 0.0212791 0.0200943 0.0181945 0.0156023 0.0123878 0.00867994 0.00465463 0.000550843 -0.00338377 -0.00689258 -0.00982867 -0.0120657 -0.0135475 -0.0142788 -0.0143018 -0.0137528 -0.0127417 -0.0114279 -0.00991273 -0.00833095 -0.00675928 -0.00526341 -0.00390923 -0.00271034 -0.00168613 -0.000821423 -0.000117606 0.000451753 0.000890521 0.00122568 0.00148065 0.00167134 0.00181257 0.00191358 0.0019838 0.00203651 0.00208629 0.00211546 0.00213806 0.00216445 0.00219384 0.00220918 
0 1.44861e-05 4.08581e-05 4.98057e-05 5.96331e-05 6.9583e-05 8.15091e-05 6.18396e-05 3.82238e-05 -2.71142e-06 -8.57192e-05 -0.000205924 -0.000390434 -0.000639371 -0.000990272 -0.00144749 -0.00206425 -0.00283105 -0.00375705 -0.00488932 -0.00621095 -0.00772672 -0.00937805 -0.0111319 -0.0128972 -0.0146064 -0.0161349 -0.0172942 -0.0179606 -0.0179835 -0.0172629 -0.0157039 -0.0132831 -0.0100543 -0.00614019 -0.00173055 0.00294087 0.0075881 0.0119604 0.0158588 0.0191042 0.0215896 0.0232863 0.0242617 0.0247005 0.0247767 0.0246673 0.0245559 0.0245744 0.0247832 0.0251832 0.0257104 0.0262459 0.0266596 0.0268262 0.0266271 0.0259433 0.0246942 0.0228252 0.0203315 0.0172196 0.0135383 0.0093436 0.00466109 -0.000382767 -0.00567841 -0.0111448 -0.0166381 -0.0220633 -0.0273172 -0.0322468 -0.0367403 -0.0406539 -0.043911 -0.0464413 -0.048193 -0.0491635 -0.0493234 -0.0487018 -0.0473866 -0.0454319 -0.0429736 -0.0401309 -0.0369965 -0.0337164 -0.0303995 -0.0271317 -0.0240169 -0.0211144 -0.0184695 -0.0161351 -0.0141082 -0.0123763 -0.0109332 -0.00974575 -0.00879062 -0.00805672 -0.00750014 -0.00711661 -0.00689154 -0.00680756 -0.00687594 -0.00709382 -0.00746168 -0.00800853 -0.00873357 -0.00966754 -0.0108424 -0.0122733 -0.01399 -0.0160178 -0.0183473 -0.0209795 -0.0238815 -0.0269814 -0.0302285 -0.0335407 -0.0368003 -0.0399226 -0.0427711 -0.0452067 -0.0471421 -0.0484381 -0.0490143 -0.0488263 -0.0478269 -0.0460335 -0.0434708 -0.0401735 -0.0362171 -0.0316824 -0.0267265 -0.0214557 -0.0159928 -0.0104709 -0.00496602 0.00038835 0.00545957 0.0101791 0.0144307 0.0181462 0.0212887 0.0238016 0.0256505 0.0268365 0.0274247 0.0274992 0.0271534 0.0265151 0.0257387 0.0249533 0.0243033 0.0238964 0.0237354 0.0237499 0.0238488 0.0238881 0.0236393 0.0228973 0.0215026 0.0193756 0.0165142 0.0129715 0.00891127 0.00455062 0.000112749 -0.00411993 -0.00791252 -0.0110777 -0.0134849 -0.0150708 -0.0158371 -0.015877 -0.0152679 -0.0141753 -0.012731 -0.0110838 -0.00936871 -0.00764795 -0.0060146 -0.00451426 -0.0032135 -0.00209077 -0.00113531 -0.000339408 0.000295892 0.000766042 0.00114666 0.00144663 0.00166761 0.00182337 0.00195179 0.00204159 0.00209629 0.00216284 0.00222311 0.00225932 0.00228047 0.00231888 0.00236498 
0 -4.10017e-06 2.7559e-06 7.1229e-06 1.00106e-05 1.4806e-06 -2.90118e-05 -6.60466e-05 -8.67101e-05 -0.000150234 -0.000281067 -0.000443579 -0.000639371 -0.000934604 -0.00134393 -0.00186387 -0.00254233 -0.00338553 -0.00442022 -0.00565157 -0.0071013 -0.00873603 -0.0105371 -0.0124427 -0.0143515 -0.0162023 -0.0178348 -0.019099 -0.0198146 -0.0198567 -0.0190894 -0.0174264 -0.0148416 -0.0113746 -0.00718803 -0.00247107 0.00253192 0.00754223 0.0122984 0.0165441 0.0200597 0.0227908 0.024712 0.0258854 0.0264078 0.0265178 0.0264065 0.0262297 0.0261234 0.0261404 0.0263239 0.0265571 0.0267455 0.0267763 0.0265035 0.0258221 0.0246908 0.0230091 0.0207453 0.0178791 0.0144801 0.0105847 0.00626876 0.00159476 -0.00336876 -0.00853462 -0.0138186 -0.0191116 -0.0243296 -0.0293682 -0.0341317 -0.0385216 -0.0424281 -0.04574 -0.0484283 -0.0503978 -0.0516272 -0.052095 -0.051813 -0.0507928 -0.0491294 -0.0468806 -0.0441777 -0.0411346 -0.0378712 -0.0344919 -0.0311356 -0.027855 -0.0247558 -0.0218866 -0.0193028 -0.0170314 -0.0150819 -0.0134255 -0.0120648 -0.0109551 -0.0100892 -0.00942916 -0.00897313 -0.00869912 -0.00861078 -0.00869378 -0.00895617 -0.00939636 -0.0100371 -0.0108793 -0.0119734 -0.0133217 -0.0149689 -0.0169211 -0.0191841 -0.0217539 -0.0246132 -0.0276897 -0.0309601 -0.0343133 -0.0376743 -0.0409315 -0.0439666 -0.0466457 -0.0488817 -0.0505221 -0.0515038 -0.0517613 -0.0512594 -0.0499833 -0.0479858 -0.0452645 -0.0419117 -0.0379741 -0.0335396 -0.0287274 -0.0236545 -0.0184067 -0.0130815 -0.00776229 -0.0025611 0.0024573 0.00719459 0.0115533 0.0154858 0.0189072 0.0217702 0.0240122 0.0256485 0.0266799 0.0271878 0.0272625 0.027001 0.0265454 0.0260677 0.0256491 0.0254199 0.0253767 0.0254848 0.0256184 0.0255916 0.0252453 0.0243592 0.0227776 0.020394 0.0172323 0.0133612 0.00895828 0.00425509 -0.000498389 -0.00503577 -0.00908802 -0.0124864 -0.0150553 -0.0167206 -0.0175257 -0.0175542 -0.0169191 -0.0157284 -0.0141704 -0.0123821 -0.0105203 -0.00866453 -0.00689766 -0.00528114 -0.00383702 -0.00260136 -0.00156053 -0.000695934 1.25912e-05 0.000552616 0.000982419 0.00132958 0.00158163 0.00176429 0.00192352 0.00204521 0.00212124 0.0022002 0.00227352 0.0023294 0.00237326 0.0024272 0.0024777 
0 -2.42869e-05 -3.7779e-05 -6.3482e-05 -8.35972e-05 -0.000117987 -0.00016564 -0.000232573 -0.000291358 -0.000392475 -0.000555462 -0.000739952 -0.000990272 -0.00134393 -0.00181471 -0.00238724 -0.00313876 -0.00407768 -0.00520714 -0.00656475 -0.00813402 -0.00990201 -0.0118368 -0.0139069 -0.0159797 -0.0179578 -0.0197088 -0.0210574 -0.0218419 -0.0218925 -0.0210863 -0.0193208 -0.0165682 -0.0128877 -0.00843816 -0.00341593 0.0019274 0.00728919 0.0123908 0.0169754 0.0208105 0.0238015 0.0259369 0.0272609 0.0279061 0.0280538 0.0278899 0.027602 0.0273305 0.0271212 0.0269855 0.026848 0.0266187 0.0261918 0.0254493 0.0242972 0.0226746 0.0205387 0.0178694 0.0146863 0.0110397 0.00699915 0.00263799 -0.00200618 -0.00683722 -0.0117873 -0.0168243 -0.021834 -0.0267574 -0.0315339 -0.0360741 -0.0403128 -0.0441408 -0.0474795 -0.050271 -0.0524281 -0.0539194 -0.0546963 -0.0547506 -0.0540974 -0.0527465 -0.0507765 -0.0482953 -0.0453917 -0.0421962 -0.0388233 -0.0353884 -0.032001 -0.0287442 -0.0256756 -0.0228708 -0.0203612 -0.0181595 -0.0162796 -0.0147088 -0.0134294 -0.0124343 -0.0116753 -0.0111483 -0.0108366 -0.0107198 -0.0108092 -0.0111052 -0.0116149 -0.0123703 -0.0133658 -0.0146333 -0.0161931 -0.0180531 -0.0202292 -0.0227244 -0.0255136 -0.0285707 -0.0318296 -0.0352129 -0.038638 -0.042002 -0.0451731 -0.0480541 -0.0505203 -0.0524599 -0.053785 -0.0544144 -0.0543254 -0.0535225 -0.0519971 -0.049798 -0.0469654 -0.0435792 -0.0397101 -0.0354283 -0.0308562 -0.0260559 -0.0210855 -0.0160348 -0.0109488 -0.00593531 -0.00106726 0.00361859 0.00803159 0.0121091 0.0157863 0.0189765 0.0216066 0.023655 0.0251516 0.0261421 0.026678 0.0268604 0.026832 0.0267123 0.0266013 0.0266144 0.0267535 0.0269626 0.0271386 0.0271156 0.0266763 0.0256211 0.0238111 0.021187 0.0177477 0.0135446 0.00878587 0.0037454 -0.00132986 -0.00615896 -0.010472 -0.0140693 -0.0167897 -0.0185588 -0.0193975 -0.0194183 -0.0187166 -0.0174458 -0.0157695 -0.0138515 -0.0118408 -0.00982629 -0.00793358 -0.0061931 -0.00462365 -0.00324993 -0.0021204 -0.00119297 -0.000406695 0.000217649 0.000712525 0.00109216 0.00138415 0.00160831 0.00180459 0.00195736 0.00206633 0.00217018 0.00225113 0.00232778 0.00241221 0.00249199 0.00253812 
0 -5.66369e-05 -0.000105532 -0.000175983 -0.000249273 -0.000308749 -0.000370799 -0.000472429 -0.000590718 -0.00073287 -0.000912256 -0.00113639 -0.00144749 -0.00186387 -0.00238724 -0.00303904 -0.00388567 -0.00491562 -0.00615093 -0.00764091 -0.00936277 -0.0112653 -0.0133455 -0.0155731 -0.0178015 -0.0199198 -0.0217855 -0.0232266 -0.02406 -0.024123 -0.0232728 -0.0214066 -0.0185073 -0.0146282 -0.00991943 -0.00458879 0.00108283 0.00678425 0.0122395 0.0171654 0.0213067 0.0245717 0.0269333 0.0284194 0.0291343 0.0292818 0.02905 0.0286131 0.0281105 0.0275913 0.0270791 0.0265006 0.0257931 0.024877 0.023632 0.0219692 0.0198671 0.0172956 0.0142589 0.0107882 0.00695464 0.0028179 -0.00154312 -0.00607476 -0.0107079 -0.0153992 -0.0201261 -0.0248069 -0.0293931 -0.0338374 -0.0380927 -0.0421158 -0.0458235 -0.0491393 -0.0520121 -0.0543343 -0.056055 -0.0571259 -0.0575248 -0.057227 -0.0562368 -0.0545881 -0.0523774 -0.0496918 -0.0466378 -0.0433248 -0.0398864 -0.0364177 -0.0330244 -0.0297745 -0.0267519 -0.0240118 -0.0215843 -0.0194815 -0.0177108 -0.0162498 -0.0150938 -0.0142057 -0.0135859 -0.0132195 -0.0130946 -0.0132077 -0.013561 -0.01416 -0.0150296 -0.0161672 -0.0176113 -0.0193708 -0.0214611 -0.0238804 -0.0266104 -0.0296167 -0.0328525 -0.0362298 -0.0396856 -0.0431149 -0.0464131 -0.0494517 -0.0521205 -0.0543078 -0.0559311 -0.0568949 -0.0571603 -0.0567291 -0.0556229 -0.053855 -0.0514906 -0.0485773 -0.0452186 -0.0414802 -0.0374203 -0.0331241 -0.0286417 -0.0240058 -0.0192769 -0.0144993 -0.00975129 -0.00506477 -0.000476923 0.00392985 0.00809932 0.0119539 0.0154133 0.0183983 0.0208778 0.0228377 0.0243094 0.0253394 0.026017 0.0264714 0.026805 0.0270746 0.0273879 0.0277569 0.0281411 0.0284155 0.0283845 0.0278561 0.0266456 0.0246275 0.0217366 0.0179931 0.0134717 0.00838117 0.0029993 -0.00240315 -0.00752461 -0.0120722 -0.0158523 -0.0187175 -0.0205995 -0.0214981 -0.0214952 -0.0207272 -0.0193656 -0.0175871 -0.0155414 -0.0133816 -0.0112074 -0.00915026 -0.00727531 -0.00558484 -0.00409447 -0.00284497 -0.0018174 -0.000956369 -0.000264264 0.000288008 0.000720522 0.00105879 0.00132906 0.00155707 0.00173436 0.00187963 0.00202348 0.00213389 0.00223187 0.00235065 0.00246511 0.0025383 
0 -0.000101618 -0.000189957 -0.000300099 -0.00042287 -0.000529252 -0.000637634 -0.000789004 -0.000961781 -0.00115438 -0.00139019 -0.00168625 -0.00206425 -0.00254233 -0.00313876 -0.00388567 -0.00482859 -0.00595938 -0.00731095 -0.00892598 -0.0107832 -0.0128354 -0.0150785 -0.0174568 -0.019829 -0.0220888 -0.024078 -0.0256118 -0.0265031 -0.0265849 -0.0256873 -0.0237131 -0.0206676 -0.0166013 -0.0116476 -0.00601583 -1.09898e-05 0.0060322 0.01182 0.017067 0.0215171 0.0250499 0.0276147 0.0292396 0.0300222 0.0301499 0.0298011 0.0291551 0.0283642 0.0274858 0.0265451 0.0254764 0.0242399 0.0227876 0.0210211 0.0188629 0.0163036 0.0133291 0.00996721 0.00626829 0.00230984 -0.00185291 -0.00614974 -0.0105213 -0.0149103 -0.0192895 -0.0236584 -0.027966 -0.032178 -0.0362645 -0.0402035 -0.0439653 -0.0474974 -0.0507394 -0.0536437 -0.056096 -0.0580236 -0.0593692 -0.0600982 -0.060162 -0.0595469 -0.0582601 -0.056376 -0.0539654 -0.0511106 -0.0479147 -0.0445151 -0.041015 -0.0375306 -0.0341411 -0.0309357 -0.0279841 -0.0253285 -0.0229956 -0.0210072 -0.0193529 -0.0180309 -0.0170138 -0.0163011 -0.0158802 -0.0157375 -0.0158677 -0.0162742 -0.0169675 -0.0179664 -0.0192684 -0.0209035 -0.022875 -0.0251899 -0.0278361 -0.0307799 -0.0339759 -0.0373583 -0.040825 -0.0443043 -0.0476847 -0.0508562 -0.053695 -0.0560935 -0.0579577 -0.0592237 -0.0598093 -0.0597034 -0.0589338 -0.0575461 -0.055574 -0.053087 -0.0501458 -0.0468604 -0.0432894 -0.0394836 -0.0355001 -0.0313725 -0.0271148 -0.0227606 -0.0183367 -0.013895 -0.00944042 -0.00500378 -0.000660936 0.00352902 0.0074941 0.0111616 0.0144515 0.0173209 0.0197342 0.0217003 0.0232469 0.0244478 0.0254184 0.0262452 0.0269633 0.0276618 0.0283355 0.0289268 0.0293098 0.0293047 0.028727 0.0273877 0.0251683 0.0220153 0.0179616 0.0131137 0.00769772 0.0019893 -0.00372928 -0.00913758 -0.0139254 -0.0178942 -0.0208951 -0.0228654 -0.0238082 -0.0237907 -0.0229628 -0.0215122 -0.0196231 -0.0174424 -0.0151374 -0.0128241 -0.0106148 -0.00858713 -0.00677112 -0.0051814 -0.00381668 -0.00266188 -0.00171055 -0.000961425 -0.000346296 0.000168387 0.00057701 0.000897629 0.00116776 0.00138616 0.0015735 0.00176319 0.00192099 0.0020487 0.00218438 0.00232778 0.00244909 
0 -0.000167799 -0.000315458 -0.000474876 -0.000641243 -0.000818959 -0.00100505 -0.0012171 -0.00143438 -0.00168574 -0.00200635 -0.00237815 -0.00283105 -0.00338553 -0.00407768 -0.00491562 -0.00595938 -0.00722597 -0.00870832 -0.0104471 -0.0124292 -0.0146573 -0.0170721 -0.0195995 -0.022118 -0.0245127 -0.0266283 -0.028247 -0.0292013 -0.0292889 -0.0283469 -0.0262785 -0.023084 -0.0188225 -0.0136242 -0.00770619 -0.00137642 0.00500809 0.0111214 0.0166835 0.0214435 0.0252274 0.0279788 0.0297012 0.0305211 0.0305906 0.0300885 0.0291935 0.0280517 0.0267529 0.0253192 0.0237282 0.0219496 0.0199456 0.0176506 0.0150138 0.0120166 0.00868973 0.00506191 0.00121307 -0.00280126 -0.00691575 -0.0110798 -0.0152523 -0.0193626 -0.0233951 -0.0273814 -0.03128 -0.0350805 -0.0387876 -0.0423808 -0.0458553 -0.0491701 -0.0522963 -0.0551711 -0.0576986 -0.0597916 -0.0613834 -0.062422 -0.0628609 -0.0626215 -0.0617194 -0.0601936 -0.0580895 -0.0554821 -0.0524719 -0.0491652 -0.0457058 -0.0421844 -0.0386937 -0.0353365 -0.0321894 -0.0293054 -0.0267514 -0.02454 -0.0226911 -0.0212026 -0.0200517 -0.0192401 -0.0187654 -0.0185953 -0.0187426 -0.0192027 -0.0199903 -0.021126 -0.0226063 -0.0244372 -0.0266373 -0.029175 -0.0320326 -0.0351657 -0.0385069 -0.0419796 -0.045496 -0.0489408 -0.0522292 -0.0552311 -0.0578143 -0.05989 -0.0613916 -0.0622527 -0.0624578 -0.0619907 -0.0609109 -0.059283 -0.0571536 -0.0545826 -0.0516648 -0.048494 -0.0451362 -0.0416144 -0.0379792 -0.0342289 -0.0303678 -0.0264205 -0.0223802 -0.0182732 -0.0141059 -0.00987738 -0.00566202 -0.00152859 0.00248406 0.00629851 0.0098469 0.013049 0.0158801 0.0183213 0.0203825 0.0221285 0.0236549 0.0250073 0.0262295 0.0273673 0.0284119 0.0292646 0.0297961 0.0298616 0.0292621 0.0278222 0.0254077 0.0220027 0.0176455 0.0124693 0.00672713 0.000701218 -0.0053274 -0.0110124 -0.016043 -0.0202027 -0.0233452 -0.0253926 -0.0263576 -0.0263466 -0.0254766 -0.0239477 -0.0219314 -0.0196153 -0.0171652 -0.0147117 -0.0123682 -0.0101798 -0.00821579 -0.00649885 -0.00503219 -0.00376487 -0.00270688 -0.00187368 -0.00117992 -0.000590827 -0.000113944 0.000258916 0.000587315 0.000865693 0.00109753 0.00132511 0.00153441 0.00171501 0.00188246 0.00205979 0.00223238 
