0 0 0 0 0 0 0 0 0 0 0 0 0 0 0 0 0 0 0 0 0 0 0 0 0 0 0 0 0 0 0 0 0 0 0 0 0 0 0 0 0 0 0 0 0 0 0 0 0 0 0 0 0 0 0 0 0 0 0 0 0 0 0 0 0 0 0 0 0 0 0 0 0 0 0 0 0 0 0 0 0 0 0 0 0 0 0 0 0 0 0 0 0 0 0 0 0 0 0 0 0 0 0 0 0 0 0 0 0 0 0 0 0 0 0 0 0 0 0 0 0 0 0 0 0 0 0 0 0 0 0 0 0 0 0 0 0 0 0 0 0 0 0 0 0 0 0 0 0 0 0 0 0 0 0 0 0 0 0 0 0 0 0 0 0 0 0 0 0 0 0 0 0 0 0 0 0 0 0 0 0 0 0 0 0 0 0 0 0 0 0 0 0 0 0 0 0 0 0 0 
0 0.000591679 0.00113155 0.00158311 0.00193606 0.00214536 0.00220841 0.00209958 0.00180855 0.0013384 0.000715866 -2.05841e-05 -0.00086351 -0.0017582 -0.00266616 -0.0035426 -0.00435476 -0.00506585 -0.00565419 -0.00610886 -0.00639219 -0.00649679 -0.0064406 -0.0062628 -0.00598211 -0.0056229 -0.00518755 -0.00469314 -0.00416593 -0.00363857 -0.00314105 -0.00267911 -0.00226332 -0.00188041 -0.00155508 -0.00128618 -0.00106273 -0.000877598 -0.000724984 -0.000593852 -0.000481761 -0.000397122 -0.000339471 -0.000299631 -0.000262465 -0.000230615 -0.000196217 -0.000185324 -0.000178041 -0.000176257 -0.000182514 -0.000181473 -0.000182541 -0.000189544 -0.000206857 -0.000237598 -0.000275636 -0.000320608 -0.00037757 -0.00044783 -0.000549853 -0.000670463 -0.00082064 -0.000982088 -0.00115304 -0.0013383 -0.00151447 -0.00167314 -0.0018211 -0.00192823 -0.00197655 -0.00194778 -0.00183194 -0.00163615 -0.00135331 -0.000999737 -0.000600882 -0.000170912 0.000268079 0.000674409 0.00103545 0.00132178 0.00150501 0.00158979 0.00159185 0.00151079 0.00138437 0.00122714 0.00105691 0.000897615 0.000754596 0.000625637 0.000519655 0.000426061 0.000362735 0.000324853 0.000305 0.000300452 0.000294563 0.000280632 0.000275021 0.000264446 0.000261 0.000262629 0.000261806 0.000267642 0.000285066 0.000312266 0.000365558 0.000437033 0.000543493 0.00068824 0.000863853 0.00106537 0.00126965 0.0014382 0.00156433 0.00161226 0.00156214 0.00141539 0.00117498 0.000847809 0.000472836 6.31136e-05 -0.000365304 -0.000776323 -0.00113528 -0.00142398 -0.00162114 -0.00173634 -0.00177323 -0.00173958 -0.00165269 -0.00150895 -0.00133842 -0.00116367 -0.000973467 -0.000786853 -0.000626864 -0.000488117 -0.000378817 -0.000273262 -0.000183249 -0.000112287 -5.70899e-05 -1.40362e-05 1.69225e-05 3.84208e-05 5.62289e-05 8.09176e-05 9.59405e-05 0.000102124 9.62161e-05 8.23244e-05 8.43683e-05 7.86677e-05 6.75064e-05 4.40654e-05 6.16429e-06 -5.07439e-05 -0.00011907 -0.000204444 -0.000310673 -0.000452389 -0.000636419 -0.000859227 -0.00111396 -0.00140307 -0.00175237 -0.00215002 -0.0026017 -0.00308758 -0.00358062 -0.00405391 -0.00450268 -0.00491474 -0.00525843 -0.00550392 -0.00562379 -0.00561025 -0.00544822 -0.00513064 -0.00463006 -0.00396286 -0.00314717 -0.00222648 -0.00124851 -0.000231594 0.000803658 0.00184645 0.00282607 0.00371349 0.0044786 0.00511529 0.0056451 0.0060794 0.00643183 0.00666943 0.00682023 0.0069021 
0 0.00113155 0.00216428 0.00305117 0.00372382 0.00413011 0.00422975 0.00400752 0.00344039 0.00252018 0.00131338 -0.00014008 -0.0017832 -0.00353298 -0.00530127 -0.00701663 -0.00862461 -0.0100288 -0.0111898 -0.0120723 -0.0126279 -0.0128528 -0.0127749 -0.0124483 -0.0119012 -0.0111745 -0.0103153 -0.00934719 -0.0083307 -0.00730659 -0.00631218 -0.00539848 -0.00455731 -0.00381635 -0.0031721 -0.00263321 -0.00217383 -0.00177379 -0.00146515 -0.00119736 -0.000981025 -0.00080709 -0.000675173 -0.000579197 -0.00050613 -0.000447349 -0.000407215 -0.000384444 -0.000367321 -0.00034942 -0.000343575 -0.000353781 -0.000353309 -0.000375903 -0.000406433 -0.000464297 -0.000539214 -0.000632541 -0.000751481 -0.000929699 -0.00113255 -0.00135901 -0.00163336 -0.00195372 -0.00231308 -0.00267403 -0.00302501 -0.00336924 -0.00367104 -0.00386861 -0.00395995 -0.00389313 -0.00367299 -0.00327865 -0.00272796 -0.00201842 -0.00119726 -0.000325488 0.000528043 0.00134761 0.00204776 0.00260534 0.00298384 0.00317053 0.00317333 0.00303452 0.00278178 0.00246222 0.002112 0.00178445 0.00148429 0.00123042 0.00102825 0.000864207 0.000747459 0.000676742 0.000624917 0.000592165 0.000561403 0.000536166 0.000530557 0.000533611 0.000545386 0.000550498 0.000536155 0.000533315 0.000548131 0.000600947 0.000713269 0.000876062 0.0010986 0.00139542 0.00174672 0.00214086 0.00252595 0.00286542 0.00310098 0.00319308 0.00311338 0.00283445 0.00234382 0.00170793 0.000935581 9.69391e-05 -0.000752031 -0.00155651 -0.00227727 -0.00284526 -0.00325404 -0.00348883 -0.00357391 -0.00348905 -0.0032924 -0.00301456 -0.00268451 -0.00231977 -0.00195427 -0.00160513 -0.00129105 -0.00100003 -0.000745041 -0.000537915 -0.00035952 -0.000219895 -0.000110866 -2.39246e-05 4.82694e-05 8.53059e-05 0.000126901 0.00015004 0.000174613 0.000192154 0.000193563 0.000192994 0.000195286 0.000177993 0.000140756 8.44047e-05 1.0867e-05 -9.75253e-05 -0.000248949 -0.000428816 -0.000671469 -0.000951051 -0.00131285 -0.00174742 -0.00225013 -0.00285321 -0.00355198 -0.00435033 -0.00522369 -0.00617067 -0.00714561 -0.00808868 -0.00898197 -0.00978103 -0.0104346 -0.0109023 -0.0111302 -0.0110954 -0.0107584 -0.0100964 -0.00909848 -0.00777946 -0.00619742 -0.00439193 -0.00245552 -0.000442264 0.00161078 0.00363601 0.00555576 0.00729204 0.00882505 0.0101169 0.0111818 0.0120612 0.0127487 0.0132459 0.0135672 0.0137682 
0 0.00158311 0.00305117 0.00429856 0.00526359 0.00580948 0.00592602 0.00557273 0.00473536 0.00341207 0.00165514 -0.000440196 -0.00282817 -0.0053503 -0.00790671 -0.0103991 -0.0127396 -0.014798 -0.0164834 -0.0177654 -0.0185845 -0.0189489 -0.0188884 -0.0184542 -0.0176653 -0.0166079 -0.0153457 -0.0139544 -0.0124887 -0.0109971 -0.009543 -0.00816739 -0.00692964 -0.00581221 -0.00485671 -0.00403765 -0.00332321 -0.00271691 -0.0022318 -0.00184087 -0.00151709 -0.00125486 -0.00104753 -0.00088989 -0.000767168 -0.000690009 -0.000621017 -0.000596286 -0.000557605 -0.000522164 -0.000519403 -0.000523264 -0.000544574 -0.000577606 -0.000623265 -0.000696944 -0.000800263 -0.000944384 -0.0011416 -0.00138428 -0.00169884 -0.00204785 -0.00246703 -0.0029288 -0.00343954 -0.00400442 -0.00455232 -0.00504493 -0.00548408 -0.0057906 -0.00592256 -0.00583491 -0.00549901 -0.00492012 -0.00407628 -0.00300925 -0.00179743 -0.000501297 0.000802906 0.00200233 0.00305759 0.00389758 0.00445287 0.00473134 0.0047657 0.00455112 0.00417945 0.00369659 0.00316472 0.00266517 0.0022275 0.00185262 0.00155847 0.00130788 0.00113265 0.00101465 0.000934453 0.000890114 0.00085081 0.000807929 0.000802907 0.000797844 0.000810097 0.000821758 0.000810974 0.00080656 0.000834073 0.000905516 0.00107069 0.00131014 0.00165814 0.00211137 0.00263964 0.00322313 0.00380124 0.0042798 0.00463921 0.00478429 0.00465282 0.00423141 0.00351766 0.00253573 0.00139496 0.000152407 -0.0011286 -0.00234588 -0.003408 -0.00426483 -0.00486383 -0.0052203 -0.00533585 -0.00522605 -0.00494399 -0.00450219 -0.00399435 -0.00348479 -0.00294558 -0.00241095 -0.00192905 -0.0014899 -0.00112734 -0.000796617 -0.000532161 -0.000335309 -0.00018052 -4.55261e-05 6.55957e-05 0.00014119 0.0001853 0.000227628 0.000251334 0.000275463 0.000289405 0.000282994 0.000290801 0.000250121 0.000184019 9.77708e-05 -1.05387e-05 -0.000172157 -0.000393207 -0.000690217 -0.00105499 -0.00149781 -0.00203609 -0.00268556 -0.0034579 -0.00436455 -0.00543643 -0.00660937 -0.00789074 -0.0092617 -0.0106811 -0.0120694 -0.0133708 -0.0145206 -0.0154443 -0.0160941 -0.0164055 -0.0163277 -0.015791 -0.0147837 -0.0132856 -0.01137 -0.00906956 -0.0064462 -0.00360254 -0.000624465 0.0023757 0.00533633 0.00810919 0.010667 0.0129522 0.0149116 0.0165428 0.017855 0.0189034 0.019654 0.0201936 0.0205405 
0 0.00193606 0.00372382 0.00526359 0.00642157 0.00707716 0.00716284 0.00666677 0.00556843 0.00386109 0.00163818 -0.00103004 -0.004044 -0.00724985 -0.0104978 -0.0136664 -0.0166465 -0.0192594 -0.0214161 -0.0230676 -0.0241556 -0.0246801 -0.0246643 -0.0241578 -0.0231937 -0.0218612 -0.0202732 -0.0184944 -0.0166176 -0.0147013 -0.0128111 -0.0110376 -0.00939193 -0.0079193 -0.006624 -0.00551852 -0.00456639 -0.00374439 -0.00309682 -0.00254934 -0.00210411 -0.00174366 -0.00146112 -0.00124481 -0.00107664 -0.000945849 -0.000853923 -0.000797122 -0.000751117 -0.00071004 -0.000697547 -0.000714606 -0.000722583 -0.000765274 -0.000827782 -0.000938486 -0.00108464 -0.00126915 -0.00150677 -0.00184863 -0.00225191 -0.0027123 -0.00326631 -0.00390539 -0.00461344 -0.00533368 -0.00603604 -0.00671351 -0.007303 -0.00769767 -0.00787399 -0.00774545 -0.00730661 -0.00652705 -0.00542969 -0.00402551 -0.00240422 -0.00067867 0.00102732 0.00265529 0.00405868 0.00517387 0.00592789 0.00629921 0.00631052 0.00603602 0.00554165 0.00491557 0.00423188 0.00358446 0.00299137 0.00248408 0.00207337 0.00174036 0.00150348 0.00135768 0.00125812 0.00119734 0.0011409 0.00109068 0.00107143 0.00106624 0.0010773 0.00108283 0.00106336 0.00106809 0.00111315 0.00123069 0.00145739 0.001783 0.00222688 0.00281351 0.00351231 0.00429366 0.00506042 0.00572776 0.00618801 0.00635733 0.00617831 0.00560694 0.00463117 0.00335792 0.00182999 0.000170287 -0.00151277 -0.00310924 -0.0045312 -0.00566019 -0.00646947 -0.00693811 -0.00710168 -0.00694275 -0.0065568 -0.0060039 -0.00534516 -0.00462284 -0.00389118 -0.00319068 -0.002561 -0.00198766 -0.00148931 -0.00107589 -0.000723418 -0.000447204 -0.000230798 -5.55875e-05 8.87206e-05 0.000174582 0.000254127 0.000301359 0.000343734 0.00037249 0.000372634 0.000362192 0.000349276 0.000297614 0.000208259 8.45422e-05 -7.50751e-05 -0.000303198 -0.000615964 -0.00100031 -0.00150298 -0.00209391 -0.00283795 -0.00372763 -0.00476192 -0.0059881 -0.0073911 -0.00894876 -0.010614 -0.0123848 -0.0141992 -0.0159587 -0.0176087 -0.0190532 -0.0202012 -0.0209874 -0.0213246 -0.0211566 -0.0204082 -0.0190568 -0.0171163 -0.0146389 -0.0116962 -0.00832355 -0.00465516 -0.000816392 0.00307011 0.00686688 0.0104608 0.0137776 0.0167949 0.0194196 0.0216126 0.0234045 0.0248091 0.0258668 0.0266294 0.0271479 
0 0.00214536 0.00413011 0.00580948 0.00707716 0.007753 0.00779105 0.00714462 0.00580097 0.00377889 0.00116265 -0.001938 -0.00545938 -0.00921163 -0.013034 -0.0167645 -0.0202568 -0.0233361 -0.0258986 -0.0279025 -0.0292639 -0.0299616 -0.0300147 -0.0294826 -0.0284037 -0.0268913 -0.0250387 -0.0229467 -0.0207098 -0.0184187 -0.016169 -0.0140167 -0.0120162 -0.0101659 -0.0085337 -0.00712577 -0.00591286 -0.00488246 -0.00403482 -0.0033268 -0.00273852 -0.00227097 -0.0019115 -0.0016341 -0.00140547 -0.00123204 -0.00108745 -0.00101268 -0.000948323 -0.000901554 -0.00089476 -0.000897047 -0.000914408 -0.000958633 -0.00104 -0.00117667 -0.00136141 -0.00159765 -0.00190524 -0.00229818 -0.00280783 -0.00340064 -0.00410802 -0.00489248 -0.00574735 -0.00665902 -0.00754848 -0.00836707 -0.00908946 -0.00959808 -0.00981661 -0.00966868 -0.00911234 -0.00814447 -0.00675646 -0.00500822 -0.00301345 -0.000880372 0.00126649 0.00327023 0.00503018 0.00642825 0.00736047 0.00782433 0.00786831 0.00752294 0.00691791 0.00614052 0.0052896 0.00447855 0.00375343 0.00312463 0.00261603 0.00219398 0.00189461 0.00169949 0.00157611 0.00150572 0.00144437 0.0013783 0.0013512 0.00132966 0.00133258 0.00133911 0.00133 0.0013431 0.00141199 0.00155906 0.00184132 0.00224359 0.00281059 0.00354787 0.00441996 0.00538553 0.00634031 0.00713965 0.00771069 0.00791698 0.00767047 0.00694575 0.00574829 0.00413767 0.0022551 0.000204627 -0.00189864 -0.0039012 -0.00565847 -0.00706882 -0.00805998 -0.00864088 -0.00882635 -0.00864788 -0.0081866 -0.00748335 -0.00665491 -0.00578501 -0.00487481 -0.00398452 -0.00318611 -0.00247665 -0.00188211 -0.00134932 -0.000905061 -0.000558767 -0.000289848 -7.17698e-05 9.86414e-05 0.000216725 0.00030147 0.000379355 0.00043119 0.000462998 0.000459458 0.000424011 0.000402221 0.000330267 0.000218232 5.57628e-05 -0.000168162 -0.000482575 -0.00088538 -0.00139087 -0.00201578 -0.00279138 -0.00375159 -0.00489708 -0.00621925 -0.00773292 -0.00947136 -0.0113674 -0.0134033 -0.0155311 -0.0176782 -0.0197439 -0.0216621 -0.023341 -0.0246585 -0.0255161 -0.0258132 -0.0254936 -0.024498 -0.022824 -0.0204608 -0.0174846 -0.0139411 -0.00991058 -0.00553841 -0.000961549 0.00366335 0.00822346 0.0125414 0.0165731 0.0202542 0.0234995 0.0262662 0.0285464 0.0303882 0.0317767 0.0328126 0.0335084 
0 0.00220841 0.00422975 0.00592602 0.00716284 0.00779105 0.00772704 0.00692857 0.00537265 0.003086 0.000178874 -0.00325735 -0.00713598 -0.0112888 -0.0155256 -0.019665 -0.0235456 -0.0269859 -0.0298898 -0.0321965 -0.0338103 -0.0346922 -0.0348562 -0.0343589 -0.0332486 -0.0316218 -0.0295948 -0.0272632 -0.0247514 -0.022161 -0.0195855 -0.0171076 -0.014756 -0.0125767 -0.0106162 -0.00890569 -0.00742088 -0.00614263 -0.00508965 -0.00420221 -0.00346861 -0.00287749 -0.00241258 -0.00204832 -0.00175815 -0.00153231 -0.00136557 -0.00125636 -0.00116981 -0.00110162 -0.00107502 -0.0010819 -0.00109734 -0.00115115 -0.0012469 -0.00140852 -0.00163048 -0.0019175 -0.00229051 -0.00279002 -0.00339455 -0.0040936 -0.00491996 -0.00586196 -0.00689821 -0.00797493 -0.00903422 -0.0100354 -0.0108965 -0.0114882 -0.0117406 -0.0115572 -0.0109025 -0.00974699 -0.00810378 -0.00601876 -0.00362071 -0.00106797 0.00147387 0.00387228 0.00595917 0.00761898 0.00875079 0.00932771 0.00938509 0.0090035 0.00829073 0.00736763 0.00635475 0.00538073 0.00449984 0.00375029 0.00314466 0.00266074 0.00231149 0.00208024 0.00192013 0.0018119 0.00171876 0.0016417 0.00160909 0.00160175 0.00161485 0.00162132 0.00160293 0.00161149 0.00168696 0.00187502 0.00222425 0.00273291 0.00342297 0.00430837 0.00534955 0.00648862 0.0075999 0.00854818 0.00919867 0.00942329 0.00913027 0.00826429 0.00682239 0.0049131 0.0026463 0.000182201 -0.00231725 -0.00468544 -0.00677605 -0.00844882 -0.00964297 -0.0103406 -0.0105694 -0.0103456 -0.00977592 -0.00895165 -0.00797357 -0.00691692 -0.0058375 -0.00479581 -0.00384729 -0.00299153 -0.00224804 -0.00161462 -0.00108359 -0.000667088 -0.000342891 -8.26421e-05 0.000123495 0.000261643 0.000368715 0.000442467 0.000499239 0.000534183 0.000530368 0.0004999 0.000454628 0.00035502 0.000196145 -2.50813e-05 -0.000320219 -0.000721371 -0.00123922 -0.00187448 -0.00266752 -0.00362682 -0.00480919 -0.00620741 -0.00780634 -0.0096322 -0.011677 -0.0138991 -0.0162442 -0.0186711 -0.0210904 -0.0233904 -0.0255033 -0.0273209 -0.0287144 -0.0295632 -0.0297567 -0.0292457 -0.0279928 -0.0259964 -0.0232598 -0.0198304 -0.0157791 -0.0111938 -0.00624469 -0.0010804 0.00416951 0.009365 0.0143485 0.0190172 0.0233089 0.0271328 0.0304458 0.0332558 0.0355558 0.0373389 0.0386519 0.0395318 
0 0.00209958 0.00400752 0.00557273 0.00666677 0.00714462 0.00692857 0.00596812 0.00423713 0.0017644 -0.00135362 -0.00501415 -0.00912042 -0.0135015 -0.0179724 -0.0223595 -0.0264974 -0.0302077 -0.0333727 -0.0359147 -0.037741 -0.0388098 -0.0391289 -0.0387341 -0.0376615 -0.0360057 -0.0338874 -0.0314232 -0.0287313 -0.0259127 -0.0230666 -0.0202816 -0.0176199 -0.0151304 -0.0128664 -0.0108513 -0.00907427 -0.00753931 -0.00626247 -0.00519937 -0.00431661 -0.0035926 -0.00300777 -0.00254087 -0.00217095 -0.00188919 -0.00167765 -0.00152859 -0.00140541 -0.00131127 -0.00127135 -0.00127517 -0.00130444 -0.00136937 -0.00147887 -0.00165497 -0.00190504 -0.00223954 -0.00268097 -0.00325466 -0.00395826 -0.00477967 -0.0057401 -0.00682797 -0.00802461 -0.0092808 -0.010519 -0.011671 -0.0126535 -0.0133373 -0.0136235 -0.0134157 -0.0126586 -0.0113224 -0.00941521 -0.0070056 -0.00423751 -0.0012849 0.00166857 0.00444443 0.00686993 0.00879859 0.010117 0.0107985 0.0108858 0.0104579 0.00964549 0.00858521 0.00742025 0.00629164 0.00527523 0.00440668 0.00369978 0.0031358 0.00272397 0.0024452 0.00225786 0.00212977 0.0020237 0.00193435 0.00188678 0.00186755 0.00187217 0.00187578 0.0018674 0.00189015 0.00199289 0.00222476 0.00263653 0.00323589 0.00404932 0.0050815 0.00629019 0.00760057 0.00887491 0.0099507 0.0106837 0.0109229 0.0105583 0.00953452 0.00785949 0.00563495 0.00301178 0.000163193 -0.00272726 -0.00546587 -0.00787423 -0.00980678 -0.0111862 -0.0119967 -0.0122589 -0.0120121 -0.0113563 -0.010395 -0.00925642 -0.00803754 -0.0067919 -0.00558272 -0.00447297 -0.0034788 -0.00261739 -0.00187808 -0.00126675 -0.000788574 -0.00041506 -0.000109589 0.000135851 0.000310339 0.000431541 0.000511665 0.00056323 0.000590489 0.00058119 0.000537266 0.000462949 0.000317865 0.000100455 -0.000185961 -0.000553459 -0.0010399 -0.00167015 -0.00246085 -0.003435 -0.00460721 -0.0060152 -0.00766418 -0.0095484 -0.0116763 -0.0140261 -0.0165279 -0.0191269 -0.0217765 -0.0243929 -0.0268599 -0.0290797 -0.0309339 -0.0322931 -0.0330437 -0.0330863 -0.0323675 -0.0308535 -0.0285441 -0.0254532 -0.0216395 -0.0171747 -0.0121625 -0.00676593 -0.00113366 0.00460834 0.0103294 0.015865 0.0210997 0.0259411 0.0303031 0.0341476 0.0374712 0.0402512 0.0424383 0.0440538 0.0451232 
0 0.00180855 0.00344039 0.00473536 0.00556843 0.00580097 0.00537265 0.00423713 0.00236922 -0.000213545 -0.00344691 -0.00721653 -0.0114079 -0.0158486 -0.0203778 -0.0248512 -0.0291097 -0.0329812 -0.0363201 -0.0390333 -0.0410387 -0.0422934 -0.042794 -0.042551 -0.0415912 -0.0400018 -0.0378951 -0.0353951 -0.0326062 -0.0296325 -0.0265836 -0.0235506 -0.0206242 -0.0178512 -0.0152969 -0.0129839 -0.0109199 -0.00912659 -0.0076061 -0.00633608 -0.00527215 -0.00439523 -0.00368339 -0.00311051 -0.00264991 -0.00229121 -0.00201377 -0.00181372 -0.00165692 -0.0015442 -0.00148991 -0.00147747 -0.00150577 -0.00157428 -0.00170487 -0.00190988 -0.00219734 -0.00257692 -0.00307844 -0.003718 -0.00451635 -0.0054621 -0.00656472 -0.00780938 -0.00916509 -0.0105855 -0.0119878 -0.0132885 -0.0143961 -0.0151754 -0.0154931 -0.0152559 -0.0143898 -0.0128735 -0.0107119 -0.00799333 -0.00487066 -0.00153234 0.00182399 0.00497564 0.00774323 0.00994366 0.0114507 0.0122342 0.0123458 0.0118724 0.0109706 0.00979114 0.00849444 0.00722381 0.0060728 0.00507848 0.00426086 0.00361264 0.00313857 0.00281604 0.00260539 0.00245901 0.00233977 0.00223745 0.00217087 0.00213519 0.0021249 0.00212077 0.00212284 0.0021669 0.00230916 0.00259857 0.00308064 0.00377119 0.00469919 0.00586619 0.00723388 0.00871139 0.0101489 0.0113512 0.0121561 0.012393 0.0119395 0.0107452 0.00883575 0.00630454 0.00333821 0.000118919 -0.00314795 -0.00624565 -0.00896615 -0.011157 -0.0127173 -0.0136346 -0.0139222 -0.0136499 -0.0129161 -0.0118358 -0.0105462 -0.00915854 -0.00773555 -0.0063574 -0.00509185 -0.00396809 -0.00299734 -0.00215815 -0.001463 -0.000908637 -0.00047298 -0.00012361 0.000147529 0.000347168 0.000481162 0.000577599 0.000632782 0.000650316 0.000621458 0.00054621 0.000430603 0.000239661 -3.53204e-05 -0.000396717 -0.000860852 -0.00146167 -0.00222596 -0.00318467 -0.00434797 -0.00574801 -0.00739889 -0.00930907 -0.0114719 -0.013874 -0.0164882 -0.0192262 -0.0220317 -0.0248428 -0.0275763 -0.030117 -0.032342 -0.0341278 -0.0353525 -0.0359195 -0.0357551 -0.0348023 -0.0330231 -0.0304122 -0.0269988 -0.0228667 -0.0180914 -0.0127808 -0.00706689 -0.00108885 0.00502135 0.0111376 0.0170988 0.0227989 0.0281247 0.0329886 0.0373392 0.0411474 0.0443819 0.0469672 0.0489021 0.0501848 
0 0.0013384 0.00252018 0.00341207 0.00386109 0.00377889 0.003086 0.0017644 -0.000213545 -0.0028474 -0.00608276 -0.00983445 -0.0139555 -0.0183123 -0.0227562 -0.0271699 -0.0314081 -0.0353105 -0.0387342 -0.0415658 -0.0437253 -0.0451556 -0.0458405 -0.0457774 -0.0450066 -0.0435749 -0.0415873 -0.0391315 -0.036324 -0.0332796 -0.0301041 -0.0269126 -0.0237602 -0.0207436 -0.0179088 -0.0153129 -0.0129791 -0.0109181 -0.00914061 -0.00762401 -0.0063486 -0.00529674 -0.00444332 -0.00375271 -0.00319509 -0.00273663 -0.00239478 -0.00212895 -0.00194166 -0.00180906 -0.00172529 -0.00169767 -0.001707 -0.001777 -0.00192542 -0.00216178 -0.0024905 -0.00292037 -0.00347819 -0.00421107 -0.00509794 -0.00616097 -0.00739136 -0.00879081 -0.0103121 -0.0118789 -0.0134335 -0.0148997 -0.016131 -0.0169917 -0.0173463 -0.0170746 -0.0161084 -0.0144075 -0.0120042 -0.00898034 -0.00549734 -0.0017769 0.0019462 0.00547362 0.00855672 0.0110124 0.012721 0.0136277 0.0137674 0.0132822 0.0122971 0.0109993 0.00956932 0.00815524 0.00685954 0.0057505 0.00483026 0.00411471 0.00358339 0.00321833 0.0029701 0.00279 0.00264265 0.00252931 0.00244554 0.00240891 0.00239294 0.00238646 0.00239243 0.00245241 0.00262363 0.00297222 0.00352707 0.00433099 0.00538321 0.00669224 0.00821797 0.00984728 0.0114109 0.0127321 0.01358 0.0137998 0.0132684 0.0119134 0.00976083 0.00695034 0.0036319 3.69252e-05 -0.00359495 -0.00703192 -0.0100602 -0.012491 -0.014232 -0.0152454 -0.0155683 -0.0152621 -0.0144382 -0.0132574 -0.0118338 -0.0102696 -0.00868066 -0.0071492 -0.00573364 -0.00447688 -0.00337029 -0.00243996 -0.00165635 -0.00102183 -0.000521934 -0.00013362 0.000159334 0.00036773 0.000522299 0.000621968 0.000687209 0.000695682 0.000639341 0.000536206 0.000363752 0.0001278 -0.000211708 -0.000662867 -0.0012487 -0.00199497 -0.00292875 -0.00406371 -0.00543672 -0.00706459 -0.00897502 -0.011154 -0.0135742 -0.0162214 -0.0190312 -0.0219629 -0.0249209 -0.0278387 -0.0306077 -0.0331112 -0.0352347 -0.0368551 -0.0378713 -0.0381897 -0.0377566 -0.0365245 -0.034468 -0.031573 -0.0278948 -0.0235058 -0.0185125 -0.0130071 -0.00709569 -0.000904764 0.00545415 0.0118231 0.018093 0.0241359 0.0298637 0.035174 0.0399794 0.0442357 0.047864 0.0508333 0.0530834 0.0546061 
0 0.000715866 0.00131338 0.00165514 0.00163818 0.00116265 0.000178874 -0.00135362 -0.00344691 -0.00608276 -0.00924075 -0.0128322 -0.0167595 -0.020905 -0.0251496 -0.0293781 -0.0334499 -0.0372546 -0.0406594 -0.0435438 -0.045819 -0.0474018 -0.0482692 -0.0484198 -0.0478836 -0.046698 -0.044898 -0.042586 -0.0398493 -0.0368163 -0.0336072 -0.030297 -0.0269948 -0.0237603 -0.0206927 -0.0178348 -0.0152283 -0.0129086 -0.0108563 -0.00909806 -0.00760203 -0.00635511 -0.00533277 -0.00449914 -0.00381702 -0.00327094 -0.00283822 -0.00251022 -0.00226296 -0.00208906 -0.00198067 -0.00192362 -0.0019406 -0.00201313 -0.00216958 -0.00241604 -0.00277296 -0.00325595 -0.00389863 -0.00469024 -0.00567974 -0.0068634 -0.00822212 -0.0097506 -0.0114134 -0.0131612 -0.0148931 -0.0164805 -0.0178166 -0.0187657 -0.0191426 -0.0188527 -0.0177882 -0.015925 -0.0132696 -0.0099466 -0.0061312 -0.00204547 0.00207003 0.00592233 0.00931905 0.0120318 0.0139244 0.0149569 0.015176 0.0146693 0.0136187 0.0122077 0.0106382 0.00907502 0.00765951 0.00643565 0.00542743 0.00463964 0.00404857 0.00362485 0.00333889 0.00312249 0.00295576 0.00282461 0.00272792 0.00267788 0.00265691 0.00264818 0.00267395 0.00275345 0.00296018 0.00335935 0.00399314 0.00489806 0.00609574 0.00755906 0.00923663 0.0110014 0.0126887 0.0140708 0.0149624 0.0151698 0.0145413 0.0130225 0.0106589 0.00753118 0.00388484 -6.08993e-05 -0.00405312 -0.0078277 -0.011129 -0.0137934 -0.0156944 -0.016816 -0.0171607 -0.0168433 -0.0159557 -0.0146379 -0.0130577 -0.0113582 -0.00962301 -0.00793584 -0.00636221 -0.00496545 -0.00375173 -0.00270078 -0.00183832 -0.0011414 -0.000592932 -0.000162972 0.000161278 0.000404697 0.000557608 0.000666587 0.000713079 0.000698666 0.000622275 0.00047422 0.000252972 -5.88212e-05 -0.000483443 -0.00104113 -0.00175839 -0.00265855 -0.00376519 -0.00511412 -0.00670122 -0.008584 -0.0107407 -0.0131681 -0.0158356 -0.0186764 -0.0216614 -0.0247091 -0.0277609 -0.0306998 -0.0334096 -0.0357827 -0.0376948 -0.0390678 -0.0398051 -0.039823 -0.039078 -0.0375319 -0.0351874 -0.0320505 -0.0281657 -0.0236121 -0.0184693 -0.0128565 -0.00685061 -0.000554911 0.00591265 0.0124388 0.018894 0.0251943 0.0312228 0.0368915 0.0420921 0.0467126 0.0506976 0.0539794 0.0565244 0.0582589 
0 -2.05841e-05 -0.00014008 -0.000440196 -0.00103004 -0.001938 -0.00325735 -0.00501415 -0.00721653 -0.00983445 -0.0128322 -0.0161841 -0.0198018 -0.0236359 -0.0275713 -0.0314969 -0.0352921 -0.0388831 -0.0421657 -0.0450148 -0.0473398 -0.0490541 -0.0501171 -0.050502 -0.0502452 -0.0493275 -0.0477991 -0.0457098 -0.0431499 -0.0402235 -0.0370248 -0.0336805 -0.0302608 -0.026897 -0.0236355 -0.0205456 -0.0176863 -0.0150934 -0.0127841 -0.0107751 -0.0090509 -0.00758826 -0.00636331 -0.00535445 -0.00454305 -0.00387501 -0.00336615 -0.00294008 -0.00262541 -0.00239854 -0.00224302 -0.00217749 -0.00218166 -0.00225846 -0.00242412 -0.0026881 -0.00307287 -0.00360141 -0.00429766 -0.00519499 -0.00626229 -0.00754581 -0.00902267 -0.0107112 -0.0125456 -0.0144321 -0.016304 -0.0180568 -0.0195002 -0.0205031 -0.0209055 -0.020574 -0.0194184 -0.0173916 -0.0145289 -0.0109313 -0.0067806 -0.00233593 0.00211611 0.00633771 0.0100362 0.012997 0.0150964 0.0162575 0.0165013 0.016004 0.0148918 0.0133928 0.0117237 0.0100424 0.00848367 0.00714539 0.00602443 0.00516198 0.00451076 0.00404674 0.00371927 0.00347225 0.0032743 0.00313043 0.00301214 0.00295561 0.00291958 0.00290978 0.00294142 0.00305182 0.00330724 0.00378496 0.00450075 0.0055274 0.00683799 0.00842866 0.0102497 0.0121501 0.0139397 0.0154295 0.0163329 0.0164896 0.0157607 0.0140656 0.011448 0.0080627 0.0040821 -0.000210961 -0.00452842 -0.00859599 -0.0121728 -0.0150562 -0.0171337 -0.0183516 -0.018746 -0.0183945 -0.0174129 -0.0160065 -0.0142987 -0.0124173 -0.0105197 -0.00869752 -0.00699315 -0.00546748 -0.00410678 -0.0029753 -0.00203527 -0.00127178 -0.000664257 -0.000191826 0.000167125 0.000428671 0.000607104 0.000695892 0.00072385 0.000675618 0.000558007 0.000378389 7.58651e-05 -0.000317623 -0.000857336 -0.00154499 -0.00240587 -0.00346635 -0.00476795 -0.00633081 -0.00817646 -0.0103034 -0.0127014 -0.0153461 -0.0182065 -0.0212346 -0.0243311 -0.0274623 -0.030505 -0.0333684 -0.0359265 -0.0380749 -0.0397085 -0.0407441 -0.0411314 -0.040794 -0.0397071 -0.03784 -0.0352185 -0.0318639 -0.0278436 -0.0231896 -0.0179893 -0.0123402 -0.0063204 -2.92964e-05 0.00645682 0.0130124 0.0195805 0.026026 0.0322566 0.0381729 0.0436485 0.0485738 0.0528249 0.0563823 0.0591368 0.061031 
0 -0.00086351 -0.0017832 -0.00282817 -0.004044 -0.00545938 -0.00713598 -0.00912042 -0.0114079 -0.0139555 -0.0167595 -0.0198018 -0.0230438 -0.0264616 -0.029984 -0.0335179 -0.0369595 -0.0402644 -0.0433381 -0.0460614 -0.0483758 -0.0501932 -0.0514495 -0.0520841 -0.052097 -0.0514869 -0.050258 -0.0484774 -0.0461737 -0.0434277 -0.0403401 -0.0370126 -0.033577 -0.0301177 -0.0267181 -0.0234292 -0.0203334 -0.0174949 -0.0149135 -0.0126431 -0.0106689 -0.00897127 -0.00753583 -0.00634487 -0.0053689 -0.00457704 -0.0039411 -0.00342893 -0.00303802 -0.00275748 -0.00256298 -0.00245105 -0.00244358 -0.0025175 -0.00269078 -0.00297351 -0.00339173 -0.00396642 -0.00472972 -0.00567017 -0.00684163 -0.00825896 -0.00987589 -0.0116887 -0.0136516 -0.0156987 -0.0177267 -0.0195825 -0.0211286 -0.0222202 -0.0226452 -0.0222867 -0.0210259 -0.0188344 -0.0157396 -0.0118809 -0.00744325 -0.00267007 0.00215018 0.00668711 0.0106955 0.0139133 0.0161934 0.0174799 0.0178107 0.0173044 0.0161532 0.0145772 0.0128018 0.0110001 0.00933778 0.0078806 0.00666167 0.00571068 0.00498647 0.00446043 0.0041021 0.00382859 0.00362175 0.00345986 0.00331798 0.00322834 0.00317423 0.00315778 0.00322243 0.0033787 0.00369539 0.00424115 0.00504565 0.0061649 0.00760967 0.00934091 0.0112948 0.0133145 0.0152112 0.0167377 0.0176592 0.0177714 0.0169111 0.0150286 0.0121944 0.00851107 0.00423913 -0.000360264 -0.00500051 -0.0093815 -0.0132187 -0.0163199 -0.0185415 -0.0198484 -0.0202534 -0.0198924 -0.0188704 -0.0173494 -0.015504 -0.0134953 -0.0114514 -0.00946451 -0.00760064 -0.00594593 -0.00450028 -0.0032608 -0.00224067 -0.00140351 -0.000739164 -0.000226811 0.000156324 0.000438209 0.00060964 0.000704802 0.000710105 0.000627576 0.000468248 0.000213259 -0.000164433 -0.000663925 -0.00131594 -0.0021444 -0.00317494 -0.00442883 -0.00594202 -0.00774797 -0.00983427 -0.0122192 -0.0148381 -0.0176726 -0.0207006 -0.0238367 -0.0270136 -0.0301338 -0.0331014 -0.0357913 -0.0381057 -0.0399673 -0.0412523 -0.0419063 -0.0418789 -0.0411398 -0.0396886 -0.0375028 -0.0346154 -0.0310656 -0.0269246 -0.0222299 -0.0170327 -0.011431 -0.00547924 0.000735522 0.00712754 0.013629 0.020178 0.0266712 0.0329741 0.0390012 0.0446384 0.0497432 0.0542102 0.0579488 0.0608569 0.0628379 
0 -0.0017582 -0.00353298 -0.0053503 -0.00724985 -0.00921163 -0.0112888 -0.0135015 -0.0158486 -0.0183123 -0.020905 -0.0236359 -0.0264616 -0.029402 -0.0324324 -0.035499 -0.0385237 -0.0414705 -0.0442542 -0.046781 -0.049018 -0.0508922 -0.052308 -0.0531691 -0.0534714 -0.053178 -0.0522972 -0.0508482 -0.0488532 -0.0463691 -0.0434709 -0.0402749 -0.0368724 -0.0333868 -0.0298865 -0.0264536 -0.0231805 -0.0201176 -0.0172795 -0.0147279 -0.0124828 -0.0105376 -0.00887541 -0.00747871 -0.00632533 -0.00536664 -0.00460863 -0.00398745 -0.0035225 -0.00318073 -0.00292334 -0.00276538 -0.00271643 -0.00277477 -0.00295499 -0.00326221 -0.00371427 -0.00433568 -0.00515419 -0.00619001 -0.00744653 -0.00896554 -0.0107043 -0.012663 -0.0147709 -0.0169433 -0.0190996 -0.0211031 -0.0227527 -0.0238975 -0.0243452 -0.0239475 -0.0225949 -0.020251 -0.0169566 -0.0128391 -0.00809561 -0.00299812 0.00213069 0.00699061 0.0112735 0.0147287 0.0172154 0.0186488 0.0190455 0.0185764 0.0173974 0.0157561 0.0138914 0.0119775 0.0101801 0.0086133 0.00729608 0.00627585 0.00549664 0.00492299 0.00450793 0.00418978 0.00394229 0.00376063 0.00360742 0.00351745 0.00345828 0.00344899 0.00352194 0.00370825 0.00407671 0.00470235 0.00560387 0.0068564 0.00842928 0.0102911 0.01237 0.0144902 0.0164485 0.0180259 0.0189251 0.0189631 0.0179876 0.0159319 0.0128627 0.00892942 0.00434852 -0.000572899 -0.00551655 -0.0101654 -0.0142447 -0.0175425 -0.0199159 -0.0213067 -0.0217501 -0.0213568 -0.0202586 -0.0186625 -0.0167094 -0.0145481 -0.0123502 -0.0102275 -0.00823639 -0.00645304 -0.00487216 -0.00354425 -0.00244002 -0.00152804 -0.00079992 -0.000251397 0.000144169 0.000420931 0.000594535 0.000672056 0.000660291 0.000542531 0.000325368 -9.90054e-07 -0.000487462 -0.00109575 -0.00188006 -0.00286823 -0.0040966 -0.00558103 -0.00734002 -0.00938051 -0.0117038 -0.0143029 -0.0171249 -0.020128 -0.0232718 -0.0264723 -0.0296257 -0.0326718 -0.0354757 -0.0379244 -0.0399202 -0.0414033 -0.0422838 -0.0425023 -0.042037 -0.0408721 -0.0390432 -0.0365483 -0.0334239 -0.0297117 -0.0254897 -0.0207858 -0.0156569 -0.0101703 -0.00435696 0.00171149 0.00796031 0.0143141 0.0207578 0.0271712 0.0334325 0.0394487 0.0451077 0.0502817 0.0548293 0.0586622 0.0616209 0.063628 
0 -0.00266616 -0.00530127 -0.00790671 -0.0104978 -0.013034 -0.0155256 -0.0179724 -0.0203778 -0.0227562 -0.0251496 -0.0275713 -0.029984 -0.0324324 -0.0349401 -0.0374919 -0.0400404 -0.0425659 -0.0450082 -0.0472898 -0.0493939 -0.0512493 -0.0527538 -0.0538103 -0.0543917 -0.0544374 -0.0539072 -0.0528116 -0.0511635 -0.0490068 -0.0463913 -0.043395 -0.0401062 -0.0366437 -0.033102 -0.0295734 -0.0261572 -0.0229039 -0.0198346 -0.0170276 -0.0145257 -0.0123263 -0.0104196 -0.00879655 -0.00743865 -0.00630825 -0.00539406 -0.00464553 -0.0040707 -0.00364271 -0.0033216 -0.00311765 -0.00304334 -0.00308807 -0.00325672 -0.0035663 -0.00404285 -0.00471187 -0.00559336 -0.0066939 -0.00804144 -0.00966869 -0.0115264 -0.0136061 -0.0158533 -0.0181809 -0.0204792 -0.0225837 -0.0243126 -0.0255102 -0.025976 -0.0255521 -0.0241175 -0.0216293 -0.0181339 -0.0137741 -0.00875636 -0.00335576 0.00208654 0.00723626 0.0117873 0.015479 0.0181588 0.0197439 0.0202465 0.0198122 0.0186187 0.0169199 0.0149647 0.0129468 0.0110475 0.00937662 0.00797025 0.00686696 0.00601349 0.00537362 0.00490801 0.00455178 0.00428228 0.00408105 0.00391024 0.00379919 0.0037314 0.00372848 0.00383372 0.00407017 0.00450128 0.00519968 0.00619629 0.00755934 0.00927 0.0112729 0.0134718 0.0156814 0.0176922 0.0192699 0.020138 0.0200985 0.0189907 0.0167575 0.01347 0.00927136 0.00440657 -0.000805898 -0.00603589 -0.0109464 -0.0152456 -0.01872 -0.0212255 -0.0227017 -0.0231803 -0.0227801 -0.0216344 -0.0199336 -0.0178501 -0.0155587 -0.0132314 -0.0109719 -0.00884559 -0.00693527 -0.00524803 -0.00381829 -0.0026349 -0.00166301 -0.00089191 -0.000310996 0.000111765 0.000403807 0.000573246 0.000627676 0.000568416 0.000389723 0.000101946 -0.000318496 -0.000914964 -0.00166238 -0.00260089 -0.00376908 -0.00520402 -0.0069184 -0.00891896 -0.0111972 -0.0137426 -0.0165413 -0.0195314 -0.0226644 -0.0258846 -0.0290782 -0.0321414 -0.0350102 -0.0375707 -0.0397022 -0.0413108 -0.0423521 -0.0427633 -0.042522 -0.0416135 -0.0400375 -0.0378388 -0.035044 -0.0317072 -0.0278752 -0.0236106 -0.0189328 -0.0139005 -0.00857202 -0.00295264 0.0029169 0.0089632 0.0151141 0.0213516 0.0275739 0.0336674 0.0395484 0.0451046 0.0501956 0.0546855 0.058473 0.0614005 0.0633821 
0 -0.0035426 -0.00701663 -0.0103991 -0.0136664 -0.0167645 -0.019665 -0.0223595 -0.0248512 -0.0271699 -0.0293781 -0.0314969 -0.0335179 -0.035499 -0.0374919 -0.0395065 -0.0415367 -0.0436004 -0.0456707 -0.047676 -0.0495941 -0.0513614 -0.0528905 -0.0540992 -0.0549285 -0.055293 -0.0551077 -0.0543812 -0.0531142 -0.0513255 -0.0490407 -0.0463042 -0.0432122 -0.0398603 -0.0363524 -0.0327784 -0.0292499 -0.025837 -0.0225728 -0.0195409 -0.0167893 -0.014321 -0.0121448 -0.0102742 -0.00869715 -0.0073853 -0.00629769 -0.00540281 -0.00469578 -0.00416326 -0.00376966 -0.00351189 -0.00340392 -0.00342605 -0.00358122 -0.00389438 -0.00439453 -0.00510631 -0.00605028 -0.00721683 -0.0086523 -0.0103765 -0.0123538 -0.014562 -0.0169439 -0.0194101 -0.0218395 -0.0240498 -0.0258628 -0.0271046 -0.0275721 -0.0271082 -0.0255845 -0.0229624 -0.0192888 -0.0147111 -0.00944053 -0.0037604 0.00198154 0.00741743 0.0122404 0.0161727 0.0190446 0.0207714 0.0213719 0.0209756 0.0197914 0.0180683 0.0160546 0.013952 0.0119509 0.0101638 0.00865822 0.00746512 0.00654057 0.00584037 0.0053258 0.00492998 0.0046348 0.00441075 0.00422534 0.00409479 0.00401929 0.00402102 0.00415538 0.00444641 0.00495422 0.00574177 0.00684883 0.00832188 0.0101532 0.0122722 0.014569 0.0168559 0.0189184 0.0204947 0.0213218 0.0211815 0.0199175 0.017489 0.0139789 0.00952702 0.00440173 -0.00107832 -0.00656578 -0.0117123 -0.0162179 -0.0198685 -0.0225078 -0.0240732 -0.0245835 -0.0241661 -0.0229711 -0.0211814 -0.0189846 -0.0165648 -0.0141003 -0.011709 -0.00946157 -0.00742845 -0.00563569 -0.00410472 -0.00284464 -0.00181132 -0.000994255 -0.000381025 6.32578e-05 0.000366405 0.000526164 0.000550892 0.000430359 0.000177255 -0.000192142 -0.000715043 -0.0014285 -0.00233646 -0.00346125 -0.00484202 -0.00650162 -0.00844597 -0.010677 -0.0131859 -0.0159463 -0.0189269 -0.0220419 -0.0252405 -0.0284655 -0.0315864 -0.0344992 -0.0371156 -0.0393492 -0.041086 -0.0422522 -0.0428133 -0.0427257 -0.0420016 -0.0406423 -0.0386679 -0.0361207 -0.0330462 -0.0295165 -0.0255946 -0.0213229 -0.0167055 -0.0117916 -0.00664299 -0.00125649 0.00435593 0.0101323 0.0160134 0.0219596 0.0278868 0.0336934 0.039313 0.0446332 0.0494936 0.0537766 0.0573851 0.0601964 0.0621102 
0 -0.00435476 -0.00862461 -0.0127396 -0.0166465 -0.0202568 -0.0235456 -0.0264974 -0.0291097 -0.0314081 -0.0334499 -0.0352921 -0.0369595 -0.0385237 -0.0400404 -0.0415367 -0.0430547 -0.0446545 -0.046331 -0.04803 -0.049713 -0.0513452 -0.0528477 -0.0541381 -0.0551527 -0.0557703 -0.0559242 -0.05557 -0.054702 -0.0533012 -0.0513658 -0.0489592 -0.0461313 -0.0429846 -0.0395778 -0.0360181 -0.0324305 -0.028895 -0.0254736 -0.0222372 -0.0192435 -0.0165147 -0.0140704 -0.0119404 -0.0101319 -0.00859832 -0.00732861 -0.0062692 -0.00543216 -0.00478938 -0.00429921 -0.00397121 -0.00380212 -0.00378916 -0.00393357 -0.00425238 -0.00477111 -0.00551849 -0.00650092 -0.00775364 -0.00927714 -0.0111056 -0.0132042 -0.0155362 -0.0180371 -0.0206143 -0.0231503 -0.0254793 -0.0273733 -0.0286531 -0.0291368 -0.028627 -0.0270125 -0.024254 -0.0204134 -0.0156287 -0.0101185 -0.00417629 0.0018269 0.00754852 0.0126182 0.0167735 0.0198438 0.0217252 0.0224225 0.0221047 0.0209433 0.0192056 0.0171463 0.0149705 0.0128597 0.0109749 0.00936909 0.0080854 0.00708743 0.00632647 0.00574867 0.00531923 0.00499181 0.00474568 0.00454716 0.00440333 0.00431662 0.0043379 0.00449987 0.00484972 0.00543838 0.00631989 0.00753037 0.00913103 0.011077 0.0133062 0.0156943 0.0180399 0.0201119 0.0216817 0.022439 0.0221811 0.0207668 0.0181487 0.014405 0.00973087 0.00435221 -0.00138154 -0.00711053 -0.0124752 -0.0171803 -0.0209921 -0.0237542 -0.0253825 -0.0259288 -0.0254913 -0.0242415 -0.0223945 -0.0201123 -0.0175742 -0.0149742 -0.0124459 -0.0100735 -0.00791969 -0.0060108 -0.00440417 -0.00306448 -0.00196906 -0.00110025 -0.00045646 -6.9023e-06 0.000279982 0.000422323 0.000402422 0.00023103 -9.50456e-05 -0.000564654 -0.0012026 -0.00206821 -0.00314551 -0.00447583 -0.00608177 -0.00797955 -0.0101642 -0.012624 -0.0153397 -0.0182939 -0.0214114 -0.0246089 -0.0278111 -0.0309544 -0.0339347 -0.0366126 -0.0389231 -0.0407515 -0.0420305 -0.0427108 -0.0427696 -0.0421958 -0.0409833 -0.0391762 -0.0368108 -0.0339476 -0.030636 -0.0269416 -0.0229417 -0.018675 -0.0141349 -0.0093642 -0.00440812 0.000725105 0.00603085 0.0114736 0.0169968 0.0225754 0.0281071 0.0335176 0.0387436 0.0436778 0.0481774 0.0521156 0.055445 0.0580487 0.0598457 
0 -0.00506585 -0.0100288 -0.014798 -0.0192594 -0.0233361 -0.0269859 -0.0302077 -0.0329812 -0.0353105 -0.0372546 -0.0388831 -0.0402644 -0.0414705 -0.0425659 -0.0436004 -0.0446545 -0.0457999 -0.0470657 -0.0484075 -0.0498236 -0.0512783 -0.0526941 -0.0540009 -0.0551038 -0.0559401 -0.0563856 -0.0564008 -0.0559206 -0.0549088 -0.053375 -0.0513249 -0.0488364 -0.0459331 -0.042702 -0.0392354 -0.035657 -0.0320611 -0.0285127 -0.0250955 -0.0218902 -0.0189221 -0.0162287 -0.013842 -0.0117608 -0.00999793 -0.00849624 -0.00727317 -0.00628507 -0.00551093 -0.00491387 -0.0044847 -0.00424915 -0.00419746 -0.00431666 -0.00463149 -0.00516676 -0.00594198 -0.00698056 -0.0082755 -0.00990164 -0.0118385 -0.0140509 -0.0164828 -0.0190989 -0.0218074 -0.0244632 -0.0268552 -0.0288226 -0.0301526 -0.0306327 -0.0300934 -0.0284024 -0.0255166 -0.0215058 -0.0165261 -0.0107964 -0.00461617 0.00165422 0.00759939 0.012905 0.0172839 0.0205372 0.0225806 0.023436 0.0231815 0.0220682 0.0203318 0.0182199 0.0159694 0.0137887 0.0117934 0.0101069 0.00873454 0.00765352 0.00681419 0.00618389 0.00569841 0.0053483 0.00507932 0.00486999 0.00470954 0.00463514 0.00466507 0.00487434 0.00528811 0.00595318 0.00691938 0.00825222 0.00995161 0.012032 0.0143807 0.016841 0.0192231 0.0213041 0.0227921 0.0234729 0.0230977 0.0215185 0.0187172 0.0147816 0.00985946 0.00425089 -0.00171928 -0.00767303 -0.0132485 -0.0181254 -0.0220724 -0.0249344 -0.02664 -0.0272019 -0.026762 -0.0254976 -0.0235645 -0.0211807 -0.0185435 -0.0158326 -0.013172 -0.0106666 -0.00838845 -0.00640413 -0.0046948 -0.00328487 -0.00212696 -0.0012174 -0.000549616 -9.57873e-05 0.000171899 0.00026582 0.000203374 -3.81263e-05 -0.000447067 -0.00102606 -0.00182759 -0.00285217 -0.00413944 -0.00567356 -0.00750685 -0.00964517 -0.0120706 -0.0147537 -0.0176594 -0.0207455 -0.0239507 -0.027167 -0.0303196 -0.03333 -0.0360682 -0.0384483 -0.0403537 -0.0417379 -0.0425112 -0.0426679 -0.0422147 -0.041139 -0.0394693 -0.0372228 -0.0344973 -0.0313557 -0.027859 -0.0240513 -0.0199958 -0.0157399 -0.0112957 -0.0066917 -0.00195609 0.00290565 0.00788553 0.0129388 0.0180494 0.0231724 0.0282412 0.0331587 0.0378689 0.0422901 0.04629 0.0497976 0.0527374 0.0550519 0.056646 
