0 0 0 0 0 0 0 0 0 0 0 0 0 0 0 0 0 0 0 0 0 0 0 0 0 0 0 0 0 0 0 0 0 0 0 0 0 0 0 0 0 0 0 0 0 0 0 0 0 0 0 0 0 0 0 0 0 0 0 0 0 0 0 0 0 0 0 0 0 0 0 0 0 0 0 0 0 0 0 0 0 0 0 0 0 0 0 0 0 0 0 0 0 0 0 0 0 0 0 0 0 0 0 0 0 0 0 0 0 0 0 0 0 0 0 0 0 0 0 0 0 0 0 0 0 0 0 0 0 0 0 0 0 0 0 0 0 0 0 0 0 0 0 0 0 0 0 0 0 0 0 0 0 0 0 0 0 0 0 0 0 0 0 0 0 0 0 0 0 0 0 0 0 0 0 0 0 0 0 0 0 0 0 0 0 0 0 0 0 0 0 0 0 0 0 0 0 0 0 0 
0 6.8445e-05 0.000108611 0.000141305 0.000189544 0.000260105 0.000338822 0.000409039 0.000468925 0.000543172 0.000666379 0.000813423 0.000961188 0.00111416 0.00130179 0.00154023 0.00181974 0.00212495 0.00241702 0.00271675 0.0030358 0.00336094 0.00364523 0.00384746 0.00395858 0.00396076 0.00386283 0.00363352 0.00325322 0.00271092 0.00201895 0.00121407 0.000331672 -0.000602292 -0.00155964 -0.00250127 -0.00338923 -0.00418714 -0.00485758 -0.00536829 -0.00573795 -0.00594738 -0.00601683 -0.00595594 -0.00579174 -0.00555812 -0.00526748 -0.00495081 -0.0046202 -0.00430238 -0.00399871 -0.00372467 -0.00349251 -0.00328736 -0.00307282 -0.0028477 -0.00258249 -0.00227828 -0.001914 -0.00149718 -0.00105767 -0.000598803 -0.000129734 0.00032051 0.000719401 0.00105172 0.00129381 0.00144407 0.0014979 0.00147235 0.00137382 0.00123348 0.00106371 0.000889322 0.000711437 0.000562979 0.000440871 0.0003434 0.000268996 0.000222305 0.000187511 0.000168428 0.000148301 0.000128526 0.000109539 0.000102197 0.00010104 0.000100644 0.000102936 0.000104861 9.91889e-05 9.78472e-05 9.45306e-05 8.89222e-05 9.25841e-05 9.39507e-05 9.08674e-05 9.32437e-05 9.39501e-05 9.33616e-05 9.94368e-05 9.9072e-05 9.59985e-05 0.000100096 0.00010224 0.000105022 0.000115298 0.000119846 0.00012418 0.000132122 0.000133157 0.00013825 0.000150835 0.000164131 0.000177787 0.000193111 0.000204342 0.000216119 0.000224002 0.00022686 0.000220145 0.000227696 0.000250903 0.000296157 0.000363064 0.000460629 0.000581993 0.000738845 0.000913554 0.00109827 0.00126533 0.00140829 0.00148334 0.00146957 0.00135622 0.00115471 0.000862014 0.000497345 7.84948e-05 -0.000374968 -0.000846191 -0.0012951 -0.0017068 -0.00207098 -0.00237666 -0.00264603 -0.00287484 -0.00309767 -0.0033275 -0.00357169 -0.00384097 -0.00414043 -0.00445622 -0.00479482 -0.00511912 -0.00540847 -0.00562808 -0.0057698 -0.00581751 -0.00574331 -0.0055399 -0.00517024 -0.0046419 -0.00395708 -0.00314887 -0.00226252 -0.00133159 -0.000373391 0.000573922 0.00147523 0.00228798 0.00297541 0.00350919 0.00389331 0.0041492 0.00426662 0.0042643 0.00414482 0.00394339 0.00368441 0.00339092 0.00308383 0.00277482 0.00248554 0.00221156 0.00196757 0.00174913 0.00155994 0.00140894 0.00129262 0.00119024 0.00109122 0.0010162 0.000966269 0.000931867 0.000900743 0.000865854 0.000829631 0.000812741 0.000818836 
0 0.000108611 0.000197975 0.000281391 0.000396295 0.000512977 0.000654253 0.000798236 0.0009494 0.00112672 0.00135652 0.00163821 0.00192598 0.00227013 0.00266704 0.00313437 0.00366502 0.00424457 0.00484966 0.00545252 0.00608667 0.00668724 0.00721276 0.00760692 0.00782672 0.00784237 0.00761601 0.00713724 0.00636339 0.00529649 0.00394611 0.00235833 0.000609144 -0.00124503 -0.00313416 -0.00497453 -0.00671175 -0.00828185 -0.00960508 -0.0106298 -0.0113475 -0.0117675 -0.0119002 -0.0117975 -0.0114989 -0.0110511 -0.0105001 -0.00987417 -0.00922443 -0.00860237 -0.00802045 -0.00749314 -0.00702329 -0.00657962 -0.00615381 -0.00569867 -0.00517276 -0.00455932 -0.00384822 -0.00304243 -0.00214706 -0.00120935 -0.000271637 0.000627638 0.00142289 0.00207748 0.00256795 0.00287508 0.00300483 0.00293236 0.00272646 0.00244544 0.0020988 0.00175063 0.0014258 0.00112533 0.000888899 0.000696447 0.000541577 0.000434923 0.000360781 0.000317585 0.000279944 0.000244604 0.000226085 0.000212863 0.000204051 0.000206543 0.000195152 0.000189068 0.000192234 0.000187211 0.000181834 0.000188992 0.00018192 0.000181402 0.000184591 0.000177059 0.000178183 0.000191706 0.000187269 0.000192414 0.000196398 0.000193926 0.000204418 0.000218863 0.000218186 0.000230738 0.000240435 0.000246219 0.000264158 0.00028707 0.000304601 0.000335365 0.00035411 0.000366221 0.000388886 0.000414054 0.000436887 0.000450107 0.000448461 0.000464984 0.000503872 0.000587232 0.000721749 0.000891434 0.00114437 0.00146762 0.00181779 0.00219749 0.00254367 0.00280026 0.00294697 0.00291619 0.00270083 0.0022951 0.00170767 0.000971133 0.000114633 -0.000796174 -0.00170042 -0.00258748 -0.00341626 -0.00414281 -0.0047599 -0.00530257 -0.00579362 -0.00623847 -0.00668147 -0.00715934 -0.00769901 -0.00829199 -0.00891229 -0.00954892 -0.0101752 -0.0107232 -0.011156 -0.0114459 -0.0115346 -0.0113857 -0.0109522 -0.0102128 -0.00916904 -0.0078331 -0.00625208 -0.00450018 -0.00264759 -0.000753544 0.00111129 0.00286317 0.00445689 0.00582215 0.00689178 0.00767584 0.0081721 0.00841698 0.0084186 0.00821612 0.00784518 0.00734143 0.00677672 0.00616998 0.00558336 0.00500847 0.00446298 0.00397015 0.00353431 0.00316727 0.00285084 0.00260335 0.00237893 0.00218799 0.0020457 0.00193795 0.00185267 0.00177772 0.00172512 0.00166923 0.00164025 0.00163728 
0 0.000141305 0.000281391 0.000448633 0.00062413 0.00079065 0.000971574 0.00120042 0.00146639 0.00175275 0.00209646 0.00248208 0.00293229 0.00347282 0.00410104 0.00478999 0.0055402 0.00639318 0.00728529 0.00820751 0.00911278 0.00995358 0.0106713 0.0112118 0.0115303 0.0115175 0.0111549 0.0103902 0.0092212 0.00764352 0.00566805 0.0033568 0.000796306 -0.00191875 -0.00467827 -0.00736498 -0.00989034 -0.0121756 -0.0141217 -0.0156281 -0.016721 -0.0173548 -0.0175931 -0.017476 -0.0170702 -0.0164502 -0.0156473 -0.0147519 -0.0138184 -0.012927 -0.0120792 -0.011301 -0.0106113 -0.00997007 -0.0092972 -0.00859861 -0.00780418 -0.0069031 -0.0058264 -0.00458191 -0.00324692 -0.0018503 -0.000435613 0.000910697 0.00210085 0.00309499 0.0038315 0.00429855 0.0044771 0.00440212 0.00409992 0.00366511 0.00314868 0.00263058 0.0021227 0.00170116 0.00135119 0.00105993 0.000823728 0.00066092 0.00054095 0.000476624 0.000423865 0.00038008 0.000340581 0.000324776 0.000316523 0.000304947 0.000298006 0.000294612 0.000280522 0.000281882 0.000280517 0.000273375 0.000283897 0.000285072 0.00027303 0.000272885 0.000271551 0.000271489 0.0002893 0.000294243 0.00029276 0.000306466 0.000313221 0.000317644 0.000336684 0.000344174 0.000355965 0.000383251 0.00040009 0.000427728 0.000468776 0.000504326 0.00053186 0.000559456 0.000581883 0.000615823 0.000651049 0.000679411 0.000681321 0.00071007 0.000770329 0.000885939 0.00106912 0.00135278 0.00172732 0.0022134 0.00275156 0.00330703 0.00379873 0.00420216 0.00440859 0.00435972 0.0040233 0.00341904 0.00253472 0.00142387 0.00014961 -0.00121437 -0.00260755 -0.0039314 -0.005154 -0.00625291 -0.00719939 -0.00803846 -0.00875191 -0.00942277 -0.0100961 -0.0108079 -0.0115945 -0.0124604 -0.0133549 -0.0142822 -0.0151574 -0.0159406 -0.0165507 -0.0169473 -0.0170546 -0.016782 -0.0161163 -0.0149964 -0.0134624 -0.0115159 -0.00921558 -0.00665973 -0.00394716 -0.00116492 0.00155231 0.00410901 0.00642594 0.00843077 0.010036 0.0112129 0.0119897 0.0123609 0.0124046 0.0121408 0.0116383 0.0109431 0.0101269 0.00926651 0.00839993 0.00756555 0.00675302 0.006023 0.00538329 0.00482708 0.00434902 0.00394719 0.0036075 0.00332441 0.00311744 0.0029451 0.00278919 0.00267195 0.00259992 0.00253813 0.00248686 0.00245964 
0 0.000189544 0.000396295 0.00062413 0.000876838 0.00109184 0.00134445 0.00165579 0.00202222 0.00242108 0.00286942 0.00340045 0.00400024 0.00474473 0.0055819 0.0064949 0.00748942 0.00858927 0.00976449 0.0109343 0.0120919 0.0131263 0.0139938 0.0146304 0.0149586 0.0148899 0.014344 0.0133048 0.0117349 0.00965911 0.00710222 0.00413338 0.000860873 -0.00261972 -0.00617463 -0.00963503 -0.0128852 -0.0158167 -0.0183098 -0.0202867 -0.0217294 -0.022633 -0.0230022 -0.0229118 -0.0224336 -0.0216594 -0.0206805 -0.0195653 -0.0184009 -0.0172702 -0.0161903 -0.0151885 -0.0142756 -0.0134002 -0.0125334 -0.0115959 -0.0105164 -0.00926472 -0.00781951 -0.00618684 -0.00439062 -0.00251286 -0.000633457 0.00116757 0.00276601 0.00408557 0.00507263 0.00569226 0.00595252 0.00583196 0.00544414 0.00489484 0.00421767 0.00352449 0.00286796 0.00226807 0.00178803 0.00140118 0.0010975 0.000889935 0.000747867 0.000658434 0.000578562 0.000502681 0.000455231 0.000425005 0.000408709 0.000410359 0.000394983 0.000386269 0.000389018 0.00037975 0.000368749 0.000374679 0.000364191 0.000363094 0.000368031 0.000359197 0.000363479 0.000384308 0.000380058 0.00038626 0.000391009 0.000389965 0.000410212 0.000436689 0.000443972 0.000467718 0.0004875 0.000502336 0.000532987 0.000571677 0.000607882 0.000665045 0.000708674 0.000743504 0.000790245 0.000836825 0.000874755 0.000892911 0.000890988 0.000927054 0.00101596 0.00119415 0.00147228 0.00182986 0.00233495 0.00296871 0.0036608 0.00440087 0.00507728 0.00558526 0.0058609 0.00578544 0.0053387 0.00451547 0.00333321 0.001854 0.000139925 -0.00168747 -0.00351605 -0.00530319 -0.00697144 -0.00844101 -0.00969563 -0.0107965 -0.0117898 -0.0126981 -0.0135915 -0.0145257 -0.0155454 -0.0166414 -0.0177729 -0.0189232 -0.0200391 -0.0210071 -0.0217496 -0.0222023 -0.0222593 -0.0218552 -0.0209266 -0.0194508 -0.0174412 -0.0149216 -0.011966 -0.00869154 -0.00521434 -0.00164717 0.00185872 0.00514399 0.00812719 0.0107136 0.0128073 0.0144039 0.0154728 0.016045 0.0161478 0.0158663 0.015279 0.0144429 0.0134559 0.012352 0.0112404 0.0101388 0.00909369 0.00814856 0.0073014 0.00655674 0.00589456 0.00536097 0.00490442 0.00453284 0.00424293 0.00399392 0.00377858 0.00361218 0.00351731 0.00342435 0.00335006 0.00329874 
0 0.000260105 0.000512977 0.00079065 0.00109184 0.00140004 0.00174454 0.00215398 0.00261253 0.00311717 0.00372315 0.00441806 0.00520859 0.00612375 0.0071631 0.00830183 0.00953363 0.0108807 0.012258 0.0136378 0.0149647 0.0161544 0.0171144 0.0177678 0.0180545 0.0178497 0.0171102 0.0157687 0.0138147 0.0112676 0.00817423 0.00462812 0.000732483 -0.00340594 -0.00763423 -0.0117612 -0.015628 -0.0191135 -0.0221005 -0.0244874 -0.0262936 -0.0274527 -0.0280025 -0.0279872 -0.0274994 -0.0266576 -0.0255423 -0.0242785 -0.022946 -0.0216355 -0.0203554 -0.0191462 -0.0180373 -0.0169752 -0.0158573 -0.0146602 -0.0132941 -0.0117334 -0.00990561 -0.00782568 -0.00558777 -0.00325107 -0.000891564 0.00136092 0.00336484 0.00503428 0.00627444 0.00705805 0.0073716 0.0072613 0.00679265 0.00609924 0.00526421 0.00440625 0.0035705 0.00285416 0.0022601 0.00177447 0.0013923 0.00112801 0.000939612 0.000825219 0.000727081 0.000641049 0.000571184 0.000537925 0.000522299 0.000509386 0.000499367 0.000492527 0.000476295 0.000472711 0.000465781 0.00045704 0.000465385 0.000466782 0.000456615 0.000456481 0.000458088 0.000463685 0.000482254 0.000488177 0.000487648 0.000503613 0.000518963 0.000534218 0.000561939 0.000581194 0.000604658 0.000643121 0.000672963 0.000714291 0.000771455 0.000830018 0.000882381 0.000934679 0.000981892 0.00103588 0.00108337 0.00111619 0.00112241 0.00117339 0.00128914 0.00150342 0.00183339 0.00231218 0.00293962 0.00372963 0.00460484 0.00550929 0.00632162 0.00696564 0.00728588 0.00717684 0.00659219 0.00555557 0.00406909 0.00221215 8.29776e-05 -0.0021986 -0.00452362 -0.00675804 -0.0088294 -0.0106818 -0.0122811 -0.0136902 -0.0149182 -0.0160656 -0.0171908 -0.0183371 -0.0195484 -0.0208334 -0.0221444 -0.0234817 -0.0247402 -0.0258351 -0.0266438 -0.0270896 -0.0270674 -0.0264752 -0.0252933 -0.0234616 -0.0210245 -0.0179978 -0.0144691 -0.0105752 -0.00644316 -0.0021946 0.00197923 0.00591245 0.0094802 0.0125892 0.015148 0.017128 0.0185281 0.0193132 0.0195526 0.0193068 0.0186996 0.0178067 0.0166978 0.015441 0.0141113 0.0128006 0.0115421 0.0103965 0.00934792 0.00839002 0.00755216 0.0068624 0.0062866 0.00579169 0.00539259 0.00506201 0.00478825 0.00458532 0.00444185 0.00431354 0.00421802 0.00416979 
0 0.000338822 0.000654253 0.000971574 0.00134445 0.00174454 0.00220379 0.00271022 0.00326421 0.00389781 0.00465866 0.00554448 0.00651027 0.00761326 0.00884643 0.0102029 0.0116633 0.0132069 0.0147711 0.0162891 0.0177373 0.018993 0.0199674 0.0205768 0.0207409 0.0203607 0.0193603 0.0177087 0.0153832 0.01242 0.00886926 0.00482294 0.000399825 -0.00427865 -0.00904571 -0.013693 -0.0180637 -0.0220252 -0.0254434 -0.0282253 -0.0303443 -0.0317731 -0.0325145 -0.0326355 -0.0322205 -0.0313807 -0.0302282 -0.0288748 -0.0274311 -0.025993 -0.0245801 -0.0232187 -0.0219196 -0.0206276 -0.0192897 -0.0178307 -0.0161701 -0.0142618 -0.0120632 -0.00957877 -0.00686649 -0.00403355 -0.00119868 0.00150665 0.00391666 0.00591818 0.00742355 0.00838233 0.00878962 0.00865497 0.00810573 0.00728946 0.00629874 0.00527779 0.00430932 0.00344443 0.00273315 0.00215204 0.0016918 0.00136406 0.00113846 0.000990811 0.000871821 0.000768851 0.000698615 0.000655481 0.000629377 0.000614243 0.000590089 0.000573865 0.000569782 0.000562905 0.000555464 0.000558189 0.00055275 0.00055001 0.000549224 0.000541258 0.000546514 0.00056579 0.000571099 0.000579621 0.000587266 0.000596126 0.000622443 0.000651203 0.000668153 0.000694493 0.000723875 0.000758746 0.000808178 0.0008667 0.000927769 0.00099916 0.00105732 0.00110667 0.00116469 0.00122812 0.00128737 0.00132708 0.00135046 0.00141782 0.00155987 0.00182241 0.00223029 0.00278848 0.00355135 0.00449778 0.00553994 0.00661901 0.00759072 0.00831679 0.00867328 0.00852035 0.00781444 0.00655217 0.00475656 0.00251408 -6.58277e-05 -0.00281448 -0.00557848 -0.00826207 -0.0107691 -0.0130086 -0.014954 -0.0166638 -0.0181869 -0.0195706 -0.0208921 -0.022217 -0.0235993 -0.0250349 -0.0264777 -0.0279052 -0.0292433 -0.0303714 -0.0311794 -0.0315694 -0.0314114 -0.0306196 -0.0291446 -0.0269767 -0.0241476 -0.0206905 -0.0166882 -0.0122767 -0.00759972 -0.00280603 0.00190731 0.00635476 0.0104244 0.0140084 0.0169974 0.0193611 0.0210642 0.0221141 0.0225445 0.0224379 0.0218928 0.0209882 0.0198242 0.0184587 0.0170061 0.0155248 0.0140806 0.0127306 0.0114798 0.0103412 0.00932897 0.00848716 0.00775825 0.00713166 0.0066189 0.00620484 0.00587278 0.00561 0.00541242 0.00523514 0.00512122 0.00507021 
0 0.000409039 0.000798236 0.00120042 0.00165579 0.00215398 0.00271022 0.0033279 0.00401159 0.00479414 0.00571705 0.00676656 0.00792161 0.00921698 0.0106533 0.0122051 0.013847 0.0155549 0.0172496 0.0188666 0.0203497 0.0215943 0.0225031 0.0229899 0.022971 0.0223422 0.0210506 0.0190715 0.0164032 0.0130753 0.0091379 0.00468856 -0.000144588 -0.00522248 -0.0103727 -0.0154025 -0.020155 -0.0244945 -0.0282799 -0.0314026 -0.0338339 -0.0355339 -0.0365141 -0.0368268 -0.0365542 -0.035804 -0.0346844 -0.033327 -0.0318492 -0.0303454 -0.0288397 -0.0273585 -0.0259116 -0.0244423 -0.022872 -0.0211437 -0.0191785 -0.0169226 -0.0143201 -0.0113851 -0.00820628 -0.004894 -0.00157616 0.00158343 0.00440489 0.00675503 0.00852442 0.00965868 0.0101478 0.0100318 0.00942654 0.00849213 0.00735911 0.00617798 0.00504681 0.00404974 0.00321836 0.00253898 0.00200564 0.0016232 0.00135823 0.00118148 0.00103948 0.000917796 0.000826558 0.000771964 0.000739681 0.00071645 0.000693745 0.000677294 0.000665622 0.000658969 0.000651739 0.000648619 0.000649258 0.000647526 0.000641506 0.000637138 0.000641738 0.000656018 0.000670233 0.000679861 0.000687392 0.000704176 0.00073055 0.000758371 0.000785775 0.000814772 0.00085004 0.000897132 0.000950281 0.001013 0.00108565 0.00116377 0.0012342 0.00129923 0.00136445 0.00143296 0.0014953 0.00154119 0.00157658 0.0016636 0.00184297 0.00215851 0.0026405 0.00331523 0.00420712 0.00530023 0.00650646 0.00773393 0.00883255 0.00965688 0.0100392 0.00983478 0.00898354 0.00748965 0.00537975 0.00275028 -0.000261698 -0.00347978 -0.00673482 -0.00988392 -0.0128194 -0.0154573 -0.0177663 -0.0197915 -0.0215723 -0.0231831 -0.0246994 -0.0261854 -0.0276931 -0.0292247 -0.0307381 -0.032204 -0.0335339 -0.0346163 -0.0353313 -0.0355745 -0.0352227 -0.0341825 -0.0324219 -0.0299334 -0.0267627 -0.0229471 -0.0185696 -0.0137668 -0.00868771 -0.00349335 0.00161615 0.00646854 0.0109469 0.0149381 0.0183204 0.0210337 0.0230541 0.0243866 0.0250796 0.0251866 0.0247817 0.0239408 0.022773 0.0213833 0.0198714 0.0182917 0.0166908 0.0151505 0.0137191 0.0124178 0.0112549 0.0102397 0.00934501 0.00857769 0.00795714 0.00745482 0.00703598 0.00669638 0.00643443 0.00622097 0.00607676 0.00600081 
0 0.000468925 0.0009494 0.00146639 0.00202222 0.00261253 0.00326421 0.00401159 0.00485828 0.00581276 0.00689738 0.00811141 0.00946149 0.0109561 0.0125834 0.0143037 0.0160918 0.0179126 0.0196758 0.0213125 0.0227521 0.0239083 0.0246737 0.0249546 0.0246709 0.0237424 0.0221416 0.0198481 0.0168648 0.0132153 0.00896196 0.004215 -0.00089422 -0.00622664 -0.0116228 -0.0169091 -0.0219275 -0.0265359 -0.0305949 -0.0339991 -0.0367134 -0.0386927 -0.0399389 -0.0404882 -0.0404203 -0.0398416 -0.0388582 -0.037598 -0.0361722 -0.0346682 -0.0331221 -0.0315618 -0.0299937 -0.0283666 -0.0265911 -0.0246023 -0.0223209 -0.019694 -0.0166807 -0.0133024 -0.00965607 -0.00585736 -0.00205223 0.00157014 0.00481293 0.00751613 0.00955544 0.0108711 0.0114495 0.0113534 0.0107037 0.00966991 0.00841111 0.00708028 0.00579515 0.00465773 0.00370095 0.0029252 0.00232445 0.0018908 0.00158923 0.00137811 0.00120744 0.00106288 0.000952542 0.000885505 0.000847156 0.000817898 0.00079452 0.000776081 0.000760776 0.000752384 0.000744698 0.000737409 0.000738812 0.000736861 0.000730704 0.00073059 0.00073807 0.000750925 0.000768074 0.000776086 0.000783638 0.000804517 0.000834124 0.000865988 0.000901914 0.000935402 0.000977295 0.00103207 0.00109104 0.00115852 0.00123839 0.00132146 0.00140319 0.00148237 0.00155924 0.0016355 0.00170028 0.00174698 0.00179346 0.00190072 0.00212367 0.00250466 0.00307258 0.00385992 0.00487655 0.00610568 0.0074647 0.00883581 0.0100598 0.010967 0.0113603 0.01109 0.0100804 0.00833768 0.00590321 0.00288351 -0.000562333 -0.0042456 -0.00798404 -0.0116088 -0.0149933 -0.0180389 -0.0207088 -0.0230424 -0.0250867 -0.0269212 -0.0286141 -0.030228 -0.0318109 -0.0333692 -0.0348744 -0.0362954 -0.0375404 -0.0384946 -0.0390301 -0.0390447 -0.0384394 -0.0371346 -0.0351038 -0.0323369 -0.0288731 -0.0247619 -0.020101 -0.0150334 -0.00970494 -0.00426419 0.00111128 0.00626174 0.0110528 0.0153585 0.0190613 0.0220964 0.0244483 0.0261084 0.0271088 0.027482 0.0272897 0.0266087 0.0255402 0.0242037 0.0226898 0.0210606 0.0193621 0.0176828 0.0160966 0.0146356 0.0133119 0.0121202 0.0110598 0.0101514 0.00940903 0.0087948 0.00826996 0.007844 0.00752105 0.00727402 0.00709211 0.00697421 
0 0.000543172 0.00112672 0.00175275 0.00242108 0.00311717 0.00389781 0.00479414 0.00581276 0.00695064 0.00820504 0.00960897 0.0111487 0.0128313 0.0146174 0.0164749 0.0183721 0.0202357 0.0219998 0.0235672 0.0248932 0.0258757 0.026413 0.0264144 0.025803 0.0245546 0.0226298 0.0200351 0.0167621 0.012847 0.00836592 0.00342902 -0.00183324 -0.00728977 -0.0127997 -0.0182052 -0.0233655 -0.0281381 -0.032385 -0.0360226 -0.0389726 -0.0412247 -0.0427461 -0.0435807 -0.043794 -0.0434711 -0.0427242 -0.0416463 -0.0403539 -0.0389242 -0.0374095 -0.0358299 -0.0341767 -0.0323971 -0.0304384 -0.028193 -0.025602 -0.0225994 -0.019177 -0.0153602 -0.0112255 -0.00692378 -0.00263357 0.00145295 0.00512005 0.00817644 0.010503 0.0120162 0.012712 0.0126344 0.0119456 0.0108191 0.00943493 0.00796108 0.00655403 0.00528104 0.0042123 0.003344 0.00266639 0.00216542 0.0018196 0.00156691 0.00137268 0.00121086 0.00109427 0.00101302 0.000961702 0.000926797 0.000892438 0.000865377 0.000855641 0.000841882 0.000833726 0.000835015 0.000828104 0.000825006 0.000826171 0.000821152 0.000830521 0.000851783 0.000860511 0.000872007 0.000887538 0.00090403 0.00093982 0.000981555 0.00101216 0.00105423 0.00110486 0.00115978 0.00123457 0.00131486 0.0013977 0.00148862 0.00157499 0.0016533 0.00173771 0.00181964 0.00189557 0.00195329 0.00202797 0.00216374 0.00242477 0.0028627 0.00351701 0.00439889 0.00555224 0.00692672 0.00843634 0.0099472 0.0112886 0.0122395 0.0126228 0.0122654 0.0110934 0.00908991 0.00632422 0.00290992 -0.00098521 -0.00514488 -0.00935178 -0.0134511 -0.0172901 -0.0207486 -0.023792 -0.0264355 -0.0287559 -0.03079 -0.0326187 -0.0343138 -0.0359228 -0.0374481 -0.0388759 -0.0401548 -0.0412235 -0.041947 -0.0422227 -0.0419518 -0.0410506 -0.0394747 -0.0371719 -0.0341632 -0.0304606 -0.0261375 -0.0212998 -0.0160867 -0.0106382 -0.0050877 0.000426837 0.00574986 0.0107465 0.0152753 0.01923 0.0225629 0.0252371 0.027254 0.028584 0.0292693 0.0293575 0.0289302 0.0280761 0.0268693 0.0254175 0.0237836 0.0220631 0.0203188 0.0186153 0.0169979 0.015495 0.0141402 0.0129274 0.0118777 0.0109819 0.0102236 0.00958805 0.00907476 0.00868755 0.00838875 0.00816601 0.00801078 
0 0.000666379 0.00135652 0.00209646 0.00286942 0.00372315 0.00465866 0.00571705 0.00689738 0.00820504 0.00965522 0.0112358 0.0129675 0.0147955 0.0167159 0.0186699 0.0206069 0.0224602 0.0241422 0.0256014 0.0267232 0.0274482 0.0276718 0.0273321 0.0263835 0.0247867 0.0225395 0.0196331 0.0161099 0.0120046 0.00739413 0.002378 -0.00292812 -0.00839508 -0.013883 -0.0192802 -0.0244587 -0.0292964 -0.0336732 -0.0374769 -0.0406483 -0.0431384 -0.0449588 -0.0461201 -0.0466785 -0.0466987 -0.046248 -0.0454318 -0.044353 -0.0430773 -0.0416606 -0.0401175 -0.0384321 -0.0365637 -0.0344094 -0.0319225 -0.0290335 -0.0256795 -0.0218286 -0.0175269 -0.0129056 -0.00810502 -0.00330917 0.00123567 0.00532076 0.00874617 0.0113604 0.0130865 0.0138958 0.0138865 0.0131762 0.011957 0.0104647 0.00886409 0.00730789 0.0059315 0.00474767 0.00377863 0.0030242 0.00246022 0.00205854 0.00177341 0.00155493 0.00138082 0.00124081 0.00114636 0.00108284 0.00102968 0.000994797 0.000968509 0.000942548 0.000934385 0.000930954 0.000920322 0.000926723 0.000925561 0.000913179 0.000919097 0.000926562 0.000933954 0.000961353 0.000973361 0.00098575 0.00101963 0.00105055 0.0010854 0.00113422 0.00117427 0.00122841 0.00130286 0.0013783 0.00146424 0.00156324 0.00165553 0.00174697 0.001837 0.00191968 0.00200418 0.00208326 0.00216295 0.00226398 0.00243548 0.00274947 0.00324687 0.00397078 0.00498607 0.00626249 0.00777654 0.00944091 0.0110676 0.0124806 0.0134806 0.0138284 0.013377 0.0120195 0.00975895 0.00665465 0.0028262 -0.00151152 -0.00615052 -0.0108744 -0.0154512 -0.0197254 -0.023601 -0.0270288 -0.0300038 -0.0325472 -0.0347515 -0.0366817 -0.0384136 -0.0399917 -0.0414285 -0.0427116 -0.0437845 -0.0445637 -0.0449714 -0.0449091 -0.0442978 -0.0430834 -0.0411988 -0.0386373 -0.0353955 -0.0315213 -0.0270832 -0.0221837 -0.0169434 -0.011482 -0.00592827 -0.000406228 0.00496287 0.0100427 0.0147137 0.0188862 0.0224767 0.0254676 0.027808 0.0294974 0.0305354 0.0309696 0.0308725 0.0302853 0.0293019 0.0279699 0.0264173 0.0247304 0.0229802 0.0212141 0.0194641 0.0178189 0.0163057 0.0149652 0.0137674 0.0127084 0.0118003 0.0110467 0.0104492 0.00996379 0.0095935 0.00931216 0.00912703 
0 0.000813423 0.00163821 0.00248208 0.00340045 0.00441806 0.00554448 0.00676656 0.00811141 0.00960897 0.0112358 0.0130035 0.0148789 0.0168456 0.0188526 0.020845 0.0227626 0.0245151 0.0260793 0.0273355 0.0281937 0.0285682 0.0284168 0.0277093 0.0263872 0.0244536 0.021871 0.0186905 0.0149595 0.0107346 0.00608786 0.0010943 -0.00414421 -0.0095059 -0.014879 -0.0201604 -0.025261 -0.0300684 -0.0344719 -0.0384 -0.0417305 -0.0444743 -0.0465891 -0.0481019 -0.0490422 -0.0494452 -0.0493878 -0.048917 -0.0481304 -0.047082 -0.0458364 -0.0443944 -0.0427211 -0.040773 -0.0385151 -0.0358138 -0.0326231 -0.0288791 -0.0246121 -0.0198687 -0.0147387 -0.00941329 -0.00412699 0.000895352 0.00541592 0.00919809 0.0121129 0.0140531 0.0150102 0.015045 0.0143404 0.0130812 0.0114977 0.00977216 0.00810642 0.00657189 0.00526746 0.00420988 0.00338698 0.00276605 0.00233057 0.0019975 0.0017481 0.00154517 0.00139345 0.00127534 0.00119538 0.00114011 0.00109355 0.00105797 0.00104511 0.00102657 0.00102012 0.00102154 0.00101079 0.00100645 0.00100956 0.00100725 0.00101971 0.00104206 0.00105188 0.00106703 0.00109127 0.00111349 0.00115531 0.0012078 0.00124784 0.00130152 0.00136604 0.00142983 0.00152035 0.00161682 0.00171312 0.00181573 0.00191701 0.00200884 0.00210634 0.00219625 0.00228282 0.00235909 0.00248558 0.00269313 0.00306088 0.00364542 0.00449097 0.00559964 0.00700935 0.00864423 0.0104185 0.0121532 0.0136589 0.014662 0.0149682 0.0143976 0.0128562 0.010306 0.00684928 0.00261639 -0.00219007 -0.00731968 -0.012515 -0.0175858 -0.0223418 -0.0266385 -0.0304217 -0.0336656 -0.0364526 -0.0387954 -0.0407802 -0.042494 -0.0439854 -0.0452604 -0.0463173 -0.0470804 -0.0475198 -0.0475365 -0.0470829 -0.0460903 -0.0445135 -0.0423362 -0.0395093 -0.0360936 -0.0321016 -0.0276317 -0.0227705 -0.017602 -0.0122344 -0.00678554 -0.00135617 0.00393798 0.00899965 0.0137281 0.0180491 0.0218769 0.0251296 0.027797 0.0298319 0.031272 0.0321088 0.0323788 0.0321287 0.0314121 0.030321 0.0289227 0.0273412 0.0256213 0.0238306 0.0220306 0.020279 0.0186437 0.0171485 0.0158049 0.0145905 0.0135387 0.0126692 0.0119503 0.0113599 0.0108942 0.0105596 0.0103387 
0 0.000961188 0.00192598 0.00293229 0.00400024 0.00520859 0.00651027 0.00792161 0.00946149 0.0111487 0.0129675 0.0148789 0.016903 0.0189523 0.0210003 0.0229675 0.0247891 0.0263957 0.0277239 0.0287059 0.0292015 0.0291947 0.0286419 0.0275266 0.0258244 0.0235374 0.0206789 0.0172718 0.0133959 0.00910784 0.00449112 -0.00038529 -0.00544744 -0.010614 -0.015781 -0.0208816 -0.0258126 -0.030484 -0.0348347 -0.03879 -0.0422733 -0.0452321 -0.0476565 -0.0495266 -0.0508683 -0.0517119 -0.052092 -0.052054 -0.051656 -0.0509141 -0.0498933 -0.0486034 -0.0470115 -0.0450795 -0.0426994 -0.0398088 -0.0363473 -0.0322634 -0.0275661 -0.0223388 -0.01673 -0.010911 -0.00510691 0.000391858 0.00535384 0.00952982 0.0127469 0.0149144 0.0160113 0.0161537 0.0154702 0.0141595 0.0124996 0.0106716 0.00886614 0.00724072 0.00582849 0.00467457 0.00377955 0.00309801 0.00259732 0.00222875 0.0019464 0.00172481 0.00154586 0.00141507 0.00132343 0.00125503 0.00120771 0.00117093 0.00113361 0.00111651 0.00111159 0.00110265 0.00110936 0.00111184 0.00110076 0.00111055 0.00111761 0.00112428 0.00115461 0.00117384 0.00119475 0.00123531 0.00126693 0.00130974 0.00136939 0.00142626 0.00149807 0.0015854 0.00167288 0.00177015 0.00187433 0.00197514 0.00207802 0.00218356 0.00228312 0.00237905 0.00246844 0.0025743 0.00272847 0.00297939 0.00341036 0.00406398 0.00498699 0.00623991 0.00776736 0.00952612 0.0114254 0.013241 0.0147778 0.0157939 0.016028 0.0153209 0.0135464 0.0107031 0.00688351 0.00222677 -0.00301488 -0.00862115 -0.0143455 -0.0199113 -0.0251101 -0.0298177 -0.033959 -0.0374918 -0.040434 -0.0428789 -0.0448912 -0.0465455 -0.0478714 -0.0488923 -0.0496302 -0.0500258 -0.0500352 -0.04962 -0.0487289 -0.0473157 -0.0453743 -0.0428788 -0.0398471 -0.0362953 -0.0322655 -0.0278307 -0.0230759 -0.0180698 -0.0128911 -0.00764476 -0.00240457 0.00274341 0.00770187 0.0123982 0.0167868 0.0207613 0.024262 0.0272177 0.0296168 0.0314526 0.0327131 0.0334081 0.0335367 0.0331927 0.0324041 0.0312716 0.0298546 0.0282186 0.026463 0.0246576 0.0228754 0.0211172 0.0194767 0.017972 0.0166195 0.0154388 0.0144272 0.0135785 0.0128609 0.0123231 0.0119263 0.0116646 
0 0.00111416 0.00227013 0.00347282 0.00474473 0.00612375 0.00761326 0.00921698 0.0109561 0.0128313 0.0147955 0.0168456 0.0189523 0.0210381 0.0230441 0.0249266 0.026616 0.0279955 0.0290265 0.0296285 0.0297361 0.0293234 0.0283605 0.02683 0.0247261 0.0221194 0.0190146 0.0154509 0.0114926 0.00720983 0.00269517 -0.00199289 -0.00680758 -0.0116936 -0.0165885 -0.0214235 -0.0261211 -0.0306026 -0.034831 -0.0387802 -0.04234 -0.0454992 -0.0482051 -0.0504402 -0.0522038 -0.0535043 -0.0543746 -0.0548133 -0.0548545 -0.0545017 -0.0538033 -0.0527449 -0.051275 -0.0493571 -0.0469418 -0.0439008 -0.0401875 -0.0357621 -0.0306768 -0.0250102 -0.0188899 -0.0125386 -0.00623754 -0.000256655 0.00514749 0.009703 0.0132518 0.0156738 0.0169519 0.0171757 0.016523 0.0151974 0.0134746 0.0115594 0.00967299 0.00792013 0.00640147 0.00515854 0.00418224 0.00342988 0.00288058 0.00246018 0.00215015 0.00190815 0.00171859 0.00156346 0.00145037 0.00136868 0.00130639 0.00126067 0.00123396 0.00121064 0.00120368 0.00119911 0.00118962 0.00118779 0.00119182 0.00120079 0.00121659 0.00123427 0.00124955 0.00126724 0.00129578 0.0013283 0.00137203 0.00143185 0.00148991 0.00155703 0.00163535 0.00171323 0.00181309 0.00192267 0.00203111 0.00213921 0.00224529 0.00234457 0.0024478 0.00254763 0.00265389 0.00277556 0.00297462 0.00328001 0.00377101 0.00450825 0.00554265 0.00688686 0.00854084 0.0104178 0.0124151 0.0143127 0.0158935 0.0168616 0.0169923 0.0161162 0.0141212 0.0109694 0.00677827 0.00169896 -0.00402808 -0.0101329 -0.0163323 -0.0223759 -0.0280357 -0.0331447 -0.0376098 -0.0413736 -0.0444951 -0.0470002 -0.0489676 -0.0504796 -0.0515775 -0.0522884 -0.0526414 -0.0525839 -0.0521213 -0.0512196 -0.0498693 -0.0480361 -0.0457213 -0.0429456 -0.0397085 -0.0360745 -0.0320512 -0.0277192 -0.0231427 -0.0183615 -0.0134488 -0.00848385 -0.00350869 0.00141413 0.00621026 0.0108111 0.0151838 0.0192476 0.0229259 0.0261699 0.028906 0.0311291 0.0328001 0.033922 0.0344989 0.0345616 0.0341514 0.0333201 0.032152 0.0306859 0.0290319 0.0272922 0.0255077 0.0236991 0.0219438 0.0203186 0.0188382 0.0175239 0.0163749 0.0153765 0.0145472 0.0139169 0.0134511 0.0131218 
0 0.00130179 0.00266704 0.00410104 0.0055819 0.0071631 0.00884643 0.0106533 0.0125834 0.0146174 0.0167159 0.0188526 0.0210003 0.0230441 0.0249502 0.0266828 0.0281565 0.0292454 0.0298999 0.0300938 0.0297698 0.0289314 0.0275507 0.0256205 0.0231639 0.0202634 0.0169559 0.0132821 0.00931841 0.00512477 0.000776015 -0.00368129 -0.00820447 -0.0127574 -0.0172948 -0.0217934 -0.0261951 -0.0304421 -0.0345196 -0.038399 -0.0420041 -0.0453098 -0.0482872 -0.0508879 -0.0530836 -0.054859 -0.0562212 -0.057165 -0.0577018 -0.0578009 -0.0574866 -0.056729 -0.0554639 -0.0536495 -0.0512104 -0.0480611 -0.0441483 -0.0394319 -0.0339516 -0.0278193 -0.0212065 -0.0143483 -0.007534 -0.00107345 0.00477513 0.00973129 0.0136074 0.0162888 0.0177593 0.0181245 0.0175373 0.0162112 0.0144448 0.0124565 0.0104654 0.00862051 0.00699923 0.00565967 0.00460488 0.00378836 0.00317694 0.00271965 0.00237753 0.00211208 0.00189592 0.00171984 0.00158646 0.00149089 0.00142006 0.00136815 0.00132626 0.00130174 0.00129487 0.00128906 0.00128766 0.00128967 0.00128651 0.00129804 0.00130753 0.00131835 0.00134449 0.00137226 0.00140646 0.00145045 0.00148899 0.00154396 0.00161048 0.00168427 0.00176987 0.00186162 0.0019627 0.00207572 0.00218869 0.00230079 0.00240969 0.00251689 0.00262224 0.0027246 0.00283547 0.00298835 0.00322766 0.00359423 0.00416145 0.00498233 0.00611167 0.00758575 0.00935556 0.0113402 0.0134221 0.0153618 0.0169303 0.0178462 0.0178596 0.0168033 0.0145527 0.0110864 0.00651329 0.000993334 -0.00520216 -0.0118073 -0.0185253 -0.0250497 -0.0311278 -0.0366034 -0.0413723 -0.0453581 -0.0485733 -0.0510785 -0.0529487 -0.0542647 -0.0550658 -0.0553988 -0.0553127 -0.0547686 -0.0537793 -0.05236 -0.0505259 -0.0482679 -0.0456049 -0.0425553 -0.0391576 -0.0354639 -0.0315041 -0.0273373 -0.0230043 -0.0185137 -0.0139134 -0.00927778 -0.00462593 1.00091e-05 0.00457954 0.00903268 0.0133409 0.0174207 0.0212176 0.0246735 0.0277203 0.0303054 0.0323747 0.0339287 0.0349614 0.0354878 0.0354881 0.0350249 0.034172 0.0329725 0.0315115 0.0298786 0.0281434 0.02633 0.024543 0.0228353 0.0212332 0.0197781 0.0184897 0.0173698 0.0164229 0.0156954 0.0151402 0.0147444 
0 0.00154023 0.00313437 0.00478999 0.0064949 0.00830183 0.0102029 0.0122051 0.0143037 0.0164749 0.0186699 0.020845 0.0229675 0.0249266 0.0266828 0.0281869 0.0293485 0.030071 0.0303241 0.0300904 0.0293117 0.0280164 0.0262196 0.0239311 0.0211765 0.0180352 0.0145729 0.010852 0.00695484 0.00292081 -0.00120616 -0.00539078 -0.00958928 -0.0137706 -0.017917 -0.0220399 -0.0261096 -0.0300846 -0.0339646 -0.037732 -0.0413337 -0.0447484 -0.0479523 -0.0508802 -0.053483 -0.0557324 -0.057614 -0.0591015 -0.0601723 -0.0607769 -0.0609091 -0.0605155 -0.0595145 -0.0578609 -0.055474 -0.0522636 -0.0481709 -0.0431827 -0.0373566 -0.0308119 -0.0237298 -0.0163679 -0.00904484 -0.0020895 0.00421694 0.00958031 0.013797 0.0167529 0.0184318 0.0189456 0.0184495 0.0171631 0.0153814 0.0133407 0.0112629 0.00931492 0.00759209 0.00616691 0.00504125 0.00416481 0.00349552 0.0029884 0.00260585 0.00231286 0.00207536 0.00188019 0.00172922 0.00161792 0.00153352 0.00147163 0.00142343 0.00139664 0.00138896 0.00138125 0.00137743 0.00137841 0.00137866 0.0013941 0.00140624 0.00141696 0.00144312 0.00147373 0.001513 0.00156122 0.00160411 0.00166329 0.00173653 0.001817 0.00190814 0.00200441 0.00210978 0.00222754 0.00234303 0.00245499 0.00256442 0.00267525 0.00278803 0.00290161 0.00302668 0.00320429 0.00348245 0.0039086 0.00455337 0.00547364 0.0067177 0.0083096 0.0101852 0.0122556 0.0143904 0.0163546 0.0179015 0.0187395 0.0186089 0.0173438 0.014816 0.0110075 0.00603173 6.79545e-05 -0.00660185 -0.0136907 -0.0208881 -0.027871 -0.0343685 -0.0401943 -0.0452172 -0.0493608 -0.052632 -0.0550912 -0.0568063 -0.0578569 -0.0582906 -0.0581744 -0.0575766 -0.0564956 -0.0549663 -0.0530337 -0.0507272 -0.048059 -0.0450665 -0.0417864 -0.038274 -0.0345743 -0.0307161 -0.0267452 -0.0226859 -0.0185224 -0.0142806 -0.0100133 -0.00572297 -0.0014163 0.00287616 0.00712456 0.0113084 0.0153504 0.0191995 0.0227998 0.0260949 0.029014 0.0314772 0.033456 0.03494 0.035933 0.0363898 0.0363528 0.0358818 0.0350165 0.0338176 0.0323603 0.0307264 0.028973 0.0272115 0.0254716 0.0237726 0.0221889 0.0207824 0.0195574 0.0185025 0.0176638 0.0170194 0.0165677 
0 0.00181974 0.00366502 0.0055402 0.00748942 0.00953363 0.0116633 0.013847 0.0160918 0.0183721 0.0206069 0.0227626 0.0247891 0.026616 0.0281565 0.0293485 0.0301223 0.030423 0.0302573 0.0295749 0.0283462 0.0266071 0.0244234 0.021818 0.0188168 0.0155139 0.0119764 0.00828042 0.00449486 0.000656294 -0.00320793 -0.00707397 -0.0109138 -0.0147021 -0.0184549 -0.0221862 -0.0258972 -0.0295672 -0.0332114 -0.0368444 -0.0404064 -0.0438985 -0.0472776 -0.0504873 -0.0534671 -0.0561745 -0.0585812 -0.0606274 -0.0622545 -0.0634024 -0.0640294 -0.0640603 -0.063394 -0.0619548 -0.0596819 -0.0564558 -0.0522345 -0.0470173 -0.0408811 -0.0339538 -0.0264236 -0.0185773 -0.0107669 -0.00331584 0.00345486 0.00923499 0.0138164 0.0170688 0.0189889 0.0196703 0.0192848 0.0180554 0.01627 0.0141924 0.0120625 0.0100252 0.00821946 0.00671268 0.00550521 0.00455666 0.00382895 0.00326584 0.00284719 0.00252509 0.0022661 0.00204842 0.00187966 0.00175435 0.00165789 0.00158299 0.00153091 0.00149355 0.00147851 0.00147099 0.00146154 0.00146316 0.00147635 0.00149167 0.00150751 0.00152302 0.00154228 0.00157656 0.00162366 0.00166765 0.00171695 0.00178311 0.00186058 0.00195433 0.00205538 0.00215145 0.00226155 0.00237937 0.00249426 0.00260641 0.00271806 0.00283033 0.00294941 0.00307187 0.00322128 0.00342985 0.00376409 0.00426189 0.00498162 0.00599163 0.00734664 0.00903755 0.0110243 0.0131813 0.0153567 0.0173239 0.0188206 0.0195383 0.0192333 0.0177239 0.0148998 0.0107304 0.00534244 -0.00105924 -0.00820417 -0.0157737 -0.0234326 -0.0308506 -0.0377329 -0.0438674 -0.0491064 -0.0533562 -0.0566395 -0.0589868 -0.0604851 -0.0612078 -0.0612144 -0.0605943 -0.0594391 -0.0577915 -0.0557207 -0.0532803 -0.0505205 -0.0474672 -0.0441713 -0.0407096 -0.037127 -0.0334777 -0.0297539 -0.0259964 -0.0222192 -0.0183985 -0.0145488 -0.010681 -0.00677225 -0.00280848 0.0011865 0.00518477 0.00917585 0.0131198 0.0169605 0.0206519 0.0241178 0.027305 0.0301224 0.0325062 0.0344338 0.035875 0.0368144 0.0372487 0.0372207 0.0367401 0.0358615 0.0346687 0.033218 0.0315975 0.0298971 0.0281705 0.0264299 0.0247669 0.0232709 0.0219416 0.0207888 0.0198416 0.0191217 0.0186223 
0 0.00212495 0.00424457 0.00639318 0.00858927 0.0108807 0.0132069 0.0155549 0.0179126 0.0202357 0.0224602 0.0245151 0.0263957 0.0279955 0.0292454 0.030071 0.030423 0.0302945 0.0296648 0.0285425 0.0268885 0.0247712 0.0222479 0.0193587 0.0161788 0.0127878 0.00926391 0.00564663 0.0020069 -0.0016078 -0.00517915 -0.00870022 -0.0121568 -0.0155545 -0.0188983 -0.0222382 -0.0255784 -0.0289341 -0.0323473 -0.0358076 -0.0393128 -0.0428211 -0.0463366 -0.0497879 -0.0531106 -0.0562512 -0.0591448 -0.0617292 -0.0639249 -0.0656409 -0.0668038 -0.0673098 -0.0670322 -0.0658869 -0.0637563 -0.0605874 -0.0563102 -0.0509305 -0.0445128 -0.0372165 -0.0292702 -0.0209711 -0.0126686 -0.00474739 0.00247462 0.00869084 0.013642 0.017214 0.0193912 0.0202801 0.0200253 0.0188709 0.017117 0.0150387 0.0128483 0.0107605 0.00886634 0.00726342 0.00597546 0.00495931 0.00415894 0.0035619 0.00310384 0.00275518 0.00246734 0.00222864 0.00203336 0.00188837 0.00177793 0.00169662 0.00162911 0.00159437 0.00157345 0.0015556 0.00154886 0.00155217 0.00156087 0.001589 0.00160473 0.00161395 0.0016417 0.00167983 0.00172508 0.0017836 0.00183313 0.00189864 0.00199011 0.00208932 0.00218991 0.00229745 0.00240287 0.00252251 0.00264207 0.00275933 0.00287084 0.00298847 0.00310883 0.00324062 0.00339945 0.00366027 0.00404918 0.00462674 0.00544509 0.00655131 0.00799222 0.00980282 0.0118697 0.0140944 0.0163003 0.0182455 0.0196463 0.0202249 0.0197131 0.0179439 0.0147912 0.010265 0.00446354 -0.00240065 -0.0100102 -0.0180504 -0.026172 -0.033993 -0.041197 -0.0475768 -0.0529788 -0.0573126 -0.0605277 -0.0627077 -0.0639188 -0.0642501 -0.063778 -0.0626219 -0.0609034 -0.0586995 -0.0560782 -0.0531414 -0.049945 -0.0465444 -0.0430117 -0.0394044 -0.035809 -0.0322191 -0.0286594 -0.0251328 -0.0216502 -0.0181901 -0.014731 -0.0112676 -0.00774514 -0.00413411 -0.000455631 0.00326974 0.00703546 0.0108229 0.0146125 0.0183248 0.0219063 0.0252721 0.0283658 0.0311153 0.0334502 0.0353413 0.0367329 0.0376611 0.0380997 0.0380532 0.037564 0.0367058 0.0355503 0.0341262 0.0325551 0.0308878 0.0291862 0.0275226 0.0259637 0.0245511 0.0232965 0.0222742 0.0214802 0.0209335 
0 0.00241702 0.00484966 0.00728529 0.00976449 0.012258 0.0147711 0.0172496 0.0196758 0.0219998 0.0241422 0.0260793 0.0277239 0.0290265 0.0298999 0.0303241 0.0302573 0.0296648 0.0285772 0.0270004 0.0249775 0.0225269 0.0197211 0.016625 0.0133338 0.00993519 0.00647406 0.00299309 -0.000449284 -0.00380384 -0.00706422 -0.0102303 -0.0133164 -0.0163087 -0.0192624 -0.0222041 -0.0251891 -0.0282477 -0.0314076 -0.0346954 -0.038079 -0.0415813 -0.045176 -0.0488226 -0.0524442 -0.0559696 -0.0593274 -0.0624336 -0.0651748 -0.0674782 -0.0692116 -0.0702313 -0.0703909 -0.0695696 -0.0676995 -0.0646406 -0.0603455 -0.0548391 -0.0482179 -0.0406248 -0.0322877 -0.0235456 -0.014804 -0.00640239 0.00127448 0.00790594 0.0132504 0.0171593 0.0196228 0.0207243 0.0206432 0.0196182 0.0179205 0.0158489 0.0136475 0.0114715 0.0095055 0.00783352 0.00646414 0.00537504 0.00452786 0.00386151 0.00336835 0.00299059 0.00268322 0.00242058 0.0022079 0.00203476 0.0019043 0.00180085 0.00173687 0.00169358 0.00167234 0.00165899 0.00164327 0.00163859 0.00166184 0.00167717 0.0016973 0.00171557 0.00173564 0.00178176 0.00184634 0.00189766 0.00196146 0.00203171 0.0021182 0.00222168 0.00232912 0.00243069 0.00254828 0.0026709 0.00279718 0.00290988 0.00302408 0.00313907 0.00326429 0.00340865 0.00360824 0.00389405 0.00435058 0.00500986 0.00591096 0.00712468 0.00869555 0.01058 0.0127342 0.0150001 0.0171867 0.0190762 0.0203752 0.0207739 0.0200311 0.0179658 0.0144873 0.00956821 0.00333282 -0.00396621 -0.0120555 -0.0205506 -0.0290672 -0.0372381 -0.0447433 -0.0513334 -0.0568345 -0.0611437 -0.0642694 -0.0662128 -0.0670722 -0.0669428 -0.0659523 -0.0642523 -0.0619605 -0.059196 -0.0560536 -0.0526375 -0.0490451 -0.0453527 -0.0416282 -0.0379565 -0.0343567 -0.0308647 -0.0274651 -0.0241882 -0.0210196 -0.0179104 -0.0148337 -0.0117392 -0.00859515 -0.0053551 -0.00202288 0.00140549 0.00492769 0.00854132 0.0122033 0.0158772 0.0194896 0.0229805 0.0262817 0.0293194 0.0320398 0.034339 0.0361968 0.0375838 0.0385097 0.0389396 0.0388929 0.0384489 0.0376273 0.0364965 0.0351073 0.0335815 0.031981 0.0303723 0.0288144 0.0273374 0.026039 0.024953 0.0241194 0.0235283 
