0 0 0 0 0 0 0 0 0 0 0 0 0 0 0 0 0 0 0 0 0 0 0 0 0 0 0 0 0 0 0 0 0 0 0 0 0 0 0 0 0 0 0 0 0 0 0 0 0 0 0 0 0 0 0 0 0 0 0 0 0 0 0 0 0 0 0 0 0 0 0 0 0 0 0 0 0 0 0 0 0 0 0 0 0 0 0 0 0 0 0 0 0 0 0 0 0 0 0 0 0 0 0 0 0 0 0 0 0 0 0 0 0 0 0 0 0 0 0 0 0 0 0 0 0 0 0 0 0 0 0 0 0 0 0 0 0 0 0 0 0 0 0 0 0 0 0 0 0 0 0 0 0 0 0 0 0 0 0 0 0 0 0 0 0 0 0 0 0 0 0 0 0 0 0 0 0 0 0 0 0 0 0 0 0 0 0 0 0 0 0 0 0 0 0 0 0 0 0 0 
0 0.00022647 0.000439424 0.000649508 0.000890484 0.00115922 0.00146128 0.00177993 0.00209726 0.00242152 0.00275879 0.00310303 0.00340592 0.00365201 0.0038189 0.0038894 0.00385405 0.00368793 0.00337942 0.00291121 0.00230507 0.00156847 0.000722801 -0.000202756 -0.00117012 -0.0021266 -0.00303716 -0.00387692 -0.00462037 -0.00522654 -0.00567489 -0.0059427 -0.00603831 -0.00597876 -0.0058101 -0.00553526 -0.00516525 -0.0047302 -0.0042406 -0.00374111 -0.00324208 -0.00277818 -0.00235091 -0.00196932 -0.00163355 -0.00134788 -0.00112572 -0.0009571 -0.000825983 -0.000740262 -0.000690806 -0.000679875 -0.00072107 -0.000792662 -0.000907398 -0.00104183 -0.00119709 -0.00135685 -0.00152 -0.00167645 -0.00181353 -0.00190536 -0.00193492 -0.00188831 -0.00176652 -0.00155595 -0.00126667 -0.000923408 -0.000523277 -9.44155e-05 0.000332339 0.000721952 0.00105765 0.00131107 0.00147561 0.00153593 0.00151424 0.00142087 0.00128418 0.0011236 0.000958163 0.000783222 0.000636196 0.000507841 0.000398552 0.000319777 0.000263927 0.000218735 0.000200813 0.000179055 0.000158815 0.000146252 0.000136769 0.00013408 0.000138912 0.00013562 0.00013499 0.000133904 0.000138939 0.000145028 0.00014951 0.000150604 0.000150447 0.000155535 0.000170566 0.000180269 0.000194602 0.00020106 0.000204535 0.000218129 0.000228055 0.000228402 0.000235193 0.000229362 0.000239587 0.000272486 0.000317792 0.000385306 0.000488581 0.000612858 0.000778812 0.000967056 0.00116178 0.00133868 0.00147964 0.00154298 0.00151753 0.00138759 0.00117287 0.000877255 0.000519128 0.000120358 -0.000287359 -0.000690272 -0.00104168 -0.00133348 -0.00155688 -0.00168664 -0.00172937 -0.00170287 -0.00162831 -0.00151319 -0.00136029 -0.00118713 -0.00102068 -0.000860122 -0.000725327 -0.00061352 -0.000551695 -0.000516143 -0.000511435 -0.000546989 -0.000626204 -0.000758795 -0.000937886 -0.0011534 -0.00142187 -0.00173998 -0.0021068 -0.00253406 -0.00300248 -0.00350067 -0.00398429 -0.00445126 -0.00487154 -0.00523471 -0.00551461 -0.00567535 -0.00570398 -0.00557726 -0.00528905 -0.00483903 -0.0042346 -0.00347438 -0.00260108 -0.0016644 -0.000708495 0.000252245 0.00118439 0.0020567 0.00283049 0.00345376 0.00392134 0.00423979 0.0044426 0.00452707 0.00449402 0.00434903 0.00411943 0.00385639 0.00357854 0.00330223 0.00302 0.00274058 0.00248303 0.00227041 0.00210915 0.00197389 0.00186368 0.00178017 
0 0.000439424 0.000861223 0.00131184 0.00179341 0.00233376 0.00291244 0.0035479 0.00419771 0.00485097 0.00552871 0.00617949 0.0067748 0.00724912 0.00758014 0.00770562 0.00759982 0.00725487 0.00662113 0.00570143 0.00448795 0.0030218 0.00134812 -0.000469981 -0.00235064 -0.00422855 -0.00602337 -0.00768524 -0.00914442 -0.010322 -0.011195 -0.0117396 -0.0119523 -0.0118715 -0.011542 -0.0109997 -0.0102675 -0.00941097 -0.00847185 -0.00748311 -0.00650353 -0.00556237 -0.00470497 -0.00394786 -0.00328597 -0.00273029 -0.00228665 -0.00193617 -0.00166805 -0.00149504 -0.00140845 -0.00140007 -0.00146186 -0.00160426 -0.00181487 -0.00208266 -0.00238266 -0.00270795 -0.00306235 -0.00338326 -0.00362869 -0.00380451 -0.0038724 -0.0037958 -0.00354996 -0.00311619 -0.00254807 -0.00184034 -0.00103198 -0.000185745 0.000660376 0.00143995 0.00208633 0.00259286 0.00292526 0.00307474 0.00304052 0.00286382 0.00259012 0.00224977 0.00189485 0.00156236 0.00126213 0.00101373 0.000816604 0.000652985 0.000531014 0.000453597 0.000402515 0.000355958 0.000325763 0.000291911 0.000271353 0.000277846 0.000280996 0.000276181 0.000281764 0.000269501 0.000277571 0.000295264 0.000298482 0.00030553 0.000313817 0.00031507 0.000345252 0.000368031 0.000384015 0.00040201 0.000415927 0.000432329 0.000460241 0.000471823 0.000471821 0.00047201 0.000491691 0.00053435 0.000625012 0.000768001 0.000965937 0.00124574 0.00159054 0.0019586 0.00233399 0.00267352 0.00292924 0.00306032 0.00301674 0.00278136 0.00234601 0.00176007 0.00104734 0.000235813 -0.000595701 -0.00138618 -0.00210305 -0.00268137 -0.00311271 -0.00336911 -0.00346978 -0.00343594 -0.00326649 -0.00300768 -0.0027074 -0.00237474 -0.00204659 -0.00174214 -0.00147014 -0.00126046 -0.00111676 -0.0010415 -0.00103973 -0.00112063 -0.00128423 -0.00154099 -0.00188081 -0.0023133 -0.00285411 -0.00350719 -0.00425562 -0.00509334 -0.00602097 -0.00698219 -0.00794622 -0.00886891 -0.00969654 -0.0103991 -0.0109195 -0.0112222 -0.0112731 -0.011027 -0.0104559 -0.00955453 -0.00835369 -0.00687126 -0.00516812 -0.00334548 -0.00144505 0.00046184 0.00230729 0.0040182 0.00552349 0.00677679 0.007723 0.00839652 0.00879996 0.00896216 0.00890191 0.00863098 0.0082199 0.00770301 0.00715543 0.00658703 0.00603069 0.00549547 0.00499331 0.00457936 0.00423467 0.00396657 0.00374831 0.00360428 
0 0.000649508 0.00131184 0.00201136 0.00277546 0.00356494 0.00441885 0.00534847 0.00631792 0.00730231 0.00827117 0.00920472 0.0100198 0.0106944 0.0111493 0.0112993 0.0111111 0.0105503 0.00960635 0.00822922 0.00645039 0.00429542 0.00184886 -0.000790156 -0.00353183 -0.00626671 -0.00890099 -0.0113334 -0.0134584 -0.0151717 -0.0164542 -0.0172746 -0.0176386 -0.0175517 -0.0171037 -0.0163169 -0.015256 -0.0140263 -0.0126571 -0.0112393 -0.00979155 -0.00841083 -0.00713179 -0.00599919 -0.00501494 -0.00417544 -0.00349959 -0.00296515 -0.00254982 -0.00228791 -0.00215388 -0.00213332 -0.00224152 -0.00242693 -0.00273253 -0.00311697 -0.00358335 -0.00408063 -0.00458751 -0.00505882 -0.00545425 -0.00571386 -0.00579814 -0.00566827 -0.00531265 -0.00468589 -0.00381307 -0.00276373 -0.00155396 -0.000275616 0.000980624 0.0021235 0.00311079 0.00387272 0.00438428 0.00459687 0.00455423 0.00428439 0.00386779 0.00336937 0.00285651 0.00233489 0.00190071 0.00153069 0.00121865 0.0009856 0.000812686 0.000673021 0.000607359 0.000539611 0.000481517 0.000445301 0.00041949 0.000412587 0.00042359 0.000413997 0.000411422 0.000408503 0.000423156 0.000441581 0.000454793 0.000458923 0.000460462 0.000476418 0.000519494 0.000549015 0.000586875 0.000603626 0.000613714 0.000652208 0.000686481 0.000697522 0.000719639 0.000706003 0.000729432 0.000813252 0.000943166 0.00115083 0.00147192 0.0018693 0.00238077 0.00294357 0.00350818 0.00400858 0.00439763 0.00457386 0.0045026 0.00413601 0.00351074 0.00263225 0.00155092 0.000339601 -0.000896135 -0.0020975 -0.00314111 -0.00400382 -0.00466621 -0.00506403 -0.00520638 -0.00513142 -0.00489232 -0.00452288 -0.0040537 -0.00354652 -0.00307492 -0.00262893 -0.00224165 -0.00190663 -0.00170251 -0.00159257 -0.00159659 -0.00172856 -0.00198037 -0.00236925 -0.00288889 -0.00353693 -0.0043646 -0.00535152 -0.00646664 -0.00771619 -0.00905472 -0.0104679 -0.01186 -0.0132115 -0.0144158 -0.01542 -0.0161585 -0.0165638 -0.0166127 -0.0162274 -0.0153633 -0.0140205 -0.0122517 -0.0100869 -0.00762539 -0.00495922 -0.00218285 0.000625194 0.00331797 0.00579246 0.00798657 0.00981961 0.0112698 0.0122963 0.0129296 0.0131799 0.0131112 0.0127766 0.0122239 0.0115269 0.0107208 0.00988936 0.00907325 0.00830489 0.00759491 0.00696768 0.00644802 0.00601776 0.00570411 0.00550241 
0 0.000890484 0.00179341 0.00277546 0.00380044 0.00487487 0.00598912 0.00720435 0.00846796 0.00973262 0.0109848 0.0121322 0.0131369 0.0139218 0.0144434 0.0145809 0.0142719 0.0134967 0.0121954 0.0103813 0.00806026 0.00530008 0.00217591 -0.00120918 -0.00472348 -0.008243 -0.011615 -0.0147246 -0.017446 -0.019661 -0.0213434 -0.0224545 -0.0229681 -0.0229226 -0.0223859 -0.0214244 -0.0200962 -0.0185233 -0.0167856 -0.0149507 -0.0131132 -0.0113303 -0.0096739 -0.00818013 -0.00685531 -0.00572545 -0.0048085 -0.00407567 -0.0035124 -0.00313995 -0.00294334 -0.00290559 -0.00301545 -0.00328339 -0.0036913 -0.00421096 -0.00479846 -0.0054342 -0.00611556 -0.00674133 -0.00723296 -0.00757889 -0.00770535 -0.00754575 -0.0070564 -0.00620728 -0.00507823 -0.003679 -0.00207855 -0.000393359 0.00128964 0.0028415 0.00414029 0.00515066 0.00581108 0.00610229 0.00603723 0.00569318 0.00515739 0.00449571 0.00380067 0.00313818 0.00254152 0.00204263 0.00164096 0.00131488 0.00107247 0.000914164 0.000811065 0.000720517 0.000655104 0.000589563 0.000548622 0.000553977 0.000558519 0.000550538 0.000555809 0.000537363 0.000551554 0.000583217 0.000593868 0.000608587 0.000623816 0.000632638 0.000686712 0.000731601 0.000765779 0.000799842 0.000826287 0.000859435 0.000907619 0.000929511 0.00093394 0.000939317 0.000984739 0.00108418 0.00127301 0.00156337 0.00196427 0.00251341 0.00318992 0.00392304 0.00466979 0.00534451 0.00585014 0.00609655 0.00599418 0.00550897 0.00463848 0.00346512 0.00204388 0.000440592 -0.00120177 -0.00276915 -0.00418273 -0.00533309 -0.00619024 -0.0067025 -0.00690067 -0.00683104 -0.00650777 -0.00601022 -0.00541704 -0.00476087 -0.00411449 -0.00351651 -0.00299075 -0.0025859 -0.00231789 -0.00218992 -0.00221112 -0.00239628 -0.0027488 -0.00328692 -0.00399816 -0.00489162 -0.00599035 -0.00729023 -0.00875795 -0.0103778 -0.0121353 -0.0139387 -0.0157288 -0.0174346 -0.0189591 -0.0202315 -0.021141 -0.0216171 -0.0216048 -0.0210362 -0.0198714 -0.0181184 -0.0158395 -0.0130701 -0.00990325 -0.00648836 -0.00291269 0.000675903 0.004123 0.00729954 0.0101154 0.0125185 0.0144218 0.0158284 0.0167073 0.0171021 0.0170852 0.0167167 0.0160988 0.0152546 0.0142759 0.0132142 0.0121734 0.0111942 0.0102769 0.00947257 0.00876301 0.00819518 0.00776543 0.00750487 
0 0.00115922 0.00233376 0.00356494 0.00487487 0.00622122 0.00762974 0.0091116 0.0106248 0.0121369 0.0136008 0.0149475 0.0160592 0.0169009 0.0174044 0.0174668 0.0170153 0.0159791 0.0143349 0.0120735 0.00926971 0.00597292 0.00225987 -0.00176238 -0.00595473 -0.0101341 -0.0141343 -0.017816 -0.0210519 -0.0237198 -0.0257778 -0.0271641 -0.0278605 -0.027879 -0.0273293 -0.0262524 -0.0247278 -0.0228942 -0.0208269 -0.0186603 -0.0164548 -0.0143205 -0.0123013 -0.0104522 -0.00879913 -0.00737099 -0.00620617 -0.00527988 -0.00456051 -0.00407898 -0.00380849 -0.00373401 -0.00387208 -0.00417453 -0.00466864 -0.00529485 -0.00603226 -0.00682155 -0.00763653 -0.00840534 -0.00905106 -0.00948106 -0.00961913 -0.00939996 -0.00879491 -0.00775745 -0.00633159 -0.00460186 -0.00261584 -0.000509287 0.00157457 0.00348623 0.00512804 0.00639311 0.0072292 0.00758419 0.00751548 0.0070891 0.00642354 0.00561708 0.00477141 0.00392459 0.00319322 0.00257061 0.00205342 0.00165909 0.00136761 0.00114843 0.00102784 0.000916391 0.000820592 0.000751513 0.000704767 0.000692086 0.00070241 0.000691166 0.000686482 0.000681195 0.000701472 0.000731443 0.000754078 0.000765525 0.000773737 0.000799572 0.000862233 0.000913655 0.000970269 0.00100287 0.00102677 0.00108031 0.00113064 0.00115144 0.00117727 0.00117322 0.0012271 0.00137465 0.00161152 0.00197361 0.0025001 0.00316416 0.00399741 0.00491759 0.00584701 0.00667612 0.00730441 0.0075842 0.00744065 0.00681443 0.0057518 0.00428815 0.00250609 0.000519158 -0.00151484 -0.0034828 -0.0052182 -0.00665161 -0.00773325 -0.00838162 -0.00861463 -0.00849906 -0.008115 -0.00752276 -0.00677517 -0.00595486 -0.00516816 -0.00443555 -0.00380834 -0.00330077 -0.00299408 -0.00285097 -0.00288954 -0.00313162 -0.00358479 -0.00427867 -0.00520136 -0.00633827 -0.00772722 -0.00933961 -0.0111397 -0.0131262 -0.0152339 -0.0174028 -0.0195072 -0.021507 -0.023281 -0.0247448 -0.0257784 -0.0262645 -0.0261562 -0.0253802 -0.023917 -0.0217927 -0.0190661 -0.0157605 -0.0119909 -0.00790811 -0.00366824 0.000589886 0.0046809 0.00847482 0.0118789 0.0147832 0.017135 0.0188877 0.02006 0.0206596 0.0207569 0.0204303 0.0197683 0.0188625 0.0177601 0.0165557 0.0153295 0.0141506 0.0130522 0.0120679 0.0112215 0.0105132 0.00998385 0.0096438 
0 0.00146128 0.00291244 0.00441885 0.00598912 0.00762974 0.00931674 0.0110575 0.0127918 0.0144831 0.0161101 0.0175622 0.0187409 0.0195628 0.0199821 0.0198932 0.0192194 0.0179098 0.0159161 0.0132682 0.0100212 0.00625336 0.00204233 -0.00249637 -0.00720236 -0.0118973 -0.0163962 -0.0205516 -0.0242204 -0.0272724 -0.0296579 -0.0313205 -0.0322183 -0.0323735 -0.0318566 -0.0307343 -0.0290883 -0.0270666 -0.0247798 -0.022334 -0.019835 -0.0173708 -0.0150234 -0.012852 -0.0108912 -0.00918359 -0.00776364 -0.00661109 -0.0057179 -0.00510818 -0.00476426 -0.00465921 -0.00478074 -0.00512577 -0.00568391 -0.00641481 -0.00726882 -0.0082038 -0.00918546 -0.0100975 -0.0108331 -0.0113349 -0.0115057 -0.0112572 -0.0105281 -0.00928267 -0.00759125 -0.00550933 -0.00313618 -0.000633869 0.00184787 0.00413458 0.00607661 0.0075895 0.00859293 0.00904795 0.00898365 0.00849652 0.00771033 0.00673948 0.00571194 0.00472128 0.00384025 0.00310052 0.00249761 0.00201735 0.00165666 0.0014077 0.00124421 0.00110932 0.00100178 0.000908706 0.000848772 0.000840473 0.000842261 0.000833045 0.000831667 0.000818803 0.000838749 0.00087839 0.00090115 0.000921666 0.000940745 0.000965637 0.00103455 0.00109987 0.0011543 0.00119972 0.00123651 0.00128734 0.00134887 0.00138448 0.00140252 0.00141902 0.00149149 0.00165633 0.00194897 0.00239791 0.0030243 0.00384967 0.00485252 0.00594174 0.00703135 0.0080001 0.00871395 0.00903744 0.00885877 0.00812281 0.00683857 0.0050883 0.00296269 0.000583747 -0.00185421 -0.00418448 -0.00626466 -0.00796996 -0.00923911 -0.0100081 -0.0103034 -0.0101907 -0.00972268 -0.00899986 -0.00812196 -0.00716843 -0.00624081 -0.00539038 -0.00465528 -0.00408595 -0.00372254 -0.00357253 -0.00365166 -0.00397727 -0.00455808 -0.00541316 -0.00653448 -0.00792187 -0.00959233 -0.0115179 -0.0136458 -0.015943 -0.0183634 -0.0208069 -0.0231818 -0.0254031 -0.027351 -0.0289208 -0.0299733 -0.0304081 -0.0301624 -0.0291772 -0.0274324 -0.0249622 -0.0218334 -0.0180844 -0.0138249 -0.00923134 -0.00445211 0.00033846 0.00496378 0.00928324 0.0131808 0.016555 0.0193076 0.0214263 0.0229022 0.0237626 0.0240544 0.0238345 0.0232209 0.0222957 0.0211596 0.0198747 0.0185334 0.0172003 0.0159307 0.0148044 0.0138252 0.0130164 0.0123804 0.0119598 
0 0.00177993 0.0035479 0.00534847 0.00720435 0.0091116 0.0110575 0.0130235 0.014941 0.0167598 0.0184464 0.0199174 0.0210683 0.0218152 0.0220789 0.0217614 0.0208106 0.0191998 0.0169035 0.0139241 0.0103112 0.00614636 0.00153865 -0.00337526 -0.00844329 -0.0135004 -0.0183743 -0.0229009 -0.0269166 -0.030288 -0.0329592 -0.0348772 -0.035999 -0.0363221 -0.0359058 -0.0348096 -0.0331321 -0.0310237 -0.0285975 -0.0259671 -0.0232322 -0.0205026 -0.0178688 -0.0154038 -0.0131539 -0.0111648 -0.00947784 -0.00809123 -0.0070064 -0.00625149 -0.00581003 -0.0056525 -0.0057657 -0.00613059 -0.00674458 -0.00756525 -0.00854213 -0.00961376 -0.0107227 -0.0117598 -0.0126119 -0.0131809 -0.0133627 -0.0130651 -0.012222 -0.0107934 -0.00883212 -0.00642361 -0.00367942 -0.0007773 0.00209354 0.00474054 0.00700694 0.00877042 0.0099418 0.0104747 0.0104125 0.00985985 0.0089605 0.00785311 0.00667494 0.00552685 0.00450732 0.00364453 0.00293599 0.00237817 0.0019589 0.00166042 0.00146503 0.00130833 0.00117815 0.00107416 0.00100621 0.000984494 0.000982321 0.000970638 0.00096219 0.000956021 0.000979027 0.00101951 0.00105113 0.00107379 0.00109469 0.0011321 0.00120619 0.00128034 0.0013462 0.00139384 0.00143383 0.00149251 0.00155646 0.00159848 0.00162874 0.00165628 0.00175003 0.00195876 0.00231083 0.00284202 0.00358264 0.0045374 0.0056925 0.00695498 0.00821314 0.00932387 0.0101337 0.010481 0.0102475 0.0093726 0.00788039 0.00584307 0.00337136 0.000622458 -0.00219411 -0.00488852 -0.00728229 -0.00925318 -0.0107239 -0.0116245 -0.0119709 -0.0118374 -0.0113105 -0.0104904 -0.00947913 -0.00838684 -0.0073315 -0.00637008 -0.0055468 -0.00490814 -0.00451404 -0.00437474 -0.00450978 -0.00493622 -0.00566137 -0.00669859 -0.00803804 -0.00967614 -0.011625 -0.0138424 -0.0162609 -0.0188317 -0.0214911 -0.0241529 -0.0267138 -0.029081 -0.0311177 -0.032699 -0.0336936 -0.0340071 -0.0335906 -0.0323871 -0.0303734 -0.0275861 -0.024101 -0.0199856 -0.0153641 -0.0103979 -0.00523632 -4.4406e-05 0.00498852 0.00970954 0.0140016 0.017758 0.0208919 0.023363 0.0251662 0.0263205 0.0268678 0.0268587 0.0263833 0.0255406 0.0244324 0.0231473 0.0217655 0.020347 0.018964 0.0177089 0.0166203 0.0157095 0.0149878 0.0144926 
0 0.00209726 0.00419771 0.00631792 0.00846796 0.0106248 0.0127918 0.014941 0.0170012 0.018898 0.020577 0.0219827 0.0230215 0.0236138 0.0236535 0.0230557 0.0217942 0.0198678 0.0172743 0.0139988 0.010089 0.0056296 0.000747973 -0.00441162 -0.00970632 -0.0149803 -0.020079 -0.0248398 -0.0291022 -0.0327338 -0.0356566 -0.0378087 -0.0391478 -0.0396665 -0.0394149 -0.0384401 -0.0368331 -0.0347265 -0.032238 -0.0294954 -0.0266025 -0.0236807 -0.0208187 -0.0180937 -0.0155692 -0.0133068 -0.0113604 -0.0097447 -0.00846553 -0.0075461 -0.00697832 -0.00674118 -0.00682787 -0.00721128 -0.00788012 -0.008779 -0.00985376 -0.0110407 -0.0122659 -0.0134213 -0.0143812 -0.0150165 -0.0152124 -0.0148631 -0.0138947 -0.0122795 -0.010059 -0.00733842 -0.00423912 -0.000948659 0.00231115 0.00532272 0.0079079 0.00991286 0.0112449 0.0118582 0.0118073 0.011205 0.010207 0.0089715 0.00764603 0.00634652 0.00518609 0.0041984 0.00338575 0.00274998 0.00227312 0.00193072 0.00170058 0.00151979 0.00136441 0.0012443 0.00116591 0.00113294 0.00112708 0.00111571 0.00110028 0.00109706 0.00111867 0.00115929 0.00120068 0.00123072 0.00125767 0.00130608 0.00138015 0.0014598 0.00153319 0.00158668 0.00163474 0.00170054 0.00176541 0.00181245 0.00185043 0.00189472 0.002016 0.00227294 0.0026924 0.00331303 0.00416856 0.00525523 0.00655655 0.00797998 0.00939313 0.0106363 0.0115339 0.011901 0.0116079 0.0105863 0.00887319 0.00654713 0.00374146 0.000639325 -0.00254132 -0.00559039 -0.00830054 -0.0105375 -0.0121982 -0.0132184 -0.0136141 -0.0134661 -0.0128853 -0.0119791 -0.0108562 -0.00964384 -0.00846231 -0.00738714 -0.00648285 -0.00580002 -0.00540133 -0.0052945 -0.00549757 -0.00603044 -0.00690879 -0.00814245 -0.00971685 -0.0116121 -0.0138205 -0.0162896 -0.0189512 -0.0217485 -0.0246009 -0.0274193 -0.0300826 -0.0324895 -0.0345079 -0.0360107 -0.0368784 -0.0370195 -0.0363904 -0.0349488 -0.0326834 -0.0296355 -0.0258781 -0.0214971 -0.0166279 -0.0114217 -0.00602586 -0.000583314 0.00472487 0.00973899 0.0143361 0.0184069 0.0218811 0.024698 0.0268452 0.0283264 0.0291784 0.0294525 0.0292095 0.028543 0.0275426 0.0263216 0.0249667 0.0235409 0.022117 0.0207797 0.0195993 0.0186011 0.0178191 0.0172807 
0 0.00242152 0.00485097 0.00730231 0.00973262 0.0121369 0.0144831 0.0167598 0.018898 0.0208096 0.022441 0.0237064 0.0245563 0.0248923 0.0246443 0.0237461 0.0221705 0.0199361 0.0170321 0.0134943 0.00935944 0.00472574 -0.000299336 -0.00558667 -0.0109829 -0.0163421 -0.0215184 -0.0263787 -0.0307849 -0.0346075 -0.0377359 -0.0400996 -0.0416441 -0.0423923 -0.0423549 -0.0415867 -0.0401458 -0.0381302 -0.0356806 -0.0328978 -0.0299301 -0.0268705 -0.023832 -0.0208898 -0.0181219 -0.0156135 -0.0134229 -0.0115766 -0.0101016 -0.00900489 -0.00829861 -0.00797155 -0.00799611 -0.00838367 -0.00907739 -0.0100403 -0.0111934 -0.0124874 -0.013835 -0.0151044 -0.0161446 -0.0168415 -0.0170526 -0.016657 -0.0155606 -0.0137514 -0.0112852 -0.0082423 -0.00479114 -0.00113532 0.00249516 0.00586235 0.00873951 0.0109901 0.0124897 0.0132096 0.013182 0.0125442 0.0114539 0.0100876 0.00860576 0.0071764 0.00587024 0.00476228 0.00386052 0.00314104 0.00259822 0.00222484 0.00194591 0.0017394 0.00156917 0.00142459 0.00133101 0.00129318 0.00127107 0.00126029 0.00124771 0.001243 0.00126544 0.00131285 0.00135351 0.00139091 0.00142874 0.00147863 0.00155463 0.00164687 0.00171728 0.00178243 0.00184377 0.00190393 0.00197352 0.00203438 0.00206836 0.00214444 0.00229929 0.0025929 0.00308608 0.0038069 0.00476927 0.00600977 0.00746108 0.00903526 0.0105848 0.0119395 0.0128918 0.0132669 0.0129067 0.0117579 0.00982108 0.00721722 0.00408922 0.000630457 -0.0029189 -0.00630115 -0.00933038 -0.0118223 -0.0136591 -0.0147927 -0.0152437 -0.0150996 -0.0144572 -0.0134549 -0.0122349 -0.0109229 -0.00963016 -0.00846721 -0.00749339 -0.00679719 -0.00639647 -0.00633661 -0.00662419 -0.00727828 -0.00832434 -0.00975833 -0.0115619 -0.0137099 -0.0161545 -0.0188463 -0.0217146 -0.0246787 -0.0276729 -0.0305612 -0.0332467 -0.0355869 -0.0374831 -0.0388191 -0.0394855 -0.039414 -0.0385411 -0.0368551 -0.034361 -0.0311111 -0.0271715 -0.0226352 -0.0176247 -0.0123022 -0.00679785 -0.00125601 0.00419056 0.00939056 0.0142039 0.0185339 0.0222845 0.0254295 0.0279205 0.0297625 0.0309645 0.0315663 0.0316381 0.0312293 0.0304434 0.0293611 0.0281021 0.0267416 0.0253478 0.0240046 0.0227665 0.0217191 0.0208977 0.0203456 
0 0.00275879 0.00552871 0.00827117 0.0109848 0.0136008 0.0161101 0.0184464 0.020577 0.022441 0.0239412 0.0250209 0.0255806 0.0255936 0.0249992 0.0237831 0.0219145 0.0193734 0.0162069 0.0124482 0.008185 0.00348142 -0.00156754 -0.00684691 -0.0122203 -0.0175382 -0.0226861 -0.0275475 -0.0319986 -0.0359248 -0.039202 -0.0417454 -0.0435209 -0.0445084 -0.044733 -0.0442106 -0.0430066 -0.0411927 -0.0388714 -0.0361684 -0.0331847 -0.0300586 -0.0268958 -0.0237919 -0.020838 -0.0181136 -0.0156809 -0.013603 -0.0119095 -0.0106287 -0.00977185 -0.00933258 -0.00930353 -0.00964316 -0.010339 -0.0113397 -0.0125843 -0.0139847 -0.0154153 -0.0167694 -0.0179093 -0.0186428 -0.0188463 -0.018395 -0.017194 -0.015219 -0.0124867 -0.00914347 -0.00535279 -0.00132684 0.0026502 0.00633442 0.0095255 0.0120163 0.0136965 0.0145142 0.0145251 0.0138481 0.0126676 0.0111873 0.00958043 0.00799735 0.00657328 0.00534901 0.00433753 0.00354607 0.00294819 0.0025058 0.00219624 0.00196469 0.00176405 0.00161564 0.00151431 0.00144447 0.00141839 0.0014008 0.00137592 0.00138903 0.00141617 0.00145467 0.00151043 0.00154566 0.00158069 0.00165145 0.00172852 0.00182089 0.00191109 0.00197131 0.00203017 0.00210294 0.00216822 0.00223198 0.00230046 0.00239377 0.00258176 0.00293896 0.00349887 0.00430758 0.00540862 0.00677526 0.00837226 0.0101011 0.0117849 0.01323 0.0142344 0.0145895 0.0141536 0.0128508 0.0107256 0.00784867 0.00438805 0.000588586 -0.00330626 -0.00703286 -0.0103338 -0.0130591 -0.0150783 -0.0163435 -0.0168564 -0.0166944 -0.0160193 -0.0149489 -0.0136192 -0.0122034 -0.0108315 -0.00960393 -0.00860016 -0.00787185 -0.00749633 -0.00749632 -0.00789359 -0.00870482 -0.009938 -0.0115812 -0.0136033 -0.0159684 -0.0186272 -0.0215099 -0.0245362 -0.0276193 -0.0306491 -0.033536 -0.0361381 -0.0383421 -0.0400395 -0.0411214 -0.0415241 -0.0411779 -0.0400519 -0.038129 -0.0354341 -0.0320239 -0.0279671 -0.0233665 -0.0183414 -0.013012 -0.00752937 -0.00200194 0.00344907 0.00870119 0.0136393 0.0181332 0.022127 0.0255443 0.0283789 0.030594 0.0321781 0.0331729 0.0336025 0.0335562 0.0330666 0.0322391 0.0311562 0.0299262 0.0286444 0.0273509 0.0261453 0.0250804 0.0242584 0.0236933 
0 0.00310303 0.00617949 0.00920472 0.0121322 0.0149475 0.0175622 0.0199174 0.0219827 0.0237064 0.0250209 0.0258198 0.0260681 0.0257114 0.0247556 0.0232046 0.0210232 0.0182235 0.014834 0.0109479 0.00661663 0.00192516 -0.003042 -0.00819201 -0.0134065 -0.018581 -0.0236114 -0.0283822 -0.032783 -0.0367176 -0.040074 -0.0427855 -0.0447769 -0.0460431 -0.046536 -0.0463084 -0.0454026 -0.0438528 -0.0417703 -0.0392095 -0.0363191 -0.0331943 -0.0299836 -0.0267819 -0.0236841 -0.020782 -0.0181387 -0.015826 -0.013921 -0.0124364 -0.0114109 -0.0108483 -0.0107107 -0.0110236 -0.0117113 -0.0127447 -0.0140301 -0.0155055 -0.0170333 -0.0184661 -0.0196356 -0.0204083 -0.0206185 -0.0201182 -0.0187897 -0.0166313 -0.0136865 -0.010048 -0.00593231 -0.0015704 0.0027682 0.00680759 0.0102699 0.0129963 0.0148356 0.0157641 0.0158097 0.0151218 0.013875 0.0122878 0.0105429 0.00885586 0.00728729 0.00594245 0.00484447 0.00396225 0.00329142 0.00282498 0.00245513 0.0021921 0.00197987 0.00180099 0.00168242 0.00161773 0.00156909 0.00155083 0.0015296 0.0015268 0.00154651 0.00159514 0.00164651 0.00170129 0.00176015 0.00182741 0.00190251 0.00200264 0.00207422 0.00214961 0.00222687 0.00228895 0.00236215 0.00244515 0.00250584 0.00264989 0.00288952 0.00329205 0.00393938 0.00485847 0.00605732 0.00757836 0.00931334 0.0111731 0.0129697 0.0145069 0.0155425 0.0158861 0.015363 0.013923 0.0115504 0.00839626 0.00463841 0.000511678 -0.00371466 -0.00773111 -0.01133 -0.0142905 -0.0164684 -0.0178385 -0.0184215 -0.0183007 -0.0175817 -0.0164308 -0.0150338 -0.0135519 -0.0120943 -0.0108059 -0.00976023 -0.00906298 -0.00871876 -0.00880848 -0.00933976 -0.0103218 -0.0117595 -0.0136052 -0.0158289 -0.0183951 -0.0212192 -0.0242422 -0.0273742 -0.0304888 -0.0335034 -0.0362744 -0.0387272 -0.0407044 -0.0421335 -0.0429101 -0.0429786 -0.0423323 -0.0409271 -0.0387882 -0.0359308 -0.0324104 -0.0283034 -0.0237331 -0.0187961 -0.0135925 -0.0082223 -0.00281389 0.00254362 0.0077396 0.0126758 0.0172781 0.0214422 0.0251251 0.0282605 0.0308398 0.0328305 0.0342422 0.03511 0.0354582 0.0353669 0.0348738 0.0340726 0.0330614 0.031943 0.0307962 0.0296792 0.0286938 0.0278919 0.0273308 
0 0.00340592 0.0067748 0.0100198 0.0131369 0.0160592 0.0187409 0.0210683 0.0230215 0.0245563 0.0255806 0.0260681 0.0259628 0.0252631 0.023941 0.0220401 0.0195652 0.0165302 0.0130102 0.00905281 0.00473359 0.000124688 -0.00467498 -0.0095951 -0.0145669 -0.0195086 -0.0243299 -0.028921 -0.033182 -0.0370529 -0.0404376 -0.0432563 -0.0454562 -0.0469738 -0.0477827 -0.0478876 -0.0473298 -0.0461141 -0.0443064 -0.0419934 -0.0392653 -0.0362433 -0.0330494 -0.0297946 -0.0265944 -0.023551 -0.0207322 -0.0182425 -0.016139 -0.0144586 -0.0132449 -0.0125263 -0.0123011 -0.0125337 -0.0131921 -0.0142257 -0.0155561 -0.0170845 -0.0186555 -0.0201534 -0.0214197 -0.0222149 -0.0223929 -0.0218123 -0.0203693 -0.0180479 -0.0148599 -0.0109548 -0.0065335 -0.00182755 0.00283864 0.00718331 0.0109549 0.0139132 0.015926 0.0169552 0.0170555 0.0163551 0.0150565 0.0133883 0.0115436 0.00971022 0.00802546 0.00656044 0.00535224 0.00440232 0.00368194 0.0031416 0.00274042 0.00244475 0.00219823 0.00201556 0.00188883 0.0017869 0.00173448 0.00170459 0.00167101 0.00168567 0.00171054 0.00174612 0.0018135 0.00186475 0.00192132 0.00200941 0.0020857 0.00217869 0.00227074 0.0023384 0.00241297 0.00249065 0.00256108 0.00264452 0.00274701 0.00291143 0.0031965 0.00367981 0.00441242 0.00543252 0.00677624 0.00841097 0.0102702 0.0122546 0.0141619 0.0157659 0.0168316 0.0171318 0.0165072 0.0148888 0.0123203 0.00890055 0.00483233 0.000400872 -0.00413204 -0.00846499 -0.0123213 -0.0155075 -0.0178675 -0.0193643 -0.0200002 -0.0198563 -0.0191266 -0.0179492 -0.0164895 -0.0149375 -0.0134275 -0.0120998 -0.0110578 -0.010371 -0.0101084 -0.0103064 -0.0109774 -0.0121254 -0.01374 -0.015783 -0.0182027 -0.0209442 -0.0239063 -0.0270101 -0.0301671 -0.0332599 -0.036161 -0.0387694 -0.0409617 -0.0426356 -0.0437221 -0.0441387 -0.0438727 -0.0429023 -0.0412292 -0.0388772 -0.0358968 -0.0323364 -0.0282641 -0.0238029 -0.0190401 -0.0140315 -0.00887628 -0.00366395 0.00151388 0.00656374 0.0114286 0.0160354 0.0203356 0.0242183 0.0276374 0.0305485 0.0329309 0.0347995 0.0361178 0.0369346 0.0372692 0.0372045 0.0367759 0.0360754 0.0352208 0.0342711 0.0333482 0.032492 0.031786 0.031256 
0 0.00365201 0.00724912 0.0106944 0.0139218 0.0169009 0.0195628 0.0218152 0.0236138 0.0248923 0.0255936 0.0257114 0.0252631 0.0242129 0.022546 0.020323 0.0175838 0.0143818 0.0107728 0.00682506 0.0025917 -0.00184326 -0.00639705 -0.0110302 -0.015692 -0.0203193 -0.0248387 -0.029163 -0.0332297 -0.0369892 -0.0403477 -0.0432379 -0.045592 -0.0473709 -0.0484932 -0.0489652 -0.048787 -0.0479325 -0.0464741 -0.0444598 -0.0419941 -0.0391485 -0.0360517 -0.0328173 -0.0295743 -0.0264414 -0.0234949 -0.0208358 -0.0185548 -0.0166807 -0.0152814 -0.0144027 -0.014034 -0.0141873 -0.0147933 -0.0158084 -0.0171401 -0.0187057 -0.0203376 -0.0218828 -0.0231576 -0.0239713 -0.0241394 -0.0234975 -0.0219274 -0.0194265 -0.0160251 -0.0118432 -0.00711971 -0.00211004 0.00287854 0.00753689 0.0115593 0.0147442 0.0169317 0.0180925 0.0182608 0.0175759 0.0162319 0.0144756 0.0125153 0.0105832 0.0087701 0.00719119 0.00589239 0.0048531 0.00406009 0.00348547 0.00302998 0.002702 0.0024404 0.00222721 0.00207512 0.00196611 0.00188814 0.001855 0.00182969 0.00183647 0.00185847 0.00190165 0.00195994 0.00202281 0.00209465 0.0021771 0.00225308 0.00235289 0.00243435 0.0025186 0.00260783 0.00267696 0.0027516 0.00285096 0.002961 0.00318225 0.00353124 0.00407699 0.00490301 0.00603896 0.00749561 0.00928046 0.0112727 0.013368 0.0153514 0.0169986 0.0180543 0.0183052 0.0175808 0.015824 0.0130286 0.00934888 0.00499956 0.000258481 -0.00458171 -0.00918954 -0.0133141 -0.0167139 -0.0192225 -0.0208183 -0.0215269 -0.0214352 -0.0206859 -0.0194586 -0.0179612 -0.016379 -0.0148307 -0.0134838 -0.0124503 -0.0118343 -0.0116551 -0.0119797 -0.0128074 -0.0141309 -0.0159316 -0.0181449 -0.0207249 -0.0236033 -0.026647 -0.0297738 -0.0328924 -0.0358719 -0.0386044 -0.0409519 -0.0428319 -0.044128 -0.0448168 -0.0448477 -0.0442185 -0.0429405 -0.0409944 -0.0384494 -0.0353759 -0.0318348 -0.0278799 -0.0236048 -0.0190688 -0.014323 -0.00944968 -0.00453283 0.000385333 0.00523494 0.00996197 0.0145232 0.0188552 0.0228886 0.026538 0.0297627 0.0325291 0.0348334 0.0366405 0.0379386 0.0387715 0.0391819 0.0392126 0.0389284 0.0384236 0.0377773 0.0370906 0.0364467 0.0358846 0.0354506 
0 0.0038189 0.00758014 0.0111493 0.0144434 0.0174044 0.0199821 0.0220789 0.0236535 0.0246443 0.0249992 0.0247556 0.023941 0.022546 0.0205627 0.0180793 0.0151556 0.0118418 0.0082152 0.00434733 0.000294061 -0.00388986 -0.00814542 -0.0124461 -0.0167474 -0.0210003 -0.0251603 -0.0291789 -0.0330091 -0.036609 -0.0398949 -0.0428053 -0.0452942 -0.0472944 -0.0487184 -0.0495399 -0.0497493 -0.0493035 -0.0482403 -0.0466011 -0.0444504 -0.0418555 -0.0389332 -0.0358025 -0.0325926 -0.0294221 -0.0263734 -0.0235768 -0.02113 -0.0190843 -0.0175107 -0.016467 -0.0159593 -0.0159856 -0.0165093 -0.0174894 -0.0188303 -0.0204137 -0.0220604 -0.0236251 -0.0249266 -0.0257279 -0.0258494 -0.025131 -0.0234547 -0.0207944 -0.0171735 -0.0127361 -0.00772982 -0.00242165 0.00285907 0.00780049 0.0121013 0.0155183 0.0178874 0.0191709 0.0194088 0.018734 0.0173606 0.0155421 0.0134999 0.0114572 0.00953855 0.00784976 0.00644921 0.00532998 0.00447022 0.0038238 0.00332454 0.00296112 0.00267687 0.00245571 0.00229037 0.00215195 0.00205755 0.00200771 0.00197645 0.0019896 0.00201537 0.00205225 0.00211509 0.00217744 0.00225303 0.00234653 0.00242794 0.00252388 0.0026131 0.00269276 0.00277878 0.00285319 0.00293254 0.00304563 0.00320119 0.00346777 0.00388057 0.00450819 0.00542636 0.00666969 0.00825811 0.0101637 0.0122756 0.0144751 0.0165393 0.0182186 0.0192569 0.0194307 0.0185801 0.0166494 0.013656 0.00973117 0.00510081 7.15713e-05 -0.00505139 -0.00993004 -0.0142834 -0.0178745 -0.0205453 -0.0222672 -0.023055 -0.0229914 -0.0222535 -0.0210141 -0.0194816 -0.0178613 -0.0163019 -0.0149734 -0.0139922 -0.0134415 -0.0133668 -0.0138235 -0.0148156 -0.0163242 -0.0183019 -0.0206722 -0.0233707 -0.0263241 -0.0293939 -0.0324865 -0.0355001 -0.0382974 -0.0407575 -0.0427737 -0.0442688 -0.0451654 -0.045444 -0.0450736 -0.0440818 -0.0424887 -0.0403053 -0.0376054 -0.0344836 -0.0309987 -0.0271962 -0.0231483 -0.0188894 -0.014455 -0.00992638 -0.00536317 -0.000770108 0.00382214 0.00837003 0.0128121 0.0171045 0.0211941 0.0250271 0.0285363 0.0316638 0.0343909 0.0366655 0.0384825 0.039848 0.0407959 0.0413441 0.0415553 0.0415085 0.0412467 0.0408797 0.0404905 0.0401435 0.0398637 
0 0.0038894 0.00770562 0.0112993 0.0145809 0.0174668 0.0198932 0.0217614 0.0230557 0.0237461 0.0237831 0.0232046 0.0220401 0.020323 0.0180793 0.0154101 0.0123724 0.00901223 0.00543319 0.00171125 -0.00211081 -0.00600882 -0.00993308 -0.013855 -0.0177454 -0.0215832 -0.0253544 -0.0290305 -0.0325755 -0.0359598 -0.0391254 -0.0420225 -0.0446106 -0.0467975 -0.0484893 -0.049643 -0.0502393 -0.05022 -0.0495834 -0.0483585 -0.0465786 -0.0443052 -0.0416371 -0.0386886 -0.0355826 -0.0324357 -0.0293439 -0.0264545 -0.0238771 -0.0216798 -0.0199397 -0.0187272 -0.0180716 -0.0179701 -0.0184022 -0.0193168 -0.020624 -0.0221949 -0.0238451 -0.0254125 -0.02671 -0.027488 -0.0275592 -0.026753 -0.024953 -0.0221306 -0.0183092 -0.0136388 -0.00836673 -0.00277225 0.00280571 0.00803206 0.012591 0.0162186 0.0187592 0.0201699 0.0204954 0.0198602 0.0184811 0.0166128 0.014496 0.0123501 0.010324 0.00852641 0.00702772 0.00582885 0.00490348 0.00419346 0.00364591 0.00323861 0.0029247 0.00268572 0.00250523 0.00235231 0.00224818 0.00218618 0.00214664 0.00214872 0.002165 0.0021965 0.00226519 0.00234174 0.00243182 0.00253104 0.00260934 0.00269156 0.0027762 0.00285752 0.00295027 0.00303649 0.00312752 0.00325615 0.0034501 0.00376596 0.00424936 0.00496484 0.00598547 0.00734715 0.0090665 0.0110922 0.0133139 0.0155934 0.0177092 0.0194013 0.0204111 0.0205061 0.0195318 0.0174231 0.0142118 0.0100341 0.00513804 -0.000157683 -0.00553602 -0.0106635 -0.0152434 -0.019031 -0.0218583 -0.0236947 -0.0245654 -0.0245525 -0.0238359 -0.0225978 -0.0210625 -0.0194416 -0.0178935 -0.0165916 -0.0156746 -0.0152173 -0.0152715 -0.0158734 -0.0170279 -0.0187042 -0.0208322 -0.0233222 -0.0260971 -0.029072 -0.0321057 -0.0350939 -0.037927 -0.0404653 -0.0425818 -0.0442007 -0.045265 -0.045737 -0.0455973 -0.0448275 -0.0434737 -0.0415799 -0.039195 -0.0364018 -0.0332929 -0.0299067 -0.0262822 -0.0224889 -0.0185564 -0.0144928 -0.0103493 -0.00615608 -0.0019052 0.00239379 0.00671167 0.010987 0.0151886 0.0192769 0.0232286 0.0269665 0.0304134 0.0335266 0.0362464 0.0385763 0.0404986 0.0420206 0.0431339 0.0439011 0.0443883 0.0446042 0.0446387 0.044575 0.0444967 0.0444162 
0 0.00385405 0.00759982 0.0111111 0.0142719 0.0170153 0.0192194 0.0208106 0.0217942 0.0221705 0.0219145 0.0210232 0.0195652 0.0175838 0.0151556 0.0123724 0.0092899 0.00597487 0.00252055 -0.00099272 -0.00455531 -0.00814021 -0.0116985 -0.0152085 -0.0186688 -0.0220826 -0.0254524 -0.0287565 -0.0319889 -0.0351306 -0.0381403 -0.0409843 -0.0436052 -0.0459369 -0.0478588 -0.0493328 -0.0503045 -0.0506975 -0.0505013 -0.0497115 -0.0483621 -0.046472 -0.0441219 -0.0414142 -0.0384694 -0.0354091 -0.0323515 -0.0294282 -0.0267717 -0.024448 -0.0225571 -0.021191 -0.0203789 -0.0201504 -0.0204665 -0.0212873 -0.0225231 -0.0240489 -0.025686 -0.0272503 -0.0285205 -0.0292738 -0.0292802 -0.028372 -0.0264388 -0.023448 -0.0194361 -0.0145341 -0.0090057 -0.00315369 0.00269996 0.00819827 0.0129893 0.0168328 0.0195493 0.0210989 0.0215206 0.0209448 0.0195759 0.0176766 0.0154921 0.0132638 0.0111257 0.00922169 0.00762973 0.0063452 0.00534453 0.00458498 0.00398157 0.00353496 0.00320242 0.00293723 0.00272925 0.0025644 0.00243105 0.00235725 0.00232424 0.00231867 0.00233403 0.00237189 0.00242522 0.00250568 0.00260304 0.00269433 0.00277687 0.00286448 0.00294066 0.00303432 0.00313434 0.00321848 0.00332145 0.00347432 0.00369771 0.00407962 0.00464317 0.0054485 0.0065809 0.00807196 0.00990969 0.0120579 0.0143758 0.0167202 0.0188646 0.020552 0.0215088 0.0215079 0.0203938 0.0181201 0.0146898 0.0102755 0.00513412 -0.000423062 -0.00605105 -0.011407 -0.0162092 -0.0201873 -0.0231725 -0.0251207 -0.0260669 -0.0261191 -0.0254262 -0.0242093 -0.0227046 -0.0211164 -0.0196065 -0.018358 -0.0175153 -0.0171799 -0.0173687 -0.0181255 -0.0194304 -0.0212379 -0.0234746 -0.0260351 -0.0288479 -0.0318021 -0.0347424 -0.0375522 -0.0401213 -0.0423184 -0.0440468 -0.0452248 -0.045841 -0.0458597 -0.0452878 -0.044133 -0.0424465 -0.0403102 -0.037769 -0.0349323 -0.0318738 -0.0286212 -0.0252032 -0.0216829 -0.0180943 -0.014429 -0.0106843 -0.00686432 -0.00295679 0.00102339 0.00505356 0.00912031 0.0131895 0.0172483 0.0212478 0.0251337 0.028835 0.0322888 0.0354437 0.0382594 0.0407424 0.0428486 0.0445678 0.045938 0.047002 0.0477749 0.0482866 0.0486363 0.0488651 0.049006 
0 0.00368793 0.00725487 0.0105503 0.0134967 0.0159791 0.0179098 0.0191998 0.0198678 0.0199361 0.0193734 0.0182235 0.0165302 0.0143818 0.0118418 0.00901223 0.00597487 0.0027852 -0.000462271 -0.00373065 -0.00699182 -0.0102204 -0.0133802 -0.0164682 -0.0195036 -0.0224963 -0.0254453 -0.0283752 -0.0312922 -0.0341912 -0.0370324 -0.0397652 -0.0423822 -0.0447863 -0.0469111 -0.048661 -0.0499714 -0.0507658 -0.05099 -0.0506667 -0.0497667 -0.0483129 -0.0463417 -0.0439461 -0.0412387 -0.0383385 -0.0353618 -0.0324684 -0.0297618 -0.0273527 -0.0253409 -0.0238275 -0.0228838 -0.022496 -0.0226829 -0.0233981 -0.024564 -0.0260226 -0.0276019 -0.0291185 -0.0303661 -0.0310492 -0.0309713 -0.0299635 -0.0279109 -0.024758 -0.0205383 -0.0154221 -0.0096603 -0.00355502 0.00253716 0.00826524 0.0133126 0.0173619 0.0202639 0.0219591 0.0224888 0.0219677 0.0206243 0.0187058 0.0164861 0.0141659 0.0119505 0.00994673 0.00824671 0.00687832 0.00580846 0.00495928 0.00432492 0.00383986 0.00347397 0.00319886 0.00297064 0.00276155 0.00262116 0.00252728 0.0024851 0.00249058 0.00250994 0.00253083 0.00259208 0.00266074 0.00274751 0.00284808 0.00293524 0.00301176 0.00311257 0.00320114 0.00329521 0.00339513 0.00350502 0.0036706 0.00396824 0.00440524 0.00505519 0.00597044 0.00720822 0.00880964 0.0107859 0.0130319 0.0154459 0.0178436 0.0200141 0.0216692 0.0225517 0.0224316 0.0211706 0.0186994 0.0150912 0.0104587 0.00507109 -0.000725099 -0.0065856 -0.0121766 -0.017168 -0.0213108 -0.0244442 -0.0265229 -0.0275717 -0.027677 -0.02705 -0.0258865 -0.0244196 -0.0228647 -0.0214205 -0.020257 -0.0195326 -0.0193065 -0.0196497 -0.0205482 -0.0219899 -0.0239127 -0.0262166 -0.0288158 -0.0316046 -0.0344658 -0.0372417 -0.0397969 -0.0420266 -0.043833 -0.0451149 -0.0458531 -0.0459991 -0.0455746 -0.0445753 -0.0430495 -0.041091 -0.0387553 -0.036127 -0.0332675 -0.0302747 -0.0271732 -0.0239884 -0.0207664 -0.0175215 -0.0142352 -0.010887 -0.00744548 -0.00390313 -0.000265565 0.00346052 0.00727355 0.0111947 0.0151725 0.0191747 0.0231296 0.0270071 0.0307653 0.03431 0.0376086 0.0406087 0.0433049 0.0456451 0.0476452 0.0493293 0.050683 0.0517565 0.0525635 0.0531509 0.0535182 
0 0.00337942 0.00662113 0.00960635 0.0121954 0.0143349 0.0159161 0.0169035 0.0172743 0.0170321 0.0162069 0.014834 0.0130102 0.0107728 0.0082152 0.00543319 0.00252055 -0.000462271 -0.00347201 -0.00645362 -0.00937825 -0.0122185 -0.0149733 -0.0176524 -0.0202773 -0.022846 -0.025393 -0.0279471 -0.0305542 -0.0331944 -0.0358302 -0.0384449 -0.0409939 -0.0434423 -0.0456836 -0.0476584 -0.0492703 -0.0504338 -0.0510917 -0.051208 -0.0507713 -0.0497714 -0.0482335 -0.0462277 -0.0438391 -0.0411609 -0.0383415 -0.0355059 -0.0328173 -0.0303695 -0.0282798 -0.0266541 -0.0255544 -0.0250373 -0.0250925 -0.0256873 -0.0267477 -0.0281256 -0.0296423 -0.0310854 -0.0322159 -0.0328362 -0.0326763 -0.0315545 -0.0293576 -0.0260393 -0.0216461 -0.0163242 -0.0103376 -0.00401751 0.0023239 0.00830283 0.0135503 0.0178106 0.0208973 0.0227432 0.0233865 0.0229537 0.0216417 0.019722 0.0174632 0.0150975 0.0127887 0.0106959 0.00890793 0.00744564 0.00628425 0.00538745 0.0046794 0.00414788 0.00376224 0.00345555 0.00320187 0.0030055 0.00283415 0.00273014 0.00268695 0.00265991 0.0026613 0.0026953 0.00273543 0.00282458 0.00293064 0.00301664 0.00310064 0.00317969 0.00324906 0.00335356 0.00346057 0.00356313 0.0037009 0.00391298 0.0042425 0.00476697 0.00550966 0.00652066 0.00787169 0.00960345 0.0116809 0.014042 0.0165371 0.01898 0.0211384 0.0227512 0.0235412 0.0232898 0.0218668 0.0192316 0.0153974 0.0105443 0.00494917 -0.00107648 -0.00715213 -0.0129336 -0.0181174 -0.0224321 -0.0257117 -0.0279024 -0.0290567 -0.0292983 -0.0287378 -0.0276259 -0.0262173 -0.0247372 -0.023381 -0.022321 -0.0217113 -0.0216433 -0.0221141 -0.0231393 -0.0246863 -0.0266862 -0.0290412 -0.0316158 -0.0343201 -0.0370036 -0.0395286 -0.0417627 -0.043607 -0.0449721 -0.0457972 -0.0460458 -0.0457377 -0.0448742 -0.043487 -0.0416497 -0.0394458 -0.0369813 -0.0342946 -0.0314735 -0.0285708 -0.0256382 -0.0227065 -0.0197895 -0.0168818 -0.0139455 -0.0109584 -0.00789621 -0.00473181 -0.00143819 0.00198395 0.00555889 0.00927956 0.0131433 0.0170845 0.0210655 0.0250687 0.0290484 0.0329497 0.0366624 0.0401704 0.0434131 0.0463716 0.0490157 0.0513192 0.0532984 0.0549298 0.0562491 0.0572065 0.0578345 
