0 0 0 0 0 0 0 0 0 0 0 0 0 0 0 0 0 0 0 0 0 0 0 0 0 0 0 0 0 0 0 0 0 0 0 0 0 0 0 0 0 0 0 0 0 0 0 0 0 0 0 0 0 0 0 0 0 0 0 0 0 0 0 0 0 0 0 0 0 0 0 0 0 0 0 0 0 0 0 0 0 0 0 0 0 0 0 0 0 0 0 0 0 0 0 0 0 0 0 0 0 0 0 0 0 0 0 0 0 0 0 0 0 0 0 0 0 0 0 0 0 0 0 0 0 0 0 0 0 0 0 0 0 0 0 0 0 0 0 0 0 0 0 0 0 0 0 0 0 0 0 0 0 0 0 0 0 0 0 0 0 0 0 0 0 0 0 0 0 0 0 0 0 0 0 0 0 0 0 0 0 0 0 0 0 0 0 0 0 0 0 0 0 0 0 0 0 0 0 0 
0 0.000614884 0.00119211 0.00171018 0.00212868 0.00240697 0.00252496 0.00248351 0.0022768 0.00189801 0.00136293 0.000673755 -0.000141821 -0.00103774 -0.00195404 -0.00285507 -0.00371952 -0.00451089 -0.00521192 -0.0057736 -0.00617003 -0.00638251 -0.00643122 -0.00634741 -0.00614783 -0.00585134 -0.00545189 -0.00498673 -0.00448281 -0.00396811 -0.00345987 -0.00297713 -0.00252186 -0.00210527 -0.00174913 -0.00145514 -0.0012083 -0.000990401 -0.000811492 -0.000654105 -0.000537976 -0.000445984 -0.000376352 -0.000325663 -0.00027733 -0.000235757 -0.000202645 -0.000190171 -0.000184332 -0.000177841 -0.000173603 -0.00017267 -0.000174378 -0.000196172 -0.000216303 -0.000256289 -0.000302685 -0.000348236 -0.00040964 -0.000492372 -0.000607376 -0.000746376 -0.000894719 -0.00105725 -0.00124079 -0.00142682 -0.00160185 -0.0017533 -0.00188719 -0.0019662 -0.00197482 -0.00189807 -0.00173746 -0.00149328 -0.00118049 -0.00080622 -0.000390075 5.10274e-05 0.000475372 0.000860018 0.00118285 0.00141979 0.00155466 0.00159607 0.00155423 0.00144413 0.00129733 0.00113367 0.000961233 0.000804519 0.000672056 0.000552877 0.000459864 0.000387756 0.000330599 0.000297478 0.000283941 0.000271888 0.000266989 0.000262603 0.000255856 0.000254516 0.000260237 0.000258079 0.000259718 0.000264518 0.000269138 0.000288311 0.000328078 0.000382143 0.000474465 0.000605825 0.000766951 0.000958554 0.00116168 0.00134638 0.00149848 0.00159149 0.00159196 0.00149287 0.00129788 0.00101549 0.000666428 0.000275219 -0.000147274 -0.000567824 -0.000959413 -0.00128469 -0.00153267 -0.00169706 -0.00177235 -0.00176367 -0.00170133 -0.00157958 -0.00142502 -0.00124861 -0.00106565 -0.000880148 -0.000705728 -0.000556715 -0.000433625 -0.000324286 -0.000232381 -0.000147701 -7.97409e-05 -2.78779e-05 1.57453e-05 3.16807e-05 5.09486e-05 6.9898e-05 8.49516e-05 9.30909e-05 9.10831e-05 7.93233e-05 7.17996e-05 5.61297e-05 4.05981e-05 1.48444e-05 -2.58008e-05 -9.45887e-05 -0.000190054 -0.000291948 -0.00042247 -0.000579969 -0.000784035 -0.00103322 -0.00132614 -0.00165598 -0.00203266 -0.00245386 -0.00292128 -0.00342287 -0.00392035 -0.0043829 -0.00479337 -0.00515787 -0.00543679 -0.0056142 -0.00565801 -0.00554525 -0.00526594 -0.00482053 -0.00422143 -0.00346584 -0.00258792 -0.0016211 -0.000612147 0.000407372 0.0014151 0.00238628 0.00328523 0.00407101 0.00472304 0.00523844 0.005644 0.00596561 0.00621102 0.00636772 0.00644612 0.00647661 
0 0.00119211 0.00231242 0.00330214 0.00410919 0.00463731 0.00487156 0.00479124 0.00438248 0.00363639 0.00257104 0.00123131 -0.000359421 -0.00209018 -0.00388293 -0.00566511 -0.00737214 -0.00894308 -0.0102973 -0.0114008 -0.0121805 -0.0126316 -0.0127665 -0.0126105 -0.0122257 -0.0116212 -0.0108495 -0.00994469 -0.00896514 -0.00794943 -0.00692686 -0.00596887 -0.00507083 -0.00425789 -0.00355397 -0.00295436 -0.00244221 -0.00200302 -0.00163999 -0.00134264 -0.0010956 -0.000899245 -0.000738169 -0.0006197 -0.00053906 -0.00046146 -0.000416784 -0.000388256 -0.000369801 -0.000354785 -0.000352954 -0.000357136 -0.000371047 -0.000395159 -0.000432464 -0.000497909 -0.000582619 -0.000693128 -0.000834505 -0.00102749 -0.00124462 -0.00149967 -0.00179897 -0.00213586 -0.00248569 -0.0028565 -0.00320353 -0.00352671 -0.00377626 -0.00391841 -0.00394646 -0.00380362 -0.00348173 -0.00301441 -0.00237707 -0.0016029 -0.000759901 0.000119779 0.000955362 0.00171623 0.00234925 0.00281731 0.00310027 0.00319202 0.00310062 0.00290536 0.00261161 0.00227481 0.00193573 0.00161778 0.00132702 0.00110856 0.000923142 0.00078121 0.000685023 0.000623689 0.000571823 0.000556935 0.000530859 0.000513578 0.000514974 0.000524989 0.000527476 0.000545486 0.000533935 0.000526472 0.0005375 0.00057514 0.000643717 0.000784487 0.000968958 0.00122747 0.00155757 0.00193294 0.0023148 0.00269507 0.00298716 0.00316552 0.00317712 0.00299109 0.00260487 0.00204747 0.00134145 0.000543576 -0.000323071 -0.0011604 -0.0019181 -0.00256919 -0.00305539 -0.00337942 -0.00355117 -0.00354236 -0.00339467 -0.00315822 -0.00285378 -0.00251739 -0.00214019 -0.00177581 -0.0014486 -0.00115004 -0.000868237 -0.000637522 -0.000443546 -0.000293927 -0.000169439 -6.82251e-05 8.95187e-06 5.60436e-05 9.8534e-05 0.000136055 0.000161318 0.000174251 0.000177375 0.000180051 0.000166272 0.000144887 8.73154e-05 2.09199e-05 -6.75414e-05 -0.000206748 -0.000382237 -0.000597847 -0.000868622 -0.00119832 -0.00160556 -0.00208956 -0.00266333 -0.00333324 -0.00409584 -0.00495512 -0.00586959 -0.006847 -0.0078194 -0.00872953 -0.00956125 -0.0102642 -0.0108038 -0.0111146 -0.0111814 -0.0109507 -0.0103846 -0.00950094 -0.00829349 -0.00680835 -0.00508392 -0.00319557 -0.00121265 0.000808512 0.00279569 0.00470615 0.00645635 0.00800136 0.00930556 0.0103598 0.0111959 0.0118438 0.012333 0.0126539 0.012843 0.0129418 
0 0.00171018 0.00330214 0.00470722 0.00583116 0.00658015 0.00690167 0.00677746 0.00616886 0.00505542 0.00350062 0.00154557 -0.000729802 -0.00322602 -0.00582039 -0.00842141 -0.0109314 -0.0132051 -0.0151765 -0.0167553 -0.0179143 -0.0186123 -0.0188558 -0.0186745 -0.0181081 -0.0172443 -0.0161178 -0.014826 -0.0134111 -0.0119234 -0.0104249 -0.00900521 -0.007689 -0.00649013 -0.00543507 -0.00452146 -0.00373386 -0.00305654 -0.00252049 -0.00206246 -0.0017011 -0.00138832 -0.00113544 -0.000958057 -0.000823717 -0.000725611 -0.000646302 -0.000600531 -0.000561163 -0.000529192 -0.000524339 -0.000542049 -0.000561342 -0.000611018 -0.00064642 -0.000739765 -0.000876153 -0.00103958 -0.00125686 -0.00152726 -0.00186693 -0.00226221 -0.002692 -0.00317674 -0.00372945 -0.00429252 -0.0048159 -0.00526206 -0.0056419 -0.00586745 -0.00590018 -0.00569165 -0.00523121 -0.00450942 -0.00355931 -0.00241239 -0.00114294 0.000180551 0.00143644 0.00256245 0.0035034 0.00420217 0.00461766 0.00476498 0.0046643 0.00435544 0.00391932 0.00341815 0.00288969 0.00240883 0.00200569 0.00165911 0.00139318 0.00118883 0.00102676 0.000924802 0.000870423 0.000823955 0.000798507 0.000781909 0.000769036 0.000775059 0.000798138 0.000798553 0.000798672 0.000801568 0.000806903 0.000858588 0.000979126 0.00115956 0.00145428 0.00186145 0.00235005 0.00291158 0.00349337 0.0040222 0.00445829 0.00473201 0.00474944 0.00447573 0.00390583 0.00305863 0.0019936 0.000793576 -0.000487306 -0.00174189 -0.00289017 -0.00384011 -0.00456733 -0.00505924 -0.00529939 -0.00529044 -0.00510419 -0.00473729 -0.00426894 -0.00374431 -0.00320941 -0.00267512 -0.00216627 -0.00170846 -0.00130674 -0.000950998 -0.000665944 -0.000432325 -0.000257389 -0.000117967 1.48027e-05 8.7334e-05 0.000158067 0.000207738 0.000233857 0.000247252 0.000253937 0.000250725 0.000248247 0.000197116 0.00011467 -1.71887e-06 -0.000142873 -0.000340972 -0.000612443 -0.000933896 -0.001363 -0.00187454 -0.00249274 -0.00321681 -0.00407391 -0.00507482 -0.00623202 -0.00749889 -0.00884526 -0.0102513 -0.0116549 -0.0129935 -0.0141986 -0.0152327 -0.0159737 -0.0163947 -0.0164469 -0.0160768 -0.0152351 -0.013907 -0.0121355 -0.00994926 -0.0074475 -0.00469831 -0.00179649 0.00116837 0.00409399 0.0068776 0.00943249 0.0116996 0.0136584 0.0152806 0.0165753 0.0175714 0.018309 0.0188162 0.0191528 0.0193628 
0 0.00212868 0.00410919 0.00583116 0.00721497 0.00811624 0.00849529 0.00829662 0.00747674 0.00602924 0.00401811 0.00154234 -0.00135029 -0.00450641 -0.00781071 -0.0111311 -0.0143189 -0.0172263 -0.0197179 -0.0217534 -0.0232483 -0.0241886 -0.0245631 -0.0243809 -0.0237255 -0.022643 -0.0212405 -0.0195942 -0.017792 -0.0158953 -0.0139681 -0.0121361 -0.0104085 -0.00881999 -0.00741036 -0.00618207 -0.00512176 -0.00421601 -0.00346979 -0.00285587 -0.0023463 -0.001934 -0.00159636 -0.0013418 -0.00115645 -0.000990904 -0.000882625 -0.000810063 -0.000757361 -0.000716457 -0.000705526 -0.0007143 -0.000744412 -0.000796208 -0.000872259 -0.00100143 -0.00117187 -0.00139045 -0.00166986 -0.00204222 -0.00247636 -0.00298893 -0.00358602 -0.00425458 -0.00495774 -0.00569475 -0.00639028 -0.00702755 -0.00752455 -0.00780951 -0.00785389 -0.00756638 -0.00693145 -0.00599687 -0.00473696 -0.00321217 -0.00154135 0.000200428 0.00186754 0.00338453 0.0046512 0.00558959 0.00615499 0.00633994 0.00617151 0.00577998 0.00520401 0.00454255 0.00387134 0.00324119 0.00267228 0.00222763 0.00185803 0.00157377 0.00137683 0.00125001 0.00115361 0.00111578 0.00106789 0.00103392 0.00102944 0.00104064 0.00104555 0.00106983 0.00105447 0.00104865 0.00107798 0.00116072 0.00131053 0.00158598 0.00195998 0.00247764 0.00313285 0.0038799 0.00464527 0.00538698 0.00596066 0.00629918 0.00630369 0.0059194 0.00514422 0.0040292 0.00262917 0.00104626 -0.000659515 -0.00231867 -0.00382733 -0.0051174 -0.00608879 -0.00673511 -0.00706565 -0.00704886 -0.00676161 -0.00628866 -0.00568088 -0.005003 -0.0042578 -0.0035336 -0.00287813 -0.00228381 -0.0017349 -0.00127543 -0.000890622 -0.000588065 -0.000338947 -0.000134962 2.3803e-05 0.00012433 0.000207211 0.000274768 0.000317003 0.000335438 0.000333749 0.000323955 0.000286413 0.00022493 0.000101079 -4.96494e-05 -0.000246274 -0.000533811 -0.000897148 -0.00134774 -0.00191828 -0.00261484 -0.00345932 -0.00444859 -0.00560659 -0.00694674 -0.00845757 -0.0101158 -0.0118454 -0.0136512 -0.0154408 -0.0171262 -0.0186582 -0.0199301 -0.0208538 -0.0213291 -0.0213355 -0.0207982 -0.0196567 -0.0179338 -0.0156338 -0.012839 -0.00962037 -0.00608887 -0.00235374 0.00147272 0.00523692 0.00883378 0.0121364 0.0151058 0.017708 0.0199034 0.0216825 0.023057 0.0240894 0.0248205 0.025342 0.0256857 
0 0.00240697 0.00463731 0.00658015 0.00811624 0.00911132 0.00948224 0.00918394 0.00816652 0.00642832 0.00406743 0.00115342 -0.00222646 -0.00594211 -0.00982431 -0.0137201 -0.0174716 -0.0208886 -0.0238693 -0.0263042 -0.0281339 -0.0293038 -0.0298153 -0.0296982 -0.0289953 -0.0277927 -0.0261539 -0.024218 -0.0220826 -0.0198344 -0.0175551 -0.0153478 -0.0132419 -0.0112763 -0.00951351 -0.00797375 -0.00663852 -0.00547981 -0.00452189 -0.00370708 -0.00305677 -0.00252348 -0.00209758 -0.00177351 -0.00150789 -0.00129386 -0.00113379 -0.001041 -0.000974269 -0.000919724 -0.000895635 -0.000902888 -0.000929307 -0.0010068 -0.00109501 -0.00126078 -0.00148354 -0.00174762 -0.00209099 -0.00253447 -0.00309521 -0.00375679 -0.00449024 -0.0053039 -0.00620042 -0.0071158 -0.00798109 -0.00874208 -0.00937091 -0.00974207 -0.00978595 -0.00942776 -0.00865296 -0.00746456 -0.0059031 -0.0040244 -0.00194213 0.000228904 0.00231186 0.00419447 0.00576942 0.00693827 0.00763648 0.00787767 0.00770565 0.00720737 0.00649976 0.00568472 0.00483443 0.0040473 0.00336854 0.0027935 0.00234107 0.00199277 0.00172971 0.00156177 0.00146425 0.00139379 0.00134692 0.00131252 0.00128975 0.00129124 0.00131161 0.00131391 0.00131265 0.00132266 0.00135498 0.00146034 0.00166935 0.0019875 0.00247234 0.00313522 0.00394484 0.00487309 0.00583416 0.00671668 0.00742432 0.00784225 0.00783787 0.00735408 0.0063887 0.00498648 0.00323793 0.00126582 -0.000833984 -0.00289854 -0.00479292 -0.00637841 -0.00758885 -0.00839481 -0.00878174 -0.00876256 -0.00844026 -0.0078491 -0.00708896 -0.00622666 -0.00532439 -0.00442563 -0.00358325 -0.00283189 -0.00217523 -0.00160327 -0.00112962 -0.000735002 -0.000423358 -0.000174871 3.19993e-05 0.000149428 0.000250869 0.000330755 0.000385159 0.000412472 0.000407741 0.000370588 0.000319504 0.000217328 7.29556e-05 -0.000126097 -0.000392505 -0.000769614 -0.00126123 -0.00183902 -0.00257063 -0.00345494 -0.00453314 -0.0058013 -0.00726867 -0.00892918 -0.0107815 -0.0127751 -0.0148684 -0.0170273 -0.0191502 -0.0211335 -0.0228904 -0.0243556 -0.0253751 -0.0258738 -0.0257756 -0.0250188 -0.0235713 -0.021448 -0.0186972 -0.0153494 -0.0115094 -0.0072842 -0.00282484 0.00172329 0.00621368 0.0105156 0.0145176 0.0181473 0.0213654 0.0241175 0.0263863 0.0281933 0.0295871 0.0306135 0.0313542 0.0318462 
0 0.00252496 0.00487156 0.00690167 0.00849529 0.00948224 0.00978823 0.0093575 0.00815468 0.00619264 0.00354866 0.000311123 -0.00345421 -0.00757763 -0.0118855 -0.0162037 -0.0203618 -0.0241914 -0.027548 -0.0303382 -0.0324545 -0.0338558 -0.0345368 -0.0345153 -0.0338465 -0.0325776 -0.03081 -0.0286699 -0.0262874 -0.0237588 -0.0211692 -0.0186343 -0.0161872 -0.0138805 -0.0117851 -0.00992683 -0.00829717 -0.00688282 -0.00569077 -0.00469194 -0.00386681 -0.00319454 -0.0026489 -0.00222378 -0.00189164 -0.00161756 -0.00142277 -0.00129375 -0.00119947 -0.00112861 -0.00109867 -0.00110352 -0.00113971 -0.00121184 -0.00132144 -0.001508 -0.00176705 -0.00210016 -0.00252795 -0.00307751 -0.00373628 -0.00450913 -0.005395 -0.00638054 -0.00743348 -0.00852009 -0.00955357 -0.0104812 -0.0112132 -0.011642 -0.0116972 -0.0112781 -0.0103542 -0.00895356 -0.00708095 -0.00482165 -0.00233073 0.000249724 0.00272783 0.00497118 0.00684804 0.008247 0.00910002 0.00940077 0.00919944 0.00863187 0.00779738 0.00682441 0.00582195 0.00487934 0.00404625 0.00337091 0.00282811 0.00241147 0.00211319 0.00191394 0.00177522 0.00169437 0.00162291 0.00157141 0.00155397 0.001561 0.00157341 0.0015908 0.00157949 0.001581 0.00163128 0.00176679 0.00201913 0.00243523 0.00302147 0.00381013 0.00478342 0.00588205 0.00700697 0.00805984 0.00888284 0.00935394 0.00933769 0.00875545 0.00759863 0.00592604 0.00383478 0.00146654 -0.00105137 -0.00350802 -0.00574215 -0.00763207 -0.00906836 -0.0100253 -0.0105002 -0.0104876 -0.0100829 -0.00938507 -0.0084855 -0.00746958 -0.00638012 -0.00530936 -0.00432096 -0.00342329 -0.00261192 -0.00191676 -0.00134046 -0.000881881 -0.000514474 -0.000216893 1.66825e-05 0.00017182 0.000292321 0.00038658 0.000446995 0.000472981 0.00046355 0.000423547 0.000344013 0.000212925 6.51317e-06 -0.000260425 -0.000611383 -0.00109298 -0.0016983 -0.00243249 -0.00333846 -0.00443669 -0.00575698 -0.00729713 -0.00906207 -0.0110422 -0.013213 -0.0155296 -0.017925 -0.0203708 -0.0227499 -0.0249402 -0.0268616 -0.0284082 -0.029457 -0.0298892 -0.0296427 -0.0286509 -0.0268912 -0.0244123 -0.0212412 -0.017434 -0.0130669 -0.008277 -0.00323138 0.00191181 0.00699802 0.0119186 0.0165427 0.0207892 0.0245846 0.0278724 0.0306443 0.0329226 0.0347471 0.0361246 0.0371203 0.0377693 
0 0.00248351 0.00479124 0.00677746 0.00829662 0.00918394 0.0093575 0.00877646 0.00741147 0.00527123 0.00242259 -0.00105386 -0.00506403 -0.00944034 -0.0140018 -0.0185827 -0.0230165 -0.0271235 -0.0307574 -0.0338052 -0.0361703 -0.0377964 -0.0386637 -0.0387786 -0.0381798 -0.0369307 -0.0351286 -0.0329022 -0.0303706 -0.0276333 -0.0247966 -0.0219821 -0.0192467 -0.0166421 -0.0142325 -0.0120539 -0.0101169 -0.00842926 -0.00700426 -0.00580527 -0.00480618 -0.00397568 -0.00329784 -0.00276726 -0.00235124 -0.00201725 -0.00176358 -0.00158036 -0.00144069 -0.00134039 -0.00129644 -0.00130339 -0.00134676 -0.0014293 -0.00155312 -0.00176402 -0.00206644 -0.002457 -0.00295638 -0.00358836 -0.00435501 -0.00525345 -0.00627682 -0.00741918 -0.00865465 -0.00991937 -0.0111197 -0.0121832 -0.0130247 -0.0135218 -0.0135773 -0.0130933 -0.0120318 -0.0104028 -0.00823812 -0.00563216 -0.002747 0.000239055 0.00311449 0.00571533 0.007893 0.00952069 0.0105198 0.0108862 0.0106804 0.0100315 0.00907526 0.00795406 0.00679249 0.00570121 0.00474491 0.00395493 0.00332529 0.00284086 0.00248682 0.00224769 0.00208928 0.00198445 0.00190289 0.00184296 0.00181295 0.00181142 0.00182403 0.00183369 0.00183039 0.0018444 0.00191209 0.00208022 0.00238886 0.00287502 0.00357095 0.00449801 0.00562948 0.00690003 0.00819741 0.00938952 0.0103207 0.0108412 0.0108005 0.0101102 0.00875925 0.0068105 0.00438224 0.00163544 -0.00126586 -0.00410435 -0.00668991 -0.0088673 -0.0105306 -0.0116389 -0.0121816 -0.0121751 -0.0117169 -0.0109056 -0.00985374 -0.0086637 -0.00741129 -0.00617765 -0.0050262 -0.00397984 -0.00304362 -0.00223432 -0.00156321 -0.00102653 -0.000602339 -0.000259334 1.56948e-05 0.000207895 0.000351209 0.000450506 0.000502998 0.000513314 0.000486809 0.000426274 0.000321492 0.000142753 -0.000125156 -0.00047488 -0.000920465 -0.00150322 -0.00223712 -0.00313686 -0.00424845 -0.00558476 -0.00716009 -0.00896903 -0.0110147 -0.0132884 -0.0157563 -0.0183477 -0.0209891 -0.0236317 -0.0261716 -0.0284897 -0.0304833 -0.032036 -0.0330093 -0.0333043 -0.0328635 -0.0316351 -0.0295983 -0.0267872 -0.0232475 -0.0190429 -0.014269 -0.00905837 -0.00357149 0.0020353 0.00761723 0.0130536 0.0182168 0.0230064 0.0273377 0.0311517 0.034438 0.0372163 0.0394979 0.0412633 0.0425434 0.0433739 
0 0.0022768 0.00438248 0.00616886 0.00747674 0.00816652 0.00815468 0.00741147 0.00590564 0.00363525 0.000657641 -0.00294765 -0.00705589 -0.0115184 -0.0161661 -0.0208523 -0.0254155 -0.029668 -0.0334696 -0.0366951 -0.0392638 -0.0410981 -0.0421588 -0.0424436 -0.0419768 -0.0408353 -0.039097 -0.0368809 -0.0342895 -0.0314288 -0.0284244 -0.0253924 -0.0224125 -0.0195401 -0.016841 -0.0143638 -0.0121329 -0.0101677 -0.00848622 -0.00705774 -0.00586293 -0.00486408 -0.00404767 -0.00339756 -0.00287362 -0.00245657 -0.00213006 -0.0018921 -0.00171364 -0.00158627 -0.00151814 -0.00150997 -0.00154928 -0.00164478 -0.00179669 -0.00204084 -0.00238397 -0.00282293 -0.00338825 -0.00410048 -0.00497714 -0.0060075 -0.00717607 -0.0084725 -0.00987364 -0.0112991 -0.0126654 -0.0138738 -0.0148298 -0.0153937 -0.0154408 -0.0148819 -0.013677 -0.0118232 -0.00937849 -0.00644358 -0.00318338 0.000191503 0.00345997 0.00642244 0.008908 0.0107686 0.0119134 0.0123396 0.0121272 0.0114028 0.010339 0.0090864 0.00778119 0.0065466 0.00546471 0.00455428 0.00383361 0.00328082 0.00287477 0.0025978 0.00241992 0.00228866 0.00219436 0.00212344 0.00208002 0.00206819 0.00207851 0.0020775 0.00208118 0.00210884 0.00220144 0.00241226 0.00278747 0.00334995 0.00415393 0.00520941 0.00648935 0.00792469 0.00939351 0.0107257 0.0117606 0.0123144 0.0122285 0.0114118 0.00985855 0.00763853 0.00488975 0.0017814 -0.00148689 -0.00469542 -0.00762718 -0.0100936 -0.0119852 -0.0132414 -0.0138435 -0.0138345 -0.0133175 -0.0124013 -0.0112167 -0.00986435 -0.00844676 -0.0070426 -0.00572551 -0.0045339 -0.00348055 -0.00256563 -0.00180505 -0.00118399 -0.000689576 -0.000293144 1.69325e-05 0.00023316 0.000388805 0.00049436 0.000549045 0.000551691 0.000504183 0.000405725 0.000254767 1.49739e-05 -0.000316733 -0.000752352 -0.00130668 -0.00201586 -0.00290662 -0.00399236 -0.00531667 -0.00689385 -0.00872937 -0.0108134 -0.0131347 -0.0156742 -0.0183918 -0.0212015 -0.0240312 -0.0268024 -0.0294189 -0.0317663 -0.0337262 -0.0351837 -0.0359933 -0.0360833 -0.0354057 -0.0339293 -0.0316329 -0.0285253 -0.0246705 -0.0201472 -0.0150799 -0.00958865 -0.00380477 0.00213622 0.00810082 0.0139442 0.0195414 0.0247872 0.0296035 0.0339306 0.0377372 0.0410179 0.0437535 0.0459179 0.0475151 0.0485671 
0 0.00189801 0.00363639 0.00505542 0.00602924 0.00642832 0.00619264 0.00527123 0.00363525 0.00128875 -0.0017363 -0.00533277 -0.00940318 -0.0137967 -0.018384 -0.0230239 -0.0275552 -0.0318342 -0.0356942 -0.0390424 -0.0417565 -0.0437655 -0.0450156 -0.0454932 -0.0452368 -0.0442712 -0.0426841 -0.0405501 -0.0379854 -0.035101 -0.0320164 -0.0288402 -0.0256601 -0.0225539 -0.019603 -0.0168609 -0.0143572 -0.0121221 -0.0101536 -0.0084795 -0.0070537 -0.00587392 -0.00490178 -0.00410607 -0.00346439 -0.00293983 -0.00254192 -0.00224459 -0.00202739 -0.00187271 -0.00177685 -0.00173973 -0.00177482 -0.00186397 -0.00205001 -0.00232084 -0.00269518 -0.00319108 -0.00382712 -0.00463774 -0.00561845 -0.0067695 -0.00809013 -0.00954835 -0.0110903 -0.0126706 -0.0141898 -0.0155515 -0.0166024 -0.017223 -0.0172756 -0.0166538 -0.0153026 -0.0132478 -0.0105184 -0.007244 -0.00361501 0.000137606 0.00378357 0.00709227 0.00986917 0.0119531 0.0132546 0.0137554 0.0135399 0.0127724 0.0116079 0.0102209 0.00878379 0.00740853 0.00618216 0.00517331 0.00435915 0.00373433 0.00328829 0.00297554 0.00275539 0.00261243 0.00249341 0.00240286 0.0023553 0.00233703 0.00232844 0.00233822 0.00234016 0.0023741 0.00250212 0.00275987 0.00319122 0.0038616 0.00477439 0.00595586 0.00739092 0.00897858 0.0105861 0.0120554 0.0131705 0.0137421 0.0136123 0.0126742 0.0109212 0.00843519 0.00536583 0.00189618 -0.00174781 -0.0053141 -0.00855885 -0.0113089 -0.013408 -0.0147964 -0.0154699 -0.01547 -0.0148842 -0.0138785 -0.0125685 -0.0110762 -0.00948349 -0.00790976 -0.00643961 -0.00510346 -0.00391313 -0.0028946 -0.00203866 -0.00134607 -0.00078207 -0.000330754 -2.47248e-06 0.000241042 0.000401179 0.00051454 0.000574565 0.000570797 0.000499845 0.000364249 0.000143251 -0.000158189 -0.000574838 -0.00110411 -0.00178571 -0.0026563 -0.00372506 -0.00502836 -0.00656533 -0.0083807 -0.0104688 -0.0128211 -0.0154046 -0.0181792 -0.021083 -0.024052 -0.0270009 -0.0298434 -0.0324628 -0.034733 -0.0365562 -0.037802 -0.0383893 -0.0382209 -0.0372761 -0.0355266 -0.0329585 -0.0295998 -0.0254922 -0.0207559 -0.0154919 -0.00983247 -0.00387416 0.00227552 0.00848501 0.0146201 0.0205391 0.0261594 0.0314008 0.0362056 0.0405133 0.0442706 0.0474428 0.0499982 0.0519331 0.0532346 
0 0.00136293 0.00257104 0.00350062 0.00401811 0.00406743 0.00354866 0.00242259 0.000657641 -0.0017363 -0.00470517 -0.00819755 -0.0120898 -0.0163046 -0.0206963 -0.0251403 -0.0295085 -0.0336634 -0.0375017 -0.0408653 -0.0436686 -0.045802 -0.0472232 -0.0479309 -0.047909 -0.0471978 -0.045818 -0.0438634 -0.0414234 -0.0386066 -0.0355325 -0.0322797 -0.0289658 -0.0256859 -0.0225204 -0.0195388 -0.0167774 -0.0142674 -0.0120363 -0.0100923 -0.00843949 -0.00704041 -0.00588345 -0.00493396 -0.00415046 -0.00353015 -0.00303367 -0.00265571 -0.00237453 -0.00217408 -0.00204387 -0.00199468 -0.00201367 -0.00211226 -0.00229711 -0.00258925 -0.0030106 -0.00356238 -0.00427583 -0.00516288 -0.00625496 -0.00753461 -0.0089758 -0.0105742 -0.0123048 -0.0140458 -0.0157164 -0.0171804 -0.0183311 -0.019016 -0.0190623 -0.018385 -0.0169235 -0.014642 -0.0116456 -0.00805787 -0.0040601 6.79922e-05 0.00407677 0.00771113 0.0107649 0.0130692 0.0145224 0.0151166 0.014943 0.0141178 0.0128623 0.0113552 0.00976756 0.00825351 0.00692695 0.00579313 0.00489851 0.0042144 0.0037022 0.00334204 0.00311051 0.00292014 0.00279165 0.00269529 0.00262096 0.00258669 0.00258716 0.00257142 0.00259416 0.00265649 0.00280513 0.003109 0.00362419 0.00436467 0.00540828 0.00673953 0.00831675 0.010052 0.0118035 0.0133535 0.0145333 0.0151185 0.0149367 0.0138795 0.011936 0.00918302 0.00578824 0.00195801 -0.00202915 -0.00593922 -0.00950619 -0.0124918 -0.0147919 -0.0163191 -0.0170477 -0.0170597 -0.0164495 -0.0153402 -0.0138898 -0.0122211 -0.0104952 -0.00877811 -0.00714168 -0.00565489 -0.00434934 -0.00321404 -0.00226812 -0.00148863 -0.000872286 -0.000388753 -1.92761e-05 0.000247964 0.00042935 0.000537344 0.000579971 0.000548936 0.000443193 0.000255042 -1.77659e-05 -0.000410583 -0.000915187 -0.00157299 -0.00240563 -0.00343726 -0.0047117 -0.00623081 -0.00801356 -0.0100742 -0.0124088 -0.0150038 -0.0178108 -0.0207719 -0.0238203 -0.0268721 -0.0298709 -0.0326874 -0.0352112 -0.0373191 -0.038889 -0.0398616 -0.0401435 -0.039698 -0.03846 -0.0364203 -0.0335995 -0.0300145 -0.0257612 -0.0208984 -0.0155463 -0.00979828 -0.00375342 0.00248138 0.00881837 0.0151124 0.0212728 0.0271899 0.0327953 0.038015 0.0427582 0.0469525 0.0505214 0.0534543 0.0557057 0.0572458 
0 0.000673755 0.00123131 0.00154557 0.00154234 0.00115342 0.000311123 -0.00105386 -0.00294765 -0.00533277 -0.00819755 -0.0114742 -0.0151121 -0.0190198 -0.0231023 -0.0272376 -0.0313085 -0.0352511 -0.0389215 -0.0422203 -0.0450186 -0.0472448 -0.0488393 -0.0497635 -0.0500161 -0.0495733 -0.0484909 -0.0468003 -0.0445797 -0.041916 -0.0389153 -0.0356676 -0.0323 -0.0289103 -0.0255806 -0.0223784 -0.0193689 -0.0166165 -0.0141157 -0.0119328 -0.0100159 -0.00838572 -0.00701693 -0.00587946 -0.00495886 -0.00420705 -0.00360804 -0.00312399 -0.00275828 -0.00250337 -0.0023396 -0.00225931 -0.00227699 -0.00235689 -0.00256857 -0.00287835 -0.00332615 -0.00394334 -0.00473426 -0.00571548 -0.00688892 -0.00826798 -0.00986164 -0.0116278 -0.0134876 -0.0153845 -0.0172084 -0.0188275 -0.0200547 -0.0207767 -0.0208222 -0.0200809 -0.0184728 -0.0160171 -0.0127569 -0.00885572 -0.00453058 -6.12608e-05 0.00430172 0.00826905 0.0116129 0.0141451 0.0157653 0.0164431 0.0162729 0.0154283 0.0140925 0.0124716 0.010779 0.00913955 0.00766647 0.00644353 0.00545101 0.00468879 0.00413991 0.00374161 0.00345403 0.00325614 0.00309532 0.00297226 0.0028965 0.00285375 0.00282497 0.00283024 0.00285143 0.00292403 0.00312436 0.00348788 0.0040638 0.00493111 0.00608329 0.00753242 0.00925892 0.011132 0.0129997 0.0146719 0.0159008 0.0164656 0.0162045 0.0150023 0.0128546 0.00984814 0.00616176 0.00200487 -0.00233294 -0.00656786 -0.0104108 -0.0136683 -0.0161613 -0.0178139 -0.0186196 -0.018643 -0.0179531 -0.0167522 -0.0151783 -0.0133839 -0.0114818 -0.00960723 -0.00784409 -0.00622967 -0.00478325 -0.00353838 -0.00249303 -0.00165065 -0.000970499 -0.000434293 -4.81897e-05 0.000258009 0.000445262 0.000551289 0.000568258 0.00049315 0.000336291 9.88252e-05 -0.000258628 -0.000730943 -0.00136618 -0.00216773 -0.00317041 -0.00439172 -0.00585454 -0.00761753 -0.00964356 -0.0119689 -0.014543 -0.0173447 -0.0203257 -0.0234264 -0.0265614 -0.0296534 -0.0326035 -0.0352918 -0.0376114 -0.0394519 -0.0407245 -0.0413362 -0.0412825 -0.0404934 -0.0389493 -0.0366337 -0.0335754 -0.0298401 -0.0254837 -0.0206002 -0.0152298 -0.0094796 -0.0034339 0.00280447 0.00914284 0.0155056 0.0218025 0.0279494 0.0338345 0.0393743 0.0444701 0.0490222 0.0529553 0.0562179 0.0587467 0.0604754 
0 -0.000141821 -0.000359421 -0.000729802 -0.00135029 -0.00222646 -0.00345421 -0.00506403 -0.00705589 -0.00940318 -0.0120898 -0.0151121 -0.0183845 -0.0218944 -0.0255567 -0.029288 -0.0330012 -0.0366154 -0.0400475 -0.0431655 -0.0459163 -0.0482014 -0.0499444 -0.0510892 -0.0515891 -0.0514571 -0.0506962 -0.0493339 -0.0473944 -0.0449493 -0.0421081 -0.0389489 -0.0356051 -0.0321779 -0.0287321 -0.02536 -0.0221464 -0.0191556 -0.0164121 -0.0139515 -0.0117849 -0.00990314 -0.0083116 -0.00697902 -0.00587419 -0.00498332 -0.00425551 -0.00366826 -0.00322207 -0.00290066 -0.00267729 -0.0025632 -0.00255041 -0.00264178 -0.00285625 -0.00319213 -0.00368057 -0.00433691 -0.0051863 -0.00624184 -0.00753389 -0.00905187 -0.0107627 -0.0126556 -0.0146864 -0.0167263 -0.0186867 -0.020406 -0.0217351 -0.0225143 -0.0225427 -0.02173 -0.020006 -0.0173365 -0.0138447 -0.00967608 -0.00502471 -0.000204207 0.00450384 0.00879277 0.0124071 0.0151529 0.0169231 0.0177036 0.0175893 0.0167148 0.0153159 0.0136046 0.0117843 0.0100228 0.00845415 0.00710614 0.00602757 0.00520263 0.0045825 0.00413556 0.00383336 0.00358691 0.00341371 0.00328358 0.00317558 0.00311231 0.00308729 0.00306707 0.00311291 0.00322663 0.00346074 0.00388643 0.00455788 0.00550427 0.00678691 0.00838026 0.010234 0.0122358 0.0142227 0.0159542 0.0172185 0.017769 0.0174261 0.0160781 0.013723 0.0104568 0.00646733 0.00199392 -0.00264114 -0.00718171 -0.011328 -0.0148122 -0.0174995 -0.0192777 -0.0201249 -0.0201475 -0.019439 -0.0181542 -0.0164606 -0.0145063 -0.0124812 -0.0104643 -0.00852884 -0.00676554 -0.00521647 -0.00387789 -0.00275333 -0.0018201 -0.00107592 -0.000501031 -7.44674e-05 0.000238546 0.0004316 0.000517234 0.000509299 0.000399366 0.000190395 -0.000126901 -0.000571717 -0.00116673 -0.00192167 -0.00288644 -0.00407965 -0.00550238 -0.00720268 -0.00919619 -0.0114768 -0.0140372 -0.016825 -0.0198009 -0.0229071 -0.0260843 -0.0292466 -0.0322942 -0.0351288 -0.0375973 -0.0396252 -0.0411427 -0.0420476 -0.0422912 -0.0418337 -0.0406752 -0.0387911 -0.0362041 -0.0329635 -0.0290979 -0.024705 -0.0198207 -0.0145138 -0.00884121 -0.00288062 0.00326676 0.00954388 0.015868 0.0222183 0.0284791 0.0345399 0.0402939 0.0456327 0.0504683 0.0546843 0.0582243 0.0609581 0.0628233 
0 -0.00103774 -0.00209018 -0.00322602 -0.00450641 -0.00594211 -0.00757763 -0.00944034 -0.0115184 -0.0137967 -0.0163046 -0.0190198 -0.0218944 -0.0249246 -0.0280986 -0.0313587 -0.0346229 -0.037845 -0.0409305 -0.0438128 -0.0464355 -0.0487222 -0.0505725 -0.0519024 -0.0526739 -0.0528547 -0.0524467 -0.0514319 -0.0498245 -0.0476818 -0.0450859 -0.0420972 -0.0388425 -0.0354275 -0.0319359 -0.0284589 -0.0250911 -0.0219043 -0.0189079 -0.0161911 -0.0137548 -0.0116268 -0.00979483 -0.00822757 -0.00691933 -0.00584928 -0.00498778 -0.00429147 -0.00375746 -0.00336417 -0.00307782 -0.00290359 -0.00286289 -0.0029338 -0.00316258 -0.00351183 -0.00402044 -0.00473015 -0.0056553 -0.00680386 -0.00819044 -0.00982119 -0.0116795 -0.0137197 -0.0158635 -0.018036 -0.0201322 -0.0219819 -0.0233829 -0.0241948 -0.024222 -0.0233527 -0.0215003 -0.0186655 -0.0149291 -0.0104693 -0.00551524 -0.000378567 0.00465266 0.00924321 0.0131253 0.0160901 0.0180287 0.018913 0.0188383 0.0179708 0.0165241 0.0147287 0.0128164 0.0109403 0.00923932 0.00779524 0.00662062 0.00571783 0.00505212 0.00456165 0.0042072 0.00394307 0.00373945 0.00358318 0.00346646 0.00338857 0.00333893 0.00333249 0.003386 0.00352339 0.0038158 0.00431215 0.005064 0.00613863 0.00754103 0.00925512 0.0112393 0.0133528 0.0154254 0.0172317 0.0185108 0.019016 0.018574 0.0170739 0.0145187 0.0110056 0.006736 0.00195546 -0.00300292 -0.00783546 -0.0122268 -0.0159421 -0.0187954 -0.0206843 -0.0215991 -0.021633 -0.0208692 -0.0195095 -0.0177168 -0.0156529 -0.0134695 -0.0112966 -0.00922543 -0.0073302 -0.00564881 -0.0042043 -0.00299164 -0.00199547 -0.00118936 -0.000567207 -0.000126696 0.000198082 0.000376977 0.000447097 0.000413355 0.000265793 -6.41084e-07 -0.000403399 -0.000975002 -0.00170127 -0.00261456 -0.00375063 -0.00514841 -0.00680912 -0.00875109 -0.0109993 -0.0135009 -0.0162643 -0.0192229 -0.0223364 -0.0255363 -0.0287378 -0.0318414 -0.0347586 -0.0373794 -0.0395615 -0.041235 -0.0423519 -0.0428458 -0.0426582 -0.0417956 -0.0402426 -0.0380259 -0.0351909 -0.0317929 -0.0278651 -0.0234544 -0.0186241 -0.0134166 -0.00789816 -0.00210699 0.00389445 0.0100446 0.0162867 0.0225842 0.0288479 0.0349555 0.0408068 0.0462911 0.0512938 0.0556965 0.0594017 0.062268 0.0642137 
0 -0.00195404 -0.00388293 -0.00582039 -0.00781071 -0.00982431 -0.0118855 -0.0140018 -0.0161661 -0.018384 -0.0206963 -0.0231023 -0.0255567 -0.0280986 -0.0307478 -0.0334758 -0.03623 -0.0389858 -0.0416881 -0.0442735 -0.046704 -0.0489067 -0.0507923 -0.0522784 -0.0533 -0.0537942 -0.0537249 -0.0530705 -0.0518385 -0.0500665 -0.0477951 -0.045056 -0.0419634 -0.0386377 -0.0351635 -0.0316375 -0.0281592 -0.0248014 -0.0215957 -0.0186335 -0.0159479 -0.0135629 -0.0114783 -0.00967269 -0.00814683 -0.0068886 -0.0058604 -0.00501755 -0.00436159 -0.0038711 -0.00351082 -0.00328614 -0.00320604 -0.0032587 -0.00347473 -0.00383785 -0.0043835 -0.00514527 -0.00613257 -0.00735513 -0.00883439 -0.0105761 -0.0125532 -0.014732 -0.0170343 -0.0193515 -0.0215671 -0.023507 -0.0249797 -0.0258278 -0.0258498 -0.0249262 -0.0229652 -0.0199518 -0.0159945 -0.0112759 -0.00602986 -0.000581901 0.00475064 0.00962589 0.0137573 0.016934 0.019043 0.0200563 0.0200539 0.019195 0.0177062 0.0158362 0.0138235 0.0118448 0.0100443 0.00849691 0.00723293 0.00625595 0.00552051 0.00497691 0.00458454 0.00428472 0.00405975 0.00388795 0.00374716 0.00364939 0.00359029 0.00358105 0.00365851 0.00384136 0.00418602 0.00475338 0.00559593 0.0067738 0.00830454 0.0101584 0.0122689 0.0144908 0.0166384 0.0184733 0.0197372 0.0201861 0.0196403 0.0179909 0.0152386 0.0114849 0.00693276 0.00185884 -0.00338598 -0.00848907 -0.0131278 -0.0170408 -0.0200512 -0.0220469 -0.0230186 -0.023066 -0.0222826 -0.0208479 -0.0189337 -0.0167244 -0.0144102 -0.0121101 -0.00990333 -0.0078787 -0.00608318 -0.00453635 -0.00323228 -0.00215786 -0.00129985 -0.000649339 -0.000183639 0.000149282 0.000325457 0.000363037 0.00027576 5.8755e-05 -0.000292134 -0.000798897 -0.00149479 -0.00237102 -0.00345366 -0.00478864 -0.00640861 -0.00830669 -0.0104989 -0.0129836 -0.0157053 -0.0186438 -0.0217365 -0.0249382 -0.0281708 -0.0313267 -0.0342879 -0.0369729 -0.0392893 -0.041112 -0.0423802 -0.0430566 -0.0430865 -0.042449 -0.0411689 -0.0392554 -0.0367365 -0.0336764 -0.030148 -0.0261766 -0.021799 -0.0170516 -0.0119874 -0.00665948 -0.00108365 0.0047148 0.0106971 0.0167915 0.0229591 0.0291052 0.0351345 0.0409627 0.0464704 0.0515183 0.055964 0.0597139 0.0626203 0.0646 
0 -0.00285507 -0.00566511 -0.00842141 -0.0111311 -0.0137201 -0.0162037 -0.0185827 -0.0208523 -0.0230239 -0.0251403 -0.0272376 -0.029288 -0.0313587 -0.0334758 -0.0356362 -0.0378379 -0.0400911 -0.0423815 -0.0446295 -0.0468101 -0.0488637 -0.0507253 -0.0523183 -0.0535458 -0.054325 -0.0545856 -0.0543038 -0.0534675 -0.0520893 -0.0501796 -0.0477548 -0.0449103 -0.0417567 -0.0383648 -0.0348381 -0.031294 -0.027814 -0.0244509 -0.0212756 -0.01835 -0.0156986 -0.0133478 -0.0112957 -0.0095421 -0.00807993 -0.00685983 -0.00584795 -0.00505203 -0.00445417 -0.00401404 -0.00373101 -0.00359957 -0.00362678 -0.00382327 -0.00419484 -0.00477165 -0.00558283 -0.00663584 -0.00793086 -0.00949634 -0.0113457 -0.0134452 -0.0157528 -0.0181905 -0.0206367 -0.022978 -0.025018 -0.0265621 -0.0274326 -0.0274356 -0.0264445 -0.0243722 -0.0211914 -0.0170308 -0.0120745 -0.00656541 -0.000832927 0.0047872 0.00994568 0.0143318 0.0177257 0.0200042 0.0211399 0.0212117 0.0203759 0.0188706 0.016952 0.0148578 0.0127815 0.0108781 0.00922315 0.0078706 0.00682102 0.00602094 0.00542324 0.00498629 0.00464294 0.0043902 0.00419916 0.00404063 0.00392898 0.00386682 0.003858 0.00395762 0.00418286 0.00458361 0.00522931 0.00617546 0.00746573 0.00912445 0.0111045 0.0133228 0.0156358 0.0178478 0.0197056 0.020947 0.0213195 0.020644 0.0188235 0.0158653 0.0118805 0.00707223 0.00173244 -0.00377729 -0.00913029 -0.0140017 -0.0181092 -0.0212782 -0.023382 -0.0244097 -0.0244588 -0.0236429 -0.0221342 -0.0201233 -0.017792 -0.0153511 -0.01292 -0.0105857 -0.00844018 -0.00653167 -0.00487863 -0.00348693 -0.00233973 -0.00143368 -0.000757409 -0.000271412 6.02462e-05 0.000229989 0.000232519 8.39208e-05 -0.000216743 -0.000668611 -0.00129451 -0.00212372 -0.00316651 -0.00444274 -0.00600677 -0.00786849 -0.0100038 -0.0124256 -0.0151156 -0.0180335 -0.021124 -0.0243166 -0.0275476 -0.0307351 -0.0337653 -0.036516 -0.0389035 -0.0408479 -0.0422453 -0.0430571 -0.0432613 -0.0428088 -0.0417131 -0.0400155 -0.0377639 -0.0349793 -0.0317262 -0.0280819 -0.024078 -0.0197606 -0.0151338 -0.0102465 -0.00512591 0.00021747 0.00577478 0.0115265 0.0173977 0.0233506 0.0292815 0.0351183 0.0407919 0.0461803 0.0511255 0.0554715 0.0591413 0.0619995 0.0639618 
0 -0.00371952 -0.00737214 -0.0109314 -0.0143189 -0.0174716 -0.0203618 -0.0230165 -0.0254155 -0.0275552 -0.0295085 -0.0313085 -0.0330012 -0.0346229 -0.03623 -0.0378379 -0.0394837 -0.0412389 -0.0430766 -0.0449641 -0.0468526 -0.0487221 -0.0505079 -0.0521226 -0.0534871 -0.0544924 -0.055072 -0.0551546 -0.0547061 -0.0537199 -0.0521935 -0.0501389 -0.0476233 -0.044714 -0.041482 -0.0380226 -0.0344719 -0.0309307 -0.0274383 -0.0240935 -0.0209397 -0.0180434 -0.0154304 -0.0131142 -0.011117 -0.00942043 -0.0079968 -0.0068121 -0.00586697 -0.00514488 -0.00460605 -0.00423382 -0.00405075 -0.0040369 -0.00422259 -0.00459199 -0.00517629 -0.00602309 -0.00713292 -0.00851061 -0.0101737 -0.0121308 -0.0143604 -0.0167928 -0.0193296 -0.0218996 -0.0243518 -0.0264929 -0.0280943 -0.0289809 -0.0289699 -0.0279159 -0.0257232 -0.0224098 -0.0180562 -0.0128698 -0.00711825 -0.00111449 0.00478799 0.0102087 0.014834 0.0184322 0.0208794 0.0221451 0.0223008 0.0215197 0.0200175 0.0180608 0.0159065 0.013743 0.0117253 0.00997973 0.00853146 0.00739462 0.00653568 0.00588363 0.00538437 0.00501908 0.00473388 0.00451487 0.00434846 0.00422127 0.00413804 0.00415126 0.00426973 0.00453763 0.00501417 0.00574526 0.00678623 0.00820871 0.00998711 0.0120819 0.0144048 0.0167902 0.0190353 0.0209034 0.0221029 0.0223882 0.0215794 0.0195862 0.0164226 0.0121998 0.00714485 0.00155957 -0.00420489 -0.00978407 -0.0148486 -0.0191506 -0.0224582 -0.0246562 -0.0257412 -0.0257981 -0.0249468 -0.0233812 -0.021285 -0.0188676 -0.0162919 -0.0137212 -0.011259 -0.0089863 -0.0069623 -0.00521964 -0.0037517 -0.00255073 -0.0015932 -0.000880246 -0.000388581 -6.28082e-05 7.11484e-05 3.08342e-05 -0.000184484 -0.000569733 -0.00112896 -0.00189055 -0.00288901 -0.00411712 -0.00561634 -0.00741323 -0.00951787 -0.011897 -0.0145261 -0.0174075 -0.0204713 -0.0236712 -0.026908 -0.0301017 -0.0331659 -0.0359827 -0.0384466 -0.0404829 -0.042004 -0.0429339 -0.0432504 -0.0429568 -0.0420404 -0.0404975 -0.0384127 -0.0358292 -0.0328085 -0.0293997 -0.0256584 -0.0216463 -0.0173821 -0.012904 -0.00820445 -0.00330657 0.00179331 0.00708769 0.0125346 0.0181094 0.0237521 0.0293925 0.0349357 0.0403194 0.0454348 0.0501135 0.0542365 0.0577071 0.0604313 0.062306 
0 -0.00451089 -0.00894308 -0.0132051 -0.0172263 -0.0208886 -0.0241914 -0.0271235 -0.029668 -0.0318342 -0.0336634 -0.0352511 -0.0366154 -0.037845 -0.0389858 -0.0400911 -0.0412389 -0.0424776 -0.0438572 -0.0453304 -0.0469113 -0.0485559 -0.050196 -0.0517633 -0.0531728 -0.0543613 -0.0552112 -0.055634 -0.0555629 -0.0549767 -0.05386 -0.052214 -0.0500596 -0.0474618 -0.0444583 -0.0411544 -0.0376739 -0.034101 -0.0305374 -0.0270353 -0.0237128 -0.0205955 -0.0177332 -0.0151558 -0.0128845 -0.0109428 -0.00929545 -0.00792098 -0.00681182 -0.00593872 -0.00526785 -0.00480677 -0.00453982 -0.00449862 -0.00464416 -0.0050095 -0.0056127 -0.00648346 -0.00763878 -0.00909058 -0.0108542 -0.0129265 -0.0152556 -0.0177957 -0.0204781 -0.0231568 -0.0257027 -0.0279095 -0.0295771 -0.0304829 -0.0304531 -0.0293395 -0.0270638 -0.0235866 -0.019063 -0.013675 -0.00768135 -0.00142053 0.00472117 0.0103913 0.015238 0.019039 0.0216599 0.0230743 0.0233405 0.02261 0.0211253 0.0191568 0.0169398 0.0147038 0.0126102 0.0107488 0.00920891 0.00799245 0.00704461 0.00633058 0.00579897 0.00538174 0.00507861 0.00484873 0.00465163 0.00450385 0.00442729 0.00443077 0.0045879 0.00492487 0.00546649 0.0062889 0.00744981 0.008968 0.0108709 0.0130894 0.0154966 0.0179474 0.0202221 0.0220575 0.0231888 0.0233696 0.02242 0.0202571 0.0168907 0.0124563 0.00715402 0.00132317 -0.0046601 -0.0104464 -0.0157162 -0.0201558 -0.0235931 -0.0258821 -0.0270142 -0.027074 -0.0262215 -0.024605 -0.022427 -0.0198811 -0.0172058 -0.0145193 -0.0119203 -0.00951952 -0.00739345 -0.0055651 -0.00402802 -0.00275646 -0.00175772 -0.00102691 -0.000515055 -0.000224864 -0.000122941 -0.000235659 -0.000531 -0.00101098 -0.0016941 -0.00261738 -0.00379965 -0.0052557 -0.00697743 -0.00901284 -0.0113482 -0.0139463 -0.0167949 -0.0198271 -0.0230161 -0.02625 -0.0294623 -0.0325542 -0.0354243 -0.0379611 -0.0400611 -0.0416696 -0.0427211 -0.043149 -0.0429495 -0.0421532 -0.0407633 -0.0388229 -0.0363693 -0.0335018 -0.0302661 -0.0267328 -0.0229488 -0.0189357 -0.0147555 -0.010399 -0.00590267 -0.0012315 0.0036117 0.00860405 0.0137194 0.0189105 0.0241802 0.0294323 0.0345886 0.0395577 0.0442388 0.0485214 0.0522864 0.0554724 0.0579595 0.0596753 
