0 0 0 0 0 0 0 0 0 0 0 0 0 0 0 0 0 0 0 0 0 0 0 0 0 0 0 0 0 0 0 0 0 0 0 0 0 0 0 0 0 0 0 0 0 0 0 0 0 0 0 0 0 0 0 0 0 0 0 0 0 0 0 0 0 0 0 0 0 0 0 0 0 0 0 0 0 0 0 0 0 0 0 0 0 0 0 0 0 0 0 0 0 0 0 0 0 0 0 0 0 0 0 0 0 0 0 0 0 0 0 0 0 0 0 0 0 0 0 0 0 0 0 0 0 0 0 0 0 0 0 0 0 0 0 0 0 0 0 0 0 0 0 0 0 0 0 0 0 0 0 0 0 0 0 0 0 0 0 0 0 0 0 0 0 0 0 0 0 0 0 0 0 0 0 0 0 0 0 0 0 0 0 0 0 0 0 0 0 0 0 0 0 0 0 0 0 0 0 0 
0 0.000218319 0.000406124 0.000511801 0.000506665 0.00036484 7.9003e-05 -0.000357999 -0.000925749 -0.00159452 -0.00234864 -0.00314228 -0.003927 -0.00466519 -0.00533356 -0.00590303 -0.00633969 -0.00663177 -0.00675747 -0.00671331 -0.00653806 -0.00626443 -0.00591162 -0.00547925 -0.00498583 -0.00445484 -0.00391062 -0.00339647 -0.00291777 -0.00248303 -0.00209067 -0.0017408 -0.00144836 -0.0012076 -0.00101196 -0.000837859 -0.000689056 -0.000568369 -0.000464946 -0.000391461 -0.000342712 -0.000304456 -0.000268061 -0.000236373 -0.000214287 -0.000207586 -0.000207314 -0.000202018 -0.00019161 -0.000180167 -0.000169612 -0.000161271 -0.000167531 -0.000176137 -0.000180998 -0.000187833 -0.000200432 -0.000225451 -0.000270409 -0.000318033 -0.000384013 -0.000468137 -0.000557455 -0.000670024 -0.000806898 -0.000970954 -0.00115313 -0.00133853 -0.00152337 -0.00169573 -0.0018338 -0.00194032 -0.00198895 -0.00196669 -0.00185598 -0.00166124 -0.00138256 -0.00102362 -0.000611488 -0.000181916 0.000253897 0.000658399 0.00101408 0.00130692 0.00151259 0.00161606 0.00162287 0.00155023 0.00141968 0.00125644 0.0010897 0.000927732 0.000783105 0.00067028 0.000573532 0.000496095 0.000437921 0.00038603 0.000350303 0.000330568 0.000311563 0.000304467 0.000298 0.000290739 0.000297324 0.000316522 0.000357647 0.000439486 0.000557206 0.000714507 0.00090385 0.00110526 0.00129944 0.00146474 0.00158012 0.00161694 0.00156284 0.00141851 0.00117584 0.000851315 0.000471348 3.838e-05 -0.000400262 -0.000806921 -0.00116129 -0.00144299 -0.00164245 -0.00176414 -0.00180093 -0.0017649 -0.00165649 -0.00151063 -0.00134188 -0.00115527 -0.000965631 -0.000793054 -0.000642638 -0.000508198 -0.000374809 -0.000262783 -0.000172982 -0.000100852 -5.08838e-05 -7.43429e-06 2.63239e-05 5.10371e-05 7.51025e-05 9.38285e-05 9.76414e-05 9.87404e-05 9.84696e-05 0.000107801 0.000126194 0.00013817 0.000137473 0.000134473 0.000131952 0.000128114 0.000121202 0.000106679 7.64553e-05 2.48622e-05 -3.76983e-05 -0.000116514 -0.0002034 -0.000315719 -0.00047405 -0.000664138 -0.000890454 -0.00115125 -0.00145654 -0.00181181 -0.00222404 -0.00269272 -0.00317722 -0.00365976 -0.00412451 -0.00455864 -0.00494812 -0.00525419 -0.00544994 -0.00551575 -0.0054416 -0.00521365 -0.0048107 -0.00423177 -0.00347174 -0.00256168 -0.00155635 -0.000481396 0.00064481 0.0018095 0.00296715 0.0040826 0.00510874 0.00599753 0.00675532 0.00738446 0.00788624 0.00822905 
0 0.000406124 0.000740166 0.000927126 0.000883472 0.000597617 2.22487e-05 -0.000840519 -0.00195852 -0.00327857 -0.00474521 -0.00629864 -0.00782717 -0.00928223 -0.0105994 -0.0117125 -0.0125588 -0.013118 -0.0133715 -0.0133099 -0.0129902 -0.0124611 -0.0117575 -0.0108933 -0.00993458 -0.00890244 -0.00785542 -0.00683345 -0.00587058 -0.00499658 -0.00420336 -0.00352337 -0.0029249 -0.00243901 -0.002023 -0.00166618 -0.00138291 -0.00115161 -0.000963269 -0.000808864 -0.000700109 -0.000617803 -0.00054932 -0.000493859 -0.000458628 -0.00042342 -0.000415436 -0.000385581 -0.000372878 -0.000369606 -0.000356367 -0.000352891 -0.000347612 -0.000356575 -0.00036584 -0.00038395 -0.000409729 -0.000460709 -0.000534692 -0.000636586 -0.000744054 -0.000910598 -0.00111331 -0.00136025 -0.00163255 -0.00193359 -0.00228547 -0.00266944 -0.00302773 -0.00335935 -0.00365726 -0.0038691 -0.00396866 -0.00391804 -0.00369826 -0.00330371 -0.00275268 -0.00204818 -0.00124564 -0.00035812 0.000519457 0.00133466 0.00205609 0.00262814 0.00300124 0.00321541 0.00322455 0.00308659 0.00285184 0.00254224 0.00219945 0.00188076 0.00157376 0.00132972 0.00113204 0.000981737 0.000868988 0.000789036 0.000725799 0.00068566 0.000641019 0.000612425 0.000579124 0.000568484 0.000583361 0.000633387 0.000736164 0.000910599 0.00113658 0.00145488 0.00181108 0.00219282 0.00258358 0.00292135 0.0031513 0.00326132 0.0031519 0.00284487 0.00235207 0.00169362 0.000913979 7.92637e-05 -0.000787728 -0.00159884 -0.00231422 -0.00287552 -0.00327821 -0.00351375 -0.00358405 -0.00349374 -0.0032992 -0.00301435 -0.00266607 -0.00230821 -0.00194929 -0.00159053 -0.0012652 -0.00098012 -0.000729733 -0.000529104 -0.000342103 -0.000210702 -0.000105218 -1.81712e-05 5.00942e-05 9.33577e-05 0.000132466 0.000160123 0.000192051 0.000202107 0.000218392 0.000228942 0.000242408 0.00025896 0.000246058 0.000254197 0.00025392 0.000243669 0.000221301 0.000187663 0.000130909 5.43014e-05 -6.767e-05 -0.00021909 -0.000415558 -0.000657393 -0.000969902 -0.00135333 -0.00179081 -0.00233535 -0.00295798 -0.00367945 -0.0044903 -0.0053926 -0.00634031 -0.0072904 -0.00821589 -0.009069 -0.00981893 -0.0104043 -0.0107843 -0.010911 -0.0107641 -0.0102872 -0.00947272 -0.00831582 -0.00682338 -0.00504679 -0.00305426 -0.000924807 0.00132978 0.00362664 0.00590245 0.00808846 0.0101041 0.0118856 0.0133921 0.0146555 0.0156269 0.0162862 
0 0.000511801 0.000927126 0.00111358 0.00100148 0.000532452 -0.00032135 -0.00158815 -0.00321713 -0.00512023 -0.00724044 -0.00946371 -0.0116754 -0.0137813 -0.0156953 -0.0173071 -0.0185212 -0.0193334 -0.0197239 -0.0196815 -0.0192629 -0.0185111 -0.0174786 -0.0162148 -0.014814 -0.0133368 -0.0118099 -0.0103144 -0.00887966 -0.0075674 -0.00640019 -0.00537272 -0.00449244 -0.00373548 -0.00309884 -0.00255338 -0.00211997 -0.00178497 -0.0014916 -0.00125328 -0.00107203 -0.000935917 -0.000834645 -0.000761984 -0.000703897 -0.000659691 -0.000619824 -0.000579637 -0.000556527 -0.000551982 -0.000545451 -0.00052505 -0.00052252 -0.000527966 -0.000539782 -0.000573484 -0.000625599 -0.000699599 -0.000810989 -0.000930393 -0.00111175 -0.0013688 -0.0016659 -0.00203058 -0.00244981 -0.0029243 -0.00344161 -0.00397642 -0.00452228 -0.00504437 -0.00547591 -0.00580095 -0.00594373 -0.00586739 -0.00553386 -0.00495656 -0.00413586 -0.0030777 -0.00185134 -0.00055225 0.000766962 0.00199095 0.00305643 0.00391474 0.00450399 0.00479811 0.00481934 0.00462142 0.00426262 0.00380323 0.00331391 0.00282084 0.00236463 0.00199657 0.00169164 0.00146328 0.00130751 0.00118137 0.00109423 0.00103479 0.000962877 0.000912373 0.000868434 0.000840889 0.000872103 0.000957721 0.00111308 0.00137479 0.00172573 0.00217721 0.00271454 0.00329439 0.0038693 0.00437369 0.00473497 0.00486142 0.00470102 0.0042521 0.00350574 0.00251909 0.00137502 9.60434e-05 -0.00119738 -0.00240365 -0.00346284 -0.00431066 -0.00491121 -0.00526601 -0.00536142 -0.00523881 -0.00492068 -0.00450166 -0.00401919 -0.00347979 -0.0029138 -0.0023742 -0.00189264 -0.00147144 -0.00108428 -0.000775064 -0.000529291 -0.000323422 -0.000162545 -1.87052e-05 8.47998e-05 0.000144847 0.000196029 0.0002456 0.000280735 0.000315859 0.000333545 0.000346152 0.000362196 0.00036792 0.000364871 0.000375777 0.000383597 0.000363684 0.000315848 0.000251158 0.000166893 4.35848e-05 -0.000124384 -0.000370528 -0.0006741 -0.00105117 -0.001531 -0.00208646 -0.00275892 -0.00357165 -0.00453383 -0.00561822 -0.00681316 -0.00812849 -0.00949907 -0.0108946 -0.0122481 -0.0134846 -0.0145505 -0.0153679 -0.0158897 -0.0160537 -0.0157964 -0.0150583 -0.0138121 -0.0120981 -0.00992154 -0.0073319 -0.00442642 -0.00126996 0.00204672 0.00542764 0.00873773 0.0119137 0.0148749 0.017505 0.0197749 0.0216396 0.023072 0.0240153 
0 0.000506665 0.000883472 0.00100148 0.000736384 6.51508e-05 -0.00108252 -0.00271462 -0.00478071 -0.00719093 -0.00985334 -0.0126647 -0.015452 -0.0181185 -0.0205375 -0.0225752 -0.0241275 -0.0251818 -0.0257224 -0.0257235 -0.0252352 -0.024309 -0.0230089 -0.0214011 -0.0196241 -0.0177244 -0.0157764 -0.0138409 -0.0119847 -0.0102757 -0.0087188 -0.00735837 -0.00615109 -0.00513871 -0.00426868 -0.00352687 -0.00293395 -0.00245203 -0.00205325 -0.00172225 -0.00147497 -0.00128531 -0.0011345 -0.00101912 -0.000942145 -0.000870324 -0.000837186 -0.000778491 -0.000750306 -0.000740843 -0.000716544 -0.000702062 -0.000690259 -0.000704368 -0.000725261 -0.000764935 -0.00082318 -0.000928218 -0.00107977 -0.00128066 -0.00150678 -0.00183482 -0.00223434 -0.00271907 -0.00326394 -0.00387483 -0.00457618 -0.00533143 -0.00604992 -0.00671602 -0.00730308 -0.00772185 -0.00791331 -0.00780929 -0.00737036 -0.0065882 -0.00549116 -0.0040926 -0.00249257 -0.000742849 0.000996139 0.00261742 0.00405046 0.0051948 0.00596008 0.00638819 0.00641996 0.00615245 0.00568177 0.00506698 0.00439308 0.00375823 0.00315989 0.00267667 0.00228422 0.00198083 0.00174978 0.00158025 0.00144938 0.00136341 0.00127982 0.00122546 0.00117005 0.00115338 0.00118579 0.001287 0.00149151 0.00183582 0.00229676 0.00292888 0.00364608 0.00441111 0.00517742 0.00583307 0.00627606 0.00646219 0.00623676 0.00562303 0.00464031 0.00333368 0.00179004 0.000124508 -0.0015925 -0.00320224 -0.00461918 -0.00573775 -0.00653777 -0.00700567 -0.00714351 -0.0069699 -0.00657816 -0.0060109 -0.00532473 -0.00460794 -0.00388764 -0.00318098 -0.0025397 -0.00197382 -0.00147344 -0.00106295 -0.000695137 -0.000424739 -0.000208638 -3.03085e-05 0.000108029 0.00019664 0.000269821 0.000323705 0.000381014 0.000408169 0.000439257 0.000459874 0.000484463 0.000511684 0.000497701 0.000510859 0.000504863 0.000471018 0.000406713 0.000316026 0.000184017 9.85348e-06 -0.000246903 -0.000573624 -0.00099287 -0.00150839 -0.00215616 -0.00293432 -0.00383385 -0.00493969 -0.0062089 -0.00764492 -0.0092129 -0.0109104 -0.0126775 -0.0144533 -0.0161754 -0.0177379 -0.0190687 -0.0200697 -0.0206776 -0.0208088 -0.0204025 -0.0193664 -0.0177079 -0.0154592 -0.0126428 -0.00931454 -0.00555595 -0.00148786 0.00281303 0.00715969 0.0114178 0.0155004 0.0193172 0.0227631 0.0257307 0.0281942 0.0300491 0.0312746 
0 0.00036484 0.000597617 0.000532452 6.51508e-05 -0.000869835 -0.00230888 -0.00427589 -0.00671179 -0.00952272 -0.0126367 -0.0159098 -0.0191672 -0.0222646 -0.0250746 -0.0274577 -0.0293038 -0.0305942 -0.0312879 -0.0313467 -0.0308261 -0.0297851 -0.0282965 -0.0264359 -0.0243317 -0.0220761 -0.0197346 -0.0174212 -0.0151876 -0.0130988 -0.0111787 -0.0094462 -0.00793223 -0.00663754 -0.00554445 -0.00460339 -0.00382588 -0.0031968 -0.00266881 -0.00225083 -0.00193505 -0.00168426 -0.00147716 -0.00131596 -0.00119793 -0.00111973 -0.00106295 -0.00100255 -0.000955459 -0.000925545 -0.000895428 -0.000866189 -0.000868537 -0.000890062 -0.000914884 -0.000960216 -0.00103417 -0.00115774 -0.00135133 -0.00158251 -0.0018931 -0.00230474 -0.00278712 -0.0033766 -0.00406788 -0.00485887 -0.00573104 -0.00663659 -0.00753881 -0.00838483 -0.00909451 -0.00961853 -0.00985369 -0.00972863 -0.00918523 -0.0082262 -0.00685924 -0.00511102 -0.0030943 -0.000947522 0.00121438 0.00323104 0.00500033 0.00643042 0.00742247 0.00793826 0.00799336 0.00767212 0.00707819 0.00631635 0.00550117 0.00469705 0.00396207 0.00336012 0.00286431 0.00248089 0.00219977 0.00197568 0.00181533 0.00170552 0.00160012 0.00152855 0.00147195 0.00144404 0.00149377 0.00162976 0.00188563 0.00231406 0.00290573 0.00367241 0.00457412 0.00553627 0.00647477 0.00727846 0.00783248 0.00801341 0.00773108 0.00697605 0.00574783 0.004123 0.00222018 0.000116135 -0.00201832 -0.00401391 -0.0057584 -0.00714957 -0.00813824 -0.00872054 -0.0088888 -0.00869277 -0.00818521 -0.00748335 -0.00665909 -0.00575556 -0.00483047 -0.0039539 -0.00317053 -0.00247514 -0.00183736 -0.00130501 -0.000871522 -0.000526883 -0.000264277 -4.08239e-05 0.000129683 0.000246116 0.000344288 0.000424648 0.000476994 0.000514115 0.000536197 0.000563058 0.000603331 0.000628299 0.000622638 0.000615006 0.000594984 0.000544501 0.000462291 0.000343692 0.000167148 -8.80782e-05 -0.000423776 -0.000857063 -0.00138046 -0.00203571 -0.0028757 -0.00387164 -0.00504589 -0.00642166 -0.00800264 -0.00976383 -0.011683 -0.0137451 -0.0158524 -0.0179486 -0.0199512 -0.0217648 -0.0232979 -0.0244231 -0.0250475 -0.0250844 -0.0244668 -0.0231346 -0.0210764 -0.0183383 -0.0149298 -0.0109102 -0.00640225 -0.00151366 0.00361956 0.00883075 0.0139339 0.0188355 0.0234338 0.0275801 0.031189 0.0341647 0.0364298 0.03792 
0 7.9003e-05 2.22487e-05 -0.00032135 -0.00108252 -0.00230888 -0.00405185 -0.0063155 -0.00904683 -0.0121689 -0.0156003 -0.0192067 -0.0227838 -0.0261839 -0.0292715 -0.0319136 -0.0340027 -0.0354947 -0.0363324 -0.0364714 -0.0359627 -0.0348755 -0.033277 -0.0312396 -0.0289032 -0.0263604 -0.0237176 -0.0210746 -0.0185039 -0.0160668 -0.0137853 -0.0117159 -0.00987143 -0.00829186 -0.00693756 -0.00577581 -0.00481514 -0.00402637 -0.00337607 -0.00285011 -0.00244466 -0.00212143 -0.00185526 -0.00164563 -0.00149366 -0.00137394 -0.00129371 -0.00120749 -0.00115272 -0.00112333 -0.00108921 -0.00106377 -0.00105523 -0.00107549 -0.00110832 -0.00116451 -0.00125191 -0.00140103 -0.00162099 -0.00190851 -0.0022663 -0.00275406 -0.00335295 -0.00407318 -0.00489553 -0.00582159 -0.00685605 -0.00795099 -0.00902044 -0.0100178 -0.0108798 -0.0114996 -0.0117769 -0.0116211 -0.0109741 -0.00982554 -0.00819972 -0.00613019 -0.00374227 -0.00115931 0.00142519 0.00384157 0.00596413 0.00766144 0.00882324 0.00945244 0.00952953 0.00916474 0.00848578 0.00759765 0.00662019 0.00566577 0.00477805 0.00403952 0.0034426 0.00298482 0.00264514 0.00239513 0.00220727 0.00206937 0.00194061 0.00184165 0.00176048 0.00173768 0.00180271 0.00198137 0.00231275 0.00283676 0.00354384 0.00446464 0.00552248 0.00664979 0.00776014 0.00870967 0.00935385 0.00958043 0.00923293 0.00830539 0.00682482 0.00487345 0.00258303 0.000100308 -0.00242848 -0.00480345 -0.00688662 -0.00854457 -0.0097263 -0.0104144 -0.0106132 -0.0103682 -0.0097846 -0.00895132 -0.00795417 -0.0068855 -0.00580042 -0.00474955 -0.00379218 -0.00294345 -0.00219575 -0.00157248 -0.00104542 -0.000640149 -0.000320107 -5.64644e-05 0.000148854 0.000290692 0.000403425 0.000492661 0.000570598 0.000619169 0.000657403 0.00068548 0.000716534 0.000738401 0.00071955 0.000706576 0.00066977 0.000596846 0.000483664 0.00032386 9.30381e-05 -0.000224268 -0.000654885 -0.00119408 -0.00186004 -0.00268529 -0.00372105 -0.00496023 -0.00639319 -0.00806536 -0.00994403 -0.0120172 -0.0142498 -0.01661 -0.0190026 -0.0213418 -0.023551 -0.0255273 -0.0271694 -0.028332 -0.0288978 -0.0287738 -0.0279115 -0.0262586 -0.023822 -0.0206231 -0.0166749 -0.0120514 -0.00688771 -0.0013327 0.00449722 0.0104145 0.0162473 0.0218644 0.0271256 0.0318783 0.0360043 0.0394368 0.0420629 0.0438192 
0 -0.000357999 -0.000840519 -0.00158815 -0.00271462 -0.00427589 -0.0063155 -0.00884199 -0.0118076 -0.0151402 -0.0187591 -0.0225312 -0.0262739 -0.0298416 -0.0331034 -0.0359223 -0.0381848 -0.039831 -0.0408009 -0.0410504 -0.0406147 -0.0395479 -0.0379077 -0.0357768 -0.0332921 -0.0305649 -0.0276928 -0.0247793 -0.0219055 -0.019148 -0.0165539 -0.014171 -0.0120251 -0.0101413 -0.00850686 -0.00710499 -0.00594234 -0.00498572 -0.00418645 -0.00352637 -0.00300282 -0.00258824 -0.00225923 -0.00200489 -0.00181058 -0.00165535 -0.00153325 -0.00142688 -0.00135875 -0.00132198 -0.00128445 -0.00124792 -0.00123081 -0.00124553 -0.00128512 -0.00135934 -0.0014752 -0.00165277 -0.00190424 -0.0022299 -0.00265599 -0.00322333 -0.00392154 -0.00475707 -0.00572001 -0.00680347 -0.00799708 -0.00925232 -0.0104984 -0.0116648 -0.0126614 -0.0133751 -0.013688 -0.0134999 -0.0127491 -0.0114229 -0.00953863 -0.0071445 -0.0043753 -0.00139539 0.00159489 0.00439852 0.00685968 0.00883439 0.0102048 0.0109391 0.0110489 0.010644 0.00986546 0.00884769 0.00772829 0.00661975 0.00559761 0.00473577 0.00403835 0.00350119 0.00310276 0.0028052 0.00258467 0.00241765 0.00226975 0.00215245 0.00206668 0.00204514 0.00212966 0.00234918 0.00274487 0.00335789 0.00419199 0.00525399 0.00648171 0.00778676 0.00905661 0.0101357 0.0108608 0.0110819 0.0106618 0.00957445 0.00784993 0.00558757 0.00293672 5.64379e-05 -0.00286375 -0.00560859 -0.00801195 -0.00993446 -0.0113052 -0.0121001 -0.0123274 -0.0120456 -0.0113637 -0.0104013 -0.0092601 -0.00802244 -0.00675732 -0.00553651 -0.00442427 -0.00343544 -0.00256633 -0.00183753 -0.00123595 -0.000758124 -0.00037452 -5.74875e-05 0.000184681 0.000350123 0.000473778 0.000573915 0.000660908 0.000726861 0.000774047 0.000804948 0.000829853 0.000838548 0.000820577 0.000799665 0.000750854 0.000646544 0.000480345 0.000252604 -4.99602e-05 -0.000448081 -0.00097393 -0.00164429 -0.0024745 -0.00349359 -0.00473832 -0.00620319 -0.00789801 -0.00985038 -0.012031 -0.014395 -0.0168961 -0.0194928 -0.0220955 -0.024616 -0.0269547 -0.0289987 -0.0306315 -0.0317143 -0.032131 -0.031795 -0.030655 -0.0286709 -0.0258503 -0.0222194 -0.0178013 -0.0126785 -0.00699928 -0.000913084 0.00545097 0.0119239 0.0183309 0.0245196 0.0303194 0.0355535 0.0401069 0.0439052 0.0468463 0.0488385 
0 -0.000925749 -0.00195852 -0.00321713 -0.00478071 -0.00671179 -0.00904683 -0.0118076 -0.0149534 -0.0184092 -0.0220929 -0.0258828 -0.0296474 -0.0332578 -0.0365888 -0.0394937 -0.0418534 -0.0436005 -0.0446819 -0.0450573 -0.0447353 -0.0437474 -0.0421422 -0.0400119 -0.0374766 -0.0346558 -0.0316314 -0.0285129 -0.0253936 -0.0223625 -0.01949 -0.0168096 -0.0143697 -0.012181 -0.0102618 -0.00860728 -0.00721796 -0.0060661 -0.00509726 -0.00429577 -0.00364999 -0.00313458 -0.00272336 -0.00240101 -0.00214848 -0.00195747 -0.0017993 -0.00167666 -0.00158655 -0.00152694 -0.00147837 -0.00143369 -0.00141894 -0.00143403 -0.00147766 -0.00155733 -0.00169002 -0.00189468 -0.00218957 -0.00256679 -0.00306659 -0.00370569 -0.00449253 -0.0054329 -0.00652796 -0.00776973 -0.00913231 -0.0105556 -0.0119731 -0.0132941 -0.0144109 -0.0152147 -0.0155656 -0.015352 -0.0145011 -0.0129963 -0.0108526 -0.00814239 -0.00500383 -0.0016433 0.00173773 0.00491746 0.00771123 0.00996236 0.0115485 0.0123979 0.0125522 0.0121132 0.0112356 0.0100872 0.00882768 0.00757203 0.00642847 0.00545381 0.00466124 0.00404192 0.00357501 0.00321843 0.00295683 0.00275829 0.00259743 0.00247202 0.00239317 0.00238002 0.00248378 0.00273916 0.00319328 0.00389202 0.00485742 0.00606696 0.0074693 0.00894981 0.0103666 0.0115551 0.0123411 0.01254 0.0120411 0.0107938 0.00883157 0.00626715 0.00326525 -3.6648e-06 -0.00330506 -0.00641371 -0.00912741 -0.0113018 -0.0128494 -0.0137466 -0.0140064 -0.0137013 -0.0129304 -0.0118365 -0.0105395 -0.00912759 -0.00769131 -0.0063163 -0.00506024 -0.00393897 -0.00295018 -0.00210632 -0.00141772 -0.000860972 -0.000422316 -6.66636e-05 0.000205125 0.000400512 0.000545891 0.00066393 0.0007537 0.000825655 0.000872282 0.000908706 0.00093749 0.000939289 0.000917849 0.000870605 0.00079129 0.000647301 0.000428364 0.000131078 -0.000254767 -0.000756647 -0.00139903 -0.0022173 -0.00322265 -0.004449 -0.00591934 -0.00762504 -0.0095876 -0.0118046 -0.0142576 -0.0168723 -0.0195936 -0.0223652 -0.0251039 -0.0277214 -0.0300968 -0.0321057 -0.0336173 -0.0345132 -0.034698 -0.0341016 -0.0326608 -0.0303379 -0.027136 -0.0231022 -0.0182869 -0.0127794 -0.00672049 -0.000239966 0.00651563 0.0133908 0.020202 0.0267885 0.0329714 0.038562 0.0434448 0.0475188 0.0506933 0.0528571 
0 -0.00159452 -0.00327857 -0.00512023 -0.00719093 -0.00952272 -0.0121689 -0.0151402 -0.0184092 -0.021912 -0.0255561 -0.0292622 -0.0329303 -0.0364667 -0.0397493 -0.0426391 -0.0450258 -0.0468292 -0.0479965 -0.0484917 -0.0482973 -0.0474396 -0.0459553 -0.0439198 -0.0414329 -0.0385852 -0.0354924 -0.0322421 -0.0289539 -0.0257096 -0.022575 -0.0196211 -0.0168828 -0.0144142 -0.0122145 -0.0102993 -0.00866335 -0.00728083 -0.00613098 -0.00518132 -0.00440993 -0.00378483 -0.00327169 -0.00285603 -0.00253766 -0.00229 -0.00210323 -0.00194757 -0.00182828 -0.00174054 -0.00167183 -0.00163375 -0.00162 -0.00163919 -0.00168926 -0.00176985 -0.0019089 -0.00213921 -0.00246299 -0.0029069 -0.0034624 -0.00417178 -0.00506144 -0.00611806 -0.00734213 -0.00872759 -0.0102524 -0.0118548 -0.0134246 -0.0148793 -0.0161287 -0.0170123 -0.0174013 -0.0171645 -0.0162233 -0.0145421 -0.0121518 -0.00913858 -0.00565579 -0.00189816 0.00186393 0.00541241 0.0085397 0.011054 0.0128223 0.0138037 0.0140036 0.0135434 0.0125992 0.0113434 0.00993966 0.00855263 0.00727349 0.00616972 0.0052787 0.00457977 0.00404211 0.00365001 0.00335172 0.00311971 0.00294179 0.0027981 0.00270703 0.00271319 0.00284052 0.0031451 0.00368101 0.00447774 0.00556068 0.00692203 0.00847254 0.0101019 0.0116603 0.0129529 0.0137799 0.0139788 0.0133908 0.0119679 0.00976749 0.00690038 0.00353278 -9.23212e-05 -0.00375937 -0.00721324 -0.0102281 -0.0126378 -0.0143556 -0.0153491 -0.0156451 -0.015304 -0.0144708 -0.0132566 -0.0117922 -0.0102163 -0.00862377 -0.0070905 -0.00567811 -0.00441331 -0.00331608 -0.00237357 -0.00158535 -0.000966136 -0.000472926 -8.96729e-05 0.000211289 0.000442603 0.000617189 0.000753005 0.000859758 0.000924228 0.000971951 0.00100631 0.00102909 0.0010286 0.000982128 0.000899967 0.000768304 0.000576792 0.000307805 -5.55582e-05 -0.000535149 -0.00115495 -0.00195018 -0.00292672 -0.00412156 -0.00556138 -0.00726298 -0.00923962 -0.0114628 -0.0139352 -0.0166027 -0.0194146 -0.0223047 -0.0251917 -0.0279988 -0.0306059 -0.0329052 -0.0347663 -0.0360625 -0.0366934 -0.036579 -0.0356646 -0.0338948 -0.0312258 -0.027674 -0.0232854 -0.0181486 -0.0123639 -0.00603865 0.000693538 0.00770876 0.014823 0.021871 0.0286775 0.0350699 0.0408917 0.0459818 0.0502399 0.0535351 0.0557859 
0 -0.00234864 -0.00474521 -0.00724044 -0.00985334 -0.0126367 -0.0156003 -0.0187591 -0.0220929 -0.0255561 -0.0290938 -0.0326326 -0.0361225 -0.0394729 -0.0425909 -0.0453706 -0.0477192 -0.0495414 -0.0507725 -0.0513708 -0.0513202 -0.0506335 -0.0493355 -0.047482 -0.0451062 -0.0423277 -0.0392313 -0.0359416 -0.0325532 -0.0291425 -0.025809 -0.0225949 -0.0196113 -0.0168618 -0.0143928 -0.0122095 -0.010304 -0.00868333 -0.00731871 -0.00619263 -0.00526532 -0.00450452 -0.00388211 -0.00337838 -0.00297274 -0.00267456 -0.00241881 -0.00223554 -0.00208257 -0.00196581 -0.00188958 -0.00183365 -0.00181918 -0.00183237 -0.00188547 -0.00198288 -0.0021529 -0.00240268 -0.00275824 -0.00322288 -0.00386206 -0.00465551 -0.00563782 -0.00680536 -0.00817236 -0.00971415 -0.011383 -0.013114 -0.0148556 -0.0164774 -0.01783 -0.018798 -0.019213 -0.0189419 -0.0179054 -0.0160723 -0.0134469 -0.0101417 -0.00629936 -0.00219244 0.00195515 0.00587176 0.00930818 0.0120796 0.0140639 0.0151385 0.0154024 0.014946 0.013937 0.0125867 0.0110797 0.00953628 0.0081277 0.0068977 0.00589475 0.00511215 0.00452776 0.00408218 0.00375765 0.00349734 0.00329203 0.00312385 0.00303697 0.00304081 0.00320758 0.00357878 0.00419689 0.00509682 0.0063195 0.00779102 0.00948735 0.0112638 0.0129358 0.0143203 0.0152097 0.0153541 0.0146772 0.0130881 0.0106362 0.00746576 0.00377444 -0.000227354 -0.00423791 -0.00801712 -0.0113053 -0.0139549 -0.0158444 -0.0169349 -0.0172553 -0.0168987 -0.015963 -0.0146332 -0.0130571 -0.0113254 -0.00955625 -0.00785826 -0.00629674 -0.00489854 -0.00367587 -0.00262552 -0.00178475 -0.00108811 -0.00053754 -9.91003e-05 0.000236221 0.000494024 0.000686457 0.000843055 0.000948205 0.00103127 0.00107481 0.00110741 0.00111982 0.00108632 0.00102988 0.000900438 0.000725239 0.000473639 0.000130017 -0.000324679 -0.000914527 -0.00168104 -0.00263075 -0.00380302 -0.00520084 -0.00686814 -0.00881419 -0.0110316 -0.0135208 -0.0161972 -0.0190531 -0.022003 -0.0249993 -0.0279445 -0.0307272 -0.0332342 -0.035335 -0.0369416 -0.0379339 -0.03823 -0.0377544 -0.0364634 -0.0343132 -0.0313007 -0.0274325 -0.0227664 -0.0173948 -0.0114198 -0.00495259 0.00191059 0.009008 0.0162003 0.0233026 0.0301518 0.0365979 0.0424833 0.0476713 0.0519827 0.0553186 0.0575806 
0 -0.00314228 -0.00629864 -0.00946371 -0.0126647 -0.0159098 -0.0192067 -0.0225312 -0.0258828 -0.0292622 -0.0326326 -0.0359618 -0.0392025 -0.0422906 -0.0451586 -0.0477476 -0.0499916 -0.0517834 -0.0530434 -0.0537447 -0.0538459 -0.0533565 -0.0522804 -0.0506423 -0.048469 -0.045827 -0.0428386 -0.03957 -0.0361429 -0.0326375 -0.029147 -0.0257606 -0.0225374 -0.0195372 -0.0167838 -0.014326 -0.0121597 -0.0102811 -0.00868764 -0.0073474 -0.006226 -0.00531214 -0.00457043 -0.00396353 -0.00347876 -0.00308523 -0.00277534 -0.00253798 -0.00235986 -0.00222535 -0.00212556 -0.00206141 -0.00202154 -0.00202136 -0.00208548 -0.00219863 -0.00238736 -0.00267355 -0.0030557 -0.00359094 -0.00427504 -0.00514162 -0.00623687 -0.00752346 -0.00899963 -0.0106637 -0.012485 -0.0144017 -0.0162877 -0.0180359 -0.019523 -0.0205591 -0.0209972 -0.0206932 -0.0195584 -0.0175469 -0.0146952 -0.0111195 -0.00697584 -0.00249804 0.00200161 0.0062666 0.0100286 0.0130589 0.0152196 0.0164524 0.0167791 0.0163195 0.0152667 0.0138246 0.0121793 0.01053 0.00899709 0.00764774 0.00655219 0.00568629 0.00501445 0.00452864 0.00415576 0.00385952 0.00364439 0.00347218 0.00338053 0.00342263 0.00361702 0.00403745 0.00474062 0.00574155 0.0070747 0.00870742 0.0105403 0.0124434 0.0142327 0.015685 0.0165681 0.0166923 0.0159007 0.0141239 0.0114406 0.00798556 0.00395012 -0.000365207 -0.00470658 -0.00880258 -0.012381 -0.0152549 -0.0173065 -0.0184892 -0.0188405 -0.018438 -0.0174498 -0.0160077 -0.0142639 -0.012388 -0.0104904 -0.00865126 -0.00692874 -0.00538026 -0.00405544 -0.00292032 -0.00197302 -0.00120982 -0.000586637 -0.000108731 0.000263969 0.000551235 0.000752422 0.000907526 0.00103014 0.00111523 0.00117734 0.00120588 0.00119073 0.00113748 0.00103845 0.00088128 0.000648624 0.000327672 -0.000112927 -0.000690409 -0.00142022 -0.00233404 -0.00346511 -0.0048317 -0.00647079 -0.00838945 -0.0105678 -0.013025 -0.0157093 -0.0185795 -0.0215682 -0.0246173 -0.0276497 -0.0305475 -0.0332219 -0.0355201 -0.0373453 -0.0386041 -0.0392096 -0.0391014 -0.0382099 -0.0364967 -0.0339443 -0.0305801 -0.0264427 -0.0215674 -0.0160476 -0.00998373 -0.00346551 0.0033756 0.0104123 0.0174933 0.0244875 0.0312236 0.0375526 0.0433599 0.048466 0.0527266 0.0560007 0.0582334 
0 -0.003927 -0.00782717 -0.0116754 -0.015452 -0.0191672 -0.0227838 -0.0262739 -0.0296474 -0.0329303 -0.0361225 -0.0392025 -0.0421606 -0.0449464 -0.0475206 -0.0498613 -0.0519275 -0.0536196 -0.0548776 -0.0556659 -0.0559319 -0.0556405 -0.054789 -0.053407 -0.0514761 -0.0490726 -0.0462466 -0.04308 -0.0396742 -0.0361293 -0.0325683 -0.0290348 -0.0256356 -0.0223911 -0.019383 -0.0166634 -0.0142274 -0.0120909 -0.010246 -0.00867768 -0.00735264 -0.00626062 -0.00537563 -0.00465174 -0.00405281 -0.00358435 -0.00318905 -0.00290456 -0.00267496 -0.00249343 -0.00237009 -0.00228378 -0.00224113 -0.00223608 -0.00229535 -0.0024167 -0.00262952 -0.00293532 -0.00335937 -0.00392901 -0.00469929 -0.00564124 -0.00680599 -0.00819056 -0.00981327 -0.0116388 -0.0136068 -0.0156456 -0.0176877 -0.019581 -0.021151 -0.0222609 -0.0227294 -0.0223988 -0.0211791 -0.0190209 -0.0159381 -0.0120819 -0.0076124 -0.00282861 0.00200884 0.00660337 0.0106581 0.0139515 0.0163452 0.0176975 0.0181077 0.0176661 0.0165573 0.0150291 0.0132965 0.0115128 0.00987298 0.00841996 0.00721862 0.00626211 0.00552749 0.00496351 0.00454786 0.00422344 0.00399068 0.0038192 0.00375694 0.0038103 0.00404943 0.00453143 0.00530642 0.00640779 0.00788028 0.00962685 0.0116055 0.0136438 0.0155189 0.0170189 0.0179111 0.0179372 0.0170287 0.015088 0.0121777 0.00845109 0.00412079 -0.000547859 -0.00521758 -0.00961597 -0.013437 -0.0165168 -0.0187152 -0.019981 -0.0203624 -0.01996 -0.0188855 -0.0173365 -0.0154828 -0.01345 -0.0113791 -0.00938496 -0.00753797 -0.00587668 -0.0044271 -0.00317586 -0.00216222 -0.00131757 -0.000642129 -0.000115878 0.000285776 0.000599249 0.000826006 0.00100191 0.00111829 0.00120706 0.00125317 0.00126932 0.00123483 0.00114011 0.00101533 0.000793537 0.000495728 8.63027e-05 -0.000463451 -0.00117177 -0.0020558 -0.00315066 -0.00446699 -0.00605646 -0.00793074 -0.0100981 -0.0125132 -0.0151618 -0.0180301 -0.0210203 -0.0241122 -0.0271942 -0.0301796 -0.032942 -0.0353837 -0.037397 -0.0388631 -0.0397144 -0.0398639 -0.0392853 -0.037938 -0.0357932 -0.0328484 -0.0291655 -0.0247901 -0.0197679 -0.0141797 -0.00811217 -0.00165961 0.00505927 0.0118846 0.018722 0.0254538 0.031929 0.0380025 0.0435476 0.0484268 0.0524753 0.0556103 0.0577548 
0 -0.00466519 -0.00928223 -0.0137813 -0.0181185 -0.0222646 -0.0261839 -0.0298416 -0.0332578 -0.0364667 -0.0394729 -0.0422906 -0.0449464 -0.0474219 -0.0496913 -0.0517513 -0.0535864 -0.0551323 -0.0563458 -0.0572034 -0.0576103 -0.0575103 -0.0568938 -0.0557788 -0.0541439 -0.0520076 -0.0494249 -0.0464317 -0.0431364 -0.039636 -0.0360384 -0.0324171 -0.0288579 -0.0254262 -0.0221901 -0.0192165 -0.0165072 -0.0140906 -0.0119906 -0.0101933 -0.00865322 -0.00736612 -0.00630487 -0.00542596 -0.00471025 -0.00413446 -0.00366833 -0.00330735 -0.00301617 -0.00278488 -0.00262753 -0.00253445 -0.00248535 -0.00247537 -0.00253617 -0.00265609 -0.00287163 -0.00320462 -0.00366415 -0.00429993 -0.0051194 -0.00613223 -0.00739782 -0.00889821 -0.010634 -0.0125895 -0.014707 -0.0169089 -0.0190765 -0.0210782 -0.0227547 -0.0239248 -0.0244131 -0.0240576 -0.0227501 -0.0204352 -0.0171515 -0.013049 -0.0082978 -0.003177 0.00199442 0.00691501 0.0112675 0.0148003 0.017366 0.0188729 0.0193674 0.0189587 0.0178432 0.0162582 0.0144202 0.0125381 0.0107722 0.00919501 0.00788904 0.00684464 0.00603167 0.00543009 0.00497346 0.00461746 0.00436702 0.0041874 0.00412227 0.0042156 0.0045017 0.00505615 0.00593319 0.00714823 0.00872946 0.0106112 0.0126965 0.0148263 0.0167802 0.0183174 0.0191857 0.019165 0.0181283 0.0159965 0.0128495 0.00884294 0.0041966 -0.000765029 -0.0057268 -0.0103975 -0.0144687 -0.017743 -0.0200801 -0.0214306 -0.0218438 -0.0214176 -0.0203023 -0.0186588 -0.0166548 -0.0144773 -0.0122729 -0.0101436 -0.0081471 -0.00634832 -0.00479448 -0.00345606 -0.0023419 -0.00142989 -0.000698133 -0.000145845 0.000284615 0.000632277 0.000888047 0.00108308 0.00121292 0.00129045 0.00132528 0.00131671 0.00124849 0.00112539 0.000941728 0.000652501 0.000253372 -0.000260424 -0.00092267 -0.00176259 -0.00281045 -0.00410359 -0.00564912 -0.00747019 -0.00958588 -0.0119841 -0.0146081 -0.0174511 -0.0204547 -0.023539 -0.026644 -0.0296791 -0.0325308 -0.0350597 -0.0371898 -0.0388139 -0.039856 -0.0402362 -0.0398848 -0.0387944 -0.0369598 -0.0343808 -0.0310716 -0.0271039 -0.0225322 -0.0174061 -0.0118187 -0.00585254 0.000424493 0.00688635 0.0133927 0.0198502 0.026183 0.0322484 0.0379049 0.0430499 0.0475446 0.0512799 0.0541807 0.0561896 
0 -0.00533356 -0.0105994 -0.0156953 -0.0205375 -0.0250746 -0.0292715 -0.0331034 -0.0365888 -0.0397493 -0.0425909 -0.0451586 -0.0475206 -0.0496913 -0.0516563 -0.0534308 -0.055025 -0.0564037 -0.0575459 -0.0584249 -0.0589429 -0.059025 -0.0586519 -0.0578173 -0.0564713 -0.0546239 -0.0523165 -0.0495752 -0.0464697 -0.0430785 -0.0395082 -0.0358447 -0.0321947 -0.0286258 -0.0252069 -0.0220012 -0.0190242 -0.0163282 -0.0139571 -0.0119022 -0.0101198 -0.00860727 -0.00735077 -0.00630863 -0.00545437 -0.0047653 -0.0042027 -0.00376338 -0.00340688 -0.0031212 -0.00292196 -0.00279666 -0.0027241 -0.00270256 -0.00276326 -0.00290035 -0.00313952 -0.00349384 -0.00398275 -0.00466131 -0.00555098 -0.00664789 -0.00800109 -0.00960974 -0.0114744 -0.0135613 -0.0158057 -0.0181357 -0.0204467 -0.0225803 -0.0243465 -0.0255675 -0.0260636 -0.0256695 -0.0242786 -0.0218296 -0.0183538 -0.0140074 -0.00897677 -0.0035568 0.00193013 0.00715745 0.0117872 0.0155617 0.0183246 0.0199741 0.0205676 0.0202109 0.0190937 0.017464 0.0155501 0.0135597 0.0116765 0.00998616 0.00857184 0.00743842 0.00655881 0.00589772 0.00539919 0.00501585 0.00474581 0.00456633 0.00451926 0.0046411 0.00498296 0.00561659 0.00659068 0.00792281 0.00962578 0.0116168 0.0138042 0.0160177 0.0180242 0.0195784 0.0204176 0.0203062 0.0191305 0.0168161 0.0134388 0.00916604 0.00423525 -0.00102264 -0.00626596 -0.0111884 -0.0154789 -0.0189396 -0.0214193 -0.0228548 -0.0232981 -0.0228529 -0.0216675 -0.0199299 -0.0178216 -0.0155178 -0.0131707 -0.0108946 -0.00876242 -0.00683739 -0.00516307 -0.00372762 -0.00254054 -0.00156108 -0.000768757 -0.000160876 0.000310285 0.00068375 0.000956527 0.00115635 0.00128358 0.00135581 0.00137823 0.00134573 0.00124011 0.00106829 0.00082672 0.000457558 -4.39001e-05 -0.000683077 -0.00148857 -0.00249145 -0.00373259 -0.00524836 -0.00703504 -0.00910029 -0.0114442 -0.0140431 -0.0168416 -0.0198282 -0.0229354 -0.0260504 -0.029101 -0.0319942 -0.0346229 -0.0368525 -0.0385963 -0.0397648 -0.0402998 -0.040151 -0.0392649 -0.0376478 -0.0353201 -0.0323078 -0.0286573 -0.0244489 -0.0197325 -0.0145614 -0.0090451 -0.00327308 0.00270627 0.00879448 0.0148668 0.0208414 0.0266485 0.0321611 0.0372617 0.0418738 0.0458876 0.0492138 0.0518035 0.0536061 
0 -0.00590303 -0.0117125 -0.0173071 -0.0225752 -0.0274577 -0.0319136 -0.0359223 -0.0394937 -0.0426391 -0.0453706 -0.0477476 -0.0498613 -0.0517513 -0.0534308 -0.0549425 -0.0563157 -0.0575257 -0.0585623 -0.0594073 -0.0599907 -0.0602317 -0.06009 -0.0595241 -0.0584609 -0.0569187 -0.0549205 -0.0524819 -0.0496232 -0.0464068 -0.0429393 -0.039303 -0.0356164 -0.0319416 -0.0283666 -0.0249597 -0.0217503 -0.0187989 -0.0161539 -0.0138198 -0.0117737 -0.0100226 -0.00856079 -0.00734047 -0.00631962 -0.00548829 -0.00480566 -0.00427865 -0.00385595 -0.00351593 -0.00326888 -0.00309625 -0.00298752 -0.00294734 -0.00300331 -0.00315318 -0.00341074 -0.00378502 -0.0043129 -0.00503608 -0.00599297 -0.00717193 -0.00861329 -0.0103254 -0.0123031 -0.0145096 -0.016885 -0.019346 -0.0217905 -0.0240419 -0.0258913 -0.0271665 -0.0276719 -0.0272385 -0.025756 -0.0231661 -0.0195041 -0.0149354 -0.00965236 -0.00396212 0.00181691 0.00733193 0.0122305 0.0162461 0.0192153 0.0210218 0.0217273 0.0214289 0.0203134 0.0186418 0.0166622 0.0145799 0.0125981 0.0108091 0.00929014 0.00806092 0.00710323 0.00636935 0.00582176 0.00541168 0.00512911 0.0049635 0.00495049 0.00511238 0.00551532 0.00622382 0.00728517 0.00872561 0.0105475 0.0126504 0.0149418 0.0172314 0.0192717 0.0208128 0.0215933 0.0213691 0.0200432 0.0175456 0.013948 0.00942596 0.00423524 -0.00129547 -0.00679934 -0.0119642 -0.01647 -0.0201079 -0.0227156 -0.0242252 -0.0246906 -0.0242327 -0.0229888 -0.0211627 -0.0189456 -0.0165169 -0.0140442 -0.0116386 -0.00937579 -0.00732611 -0.00553403 -0.0040023 -0.00273682 -0.00168229 -0.000833001 -0.000172479 0.000336647 0.000731428 0.00101391 0.00120891 0.00132628 0.00139527 0.00140723 0.00134928 0.0011952 0.00095253 0.000632427 0.000170878 -0.000436088 -0.00121124 -0.00218415 -0.00338371 -0.00484382 -0.00658747 -0.00860251 -0.0108994 -0.0134622 -0.0162503 -0.019197 -0.0222729 -0.0254181 -0.0284932 -0.0314171 -0.0340825 -0.0363938 -0.038239 -0.0395258 -0.0401835 -0.0401598 -0.039441 -0.0380043 -0.0358734 -0.0330807 -0.0296647 -0.0257042 -0.0212997 -0.0165006 -0.0113583 -0.005985 -0.000478853 0.00511523 0.0107318 0.0162674 0.0216594 0.0268309 0.0316714 0.0361005 0.0400774 0.0435331 0.0463778 0.0485823 0.050107 
0 -0.00633969 -0.0125588 -0.0185212 -0.0241275 -0.0293038 -0.0340027 -0.0381848 -0.0418534 -0.0450258 -0.0477192 -0.0499916 -0.0519275 -0.0535864 -0.055025 -0.0563157 -0.0574927 -0.0585421 -0.0594477 -0.060231 -0.0608334 -0.06119 -0.0612404 -0.0609092 -0.0601438 -0.0589108 -0.0572485 -0.0551196 -0.0525426 -0.0495721 -0.0462778 -0.0427571 -0.0390724 -0.0353382 -0.0316412 -0.0280723 -0.0246714 -0.0214855 -0.0185761 -0.0159649 -0.013647 -0.0116492 -0.00996016 -0.00852915 -0.00733112 -0.00632523 -0.00552028 -0.00487257 -0.00435792 -0.00394501 -0.00363478 -0.00342338 -0.00328371 -0.00322383 -0.0032717 -0.00342081 -0.00368147 -0.00408457 -0.00464568 -0.00543143 -0.00643173 -0.00767902 -0.00920928 -0.0110311 -0.0131232 -0.0154613 -0.0179686 -0.0205662 -0.0231113 -0.0254489 -0.0273865 -0.0287032 -0.0292179 -0.0287621 -0.0271982 -0.0244681 -0.0206365 -0.0158513 -0.0103408 -0.00438292 0.00165946 0.00744036 0.0126019 0.0168554 0.0200085 0.0219989 0.0228144 0.0225805 0.0214957 0.0198064 0.0177597 0.0156189 0.0135342 0.0116399 0.010021 0.00869713 0.0076444 0.006857 0.00625419 0.00581394 0.00552642 0.00537978 0.00538831 0.00561525 0.00608034 0.0068671 0.00803018 0.00958254 0.0114975 0.0137213 0.0160903 0.0184296 0.0204953 0.0220088 0.0226932 0.0223662 0.0208719 0.018184 0.0143769 0.00962116 0.00416966 -0.00160607 -0.00736012 -0.0127403 -0.0174485 -0.0212354 -0.0239476 -0.0255294 -0.0260265 -0.0255509 -0.0242836 -0.0223879 -0.0200505 -0.0174935 -0.0148867 -0.0123543 -0.00996258 -0.00779398 -0.00590155 -0.00428596 -0.00292002 -0.00180134 -0.000890987 -0.000196218 0.000345999 0.000766757 0.00106843 0.00126776 0.00138413 0.00142678 0.00141186 0.00130528 0.00108626 0.000774854 0.000346862 -0.00021408 -0.000956099 -0.00188219 -0.00303621 -0.00444967 -0.00614199 -0.00811588 -0.0103576 -0.0128596 -0.0156225 -0.018575 -0.0216316 -0.0247522 -0.0278396 -0.0308031 -0.0335102 -0.0358782 -0.0377917 -0.0391575 -0.0399221 -0.0400122 -0.0394182 -0.0381139 -0.0361264 -0.0335002 -0.0302833 -0.0265262 -0.0223146 -0.0177687 -0.0129539 -0.00792153 -0.00277272 0.00239925 0.00755212 0.0126203 0.0175401 0.0222517 0.0267016 0.030793 0.0344754 0.0377552 0.0405758 0.0428838 0.0446353 0.0458313 
0 -0.00663177 -0.013118 -0.0193334 -0.0251818 -0.0305942 -0.0354947 -0.039831 -0.0436005 -0.0468292 -0.0495414 -0.0517834 -0.0536196 -0.0551323 -0.0564037 -0.0575257 -0.0585421 -0.0594401 -0.0602441 -0.060955 -0.0615579 -0.0619747 -0.0621584 -0.0620486 -0.0615541 -0.0606528 -0.0592979 -0.0574938 -0.0552257 -0.0525405 -0.0494945 -0.0461255 -0.0425263 -0.0387852 -0.0350284 -0.031335 -0.0277583 -0.0243588 -0.0212071 -0.0183279 -0.0157482 -0.0134756 -0.0115248 -0.00986761 -0.00845876 -0.00729823 -0.00633623 -0.00556232 -0.00492811 -0.00441968 -0.00404713 -0.00378835 -0.00361769 -0.00353964 -0.00355771 -0.00370412 -0.00398135 -0.00439776 -0.00500644 -0.00582462 -0.00689771 -0.00821866 -0.00981614 -0.0117368 -0.0139667 -0.0164296 -0.0190564 -0.021752 -0.0244214 -0.0268594 -0.0288431 -0.0301969 -0.0307157 -0.0302155 -0.0285793 -0.0257442 -0.0217508 -0.0167674 -0.0110267 -0.00483692 0.00147187 0.00750862 0.0129044 0.0173765 0.0207359 0.0228666 0.0238182 0.0236854 0.0226432 0.0209571 0.0188949 0.0166608 0.0144838 0.0124912 0.0107567 0.00933556 0.00822434 0.00735416 0.00671258 0.00625247 0.00594577 0.00581135 0.00587063 0.0061301 0.00667874 0.00756572 0.00882708 0.0104944 0.0125323 0.0148201 0.0172549 0.0196262 0.0216738 0.0231387 0.0237559 0.0232826 0.0216289 0.0187557 0.0147274 0.0097311 0.00405448 -0.00196736 -0.00794029 -0.0135159 -0.0183805 -0.0223086 -0.0251362 -0.0267853 -0.0273141 -0.0268526 -0.0255306 -0.0235573 -0.0211458 -0.0184717 -0.0157303 -0.0130535 -0.0105518 -0.0082853 -0.00627882 -0.00455891 -0.00312493 -0.00192551 -0.000970468 -0.000222213 0.00034557 0.000779049 0.00110605 0.00131567 0.001422 0.00144222 0.00137251 0.00120626 0.000925009 0.000525021 7.91527e-06 -0.000694098 -0.00158637 -0.00270155 -0.0040563 -0.00568207 -0.0076078 -0.00981557 -0.0122805 -0.014986 -0.0179046 -0.0209671 -0.024086 -0.0271739 -0.0301592 -0.0329049 -0.0353274 -0.0373123 -0.0387611 -0.0395998 -0.0397682 -0.0392739 -0.0380847 -0.036217 -0.0336908 -0.0305861 -0.0269875 -0.0229491 -0.0185684 -0.0139481 -0.00917889 -0.00432863 0.000515357 0.00528102 0.00992241 0.0143854 0.0186024 0.0225525 0.0261992 0.0294891 0.0323986 0.0349315 0.0370834 0.0388009 0.0400888 0.0409476 
