0 0 0 0 0 0 0 0 0 0 0 0 0 0 0 0 0 0 0 0 0 0 0 0 0 0 0 0 0 0 0 0 0 0 0 0 0 0 0 0 0 0 0 0 0 0 0 0 0 0 0 0 0 0 0 0 0 0 0 0 0 0 0 0 0 0 0 0 0 0 0 0 0 0 0 0 0 0 0 0 0 0 0 0 0 0 0 0 0 0 0 0 0 0 0 0 0 0 0 0 0 0 0 0 0 0 0 0 0 0 0 0 0 0 0 0 0 0 0 0 0 0 0 0 0 0 0 0 0 0 0 0 0 0 0 0 0 0 0 0 0 0 0 0 0 0 0 0 0 0 0 0 0 0 0 0 0 0 0 0 0 0 0 0 0 0 0 0 0 0 0 0 0 0 0 0 0 0 0 0 0 0 0 0 0 0 0 0 0 0 0 0 0 0 0 0 0 0 0 0 
0 0.000356123 0.000741485 0.00114874 0.00155448 0.0019435 0.00231644 0.00267995 0.00304284 0.00337502 0.00362079 0.00375506 0.00377737 0.00369252 0.00347865 0.00312379 0.00260487 0.00192209 0.00112397 0.000246999 -0.000678273 -0.00164043 -0.00258746 -0.00348389 -0.00429285 -0.00497125 -0.00550932 -0.00588583 -0.00610185 -0.00614793 -0.00604538 -0.00581984 -0.00549923 -0.00510945 -0.00465422 -0.00415665 -0.00364359 -0.00313723 -0.0026603 -0.00224038 -0.00187017 -0.00154256 -0.00125621 -0.00101793 -0.000827716 -0.000677642 -0.000560716 -0.000465909 -0.000398301 -0.000354705 -0.000333348 -0.000347741 -0.000391831 -0.000447989 -0.000527185 -0.000625878 -0.000754543 -0.000909847 -0.00107351 -0.00125542 -0.00144386 -0.00161698 -0.00175777 -0.00186413 -0.00193689 -0.00194619 -0.00186938 -0.00170817 -0.00145814 -0.00113759 -0.000755894 -0.000335254 9.20407e-05 0.000509641 0.00087762 0.00117632 0.0014042 0.00153093 0.00155646 0.00150548 0.00138523 0.00122714 0.00105698 0.000888742 0.000734719 0.000603027 0.00048901 0.000391415 0.000311206 0.00025639 0.000222063 0.000203621 0.000191218 0.000179629 0.000167685 0.000162881 0.000161919 0.00016129 0.00015963 0.000161023 0.000165932 0.00018098 0.00019917 0.000212205 0.0002173 0.000219554 0.000220071 0.000225534 0.000232706 0.000238252 0.000242225 0.000252161 0.00026996 0.000302189 0.000352404 0.000435003 0.000554266 0.000712442 0.00090457 0.0011027 0.00128364 0.00144154 0.0015343 0.00154601 0.00147268 0.00129251 0.00102586 0.000695512 0.000303587 -0.000114974 -0.000531526 -0.000912924 -0.00123015 -0.00148225 -0.00164947 -0.00173604 -0.00175491 -0.00170166 -0.0015871 -0.00143178 -0.00125519 -0.00107431 -0.000895123 -0.000734782 -0.000587988 -0.000455884 -0.000346696 -0.000254872 -0.000192761 -0.000157611 -0.000144551 -0.000155965 -0.000183966 -0.000229146 -0.000314401 -0.000437618 -0.00059356 -0.000780681 -0.00100224 -0.00126779 -0.00158579 -0.00196036 -0.00238421 -0.00284844 -0.00333126 -0.00381712 -0.00429551 -0.00475051 -0.00513635 -0.00543762 -0.00563375 -0.0057043 -0.00564318 -0.0054269 -0.0050451 -0.00447734 -0.00375717 -0.00292211 -0.00201513 -0.00106658 -8.32045e-05 0.000890974 0.00181184 0.00263009 0.00331894 0.0038644 0.00427129 0.00454906 0.00468645 0.00469367 0.00460373 0.00443895 0.00421528 0.00395911 0.0036961 0.00343994 0.00320584 0.0030145 0.00285916 0.00274383 
0 0.000741485 0.00151569 0.00230986 0.0031023 0.00388334 0.00464265 0.00536819 0.00605998 0.00667397 0.00713579 0.00739736 0.00745033 0.00726526 0.00681168 0.00608433 0.0050561 0.00373644 0.0021697 0.00044572 -0.00139677 -0.00328916 -0.00513832 -0.00689597 -0.0084786 -0.00983973 -0.010897 -0.0116453 -0.0120626 -0.0121572 -0.011981 -0.0115475 -0.0109314 -0.0101495 -0.00924884 -0.00827497 -0.00728215 -0.00630245 -0.00536667 -0.00451883 -0.00377736 -0.00311714 -0.0025582 -0.00209218 -0.00169895 -0.00139352 -0.00113048 -0.000944105 -0.000808212 -0.000731097 -0.000696353 -0.000714972 -0.000786665 -0.000898619 -0.001062 -0.00127611 -0.00152473 -0.00181799 -0.00215172 -0.0024948 -0.00285935 -0.0031973 -0.0035095 -0.00374692 -0.00387957 -0.00387409 -0.00373071 -0.00339579 -0.00290092 -0.00226413 -0.00150166 -0.000653987 0.00020427 0.00102553 0.00175115 0.00235622 0.00279638 0.00304088 0.00311364 0.00300741 0.00277904 0.00248389 0.00213837 0.00178156 0.00146938 0.00118314 0.000958708 0.000777583 0.000639001 0.000535223 0.000472124 0.000418565 0.000383072 0.000341685 0.000324369 0.000314718 0.000324569 0.000330797 0.000337374 0.000330748 0.00034637 0.00036188 0.000390994 0.000408949 0.000423539 0.000427458 0.000449658 0.000467398 0.000490701 0.000488561 0.000487238 0.000486893 0.000517612 0.000589569 0.000716895 0.000885285 0.00114143 0.0014516 0.00181174 0.00220112 0.0025682 0.0028646 0.00306589 0.00309765 0.00294073 0.00259101 0.00206724 0.00139764 0.000611095 -0.000222741 -0.00104965 -0.0018122 -0.00245776 -0.0029528 -0.00330832 -0.00347886 -0.00348248 -0.00335545 -0.00314696 -0.0028525 -0.00251751 -0.00214658 -0.00180567 -0.00148339 -0.00117397 -0.000908982 -0.000697561 -0.000526679 -0.000404723 -0.000318856 -0.000287253 -0.000316354 -0.000380585 -0.00050267 -0.000671063 -0.000923619 -0.00121918 -0.00158998 -0.00204467 -0.00258353 -0.00322411 -0.00395717 -0.0047797 -0.00569317 -0.00665091 -0.00761684 -0.00856443 -0.00943568 -0.0101903 -0.010768 -0.0111667 -0.011305 -0.0111624 -0.0107138 -0.00992871 -0.00882525 -0.0074176 -0.00578971 -0.00399448 -0.00210918 -0.000179017 0.00172363 0.00351101 0.00512376 0.00649648 0.00759051 0.00840355 0.00895873 0.00924822 0.00929462 0.00914576 0.00884325 0.0084159 0.00792577 0.00742492 0.00692498 0.00646511 0.00607567 0.00576926 0.0055431 
0 0.00114874 0.00230986 0.00346712 0.00462479 0.00579128 0.00694102 0.00801573 0.00899461 0.00983598 0.0104659 0.0108405 0.0109057 0.010606 0.00988282 0.00876489 0.0072478 0.00532278 0.00306076 0.000531025 -0.00215929 -0.00492541 -0.00761548 -0.010159 -0.0124814 -0.0144611 -0.0160341 -0.017132 -0.017769 -0.017946 -0.0177197 -0.0171322 -0.0162367 -0.0151051 -0.0137849 -0.0123683 -0.0109295 -0.00950339 -0.00812473 -0.00686765 -0.00574273 -0.00475823 -0.00391513 -0.00320987 -0.00262096 -0.0021302 -0.00173835 -0.00143996 -0.00124557 -0.00113021 -0.00107048 -0.00109524 -0.00120103 -0.00135798 -0.00159989 -0.00191091 -0.00229994 -0.00274793 -0.00321353 -0.0037312 -0.00428475 -0.00481533 -0.00526484 -0.00560353 -0.00581496 -0.0058216 -0.00557464 -0.00508322 -0.0043416 -0.00339298 -0.00225874 -0.00100035 0.00028581 0.00153539 0.00263181 0.00351546 0.00417826 0.0045501 0.00463896 0.00450687 0.0041753 0.0037206 0.00320904 0.00268602 0.00220042 0.00178674 0.00144461 0.00116936 0.000956268 0.000811565 0.000713836 0.000645229 0.000584147 0.000525543 0.000479213 0.000467589 0.000481459 0.000501692 0.000513704 0.000519595 0.000523068 0.000544664 0.00057695 0.00060625 0.000629178 0.000655067 0.000681501 0.000712446 0.000732808 0.000732795 0.000721803 0.000732085 0.000783513 0.000896506 0.00107733 0.0013507 0.00172044 0.00218598 0.00273607 0.00330474 0.00383459 0.00430127 0.00458849 0.00463459 0.00441461 0.00387286 0.00306789 0.00207029 0.00090301 -0.000337153 -0.00157188 -0.00271286 -0.00367708 -0.00444492 -0.00495242 -0.0051995 -0.00522631 -0.0050455 -0.00470535 -0.00426357 -0.00376519 -0.00324218 -0.00270975 -0.00221605 -0.00176422 -0.00137226 -0.00106177 -0.000806097 -0.00062217 -0.000500625 -0.000447028 -0.000486818 -0.000604456 -0.000787384 -0.00106769 -0.00143373 -0.0018859 -0.00244736 -0.00313777 -0.00396567 -0.00492588 -0.00601625 -0.0072307 -0.00856942 -0.00997937 -0.0113988 -0.0127707 -0.0140394 -0.0151053 -0.0159444 -0.0164992 -0.0166785 -0.0164344 -0.0157197 -0.014554 -0.0129251 -0.0109004 -0.00852983 -0.00590208 -0.00313283 -0.000303629 0.00245008 0.0050457 0.00739823 0.00943405 0.0110727 0.0122951 0.0131357 0.0135954 0.013709 0.013542 0.0131378 0.0125478 0.0118631 0.0111556 0.0104484 0.00977887 0.00921703 0.00877139 0.00845409 
0 0.00155448 0.0031023 0.00462479 0.00614056 0.00767259 0.009175 0.0105606 0.0117868 0.0128086 0.0135617 0.0139859 0.0140237 0.0135739 0.0125808 0.0110797 0.00907766 0.00659491 0.00368136 0.000458593 -0.00299309 -0.00653322 -0.00998584 -0.0132566 -0.0162103 -0.0187561 -0.0207657 -0.0222243 -0.0231002 -0.0233938 -0.023169 -0.0224471 -0.0213462 -0.0199189 -0.0182557 -0.0164489 -0.0145938 -0.0127457 -0.0109565 -0.00930268 -0.00782292 -0.00649475 -0.00535575 -0.00439791 -0.00358989 -0.00294782 -0.00240906 -0.00201576 -0.00172896 -0.00155277 -0.00146425 -0.00148501 -0.00161369 -0.00182677 -0.0021408 -0.00255641 -0.00305384 -0.00364243 -0.00430581 -0.00499547 -0.00571762 -0.00639251 -0.00700234 -0.00746612 -0.00772821 -0.00772253 -0.00743232 -0.00677584 -0.00579578 -0.00452955 -0.00301535 -0.00133746 0.000366621 0.00200146 0.00345319 0.00466092 0.00554383 0.00604065 0.00618338 0.00598004 0.0055313 0.00494272 0.00426281 0.00356701 0.00294827 0.00238952 0.00193969 0.00157252 0.00128614 0.00107328 0.000940566 0.000838828 0.000771177 0.000700111 0.000663801 0.000642834 0.0006522 0.000656894 0.000663004 0.000655794 0.000685772 0.000725118 0.000785371 0.000824182 0.000849984 0.000856052 0.000887152 0.000917825 0.000958707 0.000964408 0.000971523 0.000985767 0.00105505 0.00120159 0.00145057 0.00179188 0.00229598 0.00291744 0.00364036 0.00441362 0.00513836 0.00572215 0.00609939 0.00614577 0.00582243 0.00511782 0.00406961 0.00273546 0.0011752 -0.000480066 -0.00211844 -0.00362673 -0.00490391 -0.00588988 -0.00658671 -0.00692827 -0.00694692 -0.00670396 -0.00628306 -0.00569635 -0.00502165 -0.00428682 -0.00360007 -0.00295719 -0.00235153 -0.00183021 -0.00141245 -0.00108248 -0.000851969 -0.000700375 -0.000651984 -0.000718882 -0.000865687 -0.0011232 -0.00148278 -0.00199739 -0.00261527 -0.00338686 -0.00432735 -0.00543394 -0.00672384 -0.00817576 -0.00977788 -0.0115216 -0.0133264 -0.0151282 -0.0168776 -0.0184761 -0.0198391 -0.020865 -0.0215277 -0.0216903 -0.0213099 -0.0203552 -0.0188088 -0.0167157 -0.0141015 -0.0110699 -0.00769914 -0.00413635 -0.000507264 0.00303448 0.00635456 0.00938211 0.0120202 0.0141796 0.0158234 0.0169747 0.0176347 0.0178525 0.0177107 0.0172714 0.0165864 0.0157652 0.014899 0.014015 0.0131836 0.0124742 0.0119193 0.011522 
0 0.0019435 0.00388334 0.00579128 0.00767259 0.00953139 0.0113211 0.0129521 0.0143787 0.0155417 0.0163509 0.0167512 0.0166756 0.0160442 0.0147812 0.0129178 0.010469 0.00745773 0.0039916 0.000167491 -0.0039008 -0.00809867 -0.0122117 -0.0160955 -0.0196136 -0.0226206 -0.0250496 -0.0268394 -0.0279766 -0.0284237 -0.0282241 -0.0274393 -0.0261733 -0.0245312 -0.0225864 -0.0204531 -0.0182408 -0.0160225 -0.0138637 -0.0118608 -0.0100291 -0.00837849 -0.00693045 -0.00570118 -0.00467643 -0.00383645 -0.00316251 -0.00264054 -0.00226894 -0.00202647 -0.00189802 -0.00191926 -0.00208011 -0.00233345 -0.00271108 -0.00320556 -0.00383148 -0.00456936 -0.00536708 -0.00623537 -0.00714165 -0.0079992 -0.00873286 -0.00929078 -0.00962971 -0.00964165 -0.00925186 -0.00844517 -0.00722153 -0.00564379 -0.00376441 -0.00169058 0.000428707 0.00247685 0.0042934 0.00577901 0.00688557 0.0075165 0.00768129 0.00745792 0.00691314 0.00616853 0.00533024 0.0044787 0.00369243 0.00301281 0.00244533 0.00198034 0.00161613 0.00135886 0.0011882 0.00107359 0.000982169 0.00089748 0.000832418 0.000806684 0.000813476 0.000828479 0.000837424 0.000844326 0.000863498 0.000911013 0.000973944 0.00102577 0.00105917 0.0010854 0.00111598 0.00115546 0.00118974 0.00120272 0.00120718 0.00124083 0.00133839 0.0015288 0.00183162 0.00228074 0.00289664 0.00367425 0.00458646 0.00553329 0.00641271 0.00715111 0.0075956 0.00764329 0.0072491 0.00635511 0.00503224 0.00337378 0.00144221 -0.000613247 -0.00265168 -0.00452683 -0.00611045 -0.00735695 -0.00819391 -0.00861254 -0.00866231 -0.0083772 -0.00782803 -0.00709241 -0.00625014 -0.00536705 -0.00449686 -0.00369476 -0.00296177 -0.00231981 -0.00179952 -0.00138416 -0.00110071 -0.000935385 -0.000890354 -0.000982838 -0.00119091 -0.00151485 -0.00200105 -0.00265329 -0.0034646 -0.00445481 -0.00564027 -0.00703157 -0.00863005 -0.0104279 -0.0123954 -0.0145004 -0.0166544 -0.0187859 -0.0208388 -0.0227291 -0.0243044 -0.0254787 -0.0261647 -0.0262569 -0.0257148 -0.0244971 -0.0226182 -0.0200741 -0.0169493 -0.0133293 -0.00933578 -0.00511872 -0.000805397 0.00340661 0.00737536 0.0109881 0.0141614 0.0168021 0.0188694 0.0203668 0.0212758 0.0216512 0.021602 0.0212024 0.0205098 0.0196295 0.0186605 0.0176601 0.0167074 0.0158979 0.0152503 0.0147854 
0 0.00231644 0.00464265 0.00694102 0.009175 0.0113211 0.0133303 0.01514 0.0167064 0.0179481 0.0187534 0.0190507 0.0188033 0.0179405 0.0164033 0.014203 0.0113507 0.00789795 0.00395056 -0.00035722 -0.00493543 -0.00964139 -0.0142622 -0.0186376 -0.0226007 -0.026029 -0.0288121 -0.0309145 -0.0322897 -0.0329055 -0.032802 -0.0320223 -0.0306904 -0.0288974 -0.0267498 -0.0243705 -0.0218804 -0.0193597 -0.0168802 -0.0145344 -0.012371 -0.0103959 -0.00865649 -0.00716307 -0.00589474 -0.00485424 -0.00399943 -0.00335004 -0.00287659 -0.0025659 -0.00239755 -0.00239462 -0.00255382 -0.00284841 -0.00329384 -0.00389012 -0.00462333 -0.00548637 -0.00644806 -0.00746965 -0.00853348 -0.00954838 -0.0104487 -0.0111344 -0.0115216 -0.0115139 -0.0110597 -0.0100916 -0.00863939 -0.00675851 -0.00451463 -0.00203566 0.000494605 0.0029237 0.00508657 0.00687362 0.00818502 0.00894138 0.0091659 0.00890513 0.00827559 0.00741249 0.00641182 0.00538317 0.00444097 0.00361062 0.00293336 0.00239012 0.0019707 0.00166395 0.00145867 0.00130363 0.00118344 0.00107232 0.00100137 0.000969828 0.000981964 0.000999344 0.00101371 0.00101634 0.00104541 0.00109392 0.0011635 0.00121751 0.00125832 0.00128681 0.00133521 0.00138713 0.00143551 0.00144515 0.00144972 0.00148087 0.00159851 0.00184022 0.00223259 0.00278126 0.00353594 0.00446282 0.00552772 0.00664738 0.00769474 0.00854454 0.00906868 0.00911759 0.00862291 0.00755967 0.00598523 0.00399226 0.00168213 -0.000768438 -0.00319076 -0.00542079 -0.00731521 -0.00878928 -0.00980389 -0.010305 -0.0103369 -0.0099813 -0.00934419 -0.00848389 -0.00749051 -0.0064278 -0.00540432 -0.00444718 -0.00356367 -0.00280085 -0.00218779 -0.00171574 -0.00139314 -0.00120384 -0.00116792 -0.00130113 -0.00157704 -0.00201339 -0.00262056 -0.00343532 -0.00442991 -0.00564536 -0.00709757 -0.00878107 -0.0106955 -0.0128097 -0.0150936 -0.0175102 -0.0199605 -0.0223643 -0.0246564 -0.0267245 -0.028434 -0.0296575 -0.0303233 -0.0303062 -0.0295691 -0.0280938 -0.0258784 -0.0229585 -0.0193891 -0.0152925 -0.0107916 -0.00604758 -0.00120378 0.00355448 0.00805267 0.0121756 0.0158177 0.0188934 0.0213636 0.0232181 0.0244285 0.0250394 0.0251625 0.0248841 0.0242644 0.0234087 0.0224227 0.0213766 0.0203708 0.0194982 0.0187927 0.0182788 
0 0.00267995 0.00536819 0.00801573 0.0105606 0.0129521 0.01514 0.017071 0.0187004 0.0199408 0.0206724 0.0208242 0.0203596 0.0192314 0.0173988 0.014879 0.0116919 0.00788324 0.00356399 -0.00113533 -0.00609154 -0.0111526 -0.0161166 -0.0208306 -0.0251467 -0.0289165 -0.0320205 -0.0343914 -0.0359938 -0.0368045 -0.0368506 -0.0361695 -0.0348522 -0.033 -0.0307316 -0.0281885 -0.0254952 -0.0227323 -0.0199746 -0.0173242 -0.0148421 -0.0125636 -0.0105326 -0.00876626 -0.00725187 -0.00598412 -0.0049483 -0.00414946 -0.00356816 -0.00317557 -0.00295175 -0.00291697 -0.00307104 -0.00339026 -0.00389121 -0.0045726 -0.00542416 -0.00642102 -0.00752403 -0.00871076 -0.00994487 -0.011127 -0.01216 -0.0129458 -0.0133912 -0.0133834 -0.0128441 -0.011728 -0.0100511 -0.00787553 -0.00528357 -0.00242185 0.0005136 0.00333622 0.00585491 0.00792921 0.00945506 0.0103452 0.0106127 0.010331 0.00961869 0.00862231 0.00747324 0.00629478 0.00520116 0.00424552 0.00345415 0.00281541 0.00232107 0.00196218 0.00171713 0.00154051 0.00139932 0.00127429 0.00118558 0.00114521 0.00115006 0.00116861 0.0011835 0.0011933 0.00122275 0.00127894 0.00135386 0.00141825 0.00146558 0.00150327 0.00155214 0.00160726 0.0016544 0.00167316 0.00168739 0.00174171 0.00189379 0.00218477 0.00264441 0.00329646 0.00417128 0.00525069 0.00648758 0.00777387 0.00897245 0.00994347 0.0105221 0.0105564 0.00996453 0.00871323 0.00687192 0.00455363 0.00188524 -0.000945201 -0.00374214 -0.0063172 -0.00850965 -0.0102231 -0.0113872 -0.0119694 -0.0120173 -0.0116134 -0.0108648 -0.00986582 -0.00871581 -0.00749783 -0.00630375 -0.00518671 -0.00417182 -0.0033012 -0.00260551 -0.00207749 -0.00172175 -0.00152581 -0.00150602 -0.00168201 -0.00204116 -0.00258853 -0.00334375 -0.00432318 -0.00552297 -0.00697586 -0.00869953 -0.0106835 -0.0129005 -0.0153092 -0.0178705 -0.0205437 -0.0232345 -0.025848 -0.0282931 -0.0304495 -0.0321773 -0.03337 -0.0339412 -0.0337774 -0.0328279 -0.0310806 -0.0285621 -0.0253127 -0.0214032 -0.0169383 -0.0120543 -0.00691712 -0.00168173 0.00347035 0.00838172 0.0129254 0.0169828 0.0204505 0.0232882 0.025491 0.0270383 0.0279591 0.0283377 0.0282528 0.0277795 0.0270337 0.0261249 0.0251283 0.0241411 0.0232646 0.0225481 0.0220298 
0 0.00304284 0.00605998 0.00899461 0.0117868 0.0143787 0.0167064 0.0187004 0.020305 0.021447 0.0220308 0.0219917 0.0212811 0.019866 0.0177346 0.0149221 0.0114615 0.00738793 0.00280629 -0.00215679 -0.00734798 -0.012613 -0.0177774 -0.0226999 -0.0272511 -0.0312652 -0.0346224 -0.0372308 -0.0390577 -0.0400812 -0.0403109 -0.0397869 -0.0385721 -0.0367698 -0.0344907 -0.0318748 -0.0290466 -0.0261002 -0.0231268 -0.0202312 -0.0174762 -0.0149143 -0.0125898 -0.0105396 -0.00877288 -0.00727741 -0.00605416 -0.00508599 -0.00436609 -0.00386388 -0.00357021 -0.0034983 -0.00364317 -0.00398259 -0.00452617 -0.00527448 -0.00622667 -0.00735338 -0.00860699 -0.00996104 -0.0113509 -0.0126821 -0.0138392 -0.0147228 -0.0152241 -0.0152206 -0.0146072 -0.0133487 -0.0114472 -0.00897455 -0.00603716 -0.0028034 0.000517156 0.00371149 0.00657565 0.00894107 0.0106875 0.0117203 0.0120375 0.0117349 0.0109407 0.0098179 0.00852812 0.00720928 0.00597318 0.00489626 0.00399148 0.00325735 0.00268453 0.00226724 0.00197646 0.00177532 0.00161611 0.001485 0.00138577 0.00133699 0.00132695 0.00133565 0.00134233 0.00135746 0.00139359 0.00146608 0.00155232 0.00162761 0.00167581 0.00171375 0.00175579 0.0018119 0.00186133 0.00189695 0.00193032 0.00201455 0.00220387 0.00254634 0.00307377 0.00382809 0.00482356 0.00605575 0.00746253 0.00891545 0.0102595 0.0113345 0.0119475 0.0119506 0.0112518 0.00982043 0.00772766 0.00509414 0.00207052 -0.00113862 -0.00430673 -0.00721687 -0.00969127 -0.011625 -0.012931 -0.0135949 -0.0136612 -0.0132177 -0.012371 -0.0112388 -0.0099258 -0.00854779 -0.00719326 -0.00593447 -0.00480196 -0.00382901 -0.00304898 -0.00246642 -0.0020856 -0.00190378 -0.0019274 -0.00216669 -0.00261759 -0.00327995 -0.00419258 -0.00535976 -0.00679299 -0.00849977 -0.010489 -0.0127483 -0.0152379 -0.0179117 -0.0207167 -0.023592 -0.026445 -0.029174 -0.0316757 -0.0338297 -0.0354908 -0.0365678 -0.0369659 -0.0366031 -0.0354265 -0.0334276 -0.0306464 -0.0271257 -0.022957 -0.0182367 -0.0131073 -0.00772375 -0.00224352 0.00316316 0.0083587 0.0132151 0.017609 0.0214219 0.0246041 0.0271532 0.0290658 0.030358 0.0310754 0.0312746 0.0310423 0.0305044 0.0297711 0.0289171 0.0280271 0.0272077 0.0265277 0.0260406 
0 0.00337502 0.00667397 0.00983598 0.0128086 0.0155417 0.0179481 0.0199408 0.021447 0.0224111 0.0227811 0.0224951 0.0215177 0.0198152 0.017414 0.0143499 0.0106638 0.00641306 0.00167893 -0.00338948 -0.00866943 -0.0139996 -0.0192448 -0.0242658 -0.0289186 -0.0330806 -0.036609 -0.0394344 -0.0414814 -0.0427256 -0.0431667 -0.0428382 -0.0418112 -0.040154 -0.03797 -0.0353745 -0.0324911 -0.0294344 -0.0263191 -0.0232331 -0.0202603 -0.0174406 -0.0148429 -0.0125155 -0.0104823 -0.00875582 -0.00731309 -0.00616145 -0.00527756 -0.00465062 -0.00427905 -0.00415684 -0.00427494 -0.0046311 -0.00520857 -0.00602471 -0.00705873 -0.00829251 -0.00969787 -0.0111985 -0.0127333 -0.0142031 -0.0154987 -0.0164892 -0.017034 -0.0170177 -0.0163453 -0.0149342 -0.0128175 -0.010059 -0.00678588 -0.00318419 0.000514306 0.00406516 0.00725847 0.00991324 0.0118612 0.0130311 0.0134254 0.0131107 0.0122559 0.0110349 0.00960445 0.00813288 0.00675696 0.00553893 0.00452355 0.00370646 0.00307111 0.00260095 0.00227308 0.00203191 0.00184566 0.00169119 0.00158164 0.00152088 0.00150728 0.00151275 0.00152372 0.00153795 0.00158183 0.00165214 0.00174076 0.00181707 0.00187388 0.00191676 0.00196995 0.00203036 0.00208841 0.00212586 0.00217487 0.0022794 0.00250604 0.00291187 0.00353557 0.00439595 0.00553061 0.00691002 0.00845709 0.0100585 0.0115377 0.0126873 0.0133398 0.0133145 0.0124971 0.0108912 0.00855124 0.00560059 0.00222649 -0.00134846 -0.00487081 -0.00810554 -0.0108633 -0.0129954 -0.0144536 -0.0151973 -0.0152636 -0.0147688 -0.013839 -0.0125855 -0.0111306 -0.00959141 -0.00810063 -0.0067083 -0.00545541 -0.00438769 -0.00352838 -0.00290383 -0.00250604 -0.00234236 -0.00242538 -0.0027493 -0.00330807 -0.00412122 -0.00520173 -0.00658632 -0.00825989 -0.0102241 -0.01247 -0.0149713 -0.0176987 -0.0205908 -0.0235903 -0.0266094 -0.0295469 -0.0322988 -0.0347652 -0.0368179 -0.0383431 -0.0392202 -0.039383 -0.0387694 -0.0373475 -0.0351295 -0.0321232 -0.0284036 -0.0240425 -0.0191789 -0.0139412 -0.00846025 -0.00288226 0.00266035 0.00801492 0.0130693 0.0176965 0.0217973 0.0253123 0.0282175 0.0305142 0.0322085 0.0333254 0.0339046 0.0340241 0.0337966 0.0333278 0.0326978 0.0319928 0.0313048 0.0307205 0.030298 
0 0.00362079 0.00713579 0.0104659 0.0135617 0.0163509 0.0187534 0.0206724 0.0220308 0.0227811 0.0228859 0.0223251 0.0210598 0.0191026 0.0164716 0.0132016 0.00935431 0.00499438 0.000241605 -0.00481694 -0.0100411 -0.0153209 -0.0205313 -0.0255187 -0.0301809 -0.0343744 -0.0380252 -0.0410064 -0.0432568 -0.0447338 -0.0454135 -0.045353 -0.0445692 -0.0431397 -0.041131 -0.0386497 -0.0358096 -0.0327283 -0.0295241 -0.026301 -0.0231302 -0.0201049 -0.0172672 -0.0146811 -0.0123952 -0.0103978 -0.00873305 -0.00736915 -0.00632433 -0.00556415 -0.00508956 -0.00489292 -0.0049708 -0.00531618 -0.00592752 -0.00679974 -0.00793126 -0.0092741 -0.0107778 -0.0124262 -0.0141154 -0.0157435 -0.0171524 -0.0182278 -0.0188261 -0.0188092 -0.018033 -0.0164938 -0.0141725 -0.011145 -0.00755804 -0.00361092 0.000464582 0.00438496 0.00791077 0.0108209 0.0129775 0.0142924 0.0147441 0.0144563 0.0135587 0.0122264 0.0106751 0.00907248 0.00753789 0.00620379 0.00507369 0.00416438 0.00346276 0.00295117 0.00257428 0.00230868 0.00208706 0.00191231 0.0017757 0.0017083 0.00168334 0.00169795 0.0017102 0.00173762 0.00177109 0.00183995 0.00191587 0.00199979 0.00206097 0.00212616 0.00218443 0.00225305 0.00230249 0.00235498 0.00241114 0.00255029 0.00282837 0.00330281 0.00400823 0.00500352 0.00625804 0.00777991 0.00948129 0.0112057 0.0127849 0.0140276 0.0146928 0.0146264 0.0137062 0.0119025 0.00929425 0.00603236 0.00233133 -0.00158455 -0.00544376 -0.00898644 -0.0120099 -0.0143761 -0.015956 -0.0167686 -0.0168564 -0.0163232 -0.0152827 -0.013906 -0.0123184 -0.0106687 -0.0090197 -0.00748149 -0.0061204 -0.00496681 -0.00405478 -0.00339985 -0.00300026 -0.00287064 -0.00300963 -0.00342011 -0.00412126 -0.00509737 -0.00639368 -0.00798398 -0.00990265 -0.0121127 -0.0146015 -0.0173445 -0.0202738 -0.0233404 -0.0264668 -0.0295534 -0.0325054 -0.0352059 -0.037539 -0.0394051 -0.0406812 -0.0413046 -0.041177 -0.0402944 -0.0386278 -0.0361877 -0.0330196 -0.0291526 -0.0247131 -0.0198026 -0.0145717 -0.00911719 -0.00355088 0.00199902 0.00741473 0.0125517 0.017322 0.0216452 0.0254636 0.0287247 0.0314037 0.0335074 0.035054 0.036085 0.0366573 0.0368399 0.0367206 0.0364005 0.035968 0.0355047 0.0350839 0.0347727 
0 0.00375506 0.00739736 0.0108405 0.0139859 0.0167512 0.0190507 0.0208242 0.0219917 0.0224951 0.0223251 0.0214642 0.0199329 0.0177374 0.0149231 0.0115085 0.0075689 0.00321943 -0.00147089 -0.00639562 -0.011479 -0.0165865 -0.021635 -0.0264946 -0.031049 -0.0352245 -0.0388954 -0.041983 -0.0443917 -0.0460981 -0.0470655 -0.0473044 -0.0468317 -0.0456812 -0.0439281 -0.0416555 -0.0389545 -0.0359321 -0.0327182 -0.0293946 -0.0260931 -0.022888 -0.0198531 -0.0170381 -0.0144918 -0.0122535 -0.0103369 -0.00876621 -0.00752867 -0.0066125 -0.00601987 -0.00572531 -0.00572785 -0.00606401 -0.00669012 -0.00761957 -0.0088129 -0.0102488 -0.0119043 -0.0136814 -0.0154929 -0.0172398 -0.0187828 -0.0199539 -0.0205741 -0.0205292 -0.0197107 -0.0180268 -0.0155118 -0.0122248 -0.00832791 -0.00403697 0.000383821 0.00463731 0.00847925 0.0116854 0.0140458 0.0155044 0.0160497 0.0157528 0.0148045 0.0134018 0.0117299 0.00999632 0.00835194 0.00688216 0.00564534 0.00465297 0.00387695 0.00329633 0.00287664 0.00256275 0.00232427 0.00213948 0.00200515 0.00192271 0.00188409 0.00187284 0.00187738 0.00189808 0.0019498 0.00202627 0.00211693 0.00219849 0.00226192 0.00231551 0.00237208 0.00243761 0.00250636 0.00257127 0.00266899 0.00284722 0.00317001 0.00371301 0.00451874 0.00560773 0.00700469 0.00867029 0.0104971 0.0123636 0.0140626 0.0153422 0.0160143 0.0158857 0.0148165 0.0128341 0.00998937 0.00643042 0.00239734 -0.0018547 -0.00603275 -0.00986876 -0.0131528 -0.0156888 -0.0174253 -0.0183231 -0.0184096 -0.0178249 -0.0167188 -0.0152365 -0.0135178 -0.0117031 -0.00993305 -0.00827537 -0.00680352 -0.00557679 -0.00461522 -0.00396116 -0.00357957 -0.00349315 -0.00371332 -0.00423506 -0.00507747 -0.00625369 -0.00774748 -0.00957652 -0.0117237 -0.0141724 -0.0168968 -0.019844 -0.0229531 -0.0261332 -0.0293169 -0.032391 -0.0352689 -0.0378314 -0.0399555 -0.0415291 -0.042497 -0.0427848 -0.0423554 -0.0411956 -0.0392816 -0.0366523 -0.0333325 -0.0294229 -0.0249882 -0.020153 -0.0150149 -0.00966474 -0.00422511 0.00123006 0.00657434 0.0117125 0.0165463 0.0210318 0.0251052 0.028688 0.031751 0.0342773 0.0362867 0.037817 0.0389104 0.0395896 0.0399138 0.0399912 0.0399176 0.0397518 0.0395623 0.0394087 
0 0.00377737 0.00745033 0.0109057 0.0140237 0.0166756 0.0188033 0.0203596 0.0212811 0.0215177 0.0210598 0.0199329 0.0181448 0.0157507 0.0127896 0.00930165 0.00538271 0.00112596 -0.0033854 -0.00811359 -0.0129407 -0.017779 -0.0225684 -0.0271971 -0.0315926 -0.0356451 -0.0392921 -0.0424167 -0.0449643 -0.0468966 -0.0481417 -0.0487078 -0.0485642 -0.0477537 -0.04632 -0.0443237 -0.0418375 -0.0389623 -0.0358194 -0.0325068 -0.0291278 -0.0258085 -0.022598 -0.0195693 -0.0168002 -0.014308 -0.012161 -0.0103468 -0.00889705 -0.0077979 -0.00706467 -0.00667368 -0.0066204 -0.00691303 -0.00753343 -0.00847809 -0.00974089 -0.0112712 -0.0130152 -0.0149287 -0.016878 -0.0187481 -0.0203717 -0.0216098 -0.0222858 -0.022249 -0.0213331 -0.0195255 -0.0168095 -0.0132653 -0.00908266 -0.00448598 0.000273581 0.00486576 0.00902146 0.0124776 0.0150562 0.0166705 0.0172871 0.0170293 0.0160506 0.0145528 0.0127881 0.0109527 0.00917462 0.007601 0.00624885 0.00514937 0.00429484 0.00366324 0.00319157 0.00285894 0.00259478 0.00239276 0.0022336 0.00213693 0.00207526 0.00206448 0.00206531 0.00209551 0.00214051 0.0022159 0.00229501 0.00238683 0.00245416 0.00252396 0.00257988 0.00264253 0.0027001 0.00279055 0.00291618 0.00315321 0.00355022 0.00416852 0.00505382 0.00627095 0.00778197 0.00958372 0.0115619 0.0135373 0.01531 0.0166467 0.017292 0.0170854 0.0158969 0.0137162 0.0106192 0.00677329 0.00244181 -0.00212652 -0.00662156 -0.0107428 -0.0142634 -0.0170048 -0.0188371 -0.0197946 -0.0199188 -0.0193234 -0.018128 -0.0165258 -0.0146797 -0.0127654 -0.0108587 -0.00908819 -0.00754496 -0.00626079 -0.00526425 -0.00458614 -0.00422665 -0.00421479 -0.00454234 -0.00520004 -0.00622017 -0.00758597 -0.00931513 -0.0113662 -0.0137603 -0.0164334 -0.0193464 -0.0224513 -0.0256563 -0.0288959 -0.0320718 -0.0350611 -0.0377816 -0.0401164 -0.041945 -0.0431884 -0.0437873 -0.0437262 -0.0429501 -0.0414986 -0.0393503 -0.0365395 -0.0331441 -0.02923 -0.0249075 -0.0202233 -0.0152661 -0.0101097 -0.00487167 0.000365127 0.0055523 0.0105959 0.0154419 0.0200319 0.0242941 0.0281545 0.031582 0.0345612 0.0370664 0.0391275 0.0407762 0.0420131 0.0428712 0.043439 0.043796 0.0439863 0.044078 0.0441251 
0 0.00369252 0.00726526 0.010606 0.0135739 0.0160442 0.0179405 0.0192314 0.019866 0.0198152 0.0191026 0.0177374 0.0157507 0.0131958 0.0101593 0.00668956 0.00287112 -0.00119759 -0.00547918 -0.00990966 -0.0144119 -0.0189013 -0.0233632 -0.0277077 -0.0318434 -0.035716 -0.0392539 -0.0423885 -0.0450401 -0.0471642 -0.0486761 -0.0495572 -0.0497824 -0.049357 -0.0483004 -0.0466424 -0.0444384 -0.0417855 -0.0388079 -0.0355679 -0.0321946 -0.0287968 -0.0254594 -0.0222591 -0.0192804 -0.0165749 -0.0141827 -0.0121314 -0.0104466 -0.00914633 -0.00825437 -0.00773877 -0.00758967 -0.00784305 -0.0084488 -0.00941384 -0.0107109 -0.0123123 -0.0141737 -0.0161884 -0.0182346 -0.0202082 -0.0219491 -0.023268 -0.0239624 -0.0238973 -0.022935 -0.0209958 -0.0180981 -0.0143141 -0.0098435 -0.00492918 0.000143087 0.00504178 0.0094835 0.0132029 0.0159767 0.0177408 0.0184692 0.0182473 0.0172596 0.0157226 0.0138595 0.0119 0.010004 0.00829399 0.00683712 0.00566509 0.00474806 0.00405786 0.0035403 0.00315061 0.00285396 0.00263187 0.00246575 0.00235644 0.00228684 0.00225817 0.00225527 0.00228087 0.00233128 0.00240152 0.00248025 0.00256155 0.00263175 0.00270284 0.00276765 0.00283887 0.00291759 0.00301951 0.00318071 0.00345868 0.00390958 0.00461646 0.00562416 0.00696116 0.0086195 0.0105508 0.0126254 0.0146969 0.0165395 0.0178852 0.0185099 0.0182258 0.016891 0.0145294 0.0111997 0.00707386 0.00242797 -0.0024495 -0.0072323 -0.0116163 -0.0153656 -0.0182616 -0.0202296 -0.0212593 -0.0213851 -0.0207462 -0.0194972 -0.0178139 -0.0158623 -0.0138145 -0.0118078 -0.00994682 -0.00832216 -0.00698492 -0.00595706 -0.00529366 -0.00497828 -0.00505148 -0.00550849 -0.00632884 -0.00753399 -0.00912041 -0.0110641 -0.0133538 -0.0159673 -0.0188434 -0.0219185 -0.0251197 -0.0283749 -0.0315995 -0.0347025 -0.0375337 -0.040009 -0.0420249 -0.0434876 -0.0443403 -0.0445659 -0.0441272 -0.0430044 -0.0412475 -0.0388749 -0.0359507 -0.0325255 -0.0286899 -0.0245048 -0.0200361 -0.0153285 -0.0104441 -0.00549583 -0.000523491 0.00443025 0.0093267 0.0141101 0.0187393 0.0231297 0.0272096 0.0309777 0.0344006 0.0374198 0.0400236 0.0422423 0.0440738 0.0455313 0.0466683 0.047523 0.0481224 0.0485392 0.0488209 
0 0.00347865 0.00681168 0.00988282 0.0125808 0.0147812 0.0164033 0.0173988 0.0177346 0.017414 0.0164716 0.0149231 0.0127896 0.0101593 0.00713378 0.00376515 0.000122377 -0.00371084 -0.00768567 -0.0117607 -0.0158676 -0.0199646 -0.0240493 -0.0280392 -0.0318631 -0.0354888 -0.0388859 -0.0419792 -0.0446926 -0.0469724 -0.0487284 -0.0499278 -0.0505222 -0.0504946 -0.0498415 -0.0485699 -0.0467183 -0.0443658 -0.0416124 -0.0385188 -0.0352053 -0.0318057 -0.028401 -0.0250736 -0.0219194 -0.0190003 -0.0163831 -0.0141022 -0.0121971 -0.0106922 -0.00961553 -0.00894645 -0.0086864 -0.00886439 -0.00944359 -0.0104144 -0.0117509 -0.0134092 -0.0153386 -0.017454 -0.0196199 -0.0217027 -0.0235259 -0.0248975 -0.0256141 -0.0255229 -0.0244763 -0.0224197 -0.0193538 -0.0153534 -0.0106285 -0.00542829 -4.25856e-05 0.00517052 0.00989956 0.0138588 0.0168366 0.0187553 0.0195875 0.0194261 0.0184409 0.0168524 0.0149159 0.0128615 0.0108527 0.00903375 0.00747076 0.00620155 0.00521052 0.00446218 0.00389332 0.0034684 0.00314327 0.00289765 0.00271244 0.00258579 0.00249945 0.00246528 0.00246102 0.00248691 0.00253181 0.00259024 0.00265546 0.00273552 0.0028113 0.00289383 0.00296687 0.00303916 0.00312158 0.00324799 0.00344966 0.00378997 0.00432143 0.00511604 0.00622649 0.0076895 0.00947438 0.0115294 0.0137189 0.015868 0.0177518 0.0191064 0.0196854 0.0193038 0.0178281 0.0152639 0.0116848 0.00728337 0.00235917 -0.00279249 -0.00783919 -0.0124669 -0.0164317 -0.0195115 -0.021595 -0.0226894 -0.0228409 -0.0221792 -0.0208567 -0.0190745 -0.0170294 -0.0148967 -0.0127892 -0.0108336 -0.00914254 -0.00777034 -0.00674549 -0.00611108 -0.00586592 -0.0060428 -0.00663089 -0.00761403 -0.0090192 -0.0108307 -0.0130099 -0.0155136 -0.0183184 -0.0213523 -0.0245429 -0.0278087 -0.0310565 -0.0342039 -0.0371431 -0.0397306 -0.0418902 -0.0435339 -0.0445861 -0.0450188 -0.0448355 -0.0440192 -0.042555 -0.0405166 -0.0379569 -0.0349558 -0.0315698 -0.0278488 -0.0238496 -0.0196246 -0.0152218 -0.0106824 -0.00607131 -0.00140157 0.00330944 0.00801013 0.0126684 0.0172627 0.0217241 0.0259878 0.030049 0.0338747 0.0373746 0.040516 0.0433107 0.0457494 0.0478319 0.0495771 0.0509852 0.0520498 0.0528356 0.0533779 
0 0.00312379 0.00608433 0.00876489 0.0110797 0.0129178 0.014203 0.014879 0.0149221 0.0143499 0.0132016 0.0115085 0.00930165 0.00668956 0.00376515 0.000572269 -0.00282822 -0.00635761 -0.00996453 -0.013635 -0.0173123 -0.0209765 -0.0246295 -0.0282151 -0.0316951 -0.035051 -0.0382662 -0.0412587 -0.0439737 -0.0463672 -0.0483466 -0.0498469 -0.0507929 -0.0511554 -0.0509212 -0.0500801 -0.0486425 -0.0466569 -0.0441952 -0.0413197 -0.0381446 -0.0348141 -0.0314041 -0.0279991 -0.0247076 -0.0216076 -0.0187857 -0.0162836 -0.014154 -0.0124326 -0.0111535 -0.0103102 -0.00991727 -0.0100007 -0.0105326 -0.0114855 -0.0128387 -0.0145481 -0.0165477 -0.0187459 -0.0209962 -0.0231626 -0.0250614 -0.0264816 -0.0272123 -0.0270952 -0.0259787 -0.0238095 -0.0205744 -0.0163619 -0.0113916 -0.00592574 -0.000264193 0.00523167 0.0102355 0.0144417 0.0176322 0.0197115 0.020651 0.0205479 0.0195715 0.0179528 0.01596 0.0138251 0.0117173 0.00979342 0.00812685 0.00676339 0.00569255 0.00487488 0.0042466 0.00378006 0.00343005 0.00317305 0.00297956 0.00283763 0.00272781 0.00267069 0.00265079 0.00267198 0.00271773 0.00277776 0.00284082 0.00291812 0.00299048 0.00306963 0.00314104 0.00321701 0.00331515 0.00347877 0.00373517 0.00414508 0.0047587 0.00564541 0.00686096 0.00844436 0.0103524 0.0125233 0.014816 0.0170393 0.0189572 0.0202999 0.0208078 0.0203029 0.0186688 0.0159088 0.0121065 0.007456 0.00226295 -0.00315654 -0.00845826 -0.0133169 -0.0174733 -0.0207102 -0.0229023 -0.024061 -0.0242358 -0.023557 -0.0221876 -0.0203342 -0.0182007 -0.0159761 -0.0137802 -0.0117559 -0.0100185 -0.00862566 -0.00761868 -0.007034 -0.00688165 -0.00718537 -0.00792874 -0.00909627 -0.0107104 -0.0127446 -0.0151466 -0.0178454 -0.0208085 -0.0239566 -0.0272127 -0.0304876 -0.0336689 -0.0366635 -0.0393502 -0.0416068 -0.0433819 -0.0446129 -0.0452337 -0.0452277 -0.0446145 -0.0434141 -0.0416373 -0.0393697 -0.0366753 -0.0336331 -0.0303093 -0.0267356 -0.0229636 -0.0190253 -0.014963 -0.0108019 -0.00656117 -0.00222219 0.0022166 0.0066865 0.0111677 0.0156688 0.0201554 0.0245699 0.0288847 0.0330572 0.0369946 0.0406618 0.0440432 0.0470966 0.0497976 0.0521479 0.0541246 0.0556847 0.0568565 0.057659 
0 0.00260487 0.0050561 0.0072478 0.00907766 0.010469 0.0113507 0.0116919 0.0114615 0.0106638 0.00935431 0.0075689 0.00538271 0.00287112 0.000122377 -0.00282822 -0.00592141 -0.00907105 -0.0122764 -0.0155069 -0.018739 -0.0219332 -0.0251151 -0.0282812 -0.0313979 -0.0344783 -0.0374672 -0.0403225 -0.042995 -0.0454541 -0.0476117 -0.0493629 -0.0506346 -0.0513752 -0.0515596 -0.0511582 -0.0501569 -0.0485828 -0.0464922 -0.0439147 -0.0409709 -0.0377679 -0.0344097 -0.0309852 -0.0276045 -0.0243795 -0.0213704 -0.0186569 -0.0162935 -0.0143498 -0.0128689 -0.0118538 -0.0113134 -0.0112895 -0.011741 -0.0126573 -0.0140035 -0.015743 -0.0178102 -0.0200657 -0.0223781 -0.0246065 -0.0265697 -0.0280317 -0.0287738 -0.0286251 -0.0274574 -0.0251604 -0.0217606 -0.0173506 -0.0121485 -0.00642884 -0.000514348 0.00524904 0.0105062 0.0149514 0.0183391 0.0205769 0.0216471 0.0216144 0.0206684 0.0190527 0.0170114 0.0147983 0.0126081 0.0105673 0.00879711 0.00734531 0.00619422 0.00530677 0.00463399 0.00411696 0.00374024 0.00346259 0.00325285 0.00308783 0.00296661 0.00288665 0.00286205 0.00287559 0.00291583 0.00296208 0.00302091 0.00308474 0.00316468 0.00324741 0.00332533 0.00340658 0.00352719 0.00371363 0.00403107 0.00451523 0.00521521 0.00620788 0.00754872 0.0092433 0.0112818 0.0135602 0.0159247 0.018202 0.0201352 0.0214343 0.0218672 0.0212382 0.0194375 0.0164863 0.0124637 0.00757707 0.00212334 -0.0035484 -0.009085 -0.0141625 -0.0185056 -0.021866 -0.0241646 -0.0253806 -0.0255795 -0.0248911 -0.0234954 -0.021589 -0.0193864 -0.0170699 -0.0148135 -0.012743 -0.010978 -0.00958875 -0.00860545 -0.00808149 -0.00802629 -0.00847154 -0.00939967 -0.0107806 -0.0126084 -0.0148595 -0.0174452 -0.020319 -0.0234027 -0.0266266 -0.0298918 -0.0330882 -0.0361222 -0.0388775 -0.0412493 -0.0431237 -0.0444692 -0.0452531 -0.0454283 -0.0449816 -0.0439596 -0.0423887 -0.0403384 -0.0378868 -0.0351065 -0.0320677 -0.0288129 -0.0254152 -0.0218924 -0.0182849 -0.0145795 -0.0107887 -0.00692093 -0.00292379 0.00119654 0.00541407 0.00969824 0.0140861 0.0185622 0.0230746 0.0275917 0.0320452 0.0363679 0.0405173 0.044459 0.0481054 0.0513947 0.0543201 0.0568427 0.0588981 0.0604609 0.0615282 
0 0.00192209 0.00373644 0.00532278 0.00659491 0.00745773 0.00789795 0.00788324 0.00738793 0.00641306 0.00499438 0.00321943 0.00112596 -0.00119759 -0.00371084 -0.00635761 -0.00907105 -0.0118197 -0.0145797 -0.0173724 -0.0201267 -0.0228501 -0.0255699 -0.0283035 -0.0310572 -0.0338087 -0.0365603 -0.0392475 -0.0418478 -0.0443144 -0.0465707 -0.048525 -0.0500929 -0.0512032 -0.0518009 -0.0518276 -0.051267 -0.050141 -0.0484576 -0.0462606 -0.0435938 -0.040595 -0.0373465 -0.0339617 -0.0305653 -0.0272461 -0.0241031 -0.0212005 -0.0186292 -0.0164727 -0.0147797 -0.013572 -0.0128823 -0.0127108 -0.0130761 -0.0139314 -0.0152669 -0.0170196 -0.0190994 -0.0214111 -0.0237958 -0.0260812 -0.0280778 -0.0295608 -0.0303102 -0.0301315 -0.028869 -0.0264799 -0.0229306 -0.0183359 -0.0129232 -0.00697378 -0.000799326 0.00521599 0.0107135 0.0153611 0.0189522 0.0213559 0.0225529 0.0226307 0.0217436 0.0201193 0.018057 0.0157822 0.0134884 0.0113614 0.00949537 0.00794315 0.00672267 0.00577204 0.00503013 0.00447762 0.00406348 0.00375746 0.00353122 0.00335128 0.00320716 0.00312287 0.00308605 0.00309153 0.00311985 0.00315259 0.00318791 0.00325124 0.0033283 0.00341793 0.00351179 0.00360709 0.00373959 0.00397605 0.0043425 0.00489895 0.00570466 0.006801 0.00825478 0.0100949 0.0122457 0.014617 0.0170636 0.0193554 0.0212623 0.0225178 0.0228521 0.0220868 0.020138 0.016986 0.0127406 0.00760959 0.00192363 -0.00397553 -0.00972836 -0.0149958 -0.0194916 -0.0230132 -0.0253984 -0.0266698 -0.0269047 -0.0262244 -0.024794 -0.0228287 -0.0205687 -0.0182172 -0.0159015 -0.0137903 -0.0120167 -0.0106418 -0.00972146 -0.00926702 -0.00933937 -0.00994436 -0.0110598 -0.0126501 -0.0146889 -0.0171212 -0.0198803 -0.0228706 -0.0260443 -0.0292936 -0.0325037 -0.0355657 -0.0383578 -0.040814 -0.0428079 -0.0442687 -0.0451578 -0.0454637 -0.0451696 -0.0442949 -0.0428892 -0.0410151 -0.0387329 -0.0361418 -0.033323 -0.0303202 -0.0271949 -0.0239714 -0.0207229 -0.0174322 -0.0140797 -0.0106433 -0.00710809 -0.00346422 0.000339537 0.00427498 0.00837355 0.0126422 0.0170678 0.0216186 0.0262534 0.0309359 0.0355777 0.0401465 0.0445731 0.0487506 0.0525883 0.0560401 0.0590645 0.0615714 0.0635122 0.0648454 
0 0.00112397 0.0021697 0.00306076 0.00368136 0.0039916 0.00395056 0.00356399 0.00280629 0.00167893 0.000241605 -0.00147089 -0.0033854 -0.00547918 -0.00768567 -0.00996453 -0.0122764 -0.0145797 -0.016899 -0.019195 -0.0214763 -0.023738 -0.0260175 -0.0283396 -0.030688 -0.0331123 -0.0355906 -0.0381046 -0.0405918 -0.0430053 -0.0453055 -0.0474006 -0.0492184 -0.0506612 -0.0516429 -0.0520984 -0.0519905 -0.0513191 -0.0500847 -0.0482805 -0.0459784 -0.0432443 -0.0401912 -0.0369179 -0.0335378 -0.0301886 -0.0269428 -0.023908 -0.0211651 -0.0188125 -0.0169043 -0.0154871 -0.0146005 -0.0142953 -0.0145479 -0.0153331 -0.0166122 -0.018349 -0.0204665 -0.0228002 -0.0252152 -0.0275518 -0.0295958 -0.0310829 -0.0317969 -0.0315546 -0.0302495 -0.0277428 -0.0240594 -0.0193087 -0.0136951 -0.00751922 -0.00113747 0.00511135 0.0108335 0.0157084 0.0194884 0.0220585 0.0234058 0.0235753 0.0227491 0.0211714 0.0190823 0.0167496 0.0144001 0.0121686 0.0102124 0.008588 0.00727876 0.00624335 0.00544952 0.00482914 0.00438385 0.00406652 0.00382674 0.00362727 0.00347754 0.00335622 0.00330578 0.00329924 0.00331557 0.00333798 0.00337621 0.00341501 0.00349405 0.00358066 0.00367508 0.00378994 0.00396905 0.00424061 0.00468682 0.00532713 0.00621471 0.00742496 0.00901267 0.0109568 0.0132366 0.0157032 0.0181839 0.0204983 0.0223838 0.0235516 0.0237776 0.0228655 0.0207295 0.017385 0.0129329 0.00759931 0.00167873 -0.00443124 -0.0103649 -0.0158062 -0.0204584 -0.0240802 -0.0265913 -0.0279418 -0.0282079 -0.0275107 -0.0260618 -0.0240784 -0.0217827 -0.0193658 -0.0170335 -0.0149146 -0.0131383 -0.0117982 -0.0109439 -0.0106223 -0.0108468 -0.0116229 -0.0129225 -0.0147059 -0.0169248 -0.0195321 -0.0224155 -0.0255092 -0.0287009 -0.0319085 -0.0350021 -0.0378482 -0.0403627 -0.0424401 -0.0440109 -0.0450117 -0.0454222 -0.045249 -0.0444954 -0.0432055 -0.0414654 -0.0393298 -0.0368881 -0.0342015 -0.0313704 -0.0284543 -0.0254711 -0.022476 -0.0194697 -0.016481 -0.0134505 -0.0103463 -0.00714891 -0.00381447 -0.000335868 0.00334696 0.00724821 0.0113931 0.0157478 0.0202759 0.0249844 0.0298218 0.0347352 0.039632 0.0444425 0.0490578 0.0533652 0.0572904 0.0607352 0.0636301 0.0658917 0.0674674 
