0 0 0 0 0 0 0 0 0 0 0 0 0 0 0 0 0 0 0 0 0 0 0 0 0 0 0 0 0 0 0 0 0 0 0 0 0 0 0 0 0 0 0 0 0 0 0 0 0 0 0 0 0 0 0 0 0 0 0 0 0 0 0 0 0 0 0 0 0 0 0 0 0 0 0 0 0 0 0 0 0 0 0 0 0 0 0 0 0 0 0 0 0 0 0 0 0 0 0 0 0 0 0 0 0 0 0 0 0 0 0 0 0 0 0 0 0 0 0 0 0 0 0 0 0 0 0 0 0 0 0 0 0 0 0 0 0 0 0 0 0 0 0 0 0 0 0 0 0 0 0 0 0 0 0 0 0 0 0 0 0 0 0 0 0 0 0 0 0 0 0 0 0 0 0 0 0 0 0 0 0 0 0 0 0 0 0 0 0 0 0 0 0 0 0 0 0 0 0 0 
0 -6.73621e-06 9.80129e-06 3.91283e-05 4.28964e-05 2.99826e-05 3.19904e-05 5.94836e-05 6.9625e-05 5.95275e-05 5.56813e-05 6.43233e-05 7.64612e-05 7.0172e-05 6.02632e-05 5.03842e-05 4.63325e-05 2.76345e-05 -8.69095e-06 -4.6892e-05 -9.79396e-05 -0.000162014 -0.000255305 -0.000359203 -0.000470929 -0.000600044 -0.000751482 -0.000912728 -0.0010487 -0.00116598 -0.00125692 -0.00131754 -0.001329 -0.00125246 -0.00108151 -0.000834757 -0.00053032 -0.000159975 0.000270938 0.000737633 0.00121403 0.00166575 0.00207115 0.00242426 0.00272751 0.00299311 0.00320501 0.00335824 0.00349003 0.00362504 0.00376391 0.00389641 0.0040116 0.00408769 0.0041051 0.00404448 0.00388674 0.00359709 0.00315826 0.00257989 0.00187801 0.00106938 0.00018366 -0.000733846 -0.00166058 -0.00255213 -0.00335883 -0.00405007 -0.00459042 -0.00496508 -0.00518692 -0.00524558 -0.00516595 -0.00496512 -0.00466253 -0.00428064 -0.00383752 -0.00337502 -0.00292009 -0.00247568 -0.00206889 -0.00169653 -0.00136658 -0.00109324 -0.000855479 -0.000658501 -0.000504999 -0.00037662 -0.00027814 -0.000205128 -0.000143212 -9.88584e-05 -6.28522e-05 -3.40883e-05 -1.95477e-05 -1.36194e-05 -7.72635e-06 -8.06407e-06 -8.1537e-06 -8.7513e-06 -7.96778e-06 -1.63484e-06 6.1562e-06 3.04504e-06 -1.48906e-06 -9.34649e-06 -2.15347e-05 -3.54069e-05 -5.76462e-05 -9.07552e-05 -0.000125011 -0.000180226 -0.000258017 -0.000355768 -0.000489732 -0.000652858 -0.000845802 -0.00108376 -0.00135282 -0.00166758 -0.00203857 -0.00244533 -0.00288989 -0.00335489 -0.00382026 -0.00426312 -0.0046422 -0.0049348 -0.00512541 -0.00519581 -0.00513919 -0.00491951 -0.00453765 -0.00399378 -0.0032894 -0.00246793 -0.001577 -0.000646765 0.000275901 0.00116152 0.00197793 0.00269074 0.00326815 0.00369015 0.00395538 0.00408374 0.00410766 0.00405655 0.00395348 0.00381201 0.00365781 0.0035079 0.00336944 0.00323878 0.00310882 0.00294619 0.00272187 0.0024455 0.00212158 0.00175181 0.00134151 0.0008961 0.000449482 3.27135e-05 -0.000337637 -0.000647139 -0.000892886 -0.00105513 -0.00113121 -0.00113288 -0.0010888 -0.00101144 -0.000890978 -0.000750747 -0.000595724 -0.000454822 -0.000339189 -0.000229287 -0.00011561 -1.16604e-05 4.85057e-05 8.86319e-05 0.000127286 0.000175228 0.000214272 0.000221154 0.000216476 0.000223341 0.000249212 0.000258477 0.000244586 0.000232262 0.000242419 0.000259309 0.000249957 0.000230714 0.000229953 0.000246659 0.000248283 0.000230001 
0 9.80129e-06 2.21006e-05 4.1333e-05 5.4458e-05 5.82269e-05 7.20524e-05 9.87912e-05 0.000107317 0.000112753 0.000127666 0.000146235 0.000150522 0.00014739 0.000140008 0.000128005 0.000111473 6.15379e-05 -6.12129e-06 -9.44364e-05 -0.000192722 -0.000332658 -0.000516299 -0.000732219 -0.000968691 -0.001218 -0.00151509 -0.00181316 -0.00210022 -0.00234415 -0.00252917 -0.00263037 -0.00262778 -0.00248409 -0.00215909 -0.0016795 -0.00106057 -0.000305858 0.00055997 0.00149134 0.00244035 0.00332865 0.0041553 0.00488243 0.00551494 0.00602458 0.00641973 0.00673388 0.00699798 0.00726209 0.00751144 0.00776452 0.00797479 0.00810211 0.00812523 0.0079968 0.00765503 0.00708346 0.00621505 0.00507223 0.00366889 0.00206254 0.000312809 -0.00150918 -0.00331951 -0.00506101 -0.00666004 -0.00802552 -0.00909306 -0.00985004 -0.0102793 -0.0103983 -0.0102437 -0.00986854 -0.00928317 -0.0085476 -0.00768398 -0.00676545 -0.00584726 -0.00497093 -0.00414129 -0.00340565 -0.0027615 -0.00221377 -0.00174666 -0.00136388 -0.00103482 -0.000778119 -0.000568346 -0.000402881 -0.000283198 -0.000197804 -0.000125471 -8.8937e-05 -5.86961e-05 -4.14889e-05 -2.79465e-05 -1.00621e-05 7.40526e-07 -6.42278e-06 -2.16166e-06 -5.14996e-06 -5.05785e-06 -8.30334e-06 -1.96316e-05 -2.9477e-05 -3.28871e-05 -6.44959e-05 -0.000106706 -0.00017465 -0.000266258 -0.000384866 -0.000540483 -0.000752339 -0.00100216 -0.00132165 -0.00170917 -0.00217313 -0.00271667 -0.00336938 -0.00410577 -0.00493398 -0.00581478 -0.00672002 -0.00762218 -0.00848595 -0.00921897 -0.00980272 -0.0101812 -0.0103266 -0.010191 -0.0097509 -0.00898323 -0.00789913 -0.00652729 -0.00492298 -0.00315464 -0.00132172 0.000513961 0.00227604 0.00388046 0.0052746 0.00640354 0.00725652 0.00778875 0.00806627 0.0081447 0.0080556 0.00785353 0.00759701 0.00730269 0.00702487 0.00675788 0.00652424 0.00625943 0.0059043 0.00545491 0.00491167 0.00427724 0.00352112 0.00268878 0.00180012 0.000910036 7.37407e-05 -0.000662531 -0.0012803 -0.00175873 -0.0020968 -0.00225972 -0.00227574 -0.00218831 -0.00201659 -0.00178713 -0.00151302 -0.00122856 -0.000932585 -0.000679164 -0.000449229 -0.000233612 -4.88126e-05 9.37728e-05 0.00020137 0.000294442 0.000362968 0.000417513 0.000445183 0.000462361 0.00047609 0.000490282 0.000491609 0.000484898 0.000480695 0.000481959 0.000486 0.000476352 0.000470877 0.000470101 0.000475952 0.000473724 0.000469962 
0 3.91283e-05 4.1333e-05 4.88367e-05 7.4058e-05 0.000110998 0.000128397 0.000144366 0.000149934 0.000174214 0.000207652 0.000211619 0.000211987 0.00020986 0.000215464 0.000187654 0.00014908 8.61036e-05 -9.56393e-06 -0.00012854 -0.000299875 -0.000501073 -0.000768945 -0.00108265 -0.00144205 -0.00183935 -0.00226505 -0.00271016 -0.00312561 -0.00351357 -0.00379791 -0.0039385 -0.00392129 -0.00369359 -0.00322784 -0.0025205 -0.00158663 -0.000433803 0.000872574 0.00224929 0.00365104 0.00501333 0.00627154 0.00737256 0.00829394 0.00906756 0.00967826 0.0101328 0.0105207 0.0108925 0.0112467 0.011572 0.0118484 0.0120145 0.0120069 0.0117673 0.0112461 0.0103584 0.00905717 0.00736182 0.00531019 0.00295159 0.000377383 -0.00227842 -0.00494106 -0.00749431 -0.00981245 -0.0118141 -0.0133991 -0.014518 -0.0151921 -0.0153955 -0.0151969 -0.0146501 -0.0138093 -0.0127363 -0.0114793 -0.0101477 -0.00881711 -0.00750713 -0.00629667 -0.00519133 -0.00421558 -0.0034022 -0.00269427 -0.0020993 -0.00162043 -0.00121411 -0.000894839 -0.000656087 -0.00046451 -0.000332265 -0.000230803 -0.000151995 -0.000107987 -8.1908e-05 -5.21311e-05 -3.70274e-05 -2.6629e-05 -2.62041e-05 -2.99896e-05 -2.40999e-05 -1.51523e-05 -3.04234e-05 -4.45196e-05 -6.14037e-05 -8.71795e-05 -0.000123114 -0.000191949 -0.00030229 -0.000429086 -0.000616948 -0.00086669 -0.00117049 -0.00156877 -0.00205097 -0.00262734 -0.0033423 -0.00416488 -0.00512727 -0.00624342 -0.00745139 -0.00874512 -0.0100774 -0.0113989 -0.0126516 -0.0137263 -0.014558 -0.0150919 -0.0152674 -0.015057 -0.0143738 -0.0132305 -0.0116412 -0.00961621 -0.00726468 -0.00470263 -0.00201059 0.0006799 0.00326453 0.00563143 0.00768185 0.0093465 0.0105941 0.0114274 0.0118869 0.0120362 0.0119415 0.0116773 0.0113097 0.0109226 0.0105543 0.0101944 0.00981569 0.00940453 0.00889796 0.00823225 0.00741415 0.00643375 0.00529813 0.00404668 0.00271323 0.00138273 0.000130411 -0.000987523 -0.00191334 -0.00263416 -0.0031198 -0.0033733 -0.00341058 -0.00328021 -0.00302038 -0.00265125 -0.00226068 -0.00183716 -0.00140601 -0.00100535 -0.000649834 -0.000348073 -8.34273e-05 0.000124179 0.000313959 0.000450438 0.000535999 0.000600657 0.000654087 0.000705664 0.000722225 0.000724416 0.000720037 0.000733944 0.000744136 0.000731264 0.000716688 0.000712384 0.000726434 0.000723184 0.000703976 0.000695207 0.000712465 
0 4.28964e-05 5.4458e-05 7.4058e-05 0.000114344 0.00014762 0.000166515 0.000190691 0.000212269 0.000245309 0.000268762 0.000272996 0.000274345 0.000291257 0.000286903 0.000238125 0.000180776 0.000102608 -1.54459e-07 -0.000174563 -0.000403154 -0.000687333 -0.00101918 -0.00142034 -0.001907 -0.00244253 -0.00302899 -0.00359371 -0.00414979 -0.00465979 -0.00505224 -0.00524557 -0.00521097 -0.00491217 -0.00428478 -0.0033379 -0.00208142 -0.000544326 0.0011924 0.003038 0.00492433 0.00673027 0.00841969 0.00989407 0.0111416 0.0121413 0.0129321 0.0135695 0.0140857 0.0145397 0.0149218 0.0152901 0.0155936 0.0157496 0.0156841 0.0153 0.0145071 0.0132941 0.0115737 0.00937792 0.00671944 0.00367722 0.000356718 -0.00309535 -0.00651572 -0.00978819 -0.0127869 -0.01537 -0.0174293 -0.0189293 -0.0198299 -0.020143 -0.0199252 -0.019265 -0.018198 -0.0168356 -0.0152338 -0.0135234 -0.011799 -0.0101268 -0.00852605 -0.00707494 -0.0057818 -0.00466519 -0.0037061 -0.00291482 -0.00224663 -0.00172038 -0.00129261 -0.00095349 -0.000698039 -0.00050611 -0.000344535 -0.000248019 -0.000176469 -0.000136989 -0.000109474 -7.98391e-05 -6.25926e-05 -7.2194e-05 -6.2864e-05 -6.02474e-05 -5.37625e-05 -5.97005e-05 -8.56966e-05 -0.000116971 -0.000144624 -0.000219608 -0.000318355 -0.000463041 -0.000651228 -0.000895905 -0.00121951 -0.00165642 -0.00218526 -0.00285149 -0.00365228 -0.00460114 -0.00569931 -0.00698997 -0.0084334 -0.0100303 -0.0117153 -0.0134344 -0.0151306 -0.0167327 -0.0180823 -0.019133 -0.0197874 -0.0199862 -0.0196474 -0.0187301 -0.0172111 -0.0151211 -0.0125161 -0.00949675 -0.00618168 -0.00273102 0.00073782 0.00407819 0.00712765 0.00978277 0.0119601 0.0136476 0.0147775 0.0154378 0.0157067 0.0156431 0.0153566 0.0149659 0.0145152 0.0140736 0.0136106 0.0131513 0.0126158 0.0119256 0.0110563 0.00997331 0.00866055 0.00710044 0.00541216 0.00365216 0.00189264 0.000207274 -0.00130534 -0.00255987 -0.00349846 -0.00413748 -0.00446257 -0.00452394 -0.00436577 -0.00400848 -0.0035231 -0.00298024 -0.00243678 -0.00186722 -0.00134353 -0.000868159 -0.000455546 -0.000114588 0.000168743 0.000404995 0.000591425 0.00070862 0.000804778 0.000879515 0.000934548 0.000955931 0.000964778 0.000972429 0.000984314 0.000985774 0.000971536 0.000963421 0.000958868 0.00096614 0.000958542 0.000944727 0.00093532 0.000948023 
0 2.99826e-05 5.82269e-05 0.000110998 0.00014762 0.000167593 0.000188507 0.000242584 0.000277728 0.00029974 0.000324604 0.000337861 0.000359134 0.000364867 0.000356049 0.000300769 0.000235487 0.000140226 -8.08544e-06 -0.000214043 -0.000507226 -0.000853036 -0.00128239 -0.00178781 -0.00238685 -0.00306163 -0.00377679 -0.0044978 -0.00517638 -0.0058089 -0.0062848 -0.00652076 -0.00647808 -0.00609038 -0.00531111 -0.00412895 -0.00255889 -0.000631409 0.00154503 0.00384634 0.0061973 0.0084934 0.0106224 0.0124815 0.0140266 0.015296 0.0162954 0.0170477 0.0176454 0.0181429 0.0185493 0.0188894 0.0191504 0.0192383 0.0190401 0.0184574 0.0174258 0.0158639 0.0137253 0.0110345 0.00782748 0.00416383 0.00017321 -0.00394529 -0.00804618 -0.0119613 -0.0155253 -0.0186275 -0.0211348 -0.022972 -0.0241354 -0.0245846 -0.0243961 -0.0236496 -0.0224254 -0.0208259 -0.0189368 -0.0169096 -0.0148513 -0.0128027 -0.0108628 -0.00906395 -0.0074491 -0.00606421 -0.00485651 -0.00383681 -0.00300333 -0.00230601 -0.00174982 -0.00132168 -0.000981003 -0.000730656 -0.000534654 -0.000385498 -0.000293842 -0.000237439 -0.00018582 -0.000153991 -0.000134088 -0.000131272 -0.000133404 -0.000123564 -0.000112403 -0.000134383 -0.000165511 -0.000206592 -0.000263821 -0.00034601 -0.00048094 -0.00067972 -0.000919019 -0.00125088 -0.00168677 -0.00222848 -0.00292109 -0.00376065 -0.00476174 -0.00597209 -0.00736 -0.00895674 -0.010762 -0.0126962 -0.0147299 -0.0167927 -0.0188112 -0.0206931 -0.0222835 -0.0234869 -0.0242129 -0.0243713 -0.0239095 -0.0227311 -0.0208607 -0.0183365 -0.015193 -0.0115757 -0.00763678 -0.00349944 0.000657862 0.00466613 0.00834512 0.0115516 0.0142008 0.0162606 0.0177258 0.0186376 0.0190687 0.0191077 0.0188741 0.0184823 0.0180414 0.017593 0.0171022 0.0165335 0.015869 0.0150354 0.0139449 0.0125723 0.0108947 0.00894813 0.00683112 0.00461677 0.00240863 0.000306396 -0.00158334 -0.00314589 -0.0043356 -0.00512932 -0.00554725 -0.00562816 -0.00543165 -0.00500419 -0.00439403 -0.00373117 -0.00303333 -0.00233463 -0.00168195 -0.00108886 -0.000571181 -0.000127046 0.000215312 0.000507017 0.000728949 0.000892915 0.00102114 0.00110429 0.00115856 0.00118272 0.00121456 0.00122983 0.0012285 0.00121466 0.00121129 0.00122156 0.00120895 0.00119232 0.00118554 0.00119449 0.00118988 0.00117922 
0 3.19904e-05 7.20524e-05 0.000128397 0.000166515 0.000188507 0.00023097 0.000294101 0.000324536 0.000345475 0.000386006 0.00042615 0.000437633 0.00043015 0.000412526 0.000372364 0.000303381 0.000166224 -2.58605e-05 -0.000278676 -0.000596847 -0.00101577 -0.00154422 -0.00216849 -0.00287898 -0.0036559 -0.00451265 -0.00537702 -0.00621074 -0.00695008 -0.00750281 -0.0077784 -0.00772242 -0.00726269 -0.00631847 -0.00489108 -0.00300129 -0.000692873 0.00192227 0.00470861 0.00755085 0.0102959 0.0128583 0.0151112 0.0170046 0.0185117 0.0196688 0.0205441 0.0212013 0.0217074 0.0220682 0.022342 0.0224909 0.0224207 0.0220306 0.0212086 0.0198614 0.0179588 0.0154246 0.0122891 0.00857941 0.0043829 -0.000161958 -0.00485656 -0.00949995 -0.0139347 -0.018007 -0.0215609 -0.0244614 -0.0266385 -0.0280347 -0.0286411 -0.028519 -0.0277655 -0.0264461 -0.0246893 -0.0225853 -0.0202924 -0.0179296 -0.0155802 -0.0133027 -0.0111902 -0.00927874 -0.00760102 -0.00614069 -0.00490706 -0.00386394 -0.00301305 -0.00231793 -0.00176665 -0.00134388 -0.00102351 -0.000766438 -0.00059178 -0.000466604 -0.000385198 -0.000320094 -0.000262116 -0.000226709 -0.000227387 -0.000223156 -0.000224726 -0.000226376 -0.000248167 -0.000292834 -0.000347649 -0.000410057 -0.000530447 -0.000705595 -0.000957142 -0.00128202 -0.00170045 -0.00223781 -0.00292758 -0.0037666 -0.00479674 -0.00602771 -0.00748191 -0.00915562 -0.0110753 -0.0131902 -0.0154603 -0.0178043 -0.0201487 -0.022417 -0.0245123 -0.0262568 -0.0275639 -0.028313 -0.0284119 -0.0277685 -0.0263374 -0.0241256 -0.0211907 -0.0176069 -0.0134994 -0.00901077 -0.00431598 0.000419158 0.00499481 0.00919634 0.012881 0.0159635 0.0184286 0.020221 0.0214095 0.0220686 0.0222737 0.0221577 0.0218653 0.0214758 0.0210516 0.0205514 0.0199671 0.0192131 0.0181979 0.0168778 0.0152207 0.0132122 0.0108585 0.00829358 0.00561466 0.00294542 0.000415856 -0.00183702 -0.00370679 -0.00513493 -0.00611467 -0.00662287 -0.00671502 -0.00647363 -0.00596256 -0.00526596 -0.00446986 -0.00363773 -0.00278976 -0.00201432 -0.00131413 -0.000690662 -0.000161157 0.000263497 0.000604532 0.000879038 0.00107893 0.0012286 0.0013242 0.00138889 0.00143136 0.00146372 0.00147345 0.0014659 0.00145612 0.00145768 0.00146338 0.00144458 0.00142587 0.0014223 0.0014346 0.00142977 0.00141765 
0 5.94836e-05 9.87912e-05 0.000144366 0.000190691 0.000242584 0.000294101 0.000345011 0.000371027 0.000403235 0.000456668 0.000490196 0.000496038 0.000482258 0.000465098 0.000418432 0.000334091 0.000179048 -4.77436e-05 -0.000333258 -0.000702978 -0.00118249 -0.00180072 -0.00252725 -0.00334455 -0.00424865 -0.00523917 -0.00625769 -0.0072206 -0.00806678 -0.0086966 -0.00902121 -0.00896049 -0.00840877 -0.00729126 -0.00561386 -0.00340961 -0.000723159 0.00233242 0.00560111 0.00893422 0.0121641 0.0151523 0.0177806 0.0199873 0.0217601 0.0230985 0.0240492 0.024714 0.0251745 0.0254547 0.0255883 0.0255522 0.0252573 0.0245984 0.0234761 0.0218131 0.0195426 0.0166192 0.0130716 0.00894565 0.00431942 -0.000662089 -0.00579038 -0.010875 -0.0157351 -0.0201977 -0.0241224 -0.0273673 -0.0298424 -0.0315003 -0.0323026 -0.0323025 -0.0315847 -0.0302357 -0.0283782 -0.0261292 -0.0236521 -0.0210711 -0.0184598 -0.0159109 -0.0134992 -0.0112866 -0.00932371 -0.00759752 -0.0061206 -0.00488362 -0.00385502 -0.00301887 -0.00235593 -0.00183214 -0.00142656 -0.00110467 -0.00086314 -0.000698927 -0.000590153 -0.000504872 -0.000442144 -0.000404372 -0.000394461 -0.000391408 -0.000382971 -0.000379924 -0.000411266 -0.000469998 -0.000549962 -0.000655545 -0.000810323 -0.00103775 -0.00135101 -0.001745 -0.00225842 -0.00291849 -0.00374669 -0.00477275 -0.00601114 -0.00747742 -0.00919801 -0.0111541 -0.0133535 -0.0157617 -0.0183005 -0.0209021 -0.0234826 -0.0259521 -0.0281921 -0.0300306 -0.031352 -0.0320443 -0.0320106 -0.0311799 -0.0294923 -0.0269784 -0.0237008 -0.0197288 -0.0152096 -0.0103044 -0.00517319 -1.9473e-06 0.00500832 0.00964908 0.0137611 0.0172509 0.0200769 0.0222145 0.0237065 0.0246303 0.0250779 0.0251737 0.0250418 0.0247809 0.0244409 0.0239899 0.023388 0.0225668 0.0214246 0.0198831 0.0179253 0.0155527 0.0128079 0.00980096 0.00664889 0.00351247 0.000558515 -0.00206521 -0.00424684 -0.0059293 -0.00707543 -0.00767126 -0.00777516 -0.00749337 -0.00691419 -0.0061112 -0.00519068 -0.00421015 -0.00323348 -0.00233618 -0.00152903 -0.000810203 -0.000190831 0.000300072 0.000696406 0.00100846 0.00124432 0.00141513 0.00152837 0.00161399 0.00167003 0.00170233 0.00170746 0.00171273 0.00171781 0.00171399 0.00170147 0.00168627 0.00168693 0.00168189 0.00166905 0.0016566 0.0016634 
0 6.9625e-05 0.000107317 0.000149934 0.000212269 0.000277728 0.000324536 0.000371027 0.000420882 0.000474134 0.000518479 0.000539098 0.000557361 0.000567154 0.000543615 0.00046834 0.000358748 0.000197392 -4.67178e-05 -0.000384344 -0.000828259 -0.00138445 -0.00207367 -0.00288907 -0.00382467 -0.00486986 -0.00599737 -0.00714223 -0.00822248 -0.00916987 -0.00988018 -0.010248 -0.0101675 -0.0095185 -0.00822608 -0.00629762 -0.00377413 -0.000707528 0.00278904 0.00654725 0.0103792 0.0140862 0.0175046 0.0205135 0.0230389 0.0250485 0.0265321 0.0275365 0.028168 0.0285203 0.0286414 0.0285622 0.0282616 0.027662 0.0266726 0.0252057 0.0231888 0.020557 0.0172747 0.0133668 0.00888965 0.00392886 -0.00137036 -0.00680945 -0.0121998 -0.0173627 -0.0221271 -0.0263427 -0.0298687 -0.0326086 -0.0345037 -0.0355157 -0.0356831 -0.0350774 -0.033783 -0.0319148 -0.0296014 -0.0270036 -0.0242532 -0.0214357 -0.0186472 -0.0159729 -0.0134879 -0.0112473 -0.00926072 -0.00754257 -0.00608877 -0.00487221 -0.00387441 -0.00307334 -0.0024363 -0.00193474 -0.00153748 -0.00123669 -0.00102671 -0.000881849 -0.000770184 -0.000686017 -0.000634271 -0.000615708 -0.000610976 -0.000605815 -0.000611284 -0.000652432 -0.000728165 -0.000832816 -0.000973502 -0.00117491 -0.00146321 -0.00185058 -0.00233963 -0.00296435 -0.00375777 -0.00474676 -0.00596061 -0.00741494 -0.00912493 -0.011104 -0.013335 -0.015807 -0.0184748 -0.0212537 -0.0240626 -0.0268097 -0.029397 -0.0316952 -0.0335391 -0.0348038 -0.035383 -0.0351839 -0.0341405 -0.0322103 -0.0294267 -0.0258577 -0.0215877 -0.0167608 -0.0115436 -0.00610317 -0.000623638 0.0047004 0.00967064 0.0141291 0.0179769 0.0211537 0.023631 0.0254495 0.0266926 0.0274543 0.0278444 0.0279681 0.0279107 0.0277143 0.0273623 0.0268064 0.0259561 0.0246932 0.0229407 0.0206914 0.0179616 0.0148086 0.0113502 0.00773211 0.0041376 0.000754815 -0.00225243 -0.00475753 -0.00668658 -0.00799518 -0.00868203 -0.0088177 -0.00851465 -0.00786767 -0.006962 -0.00591299 -0.00480173 -0.00370327 -0.00268198 -0.00175681 -0.000934112 -0.000229431 0.000337563 0.000790895 0.00114362 0.00141367 0.00161541 0.00175466 0.00184736 0.00190265 0.0019358 0.00195133 0.00196291 0.00196361 0.00195052 0.00193308 0.00192573 0.00193258 0.00192408 0.00190078 0.00189 0.0019081 
0 5.95275e-05 0.000112753 0.000174214 0.000245309 0.00029974 0.000345475 0.000403235 0.000474134 0.000532452 0.000565758 0.000590076 0.000616505 0.000636519 0.000603284 0.00051569 0.00038535 0.000203439 -6.22809e-05 -0.000450642 -0.000956462 -0.00159172 -0.00235389 -0.00326532 -0.00432391 -0.00549942 -0.00675339 -0.00801221 -0.00922087 -0.0102764 -0.0110627 -0.0114509 -0.0113257 -0.0105811 -0.00913099 -0.0069622 -0.00410558 -0.000637859 0.00330391 0.00753749 0.0118535 0.0160314 0.0198948 0.0232903 0.0261278 0.0283402 0.0299254 0.0309454 0.0314945 0.0316836 0.031577 0.0312124 0.0305662 0.0295843 0.0282064 0.0263626 0.0239749 0.0209978 0.0173861 0.0131672 0.00840547 0.00320567 -0.00228913 -0.00791085 -0.0134732 -0.0188194 -0.0237926 -0.0282196 -0.0319656 -0.0349367 -0.0370483 -0.038283 -0.0386563 -0.0382292 -0.0370693 -0.03528 -0.0329879 -0.0303435 -0.0274813 -0.0245153 -0.0215259 -0.0186299 -0.0159068 -0.0134072 -0.011171 -0.0092123 -0.00752003 -0.00609933 -0.00491868 -0.00395783 -0.00319772 -0.00259121 -0.00210806 -0.00174625 -0.0014783 -0.00128518 -0.00114084 -0.00102499 -0.000953501 -0.000927226 -0.000916764 -0.000920754 -0.000942954 -0.000996201 -0.00109599 -0.0012307 -0.00140582 -0.00166348 -0.00201879 -0.00248975 -0.00309628 -0.00385257 -0.00479726 -0.00596982 -0.00737583 -0.00904997 -0.0110049 -0.0132324 -0.0157265 -0.018456 -0.0213455 -0.024323 -0.0272781 -0.0301181 -0.0327407 -0.0350135 -0.0367793 -0.0379162 -0.0383217 -0.037921 -0.0366425 -0.0344831 -0.0314654 -0.0276621 -0.0231832 -0.0181573 -0.0127431 -0.00712088 -0.00145188 0.00407628 0.00927619 0.0139967 0.0181332 0.021627 0.0244371 0.0266134 0.0282319 0.0293681 0.030113 0.0305648 0.0307876 0.0308189 0.0306331 0.0301778 0.0293274 0.0279589 0.0260159 0.0234894 0.0204143 0.0168508 0.0129385 0.00885407 0.00479977 0.000984667 -0.0024048 -0.00523076 -0.00739873 -0.00887749 -0.00967005 -0.00985355 -0.00953024 -0.00880215 -0.00779878 -0.00663207 -0.00540937 -0.00418479 -0.00302791 -0.00197927 -0.00106043 -0.000287804 0.000358154 0.000878056 0.00128184 0.00157719 0.00180002 0.00196708 0.00207132 0.0021293 0.00216467 0.00219429 0.00220527 0.00219521 0.00218414 0.00217997 0.00217475 0.00216416 0.00215412 0.00214853 0.00214498 0.00214448 
0 5.56813e-05 0.000127666 0.000207652 0.000268762 0.000324604 0.000386006 0.000456668 0.000518479 0.000565758 0.000614914 0.000649349 0.000669543 0.000658867 0.000625801 0.000546514 0.0003987 0.00018479 -0.000125102 -0.000538599 -0.00109881 -0.00179291 -0.0026437 -0.00365712 -0.0048245 -0.00612635 -0.00748919 -0.00888293 -0.010212 -0.0113809 -0.0122361 -0.0126385 -0.012468 -0.0116155 -0.010009 -0.00759717 -0.00439988 -0.000520308 0.00387252 0.0085694 0.0133495 0.0180135 0.0223091 0.0260725 0.029169 0.0315641 0.0332314 0.0342106 0.0346311 0.034595 0.0341981 0.0334625 0.0324074 0.0310007 0.0291857 0.0269183 0.0241612 0.0208259 0.0169197 0.0124534 0.00750723 0.00217175 -0.00341101 -0.009086 -0.014717 -0.0201456 -0.0252094 -0.0297682 -0.033682 -0.0368326 -0.0391686 -0.0406386 -0.0412536 -0.0410452 -0.040087 -0.0384425 -0.0362499 -0.0336431 -0.0307607 -0.0276991 -0.0245885 -0.021506 -0.018562 -0.0158269 -0.0133408 -0.0111229 -0.00920986 -0.00756243 -0.00619298 -0.00507468 -0.00416481 -0.00343328 -0.00285767 -0.00239643 -0.00206548 -0.00181907 -0.00162984 -0.00149528 -0.00141012 -0.00136048 -0.00135358 -0.00135237 -0.00138042 -0.00145838 -0.00158245 -0.00175561 -0.00200059 -0.00231485 -0.00275467 -0.00332584 -0.00404147 -0.00494212 -0.00606215 -0.00741299 -0.00904981 -0.0109587 -0.0131567 -0.0156384 -0.0183726 -0.0213006 -0.024377 -0.0274771 -0.0305169 -0.0333886 -0.0359831 -0.0381517 -0.0397716 -0.0407021 -0.0408722 -0.0402152 -0.0387087 -0.0363249 -0.0331161 -0.0291537 -0.0245327 -0.0193986 -0.0139179 -0.0082278 -0.0024961 0.00311366 0.00844768 0.013354 0.0177305 0.0214861 0.0246378 0.0271903 0.0292057 0.0307616 0.0319253 0.0327599 0.0333468 0.0336841 0.0337451 0.033411 0.0325933 0.0311835 0.0290892 0.0263106 0.02288 0.0189196 0.0145579 0.0100079 0.00549488 0.00124704 -0.00253229 -0.00567844 -0.00809628 -0.00973532 -0.0106397 -0.0108697 -0.0105223 -0.00972459 -0.00861428 -0.00735007 -0.00600329 -0.00466372 -0.00337367 -0.00221092 -0.00120754 -0.000357409 0.00034984 0.000941315 0.00139335 0.00172569 0.00196136 0.00214518 0.00227697 0.002353 0.00239734 0.00242313 0.00243536 0.0024298 0.00242804 0.00242924 0.0024176 0.00239475 0.00238727 0.00239887 0.00239941 0.00238009 
0 6.43233e-05 0.000146235 0.000211619 0.000272996 0.000337861 0.00042615 0.000490196 0.000539098 0.000590076 0.000649349 0.000704253 0.000707014 0.000688853 0.000642171 0.000566268 0.000403818 0.000152357 -0.000189245 -0.000661036 -0.00126061 -0.00203469 -0.00296777 -0.00408393 -0.00536145 -0.00677328 -0.00827388 -0.00977965 -0.0112275 -0.0124745 -0.0133918 -0.0138152 -0.0135985 -0.0126376 -0.0108447 -0.00816938 -0.00463915 -0.000370529 0.00446069 0.0096381 0.0149044 0.0200067 0.0247181 0.0288202 0.0321727 0.0346805 0.0363633 0.0372925 0.0375315 0.037191 0.0363994 0.0352332 0.0337156 0.0318382 0.0295704 0.0268696 0.0236875 0.0200295 0.0158767 0.0112447 0.00619142 0.000818386 -0.00475311 -0.0104068 -0.0159886 -0.0213794 -0.0264628 -0.0310612 -0.0350652 -0.0383782 -0.0408918 -0.0426016 -0.0434816 -0.0435487 -0.0428435 -0.0414243 -0.0394058 -0.0369081 -0.0340603 -0.0309996 -0.0277972 -0.0245885 -0.021471 -0.0185059 -0.015786 -0.0133389 -0.0111684 -0.00931315 -0.00773877 -0.00642278 -0.00535677 -0.00448221 -0.00377684 -0.00323844 -0.00282094 -0.00250823 -0.00228237 -0.00210482 -0.00199149 -0.00193676 -0.00190859 -0.0019205 -0.0019707 -0.00205929 -0.00222065 -0.00244441 -0.00273869 -0.00315038 -0.00368349 -0.00436147 -0.00522609 -0.0062796 -0.00756962 -0.00914545 -0.0109948 -0.013151 -0.0156067 -0.0183115 -0.0212538 -0.0243649 -0.0275474 -0.030736 -0.0337974 -0.0366291 -0.039111 -0.0411047 -0.0424908 -0.043159 -0.0430521 -0.0421401 -0.0403775 -0.0378114 -0.0344529 -0.0303715 -0.0257099 -0.0205721 -0.0151013 -0.00946099 -0.00377115 0.00182297 0.007183 0.0121837 0.0167254 0.0207474 0.024204 0.0271286 0.0295678 0.0315713 0.0331973 0.034514 0.035539 0.0362463 0.036583 0.0364632 0.0357419 0.034307 0.0321071 0.0291092 0.0253674 0.0209906 0.0161836 0.0111922 0.00624109 0.00156137 -0.00261416 -0.00609712 -0.0087595 -0.0105773 -0.0115834 -0.0118601 -0.0115091 -0.0106568 -0.00947828 -0.00808519 -0.00662143 -0.00515588 -0.00376145 -0.00249809 -0.00138314 -0.000443131 0.00034882 0.000973396 0.00147686 0.00185844 0.00212928 0.00232506 0.00246106 0.00256539 0.00261651 0.00264141 0.00264882 0.00265856 0.00266286 0.00265266 0.00264301 0.00262944 0.00262857 0.00262961 0.00263131 0.00262309 
0 7.64612e-05 0.000150522 0.000211987 0.000274345 0.000359134 0.000437633 0.000496038 0.000557361 0.000616505 0.000669543 0.000707014 0.000730225 0.000707995 0.00064951 0.000547904 0.000368508 0.000104656 -0.000287284 -0.000799556 -0.0014706 -0.00230672 -0.00333723 -0.00455316 -0.00592905 -0.00746747 -0.00908289 -0.0107253 -0.0122645 -0.0135846 -0.0145409 -0.0149749 -0.0147178 -0.0136293 -0.0116424 -0.00870488 -0.00484441 -0.000190707 0.00507334 0.0107049 0.0164227 0.0219869 0.0270766 0.0314828 0.0350225 0.0376415 0.0393135 0.0400804 0.0400634 0.0393668 0.038147 0.0364749 0.0344369 0.0320574 0.0293049 0.026162 0.0226327 0.0186613 0.0143018 0.00955278 0.00447571 -0.000860016 -0.00633864 -0.011858 -0.0173188 -0.0225987 -0.027578 -0.0321473 -0.0361932 -0.0395926 -0.0422902 -0.0442304 -0.0453873 -0.0457509 -0.0453614 -0.0442258 -0.0424583 -0.0401445 -0.0374129 -0.0343725 -0.0311644 -0.0278687 -0.0246172 -0.0214918 -0.0185668 -0.0158733 -0.0134799 -0.0113652 -0.00956626 -0.00805836 -0.00680421 -0.00577613 -0.00495862 -0.00429112 -0.00378911 -0.00339898 -0.00310374 -0.00289513 -0.00275845 -0.00266833 -0.00264714 -0.00265633 -0.002721 -0.00285129 -0.0030484 -0.0033227 -0.00370937 -0.00419189 -0.00483531 -0.0056482 -0.00665719 -0.00790071 -0.00941135 -0.0111883 -0.0132868 -0.0156706 -0.0183411 -0.0212623 -0.0243889 -0.0276231 -0.0309074 -0.0341036 -0.0371175 -0.0398298 -0.0421263 -0.0438603 -0.0449648 -0.0453236 -0.0449117 -0.0437079 -0.0417307 -0.038982 -0.0355176 -0.0314078 -0.0267593 -0.0216968 -0.0163596 -0.0108452 -0.00527884 0.000212991 0.00552744 0.0105462 0.0151866 0.0193648 0.0231233 0.0264272 0.0292963 0.0317811 0.0339181 0.0357333 0.0372574 0.0384142 0.0391344 0.0392448 0.0386556 0.0372779 0.0350056 0.0318157 0.0277613 0.0230386 0.0178228 0.0123862 0.00698764 0.00189198 -0.00265579 -0.00646062 -0.00939599 -0.0113977 -0.0125261 -0.0128491 -0.012492 -0.0116158 -0.0103594 -0.00886729 -0.00725765 -0.00568489 -0.00418271 -0.00281682 -0.00160111 -0.000548866 0.000309895 0.000987953 0.00151592 0.0019528 0.00227262 0.00248815 0.00262722 0.00273335 0.00281084 0.00284445 0.00285879 0.00287155 0.0028754 0.00286205 0.00286084 0.00286835 0.00286454 0.00284961 0.00285034 0.00286612 
0 7.0172e-05 0.00014739 0.00020986 0.000291257 0.000364867 0.00043015 0.000482258 0.000567154 0.000636519 0.000658867 0.000688853 0.000707995 0.000695718 0.000612881 0.000492222 0.000289987 -1.18845e-05 -0.000431952 -0.00100046 -0.0017163 -0.00263781 -0.00375144 -0.00506613 -0.0065479 -0.00818456 -0.00992429 -0.0116787 -0.0133381 -0.0147243 -0.0157122 -0.016143 -0.0158326 -0.0146283 -0.0124422 -0.00922672 -0.00503415 -2.96294e-06 0.00568261 0.0117729 0.0179397 0.0238766 0.0293092 0.0339826 0.0376989 0.0403306 0.041896 0.0424788 0.0421548 0.0410456 0.0393371 0.0371418 0.0345561 0.0316412 0.0284066 0.0248404 0.0209313 0.0167139 0.0122045 0.00740924 0.00236712 -0.00284852 -0.00815364 -0.0134801 -0.0187203 -0.0237919 -0.0286324 -0.0331037 -0.037128 -0.0406045 -0.0434248 -0.0455793 -0.0470146 -0.0477013 -0.0476492 -0.0468562 -0.0453937 -0.0433285 -0.0407692 -0.0378568 -0.0346789 -0.0313681 -0.0280367 -0.0247602 -0.0216525 -0.0187581 -0.0161122 -0.0137757 -0.0117437 -0.0100038 -0.00855616 -0.00735405 -0.00637763 -0.00560902 -0.00499394 -0.00451304 -0.00415811 -0.00388841 -0.00370853 -0.00360692 -0.00356204 -0.00359279 -0.00369098 -0.00384607 -0.00409353 -0.00443404 -0.00488694 -0.00549155 -0.00625586 -0.00721164 -0.00840758 -0.00984497 -0.0115604 -0.0135864 -0.0159056 -0.0185262 -0.0214197 -0.0245133 -0.027775 -0.0311054 -0.0343954 -0.0375593 -0.0404597 -0.0429862 -0.0450186 -0.0464427 -0.0472045 -0.0472277 -0.0465036 -0.0450345 -0.0428143 -0.0399211 -0.0363823 -0.032271 -0.0277364 -0.0228463 -0.0176995 -0.0123999 -0.0070331 -0.00171106 0.0034711 0.0084268 0.0130925 0.0174377 0.0214394 0.0250912 0.0283906 0.0313574 0.0340149 0.036386 0.0384402 0.0400767 0.0412033 0.0416706 0.0413078 0.0399978 0.0376871 0.0343533 0.0300825 0.0250284 0.0194211 0.0135528 0.00771304 0.00220443 -0.00270356 -0.00681952 -0.0100094 -0.0122179 -0.0134741 -0.0138529 -0.0134901 -0.0125648 -0.0112581 -0.00966329 -0.00795363 -0.00625895 -0.00464645 -0.0031717 -0.00185718 -0.000739317 0.000205987 0.000948798 0.00153895 0.00200077 0.00235277 0.00260956 0.00276729 0.00288414 0.00296355 0.00302322 0.00304595 0.00305956 0.00306253 0.00305615 0.00306914 0.00307565 0.00307583 0.00306515 0.00307661 0.00309498 
0 6.02632e-05 0.000140008 0.000215464 0.000286903 0.000356049 0.000412526 0.000465098 0.000543615 0.000603284 0.000625801 0.000642171 0.00064951 0.000612881 0.000528617 0.000391833 0.00015191 -0.000186403 -0.000644084 -0.00124844 -0.0020428 -0.00303499 -0.00423208 -0.00564252 -0.00723506 -0.00899118 -0.0108326 -0.0127005 -0.0144486 -0.0159045 -0.0169232 -0.0173399 -0.0169572 -0.0156111 -0.0132235 -0.00974423 -0.00522431 0.000175608 0.00626546 0.0127754 0.0193471 0.0256587 0.0313682 0.0362319 0.0400373 0.0426758 0.0441132 0.0444096 0.0436998 0.042132 0.0399118 0.0371602 0.0340134 0.0305661 0.0268464 0.0228724 0.0186674 0.0142257 0.00961052 0.00482219 -0.000109476 -0.00514423 -0.0102183 -0.0152859 -0.0202701 -0.0250893 -0.0296877 -0.0339965 -0.0379496 -0.0414406 -0.0443951 -0.0467572 -0.0484595 -0.0494548 -0.0497464 -0.0493076 -0.0482 -0.0464523 -0.0441546 -0.0414164 -0.038359 -0.0350771 -0.0317032 -0.0283326 -0.0250707 -0.0219728 -0.0191204 -0.0165398 -0.0142759 -0.0123177 -0.0106501 -0.00925447 -0.00811874 -0.00718895 -0.00645393 -0.0058718 -0.00543595 -0.00512357 -0.00491183 -0.00477269 -0.00472326 -0.00475033 -0.00486585 -0.00506774 -0.00536982 -0.00578861 -0.00636046 -0.00707727 -0.00798424 -0.00910424 -0.010476 -0.0121264 -0.0140794 -0.0163303 -0.0189001 -0.0217427 -0.0248237 -0.0280732 -0.0314311 -0.0347808 -0.0380381 -0.0410782 -0.0437952 -0.0460742 -0.0478065 -0.0488802 -0.0492799 -0.0489445 -0.0478867 -0.0461272 -0.043713 -0.0406997 -0.0371457 -0.0331206 -0.0287326 -0.024055 -0.0191721 -0.0141435 -0.00904601 -0.00397148 0.00102227 0.00587162 0.0105272 0.0149447 0.0191578 0.0231198 0.0268148 0.0302636 0.0334683 0.0364028 0.0390181 0.0411861 0.0427929 0.0436232 0.0435238 0.0423807 0.0400986 0.0366701 0.0321923 0.026876 0.020929 0.0146634 0.00840911 0.00250975 -0.00274769 -0.00717639 -0.0106358 -0.0130392 -0.0144291 -0.0148789 -0.0145292 -0.0135729 -0.0121917 -0.0105224 -0.00870916 -0.00690897 -0.00517289 -0.00358344 -0.00218341 -0.000991143 1.56294e-05 0.000849845 0.0015048 0.00199813 0.00236086 0.00265166 0.00286202 0.00299707 0.00308192 0.00314631 0.00319156 0.00321763 0.00323056 0.00323962 0.00325554 0.00325786 0.00326205 0.00328175 0.00330286 0.00330423 
0 5.03842e-05 0.000128005 0.000187654 0.000238125 0.000300769 0.000372364 0.000418432 0.00046834 0.00051569 0.000546514 0.000566268 0.000547904 0.000492222 0.000391833 0.00022961 -4.63596e-05 -0.000419909 -0.000914066 -0.00159269 -0.0024702 -0.00354071 -0.00481085 -0.00631839 -0.00803269 -0.00990905 -0.0118608 -0.0138082 -0.0156249 -0.0171392 -0.0181902 -0.0185793 -0.0181013 -0.0166051 -0.0140126 -0.010269 -0.00543891 0.000311005 0.00678168 0.0136835 0.0206213 0.0272277 0.0331665 0.0381687 0.0420134 0.0445635 0.0457936 0.0457748 0.044638 0.042562 0.0397922 0.0364806 0.0327758 0.0288022 0.0246269 0.0202855 0.0158068 0.0112195 0.00656289 0.00183384 -0.00295041 -0.00775823 -0.0125567 -0.0173222 -0.0219913 -0.0265059 -0.0308434 -0.0349444 -0.0387706 -0.0422348 -0.0452536 -0.047781 -0.0497341 -0.0510425 -0.05169 -0.0516396 -0.0509153 -0.0495226 -0.0475254 -0.0450299 -0.0421366 -0.0389513 -0.0355971 -0.0321751 -0.0288034 -0.0255513 -0.022494 -0.0196933 -0.017188 -0.0149821 -0.0130821 -0.0114776 -0.0101563 -0.00908016 -0.00820772 -0.00751112 -0.00698635 -0.00660144 -0.00633545 -0.0061683 -0.00610245 -0.00614885 -0.0063012 -0.00654826 -0.00691343 -0.00741714 -0.00809182 -0.00895096 -0.0100163 -0.0113222 -0.012909 -0.0147881 -0.0169735 -0.0194645 -0.0222511 -0.0252944 -0.0285372 -0.0318951 -0.0353006 -0.0386367 -0.0417969 -0.0446703 -0.0471438 -0.0491123 -0.0504756 -0.0511582 -0.0511678 -0.0504776 -0.0491164 -0.0471158 -0.0445259 -0.0414358 -0.0379027 -0.0339922 -0.0298134 -0.0254052 -0.0208211 -0.0161096 -0.0113306 -0.00655011 -0.00180252 0.0028798 0.00746663 0.011937 0.0162959 0.0205141 0.0245759 0.0284885 0.0322328 0.0357513 0.0389419 0.0416503 0.0437496 0.0450204 0.0452583 0.0443199 0.0421232 0.0386672 0.0340664 0.0285188 0.0222709 0.0156634 0.00905278 0.00279159 -0.00281932 -0.00756386 -0.0112784 -0.013874 -0.0153971 -0.0159361 -0.0156297 -0.0146587 -0.013219 -0.0114647 -0.0095663 -0.00765886 -0.00581044 -0.00411377 -0.00261385 -0.001329 -0.000236689 0.000660043 0.00137826 0.00192383 0.00232531 0.00264189 0.00288174 0.00305148 0.00315086 0.00322169 0.00327657 0.00332361 0.00335287 0.00337114 0.00339452 0.00340218 0.00342117 0.00346056 0.00349574 0.00349817 
0 4.63325e-05 0.000111473 0.00014908 0.000180776 0.000235487 0.000303381 0.000334091 0.000358748 0.00038535 0.0003987 0.000403818 0.000368508 0.000289987 0.00015191 -4.63596e-05 -0.000345634 -0.000755073 -0.00130644 -0.00205681 -0.00299753 -0.00414198 -0.0055032 -0.00711009 -0.00893095 -0.0109165 -0.0129776 -0.0150086 -0.0168963 -0.018465 -0.0195298 -0.0198713 -0.0192903 -0.0176485 -0.0148606 -0.0108658 -0.0057277 0.000368117 0.00718305 0.0144043 0.0216382 0.0284924 0.0346098 0.0396837 0.0434913 0.0458862 0.0468468 0.046456 0.0448597 0.0422742 0.0389602 0.035094 0.0308418 0.0263655 0.0217724 0.0171233 0.0124458 0.00777032 0.003111 -0.00152781 -0.00613294 -0.0106789 -0.0151577 -0.019577 -0.0238988 -0.028084 -0.0321283 -0.035992 -0.0396543 -0.0430497 -0.0460995 -0.0487592 -0.0509295 -0.0525269 -0.0535157 -0.0538536 -0.0535303 -0.0525278 -0.0508788 -0.048679 -0.0460123 -0.0429853 -0.0397107 -0.036294 -0.0328543 -0.0294755 -0.0262357 -0.0232237 -0.0204841 -0.0180365 -0.0159011 -0.0140776 -0.0125548 -0.0113039 -0.0102724 -0.00944466 -0.00881947 -0.00836042 -0.00804038 -0.00784019 -0.00775686 -0.00781491 -0.00800132 -0.00830216 -0.00874432 -0.0093518 -0.0101517 -0.0111644 -0.0124001 -0.0139022 -0.0157124 -0.0178328 -0.0202619 -0.0229902 -0.0259831 -0.0291984 -0.032561 -0.0359809 -0.0393826 -0.0426485 -0.0456562 -0.0483015 -0.0504716 -0.0520805 -0.0530447 -0.0533238 -0.0529451 -0.0519132 -0.0502635 -0.0480437 -0.0453149 -0.0421863 -0.0387164 -0.0349662 -0.0310272 -0.02692 -0.0226739 -0.0183196 -0.0138929 -0.00943559 -0.00495675 -0.000468825 0.00400089 0.00845369 0.0128978 0.017326 0.0217203 0.0260674 0.0303173 0.0343841 0.0381357 0.0414064 0.0440318 0.0457695 0.0463786 0.0457034 0.0436607 0.0402399 0.0355706 0.0298599 0.0233812 0.0164846 0.00955286 0.00295854 -0.00298021 -0.00801855 -0.0119697 -0.0147562 -0.0164256 -0.017063 -0.0167992 -0.0158182 -0.0143283 -0.0124956 -0.0105146 -0.00850882 -0.00655669 -0.00475623 -0.00315985 -0.00177836 -0.000598164 0.000352687 0.00111657 0.00172595 0.00219834 0.00254603 0.00279288 0.00299135 0.00313551 0.00323388 0.00329902 0.00336351 0.00341273 0.003445 0.00348639 0.00351996 0.00355212 0.00359 0.00363607 0.00367003 
0 2.76345e-05 6.15379e-05 8.61036e-05 0.000102608 0.000140226 0.000166224 0.000179048 0.000197392 0.000203439 0.00018479 0.000152357 0.000104656 -1.18845e-05 -0.000186403 -0.000419909 -0.000755073 -0.00122698 -0.00185832 -0.0026523 -0.00365408 -0.0048837 -0.00636301 -0.00806987 -0.0099786 -0.0120584 -0.0142114 -0.0163424 -0.0183005 -0.0199061 -0.0209544 -0.0212375 -0.0205582 -0.018769 -0.0157837 -0.0115493 -0.00611844 0.000293765 0.00741057 0.0148939 0.0223497 0.0293894 0.0356039 0.0406803 0.0443641 0.0465368 0.0471795 0.0463773 0.0443117 0.0412156 0.037361 0.0329575 0.0282031 0.0232844 0.0183254 0.0134088 0.00859225 0.00386588 -0.000740019 -0.00523998 -0.00962836 -0.0138906 -0.018031 -0.0220795 -0.0260346 -0.0298753 -0.0335955 -0.0372049 -0.0406775 -0.043957 -0.0470079 -0.0497537 -0.052097 -0.0539453 -0.0552452 -0.0559468 -0.0560253 -0.0554318 -0.0541799 -0.0523225 -0.0499509 -0.0471325 -0.0439833 -0.0406207 -0.0371555 -0.0336824 -0.030313 -0.0271088 -0.0241524 -0.021472 -0.0190858 -0.0170263 -0.0152956 -0.0138403 -0.0126454 -0.0116769 -0.0109309 -0.0103906 -0.0100095 -0.00976027 -0.00967319 -0.00974036 -0.00996241 -0.0103312 -0.0108535 -0.0115702 -0.0125225 -0.013695 -0.0151267 -0.0168477 -0.0188834 -0.0212467 -0.0239171 -0.0268518 -0.0300413 -0.033401 -0.0368483 -0.0402933 -0.0436381 -0.0467605 -0.0495578 -0.0519063 -0.0537294 -0.0549476 -0.0555088 -0.0553888 -0.054638 -0.0532875 -0.0513778 -0.0489648 -0.0461529 -0.0430244 -0.0396603 -0.0361166 -0.0324359 -0.0286461 -0.02476 -0.0207819 -0.0167339 -0.0126309 -0.00845273 -0.00418937 0.000142548 0.00452689 0.00901898 0.0136009 0.0182625 0.022985 0.0276967 0.0322772 0.0365746 0.0404034 0.0435669 0.0457752 0.0467869 0.0464357 0.0446117 0.0413075 0.036629 0.0308284 0.0241841 0.0170621 0.00986058 0.00297494 -0.00325292 -0.0085588 -0.0127381 -0.0157116 -0.0175363 -0.0182783 -0.0180561 -0.0170778 -0.0155526 -0.0136702 -0.0116007 -0.00950747 -0.00746047 -0.00555419 -0.00385926 -0.00238247 -0.00112985 -9.57621e-05 0.000727419 0.00139991 0.00193509 0.00232824 0.00260486 0.0028248 0.00301715 0.00314778 0.00323681 0.0033154 0.00338433 0.00343935 0.00350194 0.00357042 0.00361741 0.00366245 0.00372281 0.00379779 
