0 0 0 0 0 0 0 0 0 0 0 0 0 0 0 0 0 0 0 0 0 0 0 0 0 0 0 0 0 0 0 0 0 0 0 0 0 0 0 0 0 0 0 0 0 0 0 0 0 0 0 0 0 0 0 0 0 0 0 0 0 0 0 0 0 0 0 0 0 0 0 0 0 0 0 0 0 0 0 0 0 0 0 0 0 0 0 0 0 0 0 0 0 0 0 0 0 0 0 0 0 0 0 0 0 0 0 0 0 0 0 0 0 0 0 0 0 0 0 0 0 0 0 0 0 0 0 0 0 0 0 0 0 0 0 0 0 0 0 0 0 0 0 0 0 0 0 0 0 0 0 0 0 0 0 0 0 0 0 0 0 0 0 0 0 0 0 0 0 0 0 0 0 0 0 0 0 0 0 0 0 0 0 0 0 0 0 0 0 0 0 0 0 0 0 0 0 0 0 0 
0 -9.0798e-06 1.13871e-05 4.17337e-05 4.3089e-05 3.88361e-05 4.20343e-05 7.02396e-05 9.63573e-05 9.91955e-05 9.20337e-05 0.000104857 0.000144876 0.000159855 0.000158987 0.000157496 0.00017612 0.000204699 0.000220077 0.000217447 0.000204706 0.000220801 0.00023793 0.00023489 0.000206913 0.000173127 0.000150601 0.000122817 7.52651e-05 -3.2186e-06 -8.89854e-05 -0.000165725 -0.000228637 -0.00028184 -0.000328511 -0.000341976 -0.000286981 -0.000156403 6.11235e-05 0.000373721 0.000777242 0.00127132 0.00185227 0.00249571 0.0031424 0.00374109 0.00424895 0.00463145 0.0048412 0.00482891 0.00458048 0.00410221 0.00339728 0.00250592 0.00148991 0.000395773 -0.000714484 -0.00178779 -0.002767 -0.00361243 -0.00430184 -0.00480102 -0.00510641 -0.00523946 -0.00521297 -0.0050495 -0.0047752 -0.00441912 -0.00400277 -0.00354671 -0.00308049 -0.00261572 -0.00218614 -0.00180154 -0.00145311 -0.00115492 -0.000906277 -0.000697338 -0.00052922 -0.000388706 -0.000278751 -0.000190173 -0.000119065 -6.92796e-05 -3.33951e-05 -1.42309e-05 -2.10679e-06 1.68986e-05 2.71236e-05 3.15937e-05 3.48914e-05 3.16374e-05 3.23999e-05 3.20235e-05 2.59354e-05 2.55814e-05 3.15342e-05 3.72742e-05 4.08306e-05 3.97707e-05 3.63535e-05 3.52878e-05 3.73017e-05 3.30843e-05 3.1225e-05 3.75978e-05 4.34458e-05 5.06977e-05 5.13619e-05 4.13589e-05 4.17047e-05 4.38244e-05 4.01333e-05 3.672e-05 2.38049e-05 1.05196e-05 -6.08652e-06 -4.29352e-05 -9.51161e-05 -0.000163466 -0.000247107 -0.000350743 -0.000491796 -0.000661688 -0.000872833 -0.0011272 -0.00141728 -0.0017564 -0.00213614 -0.00254982 -0.0030073 -0.003475 -0.00392701 -0.00434232 -0.00469698 -0.0049648 -0.00512301 -0.00515656 -0.00504049 -0.00475561 -0.00429289 -0.00364347 -0.00282286 -0.00186123 -0.000801875 0.000296133 0.00138406 0.00240461 0.003315 0.00406541 0.00459305 0.0048718 0.00491415 0.0047382 0.00438324 0.00389809 0.00331973 0.00269273 0.00205625 0.00146418 0.000959251 0.000557562 0.000252833 3.38756e-05 -0.000106174 -0.000174943 -0.000175721 -0.000129284 -7.17116e-05 -6.94801e-06 6.56401e-05 0.000135864 0.000207546 0.000265024 0.000309166 0.000336026 0.000361255 0.000383592 0.000392655 0.000398014 0.000393614 0.000398767 0.000393848 0.000382467 0.000373266 0.000368939 0.000367086 0.000353513 0.0003437 0.000330643 0.000330595 0.000330642 0.000318101 0.000306615 0.000307136 0.000314916 0.000306607 0.000302067 0.000302616 0.000307369 
0 1.13871e-05 4.3597e-05 6.86511e-05 8.6169e-05 0.000103331 0.000123012 0.000143701 0.000172298 0.000199123 0.000204669 0.000228976 0.000262951 0.000290002 0.000307627 0.000330135 0.000358449 0.000381667 0.000419349 0.000430299 0.000438312 0.000452583 0.000466221 0.00045681 0.000418429 0.000377706 0.000314782 0.00024262 0.000132095 -5.02103e-06 -0.000153125 -0.000301355 -0.000435456 -0.000551109 -0.000638804 -0.000645619 -0.000525662 -0.000260854 0.000161333 0.000762123 0.00156586 0.00254314 0.0037063 0.00495305 0.00621795 0.00740338 0.00840841 0.0091582 0.00955761 0.00954872 0.00906684 0.00810092 0.00669006 0.00493179 0.00292365 0.000771784 -0.00142421 -0.00352908 -0.00547881 -0.00714696 -0.00849004 -0.00947772 -0.0100908 -0.0103587 -0.0103262 -0.0100242 -0.00949881 -0.00880069 -0.00798277 -0.00708881 -0.00614276 -0.00522685 -0.00437566 -0.00360672 -0.00292625 -0.0023462 -0.00183291 -0.00141987 -0.00106867 -0.000780849 -0.000559568 -0.000390388 -0.000244815 -0.000146058 -6.51262e-05 -2.32836e-05 1.33472e-05 3.91639e-05 5.58226e-05 6.01254e-05 5.85325e-05 5.68698e-05 7.62376e-05 7.21366e-05 7.41407e-05 7.22031e-05 6.72878e-05 7.53306e-05 7.71711e-05 6.22482e-05 7.40852e-05 7.61175e-05 8.47747e-05 9.05422e-05 8.05817e-05 7.87028e-05 9.26002e-05 8.97129e-05 9.34886e-05 8.53936e-05 8.9982e-05 9.8644e-05 9.87867e-05 7.71978e-05 4.93445e-05 1.55087e-05 -1.51908e-05 -8.97569e-05 -0.000186309 -0.000327679 -0.000504721 -0.000724084 -0.000999858 -0.0013519 -0.0017537 -0.00225433 -0.00284289 -0.00352171 -0.00428214 -0.0051299 -0.00602322 -0.00694347 -0.0078268 -0.00863016 -0.00931319 -0.0098337 -0.0101474 -0.010207 -0.00997323 -0.00941699 -0.00848511 -0.00718504 -0.00558307 -0.00368715 -0.00160818 0.000566338 0.00272372 0.00476538 0.00657058 0.00802436 0.00904252 0.00961142 0.00970614 0.00937127 0.00867238 0.00772296 0.00658726 0.00533535 0.00409857 0.00294394 0.00196388 0.00115557 0.000531926 9.06929e-05 -0.000184218 -0.000315092 -0.000317371 -0.000241145 -0.000133369 -7.58298e-06 0.000143484 0.000294871 0.000427846 0.000545267 0.000618674 0.000683593 0.0007334 0.000778121 0.000794834 0.000788569 0.000782251 0.000779145 0.000781957 0.000758358 0.000738835 0.000723052 0.000713464 0.000705654 0.000691524 0.000671668 0.000659102 0.000664275 0.000653354 0.000635895 0.000632151 0.000632434 0.000623119 0.000617472 0.000617014 0.000610234 
0 4.17337e-05 6.86511e-05 8.82044e-05 0.00010829 0.000171949 0.000202672 0.000214676 0.000238208 0.000287503 0.000331354 0.000353773 0.000390878 0.000409854 0.000463707 0.000515981 0.00054867 0.000570152 0.000606899 0.000658436 0.000674778 0.000697053 0.000690232 0.000672026 0.000641525 0.000585475 0.000495246 0.000358662 0.00020111 1.34709e-05 -0.000188538 -0.000407175 -0.000620433 -0.000793719 -0.000904873 -0.000897941 -0.000710592 -0.000331756 0.000287908 0.00119561 0.002387 0.00384225 0.00553009 0.00737399 0.00922413 0.0109463 0.0124128 0.0135085 0.0140909 0.0140297 0.0132879 0.0118831 0.00982897 0.00724064 0.00429283 0.00112399 -0.00208945 -0.00519229 -0.00802633 -0.0104778 -0.0124828 -0.0139514 -0.0148712 -0.0152988 -0.0152714 -0.0148498 -0.0141009 -0.0131008 -0.0119101 -0.0105926 -0.00923456 -0.00788154 -0.00662565 -0.00549426 -0.00446542 -0.00357385 -0.00281706 -0.00217577 -0.00165496 -0.00122432 -0.00088847 -0.000618559 -0.000398425 -0.000236818 -0.000116718 -4.70722e-05 -3.06033e-06 4.91453e-05 7.299e-05 8.00482e-05 8.70552e-05 8.59158e-05 0.000100934 0.000111321 0.000101475 9.7455e-05 0.000102668 0.000106681 0.000107194 0.000101916 0.000100074 0.000109673 0.000126963 0.00012305 0.000114901 0.000121183 0.000126114 0.000137442 0.000138696 0.000119172 0.00012778 0.000139548 0.00013017 0.000111974 6.42602e-05 1.31767e-05 -4.67922e-05 -0.000160362 -0.000319375 -0.000530676 -0.000793757 -0.00112083 -0.00155382 -0.00207142 -0.00270438 -0.00346393 -0.00433499 -0.00535147 -0.0064882 -0.00771937 -0.0090529 -0.0103938 -0.0116703 -0.0128329 -0.0138248 -0.0145761 -0.0150143 -0.0150836 -0.0147081 -0.0138367 -0.0124533 -0.0105527 -0.00818582 -0.00542424 -0.00237114 0.000821003 0.00400244 0.00698683 0.00962742 0.0117809 0.0132947 0.0141191 0.0142869 0.013832 0.0128376 0.0114328 0.00974554 0.00793403 0.00612507 0.00444507 0.00298259 0.00177964 0.000851118 0.000197859 -0.00020171 -0.000397135 -0.000419778 -0.000320892 -0.000171689 2.4249e-05 0.000252161 0.00046164 0.000655948 0.000812801 0.000945199 0.00103835 0.00111452 0.00116955 0.00118842 0.00119878 0.00117991 0.00117947 0.0011629 0.00114128 0.00111855 0.00108937 0.00106849 0.00104656 0.00104626 0.00101434 0.000992632 0.000987126 0.000977999 0.00096524 0.000951109 0.000945869 0.000926682 0.000933582 0.00093098 0.000914826 
0 4.3089e-05 8.6169e-05 0.00010829 0.000142495 0.000203347 0.000255893 0.000281119 0.000318683 0.000382184 0.000429843 0.0004858 0.000532669 0.000571859 0.000625667 0.000695513 0.000748236 0.000770922 0.000827098 0.00087176 0.000908419 0.000926554 0.000924634 0.000904134 0.000861086 0.000799675 0.000668009 0.000503069 0.000298236 6.65547e-05 -0.000198735 -0.000495061 -0.000771826 -0.000982262 -0.00110359 -0.00107378 -0.000832033 -0.000329366 0.000493101 0.00168858 0.00327299 0.00516614 0.00735937 0.00969867 0.0120778 0.0143212 0.0162185 0.0175944 0.0182741 0.0181697 0.0172032 0.015364 0.0127031 0.00937217 0.00555028 0.00144663 -0.00272744 -0.00671915 -0.0103966 -0.0135632 -0.0161504 -0.0180989 -0.0193612 -0.0199685 -0.0199868 -0.0194767 -0.0185315 -0.0172557 -0.0157485 -0.0140898 -0.0123284 -0.0105926 -0.00894977 -0.00743868 -0.00607997 -0.00490377 -0.00386689 -0.00301693 -0.00229729 -0.0017053 -0.00124322 -0.000882428 -0.00057828 -0.000364791 -0.000197016 -0.000100473 -1.8088e-05 4.7956e-05 9.3532e-05 0.000111479 0.000113981 0.000111847 0.000138739 0.000130109 0.000128256 0.000125259 0.000125399 0.000146837 0.000156186 0.000134672 0.000146381 0.000144342 0.000153897 0.00015971 0.000146143 0.000149173 0.000177401 0.000180879 0.000186961 0.000168446 0.000167806 0.000173113 0.000164324 0.000121412 6.24133e-05 -1.15174e-05 -9.12253e-05 -0.000252231 -0.000464311 -0.000760764 -0.00113019 -0.00158589 -0.00215787 -0.00287862 -0.00371495 -0.00473707 -0.00592193 -0.00726633 -0.00874937 -0.0103718 -0.0120686 -0.0137948 -0.0154418 -0.0169326 -0.0181877 -0.0191201 -0.0196403 -0.0196625 -0.0191218 -0.0179734 -0.0161436 -0.0136513 -0.0106033 -0.00702226 -0.0030837 0.0010484 0.00515569 0.00903213 0.0124534 0.0152191 0.0171857 0.0183218 0.0185823 0.0180209 0.0167437 0.0149551 0.0128077 0.0104622 0.008141 0.00595396 0.0040484 0.00245499 0.0012327 0.000389016 -0.000133284 -0.000407601 -0.000465315 -0.00036077 -0.00015593 0.000107328 0.000397564 0.000656192 0.000879316 0.00109941 0.0012731 0.0014131 0.00149061 0.00154404 0.00157857 0.001603 0.00160966 0.00158502 0.00155877 0.00152396 0.00151545 0.00148915 0.00143989 0.00140162 0.00138746 0.00136639 0.00132939 0.00130828 0.00128542 0.00127061 0.00126569 0.00125074 0.00123005 0.00123375 0.00123993 0.00122488 
0 3.88361e-05 0.000103331 0.000171949 0.000203347 0.000259615 0.000309786 0.000370479 0.000431092 0.000482982 0.000527446 0.000586406 0.000675283 0.000719282 0.000777758 0.000848519 0.000919864 0.000978876 0.00104042 0.00110368 0.00113276 0.00117323 0.00117833 0.00115588 0.00110507 0.00101485 0.000870116 0.000666044 0.000429847 0.000148645 -0.000168517 -0.000515611 -0.000839834 -0.0010804 -0.00120472 -0.00115136 -0.000838136 -0.000221571 0.000787919 0.00226036 0.00417591 0.00647408 0.00909363 0.0119211 0.0147658 0.0174253 0.0196748 0.0213021 0.0220932 0.0218979 0.0206801 0.0184643 0.0152706 0.0112532 0.00665837 0.00171783 -0.00328556 -0.00809478 -0.0124868 -0.0163052 -0.0194661 -0.0218558 -0.0234341 -0.0242481 -0.0243423 -0.023803 -0.0227361 -0.021264 -0.0194879 -0.017505 -0.0154252 -0.0133275 -0.011332 -0.00948887 -0.00779479 -0.00630373 -0.00501734 -0.00392271 -0.00301868 -0.00227059 -0.00167694 -0.00119727 -0.000805281 -0.000511601 -0.000294914 -0.000158199 -6.06126e-05 3.63682e-05 9.21973e-05 0.00011663 0.000130635 0.000135172 0.000158211 0.000169693 0.000156994 0.000151278 0.000159705 0.00017294 0.000178142 0.000169812 0.000166228 0.000175631 0.000195386 0.000193255 0.000183286 0.00019215 0.000205021 0.000221582 0.000222737 0.000196076 0.000197378 0.000203021 0.000181347 0.000138497 5.35561e-05 -4.74045e-05 -0.000174362 -0.000385163 -0.000674265 -0.00105257 -0.00152074 -0.00209971 -0.00284467 -0.00374373 -0.00482977 -0.00611999 -0.00758834 -0.00925749 -0.0110877 -0.0130416 -0.0151061 -0.0171595 -0.0190957 -0.0208383 -0.0222987 -0.0233668 -0.0239259 -0.0238897 -0.0231628 -0.0216871 -0.0194425 -0.0164381 -0.0127492 -0.00846405 -0.00372831 0.00123792 0.00618999 0.0108381 0.0149463 0.0183029 0.0207059 0.0220816 0.0224433 0.0218292 0.0203546 0.0182217 0.0156441 0.0128657 0.0100828 0.0074644 0.00514477 0.00321211 0.00172251 0.000681872 3.043e-05 -0.000322744 -0.000417285 -0.000306327 -7.57712e-05 0.000236368 0.000579334 0.000882583 0.00116264 0.00141536 0.0016397 0.0017967 0.00189609 0.00195677 0.00198918 0.00202237 0.00201283 0.00199349 0.00194339 0.0019008 0.00188113 0.00185198 0.00180541 0.00174859 0.00173346 0.00170397 0.0016799 0.00165513 0.00162197 0.00160154 0.00159542 0.00158973 0.00155455 0.001551 0.00154793 0.00153697 
0 4.20343e-05 0.000123012 0.000202672 0.000255893 0.000309786 0.00037134 0.000441376 0.000521478 0.000591617 0.000636916 0.000710526 0.000803906 0.000878606 0.000946861 0.00102655 0.00110847 0.00117944 0.00126823 0.00133132 0.00137651 0.00141774 0.00143622 0.0014154 0.00135216 0.00125675 0.00108971 0.000867882 0.000589106 0.000266881 -8.95603e-05 -0.000469537 -0.000821092 -0.00108704 -0.00122001 -0.00113107 -0.000737201 1.92441e-05 0.00120985 0.00290424 0.00511666 0.00776287 0.0107856 0.0139979 0.0172245 0.0202363 0.0227644 0.0245639 0.0254036 0.0251507 0.0237273 0.0211352 0.0174447 0.0128473 0.00759078 0.00195341 -0.00376921 -0.00925929 -0.0143081 -0.0186992 -0.0223384 -0.0251417 -0.0270492 -0.0280841 -0.0283109 -0.0278046 -0.0266791 -0.0250688 -0.0230993 -0.0208807 -0.0185026 -0.0161066 -0.0137939 -0.0116236 -0.0096291 -0.0078559 -0.0062848 -0.00495611 -0.00383224 -0.00290444 -0.00216728 -0.00157728 -0.00108662 -0.000718521 -0.000435914 -0.00025085 -0.000105934 9.92224e-06 8.53655e-05 0.000118695 0.000132816 0.000145985 0.000186364 0.00019492 0.000193815 0.000186798 0.000185092 0.000201098 0.000206226 0.00018701 0.000196958 0.000207067 0.000229137 0.000238688 0.000224945 0.000223125 0.000242455 0.000247215 0.000250015 0.00022995 0.000227879 0.000227553 0.000200566 0.000126922 1.58762e-05 -0.000123685 -0.00029072 -0.000559516 -0.000916539 -0.00139311 -0.00198783 -0.00272021 -0.00363034 -0.00474569 -0.0060511 -0.00760195 -0.00937253 -0.0113501 -0.0134961 -0.0157825 -0.0181324 -0.0204573 -0.0226299 -0.024559 -0.0261466 -0.0272764 -0.0278227 -0.0276717 -0.0267407 -0.0249785 -0.0223319 -0.018837 -0.0146081 -0.00970014 -0.00429699 0.00138264 0.0070462 0.0123892 0.0171103 0.0209498 0.0237212 0.0253649 0.0258416 0.0251999 0.0235688 0.0211911 0.0182931 0.0151201 0.0119474 0.00894849 0.00629718 0.00406194 0.00231704 0.00107994 0.000290487 -0.000136683 -0.000255905 -0.000148509 9.39012e-05 0.000421217 0.000799545 0.00116305 0.00148894 0.00177875 0.00200174 0.00217824 0.00230153 0.00238997 0.0024289 0.00243099 0.00241414 0.0023933 0.00236705 0.00231012 0.00226052 0.00221495 0.00217287 0.00213292 0.00209311 0.00204432 0.00201007 0.00199893 0.00196637 0.00192677 0.00191291 0.00190559 0.0018802 0.00186676 0.00186122 0.00185066 
0 7.02396e-05 0.000143701 0.000214676 0.000281119 0.000370479 0.000441376 0.000505974 0.00059184 0.00068848 0.000766501 0.000841739 0.000940323 0.00103037 0.00112673 0.00122072 0.00130935 0.00139825 0.00149629 0.00157569 0.00162427 0.00167797 0.00170615 0.00168794 0.00161916 0.00150787 0.0013396 0.00110629 0.000807428 0.000447131 5.41977e-05 -0.000345355 -0.000706259 -0.000980002 -0.00110893 -0.000992471 -0.000524613 0.000353976 0.00171527 0.00362255 0.00607492 0.00901162 0.0123472 0.0159018 0.0194386 0.0227019 0.0254208 0.0273375 0.0282032 0.0278514 0.026218 0.0233226 0.0192343 0.0141521 0.00835913 0.00215059 -0.00414382 -0.0102036 -0.0157737 -0.0206595 -0.0247499 -0.0279369 -0.0301607 -0.0314431 -0.0318315 -0.0314101 -0.0302966 -0.0286323 -0.026546 -0.0241577 -0.0215831 -0.0189421 -0.0163568 -0.0138981 -0.0116018 -0.00952852 -0.00769374 -0.00611195 -0.00477596 -0.0036655 -0.00276807 -0.00203847 -0.00144065 -0.000979493 -0.000634004 -0.000393901 -0.000209591 -5.30778e-05 5.1303e-05 0.000106242 0.000134407 0.000155204 0.000189191 0.000203586 0.000196477 0.000191066 0.000199766 0.00022035 0.000229438 0.000219432 0.000217144 0.00022586 0.000244279 0.000248106 0.000239153 0.000245129 0.000263403 0.000278754 0.000277385 0.000250102 0.00023502 0.000219506 0.000172578 8.35708e-05 -5.60446e-05 -0.000232945 -0.000461095 -0.000797567 -0.00124888 -0.00183127 -0.00255149 -0.003437 -0.00453734 -0.00586361 -0.0074298 -0.00925378 -0.011305 -0.013569 -0.0159958 -0.0185369 -0.0211335 -0.0236651 -0.0260033 -0.0280507 -0.0297006 -0.0308245 -0.0312856 -0.0309774 -0.0298119 -0.0277392 -0.0247361 -0.0208348 -0.016126 -0.0107037 -0.00474226 0.00150824 0.00774244 0.0136222 0.0188419 0.0231289 0.026256 0.0281238 0.0287148 0.0280818 0.0263671 0.0238086 0.0206594 0.0171991 0.0136981 0.0103823 0.00743506 0.0049581 0.0030099 0.00160017 0.000680493 0.000174857 2.14409e-05 0.000120692 0.000362311 0.000696911 0.00109329 0.00149013 0.00185677 0.00216376 0.00240127 0.00258276 0.00272717 0.00283216 0.00287326 0.00286703 0.00283427 0.00281787 0.00279143 0.0027336 0.00266126 0.00259437 0.00254915 0.00250982 0.00246437 0.00239119 0.00234362 0.00232918 0.00230224 0.0022574 0.00222678 0.00221592 0.0021955 0.00218955 0.00218043 0.00216664 
0 9.63573e-05 0.000172298 0.000238208 0.000318683 0.000431092 0.000521478 0.00059184 0.000678815 0.000785205 0.000886564 0.000980215 0.00108515 0.00118412 0.00129201 0.0014045 0.00151328 0.00162039 0.0017267 0.00181756 0.00188408 0.00195248 0.0019946 0.00198357 0.00191419 0.00179529 0.00162631 0.00139292 0.00108544 0.00070324 0.000284022 -0.000127589 -0.000484356 -0.000744903 -0.000852151 -0.000700394 -0.000171068 0.000812496 0.00231764 0.00439384 0.00703421 0.0101869 0.0137522 0.0175451 0.0213036 0.024747 0.0275886 0.0295582 0.0304116 0.0299737 0.0281702 0.0250149 0.0206002 0.0151418 0.00893703 0.00229932 -0.00442907 -0.0109234 -0.0169117 -0.0221978 -0.0266554 -0.0301793 -0.032709 -0.0342523 -0.0348498 -0.0345798 -0.0335565 -0.0319206 -0.0298044 -0.0273282 -0.0246143 -0.021787 -0.0189744 -0.0162597 -0.0136976 -0.0113508 -0.00925253 -0.00741885 -0.00585359 -0.00454164 -0.00346807 -0.00258923 -0.00187133 -0.0013082 -0.000884489 -0.000576233 -0.000338091 -0.000141595 -5.16475e-06 7.2986e-05 0.000116348 0.000150435 0.000188296 0.000208222 0.000203983 0.000199875 0.000211128 0.000233042 0.000243669 0.000237315 0.000232752 0.00024176 0.000258638 0.000263245 0.00025757 0.00026348 0.000280295 0.000295336 0.000289289 0.000259658 0.000232696 0.000199995 0.000132031 1.41559e-05 -0.000162378 -0.000388262 -0.000684688 -0.00109957 -0.00165238 -0.00235607 -0.00322277 -0.00428136 -0.00557862 -0.00712818 -0.00894512 -0.011032 -0.0133571 -0.0158851 -0.0185584 -0.0213165 -0.0240906 -0.0267571 -0.0291869 -0.0312704 -0.0328944 -0.033929 -0.0342431 -0.0337353 -0.0323302 -0.0299794 -0.0266622 -0.0224109 -0.0173102 -0.0114731 -0.00508048 0.00160271 0.00826392 0.0145614 0.0201754 0.0248119 0.0282301 0.0303045 0.0310092 0.0304022 0.0286486 0.0259929 0.0226954 0.019037 0.0152985 0.011742 0.00857053 0.00590365 0.00379433 0.00224634 0.00121389 0.000629638 0.000426283 0.000501437 0.000741811 0.00108563 0.00148889 0.00189443 0.00227245 0.00259662 0.00285635 0.00304823 0.00318683 0.0032765 0.00331548 0.00331754 0.00328875 0.00325128 0.00319522 0.00313014 0.00306657 0.00299951 0.00292945 0.00286814 0.00282242 0.00276288 0.00270784 0.00266819 0.0026342 0.00259939 0.00256936 0.00254406 0.00251778 0.00251248 0.00250414 0.00248664 
0 9.91955e-05 0.000199123 0.000287503 0.000382184 0.000482982 0.000591617 0.00068848 0.000785205 0.000886848 0.000994487 0.00111752 0.00123087 0.00134245 0.00145691 0.00159272 0.00172395 0.00184096 0.00196253 0.00207258 0.00217448 0.00224781 0.00229467 0.00229554 0.00224474 0.00214065 0.00196555 0.00172557 0.00141218 0.0010398 0.000628496 0.000218629 -0.000138122 -0.000388601 -0.000464834 -0.000261422 0.000324379 0.0013856 0.00298616 0.0051702 0.00794356 0.0112432 0.0149672 0.0189002 0.0227853 0.0263249 0.0292224 0.031204 0.0320261 0.0315158 0.0295755 0.0262078 0.0215463 0.0158251 0.0093373 0.00241813 -0.00460549 -0.0114008 -0.0177101 -0.0233128 -0.0280635 -0.0318741 -0.0346826 -0.0364856 -0.0373337 -0.0372847 -0.0364387 -0.0349186 -0.0328541 -0.0303674 -0.0275732 -0.0246286 -0.0216487 -0.0187235 -0.0159348 -0.0133386 -0.0109749 -0.00889335 -0.00708814 -0.00556468 -0.00430321 -0.00326329 -0.00240635 -0.00172584 -0.00120305 -0.00081314 -0.000508307 -0.0002737 -0.000103527 -1.96457e-07 6.14172e-05 0.000116036 0.000170775 0.000198997 0.000208005 0.000205359 0.000209539 0.000226423 0.000233532 0.000225082 0.000229924 0.000244182 0.000264445 0.000276854 0.000271444 0.000267778 0.000279943 0.000282123 0.000270088 0.000241743 0.000204731 0.000154591 6.51614e-05 -9.43088e-05 -0.000317854 -0.000609883 -0.000987005 -0.00149546 -0.00215774 -0.00299404 -0.00402248 -0.00527334 -0.00677751 -0.00856857 -0.0106287 -0.0129621 -0.0155388 -0.0182946 -0.0211724 -0.0241097 -0.0269964 -0.0297257 -0.0321605 -0.0341852 -0.0356914 -0.0365618 -0.0366826 -0.0359483 -0.0342972 -0.0316873 -0.0280876 -0.0235418 -0.018144 -0.0120023 -0.00531449 0.00166653 0.00861977 0.0152208 0.0211265 0.0260135 0.029644 0.0318868 0.0326986 0.0321506 0.0304088 0.0277193 0.0243451 0.0205628 0.0166878 0.0129859 0.00967722 0.00687519 0.00464208 0.00298807 0.00187131 0.00122906 0.000978603 0.00101586 0.00124201 0.00158316 0.00198401 0.00238936 0.00275911 0.00309094 0.00335785 0.00355879 0.00368325 0.00375193 0.00378512 0.00378432 0.00375998 0.00369325 0.00361074 0.00352995 0.00347227 0.0034094 0.00331632 0.00323214 0.0031745 0.00313783 0.00308375 0.00302132 0.00297129 0.00294359 0.00292551 0.00288916 0.00285474 0.00283633 0.00282836 0.00281292 
0 9.20337e-05 0.000204669 0.000331354 0.000429843 0.000527446 0.000636916 0.000766501 0.000886564 0.000994487 0.0011229 0.00125154 0.00138693 0.00151253 0.00165737 0.001809 0.00194555 0.00207963 0.00220856 0.00235834 0.00247673 0.00256105 0.00260653 0.00262508 0.00261307 0.00252711 0.00236631 0.00211573 0.00181576 0.00147264 0.00109141 0.000696848 0.00033922 9.44227e-05 5.48559e-05 0.000302457 0.000933339 0.00202777 0.00367386 0.00592655 0.00876495 0.0121521 0.015932 0.019937 0.0238642 0.0274166 0.0303145 0.0322777 0.03306 0.0324581 0.030401 0.0269126 0.0221123 0.0162306 0.00958969 0.00250941 -0.00466894 -0.0116586 -0.0181572 -0.0239908 -0.0289923 -0.0330445 -0.0361063 -0.0381852 -0.0392988 -0.0395142 -0.0389104 -0.037588 -0.035658 -0.033235 -0.0304666 -0.0274667 -0.0243785 -0.0213042 -0.0183146 -0.0154787 -0.0128877 -0.0105442 -0.00850467 -0.00676121 -0.00529197 -0.00406575 -0.003065 -0.00224707 -0.00162313 -0.00113602 -0.000762252 -0.000463311 -0.000248723 -0.00010616 -1.43868e-05 6.0898e-05 0.000113243 0.000160053 0.00016848 0.000172822 0.000188019 0.000202149 0.000208458 0.000215969 0.00020763 0.000225979 0.00024379 0.000248349 0.000248432 0.000251412 0.000250858 0.000259586 0.000236103 0.000197379 0.00013995 6.16002e-05 -6.98403e-05 -0.000266137 -0.000546189 -0.000903869 -0.00138066 -0.00198835 -0.00278651 -0.00377327 -0.00497487 -0.00642737 -0.00816627 -0.0101816 -0.0125038 -0.0150735 -0.0178596 -0.0208053 -0.0238402 -0.0268695 -0.0298171 -0.0325337 -0.0348955 -0.0367849 -0.0381044 -0.038748 -0.0386129 -0.0376281 -0.0357217 -0.0328447 -0.0290105 -0.0242534 -0.018629 -0.0123026 -0.00543308 0.00171057 0.00883865 0.0156036 0.0216747 0.0267378 0.0305289 0.0328824 0.0337961 0.0333315 0.0316516 0.0289649 0.0255583 0.0217522 0.0178229 0.0140737 0.0106858 0.00781519 0.00551557 0.00380078 0.00264252 0.00196611 0.00167711 0.00167723 0.00187551 0.00220337 0.00258797 0.00297565 0.00333552 0.00364153 0.00390564 0.004088 0.00420889 0.00426724 0.00428753 0.00427715 0.00422643 0.00415919 0.00406546 0.00398324 0.00389761 0.00381422 0.00372471 0.00363127 0.00355932 0.00349643 0.00344348 0.00337602 0.00331805 0.00327928 0.00324922 0.00322138 0.00318646 0.00316489 0.00315021 0.00314594 
0 0.000104857 0.000228976 0.000353773 0.0004858 0.000586406 0.000710526 0.000841739 0.000980215 0.00111752 0.00125154 0.00139619 0.00153005 0.00169909 0.00185754 0.00201673 0.00216973 0.00232661 0.00249024 0.00263902 0.0027881 0.00288733 0.00296699 0.00301265 0.00301821 0.00296193 0.00282194 0.00261004 0.00233495 0.00202191 0.00166389 0.00129081 0.000955713 0.000737694 0.000719419 0.000990816 0.00161839 0.00271686 0.00436602 0.00661172 0.00946245 0.0128381 0.0166036 0.0205508 0.0244494 0.0279937 0.0308639 0.032763 0.0334665 0.0328153 0.0307152 0.0271571 0.0223095 0.0163981 0.00970062 0.00257572 -0.00466365 -0.0117075 -0.0183149 -0.024274 -0.0294217 -0.033684 -0.0370009 -0.0393408 -0.0407504 -0.0412608 -0.0409454 -0.0398842 -0.0381802 -0.0359291 -0.0332355 -0.0302652 -0.0271272 -0.0239321 -0.0208023 -0.0177887 -0.0149643 -0.0124023 -0.0101132 -0.00812982 -0.00643957 -0.00502135 -0.00384768 -0.00289615 -0.00214581 -0.00155526 -0.00108527 -0.000726291 -0.000447647 -0.000256473 -0.000130519 -3.3283e-05 3.61036e-05 7.59706e-05 0.00010296 0.000115056 0.000132255 0.000156849 0.000172743 0.000173376 0.000177534 0.000182671 0.000188712 0.000197247 0.0001998 0.000198558 0.000210412 0.000202662 0.000171358 0.00012057 3.43024e-05 -8.62686e-05 -0.000255164 -0.000512738 -0.000850374 -0.00129286 -0.00186539 -0.00260207 -0.00354032 -0.00469836 -0.00610276 -0.00777786 -0.00972977 -0.0119977 -0.0145358 -0.0173155 -0.0203037 -0.0233926 -0.0265189 -0.0296037 -0.0325058 -0.0351311 -0.0373513 -0.0390413 -0.0401052 -0.0404562 -0.040033 -0.0387536 -0.0365895 -0.0335077 -0.0294829 -0.0245592 -0.0188199 -0.0123852 -0.00544854 0.00175723 0.00892262 0.015752 0.0218895 0.026996 0.0308555 0.0333164 0.0343198 0.0339235 0.0322908 0.0296606 0.0263182 0.0225462 0.0186654 0.0149318 0.0115567 0.0086748 0.00637486 0.00467075 0.00351175 0.00282513 0.00250397 0.00247112 0.00265579 0.00296626 0.00332108 0.00368232 0.00400472 0.00429295 0.00451855 0.00468584 0.00478261 0.00482262 0.00482687 0.00477965 0.00472022 0.00462699 0.00454372 0.00444472 0.00432817 0.00421837 0.00412544 0.0040547 0.00395234 0.00386574 0.00379181 0.00374203 0.00369216 0.00363106 0.0035838 0.0035485 0.00353774 0.00350529 0.00348681 0.00348038 
0 0.000144876 0.000262951 0.000390878 0.000532669 0.000675283 0.000803906 0.000940323 0.00108515 0.00123087 0.00138693 0.00153005 0.00169512 0.0018728 0.00204325 0.00220535 0.00238955 0.00260251 0.00277501 0.00294344 0.00310462 0.00325821 0.00338371 0.00346126 0.00348856 0.00344576 0.00336309 0.00320369 0.00297646 0.00268775 0.00235321 0.00201772 0.00172076 0.00152325 0.00151555 0.00176477 0.00236223 0.00340751 0.00500023 0.00718642 0.00994167 0.013233 0.0168803 0.0207449 0.0245505 0.0280042 0.0308136 0.0326738 0.0333431 0.0326392 0.0305151 0.0269969 0.022203 0.0163347 0.00969638 0.00261738 -0.0045645 -0.0115906 -0.0181778 -0.024187 -0.0294487 -0.0338543 -0.0373679 -0.0399783 -0.0416807 -0.0425276 -0.0425635 -0.0418335 -0.0404107 -0.0383782 -0.0358684 -0.0329862 -0.0298701 -0.0266429 -0.0234025 -0.020222 -0.0172303 -0.0144371 -0.0119304 -0.00972375 -0.00780138 -0.0061623 -0.00480797 -0.00367597 -0.00278824 -0.00206984 -0.00151036 -0.00107142 -0.000739189 -0.000493954 -0.000322425 -0.000187999 -0.000105578 -3.03825e-05 4.24112e-06 2.7621e-05 5.00561e-05 6.21979e-05 6.89853e-05 8.76027e-05 8.33933e-05 0.000103437 0.000115003 0.000118447 0.000122083 0.000120637 0.000104257 9.18554e-05 3.99291e-05 -2.66819e-05 -0.000138236 -0.000292069 -0.000517186 -0.000828842 -0.00124881 -0.00178772 -0.00249864 -0.0033686 -0.00447773 -0.00581765 -0.00741771 -0.00931131 -0.0115085 -0.0139854 -0.0167598 -0.0197263 -0.0228445 -0.0260303 -0.0292032 -0.0322492 -0.035072 -0.0375298 -0.0395152 -0.0409153 -0.0416633 -0.0416919 -0.040947 -0.039397 -0.0369877 -0.0336815 -0.0295137 -0.0245158 -0.0187165 -0.0122879 -0.00536774 0.00179383 0.00892649 0.0156945 0.0217728 0.0268676 0.03074 0.0332046 0.0342464 0.0339181 0.0323743 0.0298124 0.0265449 0.0229012 0.0191309 0.0155146 0.0122114 0.00941419 0.00719338 0.00554679 0.00443127 0.00376298 0.00344599 0.00340583 0.00357431 0.00386354 0.00418283 0.00450479 0.00480085 0.00504166 0.00523883 0.00535842 0.00543066 0.00543632 0.00539746 0.00532671 0.00523309 0.00513039 0.00500684 0.00489368 0.0047575 0.0046333 0.00453753 0.00444881 0.0043509 0.00424906 0.00417491 0.00411444 0.00406852 0.00401086 0.00394427 0.00390736 0.00388972 0.00386301 0.00383098 0.00381962 
0 0.000159855 0.000290002 0.000409854 0.000571859 0.000719282 0.000878606 0.00103037 0.00118412 0.00134245 0.00151253 0.00169909 0.0018728 0.00207291 0.00225057 0.0024396 0.00265641 0.00288443 0.00308452 0.00326625 0.00347171 0.00365046 0.00381861 0.00394254 0.00400918 0.00401757 0.00398648 0.00389558 0.00371839 0.00347539 0.0031832 0.0028862 0.00261204 0.0024159 0.00237215 0.00257608 0.00309995 0.00406287 0.00553628 0.00756025 0.0101652 0.0132966 0.0167981 0.0204837 0.0241451 0.0274958 0.0302223 0.0320171 0.0326601 0.0319885 0.029925 0.0264661 0.0217847 0.0160755 0.0095849 0.00266041 -0.0043966 -0.0113077 -0.0178408 -0.0238184 -0.0290933 -0.0336071 -0.0373132 -0.0401629 -0.0421807 -0.0433745 -0.0437784 -0.0434137 -0.0423389 -0.0406124 -0.0383267 -0.0356203 -0.0325972 -0.0293805 -0.0261093 -0.0228378 -0.0196727 -0.0166974 -0.0139598 -0.0115138 -0.00936232 -0.00751004 -0.0059499 -0.004648 -0.00358948 -0.00272947 -0.00204705 -0.00152616 -0.00111641 -0.000810757 -0.00058634 -0.000414406 -0.000296656 -0.000211525 -0.000148617 -0.000114119 -9.06894e-05 -7.57532e-05 -6.3159e-05 -5.08604e-05 -3.80749e-05 -2.47248e-05 -1.69821e-05 -9.93143e-06 -6.74048e-06 -2.07297e-05 -3.91486e-05 -8.00776e-05 -0.000147939 -0.00023629 -0.00037965 -0.000586532 -0.000868656 -0.00126477 -0.00177574 -0.00243504 -0.00327214 -0.00430386 -0.00558007 -0.00711888 -0.00895148 -0.0110881 -0.0135048 -0.0162135 -0.0191553 -0.0222592 -0.0254846 -0.0287082 -0.0318577 -0.0348307 -0.037474 -0.0396915 -0.0413847 -0.0424513 -0.0428374 -0.0425019 -0.0414358 -0.0395877 -0.0369434 -0.0334795 -0.0291994 -0.0241452 -0.0183789 -0.0120188 -0.0052182 0.00182043 0.00881041 0.0154624 0.0214243 0.0263838 0.0301635 0.0326082 0.0336629 0.033371 0.0318874 0.0294343 0.0263072 0.0227921 0.0191868 0.015735 0.0126215 0.00998475 0.00790133 0.00636497 0.00533222 0.00474416 0.00448482 0.00447401 0.00463619 0.00488739 0.00516315 0.00545359 0.00570467 0.0058996 0.00602201 0.00609057 0.00611631 0.0060899 0.00601924 0.00590318 0.00579514 0.00565678 0.00551618 0.00537236 0.0052304 0.0051025 0.0049758 0.00486054 0.00473936 0.00466119 0.00457228 0.00447983 0.00441303 0.00436386 0.00431249 0.00425467 0.00423332 0.00419873 0.00417829 0.00416931 
0 0.000158987 0.000307627 0.000463707 0.000625667 0.000777758 0.000946861 0.00112673 0.00129201 0.00145691 0.00165737 0.00185754 0.00204325 0.00225057 0.0024729 0.00269763 0.00292471 0.00316442 0.00339307 0.00363891 0.00388346 0.00409458 0.00429542 0.00447784 0.0046173 0.00468962 0.00472499 0.00469128 0.00457604 0.00439347 0.00415152 0.00388548 0.00361665 0.00338984 0.00328553 0.00338505 0.00378394 0.00458793 0.00587636 0.00768846 0.0100484 0.0129497 0.0162326 0.0197435 0.0232402 0.0264459 0.0290804 0.0308473 0.0315075 0.0308839 0.0289185 0.0256299 0.0211491 0.0156509 0.00938865 0.00268034 -0.00416535 -0.0108996 -0.017279 -0.0231748 -0.0284505 -0.0330318 -0.0368842 -0.0399696 -0.0422697 -0.0438074 -0.0445957 -0.0446277 -0.0439382 -0.0425714 -0.0406124 -0.0381496 -0.0352895 -0.032163 -0.0288937 -0.0255593 -0.0222957 -0.0191534 -0.0162266 -0.0135629 -0.0111696 -0.00907963 -0.00731005 -0.00580841 -0.00458225 -0.00356813 -0.0027576 -0.00212176 -0.00161952 -0.00122874 -0.000940203 -0.00072556 -0.000588691 -0.000477878 -0.000400169 -0.000343735 -0.000302862 -0.000279433 -0.000261479 -0.000235993 -0.000230732 -0.000220729 -0.000223004 -0.000225674 -0.000224444 -0.000235169 -0.000267535 -0.000317232 -0.000410403 -0.000534404 -0.000731635 -0.00100362 -0.00136717 -0.00184367 -0.00245377 -0.00323311 -0.00423038 -0.00543455 -0.00691478 -0.00867177 -0.0107268 -0.0130901 -0.0157312 -0.0186198 -0.021731 -0.0249481 -0.028213 -0.0314176 -0.0344759 -0.0372711 -0.0396799 -0.0415946 -0.0429375 -0.0436276 -0.0436372 -0.0429406 -0.0415323 -0.0394043 -0.0365304 -0.0328995 -0.0285565 -0.0235316 -0.0178435 -0.0116216 -0.00498602 0.00185486 0.00864142 0.0150646 0.0208055 0.0255985 0.0292514 0.0315895 0.0325818 0.0322918 0.0308726 0.0285154 0.025517 0.0221847 0.0187796 0.0155587 0.0126772 0.0102872 0.00842674 0.00706851 0.00618802 0.00572737 0.00557414 0.00562612 0.005804 0.00603694 0.00627941 0.00653136 0.00673834 0.00686549 0.00692429 0.00692074 0.00688899 0.00681243 0.00669708 0.00654407 0.00638048 0.00620851 0.00603604 0.00587901 0.00571364 0.00556151 0.00541893 0.00527509 0.0051473 0.00506432 0.00497739 0.00486012 0.00477534 0.00473203 0.00468398 0.00462658 0.0045867 0.00455141 0.00452889 0.00452618 
0 0.000157496 0.000330135 0.000515981 0.000695513 0.000848519 0.00102655 0.00122072 0.0014045 0.00159272 0.001809 0.00201673 0.00220535 0.0024396 0.00269763 0.00294826 0.00319305 0.00345679 0.00373079 0.00402502 0.00432434 0.00458774 0.00484302 0.00509049 0.00530756 0.00546543 0.0055764 0.00561303 0.0055633 0.00543646 0.0052305 0.00497414 0.00468677 0.00440681 0.00419767 0.00414589 0.00435074 0.00493456 0.00597431 0.00750377 0.00956596 0.0121682 0.0151841 0.0184631 0.0217854 0.0248702 0.0274258 0.0291696 0.0298861 0.0293979 0.0276173 0.0245411 0.0203077 0.0150854 0.00910275 0.00267091 -0.00391837 -0.0104212 -0.0166155 -0.0223686 -0.0275719 -0.032177 -0.0361498 -0.0394345 -0.0420123 -0.0438863 -0.0450572 -0.0455027 -0.0452387 -0.0442829 -0.0426902 -0.0405328 -0.0378993 -0.0349198 -0.0317303 -0.0284077 -0.0250787 -0.0218204 -0.0187224 -0.0158495 -0.0132298 -0.0109086 -0.00891059 -0.0072014 -0.00577488 -0.0045858 -0.00362701 -0.00287271 -0.00226933 -0.00179226 -0.00142765 -0.00115668 -0.000973954 -0.000833031 -0.000725558 -0.000649732 -0.000598439 -0.000569426 -0.000544948 -0.00051708 -0.000503949 -0.000497135 -0.000502339 -0.000507693 -0.000510762 -0.000533896 -0.00058407 -0.00066487 -0.000788615 -0.000953394 -0.00120105 -0.00154384 -0.00199185 -0.00257057 -0.00330261 -0.004232 -0.00539816 -0.00679935 -0.0084855 -0.0104664 -0.0127575 -0.0153462 -0.0181822 -0.0212337 -0.024451 -0.0277268 -0.0309918 -0.0341232 -0.0370292 -0.0395937 -0.0416892 -0.0432348 -0.0441817 -0.0444707 -0.0440861 -0.043018 -0.0412837 -0.0388825 -0.0358147 -0.0320826 -0.0277213 -0.0227487 -0.0171828 -0.0111276 -0.00470531 0.00188894 0.00840031 0.0145462 0.0200165 0.0245549 0.0279948 0.0301772 0.0310614 0.0307133 0.0293036 0.0270415 0.0242045 0.021071 0.0179044 0.0149467 0.0123576 0.0102638 0.00868959 0.00759151 0.00693641 0.00666325 0.00664739 0.00679519 0.00703729 0.00730321 0.00754023 0.00774814 0.00788864 0.00794948 0.00794418 0.00787735 0.00776248 0.00759921 0.00741814 0.00722187 0.00701404 0.00678412 0.006575 0.00639473 0.0062037 0.00601898 0.00586165 0.00571981 0.00557625 0.00546942 0.00537004 0.00526216 0.00517721 0.00511504 0.00505293 0.00499604 0.00496283 0.00492021 0.00489113 0.0048864 
0 0.00017612 0.000358449 0.00054867 0.000748236 0.000919864 0.00110847 0.00130935 0.00151328 0.00172395 0.00194555 0.00216973 0.00238955 0.00265641 0.00292471 0.00319305 0.00348555 0.00379949 0.00411311 0.00443834 0.00479917 0.00513734 0.0054629 0.00578214 0.00608109 0.00633212 0.00652502 0.00664035 0.00665852 0.00658432 0.00640548 0.00613261 0.00578023 0.00539409 0.00503445 0.0047835 0.00473049 0.00501503 0.0057293 0.0069169 0.0086417 0.0109147 0.0136471 0.0166837 0.0198241 0.02279 0.0252954 0.0270732 0.0279018 0.0275928 0.0260388 0.0232265 0.0192885 0.0143881 0.008737 0.00263605 -0.00365242 -0.00988893 -0.0158762 -0.0214702 -0.0265774 -0.0311658 -0.0352103 -0.0386572 -0.0414912 -0.0436922 -0.0452415 -0.0460981 -0.0462607 -0.0457392 -0.0445606 -0.0427775 -0.0404486 -0.0376896 -0.0346355 -0.031372 -0.028019 -0.0246873 -0.0214582 -0.0184097 -0.0155829 -0.0130341 -0.0107972 -0.00886314 -0.00721506 -0.00583343 -0.00470915 -0.00382128 -0.00310541 -0.00253209 -0.00208081 -0.00174136 -0.00149704 -0.00131213 -0.00116524 -0.00106535 -0.00100429 -0.000972768 -0.000945118 -0.000915679 -0.000890736 -0.000880501 -0.000882649 -0.000889963 -0.000903796 -0.000949121 -0.00102805 -0.00114942 -0.00131022 -0.00152301 -0.001828 -0.00224979 -0.00279476 -0.00349173 -0.00436522 -0.00546847 -0.00682537 -0.00844244 -0.010344 -0.0125474 -0.0150619 -0.0178595 -0.0208704 -0.0240603 -0.0273483 -0.0306349 -0.0338328 -0.0368176 -0.0394985 -0.0417707 -0.043507 -0.044651 -0.0451706 -0.0450364 -0.0442492 -0.0428194 -0.0407836 -0.0381449 -0.0349145 -0.0311045 -0.0267445 -0.0218473 -0.0164315 -0.0105754 -0.00441 0.00189167 0.00808307 0.0139078 0.0190693 0.0233189 0.0264919 0.0284448 0.0291508 0.0287041 0.0272766 0.0250784 0.0223721 0.0194257 0.0165149 0.0138541 0.0116013 0.00985215 0.00862309 0.00785459 0.00749521 0.00747357 0.00765384 0.00794655 0.00829605 0.00863268 0.00889106 0.00906418 0.00914117 0.0091405 0.00906716 0.008931 0.00872899 0.00847275 0.0082062 0.0079506 0.00770298 0.00741937 0.00715687 0.00692953 0.00671103 0.00650105 0.00632397 0.00617428 0.00601099 0.00587558 0.00575842 0.00566434 0.00558603 0.00550193 0.00541822 0.0053622 0.00534279 0.00529816 0.00526208 0.00525246 
0 0.000204699 0.000381667 0.000570152 0.000770922 0.000978876 0.00117944 0.00139825 0.00162039 0.00184096 0.00207963 0.00232661 0.00260251 0.00288443 0.00316442 0.00345679 0.00379949 0.0041686 0.00451902 0.00490032 0.00531418 0.00573065 0.00613757 0.00655353 0.006952 0.00729233 0.00757233 0.00776368 0.007847 0.00781579 0.00764485 0.00731594 0.00684323 0.00628375 0.00572342 0.00520996 0.00484585 0.00475685 0.00507312 0.00587778 0.00723177 0.00917185 0.0115999 0.0144019 0.017367 0.0202331 0.0227308 0.0245954 0.0255831 0.0254937 0.0242066 0.0217185 0.0181152 0.0135621 0.00828658 0.00254091 -0.00341158 -0.00936703 -0.0151176 -0.0205392 -0.0255418 -0.0300856 -0.034164 -0.0377505 -0.0407913 -0.0432854 -0.0451873 -0.0464428 -0.0470343 -0.0469617 -0.0462386 -0.044867 -0.042897 -0.0404336 -0.0375774 -0.0344331 -0.0311315 -0.0277561 -0.0244335 -0.0212343 -0.0182102 -0.0154428 -0.012985 -0.0108182 -0.00895386 -0.00736371 -0.00605405 -0.00499865 -0.00414612 -0.0034487 -0.00290043 -0.00248378 -0.00218551 -0.00195126 -0.00177188 -0.00163649 -0.00154912 -0.00149632 -0.00145668 -0.0014142 -0.00139524 -0.00138934 -0.00140316 -0.00142172 -0.001449 -0.00150491 -0.00161326 -0.00176487 -0.00197405 -0.00224913 -0.0026395 -0.00316019 -0.00382827 -0.00465649 -0.00568464 -0.0069615 -0.0085271 -0.0103588 -0.0124926 -0.0149301 -0.0176607 -0.0206477 -0.0238153 -0.0270792 -0.0303949 -0.0336368 -0.0366995 -0.0394822 -0.0418811 -0.0437902 -0.0451267 -0.0458387 -0.0459227 -0.0453704 -0.0441986 -0.0424343 -0.040106 -0.037265 -0.0339064 -0.0300417 -0.0257118 -0.0209175 -0.0156567 -0.0100237 -0.00413091 0.00183973 0.00769398 0.0131621 0.0179697 0.0218959 0.0247562 0.0264236 0.026901 0.0263106 0.0248274 0.0226453 0.0200265 0.0172623 0.0145978 0.0122578 0.0103573 0.00899471 0.00815725 0.00777378 0.00778028 0.00807221 0.00852664 0.00903381 0.00953945 0.00997629 0.0102844 0.0104545 0.0105019 0.0104422 0.0102933 0.0100557 0.00976703 0.00943633 0.00908298 0.0087439 0.00841675 0.00809786 0.00778169 0.00750305 0.00724304 0.00701031 0.00681442 0.00662601 0.00645114 0.00629357 0.00616822 0.00605647 0.00596877 0.00588289 0.00578953 0.00573656 0.00570569 0.00567124 0.00563382 0.00562768 
