0 0 0 0 0 0 0 0 0 0 0 0 0 0 0 0 0 0 0 0 0 0 0 0 0 0 0 0 0 0 0 0 0 0 0 0 0 0 0 0 0 0 0 0 0 0 0 0 0 0 0 0 0 0 0 0 0 0 0 0 0 0 0 0 0 0 0 0 0 0 0 0 0 0 0 0 0 0 0 0 0 0 0 0 0 0 0 0 0 0 0 0 0 0 0 0 0 0 0 0 0 0 0 0 0 0 0 0 0 0 0 0 0 0 0 0 0 0 0 0 0 0 0 0 0 0 0 0 0 0 0 0 0 0 0 0 0 0 0 0 0 0 0 0 0 0 0 0 0 0 0 0 0 0 0 0 0 0 0 0 0 0 0 0 0 0 0 0 0 0 0 0 0 0 0 0 0 0 0 0 0 0 0 0 0 0 0 0 0 0 0 0 0 0 0 0 0 0 0 0 
0 2.62774e-05 2.7968e-05 2.8794e-05 4.44946e-05 6.80026e-05 8.26854e-05 8.44774e-05 8.53393e-05 0.000100416 0.000129596 0.000140401 0.000135555 0.000143556 0.000168652 0.000196794 0.000210003 0.000215243 0.000224094 0.000252394 0.000287878 0.000301461 0.00030206 0.000305213 0.00032578 0.000347031 0.000343168 0.000321554 0.000297443 0.000289813 0.000284009 0.000270396 0.00024549 0.000219893 0.000238697 0.000294388 0.000384963 0.000510822 0.000684773 0.000923996 0.00123542 0.00162412 0.00205036 0.00248399 0.00289679 0.00327084 0.00357539 0.00374987 0.00374553 0.00355197 0.00314763 0.00254181 0.00176655 0.000864004 -0.000123312 -0.00115219 -0.00215549 -0.0030703 -0.00384307 -0.00444251 -0.00483683 -0.00504447 -0.00508829 -0.0049888 -0.00475596 -0.00442682 -0.0040228 -0.00357146 -0.00310326 -0.00264248 -0.00220452 -0.00181402 -0.00146596 -0.00116356 -0.000913263 -0.000705 -0.000535704 -0.000387212 -0.000268708 -0.000183228 -0.000116284 -6.9055e-05 -3.6003e-05 5.67309e-07 1.51609e-05 3.01687e-05 3.99527e-05 3.61243e-05 3.33546e-05 3.50579e-05 2.95575e-05 3.67576e-05 3.71494e-05 4.09687e-05 4.64979e-05 4.86627e-05 4.0747e-05 3.59753e-05 3.04537e-05 3.45323e-05 3.84771e-05 4.45797e-05 4.36119e-05 5.15378e-05 5.32765e-05 5.00085e-05 4.51567e-05 4.12512e-05 3.98208e-05 5.44349e-05 5.49207e-05 5.99335e-05 6.35458e-05 5.74682e-05 5.37017e-05 4.95161e-05 3.24795e-05 2.59629e-05 1.20519e-06 -3.57947e-05 -8.14818e-05 -0.000147034 -0.0002351 -0.000347803 -0.000492203 -0.00065848 -0.000863052 -0.0011094 -0.00140636 -0.00175415 -0.00213713 -0.00256149 -0.00301655 -0.00347597 -0.00392436 -0.00434525 -0.0046966 -0.00495706 -0.00509431 -0.00508078 -0.0048891 -0.00451078 -0.00393282 -0.00317509 -0.0022627 -0.00124949 -0.000191713 0.000835055 0.00176948 0.00256926 0.00320386 0.00364789 0.00387483 0.00390333 0.00375998 0.00347392 0.00309833 0.00267825 0.00224036 0.00182179 0.00143481 0.00111134 0.000855396 0.000666586 0.000534945 0.000445154 0.000397988 0.000378651 0.00039246 0.00041118 0.000425171 0.000446669 0.000467018 0.000485209 0.000495431 0.000496629 0.000488914 0.000482126 0.000484104 0.000474083 0.000452793 0.000431705 0.000422125 0.000424174 0.000413979 0.000392937 0.000375073 0.000375425 0.000382048 0.0003738 0.000356014 0.000343895 0.000354169 0.000361121 0.000345475 0.000328929 0.000330507 0.000342826 0.000338239 0.000324106 
0 2.7968e-05 4.37045e-05 5.7448e-05 8.98456e-05 0.000107223 0.000137571 0.000162486 0.000181281 0.000202573 0.000239076 0.000275512 0.000290681 0.000320632 0.00035104 0.000388704 0.000423833 0.000455471 0.000477347 0.000511073 0.000556387 0.000588922 0.000609022 0.000622533 0.000647928 0.000665649 0.000672268 0.000648638 0.000627592 0.000599378 0.00056989 0.000543322 0.000505543 0.000487416 0.000515093 0.000616987 0.000772645 0.00101991 0.00137838 0.00186364 0.00248492 0.00323158 0.00405137 0.00491222 0.00574404 0.00648482 0.00706602 0.00738468 0.00738375 0.0069821 0.00618319 0.00499834 0.00349746 0.00172566 -0.000239288 -0.00226691 -0.00424163 -0.00604887 -0.0075644 -0.00875146 -0.0095649 -0.0100067 -0.0101195 -0.00991944 -0.00947409 -0.00881127 -0.00800711 -0.00712933 -0.00621164 -0.00529629 -0.00444969 -0.00366962 -0.00297445 -0.00236648 -0.0018599 -0.00143384 -0.00108943 -0.00079868 -0.000560458 -0.000380339 -0.000249459 -0.000143263 -6.50917e-05 -1.1482e-05 2.1792e-05 4.52977e-05 5.33413e-05 6.21991e-05 7.24312e-05 7.27309e-05 8.33935e-05 8.37856e-05 6.87265e-05 7.17858e-05 7.24267e-05 7.12128e-05 8.23442e-05 7.29875e-05 7.68278e-05 9.16859e-05 8.54891e-05 8.32122e-05 8.01722e-05 7.31783e-05 9.15091e-05 9.65643e-05 9.28929e-05 0.000100267 0.000101743 0.000105534 0.000110465 0.00010269 0.000102054 0.000107264 0.000105179 9.49658e-05 7.74306e-05 4.51555e-05 -1.20317e-05 -8.23781e-05 -0.000181579 -0.000311309 -0.000481643 -0.000715952 -0.00101285 -0.00135179 -0.00176386 -0.00225828 -0.00285045 -0.00352601 -0.00429812 -0.00513638 -0.00603198 -0.00695468 -0.00784977 -0.00866539 -0.00936259 -0.00984938 -0.0100956 -0.0100435 -0.00966561 -0.00891451 -0.00775713 -0.00625517 -0.00445344 -0.00244314 -0.000378116 0.00162676 0.00347598 0.00506877 0.00633339 0.007189 0.00764957 0.00771226 0.00742873 0.00686056 0.00612709 0.0053111 0.00445114 0.00361234 0.0028543 0.00221957 0.00172599 0.00136282 0.00109905 0.000931483 0.000821862 0.000787426 0.000803626 0.000841452 0.000867073 0.000895662 0.00093063 0.000955282 0.000984032 0.00099224 0.000979852 0.000959792 0.000956865 0.000945051 0.00092413 0.000889615 0.000863289 0.000847112 0.000830916 0.000808552 0.000775946 0.000761775 0.000745205 0.000741014 0.000717935 0.000697234 0.000692526 0.000690075 0.000682258 0.000660807 0.000666463 0.000661916 0.000661694 0.000656871 
0 2.8794e-05 5.7448e-05 0.000104952 0.000141789 0.000158171 0.000189543 0.000245628 0.000289478 0.000310761 0.000351413 0.000397656 0.000445519 0.00049808 0.000534627 0.000571343 0.000622407 0.000689599 0.000735492 0.000773852 0.000824722 0.00087192 0.000926065 0.000961991 0.000987226 0.00100366 0.00100535 0.00100464 0.000980286 0.00094103 0.000881571 0.000836388 0.000811378 0.000795375 0.000857221 0.000983712 0.00121124 0.00158 0.00211837 0.00283382 0.00371827 0.0047894 0.0059756 0.00721575 0.00841991 0.00950039 0.0103464 0.0108007 0.010757 0.010196 0.00905696 0.00734468 0.00513141 0.00252887 -0.000332805 -0.00330908 -0.00620357 -0.00884263 -0.0110882 -0.0128605 -0.0140714 -0.0147515 -0.0149461 -0.0147014 -0.0140524 -0.0131078 -0.0119453 -0.0106528 -0.00931501 -0.00799297 -0.00672471 -0.00557109 -0.00452647 -0.00360916 -0.00284437 -0.00220864 -0.00169082 -0.00124043 -0.000874973 -0.000601286 -0.000384525 -0.000229257 -0.000123789 -2.36551e-05 1.60396e-05 5.69866e-05 9.00775e-05 9.53118e-05 0.000105366 0.000122041 0.000113004 0.000123262 0.000109216 0.000104663 0.00011236 0.000121868 0.00011522 0.000117583 0.000115652 0.000129171 0.000131474 0.000131417 0.000114446 0.000126869 0.000136796 0.000141939 0.00014482 0.000145802 0.000144663 0.000173538 0.000162216 0.000160946 0.000162938 0.000149985 0.00014788 0.000142582 9.78064e-05 6.61921e-05 -2.11057e-05 -0.000145612 -0.000296106 -0.000500346 -0.000768899 -0.00111444 -0.00155716 -0.00207379 -0.0027045 -0.00345425 -0.00434159 -0.00536602 -0.00649185 -0.00773504 -0.00906479 -0.0104041 -0.0116992 -0.0128947 -0.0138763 -0.0145802 -0.0149229 -0.0148311 -0.01423 -0.013089 -0.0113756 -0.00915291 -0.00650361 -0.00357984 -0.000540377 0.00241312 0.00511004 0.00742277 0.00925497 0.0105284 0.0111791 0.0112647 0.0108678 0.0100722 0.00901648 0.00781948 0.00656499 0.00536784 0.00427451 0.00336173 0.00263376 0.00208911 0.00170799 0.00145208 0.00131079 0.00124165 0.00125876 0.00129837 0.00133446 0.00138769 0.00142809 0.00145902 0.00148245 0.00149796 0.00148671 0.00145605 0.0014373 0.00140975 0.00138373 0.00135118 0.00130638 0.00126875 0.00123432 0.00121477 0.00118722 0.0011493 0.00111376 0.00109553 0.00109025 0.00106257 0.00103783 0.00102246 0.00101427 0.00101492 0.00100501 0.000988308 0.000977189 0.000993189 
0 4.44946e-05 8.98456e-05 0.000141789 0.00020673 0.000229871 0.000273659 0.000332046 0.000387842 0.00042925 0.000475344 0.000526979 0.000573423 0.000651931 0.000711074 0.000759597 0.000818457 0.00090477 0.00098152 0.00104891 0.00111385 0.00117574 0.00124803 0.00130852 0.00135386 0.001367 0.0013786 0.00137097 0.00136186 0.00131376 0.00124797 0.00120571 0.0011762 0.00118377 0.0012539 0.00143507 0.0017274 0.00220629 0.00289643 0.00380071 0.00492396 0.00626438 0.00775605 0.00934346 0.0108867 0.0122474 0.0132918 0.0138538 0.0138413 0.0131199 0.0116617 0.00946504 0.00664309 0.00329922 -0.000404037 -0.00422738 -0.00795527 -0.0113846 -0.0143049 -0.0166337 -0.0182738 -0.0192122 -0.0195135 -0.0192174 -0.0184411 -0.0172524 -0.0157846 -0.0141561 -0.0124356 -0.0107008 -0.00906365 -0.0075373 -0.00615873 -0.00494196 -0.00391351 -0.00304233 -0.00232866 -0.00172687 -0.00123732 -0.000864889 -0.000586713 -0.000361754 -0.000190559 -6.38636e-05 1.95979e-05 7.88602e-05 0.000104246 0.000118969 0.000131142 0.000130739 0.000147505 0.000154231 0.000138894 0.000150541 0.000157364 0.000155922 0.000164069 0.00014036 0.000139242 0.000162619 0.000160734 0.00016582 0.000167612 0.000163326 0.000191207 0.000194138 0.000180571 0.000184671 0.000187058 0.000201384 0.000216574 0.000211359 0.000211232 0.000212394 0.000197735 0.00016539 0.000114876 4.01916e-05 -8.03695e-05 -0.000232229 -0.000441616 -0.000718683 -0.00108201 -0.00156642 -0.00217248 -0.00287054 -0.00371438 -0.00472236 -0.00591517 -0.00726334 -0.00877191 -0.0103862 -0.0120809 -0.0137982 -0.0154522 -0.0169566 -0.018228 -0.0191009 -0.0194959 -0.0193044 -0.0184753 -0.016942 -0.0146716 -0.0117817 -0.00836319 -0.00457402 -0.000669337 0.00313067 0.0066231 0.00960571 0.0119426 0.0135143 0.0143586 0.0144974 0.0140169 0.0130084 0.0116624 0.010139 0.00854854 0.00703116 0.00567688 0.00452646 0.0035904 0.00287236 0.00236181 0.00205738 0.00187067 0.0017874 0.00176984 0.00179846 0.001844 0.00191698 0.00198244 0.00199856 0.00201067 0.00201647 0.00201339 0.00198507 0.0019475 0.00188539 0.00183657 0.0017949 0.00175232 0.00169351 0.00163304 0.00159879 0.00157011 0.0015436 0.00148769 0.00146498 0.00144869 0.00143221 0.00140782 0.00137921 0.00136879 0.00135609 0.00135925 0.00132541 0.00131495 0.00132335 
0 6.80026e-05 0.000107223 0.000158171 0.000229871 0.000289268 0.000343163 0.000403081 0.000465014 0.000531787 0.000614694 0.000674955 0.000728526 0.000818078 0.000907806 0.00098145 0.00105059 0.00114268 0.00123301 0.00132227 0.00141283 0.00148562 0.00157064 0.00164779 0.00171183 0.00175105 0.00176606 0.00177885 0.00176932 0.00173628 0.00167627 0.00163751 0.00162897 0.00164262 0.00175412 0.001966 0.00232813 0.00290205 0.00372128 0.00478685 0.00609198 0.00765873 0.00940935 0.0112566 0.0130571 0.0146561 0.0158834 0.0165352 0.0164754 0.0156442 0.0139416 0.0113523 0.00797756 0.00398421 -0.000422052 -0.00500353 -0.00947828 -0.0135966 -0.0171566 -0.0200266 -0.0220698 -0.0232922 -0.0237452 -0.0234937 -0.0226118 -0.0212477 -0.0195286 -0.0175859 -0.0155391 -0.0134788 -0.0114746 -0.00960921 -0.0078963 -0.00637188 -0.00507481 -0.00397955 -0.00307092 -0.0022919 -0.00165791 -0.00117381 -0.000792686 -0.000506836 -0.000298154 -0.000118683 -1.99676e-05 6.35477e-05 0.00012336 0.000141957 0.000159271 0.000180303 0.000177654 0.000191955 0.000178759 0.000178081 0.000191425 0.000202835 0.00019359 0.000187427 0.000182956 0.00020172 0.000209686 0.000213236 0.00019837 0.00021365 0.000230193 0.000235809 0.000234269 0.000232267 0.00023362 0.000270163 0.000265389 0.000263679 0.000261545 0.000239533 0.000221915 0.000190798 0.000108651 2.49192e-05 -0.000134535 -0.000354781 -0.000631562 -0.0010009 -0.00148032 -0.00209151 -0.00285472 -0.00374836 -0.00482664 -0.00610108 -0.00758802 -0.00927203 -0.0110999 -0.0130676 -0.0151238 -0.0171665 -0.0191182 -0.0208949 -0.0223409 -0.0233303 -0.0237298 -0.0234255 -0.0223237 -0.0203894 -0.0176091 -0.014092 -0.00996842 -0.00544287 -0.000751829 0.0038106 0.00796914 0.0115046 0.0142683 0.0161646 0.0171513 0.0173155 0.0167663 0.0156126 0.0140433 0.012245 0.010378 0.00861875 0.00703561 0.00569195 0.00458453 0.00372844 0.00312931 0.0027482 0.00253238 0.00240586 0.00237285 0.0023817 0.00241641 0.00249189 0.00254561 0.00255976 0.00255231 0.0025486 0.002535 0.00250006 0.00245561 0.00238002 0.00231156 0.00225859 0.00220791 0.00215069 0.00207508 0.0020155 0.0019726 0.0019373 0.00188957 0.00184097 0.00180573 0.00177319 0.00175786 0.0017363 0.00170062 0.00168068 0.00167873 0.00167236 0.0016569 0.00165363 
0 8.26854e-05 0.000137571 0.000189543 0.000273659 0.000343163 0.000421681 0.000494721 0.000559737 0.000634255 0.000733033 0.000824986 0.000892487 0.000985556 0.001083 0.0011841 0.00128682 0.00139498 0.00149096 0.00159698 0.0017158 0.00182257 0.00192279 0.00201119 0.00209534 0.00215642 0.00220621 0.00223098 0.00224359 0.0022213 0.00218273 0.00216916 0.00217612 0.00222597 0.00235824 0.00261683 0.00302245 0.00365925 0.00456634 0.00574622 0.0071965 0.00891451 0.0108324 0.0128765 0.0148799 0.0166527 0.0180015 0.018717 0.0186711 0.0177248 0.0158117 0.0129124 0.00913719 0.00463045 -0.000383874 -0.0055975 -0.0107084 -0.0154451 -0.0195599 -0.0229211 -0.025392 -0.02693 -0.0275805 -0.0273939 -0.0264961 -0.0250092 -0.0231067 -0.0209457 -0.0186345 -0.0162709 -0.0139723 -0.011783 -0.00975569 -0.00793307 -0.00635947 -0.00501494 -0.00389303 -0.00294315 -0.00216426 -0.00155526 -0.00108259 -0.000708031 -0.000424152 -0.000211571 -6.92596e-05 3.57856e-05 0.000101288 0.000144108 0.000179079 0.000200406 0.000222414 0.000227902 0.000205339 0.000205592 0.000212633 0.000219409 0.000230587 0.000218007 0.000223374 0.000249428 0.000249249 0.000244848 0.000234052 0.00023133 0.000262415 0.000277279 0.000276282 0.000284595 0.000290449 0.000306303 0.00031014 0.00029442 0.00028233 0.000270005 0.000243864 0.00019034 9.5506e-05 -4.23048e-05 -0.000253363 -0.000526365 -0.00088212 -0.00134273 -0.00193585 -0.00269974 -0.00364408 -0.00474659 -0.0060606 -0.0076038 -0.00938406 -0.0113617 -0.0135153 -0.0157873 -0.0181292 -0.0204524 -0.0226504 -0.0246088 -0.0261944 -0.0272148 -0.0275452 -0.0270591 -0.0256887 -0.0233726 -0.0201013 -0.0160206 -0.0112771 -0.00608862 -0.000762908 0.00439831 0.00911108 0.0131165 0.0162378 0.0183471 0.0194714 0.0196684 0.0190569 0.0177706 0.0160388 0.0140682 0.0120168 0.01006 0.00830779 0.00681912 0.00560754 0.00467346 0.00400014 0.00356377 0.00328014 0.00312617 0.00307077 0.00307211 0.00308637 0.00312244 0.00315551 0.00315832 0.00315798 0.0031387 0.00309332 0.00302734 0.00297009 0.00289804 0.00282053 0.00273357 0.00265365 0.0025846 0.00251561 0.0024461 0.00237248 0.00232077 0.00227007 0.00223395 0.00217947 0.00212976 0.00210861 0.00209319 0.00206141 0.00202021 0.00201963 0.00201128 0.00200297 0.00198851 
0 8.44774e-05 0.000162486 0.000245628 0.000332046 0.000403081 0.000494721 0.000596985 0.000676379 0.000747583 0.000850365 0.000964317 0.00105982 0.0011579 0.00126012 0.00138039 0.0015131 0.0016427 0.00175551 0.00188232 0.00203426 0.00217309 0.00229702 0.00240749 0.00251982 0.00262155 0.00269794 0.0027474 0.00277476 0.00278717 0.00278954 0.00280631 0.00283847 0.0029069 0.00307735 0.00337504 0.00382914 0.0045031 0.00544406 0.00667028 0.00818911 0.00999867 0.0120215 0.014159 0.0162591 0.0181387 0.0195879 0.0203732 0.0203274 0.0193322 0.0172873 0.0141686 0.0100766 0.00518293 -0.000274889 -0.00599105 -0.0116316 -0.0168907 -0.0215158 -0.0253316 -0.028184 -0.0300319 -0.0309087 -0.0308726 -0.0300263 -0.0285217 -0.0265279 -0.0242074 -0.0216952 -0.0191008 -0.016525 -0.0140502 -0.0117277 -0.00961702 -0.00777108 -0.00618298 -0.00483835 -0.00369465 -0.00275355 -0.00201166 -0.00142533 -0.000966457 -0.000613349 -0.000335621 -0.000145837 -3.0271e-06 9.43416e-05 0.00014677 0.000184649 0.00021496 0.000232671 0.000246283 0.000237286 0.000240117 0.0002551 0.000266167 0.000262173 0.000248655 0.000246726 0.000267576 0.000279486 0.000282576 0.000274743 0.00028503 0.000308295 0.000318218 0.000315194 0.000313288 0.000319486 0.000346568 0.00035016 0.000340628 0.000324597 0.000291778 0.000245762 0.000167637 3.43578e-05 -0.000140881 -0.000401952 -0.000748138 -0.00119003 -0.00176172 -0.00249175 -0.0034122 -0.00453701 -0.00585708 -0.0074172 -0.00923139 -0.0112965 -0.0135716 -0.0159994 -0.0185374 -0.0211193 -0.0236384 -0.0259913 -0.0280618 -0.0296843 -0.0306807 -0.0308983 -0.0302103 -0.0285338 -0.0258311 -0.0221194 -0.0175384 -0.0122659 -0.00654777 -0.000694419 0.0049522 0.01007 0.0143982 0.0177617 0.0200509 0.0212548 0.0214606 0.020805 0.0194493 0.017625 0.0155482 0.0133961 0.011342 0.00949293 0.00792425 0.00665373 0.00567578 0.00496366 0.00447211 0.00414832 0.00395922 0.00388748 0.00386665 0.00385025 0.0038489 0.00384612 0.00383525 0.00381644 0.00377222 0.00368848 0.00358855 0.00350829 0.00342473 0.00332996 0.00321659 0.00310645 0.00302014 0.00294766 0.00287495 0.00278911 0.00271146 0.00265374 0.00261902 0.00257214 0.00250958 0.00246791 0.00244777 0.00242232 0.00238971 0.00236985 0.0023493 0.00233617 0.00233296 
0 8.53393e-05 0.000181281 0.000289478 0.000387842 0.000465014 0.000559737 0.000676379 0.000781517 0.000875456 0.000983715 0.00110144 0.00121788 0.00134386 0.00147314 0.00160567 0.00174722 0.00189576 0.00204368 0.00220262 0.00237409 0.00253278 0.00268172 0.00282978 0.00298367 0.00312652 0.00323627 0.00331793 0.00338462 0.00345073 0.00351162 0.00356997 0.003628 0.00371859 0.00391386 0.00423955 0.00471598 0.00538781 0.00630814 0.00751685 0.00903836 0.0108649 0.0129153 0.0150764 0.0172035 0.0191223 0.0206236 0.0214691 0.0214571 0.0204435 0.0183206 0.0150746 0.0108004 0.00566598 -9.28381e-05 -0.00616956 -0.0122178 -0.017909 -0.0229698 -0.0271936 -0.0304216 -0.032597 -0.0337386 -0.0339048 -0.0331916 -0.0317502 -0.0297494 -0.027355 -0.0247106 -0.021938 -0.0191456 -0.0164265 -0.0138426 -0.0114639 -0.00934739 -0.0075029 -0.00592026 -0.00457181 -0.00345674 -0.00256655 -0.00185755 -0.00129611 -0.000855521 -0.000510052 -0.000261333 -7.76559e-05 4.90926e-05 0.000124058 0.000176013 0.000217747 0.000244652 0.000261676 0.000259853 0.00026444 0.000281031 0.000293487 0.000287703 0.000274346 0.00027236 0.000291243 0.000307226 0.00031151 0.000306844 0.000318913 0.000340642 0.000351887 0.000349467 0.000345459 0.000352354 0.000375073 0.000378038 0.000365235 0.000339549 0.000293348 0.000224556 0.000113476 -5.96835e-05 -0.00029127 -0.00061506 -0.00104008 -0.00158143 -0.00227598 -0.0031571 -0.00425456 -0.00557906 -0.00712743 -0.00893244 -0.0110085 -0.0133409 -0.01588 -0.018555 -0.0213092 -0.0240654 -0.0267155 -0.0291508 -0.0312455 -0.0328264 -0.0337129 -0.0337434 -0.0327999 -0.0308075 -0.0277382 -0.0236297 -0.0186241 -0.0129208 -0.00678714 -0.000552172 0.00542533 0.010816 0.0153573 0.0188679 0.0212495 0.0224968 0.0227057 0.0220188 0.0206206 0.0187529 0.0166412 0.0144683 0.0123963 0.0105368 0.00896502 0.00769807 0.00672122 0.00600245 0.00549435 0.00515263 0.00494041 0.00483201 0.00476566 0.00470785 0.00466724 0.00462807 0.00457736 0.00451071 0.00442529 0.00431629 0.00419976 0.00408975 0.00397038 0.00384374 0.003718 0.00360195 0.00349494 0.00339203 0.00329981 0.00321587 0.0031328 0.00305425 0.00299591 0.00294878 0.00289466 0.00284104 0.00280026 0.00277197 0.00275189 0.00272756 0.00269308 0.00267459 0.00268122 
0 0.000100416 0.000202573 0.000310761 0.00042925 0.000531787 0.000634255 0.000747583 0.000875456 0.00100929 0.00113117 0.00124968 0.0013809 0.00154072 0.00170105 0.00184394 0.00199415 0.00216748 0.0023542 0.00254045 0.00272323 0.00291124 0.0031024 0.00329969 0.00349388 0.00367164 0.00383575 0.00397731 0.0041133 0.00423134 0.00434154 0.00444631 0.00454624 0.00468117 0.00488207 0.0051983 0.00564377 0.00627075 0.00713113 0.00826789 0.00971702 0.0114642 0.0134476 0.0155622 0.0176656 0.0195836 0.0211036 0.0219877 0.0220284 0.021034 0.0189156 0.0156534 0.0113284 0.00608634 0.000154809 -0.00614856 -0.0124814 -0.0185038 -0.0239129 -0.028487 -0.0320748 -0.0345902 -0.0360403 -0.0364625 -0.0359603 -0.0346546 -0.032725 -0.0303431 -0.0276464 -0.0247625 -0.0218225 -0.0188989 -0.0160845 -0.0134583 -0.011082 -0.00898482 -0.00716156 -0.00560002 -0.00429195 -0.00322631 -0.00237646 -0.00169435 -0.0011536 -0.000745609 -0.000430405 -0.000201277 -4.08473e-05 7.61099e-05 0.00015865 0.000214376 0.000262451 0.000274261 0.000270305 0.000273864 0.000286008 0.000297792 0.000307505 0.000297547 0.000305351 0.000325548 0.000335776 0.000331715 0.000328423 0.000328416 0.000355623 0.000375211 0.000378884 0.000383813 0.000394874 0.000397775 0.000397882 0.000366479 0.000319958 0.000262938 0.000169857 2.28768e-05 -0.000184131 -0.000487756 -0.000890209 -0.00141081 -0.00207531 -0.00290866 -0.00395053 -0.00523538 -0.00676938 -0.00855639 -0.0106094 -0.0129405 -0.0155182 -0.0182735 -0.0211523 -0.0240652 -0.0269327 -0.0296548 -0.0321011 -0.0341257 -0.0355764 -0.0362599 -0.0360385 -0.0348014 -0.0324973 -0.0290921 -0.0246348 -0.0192773 -0.0132372 -0.00679772 -0.000324341 0.00582892 0.0113485 0.0159819 0.01955 0.021945 0.0231931 0.0233766 0.0226563 0.0212434 0.0193876 0.0173144 0.0151984 0.0131821 0.0113922 0.00988996 0.0086966 0.00778294 0.00710382 0.00662207 0.00627817 0.00605617 0.00590565 0.00579321 0.0056923 0.00559956 0.00550952 0.00539494 0.0052692 0.00513457 0.00499604 0.00485223 0.00469866 0.00453843 0.00438222 0.0042439 0.00412092 0.00399012 0.00385602 0.00373821 0.00364991 0.00356997 0.00347346 0.00338658 0.00331922 0.003275 0.00322423 0.00316579 0.00312167 0.00309497 0.00308081 0.00304951 0.00303152 0.00302843 
0 0.000129596 0.000239076 0.000351413 0.000475344 0.000614694 0.000733033 0.000850365 0.000983715 0.00113117 0.00127156 0.00140602 0.00156101 0.00172905 0.00190092 0.00206609 0.00225057 0.00245641 0.00267398 0.00288106 0.00309707 0.00333346 0.00358601 0.00383734 0.00406855 0.00429937 0.00452269 0.00475922 0.00496303 0.00513995 0.00529286 0.00543899 0.0055999 0.00576497 0.00596852 0.00622138 0.00659283 0.00712636 0.00787439 0.00887526 0.0101607 0.0117389 0.0135796 0.0155688 0.017592 0.0194797 0.0210073 0.0219376 0.0220265 0.0211371 0.0191205 0.0159493 0.0116683 0.00643815 0.000479076 -0.00593179 -0.0124382 -0.0186785 -0.0243713 -0.0292459 -0.0331413 -0.0359881 -0.0377612 -0.0385044 -0.0382662 -0.0371958 -0.0354343 -0.0331392 -0.0304705 -0.0275648 -0.0245117 -0.0214453 -0.0184395 -0.0155912 -0.0129733 -0.0106369 -0.00857025 -0.00678266 -0.0052696 -0.00402257 -0.00300637 -0.00219694 -0.0015503 -0.00103973 -0.000653236 -0.000364837 -0.000147385 -2.6008e-06 0.000101632 0.000187479 0.000232551 0.000259759 0.000274133 0.000274458 0.000293638 0.000313326 0.000305301 0.000309742 0.000313511 0.000323394 0.000345325 0.000344621 0.000336786 0.00035569 0.000367961 0.000384979 0.000396354 0.000390957 0.000397647 0.000407989 0.000389201 0.000356627 0.000297868 0.000203671 7.6477e-05 -0.000112301 -0.000388188 -0.000757508 -0.00124555 -0.00188245 -0.00267487 -0.0036641 -0.00488797 -0.00637067 -0.00811831 -0.0101483 -0.0124499 -0.0150183 -0.0178073 -0.0207609 -0.0237702 -0.0267842 -0.0297019 -0.0324031 -0.0347647 -0.0366487 -0.0378686 -0.0382945 -0.0377783 -0.0362418 -0.03361 -0.029883 -0.0251376 -0.0194957 -0.0132131 -0.00660644 -1.28058e-05 0.00619928 0.0117124 0.0163027 0.0198046 0.0221581 0.0233281 0.0234489 0.0226958 0.0213074 0.0195101 0.0175183 0.0155239 0.0136566 0.0120168 0.0106651 0.00960597 0.00880936 0.00823212 0.00780546 0.00750888 0.00728096 0.00711145 0.00695894 0.00681781 0.00667279 0.0065057 0.00632825 0.00613181 0.00594639 0.00575395 0.00555358 0.00534149 0.00514144 0.00495937 0.00479372 0.00463187 0.00447225 0.00432508 0.00419503 0.00408925 0.00398683 0.00389471 0.00379647 0.00371889 0.0036595 0.00361062 0.00355869 0.0034991 0.003463 0.00343446 0.0034236 0.00339962 0.00337848 
0 0.000140401 0.000275512 0.000397656 0.000526979 0.000674955 0.000824986 0.000964317 0.00110144 0.00124968 0.00140602 0.00158132 0.00175985 0.00192581 0.00210748 0.0023117 0.00253807 0.00276615 0.00300433 0.00325507 0.00351463 0.0038079 0.00410683 0.00441501 0.00471536 0.00501139 0.00532301 0.00562812 0.00592302 0.00616956 0.00639201 0.0065911 0.00677252 0.00695466 0.00710881 0.00729 0.00753802 0.00791412 0.008472 0.00925888 0.010319 0.0116575 0.0132783 0.0151104 0.0170219 0.0188364 0.0203422 0.0213244 0.0215571 0.020799 0.0189429 0.0159477 0.0118415 0.00673917 0.0008512 -0.00553174 -0.0120871 -0.018472 -0.0243544 -0.0294714 -0.0336728 -0.0368381 -0.038946 -0.0400173 -0.0401305 -0.0393592 -0.0378467 -0.0357423 -0.0331718 -0.0302782 -0.0272123 -0.0240473 -0.020909 -0.0178879 -0.0150494 -0.0124658 -0.0101522 -0.00813546 -0.00641176 -0.00496616 -0.00379048 -0.00282477 -0.00203583 -0.00142899 -0.000934615 -0.000574573 -0.000319123 -0.000121995 1.30552e-05 0.000103885 0.000187128 0.00021978 0.00024719 0.000271578 0.000289084 0.000298963 0.00030719 0.000292726 0.000298167 0.000312384 0.000327703 0.000334703 0.000351197 0.00035328 0.000374133 0.000387314 0.000382289 0.000380662 0.00038732 0.000369485 0.000364626 0.000315637 0.000230355 0.000120128 -6.03532e-05 -0.000321171 -0.000654709 -0.00112804 -0.00171654 -0.00246107 -0.00340197 -0.00455949 -0.00597981 -0.00768373 -0.00966716 -0.0119357 -0.0144574 -0.0172343 -0.0202071 -0.0232871 -0.0264169 -0.0294662 -0.0323391 -0.0349455 -0.0371434 -0.0387818 -0.0397354 -0.0398418 -0.0389928 -0.0371075 -0.0341629 -0.0301452 -0.0251406 -0.0193093 -0.0129001 -0.0062198 0.000359743 0.00649852 0.0119134 0.0163776 0.0197235 0.0218829 0.0229342 0.0229818 0.0222046 0.0208343 0.0191027 0.0172356 0.015414 0.0137547 0.0123619 0.0112426 0.0103904 0.00976758 0.0093289 0.00903499 0.00881174 0.00863375 0.0084433 0.00825759 0.00807413 0.00786024 0.00762896 0.00736685 0.00710188 0.00683509 0.00657321 0.00631116 0.00604228 0.00580155 0.00557743 0.00536875 0.00516609 0.00497574 0.00482183 0.00468089 0.00454297 0.00441352 0.00431183 0.00422907 0.00413742 0.00405548 0.00398837 0.00394037 0.00389597 0.00384075 0.00380214 0.00378193 0.00376801 0.00374008 
0 0.000135555 0.000290681 0.000445519 0.000573423 0.000728526 0.000892487 0.00105982 0.00121788 0.0013809 0.00156101 0.00175985 0.00196182 0.00214466 0.0023596 0.00260433 0.00285288 0.0030913 0.00336717 0.0036684 0.00398685 0.00431989 0.00466757 0.00504288 0.00542971 0.00583609 0.00622444 0.0066209 0.00698857 0.00733552 0.00763953 0.00787565 0.00806682 0.00820099 0.00829088 0.00833969 0.00842367 0.00858 0.00887411 0.00937482 0.0101367 0.0111871 0.0125588 0.0141682 0.0159287 0.0176751 0.0191819 0.0202338 0.0205744 0.0200436 0.0184482 0.0157207 0.0118486 0.00696885 0.00127855 -0.00498365 -0.0114932 -0.0178968 -0.0239118 -0.0292259 -0.0336715 -0.0371552 -0.0396145 -0.0410736 -0.0415477 -0.0411412 -0.0399424 -0.0380771 -0.0356917 -0.0329294 -0.029878 -0.0266911 -0.0234624 -0.0202994 -0.0172815 -0.0144965 -0.0119483 -0.0096932 -0.00773285 -0.00606761 -0.00468451 -0.00356112 -0.00264315 -0.00190946 -0.00132744 -0.000886371 -0.000544862 -0.000297456 -0.000116973 2.38817e-05 0.000107191 0.000161027 0.00020657 0.00022103 0.000245447 0.0002675 0.000262491 0.000278393 0.000286711 0.000288586 0.000311849 0.000313819 0.000314646 0.000336644 0.00033992 0.000353841 0.000367467 0.00035805 0.000356459 0.000341648 0.000297232 0.000230842 0.000118965 -4.86905e-05 -0.000275012 -0.000587478 -0.00100813 -0.00156499 -0.00226938 -0.00317152 -0.00428296 -0.00563875 -0.00727257 -0.00919385 -0.0113906 -0.0138864 -0.0166263 -0.0195839 -0.0226889 -0.0258761 -0.0290184 -0.0320447 -0.0348323 -0.0372655 -0.0392182 -0.0405644 -0.0411475 -0.0408885 -0.0396751 -0.0374628 -0.0341929 -0.0299034 -0.0247186 -0.0187613 -0.0123128 -0.00569304 0.000784376 0.00677551 0.0119795 0.016191 0.0192727 0.0212357 0.0220896 0.0220056 0.0211728 0.019839 0.0181987 0.0164632 0.0148496 0.0134656 0.0123711 0.011553 0.0109741 0.0105984 0.0103833 0.0102499 0.0101699 0.0100578 0.00990085 0.00969208 0.00945987 0.0091824 0.00886333 0.00853209 0.00816843 0.00780971 0.007455 0.00712805 0.00681279 0.00651978 0.00623551 0.00597563 0.00574503 0.00553831 0.00535813 0.00518476 0.0050219 0.00486832 0.00475813 0.00465399 0.00455841 0.00445953 0.00437241 0.00431549 0.00427141 0.0042304 0.00416888 0.00414488 0.00412699 0.00411473 
0 0.000143556 0.000320632 0.00049808 0.000651931 0.000818078 0.000985556 0.0011579 0.00134386 0.00154072 0.00172905 0.00192581 0.00214466 0.00236391 0.00261641 0.00288515 0.00315601 0.00343475 0.00376148 0.00412544 0.00449805 0.00490618 0.0053241 0.00577738 0.00626269 0.00677022 0.00727467 0.00775165 0.00821239 0.00863149 0.00900099 0.00926999 0.00943383 0.00950499 0.00945713 0.0093336 0.00917991 0.00904539 0.00900839 0.00916204 0.00957289 0.0102759 0.0113341 0.0127234 0.0143391 0.0160089 0.0175184 0.0186678 0.0192219 0.0189321 0.0176462 0.0152737 0.0117617 0.00718686 0.00174435 -0.00430877 -0.010672 -0.0170277 -0.0230656 -0.0285126 -0.0332066 -0.0369932 -0.0397992 -0.0416236 -0.0425061 -0.0424903 -0.0416646 -0.0401398 -0.038017 -0.0354283 -0.0325077 -0.029346 -0.0260882 -0.0228384 -0.0196699 -0.0166872 -0.0139272 -0.0114492 -0.00926507 -0.00737147 -0.00578617 -0.0044661 -0.00337702 -0.0025183 -0.00181425 -0.00128107 -0.000876458 -0.000550155 -0.000312358 -0.000143541 -1.39747e-05 5.22454e-05 0.000106928 0.00014247 0.000163043 0.000180362 0.000200483 0.000211287 0.000227759 0.000236159 0.000244786 0.000247339 0.000261804 0.000263828 0.000274906 0.000290526 0.000295491 0.000295886 0.000288127 0.000236425 0.000183058 8.13447e-05 -7.36417e-05 -0.000272249 -0.000562339 -0.000956871 -0.00146047 -0.00214715 -0.00299342 -0.00404589 -0.00534166 -0.00689511 -0.00874532 -0.0108913 -0.0133208 -0.016033 -0.0189541 -0.022056 -0.0252544 -0.0284535 -0.0315838 -0.0345044 -0.0371036 -0.0392966 -0.0409477 -0.0419253 -0.0421312 -0.041468 -0.0398666 -0.0372884 -0.0337334 -0.0292294 -0.0238959 -0.0178939 -0.0114853 -0.00497978 0.00128747 0.00700114 0.0119068 0.0158081 0.0185724 0.0202067 0.0208286 0.0205797 0.0196568 0.0183073 0.0167475 0.0151983 0.0138359 0.0127449 0.0119815 0.0115104 0.011287 0.011249 0.0113167 0.0114188 0.0114937 0.0115116 0.011423 0.0112471 0.0109943 0.0106437 0.0102517 0.00983028 0.00938836 0.00892524 0.00846978 0.0080492 0.0076546 0.00729703 0.00694189 0.00662225 0.00634949 0.00611016 0.00589256 0.00568139 0.00549968 0.00534702 0.00521693 0.00508565 0.00497419 0.00489032 0.00480086 0.0047176 0.00466447 0.00462323 0.0045701 0.00452852 0.00450641 0.00449192 
0 0.000168652 0.00035104 0.000534627 0.000711074 0.000907806 0.001083 0.00126012 0.00147314 0.00170105 0.00190092 0.00210748 0.0023596 0.00261641 0.00288709 0.00317634 0.00349118 0.00382862 0.00420987 0.00461575 0.00505606 0.00555038 0.00606939 0.00661734 0.00719821 0.00782152 0.00843578 0.00902926 0.00957212 0.0100584 0.0104636 0.0107281 0.0108415 0.0107875 0.0105649 0.0101984 0.00975406 0.0092714 0.00883935 0.00858154 0.00859374 0.00893286 0.00967834 0.0108043 0.0122502 0.0138651 0.0154275 0.0167246 0.0174986 0.0175391 0.0166351 0.014663 0.0115405 0.00734415 0.00224736 -0.00352804 -0.00968959 -0.0159196 -0.0219461 -0.0274756 -0.032334 -0.036384 -0.0395225 -0.0417386 -0.0430349 -0.0434578 -0.0430521 -0.0419037 -0.0401124 -0.0377956 -0.0350409 -0.0319857 -0.0287565 -0.0254652 -0.0221977 -0.019066 -0.0161094 -0.0134146 -0.0109998 -0.00887799 -0.00706886 -0.00555442 -0.00429039 -0.00326393 -0.0024262 -0.00177738 -0.00127125 -0.00088093 -0.000591444 -0.000375336 -0.000225261 -0.000120285 -2.84706e-05 2.25359e-05 5.75906e-05 8.09631e-05 8.8744e-05 0.000109748 0.00012182 0.000120958 0.00013888 0.000150737 0.000168599 0.000187021 0.00018362 0.000185837 0.000186917 0.000168862 0.000144342 8.76058e-05 5.55226e-06 -0.000117065 -0.000308881 -0.000580614 -0.000950709 -0.00143798 -0.00206044 -0.002868 -0.00386009 -0.00509019 -0.00658225 -0.00835685 -0.0104365 -0.0128077 -0.0154408 -0.0183409 -0.0214203 -0.0246234 -0.027859 -0.0310442 -0.0340661 -0.0368188 -0.0391774 -0.0410488 -0.0423208 -0.0428943 -0.0426699 -0.041601 -0.0396262 -0.0367269 -0.0328869 -0.0281799 -0.0227585 -0.0167642 -0.0104697 -0.00417736 0.00182013 0.00721691 0.0117497 0.015241 0.0176017 0.0189008 0.0192215 0.0187427 0.0176824 0.0163145 0.014841 0.0134618 0.0123564 0.0115889 0.0111863 0.0111057 0.0112871 0.0116474 0.0120719 0.0124539 0.0127629 0.0129498 0.012992 0.0128834 0.0126376 0.0122447 0.0117699 0.0112657 0.0107216 0.0101616 0.0096003 0.0090686 0.00856726 0.00812283 0.00771372 0.00734208 0.00700714 0.00670843 0.00645182 0.00621936 0.00601912 0.00584584 0.00569484 0.00553272 0.00540736 0.00532393 0.0052349 0.00513487 0.00505758 0.00501337 0.00496248 0.0049304 0.00490005 0.00487417 
0 0.000196794 0.000388704 0.000571343 0.000759597 0.00098145 0.0011841 0.00138039 0.00160567 0.00184394 0.00206609 0.0023117 0.00260433 0.00288515 0.00317634 0.00350468 0.00387396 0.00427104 0.00470924 0.00518033 0.00568951 0.00626937 0.00689535 0.00756185 0.0082585 0.00898623 0.00971175 0.010412 0.0110513 0.0115966 0.0120139 0.0122337 0.0122362 0.0120093 0.0115477 0.0108828 0.010076 0.00917323 0.00828334 0.00757031 0.00716051 0.00713027 0.00756208 0.0084542 0.00975013 0.0113195 0.0129638 0.0144647 0.0155372 0.0159216 0.0154109 0.0138765 0.0112132 0.00745679 0.00275938 -0.00267332 -0.00856765 -0.0146262 -0.0205732 -0.026139 -0.0311461 -0.0354337 -0.0388828 -0.0414689 -0.0431873 -0.0440541 -0.0440948 -0.0433737 -0.0419638 -0.0399655 -0.0374683 -0.0345886 -0.0314615 -0.0281948 -0.0248728 -0.0216161 -0.0184949 -0.0156018 -0.0129703 -0.0106187 -0.0085813 -0.00684597 -0.00538404 -0.00418413 -0.00319816 -0.00242349 -0.00181486 -0.00133167 -0.000967822 -0.00069715 -0.000500689 -0.000360228 -0.000243194 -0.000169025 -0.00012652 -9.82468e-05 -7.72883e-05 -4.99053e-05 -3.35513e-05 -3.24091e-05 -2.10161e-05 -5.73121e-06 1.6866e-05 2.9554e-05 2.28865e-05 1.9943e-05 1.33834e-05 -9.05927e-06 -5.27918e-05 -0.000140282 -0.000255642 -0.000421711 -0.000668776 -0.0010063 -0.00146363 -0.00205543 -0.002803 -0.0037601 -0.00492642 -0.00634551 -0.00804781 -0.0100471 -0.0123569 -0.0149465 -0.0177792 -0.0208362 -0.0240226 -0.0272724 -0.0304894 -0.0335835 -0.0364546 -0.0389739 -0.041019 -0.042515 -0.0433688 -0.0435017 -0.0428453 -0.0413624 -0.0390087 -0.0357791 -0.03169 -0.0268331 -0.0213655 -0.0154447 -0.00932366 -0.00329172 0.00236902 0.00737287 0.0114866 0.0145463 0.0164752 0.0173593 0.0173338 0.0165895 0.0153577 0.0139174 0.0124857 0.0112619 0.0103998 0.00995548 0.00994058 0.0102958 0.0109327 0.011737 0.0125649 0.013306 0.0139203 0.0143526 0.0145582 0.0145435 0.0143365 0.0139378 0.0134181 0.0128272 0.0121775 0.011504 0.010842 0.0102086 0.00959568 0.00904327 0.00855579 0.00812913 0.00772712 0.00735643 0.00705169 0.00679733 0.00656686 0.00635313 0.00617499 0.00600502 0.00586616 0.00576015 0.00565846 0.00555959 0.0054792 0.00541727 0.00535939 0.00533312 0.00530533 0.00526725 
0 0.000210003 0.000423833 0.000622407 0.000818457 0.00105059 0.00128682 0.0015131 0.00174722 0.00199415 0.00225057 0.00253807 0.00285288 0.00315601 0.00349118 0.00387396 0.0042866 0.00473585 0.00525038 0.00581595 0.00640863 0.00707972 0.00782578 0.00862837 0.00945558 0.0102928 0.0111281 0.0119225 0.0126405 0.0132134 0.0135929 0.0137135 0.0135537 0.0131033 0.012335 0.0112965 0.0100582 0.00869047 0.00731759 0.00612784 0.00527586 0.00486628 0.00498953 0.00566952 0.00685223 0.0084233 0.0101939 0.0119263 0.0133296 0.0141057 0.0140438 0.0129835 0.0108062 0.00752123 0.0032588 -0.00179241 -0.00737871 -0.0132226 -0.0190433 -0.0245966 -0.0297036 -0.0341891 -0.0379266 -0.0408627 -0.0429876 -0.0442905 -0.0447886 -0.0445288 -0.0435585 -0.0419447 -0.0397693 -0.0371222 -0.0341527 -0.030967 -0.0276532 -0.0243318 -0.0210933 -0.0180279 -0.0151864 -0.0125995 -0.0103231 -0.00835879 -0.0066919 -0.00531091 -0.00416519 -0.00324704 -0.00251449 -0.00191893 -0.00146249 -0.0011254 -0.000873479 -0.000693912 -0.000551094 -0.000453823 -0.000401133 -0.000363901 -0.000321216 -0.000281522 -0.000254859 -0.000250042 -0.000248007 -0.000236061 -0.000214722 -0.000213068 -0.000221604 -0.000228027 -0.000239435 -0.000266389 -0.000332524 -0.000458684 -0.000618407 -0.000844047 -0.00116152 -0.00158026 -0.00213548 -0.00283957 -0.00371983 -0.00483867 -0.00619855 -0.00783231 -0.00976612 -0.011998 -0.0145269 -0.0173066 -0.0203007 -0.0234749 -0.0267321 -0.0299876 -0.0331355 -0.0360706 -0.0387119 -0.0409224 -0.0425982 -0.0436799 -0.0440924 -0.0437698 -0.0426735 -0.0407745 -0.0380609 -0.0345338 -0.0302388 -0.0252795 -0.0198106 -0.0140021 -0.00808756 -0.00234782 0.00293754 0.00750307 0.0111406 0.0137122 0.0151782 0.0156269 0.0152238 0.01416 0.0127048 0.0111522 0.00973209 0.00863711 0.00799791 0.00786703 0.00824085 0.00903956 0.0101509 0.011435 0.0127238 0.013897 0.014885 0.0156278 0.0160547 0.0161891 0.0160732 0.0157183 0.0151875 0.014523 0.0137735 0.012982 0.012206 0.0114629 0.0107434 0.0100735 0.00947126 0.00895755 0.00849352 0.00806807 0.0077062 0.00740275 0.00712939 0.00688187 0.00668073 0.00650497 0.00634784 0.00620869 0.00608378 0.00598845 0.00591792 0.00584066 0.00576642 0.00573221 0.00571095 0.00567591 
0 0.000215243 0.000455471 0.000689599 0.00090477 0.00114268 0.00139498 0.0016427 0.00189576 0.00216748 0.00245641 0.00276615 0.0030913 0.00343475 0.00382862 0.00427104 0.00473585 0.00524871 0.00585173 0.00651164 0.00722404 0.00801413 0.00889183 0.00981718 0.0107666 0.0117354 0.0126729 0.0135529 0.0142968 0.0148486 0.0151329 0.015101 0.0147377 0.0139932 0.0128553 0.011364 0.00963595 0.00776917 0.00590432 0.00423481 0.00293471 0.00214375 0.00198758 0.00248673 0.00360903 0.0052375 0.00717709 0.00918079 0.0109292 0.0121474 0.0125642 0.011997 0.0103194 0.0075305 0.00372947 -0.000920416 -0.00618194 -0.011773 -0.0174484 -0.0229538 -0.0281023 -0.0327427 -0.0367218 -0.0399805 -0.0424817 -0.0442202 -0.0451842 -0.0453964 -0.0448978 -0.0437295 -0.0419173 -0.0395861 -0.0368413 -0.03379 -0.0305363 -0.0271966 -0.0238723 -0.0206758 -0.0176561 -0.0148646 -0.0123543 -0.0101583 -0.00826774 -0.00666656 -0.00533938 -0.0042581 -0.00337851 -0.00267696 -0.00212725 -0.00170683 -0.0014042 -0.00116207 -0.000968988 -0.000844276 -0.000764338 -0.000709354 -0.000668355 -0.000612321 -0.000585779 -0.000586242 -0.000575129 -0.000557039 -0.000539447 -0.000527356 -0.000552677 -0.000576484 -0.000597118 -0.000652369 -0.000752962 -0.00090523 -0.00112229 -0.0014009 -0.00178628 -0.00231204 -0.00298408 -0.00382548 -0.00487774 -0.00617338 -0.00773673 -0.00959112 -0.0117453 -0.0142012 -0.0169339 -0.0198951 -0.0230228 -0.0262774 -0.0295623 -0.0327607 -0.035766 -0.0384951 -0.040825 -0.0426718 -0.0439354 -0.0445617 -0.0445091 -0.043739 -0.0422075 -0.0399191 -0.0368699 -0.0330945 -0.0286264 -0.0235974 -0.018172 -0.0124954 -0.00680986 -0.00139545 0.00348423 0.00758619 0.0107218 0.0127786 0.0137481 0.0137555 0.0129318 0.0115136 0.00979045 0.00808503 0.00663383 0.00561637 0.00517173 0.00533637 0.00608232 0.00731664 0.00890497 0.0106927 0.0124971 0.0141543 0.0155825 0.0166777 0.0174021 0.0177604 0.0178002 0.0175415 0.0170213 0.0163224 0.0154935 0.0146136 0.0137162 0.0128376 0.0119997 0.0112136 0.010495 0.00985891 0.00931077 0.00883148 0.00840884 0.00803374 0.00770641 0.00743553 0.0072166 0.00701532 0.00683712 0.00667944 0.00654125 0.00643625 0.00636004 0.00628327 0.00619656 0.00614962 0.00612154 0.00609644 
