0 0 0 0 0 0 0 0 0 0 0 0 0 0 0 0 0 0 0 0 0 0 0 0 0 0 0 0 0 0 0 0 0 0 0 0 0 0 0 0 0 0 0 0 0 0 0 0 0 0 0 0 0 0 0 0 0 0 0 0 0 0 0 0 0 0 0 0 0 0 0 0 0 0 0 0 0 0 0 0 0 0 0 0 0 0 0 0 0 0 0 0 0 0 0 0 0 0 0 0 0 0 0 0 0 0 0 0 0 0 0 0 0 0 0 0 0 0 0 0 0 0 0 0 0 0 0 0 0 0 0 0 0 0 0 0 0 0 0 0 0 0 0 0 0 0 0 0 0 0 0 0 0 0 0 0 0 0 0 0 0 0 0 0 0 0 0 0 0 0 0 0 0 0 0 0 0 0 0 0 0 0 0 0 0 0 0 0 0 0 0 0 0 0 0 0 0 0 0 0 
0 -8.38944e-06 1.11996e-05 3.12155e-05 3.48287e-05 2.6988e-05 3.4745e-05 5.63957e-05 7.57959e-05 7.64213e-05 6.67043e-05 8.38812e-05 0.000111051 0.000120042 0.000108651 0.000105281 0.000116459 0.000126592 0.000121579 8.98798e-05 5.88176e-05 4.22763e-05 1.49844e-05 -4.99961e-05 -0.000138695 -0.000231194 -0.000322161 -0.000430355 -0.000563873 -0.000716099 -0.000857129 -0.000970396 -0.00106101 -0.00111393 -0.00112817 -0.00105695 -0.000894909 -0.000639369 -0.000294921 0.000135988 0.000651778 0.0012271 0.00185001 0.00246894 0.00306216 0.00361976 0.00411733 0.00452242 0.00481536 0.00497954 0.00502961 0.00494983 0.00475179 0.00443229 0.00397775 0.00338743 0.00267325 0.00186687 0.000979021 4.98584e-05 -0.000897605 -0.00183385 -0.00272207 -0.00351678 -0.00418886 -0.00469246 -0.00503152 -0.00520654 -0.00524038 -0.0051392 -0.00492151 -0.0046078 -0.00421757 -0.0037634 -0.00329088 -0.00282764 -0.00238475 -0.00198253 -0.00161836 -0.00129621 -0.00103092 -0.000807122 -0.000615514 -0.000467768 -0.00034129 -0.000244791 -0.000168491 -0.000107655 -6.38337e-05 -3.36995e-05 -9.44515e-06 -2.05234e-06 6.42697e-06 5.03085e-06 1.1106e-05 1.67375e-05 1.83686e-05 1.95116e-05 2.41901e-05 2.30041e-05 2.91567e-05 2.09567e-05 1.83193e-05 1.88654e-05 2.14149e-05 2.31438e-05 2.4216e-05 1.97149e-05 2.28821e-05 1.27423e-05 8.38266e-07 -2.42637e-05 -5.5631e-05 -9.38742e-05 -0.000148843 -0.000223769 -0.00031381 -0.000442666 -0.000595305 -0.00078324 -0.00100973 -0.00127098 -0.00158385 -0.00195413 -0.00236028 -0.00280259 -0.00326911 -0.00373257 -0.00417361 -0.0045595 -0.00486809 -0.00508398 -0.00518869 -0.00515351 -0.00496749 -0.0046086 -0.00408865 -0.00340409 -0.00260058 -0.0017205 -0.000794576 0.000141142 0.00104099 0.00189823 0.00267664 0.00335532 0.00390454 0.00432644 0.00463006 0.00482162 0.0049149 0.00489283 0.00475208 0.0044804 0.00410234 0.00365353 0.00314696 0.0025876 0.00199879 0.00139422 0.000829289 0.000324265 -9.56385e-05 -0.000429474 -0.000687078 -0.000861756 -0.000950106 -0.00094371 -0.000889124 -0.000800466 -0.000691648 -0.000567381 -0.000430994 -0.000295215 -0.00017657 -7.84192e-05 7.61178e-06 8.54563e-05 0.00015014 0.000194048 0.00022698 0.000255112 0.000278696 0.000281625 0.0002836 0.000291537 0.000297218 0.000294861 0.000281051 0.000273436 0.00027564 0.000283817 0.000270435 0.000252964 0.000259148 0.000269757 0.000266423 0.000252958 0.000255419 0.000264361 
0 1.11996e-05 3.2384e-05 5.80694e-05 6.45663e-05 8.65847e-05 9.57588e-05 0.000113072 0.00013649 0.000154067 0.000160933 0.000170627 0.000202202 0.000211671 0.000220227 0.000226595 0.00022926 0.000230174 0.000222377 0.000191377 0.000137304 8.51007e-05 8.53214e-06 -0.000114363 -0.000266376 -0.000441241 -0.000644504 -0.000876453 -0.00114544 -0.00142339 -0.00169117 -0.00192088 -0.00210652 -0.00222462 -0.00223235 -0.00208693 -0.00174953 -0.00124937 -0.000568915 0.000298657 0.00132589 0.00247366 0.00370313 0.00494782 0.00614019 0.00723353 0.00819813 0.00900664 0.00959558 0.00992366 0.00998976 0.00982085 0.00940275 0.00873962 0.0078339 0.00666185 0.00524914 0.00364622 0.00189992 6.91953e-05 -0.0018066 -0.00364306 -0.00536834 -0.00694298 -0.00825931 -0.00927004 -0.00996391 -0.0103334 -0.0104022 -0.0101986 -0.0097643 -0.00914197 -0.00837041 -0.00750232 -0.00657534 -0.00565971 -0.004795 -0.00398094 -0.00325187 -0.00261993 -0.00208263 -0.00163228 -0.00125343 -0.000937915 -0.000683898 -0.000487663 -0.000336829 -0.000219732 -0.00014203 -7.69587e-05 -2.87888e-05 -1.75952e-06 1.78532e-05 2.66136e-05 3.30455e-05 4.44205e-05 4.06793e-05 3.95551e-05 4.07166e-05 4.6208e-05 5.26193e-05 4.745e-05 4.48023e-05 5.10674e-05 5.39935e-05 5.99835e-05 4.95848e-05 3.93815e-05 3.59678e-05 1.97208e-05 -5.97844e-06 -4.43602e-05 -0.00010545 -0.000182348 -0.000296941 -0.000450237 -0.000648294 -0.000897147 -0.00120713 -0.00158728 -0.00203212 -0.00256424 -0.00320197 -0.00392411 -0.00473422 -0.00560212 -0.00650382 -0.00742881 -0.00830577 -0.00907259 -0.00968595 -0.0101045 -0.0102841 -0.0101889 -0.00980489 -0.00909775 -0.00805922 -0.0067338 -0.00515503 -0.00341831 -0.00160129 0.000239812 0.00202928 0.00371724 0.00525115 0.00658644 0.00769573 0.00854992 0.00917243 0.00958744 0.00976361 0.00970695 0.00943108 0.008931 0.00820694 0.00730913 0.00628744 0.00517754 0.00400144 0.00281546 0.00169534 0.000695684 -0.00015827 -0.000851178 -0.00136048 -0.00170565 -0.00186354 -0.00186771 -0.00177243 -0.00160363 -0.00138098 -0.00111976 -0.000849164 -0.000585505 -0.000354316 -0.000156868 2.26232e-05 0.000179594 0.000303223 0.000388947 0.000441756 0.000499651 0.000541372 0.000560827 0.000564803 0.000567434 0.000575154 0.000573307 0.000577672 0.000556826 0.000554224 0.000561007 0.000554887 0.000541473 0.000534647 0.000544988 0.000529406 0.000529289 0.000524945 0.000522145 
0 3.12155e-05 5.80694e-05 6.39238e-05 9.13729e-05 0.000133828 0.000163021 0.000164284 0.000185572 0.000230423 0.000252681 0.000273386 0.000286606 0.000304251 0.000330443 0.000356844 0.000352273 0.000329346 0.000324261 0.000294678 0.000228852 0.000132927 7.01103e-07 -0.000174933 -0.000382122 -0.00064217 -0.000960909 -0.00132922 -0.00171615 -0.00212003 -0.00251499 -0.00287121 -0.00316311 -0.00331473 -0.00332059 -0.00308517 -0.00259887 -0.0018406 -0.000804978 0.000498456 0.0020464 0.00376188 0.00560995 0.00745653 0.00922747 0.0108721 0.0123116 0.0134652 0.0142904 0.0147434 0.0148441 0.0145422 0.0138723 0.0128522 0.0114719 0.00973301 0.00765635 0.00531133 0.00272928 2.77461e-05 -0.00271224 -0.00539813 -0.00793394 -0.0102136 -0.0121637 -0.0136608 -0.0146957 -0.0152537 -0.0153845 -0.0151108 -0.0144945 -0.0136024 -0.0124953 -0.0112117 -0.0098661 -0.00853086 -0.00723835 -0.00604588 -0.00495886 -0.00399517 -0.00319394 -0.0025147 -0.00193132 -0.00147077 -0.00107754 -0.000774239 -0.000538205 -0.000356013 -0.000228208 -0.000138707 -6.32162e-05 -2.76351e-05 1.09576e-05 2.30596e-05 4.72514e-05 6.2101e-05 5.80562e-05 4.89491e-05 5.19398e-05 4.91336e-05 7.17221e-05 6.26682e-05 6.62489e-05 7.30184e-05 7.73956e-05 7.26688e-05 6.15446e-05 3.91958e-05 4.14868e-05 1.52725e-05 -1.59264e-05 -8.6328e-05 -0.000183199 -0.00030844 -0.000487259 -0.000725317 -0.00101002 -0.00140103 -0.00186541 -0.0024365 -0.00312568 -0.00392382 -0.00486864 -0.00596527 -0.00715496 -0.00843489 -0.00977525 -0.0111084 -0.0123774 -0.0134879 -0.0143694 -0.0149661 -0.0152195 -0.0150571 -0.0144596 -0.0133842 -0.0118673 -0.00990399 -0.0076058 -0.00507914 -0.00240652 0.00030597 0.00291932 0.00539573 0.00764362 0.00962204 0.0112675 0.0125772 0.0135514 0.014181 0.0144889 0.0144477 0.014073 0.0133415 0.0122946 0.0109955 0.00947626 0.00778725 0.00603424 0.00427216 0.00261823 0.00110041 -0.000204319 -0.00124576 -0.0020152 -0.002512 -0.0027669 -0.00278199 -0.00265671 -0.00240057 -0.00205322 -0.00166325 -0.00126565 -0.000882712 -0.000531701 -0.000221084 4.74397e-05 0.000271551 0.000452006 0.000582942 0.00067918 0.00074999 0.000809994 0.000836133 0.000857805 0.000863874 0.000852826 0.000856599 0.000863477 0.000855764 0.000827904 0.000828263 0.000827335 0.000819068 0.000814431 0.000797468 0.000790536 0.000795474 0.000802339 0.000779575 
0 3.48287e-05 6.45663e-05 9.13729e-05 0.000106726 0.000164333 0.000198462 0.000221403 0.000250735 0.000293651 0.000334875 0.00036704 0.000406142 0.000414935 0.000446845 0.000481597 0.000481781 0.000456408 0.000432977 0.000391935 0.000300388 0.000174617 -1.53739e-06 -0.000233801 -0.000509629 -0.000855554 -0.00128405 -0.0017581 -0.00226737 -0.00279281 -0.00332962 -0.00381555 -0.00418929 -0.00438589 -0.00435792 -0.00405536 -0.00340306 -0.0024 -0.000999963 0.000781481 0.00285517 0.00512962 0.00754863 0.0100076 0.0123771 0.0145324 0.0163769 0.0178514 0.0188781 0.019415 0.0194575 0.0190226 0.0180851 0.0166732 0.0148204 0.0125127 0.00979392 0.0067399 0.00341802 -6.63075e-05 -0.0036237 -0.00709392 -0.0103436 -0.0132987 -0.0157932 -0.0177429 -0.0191194 -0.0199001 -0.0201158 -0.0198101 -0.0190537 -0.0179267 -0.0165056 -0.0148872 -0.0131509 -0.0114176 -0.00975445 -0.00817449 -0.00673697 -0.00547114 -0.00438228 -0.00346065 -0.0026831 -0.00203929 -0.00151801 -0.00110953 -0.000788418 -0.000535425 -0.000356418 -0.000210808 -0.00010395 -4.39443e-05 -5.12519e-06 1.10618e-05 2.68445e-05 5.21313e-05 5.5028e-05 6.08568e-05 6.91724e-05 7.99886e-05 8.8943e-05 7.31177e-05 6.10025e-05 6.71008e-05 7.391e-05 8.69117e-05 7.39991e-05 5.53107e-05 4.23792e-05 7.01342e-07 -6.49339e-05 -0.000160211 -0.00029706 -0.000466961 -0.000706792 -0.00102546 -0.00143554 -0.00195332 -0.00259285 -0.00337133 -0.00428247 -0.00536035 -0.00663216 -0.00806145 -0.00963788 -0.0113077 -0.0130213 -0.0147467 -0.0163636 -0.0177647 -0.0188715 -0.0196071 -0.0198839 -0.0196311 -0.0188224 -0.0174113 -0.0154011 -0.0128743 -0.00990447 -0.00664748 -0.00322581 0.000259144 0.00366093 0.00687439 0.00979781 0.0123658 0.0145435 0.0162899 0.0176253 0.01856 0.0190264 0.0190263 0.0185881 0.0177105 0.0163873 0.0146826 0.0126782 0.010467 0.00813659 0.00579892 0.00357522 0.00155226 -0.000194659 -0.00159651 -0.00260847 -0.00328547 -0.00362517 -0.00367843 -0.00351202 -0.00316399 -0.0027004 -0.00219087 -0.00168755 -0.00118592 -0.000708337 -0.000283989 6.94124e-05 0.000349606 0.000582511 0.00078069 0.000922006 0.00102642 0.00107942 0.00111558 0.0011554 0.00117604 0.00116385 0.00113645 0.00115037 0.00113616 0.00111831 0.00109983 0.00108513 0.00108083 0.00107318 0.00106894 0.00104066 0.00105796 0.00106028 0.00104545 
0 2.6988e-05 8.65847e-05 0.000133828 0.000164333 0.000198784 0.000247888 0.000292512 0.000337165 0.000375139 0.000399313 0.000453742 0.000504803 0.000526957 0.000545487 0.00057965 0.000592631 0.000573835 0.000550251 0.00048542 0.00037489 0.000226186 1.48466e-05 -0.000275239 -0.000628207 -0.00106468 -0.00158933 -0.00218329 -0.00281016 -0.00347058 -0.00412996 -0.00472351 -0.00518134 -0.00539804 -0.00535896 -0.00495363 -0.00413784 -0.00285877 -0.001094 0.00112319 0.00371456 0.00655326 0.00957334 0.0126029 0.0155079 0.0181625 0.0204148 0.0221453 0.0233087 0.0238713 0.0238523 0.0231917 0.0219257 0.0201047 0.0177587 0.0149139 0.0116094 0.00792709 0.00391347 -0.000280407 -0.00452526 -0.00866751 -0.0125621 -0.0160746 -0.0190984 -0.0214795 -0.0231848 -0.0241817 -0.0245142 -0.0242126 -0.0233625 -0.0220618 -0.0204072 -0.0184761 -0.0164212 -0.014351 -0.0123201 -0.0104034 -0.00862963 -0.00703626 -0.00567642 -0.00451093 -0.00351242 -0.00270688 -0.00203007 -0.00149714 -0.00107704 -0.000748181 -0.00050822 -0.000330938 -0.00018871 -0.000109091 -4.2805e-05 -1.28651e-05 2.65711e-05 5.54848e-05 5.8292e-05 5.20426e-05 5.85906e-05 6.12685e-05 8.72211e-05 7.43706e-05 7.29821e-05 7.90466e-05 8.55579e-05 8.13991e-05 6.20892e-05 2.65652e-05 1.18606e-05 -4.31595e-05 -0.000118487 -0.000253104 -0.000435425 -0.000667646 -0.000986764 -0.00140538 -0.00191835 -0.00259442 -0.00340438 -0.00438746 -0.00555813 -0.00691028 -0.00848255 -0.0102643 -0.0121772 -0.014197 -0.0162712 -0.0183082 -0.0202134 -0.0218559 -0.023135 -0.0239591 -0.0242325 -0.0238559 -0.0228022 -0.0210351 -0.0186106 -0.0155561 -0.0120191 -0.00814469 -0.00404426 0.000138396 0.00420579 0.0080667 0.011595 0.0147373 0.0174274 0.0196518 0.0213933 0.0226142 0.0233024 0.0234177 0.0229775 0.0219566 0.0203933 0.0183597 0.0159154 0.013167 0.010287 0.00738933 0.00463556 0.00209434 -0.000103553 -0.00185858 -0.00314896 -0.00399841 -0.00445412 -0.00452793 -0.00433475 -0.00391109 -0.0033409 -0.00271427 -0.00208024 -0.00145575 -0.000862855 -0.000336164 0.000100967 0.000452134 0.000742489 0.000976909 0.00115503 0.00127526 0.00135148 0.0013853 0.00142825 0.00145943 0.00145131 0.00143325 0.00142421 0.00141926 0.0014045 0.00139969 0.00137272 0.0013491 0.00135655 0.00135214 0.00133021 0.00131668 0.001321 0.00131331 
0 3.4745e-05 9.57588e-05 0.000163021 0.000198462 0.000247888 0.000290501 0.00034482 0.000407506 0.00045791 0.000490593 0.000535166 0.000603813 0.00064042 0.000671169 0.000697839 0.000706002 0.00069537 0.000666499 0.000587222 0.000448262 0.000271064 2.1117e-05 -0.00032617 -0.000752281 -0.00126755 -0.00188817 -0.00258922 -0.00334985 -0.00413186 -0.00490122 -0.00558547 -0.00611058 -0.00638097 -0.00631058 -0.00580393 -0.00477827 -0.00322311 -0.00110149 0.001564 0.00466833 0.00807462 0.0116675 0.0152687 0.0186909 0.0217609 0.0243299 0.0262939 0.0275621 0.028093 0.0278892 0.0269683 0.0253439 0.0230875 0.020267 0.0169 0.0130414 0.00877861 0.00418904 -0.000592361 -0.00543134 -0.0101351 -0.0145441 -0.0185578 -0.0220098 -0.0247816 -0.0268133 -0.0280576 -0.0285305 -0.028278 -0.0273882 -0.0259714 -0.0241349 -0.0219981 -0.0196774 -0.0173104 -0.0149776 -0.012726 -0.0106309 -0.00874654 -0.00709886 -0.00567977 -0.00446713 -0.00345623 -0.00262499 -0.00196281 -0.00143881 -0.00102987 -0.000728738 -0.000489846 -0.000306598 -0.000186913 -0.000102317 -5.28561e-05 -1.01251e-05 2.80584e-05 3.33082e-05 3.2551e-05 3.77136e-05 5.09997e-05 6.99257e-05 6.16999e-05 5.50824e-05 6.30317e-05 6.83866e-05 6.83936e-05 3.72963e-05 -6.67202e-06 -4.53491e-05 -0.000118435 -0.000229338 -0.000394831 -0.000626616 -0.000924193 -0.00132631 -0.00184956 -0.00250804 -0.00333085 -0.00433137 -0.0055358 -0.00694566 -0.00858641 -0.0104743 -0.0125605 -0.0147983 -0.017124 -0.0194728 -0.0217839 -0.0239187 -0.025738 -0.0271274 -0.0279784 -0.0281754 -0.0276347 -0.0263364 -0.0242588 -0.0214336 -0.0179526 -0.0139231 -0.00951479 -0.00486768 -0.000122234 0.00452993 0.00895126 0.0130215 0.0166778 0.0198762 0.0225637 0.024722 0.0263171 0.0272628 0.0275363 0.0271512 0.0260943 0.0243574 0.0220087 0.0191534 0.0159362 0.0125185 0.00906864 0.00576287 0.00272908 9.17839e-05 -0.00204176 -0.00361383 -0.00466499 -0.00520924 -0.00531689 -0.00509738 -0.00462173 -0.00396914 -0.00322133 -0.00245421 -0.00170549 -0.00101856 -0.000410743 0.000117093 0.000560367 0.000915674 0.00118127 0.00136799 0.0015239 0.00163434 0.00169198 0.00171924 0.00173344 0.00174144 0.00173609 0.00173179 0.00169509 0.0016804 0.00168393 0.00166398 0.00163059 0.00161881 0.00162781 0.0016016 0.0015925 0.00158418 0.00158093 
0 5.63957e-05 0.000113072 0.000164284 0.000221403 0.000292512 0.00034482 0.000388935 0.000459077 0.000536469 0.000585283 0.000633554 0.000697892 0.000752832 0.000795188 0.000824003 0.000831133 0.000819339 0.000785145 0.000688538 0.000529109 0.000324159 3.62019e-05 -0.000366473 -0.000868242 -0.00146795 -0.0021736 -0.00297983 -0.00385978 -0.00477343 -0.00565304 -0.0064213 -0.00700553 -0.00729676 -0.00719975 -0.00657624 -0.00534981 -0.00349431 -0.000998763 0.00210411 0.00571789 0.00968551 0.0138489 0.0179757 0.0218579 0.0253169 0.0281743 0.0302851 0.0315645 0.0319791 0.0315546 0.0303022 0.0282834 0.0255875 0.0222848 0.0184229 0.0140683 0.00931374 0.00423628 -0.00102187 -0.0063146 -0.0114647 -0.01631 -0.020716 -0.0245435 -0.0276472 -0.0299604 -0.0314375 -0.0320909 -0.0319527 -0.0311067 -0.0296606 -0.0277289 -0.0254281 -0.0229108 -0.0203101 -0.0177066 -0.015177 -0.0127879 -0.0106033 -0.00867793 -0.00700103 -0.0055577 -0.00435658 -0.003356 -0.00254824 -0.00190205 -0.0013914 -0.00100397 -0.000704867 -0.00047368 -0.000321606 -0.000213826 -0.00014687 -8.52023e-05 -3.60927e-05 -1.81626e-05 -1.43442e-05 -4.11862e-06 9.40401e-06 3.03108e-05 1.9732e-05 1.04738e-05 1.18574e-05 1.55222e-05 7.80477e-06 -2.63778e-05 -8.04647e-05 -0.00013524 -0.000234595 -0.000381561 -0.00060352 -0.000900782 -0.00127838 -0.00177498 -0.00241206 -0.00320392 -0.00419982 -0.00539926 -0.00683135 -0.00850577 -0.0104236 -0.0125968 -0.0149831 -0.0175019 -0.0200932 -0.0226856 -0.0251835 -0.0274583 -0.0293633 -0.0307776 -0.0315881 -0.0316817 -0.0309678 -0.0294228 -0.0270406 -0.0238786 -0.0200114 -0.0155842 -0.010761 -0.00567729 -0.000488681 0.00460923 0.00948915 0.014032 0.0181705 0.0218388 0.0249895 0.0275828 0.0295597 0.0308494 0.0313852 0.0311382 0.0300687 0.0281964 0.0256076 0.0224084 0.0187484 0.0148233 0.0108272 0.00698205 0.0034457 0.000374715 -0.00211784 -0.00398779 -0.00524512 -0.00591485 -0.00605844 -0.00581994 -0.00529129 -0.00455933 -0.00370884 -0.00281725 -0.00195121 -0.00116218 -0.000465881 0.000145284 0.0006677 0.00108503 0.00138864 0.00160622 0.00178393 0.00192181 0.00199529 0.00202552 0.00203225 0.00203338 0.00203908 0.00203249 0.00199068 0.00195355 0.00195156 0.00194137 0.00190957 0.00188745 0.00187766 0.0018649 0.00186444 0.00186151 0.0018474 
0 7.57959e-05 0.00013649 0.000185572 0.000250735 0.000337165 0.000407506 0.000459077 0.000525076 0.000603761 0.00067233 0.000738775 0.000803637 0.000855171 0.000901264 0.00094271 0.000958679 0.00094204 0.000892563 0.000783936 0.000611146 0.000377604 4.91621e-05 -0.000405472 -0.000978504 -0.00166165 -0.00245544 -0.0033566 -0.00434494 -0.00537471 -0.00636156 -0.00721178 -0.00783823 -0.00813204 -0.00797902 -0.00723278 -0.0058013 -0.00364947 -0.000775754 0.00277297 0.00688287 0.0113795 0.0160665 0.0206843 0.0249868 0.0287663 0.0318335 0.0340321 0.0352621 0.0354922 0.0347654 0.0331363 0.0306951 0.0275469 0.0237747 0.0194463 0.0146453 0.0094766 0.00402969 -0.0015706 -0.00718612 -0.0126525 -0.0178118 -0.0225222 -0.0266404 -0.0300252 -0.0326006 -0.0343189 -0.0351765 -0.0351989 -0.0344571 -0.0330534 -0.0311028 -0.0287299 -0.0260891 -0.023317 -0.0205042 -0.0177339 -0.0150826 -0.0126276 -0.0104276 -0.00848876 -0.00680737 -0.00539015 -0.00420708 -0.00324321 -0.00246664 -0.00184949 -0.00136965 -0.00099415 -0.000703779 -0.000502689 -0.000363839 -0.000271594 -0.000193549 -0.000132915 -0.000102933 -9.06079e-05 -7.54373e-05 -5.69834e-05 -3.91353e-05 -4.90805e-05 -6.22658e-05 -6.52463e-05 -6.42489e-05 -7.77159e-05 -0.000121128 -0.000190949 -0.000276005 -0.000409492 -0.000603938 -0.000882015 -0.00124797 -0.0017139 -0.00231633 -0.00308382 -0.00403695 -0.00521645 -0.00662996 -0.00829851 -0.0102288 -0.0124183 -0.0148614 -0.0175067 -0.0202657 -0.0230668 -0.0258298 -0.0284513 -0.0307952 -0.0327108 -0.0340723 -0.0347691 -0.0346951 -0.0337748 -0.0319878 -0.0293403 -0.0258911 -0.0217275 -0.0170003 -0.0118754 -0.00649407 -0.00100501 0.00442296 0.0096649 0.014608 0.0191732 0.0232832 0.0268808 0.0299181 0.0323249 0.0340039 0.0348544 0.0348077 0.0338087 0.0318729 0.0290965 0.0256091 0.0215716 0.0171839 0.0126725 0.00829996 0.0042769 0.000779459 -0.00207576 -0.00424189 -0.00571703 -0.00652337 -0.00673157 -0.00648636 -0.00590543 -0.00509434 -0.00415282 -0.00316329 -0.00219105 -0.00128978 -0.00049121 0.000194744 0.000769113 0.00123409 0.00159245 0.00185992 0.00205621 0.00218785 0.0022647 0.00231793 0.00234439 0.00233637 0.00232129 0.00231405 0.00229392 0.00225966 0.00223396 0.00221532 0.00219777 0.00218071 0.00215667 0.00213685 0.00213955 0.00213815 0.00211757 
0 7.64213e-05 0.000154067 0.000230423 0.000293651 0.000375139 0.00045791 0.000536469 0.000603761 0.000670355 0.000753545 0.000835996 0.000907258 0.000954549 0.00100979 0.00106307 0.00108025 0.00105626 0.000997349 0.000891315 0.000706398 0.000432025 5.36973e-05 -0.00044433 -0.00107016 -0.00182988 -0.00272706 -0.00373356 -0.00482339 -0.00593908 -0.00701315 -0.00794295 -0.00860942 -0.00889849 -0.00865896 -0.0077713 -0.00612073 -0.00367674 -0.000432542 0.00355561 0.00814417 0.0131455 0.0183132 0.0233739 0.02804 0.0320688 0.0352689 0.0374871 0.0386022 0.0385909 0.0374981 0.0354471 0.0325483 0.0289351 0.0247191 0.0199741 0.0147969 0.00929349 0.00357691 -0.00224913 -0.00805996 -0.0137091 -0.0190567 -0.0239823 -0.0283149 -0.0319358 -0.034748 -0.0367019 -0.0377761 -0.0379984 -0.0374235 -0.0361427 -0.034258 -0.0319064 -0.0292177 -0.0263376 -0.0233759 -0.0204053 -0.0175277 -0.0148341 -0.0123725 -0.010178 -0.00825921 -0.00660564 -0.00522353 -0.00408263 -0.00315788 -0.00242289 -0.00184573 -0.00138561 -0.00103241 -0.000768052 -0.000584468 -0.000448827 -0.000346634 -0.000270146 -0.000233246 -0.000217247 -0.000205082 -0.000179799 -0.000163764 -0.000160842 -0.000171268 -0.000174853 -0.000184203 -0.000212611 -0.000279737 -0.000372756 -0.000496601 -0.00066366 -0.000910883 -0.0012471 -0.00169347 -0.00226612 -0.00299478 -0.00391013 -0.00504664 -0.00641526 -0.00805215 -0.00996248 -0.0121413 -0.0145937 -0.0172876 -0.0201489 -0.0231031 -0.0260526 -0.0289095 -0.0315803 -0.0339126 -0.0357609 -0.0369968 -0.0375164 -0.0372234 -0.036068 -0.0340388 -0.0311618 -0.0274804 -0.0231163 -0.0181927 -0.0128762 -0.0073163 -0.00164937 0.00399347 0.00948589 0.0147394 0.0196647 0.0241897 0.0282303 0.0317251 0.0345944 0.0366915 0.0378991 0.0381095 0.0372631 0.0353502 0.0324563 0.0287319 0.0243611 0.0195528 0.0145834 0.00972648 0.00524049 0.00130984 -0.00192701 -0.00439024 -0.00608201 -0.00702201 -0.00731819 -0.00709038 -0.00647576 -0.00559229 -0.00455865 -0.00347809 -0.00240989 -0.00140591 -0.000508152 0.000254707 0.000882357 0.00139351 0.00180258 0.00210968 0.0023263 0.00245543 0.00254024 0.00260652 0.00264786 0.00264274 0.00260848 0.00259544 0.00258676 0.00257143 0.00253047 0.00249427 0.00248018 0.00247107 0.00245317 0.00241942 0.002412 0.00240493 0.00239529 
0 6.67043e-05 0.000160933 0.000252681 0.000334875 0.000399313 0.000490593 0.000585283 0.00067233 0.000753545 0.000838846 0.000929984 0.00100118 0.00107518 0.00114209 0.00119245 0.00120101 0.00117251 0.00111439 0.00100117 0.000797559 0.000480334 5.30416e-05 -0.000485102 -0.00115777 -0.00199192 -0.00298142 -0.00409794 -0.00527126 -0.00646688 -0.00761219 -0.00860997 -0.00931574 -0.00957152 -0.00924526 -0.00819235 -0.00633175 -0.00358568 3.29605e-05 0.00444298 0.00949272 0.0149614 0.0205697 0.026005 0.0309639 0.0351917 0.0384622 0.0405937 0.0415064 0.0411877 0.0397181 0.0372035 0.0338331 0.0297668 0.0251199 0.0200109 0.0145373 0.00879771 0.00290144 -0.003049 -0.00893275 -0.0146568 -0.0201073 -0.0251293 -0.0296126 -0.0334032 -0.0364045 -0.0385741 -0.0398895 -0.0403551 -0.040015 -0.0389352 -0.0372079 -0.0349359 -0.0322833 -0.0293703 -0.0263048 -0.0232018 -0.0201418 -0.017221 -0.0145277 -0.0120868 -0.00992071 -0.00804739 -0.0064498 -0.0051157 -0.004026 -0.00314715 -0.00244235 -0.00189054 -0.00145657 -0.00113186 -0.000898471 -0.000723267 -0.000586782 -0.000492854 -0.000432341 -0.000405767 -0.000382477 -0.000357228 -0.000339608 -0.000338455 -0.000348771 -0.000364655 -0.000381625 -0.000430442 -0.00051183 -0.000630434 -0.000791421 -0.00101182 -0.00131873 -0.00174197 -0.00228654 -0.00297839 -0.00384814 -0.0049266 -0.00623918 -0.00782516 -0.00969038 -0.011839 -0.0142777 -0.0169667 -0.0198664 -0.0229192 -0.0260059 -0.0290428 -0.0319436 -0.0345698 -0.036802 -0.0384937 -0.0395258 -0.0398052 -0.0392704 -0.0378815 -0.0356262 -0.0325417 -0.0287052 -0.0241915 -0.01917 -0.0137787 -0.00814622 -0.00240699 0.00333026 0.00897302 0.0144482 0.0196727 0.0245505 0.0290203 0.0329846 0.0363084 0.0388674 0.0404864 0.0410253 0.0403829 0.0385649 0.0356428 0.0317475 0.0270779 0.0219055 0.0165272 0.0112395 0.00630122 0.0019427 -0.00166081 -0.00442663 -0.00632014 -0.00741766 -0.00780479 -0.00761722 -0.00698498 -0.00604281 -0.00493318 -0.00376089 -0.00260924 -0.00151805 -0.000535956 0.000305234 0.00100193 0.00156882 0.00201455 0.00235303 0.00258635 0.00274914 0.0028533 0.00291547 0.00294454 0.002942 0.00292983 0.00289663 0.00287589 0.0028487 0.00281917 0.00278188 0.00274915 0.00273825 0.00271938 0.00270585 0.0026788 0.00267422 0.00267632 
0 8.38812e-05 0.000170627 0.000273386 0.00036704 0.000453742 0.000535166 0.000633554 0.000738775 0.000835996 0.000929984 0.00100837 0.00109879 0.00119076 0.001262 0.00129912 0.00131258 0.00130133 0.00122893 0.00109036 0.000866357 0.000528689 7.08956e-05 -0.000518256 -0.00126002 -0.00216305 -0.00322832 -0.00441139 -0.00567817 -0.0069527 -0.00817118 -0.00921284 -0.00991127 -0.0101337 -0.009691 -0.00849154 -0.00640329 -0.00337066 0.000611012 0.00544214 0.01091 0.0167797 0.0227384 0.0284976 0.033709 0.0380457 0.041283 0.0432756 0.0439229 0.0432518 0.0413402 0.0383892 0.034558 0.030035 0.0249954 0.0195649 0.0138578 0.00796937 0.00201739 -0.0039436 -0.00982179 -0.0155241 -0.0209535 -0.0260118 -0.030532 -0.0344305 -0.037597 -0.0399816 -0.04154 -0.0422847 -0.0422215 -0.0414016 -0.0398863 -0.0378011 -0.0352476 -0.032366 -0.0292903 -0.0260947 -0.0229004 -0.0198185 -0.0168973 -0.0142205 -0.0118264 -0.00969814 -0.00788892 -0.0063568 -0.00508405 -0.00405004 -0.00320811 -0.00252663 -0.00200558 -0.00159782 -0.00131244 -0.00109109 -0.000929706 -0.000806271 -0.000722266 -0.000664412 -0.000628911 -0.000591058 -0.000587088 -0.000587054 -0.000613005 -0.000635923 -0.000669016 -0.000725502 -0.000826862 -0.00097187 -0.00119132 -0.00147139 -0.00187218 -0.00238176 -0.0030345 -0.0038608 -0.00487808 -0.00612917 -0.00766402 -0.00945898 -0.0115692 -0.0139657 -0.0166193 -0.0195247 -0.0226053 -0.0257707 -0.0289502 -0.0320161 -0.0348639 -0.0373905 -0.0394441 -0.0409048 -0.0416626 -0.041658 -0.0408402 -0.0392052 -0.0367519 -0.0335234 -0.029554 -0.0249976 -0.0199598 -0.0145845 -0.0090065 -0.00331863 0.00243313 0.00814715 0.0137692 0.0192082 0.0244017 0.0292492 0.0336503 0.0374739 0.0404982 0.0425461 0.0434407 0.0430958 0.0414488 0.0385407 0.03454 0.0296779 0.0242122 0.0184831 0.0127811 0.00743809 0.00269139 -0.00126512 -0.00430888 -0.00643698 -0.00768846 -0.0081989 -0.00804963 -0.0074094 -0.00643087 -0.00525855 -0.00401747 -0.00277855 -0.00160914 -0.000551965 0.000362781 0.00112521 0.00174074 0.00222235 0.00258417 0.002848 0.00303016 0.00315848 0.00321284 0.00322616 0.00323609 0.00323709 0.00321388 0.00316076 0.00312759 0.00310399 0.00308415 0.00304773 0.00300606 0.00299515 0.00298619 0.00297212 0.00295246 0.00295508 
0 0.000111051 0.000202202 0.000286606 0.000406142 0.000504803 0.000603813 0.000697892 0.000803637 0.000907258 0.00100118 0.00109879 0.00119183 0.00128993 0.00134594 0.00138453 0.00142067 0.00141985 0.0013302 0.00116419 0.000929249 0.000584112 0.000100072 -0.000541375 -0.00135711 -0.00233604 -0.00344905 -0.00470464 -0.00604666 -0.00741226 -0.00868202 -0.00973686 -0.0104196 -0.010569 -0.0100318 -0.00865574 -0.00634717 -0.00301285 0.00130593 0.00648295 0.0123185 0.0185463 0.024814 0.0307944 0.0361422 0.0405379 0.0437082 0.0454706 0.0458002 0.0447433 0.0424241 0.0389927 0.0346989 0.0297584 0.0243538 0.0186706 0.012821 0.00687003 0.000918167 -0.00497898 -0.0107333 -0.0163126 -0.0216524 -0.0266227 -0.0311544 -0.035117 -0.038404 -0.0409722 -0.0427798 -0.0438064 -0.0440586 -0.0435508 -0.0423327 -0.0404747 -0.0381151 -0.0353488 -0.0323015 -0.0290974 -0.0258262 -0.0225952 -0.0195089 -0.016622 -0.0139891 -0.0116373 -0.0095845 -0.00782441 -0.00635671 -0.00514666 -0.00415238 -0.00336206 -0.00273361 -0.00223856 -0.00186893 -0.00157593 -0.00135837 -0.00120956 -0.00110029 -0.0010389 -0.000995727 -0.000959135 -0.000945179 -0.000935437 -0.00094764 -0.000984079 -0.00103559 -0.00113516 -0.00127673 -0.00146978 -0.00174268 -0.00209401 -0.00256365 -0.00318098 -0.00396088 -0.00493972 -0.00614286 -0.00759849 -0.00933616 -0.0113733 -0.0137131 -0.0163273 -0.0192076 -0.0222845 -0.0254848 -0.0287416 -0.0319315 -0.0349496 -0.0377003 -0.0400264 -0.0418289 -0.0429947 -0.0434402 -0.043113 -0.0420089 -0.0401304 -0.0374765 -0.0341062 -0.0301072 -0.0255591 -0.0206169 -0.0153721 -0.00991505 -0.0043343 0.00133242 0.00701981 0.0127006 0.0183038 0.0237477 0.0289656 0.033805 0.0380591 0.0415558 0.0440569 0.0453588 0.0453104 0.0438789 0.0410932 0.0370817 0.0320751 0.0263901 0.0203768 0.0143502 0.00863755 0.00353429 -0.000738123 -0.00407665 -0.00642678 -0.00786909 -0.00848158 -0.00838983 -0.00776036 -0.00676226 -0.0055497 -0.00423085 -0.0029159 -0.001668 -0.000547283 0.000431366 0.00125425 0.00191296 0.00242148 0.00281858 0.00310136 0.00329882 0.00342501 0.00348814 0.0035156 0.00352466 0.00352969 0.00349484 0.00346422 0.00342262 0.00339445 0.00337695 0.00334621 0.00330929 0.0032727 0.00327808 0.00325729 0.00324401 0.00323349 
0 0.000120042 0.000211671 0.000304251 0.000414935 0.000526957 0.00064042 0.000752832 0.000855171 0.000954549 0.00107518 0.00119076 0.00128993 0.00137989 0.00144834 0.00149988 0.00153315 0.00152004 0.00141812 0.00124492 0.000991327 0.000608135 8.84225e-05 -0.000593363 -0.0014628 -0.00249623 -0.00367382 -0.00498472 -0.00640338 -0.00781448 -0.00911223 -0.0101685 -0.0108197 -0.0109241 -0.0102642 -0.00871935 -0.00616526 -0.00256382 0.00204636 0.00754081 0.0136904 0.0202116 0.0267132 0.0328603 0.0382753 0.0426001 0.0455969 0.0471243 0.0471191 0.045655 0.0428644 0.0389971 0.0342819 0.0289618 0.0232705 0.017392 0.0114444 0.00549494 -0.000364602 -0.00611979 -0.0117117 -0.0171022 -0.0222489 -0.0270927 -0.0315281 -0.0354988 -0.0388893 -0.0416325 -0.0436695 -0.0449904 -0.0455656 -0.0454045 -0.0445218 -0.0429934 -0.0408821 -0.0382913 -0.0353618 -0.0321856 -0.0288891 -0.0255923 -0.0223549 -0.0192856 -0.0164485 -0.0138456 -0.0115633 -0.00958056 -0.00789711 -0.00650081 -0.00533888 -0.0043894 -0.00364355 -0.00303701 -0.00258199 -0.00222142 -0.00195922 -0.00176877 -0.00162956 -0.00153023 -0.00146939 -0.00142145 -0.00141428 -0.00140558 -0.00143155 -0.00147723 -0.00155577 -0.00167907 -0.00185704 -0.0021008 -0.00245135 -0.00288625 -0.00347204 -0.00420129 -0.00511904 -0.0062698 -0.00765887 -0.00932543 -0.0113104 -0.013569 -0.0161413 -0.0189721 -0.0220153 -0.0252396 -0.0285348 -0.0318016 -0.0349565 -0.0378611 -0.0404057 -0.0424792 -0.0439686 -0.0447977 -0.0448916 -0.0442331 -0.0428208 -0.0406919 -0.0378749 -0.0344361 -0.0304267 -0.025989 -0.0211979 -0.0161325 -0.0108801 -0.00549245 3.70342e-05 0.00564184 0.0113096 0.0169888 0.0226411 0.0281612 0.0333819 0.0380948 0.0420375 0.0449762 0.0466792 0.047013 0.0458689 0.0432358 0.0392699 0.0342213 0.0283903 0.0221549 0.0158433 0.00984583 0.00444862 -0.00012848 -0.00373646 -0.00632327 -0.00791395 -0.00864165 -0.00861207 -0.00802779 -0.00704487 -0.00579575 -0.00442237 -0.00303642 -0.00173465 -0.000559948 0.000476319 0.00136055 0.00207371 0.0026224 0.00304588 0.00335556 0.00356451 0.00370477 0.00377766 0.00381846 0.00383169 0.00380801 0.00377123 0.00375268 0.00372808 0.00366991 0.00363219 0.00361843 0.00359138 0.00355877 0.00354276 0.00353198 0.00352035 0.00351972 
0 0.000108651 0.000220227 0.000330443 0.000446845 0.000545487 0.000671169 0.000795188 0.000901264 0.00100979 0.00114209 0.001262 0.00134594 0.00144834 0.00154223 0.00159834 0.00160867 0.0015789 0.0014848 0.00131783 0.00104203 0.000618021 5.67604e-05 -0.000655212 -0.00155729 -0.00264503 -0.00388165 -0.00526341 -0.00672511 -0.00817145 -0.00948186 -0.0105284 -0.0111443 -0.0111632 -0.010393 -0.00867267 -0.00590673 -0.00205146 0.00281525 0.00855027 0.0149405 0.0216852 0.0283505 0.0345609 0.0399435 0.0441633 0.0469597 0.0481743 0.0477994 0.0459236 0.0427193 0.0384199 0.033322 0.0276865 0.0217515 0.01574 0.00977396 0.00389395 -0.00182734 -0.00738636 -0.0127418 -0.0178954 -0.0228239 -0.0274587 -0.031771 -0.0356915 -0.0391195 -0.041997 -0.0442642 -0.0458769 -0.0467999 -0.0470065 -0.0465011 -0.045318 -0.0435296 -0.0411945 -0.038439 -0.0353773 -0.0321151 -0.0287666 -0.0254368 -0.0222185 -0.0191922 -0.0163916 -0.0138773 -0.0116551 -0.00974344 -0.00812361 -0.00676322 -0.00565817 -0.00477357 -0.0040582 -0.00350595 -0.00306257 -0.00273365 -0.00249496 -0.00230695 -0.0021763 -0.00209086 -0.00203674 -0.00202793 -0.00202418 -0.0020553 -0.00212718 -0.00223499 -0.00240077 -0.00262354 -0.00292284 -0.00334688 -0.00388519 -0.00458399 -0.00546337 -0.00655253 -0.00789035 -0.00949094 -0.0113771 -0.0135772 -0.0160731 -0.0188613 -0.021879 -0.0250871 -0.0284037 -0.0317222 -0.0349556 -0.0379945 -0.0407157 -0.0430185 -0.0447633 -0.0458815 -0.0463199 -0.0460413 -0.0450381 -0.0433467 -0.0410087 -0.0380546 -0.034562 -0.0306176 -0.0263102 -0.0217327 -0.01692 -0.0119192 -0.00676833 -0.00145096 0.00400033 0.00960546 0.0153298 0.0211232 0.0268968 0.0324507 0.0375311 0.0419095 0.0453028 0.0474395 0.04812 0.0472621 0.0448606 0.0410341 0.0360117 0.0301159 0.0237368 0.0172322 0.0110011 0.00536127 0.000540439 -0.00331414 -0.00610284 -0.00786821 -0.00870755 -0.00876074 -0.00822248 -0.00725383 -0.00599084 -0.0045724 -0.00314312 -0.00178612 -0.000556619 0.000532207 0.00146 0.00221663 0.00280865 0.00326049 0.00357701 0.00380445 0.00396706 0.00405274 0.00409106 0.00410098 0.00408424 0.00404055 0.00403151 0.00400631 0.00394599 0.00389849 0.00388239 0.00386944 0.00383541 0.00382333 0.00379988 0.00379649 0.00380591 
0 0.000105281 0.000226595 0.000356844 0.000481597 0.00057965 0.000697839 0.000824003 0.00094271 0.00106307 0.00119245 0.00129912 0.00138453 0.00149988 0.00159834 0.00164547 0.00165097 0.0016208 0.00152013 0.00133942 0.00105164 0.000604387 7.99079e-06 -0.000740813 -0.00167707 -0.00280602 -0.00409539 -0.00551741 -0.007012 -0.00847708 -0.00979575 -0.0108226 -0.0113815 -0.0113085 -0.0104099 -0.00853965 -0.00559447 -0.00153881 0.00354007 0.00947242 0.0160226 0.0228784 0.0296038 0.0358065 0.041096 0.0451223 0.0476522 0.0485583 0.0478242 0.0455496 0.0419362 0.0372699 0.0318551 0.0259657 0.0198584 0.0137619 0.00780544 0.00204042 -0.00348276 -0.0087898 -0.0138736 -0.0187439 -0.0233942 -0.0277907 -0.0319178 -0.0357484 -0.0391963 -0.0421891 -0.0446575 -0.0465461 -0.0477949 -0.0483684 -0.0482539 -0.047471 -0.0460476 -0.0440252 -0.0415185 -0.0386296 -0.0354688 -0.0321508 -0.0287679 -0.0254365 -0.0222466 -0.0192392 -0.016501 -0.0140495 -0.0119059 -0.0100677 -0.00850423 -0.00721309 -0.00616957 -0.00531463 -0.00464141 -0.00410506 -0.00370478 -0.00340912 -0.00317564 -0.00300282 -0.00289036 -0.00282557 -0.00281355 -0.00281375 -0.00285582 -0.00294756 -0.00309235 -0.00330279 -0.00358213 -0.00395932 -0.00448102 -0.00513712 -0.00597284 -0.0070018 -0.00826476 -0.00980508 -0.0116256 -0.0137488 -0.0161924 -0.0189138 -0.0219006 -0.0250764 -0.0283817 -0.031743 -0.0350382 -0.0381681 -0.0410331 -0.0435073 -0.0454889 -0.0468657 -0.047585 -0.0476251 -0.0469665 -0.045626 -0.0436522 -0.0411103 -0.0380579 -0.0345732 -0.0307305 -0.026621 -0.0222965 -0.0177697 -0.0130734 -0.00821492 -0.00314518 0.0021321 0.00764118 0.0133595 0.0192435 0.0251901 0.0309977 0.036417 0.0411823 0.0449833 0.0475172 0.0485721 0.0480335 0.0458854 0.042252 0.0373523 0.0314923 0.0250563 0.018426 0.0120366 0.00622258 0.00121166 -0.00283157 -0.00580036 -0.00772085 -0.00869554 -0.00883927 -0.00834089 -0.00738207 -0.00611897 -0.0046982 -0.00324247 -0.00183874 -0.000547341 0.000590708 0.00154259 0.00231924 0.00295058 0.00344346 0.00377618 0.00400788 0.00418622 0.00428581 0.00432205 0.00433731 0.00433971 0.00430754 0.00428349 0.00425474 0.00421489 0.00418497 0.00415994 0.00413137 0.0041082 0.00410728 0.00408447 0.00407308 0.00408507 
0 0.000116459 0.00022926 0.000352273 0.000481781 0.000592631 0.000706002 0.000831133 0.000958679 0.00108025 0.00120101 0.00131258 0.00142067 0.00153315 0.00160867 0.00165097 0.00167593 0.0016475 0.00152038 0.00131422 0.00101631 0.000554157 -7.22214e-05 -0.000856003 -0.00182825 -0.00299636 -0.00432611 -0.00577465 -0.00728828 -0.00875553 -0.0100646 -0.011067 -0.0115729 -0.0114057 -0.0103785 -0.00837428 -0.00528726 -0.00108697 0.00413491 0.0101917 0.0168308 0.0237214 0.0304193 0.0365222 0.0416432 0.045435 0.0476776 0.0482624 0.0471768 0.0445379 0.0405617 0.0355715 0.0298932 0.0238207 0.0176177 0.011503 0.00560519 -2.11476e-05 -0.00533446 -0.010365 -0.0151398 -0.019694 -0.0240427 -0.0281847 -0.032113 -0.0358245 -0.0392447 -0.0423025 -0.0449311 -0.0470663 -0.0486293 -0.0495712 -0.0498599 -0.0494982 -0.0484764 -0.0468151 -0.0446106 -0.0419529 -0.0389509 -0.0357154 -0.032336 -0.0289415 -0.025628 -0.0224451 -0.019494 -0.0168089 -0.014423 -0.0123506 -0.0105732 -0.009088 -0.00787365 -0.00686393 -0.0060486 -0.00539508 -0.00490242 -0.004536 -0.00425337 -0.00404172 -0.00390566 -0.00382888 -0.00380622 -0.00380203 -0.00384999 -0.00396515 -0.00415917 -0.00443238 -0.00478835 -0.00525793 -0.00588603 -0.00666762 -0.00764869 -0.00884551 -0.0103077 -0.0120737 -0.0141342 -0.0164986 -0.0191723 -0.0220977 -0.0252511 -0.028548 -0.0319138 -0.0352724 -0.0384921 -0.0414622 -0.0440901 -0.0462549 -0.0478616 -0.0488269 -0.0491202 -0.0487551 -0.0477319 -0.0460823 -0.0438639 -0.0411551 -0.0380337 -0.0345863 -0.0308815 -0.0270031 -0.022962 -0.018748 -0.0143701 -0.00981423 -0.00501799 4.66159e-05 0.00541906 0.011087 0.0170138 0.0230853 0.0290933 0.0347859 0.0398762 0.0440374 0.0469345 0.0483434 0.0481341 0.0462801 0.0428865 0.0381562 0.0323962 0.0259988 0.0193518 0.0128905 0.00696149 0.00181292 -0.00236834 -0.00547667 -0.00752549 -0.00862139 -0.0088605 -0.00841491 -0.00747658 -0.00622551 -0.00481344 -0.0033403 -0.00190135 -0.000568046 0.000610198 0.00159675 0.00239723 0.00305378 0.0035819 0.00394982 0.00419395 0.00437239 0.00448053 0.00453117 0.00455915 0.00456794 0.00454086 0.00450556 0.00447403 0.0044492 0.00443618 0.00440743 0.00436424 0.00434974 0.00436348 0.00435413 0.00434251 0.00435695 
0 0.000126592 0.000230174 0.000329346 0.000456408 0.000573835 0.00069537 0.000819339 0.00094204 0.00105626 0.00117251 0.00130133 0.00141985 0.00152004 0.0015789 0.0016208 0.0016475 0.00160717 0.00146589 0.00124276 0.000914544 0.000429856 -0.000215446 -0.00102028 -0.00202325 -0.00322634 -0.00457367 -0.00604545 -0.00755736 -0.00901366 -0.0102939 -0.0112642 -0.0117286 -0.0114712 -0.0103492 -0.00823416 -0.00505621 -0.000772256 0.00451821 0.0106181 0.0172654 0.0241007 0.030686 0.0366156 0.0415081 0.045038 0.0469804 0.0472281 0.045814 0.0428508 0.0385895 0.0333396 0.0274758 0.0212963 0.0150517 0.00896962 0.00317565 -0.00228334 -0.00736904 -0.012112 -0.0165672 -0.0208019 -0.0248517 -0.0287091 -0.0324244 -0.0359787 -0.0393264 -0.0424119 -0.0451706 -0.0475132 -0.049367 -0.050652 -0.0513397 -0.051395 -0.0508044 -0.0495488 -0.0476922 -0.0453305 -0.0425467 -0.0394335 -0.0361167 -0.0327027 -0.0292991 -0.025994 -0.0228567 -0.019955 -0.0173372 -0.015012 -0.0129923 -0.0112935 -0.00987606 -0.00870393 -0.00774421 -0.00697203 -0.00638085 -0.00593352 -0.00557292 -0.00530532 -0.00512451 -0.00503027 -0.00500317 -0.00501467 -0.00508219 -0.00524067 -0.00548076 -0.00581418 -0.00624421 -0.00680899 -0.00755605 -0.00849841 -0.00964688 -0.0110472 -0.0127305 -0.0147218 -0.0170228 -0.0196193 -0.0224925 -0.0256124 -0.0289034 -0.0322806 -0.0356759 -0.0389724 -0.0420509 -0.0448064 -0.0471299 -0.04893 -0.0501327 -0.0506614 -0.0505291 -0.0497615 -0.0483946 -0.046455 -0.0440298 -0.0412078 -0.0380696 -0.0346964 -0.0311742 -0.0275244 -0.0237714 -0.019879 -0.0158307 -0.0115901 -0.00708353 -0.00224883 0.00296738 0.00855702 0.0144645 0.0205984 0.0267484 0.0326339 0.0379838 0.0424374 0.0456636 0.0473968 0.0475147 0.0459739 0.042844 0.038324 0.0327355 0.0264613 0.0198992 0.0134519 0.00748542 0.00227394 -0.00198933 -0.00517815 -0.00732756 -0.00850153 -0.00882647 -0.00844821 -0.00755356 -0.00632849 -0.00491475 -0.00343551 -0.00197853 -0.000636904 0.000561461 0.00159418 0.00244144 0.00311705 0.00365022 0.00404588 0.00432943 0.00451759 0.0046289 0.00469458 0.0047348 0.00474501 0.00471537 0.00469677 0.00467081 0.0046457 0.00463063 0.00461333 0.00458916 0.00457354 0.00459291 0.00459123 0.00459733 0.00461767 
