0 0 0 0 0 0 0 0 0 0 0 0 0 0 0 0 0 0 0 0 0 0 0 0 0 0 0 0 0 0 0 0 0 0 0 0 0 0 0 0 0 0 0 0 0 0 0 0 0 0 0 0 0 0 0 0 0 0 0 0 0 0 0 0 0 0 0 0 0 0 0 0 0 0 0 0 0 0 0 0 0 0 0 0 0 0 0 0 0 0 0 0 0 0 0 0 0 0 0 0 0 0 0 0 0 0 0 0 0 0 0 0 0 0 0 0 0 0 0 0 0 0 0 0 0 0 0 0 0 0 0 0 0 0 0 0 0 0 0 0 0 0 0 0 0 0 0 0 0 0 0 0 0 0 0 0 0 0 0 0 0 0 0 0 0 0 0 0 0 0 0 0 0 0 0 0 0 0 0 0 0 0 0 0 0 0 0 0 0 0 0 0 0 0 0 0 0 0 0 0 
0 3.39563e-05 4.98409e-05 5.92972e-05 8.09089e-05 0.000114686 0.000146052 0.000165275 0.000175444 0.000199177 0.000242469 0.000283394 0.000305288 0.000329478 0.000374158 0.000432731 0.000497629 0.000555239 0.00061688 0.000700018 0.000823128 0.000959038 0.00109801 0.00126486 0.00146543 0.00171201 0.00198331 0.00227581 0.00256698 0.00286656 0.00317203 0.00344812 0.00367079 0.00379261 0.00380498 0.0036906 0.00343689 0.00302758 0.00245071 0.00169828 0.000788482 -0.000233615 -0.00131346 -0.0024263 -0.00352349 -0.00455897 -0.00548843 -0.0062417 -0.0067943 -0.00709739 -0.00714975 -0.00696176 -0.0065709 -0.00600628 -0.00530079 -0.00449577 -0.00364601 -0.00280388 -0.00202223 -0.00133708 -0.000779261 -0.000356894 -5.35401e-05 0.000124083 0.000217827 0.000255077 0.000254822 0.000224673 0.000194743 0.000165481 0.000149863 0.000134161 0.000126024 0.000119751 0.000112981 0.000101675 9.45892e-05 8.13479e-05 8.52027e-05 9.41969e-05 9.17572e-05 9.259e-05 8.81517e-05 7.51764e-05 7.21723e-05 6.67233e-05 6.41169e-05 7.18231e-05 6.96895e-05 6.90706e-05 6.72863e-05 6.59402e-05 6.68832e-05 6.30783e-05 5.59755e-05 5.75235e-05 5.86548e-05 6.88558e-05 7.00155e-05 6.647e-05 6.51703e-05 6.58962e-05 6.66906e-05 6.97425e-05 6.44225e-05 6.99552e-05 7.66908e-05 8.53097e-05 8.90909e-05 8.43027e-05 8.22457e-05 8.70056e-05 8.80057e-05 9.81108e-05 0.000101695 0.000107928 0.000124059 0.000129343 0.000133729 0.000142657 0.000144533 0.000153874 0.000168895 0.000179149 0.000197838 0.000206848 0.00019975 0.000177575 0.000156109 0.000136059 0.000124694 0.00011222 0.000112888 0.000113246 0.000118605 0.000117888 9.35801e-05 1.36204e-05 -0.000132097 -0.000397256 -0.000788838 -0.00130821 -0.00195378 -0.00269927 -0.00350278 -0.00431242 -0.0050864 -0.00578968 -0.00636375 -0.00675104 -0.00692809 -0.00687181 -0.00657919 -0.00603524 -0.00529255 -0.00437889 -0.00334589 -0.00224618 -0.00112761 -4.97522e-05 0.00095349 0.00185218 0.00260595 0.00319267 0.00360854 0.00385668 0.00396048 0.0039415 0.00383194 0.00362583 0.00336021 0.00305879 0.00275199 0.00246511 0.00219277 0.00194242 0.00170328 0.00149459 0.00132269 0.00119476 0.00108605 0.000975387 0.000879779 0.000811257 0.000768372 0.000733853 0.000693062 0.00064153 0.000609328 0.000607795 0.000606056 0.000577432 0.000544444 0.000533302 0.000539691 0.000545334 0.000526566 0.000496917 0.00048903 0.000511016 
0 4.98409e-05 8.52492e-05 0.000121646 0.000168478 0.000220238 0.000267959 0.000316375 0.000360291 0.000414868 0.000487337 0.000551608 0.000609392 0.000677727 0.00077577 0.00087458 0.000984717 0.00111181 0.00125149 0.00143842 0.00166616 0.00193061 0.00221299 0.00256539 0.00298773 0.00346232 0.00399594 0.00455557 0.00514435 0.00573879 0.00632884 0.00685031 0.00724943 0.00747924 0.00749524 0.00727249 0.00676063 0.00592957 0.00476976 0.00328161 0.00149478 -0.000498212 -0.00263506 -0.00483993 -0.00701805 -0.00906434 -0.0108826 -0.0123773 -0.0134519 -0.0140537 -0.0141708 -0.0138302 -0.0130657 -0.011923 -0.0105087 -0.00893783 -0.00726401 -0.00560546 -0.00406249 -0.00270876 -0.00160052 -0.000741558 -0.000147759 0.000215511 0.000414145 0.000481536 0.000475486 0.000435826 0.000375941 0.000324803 0.000281341 0.000247056 0.000213183 0.000201646 0.000212162 0.000206848 0.00019581 0.000186422 0.000169792 0.000166548 0.000164136 0.000156445 0.000154194 0.000151266 0.000146736 0.000138776 0.000139059 0.000139926 0.000131039 0.000124255 0.000117717 0.000115958 0.000127947 0.00012517 0.000119363 0.000119095 0.000119993 0.000126768 0.000125779 0.000115712 0.00011948 0.000126528 0.000140195 0.000144329 0.000134245 0.000134359 0.000142882 0.000151406 0.000162509 0.000158749 0.000161819 0.000176474 0.000189222 0.000198243 0.000202164 0.000208375 0.000219867 0.000232525 0.000254753 0.000273229 0.000301371 0.000332521 0.000339257 0.000354524 0.000372378 0.000372123 0.000368533 0.000343527 0.000302593 0.000270067 0.00023638 0.000209703 0.000194752 0.000208188 0.000223179 0.000208326 0.000152762 -5.21165e-07 -0.000314804 -0.000837943 -0.00161207 -0.00263614 -0.00390966 -0.00537712 -0.00695551 -0.0085837 -0.0101363 -0.0115105 -0.0126225 -0.0133853 -0.0137357 -0.0136291 -0.0130285 -0.0119612 -0.0104838 -0.00867661 -0.00663971 -0.00447639 -0.00228753 -0.000159015 0.00182663 0.00360386 0.00509113 0.00624625 0.00707336 0.00759243 0.00781819 0.00781284 0.00759628 0.00720128 0.00669013 0.00611508 0.00553577 0.00495661 0.00441041 0.00389094 0.00342712 0.00302572 0.00268412 0.00241433 0.00217278 0.00196185 0.001789 0.00166293 0.00155771 0.00146587 0.00138881 0.00130893 0.00124872 0.00121762 0.00118425 0.00113537 0.00109582 0.00107542 0.00106102 0.00104901 0.00103567 0.00100897 0.000999485 0.00101347 
0 5.92972e-05 0.000121646 0.000197097 0.000271772 0.00033009 0.00039 0.000472965 0.000559576 0.000642744 0.000727711 0.000817587 0.000915817 0.00104544 0.00118866 0.00132137 0.00148328 0.00168582 0.00192987 0.00220391 0.00254302 0.00292671 0.00337112 0.0039242 0.00455184 0.0052603 0.00602477 0.00686932 0.00773768 0.00861436 0.00945708 0.0101739 0.0107281 0.0110234 0.0110261 0.0106592 0.00986046 0.00859269 0.00685651 0.00465954 0.00204815 -0.000882702 -0.00401012 -0.00725529 -0.0104564 -0.013457 -0.0161248 -0.0182857 -0.0198808 -0.0207879 -0.0209876 -0.0204866 -0.0193668 -0.0177121 -0.0156406 -0.0132951 -0.0108357 -0.00840417 -0.00613664 -0.00413022 -0.00247393 -0.00120186 -0.000286645 0.000257309 0.000545928 0.000665624 0.000678945 0.000612269 0.000538467 0.000457384 0.000401998 0.000347182 0.000319051 0.000310316 0.000312094 0.00030323 0.000296421 0.000262194 0.000257526 0.000261117 0.000240891 0.00023907 0.000236226 0.000218434 0.000222964 0.000213826 0.000203321 0.000211625 0.000193606 0.000182616 0.000176819 0.000179807 0.000192499 0.000190728 0.000174909 0.00017531 0.000172804 0.000191768 0.000189961 0.000179508 0.000179847 0.00018997 0.000201538 0.000213664 0.000198983 0.000206127 0.000215366 0.000231668 0.000240929 0.000234491 0.000241089 0.000266664 0.00027899 0.000303972 0.00030335 0.000305491 0.000336837 0.000352822 0.000379103 0.000423049 0.000448448 0.000481996 0.000514719 0.000526751 0.00055721 0.000567873 0.000547169 0.000493911 0.000440127 0.000383273 0.00033786 0.0002869 0.000274525 0.000272636 0.000287196 0.000277231 0.000185361 -7.81987e-05 -0.000545869 -0.00134807 -0.00250162 -0.00401172 -0.00588193 -0.00805064 -0.0104026 -0.0127827 -0.0150502 -0.0170876 -0.0187321 -0.0198309 -0.0203191 -0.020135 -0.0192649 -0.0176766 -0.0155121 -0.0128646 -0.00988533 -0.00672082 -0.00349831 -0.000375746 0.00254167 0.00515356 0.00734499 0.00906801 0.0103282 0.0111336 0.0115221 0.0115335 0.0112529 0.0106965 0.00998376 0.00917577 0.00832688 0.00748273 0.00665045 0.00589122 0.00520547 0.00461749 0.00410034 0.00366473 0.00329221 0.00297341 0.00273232 0.00253501 0.00235186 0.00219356 0.00208401 0.00198979 0.00190407 0.00182972 0.00176014 0.00170108 0.00167382 0.00164683 0.0015923 0.00155599 0.0015487 0.00154511 0.00152542 0.00151129 
0 8.09089e-05 0.000168478 0.000271772 0.000366758 0.000444517 0.000528935 0.000645896 0.000759717 0.000860782 0.000973991 0.0010997 0.00124927 0.0014158 0.00160027 0.0017808 0.00201439 0.00231452 0.00263888 0.00301485 0.00345871 0.00400035 0.00461953 0.00536113 0.00619371 0.00710054 0.00812089 0.0092159 0.010352 0.0114547 0.0124916 0.0133737 0.0140291 0.0143694 0.0142982 0.0137453 0.0126292 0.010921 0.0086296 0.00576648 0.00237109 -0.00141788 -0.00548533 -0.00967767 -0.0138018 -0.0176612 -0.0210877 -0.0239136 -0.0259746 -0.027164 -0.0274472 -0.0268528 -0.0254358 -0.0232857 -0.0205964 -0.0175844 -0.0143764 -0.0111909 -0.00821806 -0.0055999 -0.00344045 -0.0017548 -0.000561715 0.000191257 0.000617188 0.000786218 0.000803174 0.000744228 0.000648171 0.000565842 0.000501376 0.000453573 0.000408968 0.000395984 0.00040952 0.000396032 0.000374487 0.000358282 0.000339437 0.000342708 0.000342278 0.000331171 0.000322217 0.000307999 0.000291893 0.000274423 0.000274608 0.000281099 0.000270965 0.00026123 0.000249104 0.000244943 0.000260158 0.000252105 0.000238843 0.000238188 0.000243187 0.000260458 0.000261751 0.000245563 0.000248547 0.00025859 0.00027902 0.000286344 0.000271009 0.000274814 0.000294782 0.000316002 0.000336074 0.000329245 0.000330021 0.000351486 0.000373374 0.000394506 0.00040913 0.000429643 0.000459145 0.000486897 0.00052394 0.000554055 0.000596389 0.000647933 0.000669474 0.00070486 0.000742194 0.000742224 0.000719891 0.00065353 0.00055903 0.000477378 0.000399114 0.000336555 0.000299505 0.000306406 0.000311637 0.000258212 0.000115115 -0.000221989 -0.000869002 -0.00192556 -0.00345971 -0.00546523 -0.00792862 -0.0107482 -0.0137728 -0.0168756 -0.0198328 -0.022452 -0.0245575 -0.0259738 -0.0265814 -0.0263108 -0.0251259 -0.0230877 -0.0203042 -0.0169059 -0.0130595 -0.00895157 -0.00478052 -0.000728421 0.00304252 0.0064185 0.00927706 0.0115617 0.0132678 0.0143945 0.0149459 0.0150266 0.0147102 0.0140747 0.0132197 0.0122099 0.0111319 0.0100203 0.00896 0.00796922 0.00708213 0.00628636 0.00557143 0.0049775 0.00446903 0.00405121 0.00370896 0.00342476 0.00316396 0.002952 0.00280878 0.00267925 0.00255611 0.00245173 0.00236029 0.0022895 0.00225161 0.00220928 0.00213842 0.00208702 0.0020812 0.00207026 0.002045 0.00201971 
0 0.000114686 0.000220238 0.00033009 0.000444517 0.000557425 0.000682186 0.000821275 0.000948446 0.0010765 0.00123384 0.001415 0.00159802 0.00180153 0.00202986 0.00228243 0.00260281 0.00298136 0.00340141 0.00387283 0.00446234 0.00515841 0.00595702 0.00688904 0.00791383 0.00904926 0.0102869 0.0116269 0.0129683 0.0142562 0.0154369 0.0164071 0.0171064 0.0173991 0.0172045 0.0164167 0.0149617 0.0128139 0.00999057 0.00650671 0.00241618 -0.00215456 -0.0070329 -0.0120687 -0.0170175 -0.0216474 -0.0257655 -0.0291397 -0.0316481 -0.0331203 -0.0335065 -0.0328095 -0.0311246 -0.0285733 -0.0253464 -0.0216759 -0.0178024 -0.0139568 -0.0103566 -0.00716392 -0.00450807 -0.00243596 -0.00092428 2.78063e-05 0.000566854 0.000815865 0.000875695 0.000808385 0.000714897 0.000615799 0.000550964 0.000497092 0.00047402 0.000474567 0.000484107 0.000473319 0.000460788 0.000424352 0.000421512 0.00043038 0.000411724 0.000406438 0.000396962 0.000369071 0.000363229 0.000346745 0.000336292 0.000348559 0.000330337 0.000314858 0.000304551 0.000305639 0.000319189 0.00031357 0.00029122 0.000289741 0.00029301 0.000320367 0.000322004 0.000308111 0.000305901 0.000318136 0.000335451 0.000349487 0.000333709 0.000343999 0.000363147 0.000391751 0.00040898 0.000401761 0.00040809 0.000438734 0.000460349 0.00049638 0.000506699 0.000522429 0.000571196 0.000604037 0.000645663 0.000701505 0.000739262 0.00078792 0.000835121 0.000864243 0.000906458 0.000909806 0.00085974 0.000756167 0.000642041 0.000529253 0.000432475 0.000338941 0.000295058 0.000269303 0.000251699 0.000180767 -2.53675e-05 -0.000494383 -0.00130923 -0.00264217 -0.00453249 -0.00697898 -0.00996504 -0.0133894 -0.0170788 -0.0208111 -0.0243633 -0.027534 -0.0300716 -0.0317381 -0.0324157 -0.0320336 -0.0305964 -0.0281144 -0.0247704 -0.020696 -0.0160901 -0.0111695 -0.00615311 -0.00129141 0.00324282 0.0073148 0.0107929 0.0136192 0.0157766 0.0172387 0.0180276 0.0182224 0.0179606 0.0172963 0.0163578 0.0152081 0.0139301 0.0126185 0.0113311 0.0101412 0.0090389 0.00803839 0.00713521 0.00637544 0.00574079 0.00519529 0.00474334 0.004358 0.00402775 0.00376612 0.00356968 0.00338187 0.00321238 0.00308951 0.00298964 0.00289006 0.00281338 0.00275114 0.00268545 0.00264362 0.00261523 0.00257869 0.00254766 0.00254602 
0 0.000146052 0.000267959 0.00039 0.000528935 0.000682186 0.000836784 0.000992707 0.00114301 0.00131324 0.00152244 0.00173764 0.00195588 0.00220382 0.00250618 0.00283908 0.00323047 0.00369257 0.00421416 0.00483464 0.00557157 0.00642897 0.00739323 0.00851211 0.00975631 0.0110976 0.012544 0.0140504 0.0155557 0.0169738 0.0182404 0.0192401 0.0198828 0.0200622 0.0196747 0.0186245 0.0168202 0.0142346 0.0108947 0.00683709 0.00212188 -0.00310243 -0.00868731 -0.0144362 -0.0200863 -0.0253708 -0.0300632 -0.033944 -0.0368208 -0.038544 -0.0390451 -0.0383235 -0.0364365 -0.0335122 -0.0298034 -0.025605 -0.021142 -0.016697 -0.0125209 -0.00880776 -0.00569875 -0.00324158 -0.00145364 -0.000285714 0.000401386 0.000726317 0.000824797 0.000797525 0.000713661 0.000629057 0.000562415 0.00051559 0.000488205 0.00050194 0.000540353 0.000550896 0.000542778 0.000524207 0.000502696 0.000496478 0.00048334 0.000470241 0.000462886 0.000451091 0.000438043 0.000420616 0.000415379 0.00041627 0.000396261 0.000375914 0.000359566 0.000360884 0.000381021 0.000377156 0.0003605 0.0003559 0.00036015 0.000379617 0.000379746 0.000362616 0.000365006 0.000383033 0.000411618 0.000425605 0.000410783 0.000412876 0.000433215 0.000460263 0.000483699 0.000484121 0.000494612 0.000530172 0.000565648 0.000597037 0.000612684 0.00063321 0.000670807 0.000714452 0.000772967 0.000833291 0.000897035 0.00096205 0.00099446 0.00102407 0.00104754 0.00102651 0.00096426 0.000848969 0.000701501 0.000557211 0.000414511 0.000287806 0.000200584 0.000160645 0.000115815 -1.38472e-05 -0.000300802 -0.000880989 -0.00189645 -0.00348401 -0.00571332 -0.00857834 -0.0120514 -0.0160097 -0.0202559 -0.0245783 -0.0286796 -0.0322892 -0.0351466 -0.0370154 -0.0377479 -0.0372698 -0.0355667 -0.0327172 -0.0288761 -0.0242179 -0.0189617 -0.0133522 -0.00764616 -0.00208663 0.00312072 0.00782415 0.0118744 0.0151999 0.0177819 0.0196042 0.0206703 0.0210792 0.0209283 0.0203078 0.0193388 0.0181109 0.0167291 0.015261 0.0137992 0.0123927 0.0110878 0.00989468 0.00881927 0.00789899 0.00709834 0.0064111 0.00583523 0.00536183 0.00495714 0.00462438 0.00435704 0.00410937 0.00390241 0.00375667 0.00363194 0.00349778 0.0033849 0.00330601 0.00324568 0.00320079 0.00315405 0.00309215 0.0030624 0.00307828 
0 0.000165275 0.000316375 0.000472965 0.000645896 0.000821275 0.000992707 0.00117123 0.00136383 0.00158193 0.00182295 0.00206665 0.00232624 0.00264569 0.00302801 0.00344283 0.00391284 0.004467 0.00512091 0.00589282 0.00679489 0.00780941 0.00894468 0.0102479 0.0116908 0.0132352 0.0148482 0.0164926 0.018095 0.019582 0.0208687 0.0218245 0.0223493 0.0223311 0.0216831 0.0203116 0.0181347 0.0151257 0.0113101 0.00673251 0.00147393 -0.00431681 -0.0104661 -0.0167799 -0.022985 -0.0288002 -0.033976 -0.0382644 -0.0414743 -0.0434289 -0.0440392 -0.0432913 -0.0412548 -0.038072 -0.0339924 -0.0293213 -0.0243527 -0.0193891 -0.014707 -0.0105235 -0.00699667 -0.00419404 -0.00212244 -0.000744995 8.41403e-05 0.000513687 0.00067974 0.000686473 0.000632065 0.000567825 0.000525864 0.000503897 0.000509025 0.00054368 0.000587253 0.000604126 0.000602595 0.000584525 0.000578828 0.000581847 0.00056925 0.000559312 0.000547967 0.000525777 0.000509583 0.000489864 0.000480722 0.000483781 0.000465433 0.000443863 0.000429725 0.000432267 0.000446964 0.000441103 0.00041926 0.000412231 0.000420242 0.000444995 0.000449207 0.00043539 0.000433121 0.00044926 0.000474997 0.000490081 0.000481053 0.000488541 0.000512812 0.000546169 0.000569039 0.000569825 0.000581408 0.000617216 0.000655374 0.000695962 0.000718954 0.000747141 0.000798846 0.00085072 0.000911646 0.000977905 0.00103658 0.00109656 0.00114171 0.00117324 0.00119522 0.00116515 0.00106939 0.000908764 0.000718305 0.000526607 0.000343057 0.000175346 5.47769e-05 -3.18642e-05 -0.000126139 -0.000311173 -0.000691043 -0.0014118 -0.0026143 -0.00445772 -0.00700555 -0.0102527 -0.0141591 -0.018595 -0.0233436 -0.0281354 -0.0326653 -0.0366433 -0.03977 -0.0417807 -0.0425258 -0.0419387 -0.0400236 -0.0368486 -0.032596 -0.0274599 -0.021682 -0.0155243 -0.0092515 -0.00312592 0.00264637 0.00789659 0.0124648 0.0162641 0.0192661 0.0214566 0.0228524 0.0235278 0.0235749 0.0230682 0.0221406 0.0209062 0.0194745 0.0179243 0.016322 0.0147428 0.0132454 0.0118724 0.0106333 0.00954094 0.008568 0.00771525 0.00701065 0.00643505 0.00594043 0.00551596 0.00516683 0.00487117 0.00463281 0.00444959 0.00428355 0.00412392 0.00400169 0.00391284 0.00383186 0.00376449 0.00370786 0.00364967 0.00361195 0.00360631 
0 0.000175444 0.000360291 0.000559576 0.000759717 0.000948446 0.00114301 0.00136383 0.00160586 0.00186075 0.00213138 0.00242364 0.00275309 0.00314477 0.00359459 0.0040962 0.00467491 0.00535213 0.00614036 0.00705813 0.00812607 0.00932236 0.0106464 0.0121225 0.0137332 0.0154416 0.0171927 0.0189286 0.0205634 0.0220297 0.0232427 0.0240766 0.0244124 0.0241323 0.0231574 0.0214168 0.0188556 0.0154515 0.0112175 0.00619443 0.000479087 -0.0057673 -0.0123535 -0.0190802 -0.0256876 -0.0319006 -0.0374561 -0.0420854 -0.0455677 -0.0477115 -0.0484196 -0.0476755 -0.0455448 -0.0421767 -0.0378216 -0.0327905 -0.0274094 -0.022005 -0.0168868 -0.0123001 -0.00841175 -0.00530107 -0.00297229 -0.00138211 -0.000393028 0.000152466 0.000396221 0.000457644 0.000446368 0.000420824 0.000416164 0.000430778 0.000471052 0.000534094 0.000597037 0.00063338 0.000645332 0.000639643 0.000644248 0.000652056 0.000644907 0.000636251 0.000621297 0.000595908 0.000574188 0.00055445 0.000546703 0.000549694 0.000534251 0.00051097 0.000494529 0.000495446 0.000505189 0.000499658 0.000479268 0.000471978 0.000482812 0.000506574 0.000511662 0.000500475 0.000497276 0.000514734 0.000540779 0.000555746 0.000550953 0.000558922 0.000585738 0.000623942 0.000649918 0.000656722 0.00066999 0.000704309 0.000745109 0.000788786 0.000820586 0.000858958 0.000918085 0.000979714 0.00104471 0.00111322 0.00117294 0.00122975 0.00127535 0.00130219 0.00130833 0.00125627 0.00112407 0.000919516 0.000678573 0.000431968 0.000197072 -1.78265e-05 -0.00018702 -0.000329716 -0.000492817 -0.000761055 -0.00124943 -0.00210662 -0.00348887 -0.00556173 -0.00839556 -0.0119884 -0.0162779 -0.0211151 -0.026267 -0.0314371 -0.0363052 -0.0405541 -0.043866 -0.0459709 -0.0467087 -0.0460132 -0.043902 -0.0404628 -0.035888 -0.0303893 -0.0242182 -0.0176465 -0.0109483 -0.0043892 0.00182298 0.00751447 0.0125276 0.0167631 0.0201766 0.0227489 0.024501 0.0254946 0.0258102 0.0255143 0.0247237 0.02356 0.0221385 0.0205541 0.0188747 0.0171799 0.01553 0.0139807 0.0125645 0.0112979 0.0101648 0.0091601 0.0083104 0.00760265 0.00699783 0.00648105 0.0060528 0.00569788 0.00540613 0.00516417 0.00495022 0.00476941 0.00463773 0.00452736 0.00441112 0.00431608 0.00426076 0.00422155 0.00417899 0.00414182 
0 0.000199177 0.000414868 0.000642744 0.000860782 0.0010765 0.00131324 0.00158193 0.00186075 0.00214442 0.002462 0.00282618 0.00324264 0.00369988 0.00421727 0.00481962 0.00552979 0.00635409 0.00728067 0.00835206 0.00957851 0.0109639 0.0124807 0.0141223 0.0158793 0.0176977 0.0195391 0.0213026 0.0229164 0.0242894 0.0253389 0.0259586 0.0260144 0.0254148 0.0240727 0.0219459 0.0189963 0.0152108 0.0106001 0.00521111 -0.000854511 -0.0074219 -0.0143182 -0.0213253 -0.0282082 -0.0346971 -0.0405119 -0.0453977 -0.0490798 -0.0513806 -0.0521829 -0.0514704 -0.0492894 -0.0457921 -0.0412402 -0.0359598 -0.0302685 -0.0245256 -0.0190585 -0.014134 -0.00992982 -0.00653417 -0.00398113 -0.00219119 -0.00104144 -0.000376876 -4.01783e-05 0.000110535 0.000157582 0.000189096 0.00022486 0.000284513 0.00036219 0.000466726 0.000572327 0.00064706 0.000679233 0.000700268 0.000701848 0.000703054 0.000704453 0.000691597 0.000678234 0.00066721 0.000642202 0.000625801 0.000621908 0.000611497 0.000595273 0.000569101 0.000549987 0.00055225 0.000563112 0.000557559 0.000543072 0.000532712 0.000544633 0.000561629 0.000568034 0.000558111 0.000558372 0.000576955 0.000606994 0.000621861 0.000624185 0.000628379 0.000656769 0.000691415 0.000719632 0.000736592 0.00075635 0.000794257 0.000847117 0.000886165 0.000923841 0.000968118 0.00101923 0.00109167 0.00116958 0.00124006 0.00131471 0.00137391 0.0014014 0.00141472 0.0013841 0.00129057 0.00111862 0.000875224 0.000581686 0.000279901 -2.10723e-05 -0.000294834 -0.000541924 -0.000750758 -0.000991941 -0.00135745 -0.00196238 -0.00295493 -0.00452667 -0.0068058 -0.00988473 -0.0137615 -0.0183629 -0.0235228 -0.028985 -0.0344545 -0.039577 -0.0440009 -0.0474128 -0.0495601 -0.0502718 -0.0494868 -0.0472095 -0.0435746 -0.0387511 -0.0329916 -0.0265539 -0.0197116 -0.0127423 -0.00588065 0.000657122 0.0066949 0.0120775 0.0166959 0.0204968 0.0234633 0.0255996 0.0269655 0.027602 0.0275952 0.0270284 0.026022 0.0246915 0.0231242 0.0214279 0.0196637 0.0179135 0.0162148 0.0146251 0.0131836 0.0118912 0.0107491 0.00974362 0.00887955 0.00814276 0.00753093 0.00702343 0.00658967 0.00621965 0.00591045 0.00565617 0.00545134 0.00528767 0.00514223 0.00500529 0.00489767 0.00483507 0.00479092 0.00474476 0.00469877 
0 0.000242469 0.000487337 0.000727711 0.000973991 0.00123384 0.00152244 0.00182295 0.00213138 0.002462 0.00283662 0.00327691 0.00376455 0.00430995 0.00491929 0.00563912 0.00648375 0.00745219 0.00855784 0.00979088 0.0111865 0.0127288 0.0144246 0.0162257 0.0180916 0.0199822 0.0218205 0.0235572 0.0250802 0.0263055 0.0271192 0.0274296 0.02714 0.0261651 0.0244465 0.0219296 0.0185916 0.0144359 0.0094885 0.00380505 -0.00249393 -0.00927841 -0.0163498 -0.0235228 -0.030562 -0.037205 -0.0431742 -0.0481893 -0.0520199 -0.0544492 -0.0553414 -0.054659 -0.0524673 -0.0489279 -0.0442734 -0.0388006 -0.0329073 -0.0269255 -0.0211918 -0.0159899 -0.0115155 -0.00789043 -0.00512268 -0.00316223 -0.00187763 -0.00107718 -0.00062233 -0.000386857 -0.000245412 -0.000145323 -4.05556e-05 7.59746e-05 0.000222839 0.000377314 0.000515505 0.000627851 0.000696374 0.000723691 0.000752885 0.000764057 0.000762057 0.000761276 0.00075216 0.000732506 0.000718077 0.000702854 0.000688166 0.000678318 0.000659197 0.000630259 0.000619072 0.000623025 0.000626025 0.000624103 0.000605939 0.000594339 0.000607012 0.000623408 0.000630946 0.000629633 0.000626098 0.000645232 0.000671247 0.000687381 0.000698437 0.000710114 0.00073518 0.000773423 0.000798437 0.000817263 0.000846565 0.000888617 0.000941208 0.00099397 0.0010359 0.00107928 0.00114522 0.00121846 0.00129438 0.00137891 0.00144482 0.00148693 0.00152025 0.00150361 0.00144096 0.00131364 0.0010863 0.000778304 0.000427734 5.07918e-05 -0.000320346 -0.000678474 -0.000995147 -0.00130345 -0.00164036 -0.00209038 -0.00281152 -0.00395845 -0.0056906 -0.00816605 -0.0114539 -0.0155612 -0.020399 -0.0258023 -0.0315161 -0.0371677 -0.0424291 -0.046953 -0.0504121 -0.0525499 -0.053213 -0.0523454 -0.0499781 -0.0461981 -0.0412199 -0.0353001 -0.0287163 -0.0217388 -0.014611 -0.00757259 -0.000810081 0.00548186 0.0111573 0.0161032 0.0202615 0.0236097 0.0261601 0.027916 0.0289291 0.0292568 0.0289878 0.0282311 0.0270683 0.0256131 0.0239398 0.0221675 0.0203521 0.0185571 0.0168336 0.0152156 0.013758 0.0124524 0.0112993 0.0102743 0.00939531 0.00866491 0.00805553 0.00753804 0.00708847 0.00671781 0.00642232 0.00618138 0.00596989 0.0057882 0.00564599 0.00553656 0.00544365 0.00536761 0.00531208 0.00527941 
0 0.000283394 0.000551608 0.000817587 0.0010997 0.001415 0.00173764 0.00206665 0.00242364 0.00282618 0.00327691 0.0037707 0.0043417 0.00498944 0.00573305 0.00658402 0.00755527 0.00868251 0.00995899 0.0113894 0.0129367 0.0146374 0.0164787 0.018395 0.020341 0.0222295 0.0240296 0.0256427 0.0270075 0.0279947 0.0284932 0.0284434 0.0277494 0.0263784 0.0242545 0.021346 0.0176408 0.0131577 0.00793747 0.00205114 -0.00440091 -0.0112793 -0.0184406 -0.0256579 -0.0327297 -0.0394116 -0.0454229 -0.050526 -0.0544147 -0.0569101 -0.0578682 -0.0572542 -0.0550926 -0.0515422 -0.0468506 -0.0413273 -0.0352995 -0.0291459 -0.023221 -0.0178271 -0.0131654 -0.00935232 -0.00643498 -0.0043065 -0.00286358 -0.00194956 -0.00139529 -0.00103708 -0.000807967 -0.000601162 -0.000407442 -0.000201271 6.36732e-06 0.000218457 0.000409738 0.000565572 0.000658173 0.000737689 0.000775165 0.000799455 0.000830425 0.000826857 0.000812927 0.000806744 0.000773586 0.000760132 0.000759323 0.000739006 0.000729037 0.000706056 0.000685821 0.000684905 0.000685405 0.000678133 0.000672853 0.000663161 0.000675477 0.000683707 0.00069165 0.000689723 0.000695444 0.000714187 0.000741753 0.000756965 0.000772953 0.000780335 0.000813577 0.000848187 0.000879849 0.000913041 0.000939955 0.000976759 0.00103826 0.00108002 0.00113926 0.00120718 0.00126465 0.00135106 0.00143099 0.00149022 0.00155686 0.00159331 0.00159069 0.00156393 0.0014586 0.00127629 0.000993957 0.000627687 0.000190087 -0.000274362 -0.000741361 -0.00117364 -0.00159747 -0.00198701 -0.00242574 -0.00300484 -0.00384774 -0.0051029 -0.00698544 -0.00959985 -0.0130539 -0.0173498 -0.0223815 -0.0279489 -0.0337678 -0.0395272 -0.044862 -0.0493959 -0.0528279 -0.0549419 -0.0555637 -0.054634 -0.0521653 -0.0483323 -0.0432956 -0.0373379 -0.0307149 -0.0236884 -0.0165189 -0.00939658 -0.00253047 0.00390639 0.00978669 0.0150033 0.0194889 0.0232123 0.0261518 0.028324 0.0297319 0.0304668 0.0305647 0.0301216 0.0292172 0.0279273 0.0263799 0.0246417 0.022823 0.0209694 0.0191511 0.0174019 0.0157685 0.0143026 0.0129841 0.0118193 0.0107977 0.0099214 0.00917947 0.0085595 0.00804015 0.00759822 0.00723816 0.00693952 0.00667938 0.00646808 0.00631507 0.00618954 0.00606577 0.00596251 0.00590235 0.00587749 
0 0.000305288 0.000609392 0.000915817 0.00124927 0.00159802 0.00195588 0.00232624 0.00275309 0.00324264 0.00376455 0.0043417 0.00499887 0.00577315 0.00665164 0.00765674 0.00878656 0.0100591 0.0115099 0.0131004 0.0148283 0.0166683 0.0186196 0.0205923 0.0225389 0.0244068 0.026094 0.0275386 0.0286378 0.029306 0.0294315 0.0289714 0.0278583 0.0260501 0.0235091 0.0202126 0.0161712 0.0114197 0.00600531 -9.40325e-06 -0.00650849 -0.01341 -0.0205338 -0.027702 -0.034716 -0.041348 -0.0473299 -0.0523977 -0.0563103 -0.0588457 -0.0598431 -0.0592563 -0.0571408 -0.0536517 -0.0489914 -0.0434248 -0.0373707 -0.0311607 -0.0251451 -0.0196333 -0.0148396 -0.0109038 -0.00784276 -0.00559101 -0.00403717 -0.00298837 -0.00230639 -0.00185287 -0.00150425 -0.00120295 -0.000906851 -0.000606826 -0.000293105 -5.2837e-06 0.000240885 0.000451837 0.00060238 0.000700948 0.000783843 0.000828359 0.000857236 0.000869385 0.000863569 0.000847289 0.00083616 0.000827376 0.000814802 0.000798372 0.000784238 0.000757797 0.000750106 0.00074731 0.000737651 0.000734442 0.000724238 0.000714651 0.000729785 0.000737427 0.000748697 0.000758344 0.000758921 0.000774729 0.000795427 0.000808895 0.000835962 0.000855869 0.000884777 0.000923415 0.000952606 0.000984413 0.00102575 0.00106744 0.00112411 0.0011812 0.00124147 0.00130275 0.00137991 0.00146289 0.00153879 0.0016105 0.00165675 0.00166034 0.00165161 0.00157477 0.00142096 0.00118338 0.000824512 0.000367494 -0.000148039 -0.000705935 -0.00125974 -0.00179857 -0.00230974 -0.00282906 -0.00338996 -0.00406342 -0.00501494 -0.00639838 -0.00838456 -0.0111165 -0.0146795 -0.0190834 -0.0242058 -0.0298521 -0.0357509 -0.0415089 -0.0468173 -0.0513284 -0.054734 -0.0567942 -0.057347 -0.0563491 -0.053862 -0.0500088 -0.0450005 -0.0390908 -0.0325315 -0.0255692 -0.0184319 -0.011342 -0.00447046 0.00200833 0.00801321 0.0134468 0.018225 0.0222888 0.0256161 0.0281842 0.0300303 0.0312033 0.0317258 0.0316593 0.031052 0.0300236 0.0286548 0.0270549 0.0252771 0.0234117 0.0215399 0.0196912 0.0179409 0.0163092 0.0148309 0.013506 0.012348 0.0113243 0.0104268 0.0096886 0.00907744 0.00855489 0.00810697 0.00773917 0.00743337 0.00718975 0.00700336 0.00684246 0.0066992 0.0065971 0.00653154 0.00648832 
0 0.000329478 0.000677727 0.00104544 0.0014158 0.00180153 0.00220382 0.00264569 0.00314477 0.00369988 0.00430995 0.00498944 0.00577315 0.00665801 0.00767592 0.00885021 0.0101576 0.011598 0.0131897 0.0149508 0.0168274 0.0187963 0.0208047 0.0227705 0.0246744 0.0264346 0.0279605 0.0291348 0.0299074 0.0301902 0.0298973 0.0290055 0.0274434 0.0252046 0.0222617 0.018618 0.0142943 0.00932506 0.00376617 -0.00230205 -0.00878603 -0.0156026 -0.0226351 -0.0296781 -0.0365562 -0.0430535 -0.0489064 -0.0538919 -0.0577339 -0.060251 -0.0612838 -0.0607659 -0.0587056 -0.0552591 -0.0506522 -0.0451672 -0.0391447 -0.0329426 -0.0269086 -0.0213539 -0.0164986 -0.0124839 -0.0093541 -0.00700574 -0.00534196 -0.00420208 -0.003414 -0.00281704 -0.00234947 -0.00191844 -0.00151089 -0.00110496 -0.00070385 -0.00032334 1.40078e-05 0.000305081 0.000510439 0.000669762 0.000764617 0.000822985 0.000882059 0.000902024 0.00090514 0.000913692 0.000895862 0.000891698 0.000887774 0.000858681 0.000847623 0.000828588 0.00081199 0.00080653 0.0007969 0.000790979 0.00079482 0.000789928 0.000797966 0.000797216 0.000805288 0.000814664 0.000827829 0.000845865 0.000867133 0.000884159 0.000912797 0.000929299 0.000962425 0.000993964 0.00102804 0.0010767 0.0011196 0.00116406 0.00123052 0.00127994 0.00135091 0.00142628 0.00148621 0.00157239 0.00164941 0.00170352 0.00175 0.00174266 0.00168151 0.00155944 0.001328 0.00100514 0.000570477 4.62242e-05 -0.000560327 -0.00122346 -0.00190017 -0.00255172 -0.00319965 -0.00382043 -0.0044831 -0.00527078 -0.00631717 -0.00777798 -0.00985927 -0.0126624 -0.0162894 -0.0207436 -0.025898 -0.0315387 -0.0373828 -0.0431092 -0.048373 -0.0528001 -0.0561032 -0.058092 -0.0586039 -0.0575896 -0.0550988 -0.0513159 -0.0464029 -0.0406161 -0.034185 -0.0273519 -0.0203565 -0.013368 -0.00656858 -0.000101039 0.0059643 0.0115374 0.0165311 0.0208851 0.0245609 0.027541 0.029818 0.0314489 0.0324152 0.0327657 0.0325478 0.0318389 0.0307473 0.029327 0.0276689 0.0258483 0.0239656 0.0220681 0.0202196 0.0184703 0.016823 0.0153331 0.0140225 0.0128588 0.01182 0.0109394 0.0102128 0.00958592 0.00905662 0.0086215 0.00826206 0.00796914 0.00773076 0.00753026 0.00737224 0.0072748 0.0071955 0.00711864 
0 0.000374158 0.00077577 0.00118866 0.00160027 0.00202986 0.00250618 0.00302801 0.00359459 0.00421727 0.00491929 0.00573305 0.00665164 0.00767592 0.00883733 0.0101787 0.0116644 0.0132713 0.0150317 0.0169307 0.0189205 0.0209463 0.0229666 0.0248901 0.0266799 0.0282649 0.0295253 0.0303765 0.0307649 0.0306307 0.0298944 0.0285438 0.0265361 0.0238751 0.0205624 0.0166143 0.0120567 0.00693022 0.00129509 -0.00477091 -0.0111685 -0.0178548 -0.0247093 -0.0315639 -0.0382469 -0.0445493 -0.0502177 -0.0550314 -0.058769 -0.0612367 -0.0622604 -0.061763 -0.059766 -0.0564113 -0.0518977 -0.0464862 -0.0405631 -0.0344517 -0.0284802 -0.0229545 -0.0181024 -0.0140724 -0.0108994 -0.00850263 -0.00677874 -0.00554896 -0.00465674 -0.00395704 -0.00335988 -0.00280302 -0.00225931 -0.00171762 -0.00118337 -0.000701465 -0.000284415 7.60251e-05 0.000351403 0.00055786 0.000709891 0.000807337 0.000886561 0.000929279 0.000946186 0.000952949 0.00095144 0.000949342 0.00093732 0.000910589 0.000899271 0.000883374 0.000878896 0.000870881 0.000854378 0.000849171 0.000850198 0.000845404 0.000853599 0.000850473 0.000862046 0.000880734 0.000893236 0.000907551 0.000923792 0.000939981 0.00097912 0.0010079 0.00103953 0.00107138 0.0011041 0.00115052 0.00120375 0.00125221 0.00131722 0.00138045 0.00145807 0.00153298 0.00160446 0.00168131 0.0017456 0.00178898 0.00180172 0.00175153 0.00165933 0.00148122 0.00118871 0.000787918 0.000257525 -0.000380795 -0.00110046 -0.00188514 -0.0026807 -0.00345668 -0.00421059 -0.00495246 -0.00572091 -0.00658628 -0.00770479 -0.00923992 -0.0113708 -0.0142101 -0.0178456 -0.022278 -0.0273765 -0.0329413 -0.0387075 -0.0443187 -0.0494624 -0.0537859 -0.0570066 -0.0589229 -0.0593888 -0.0583776 -0.055964 -0.0522921 -0.0475338 -0.0419208 -0.0356842 -0.0290602 -0.0222595 -0.0154494 -0.00877346 -0.00237297 0.00369696 0.00934303 0.0144788 0.0190581 0.0230557 0.0264238 0.0291341 0.0312 0.0326104 0.0334124 0.0336336 0.033335 0.0325671 0.0313996 0.029916 0.0282251 0.0264085 0.0244985 0.0225896 0.0207376 0.0189665 0.0173143 0.0158397 0.0145262 0.0133488 0.0123301 0.0114585 0.0107127 0.0100969 0.00959745 0.00916919 0.00880757 0.00851894 0.00828518 0.00810332 0.00798202 0.00788065 0.00778447 
0 0.000432731 0.00087458 0.00132137 0.0017808 0.00228243 0.00283908 0.00344283 0.0040962 0.00481962 0.00563912 0.00658402 0.00765674 0.00885021 0.0101787 0.0116706 0.0133106 0.0150887 0.017009 0.0190163 0.0210494 0.0230779 0.0250605 0.0268863 0.0284938 0.0298163 0.0307479 0.0312145 0.0311753 0.0305838 0.0293827 0.0275779 0.0251465 0.0220958 0.0184465 0.0142388 0.00951778 0.0043184 -0.00131523 -0.00731603 -0.0135934 -0.0201031 -0.0267364 -0.0333393 -0.0397643 -0.0458246 -0.0512787 -0.0559024 -0.0594817 -0.0618364 -0.0628128 -0.062327 -0.0603842 -0.0571134 -0.0527092 -0.0474267 -0.0416307 -0.0356476 -0.0298029 -0.0243917 -0.0196297 -0.0156554 -0.0124962 -0.0100785 -0.00830848 -0.00702504 -0.0060579 -0.00525713 -0.00453889 -0.00384623 -0.00315746 -0.00247358 -0.00180879 -0.00120941 -0.000686929 -0.000232817 0.000128688 0.000408197 0.000613943 0.000754607 0.000865832 0.000929857 0.000959971 0.00097784 0.000985017 0.000991761 0.000986892 0.000965086 0.000956521 0.000945131 0.00093584 0.000920517 0.000900241 0.000897876 0.00090831 0.000911163 0.000913476 0.000904228 0.000911507 0.00093353 0.000953909 0.000971509 0.000986668 0.0010053 0.00104392 0.00107471 0.00110571 0.00113775 0.00117797 0.00123607 0.00129458 0.00134395 0.00140423 0.00146739 0.00155072 0.00163322 0.00170463 0.00177587 0.00182755 0.00184791 0.00182695 0.00173389 0.00158217 0.00133427 0.000958626 0.000460278 -0.000172941 -0.000920773 -0.00176369 -0.00268308 -0.00361356 -0.00451595 -0.00538472 -0.00622723 -0.00708573 -0.00803297 -0.00920757 -0.0107716 -0.0129 -0.015709 -0.0192879 -0.0236411 -0.0286358 -0.0340651 -0.039672 -0.0451332 -0.0501396 -0.0543398 -0.057461 -0.0593209 -0.0597808 -0.0588075 -0.0564835 -0.0529598 -0.0484037 -0.0430229 -0.0370329 -0.0306594 -0.0241018 -0.0175082 -0.0110124 -0.00473884 0.00126497 0.00691716 0.0121382 0.016889 0.0211488 0.0248577 0.0279645 0.0304572 0.0323207 0.0335901 0.0342779 0.034417 0.0340377 0.0331925 0.0319655 0.0304724 0.0287861 0.0269321 0.0250085 0.0231022 0.0212473 0.0194765 0.0178456 0.0163655 0.0150384 0.0138778 0.0128603 0.0119716 0.0112398 0.0106449 0.0101275 0.00968823 0.00934868 0.00908317 0.00886179 0.00869934 0.00858164 0.00849778 
0 0.000497629 0.000984717 0.00148328 0.00201439 0.00260281 0.00323047 0.00391284 0.00467491 0.00552979 0.00648375 0.00755527 0.00878656 0.0101576 0.0116644 0.0133106 0.0151009 0.0170335 0.0190654 0.0211346 0.0231671 0.0251568 0.0270329 0.0286775 0.0300292 0.0310225 0.0315793 0.0316168 0.0311219 0.0300553 0.0283918 0.0261551 0.0233348 0.0199417 0.0160081 0.0115986 0.00677543 0.00156387 -0.00401265 -0.00989864 -0.016024 -0.0223204 -0.028702 -0.0350197 -0.0411561 -0.046943 -0.0521456 -0.0565522 -0.0599431 -0.0621539 -0.0630418 -0.0625262 -0.0606098 -0.0574103 -0.0531102 -0.0479747 -0.0423345 -0.036533 -0.0308738 -0.0256317 -0.0210153 -0.0171493 -0.0140637 -0.011681 -0.00990589 -0.00859502 -0.00756742 -0.00667406 -0.00585446 -0.00503784 -0.00421318 -0.00338073 -0.00257132 -0.00183137 -0.00118101 -0.000614701 -0.000157149 0.00020808 0.000468915 0.000656759 0.000806386 0.000897501 0.000951 0.000994233 0.00101249 0.00102781 0.0010273 0.00100332 0.000997866 0.000997521 0.000988333 0.000971863 0.000948888 0.00094002 0.000953209 0.000959898 0.000958795 0.000953522 0.000964945 0.000989605 0.00101462 0.00102585 0.00103347 0.00105584 0.00109899 0.00113807 0.00117567 0.00120474 0.0012463 0.00131134 0.00137132 0.00142558 0.00149056 0.00155522 0.00164231 0.00172714 0.0017848 0.0018439 0.0018808 0.00187411 0.0018187 0.00168011 0.00145363 0.00112478 0.000647799 3.30483e-05 -0.000720334 -0.00158893 -0.00256092 -0.00361106 -0.0046772 -0.00570311 -0.00669268 -0.00762746 -0.00855474 -0.00955192 -0.0107446 -0.0123008 -0.0143954 -0.0171301 -0.0205961 -0.0247959 -0.0296165 -0.0348623 -0.0402741 -0.0455694 -0.0504259 -0.0545051 -0.0575415 -0.0593637 -0.0598427 -0.0589471 -0.0567507 -0.0534134 -0.0490811 -0.0439595 -0.0382511 -0.0321645 -0.0258863 -0.0195354 -0.013254 -0.00714523 -0.00125705 0.00434895 0.00960583 0.0144766 0.0189309 0.0229118 0.0263574 0.029254 0.0315707 0.03331 0.0344656 0.0350453 0.0351019 0.0346571 0.0337777 0.0325413 0.0310282 0.029295 0.0274299 0.0255285 0.0236173 0.0217579 0.0199976 0.0183602 0.0168727 0.0155615 0.0144098 0.0133819 0.0125136 0.0117949 0.0111827 0.0106723 0.0102736 0.00995577 0.00968074 0.00947293 0.00933338 0.00925133 
0 0.000555239 0.00111181 0.00168582 0.00231452 0.00298136 0.00369257 0.004467 0.00535213 0.00635409 0.00745219 0.00868251 0.0100591 0.011598 0.0132713 0.0150887 0.0170335 0.0190642 0.0211571 0.0232274 0.0252392 0.0271227 0.0288125 0.0302027 0.0312247 0.0318409 0.0319539 0.0315424 0.030579 0.0290516 0.0269463 0.0242953 0.0211305 0.017463 0.0133359 0.00880949 0.00393544 -0.00125342 -0.00673451 -0.0124723 -0.0183953 -0.0244702 -0.0305794 -0.0366174 -0.0424577 -0.0479432 -0.0528679 -0.0570083 -0.0601956 -0.0622433 -0.0630081 -0.0624167 -0.0604984 -0.0573558 -0.0531618 -0.0481577 -0.0427124 -0.0371206 -0.0316734 -0.0266384 -0.022215 -0.0185184 -0.015554 -0.0132656 -0.0115462 -0.0102337 -0.0091697 -0.00822877 -0.00730434 -0.0063791 -0.00541765 -0.00443255 -0.00346169 -0.00257529 -0.00178533 -0.00109865 -0.000522025 -7.94829e-05 0.000265434 0.000515765 0.000702416 0.000841092 0.000931944 0.000984854 0.00103488 0.00105603 0.00104895 0.00103815 0.00103253 0.00103337 0.00103845 0.00101756 0.000990936 0.000990209 0.000999431 0.00100733 0.00100688 0.000995828 0.00100688 0.00104072 0.00106331 0.00107684 0.0010865 0.00110746 0.00115679 0.00120574 0.00123505 0.00126805 0.00131291 0.00137333 0.0014471 0.00150683 0.00156484 0.00164639 0.00173371 0.00180472 0.00186509 0.00189311 0.00189802 0.00186768 0.0017595 0.00155562 0.00126448 0.000831408 0.000249265 -0.000491556 -0.00137482 -0.00238762 -0.00349969 -0.00468945 -0.00588864 -0.00704893 -0.00812058 -0.00913618 -0.010107 -0.0111039 -0.0122758 -0.0137957 -0.0158063 -0.0184287 -0.021735 -0.0257369 -0.0303274 -0.0353387 -0.0405539 -0.0456562 -0.0503521 -0.0543162 -0.0572926 -0.059099 -0.059626 -0.0588482 -0.0568458 -0.0537163 -0.0496317 -0.0447703 -0.0393501 -0.0335711 -0.027576 -0.0214988 -0.0154416 -0.00952072 -0.00377664 0.00173622 0.00696372 0.0118813 0.0164632 0.0206414 0.0243755 0.0276232 0.0303621 0.0325568 0.0341711 0.0352245 0.0357314 0.0357449 0.0352648 0.0343569 0.033083 0.0315258 0.0298025 0.0279557 0.0260397 0.024111 0.0222628 0.0205086 0.0188705 0.0174052 0.0161048 0.0149511 0.0139375 0.0130816 0.0123623 0.0117704 0.0112947 0.0108966 0.01057 0.0103243 0.0101567 0.0100452 
