0 0 0 0 0 0 0 0 0 0 0 0 0 0 0 0 0 0 0 0 0 0 0 0 0 0 0 0 0 0 0 0 0 0 0 0 0 0 0 0 0 0 0 0 0 0 0 0 0 0 0 0 0 0 0 0 0 0 0 0 0 0 0 0 0 0 0 0 0 0 0 0 0 0 0 0 0 0 0 0 0 0 0 0 0 0 0 0 0 0 0 0 0 0 0 0 0 0 0 0 0 0 0 0 0 0 0 0 0 0 0 0 0 0 0 0 0 0 0 0 0 0 0 0 0 0 0 0 0 0 0 0 0 0 0 0 0 0 0 0 0 0 0 0 0 0 0 0 0 0 0 0 0 0 0 0 0 0 0 0 0 0 0 0 0 0 0 0 0 0 0 0 0 0 0 0 0 0 0 0 0 0 0 0 0 0 0 0 0 0 0 0 0 0 0 0 0 0 0 0 
0 5.71229e-05 0.000108832 0.000154994 0.000214249 0.000278749 0.000356402 0.00043446 0.000515798 0.000613624 0.00074023 0.000896989 0.00106127 0.00124685 0.00146122 0.00171736 0.00201032 0.00232415 0.00263402 0.00293715 0.00324874 0.00354433 0.00378497 0.00393452 0.00398069 0.00390152 0.00370804 0.00338279 0.00290459 0.00226666 0.00148985 0.000623117 -0.000306174 -0.00124648 -0.00218975 -0.00309477 -0.00392893 -0.00465122 -0.00521531 -0.00561292 -0.00585418 -0.00595427 -0.00592101 -0.00577621 -0.00554422 -0.00524703 -0.00490422 -0.00455853 -0.00421492 -0.00391038 -0.00363337 -0.00339134 -0.00319671 -0.00303081 -0.00287784 -0.0027089 -0.00250921 -0.00226527 -0.00196524 -0.00160403 -0.00120331 -0.000771598 -0.000327565 0.000124864 0.000536516 0.00089976 0.00119328 0.00139444 0.00149209 0.00150058 0.00143255 0.00131255 0.00115202 0.000974893 0.000800012 0.000638312 0.000505043 0.000396531 0.000307452 0.000245928 0.00021236 0.000179856 0.000159811 0.00014053 0.000118667 0.000106675 0.00010418 9.73764e-05 0.000107786 0.000111184 0.000111363 0.000106695 9.86197e-05 9.07753e-05 9.32471e-05 9.07441e-05 9.57574e-05 9.63242e-05 0.00010407 0.000108234 0.000109059 0.000102137 9.63765e-05 9.33778e-05 0.000105379 0.000112449 0.000125989 0.00013 0.000132423 0.000137668 0.000141334 0.000142369 0.000159015 0.000167968 0.000187212 0.000205184 0.000212863 0.000220159 0.00023038 0.000225729 0.000229199 0.000240174 0.000268125 0.000324828 0.000410528 0.000516548 0.000656062 0.000825816 0.00101253 0.00119788 0.00135323 0.00146216 0.00149143 0.00142568 0.00127005 0.00102684 0.000701778 0.000327525 -0.000103413 -0.000552047 -0.00099263 -0.00139549 -0.0017554 -0.00206145 -0.00230997 -0.00250941 -0.00269038 -0.00286047 -0.00303777 -0.00322762 -0.00345864 -0.0037427 -0.00405625 -0.00440837 -0.00476057 -0.00509229 -0.00537427 -0.00559021 -0.0057261 -0.00576303 -0.00566163 -0.00540634 -0.0049845 -0.00440662 -0.00368603 -0.00285961 -0.00196035 -0.00100246 -4.32902e-05 0.000891439 0.00175494 0.00252352 0.00316514 0.00366346 0.00401081 0.00421004 0.00428128 0.00423609 0.00410267 0.00389143 0.00361629 0.00329933 0.00299161 0.00270165 0.00242518 0.00215861 0.00190614 0.00169007 0.00152296 0.00140515 0.00128507 0.00116423 0.00106816 0.00101378 0.000986112 0.000951107 0.000906649 0.000856227 0.000842979 0.000856878 
0 0.000108832 0.000207993 0.000317279 0.00043277 0.000567297 0.000709334 0.000868755 0.00104626 0.00125223 0.0015123 0.00180722 0.00213751 0.00251692 0.00296407 0.00347547 0.00403691 0.00464408 0.00525892 0.00587526 0.00649377 0.00705347 0.00749643 0.00777542 0.00786575 0.00772043 0.0073171 0.00665074 0.00567448 0.00441197 0.00289696 0.00119038 -0.000636491 -0.00252088 -0.00438012 -0.00615959 -0.00777888 -0.00918182 -0.0103031 -0.0110998 -0.0115976 -0.0118006 -0.0117357 -0.0114591 -0.0110191 -0.0104493 -0.00979918 -0.0091152 -0.00844365 -0.00782031 -0.00726906 -0.00680583 -0.00642135 -0.00608346 -0.00575233 -0.00541799 -0.00503204 -0.00453898 -0.00393608 -0.0032379 -0.00243469 -0.00156165 -0.000639994 0.000260632 0.00108055 0.00180116 0.0023644 0.00275786 0.00297599 0.00299301 0.00285488 0.00261379 0.00228832 0.00193623 0.00158704 0.00128255 0.00101515 0.000790355 0.000616638 0.000488979 0.000397981 0.000348313 0.000298938 0.00026121 0.000237779 0.000224259 0.000209642 0.000208075 0.000203574 0.000196774 0.000193974 0.000188812 0.000178613 0.000190865 0.000195075 0.000193431 0.000191297 0.000177704 0.00017601 0.000190939 0.00019188 0.000199991 0.000201071 0.000200934 0.000215769 0.000223918 0.000222844 0.000232245 0.000238299 0.000258029 0.000282862 0.000302819 0.000318032 0.000342153 0.000363005 0.000382414 0.000404245 0.000427703 0.000436992 0.00045468 0.000459423 0.00047731 0.000539808 0.000649797 0.000804252 0.00102332 0.0013022 0.00164753 0.00201877 0.00239045 0.00269552 0.0028953 0.00296992 0.00286024 0.00254649 0.00205981 0.00140316 0.000621099 -0.00023936 -0.00112705 -0.0019824 -0.00279547 -0.00351659 -0.00411562 -0.0046146 -0.00503884 -0.00539881 -0.00573679 -0.00608162 -0.0064798 -0.00696 -0.007514 -0.00812814 -0.00879292 -0.00947292 -0.0101161 -0.0106736 -0.0111039 -0.0113656 -0.0114121 -0.0111993 -0.0106808 -0.009864 -0.00873143 -0.00730869 -0.0056772 -0.00388553 -0.00201161 -0.000119331 0.00171309 0.00342541 0.00495405 0.0062214 0.00720754 0.00789215 0.00830497 0.00847135 0.00840042 0.00814113 0.00772693 0.00719822 0.00660621 0.00600838 0.00543009 0.00485991 0.0043327 0.00385635 0.00343336 0.0030904 0.00281023 0.00256818 0.00234156 0.00217044 0.00204981 0.00195291 0.00188057 0.00180439 0.00174347 0.00170621 0.001709 
0 0.000154994 0.000317279 0.000483838 0.000676458 0.000864093 0.00107943 0.00132282 0.00160764 0.00193862 0.00231862 0.00276089 0.00325358 0.00384825 0.00453123 0.00528615 0.00610021 0.00698041 0.00789485 0.00880792 0.00969586 0.0104715 0.0110687 0.0114418 0.0115576 0.0113122 0.0106887 0.00965171 0.00819291 0.0063351 0.00412746 0.00165733 -0.00102631 -0.00377383 -0.00650952 -0.00909384 -0.0114458 -0.0134924 -0.0151358 -0.0163404 -0.0171015 -0.0174361 -0.0173717 -0.0169883 -0.0163666 -0.0155635 -0.0146222 -0.0136465 -0.0126612 -0.0117739 -0.010973 -0.0102787 -0.00970951 -0.00920405 -0.0087157 -0.00818169 -0.00757134 -0.00684529 -0.0059602 -0.00488906 -0.00367869 -0.00236093 -0.00100144 0.000363075 0.00159505 0.00266931 0.00353261 0.00413116 0.00443534 0.00447429 0.00427902 0.00391714 0.00343178 0.00290069 0.002385 0.00191832 0.00153157 0.00120928 0.000936029 0.000733894 0.000610059 0.000505919 0.000448834 0.000407943 0.00036649 0.000344202 0.000332551 0.000299629 0.000303891 0.000296008 0.000291772 0.000288478 0.000284922 0.00028362 0.0002991 0.00028941 0.000286493 0.000269039 0.000275325 0.000285615 0.000298773 0.000299636 0.000301693 0.000303156 0.000330411 0.000335393 0.000351722 0.00035076 0.000358615 0.000388382 0.00042218 0.000446927 0.000498193 0.000517724 0.000552559 0.000583567 0.000597698 0.000623703 0.00066628 0.00067641 0.00070055 0.000736113 0.000813133 0.000969902 0.00121668 0.00153952 0.00196649 0.00248087 0.00303706 0.00357974 0.00403257 0.00435061 0.0044442 0.00426058 0.0037987 0.00306088 0.0020671 0.000915 -0.000387428 -0.00172438 -0.00302259 -0.00421454 -0.00529187 -0.00622478 -0.00699487 -0.00761437 -0.00816054 -0.00867035 -0.00920619 -0.00979197 -0.0104919 -0.0113176 -0.0121999 -0.0131631 -0.0141281 -0.0150536 -0.0158569 -0.0164667 -0.0168167 -0.0168491 -0.0164837 -0.0157032 -0.0144823 -0.0128271 -0.0107543 -0.00836303 -0.00576009 -0.00300874 -0.000259298 0.00242438 0.00492365 0.00716058 0.009033 0.010494 0.0115375 0.0121832 0.0124699 0.0124015 0.0120467 0.0114669 0.0107338 0.0098993 0.00904659 0.00817805 0.00732635 0.00655011 0.00586405 0.00525511 0.00470754 0.00426085 0.00387377 0.00356612 0.00332621 0.00312179 0.00294349 0.00280461 0.00273112 0.00265735 0.00260271 0.00256209 
0 0.000214249 0.00043277 0.000676458 0.000925006 0.00118991 0.00147818 0.00182367 0.00222168 0.00266444 0.00318139 0.00377211 0.00446143 0.00526526 0.0061725 0.00715602 0.00821414 0.00936699 0.0105503 0.0117066 0.0127983 0.0137319 0.014443 0.0148701 0.0149483 0.0145673 0.013681 0.0122983 0.0103783 0.00797233 0.00513417 0.00195014 -0.00147368 -0.00501494 -0.00851385 -0.0118461 -0.0148725 -0.0175046 -0.0196422 -0.021218 -0.022255 -0.0227502 -0.0227363 -0.0223048 -0.0215449 -0.0205302 -0.019361 -0.0181312 -0.0169173 -0.0157776 -0.0147464 -0.0138526 -0.013089 -0.0124016 -0.0117232 -0.0110224 -0.0102162 -0.00920839 -0.00798535 -0.00656723 -0.00495211 -0.0032038 -0.00137051 0.000429787 0.00208001 0.00352805 0.004669 0.00546577 0.0059036 0.00595232 0.00569295 0.00522052 0.00458331 0.00388611 0.00319408 0.0025791 0.00204231 0.00159501 0.00125059 0.00100171 0.00082912 0.000722851 0.000622246 0.00053984 0.000481949 0.000446807 0.000419357 0.000415758 0.000415439 0.00041028 0.000406483 0.000392788 0.000368899 0.000378847 0.00038305 0.000381538 0.000383133 0.000368765 0.000373455 0.000399267 0.000399478 0.000404171 0.000399141 0.00039783 0.000427932 0.000451626 0.000462674 0.000484269 0.000498409 0.000530925 0.000569973 0.000601789 0.000632985 0.00068052 0.000730293 0.000778559 0.000824469 0.000866045 0.000882599 0.000905534 0.000917505 0.000962203 0.00109358 0.0013215 0.00164282 0.00208461 0.00264497 0.00332696 0.00406064 0.0047873 0.00538589 0.00577462 0.00589882 0.00565679 0.00501953 0.00403682 0.0027257 0.00116708 -0.000556412 -0.00234 -0.00406793 -0.00570138 -0.00715495 -0.00837539 -0.00939419 -0.0102577 -0.0110032 -0.0117033 -0.0124099 -0.0131948 -0.0141094 -0.0151463 -0.0162806 -0.0174941 -0.0187212 -0.0198714 -0.020856 -0.0215914 -0.0219925 -0.0219708 -0.0214497 -0.0203721 -0.0187591 -0.0165971 -0.0139289 -0.0108799 -0.00753012 -0.00400849 -0.000449696 0.00299027 0.00619161 0.00905665 0.0114784 0.0134231 0.0148404 0.0157492 0.0161751 0.0161435 0.0157544 0.0150836 0.0141988 0.0131672 0.0120702 0.0109556 0.0098504 0.00884495 0.00794972 0.00712999 0.00640301 0.00577934 0.00526945 0.00485019 0.00452663 0.00424298 0.0039785 0.00379612 0.00367911 0.00359646 0.0035047 0.00343867 
0 0.000278749 0.000567297 0.000864093 0.00118991 0.00152846 0.00192271 0.00237541 0.00288447 0.0034542 0.00411228 0.00489009 0.00577261 0.00678337 0.00789438 0.00909754 0.0103989 0.0117945 0.0132008 0.0145391 0.0157738 0.0168168 0.0175858 0.0179994 0.0179812 0.0174002 0.0162448 0.0144966 0.0121475 0.00922956 0.00581444 0.00202137 -0.00206433 -0.00625572 -0.0104253 -0.014382 -0.0179902 -0.0211397 -0.0237089 -0.0256508 -0.0269624 -0.0276503 -0.0277347 -0.0273049 -0.0264689 -0.0253258 -0.0239746 -0.0225643 -0.0211443 -0.0198251 -0.0186005 -0.0175024 -0.016558 -0.0156985 -0.014853 -0.0139367 -0.0128863 -0.0116285 -0.0101068 -0.00830055 -0.00627149 -0.0040773 -0.00180818 0.000454857 0.00252608 0.00433489 0.0057828 0.00678827 0.00731237 0.00739073 0.00708503 0.00650048 0.00571662 0.00485089 0.00399941 0.00322478 0.00256808 0.00202263 0.00157875 0.0012556 0.00104893 0.000885978 0.000776961 0.000690839 0.000613657 0.00056738 0.000541376 0.000505135 0.000511972 0.000507246 0.000501496 0.000490021 0.000474416 0.000467603 0.000481885 0.00047385 0.00047387 0.000460058 0.000473235 0.000491651 0.000505058 0.000500859 0.000496142 0.000498601 0.000538435 0.000560299 0.000590999 0.000602251 0.000619461 0.000660923 0.000706811 0.000743838 0.000810398 0.000853133 0.000916214 0.000975891 0.00101315 0.00105439 0.00110272 0.00111864 0.00115494 0.00122555 0.00137767 0.00165596 0.00207238 0.00262007 0.00332659 0.00417076 0.005083 0.00597071 0.00670979 0.00720813 0.0073345 0.00700274 0.00620522 0.00496235 0.0033143 0.0013854 -0.00077896 -0.00301617 -0.00519742 -0.00721613 -0.00903095 -0.0105953 -0.0118981 -0.0129742 -0.0139277 -0.0148222 -0.0157301 -0.0166893 -0.0177802 -0.0190231 -0.0203501 -0.0217712 -0.0231788 -0.0244945 -0.0256028 -0.0264012 -0.0267916 -0.0266799 -0.025959 -0.0246033 -0.022607 -0.0199968 -0.016814 -0.013181 -0.00921318 -0.00500534 -0.000770879 0.00334115 0.00715507 0.0105787 0.0135163 0.0159117 0.0177143 0.018902 0.0195074 0.0195712 0.0192156 0.0185235 0.017555 0.016369 0.0150897 0.0137706 0.0124694 0.0112527 0.0101325 0.00910524 0.0081857 0.00742103 0.0067586 0.00620353 0.00575381 0.00538232 0.00507195 0.00482816 0.00466408 0.00451904 0.00441636 0.00435363 
0 0.000356402 0.000709334 0.00107943 0.00147818 0.00192271 0.00242154 0.00298577 0.00361397 0.0043249 0.00516024 0.00611968 0.00719545 0.00839544 0.00971644 0.011143 0.0126595 0.014242 0.015801 0.0172654 0.0185916 0.019672 0.0204113 0.0207271 0.0205412 0.0197431 0.0182925 0.016196 0.0134329 0.0100643 0.00617057 0.00185957 -0.00275013 -0.00749793 -0.0121948 -0.0166641 -0.0207427 -0.0243218 -0.0272894 -0.0295738 -0.0311703 -0.0320659 -0.0322838 -0.0319231 -0.0310954 -0.0299034 -0.0284741 -0.0269368 -0.0253849 -0.0238982 -0.022516 -0.0212715 -0.0201614 -0.0191186 -0.0180661 -0.0169472 -0.015671 -0.014127 -0.0122734 -0.0101125 -0.00766541 -0.00501586 -0.00225925 0.000450568 0.00294058 0.00511014 0.0068338 0.00804255 0.00870662 0.00881577 0.0084633 0.00777311 0.00684357 0.00581788 0.00480642 0.0038949 0.00310387 0.0024415 0.00191702 0.00152918 0.00126015 0.00107721 0.000932714 0.0008226 0.000744389 0.000693552 0.000652105 0.000624377 0.000608972 0.000593043 0.000583486 0.000570775 0.000556042 0.000570414 0.00058258 0.000578846 0.000569936 0.000546078 0.000547689 0.00057471 0.000587622 0.000600046 0.000604376 0.000612854 0.000649424 0.000674758 0.000687983 0.00070695 0.000731961 0.000786504 0.000853748 0.000912399 0.000969354 0.00102762 0.00108856 0.00114784 0.00120341 0.00125931 0.00130183 0.00134315 0.00138701 0.00147656 0.00167562 0.002015 0.00250635 0.00317348 0.00402245 0.00503376 0.00611624 0.00716599 0.00803056 0.00858769 0.0087307 0.0083354 0.00736479 0.00586229 0.00387605 0.00152364 -0.00107451 -0.00375459 -0.00635782 -0.00880178 -0.0109955 -0.0128773 -0.0144644 -0.0158071 -0.0169775 -0.0180643 -0.0191424 -0.0202871 -0.0215587 -0.0229512 -0.0244274 -0.0259648 -0.0274858 -0.028886 -0.0300471 -0.030847 -0.0311668 -0.0308987 -0.0299575 -0.0283096 -0.0259799 -0.0229739 -0.0193423 -0.0152194 -0.0107164 -0.00598265 -0.00120177 0.00343716 0.00777711 0.0117014 0.0150954 0.0179007 0.0200504 0.0215402 0.0223877 0.0226314 0.0223823 0.0217267 0.0207317 0.0194773 0.0180829 0.016626 0.015154 0.0137436 0.0124181 0.011187 0.0101006 0.00917218 0.00836314 0.00764819 0.00706419 0.00660248 0.00622904 0.00593541 0.00568842 0.00548901 0.00535682 0.00530453 
0 0.00043446 0.000868755 0.00132282 0.00182367 0.00237541 0.00298577 0.00366366 0.00442983 0.00531362 0.00633236 0.00747337 0.00872545 0.0101173 0.0116492 0.0132839 0.0149744 0.0166791 0.0183281 0.0198586 0.0212046 0.0222417 0.0228621 0.0229963 0.0225809 0.0215153 0.0197631 0.0173197 0.0141912 0.0104396 0.00615568 0.00145151 -0.00355823 -0.00869673 -0.0137834 -0.0186295 -0.0230805 -0.0270194 -0.0303279 -0.0329322 -0.0348069 -0.0359369 -0.0363429 -0.0361172 -0.035374 -0.0342215 -0.0327836 -0.0312048 -0.0295824 -0.0280115 -0.0265248 -0.0251524 -0.0238973 -0.0226913 -0.0214517 -0.0201028 -0.0185611 -0.016728 -0.0145406 -0.011986 -0.0091129 -0.00601141 -0.0028011 0.000361767 0.00327765 0.00581628 0.00784644 0.00927359 0.010055 0.01021 0.0098288 0.00904344 0.00798147 0.00679906 0.00562954 0.00456585 0.00364818 0.0028828 0.00227155 0.00181928 0.00150733 0.00128186 0.0011145 0.000985573 0.000885758 0.000818109 0.000768886 0.000728897 0.000715466 0.000703881 0.000693671 0.000678978 0.000663276 0.000665128 0.00067636 0.000672682 0.000665047 0.000649863 0.000658597 0.000683267 0.000699793 0.000704342 0.000704659 0.000716549 0.000758011 0.000792286 0.000820998 0.000842668 0.000872992 0.000930463 0.000998961 0.00106288 0.00113521 0.0012012 0.00127601 0.00134857 0.00140872 0.00146735 0.00152131 0.00156415 0.00162512 0.00174372 0.00198167 0.00238492 0.00297339 0.0037598 0.00475339 0.00592113 0.00716681 0.00836092 0.00934328 0.00997147 0.0100984 0.0096039 0.00845474 0.00668452 0.00436106 0.00161757 -0.001418 -0.00455431 -0.00761274 -0.0104713 -0.0130489 -0.0152869 -0.0171802 -0.0187746 -0.0201654 -0.0214462 -0.0226993 -0.0239921 -0.0253906 -0.0268978 -0.0284657 -0.0300703 -0.0316262 -0.0330317 -0.0341561 -0.0348657 -0.0350371 -0.0345656 -0.0333724 -0.0314434 -0.0287972 -0.0254517 -0.0214575 -0.0169453 -0.0120523 -0.00692772 -0.00176442 0.00327242 0.00802606 0.0123675 0.0161637 0.0193286 0.0218121 0.0236168 0.0247615 0.0252615 0.025192 0.024638 0.0236893 0.0224472 0.0210263 0.0194857 0.0178824 0.0163054 0.0148073 0.0134116 0.0121531 0.0110516 0.0100733 0.00921621 0.00850611 0.00793357 0.00746765 0.00708979 0.0067815 0.00653161 0.00636675 0.00628597 
0 0.000515798 0.00104626 0.00160764 0.00222168 0.00288447 0.00361397 0.00442983 0.00536102 0.00642729 0.00762533 0.00894657 0.010387 0.0119723 0.0136882 0.0154825 0.017298 0.0190799 0.0207616 0.0222745 0.0235425 0.0244498 0.0248862 0.0247805 0.024073 0.0226943 0.020627 0.0178677 0.0144304 0.0103655 0.00577204 0.000776568 -0.00449369 -0.00986946 -0.0151951 -0.0202967 -0.0250239 -0.0292399 -0.0328182 -0.0356889 -0.0378222 -0.0392071 -0.0398562 -0.0398403 -0.0392613 -0.0382306 -0.0368755 -0.0353435 -0.0337347 -0.032139 -0.0305926 -0.0291247 -0.0277409 -0.0263795 -0.0249613 -0.0233957 -0.0215885 -0.019443 -0.0168963 -0.0139416 -0.0106414 -0.00708639 -0.00341536 0.000200736 0.00354826 0.00646075 0.00879634 0.0104433 0.0113523 0.0115571 0.0111536 0.0102854 0.00910677 0.00778141 0.00646125 0.00524635 0.00419408 0.00331903 0.00262552 0.00211499 0.00176118 0.00149862 0.00130098 0.00114299 0.00101879 0.000933032 0.00087651 0.000834293 0.000821058 0.000810976 0.000796837 0.000776085 0.000757305 0.000751493 0.000761181 0.000760829 0.000754987 0.000748047 0.000760937 0.000784131 0.000802335 0.000802616 0.000800634 0.000815448 0.000857949 0.000900973 0.000941361 0.000971321 0.00101146 0.00107296 0.00114293 0.00120987 0.00128666 0.00136117 0.00144951 0.00153799 0.00161138 0.00167445 0.00173082 0.00177434 0.00184989 0.00200267 0.00229412 0.00277251 0.00345976 0.00436376 0.00549504 0.00681086 0.0082127 0.00954697 0.0106386 0.0113201 0.0114209 0.0108192 0.00947949 0.00743322 0.00476961 0.00162868 -0.00184005 -0.00542966 -0.00894871 -0.0122426 -0.0152147 -0.0178019 -0.0199985 -0.0218593 -0.0234853 -0.0249649 -0.0263807 -0.0277974 -0.0292798 -0.0308396 -0.032438 -0.0340416 -0.0355586 -0.0368761 -0.0378605 -0.0383861 -0.038344 -0.0376401 -0.0361974 -0.0340019 -0.0310667 -0.0274297 -0.0231587 -0.0183794 -0.0132325 -0.00785671 -0.00243486 0.00287632 0.00792227 0.0125692 0.0166871 0.0201771 0.0229915 0.0251241 0.0265852 0.0273842 0.0275684 0.0272108 0.0264019 0.0252514 0.0238693 0.0223096 0.020637 0.018946 0.0173128 0.0157723 0.0143457 0.0130601 0.0119099 0.0109157 0.0100806 0.00937764 0.00878544 0.00830688 0.00794439 0.00766071 0.00745178 0.00731263 
0 0.000613624 0.00125223 0.00193862 0.00266444 0.0034542 0.0043249 0.00531362 0.00642729 0.00766595 0.00903909 0.0105453 0.0121929 0.0139571 0.0158085 0.0176998 0.0195864 0.0213998 0.0230512 0.024459 0.0255534 0.0262444 0.0264319 0.0260358 0.0249905 0.0232796 0.0208881 0.0178425 0.0141417 0.00983963 0.00503835 -0.000139323 -0.00553227 -0.0110222 -0.0164446 -0.021676 -0.0265608 -0.0309549 -0.0347412 -0.0378366 -0.0402159 -0.0418617 -0.0427845 -0.0430404 -0.0427114 -0.0418962 -0.040729 -0.0393208 -0.0378056 -0.0362371 -0.0346866 -0.0331801 -0.0317014 -0.0302033 -0.0286025 -0.0268217 -0.0247509 -0.0222823 -0.0193685 -0.0160226 -0.01228 -0.00825858 -0.00410237 -3.68479e-05 0.00374217 0.00703014 0.0096636 0.0115329 0.0125952 0.0128563 0.0124394 0.0114988 0.010208 0.00875013 0.00728917 0.00594422 0.00476563 0.00378001 0.00300363 0.00242274 0.00199983 0.00170854 0.00147724 0.00129816 0.00117013 0.00107309 0.000995995 0.000955383 0.000917246 0.000897551 0.000880527 0.000859979 0.000844594 0.00085371 0.000857469 0.000861471 0.000848866 0.000838989 0.000843424 0.000871544 0.000888473 0.000901858 0.00090872 0.000930975 0.000968551 0.00101769 0.00104618 0.00108471 0.00113318 0.0012025 0.00128832 0.00137718 0.00144844 0.00153873 0.00162279 0.00170558 0.00178946 0.00186244 0.00191875 0.00199402 0.00209186 0.00228117 0.00262895 0.00317712 0.00395126 0.00497788 0.00624731 0.00771406 0.00926157 0.0107266 0.0119127 0.0126174 0.0126865 0.0119771 0.0104345 0.00810542 0.00509372 0.00152937 -0.00237499 -0.00641804 -0.0103798 -0.0141161 -0.0174909 -0.0204321 -0.0229462 -0.0250959 -0.0269529 -0.0286175 -0.030163 -0.0316791 -0.0332125 -0.0347642 -0.0363298 -0.0378389 -0.0392266 -0.0403593 -0.0411168 -0.0413864 -0.0410743 -0.0400974 -0.0384008 -0.0359511 -0.0327775 -0.0289149 -0.0244568 -0.0195272 -0.014244 -0.00876009 -0.00320069 0.00225535 0.00747831 0.0123248 0.0166782 0.0204525 0.023582 0.0260493 0.0278349 0.0289583 0.0294566 0.0293885 0.028818 0.0278414 0.0265547 0.025046 0.0233827 0.0216511 0.0199252 0.0182495 0.0166728 0.0152129 0.0139082 0.0127624 0.0117809 0.0109336 0.0102058 0.00962867 0.00918771 0.00886296 0.00860093 0.00841322 
0 0.00074023 0.0015123 0.00231862 0.00318139 0.00411228 0.00516024 0.00633236 0.00762533 0.00903909 0.0105824 0.0122816 0.0141115 0.0160261 0.0179707 0.0199095 0.0218044 0.0235713 0.0251173 0.0263542 0.0271986 0.0275909 0.0274464 0.0267037 0.0253151 0.0232667 0.0205763 0.0172453 0.013335 0.00888468 0.00399389 -0.00121953 -0.00663627 -0.0121108 -0.0175311 -0.0227563 -0.0276784 -0.0321631 -0.0360949 -0.0393973 -0.04201 -0.0439168 -0.0451354 -0.0457044 -0.0456966 -0.045199 -0.0442937 -0.0431047 -0.0417353 -0.040285 -0.0387996 -0.0372981 -0.0357763 -0.0341779 -0.032422 -0.0304052 -0.0280414 -0.0252651 -0.0219952 -0.0182154 -0.0140223 -0.00952022 -0.00490077 -0.000368681 0.00383803 0.00749408 0.0104494 0.0125622 0.0137622 0.0141152 0.0137089 0.0127035 0.0113125 0.00972549 0.00813029 0.00664661 0.0053562 0.00427642 0.00340533 0.00274766 0.00227587 0.0019222 0.00167373 0.00148403 0.00133246 0.00121828 0.00113699 0.00106389 0.00102384 0.000999774 0.000974321 0.000956676 0.00095473 0.000947775 0.000960915 0.000961335 0.000943717 0.000939309 0.000948141 0.000962454 0.000995223 0.00100463 0.00101682 0.00104904 0.0010874 0.00113133 0.001179 0.00121062 0.00126736 0.00134661 0.00143639 0.00153085 0.00163053 0.00171431 0.00180431 0.00189349 0.00196976 0.00204246 0.00212985 0.00221186 0.00234857 0.00258644 0.00297907 0.00359557 0.00447763 0.00562685 0.00704156 0.00865061 0.0103377 0.0119033 0.0131548 0.0138909 0.0138929 0.0130479 0.0113087 0.00868837 0.00531207 0.00134483 -0.00301086 -0.00751313 -0.0119496 -0.0161059 -0.0198839 -0.0232227 -0.0260814 -0.0284997 -0.0305733 -0.0323913 -0.034049 -0.0356121 -0.0371394 -0.0386498 -0.040102 -0.041446 -0.0425966 -0.0434614 -0.0439209 -0.0438729 -0.0432373 -0.041949 -0.039965 -0.0372846 -0.0339117 -0.0299087 -0.0253606 -0.0203678 -0.0150755 -0.00958806 -0.00404734 0.00143231 0.00671255 0.0116644 0.0161868 0.0201752 0.0235905 0.0263748 0.0285043 0.0299846 0.0308388 0.0311172 0.0308632 0.0301406 0.0290338 0.0276389 0.0260595 0.024354 0.0225852 0.0208206 0.0191125 0.0175252 0.0160721 0.0147779 0.0136293 0.0126321 0.0117947 0.0111017 0.0105646 0.0101414 0.00983045 0.00960977 
0 0.000896989 0.00180722 0.00276089 0.00377211 0.00489009 0.00611968 0.00747337 0.00894657 0.0105453 0.0122816 0.0141421 0.0161114 0.0181247 0.0201329 0.0220795 0.0239064 0.0255337 0.0268932 0.0278916 0.0284317 0.028451 0.0279128 0.0267925 0.0250458 0.0226932 0.0197065 0.0161455 0.0120705 0.00755989 0.00269306 -0.00246367 -0.0077684 -0.013149 -0.0184459 -0.0235785 -0.0284401 -0.0329204 -0.0369343 -0.0403836 -0.0432077 -0.0453795 -0.0469139 -0.0478421 -0.0482071 -0.0480712 -0.047528 -0.0466307 -0.045523 -0.0442397 -0.0428781 -0.0414534 -0.0399221 -0.0382461 -0.0363485 -0.034147 -0.031525 -0.0283933 -0.0247204 -0.0205386 -0.0158871 -0.0109119 -0.00579772 -0.00081922 0.003825 0.00786978 0.0111312 0.0134825 0.0148745 0.0153065 0.0149183 0.013881 0.0124093 0.0107134 0.00898607 0.0073695 0.0059417 0.00474716 0.00380848 0.00309808 0.00256289 0.00219284 0.00189345 0.00165686 0.00148647 0.00134896 0.00124209 0.00119453 0.00113643 0.00110909 0.00108419 0.00105636 0.00103972 0.00104537 0.00103875 0.00104857 0.00103847 0.00104217 0.00104849 0.0010753 0.00109071 0.00110745 0.00112029 0.00115171 0.0011869 0.00125178 0.00129172 0.00135136 0.00141955 0.00149424 0.00158628 0.00169022 0.00176415 0.00187569 0.00197231 0.00206775 0.00217274 0.00225855 0.00232498 0.00243369 0.00258298 0.00286333 0.00333886 0.00405327 0.0050382 0.00631597 0.00785954 0.00960002 0.0114003 0.0130694 0.0143822 0.0150891 0.0150269 0.0140459 0.0120757 0.00915956 0.00543148 0.0010307 -0.00376141 -0.00872507 -0.0136133 -0.0182519 -0.0224642 -0.0261613 -0.0293353 -0.0320419 -0.034325 -0.0362808 -0.0379933 -0.0395733 -0.0410513 -0.0424233 -0.0437029 -0.0447878 -0.0456447 -0.0461553 -0.0462393 -0.0458186 -0.0448241 -0.0432033 -0.0409477 -0.0380429 -0.0345288 -0.0304468 -0.0258925 -0.0209518 -0.0157276 -0.0103654 -0.00492591 0.0004467 0.00567909 0.0106437 0.0152469 0.0194037 0.023043 0.0261265 0.0285971 0.0304614 0.0317065 0.032364 0.0324749 0.03209 0.0312514 0.0300615 0.0286189 0.0269939 0.0252495 0.0234507 0.0216774 0.019971 0.0183957 0.0169445 0.0156359 0.0144978 0.0135375 0.012739 0.0120622 0.0115402 0.0111592 0.0109192 
0 0.00106127 0.00213751 0.00325358 0.00446143 0.00577261 0.00719545 0.00872545 0.010387 0.0121929 0.0141115 0.0161114 0.0181614 0.0202243 0.0222422 0.0241368 0.0258275 0.0272391 0.0283251 0.0290099 0.0291778 0.0287983 0.0278532 0.0263387 0.0242377 0.0215668 0.0183472 0.0146012 0.0104455 0.00593511 0.00114725 -0.00384822 -0.00896639 -0.014119 -0.0192212 -0.0241688 -0.0288915 -0.0332884 -0.0372891 -0.0408265 -0.0438299 -0.0462662 -0.0481428 -0.0494496 -0.0502166 -0.0505074 -0.0503659 -0.0498631 -0.0490777 -0.0480747 -0.0469017 -0.0455754 -0.044087 -0.0423951 -0.0404098 -0.0380152 -0.0351166 -0.031678 -0.0276344 -0.0229957 -0.017886 -0.0124334 -0.00685989 -0.00140466 0.00368265 0.0081185 0.0117197 0.0143267 0.0158643 0.0164124 0.0160672 0.0150044 0.0134715 0.0116799 0.00983539 0.00809115 0.00655654 0.00527026 0.00423512 0.00344614 0.00286025 0.00242296 0.00210527 0.00185688 0.00165567 0.00149789 0.00138684 0.00130176 0.00124514 0.001213 0.00117616 0.0011508 0.00114553 0.00112854 0.00113307 0.00113905 0.00112758 0.00114146 0.00115495 0.00116428 0.00119634 0.00120638 0.0012229 0.00126421 0.00130069 0.00135823 0.00142529 0.00147985 0.00155638 0.00164065 0.00173003 0.00183314 0.00193889 0.00204059 0.00214384 0.00224677 0.00233975 0.00242438 0.00252639 0.00264636 0.00284539 0.00318849 0.00372165 0.00451505 0.00561392 0.00701419 0.008688 0.0105481 0.0124599 0.0142002 0.0155477 0.0162596 0.0160894 0.0149269 0.0127201 0.00949005 0.00538751 0.000591489 -0.00464816 -0.0100784 -0.0154633 -0.0205365 -0.0251603 -0.0292562 -0.0327608 -0.0357076 -0.0381695 -0.0402379 -0.0420045 -0.0435341 -0.0448721 -0.0460533 -0.047062 -0.0478359 -0.0483056 -0.0484038 -0.0480549 -0.0472104 -0.0458314 -0.0438842 -0.0413692 -0.0382924 -0.0346699 -0.030578 -0.0261038 -0.0212975 -0.0162664 -0.0110855 -0.0058493 -0.000643447 0.00444181 0.00931918 0.0139319 0.0181814 0.0220182 0.0253509 0.0281412 0.0303808 0.0320351 0.0331074 0.0336254 0.0336326 0.0331516 0.0322511 0.0310259 0.0295386 0.027875 0.0261218 0.0243235 0.0225437 0.0208381 0.0192562 0.0178038 0.016522 0.0154324 0.0144912 0.0137043 0.0130765 0.0126372 0.0123526 
0 0.00124685 0.00251692 0.00384825 0.00526526 0.00678337 0.00839544 0.0101173 0.0119723 0.0139571 0.0160261 0.0181247 0.0202243 0.0222753 0.0242211 0.0259869 0.0274851 0.0286265 0.0293686 0.0296494 0.0294011 0.0286081 0.0272655 0.0253626 0.0228957 0.0199486 0.0165334 0.0127024 0.00853331 0.00409758 -0.000534827 -0.0053141 -0.0101462 -0.0150176 -0.0198352 -0.0245385 -0.0290523 -0.033297 -0.0372377 -0.0408139 -0.0439622 -0.0466438 -0.0488472 -0.0505494 -0.0517507 -0.0524955 -0.0528334 -0.0527701 -0.0523932 -0.0517134 -0.0508055 -0.0496772 -0.0482839 -0.0465927 -0.0445302 -0.0419949 -0.038872 -0.0351058 -0.030677 -0.0256319 -0.0200501 -0.0141025 -0.00802297 -0.00210577 0.00341936 0.00824516 0.0121653 0.015035 0.016794 0.0174577 0.0171623 0.0160969 0.0145112 0.0126411 0.0106993 0.00884673 0.00719461 0.00580002 0.00468458 0.00382216 0.00316054 0.0026905 0.00232801 0.00204645 0.00183687 0.00166251 0.00152587 0.00144483 0.00135678 0.00130517 0.0012652 0.00123714 0.00123135 0.00123524 0.00122814 0.0012369 0.00122689 0.00123544 0.00124018 0.00125813 0.00128066 0.00130908 0.0013406 0.00138526 0.00141885 0.00148201 0.00153205 0.00160317 0.00169015 0.00177859 0.0018838 0.00200461 0.0020961 0.00221244 0.00230774 0.00240054 0.00250894 0.0026091 0.00271351 0.00287794 0.00311637 0.00351757 0.00413497 0.00502175 0.00622052 0.00774087 0.00954107 0.0115221 0.0135236 0.0153293 0.0166893 0.0173268 0.0170501 0.0157185 0.0132614 0.00971592 0.00523566 -8.57581e-06 -0.00570481 -0.0116013 -0.0174358 -0.0229804 -0.0280339 -0.0324855 -0.0362942 -0.0394967 -0.0421239 -0.0442605 -0.0459986 -0.0474382 -0.0486025 -0.0495076 -0.0501815 -0.0505419 -0.0505713 -0.0501955 -0.0493808 -0.0481034 -0.0463334 -0.0440569 -0.0413003 -0.0380684 -0.0343988 -0.030352 -0.0260156 -0.021422 -0.016632 -0.0117327 -0.00675539 -0.0018076 0.00306427 0.00778408 0.0123163 0.016601 0.0205615 0.0241119 0.0271805 0.029771 0.031832 0.0333377 0.0342954 0.0347274 0.0346441 0.0341071 0.0331798 0.0319114 0.0303984 0.0287433 0.026995 0.0251851 0.0234085 0.0217239 0.0201611 0.0187488 0.0175054 0.0164286 0.0155236 0.0148185 0.0142914 0.0139304 
0 0.00146122 0.00296407 0.00453123 0.0061725 0.00789438 0.00971644 0.0116492 0.0136882 0.0158085 0.0179707 0.0201329 0.0222422 0.0242211 0.0260126 0.0275678 0.0288049 0.0296199 0.0299601 0.029802 0.0291119 0.0279016 0.0261615 0.023884 0.0211015 0.017915 0.0143696 0.0104955 0.0063862 0.00209775 -0.00231437 -0.00680702 -0.01132 -0.0158404 -0.0203181 -0.0246985 -0.0289403 -0.0329907 -0.0368321 -0.0404151 -0.043674 -0.0465643 -0.0490764 -0.0511649 -0.0528131 -0.0540476 -0.054877 -0.0553039 -0.0553777 -0.0551158 -0.0545521 -0.0536786 -0.0524542 -0.0508384 -0.0487466 -0.0460748 -0.0427298 -0.0386837 -0.0338978 -0.0284108 -0.0223571 -0.0159223 -0.00936626 -0.00297568 0.00298891 0.00821395 0.0124819 0.0156334 0.017595 0.0184152 0.0182048 0.0171568 0.0155394 0.0136008 0.011561 0.00960093 0.00784798 0.00636212 0.00515723 0.00421766 0.00349597 0.0029682 0.00257608 0.00227228 0.00203086 0.00183167 0.00167935 0.00157109 0.00147816 0.00142036 0.00137303 0.00134592 0.00134127 0.00132957 0.00132293 0.00132858 0.00132319 0.00134191 0.00135277 0.00136203 0.00138996 0.00141617 0.00145141 0.00150258 0.00154004 0.00160305 0.0016728 0.00174875 0.00184102 0.00193249 0.00203273 0.00215245 0.00226335 0.0023803 0.00248226 0.00258057 0.00268437 0.00278931 0.0029203 0.00311183 0.00340412 0.00387485 0.00456741 0.00554609 0.00686081 0.00850963 0.0104336 0.0125183 0.0145915 0.0164224 0.0177608 0.0183352 0.0179134 0.016373 0.0136524 0.00978219 0.00491568 -0.000749202 -0.00690828 -0.0132853 -0.0196066 -0.0255913 -0.0310519 -0.035879 -0.0399933 -0.0434014 -0.0461352 -0.048287 -0.0499587 -0.051234 -0.0521447 -0.0527261 -0.0529934 -0.0528951 -0.0524157 -0.051535 -0.0502399 -0.0485233 -0.0463643 -0.0437626 -0.0407722 -0.0374241 -0.033755 -0.0298229 -0.0256852 -0.0213445 -0.0168582 -0.0122847 -0.00765756 -0.00302725 0.00157593 0.00609898 0.0105086 0.0147434 0.0187564 0.0224547 0.0257743 0.0286881 0.0311285 0.0330556 0.0344618 0.0353456 0.0356956 0.035568 0.035014 0.0340537 0.0327681 0.0312724 0.0296218 0.0278603 0.0260729 0.0243355 0.02268 0.0211455 0.0197672 0.0185565 0.017549 0.0167508 0.0161366 0.0156919 
0 0.00171736 0.00347547 0.00528615 0.00715602 0.00909754 0.011143 0.0132839 0.0154825 0.0176998 0.0199095 0.0220795 0.0241368 0.0259869 0.0275678 0.0288393 0.0297281 0.0301457 0.0300586 0.0294601 0.0283285 0.0266865 0.0245542 0.0219493 0.0189218 0.0155683 0.0119438 0.00808811 0.00409909 1.96102e-05 -0.00412379 -0.00829918 -0.0124599 -0.0165972 -0.020693 -0.0247167 -0.0286533 -0.0324715 -0.0361648 -0.039698 -0.043015 -0.0460787 -0.0488709 -0.051329 -0.0534138 -0.0551369 -0.056488 -0.0574508 -0.058036 -0.0582443 -0.0580819 -0.057525 -0.0565214 -0.0550259 -0.0529612 -0.0502174 -0.0466965 -0.042375 -0.0372395 -0.0313463 -0.0248433 -0.0179292 -0.0108869 -0.00401505 0.00240014 0.00803269 0.0126463 0.016083 0.01827 0.0192528 0.0191435 0.0181449 0.016528 0.0145471 0.0124278 0.0103619 0.00849744 0.00691354 0.00563036 0.00462534 0.00384912 0.0032692 0.00283098 0.00248599 0.00221129 0.00198918 0.00182456 0.00170552 0.00160489 0.00153356 0.00147695 0.00144281 0.0014321 0.0014144 0.00140474 0.00140997 0.00141485 0.00143994 0.001455 0.00146227 0.00148783 0.00151618 0.00155719 0.00160947 0.0016509 0.00171587 0.00179675 0.00188644 0.0019888 0.00208329 0.00218195 0.00229588 0.00240718 0.00252379 0.00263237 0.00274118 0.00285912 0.00297872 0.00312626 0.00334178 0.00368145 0.00422301 0.00501182 0.00610261 0.0075365 0.00930219 0.0113318 0.0134974 0.0156194 0.0174631 0.0187643 0.0192428 0.0186623 0.0168982 0.0138902 0.00967604 0.00441222 -0.00168353 -0.00830025 -0.0151429 -0.0219324 -0.0283688 -0.0342345 -0.039392 -0.0437588 -0.047337 -0.0501523 -0.0522831 -0.0538352 -0.0548894 -0.0554797 -0.0556532 -0.0554421 -0.0548313 -0.0538216 -0.0524197 -0.0506343 -0.0484791 -0.0459491 -0.0430644 -0.0398941 -0.0364809 -0.0328567 -0.0290724 -0.0251626 -0.0211115 -0.0169611 -0.0127539 -0.0085105 -0.00424017 5.39456e-05 0.00433842 0.00857263 0.0126975 0.0166822 0.0204596 0.0239776 0.0271797 0.0299657 0.0322808 0.0341241 0.0354766 0.0362964 0.0366142 0.0364776 0.0358947 0.034919 0.0336503 0.0321555 0.0305036 0.0287753 0.0270353 0.0253177 0.0236889 0.02221 0.0208959 0.0197819 0.0188783 0.0181804 0.0176809 
0 0.00201032 0.00403691 0.00610021 0.00821414 0.0103989 0.0126595 0.0149744 0.017298 0.0195864 0.0218044 0.0239064 0.0258275 0.0274851 0.0288049 0.0297281 0.0301954 0.030167 0.029646 0.0286119 0.02705 0.0249924 0.0225091 0.0196392 0.016428 0.012978 0.00933572 0.00557297 0.00175258 -0.00208471 -0.00593195 -0.00976666 -0.0135353 -0.0172653 -0.0209531 -0.0246101 -0.0282246 -0.0317806 -0.0352865 -0.0387255 -0.0420609 -0.0452653 -0.0482991 -0.0510942 -0.0535935 -0.0557896 -0.0576749 -0.0591908 -0.0603343 -0.0610594 -0.0613554 -0.0611792 -0.0604596 -0.059146 -0.0571581 -0.0543835 -0.0507312 -0.0461694 -0.0407149 -0.034447 -0.0275012 -0.0201215 -0.0125949 -0.00524649 0.00162485 0.00767843 0.0126509 0.016386 0.0188265 0.0199832 0.0199948 0.0190669 0.0174646 0.015461 0.0132878 0.0111442 0.00918865 0.00751157 0.00614274 0.00505402 0.00420021 0.00357024 0.00308809 0.00271356 0.00242274 0.00218163 0.00199095 0.00185889 0.00173237 0.001641 0.0015802 0.00154286 0.00152621 0.00151709 0.0014974 0.0015019 0.00151523 0.00153837 0.00155124 0.00156522 0.00158223 0.00162324 0.00167629 0.0017294 0.00177481 0.00184412 0.00191937 0.00202333 0.00213115 0.00222704 0.00233364 0.00245616 0.00256481 0.0026888 0.0027918 0.00289217 0.00301621 0.00315413 0.00332562 0.00359672 0.00400156 0.00462058 0.00550219 0.0066925 0.00823108 0.0101062 0.0122371 0.0144798 0.0166316 0.0184665 0.0197072 0.0200514 0.0192903 0.0172772 0.0139568 0.00938486 0.00371901 -0.00281496 -0.00988796 -0.0171997 -0.0244339 -0.0313042 -0.0375495 -0.0430057 -0.0475942 -0.0513036 -0.0541516 -0.0562126 -0.057584 -0.0583543 -0.0585574 -0.0582516 -0.0575151 -0.0563521 -0.0548041 -0.0528766 -0.0506055 -0.0480221 -0.0451442 -0.0420225 -0.0387316 -0.0353024 -0.031759 -0.028136 -0.0244681 -0.0207419 -0.0169607 -0.0131548 -0.00929654 -0.00539518 -0.00143195 0.00256446 0.00656127 0.0105351 0.0144435 0.0182446 0.0218781 0.0252924 0.028373 0.0310444 0.0333014 0.0351109 0.0364132 0.0372049 0.0375159 0.0373582 0.0367676 0.0358114 0.0345536 0.0330695 0.0314596 0.0297713 0.0280488 0.0263769 0.0248338 0.0234465 0.0222271 0.0212236 0.0204527 0.0199268 
0 0.00232415 0.00464408 0.00698041 0.00936699 0.0117945 0.014242 0.0166791 0.0190799 0.0213998 0.0235713 0.0255337 0.0272391 0.0286265 0.0296199 0.0301457 0.030167 0.0296913 0.0287221 0.0272595 0.0252863 0.0228792 0.0201109 0.0170272 0.0137013 0.0102082 0.00664037 0.0030151 -0.000589566 -0.00415882 -0.00768811 -0.0111432 -0.0145239 -0.0178286 -0.0211173 -0.0243932 -0.0276729 -0.0309613 -0.0342692 -0.0375958 -0.0409164 -0.0442021 -0.0474286 -0.0505147 -0.0534021 -0.0560699 -0.0584563 -0.0605304 -0.0622238 -0.0635162 -0.0643291 -0.0645892 -0.0642245 -0.0631602 -0.0612981 -0.058531 -0.0547849 -0.0500514 -0.0443265 -0.037678 -0.0303159 -0.022476 -0.0144847 -0.00665794 0.000652589 0.00711895 0.0124692 0.0165347 0.0192277 0.0206109 0.0207713 0.0199261 0.0183652 0.0163586 0.0141412 0.0119333 0.00989748 0.00813474 0.00667124 0.0054964 0.00458275 0.00388087 0.00336609 0.00296916 0.00264166 0.00237933 0.00217774 0.00199984 0.00186821 0.00176096 0.00168429 0.00164967 0.00163774 0.00160737 0.00159889 0.00159515 0.00160903 0.00163782 0.00165668 0.00165615 0.00168972 0.0017304 0.00179074 0.00185452 0.0019069 0.00196352 0.00206224 0.00216031 0.00227019 0.00237747 0.0024817 0.00259764 0.00273475 0.00284393 0.0029504 0.0030582 0.00317546 0.00332608 0.00354493 0.00385469 0.00433861 0.00504659 0.00602117 0.00731178 0.00895791 0.0109429 0.0131646 0.015465 0.0176374 0.0194228 0.02055 0.0207539 0.0197696 0.0174864 0.0138558 0.00892401 0.00283905 -0.00412958 -0.0116716 -0.019443 -0.0271354 -0.0343877 -0.0409627 -0.0466965 -0.0514783 -0.0552693 -0.0580892 -0.0600112 -0.0611427 -0.0615523 -0.0613077 -0.0605055 -0.0592078 -0.0574917 -0.0553762 -0.0529338 -0.0501998 -0.0472231 -0.0440471 -0.040731 -0.0373528 -0.0339436 -0.0305016 -0.0270661 -0.0236565 -0.0202578 -0.0168703 -0.0134533 -0.0100007 -0.00645877 -0.00284678 0.00082769 0.00455479 0.00832545 0.0121385 0.0159033 0.0195805 0.0231074 0.0264095 0.029404 0.0320394 0.0342681 0.0360236 0.0372928 0.0380786 0.0383793 0.038223 0.0376603 0.0367269 0.035498 0.0340627 0.0325006 0.0308555 0.0292121 0.0276539 0.0262075 0.0249191 0.0238311 0.0230049 0.0224441 
0 0.00263402 0.00525892 0.00789485 0.0105503 0.0132008 0.015801 0.0183281 0.0207616 0.0230512 0.0251173 0.0268932 0.0283251 0.0293686 0.0299601 0.0300586 0.029646 0.0287221 0.0273125 0.0254185 0.0230988 0.020405 0.0174182 0.0141942 0.0108123 0.00737603 0.00391145 0.000479769 -0.00289372 -0.00616126 -0.00933637 -0.0124233 -0.01541 -0.0183319 -0.0212175 -0.0241157 -0.0270546 -0.0300699 -0.0331774 -0.0363727 -0.039626 -0.0429467 -0.0462968 -0.0496317 -0.0528754 -0.0559653 -0.0588576 -0.0614585 -0.063724 -0.0655779 -0.066945 -0.0677129 -0.0677547 -0.0669797 -0.0653105 -0.0626279 -0.0588597 -0.0539613 -0.0479929 -0.0410556 -0.0332982 -0.0250258 -0.0165707 -0.00828881 -0.000531618 0.00635543 0.0120794 0.0164743 0.0194813 0.0210777 0.0214151 0.0207066 0.0192146 0.0172254 0.0149901 0.0127158 0.0105933 0.00874261 0.00720903 0.00596415 0.00498153 0.00423586 0.00366062 0.00321251 0.00286338 0.00257534 0.00234233 0.00216842 0.0020094 0.00188223 0.00180814 0.00176058 0.00172869 0.00171355 0.00168176 0.00167859 0.00170962 0.00173388 0.00175228 0.00177216 0.00178362 0.00183833 0.00190962 0.00196556 0.00202687 0.00210079 0.00218498 0.00230765 0.00242214 0.002519 0.00262844 0.00274786 0.0028637 0.00299007 0.00309945 0.0032075 0.00335092 0.00352996 0.00376464 0.00412934 0.00467514 0.00546344 0.0065509 0.00796433 0.00972501 0.011802 0.014098 0.0164312 0.0185743 0.0202945 0.0213045 0.021297 0.0200888 0.0175224 0.0135528 0.0082418 0.00174462 -0.00567474 -0.0136717 -0.0218912 -0.0299667 -0.037605 -0.0444983 -0.0504371 -0.0553418 -0.0591652 -0.0619173 -0.0636396 -0.0644399 -0.064437 -0.0637146 -0.0623656 -0.0605084 -0.0582083 -0.0555555 -0.0526019 -0.0494378 -0.046124 -0.0427048 -0.0392546 -0.0358264 -0.0324568 -0.0291513 -0.0259275 -0.0227909 -0.0197256 -0.0166863 -0.0136586 -0.0105808 -0.00743025 -0.00417803 -0.000829079 0.00260775 0.00616542 0.009805 0.0134903 0.0171378 0.0207152 0.0241661 0.0274144 0.0303864 0.0329843 0.0351616 0.0368952 0.0381718 0.0389605 0.0392702 0.0391419 0.038609 0.0377081 0.0365275 0.0351527 0.0336609 0.0321187 0.0305883 0.0291381 0.0278209 0.0267151 0.0258492 0.025255 
