0 0 0 0 0 0 0 0 0 0 0 0 0 0 0 0 0 0 0 0 0 0 0 0 0 0 0 0 0 0 0 0 0 0 0 0 0 0 0 0 0 0 0 0 0 0 0 0 0 0 0 0 0 0 0 0 0 0 0 0 0 0 0 0 0 0 0 0 0 0 0 0 0 0 0 0 0 0 0 0 0 0 0 0 0 0 0 0 0 0 0 0 0 0 0 0 0 0 0 0 0 0 0 0 0 0 0 0 0 0 0 0 0 0 0 0 0 0 0 0 0 0 0 0 0 0 0 0 0 0 0 0 0 0 0 0 0 0 0 0 0 0 0 0 0 0 0 0 0 0 0 0 0 0 0 0 0 0 0 0 0 0 0 0 0 0 0 0 0 0 0 0 0 0 0 0 0 0 0 0 0 0 0 0 0 0 0 0 0 0 0 0 0 0 0 0 0 0 0 0 
0 0.000110233 0.000227866 0.000351333 0.000487125 0.000640704 0.000814711 0.00101226 0.00123184 0.0014815 0.00176174 0.00207152 0.00239789 0.00272383 0.00304598 0.00334835 0.00362232 0.00383659 0.0039517 0.00394574 0.00381313 0.00355974 0.00316202 0.00261834 0.001929 0.00110314 0.000194863 -0.000749524 -0.00169124 -0.00261794 -0.00349456 -0.00427947 -0.00494406 -0.0054379 -0.00576105 -0.00591817 -0.00592948 -0.00581385 -0.00557452 -0.00523436 -0.00481715 -0.00436044 -0.00387993 -0.00340032 -0.00294947 -0.00253713 -0.00217374 -0.00188296 -0.00166128 -0.00150884 -0.00141418 -0.00136679 -0.00137044 -0.00141441 -0.00149116 -0.00159658 -0.00172325 -0.00183204 -0.00190818 -0.0019395 -0.00192464 -0.00183585 -0.00166412 -0.00140951 -0.00108508 -0.000702262 -0.000279116 0.000152148 0.00055634 0.000913788 0.00119277 0.00138673 0.00150707 0.00152637 0.0014664 0.00134723 0.00118566 0.00100863 0.00083657 0.000676246 0.000549108 0.000434938 0.000348398 0.000277016 0.000220253 0.000187889 0.000170864 0.000149326 0.000144393 0.000135141 0.000129869 0.000130648 0.000126529 0.000114084 0.000113747 0.000112748 0.000119642 0.00012923 0.000134244 0.000129334 0.000131197 0.000128771 0.000128441 0.00013199 0.000136953 0.000139987 0.00016002 0.000174291 0.000185308 0.000194603 0.000195557 0.000195489 0.000214042 0.000221397 0.000231133 0.000237878 0.000240473 0.000253877 0.000287044 0.000332396 0.000416346 0.000529654 0.00068582 0.000863962 0.00104737 0.0012293 0.00138566 0.00148637 0.00152644 0.00146179 0.00129763 0.00104949 0.000720154 0.000334676 -7.31075e-05 -0.000476134 -0.000850596 -0.00117751 -0.00143861 -0.00161807 -0.00172599 -0.00175901 -0.00172475 -0.00163961 -0.00153938 -0.00143353 -0.00133885 -0.00125764 -0.00120448 -0.00118987 -0.00123164 -0.00133075 -0.00148898 -0.00171725 -0.00200445 -0.00235048 -0.00275298 -0.00320006 -0.00368111 -0.00416435 -0.00460573 -0.00499703 -0.00531477 -0.00554729 -0.00566729 -0.00565444 -0.00548284 -0.00513039 -0.0046209 -0.00395972 -0.00317742 -0.00229704 -0.0013469 -0.000378526 0.000575706 0.00147872 0.00230192 0.0030096 0.00357886 0.00399976 0.00425688 0.00438155 0.00440266 0.00432317 0.00414542 0.00388716 0.00358972 0.00328458 0.00300063 0.00273104 0.00245288 0.002185 0.00196022 0.00179488 0.00166524 0.00154467 0.00142843 0.00133106 0.0012834 0.00127349 
0 0.000227866 0.000462687 0.000718329 0.00099026 0.00130733 0.00165381 0.0020492 0.00249159 0.00299341 0.00355629 0.00416032 0.00479554 0.00543288 0.00607081 0.00666615 0.00718832 0.00757957 0.00778767 0.00777024 0.00751992 0.00701291 0.00620727 0.00511644 0.0037476 0.0021482 0.000366722 -0.00148686 -0.00336817 -0.00521308 -0.00693458 -0.00847625 -0.00976383 -0.0107574 -0.0114091 -0.0117396 -0.0117642 -0.0115251 -0.0110557 -0.0103964 -0.00959369 -0.00871059 -0.0077622 -0.00681103 -0.00592072 -0.00510251 -0.00440231 -0.0038098 -0.00336086 -0.00303219 -0.00282993 -0.0027349 -0.00273742 -0.00283998 -0.00300813 -0.00320817 -0.0034385 -0.00364927 -0.00381795 -0.00390175 -0.00384253 -0.00366366 -0.00331792 -0.0028051 -0.00214784 -0.0013908 -0.000560619 0.000286915 0.00109744 0.00179728 0.00237314 0.00278361 0.00300917 0.00304329 0.00292376 0.00267984 0.00236433 0.00202575 0.00167827 0.00135118 0.0010788 0.000855631 0.000676873 0.000546656 0.00045282 0.000391789 0.000343642 0.000310088 0.000271391 0.000245019 0.000242281 0.000243568 0.000238631 0.000245976 0.000232742 0.000233304 0.000244734 0.00024188 0.000237778 0.000244645 0.000235754 0.000252981 0.000269931 0.000272268 0.000278368 0.000289359 0.00029528 0.000328343 0.000352009 0.000367073 0.000383873 0.000406753 0.000428489 0.000455002 0.000462855 0.000457676 0.000458016 0.000494605 0.000559585 0.000671006 0.000841264 0.00106781 0.00136353 0.00171924 0.00209359 0.00245742 0.00277262 0.00297952 0.00302802 0.00289007 0.00257958 0.00208327 0.00144089 0.0006828 -0.000132898 -0.000950068 -0.00170123 -0.00235342 -0.00287616 -0.0032543 -0.0034394 -0.00349716 -0.00344281 -0.00329445 -0.00309262 -0.00286229 -0.0026618 -0.00251255 -0.00240988 -0.0023994 -0.00249931 -0.00269829 -0.00301968 -0.00345569 -0.00403874 -0.00473139 -0.00553716 -0.00641622 -0.00734672 -0.00828344 -0.00915599 -0.00993359 -0.0105764 -0.0110246 -0.011239 -0.0111952 -0.0108367 -0.0101559 -0.00913916 -0.0078338 -0.00627081 -0.00452808 -0.0026684 -0.000765396 0.00110317 0.00289483 0.00451597 0.00590494 0.00701899 0.00785546 0.00839212 0.00866812 0.00871891 0.00856079 0.00821509 0.00773736 0.00718741 0.00659229 0.00601708 0.00545556 0.00491751 0.00440766 0.00397402 0.0036245 0.00332857 0.00308916 0.00287265 0.00271025 0.00260039 0.00255335 
0 0.000351333 0.000718329 0.00110681 0.00153383 0.00201133 0.00254127 0.0031375 0.00380646 0.00456412 0.00539379 0.00627937 0.00720163 0.0081359 0.00906745 0.00992019 0.0106427 0.0111672 0.0114295 0.0113868 0.0109925 0.0102154 0.00898999 0.0073542 0.00535506 0.00302124 0.000451074 -0.00226653 -0.00501991 -0.00772195 -0.0102362 -0.0124576 -0.0143451 -0.015798 -0.0167968 -0.0173166 -0.0173846 -0.0170615 -0.01639 -0.0154479 -0.0142939 -0.0130081 -0.0116286 -0.0102358 -0.00892423 -0.00773052 -0.00667823 -0.00581319 -0.00512553 -0.00462416 -0.00430191 -0.00414664 -0.00416241 -0.004305 -0.00453325 -0.00482964 -0.00518055 -0.00549437 -0.00572826 -0.00583432 -0.0057856 -0.0055046 -0.00496798 -0.00418891 -0.00321506 -0.00208656 -0.000850183 0.000415117 0.00161752 0.00269361 0.00354804 0.00414601 0.00450385 0.00455808 0.0043746 0.00401897 0.00354441 0.00302443 0.00251169 0.0020284 0.00163363 0.00128649 0.00102519 0.000821867 0.000670021 0.000583667 0.000530076 0.000457674 0.000418428 0.000373682 0.000352158 0.0003603 0.000366075 0.000353214 0.000360253 0.000354984 0.000358555 0.000363788 0.000361883 0.000348204 0.000363375 0.000378708 0.000398431 0.000416936 0.000424983 0.000419235 0.000453148 0.00048355 0.000518307 0.00055869 0.00058261 0.000600399 0.000652365 0.000667496 0.000680382 0.000687031 0.000694215 0.000743506 0.000853978 0.00100579 0.00126001 0.00159794 0.00205715 0.00258864 0.00314385 0.00369269 0.00415665 0.00444544 0.00453654 0.00432597 0.00383462 0.00310509 0.00214551 0.00101548 -0.000198912 -0.0014167 -0.00255607 -0.00354694 -0.00432632 -0.00485258 -0.00515876 -0.00525661 -0.00517224 -0.00494245 -0.00465002 -0.00432546 -0.00402999 -0.00379335 -0.00366138 -0.00365936 -0.00381709 -0.00412603 -0.00459616 -0.00526842 -0.00612933 -0.00717054 -0.00836264 -0.00965159 -0.0110058 -0.0123606 -0.0136219 -0.0147594 -0.0156804 -0.0163153 -0.0165894 -0.016475 -0.0159311 -0.0149037 -0.0134277 -0.0115059 -0.00922785 -0.00668428 -0.00396658 -0.00120048 0.00154032 0.00415221 0.00652925 0.00856049 0.0102031 0.0114618 0.0122984 0.0127514 0.0128555 0.0126363 0.0121607 0.0115119 0.0107576 0.00991213 0.00904385 0.00820708 0.0074173 0.00670523 0.00607509 0.00552452 0.00504756 0.00466538 0.00437839 0.0041479 0.00397568 0.00385862 
0 0.000487125 0.00099026 0.00153383 0.00211037 0.00276364 0.00348149 0.00429598 0.00520266 0.00620476 0.00729149 0.0084387 0.00964016 0.0108464 0.0120204 0.0130639 0.0139236 0.0145302 0.0148134 0.0146889 0.014109 0.0130228 0.011386 0.00925512 0.00666427 0.00367877 0.000366001 -0.00310638 -0.00664003 -0.0100984 -0.0133111 -0.0161748 -0.0185857 -0.0204836 -0.0217917 -0.022519 -0.0226749 -0.0223184 -0.0215081 -0.0203232 -0.0188546 -0.0172197 -0.0154612 -0.0136866 -0.0120014 -0.0104319 -0.00905735 -0.00788535 -0.00697746 -0.00630537 -0.00587567 -0.00565977 -0.00564321 -0.00581946 -0.00612703 -0.00650686 -0.00694451 -0.00734727 -0.00766002 -0.00780389 -0.00768488 -0.00731942 -0.00663083 -0.00561375 -0.00430838 -0.00279541 -0.00113694 0.000553466 0.00216381 0.00356278 0.00470561 0.0055199 0.00597316 0.00605162 0.00582316 0.00534977 0.00472916 0.00405401 0.0033658 0.00272271 0.00218459 0.00174014 0.00138295 0.00111471 0.000918158 0.000789736 0.000695331 0.000627933 0.000560964 0.000514684 0.0005047 0.000501907 0.000487163 0.000486264 0.000461908 0.000463709 0.000488121 0.000495378 0.000496341 0.000505474 0.000490759 0.000511609 0.000534741 0.000541674 0.000557118 0.000583511 0.000609506 0.000672884 0.000719184 0.000747494 0.000772819 0.000808239 0.000849964 0.00089933 0.000922308 0.000924685 0.0009356 0.0010088 0.00114262 0.0013667 0.001709 0.00216754 0.00276049 0.00346423 0.00420445 0.00492131 0.00553604 0.00593541 0.00602688 0.00574865 0.00511726 0.0041224 0.00283237 0.00131773 -0.000303464 -0.00191968 -0.0034081 -0.00470237 -0.00574222 -0.00649105 -0.00688048 -0.00700906 -0.00691266 -0.00663455 -0.00625241 -0.00582107 -0.00544352 -0.0051624 -0.00498272 -0.00498065 -0.00519626 -0.00562078 -0.00628728 -0.00718137 -0.00833676 -0.00969062 -0.011235 -0.0128986 -0.0146358 -0.0163651 -0.0179686 -0.0193883 -0.0205393 -0.0213064 -0.0216117 -0.0214156 -0.020643 -0.0192893 -0.0173495 -0.0148972 -0.011985 -0.00873129 -0.00524528 -0.00167177 0.00183755 0.00518769 0.00822636 0.0108587 0.0130245 0.0147113 0.0158631 0.0165141 0.0167118 0.0165022 0.0159606 0.0151943 0.0142748 0.0132115 0.0121072 0.011015 0.0100019 0.00907409 0.0082487 0.00750775 0.00684774 0.00633649 0.00594154 0.00564733 0.00539797 0.00522547 
0 0.000640704 0.00130733 0.00201133 0.00276364 0.00359598 0.00452244 0.00555944 0.00669707 0.00793136 0.00924739 0.0106386 0.0120826 0.0135106 0.0148581 0.0160229 0.0169593 0.0175993 0.0178407 0.0175889 0.0167723 0.0153714 0.013347 0.0107573 0.00765013 0.00406248 0.00012568 -0.00401255 -0.008197 -0.0122982 -0.0161278 -0.0195354 -0.0224399 -0.024722 -0.0263468 -0.0272895 -0.0275684 -0.0272357 -0.0263379 -0.0249764 -0.0232622 -0.0213312 -0.0192608 -0.0171578 -0.0151348 -0.0132417 -0.0115361 -0.0100982 -0.00894912 -0.00809691 -0.00753032 -0.00723065 -0.00719776 -0.00738474 -0.00773085 -0.00819768 -0.00874318 -0.00923524 -0.00959304 -0.00973945 -0.00961971 -0.0091447 -0.00826722 -0.00699278 -0.00537886 -0.00349785 -0.00143964 0.000660516 0.00265196 0.00441819 0.00583162 0.00683242 0.00742019 0.00753163 0.00725086 0.00667702 0.00590352 0.00504786 0.00419699 0.00340448 0.00274588 0.00218306 0.00174402 0.00140076 0.00114446 0.0009862 0.000883028 0.000777268 0.000709753 0.000647168 0.000616793 0.000617853 0.00061231 0.000588088 0.000583548 0.000579812 0.000595415 0.000613859 0.000619648 0.000608338 0.000618423 0.000633692 0.000656838 0.000681406 0.000700269 0.000712892 0.000768367 0.000826555 0.000882713 0.000934797 0.000965921 0.000995204 0.0010635 0.00110182 0.0011322 0.00115082 0.00117445 0.00126155 0.00144171 0.00171251 0.00214249 0.00271981 0.00347816 0.00435303 0.00526521 0.00615383 0.00689998 0.0073693 0.00749433 0.00714393 0.00633017 0.00510125 0.00349396 0.00161316 -0.000397407 -0.00239884 -0.00426229 -0.00588721 -0.00718157 -0.00808138 -0.00860397 -0.00878065 -0.00865925 -0.00830811 -0.00784826 -0.00734905 -0.00690282 -0.00655814 -0.00636914 -0.0063906 -0.00667792 -0.0072358 -0.00807644 -0.00922141 -0.0106394 -0.0122993 -0.0141619 -0.0161579 -0.0182317 -0.0202768 -0.0221562 -0.0238069 -0.0251099 -0.0259575 -0.0262443 -0.0259177 -0.0249216 -0.0232196 -0.0208761 -0.0179302 -0.0144775 -0.0106126 -0.00645374 -0.00219947 0.0019895 0.00595804 0.00958318 0.0127549 0.0154137 0.0175186 0.0189862 0.0198588 0.0202042 0.0200761 0.0195499 0.0187215 0.0176776 0.0164615 0.0151798 0.013908 0.0126797 0.011538 0.0105073 0.00959144 0.00878891 0.00812906 0.00761101 0.00720037 0.00688996 0.00668219 
0 0.000814711 0.00165381 0.00254127 0.00348149 0.00452244 0.00566401 0.00692186 0.00828354 0.00974227 0.0112874 0.0128938 0.0145255 0.0161004 0.0175505 0.0187791 0.0197277 0.0203109 0.0204257 0.0199728 0.0189038 0.0171874 0.0147958 0.0117873 0.00821039 0.00414029 -0.00031478 -0.00497181 -0.0096932 -0.0143159 -0.0186341 -0.0225017 -0.0258028 -0.0284519 -0.0303718 -0.0315451 -0.0319702 -0.031694 -0.0307796 -0.0293292 -0.0274651 -0.0253319 -0.0230118 -0.0206342 -0.0183257 -0.0161405 -0.0141667 -0.012454 -0.0110703 -0.0100155 -0.00930233 -0.00891512 -0.00883989 -0.00904303 -0.0094425 -0.00996486 -0.0105664 -0.0111276 -0.0115502 -0.0117234 -0.011537 -0.0109556 -0.00990355 -0.00837866 -0.00644211 -0.00419876 -0.00175065 0.00074582 0.00312654 0.00522398 0.00693194 0.0081528 0.00884215 0.00898168 0.00865991 0.00798137 0.00707724 0.00607507 0.00505696 0.00410643 0.00329924 0.00262997 0.00209865 0.00169773 0.00140732 0.00121548 0.0010747 0.000956465 0.00084937 0.000769922 0.000738856 0.000734664 0.000727715 0.000724341 0.000706139 0.000704951 0.000721757 0.000727118 0.000724597 0.000727601 0.000727844 0.000761835 0.000802169 0.000827554 0.000848691 0.00087325 0.000910513 0.000982384 0.00104984 0.00110604 0.00115479 0.00120952 0.00127301 0.00132951 0.00135776 0.00136794 0.00139897 0.00151673 0.00173894 0.00209296 0.00261727 0.00331576 0.00420462 0.00524273 0.00633512 0.00738624 0.00826778 0.00882199 0.00892658 0.008491 0.00752568 0.00604787 0.00413461 0.00189576 -0.000504166 -0.0029 -0.00512266 -0.00705734 -0.00860677 -0.00970775 -0.0103188 -0.0105335 -0.0104169 -0.0100426 -0.00951614 -0.00892934 -0.00841212 -0.00803736 -0.00784387 -0.00791336 -0.00829689 -0.00899414 -0.0100269 -0.0113844 -0.0130679 -0.0150071 -0.0171588 -0.0194334 -0.0217617 -0.0240373 -0.0261212 -0.0279249 -0.0293245 -0.0301764 -0.0303806 -0.0298903 -0.028648 -0.0266535 -0.0239348 -0.0205717 -0.0166419 -0.0122696 -0.00759089 -0.00279799 0.00191794 0.00641763 0.0105443 0.0141914 0.0172846 0.0197725 0.0215744 0.022721 0.0232813 0.0233089 0.0228673 0.0220528 0.0209598 0.019657 0.0182701 0.0168549 0.015453 0.0141026 0.0128765 0.0117986 0.0108554 0.0100594 0.00938601 0.00885821 0.00847522 0.00824729 
0 0.00101226 0.0020492 0.0031375 0.00429598 0.00555944 0.00692186 0.00838864 0.00996143 0.0116385 0.0133942 0.0151738 0.0169205 0.0185658 0.0200531 0.0212857 0.0221712 0.0226085 0.0225053 0.0217999 0.0204504 0.0184213 0.0156805 0.0122878 0.00832112 0.00386163 -0.000969287 -0.0060139 -0.0111178 -0.0161119 -0.0207905 -0.0249994 -0.0286343 -0.0315932 -0.0337982 -0.0352071 -0.0358141 -0.0356596 -0.034807 -0.0333581 -0.031436 -0.0291765 -0.026685 -0.0240986 -0.0215547 -0.0191306 -0.0169074 -0.0149612 -0.0133517 -0.0121041 -0.0112367 -0.0107475 -0.0106223 -0.0108088 -0.0112216 -0.0117924 -0.0124528 -0.0130694 -0.0135215 -0.013692 -0.0134722 -0.0127772 -0.0115399 -0.00976441 -0.00752056 -0.00491632 -0.00207907 0.00081628 0.00357639 0.00602146 0.00800297 0.00942098 0.0102315 0.0104123 0.0100535 0.0092846 0.0082462 0.00708476 0.0059122 0.00482115 0.00388691 0.00310753 0.00248618 0.00200956 0.00166261 0.00143313 0.00127047 0.00113019 0.00101354 0.000923627 0.000878838 0.000867603 0.000856728 0.000839365 0.000823877 0.000822166 0.000839152 0.000854981 0.000859369 0.000857708 0.00086522 0.00089385 0.000932244 0.000966172 0.000993689 0.00102338 0.00107864 0.00115561 0.00123226 0.00129889 0.00135081 0.001405 0.0014756 0.00153352 0.00157174 0.00159938 0.00165313 0.00179714 0.00206488 0.00248249 0.00309607 0.00391725 0.00495746 0.00615882 0.00741811 0.00862477 0.00962299 0.0102412 0.0103467 0.00982823 0.00868467 0.00696038 0.00473366 0.00213891 -0.000639954 -0.00341075 -0.00599112 -0.00823842 -0.0100339 -0.0113036 -0.0120411 -0.0123166 -0.0122054 -0.0117998 -0.0112241 -0.0105905 -0.0100264 -0.00962218 -0.00944553 -0.00957461 -0.0100599 -0.0109052 -0.0121186 -0.013698 -0.0156169 -0.0178099 -0.0202043 -0.0227033 -0.0252234 -0.0276498 -0.0298469 -0.0317115 -0.0331055 -0.0338833 -0.0339447 -0.033251 -0.0317713 -0.0295015 -0.026479 -0.0227663 -0.0184639 -0.0137087 -0.00865482 -0.00349055 0.00162243 0.00653676 0.0110898 0.0151394 0.0186039 0.0214381 0.0235821 0.0250526 0.0258879 0.0261262 0.0258336 0.025115 0.0240678 0.0227683 0.0213294 0.0198212 0.0182898 0.0167911 0.0154035 0.0141646 0.0130729 0.0121291 0.0113229 0.0106775 0.0102131 0.00993042 
0 0.00123184 0.00249159 0.00380646 0.00520266 0.00669707 0.00828354 0.00996143 0.0117402 0.0136123 0.0155327 0.0174266 0.0192272 0.0208795 0.0223254 0.0234686 0.0241982 0.0244152 0.0240418 0.023041 0.0213803 0.0190329 0.0159822 0.0122807 0.00801383 0.00326428 -0.00183087 -0.00712389 -0.0124548 -0.0176694 -0.0225878 -0.0270523 -0.0309497 -0.0341584 -0.0366039 -0.0382388 -0.0390593 -0.039089 -0.0383751 -0.0370076 -0.0351105 -0.0328161 -0.0302487 -0.0275422 -0.0248302 -0.0222105 -0.019768 -0.0176073 -0.0157912 -0.0143656 -0.0133458 -0.0127373 -0.0125315 -0.0126763 -0.013091 -0.0136986 -0.0144009 -0.015057 -0.0155242 -0.0156725 -0.0153953 -0.0145825 -0.0131723 -0.0111585 -0.00861026 -0.00564367 -0.00241662 0.000872135 0.00400037 0.00677544 0.00902485 0.0106428 0.0115757 0.0118067 0.0114237 0.0105731 0.00941029 0.00809734 0.00677195 0.00553981 0.00447753 0.00359227 0.00288421 0.00233548 0.00193267 0.00165818 0.00146536 0.00130375 0.00117685 0.00108053 0.00102589 0.00100365 0.000983268 0.000951194 0.000932946 0.00093143 0.00095223 0.00097936 0.000992975 0.000991117 0.00100126 0.00102264 0.00105708 0.00109609 0.00113242 0.00117426 0.00124719 0.00133148 0.00141495 0.00148453 0.00153677 0.00159186 0.00166834 0.0017342 0.00178623 0.00183073 0.00190726 0.00207881 0.00239437 0.00288484 0.00359659 0.00454565 0.00573303 0.00709072 0.00850829 0.00985551 0.0109579 0.0116309 0.0117257 0.0111242 0.00980958 0.00783745 0.00529451 0.00234264 -0.000810312 -0.00394348 -0.00686069 -0.00940362 -0.011447 -0.0129035 -0.0137764 -0.0141171 -0.0140187 -0.0135933 -0.0129795 -0.0123156 -0.0117322 -0.0113281 -0.011186 -0.0113816 -0.0119737 -0.012976 -0.0143796 -0.0161734 -0.0182997 -0.0206935 -0.023265 -0.0259223 -0.0285686 -0.0310737 -0.0332955 -0.0351157 -0.0364038 -0.0370352 -0.0369187 -0.0360112 -0.0342932 -0.0317618 -0.0284733 -0.0244921 -0.019933 -0.0149279 -0.00963392 -0.00422848 0.00114511 0.0063387 0.0111978 0.0155653 0.019351 0.0225047 0.0249874 0.0268017 0.027958 0.0284735 0.0284099 0.0278756 0.0269653 0.0257528 0.0243265 0.0227765 0.0211718 0.0195846 0.0180765 0.0166822 0.0154273 0.0143358 0.0134211 0.012682 0.0121281 0.0117606 
0 0.0014815 0.00299341 0.00456412 0.00620476 0.00793136 0.00974227 0.0116385 0.0136123 0.0156307 0.0176457 0.0195876 0.0213931 0.0229959 0.0243111 0.0252558 0.0257384 0.0256788 0.0250097 0.0236813 0.0216895 0.0190236 0.0157087 0.0117814 0.00730149 0.00237547 -0.00287471 -0.00827344 -0.0136951 -0.0189968 -0.0240343 -0.0286659 -0.032736 -0.0361437 -0.0387884 -0.0406427 -0.0416935 -0.0419456 -0.041436 -0.0402333 -0.0384546 -0.0362257 -0.0336694 -0.0309223 -0.028114 -0.0253521 -0.0227531 -0.0204023 -0.0184029 -0.0167986 -0.0156219 -0.0148867 -0.0145795 -0.0146682 -0.0150737 -0.0156913 -0.0164072 -0.0170857 -0.0175637 -0.0176931 -0.0173265 -0.0163888 -0.0147953 -0.0125354 -0.00968203 -0.00637203 -0.00277719 0.000882975 0.00437658 0.00746571 0.00999315 0.0118253 0.0128712 0.0131586 0.0127652 0.0118367 0.0105639 0.00911703 0.00763896 0.0062656 0.00506411 0.00407534 0.00327646 0.00266596 0.00222219 0.00190739 0.00167354 0.00149642 0.00133348 0.00122008 0.0011574 0.00112303 0.00109768 0.00108172 0.00105327 0.0010537 0.00107269 0.00108818 0.00109631 0.00110889 0.00111379 0.00115063 0.00119884 0.00124021 0.00128084 0.00133532 0.00139331 0.00148577 0.00157692 0.00165049 0.00171863 0.00179437 0.00186273 0.00194147 0.00199532 0.00204552 0.00214562 0.00235815 0.00272677 0.00330841 0.00412276 0.0052044 0.00652533 0.00803354 0.00960708 0.0110795 0.0122744 0.012997 0.0130496 0.0123516 0.0108745 0.00865294 0.00581415 0.00252488 -0.000988368 -0.00448606 -0.00774277 -0.0105789 -0.0128659 -0.0145252 -0.015516 -0.0159248 -0.0158539 -0.0154336 -0.0148004 -0.0141161 -0.0135303 -0.0131559 -0.0130679 -0.0133568 -0.0140729 -0.0152296 -0.016816 -0.0187825 -0.0210863 -0.0236289 -0.0263231 -0.0290717 -0.031762 -0.0342584 -0.0364154 -0.0380972 -0.0392013 -0.0396184 -0.0392838 -0.038152 -0.0361938 -0.0334368 -0.0299201 -0.0257586 -0.0210486 -0.0159207 -0.0105194 -0.00498813 0.00051102 0.00585285 0.0108822 0.0154755 0.0195348 0.0229864 0.0257955 0.0279449 0.029443 0.030299 0.0305515 0.0302876 0.0295893 0.0285357 0.0272067 0.0256885 0.024081 0.0224522 0.0208638 0.019346 0.0179455 0.0167248 0.0157021 0.0148799 0.0142322 0.0137801 
0 0.00176174 0.00355629 0.00539379 0.00729149 0.00924739 0.0112874 0.0133942 0.0155327 0.0176457 0.0196878 0.0216157 0.0233642 0.0248446 0.0259485 0.0266111 0.0267715 0.0263843 0.0253741 0.0237138 0.0213882 0.0184303 0.0148834 0.0107758 0.0061861 0.00118798 -0.00406076 -0.00945502 -0.0148449 -0.0201167 -0.0251563 -0.0298136 -0.0339783 -0.0375127 -0.0403483 -0.0424145 -0.0437006 -0.0442054 -0.0439552 -0.0430054 -0.0414509 -0.039372 -0.036911 -0.0341921 -0.0313497 -0.0285309 -0.025818 -0.0233496 -0.0211835 -0.0194171 -0.0180842 -0.0172219 -0.0168277 -0.0168396 -0.0171861 -0.0177903 -0.0185031 -0.0191781 -0.0196362 -0.0197192 -0.0193053 -0.0182179 -0.0164152 -0.0139031 -0.0107626 -0.00711559 -0.00316839 0.000859549 0.00470222 0.00813562 0.0109252 0.0129486 0.0141335 0.0144804 0.0140712 0.0130903 0.0117137 0.0101293 0.00852189 0.00701553 0.00568798 0.00458114 0.00369758 0.0030152 0.0025179 0.00216529 0.00190951 0.00168926 0.00151713 0.00138296 0.00129414 0.00125381 0.00123431 0.00119828 0.00119022 0.00118347 0.00118804 0.00120858 0.00122147 0.00121892 0.0012526 0.00128612 0.0013357 0.00139523 0.00144233 0.00148578 0.00156673 0.00164546 0.00173998 0.00183309 0.00191168 0.00198548 0.00207226 0.00213711 0.00219761 0.00227055 0.00240641 0.00265927 0.00309938 0.00376026 0.00467812 0.00588083 0.0073515 0.00900315 0.0107139 0.0123155 0.0135875 0.0143252 0.0143527 0.0135486 0.011872 0.00941495 0.00628155 0.00266937 -0.00119291 -0.0050366 -0.00863796 -0.0117819 -0.01431 -0.0161216 -0.0172656 -0.0177646 -0.0177398 -0.0173342 -0.0167098 -0.0160478 -0.0154749 -0.0151235 -0.015119 -0.0155211 -0.0163706 -0.0176783 -0.0193991 -0.0215207 -0.023941 -0.0266009 -0.0293652 -0.0321348 -0.0347802 -0.0371584 -0.0391485 -0.0406174 -0.0414636 -0.0416145 -0.0410118 -0.0396212 -0.0374508 -0.0345004 -0.0308557 -0.0265865 -0.0218312 -0.0166918 -0.011301 -0.00579076 -0.000274899 0.00508586 0.0101903 0.014914 0.0191801 0.022896 0.0260109 0.0284922 0.0303388 0.031571 0.0322075 0.0322897 0.0318751 0.0310582 0.0299075 0.0285237 0.0269807 0.0253659 0.0237348 0.0221435 0.0206587 0.0193244 0.0181986 0.0172666 0.0165434 0.0160306 
0 0.00207152 0.00416032 0.00627937 0.0084387 0.0106386 0.0128938 0.0151738 0.0174266 0.0195876 0.0216157 0.0234684 0.0250699 0.0263389 0.0271638 0.0274986 0.0272918 0.0265115 0.0251338 0.0231299 0.020519 0.017303 0.0135605 0.00933711 0.0047082 -0.000216785 -0.00536835 -0.0106302 -0.0159047 -0.0210492 -0.0259698 -0.0305669 -0.034712 -0.0383312 -0.0413072 -0.0435762 -0.0451035 -0.0458815 -0.0459373 -0.0453025 -0.0440354 -0.042203 -0.0399192 -0.0373183 -0.0345303 -0.0316996 -0.0289558 -0.0263849 -0.0241086 -0.0222106 -0.0207487 -0.0197627 -0.0192457 -0.0191695 -0.0194701 -0.0200222 -0.020686 -0.0213326 -0.0217659 -0.0217996 -0.0212532 -0.020035 -0.0180594 -0.0153097 -0.0118676 -0.00788547 -0.00357412 0.000812716 0.00501053 0.0087342 0.0117986 0.0140387 0.0153337 0.0157479 0.0153531 0.0143095 0.0128488 0.0111592 0.00941499 0.00778117 0.00632389 0.00511812 0.00413948 0.00338816 0.00283689 0.00242863 0.00212192 0.00190072 0.00170176 0.0015634 0.00147261 0.00140493 0.0013568 0.00133056 0.00129484 0.00129488 0.00131438 0.0013326 0.00134984 0.00137518 0.00138506 0.00142417 0.00147555 0.00152379 0.00158089 0.00165921 0.00173068 0.00183327 0.00193283 0.00201113 0.0020896 0.00217563 0.00224319 0.00233425 0.00241233 0.00250717 0.00267996 0.00298593 0.00348257 0.00423974 0.00526535 0.00660352 0.0081951 0.00998474 0.0118378 0.0135348 0.0148762 0.015644 0.0156 0.0146822 0.0128439 0.0101267 0.00669766 0.00275207 -0.00145141 -0.00563895 -0.00955009 -0.0129582 -0.0157226 -0.017763 -0.0190358 -0.0196285 -0.0196714 -0.0193244 -0.0187313 -0.0180849 -0.0175526 -0.0172753 -0.0173551 -0.0178683 -0.0188426 -0.0202809 -0.0221429 -0.0243578 -0.0268715 -0.029571 -0.0323377 -0.0350495 -0.0375563 -0.0397326 -0.041471 -0.042647 -0.0431886 -0.0430261 -0.0421285 -0.0404783 -0.0380895 -0.0350171 -0.031291 -0.027024 -0.0223021 -0.0172448 -0.0119822 -0.00659156 -0.00119944 0.0040969 0.00917396 0.0139507 0.0183417 0.0222553 0.0256553 0.0284655 0.0306751 0.0322966 0.0333447 0.0338302 0.033777 0.033272 0.0323863 0.0312058 0.0298108 0.0282654 0.0266521 0.0250511 0.0235318 0.0221353 0.0208992 0.0198724 0.0190807 0.0185436 
0 0.00239789 0.00479554 0.00720163 0.00964016 0.0120826 0.0145255 0.0169205 0.0192272 0.0213931 0.0233642 0.0250699 0.0264312 0.0273946 0.0278865 0.0278607 0.0272566 0.026071 0.0243043 0.021988 0.0191125 0.0157 0.0118304 0.00756114 0.00299754 -0.00180097 -0.00674464 -0.0118024 -0.016851 -0.0217787 -0.0265193 -0.0309665 -0.0350448 -0.0386549 -0.0417294 -0.0441738 -0.0459487 -0.0470281 -0.0474124 -0.0471144 -0.0461848 -0.0446532 -0.042647 -0.0402598 -0.0376008 -0.0348433 -0.0320929 -0.0295057 -0.0271561 -0.0251675 -0.0235878 -0.0224756 -0.0218432 -0.0216516 -0.0218538 -0.0223636 -0.022993 -0.0235867 -0.0239442 -0.0238845 -0.0232622 -0.0218808 -0.0196933 -0.0167 -0.0129794 -0.00866593 -0.00401555 0.000719258 0.00523884 0.00928036 0.0125859 0.0150138 0.0164695 0.0169727 0.0165906 0.0155206 0.0139682 0.0121512 0.0102938 0.0085417 0.00697271 0.00565779 0.0045953 0.00376552 0.00314973 0.00269444 0.00236112 0.002097 0.0018961 0.00173981 0.00162102 0.00154218 0.00149116 0.0014363 0.00141868 0.00141026 0.00141813 0.00144728 0.00147476 0.00148597 0.00152406 0.00155363 0.00159939 0.00166369 0.00173027 0.00180147 0.00190314 0.00199286 0.00209112 0.00218346 0.00226528 0.00234251 0.00242909 0.00250968 0.00260478 0.00273672 0.00295822 0.00331289 0.00388375 0.00472376 0.00586052 0.00732608 0.00907469 0.0109998 0.0129598 0.0147481 0.0161217 0.0168668 0.0167829 0.015756 0.0137198 0.0107705 0.00705009 0.00279148 -0.00174456 -0.00624973 -0.0104774 -0.0141776 -0.0171789 -0.0193822 -0.0208359 -0.0215523 -0.021667 -0.0213535 -0.0208045 -0.020238 -0.0197829 -0.0195844 -0.019777 -0.0204028 -0.0214853 -0.0230339 -0.0249809 -0.0272859 -0.0298157 -0.0324958 -0.0351734 -0.0377419 -0.0400469 -0.0419528 -0.0433782 -0.0442065 -0.0443829 -0.0438839 -0.0426862 -0.0407809 -0.0382155 -0.0350238 -0.0312937 -0.0270821 -0.0224975 -0.0176137 -0.012546 -0.00737463 -0.00217191 0.00294154 0.00791606 0.0126594 0.0171003 0.0211478 0.0247721 0.0278967 0.0304651 0.0324803 0.0339456 0.0348618 0.0352347 0.035127 0.0345771 0.0336757 0.0324907 0.0311034 0.0295859 0.0280365 0.0265376 0.0251096 0.0238215 0.0227221 0.0218916 0.0213326 
0 0.00272383 0.00543288 0.0081359 0.0108464 0.0135106 0.0161004 0.0185658 0.0208795 0.0229959 0.0248446 0.0263389 0.0273946 0.0279992 0.0281011 0.0276719 0.0266634 0.0250783 0.0229559 0.0203225 0.0172146 0.0136544 0.00974511 0.00553207 0.00108543 -0.00350845 -0.00820395 -0.0129524 -0.0176922 -0.0223259 -0.0268126 -0.031069 -0.0349963 -0.0385474 -0.0416543 -0.0442431 -0.046252 -0.0476304 -0.0483568 -0.0484295 -0.0478725 -0.0467178 -0.0450527 -0.0429582 -0.0405215 -0.0379021 -0.0352455 -0.0326722 -0.0303049 -0.0282579 -0.0265962 -0.0253805 -0.0246311 -0.0243354 -0.024456 -0.0248668 -0.0254028 -0.0259235 -0.0262144 -0.0260616 -0.0252776 -0.0237331 -0.0213507 -0.0181108 -0.0140977 -0.00947211 -0.00448732 0.000576042 0.00542455 0.00975102 0.013327 0.0159675 0.0175478 0.0181309 0.0177884 0.0166917 0.0150894 0.0131927 0.0112137 0.00933128 0.00763102 0.00620697 0.005057 0.00416978 0.00350893 0.00300508 0.00262095 0.00233339 0.00209325 0.00191424 0.00178241 0.00168306 0.00162024 0.00158507 0.00155566 0.0015473 0.00155141 0.0015594 0.00157791 0.00160989 0.00164346 0.00169597 0.00175955 0.00182223 0.00189276 0.00197564 0.00205554 0.00215132 0.0022518 0.00234385 0.00244158 0.00254025 0.00262084 0.00271559 0.00281914 0.00296934 0.00323009 0.00365208 0.00430808 0.00526249 0.00652548 0.00812371 0.00998159 0.0120192 0.0140901 0.0159457 0.0173588 0.0180949 0.0179162 0.0167503 0.0145405 0.0113449 0.00734955 0.00278284 -0.00206882 -0.00690081 -0.0114311 -0.0153958 -0.0186374 -0.0210698 -0.0226704 -0.023503 -0.0237188 -0.0235059 -0.0230416 -0.0225406 -0.0221726 -0.0220831 -0.0223856 -0.0231205 -0.0243003 -0.0259281 -0.0279414 -0.0302521 -0.0327562 -0.0353327 -0.0378504 -0.0401921 -0.0422019 -0.0437698 -0.0448208 -0.0452575 -0.0450485 -0.0441936 -0.0426981 -0.0405672 -0.0378441 -0.0345984 -0.0308917 -0.0268164 -0.0224335 -0.0178041 -0.0130171 -0.00811413 -0.0031916 0.00167844 0.00645075 0.0110921 0.0155216 0.0196421 0.0234377 0.0268204 0.0297331 0.0321416 0.0340318 0.0353898 0.0362204 0.0365655 0.0364267 0.0358687 0.0349728 0.0338237 0.0324929 0.0310657 0.0296276 0.0282302 0.026948 0.0258486 0.0249945 0.0244097 
0 0.00304598 0.00607081 0.00906745 0.0120204 0.0148581 0.0175505 0.0200531 0.0223254 0.0243111 0.0259485 0.0271638 0.0278865 0.0281011 0.027777 0.0269163 0.0255094 0.0235714 0.0211264 0.0182218 0.0149176 0.0112814 0.00740505 0.00330739 -0.00095405 -0.00530428 -0.00968259 -0.0140786 -0.0184461 -0.0227232 -0.0268927 -0.0308812 -0.0346174 -0.0380613 -0.0411712 -0.0438658 -0.0460737 -0.0477357 -0.0488131 -0.0492802 -0.0491369 -0.048385 -0.0471042 -0.0453548 -0.0432097 -0.0408248 -0.0383287 -0.0358552 -0.033516 -0.0314508 -0.0297414 -0.0284595 -0.0276258 -0.0272214 -0.0272184 -0.0275206 -0.0279545 -0.0283676 -0.0285478 -0.0282768 -0.0273623 -0.0256313 -0.0230207 -0.0195311 -0.0152441 -0.010314 -0.00501284 0.000377375 0.00554477 0.0101749 0.0139984 0.0168324 0.0185663 0.0192441 0.0189394 0.0178397 0.0161823 0.0141998 0.0121284 0.01014 0.00833066 0.00679885 0.00555687 0.00458958 0.00386212 0.00330719 0.00288654 0.0025658 0.00231346 0.0021161 0.00196055 0.00184378 0.0017675 0.00171496 0.00168736 0.00167235 0.00167035 0.00168343 0.00170946 0.00174172 0.00178824 0.00183806 0.0018988 0.00196952 0.00204933 0.00213614 0.002231 0.00232298 0.00242028 0.00251725 0.00261714 0.00271306 0.00280173 0.00289813 0.00302361 0.00321857 0.00354044 0.00403286 0.00477404 0.00582514 0.00720243 0.0089227 0.0109136 0.0130669 0.0152254 0.0171439 0.018567 0.0192582 0.0189978 0.0176899 0.015275 0.0118384 0.00756817 0.00271195 -0.00244268 -0.00757702 -0.0124103 -0.0166601 -0.020139 -0.0227574 -0.0245346 -0.0255196 -0.025863 -0.0257574 -0.0254041 -0.0250195 -0.0247523 -0.0247565 -0.0251623 -0.0259979 -0.0272583 -0.0289318 -0.0309433 -0.033213 -0.0356125 -0.0380312 -0.0403241 -0.0423699 -0.0440169 -0.0451724 -0.0457988 -0.0458203 -0.0452182 -0.0440115 -0.0422201 -0.0398736 -0.0370406 -0.0337886 -0.0301864 -0.0262913 -0.0221595 -0.017833 -0.0133802 -0.00882341 -0.00422121 0.000352292 0.00488597 0.0093592 0.0137088 0.0178434 0.0217393 0.0253191 0.0285177 0.0312956 0.0336059 0.0354077 0.0367023 0.0375242 0.0378533 0.0377228 0.037201 0.036378 0.0353177 0.0340923 0.0327904 0.0314895 0.0302886 0.0292403 0.0283949 0.0277876 
0 0.00334835 0.00666615 0.00992019 0.0130639 0.0160229 0.0187791 0.0212857 0.0234686 0.0252558 0.0266111 0.0274986 0.0278607 0.0276719 0.0269163 0.0256293 0.0238392 0.0215705 0.0188496 0.0157414 0.012325 0.00868162 0.00488763 0.000957854 -0.00305671 -0.00709732 -0.0111219 -0.0151414 -0.0191153 -0.0230006 -0.026806 -0.0304888 -0.0340023 -0.03731 -0.0403794 -0.0431291 -0.0454887 -0.0473995 -0.0488072 -0.049663 -0.0499383 -0.0496189 -0.0487664 -0.0474232 -0.0456434 -0.0435638 -0.0413015 -0.0389899 -0.0367452 -0.0347194 -0.0330051 -0.0316765 -0.0307676 -0.0302705 -0.0301612 -0.0303441 -0.0306531 -0.0309361 -0.0309824 -0.0305582 -0.0294724 -0.0275527 -0.024732 -0.0209986 -0.0164286 -0.0111896 -0.00556993 0.000133835 0.00559858 0.0105077 0.0145788 0.0176147 0.0195071 0.0202883 0.0200403 0.018949 0.0172557 0.0152065 0.0130477 0.0109554 0.00904349 0.00740904 0.00607765 0.0050306 0.00423063 0.00361437 0.00315051 0.00280205 0.00253932 0.002329 0.00215372 0.00201161 0.00191156 0.00184134 0.00180754 0.00178939 0.00178889 0.00180656 0.00184024 0.00187823 0.00192928 0.00197669 0.00203383 0.00210505 0.00219313 0.00229104 0.00239952 0.00249654 0.00259262 0.00268536 0.00278003 0.00287134 0.00296591 0.00307595 0.00323532 0.00348047 0.0038642 0.00442998 0.00525912 0.00641285 0.00791452 0.00975958 0.0118712 0.014127 0.0163591 0.0183161 0.0197323 0.0203624 0.0199995 0.0185415 0.0159359 0.0122655 0.00772063 0.002568 -0.00288886 -0.00831858 -0.0134275 -0.0179337 -0.0216517 -0.0244896 -0.0264607 -0.0276107 -0.0281012 -0.0281302 -0.0279056 -0.0276406 -0.0274896 -0.0276048 -0.0281088 -0.0290168 -0.030319 -0.031995 -0.0339626 -0.0361311 -0.0383599 -0.0405372 -0.0425227 -0.0441975 -0.0454247 -0.0461353 -0.0463159 -0.045918 -0.0449334 -0.0433964 -0.0413393 -0.0388135 -0.0359075 -0.032694 -0.0292364 -0.0255592 -0.0217015 -0.0177028 -0.0136235 -0.00946404 -0.00523617 -0.000987247 0.00327913 0.00753742 0.0117349 0.015812 0.0197524 0.0234776 0.0269101 0.0300068 0.0327115 0.034954 0.0367135 0.0380134 0.0388341 0.0391896 0.0391173 0.038689 0.0379652 0.0370219 0.0359502 0.0348359 0.033782 0.0328385 0.0320559 0.03148 
0 0.00362232 0.00718832 0.0106427 0.0139236 0.0169593 0.0197277 0.0221712 0.0241982 0.0257384 0.0267715 0.0272918 0.0272566 0.0266634 0.0255094 0.0238392 0.0216974 0.019124 0.0161961 0.01297 0.00953421 0.00594141 0.00227204 -0.00143823 -0.00516417 -0.00885044 -0.0125108 -0.016128 -0.0196885 -0.0231638 -0.0265866 -0.0299559 -0.0332148 -0.036353 -0.0393325 -0.0420968 -0.0445739 -0.0466972 -0.0483955 -0.04961 -0.050286 -0.0504197 -0.0500279 -0.0491371 -0.0477803 -0.0460582 -0.0441083 -0.0420261 -0.0399567 -0.0380311 -0.0363579 -0.0350139 -0.0340453 -0.0334674 -0.0332678 -0.0333283 -0.0335055 -0.0336413 -0.0335282 -0.0329358 -0.031647 -0.0295285 -0.026482 -0.0224897 -0.0176334 -0.0121031 -0.00617546 -0.000177438 0.00557825 0.010747 0.0150637 0.0183057 0.0203588 0.0212609 0.0210975 0.0200264 0.0183165 0.0162179 0.013972 0.0117806 0.00976578 0.00802885 0.0066071 0.00548765 0.00462302 0.00395289 0.00343962 0.00306301 0.00276681 0.00253261 0.00233778 0.0021747 0.00205751 0.00199286 0.0019451 0.00192341 0.00191771 0.00192346 0.00195244 0.00200634 0.00205479 0.00211786 0.00218553 0.00225785 0.00234924 0.00245615 0.00255027 0.00265063 0.00274507 0.00283852 0.00294185 0.00304639 0.00314122 0.00326869 0.00345228 0.00374343 0.0041895 0.00484085 0.00576825 0.00703586 0.00866552 0.0106415 0.0128603 0.0152048 0.0174954 0.0194582 0.0208449 0.0214026 0.0209182 0.0193007 0.0165105 0.0126046 0.00780012 0.00236059 -0.00338193 -0.00910707 -0.0144943 -0.0192566 -0.0232113 -0.0262858 -0.0284512 -0.0297868 -0.0304401 -0.0306212 -0.0305433 -0.0304081 -0.0303905 -0.0306251 -0.0312099 -0.0321603 -0.0334585 -0.0350775 -0.0369493 -0.0389449 -0.040945 -0.0427985 -0.0444013 -0.0456418 -0.046412 -0.0466736 -0.0464086 -0.0455923 -0.044231 -0.042382 -0.0401057 -0.0374639 -0.0345309 -0.031393 -0.0280857 -0.024653 -0.0210962 -0.0174568 -0.0137711 -0.010011 -0.0061824 -0.00227605 0.00168553 0.00569519 0.0096913 0.0136481 0.0175728 0.0213809 0.0249896 0.0283344 0.0313749 0.0340302 0.0362512 0.0380305 0.039352 0.0402247 0.040664 0.0407023 0.0403932 0.0398218 0.0390796 0.0382461 0.0373991 0.0366127 0.03595 0.0354701 
0 0.00383659 0.00757957 0.0111672 0.0145302 0.0175993 0.0203109 0.0226085 0.0244152 0.0256788 0.0263843 0.0265115 0.026071 0.0250783 0.0235714 0.0215705 0.019124 0.0163237 0.0132534 0.0100013 0.00659709 0.00312115 -0.000365793 -0.00382332 -0.00722483 -0.0105702 -0.0138323 -0.0170397 -0.0201643 -0.02323 -0.0262806 -0.0293116 -0.0323036 -0.0352293 -0.0380876 -0.0408255 -0.043374 -0.0456628 -0.0476167 -0.0491579 -0.0502381 -0.050812 -0.0508952 -0.0504764 -0.0495755 -0.0482864 -0.0466965 -0.0449305 -0.0430909 -0.0413254 -0.0397513 -0.0384516 -0.0374776 -0.0368479 -0.0365389 -0.0364852 -0.0365228 -0.0364872 -0.0361897 -0.0353998 -0.0339208 -0.0315608 -0.0282555 -0.0240093 -0.0188855 -0.0130663 -0.00685499 -0.00055645 0.00548194 0.0109369 0.0154837 0.0189165 0.0211475 0.0221714 0.0220836 0.0210762 0.0193643 0.0172251 0.0149233 0.0126364 0.0105179 0.00867815 0.00716721 0.00596936 0.00503932 0.004315 0.00375998 0.00333201 0.00301408 0.00275145 0.00252838 0.00235392 0.00223202 0.00214434 0.00210465 0.00206933 0.00204551 0.0020513 0.00208169 0.00212437 0.00219924 0.00226415 0.00233538 0.00242389 0.00251937 0.00261338 0.00271968 0.00280325 0.00289239 0.00299686 0.00310876 0.00321676 0.00333565 0.00346997 0.00368346 0.00402441 0.00454363 0.00528498 0.00632181 0.00771108 0.00946973 0.0115532 0.0138833 0.0163006 0.0186141 0.020592 0.0219342 0.0223906 0.0217892 0.0199996 0.0169867 0.0128518 0.00778567 0.0020867 -0.00393545 -0.00993017 -0.015589 -0.0206318 -0.024841 -0.0281224 -0.0305124 -0.032056 -0.0329064 -0.0332582 -0.0333446 -0.0333716 -0.0334714 -0.0337881 -0.0344211 -0.0353803 -0.0366405 -0.0381596 -0.0398558 -0.041626 -0.0433048 -0.0447849 -0.0459483 -0.0467125 -0.0470046 -0.0467908 -0.0460813 -0.0448549 -0.0431397 -0.0410187 -0.0385726 -0.0358685 -0.032972 -0.0299284 -0.0268039 -0.0236112 -0.0203841 -0.0171272 -0.0138301 -0.0104683 -0.00700659 -0.00347757 0.000152729 0.00386953 0.00764263 0.0114541 0.0152913 0.0191131 0.0228156 0.0263495 0.0296586 0.0326759 0.0353368 0.0375928 0.0394219 0.0408215 0.0418027 0.0423731 0.042565 0.0424566 0.0421325 0.0416557 0.0410937 0.0405268 0.0400479 0.0397092 
0 0.0039517 0.00778767 0.0114295 0.0148134 0.0178407 0.0204257 0.0225053 0.0240418 0.0250097 0.0253741 0.0251338 0.0243043 0.0229559 0.0211264 0.0188496 0.0161961 0.0132534 0.0101422 0.00689754 0.00359781 0.000293685 -0.00295721 -0.00612371 -0.00921682 -0.0121858 -0.0150662 -0.0178474 -0.0205668 -0.0232454 -0.025917 -0.0286179 -0.0313207 -0.0340395 -0.0367491 -0.0394137 -0.0419723 -0.0443659 -0.0465234 -0.0483732 -0.0498123 -0.0508193 -0.0513492 -0.0514064 -0.0510059 -0.0501831 -0.0490398 -0.047624 -0.0460858 -0.0445456 -0.0431366 -0.041933 -0.0409928 -0.0403472 -0.0399852 -0.0397931 -0.0396753 -0.0394753 -0.0389909 -0.0379881 -0.0362443 -0.0336538 -0.0301099 -0.0255935 -0.0201873 -0.014103 -0.00759483 -0.00101834 0.00530325 0.0110078 0.0158084 0.019453 0.021842 0.0229939 0.0230183 0.0220522 0.0203689 0.0182265 0.0158626 0.0135013 0.0113003 0.00936165 0.00775675 0.00647563 0.00546271 0.00467154 0.00406179 0.00361441 0.00326693 0.00299023 0.00275283 0.00254897 0.00239486 0.00230687 0.00223712 0.00220201 0.00218391 0.00218293 0.00221127 0.00227622 0.00233257 0.00240819 0.00248471 0.00256527 0.00266295 0.00277839 0.00287028 0.00296973 0.00306001 0.00315408 0.00326154 0.00337809 0.00349434 0.00366412 0.00392389 0.00433349 0.00492882 0.00576831 0.00691217 0.00841192 0.0102931 0.0124997 0.0149068 0.0173852 0.0197372 0.0216826 0.0229705 0.0233302 0.0225677 0.0205811 0.0173706 0.0129953 0.00768278 0.00171283 -0.00456195 -0.0108358 -0.0167575 -0.0220433 -0.0265008 -0.030059 -0.0326676 -0.0344272 -0.0354835 -0.0360502 -0.0363274 -0.0364771 -0.0366826 -0.0370654 -0.0377077 -0.0386309 -0.039805 -0.0411682 -0.042646 -0.0440837 -0.0453906 -0.0464225 -0.0471225 -0.0473972 -0.0471907 -0.0465085 -0.0453488 -0.0437482 -0.0417387 -0.039408 -0.0368469 -0.0341205 -0.0312761 -0.0283778 -0.0254432 -0.0225238 -0.0196078 -0.016715 -0.013801 -0.0108039 -0.00772633 -0.00454768 -0.00128372 0.00212737 0.00566101 0.00930003 0.013017 0.0167599 0.0204927 0.024144 0.0276682 0.0309808 0.034021 0.0367297 0.0390575 0.0409857 0.0425155 0.0436565 0.0444228 0.0448582 0.0450219 0.0449774 0.0447851 0.0445315 0.0442945 0.0441265 
