0 0 0 0 0 0 0 0 0 0 0 0 0 0 0 0 0 0 0 0 0 0 0 0 0 0 0 0 0 0 0 0 0 0 0 0 0 0 0 0 0 0 0 0 0 0 0 0 0 0 0 0 0 0 0 0 0 0 0 0 0 0 0 0 0 0 0 0 0 0 0 0 0 0 0 0 0 0 0 0 0 0 0 0 0 0 0 0 0 0 0 0 0 0 0 0 0 0 0 0 0 0 0 0 0 0 0 0 0 0 0 0 0 0 0 0 0 0 0 0 0 0 0 0 0 0 0 0 0 0 0 0 0 0 0 0 0 0 0 0 0 0 0 0 0 0 0 0 0 0 0 0 0 0 0 0 0 0 0 0 0 0 0 0 0 0 0 0 0 0 0 0 0 0 0 0 0 0 0 0 0 0 0 0 0 0 0 0 0 0 0 0 0 0 0 0 0 0 0 0 
0 0.000619259 0.00121993 0.0017828 0.0022492 0.00258434 0.00275706 0.00278218 0.00265925 0.00237863 0.00193276 0.00130744 0.000540838 -0.000326051 -0.00123182 -0.00214714 -0.00304929 -0.00391367 -0.00470317 -0.00536044 -0.00586199 -0.00619392 -0.00636472 -0.00638199 -0.00627183 -0.00603368 -0.00568622 -0.00526344 -0.00479687 -0.00430257 -0.00378685 -0.00328567 -0.00279685 -0.00235708 -0.00197264 -0.0016469 -0.00136751 -0.00111851 -0.00090763 -0.00073328 -0.000605138 -0.000502255 -0.000414335 -0.000344378 -0.000289985 -0.000240501 -0.000217106 -0.000198656 -0.000190745 -0.000179764 -0.000166955 -0.000167476 -0.000176809 -0.000203089 -0.000230677 -0.000272915 -0.000323835 -0.000378992 -0.000450849 -0.000555668 -0.000678364 -0.000826354 -0.000974728 -0.00114301 -0.0013302 -0.00151331 -0.0016833 -0.0018341 -0.00194003 -0.00198308 -0.00195095 -0.00182926 -0.00162379 -0.00134021 -0.000996316 -0.000599847 -0.000167966 0.000273208 0.000673895 0.00102922 0.00130467 0.00148671 0.00157868 0.00158151 0.00149758 0.00137256 0.00121031 0.00103987 0.000872799 0.000719671 0.000588565 0.000487361 0.000406153 0.000354614 0.000310429 0.000282182 0.000264238 0.000248402 0.000238764 0.000241077 0.000238859 0.000250341 0.000259255 0.000261809 0.000262044 0.000260708 0.000256654 0.000269134 0.000291063 0.000341867 0.000420203 0.000534806 0.000683586 0.000858579 0.00104696 0.00124699 0.00141541 0.00154322 0.00159519 0.00154772 0.00140121 0.00117062 0.000851631 0.000477788 6.41103e-05 -0.000358274 -0.000766784 -0.00112603 -0.00142082 -0.00163184 -0.0017521 -0.0017781 -0.00173312 -0.00164177 -0.00150708 -0.00133695 -0.00115941 -0.000980091 -0.000800228 -0.000640947 -0.000492117 -0.000376905 -0.000278016 -0.000186927 -0.000108906 -4.68969e-05 2.01139e-06 2.39443e-05 4.47479e-05 5.69692e-05 7.00878e-05 7.85379e-05 8.23142e-05 8.27323e-05 6.28626e-05 4.17833e-05 1.26641e-05 -2.02917e-05 -6.87866e-05 -0.000149496 -0.000263177 -0.000390097 -0.000546932 -0.000728785 -0.000952304 -0.00122393 -0.00155032 -0.00192593 -0.00233171 -0.0027811 -0.00325616 -0.00375745 -0.00424602 -0.0046898 -0.00506619 -0.00536672 -0.00557232 -0.00566263 -0.00561943 -0.00540365 -0.00500531 -0.00443696 -0.00373633 -0.0029074 -0.00198346 -0.000993535 2.97674e-05 0.00104183 0.00200877 0.00289145 0.00368757 0.00435993 0.00489819 0.00530487 0.00559888 0.0058109 0.00594577 0.00602604 0.00604772 0.00604349 
0 0.00121993 0.00239526 0.00346072 0.00436019 0.00499917 0.00535561 0.00541247 0.00516042 0.00459295 0.00369047 0.00247913 0.00099116 -0.000683732 -0.00246409 -0.00428137 -0.00606232 -0.00776065 -0.00929057 -0.0105802 -0.0115818 -0.0122643 -0.0126238 -0.0126657 -0.0124464 -0.0119894 -0.011318 -0.0105043 -0.00958145 -0.0085887 -0.00756545 -0.0065654 -0.00562293 -0.00474659 -0.00398097 -0.00331434 -0.00274326 -0.00226151 -0.00184425 -0.00150832 -0.00123482 -0.00100917 -0.000820681 -0.00068074 -0.000578481 -0.000493413 -0.000434234 -0.000398134 -0.000374614 -0.000362812 -0.000361844 -0.000363035 -0.000389742 -0.000421931 -0.000464979 -0.000536397 -0.000635874 -0.000761822 -0.000929805 -0.00112248 -0.00136244 -0.0016537 -0.00197117 -0.0023118 -0.00266326 -0.00303461 -0.00337875 -0.00365625 -0.00384877 -0.00393889 -0.00388577 -0.00366496 -0.00325541 -0.00270113 -0.00198839 -0.00117337 -0.000316678 0.000552027 0.00136427 0.00205039 0.00260644 0.00297984 0.00316184 0.00316197 0.00300626 0.00274878 0.00242904 0.00208738 0.00175961 0.00145235 0.00119375 0.000993679 0.000830596 0.000713191 0.000628129 0.000566728 0.000530653 0.000514401 0.000503459 0.000499999 0.000500282 0.000509385 0.000514303 0.000524498 0.000530367 0.000527538 0.000533782 0.000556222 0.000597156 0.000697018 0.000855533 0.0010805 0.0013802 0.00172771 0.00210962 0.00249728 0.00284052 0.00309439 0.00318824 0.00309429 0.00282162 0.00234464 0.00171864 0.000968431 0.000116108 -0.000741615 -0.00153563 -0.00224851 -0.00281351 -0.00323131 -0.00347564 -0.00355329 -0.00347879 -0.00328499 -0.00301167 -0.00269434 -0.00232798 -0.0019567 -0.00160701 -0.00129551 -0.00100518 -0.000746374 -0.000541469 -0.000372285 -0.000233394 -0.000120884 -3.47259e-05 2.73629e-05 7.19115e-05 0.000120387 0.000143984 0.000151856 0.000158643 0.000155481 0.000132232 9.36027e-05 2.68277e-05 -5.52599e-05 -0.000167034 -0.000330558 -0.000535061 -0.000788206 -0.00109256 -0.00147944 -0.00193387 -0.00247187 -0.00311892 -0.00385253 -0.00468213 -0.00558433 -0.00653807 -0.00751711 -0.00846174 -0.0093301 -0.0100757 -0.010672 -0.0110665 -0.0112108 -0.0110938 -0.0106523 -0.00986437 -0.00875594 -0.00736156 -0.00572702 -0.00389633 -0.00195764 4.39469e-05 0.00204047 0.00394085 0.00569912 0.0072569 0.00859245 0.00966616 0.010498 0.0111198 0.011549 0.0118388 0.0119979 0.0120745 0.0120906 
0 0.0017828 0.00346072 0.0049753 0.00622045 0.00714226 0.00765677 0.00774432 0.00735652 0.00647713 0.00514302 0.00337189 0.00125083 -0.00116242 -0.00374895 -0.00640932 -0.00902117 -0.0114764 -0.0136869 -0.0155511 -0.0170289 -0.018061 -0.0186215 -0.0187091 -0.0184103 -0.0177589 -0.0168122 -0.0156385 -0.014299 -0.0128464 -0.0113378 -0.00989255 -0.00850303 -0.00722841 -0.00607234 -0.00506015 -0.00419614 -0.00345798 -0.00284589 -0.00232662 -0.00190718 -0.0015509 -0.00125814 -0.00104833 -0.000901342 -0.000766198 -0.000681672 -0.000605691 -0.000567779 -0.000546214 -0.000537366 -0.000558064 -0.000583899 -0.000633194 -0.000687032 -0.000798299 -0.00095935 -0.00114935 -0.00138306 -0.00169136 -0.0020457 -0.00247623 -0.00293095 -0.00345091 -0.00401808 -0.00456225 -0.00505067 -0.00547014 -0.0057654 -0.00589435 -0.00581748 -0.00548208 -0.00488576 -0.00403975 -0.00299199 -0.00178247 -0.000478776 0.000835276 0.00202501 0.00307026 0.00388707 0.00443658 0.00472039 0.00473712 0.00449674 0.00412156 0.00363717 0.00312815 0.00263348 0.00218225 0.001795 0.00149025 0.00124199 0.00107468 0.000937974 0.000852868 0.000804518 0.000769252 0.00074885 0.00075274 0.000741474 0.000760415 0.0007747 0.000779827 0.000784831 0.000790184 0.000791738 0.000833543 0.000901536 0.00105039 0.00128362 0.00162743 0.00207627 0.00260253 0.0031656 0.00375083 0.00424459 0.00461583 0.00476875 0.00463576 0.00420903 0.00351692 0.00255434 0.0014152 0.000158573 -0.00111014 -0.00231403 -0.00336131 -0.00421439 -0.00483426 -0.00520517 -0.00531309 -0.00520621 -0.00494011 -0.00452865 -0.00400921 -0.00346818 -0.00293545 -0.00241479 -0.00194528 -0.00149505 -0.00112579 -0.000813155 -0.000548347 -0.000341539 -0.000183884 -5.02626e-05 3.44548e-05 0.000122971 0.000180796 0.000215851 0.000221159 0.000216808 0.000219278 0.000182577 0.000130179 2.6599e-05 -0.000113723 -0.000296461 -0.000542784 -0.000857799 -0.00122394 -0.00170684 -0.00229395 -0.00299571 -0.00380745 -0.0047564 -0.00585674 -0.00707737 -0.00842656 -0.00982079 -0.0112392 -0.0126001 -0.0138514 -0.0149391 -0.0158037 -0.0163507 -0.0165167 -0.0162886 -0.0156068 -0.0144504 -0.0128246 -0.0107958 -0.00838682 -0.0057159 -0.00288422 3.19732e-05 0.00293752 0.00573793 0.00830787 0.0106158 0.0125822 0.0142047 0.0154933 0.0164651 0.0171627 0.0176081 0.0178963 0.0180502 0.0181326 
0 0.0022492 0.00436019 0.00622045 0.0077671 0.00888951 0.00953164 0.0096132 0.00907362 0.00791279 0.00616484 0.00391409 0.00121362 -0.00183885 -0.00513344 -0.00853245 -0.0118625 -0.0149996 -0.0178082 -0.0201922 -0.0220903 -0.0234404 -0.024209 -0.0243884 -0.0240636 -0.0232826 -0.0220946 -0.0206189 -0.0189201 -0.0170734 -0.0151598 -0.0132809 -0.0114883 -0.00979702 -0.00827402 -0.00692038 -0.00574799 -0.00475359 -0.00390154 -0.00320294 -0.00262913 -0.00215396 -0.00176245 -0.00146808 -0.00124588 -0.00105969 -0.000923966 -0.00083332 -0.000771732 -0.000734368 -0.000720662 -0.000723413 -0.000772118 -0.000839556 -0.000929243 -0.00107411 -0.00127513 -0.00152853 -0.00185823 -0.00224558 -0.00272277 -0.00329697 -0.00392615 -0.00460529 -0.0053141 -0.00605016 -0.00673406 -0.00729379 -0.00768401 -0.00785882 -0.0077454 -0.00729712 -0.00648669 -0.00538042 -0.00397514 -0.00236544 -0.000661336 0.00106301 0.00267353 0.00404815 0.00515426 0.00590238 0.00627302 0.00628301 0.00598345 0.00547854 0.00484776 0.00417153 0.00351643 0.00290667 0.00239167 0.00198928 0.00166857 0.00143752 0.00126841 0.00114658 0.00107061 0.00102825 0.00100077 0.000991174 0.000991344 0.00100971 0.0010233 0.00104012 0.00104856 0.00104474 0.00105763 0.00110688 0.00120193 0.00140737 0.00173066 0.0021865 0.00278364 0.00347694 0.00423345 0.00499543 0.00566484 0.0061515 0.00632685 0.00613189 0.00557383 0.0046259 0.00337593 0.00188324 0.000204831 -0.00149124 -0.00307592 -0.00449086 -0.00562149 -0.00644912 -0.00693024 -0.00707618 -0.0069253 -0.00654198 -0.00599811 -0.00535757 -0.00463422 -0.00390209 -0.00320887 -0.0025845 -0.00200589 -0.00149449 -0.00108197 -0.000740085 -0.000459093 -0.00023137 -5.58749e-05 6.66922e-05 0.000155092 0.000239085 0.000280574 0.000290567 0.000291383 0.000272132 0.000216295 0.0001278 -1.64534e-05 -0.000202444 -0.000450908 -0.000794116 -0.00121999 -0.00174452 -0.00238935 -0.0031977 -0.0041437 -0.00524197 -0.00652915 -0.00797568 -0.00958547 -0.0113112 -0.0131015 -0.0149076 -0.0166373 -0.0182241 -0.0195858 -0.0206519 -0.0213046 -0.0214561 -0.0210984 -0.0201635 -0.0186331 -0.0165384 -0.0139188 -0.0108384 -0.0073954 -0.00375448 -7.94377e-06 0.00373283 0.00732036 0.0106585 0.013648 0.016251 0.0184214 0.0201809 0.0215505 0.0225367 0.0232237 0.0236689 0.0239659 0.0241376 
0 0.00258434 0.00499917 0.00714226 0.00888951 0.0101576 0.0108359 0.010865 0.0101765 0.00876339 0.00669191 0.00401503 0.000834621 -0.00276418 -0.00662991 -0.0106133 -0.0145372 -0.0182421 -0.0215854 -0.0244254 -0.0266978 -0.0283406 -0.0293261 -0.0296423 -0.0293574 -0.0284939 -0.0271306 -0.0253964 -0.0234057 -0.0212387 -0.018966 -0.0167229 -0.0145307 -0.0124744 -0.0105912 -0.00891321 -0.00744378 -0.00616216 -0.00507393 -0.00416189 -0.00342916 -0.00282323 -0.00232164 -0.00193217 -0.00163128 -0.00137435 -0.0012064 -0.00108129 -0.00100533 -0.000946911 -0.000907577 -0.000916531 -0.000963352 -0.00105625 -0.00117033 -0.0013561 -0.00160896 -0.00191625 -0.00230573 -0.00281277 -0.00341335 -0.00412703 -0.00489265 -0.00574287 -0.00665579 -0.00755587 -0.00838304 -0.0090902 -0.00958692 -0.00979607 -0.00964957 -0.00907993 -0.00808512 -0.00669672 -0.00497336 -0.00298595 -0.000845571 0.00131425 0.00330006 0.00503349 0.00639723 0.00732064 0.00779375 0.00782405 0.00745133 0.00683875 0.00605522 0.00521949 0.00440116 0.00364963 0.00300494 0.00249591 0.00209315 0.0018128 0.00159624 0.00145177 0.00135924 0.00129339 0.00125182 0.00124472 0.00123534 0.00126233 0.00128505 0.00129602 0.00130029 0.00130388 0.00131605 0.00138923 0.00152241 0.00178464 0.0021878 0.00276359 0.00350602 0.0043728 0.00530436 0.00625336 0.00706424 0.0076541 0.00787683 0.00763368 0.00691126 0.00574428 0.00416189 0.00229038 0.000228752 -0.00186074 -0.00384606 -0.00559241 -0.00701147 -0.00803667 -0.0086362 -0.0088043 -0.00861769 -0.00816649 -0.00749458 -0.00666313 -0.00577214 -0.00487877 -0.0040113 -0.00322164 -0.00248862 -0.0018782 -0.00136689 -0.000931965 -0.000574334 -0.000288905 -6.28816e-05 7.74568e-05 0.000194328 0.000275744 0.000330776 0.000349804 0.000343373 0.000315264 0.000221868 9.46393e-05 -9.55703e-05 -0.000339266 -0.000662685 -0.00110717 -0.00167687 -0.00235117 -0.00319253 -0.00420239 -0.00539969 -0.00679111 -0.0083992 -0.010206 -0.0121538 -0.0142315 -0.0163584 -0.0185063 -0.0205599 -0.0224164 -0.0239806 -0.0251655 -0.0258517 -0.0259499 -0.0254301 -0.0242242 -0.0223269 -0.0197776 -0.0166545 -0.0129847 -0.00889853 -0.00454866 -7.29293e-05 0.00437818 0.00866878 0.0126631 0.0163117 0.0195187 0.0222506 0.0244999 0.0262794 0.0276351 0.0286096 0.0293084 0.0297721 0.030061 
0 0.00275706 0.00535561 0.00765677 0.00953164 0.0108359 0.0114811 0.0114048 0.0105641 0.00895737 0.00661823 0.00361698 4.25258e-05 -0.00396936 -0.00826171 -0.0126762 -0.0170371 -0.021186 -0.0249473 -0.0281697 -0.0307688 -0.0326865 -0.0338932 -0.0343715 -0.0341649 -0.0333008 -0.0318477 -0.029961 -0.0277565 -0.0253289 -0.0227699 -0.0201983 -0.017682 -0.0152765 -0.0130573 -0.0110486 -0.00926757 -0.00771444 -0.00637635 -0.00525721 -0.00433556 -0.00357076 -0.00293975 -0.00244579 -0.0020586 -0.00174163 -0.00150937 -0.00134829 -0.00123899 -0.00116655 -0.0011297 -0.00113278 -0.00119023 -0.001285 -0.00141653 -0.0016278 -0.00192611 -0.00230756 -0.0027937 -0.00338425 -0.00410095 -0.00495091 -0.00588922 -0.00690647 -0.00797419 -0.00905072 -0.0100449 -0.0108688 -0.0114464 -0.0116973 -0.0115275 -0.010864 -0.0096808 -0.00803221 -0.00595628 -0.00356995 -0.00102528 0.00153395 0.00391578 0.00597032 0.00760902 0.00872978 0.00930024 0.00933888 0.00891901 0.00818728 0.00726447 0.0062713 0.00529987 0.00440278 0.00363733 0.00302632 0.00254563 0.00219446 0.00193718 0.00175817 0.00164555 0.00157656 0.00153305 0.00151279 0.00150366 0.00151676 0.00153042 0.00154461 0.00155527 0.00156397 0.00159804 0.00168951 0.00185994 0.00217809 0.00267066 0.00336129 0.0042505 0.00528431 0.00640044 0.00751067 0.00847386 0.00915665 0.00939435 0.0090913 0.0082336 0.00682053 0.00494167 0.00270551 0.000230543 -0.00227169 -0.00462183 -0.00669731 -0.00836958 -0.00958528 -0.0102998 -0.0105222 -0.0103144 -0.00976419 -0.00896127 -0.00799166 -0.00692128 -0.00583964 -0.0048092 -0.00386791 -0.0030036 -0.00224963 -0.00162973 -0.00111891 -0.0007027 -0.00036725 -0.000106157 7.67589e-05 0.000213725 0.000324258 0.000384686 0.000397881 0.000380952 0.000324753 0.000208751 3.55567e-05 -0.000214557 -0.000536805 -0.000957759 -0.00151724 -0.00221503 -0.00306117 -0.004093 -0.00534365 -0.00680455 -0.00848706 -0.0104114 -0.0125331 -0.0148134 -0.0171956 -0.0196202 -0.0220331 -0.0243177 -0.0263586 -0.0280389 -0.0292647 -0.0299131 -0.0298955 -0.0291808 -0.0277021 -0.0254565 -0.0225078 -0.0189292 -0.0147787 -0.0101602 -0.00524338 -0.000177073 0.00487351 0.00974386 0.0143311 0.0185548 0.0223422 0.0256169 0.0283642 0.0306033 0.0323671 0.0337244 0.0347217 0.0354163 0.0358446 
0 0.00278218 0.00541247 0.00774432 0.0096132 0.010865 0.0114048 0.0111928 0.0102013 0.00842232 0.00588213 0.00264081 -0.00119468 -0.0054793 -0.0100481 -0.0147417 -0.01939 -0.0238241 -0.0278712 -0.0313808 -0.0342592 -0.0364335 -0.0378524 -0.0384951 -0.0384014 -0.0376053 -0.0361762 -0.0342415 -0.0319174 -0.0293093 -0.0265322 -0.023718 -0.0209327 -0.0182366 -0.0156966 -0.0133626 -0.011271 -0.0094329 -0.00784467 -0.00649593 -0.00536724 -0.00442374 -0.00364995 -0.00304399 -0.00256774 -0.0021753 -0.00187355 -0.0016493 -0.00149374 -0.00139212 -0.00134024 -0.00134239 -0.00139775 -0.00149906 -0.00165212 -0.00190116 -0.00225442 -0.00270393 -0.0032658 -0.00395604 -0.00478555 -0.0057609 -0.00684765 -0.00803734 -0.00929146 -0.010537 -0.0116811 -0.012637 -0.0133083 -0.013594 -0.0133921 -0.0126198 -0.011255 -0.00934206 -0.00694652 -0.00418916 -0.0012363 0.00172613 0.00448147 0.00687119 0.00877109 0.0100792 0.0107579 0.0108228 0.0103557 0.00952119 0.00846025 0.00731348 0.00618684 0.0051504 0.00426145 0.00354709 0.00298988 0.00258116 0.00228199 0.00207445 0.00193824 0.00184848 0.00179036 0.00176128 0.00174826 0.00176041 0.00177613 0.0017886 0.00179767 0.00181234 0.00185854 0.00197546 0.00219279 0.00257537 0.00315874 0.00397151 0.00500699 0.00620787 0.00749501 0.00876473 0.00985553 0.0106157 0.0108716 0.0105074 0.00949422 0.00785206 0.00566307 0.00306333 0.000209605 -0.00267828 -0.00540092 -0.00779705 -0.00973424 -0.0111368 -0.0119621 -0.0122182 -0.0119809 -0.0113498 -0.0104152 -0.00927591 -0.00803645 -0.00679229 -0.00560421 -0.00450779 -0.00350288 -0.00262854 -0.00189805 -0.00129581 -0.000809757 -0.000423915 -0.000124612 9.05267e-05 0.00025455 0.000372628 0.000429733 0.000426444 0.00038245 0.000298401 0.000150494 -6.90542e-05 -0.000386198 -0.000803519 -0.00134105 -0.00202992 -0.00287822 -0.00390361 -0.00515763 -0.00666233 -0.00840492 -0.0103762 -0.0125799 -0.0149839 -0.0175404 -0.0201889 -0.0228461 -0.0254386 -0.0278513 -0.0299702 -0.031682 -0.0328732 -0.0334139 -0.033222 -0.0322741 -0.030528 -0.0279814 -0.0246889 -0.0207298 -0.0161778 -0.0111563 -0.00582245 -0.000320365 0.0051924 0.0105558 0.0156483 0.0203878 0.0246894 0.0284831 0.0317433 0.0344778 0.0367142 0.0384918 0.0398459 0.0408077 0.041417 
0 0.00265925 0.00516042 0.00735652 0.00907362 0.0101765 0.0105641 0.0102013 0.00905978 0.00712961 0.00444802 0.00107266 -0.00288136 -0.00728459 -0.0119774 -0.0167981 -0.0215788 -0.0261475 -0.0303531 -0.0340571 -0.0371552 -0.0395509 -0.04117 -0.0419944 -0.0420594 -0.0414024 -0.0400842 -0.0381955 -0.0358497 -0.0331584 -0.0302494 -0.0272566 -0.0242481 -0.0213012 -0.018479 -0.015852 -0.0134644 -0.0113338 -0.00947596 -0.00788014 -0.00653621 -0.0054089 -0.0044796 -0.00373571 -0.00314115 -0.00265555 -0.00227983 -0.00199554 -0.00179333 -0.00165328 -0.00157061 -0.00156014 -0.0016126 -0.00173031 -0.00191401 -0.00219735 -0.00259298 -0.00310108 -0.00373654 -0.00453035 -0.00548115 -0.00658944 -0.00782308 -0.00916742 -0.0105877 -0.0119958 -0.0132982 -0.0143928 -0.0151574 -0.0154722 -0.0152298 -0.0143422 -0.0127971 -0.0106262 -0.00792241 -0.00480976 -0.00146624 0.00188715 0.00501398 0.0077407 0.00990306 0.0113987 0.0121833 0.0122759 0.0117721 0.0108479 0.00966149 0.00836905 0.00708907 0.0059117 0.00489889 0.00408243 0.00345263 0.00298907 0.00264963 0.00241124 0.00224731 0.00213245 0.00205669 0.00201604 0.00199913 0.00200975 0.00202816 0.00203963 0.00204756 0.00206721 0.00212611 0.00227094 0.00254241 0.00299827 0.00368091 0.00461751 0.0057941 0.00715367 0.00860315 0.0100242 0.0112373 0.0120645 0.0123238 0.0118845 0.0107055 0.00883249 0.00634354 0.0033961 0.000179145 -0.0030829 -0.00617047 -0.00888377 -0.0110863 -0.0126729 -0.0136032 -0.0138861 -0.0136105 -0.012895 -0.0118425 -0.0105567 -0.00916164 -0.00775013 -0.00639424 -0.00513815 -0.00399728 -0.0030111 -0.00217992 -0.00149216 -0.000931982 -0.000485217 -0.000142287 9.96609e-05 0.00027762 0.000392485 0.000447167 0.00043571 0.000368742 0.000246883 4.55236e-05 -0.000244038 -0.000640755 -0.00115623 -0.00181442 -0.00264739 -0.00367326 -0.00490482 -0.0063937 -0.00814872 -0.0101645 -0.0124178 -0.0148895 -0.0175488 -0.0203323 -0.023181 -0.025998 -0.0286909 -0.0311434 -0.0332413 -0.0348816 -0.0359453 -0.0363072 -0.0358949 -0.0346887 -0.0326771 -0.0298627 -0.0262857 -0.0220248 -0.0171678 -0.0118627 -0.00625168 -0.00046239 0.00537679 0.0111251 0.0166356 0.0218144 0.026566 0.0308429 0.0346165 0.037873 0.0406149 0.0428407 0.0445831 0.0458533 0.0466863 
0 0.00237863 0.00459295 0.00647713 0.00791279 0.00876339 0.00895737 0.00842232 0.00712961 0.00508562 0.00232358 -0.00106948 -0.00501646 -0.00938697 -0.0140486 -0.0188369 -0.0235927 -0.0281688 -0.032422 -0.0362294 -0.0394663 -0.0420279 -0.0438353 -0.0448725 -0.0451428 -0.0446848 -0.0435309 -0.041772 -0.0395024 -0.0368307 -0.0338869 -0.0307647 -0.027593 -0.0244325 -0.0213882 -0.0185137 -0.0158515 -0.0134405 -0.0112941 -0.00944484 -0.00786905 -0.00654216 -0.00543624 -0.00452779 -0.0037868 -0.00320145 -0.00273418 -0.00239492 -0.00213709 -0.00195479 -0.00184517 -0.00180615 -0.00185948 -0.00198244 -0.00219423 -0.00250288 -0.0029313 -0.00349761 -0.00422215 -0.0051039 -0.00618035 -0.0074212 -0.00881621 -0.0103143 -0.0118775 -0.0134479 -0.0149073 -0.0161133 -0.0169553 -0.0173033 -0.0170244 -0.0160405 -0.0143196 -0.0119118 -0.0088932 -0.00542237 -0.00170514 0.00202152 0.00552903 0.00856523 0.010992 0.0126811 0.0135697 0.0136904 0.013172 0.0121573 0.0108594 0.00942989 0.00800901 0.0066948 0.005566 0.00464499 0.00393883 0.00340529 0.00302661 0.00275309 0.00256489 0.00243683 0.00235109 0.00229041 0.00226999 0.00226278 0.00227073 0.00228115 0.00229465 0.00232359 0.00241363 0.0025913 0.00292244 0.00345067 0.0042361 0.00529218 0.00660809 0.00811973 0.00973296 0.0112822 0.0126133 0.0134962 0.0137393 0.013217 0.0118863 0.00976199 0.00698627 0.00369861 0.000113647 -0.00351751 -0.00693773 -0.00995598 -0.0123966 -0.0141607 -0.015191 -0.01552 -0.0152249 -0.0144197 -0.01325 -0.011841 -0.0102848 -0.00869651 -0.00717607 -0.00576196 -0.00449983 -0.00338751 -0.00246078 -0.00169758 -0.00106981 -0.000563744 -0.00018482 9.32695e-05 0.000272314 0.000394434 0.000440945 0.000418875 0.00033111 0.000154008 -0.000109736 -0.000492788 -0.000986684 -0.00161271 -0.00240518 -0.0034023 -0.00462206 -0.00609304 -0.00781344 -0.00981666 -0.0120788 -0.0145898 -0.0173168 -0.0201912 -0.0231626 -0.0261285 -0.0290294 -0.0317431 -0.0341567 -0.036148 -0.0376092 -0.0384447 -0.0385579 -0.0378929 -0.0364228 -0.0341481 -0.0310802 -0.0272744 -0.0227943 -0.0177576 -0.0122831 -0.00651364 -0.000557257 0.0054874 0.0114846 0.0173172 0.0228446 0.0280028 0.0327281 0.0369965 0.0407768 0.0440165 0.0467147 0.0488519 0.0504631 0.0515378 
0 0.00193276 0.00369047 0.00514302 0.00616484 0.00669191 0.00661823 0.00588213 0.00444802 0.00232358 -0.000431335 -0.00376583 -0.00758464 -0.0118002 -0.0162795 -0.0208788 -0.0254755 -0.0299327 -0.0341284 -0.0379297 -0.0412102 -0.0438758 -0.045851 -0.0471082 -0.0476209 -0.0473927 -0.046479 -0.0449253 -0.0428329 -0.0402835 -0.0373798 -0.0342343 -0.0309524 -0.0276631 -0.0244298 -0.0213383 -0.0184321 -0.0157468 -0.0133373 -0.0112163 -0.00938804 -0.00783094 -0.00652395 -0.00543968 -0.00455528 -0.00384196 -0.0032794 -0.00283969 -0.00251544 -0.00228364 -0.0021345 -0.00208521 -0.00211275 -0.00223205 -0.00245755 -0.00279994 -0.00328089 -0.00391164 -0.00469887 -0.00569364 -0.00687644 -0.00823827 -0.00976883 -0.0114378 -0.0131909 -0.0149036 -0.0164794 -0.0178065 -0.0187279 -0.0190986 -0.0187944 -0.0177123 -0.0158359 -0.0131755 -0.00986974 -0.00606262 -0.00196277 0.00213672 0.00597284 0.00933956 0.0120115 0.0138838 0.0148995 0.0150756 0.0145288 0.01345 0.012037 0.0104781 0.00892228 0.00748914 0.00624126 0.00521806 0.00442551 0.00383073 0.0033998 0.00309966 0.00288952 0.00274033 0.00263693 0.00256761 0.00252649 0.00250853 0.00250813 0.00251069 0.00252508 0.00257739 0.00269294 0.00291892 0.00331323 0.00392291 0.00480302 0.0059838 0.00744045 0.00910824 0.0108626 0.0125487 0.0139567 0.0148682 0.0150991 0.0144944 0.0129867 0.0106537 0.00757055 0.00393394 8.48387e-06 -0.00396584 -0.00772735 -0.0110172 -0.0136925 -0.0156156 -0.016754 -0.017119 -0.016803 -0.0159448 -0.0146592 -0.0130742 -0.0113633 -0.00963074 -0.00795865 -0.00639548 -0.00498894 -0.00377588 -0.0027384 -0.00188151 -0.00118684 -0.000639933 -0.000228417 7.05482e-05 0.000279679 0.000389544 0.000424169 0.000372049 0.000230946 2.94692e-06 -0.000338468 -0.000807283 -0.00141289 -0.00218003 -0.00313882 -0.00432004 -0.00575843 -0.00745948 -0.00944079 -0.0116832 -0.0141905 -0.0169321 -0.0198518 -0.0229047 -0.025981 -0.0290122 -0.031901 -0.0345419 -0.0368218 -0.0386078 -0.0398096 -0.0403366 -0.0401463 -0.0392044 -0.0374679 -0.0349433 -0.0316543 -0.0276642 -0.0230677 -0.0179522 -0.0124316 -0.00659468 -0.000559054 0.00557253 0.0117111 0.0177278 0.0235397 0.0290398 0.0341825 0.0389068 0.0431538 0.0468829 0.050025 0.0525857 0.0545262 0.0558476 
0 0.00130744 0.00247913 0.00337189 0.00391409 0.00401503 0.00361698 0.00264081 0.00107266 -0.00106948 -0.00376583 -0.00694485 -0.0105523 -0.0144872 -0.0186586 -0.0229505 -0.027266 -0.0314953 -0.0355109 -0.0391982 -0.0424413 -0.0451561 -0.0472662 -0.0487303 -0.0494796 -0.0495363 -0.0489138 -0.0476575 -0.0458134 -0.0434552 -0.0406966 -0.0375981 -0.0343264 -0.0309494 -0.0275804 -0.0242949 -0.0211623 -0.01825 -0.015581 -0.0132015 -0.0111007 -0.00929155 -0.00776868 -0.0064972 -0.0054436 -0.00460214 -0.00389695 -0.00335648 -0.00293886 -0.00264798 -0.00246754 -0.00237544 -0.0023904 -0.00249833 -0.00274159 -0.00310927 -0.00363149 -0.00433185 -0.00521684 -0.00627747 -0.00756971 -0.00905643 -0.0107475 -0.0125613 -0.0144429 -0.0163194 -0.0180581 -0.0194831 -0.0204721 -0.0208754 -0.0205323 -0.0193595 -0.0173113 -0.0144275 -0.0108187 -0.00667974 -0.00225043 0.0021834 0.00638271 0.010036 0.0129732 0.0150482 0.0161773 0.0164002 0.0158725 0.0147237 0.0132202 0.0115366 0.00984605 0.00827758 0.00692384 0.00580234 0.00494118 0.0042788 0.00380793 0.00346276 0.00322017 0.00304799 0.00292945 0.0028345 0.00278999 0.00275326 0.002745 0.00274917 0.00277534 0.00283693 0.00298656 0.00324882 0.00371332 0.00440772 0.00540997 0.00671925 0.008313 0.0101185 0.0120175 0.0137944 0.0152903 0.0162242 0.0164015 0.0156909 0.0140339 0.0114495 0.00810681 0.00416102 -0.000112843 -0.00443803 -0.00850562 -0.0120812 -0.0149709 -0.0170567 -0.018281 -0.0186935 -0.018361 -0.0174021 -0.0160012 -0.0143135 -0.012454 -0.0105518 -0.0087278 -0.00702413 -0.00550994 -0.00415514 -0.00301038 -0.00207193 -0.00131453 -0.000719585 -0.000282822 5.02335e-05 0.00025572 0.000372422 0.000377836 0.000280745 8.46751e-05 -0.000228113 -0.000639893 -0.00121385 -0.00194272 -0.00287174 -0.00402573 -0.00541652 -0.0070675 -0.009018 -0.0112363 -0.01374 -0.0164785 -0.019417 -0.0224915 -0.0256276 -0.028767 -0.0317739 -0.0345848 -0.0370484 -0.0390799 -0.0405765 -0.0414472 -0.0416321 -0.0411028 -0.0398507 -0.0378368 -0.0350809 -0.0316161 -0.0275191 -0.0228668 -0.0177687 -0.0122754 -0.0064652 -0.000440796 0.00569804 0.0118541 0.0179747 0.0239585 0.0297498 0.0352426 0.0403547 0.0450185 0.0491599 0.0527419 0.0556808 0.0579492 0.0594877 
0 0.000540838 0.00099116 0.00125083 0.00121362 0.000834621 4.25258e-05 -0.00119468 -0.00288136 -0.00501646 -0.00758464 -0.0105523 -0.013844 -0.0174042 -0.0211685 -0.0250587 -0.0290004 -0.0328872 -0.0366176 -0.0401034 -0.0432458 -0.0459652 -0.0481705 -0.0498049 -0.0508012 -0.0511485 -0.0508703 -0.0499372 -0.0483925 -0.0462967 -0.0437428 -0.0408058 -0.0375954 -0.0342289 -0.0307777 -0.0273597 -0.0240568 -0.0209305 -0.0180312 -0.0153886 -0.0130223 -0.0109591 -0.00919925 -0.00770736 -0.00646543 -0.0054528 -0.00462626 -0.00396259 -0.00345521 -0.00308491 -0.00283462 -0.00270979 -0.00269305 -0.00279862 -0.00305673 -0.00345037 -0.00400775 -0.00475558 -0.00569865 -0.00688155 -0.00828554 -0.00988934 -0.011699 -0.0136661 -0.0157181 -0.0177261 -0.0195783 -0.0211313 -0.022196 -0.0226065 -0.0222197 -0.0209389 -0.01874 -0.0156354 -0.0117797 -0.00734378 -0.00256299 0.00222568 0.0067394 0.0107115 0.0138826 0.0161309 0.0173923 0.0176909 0.017161 0.0159865 0.0143967 0.0126025 0.0107882 0.00910231 0.00762506 0.00640566 0.00546101 0.00474612 0.00422858 0.00385491 0.00357719 0.00336989 0.00321828 0.0031099 0.00304731 0.00301027 0.00299888 0.00300002 0.00302326 0.0031032 0.00327865 0.00359995 0.00414186 0.004943 0.00605445 0.00749145 0.00921771 0.0111567 0.0131653 0.0150527 0.016593 0.0175291 0.0176713 0.0168557 0.0150057 0.0122067 0.00856532 0.00430081 -0.000271547 -0.00489332 -0.00926713 -0.0131018 -0.0162196 -0.0184599 -0.0197825 -0.0202151 -0.0198496 -0.0188452 -0.0173455 -0.0155056 -0.0135103 -0.0114783 -0.00950304 -0.0076459 -0.00598507 -0.00454521 -0.00330832 -0.00228543 -0.001457 -0.000812191 -0.000340134 3.64293e-06 0.000216464 0.000297254 0.000273747 0.000136449 -0.000125823 -0.000511634 -0.0010391 -0.0017342 -0.0026142 -0.00372195 -0.00508162 -0.00669434 -0.00858671 -0.0107723 -0.013237 -0.0159517 -0.0188879 -0.0219816 -0.0251433 -0.0283271 -0.0314283 -0.0343572 -0.0369959 -0.0392078 -0.0409161 -0.0420445 -0.0425463 -0.0423538 -0.041466 -0.0398756 -0.0375662 -0.0345962 -0.0310157 -0.0268758 -0.0222446 -0.0172016 -0.0118082 -0.00610329 -0.000180207 0.00587179 0.0119969 0.0181276 0.0242237 0.0301968 0.0359565 0.0413811 0.0463752 0.0508834 0.0548103 0.058091 0.0606169 0.0623425 
0 -0.000326051 -0.000683732 -0.00116242 -0.00183885 -0.00276418 -0.00396936 -0.0054793 -0.00728459 -0.00938697 -0.0118002 -0.0144872 -0.0174042 -0.0205191 -0.0238132 -0.0272311 -0.030708 -0.0341632 -0.0375247 -0.0407331 -0.0437064 -0.046359 -0.0486049 -0.0503868 -0.051614 -0.0522697 -0.0523264 -0.0517527 -0.050558 -0.0487943 -0.0465355 -0.0438057 -0.0407435 -0.0374393 -0.0339949 -0.0305114 -0.0270778 -0.0237757 -0.0206542 -0.0177751 -0.0151597 -0.0128431 -0.0108305 -0.00909033 -0.00761847 -0.0064274 -0.00544332 -0.00466178 -0.00404478 -0.0035852 -0.00326844 -0.00308572 -0.00304492 -0.00314052 -0.00340174 -0.00380287 -0.00438268 -0.00518395 -0.00621433 -0.00747452 -0.00899224 -0.0107301 -0.0126894 -0.0147894 -0.0169617 -0.0191111 -0.0211005 -0.0227358 -0.023853 -0.0242841 -0.0238618 -0.0224998 -0.0201528 -0.0168439 -0.012716 -0.00797931 -0.00289526 0.00220738 0.00705176 0.0113018 0.0147262 0.0171716 0.0185555 0.0189209 0.0184245 0.0172124 0.0155572 0.013668 0.0117442 0.00994369 0.00836773 0.00704769 0.00601793 0.00522481 0.0046511 0.0042316 0.00392993 0.00370786 0.00354709 0.00341691 0.00333267 0.0032629 0.00323032 0.00322676 0.00327089 0.00338259 0.00360966 0.0039897 0.00461128 0.00550301 0.00673306 0.00829382 0.0101471 0.0122104 0.0143383 0.0162967 0.0178866 0.0188128 0.0188754 0.0179324 0.0159163 0.0128753 0.00897777 0.00442482 -0.000463147 -0.00539519 -0.0100405 -0.0141184 -0.0174238 -0.0198073 -0.0212142 -0.0216966 -0.0213266 -0.020244 -0.0186466 -0.016709 -0.0145795 -0.0123864 -0.0102538 -0.00825677 -0.00648519 -0.00492372 -0.00359797 -0.00250717 -0.00162405 -0.000932416 -0.000427672 -6.3322e-05 0.000133001 0.000192692 0.000127551 -5.90299e-05 -0.000385845 -0.000877769 -0.00153034 -0.00238735 -0.00344131 -0.00474192 -0.00631381 -0.00815523 -0.0102886 -0.0127267 -0.0154085 -0.0183126 -0.0213885 -0.0245829 -0.0278025 -0.0309627 -0.0339734 -0.0367087 -0.0390882 -0.040968 -0.0422945 -0.0430186 -0.0430981 -0.0425013 -0.0412345 -0.0393086 -0.036723 -0.0335674 -0.0299109 -0.0257839 -0.021213 -0.0162742 -0.0110155 -0.00548393 0.000257975 0.00616276 0.0121899 0.0182946 0.0244044 0.0304577 0.0363552 0.0419839 0.0472343 0.0520056 0.0562032 0.0597151 0.0624455 0.0643131 
0 -0.00123182 -0.00246409 -0.00374895 -0.00513344 -0.00662991 -0.00826171 -0.0100481 -0.0119774 -0.0140486 -0.0162795 -0.0186586 -0.0211685 -0.0238132 -0.0265948 -0.029477 -0.0324203 -0.0353835 -0.0383227 -0.0411923 -0.0439166 -0.046428 -0.0486593 -0.0505464 -0.0519814 -0.052908 -0.0532919 -0.0530837 -0.0522823 -0.0509109 -0.0490008 -0.0465636 -0.0437189 -0.0405718 -0.0372055 -0.0337191 -0.0302081 -0.0267658 -0.0234595 -0.0203585 -0.0174975 -0.0149244 -0.0126532 -0.0106632 -0.00896386 -0.00756446 -0.00640478 -0.00546238 -0.00471542 -0.00415108 -0.00375149 -0.00350635 -0.00341452 -0.00348096 -0.0037386 -0.00416277 -0.00478445 -0.00564066 -0.0067371 -0.00808665 -0.00969744 -0.011546 -0.013635 -0.0158909 -0.0182154 -0.0204892 -0.0225801 -0.0243099 -0.025487 -0.0259318 -0.0254767 -0.0240271 -0.0215353 -0.0180267 -0.0136575 -0.00864381 -0.00325812 0.00215118 0.00728506 0.0118138 0.0154743 0.018109 0.0196399 0.0200998 0.0196327 0.0184095 0.016694 0.0147189 0.0126976 0.0107954 0.00911155 0.00769419 0.0065737 0.00571205 0.0050835 0.00462577 0.00429031 0.00404052 0.00385304 0.00370422 0.00359804 0.00351396 0.00346794 0.00346239 0.00351629 0.00365889 0.00393328 0.00438455 0.0050913 0.00609066 0.00743397 0.00911884 0.0111 0.0132833 0.0155055 0.0175317 0.0191286 0.0200159 0.0199984 0.0189275 0.0167336 0.0134779 0.00931418 0.00447341 -0.000702696 -0.00591255 -0.0108218 -0.0151284 -0.0186161 -0.0211292 -0.0226187 -0.0231341 -0.0227547 -0.0216293 -0.0199366 -0.0178629 -0.0155926 -0.0132707 -0.0110077 -0.00888265 -0.00698404 -0.00531766 -0.00389057 -0.00271168 -0.0017655 -0.00104037 -0.000519945 -0.000154488 3.20318e-05 5.55691e-05 -6.28895e-05 -0.000322799 -0.000746428 -0.00135161 -0.00214699 -0.0031627 -0.00440701 -0.00592448 -0.00773264 -0.00981838 -0.0121966 -0.0148662 -0.0177532 -0.02081 -0.0239855 -0.0272216 -0.0304203 -0.033489 -0.0363107 -0.0387725 -0.0407966 -0.0422788 -0.0431845 -0.0434745 -0.0431132 -0.0420837 -0.0404343 -0.0381959 -0.0353819 -0.0320828 -0.0283727 -0.024274 -0.0197992 -0.0150048 -0.00993047 -0.00461126 0.000910438 0.00661857 0.0125033 0.0185125 0.0245653 0.0305871 0.0365025 0.0422153 0.0476039 0.0525362 0.0568785 0.0605227 0.0633651 0.0653229 
0 -0.00214714 -0.00428137 -0.00640932 -0.00853245 -0.0106133 -0.0126762 -0.0147417 -0.0167981 -0.0188369 -0.0208788 -0.0229505 -0.0250587 -0.0272311 -0.029477 -0.0317865 -0.0341615 -0.0366017 -0.0390821 -0.0415608 -0.0439785 -0.0462933 -0.0484554 -0.0503872 -0.0519749 -0.0531365 -0.0538344 -0.0539921 -0.0535878 -0.0526222 -0.051097 -0.0490218 -0.0464727 -0.0435532 -0.0403225 -0.0368894 -0.0333649 -0.0298462 -0.026409 -0.0231166 -0.0200261 -0.0172036 -0.0146788 -0.0124407 -0.0105048 -0.00887237 -0.00750841 -0.00638052 -0.00548892 -0.00481142 -0.00431989 -0.00400251 -0.00384929 -0.00388035 -0.00412179 -0.00455665 -0.00521148 -0.00612048 -0.00728035 -0.0087135 -0.0104152 -0.0123813 -0.0145944 -0.0169809 -0.0194349 -0.0218316 -0.0240319 -0.0258532 -0.0270805 -0.0275296 -0.0270377 -0.0254988 -0.0228688 -0.0191701 -0.0145711 -0.00929889 -0.00363876 0.00205882 0.0074685 0.0122666 0.0161571 0.0189786 0.0206565 0.0212228 0.0208074 0.0195996 0.0178422 0.0157901 0.0136691 0.0116604 0.00987077 0.00836563 0.00716452 0.00624143 0.00555548 0.00504981 0.00466926 0.00438302 0.00416433 0.00399682 0.00387123 0.00377871 0.00372636 0.00372616 0.00379452 0.00396651 0.00428248 0.00480197 0.00559593 0.00671446 0.00818669 0.0100041 0.0121073 0.0143928 0.0166832 0.0187538 0.0203415 0.0211793 0.0210672 0.0198562 0.0174777 0.0140091 0.00959315 0.0044891 -0.000958691 -0.00643099 -0.0115877 -0.0161086 -0.0197707 -0.0224066 -0.0239764 -0.0245219 -0.0241274 -0.0229516 -0.0211749 -0.0189938 -0.0166043 -0.0141529 -0.0117547 -0.00950732 -0.00748705 -0.00571757 -0.00419288 -0.00293571 -0.00193698 -0.00118505 -0.000652016 -0.000294897 -0.000123832 -0.000141428 -0.000319675 -0.000667915 -0.00120956 -0.00194991 -0.00290643 -0.0040937 -0.00554231 -0.00729303 -0.00935114 -0.0116822 -0.0142846 -0.0171422 -0.0201912 -0.0233633 -0.0266037 -0.02983 -0.032932 -0.035819 -0.0383676 -0.0404928 -0.0421092 -0.043147 -0.0435892 -0.0434179 -0.0426084 -0.0411541 -0.0391379 -0.0366159 -0.0336174 -0.0302143 -0.0264681 -0.0223997 -0.0180359 -0.013419 -0.00856773 -0.00348168 0.0018136 0.00730547 0.0129953 0.0188287 0.0247386 0.0306363 0.0364608 0.0421241 0.0475027 0.0524528 0.0568117 0.0604792 0.0633418 0.0653229 
0 -0.00304929 -0.00606232 -0.00902117 -0.0118625 -0.0145372 -0.0170371 -0.01939 -0.0215788 -0.0235927 -0.0254755 -0.027266 -0.0290004 -0.030708 -0.0324203 -0.0341615 -0.0359675 -0.0378667 -0.039856 -0.0419064 -0.0439916 -0.0460719 -0.0481017 -0.0500037 -0.0516678 -0.0530334 -0.0540087 -0.0545136 -0.0544803 -0.0539101 -0.0528023 -0.0511261 -0.0489478 -0.0463104 -0.0432941 -0.0399911 -0.0365217 -0.0329919 -0.0294679 -0.0260285 -0.0227461 -0.0196948 -0.0169196 -0.0144235 -0.0122255 -0.0103563 -0.00876515 -0.00745107 -0.00639001 -0.00557197 -0.00497199 -0.00456125 -0.00435115 -0.00434742 -0.00456309 -0.00499041 -0.00565503 -0.00659848 -0.00783407 -0.00933897 -0.0111445 -0.0132267 -0.0155623 -0.0180661 -0.0206327 -0.023154 -0.0254698 -0.027357 -0.0286242 -0.0290727 -0.0285294 -0.0269082 -0.0241511 -0.0202951 -0.0154862 -0.00997214 -0.0040575 0.00191588 0.00761172 0.0126499 0.0167685 0.0197782 0.0215959 0.0222685 0.0219325 0.0207411 0.0189683 0.0168634 0.0146605 0.0125518 0.0106684 0.00906204 0.00777583 0.00677937 0.0060342 0.00547562 0.00505769 0.00473558 0.00449277 0.00430174 0.00415839 0.00404777 0.00398807 0.00398749 0.00407846 0.00428581 0.00465904 0.00525502 0.00615068 0.00737945 0.00898157 0.0109221 0.0131333 0.0155062 0.0178642 0.019947 0.0215207 0.0222999 0.0220722 0.0207082 0.0181531 0.014445 0.00978904 0.00444 -0.00125984 -0.00696638 -0.0123315 -0.0170515 -0.0208735 -0.0236396 -0.0252819 -0.025862 -0.0254663 -0.0242295 -0.0223725 -0.0201059 -0.0176041 -0.0150229 -0.0124889 -0.0101119 -0.00798427 -0.00610491 -0.00450855 -0.00319194 -0.00214855 -0.00136531 -0.000814059 -0.000463303 -0.000332406 -0.000400706 -0.000662008 -0.00110998 -0.00177006 -0.00267042 -0.00380357 -0.00520349 -0.00687814 -0.00886992 -0.01117 -0.0137313 -0.0165334 -0.0195528 -0.0227095 -0.0259481 -0.0291871 -0.0323346 -0.0352725 -0.0378827 -0.0400947 -0.0418157 -0.0429989 -0.0435656 -0.0435139 -0.0428635 -0.0416012 -0.0397614 -0.0374144 -0.0346401 -0.0314795 -0.0279952 -0.024236 -0.0202182 -0.0159737 -0.0115489 -0.00693018 -0.00209059 0.00297078 0.00823351 0.0136717 0.0192613 0.0249349 0.0306357 0.0362728 0.0417559 0.04697 0.0517657 0.0560156 0.0595825 0.0623756 0.0642977 
0 -0.00391367 -0.00776065 -0.0114764 -0.0149996 -0.0182421 -0.021186 -0.0238241 -0.0261475 -0.0281688 -0.0299327 -0.0314953 -0.0328872 -0.0341632 -0.0353835 -0.0366017 -0.0378667 -0.0392258 -0.0407017 -0.0423135 -0.0440378 -0.0458439 -0.0476783 -0.0494671 -0.0511561 -0.0526451 -0.0538604 -0.0546599 -0.0549881 -0.0548255 -0.0541289 -0.052892 -0.0510965 -0.0488213 -0.0460916 -0.0429991 -0.0396519 -0.0361473 -0.032588 -0.0290504 -0.0256209 -0.0223767 -0.0193586 -0.0165972 -0.0141469 -0.0120134 -0.0102091 -0.00867442 -0.00742783 -0.00644348 -0.00570199 -0.0051968 -0.00490845 -0.00485604 -0.0050392 -0.00545691 -0.00613192 -0.00710674 -0.00838462 -0.00999307 -0.0118845 -0.0140704 -0.016513 -0.0191492 -0.0218461 -0.0244656 -0.0268519 -0.0288273 -0.0301311 -0.0305658 -0.0299911 -0.0282856 -0.0254068 -0.02139 -0.0163957 -0.0106622 -0.00450169 0.00173069 0.00765445 0.0129537 0.0172876 0.0204799 0.0224649 0.023264 0.0229781 0.0218398 0.0200556 0.0179143 0.0156583 0.0134791 0.0114885 0.00979304 0.00839991 0.00732079 0.00650389 0.00590107 0.00543971 0.00509848 0.00482773 0.00462119 0.00444904 0.00432192 0.00423948 0.00424736 0.00435611 0.00461705 0.00506065 0.00575325 0.00674081 0.00809473 0.00980006 0.0118507 0.01417 0.0166297 0.0190248 0.0211411 0.0226571 0.0233415 0.0229941 0.021469 0.0187098 0.014813 0.00991394 0.0043258 -0.00160361 -0.00751926 -0.0130895 -0.0179852 -0.0219542 -0.0248212 -0.0265479 -0.0271524 -0.0267414 -0.0254904 -0.0235669 -0.0211872 -0.0185681 -0.0158771 -0.0132238 -0.0107275 -0.00846487 -0.00651135 -0.00483631 -0.00345898 -0.00237084 -0.0015638 -0.00100448 -0.000679329 -0.000582685 -0.000734408 -0.00108941 -0.0016535 -0.00245706 -0.0035112 -0.00486001 -0.00648 -0.00840742 -0.0106394 -0.0131594 -0.0159251 -0.0189076 -0.0220572 -0.0253034 -0.0285389 -0.0317036 -0.0346899 -0.0373765 -0.039669 -0.0414613 -0.0427418 -0.0434308 -0.0435091 -0.0429631 -0.0418251 -0.0401389 -0.0379372 -0.0353184 -0.0323289 -0.0290286 -0.0254776 -0.0217243 -0.0177818 -0.0136702 -0.00941544 -0.00500985 -0.000406871 0.00440401 0.00939766 0.0145487 0.0198162 0.0251842 0.0305794 0.0359226 0.0410956 0.0459832 0.0504854 0.0544717 0.0578445 0.0604685 0.0622757 
