0 0 0 0 0 0 0 0 0 0 0 0 0 0 0 0 0 0 0 0 0 0 0 0 0 0 0 0 0 0 0 0 0 0 0 0 0 0 0 0 0 0 0 0 0 0 0 0 0 0 0 0 0 0 0 0 0 0 0 0 0 0 0 0 0 0 0 0 0 0 0 0 0 0 0 0 0 0 0 0 0 0 0 0 0 0 0 0 0 0 0 0 0 0 0 0 0 0 0 0 0 0 0 0 0 0 0 0 0 0 0 0 0 0 0 0 0 0 0 0 0 0 0 0 0 0 0 0 0 0 0 0 0 0 0 0 0 0 0 0 0 0 0 0 0 0 0 0 0 0 0 0 0 0 0 0 0 0 0 0 0 0 0 0 0 0 0 0 0 0 0 0 0 0 0 0 0 0 0 0 0 0 0 0 0 0 0 0 0 0 0 0 0 0 0 0 0 0 0 0 
0 0.000465437 0.000924569 0.00138356 0.00183439 0.00226728 0.0026671 0.00303359 0.00333932 0.00356431 0.00369126 0.0036915 0.00355618 0.00327574 0.00286222 0.00230083 0.00159725 0.000770792 -0.000147425 -0.00109661 -0.00204644 -0.00295699 -0.00381358 -0.00458629 -0.00523668 -0.00572847 -0.00602837 -0.00616676 -0.00615797 -0.0060195 -0.00577017 -0.00542052 -0.00499109 -0.00450362 -0.00400301 -0.00350351 -0.00301263 -0.0025509 -0.00212956 -0.0017649 -0.00145988 -0.00120111 -0.000983709 -0.000801871 -0.000644226 -0.000514745 -0.000419175 -0.000356151 -0.000309237 -0.000279335 -0.000266112 -0.000270702 -0.000300793 -0.000355469 -0.000430599 -0.000525262 -0.000631732 -0.000750379 -0.000902273 -0.00106659 -0.00124275 -0.00142631 -0.00160096 -0.00175419 -0.00187053 -0.00193524 -0.00194578 -0.00187476 -0.00171935 -0.00147735 -0.00114601 -0.000753648 -0.000329454 9.51061e-05 0.000505876 0.000875495 0.00117338 0.00139071 0.00152304 0.00155711 0.00151884 0.00140975 0.00125182 0.00107304 0.000900225 0.000740514 0.000603833 0.000487705 0.000398263 0.000324582 0.000277605 0.000240927 0.000212299 0.000194375 0.00018331 0.000173682 0.000174846 0.000169449 0.000170372 0.000174672 0.000182418 0.000196236 0.000211002 0.000217203 0.000226757 0.000226938 0.000232136 0.000240433 0.000245891 0.000247557 0.000251394 0.000257897 0.000290845 0.000351337 0.00044994 0.000575594 0.000733554 0.000916516 0.00110742 0.00128947 0.00144427 0.00152909 0.00154884 0.00148003 0.00130721 0.00104139 0.000697765 0.000295527 -0.000126941 -0.000543873 -0.00092231 -0.0012454 -0.00148946 -0.00164901 -0.00173901 -0.00175216 -0.00169136 -0.00157013 -0.00141699 -0.00125231 -0.0010763 -0.000897082 -0.000737049 -0.000584289 -0.00044628 -0.000323914 -0.000224986 -0.000158073 -0.000115448 -7.97115e-05 -5.87555e-05 -5.76686e-05 -7.61317e-05 -0.000122104 -0.000188555 -0.000278691 -0.000392296 -0.000528826 -0.000695745 -0.000909362 -0.00117546 -0.00148297 -0.0018295 -0.00222802 -0.00267021 -0.00315444 -0.0036607 -0.00415044 -0.00460641 -0.00499905 -0.00532519 -0.0055692 -0.00570208 -0.00569062 -0.00550889 -0.00517287 -0.00466898 -0.00401202 -0.00322699 -0.00233484 -0.00137805 -0.000394404 0.000568647 0.00150085 0.00236954 0.00313004 0.00375116 0.00421038 0.00452515 0.00471566 0.00480452 0.00478841 0.00466587 0.00446347 0.00422445 0.00399731 0.00379452 0.00360803 0.0034353 0.0032974 
0 0.000924569 0.00183648 0.00274446 0.00363637 0.00448763 0.00527782 0.00599939 0.00659759 0.00703219 0.00726569 0.00726326 0.00699181 0.00644244 0.00561374 0.00448656 0.00309116 0.00145977 -0.000323321 -0.00219452 -0.00407012 -0.00588879 -0.00758755 -0.00908912 -0.0103595 -0.0113093 -0.0119306 -0.0122227 -0.0122223 -0.011948 -0.0114419 -0.0107661 -0.00992942 -0.00899008 -0.00800209 -0.00700669 -0.006032 -0.00512434 -0.00429676 -0.00358064 -0.00295179 -0.00241987 -0.00196696 -0.00159919 -0.00130267 -0.00104103 -0.000860858 -0.000717999 -0.000623471 -0.000567605 -0.000550788 -0.000574727 -0.000639159 -0.000725993 -0.000860252 -0.00103704 -0.00126312 -0.00151447 -0.00180356 -0.00214739 -0.00250452 -0.00287072 -0.00320215 -0.00351089 -0.00376467 -0.00390074 -0.00388319 -0.00373584 -0.00341334 -0.00292974 -0.00228664 -0.00152437 -0.000681872 0.000175929 0.00100779 0.00174747 0.00236279 0.00280634 0.00305003 0.00312331 0.00303575 0.00280015 0.00249711 0.00215955 0.0018085 0.00150618 0.00122498 0.000980021 0.000796421 0.000658123 0.000560624 0.000502087 0.000440427 0.000401407 0.000366862 0.000349889 0.000348843 0.000352251 0.000356262 0.000372423 0.000376676 0.000400542 0.0004177 0.00043646 0.000455379 0.000468844 0.000479219 0.000495992 0.00049192 0.000500777 0.000501991 0.00052567 0.000604113 0.000727123 0.000906162 0.00116333 0.00145897 0.00182322 0.00222746 0.00259864 0.00290196 0.00308761 0.00310518 0.00294803 0.00260244 0.00206302 0.00137381 0.000584474 -0.000238669 -0.00105985 -0.00182524 -0.0024834 -0.00298015 -0.00332927 -0.00348945 -0.00349642 -0.00338256 -0.0031602 -0.00285025 -0.00251284 -0.00214717 -0.00180377 -0.00146653 -0.00115959 -0.000902126 -0.000674771 -0.000487719 -0.000339786 -0.000236793 -0.000163421 -0.000122875 -0.000127104 -0.00017541 -0.000250574 -0.000384736 -0.000547857 -0.00078913 -0.00107897 -0.00142481 -0.00185806 -0.00237534 -0.00298431 -0.0036815 -0.00448407 -0.00536716 -0.00631354 -0.00728667 -0.00825055 -0.00914651 -0.00994708 -0.0105867 -0.0110536 -0.011295 -0.0112501 -0.010904 -0.0102316 -0.00924021 -0.0079257 -0.00637306 -0.00462376 -0.00274111 -0.000805111 0.00111393 0.00295571 0.0046603 0.00614191 0.00736329 0.00829311 0.00894544 0.00933788 0.00950857 0.00946969 0.00924593 0.00888653 0.00844997 0.00801364 0.00759888 0.00722828 0.00690385 0.0066655 
0 0.00138356 0.00274446 0.00409736 0.00541465 0.00666829 0.00782061 0.00886282 0.00971141 0.0103067 0.0106135 0.0105727 0.010158 0.00932412 0.00808166 0.00640588 0.00435005 0.0019928 -0.000595797 -0.00329982 -0.0060534 -0.00872007 -0.0112002 -0.0133869 -0.0152087 -0.0166173 -0.0175455 -0.018031 -0.0180648 -0.0176806 -0.0169614 -0.0159783 -0.0147884 -0.0134279 -0.0119925 -0.0105329 -0.00909994 -0.00776477 -0.00654851 -0.00546944 -0.00452572 -0.00370115 -0.00301033 -0.00245439 -0.00199638 -0.00162097 -0.00132875 -0.00111488 -0.000956422 -0.000868296 -0.000847277 -0.000878238 -0.000961709 -0.00109522 -0.00128634 -0.00155288 -0.00188217 -0.00226376 -0.00273169 -0.00322686 -0.00374501 -0.00428316 -0.00480336 -0.00527057 -0.00563008 -0.00582451 -0.00583467 -0.00559823 -0.00511548 -0.00439126 -0.00342369 -0.00228048 -0.00103158 0.000241927 0.00148902 0.00261749 0.00352828 0.00418302 0.00456644 0.00465828 0.00453273 0.00420684 0.00374646 0.00322758 0.00271908 0.00224534 0.00183184 0.00147922 0.00120681 0.000989659 0.000849793 0.000742499 0.000655806 0.000597258 0.000558 0.000529197 0.000532723 0.000524329 0.000531224 0.00054507 0.000563735 0.000597754 0.000635111 0.000654618 0.000684039 0.000691296 0.000708094 0.000730604 0.000743375 0.00074855 0.000762884 0.000793114 0.000899065 0.00108406 0.00137287 0.00174229 0.0022057 0.00275047 0.0033298 0.00388694 0.00435535 0.00461071 0.00464803 0.00441081 0.00386973 0.00306529 0.00204827 0.000873584 -0.000364355 -0.00159993 -0.0027421 -0.00372801 -0.00447743 -0.00496434 -0.00522249 -0.00524792 -0.00506407 -0.004714 -0.00426938 -0.00377853 -0.00323941 -0.00268473 -0.00218659 -0.00173516 -0.00134939 -0.00101448 -0.000731195 -0.0005169 -0.000364107 -0.000249071 -0.000198729 -0.000217838 -0.000288122 -0.000417298 -0.000599486 -0.000862469 -0.00122452 -0.00167727 -0.00221761 -0.00286983 -0.00365265 -0.00456152 -0.00560793 -0.00681075 -0.00811575 -0.00949387 -0.0109057 -0.0122886 -0.0136091 -0.014766 -0.0156985 -0.0163447 -0.0166473 -0.0165529 -0.0160057 -0.0150201 -0.0135429 -0.0116202 -0.00935023 -0.00680387 -0.00407351 -0.00123828 0.00156651 0.00426482 0.00673917 0.00889286 0.0106936 0.0121037 0.0131258 0.0137499 0.0140211 0.0139856 0.0137066 0.0132558 0.0126857 0.0120686 0.0114564 0.0109054 0.0104604 0.0101549 
0 0.00183439 0.00363637 0.00541465 0.00713971 0.00876333 0.0102432 0.0115505 0.0125908 0.0133013 0.0136341 0.0135335 0.0129333 0.0118028 0.0101445 0.00795728 0.00531869 0.00229509 -0.000998594 -0.00447203 -0.00798573 -0.0113993 -0.0145702 -0.0173592 -0.0197172 -0.0215305 -0.0227814 -0.0234521 -0.0235658 -0.0231417 -0.0222607 -0.0210406 -0.0195181 -0.0177884 -0.0159498 -0.0140783 -0.0122311 -0.0104876 -0.00887532 -0.00744677 -0.00617871 -0.00509106 -0.00416319 -0.00340098 -0.00277791 -0.00224088 -0.00185222 -0.00154695 -0.00133252 -0.00119821 -0.00114739 -0.00118111 -0.00129729 -0.00146964 -0.00173443 -0.00208701 -0.00253119 -0.00303109 -0.00360858 -0.00428246 -0.00498992 -0.00571366 -0.0063802 -0.00699173 -0.00748569 -0.00775639 -0.00773833 -0.00744724 -0.00681129 -0.00584666 -0.00456499 -0.00304514 -0.00137151 0.000331923 0.00197967 0.00344871 0.00466473 0.00554574 0.00604468 0.0062 0.00603676 0.00558666 0.004987 0.00431346 0.00362123 0.00301129 0.00245315 0.00197048 0.00160242 0.00132464 0.00112925 0.00100493 0.000886548 0.000807075 0.000741276 0.000705557 0.000698506 0.000700536 0.000706922 0.000733346 0.000747925 0.00079323 0.00083056 0.000867977 0.000903113 0.000926393 0.000945672 0.00097397 0.000973313 0.000991202 0.00100303 0.00105831 0.00121577 0.00146829 0.00183729 0.00235081 0.00295129 0.00367256 0.00445852 0.0051846 0.00577524 0.00612996 0.00616203 0.00584499 0.00515032 0.00407812 0.00270721 0.00113429 -0.000510743 -0.00214469 -0.003659 -0.00495374 -0.00593493 -0.0066139 -0.00693706 -0.00695698 -0.00672694 -0.00628161 -0.00567355 -0.00500487 -0.00428645 -0.00359749 -0.00292889 -0.00231939 -0.00180107 -0.00134786 -0.000975345 -0.000687088 -0.000490989 -0.000360536 -0.000300086 -0.000326132 -0.000437542 -0.000613283 -0.000896206 -0.00124927 -0.00174483 -0.00234616 -0.00306832 -0.0039599 -0.00501579 -0.00624291 -0.0076349 -0.00920925 -0.0109114 -0.012698 -0.0145082 -0.0162856 -0.0179409 -0.0194044 -0.020551 -0.0213366 -0.0216734 -0.0214745 -0.020722 -0.0193888 -0.0174835 -0.015012 -0.0121107 -0.00885172 -0.0053384 -0.00170819 0.00189649 0.00534607 0.00852422 0.0113093 0.0136664 0.0155508 0.0169453 0.0178296 0.0182517 0.0182789 0.0180077 0.0175234 0.016875 0.0161401 0.0153791 0.0146978 0.0141561 0.0138009 
0 0.00226728 0.00448763 0.00666829 0.00876333 0.0107211 0.0124726 0.0139827 0.0151531 0.01592 0.0162416 0.0160284 0.0152209 0.0137732 0.0117267 0.00909061 0.00593734 0.00235075 -0.0015796 -0.00569467 -0.0098622 -0.0138916 -0.0176443 -0.0209808 -0.0237993 -0.0260119 -0.0275389 -0.0284151 -0.0286336 -0.0282202 -0.0272588 -0.0258463 -0.024072 -0.0220299 -0.0198627 -0.0176467 -0.015438 -0.0133191 -0.0113377 -0.0095464 -0.0079661 -0.00658685 -0.00541127 -0.00443138 -0.0036094 -0.00293386 -0.00241855 -0.00203894 -0.001756 -0.00157414 -0.00149588 -0.00151635 -0.00163968 -0.00186173 -0.00218703 -0.00262695 -0.00316328 -0.00378464 -0.00453239 -0.00535459 -0.00622706 -0.00712565 -0.00798073 -0.00873898 -0.00932327 -0.00964666 -0.00966121 -0.00928784 -0.00850051 -0.00729882 -0.00569673 -0.00379947 -0.00172858 0.000382212 0.00243129 0.00427694 0.00578068 0.00687314 0.00751946 0.00770601 0.00751354 0.00698486 0.00623252 0.00538068 0.00453589 0.00375627 0.00307076 0.00248777 0.00203051 0.00167412 0.00143282 0.00125454 0.00111216 0.00101331 0.000943439 0.000896813 0.000890926 0.000879364 0.000886781 0.000908725 0.000938847 0.000992694 0.00105006 0.00108777 0.00112992 0.0011467 0.00117057 0.00120342 0.00122461 0.00124165 0.00127203 0.00134026 0.00152456 0.00184298 0.00232647 0.00295622 0.00373037 0.00462866 0.00557593 0.00647277 0.00720898 0.00762124 0.00766441 0.0072634 0.00637437 0.00504185 0.00334682 0.00139421 -0.000663806 -0.00270301 -0.00457912 -0.00618265 -0.00740592 -0.00821756 -0.00864451 -0.00869162 -0.00839492 -0.00781964 -0.00707453 -0.006251 -0.00536793 -0.00447876 -0.00365848 -0.00290915 -0.00225673 -0.00169127 -0.00122448 -0.000883361 -0.000653793 -0.000498059 -0.000433453 -0.000472311 -0.000610118 -0.000860315 -0.00122035 -0.00170355 -0.00233205 -0.003102 -0.00403201 -0.00516673 -0.00651843 -0.00805927 -0.00978312 -0.0117005 -0.0137526 -0.0158956 -0.0180625 -0.0201567 -0.0221045 -0.0237804 -0.0250939 -0.0259611 -0.0262814 -0.0259635 -0.0249551 -0.023299 -0.0209753 -0.018037 -0.014585 -0.0106987 -0.00651552 -0.00219184 0.00207176 0.00616561 0.00995578 0.0133232 0.0162053 0.0185344 0.0202942 0.0214685 0.0221138 0.0222963 0.0221096 0.0216477 0.0209809 0.0202013 0.0193883 0.0186421 0.0180384 0.0176299 
0 0.0026671 0.00527782 0.00782061 0.0102432 0.0124726 0.0144363 0.0160851 0.0173276 0.0180975 0.0183384 0.0179695 0.0169194 0.0151746 0.0127735 0.00974093 0.00614996 0.00207749 -0.00234893 -0.00698303 -0.0116495 -0.0161741 -0.0203998 -0.0241716 -0.0273917 -0.0299337 -0.0317514 -0.0328386 -0.0332025 -0.0328531 -0.0318652 -0.0303586 -0.0284139 -0.0261566 -0.0237237 -0.0212101 -0.0186854 -0.0162389 -0.0139241 -0.0118076 -0.00989938 -0.00822403 -0.00677904 -0.00556813 -0.004562 -0.0037208 -0.00308071 -0.0025874 -0.00222612 -0.00199046 -0.00188414 -0.0019028 -0.00203995 -0.00227848 -0.00265006 -0.00316212 -0.0038089 -0.00456008 -0.00543414 -0.00642618 -0.00747632 -0.00854579 -0.00955274 -0.010459 -0.0111709 -0.0115614 -0.0115445 -0.0110931 -0.0101456 -0.00871127 -0.00682038 -0.00457755 -0.00210999 0.000418712 0.00287051 0.00507188 0.00688486 0.0082012 0.0089657 0.00920571 0.00897514 0.00834082 0.0074629 0.00646856 0.00545908 0.00453966 0.00371212 0.00300316 0.0024501 0.00203308 0.00173939 0.00153648 0.0013635 0.00123673 0.00114021 0.00108439 0.00106965 0.00107056 0.00108236 0.00111172 0.00113894 0.00119348 0.00124724 0.00129916 0.0013483 0.00138224 0.00141279 0.00144794 0.00146135 0.0014881 0.00152566 0.00162863 0.00186937 0.00226137 0.00283107 0.00359306 0.00450568 0.00557331 0.0067146 0.00777949 0.00863553 0.00912805 0.00914844 0.00864034 0.00757148 0.00597006 0.00394114 0.00162138 -0.000815894 -0.00323363 -0.00547381 -0.00738932 -0.00885586 -0.00985024 -0.0103423 -0.0103807 -0.0100318 -0.00936546 -0.00847629 -0.00748108 -0.00642011 -0.0053771 -0.00438513 -0.00348842 -0.00272038 -0.00206122 -0.00151972 -0.00110746 -0.000828135 -0.000655951 -0.000597022 -0.000665473 -0.000860278 -0.00117353 -0.00163393 -0.00222988 -0.00301786 -0.00397918 -0.00513297 -0.00652541 -0.00815219 -0.00999819 -0.0120441 -0.0142863 -0.0166589 -0.0191022 -0.02154 -0.0238865 -0.0260339 -0.0278701 -0.0292614 -0.0301315 -0.0303716 -0.0298826 -0.028643 -0.0266686 -0.0239858 -0.0206274 -0.0167108 -0.01232 -0.00759659 -0.00273382 0.00207613 0.00669784 0.0110132 0.0148896 0.0182418 0.0209899 0.023111 0.0246103 0.0255436 0.0259644 0.0259466 0.0255816 0.0249708 0.0242377 0.0234642 0.0227366 0.0221135 0.02167 
0 0.00303359 0.00599939 0.00886282 0.0115505 0.0139827 0.0160851 0.0178077 0.0190578 0.0197528 0.0198378 0.0192477 0.0179447 0.0159229 0.0132143 0.00984241 0.00588474 0.00145007 -0.00333109 -0.0083084 -0.013327 -0.0182066 -0.0227779 -0.0268819 -0.0304066 -0.0332471 -0.0353379 -0.0366617 -0.0372001 -0.0369637 -0.0360322 -0.0345198 -0.0325169 -0.0301369 -0.0275182 -0.0247701 -0.021984 -0.0192573 -0.0166542 -0.0142297 -0.0120128 -0.0100327 -0.00831392 -0.00686347 -0.00564969 -0.00463989 -0.00384204 -0.00322214 -0.00275952 -0.00245419 -0.00230645 -0.00230513 -0.0024393 -0.00270453 -0.00312291 -0.00370964 -0.00445283 -0.00533166 -0.0063539 -0.00749221 -0.00869861 -0.00993032 -0.011107 -0.0121565 -0.0129708 -0.0134228 -0.0134186 -0.0128925 -0.0117958 -0.0101309 -0.00794024 -0.00534199 -0.0024907 0.0004383 0.00327761 0.00583328 0.00793257 0.00946119 0.0103637 0.0106554 0.0104046 0.00969837 0.00869169 0.0075418 0.0063792 0.00530266 0.00434327 0.00352793 0.00288255 0.0023944 0.00204899 0.0018011 0.00160324 0.00145568 0.00134694 0.00128056 0.00125707 0.00125009 0.0012598 0.00128745 0.00132444 0.00138573 0.0014513 0.00150944 0.0015617 0.00159669 0.00162918 0.00166629 0.00169291 0.0017274 0.00178593 0.00191989 0.00220414 0.00267269 0.00335115 0.00423952 0.00531199 0.00654427 0.00784259 0.00905917 0.0100313 0.0105803 0.0105897 0.00998307 0.00872512 0.00686306 0.00451195 0.00182749 -0.00100197 -0.00380216 -0.00639025 -0.00859843 -0.0102927 -0.011427 -0.0119994 -0.0120485 -0.0116411 -0.0108681 -0.00985134 -0.00870464 -0.00748065 -0.00625797 -0.00510492 -0.00406818 -0.00317666 -0.00241938 -0.00179949 -0.00133374 -0.00101937 -0.000838713 -0.000800851 -0.000915825 -0.00117611 -0.00157819 -0.00213816 -0.00287428 -0.00383001 -0.00500195 -0.00639955 -0.00805073 -0.00995467 -0.0120896 -0.0144388 -0.0169777 -0.0196279 -0.0223107 -0.0249462 -0.0274481 -0.0297143 -0.0316096 -0.0329953 -0.0337751 -0.0338555 -0.0331659 -0.0316875 -0.0294402 -0.0264327 -0.0227205 -0.0184278 -0.013667 -0.00857935 -0.00333569 0.00187824 0.00692211 0.0116556 0.0159459 0.0197001 0.022843 0.025348 0.0272172 0.0284957 0.0292247 0.029466 0.029305 0.0288586 0.0282622 0.0276047 0.0269567 0.0263734 0.025938 
0 0.00333932 0.00659759 0.00971141 0.0125908 0.0151531 0.0173276 0.0190578 0.0202477 0.0208042 0.0206823 0.019846 0.0182918 0.0160184 0.013045 0.00940118 0.00517184 0.00049281 -0.00450932 -0.00968837 -0.0149098 -0.0199969 -0.0247806 -0.0291138 -0.0328713 -0.0359608 -0.0382925 -0.0398406 -0.0405758 -0.0405127 -0.0397221 -0.0382923 -0.0363182 -0.0339044 -0.0311914 -0.0282955 -0.0253175 -0.0223557 -0.0194927 -0.016786 -0.0142876 -0.0120256 -0.0100377 -0.00833045 -0.00688019 -0.0056771 -0.00470794 -0.0039571 -0.00338774 -0.00299747 -0.00278607 -0.00274747 -0.0028736 -0.00316804 -0.00363697 -0.00429419 -0.00512077 -0.00610849 -0.00726437 -0.00855175 -0.00992723 -0.0113233 -0.0126593 -0.0138394 -0.0147482 -0.015256 -0.0152606 -0.014665 -0.0134282 -0.0115398 -0.00905477 -0.00610436 -0.00287138 0.00045017 0.00366022 0.00655321 0.00893427 0.0106795 0.0117299 0.0120846 0.0118189 0.011043 0.00991423 0.00861762 0.00731015 0.00608304 0.0049944 0.00407034 0.00333014 0.00277032 0.00237288 0.00208172 0.00186086 0.00169069 0.00156713 0.00148757 0.00145285 0.00143882 0.00144743 0.00147274 0.00151787 0.00158191 0.00165633 0.00172086 0.00177712 0.00181542 0.00185047 0.00188661 0.00192488 0.00196904 0.00205417 0.00222851 0.00256441 0.00311187 0.00389802 0.00491229 0.00614409 0.00753951 0.00899116 0.0103456 0.0114137 0.0120032 0.0119913 0.0112843 0.00984529 0.00772796 0.00505386 0.00200386 -0.00121228 -0.00438281 -0.00730198 -0.00978613 -0.0117004 -0.0129771 -0.0136324 -0.0136961 -0.0132386 -0.0123643 -0.0112127 -0.0099036 -0.00852297 -0.00714207 -0.00584537 -0.00467312 -0.00365313 -0.00279241 -0.00209653 -0.00158713 -0.00125467 -0.00108084 -0.00106963 -0.00122971 -0.00155959 -0.00206851 -0.00275752 -0.00366177 -0.00479934 -0.00618361 -0.00782357 -0.00973607 -0.0119194 -0.0143346 -0.0169539 -0.0197344 -0.0225998 -0.025463 -0.0282343 -0.0308124 -0.0330945 -0.0349375 -0.0362219 -0.0368431 -0.0367229 -0.0358114 -0.0340924 -0.0315922 -0.0283115 -0.024326 -0.0197603 -0.0147542 -0.0094436 -0.00396691 0.00151443 0.0068584 0.0119018 0.0165115 0.0205976 0.0241048 0.027001 0.02927 0.0309307 0.0320197 0.0326022 0.0327596 0.0325976 0.032232 0.0317574 0.0312511 0.0307838 0.0304306 
0 0.00356431 0.00703219 0.0103067 0.0133013 0.01592 0.0180975 0.0197528 0.0208042 0.0211757 0.0208267 0.0197553 0.0179535 0.0154493 0.0122538 0.00842553 0.00404919 -0.000760214 -0.00585647 -0.0111235 -0.016398 -0.0215473 -0.0264176 -0.030878 -0.0348096 -0.0380757 -0.0406117 -0.0423555 -0.0433083 -0.0434748 -0.0428912 -0.041629 -0.0397614 -0.0374124 -0.0347037 -0.0317527 -0.0286603 -0.0255228 -0.0224379 -0.0194908 -0.0167281 -0.0142046 -0.0119443 -0.00996481 -0.00827004 -0.00684619 -0.00570171 -0.00479949 -0.00411666 -0.00363201 -0.00334466 -0.00325952 -0.00337119 -0.00367117 -0.0041797 -0.00489099 -0.00580149 -0.00690122 -0.0081723 -0.0096185 -0.0111635 -0.012721 -0.0142026 -0.0155124 -0.0165225 -0.0170847 -0.0170642 -0.0164024 -0.01502 -0.0129131 -0.0101562 -0.00688074 -0.00327962 0.000426269 0.0040051 0.00722784 0.00990279 0.0118707 0.0130551 0.013485 0.0132071 0.0123572 0.0111271 0.00970315 0.0082435 0.00688276 0.00566316 0.00462587 0.00379559 0.00317284 0.00271316 0.00238673 0.00213362 0.00193608 0.00179127 0.00170322 0.00165305 0.00164494 0.00165123 0.00167784 0.00172217 0.00178518 0.00185366 0.0019289 0.00198482 0.00203505 0.00207691 0.0021176 0.00215842 0.00222345 0.00232941 0.00255071 0.00295134 0.00358263 0.00446638 0.00562044 0.00699545 0.00854528 0.0101577 0.0116398 0.0127841 0.0134167 0.0133574 0.0125281 0.0109065 0.00853109 0.00554258 0.0021458 -0.00142944 -0.00494957 -0.00819643 -0.0109551 -0.0130841 -0.0145275 -0.0152512 -0.0153176 -0.0148138 -0.0138531 -0.0125671 -0.0110935 -0.0095491 -0.00803117 -0.00658429 -0.00528113 -0.00414709 -0.00319449 -0.00244013 -0.0018879 -0.00154087 -0.00138365 -0.00140441 -0.00161657 -0.00203282 -0.00265265 -0.00350246 -0.00458574 -0.00593218 -0.00754187 -0.00942826 -0.0116063 -0.0140525 -0.0167284 -0.0195756 -0.0225364 -0.0255473 -0.0285187 -0.0313482 -0.0339275 -0.0361177 -0.0378143 -0.0389027 -0.0393115 -0.0389679 -0.0378147 -0.0358609 -0.0331078 -0.0296169 -0.0254485 -0.020728 -0.0155927 -0.0101633 -0.00458434 0.00102924 0.00652376 0.0117604 0.0166046 0.020965 0.0248011 0.0280684 0.0307455 0.0328204 0.034327 0.0353317 0.0359086 0.0361386 0.0361008 0.0358867 0.035595 0.0353144 0.0351057 
0 0.00369126 0.00726569 0.0106135 0.0136341 0.0162416 0.0183384 0.0198378 0.0206823 0.0208267 0.0202558 0.0189473 0.016922 0.0141998 0.0108399 0.00692214 0.00250736 -0.00228995 -0.00737176 -0.0125747 -0.0177815 -0.0228589 -0.0276944 -0.0321891 -0.0361812 -0.03958 -0.0422685 -0.0442225 -0.0454095 -0.0458345 -0.0455208 -0.0444903 -0.0428374 -0.0406467 -0.0380302 -0.0350998 -0.0319641 -0.0287211 -0.025491 -0.0223372 -0.0193519 -0.0165636 -0.0140412 -0.0118023 -0.00985028 -0.00821599 -0.00684865 -0.00577122 -0.00493891 -0.00434554 -0.00398081 -0.00383833 -0.00390733 -0.00421122 -0.00473579 -0.00549984 -0.00648377 -0.0076985 -0.0091213 -0.0106881 -0.0123687 -0.0140741 -0.0157237 -0.0171642 -0.0182561 -0.0188615 -0.0188607 -0.0181056 -0.0165814 -0.0142703 -0.0112465 -0.00765378 -0.00371392 0.000361552 0.00430319 0.00787018 0.0108163 0.0129911 0.0143297 0.0148152 0.0145396 0.0136615 0.0123305 0.0107737 0.00919242 0.00767114 0.00632742 0.00519534 0.00427384 0.00357581 0.00307044 0.00268358 0.00240477 0.00218244 0.00202341 0.00191837 0.00186473 0.00184125 0.0018495 0.00186902 0.00191935 0.00197617 0.00205426 0.00212252 0.00218536 0.00223754 0.00228493 0.00232824 0.00239481 0.00246443 0.00261219 0.00288329 0.00333953 0.00406273 0.00507302 0.00633971 0.00787675 0.00957482 0.0113039 0.0129057 0.0141359 0.0147769 0.01468 0.013727 0.0118946 0.00926321 0.00597687 0.00225702 -0.00167164 -0.00553349 -0.00908675 -0.0121153 -0.0144662 -0.0160224 -0.0168292 -0.0169086 -0.0163488 -0.0152858 -0.0138916 -0.012285 -0.0105969 -0.00889457 -0.00730737 -0.00588247 -0.00464098 -0.00361458 -0.00280314 -0.00222725 -0.00186843 -0.00172589 -0.00180082 -0.00209865 -0.00262012 -0.00338752 -0.00438359 -0.00567463 -0.00723253 -0.00909143 -0.0112433 -0.0136666 -0.0163545 -0.0192398 -0.0222745 -0.0253752 -0.0284736 -0.0314727 -0.0342683 -0.0367336 -0.0387572 -0.0402097 -0.0410412 -0.041168 -0.0405482 -0.0391497 -0.0369479 -0.0339978 -0.0303399 -0.0260945 -0.021331 -0.0161777 -0.0107513 -0.00516987 0.000430236 0.00594634 0.0112505 0.0162506 0.0208406 0.0249653 0.0285793 0.0316522 0.0341734 0.0361587 0.0376579 0.038727 0.0394256 0.0398046 0.0399497 0.0399573 0.0399233 0.0398895 
0 0.0036915 0.00726326 0.0105727 0.0135335 0.0160284 0.0179695 0.0192477 0.019846 0.0197553 0.0189473 0.0174336 0.0152072 0.0123394 0.00888262 0.00494942 0.000601326 -0.00409093 -0.00900045 -0.014036 -0.0190519 -0.0239735 -0.0286801 -0.0330765 -0.0370497 -0.0404842 -0.0433256 -0.0454733 -0.0469055 -0.0476078 -0.0475873 -0.0468709 -0.0455064 -0.0435664 -0.0411185 -0.0382787 -0.035174 -0.0319066 -0.0285837 -0.0252968 -0.0221075 -0.0191031 -0.0163365 -0.0138445 -0.011655 -0.00976904 -0.00818044 -0.00688676 -0.00588695 -0.00516033 -0.00469279 -0.00448201 -0.0045189 -0.00479656 -0.00534385 -0.00614928 -0.00721484 -0.00853023 -0.0100419 -0.0117541 -0.0135883 -0.0154317 -0.0172017 -0.0187653 -0.0199639 -0.0206264 -0.0205889 -0.0197813 -0.0181218 -0.0156069 -0.0123322 -0.00843704 -0.00414152 0.000293177 0.00457439 0.00843836 0.0116663 0.014061 0.0155363 0.0161173 0.0158509 0.0149147 0.0135166 0.011862 0.0101384 0.00849988 0.00702501 0.00576858 0.00475551 0.00399298 0.00341875 0.00300675 0.00269799 0.00244975 0.00226904 0.00215116 0.00206957 0.00204862 0.00204649 0.00206518 0.00211381 0.0021721 0.00224012 0.00232387 0.00238299 0.00244424 0.00249689 0.00254204 0.00260505 0.00271052 0.00289054 0.0032279 0.00377557 0.00459263 0.00569755 0.00710826 0.008771 0.0106041 0.0124794 0.0141748 0.0154445 0.0161059 0.0159399 0.0148544 0.012847 0.00996389 0.00637158 0.00231302 -0.0019482 -0.00612921 -0.00998019 -0.0132528 -0.0157901 -0.0175101 -0.0183657 -0.0184356 -0.0178373 -0.0167146 -0.0152051 -0.0134452 -0.0116032 -0.00978762 -0.00805496 -0.00650161 -0.00515817 -0.00405711 -0.00321183 -0.00260175 -0.00224331 -0.00214137 -0.00228645 -0.00268638 -0.00334739 -0.00426232 -0.00545447 -0.0069393 -0.0087315 -0.010836 -0.013238 -0.0159014 -0.018779 -0.0218383 -0.0250064 -0.028198 -0.0313289 -0.0342783 -0.0369337 -0.0391981 -0.0409491 -0.0421168 -0.042625 -0.0424232 -0.0414897 -0.0398104 -0.037414 -0.0342972 -0.0305684 -0.026304 -0.0215876 -0.0165253 -0.0111982 -0.00574041 -0.000235094 0.00518851 0.0104708 0.0155371 0.0202894 0.0246636 0.0285839 0.0320429 0.0350181 0.0375249 0.0395694 0.0411787 0.042402 0.0432764 0.0438791 0.0442751 0.0445358 0.0446922 
0 0.00355618 0.00699181 0.010158 0.0129333 0.0152209 0.0169194 0.0179447 0.0182918 0.0179535 0.016922 0.0152072 0.0128597 0.00992288 0.00646527 0.0025965 -0.00161841 -0.00608241 -0.0107329 -0.0154723 -0.0202328 -0.0249143 -0.0294032 -0.0336298 -0.0374795 -0.0409162 -0.0438378 -0.0461631 -0.0478227 -0.0488045 -0.0491133 -0.0487324 -0.0477147 -0.0460876 -0.0438987 -0.0412536 -0.0382729 -0.0350487 -0.0317045 -0.0283153 -0.0249965 -0.021802 -0.0188186 -0.0160803 -0.0136225 -0.0115025 -0.0096715 -0.00817681 -0.00699501 -0.00611556 -0.00552248 -0.00521625 -0.00518842 -0.00546228 -0.00601399 -0.00684902 -0.00795826 -0.00936101 -0.011008 -0.0128329 -0.0147971 -0.0167882 -0.0187078 -0.0203705 -0.0216231 -0.0223186 -0.0223112 -0.0214275 -0.0196401 -0.0169325 -0.0133961 -0.00919576 -0.0045889 0.000180682 0.00478792 0.008965 0.0124482 0.0150541 0.0166998 0.0173601 0.0171227 0.0161814 0.0146998 0.0129283 0.0110975 0.00931396 0.00772852 0.00638807 0.00528336 0.00443588 0.00380643 0.00332651 0.00299104 0.00272834 0.00253783 0.00240298 0.00231383 0.00226339 0.0022527 0.00226248 0.00231474 0.00237295 0.00245416 0.00252515 0.0025853 0.00264094 0.00269269 0.00274709 0.00284721 0.0029724 0.00321039 0.0036084 0.0042163 0.00512928 0.0063653 0.00789364 0.00971832 0.0116903 0.0136537 0.0154274 0.0167394 0.0173712 0.0171435 0.0159296 0.0137188 0.0105939 0.00672016 0.00235483 -0.00224759 -0.00675043 -0.0108733 -0.0143778 -0.0171022 -0.0189176 -0.0198631 -0.0199662 -0.0193305 -0.0181093 -0.0164882 -0.0146042 -0.0126313 -0.0106541 -0.00880896 -0.00715615 -0.00571698 -0.00454503 -0.00365036 -0.00304342 -0.00271009 -0.0026602 -0.00288682 -0.00339272 -0.00418366 -0.0052825 -0.00667149 -0.00840566 -0.0104299 -0.0127757 -0.0154131 -0.0182757 -0.0213326 -0.0245122 -0.0277557 -0.030955 -0.0340237 -0.0368362 -0.0392802 -0.0412565 -0.0426875 -0.0434961 -0.0436603 -0.043106 -0.0418417 -0.0399024 -0.0373059 -0.0341005 -0.0303386 -0.0261326 -0.0215224 -0.0166216 -0.0115077 -0.00625306 -0.000947056 0.00433179 0.00950958 0.0145566 0.0193908 0.0239478 0.0281555 0.0319817 0.0354155 0.0384481 0.0410603 0.0432478 0.0450436 0.0464783 0.0476058 0.0484529 0.0490479 0.0494144 
0 0.00327574 0.00644244 0.00932412 0.0118028 0.0137732 0.0151746 0.0159229 0.0160184 0.0154493 0.0141998 0.0123394 0.00992288 0.00701438 0.003642 -7.90281e-05 -0.00406505 -0.0082432 -0.012542 -0.0169316 -0.0213348 -0.0256894 -0.0298864 -0.0338689 -0.0375644 -0.0409173 -0.0438702 -0.0463139 -0.0481964 -0.0494796 -0.0501282 -0.0501089 -0.0494534 -0.0481898 -0.0463377 -0.0439735 -0.0411983 -0.0380951 -0.034781 -0.0313729 -0.0279664 -0.0246465 -0.0214756 -0.0185053 -0.0158045 -0.013428 -0.011365 -0.00964304 -0.0082626 -0.00720867 -0.00647082 -0.00605809 -0.00596832 -0.00619359 -0.00674051 -0.00759119 -0.00875206 -0.010226 -0.0119533 -0.0139092 -0.0160177 -0.0181383 -0.0201697 -0.0219418 -0.0232809 -0.024012 -0.0239611 -0.0230118 -0.0210929 -0.0182034 -0.0144469 -0.00998285 -0.00505922 3.3461e-05 0.00495714 0.00942205 0.0131778 0.0160028 0.017798 0.018559 0.0183529 0.0173824 0.0158591 0.0140109 0.0120595 0.010165 0.00845752 0.0070005 0.00581261 0.00489985 0.00420404 0.00368847 0.00331214 0.0030131 0.00279668 0.00264617 0.00253968 0.00249586 0.00248138 0.00248651 0.00252724 0.00257092 0.00263045 0.00270511 0.00276665 0.00283682 0.00290684 0.00297331 0.00307827 0.0032403 0.00351953 0.00399037 0.00470212 0.00571952 0.00706198 0.00872811 0.0106722 0.0127626 0.0148429 0.0166798 0.0180045 0.0186137 0.0182896 0.0169213 0.0145202 0.0111524 0.007001 0.00233314 -0.00255971 -0.00734504 -0.0117334 -0.0154647 -0.0183683 -0.0203371 -0.0213378 -0.0214363 -0.0207632 -0.0194839 -0.0177564 -0.0157318 -0.0136202 -0.0115414 -0.00958182 -0.00782543 -0.00630562 -0.00507805 -0.00416634 -0.00355143 -0.00325144 -0.00327265 -0.00359971 -0.00423221 -0.00518395 -0.00646951 -0.00809676 -0.0100673 -0.0123358 -0.0149012 -0.0177348 -0.0207729 -0.0239552 -0.0272233 -0.0304763 -0.0336055 -0.0365213 -0.0391104 -0.04127 -0.0429127 -0.043954 -0.0443647 -0.0441323 -0.0432203 -0.0416486 -0.0394596 -0.0367107 -0.0334289 -0.0297112 -0.0256193 -0.0211893 -0.016518 -0.011667 -0.00670246 -0.00164563 0.0034206 0.00845395 0.0134154 0.0182522 0.0229319 0.0273791 0.0315613 0.0354284 0.0389662 0.0421337 0.0449159 0.0473249 0.0493556 0.0510379 0.0523615 0.0533295 0.0539464 
0 0.00286222 0.00561374 0.00808166 0.0101445 0.0117267 0.0127735 0.0132143 0.013045 0.0122538 0.0108399 0.00888262 0.00646527 0.003642 0.000444236 -0.0030257 -0.00669833 -0.010517 -0.0144302 -0.0183954 -0.0223656 -0.0263037 -0.0301448 -0.0338493 -0.0373381 -0.0405667 -0.043484 -0.0460126 -0.0480936 -0.049665 -0.0506559 -0.0510061 -0.0507431 -0.0498808 -0.0484131 -0.0463916 -0.0438964 -0.0409972 -0.0378056 -0.0344348 -0.0309991 -0.0275826 -0.0242656 -0.0211091 -0.0181905 -0.0155782 -0.0132625 -0.0112931 -0.00968922 -0.00844587 -0.00755083 -0.00700938 -0.00681998 -0.00698792 -0.00750811 -0.00837002 -0.00957811 -0.011132 -0.0129583 -0.0150042 -0.0172114 -0.0194554 -0.0216113 -0.0234804 -0.0248814 -0.0256433 -0.0255901 -0.0245693 -0.0225263 -0.0194672 -0.0154907 -0.0107679 -0.00555917 -0.000157548 0.00507533 0.00982821 0.0138279 0.0168543 0.0188053 0.0196652 0.0195173 0.0185653 0.0170051 0.0150789 0.0130254 0.0110078 0.00918815 0.00763777 0.00636272 0.00537043 0.00461189 0.00403926 0.00362643 0.00330774 0.0030739 0.00290595 0.0027862 0.00272074 0.00269316 0.00268998 0.00272301 0.00276276 0.00282092 0.00288598 0.00294653 0.00301718 0.00309196 0.00317574 0.00331055 0.00350946 0.00385008 0.00439668 0.00519694 0.00632488 0.00779505 0.00958757 0.0116612 0.0138588 0.0160061 0.0178836 0.0192169 0.0197836 0.0193698 0.0178521 0.0152413 0.0116286 0.00721175 0.00226719 -0.00291347 -0.007974 -0.0126051 -0.0165471 -0.019616 -0.0216882 -0.0227535 -0.0228663 -0.0221576 -0.020805 -0.0189903 -0.0168716 -0.0146441 -0.0124297 -0.0103514 -0.00849839 -0.00691022 -0.0056464 -0.00472571 -0.00413379 -0.00387915 -0.00397932 -0.00442728 -0.00521942 -0.00636009 -0.0078589 -0.00971061 -0.011915 -0.0144076 -0.0171838 -0.0202004 -0.0233724 -0.0266361 -0.029918 -0.0331156 -0.0361059 -0.0387952 -0.0410832 -0.0428861 -0.0441319 -0.0447527 -0.0447328 -0.0440914 -0.0428148 -0.0409472 -0.0385481 -0.0356688 -0.0323586 -0.028713 -0.0247965 -0.0206103 -0.0162213 -0.0116844 -0.00704107 -0.00229843 0.0025072 0.00734434 0.0121819 0.0169782 0.02172 0.0263597 0.0308514 0.0351258 0.0391359 0.0428375 0.046212 0.0492415 0.0518754 0.0540999 0.0558974 0.0572549 0.0581562 
0 0.00230083 0.00448656 0.00640588 0.00795728 0.00909061 0.00974093 0.00984241 0.00940118 0.00842553 0.00692214 0.00494942 0.0025965 -7.90281e-05 -0.0030257 -0.00616222 -0.00945393 -0.0128686 -0.0163584 -0.0198597 -0.023355 -0.0268377 -0.0302826 -0.0336595 -0.0368938 -0.0399581 -0.0428043 -0.0453725 -0.0475941 -0.0493999 -0.0507059 -0.0514321 -0.051582 -0.0511392 -0.0500785 -0.048439 -0.0462885 -0.0436783 -0.040695 -0.0374371 -0.0340322 -0.0305745 -0.0271624 -0.023866 -0.0207627 -0.0179286 -0.0153655 -0.0131457 -0.0113076 -0.0098577 -0.00878735 -0.00810176 -0.00780072 -0.0078955 -0.00837533 -0.00923555 -0.0104727 -0.0120762 -0.0139796 -0.0161165 -0.0184279 -0.0207811 -0.0230343 -0.0249864 -0.0264475 -0.0272338 -0.0271674 -0.0260788 -0.0239194 -0.0206975 -0.0165104 -0.0115396 -0.00605504 -0.000367676 0.00514541 0.0101645 0.0144059 0.0176431 0.0197617 0.0207305 0.0206442 0.0197084 0.0181264 0.0161459 0.0140118 0.0118915 0.00996352 0.00830733 0.00693567 0.00585686 0.00503421 0.00441285 0.00396917 0.00363211 0.0033798 0.00318936 0.00304997 0.00295919 0.00291478 0.00290098 0.00292576 0.00296237 0.0030196 0.00307825 0.00313858 0.00320741 0.00328498 0.00338203 0.00354477 0.00379068 0.00420567 0.00484376 0.00574888 0.0069866 0.00857361 0.0104825 0.0126724 0.0149717 0.0171866 0.0190899 0.0204066 0.0209032 0.0203783 0.0187055 0.0158976 0.0120563 0.00738284 0.00216475 -0.0032892 -0.00860786 -0.0134627 -0.0175947 -0.0208157 -0.0229933 -0.0241213 -0.0242477 -0.0235163 -0.0221096 -0.0202109 -0.0179909 -0.0156541 -0.0133331 -0.0111631 -0.00922645 -0.00757971 -0.00628957 -0.00537141 -0.00481347 -0.00462092 -0.00481937 -0.00540841 -0.00637923 -0.00772639 -0.00945046 -0.0115293 -0.0139534 -0.0166486 -0.0196063 -0.0227683 -0.0260277 -0.0293076 -0.0325255 -0.0355865 -0.0383675 -0.0407683 -0.0426949 -0.0440807 -0.0448779 -0.0450539 -0.0446087 -0.043577 -0.0419566 -0.0398157 -0.0372426 -0.034287 -0.0310025 -0.0274664 -0.023747 -0.0198331 -0.0157607 -0.011563 -0.00725508 -0.00284249 0.00167114 0.00627645 0.0109621 0.0156949 0.0204599 0.0252276 0.0299561 0.0345774 0.0390178 0.0432185 0.0471485 0.0507596 0.0539616 0.056702 0.0589576 0.0607032 0.0618964 
0 0.00159725 0.00309116 0.00435005 0.00531869 0.00593734 0.00614996 0.00588474 0.00517184 0.00404919 0.00250736 0.000601326 -0.00161841 -0.00406505 -0.00669833 -0.00945393 -0.0123126 -0.0152794 -0.0182811 -0.0212998 -0.024307 -0.0273302 -0.0303525 -0.0333491 -0.0363032 -0.0391694 -0.0419244 -0.0444752 -0.0467724 -0.0487543 -0.0503306 -0.0514169 -0.0519692 -0.0519517 -0.051327 -0.0501139 -0.0483625 -0.046107 -0.0433936 -0.040337 -0.0370308 -0.0336045 -0.0301397 -0.0267279 -0.023471 -0.0204306 -0.0176582 -0.0152049 -0.0131349 -0.0114608 -0.0101892 -0.00933618 -0.00891937 -0.00891879 -0.00934656 -0.0101754 -0.0114189 -0.0130553 -0.0150139 -0.0172496 -0.0196661 -0.0221188 -0.0244515 -0.026474 -0.027983 -0.0287904 -0.0286896 -0.0275498 -0.0252726 -0.0218866 -0.0175041 -0.0123111 -0.00656649 -0.000625146 0.00515155 0.0104199 0.0149026 0.0183527 0.0206366 0.0217353 0.02173 0.0208138 0.01923 0.0172072 0.0149825 0.0127812 0.0107545 0.00899521 0.00754242 0.0063844 0.00548015 0.00481332 0.00432304 0.00395657 0.00368592 0.00348053 0.00331822 0.00321948 0.00315558 0.00312872 0.00313939 0.00316742 0.003205 0.00326308 0.00331656 0.00338781 0.00348175 0.00360544 0.00379431 0.00410634 0.00458622 0.00530901 0.00632677 0.00767488 0.00937443 0.0114218 0.0137156 0.0161007 0.0183754 0.020275 0.0215453 0.0219611 0.0213047 0.0194657 0.0164656 0.0124043 0.00749666 0.00201843 -0.00368124 -0.00924049 -0.0143137 -0.0186215 -0.0219699 -0.024265 -0.0254478 -0.0255956 -0.0248477 -0.0233971 -0.0214158 -0.0190934 -0.0166467 -0.0142493 -0.0120017 -0.0100049 -0.00831968 -0.0070075 -0.00610605 -0.00558872 -0.00548698 -0.00581176 -0.00655891 -0.00771302 -0.00926783 -0.0112074 -0.0135268 -0.0161587 -0.0190505 -0.0221512 -0.0254007 -0.0286953 -0.0319236 -0.0350197 -0.0378625 -0.0403513 -0.0423878 -0.0438974 -0.0448323 -0.0451665 -0.0448847 -0.0440308 -0.04263 -0.0407092 -0.0383393 -0.0356234 -0.032645 -0.02942 -0.0260345 -0.0225101 -0.0188694 -0.0151264 -0.0112802 -0.00732916 -0.00323653 0.000973362 0.00533165 0.0098347 0.0144765 0.0192394 0.024078 0.0289752 0.0338656 0.0386836 0.0433342 0.0477553 0.0518719 0.0555716 0.058788 0.0614681 0.0635671 0.0650141 
0 0.000770792 0.00145977 0.0019928 0.00229509 0.00235075 0.00207749 0.00145007 0.00049281 -0.000760214 -0.00228995 -0.00409093 -0.00608241 -0.0082432 -0.010517 -0.0128686 -0.0152794 -0.0177295 -0.0202221 -0.0227191 -0.0252509 -0.0277999 -0.0303743 -0.0329811 -0.0356139 -0.03827 -0.0408732 -0.0433704 -0.0457011 -0.047817 -0.0496232 -0.0510181 -0.0519433 -0.052349 -0.0521753 -0.0514198 -0.0500972 -0.0482237 -0.0458542 -0.0430534 -0.039947 -0.0366101 -0.0331542 -0.0296814 -0.0262986 -0.0231032 -0.0201335 -0.0174642 -0.0151603 -0.0132519 -0.011765 -0.0107284 -0.010153 -0.0100594 -0.0104032 -0.0111933 -0.0124267 -0.0140864 -0.0161121 -0.0184027 -0.020886 -0.0234387 -0.0258597 -0.0279382 -0.0294788 -0.0302902 -0.0301831 -0.0289571 -0.0265733 -0.0230526 -0.0184899 -0.0130863 -0.00712414 -0.000928657 0.00510292 0.0106215 0.0153165 0.0189638 0.0214199 0.0226417 0.0227352 0.0218903 0.0203071 0.0182485 0.0159687 0.0136654 0.0115428 0.00970502 0.00816107 0.00691945 0.00596058 0.00522052 0.00468165 0.00428801 0.00398507 0.00375771 0.00359754 0.00347413 0.00340285 0.00336581 0.00334935 0.00335629 0.00338681 0.00341857 0.00347977 0.00356398 0.00367011 0.00382738 0.00406673 0.00441867 0.00498068 0.0057989 0.00691443 0.00838879 0.0102273 0.0123809 0.0147835 0.0172431 0.0195248 0.0214087 0.0226317 0.0229432 0.022158 0.020156 0.0169433 0.0126588 0.00751882 0.00182308 -0.00410831 -0.00988353 -0.0151403 -0.0196162 -0.0231097 -0.0254775 -0.0267286 -0.0269028 -0.0261428 -0.0246333 -0.0225801 -0.0201966 -0.0176726 -0.0151743 -0.0128641 -0.0108187 -0.00910821 -0.00779871 -0.00691358 -0.00647896 -0.00648251 -0.00695234 -0.00787796 -0.00923276 -0.0109987 -0.0131629 -0.0156875 -0.0185221 -0.0215654 -0.0247681 -0.028052 -0.0313024 -0.0344349 -0.0373344 -0.0399088 -0.0420344 -0.0436411 -0.0446895 -0.0451572 -0.0450276 -0.0443064 -0.0430373 -0.0412901 -0.039106 -0.0365632 -0.0337725 -0.0307861 -0.0276673 -0.0244349 -0.0211362 -0.0177674 -0.0143388 -0.01085 -0.00723191 -0.00346893 0.000472557 0.00458197 0.00889365 0.0134211 0.0181402 0.0230231 0.0280163 0.0331047 0.0382029 0.0432151 0.048033 0.0525486 0.0566655 0.060285 0.0633414 0.065729 0.0673762 
