0 0 0 0 0 0 0 0 0 0 0 0 0 0 0 0 0 0 0 0 0 0 0 0 0 0 0 0 0 0 0 0 0 0 0 0 0 0 0 0 0 0 0 0 0 0 0 0 0 0 0 0 0 0 0 0 0 0 0 0 0 0 0 0 0 0 0 0 0 0 0 0 0 0 0 0 0 0 0 0 0 0 0 0 0 0 0 0 0 0 0 0 0 0 0 0 0 0 0 0 0 0 0 0 0 0 0 0 0 0 0 0 0 0 0 0 0 0 0 0 0 0 0 0 0 0 0 0 0 0 0 0 0 0 0 0 0 0 0 0 0 0 0 0 0 0 0 0 0 0 0 0 0 0 0 0 0 0 0 0 0 0 0 0 0 0 0 0 0 0 0 0 0 0 0 0 0 0 0 0 0 0 0 0 0 0 0 0 0 0 0 0 0 0 0 0 0 0 0 0 
0 4.71214e-06 2.27168e-05 3.74704e-05 4.81319e-05 5.61155e-05 6.95526e-05 8.64747e-05 0.000104991 0.000120685 0.000127043 0.000145662 0.000169483 0.000192213 0.000205689 0.000216782 0.000237428 0.000262084 0.000292676 0.00030773 0.000322335 0.000342003 0.000375139 0.000415164 0.00043916 0.000458429 0.000485791 0.000534637 0.000582685 0.000625409 0.000664477 0.000707783 0.000776424 0.000871386 0.000966183 0.00106331 0.00117355 0.00131107 0.0014785 0.00166171 0.00185265 0.00201997 0.00217625 0.00230682 0.00241722 0.0024664 0.00240828 0.00224201 0.00195955 0.00156089 0.00104993 0.000442551 -0.000246786 -0.00100161 -0.0017939 -0.00255852 -0.00325397 -0.00383381 -0.00428355 -0.00457053 -0.00471227 -0.00471475 -0.00457463 -0.00431204 -0.00396049 -0.00354493 -0.00309875 -0.00264888 -0.00221885 -0.00183184 -0.00148637 -0.00118882 -0.000928953 -0.000711385 -0.000534241 -0.000393192 -0.000270624 -0.000187504 -0.000117005 -5.91875e-05 -1.79699e-05 1.02557e-05 2.81648e-05 2.52775e-05 3.4439e-05 3.59747e-05 3.75961e-05 4.03374e-05 4.37371e-05 4.83088e-05 5.45026e-05 4.75105e-05 4.46196e-05 3.55748e-05 3.52732e-05 3.78098e-05 4.0191e-05 4.61242e-05 5.2964e-05 5.14696e-05 5.40173e-05 4.47829e-05 4.06913e-05 4.10273e-05 4.41371e-05 5.0644e-05 5.72536e-05 5.80321e-05 6.52906e-05 6.2297e-05 6.19165e-05 5.47979e-05 5.15412e-05 5.99446e-05 7.03037e-05 7.13647e-05 7.36176e-05 5.83035e-05 5.24699e-05 4.03506e-05 1.2042e-05 -2.71813e-05 -7.32382e-05 -0.000142677 -0.000222127 -0.000335275 -0.000476255 -0.000648083 -0.00085301 -0.00110522 -0.00139653 -0.0017389 -0.00213081 -0.00257511 -0.00304625 -0.00351211 -0.00395149 -0.00432785 -0.00460822 -0.00478122 -0.00481774 -0.00469326 -0.004409 -0.00394644 -0.00333791 -0.00260971 -0.00181497 -0.000991217 -0.000190067 0.000546194 0.00118982 0.00173242 0.0021551 0.00244942 0.00260581 0.00265605 0.00261632 0.0025085 0.00237307 0.00220238 0.00201858 0.00182268 0.00163886 0.00147629 0.00134003 0.00122146 0.00110936 0.00100692 0.000923061 0.000864484 0.000824277 0.000777596 0.000724662 0.000685998 0.000655312 0.000640397 0.000620501 0.000589539 0.000549596 0.000530122 0.000530893 0.000518118 0.00049224 0.000457989 0.000445274 0.000447997 0.000445203 0.000419349 0.000389962 0.00038879 0.000399165 0.000395277 0.000368152 0.000351662 0.000362672 0.000376317 0.000366076 0.000342084 0.00034075 0.00035973 
0 2.27168e-05 5.02352e-05 8.22051e-05 9.86563e-05 0.000133941 0.00015276 0.00017844 0.000209374 0.000242728 0.0002697 0.000287168 0.000329072 0.000360427 0.000403578 0.000433246 0.000465774 0.000510473 0.000560604 0.000618601 0.000656002 0.000705234 0.000758959 0.000833942 0.000900441 0.000949465 0.00101193 0.00108623 0.00117133 0.00126073 0.00135547 0.00145047 0.00157548 0.00174386 0.00193436 0.00213735 0.00237732 0.00264807 0.00295868 0.0032996 0.00364468 0.00398164 0.00428274 0.00453486 0.00471401 0.00478112 0.00467851 0.00437196 0.00383128 0.00305673 0.00206775 0.00088446 -0.000486727 -0.00198126 -0.00351381 -0.00501952 -0.00639108 -0.00756107 -0.0084649 -0.00905621 -0.00934293 -0.00932905 -0.00905046 -0.00855661 -0.00786973 -0.00707048 -0.00620577 -0.00531158 -0.00445764 -0.00368383 -0.0030023 -0.00239803 -0.00188009 -0.00144877 -0.00108422 -0.00079296 -0.000561613 -0.00037368 -0.00024067 -0.000132707 -4.78511e-05 4.71504e-06 3.1711e-05 4.96706e-05 7.00181e-05 8.57608e-05 9.20616e-05 9.02561e-05 7.90151e-05 8.12327e-05 8.34559e-05 7.89595e-05 8.30691e-05 8.43213e-05 8.7418e-05 9.27412e-05 8.54005e-05 8.22699e-05 8.13227e-05 8.19519e-05 8.91229e-05 8.96125e-05 9.44096e-05 0.000101484 0.000101516 0.00010526 9.89572e-05 9.46273e-05 0.000106376 0.000115469 0.000124035 0.000126708 0.000121402 0.000128756 0.000135899 0.000134829 0.00012176 0.000107668 9.91541e-05 7.36152e-05 2.54267e-05 -5.14407e-05 -0.000164418 -0.000288108 -0.000459859 -0.00069163 -0.000968052 -0.00131364 -0.00173518 -0.00223316 -0.00282425 -0.0035088 -0.00429174 -0.00515359 -0.00607213 -0.00698902 -0.00784099 -0.00859621 -0.00916923 -0.00949646 -0.00954484 -0.00928025 -0.00869003 -0.00776992 -0.00656129 -0.00513976 -0.00355393 -0.00192487 -0.000365319 0.00107043 0.00233559 0.00338807 0.00419767 0.00475886 0.00508855 0.00520753 0.00513121 0.00492889 0.00465962 0.00434983 0.00399723 0.00363296 0.0032791 0.0029524 0.00267612 0.00243752 0.0022292 0.00204298 0.00187748 0.00175248 0.00166303 0.00157368 0.00149128 0.0014123 0.00134634 0.00128466 0.00124234 0.00119269 0.00112289 0.00107942 0.00104038 0.00101274 0.000969463 0.000932472 0.000898771 0.00087518 0.000866166 0.000833387 0.0008096 0.00078688 0.000785248 0.000773795 0.000751752 0.000736739 0.000728935 0.000736098 0.000720793 0.000710516 0.000703081 0.000709545 
0 3.74704e-05 8.22051e-05 0.000112368 0.000151671 0.00019861 0.000240847 0.000268783 0.000307907 0.000364822 0.000402811 0.000446924 0.000487793 0.000539492 0.000598107 0.000657644 0.000717584 0.000767235 0.000844151 0.000918125 0.00100343 0.00107723 0.00115325 0.00125233 0.00134809 0.00145094 0.00155097 0.00166712 0.00178159 0.00192245 0.00208769 0.00225175 0.00244119 0.00268061 0.0029453 0.00325467 0.00360777 0.00399902 0.00442405 0.00487431 0.00536224 0.00581885 0.00624859 0.00658455 0.00683083 0.00690696 0.00672413 0.00628088 0.00552884 0.00443245 0.00298904 0.00125105 -0.000722614 -0.00287145 -0.00511841 -0.00730627 -0.00932964 -0.0110598 -0.0124294 -0.0133278 -0.0137827 -0.0138138 -0.0134316 -0.0127048 -0.0117269 -0.0105648 -0.00930119 -0.00800558 -0.00674659 -0.00559603 -0.00456345 -0.00366908 -0.00288907 -0.00223027 -0.00168382 -0.00124052 -0.00086107 -0.000598812 -0.000388058 -0.000221678 -0.000102825 -1.66165e-05 4.73446e-05 6.41959e-05 0.000109343 0.000126507 0.000129266 0.000123379 0.000115197 0.000115649 0.00012999 0.000121319 0.000128765 0.000121194 0.000127911 0.000131059 0.00012392 0.000121969 0.000127051 0.000122275 0.000137897 0.000131011 0.000136098 0.000144729 0.00014982 0.000154369 0.000154831 0.000145417 0.000162237 0.000165042 0.000181147 0.000179412 0.000178647 0.000196245 0.000208948 0.000194767 0.000185885 0.000141692 0.000127772 9.81917e-05 1.94613e-05 -0.000101124 -0.000254891 -0.000477048 -0.00073326 -0.00108046 -0.00150681 -0.00202816 -0.00265651 -0.00342594 -0.00431232 -0.00533557 -0.00648588 -0.00776639 -0.00911257 -0.0104436 -0.0117017 -0.0127835 -0.0135828 -0.0140468 -0.0140919 -0.0136588 -0.0127614 -0.0113705 -0.00958166 -0.00747418 -0.00518623 -0.00282271 -0.000528679 0.00157053 0.00338882 0.00490052 0.0060695 0.00688942 0.00734805 0.00752326 0.00744821 0.00717614 0.0068147 0.00636253 0.00588712 0.00539027 0.00491171 0.00445839 0.0040526 0.0037025 0.00339808 0.00313203 0.00289442 0.00269323 0.0025363 0.00239304 0.00226531 0.00216589 0.00204874 0.0019478 0.00186267 0.00179699 0.00171574 0.00163985 0.00157307 0.00149922 0.001458 0.00141527 0.00136857 0.00130987 0.00127305 0.00125387 0.00123074 0.00120159 0.00116143 0.00114483 0.00113959 0.00113054 0.00110517 0.00107897 0.00107585 0.00108246 0.00107918 0.00105613 
0 4.81319e-05 9.86563e-05 0.000151671 0.000183543 0.00025304 0.000306014 0.000360305 0.00041229 0.000471794 0.000538895 0.000602068 0.00068449 0.000732565 0.000805648 0.000887438 0.000979371 0.00106155 0.00113211 0.00122998 0.001333 0.00145789 0.00156219 0.00168034 0.00180787 0.00194967 0.00212039 0.00228572 0.00244748 0.0026351 0.00286706 0.00311137 0.00338243 0.00369538 0.00403947 0.00442042 0.00487005 0.00535512 0.00587046 0.00640866 0.00695413 0.00749872 0.00799471 0.00839581 0.00865236 0.00870541 0.00847637 0.00791601 0.00695678 0.00557117 0.00377209 0.00159614 -0.000930777 -0.0036941 -0.00654713 -0.00936911 -0.0119815 -0.0142572 -0.0160692 -0.0173107 -0.0179727 -0.018057 -0.0176195 -0.0167495 -0.0155038 -0.0140253 -0.0124065 -0.0107209 -0.00908693 -0.00757947 -0.00622488 -0.00501276 -0.0039616 -0.00307705 -0.00233159 -0.0017317 -0.0012501 -0.000861006 -0.000569443 -0.000329447 -0.00014182 -2.20979e-05 4.16577e-05 7.92095e-05 0.000118552 0.000149334 0.000165883 0.00017139 0.000164739 0.000177201 0.000183767 0.000171673 0.000168027 0.000160675 0.000162818 0.000174306 0.000170163 0.000174217 0.000179466 0.000182169 0.000190232 0.000183058 0.000182104 0.000189764 0.000193077 0.000207556 0.000208869 0.000209587 0.000229974 0.000240777 0.000246899 0.000243199 0.00023145 0.000245162 0.000262467 0.000265007 0.00024347 0.000208946 0.00017426 0.000103918 -1.24841e-05 -0.000181778 -0.000414896 -0.000681776 -0.00103988 -0.00151694 -0.00209349 -0.00280753 -0.00367082 -0.0046855 -0.00587128 -0.00722966 -0.00876192 -0.0104283 -0.0121715 -0.0138833 -0.0154536 -0.0168173 -0.0178265 -0.0183663 -0.0183636 -0.0177551 -0.0165226 -0.0146742 -0.0123111 -0.00958958 -0.00661793 -0.00359259 -0.000694857 0.00197289 0.00431254 0.0062392 0.00769702 0.00869352 0.00928404 0.00953214 0.00946812 0.00918297 0.00875716 0.00823672 0.0076515 0.0070701 0.00651672 0.00598387 0.00548798 0.00502905 0.00462999 0.00428799 0.00398122 0.0037139 0.00348133 0.00325721 0.00307598 0.00292608 0.0027855 0.00263091 0.00250591 0.00240117 0.00229236 0.00221424 0.00211626 0.00202891 0.00195014 0.00190413 0.00184665 0.00177132 0.00171977 0.00167094 0.00165101 0.00160434 0.0015604 0.00152296 0.00150891 0.00150188 0.00146773 0.00144472 0.00142695 0.00144287 0.00143487 0.00141419 
0 5.61155e-05 0.000133941 0.00019861 0.00025304 0.000317787 0.000394338 0.000463982 0.000530362 0.000600055 0.000663508 0.000756708 0.000848347 0.000923269 0.000999288 0.00109984 0.00122294 0.00132822 0.00143931 0.00154925 0.00169346 0.00184845 0.0019988 0.00215877 0.00231982 0.00251475 0.00273235 0.00296321 0.00318085 0.00343229 0.00373569 0.00405634 0.00440495 0.00479581 0.00520308 0.00565783 0.00616605 0.00670693 0.00725951 0.00781356 0.00839165 0.00893692 0.0094481 0.00983948 0.0100923 0.010112 0.0098011 0.00914673 0.00806823 0.006491 0.00439526 0.00183845 -0.00110472 -0.00433936 -0.00774085 -0.0111034 -0.0142667 -0.0170491 -0.0193181 -0.0209022 -0.021796 -0.0220085 -0.0215634 -0.0205607 -0.0191335 -0.0173976 -0.0154775 -0.013478 -0.0115032 -0.00965571 -0.00796591 -0.00646499 -0.00514349 -0.00401519 -0.0030704 -0.00229877 -0.00165331 -0.00117731 -0.000794813 -0.000486031 -0.00025551 -9.05214e-05 2.33236e-05 7.28477e-05 0.000144794 0.000181665 0.000195213 0.000195955 0.0001933 0.000202089 0.000221263 0.000208577 0.000209094 0.000196377 0.000202772 0.000209893 0.000206195 0.000207904 0.000216785 0.000214843 0.000230975 0.000220775 0.000222692 0.000231124 0.000240155 0.000252693 0.000259393 0.000255129 0.000277017 0.000281616 0.000297404 0.000292531 0.000288954 0.000310434 0.000327091 0.000310063 0.000286813 0.000216303 0.000166441 8.43188e-05 -7.04108e-05 -0.000292118 -0.000575962 -0.000958707 -0.00142004 -0.00202795 -0.0027735 -0.00368098 -0.00476663 -0.00606221 -0.00754289 -0.0092224 -0.0110836 -0.013109 -0.0151975 -0.0172251 -0.019097 -0.0206741 -0.0218014 -0.0223787 -0.0222864 -0.0214438 -0.0198651 -0.0175507 -0.01466 -0.011353 -0.0078302 -0.00425051 -0.000803796 0.00234337 0.00506056 0.00728716 0.00897696 0.0101427 0.0108171 0.0111211 0.0111069 0.0108345 0.0104137 0.00985567 0.00925666 0.00864857 0.00806826 0.00749609 0.00693808 0.00641417 0.00594212 0.00552865 0.00515393 0.00481357 0.00450944 0.00421718 0.00396333 0.00376706 0.00356757 0.00337848 0.00320167 0.00305082 0.0029033 0.0027858 0.00268005 0.0025556 0.00245511 0.00236782 0.00229902 0.00222651 0.00216207 0.00209842 0.00204394 0.00200961 0.00197205 0.00193453 0.00189259 0.00186564 0.00185196 0.00183547 0.00181177 0.00179091 0.00178327 0.00178116 
0 6.95526e-05 0.00015276 0.000240847 0.000306014 0.000394338 0.000469822 0.000550995 0.000641507 0.000734855 0.000819495 0.000902785 0.0010158 0.00111696 0.00123225 0.00134374 0.00146519 0.00159915 0.00174623 0.00190966 0.00206846 0.0022483 0.00243682 0.00265704 0.00288626 0.0031264 0.00339673 0.00368418 0.00398695 0.00432749 0.00471127 0.00510328 0.00552073 0.00597866 0.00645988 0.00696262 0.00750364 0.00804603 0.00857825 0.00910103 0.00961676 0.0101175 0.0105642 0.0108994 0.0110747 0.0110278 0.0106794 0.00997189 0.00880252 0.00709497 0.00482714 0.00203304 -0.00124058 -0.00486418 -0.0086707 -0.0124961 -0.0161343 -0.0194007 -0.0221033 -0.0240623 -0.0252219 -0.0255764 -0.0251852 -0.0241631 -0.0226136 -0.0207009 -0.0185481 -0.0162621 -0.0139839 -0.0118235 -0.00983232 -0.00802832 -0.00643588 -0.00506709 -0.00390282 -0.00294551 -0.00216611 -0.00154737 -0.00106893 -0.000681624 -0.000380846 -0.000171625 -3.57061e-05 5.81238e-05 0.000146268 0.000208181 0.000235938 0.000238456 0.000227791 0.00023768 0.000248054 0.00024245 0.000245531 0.000245581 0.000254163 0.000264296 0.000253435 0.000247419 0.000246216 0.000249394 0.000265493 0.000269436 0.000277925 0.000291467 0.000296558 0.000306038 0.000302058 0.000297973 0.000318596 0.000337966 0.000357128 0.000363617 0.000358142 0.000368716 0.000373336 0.000352766 0.000304483 0.000234787 0.00016053 3.83243e-05 -0.000159154 -0.000442551 -0.000821507 -0.00128239 -0.0018706 -0.00262601 -0.00354153 -0.00465698 -0.00599109 -0.00754828 -0.00932795 -0.0113208 -0.0135078 -0.015834 -0.0182075 -0.0204938 -0.0225608 -0.024295 -0.0255068 -0.0260408 -0.0257867 -0.0246791 -0.0227249 -0.019975 -0.0165959 -0.0128015 -0.00876627 -0.00471786 -0.000874865 0.00261121 0.00561262 0.00804565 0.0098715 0.0111282 0.0118979 0.0122742 0.0123044 0.0120829 0.0117056 0.0112222 0.0106739 0.0101135 0.00955319 0.00897984 0.00841143 0.00786186 0.00735492 0.00688234 0.00642761 0.00600671 0.00562905 0.00526913 0.00494956 0.00466533 0.00439789 0.00414298 0.00392935 0.00373661 0.00353945 0.00338127 0.00323431 0.00310448 0.00297761 0.00286937 0.00276997 0.00268446 0.00262149 0.00253907 0.00246949 0.00241022 0.00237978 0.00233909 0.00228314 0.00223994 0.00222008 0.00221837 0.00218338 0.00215355 0.00213749 0.00214877 
0 8.64747e-05 0.00017844 0.000268783 0.000360305 0.000463982 0.000550995 0.000633921 0.000744675 0.000871028 0.000973098 0.00106684 0.00118496 0.00132429 0.00147151 0.00160388 0.00173613 0.0018902 0.0020815 0.00227896 0.00246957 0.00267158 0.00290665 0.00318801 0.00348026 0.00378212 0.00411263 0.00448489 0.00488887 0.00532953 0.00579758 0.00626759 0.00676176 0.00729049 0.00781659 0.00833223 0.00883975 0.00932403 0.0097776 0.0102015 0.0106042 0.010963 0.0112715 0.0114872 0.0115817 0.0114761 0.011077 0.0103297 0.00913144 0.00738127 0.00503452 0.00211412 -0.00132893 -0.0051919 -0.0093215 -0.0135134 -0.0175589 -0.0212421 -0.0243534 -0.0266839 -0.0281566 -0.0287509 -0.0284991 -0.0275091 -0.0259212 -0.0238906 -0.0215622 -0.0190651 -0.0165363 -0.0140985 -0.0118165 -0.00973196 -0.0078685 -0.0062468 -0.00486316 -0.0037116 -0.00276099 -0.00201342 -0.00141622 -0.000931836 -0.000557283 -0.000286167 -0.000100377 1.99877e-05 0.000131506 0.000206076 0.000242989 0.000256319 0.000262086 0.000279761 0.000298118 0.000290869 0.000285572 0.000276797 0.000282563 0.000291962 0.000290659 0.00029205 0.000298442 0.000302775 0.000315651 0.000312449 0.000314475 0.00032337 0.000334632 0.000350668 0.000359091 0.000362275 0.000382035 0.000394166 0.000407757 0.000405879 0.000400751 0.000412803 0.000417073 0.000388181 0.000330519 0.000230493 0.000118956 -4.66093e-05 -0.000304577 -0.000660793 -0.00111975 -0.00169879 -0.00241682 -0.00332658 -0.00443399 -0.0057677 -0.00734589 -0.00917756 -0.0112415 -0.0135228 -0.0159903 -0.018589 -0.0211997 -0.0236746 -0.0258804 -0.0276637 -0.0288387 -0.0292566 -0.0287945 -0.0273885 -0.0250647 -0.0218945 -0.018077 -0.0138438 -0.00942361 -0.00503579 -0.000900618 0.00280379 0.00594873 0.00847642 0.0103734 0.0116842 0.0124876 0.012901 0.012997 0.0128648 0.0126055 0.012249 0.0118384 0.011393 0.0109249 0.0104268 0.00991151 0.00939065 0.00886886 0.00834311 0.00781555 0.00731644 0.0068606 0.00642167 0.00600955 0.00563444 0.00528167 0.00496831 0.00470142 0.00445888 0.00421535 0.00400555 0.00382744 0.00366754 0.00352525 0.00339069 0.00326443 0.00315391 0.0030711 0.00299025 0.00290765 0.00283133 0.00277479 0.0027321 0.00268589 0.00263828 0.00260128 0.00257893 0.00255511 0.0025362 0.00252016 0.00251048 
0 0.000104991 0.000209374 0.000307907 0.00041229 0.000530362 0.000641507 0.000744675 0.000863139 0.000993875 0.0011179 0.00124502 0.00138368 0.0015316 0.00168666 0.0018504 0.00202471 0.00221205 0.00242272 0.00264604 0.002885 0.0031466 0.00344367 0.00377899 0.00413296 0.00451219 0.00493478 0.00540789 0.00591252 0.0064432 0.0069915 0.00754545 0.00811834 0.00870049 0.00924204 0.00972352 0.0101489 0.0105201 0.0108347 0.0110911 0.0112931 0.0114324 0.0115267 0.0115693 0.0115438 0.0113723 0.0109526 0.0102073 0.00903312 0.00732928 0.00503457 0.00213424 -0.00135013 -0.00533534 -0.00966908 -0.0141366 -0.0185136 -0.0225617 -0.0260481 -0.0287535 -0.0305656 -0.0314433 -0.0314038 -0.0305414 -0.0289992 -0.0269357 -0.0245076 -0.02186 -0.019137 -0.0164687 -0.0139304 -0.0115768 -0.00944532 -0.00756762 -0.00595331 -0.00459692 -0.00347311 -0.00257294 -0.00184365 -0.00125026 -0.0007868 -0.000446741 -0.000210328 -4.74019e-05 9.1101e-05 0.000189759 0.000245762 0.000272715 0.000289882 0.000312424 0.000330815 0.000326075 0.000317244 0.00030932 0.000314954 0.00032471 0.000327217 0.00033006 0.000336619 0.000343305 0.000353663 0.000352758 0.000353934 0.000361768 0.00037473 0.00039176 0.000403838 0.000412685 0.000431671 0.000446089 0.000456732 0.000452371 0.000444332 0.000447513 0.000442075 0.000402597 0.000325714 0.000201248 4.49747e-05 -0.000178033 -0.000505371 -0.000945494 -0.00150271 -0.0022006 -0.00306531 -0.00414736 -0.00546185 -0.00702772 -0.00885735 -0.01095 -0.0132787 -0.0158204 -0.018532 -0.0213442 -0.0241244 -0.0267142 -0.0289663 -0.0307154 -0.0317781 -0.0320014 -0.0312689 -0.0295342 -0.0268346 -0.0232738 -0.01907 -0.0144781 -0.00975715 -0.00514753 -0.000873196 0.00289752 0.00606074 0.00857665 0.0104496 0.0117389 0.0125414 0.0129823 0.0131547 0.013154 0.0130679 0.0129127 0.0127027 0.0124413 0.0121383 0.0117899 0.0113934 0.0109441 0.0104393 0.00988871 0.00931835 0.00876337 0.00823072 0.00769864 0.00718219 0.00670871 0.00627477 0.00588828 0.00554331 0.0052236 0.00492296 0.00466783 0.00445375 0.004255 0.00407516 0.0039147 0.00377293 0.0036441 0.00353283 0.00343806 0.00335269 0.00326929 0.00318929 0.00312855 0.00308704 0.00304541 0.00299365 0.0029468 0.0029247 0.00292245 0.0029079 0.00287721 
0 0.000120685 0.000242728 0.000364822 0.000471794 0.000600055 0.000734855 0.000871028 0.000993875 0.00111375 0.00126284 0.00142619 0.00159549 0.00174021 0.00190318 0.0021037 0.00232606 0.00255287 0.00277717 0.00304121 0.0033379 0.0036743 0.0040358 0.00442861 0.00486265 0.00533851 0.00587209 0.00644389 0.0070489 0.00767821 0.00832105 0.0089611 0.00958883 0.01018 0.0106997 0.0111098 0.0114147 0.0116079 0.0116973 0.0117001 0.0116177 0.0114865 0.0113148 0.0111444 0.0109572 0.0107029 0.0102911 0.00960673 0.00853641 0.0069732 0.00483697 0.00207543 -0.00132748 -0.00530474 -0.0097067 -0.014352 -0.0189827 -0.0233506 -0.0271818 -0.0302609 -0.0324311 -0.033627 -0.0338637 -0.0332204 -0.0318113 -0.0298104 -0.0273685 -0.0246341 -0.0217733 -0.0189177 -0.0161635 -0.0135662 -0.0111863 -0.00905907 -0.00720127 -0.00561719 -0.00430783 -0.00322726 -0.00236135 -0.00165829 -0.00109788 -0.000678825 -0.000379942 -0.00014449 3.13675e-05 0.000165614 0.000243452 0.000278531 0.000297213 0.000323146 0.000338435 0.00034718 0.000344394 0.000348312 0.000355098 0.000363615 0.000360752 0.000357384 0.00035585 0.000366194 0.000376068 0.000388565 0.000396576 0.000409673 0.000421214 0.000433347 0.000437426 0.000445351 0.000458389 0.000482581 0.000494641 0.000500002 0.000493614 0.000481959 0.000453728 0.000392072 0.000272602 0.00012254 -8.31625e-05 -0.000367395 -0.000762659 -0.00129411 -0.00197734 -0.00280766 -0.00384749 -0.00511925 -0.00664671 -0.00844636 -0.0105277 -0.0128679 -0.0154455 -0.0182141 -0.0211246 -0.0240782 -0.0269504 -0.0295792 -0.0317889 -0.0334243 -0.0343001 -0.0342509 -0.0331863 -0.0310897 -0.0280077 -0.0240938 -0.0195671 -0.0147165 -0.00979217 -0.0050724 -0.000786685 0.00291738 0.00596918 0.00835155 0.010101 0.0112969 0.0120678 0.0125242 0.0127734 0.0129267 0.0130434 0.0131533 0.0132149 0.0132273 0.0131702 0.013035 0.012811 0.0124813 0.0120496 0.0115263 0.010944 0.0103397 0.00972281 0.00909618 0.00848639 0.00791099 0.00738547 0.00689434 0.00645439 0.00605207 0.00569259 0.00538532 0.00511045 0.00486793 0.00464145 0.00445671 0.00429429 0.00414788 0.00401219 0.00388978 0.00379824 0.00371003 0.00362789 0.00354567 0.00348827 0.00344645 0.00339728 0.00335 0.00331178 0.00330087 0.00328255 0.00325879 
0 0.000127043 0.0002697 0.000402811 0.000538895 0.000663508 0.000819495 0.000973098 0.0011179 0.00126284 0.00142464 0.00161633 0.00179208 0.00197784 0.00216883 0.00240038 0.00264915 0.00290102 0.00317813 0.00348503 0.00384841 0.00423597 0.00466611 0.00513655 0.00566701 0.00626327 0.00690498 0.00758608 0.00829942 0.00904374 0.00979215 0.0105121 0.0111646 0.0117275 0.0121664 0.0124664 0.0125879 0.0125357 0.0123175 0.0119712 0.0115536 0.0110849 0.0106226 0.0102047 0.00985504 0.00952348 0.0091226 0.008546 0.00766935 0.00633996 0.00444688 0.00191344 -0.00127312 -0.00510445 -0.00948423 -0.0141885 -0.0189922 -0.0236058 -0.0277506 -0.0311832 -0.0337321 -0.0353132 -0.0358967 -0.0355286 -0.0343548 -0.0324908 -0.0301037 -0.0273654 -0.0244253 -0.0214321 -0.0184945 -0.0156959 -0.0130866 -0.0107147 -0.00862339 -0.00680998 -0.00527572 -0.00402304 -0.00298704 -0.00214712 -0.00148268 -0.000966949 -0.000578181 -0.000291402 -6.2398e-05 0.000102812 0.000204868 0.000262512 0.000304769 0.000333429 0.000361964 0.000373336 0.000371714 0.000373675 0.000381241 0.000384422 0.000390577 0.000387598 0.000391651 0.000400718 0.000410322 0.000420057 0.000429896 0.000438421 0.000457001 0.000467779 0.000478863 0.00049012 0.000502858 0.000517646 0.000530459 0.000524985 0.000515241 0.000494615 0.000448749 0.0003549 0.000213616 7.02523e-06 -0.000259958 -0.00061296 -0.00110343 -0.00174801 -0.00254803 -0.00355459 -0.00477134 -0.00623971 -0.00799565 -0.0100314 -0.0123479 -0.0149313 -0.0177288 -0.0206882 -0.0237359 -0.0267839 -0.0296784 -0.0322522 -0.0343521 -0.0357698 -0.0363512 -0.0359677 -0.0345358 -0.0320561 -0.0286139 -0.0243809 -0.0196054 -0.0145571 -0.00956005 -0.00485579 -0.000657191 0.00287449 0.00569239 0.00782795 0.00936898 0.0104149 0.0110862 0.0115239 0.0118597 0.0121757 0.0125339 0.0129268 0.0133376 0.0137001 0.0139766 0.014132 0.0141355 0.0139895 0.0136851 0.0132417 0.0126808 0.0120324 0.0113287 0.010614 0.00990985 0.00923884 0.00858928 0.00798432 0.0074331 0.00695392 0.0065409 0.0061556 0.00581624 0.00550716 0.00525914 0.00504038 0.00484627 0.00467038 0.00450638 0.00437663 0.00425308 0.00416 0.00406679 0.00398141 0.0039014 0.00383823 0.00380146 0.00375719 0.00371842 0.00367238 0.00365544 0.00365184 
0 0.000145662 0.000287168 0.000446924 0.000602068 0.000756708 0.000902785 0.00106684 0.00124502 0.00142619 0.00161633 0.00179059 0.0019943 0.00222152 0.0024677 0.00271623 0.00297533 0.00327998 0.00360831 0.00398861 0.00439867 0.00485996 0.00537478 0.00594238 0.00658934 0.00729935 0.00807052 0.00886918 0.00970096 0.0105475 0.0113743 0.0121484 0.0128072 0.0132984 0.013616 0.0137168 0.013592 0.013228 0.0126452 0.011902 0.0110523 0.0102143 0.00941985 0.00875894 0.00822896 0.00782743 0.00749669 0.00707949 0.00643505 0.00542314 0.00390044 0.00173001 -0.00116633 -0.00477749 -0.00899649 -0.0136812 -0.0185596 -0.0233576 -0.0277599 -0.0315453 -0.0344843 -0.0364594 -0.0374429 -0.0374557 -0.0365637 -0.0349234 -0.0326804 -0.0299964 -0.0270569 -0.0239957 -0.0209337 -0.0179499 -0.0151318 -0.0125362 -0.0102095 -0.00816703 -0.00644109 -0.00496068 -0.00374455 -0.00274781 -0.00193748 -0.00131557 -0.00085819 -0.000484052 -0.000223307 -1.09953e-05 0.000137295 0.000228614 0.000292335 0.000344271 0.000365419 0.000387487 0.000381154 0.000385286 0.000387863 0.000397337 0.000405204 0.00041347 0.000416753 0.000432068 0.000432477 0.000444872 0.000446702 0.000458398 0.000473338 0.000490567 0.000505561 0.000526609 0.000534443 0.0005571 0.000548372 0.000537667 0.00051343 0.000466221 0.000397998 0.000292175 9.76722e-05 -0.000137682 -0.000485073 -0.000946734 -0.00154341 -0.00231334 -0.00327691 -0.00442462 -0.00584177 -0.00752552 -0.00951278 -0.0117913 -0.0143476 -0.017129 -0.0201017 -0.0231978 -0.0263468 -0.029409 -0.0322541 -0.0347097 -0.0365725 -0.0376955 -0.0379315 -0.0371475 -0.0353082 -0.032454 -0.0286629 -0.0241578 -0.0191767 -0.0140456 -0.00903841 -0.00445464 -0.00049918 0.00273231 0.0052415 0.00706467 0.0082998 0.00908666 0.0096176 0.0100167 0.0104185 0.0109197 0.0115244 0.0122579 0.0130275 0.0137956 0.0144732 0.0149967 0.0153161 0.0154082 0.0152902 0.0149706 0.0144756 0.0138306 0.0130731 0.0122782 0.0114812 0.0106862 0.00992635 0.00919544 0.00853767 0.00795257 0.0074478 0.00698888 0.00656664 0.00621493 0.00590915 0.00565836 0.00541905 0.00520803 0.00502937 0.00487523 0.00474009 0.00460807 0.00451106 0.00442025 0.00433463 0.00425617 0.00419838 0.00416529 0.00411971 0.00407426 0.00404412 0.0040467 
0 0.000169483 0.000329072 0.000487793 0.00068449 0.000848347 0.0010158 0.00118496 0.00138368 0.00159549 0.00179208 0.0019943 0.00220613 0.00248037 0.00274872 0.00302665 0.00333198 0.00368826 0.00409134 0.00452242 0.00501826 0.00556422 0.00619202 0.00687696 0.00763836 0.00847571 0.00937012 0.0103036 0.0112529 0.0121835 0.0130563 0.013845 0.0144644 0.0148542 0.0149774 0.0148292 0.0143701 0.013627 0.0126207 0.011414 0.0101238 0.00885406 0.00771731 0.00679563 0.00612515 0.0056867 0.00542775 0.00522302 0.00492413 0.00431657 0.00321732 0.00146204 -0.00101787 -0.00428125 -0.00828676 -0.0128391 -0.0177253 -0.0226394 -0.0272727 -0.0313694 -0.0346948 -0.0371039 -0.0385174 -0.0389172 -0.0384091 -0.0370648 -0.0350432 -0.0325205 -0.0296477 -0.0265726 -0.0234332 -0.0203333 -0.0173453 -0.0145387 -0.0119888 -0.00970799 -0.00773076 -0.00605832 -0.00464543 -0.00348601 -0.00254817 -0.00179659 -0.0012089 -0.000757751 -0.000412337 -0.000152591 2.89204e-05 0.000150704 0.000241889 0.000294836 0.000339479 0.000368962 0.000375095 0.000384876 0.000392207 0.000393129 0.000407955 0.000408075 0.000414793 0.000426847 0.000431491 0.000444821 0.000457363 0.000464596 0.000487425 0.000497196 0.000511472 0.000529087 0.00053645 0.000544624 0.000543987 0.000521534 0.000490809 0.000428562 0.000325391 0.000160181 -7.45509e-05 -0.000397277 -0.000825608 -0.00137188 -0.00208514 -0.00299312 -0.0041018 -0.00547094 -0.00710094 -0.00900783 -0.0112319 -0.0137338 -0.016487 -0.0194516 -0.0225619 -0.0257425 -0.0288992 -0.0319159 -0.0346291 -0.036863 -0.0384589 -0.039209 -0.0390149 -0.0378001 -0.0355445 -0.0322971 -0.0281815 -0.0234339 -0.018329 -0.013163 -0.0082955 -0.00395314 -0.000296439 0.00256798 0.00465629 0.00604935 0.00691325 0.00741099 0.0077256 0.00803041 0.00849039 0.00915881 0.0100362 0.0110907 0.0122757 0.0134829 0.0146154 0.0155725 0.0162691 0.0166885 0.0168114 0.0166687 0.0162869 0.0156965 0.0149371 0.0140926 0.0131929 0.0122825 0.0113969 0.0105682 0.00978795 0.00907018 0.00844177 0.00787525 0.00740214 0.00697728 0.00661041 0.00628071 0.00600469 0.00577537 0.00556611 0.00539705 0.00522558 0.0050895 0.0049649 0.00487119 0.00478608 0.00469788 0.00462676 0.0045631 0.00453551 0.00449198 0.00446425 0.00444135 
0 0.000192213 0.000360427 0.000539492 0.000732565 0.000923269 0.00111696 0.00132429 0.0015316 0.00174021 0.00197784 0.00222152 0.00248037 0.00276057 0.00305873 0.00338385 0.00374744 0.00416735 0.00461735 0.0051299 0.0057034 0.00635117 0.00709118 0.00790714 0.00880896 0.00977084 0.0107933 0.0118518 0.0129209 0.0139355 0.0148301 0.0155789 0.0161008 0.0163206 0.0162192 0.0157467 0.0148958 0.0136957 0.012204 0.0105096 0.00872992 0.00704971 0.00556389 0.00439556 0.00357311 0.00312661 0.00302649 0.00309885 0.00316242 0.00301262 0.00242159 0.00116967 -0.000866584 -0.00373397 -0.00739273 -0.0117423 -0.0165495 -0.0215288 -0.0263443 -0.030739 -0.0344251 -0.0372366 -0.039101 -0.0399803 -0.0398898 -0.0389245 -0.0372054 -0.0348869 -0.0321504 -0.0291341 -0.0259806 -0.0227983 -0.019681 -0.0167033 -0.0139423 -0.0114346 -0.00924303 -0.00732075 -0.00569977 -0.0043577 -0.00324895 -0.00236183 -0.00166799 -0.0010964 -0.000683656 -0.000353873 -0.000110958 4.9878e-05 0.00016294 0.000240883 0.000284902 0.000335191 0.000353879 0.000375086 0.000384425 0.000390553 0.000396975 0.000400512 0.000400764 0.000415535 0.000419842 0.000442712 0.000455774 0.000473044 0.000488824 0.000496654 0.000504732 0.000519311 0.000519246 0.00053593 0.000519511 0.000495237 0.000445987 0.000342903 0.000194387 -1.26274e-05 -0.000324218 -0.000701097 -0.00122655 -0.00190054 -0.00274533 -0.00381136 -0.00512092 -0.0066766 -0.00853578 -0.0106722 -0.0131168 -0.0158282 -0.018768 -0.0218677 -0.025068 -0.0282843 -0.0314153 -0.0342954 -0.036789 -0.0387329 -0.0399393 -0.0402755 -0.039648 -0.037978 -0.0352815 -0.031653 -0.0272312 -0.0223005 -0.0171336 -0.0120608 -0.00737094 -0.00332405 -7.25969e-05 0.0023339 0.00394984 0.00486997 0.00527598 0.00539511 0.00547611 0.00567297 0.00613764 0.00693957 0.00805143 0.00947225 0.0110795 0.0127681 0.0143874 0.0158159 0.0169608 0.0177668 0.0182171 0.0183118 0.0180916 0.0175946 0.0168688 0.0160042 0.0150326 0.0140023 0.013001 0.0120447 0.0111444 0.0102953 0.00953773 0.00886836 0.00830135 0.00781887 0.00736745 0.00697381 0.00664636 0.00638658 0.00615012 0.00593123 0.005744 0.00558602 0.00545183 0.00532632 0.00522979 0.00514716 0.00505952 0.00498506 0.00494144 0.00491624 0.00488305 0.00484988 
0 0.000205689 0.000403578 0.000598107 0.000805648 0.000999288 0.00123225 0.00147151 0.00168666 0.00190318 0.00216883 0.0024677 0.00274872 0.00305873 0.00339586 0.00378079 0.00420599 0.00468144 0.00521429 0.00581507 0.00649551 0.00724714 0.00811136 0.00906939 0.0101147 0.0112149 0.0123574 0.0135279 0.0146925 0.0157619 0.0166453 0.0173068 0.0176659 0.0176621 0.0172533 0.0164025 0.0150822 0.013366 0.0113462 0.00913444 0.00688566 0.00477465 0.00295495 0.0015643 0.000663383 0.00026882 0.000344446 0.000729222 0.00122913 0.00158083 0.00152425 0.000812707 -0.000687593 -0.00307848 -0.00636837 -0.0104358 -0.0150944 -0.0200584 -0.0250024 -0.0296459 -0.0336916 -0.0369355 -0.0392628 -0.0406028 -0.0409825 -0.040437 -0.0390848 -0.0370732 -0.0345489 -0.0316513 -0.0285402 -0.0253387 -0.0221381 -0.0190229 -0.0160864 -0.0133699 -0.0109401 -0.00879766 -0.00694757 -0.00539795 -0.00411305 -0.00306146 -0.00221827 -0.00154807 -0.00104173 -0.000647176 -0.000347215 -0.000127833 3.59542e-05 0.000139553 0.000213604 0.000270975 0.000295701 0.000316527 0.000327182 0.000332595 0.000352764 0.000361069 0.000371584 0.000386037 0.000388629 0.000402541 0.000414504 0.000423616 0.000445952 0.000457136 0.000472808 0.000490502 0.000488572 0.000481575 0.000451418 0.000397484 0.000322083 0.000191988 2.24662e-06 -0.00026556 -0.000634576 -0.00111583 -0.0017574 -0.00256425 -0.0035687 -0.00481009 -0.00630465 -0.00809182 -0.0101755 -0.0125331 -0.0151883 -0.0180845 -0.021168 -0.0243698 -0.0276114 -0.0307948 -0.0338047 -0.0364897 -0.0386988 -0.0402735 -0.0410666 -0.0409244 -0.0397963 -0.0376534 -0.0345379 -0.0305534 -0.0258781 -0.0208121 -0.0156512 -0.0107044 -0.00629885 -0.00263593 0.000173988 0.00208325 0.00315673 0.00352872 0.00344999 0.00317608 0.00295248 0.00296395 0.00338882 0.00428555 0.00562959 0.00737978 0.00942533 0.0115982 0.0137299 0.0156746 0.0173177 0.0185892 0.0194243 0.0198262 0.0198278 0.0194764 0.0188297 0.0179866 0.0169795 0.0158722 0.0147543 0.0136691 0.0126269 0.0116544 0.010786 0.00999034 0.00929997 0.0087031 0.00818922 0.00773518 0.0073474 0.00702477 0.0067379 0.00649487 0.00627817 0.00611105 0.0059522 0.00580582 0.00568923 0.00560016 0.00552052 0.00543461 0.00538121 0.0053333 0.0053021 0.0052765 
0 0.000216782 0.000433246 0.000657644 0.000887438 0.00109984 0.00134374 0.00160388 0.0018504 0.0021037 0.00240038 0.00271623 0.00302665 0.00338385 0.00378079 0.00421851 0.00470307 0.00525494 0.00587618 0.00657952 0.00738127 0.00827433 0.00927718 0.010371 0.0115578 0.0128066 0.0140817 0.0153463 0.0165533 0.0176121 0.018427 0.0189529 0.0190999 0.0187953 0.0180053 0.016697 0.0148673 0.0126118 0.0100555 0.00732773 0.00459904 0.00207822 -5.14242e-05 -0.00162731 -0.00257114 -0.00285899 -0.00254331 -0.00180926 -0.000866515 2.54821e-05 0.000567793 0.000459408 -0.000483922 -0.00237583 -0.00523858 -0.00898334 -0.0134372 -0.0183308 -0.0233503 -0.0282023 -0.0325628 -0.0362003 -0.0389807 -0.0408103 -0.0416728 -0.0415952 -0.0406726 -0.0390284 -0.0367963 -0.0341031 -0.0311027 -0.0279309 -0.0246901 -0.0214771 -0.0183926 -0.0154957 -0.012856 -0.010479 -0.00839528 -0.00662629 -0.0051414 -0.00391678 -0.00292336 -0.00212223 -0.00151093 -0.00102748 -0.000648692 -0.00036662 -0.00015801 -2.08863e-05 7.28119e-05 0.00014826 0.000190024 0.00022122 0.000239267 0.00025082 0.000270911 0.000282704 0.00029373 0.000308216 0.000313366 0.000328385 0.00034063 0.000352382 0.000370946 0.000380302 0.000393216 0.000405784 0.00039857 0.000382672 0.000334562 0.000259022 0.000148853 -3.10553e-05 -0.000280738 -0.000616909 -0.00106842 -0.00164696 -0.0024149 -0.00337935 -0.00455832 -0.00599197 -0.00769856 -0.00970445 -0.0120127 -0.0145887 -0.0174367 -0.0204933 -0.0236873 -0.0269343 -0.0301467 -0.0332282 -0.0360548 -0.0384647 -0.0403173 -0.0414692 -0.0417821 -0.0411432 -0.0395222 -0.0369136 -0.0333863 -0.0290758 -0.0241887 -0.0190421 -0.0139405 -0.00919088 -0.00509731 -0.00185884 0.000430023 0.00176849 0.00226339 0.00208064 0.00148546 0.000769191 0.000204154 -6.71801e-06 0.000326533 0.00127854 0.00282033 0.00488691 0.00732961 0.00996323 0.0126052 0.0150938 0.0172889 0.019072 0.0203526 0.021124 0.0214278 0.0213012 0.0207971 0.0200199 0.0190167 0.017862 0.0166543 0.0154446 0.0142591 0.0131474 0.0121517 0.0112322 0.0104018 0.00967917 0.00907879 0.00856889 0.00811355 0.00771037 0.0073688 0.00709723 0.00685852 0.00665478 0.00646918 0.00630524 0.00617032 0.00606166 0.00597334 0.00589438 0.00582979 0.00576197 0.00572409 0.00571777 
0 0.000237428 0.000465774 0.000717584 0.000979371 0.00122294 0.00146519 0.00173613 0.00202471 0.00232606 0.00264915 0.00297533 0.00333198 0.00374744 0.00420599 0.00470307 0.00526877 0.005917 0.00662936 0.00744366 0.00838441 0.00943808 0.0105811 0.0118048 0.0131275 0.0145167 0.0159115 0.0172426 0.0184462 0.0194388 0.0201349 0.0204731 0.0203443 0.0196636 0.018424 0.0166055 0.0142341 0.0114149 0.00830463 0.00506361 0.00187892 -0.00100732 -0.00339885 -0.00510734 -0.00604129 -0.00617406 -0.00557514 -0.00444826 -0.00302906 -0.00158825 -0.000455569 4.81632e-05 -0.000304406 -0.00165559 -0.00405228 -0.00744345 -0.0116529 -0.0164304 -0.0214701 -0.0264734 -0.0311035 -0.0351042 -0.0383177 -0.0406336 -0.0419923 -0.0424162 -0.0419683 -0.0407442 -0.0388633 -0.0364383 -0.0336213 -0.0305524 -0.0273364 -0.024074 -0.0208705 -0.0178068 -0.0149672 -0.0123652 -0.0100609 -0.00807682 -0.00638506 -0.00496616 -0.00379373 -0.00283139 -0.00209343 -0.00150835 -0.00104755 -0.000700867 -0.000443934 -0.000263335 -0.000139728 -3.52223e-05 3.21514e-05 7.97086e-05 0.000107865 0.000126195 0.000142045 0.000154685 0.000163663 0.000178589 0.000189181 0.000209076 0.00022417 0.000241472 0.000255084 0.000260336 0.000264539 0.000264506 0.000244109 0.000214453 0.000145423 4.90372e-05 -9.64979e-05 -0.000329943 -0.000653216 -0.00107844 -0.00163996 -0.00233912 -0.00324791 -0.00437523 -0.00573192 -0.0073631 -0.00929672 -0.0115354 -0.0140762 -0.0168581 -0.0198641 -0.0230313 -0.0262815 -0.0295217 -0.0326546 -0.0355729 -0.0381474 -0.0402094 -0.0416388 -0.042319 -0.0421224 -0.0409771 -0.0388638 -0.0358045 -0.0318944 -0.0272958 -0.0222441 -0.0170721 -0.0120849 -0.00759204 -0.00385917 -0.00107861 0.000675718 0.00143327 0.00132441 0.000557644 -0.000574234 -0.00175283 -0.00269166 -0.00316941 -0.00297846 -0.00202414 -0.000342038 0.00199314 0.00479994 0.00788631 0.011043 0.0140843 0.0168452 0.0191687 0.0209493 0.0221586 0.0228337 0.0229961 0.0226931 0.0220325 0.0210838 0.0199251 0.0186619 0.017353 0.0160457 0.0147922 0.0136433 0.0125901 0.0116334 0.0107923 0.0100681 0.0094589 0.00892559 0.0084566 0.00806083 0.00773735 0.00746218 0.00721667 0.00700899 0.00683296 0.00668654 0.00655547 0.0064423 0.00636348 0.00629616 0.00622524 0.00617431 0.00616416 
0 0.000262084 0.000510473 0.000767235 0.00106155 0.00132822 0.00159915 0.0018902 0.00221205 0.00255287 0.00290102 0.00327998 0.00368826 0.00416735 0.00468144 0.00525494 0.005917 0.00666141 0.00749532 0.00843462 0.00952089 0.010713 0.0120003 0.0133773 0.0148348 0.0163327 0.017796 0.0191521 0.0203187 0.0212021 0.0217222 0.0217959 0.0213055 0.0201925 0.0184452 0.016093 0.0131527 0.00976124 0.00609625 0.0023497 -0.00123536 -0.00443802 -0.00702075 -0.00880822 -0.00967612 -0.00960862 -0.00869786 -0.00714973 -0.0052237 -0.00323835 -0.00152472 -0.000418387 -0.000165848 -0.000957927 -0.00288855 -0.00588641 -0.00981995 -0.0144335 -0.0194404 -0.0245284 -0.0293771 -0.0337073 -0.0373311 -0.0401057 -0.04198 -0.0429122 -0.0429615 -0.0422114 -0.0407323 -0.0386339 -0.0360651 -0.0331597 -0.0300243 -0.0267682 -0.0235044 -0.0203254 -0.0173026 -0.0145055 -0.0119667 -0.00974471 -0.00783614 -0.00620615 -0.00483349 -0.00372595 -0.00283765 -0.00214156 -0.00158719 -0.0011504 -0.000820197 -0.000593967 -0.000417642 -0.000292648 -0.000201787 -0.0001389 -9.84733e-05 -7.55168e-05 -4.61078e-05 -3.43854e-05 -1.66832e-05 -9.46063e-07 1.22486e-05 2.63283e-05 4.54182e-05 5.31491e-05 7.04435e-05 7.32521e-05 7.27139e-05 6.38291e-05 3.46493e-05 -3.09587e-05 -0.000120524 -0.000263395 -0.000462843 -0.000752816 -0.00115417 -0.00168204 -0.00233748 -0.00318739 -0.00425636 -0.00556718 -0.00713808 -0.00898996 -0.0111372 -0.0136112 -0.0163494 -0.0193044 -0.0224348 -0.0256754 -0.0289341 -0.0321148 -0.0351111 -0.0378027 -0.0400473 -0.0417118 -0.0426698 -0.0428268 -0.0421172 -0.0404557 -0.0378568 -0.0343757 -0.0301307 -0.0252949 -0.0201407 -0.0149977 -0.0101838 -0.00596244 -0.00262585 -0.000323254 0.000892839 0.00106662 0.00035032 -0.00101627 -0.00269224 -0.00434409 -0.00568767 -0.00646342 -0.00644847 -0.00555304 -0.0037899 -0.00126686 0.00187286 0.00538561 0.00904822 0.0126336 0.0159442 0.0188287 0.0211509 0.0228745 0.0239842 0.0244897 0.0244455 0.0239639 0.0231312 0.0220287 0.0207423 0.0193637 0.0179507 0.0165771 0.0152812 0.0140751 0.012998 0.0120317 0.0111829 0.0104321 0.009806 0.009282 0.00882629 0.0084358 0.00808968 0.00781696 0.00757942 0.00738534 0.00721863 0.00706715 0.00693737 0.00683287 0.00677273 0.00670435 0.00665342 0.00661929 
