0 0 0 0 0 0 0 0 0 0 0 0 0 0 0 0 0 0 0 0 0 0 0 0 0 0 0 0 0 0 0 0 0 0 0 0 0 0 0 0 0 0 0 0 0 0 0 0 0 0 0 0 0 0 0 0 0 0 0 0 0 0 0 0 0 0 0 0 0 0 0 0 0 0 0 0 0 0 0 0 0 0 0 0 0 0 0 0 0 0 0 0 0 0 0 0 0 0 0 0 0 0 0 0 0 0 0 0 0 0 0 0 0 0 0 0 0 0 0 0 0 0 0 0 0 0 0 0 0 0 0 0 0 0 0 0 0 0 0 0 0 0 0 0 0 0 0 0 0 0 0 0 0 0 0 0 0 0 0 0 0 0 0 0 0 0 0 0 0 0 0 0 0 0 0 0 0 0 0 0 0 0 0 0 0 0 0 0 0 0 0 0 0 0 0 0 0 0 0 0 
0 1.99923e-05 2.13899e-05 2.44886e-05 3.81911e-05 5.50908e-05 6.40933e-05 6.64215e-05 6.7698e-05 7.97325e-05 0.000102292 0.00010593 0.000100909 0.0001065 0.00012805 0.000143667 0.000145769 0.000141895 0.000138802 0.000154841 0.000159223 0.000140036 0.000101229 7.00657e-05 4.21646e-05 -8.61104e-06 -9.08899e-05 -0.000199718 -0.000301787 -0.000403738 -0.00051277 -0.000637577 -0.000761365 -0.000855467 -0.000887732 -0.000863186 -0.000779278 -0.000614068 -0.000346007 3.90573e-05 0.000532185 0.00112129 0.00175948 0.00244442 0.00314053 0.00381117 0.00440586 0.00487596 0.00519864 0.00534373 0.00529022 0.00504258 0.00460519 0.00398363 0.00320523 0.00230976 0.00134179 0.000321488 -0.000694198 -0.00168617 -0.00260952 -0.00342905 -0.00411635 -0.00464355 -0.00500539 -0.00520882 -0.0052551 -0.00516748 -0.00494729 -0.00462308 -0.00423661 -0.00379431 -0.0033273 -0.0028634 -0.00241806 -0.00200323 -0.00163618 -0.00131352 -0.00104448 -0.000818129 -0.000627823 -0.000466384 -0.000340715 -0.00023866 -0.00015954 -9.31114e-05 -5.28169e-05 -2.63617e-05 -1.13173e-05 -1.16734e-06 1.12583e-05 2.29591e-05 2.27179e-05 3.32797e-05 3.38037e-05 3.20314e-05 3.32271e-05 2.58105e-05 2.23912e-05 3.01559e-05 2.57408e-05 3.28953e-05 3.68098e-05 3.67638e-05 4.25496e-05 4.11181e-05 3.14345e-05 3.25299e-05 2.86232e-05 3.1688e-05 3.12663e-05 2.37178e-05 1.15215e-05 -2.33454e-06 -3.30911e-05 -7.96852e-05 -0.000146343 -0.000221625 -0.000316846 -0.000434508 -0.000592503 -0.00078721 -0.00101807 -0.00128474 -0.0016046 -0.00196849 -0.00237637 -0.002824 -0.00329384 -0.00375699 -0.00419893 -0.00457672 -0.00487639 -0.00508288 -0.00516122 -0.00510694 -0.00490571 -0.00454573 -0.0040234 -0.0033428 -0.00253665 -0.0016361 -0.000664763 0.000313846 0.0012889 0.00222938 0.00310634 0.00387528 0.0044994 0.00494664 0.00520235 0.00527042 0.00516724 0.00489774 0.00447496 0.00391589 0.00327206 0.00260358 0.00193546 0.00131179 0.000740651 0.000251036 -0.000143063 -0.000426525 -0.000603816 -0.000689229 -0.000710875 -0.000681199 -0.000600607 -0.000490455 -0.000372036 -0.000256753 -0.000141716 -4.2599e-05 5.30421e-05 0.000128535 0.000184215 0.000226961 0.000265952 0.000297708 0.000306622 0.000307344 0.000308676 0.000324352 0.000329715 0.000316809 0.000301957 0.000303445 0.000316535 0.000316859 0.000299608 0.000285043 0.000297289 0.000310772 0.000297513 0.000276032 0.000279208 0.000293605 0.000291358 0.000274427 
0 2.13899e-05 3.30292e-05 4.50213e-05 7.09268e-05 8.1808e-05 0.000106245 0.000128078 0.000140954 0.00015612 0.00018515 0.000214379 0.000220037 0.00024215 0.000260813 0.000282535 0.000301499 0.000306286 0.00030521 0.000301041 0.000305371 0.000271642 0.000218234 0.000151987 6.70546e-05 -3.89586e-05 -0.000196266 -0.000378353 -0.000585942 -0.000805582 -0.00104142 -0.00128609 -0.00150845 -0.00168478 -0.00175564 -0.00172279 -0.00156392 -0.00121769 -0.000660633 0.000112029 0.0010927 0.00225292 0.00354778 0.00491145 0.00629507 0.00762187 0.00880125 0.00972518 0.0103206 0.0105884 0.0104806 0.00998335 0.00910019 0.00786157 0.00631691 0.00454733 0.00262697 0.000637184 -0.00137698 -0.00334358 -0.00516448 -0.00678825 -0.00815675 -0.00920681 -0.00992348 -0.0103284 -0.0104266 -0.0102462 -0.00981902 -0.00920957 -0.00844566 -0.00759156 -0.00667495 -0.00574711 -0.00485984 -0.00404379 -0.00330484 -0.00266907 -0.00212312 -0.00166573 -0.00126758 -0.00094673 -0.000697396 -0.000498214 -0.000347912 -0.000223191 -0.000121126 -6.73853e-05 -2.22462e-05 1.23013e-05 2.62438e-05 4.2071e-05 4.32716e-05 4.13393e-05 5.14207e-05 5.56291e-05 5.45799e-05 5.72135e-05 5.77033e-05 5.99583e-05 6.26703e-05 6.33088e-05 5.70269e-05 6.36039e-05 6.77101e-05 6.40255e-05 6.89053e-05 6.62878e-05 6.59281e-05 7.66129e-05 5.68966e-05 3.12608e-05 6.91901e-06 -3.7517e-05 -8.46517e-05 -0.00016988 -0.000300172 -0.000450821 -0.000644608 -0.000897889 -0.00121509 -0.00160922 -0.00206395 -0.00260727 -0.00324058 -0.0039766 -0.00479692 -0.00567497 -0.00658699 -0.00750209 -0.00834572 -0.00909727 -0.00970093 -0.0101059 -0.0102584 -0.010144 -0.009724 -0.0089913 -0.00794659 -0.00660463 -0.00500901 -0.00323806 -0.00134713 0.000600288 0.0025295 0.0043914 0.00612227 0.00764261 0.00887157 0.00976805 0.0103139 0.0105006 0.0102927 0.00975221 0.00891616 0.00782265 0.00655951 0.00522199 0.00390054 0.00264254 0.00149437 0.000511518 -0.000266392 -0.00082173 -0.00117812 -0.00136239 -0.00140939 -0.0013563 -0.00119015 -0.000973711 -0.000743033 -0.000512297 -0.000296915 -9.08249e-05 9.0895e-05 0.000255638 0.000367654 0.000451018 0.000526987 0.000584606 0.000628457 0.000637054 0.00064366 0.000650652 0.000656798 0.000651697 0.000633952 0.000625735 0.000615557 0.00061717 0.00060288 0.000582929 0.000579991 0.000582973 0.000575519 0.000558577 0.000563018 0.000563693 0.000561725 0.00055916 
0 2.44886e-05 4.50213e-05 8.22327e-05 0.000110433 0.000123031 0.000148255 0.000195515 0.000224881 0.000237401 0.000273348 0.000306329 0.000342484 0.00037365 0.000397502 0.000411359 0.000440018 0.000473308 0.000466342 0.000458212 0.000434117 0.000402815 0.000337732 0.000241695 0.000103157 -7.88899e-05 -0.000288498 -0.000551211 -0.000848519 -0.00119852 -0.00156132 -0.00191237 -0.00222639 -0.00247778 -0.00259484 -0.00255129 -0.0022946 -0.00175957 -0.000917574 0.000241968 0.00169835 0.0034372 0.00534481 0.0073896 0.00944542 0.011391 0.0130903 0.0144201 0.0153148 0.0156873 0.0154752 0.0146944 0.0133696 0.0115278 0.00924672 0.00663656 0.0038211 0.000865846 -0.00207592 -0.00494326 -0.00761262 -0.00998865 -0.0119921 -0.0135432 -0.0146196 -0.015237 -0.0154023 -0.0151794 -0.0145796 -0.0136804 -0.0125892 -0.01133 -0.00998725 -0.0086407 -0.00733926 -0.00612035 -0.00503144 -0.00406645 -0.00324781 -0.00255001 -0.0019589 -0.00146362 -0.0010823 -0.000778882 -0.000544543 -0.000345897 -0.00021243 -0.000115223 -4.81414e-05 2.85556e-07 4.16989e-05 6.88232e-05 5.73591e-05 7.16864e-05 6.88649e-05 6.97767e-05 8.50357e-05 8.18438e-05 8.43918e-05 0.000105954 8.80241e-05 9.17925e-05 8.7252e-05 8.07062e-05 9.83959e-05 0.000106479 9.71269e-05 0.000109109 9.95982e-05 9.7599e-05 7.78984e-05 3.87167e-05 -8.62583e-06 -5.63937e-05 -0.000144121 -0.000277993 -0.000475506 -0.000710204 -0.00101208 -0.0013861 -0.00187378 -0.00246677 -0.00316454 -0.00397111 -0.00493147 -0.00601975 -0.00722705 -0.00853148 -0.00988025 -0.0111974 -0.0124442 -0.0135168 -0.0143727 -0.0149568 -0.0151619 -0.0149632 -0.0143237 -0.0132265 -0.0116795 -0.00970757 -0.00739621 -0.00481635 -0.00201925 0.000829951 0.00367665 0.00641439 0.00895438 0.0111868 0.0130279 0.0143968 0.0152361 0.0155213 0.015268 0.0144977 0.0132745 0.0116713 0.00982552 0.00787723 0.0058905 0.00400496 0.00228721 0.000836276 -0.000320936 -0.00116815 -0.00172144 -0.00200392 -0.00207757 -0.00198617 -0.0017512 -0.00143988 -0.00110204 -0.000760777 -0.000419376 -0.000128307 0.000144755 0.000372992 0.000554915 0.000689037 0.000790681 0.000874036 0.000927296 0.000968305 0.000975149 0.000977285 0.000969845 0.000970005 0.000970009 0.000948616 0.00091833 0.000906937 0.000912394 0.000896682 0.00087514 0.000860024 0.000856473 0.000860456 0.000858628 0.000836281 0.000826697 0.000846645 
0 3.81911e-05 7.09268e-05 0.000110433 0.000164935 0.000181932 0.000215621 0.000260932 0.000302404 0.000334449 0.000368003 0.000404248 0.000431389 0.000492921 0.000526104 0.000542341 0.000571835 0.000609725 0.000630953 0.000614458 0.000594305 0.000536724 0.000462158 0.000343075 0.000154308 -8.14638e-05 -0.000378471 -0.000714937 -0.0011213 -0.00157907 -0.00205517 -0.00251184 -0.00291457 -0.00324333 -0.00339231 -0.00331817 -0.00295643 -0.00221744 -0.00108709 0.000436167 0.00235793 0.00464754 0.00720839 0.00988898 0.0125563 0.0150634 0.0172656 0.0189894 0.0200946 0.0205318 0.0202063 0.019116 0.0173126 0.0148776 0.0119039 0.00852282 0.00485904 0.00105618 -0.00277492 -0.00648857 -0.00991018 -0.0129551 -0.0155405 -0.0175685 -0.0190058 -0.019866 -0.0201429 -0.019878 -0.0191293 -0.0180154 -0.0166081 -0.0150199 -0.0133089 -0.011562 -0.00986618 -0.00827746 -0.00682211 -0.00554981 -0.00444918 -0.00351701 -0.00270935 -0.00204984 -0.0015285 -0.00110709 -0.000779208 -0.000510342 -0.000301015 -0.000183456 -9.21413e-05 -2.19282e-05 1.77635e-05 5.80746e-05 7.32218e-05 8.34904e-05 0.000105646 0.000112444 0.000106047 0.000100121 9.45074e-05 9.91583e-05 0.000108197 0.000118745 0.000118051 0.000131334 0.00013756 0.000126124 0.000122908 0.000111275 0.000105555 0.000119808 8.88581e-05 4.14667e-05 -1.47831e-05 -0.00011299 -0.000232487 -0.000424808 -0.000699849 -0.0010204 -0.00142457 -0.00194351 -0.00259392 -0.00339674 -0.00432856 -0.0054284 -0.00669658 -0.00814215 -0.00973069 -0.0114124 -0.0131397 -0.0148496 -0.0164185 -0.0177954 -0.0188814 -0.0195791 -0.0197886 -0.0194825 -0.0186092 -0.0171633 -0.0151554 -0.0126154 -0.00961903 -0.0062873 -0.00271063 0.000988039 0.00466626 0.00821729 0.0115254 0.0144605 0.0168869 0.0187143 0.0198803 0.020338 0.0200268 0.0190532 0.0175069 0.0154704 0.0130868 0.01051 0.00790808 0.00541792 0.0031641 0.00124636 -0.000294735 -0.00144302 -0.00221089 -0.00260844 -0.0026983 -0.00257964 -0.00227835 -0.00189402 -0.00145922 -0.00098599 -0.000528301 -0.000123546 0.000206601 0.00050675 0.000748891 0.000943462 0.00108573 0.00116494 0.00122932 0.00126953 0.00130403 0.00130482 0.00128538 0.00127487 0.00127382 0.00127069 0.00123159 0.00121601 0.00121123 0.00120234 0.0011865 0.00116515 0.00115449 0.00115031 0.00115483 0.00112644 0.00111324 0.00112667 
0 5.50908e-05 8.1808e-05 0.000123031 0.000181932 0.000227868 0.000265136 0.000313418 0.000361669 0.000413115 0.000477529 0.000513093 0.000552517 0.000615945 0.000676895 0.000705488 0.000733795 0.000773739 0.000782733 0.000782779 0.000745402 0.000677529 0.000568431 0.000418584 0.000199076 -9.82299e-05 -0.000452731 -0.000882521 -0.00137282 -0.00193601 -0.00251611 -0.00307103 -0.00356508 -0.00395601 -0.00412884 -0.00401702 -0.00353491 -0.0025985 -0.00117914 0.000734229 0.00312626 0.0059705 0.00909991 0.0124011 0.0156611 0.0186868 0.0212937 0.0233096 0.0246104 0.0250537 0.0245439 0.0231205 0.0208658 0.0178635 0.0142362 0.0101343 0.00572208 0.00111615 -0.00346831 -0.00790441 -0.0120108 -0.0156654 -0.018776 -0.021244 -0.0230256 -0.0241196 -0.0245176 -0.0242859 -0.0234578 -0.0221533 -0.0205233 -0.0186321 -0.0165927 -0.0145135 -0.012468 -0.0105174 -0.00873509 -0.00713632 -0.00575423 -0.00456502 -0.00354914 -0.00269985 -0.00203152 -0.00149276 -0.00106683 -0.00071262 -0.000461532 -0.000284076 -0.000157769 -6.24519e-05 1.39587e-05 6.70644e-05 7.02632e-05 9.56278e-05 0.000102491 0.000108423 0.000123258 0.000116979 0.000117558 0.00014179 0.00012781 0.000136345 0.00013408 0.000130605 0.000150065 0.000155747 0.000141441 0.000146309 0.000129036 0.000120105 8.23147e-05 1.36111e-05 -7.65625e-05 -0.000186553 -0.000358618 -0.000609033 -0.000959316 -0.00137853 -0.00190861 -0.0025668 -0.0034053 -0.00442207 -0.00561278 -0.00698266 -0.00857365 -0.0103474 -0.0122779 -0.0143219 -0.0164022 -0.0184139 -0.0202835 -0.021878 -0.0231188 -0.0239075 -0.0240992 -0.023655 -0.0225378 -0.0207435 -0.0182936 -0.0152315 -0.0116664 -0.0076921 -0.00338382 0.00104507 0.00548058 0.00976332 0.0137632 0.0173322 0.0203414 0.0226567 0.0241636 0.024791 0.0245334 0.0234392 0.0216141 0.0191721 0.0162985 0.013188 0.0099796 0.0069059 0.00411206 0.00173868 -0.000183143 -0.00163289 -0.00260693 -0.00311679 -0.0032529 -0.00311558 -0.00276714 -0.00230091 -0.00176972 -0.00120196 -0.000633514 -0.000149785 0.000273328 0.00063118 0.000935672 0.00117882 0.00135627 0.00147455 0.00154303 0.00160131 0.00163487 0.0016547 0.00163746 0.00161096 0.00159717 0.00158557 0.00156258 0.00153449 0.00150844 0.00148123 0.00147653 0.00146926 0.00143997 0.00141731 0.00142321 0.00142085 0.0014099 0.00140477 
0 6.40933e-05 0.000106245 0.000148255 0.000215621 0.000265136 0.000327498 0.000387343 0.00043435 0.000488171 0.000564433 0.000634377 0.000674678 0.000737558 0.000796573 0.00085165 0.000902569 0.00093474 0.000942329 0.000933074 0.000913735 0.000832001 0.000699383 0.000511535 0.000248597 -8.90051e-05 -0.00051735 -0.00102127 -0.0016103 -0.00226559 -0.00294561 -0.00359881 -0.00416917 -0.00460195 -0.00477328 -0.00460991 -0.00401721 -0.00287726 -0.00115667 0.00114037 0.00399454 0.00734428 0.0110422 0.0148908 0.0186756 0.0221674 0.0251496 0.0274044 0.0287667 0.0291452 0.0284443 0.0266845 0.0239646 0.0204128 0.0161746 0.0114303 0.0063503 0.0011062 -0.00413771 -0.00919959 -0.0138744 -0.0180484 -0.0216248 -0.0244921 -0.0265997 -0.0279395 -0.0284975 -0.0283156 -0.0274618 -0.0260727 -0.0242646 -0.0221653 -0.0198687 -0.0174865 -0.0151249 -0.0128609 -0.0107521 -0.00885837 -0.00718853 -0.00574137 -0.00448816 -0.00345162 -0.00262512 -0.00195914 -0.00142835 -0.000991862 -0.000652718 -0.000425852 -0.000251096 -0.00011694 -2.8165e-05 3.54997e-05 5.75155e-05 7.39596e-05 9.88973e-05 0.000114815 0.000122977 0.000126141 0.000129124 0.000139763 0.000143203 0.000145941 0.000138131 0.000143843 0.000154392 0.000152695 0.000152892 0.000144321 0.000129048 0.000118045 5.52726e-05 -3.99909e-05 -0.000157806 -0.000324206 -0.000538665 -0.000853181 -0.00128645 -0.00181247 -0.00247248 -0.00330248 -0.00433015 -0.0055713 -0.00700758 -0.00866901 -0.0105574 -0.0126576 -0.0149168 -0.0172616 -0.0196171 -0.0218913 -0.0239549 -0.0257223 -0.0270754 -0.0278802 -0.0280012 -0.0273928 -0.0260191 -0.0238928 -0.0210505 -0.0175449 -0.0134705 -0.00894628 -0.00407079 0.000994141 0.00607028 0.0109998 0.0156303 0.0198019 0.0233472 0.0261227 0.0280067 0.0288949 0.0287102 0.0275428 0.025512 0.0227475 0.0194456 0.0158191 0.0120904 0.00847577 0.00516773 0.00232386 2.07228e-05 -0.00171046 -0.00288269 -0.00352653 -0.00373396 -0.00361313 -0.0032147 -0.00266164 -0.00203414 -0.00137579 -0.000737395 -0.000153525 0.000358223 0.000804593 0.00115085 0.00141711 0.00162758 0.00177946 0.00188744 0.00193688 0.00196275 0.00197556 0.00197559 0.00195818 0.00192457 0.00189832 0.00187005 0.00185753 0.0018226 0.00177928 0.00176655 0.00176585 0.00174144 0.00170484 0.001707 0.0017068 0.00170105 0.001689 
0 6.64215e-05 0.000128078 0.000195515 0.000260932 0.000313418 0.000387343 0.000470276 0.000524157 0.000571845 0.00065454 0.000739063 0.000800017 0.000858251 0.000922313 0.000989957 0.00105414 0.00109402 0.00109804 0.00109757 0.00107425 0.000988204 0.000830151 0.00061202 0.000320127 -6.59114e-05 -0.00055652 -0.00114926 -0.00182029 -0.00255597 -0.00331809 -0.00405835 -0.00470621 -0.00517164 -0.0053245 -0.00508464 -0.00435424 -0.00301674 -0.00101286 0.00166365 0.00496765 0.00880779 0.0129937 0.0173356 0.0215812 0.0254634 0.0287243 0.0311348 0.0325319 0.0327906 0.031835 0.0297158 0.0265526 0.0224878 0.017698 0.0123857 0.00674709 0.000947926 -0.00480865 -0.0103506 -0.0154837 -0.0200774 -0.0240321 -0.0272457 -0.0296595 -0.0312517 -0.0320021 -0.0319469 -0.0311396 -0.0297114 -0.0278135 -0.0255593 -0.0230692 -0.0204642 -0.0178438 -0.0152921 -0.0128944 -0.0107039 -0.00875728 -0.00705094 -0.00557197 -0.00432941 -0.00332518 -0.00250827 -0.00184825 -0.00130849 -0.000901825 -0.000611918 -0.000396155 -0.000228638 -0.000101677 -1.26963e-05 2.60102e-05 6.27827e-05 8.86872e-05 0.000105868 0.000117834 0.000115181 0.00011659 0.000133594 0.00013379 0.000142411 0.000142371 0.000145071 0.000157985 0.000157507 0.000142758 0.000128954 0.000100226 6.91142e-05 -2.81446e-06 -0.000117583 -0.000271989 -0.000478193 -0.000765131 -0.00116547 -0.0016989 -0.00234755 -0.00315184 -0.00414642 -0.00537513 -0.00684562 -0.00854673 -0.0104839 -0.0126674 -0.0150537 -0.0175875 -0.020196 -0.0227862 -0.0252446 -0.0274589 -0.0293036 -0.0306666 -0.0314169 -0.0314144 -0.0306126 -0.0289934 -0.0265762 -0.0233992 -0.0195214 -0.0150484 -0.0100838 -0.0047272 0.000830316 0.00642848 0.0118978 0.0170805 0.0217982 0.025867 0.0291041 0.0313504 0.032488 0.0324632 0.0313208 0.029165 0.026139 0.0224719 0.0184193 0.0142128 0.0101119 0.00632488 0.00303984 0.000358378 -0.00166866 -0.00304721 -0.00382729 -0.0041162 -0.00401391 -0.00358804 -0.00296359 -0.00225032 -0.0015131 -0.000792192 -0.00012937 0.000471644 0.000981555 0.00137604 0.00167237 0.00190751 0.00209152 0.00221322 0.0022725 0.00228924 0.00229901 0.00230064 0.00228967 0.00225972 0.00221731 0.00218058 0.00216746 0.00214786 0.00210446 0.00207205 0.00205998 0.00204499 0.00202358 0.00201127 0.00199066 0.00197908 0.00198169 
0 6.7698e-05 0.000140954 0.000224881 0.000302404 0.000361669 0.00043435 0.000524157 0.00060281 0.00067353 0.000755078 0.000835232 0.000913296 0.000999113 0.00107979 0.00114449 0.00120447 0.00125578 0.00127915 0.00128059 0.00124141 0.00113822 0.000964319 0.000724967 0.00040175 -3.34386e-05 -0.00058969 -0.00125767 -0.00200336 -0.00280813 -0.00364095 -0.00445346 -0.00516203 -0.00564696 -0.00577177 -0.00544263 -0.00456296 -0.00301729 -0.000733383 0.00229989 0.00602623 0.0103198 0.0149635 0.0197311 0.0243544 0.0285459 0.0320157 0.0345069 0.0358455 0.0359184 0.0346809 0.0321948 0.0285976 0.0240585 0.0187832 0.0129959 0.00690829 0.000695342 -0.00545045 -0.0113538 -0.0168322 -0.0217532 -0.0260169 -0.0295253 -0.0322163 -0.0340566 -0.0350206 -0.0351271 -0.0344316 -0.0330562 -0.0311505 -0.028833 -0.026228 -0.0234575 -0.020629 -0.0178369 -0.015176 -0.0127125 -0.0104931 -0.0085239 -0.00680581 -0.00535061 -0.0041577 -0.00318138 -0.00238258 -0.00173011 -0.00122999 -0.000863404 -0.000589637 -0.00037783 -0.000215875 -0.00010296 -3.94251e-05 1.17764e-05 4.97311e-05 7.48165e-05 8.83629e-05 8.65433e-05 8.82061e-05 0.000102441 0.000108688 0.000118802 0.000122757 0.00012593 0.000133693 0.00012824 0.000107625 8.32074e-05 4.55883e-05 -4.90511e-06 -9.85555e-05 -0.000246079 -0.000447593 -0.000714889 -0.00107871 -0.00157073 -0.0022103 -0.00299335 -0.00395553 -0.00513803 -0.0065814 -0.00829037 -0.0102532 -0.0124641 -0.0149185 -0.0175642 -0.0203328 -0.0231407 -0.0258897 -0.0284616 -0.0307385 -0.0325894 -0.0338953 -0.0345218 -0.034347 -0.0333288 -0.0314667 -0.0287857 -0.0253272 -0.0211509 -0.0163601 -0.0110621 -0.00536842 0.000549539 0.00653932 0.0124436 0.0181001 0.0233112 0.0278609 0.0315382 0.034165 0.0356025 0.035783 0.0347277 0.0325279 0.0293287 0.0253707 0.0209435 0.0163244 0.0117909 0.00757291 0.00387499 0.000831192 -0.00148915 -0.00308485 -0.00401264 -0.00438472 -0.00430714 -0.00387332 -0.00321096 -0.00243567 -0.00161859 -0.000812251 -7.13643e-05 0.000589042 0.00114858 0.0015986 0.00194881 0.00221813 0.00241286 0.00253613 0.00260794 0.00264533 0.0026594 0.00264502 0.00261888 0.0025942 0.00255956 0.00251191 0.00247542 0.00245182 0.00242195 0.00238437 0.00235146 0.00233174 0.00232363 0.00231128 0.00227828 0.00226265 0.00227607 
0 7.97325e-05 0.00015612 0.000237401 0.000334449 0.000413115 0.000488171 0.000571845 0.00067353 0.000777866 0.000860745 0.000940746 0.00103113 0.00114696 0.00123833 0.00130238 0.00136574 0.0014284 0.00146967 0.00145662 0.00140485 0.00129162 0.00111563 0.000852603 0.000482797 8.43956e-07 -0.000604593 -0.00131493 -0.00212905 -0.00301056 -0.00391671 -0.00477915 -0.0055097 -0.00598938 -0.00608499 -0.00567428 -0.00464547 -0.00287843 -0.000309398 0.00305806 0.00716209 0.0118427 0.0168903 0.0220167 0.026946 0.0313619 0.0349505 0.037439 0.0386403 0.0384804 0.0369435 0.0340959 0.0300904 0.0251266 0.0194326 0.0132598 0.0068273 0.000339565 -0.00606221 -0.0121981 -0.0179095 -0.0230722 -0.0275765 -0.0313219 -0.0342477 -0.0363171 -0.0375107 -0.0378221 -0.0373112 -0.0360822 -0.0342472 -0.0319498 -0.0293024 -0.0264281 -0.023452 -0.0204786 -0.0175925 -0.0148889 -0.0124065 -0.0101752 -0.00820615 -0.00652843 -0.00513287 -0.00398716 -0.00304158 -0.00227159 -0.00165836 -0.00120136 -0.000848186 -0.000572729 -0.000369816 -0.00023098 -0.000140262 -8.76199e-05 -3.58044e-05 1.76849e-06 2.15465e-05 3.70659e-05 4.93709e-05 5.58518e-05 6.95173e-05 6.72452e-05 6.26991e-05 6.67653e-05 6.80715e-05 6.18825e-05 5.04488e-05 1.28316e-05 -3.57266e-05 -0.000114733 -0.000249813 -0.000445152 -0.000701452 -0.00104329 -0.00148463 -0.0020751 -0.00283104 -0.00376559 -0.00490439 -0.0062982 -0.00796824 -0.00992109 -0.0121339 -0.0146041 -0.0172943 -0.020163 -0.0231233 -0.0260725 -0.0289087 -0.0315202 -0.0337626 -0.0355348 -0.036708 -0.0371504 -0.0367703 -0.035526 -0.0334271 -0.0305066 -0.0268148 -0.0224211 -0.0174127 -0.0118998 -0.00600483 0.000158075 0.00642524 0.0126632 0.0186993 0.0243259 0.0292984 0.0333894 0.0364068 0.0381876 0.0386168 0.0377042 0.0355241 0.0322328 0.0280779 0.0233588 0.0184044 0.0134859 0.00887901 0.00480404 0.00143128 -0.00116092 -0.0029718 -0.00405853 -0.00452442 -0.00448621 -0.00405802 -0.00337544 -0.00255311 -0.00166711 -0.000794005 1.74721e-05 0.000722921 0.00133334 0.00183611 0.00223592 0.00253361 0.00273338 0.00287029 0.00295432 0.00301194 0.00302392 0.00299917 0.00295983 0.00293004 0.00290424 0.00285332 0.00279835 0.00275203 0.00272677 0.00269921 0.00266005 0.00262493 0.00260655 0.00260119 0.0025812 0.00256716 0.0025662 
0 0.000102292 0.00018515 0.000273348 0.000368003 0.000477529 0.000564433 0.00065454 0.000755078 0.000860745 0.000961921 0.0010535 0.00116576 0.00126662 0.00136443 0.00144664 0.00153043 0.00160647 0.00163809 0.00163208 0.00157045 0.00147181 0.00128866 0.000998612 0.000589336 5.69393e-05 -0.000573337 -0.00132809 -0.00219641 -0.00315577 -0.00412503 -0.00501558 -0.00574588 -0.00620032 -0.0062568 -0.00576253 -0.00457151 -0.00258854 0.000244457 0.00391513 0.00833664 0.0133509 0.0187049 0.024128 0.0292829 0.0338291 0.0374365 0.0398488 0.0409012 0.0404826 0.0386149 0.0354089 0.0310326 0.0256982 0.019668 0.0132004 0.00654032 -0.000140637 -0.00666364 -0.0129009 -0.0187376 -0.0240365 -0.0286892 -0.0326153 -0.0357447 -0.0380368 -0.0394717 -0.0400432 -0.0397778 -0.0387457 -0.0370815 -0.0348717 -0.0322555 -0.0293632 -0.0263029 -0.0231889 -0.0201376 -0.017215 -0.0145023 -0.0120235 -0.00981972 -0.00790387 -0.00628846 -0.00494657 -0.00382945 -0.0029146 -0.00219761 -0.00163065 -0.0012015 -0.000866517 -0.000601623 -0.0004208 -0.000301151 -0.00021126 -0.000154357 -0.000108415 -7.4237e-05 -5.99359e-05 -4.58864e-05 -2.82644e-05 -2.44938e-05 -2.15071e-05 -1.86474e-05 -2.43383e-05 -2.36769e-05 -2.97909e-05 -6.59566e-05 -0.000110569 -0.000184135 -0.000304135 -0.000468292 -0.000709168 -0.00103546 -0.00144439 -0.00199635 -0.00270829 -0.00360405 -0.00470796 -0.00604222 -0.00764354 -0.00954527 -0.011734 -0.0141987 -0.0168926 -0.019801 -0.0228419 -0.025927 -0.0289634 -0.0318263 -0.0343816 -0.0365332 -0.0381322 -0.0390818 -0.0392827 -0.0386583 -0.0371752 -0.0348594 -0.0317487 -0.0278884 -0.0233518 -0.0182384 -0.0126251 -0.00661295 -0.00033403 0.00610931 0.0125759 0.0188985 0.0248516 0.0301972 0.0346847 0.0380757 0.0401783 0.0409006 0.0401823 0.0380858 0.0347787 0.0305184 0.0256216 0.0203897 0.0151562 0.0102164 0.00582717 0.00216238 -0.00069241 -0.0027164 -0.00396444 -0.00453472 -0.00454157 -0.00413812 -0.00344409 -0.00258209 -0.0016481 -0.00071292 0.000144414 0.000911558 0.00156185 0.00211091 0.00253878 0.00284552 0.00306661 0.00321132 0.00331583 0.0033576 0.00336137 0.0033391 0.00330634 0.00327314 0.00322541 0.00318501 0.00313139 0.00308251 0.00304189 0.00301427 0.00298732 0.00294559 0.00291407 0.00289495 0.00289435 0.00287984 0.00285801 
0 0.00010593 0.000214379 0.000306329 0.000404248 0.000513093 0.000634377 0.000739063 0.000835232 0.000940746 0.0010535 0.00118759 0.00129668 0.00139511 0.00149528 0.00161137 0.00171161 0.00177181 0.001818 0.00181274 0.00176915 0.00165261 0.00145715 0.0011487 0.000714894 0.000162934 -0.00051971 -0.00131415 -0.00223539 -0.00322858 -0.00422889 -0.00514279 -0.00587387 -0.00629738 -0.00629503 -0.00569163 -0.00434874 -0.00216253 0.000902881 0.00481767 0.00950944 0.014782 0.0204174 0.0260315 0.0313016 0.0358846 0.03946 0.0417588 0.0425869 0.0418928 0.0397143 0.0361533 0.031421 0.0257849 0.0195101 0.0128614 0.00605767 -0.000678376 -0.00725622 -0.0135106 -0.019349 -0.0246803 -0.0294101 -0.0334575 -0.0367655 -0.039276 -0.0409669 -0.0417958 -0.0418103 -0.0410649 -0.0396177 -0.0376018 -0.0351105 -0.032255 -0.029175 -0.0259945 -0.0227981 -0.0197147 -0.0167909 -0.0140868 -0.0116443 -0.0095024 -0.00765281 -0.00610115 -0.0047924 -0.00372482 -0.00285492 -0.00218424 -0.00166095 -0.00125117 -0.000937201 -0.000708168 -0.000524106 -0.000415226 -0.000318917 -0.000256069 -0.00023035 -0.000208027 -0.000192483 -0.000193819 -0.000162177 -0.0001591 -0.000152208 -0.000144791 -0.000162522 -0.000194956 -0.000235383 -0.000321325 -0.000413503 -0.000560906 -0.000772351 -0.0010689 -0.00146214 -0.00198557 -0.00264915 -0.00350274 -0.00455278 -0.00584273 -0.00737464 -0.00920653 -0.0113383 -0.0137638 -0.0164489 -0.0193673 -0.0224335 -0.0256044 -0.0287681 -0.0318035 -0.0346011 -0.0370519 -0.0390047 -0.0403809 -0.0410651 -0.040964 -0.0400585 -0.0383301 -0.0358162 -0.0325514 -0.0285913 -0.024004 -0.0188465 -0.0132115 -0.00722211 -0.000906994 0.00559516 0.0121907 0.0187062 0.0249294 0.0305871 0.0354141 0.0391689 0.0416283 0.0426212 0.0421169 0.0401734 0.0369529 0.0326758 0.0276351 0.0222221 0.0167465 0.0115656 0.00691601 0.00299778 -9.24628e-05 -0.00232472 -0.00373166 -0.00439998 -0.00446446 -0.00409296 -0.0034135 -0.00253615 -0.00156111 -0.000593185 0.000324171 0.00112548 0.00182276 0.00239345 0.00284436 0.00318039 0.00341369 0.00358016 0.0036705 0.0037161 0.00370892 0.00369674 0.00367215 0.00362129 0.00355996 0.00350632 0.0034712 0.00341977 0.00336634 0.00331927 0.00329162 0.00326843 0.00323003 0.00319896 0.00318877 0.00318241 0.0031613 
0 0.000100909 0.000220037 0.000342484 0.000431389 0.000552517 0.000674678 0.000800017 0.000913296 0.00103113 0.00116576 0.00129668 0.00143028 0.00153408 0.00166769 0.00179546 0.0018871 0.00195006 0.00199827 0.00202227 0.00196112 0.00183601 0.0016131 0.00129268 0.000862748 0.000288459 -0.000423273 -0.00127193 -0.00221249 -0.00321542 -0.00422135 -0.00514379 -0.00587423 -0.00626363 -0.00618747 -0.00547748 -0.00398456 -0.00164155 0.00160747 0.00574083 0.0106435 0.0161198 0.0218979 0.0276458 0.0329725 0.0375153 0.040956 0.0430692 0.0436907 0.0427122 0.0401996 0.0363244 0.0313122 0.0254398 0.0190039 0.0122527 0.00541995 -0.00132439 -0.00782807 -0.0139939 -0.0197761 -0.0250718 -0.0298001 -0.0339186 -0.0373526 -0.0400482 -0.0419796 -0.0431153 -0.0434546 -0.0430154 -0.0418805 -0.0401015 -0.037796 -0.0350798 -0.0320549 -0.028854 -0.0256004 -0.0223733 -0.0192766 -0.0163615 -0.0137002 -0.0113166 -0.00923539 -0.00746343 -0.00596005 -0.00471686 -0.00371225 -0.00288965 -0.00225243 -0.0017497 -0.00134883 -0.00106225 -0.000849117 -0.000696186 -0.000595781 -0.000515193 -0.000455968 -0.000418001 -0.000388767 -0.000369304 -0.000361544 -0.000363801 -0.000363402 -0.000376636 -0.000393899 -0.000418646 -0.000484232 -0.000574194 -0.000707494 -0.000919902 -0.00119063 -0.00156273 -0.00205629 -0.00266789 -0.00346735 -0.0044659 -0.005687 -0.00717566 -0.0089372 -0.0109984 -0.013368 -0.0160152 -0.0189169 -0.0219896 -0.02519 -0.0284226 -0.0315815 -0.0345699 -0.0372483 -0.0394845 -0.0411999 -0.0422653 -0.0426144 -0.0422028 -0.0410199 -0.0390568 -0.036358 -0.0329745 -0.0289514 -0.0243636 -0.0192801 -0.0137374 -0.00781005 -0.00156667 0.00492697 0.0115578 0.0181742 0.0245575 0.0304677 0.0356181 0.0396951 0.042452 0.0437617 0.0435226 0.0417691 0.0386625 0.0344295 0.029378 0.0238444 0.0182148 0.0128461 0.00800999 0.00389253 0.000603742 -0.00179383 -0.00333755 -0.00411027 -0.00424262 -0.00392177 -0.00325992 -0.00238144 -0.00140434 -0.000408977 0.000528712 0.00137873 0.00209329 0.0026872 0.00315862 0.00351916 0.00378951 0.00394469 0.00404023 0.00407914 0.00409263 0.00407867 0.00403474 0.00397674 0.00390319 0.00385598 0.00379695 0.00374695 0.00369039 0.00363106 0.00359124 0.00356731 0.00355027 0.00350426 0.00348622 0.00347572 0.00347333 
0 0.0001065 0.00024215 0.00037365 0.000492921 0.000615945 0.000737558 0.000858251 0.000999113 0.00114696 0.00126662 0.00139511 0.00153408 0.00167535 0.0018123 0.00194073 0.00204219 0.00211655 0.0021906 0.00220744 0.00216278 0.00203679 0.00181474 0.00148255 0.00103933 0.000463414 -0.000277263 -0.00114503 -0.00211133 -0.00312187 -0.00412868 -0.00504554 -0.00575212 -0.00608881 -0.00593862 -0.00512776 -0.00352852 -0.00105128 0.00234716 0.00662495 0.0116664 0.0172373 0.0231073 0.0288683 0.0341585 0.038614 0.0419131 0.0438163 0.0441591 0.0429073 0.0401416 0.0360046 0.0307524 0.0247091 0.0181755 0.0114094 0.00461502 -0.00200807 -0.00839534 -0.0144192 -0.0200467 -0.0252256 -0.0298994 -0.0340267 -0.0375592 -0.040425 -0.0425959 -0.0440154 -0.0446965 -0.0446345 -0.0438356 -0.042382 -0.0403428 -0.0378064 -0.0349043 -0.0317704 -0.0284916 -0.0252018 -0.021967 -0.0188726 -0.0159997 -0.0133972 -0.011077 -0.0090809 -0.00736318 -0.00593408 -0.00474035 -0.00377234 -0.00300198 -0.00239521 -0.00192215 -0.0015712 -0.00128561 -0.00110074 -0.000950553 -0.000841822 -0.000775536 -0.000720314 -0.000682402 -0.000676338 -0.000646223 -0.000652883 -0.000655794 -0.000665438 -0.000704119 -0.000759027 -0.000834238 -0.00096936 -0.00113526 -0.00139485 -0.00173881 -0.00219883 -0.00279165 -0.00354639 -0.00448655 -0.00565337 -0.00705701 -0.00876211 -0.0107499 -0.0130557 -0.0156509 -0.0185008 -0.0215624 -0.0247778 -0.0280384 -0.0312888 -0.0344039 -0.0372552 -0.0397207 -0.0416962 -0.04307 -0.0437928 -0.0437968 -0.0430462 -0.0415725 -0.0393804 -0.0365257 -0.0330538 -0.0290336 -0.0245303 -0.0195625 -0.0141677 -0.00842224 -0.00229695 0.00410832 0.010713 0.0173567 0.0238454 0.0299198 0.0352886 0.0396498 0.0427263 0.0443107 0.0443168 0.0427777 0.0398515 0.0357355 0.0307141 0.0251897 0.0194999 0.0140323 0.00904608 0.00477915 0.00136523 -0.00115165 -0.00281249 -0.00369611 -0.00391654 -0.00364089 -0.00299209 -0.00211199 -0.00113483 -0.000149108 0.000815375 0.00168339 0.00243248 0.00303626 0.00351262 0.00388052 0.00414828 0.00431942 0.00440169 0.00444727 0.00445212 0.00443457 0.00437999 0.00431142 0.00425693 0.00420262 0.00412993 0.00406192 0.00402452 0.0039741 0.00391452 0.00388057 0.00386251 0.00382928 0.00380144 0.00378823 0.00378243 
0 0.00012805 0.000260813 0.000397502 0.000526104 0.000676895 0.000796573 0.000922313 0.00107979 0.00123833 0.00136443 0.00149528 0.00166769 0.0018123 0.00194793 0.00208123 0.00220717 0.00230699 0.00237392 0.00239294 0.00234591 0.00224151 0.00202534 0.00168664 0.00123304 0.000645928 -8.73411e-05 -0.000956328 -0.00192191 -0.00293533 -0.00393239 -0.00482711 -0.00550013 -0.00579013 -0.00557002 -0.00468201 -0.00299324 -0.000439458 0.00303886 0.0074093 0.0125183 0.0181201 0.0239508 0.0296571 0.0348493 0.0391532 0.0422505 0.0439294 0.0440429 0.0425372 0.039517 0.0351793 0.0297796 0.0236436 0.0170912 0.0103664 0.00367896 -0.00280759 -0.00899313 -0.0148008 -0.0202289 -0.025231 -0.029778 -0.0338733 -0.0374603 -0.0404722 -0.0428684 -0.0445945 -0.0456226 -0.045925 -0.0455147 -0.0444181 -0.0427021 -0.0404435 -0.0377333 -0.0347091 -0.0314838 -0.0281611 -0.024846 -0.0216216 -0.0185792 -0.0157609 -0.0132037 -0.010957 -0.00900777 -0.00736807 -0.00600235 -0.00486746 -0.00396269 -0.0032391 -0.00265842 -0.00221586 -0.0018638 -0.00161093 -0.00143067 -0.00129563 -0.00120362 -0.0011374 -0.00109154 -0.0010681 -0.00104718 -0.00104754 -0.00104998 -0.00107243 -0.00112176 -0.00119299 -0.00131277 -0.00148355 -0.00171154 -0.00204366 -0.00246179 -0.00300901 -0.00371807 -0.00460292 -0.00571938 -0.00708088 -0.00870238 -0.0106335 -0.0128584 -0.0153827 -0.0181783 -0.0212008 -0.0244093 -0.0277045 -0.0309975 -0.0341929 -0.0371708 -0.0398277 -0.0420288 -0.0436668 -0.0446844 -0.0450163 -0.0446317 -0.0435389 -0.0417813 -0.0393815 -0.0363991 -0.0328978 -0.0289295 -0.0245526 -0.0197765 -0.0145911 -0.00903018 -0.0030924 0.00317002 0.00967002 0.0162726 0.0227844 0.0289687 0.0345193 0.0390826 0.0423805 0.0442367 0.0445184 0.0432173 0.0404788 0.0365167 0.0316315 0.0261758 0.0205163 0.0150224 0.00998168 0.00563786 0.00214422 -0.000446433 -0.00219222 -0.00315889 -0.00344968 -0.0032255 -0.00260378 -0.00173808 -0.000779387 0.000198529 0.0011538 0.00203354 0.00278599 0.00340586 0.00389033 0.0042468 0.00450992 0.00468174 0.00479132 0.00482579 0.0048106 0.00477919 0.00473102 0.00467091 0.00460316 0.00454694 0.00445773 0.00438803 0.00435078 0.00430697 0.00424635 0.00419502 0.00417275 0.00413948 0.00412925 0.00411154 0.00409113 
0 0.000143667 0.000282535 0.000411359 0.000542341 0.000705488 0.00085165 0.000989957 0.00114449 0.00130238 0.00144664 0.00161137 0.00179546 0.00194073 0.00208123 0.00223559 0.00237717 0.00248399 0.00256411 0.00258797 0.00254073 0.00243683 0.00223826 0.00191213 0.00145356 0.00086222 0.00013421 -0.000717233 -0.00166474 -0.00265925 -0.00363526 -0.00450501 -0.00514281 -0.00538934 -0.00512136 -0.0041817 -0.0024497 0.000135974 0.00362746 0.00799795 0.0130935 0.0186491 0.0243927 0.0299568 0.0349752 0.0390972 0.0420028 0.0434595 0.0433267 0.0415951 0.0383929 0.0339147 0.0284276 0.0222698 0.0157605 0.00914384 0.0026186 -0.00365807 -0.0096154 -0.0151822 -0.0203654 -0.0251541 -0.0295502 -0.0335731 -0.0371849 -0.0403108 -0.0429005 -0.0448933 -0.0462555 -0.0469422 -0.0469338 -0.046246 -0.0449128 -0.0429789 -0.0405306 -0.0376958 -0.0345749 -0.0312851 -0.0279268 -0.0246001 -0.0214091 -0.0184059 -0.0156316 -0.0131539 -0.0109735 -0.00911147 -0.00753231 -0.00620889 -0.00513729 -0.00427784 -0.00358944 -0.0030536 -0.00262006 -0.00230365 -0.00206674 -0.00189125 -0.00177189 -0.00168475 -0.00162615 -0.00159816 -0.00156962 -0.00157034 -0.00157942 -0.00161316 -0.00168565 -0.00179022 -0.00194395 -0.00216409 -0.00245138 -0.00285703 -0.00337195 -0.0040363 -0.0048832 -0.00593671 -0.00723678 -0.00879859 -0.0106343 -0.0127944 -0.0152522 -0.0179996 -0.0209866 -0.0241564 -0.0274589 -0.0307948 -0.034048 -0.0371278 -0.0399128 -0.0422945 -0.0441572 -0.0454166 -0.0460292 -0.0459672 -0.0452142 -0.0437912 -0.0417619 -0.0391717 -0.0360931 -0.0325893 -0.0287162 -0.0245077 -0.0199383 -0.0149872 -0.00967651 -0.00397145 0.00208997 0.00844149 0.0149571 0.0214522 0.0276766 0.0333148 0.0380228 0.0415168 0.0435916 0.0441055 0.0430411 0.0405262 0.0367577 0.0320312 0.026716 0.021167 0.0157492 0.0107419 0.00639976 0.00288975 0.000262082 -0.00153026 -0.00254038 -0.00286812 -0.00268586 -0.00211736 -0.00129331 -0.000351494 0.000620178 0.00156727 0.00242692 0.00316557 0.00378375 0.0042817 0.00464551 0.00489225 0.00505491 0.0051691 0.00521118 0.00517982 0.00513445 0.005091 0.00502853 0.00494435 0.00487158 0.00479008 0.0047199 0.00466619 0.00460983 0.00455692 0.0045155 0.00448031 0.00444156 0.00443969 0.00443241 0.00440628 
0 0.000145769 0.000301499 0.000440018 0.000571835 0.000733795 0.000902569 0.00105414 0.00120447 0.00136574 0.00153043 0.00171161 0.0018871 0.00204219 0.00220717 0.00237717 0.0025142 0.00262572 0.00273355 0.00277391 0.00273204 0.00263228 0.00245567 0.00215028 0.00170415 0.0011291 0.000419332 -0.000404621 -0.00132447 -0.00229561 -0.00325119 -0.00409074 -0.00468879 -0.00491062 -0.00463557 -0.00369578 -0.00197106 0.000595755 0.00404069 0.00833178 0.0133164 0.0187298 0.0243099 0.0296861 0.0345006 0.0384078 0.0410962 0.0423385 0.0420031 0.0401058 0.036788 0.0322505 0.0267599 0.0206469 0.0142264 0.00775405 0.00142452 -0.00460438 -0.0102885 -0.0155825 -0.0205063 -0.0250692 -0.0292879 -0.0331959 -0.0367794 -0.0399738 -0.0427308 -0.0449829 -0.0466738 -0.0477401 -0.0481333 -0.0478644 -0.046942 -0.0453858 -0.0432656 -0.0406898 -0.037743 -0.0345473 -0.0311985 -0.0278164 -0.0245114 -0.0213471 -0.0183725 -0.0156704 -0.013261 -0.0111733 -0.00937267 -0.00784498 -0.00658365 -0.00556148 -0.00474139 -0.00409598 -0.00357673 -0.00319394 -0.00289936 -0.0026765 -0.00251588 -0.00239292 -0.00230968 -0.00227041 -0.00224161 -0.00225299 -0.00228084 -0.00233321 -0.00242778 -0.00256133 -0.00274942 -0.00302432 -0.00338805 -0.0038885 -0.004523 -0.00532293 -0.00632188 -0.00755433 -0.0090488 -0.0108239 -0.0128871 -0.0152805 -0.0179684 -0.0209213 -0.0240697 -0.0273485 -0.0306948 -0.0340115 -0.0371622 -0.0400594 -0.042588 -0.0446436 -0.0461265 -0.0469734 -0.047154 -0.0466791 -0.0455521 -0.0438187 -0.0415571 -0.038824 -0.0356919 -0.03222 -0.028463 -0.0244425 -0.0201092 -0.0154249 -0.0103862 -0.00493512 0.000903422 0.00707982 0.0134643 0.0198754 0.0260623 0.0317098 0.0364831 0.0401053 0.0423548 0.0430746 0.0422239 0.0399232 0.0363738 0.0318635 0.0267538 0.0213808 0.01611 0.0112212 0.00696618 0.00351137 0.000909224 -0.000871462 -0.00187875 -0.00221635 -0.00205709 -0.00153185 -0.000748764 0.000173373 0.00113096 0.00205513 0.00288035 0.00359576 0.0041947 0.00468268 0.00504809 0.00528685 0.0054295 0.0055167 0.00555904 0.00553792 0.00549021 0.00543021 0.00535065 0.0052636 0.00519004 0.00511855 0.00504701 0.00497911 0.00490982 0.00486344 0.00483995 0.0048025 0.00475382 0.00474306 0.00474317 0.00472698 
0 0.000141895 0.000306286 0.000473308 0.000609725 0.000773739 0.00093474 0.00109402 0.00125578 0.0014284 0.00160647 0.00177181 0.00195006 0.00211655 0.00230699 0.00248399 0.00262572 0.00275531 0.00286706 0.00293431 0.00291754 0.00285011 0.00268304 0.00238978 0.00197687 0.00143673 0.00076559 -3.28116e-05 -0.000924708 -0.00187856 -0.00281468 -0.00362246 -0.0041914 -0.00441988 -0.00417337 -0.00329068 -0.0016258 0.000859284 0.00418927 0.00832279 0.0130986 0.0183013 0.023642 0.0287973 0.0333828 0.0370605 0.0395336 0.0405914 0.0401188 0.0381226 0.03475 0.0302287 0.0248023 0.0187869 0.012508 0.0062097 0.00010665 -0.00567705 -0.0110652 -0.0160708 -0.0207264 -0.0250455 -0.0290638 -0.0328443 -0.0363674 -0.0395975 -0.04248 -0.0449582 -0.0469472 -0.0483661 -0.0491723 -0.0493284 -0.0488356 -0.0477003 -0.0459494 -0.0436747 -0.0409748 -0.0379237 -0.0346521 -0.0312746 -0.0279055 -0.0246106 -0.0214622 -0.0185344 -0.0158933 -0.0135615 -0.0115373 -0.00979069 -0.00833868 -0.00714676 -0.00617804 -0.00539832 -0.0047769 -0.00428755 -0.00392508 -0.00364674 -0.00344238 -0.00329743 -0.00320091 -0.00313688 -0.00311284 -0.00311384 -0.0031476 -0.00322325 -0.00334744 -0.00352373 -0.00378306 -0.00412189 -0.00457989 -0.00518123 -0.00593566 -0.00687548 -0.00804822 -0.00947371 -0.0111955 -0.013203 -0.0155118 -0.0181283 -0.0210308 -0.0241523 -0.0274185 -0.030758 -0.0341093 -0.0373422 -0.0403506 -0.0430073 -0.0452129 -0.046893 -0.0479572 -0.0483564 -0.0481147 -0.0472352 -0.0457527 -0.0437376 -0.0412729 -0.038435 -0.0352843 -0.031891 -0.0282803 -0.0244547 -0.0203675 -0.015958 -0.0111802 -0.00600471 -0.000398528 0.00557682 0.0118056 0.0180801 0.0241638 0.0297603 0.0345275 0.0381947 0.0405542 0.0414229 0.0407531 0.0386565 0.0353395 0.0310905 0.0262176 0.0210886 0.0160301 0.0113437 0.00725583 0.0039267 0.00142201 -0.000286921 -0.00124382 -0.00156534 -0.0014065 -0.000888632 -0.000121311 0.000775359 0.00170679 0.00258769 0.00338713 0.00407557 0.00465344 0.00510287 0.00543445 0.00567075 0.00579958 0.00586676 0.0058756 0.00586394 0.00582099 0.00574292 0.00564903 0.00556148 0.00550374 0.0054216 0.00534802 0.00528019 0.00521541 0.0051663 0.00513779 0.0051144 0.00506574 0.00505027 0.00504576 0.00504568 
