0 0 0 0 0 0 0 0 0 0 0 0 0 0 0 0 0 0 0 0 0 0 0 0 0 0 0 0 0 0 0 0 0 0 0 0 0 0 0 0 0 0 0 0 0 0 0 0 0 0 0 0 0 0 0 0 0 0 0 0 0 0 0 0 0 0 0 0 0 0 0 0 0 0 0 0 0 0 0 0 0 0 0 0 0 0 0 0 0 0 0 0 0 0 0 0 0 0 0 0 0 0 0 0 0 0 0 0 0 0 0 0 0 0 0 0 0 0 0 0 0 0 0 0 0 0 0 0 0 0 0 0 0 0 0 0 0 0 0 0 0 0 0 0 0 0 0 0 0 0 0 0 0 0 0 0 0 0 0 0 0 0 0 0 0 0 0 0 0 0 0 0 0 0 0 0 0 0 0 0 0 0 0 0 0 0 0 0 0 0 0 0 0 0 0 0 0 0 0 0 
0 0.000297496 0.000606194 0.00092366 0.00125419 0.00160013 0.00196143 0.00232391 0.00268435 0.00302869 0.00333909 0.00359779 0.00378181 0.00386028 0.00381064 0.0036272 0.00330553 0.00284672 0.00223807 0.00148904 0.000620588 -0.000314642 -0.00127522 -0.00222147 -0.00312035 -0.00396471 -0.00470979 -0.0053149 -0.00574052 -0.00599623 -0.00608799 -0.00603532 -0.00586677 -0.00558656 -0.00520896 -0.00476041 -0.0042774 -0.00377816 -0.00328614 -0.00280417 -0.00235896 -0.0019603 -0.00161944 -0.00133064 -0.00109359 -0.000905203 -0.000739734 -0.000613715 -0.000524683 -0.000473402 -0.000459489 -0.000470833 -0.000502587 -0.000566165 -0.000652476 -0.000772767 -0.000915984 -0.00108228 -0.00126134 -0.00143698 -0.00160625 -0.0017514 -0.00187453 -0.00194855 -0.00194345 -0.00186207 -0.00169723 -0.00143839 -0.00111217 -0.000727541 -0.000318393 0.000103179 0.000515914 0.000881362 0.00118034 0.00140345 0.00152543 0.00155693 0.00150767 0.00138488 0.0012222 0.0010531 0.000882756 0.000724718 0.000588129 0.000468155 0.000376171 0.000309682 0.000260594 0.000228151 0.000203276 0.000184031 0.000171397 0.000154154 0.000147957 0.000147787 0.000149202 0.000160019 0.000165062 0.000161987 0.000168643 0.000169748 0.000175627 0.000187831 0.000194412 0.000204539 0.000219006 0.000227093 0.000236468 0.000238507 0.000239085 0.0002419 0.000246486 0.000262394 0.00029398 0.000347067 0.000438744 0.000561719 0.000713522 0.000897915 0.0010943 0.00127956 0.00143559 0.00152753 0.00153287 0.00146137 0.0012977 0.00104069 0.000710289 0.000322469 -9.51197e-05 -0.000507598 -0.000899267 -0.00122701 -0.00148415 -0.00165174 -0.00172608 -0.00173802 -0.00169191 -0.00157979 -0.00143101 -0.00125693 -0.00108135 -0.000908546 -0.000745222 -0.000609075 -0.000492096 -0.000394422 -0.000311817 -0.000263777 -0.000255097 -0.000276123 -0.000326085 -0.00041 -0.00051852 -0.000670536 -0.000858536 -0.00109729 -0.00139051 -0.0017241 -0.00209933 -0.00252157 -0.0029931 -0.00348745 -0.00398632 -0.00445524 -0.00487418 -0.00522376 -0.00549961 -0.0056715 -0.00571575 -0.00559957 -0.00530655 -0.00485629 -0.00424797 -0.00350096 -0.00263626 -0.00170088 -0.000723567 0.000253241 0.00118847 0.00206397 0.00284879 0.0035 0.00398841 0.00432375 0.00452436 0.00461407 0.00459865 0.00448095 0.0042641 0.00399319 0.0037153 0.00345231 0.00320183 0.00294632 0.00270647 0.00250486 0.00237437 0.00230406 
0 0.000606194 0.00123096 0.00187201 0.00253565 0.00322874 0.00394457 0.00465536 0.00535838 0.00602963 0.00662932 0.00712112 0.00745323 0.00758542 0.00747439 0.00711028 0.00647387 0.00554823 0.00434115 0.00286072 0.00118112 -0.000636342 -0.00252016 -0.00439003 -0.00618628 -0.0078357 -0.00929878 -0.0104727 -0.0113301 -0.011869 -0.0120732 -0.0119902 -0.0116454 -0.0111009 -0.0103649 -0.0094979 -0.00855294 -0.00755954 -0.00657597 -0.00562616 -0.00474997 -0.00397759 -0.0032978 -0.00270844 -0.00222467 -0.00182493 -0.0015061 -0.00124784 -0.00107599 -0.000960514 -0.000909078 -0.0009213 -0.000990938 -0.00113097 -0.00131526 -0.0015449 -0.00183366 -0.00217018 -0.00250623 -0.00285799 -0.00319988 -0.00351542 -0.00374547 -0.00386268 -0.00385205 -0.00371128 -0.00338393 -0.00289144 -0.0022453 -0.00147675 -0.000643767 0.000207759 0.00103055 0.00177254 0.00236991 0.00278697 0.00302685 0.00309353 0.0029832 0.00276219 0.00244986 0.00210605 0.00176211 0.00144781 0.00116279 0.000933272 0.000749982 0.000621849 0.00051287 0.000447261 0.000392392 0.000357154 0.000332308 0.000316005 0.000294182 0.000297268 0.00029598 0.000308099 0.000309469 0.000316268 0.000318528 0.000334242 0.000352747 0.000376992 0.000385709 0.000411252 0.000420914 0.00044063 0.000457894 0.000468407 0.000470473 0.00048489 0.000486711 0.000518563 0.000575863 0.000697336 0.000877807 0.00112853 0.00143302 0.00178469 0.00215865 0.00254632 0.00285387 0.00304868 0.00308295 0.00292884 0.00258469 0.00207089 0.00139735 0.000613547 -0.000214254 -0.00102553 -0.00178563 -0.0024402 -0.00293686 -0.00328278 -0.00346132 -0.00348543 -0.00336274 -0.0031417 -0.00284929 -0.00252321 -0.00216078 -0.00181354 -0.00149048 -0.00120343 -0.000959257 -0.000769151 -0.000619597 -0.000544819 -0.000527538 -0.000559717 -0.000664288 -0.000825525 -0.0010698 -0.00137855 -0.00176363 -0.0022328 -0.0028043 -0.00347319 -0.00423079 -0.00508211 -0.00601897 -0.00697946 -0.00795111 -0.00887763 -0.00970753 -0.0104123 -0.0109281 -0.0112436 -0.0112918 -0.0110482 -0.0104729 -0.0095733 -0.00837397 -0.0068821 -0.00519122 -0.00336115 -0.00145153 0.000468536 0.00231997 0.00403581 0.00556845 0.00683921 0.00781757 0.00851507 0.00894262 0.00912839 0.00909593 0.00887134 0.00848228 0.00798644 0.0074554 0.00692335 0.00640762 0.00591236 0.00545856 0.00508372 0.00481104 0.00464348 
0 0.00092366 0.00187201 0.00283706 0.00383358 0.00486655 0.00592511 0.00696937 0.00799506 0.00896667 0.00982426 0.010505 0.010951 0.0111024 0.0109141 0.0103567 0.00938783 0.00800041 0.00619487 0.00403783 0.00159513 -0.00103414 -0.00377928 -0.00653055 -0.00915048 -0.0115667 -0.0136656 -0.0153803 -0.016646 -0.0174711 -0.0178233 -0.0177209 -0.017248 -0.0164574 -0.0154073 -0.0141588 -0.0127854 -0.0113335 -0.00988852 -0.00848741 -0.00720568 -0.00605423 -0.0050415 -0.00415212 -0.00340363 -0.002808 -0.00230935 -0.00193455 -0.00166079 -0.0014785 -0.00139574 -0.0014034 -0.00150138 -0.00171156 -0.00199053 -0.00234886 -0.00276066 -0.00323683 -0.00375942 -0.0042892 -0.00480468 -0.00524558 -0.00560061 -0.00580015 -0.00577673 -0.00554092 -0.00506916 -0.00432624 -0.0033675 -0.00221679 -0.00097157 0.00031257 0.00155549 0.00264459 0.00352242 0.00416764 0.00452578 0.00462529 0.00448942 0.00414047 0.00366561 0.00315891 0.00264524 0.00216895 0.00175851 0.00140491 0.00113298 0.000932823 0.00077921 0.000672562 0.000592227 0.000535529 0.000503896 0.000465836 0.000452267 0.00044964 0.000445383 0.000461531 0.000466208 0.000459187 0.000483862 0.000501935 0.000531167 0.000568916 0.000584511 0.000604768 0.00063516 0.000656158 0.000685727 0.000699509 0.000708645 0.000720882 0.000734872 0.000781685 0.000878 0.00104516 0.00132581 0.00169915 0.00215291 0.00269223 0.00326398 0.00381048 0.00427613 0.00456278 0.00459728 0.00438527 0.00388203 0.0030914 0.00207821 0.000908551 -0.00032809 -0.00153638 -0.00267625 -0.00364212 -0.00441082 -0.00492588 -0.0051664 -0.0052012 -0.0050476 -0.00470538 -0.00426446 -0.00376348 -0.00325492 -0.00274174 -0.0022394 -0.00180572 -0.0014435 -0.00116541 -0.000954663 -0.000843285 -0.000827493 -0.000885273 -0.00103201 -0.00129522 -0.00165594 -0.00214343 -0.00272253 -0.00342795 -0.00428677 -0.00528416 -0.00642319 -0.00769196 -0.00906444 -0.0104642 -0.0118666 -0.0132077 -0.0144272 -0.0154361 -0.016181 -0.016587 -0.016623 -0.0162333 -0.0153708 -0.0140577 -0.0122835 -0.0101158 -0.00764151 -0.00498438 -0.00219918 0.000613818 0.00332173 0.00583341 0.00805901 0.00992341 0.0113899 0.0124702 0.0131513 0.0134514 0.013414 0.0131167 0.0126036 0.0119464 0.0111987 0.0104082 0.00963686 0.00891515 0.00829271 0.00776249 0.00735439 0.00706789 
0 0.00125419 0.00253565 0.00383358 0.00515956 0.00652065 0.00790331 0.00926011 0.0105776 0.0118022 0.0128527 0.0136673 0.0141744 0.0143167 0.0140151 0.0132296 0.0119185 0.0100729 0.00773818 0.0049549 0.0018327 -0.00154626 -0.00507154 -0.0085904 -0.0119604 -0.015038 -0.0177468 -0.0199463 -0.0216015 -0.0227019 -0.0231993 -0.0231418 -0.0225766 -0.0216106 -0.0202814 -0.0186951 -0.0169478 -0.0150994 -0.013249 -0.0114435 -0.00975064 -0.0082236 -0.00685931 -0.00566541 -0.00467085 -0.00384717 -0.00318215 -0.00265208 -0.0022893 -0.00204739 -0.00193125 -0.00193813 -0.00206124 -0.00231904 -0.002672 -0.00312125 -0.00368493 -0.00434308 -0.00501749 -0.00571678 -0.0063955 -0.00701266 -0.00747257 -0.00771368 -0.00769425 -0.00739937 -0.00674347 -0.00575654 -0.00447103 -0.00294941 -0.00129989 0.000388718 0.00202201 0.00349252 0.00468434 0.00552947 0.00601886 0.00615765 0.00595184 0.00551178 0.0048959 0.0042166 0.00353648 0.00290926 0.00234485 0.001884 0.00151963 0.0012601 0.00105021 0.000916432 0.000807807 0.000733244 0.000678606 0.000637566 0.000597143 0.000598373 0.000599814 0.000624537 0.00063256 0.000643937 0.000651444 0.000677009 0.000709613 0.000752957 0.000774898 0.000822116 0.000850286 0.000889232 0.000922029 0.00093964 0.000943383 0.00096683 0.000980991 0.00105031 0.00117687 0.00142162 0.0017869 0.00228759 0.00289866 0.00360279 0.00434899 0.00510045 0.00569918 0.00606745 0.00611803 0.0058035 0.00511692 0.00409094 0.00275664 0.00120547 -0.000439175 -0.0020588 -0.00357429 -0.00487524 -0.00586708 -0.00654763 -0.00689571 -0.0069421 -0.00670707 -0.00626725 -0.00568541 -0.00503236 -0.00432282 -0.00363847 -0.00300173 -0.00244026 -0.00196816 -0.00159972 -0.00131758 -0.00117445 -0.00115076 -0.00123503 -0.00145918 -0.00180469 -0.00230833 -0.00295194 -0.00375095 -0.00471883 -0.00587809 -0.00721356 -0.00870587 -0.0103536 -0.0121279 -0.0139257 -0.0157216 -0.0174292 -0.0189589 -0.0202369 -0.0211435 -0.021638 -0.0216226 -0.0210607 -0.0199024 -0.0181678 -0.0158961 -0.0131074 -0.00994745 -0.00652224 -0.00293798 0.000669631 0.00414358 0.00735607 0.0102291 0.0126571 0.0146026 0.0160627 0.0170115 0.017466 0.0174865 0.017172 0.0165948 0.0158204 0.0149094 0.0139146 0.0129252 0.0120157 0.0112273 0.0105634 0.0100246 0.00963694 
0 0.00160013 0.00322874 0.00486655 0.00652065 0.00819461 0.00987606 0.0115133 0.0130741 0.0144854 0.0156605 0.0165356 0.0170524 0.0171247 0.0166618 0.0156106 0.0139418 0.0116834 0.0088633 0.00555023 0.00181936 -0.00220045 -0.00637954 -0.0105466 -0.0145195 -0.0181899 -0.0214111 -0.0240693 -0.0260799 -0.0274465 -0.0281312 -0.0281496 -0.027581 -0.0264897 -0.024955 -0.0230912 -0.0210266 -0.0188422 -0.0166403 -0.0144638 -0.0124059 -0.0105104 -0.00881538 -0.00732572 -0.00606264 -0.00502445 -0.00415029 -0.0034718 -0.00298127 -0.00266134 -0.00250736 -0.00250001 -0.00263476 -0.0029387 -0.00336936 -0.00393904 -0.00462371 -0.00541901 -0.00627776 -0.00714459 -0.00798089 -0.00871219 -0.00929506 -0.00962396 -0.00959963 -0.00920766 -0.00840669 -0.00717062 -0.00557789 -0.00368875 -0.00164073 0.000467578 0.00250783 0.00431891 0.00579149 0.00686901 0.0074824 0.00765696 0.00743047 0.00686755 0.00609867 0.0052657 0.00442439 0.00363984 0.00295252 0.00236656 0.00191165 0.00157754 0.00132482 0.00114875 0.00101617 0.000918542 0.000853669 0.000789574 0.00075633 0.000748542 0.000748578 0.000774287 0.000786841 0.000786317 0.00081551 0.000843148 0.000885741 0.000938754 0.000970056 0.00101081 0.00106019 0.00110039 0.001143 0.00116162 0.00117308 0.00119491 0.00122905 0.0013211 0.00149533 0.00178895 0.00225414 0.00287551 0.0036355 0.0045265 0.00546802 0.0063669 0.00710966 0.00755341 0.00759122 0.00720895 0.00636097 0.00506342 0.00339903 0.00147526 -0.000567654 -0.00258061 -0.00446804 -0.00607067 -0.00732369 -0.00815949 -0.00856404 -0.00862189 -0.00836623 -0.00781843 -0.0070925 -0.00626178 -0.00540594 -0.00455933 -0.00375578 -0.003064 -0.00248976 -0.00204209 -0.00170542 -0.00153076 -0.00152366 -0.00166272 -0.00195754 -0.00242434 -0.00305244 -0.00388213 -0.00489489 -0.00612845 -0.00759509 -0.00925353 -0.0110899 -0.0130902 -0.0152215 -0.0173801 -0.0195118 -0.0215152 -0.0232959 -0.0247414 -0.0257659 -0.0262657 -0.0261695 -0.0254025 -0.0239325 -0.0218212 -0.0190871 -0.0157925 -0.0120305 -0.00795377 -0.00368276 0.000601671 0.00471201 0.00854023 0.01199 0.0149545 0.0173574 0.0191852 0.0204176 0.0210832 0.0212442 0.0209973 0.0204082 0.019568 0.0185524 0.0174338 0.0163061 0.0152369 0.0142973 0.0134908 0.0128546 0.0124014 
0 0.00196143 0.00394457 0.00592511 0.00790331 0.00987606 0.0118256 0.0136905 0.0154254 0.0169533 0.0181837 0.0190575 0.0195015 0.0194315 0.0187491 0.0174149 0.015416 0.012774 0.00953725 0.00575489 0.00153745 -0.00299327 -0.00768558 -0.0123575 -0.0168376 -0.0209717 -0.0246346 -0.0276712 -0.0300186 -0.0316591 -0.0325429 -0.0326901 -0.0321502 -0.0310166 -0.0293608 -0.027316 -0.0250163 -0.0225553 -0.0200453 -0.0175539 -0.0151662 -0.0129497 -0.010929 -0.00912955 -0.00758942 -0.00629693 -0.00523074 -0.00438418 -0.00377271 -0.00335664 -0.00313169 -0.00309499 -0.00324603 -0.00359596 -0.00410295 -0.00476055 -0.00557463 -0.00652159 -0.00752479 -0.00855706 -0.0095577 -0.0104494 -0.0111249 -0.0114861 -0.011459 -0.0110066 -0.0100487 -0.00859523 -0.0066988 -0.00444855 -0.00199352 0.000526379 0.00295778 0.00513139 0.00689682 0.00816562 0.00890567 0.00912463 0.00885404 0.00821319 0.00731847 0.00632141 0.00531757 0.00438179 0.00354952 0.00285903 0.00231615 0.00191527 0.00160478 0.00138911 0.0012244 0.00110915 0.00102883 0.00096592 0.000917729 0.000906765 0.000903496 0.000923042 0.000932045 0.000944457 0.000969743 0.00101383 0.00106908 0.00112923 0.00116562 0.00121627 0.0012593 0.00130883 0.00135536 0.00138403 0.00140064 0.00143481 0.00147922 0.00159496 0.00180827 0.00218204 0.00274113 0.00349173 0.00440659 0.00545322 0.00655681 0.00763175 0.00849954 0.00902107 0.00907329 0.00859115 0.00755384 0.00599957 0.00400356 0.00170267 -0.000728597 -0.00312191 -0.00535019 -0.00726007 -0.00873592 -0.00974036 -0.0102549 -0.0103254 -0.00999328 -0.00934384 -0.00848471 -0.00751308 -0.00648319 -0.00547522 -0.00453208 -0.00370559 -0.00302422 -0.00250256 -0.00213172 -0.00195596 -0.00196531 -0.00214856 -0.00253075 -0.00311025 -0.00391254 -0.00493714 -0.00619012 -0.00768823 -0.00944154 -0.0114165 -0.013578 -0.0159059 -0.0183481 -0.0207925 -0.0231822 -0.0254111 -0.0273638 -0.0289268 -0.0299702 -0.0304171 -0.0301723 -0.029186 -0.0274331 -0.0249656 -0.0218359 -0.0180831 -0.0138389 -0.00923975 -0.00443595 0.000380542 0.00502134 0.00935999 0.0133097 0.0167403 0.0195663 0.0217572 0.023301 0.0242343 0.0246136 0.0245121 0.0239917 0.0231543 0.0221118 0.0209545 0.0197606 0.01859 0.0175148 0.0165922 0.0158792 0.0153946 
0 0.00232391 0.00465536 0.00696937 0.00926011 0.0115133 0.0136905 0.0157221 0.0175603 0.0191405 0.0203742 0.0211811 0.0214783 0.0211864 0.0202426 0.0186239 0.0163159 0.0133304 0.00971139 0.00554258 0.000943709 -0.00395463 -0.00901346 -0.0140589 -0.0189036 -0.0233897 -0.0273728 -0.0307219 -0.0333633 -0.0352629 -0.0363627 -0.0366611 -0.0362174 -0.0351168 -0.0334432 -0.031318 -0.0288715 -0.0262107 -0.0234572 -0.0206994 -0.0180323 -0.0155181 -0.013193 -0.0110924 -0.00926468 -0.00772233 -0.00644225 -0.00542665 -0.00467185 -0.00414924 -0.00385123 -0.00377572 -0.00392489 -0.00430491 -0.0048755 -0.00562474 -0.0065455 -0.00761876 -0.00878242 -0.00997832 -0.0111339 -0.0121548 -0.0129373 -0.0133607 -0.0133265 -0.0127844 -0.0116743 -0.0099883 -0.00779306 -0.00519195 -0.00234867 0.000572973 0.00338773 0.00589872 0.0079463 0.00943483 0.01031 0.0105796 0.0102905 0.00955554 0.00852846 0.00737992 0.00621941 0.00513227 0.00417062 0.00336554 0.00273399 0.00226277 0.00190655 0.00164969 0.00145719 0.00131692 0.00121714 0.00113769 0.00108543 0.00106692 0.0010651 0.00108334 0.00109602 0.00110884 0.00114226 0.00119114 0.00125314 0.00131697 0.00136259 0.00141487 0.0014703 0.00152717 0.00157993 0.00161163 0.00163381 0.00167106 0.00173621 0.00188214 0.00214834 0.00259089 0.00325132 0.00412856 0.005196 0.00641404 0.00769037 0.00890575 0.00988719 0.0104642 0.010501 0.00993102 0.00872188 0.00690866 0.0045909 0.00192815 -0.000885351 -0.00365893 -0.00623641 -0.00844387 -0.0101615 -0.0113212 -0.0119099 -0.0119879 -0.0116125 -0.0108634 -0.0098691 -0.00874365 -0.0075708 -0.00641593 -0.00533058 -0.00438185 -0.00360696 -0.00302198 -0.00262395 -0.00244621 -0.00248555 -0.00273181 -0.00320504 -0.00392309 -0.00490043 -0.00614398 -0.00764175 -0.00940651 -0.0114414 -0.0137093 -0.0161705 -0.018783 -0.0214755 -0.0241368 -0.0266977 -0.0290583 -0.0310988 -0.032682 -0.0336775 -0.0339944 -0.0335685 -0.032359 -0.030352 -0.0275893 -0.0241115 -0.01999 -0.0153656 -0.0103959 -0.00521883 -7.54647e-06 0.00505188 0.00981695 0.0141708 0.0179899 0.0211924 0.0237471 0.0256368 0.0268825 0.0275301 0.0276419 0.0272794 0.0265479 0.0255673 0.0244414 0.0232458 0.0220364 0.0208957 0.0199047 0.0191438 0.0186338 
0 0.00268435 0.00535838 0.00799506 0.0105776 0.0130741 0.0154254 0.0175603 0.0194336 0.0209933 0.0221512 0.0228102 0.0228873 0.0223218 0.0210901 0.019182 0.0165834 0.0133017 0.00938217 0.004933 7.41102e-05 -0.0050612 -0.0103416 -0.0156042 -0.0206662 -0.0253834 -0.0296029 -0.0332065 -0.0360991 -0.0382283 -0.039545 -0.040037 -0.0397619 -0.0387784 -0.037172 -0.0350527 -0.0325512 -0.0297863 -0.0268732 -0.0239109 -0.0210005 -0.018213 -0.0156061 -0.0132281 -0.0111268 -0.00932763 -0.00781216 -0.00659866 -0.0056792 -0.00504008 -0.00466378 -0.00454037 -0.00467067 -0.00505468 -0.00566736 -0.00649948 -0.00753394 -0.00873792 -0.0100516 -0.0113943 -0.0126936 -0.0138408 -0.0147248 -0.0152071 -0.0151721 -0.0145463 -0.0132815 -0.0113627 -0.00887295 -0.00593442 -0.00272131 0.000581839 0.00376953 0.00662136 0.00895912 0.0106679 0.0116773 0.0119945 0.011687 0.0108694 0.00972665 0.00843703 0.00712776 0.00589249 0.00479946 0.00387886 0.00315747 0.0026142 0.00221305 0.0019171 0.00169895 0.00153396 0.0014115 0.00131182 0.0012496 0.00122084 0.00122245 0.00124232 0.00126284 0.00127896 0.00131574 0.00136436 0.00142868 0.00149424 0.00155256 0.00161106 0.00167982 0.00174313 0.00179853 0.00183088 0.00185786 0.00190064 0.00199221 0.00217459 0.00250176 0.00302093 0.00378338 0.00478454 0.00599976 0.00737955 0.00882278 0.0101762 0.0112638 0.0118845 0.0118919 0.0112159 0.0098267 0.00776275 0.00514024 0.00212945 -0.00105769 -0.00420801 -0.00712893 -0.00962483 -0.0115673 -0.0128722 -0.0135368 -0.0136238 -0.0132068 -0.0123699 -0.0112526 -0.00997445 -0.00864802 -0.00734419 -0.00613414 -0.00508641 -0.0042358 -0.00359423 -0.00317193 -0.00299603 -0.00307823 -0.00341256 -0.00400643 -0.00488315 -0.0060446 -0.00750692 -0.00925418 -0.0112932 -0.0136084 -0.0161483 -0.018862 -0.0216971 -0.0245752 -0.0273936 -0.0300563 -0.0324572 -0.0344749 -0.0359716 -0.0368384 -0.0369778 -0.0363444 -0.0348989 -0.032643 -0.0296176 -0.025863 -0.0214757 -0.0165951 -0.011389 -0.00598428 -0.000526939 0.00481416 0.00988687 0.0145467 0.018678 0.0222113 0.0251192 0.0273756 0.0289712 0.0299355 0.0303288 0.0302215 0.0297097 0.0288913 0.0278686 0.0267316 0.0255588 0.024441 0.0234531 0.0226721 0.0221327 
0 0.00302869 0.00602963 0.00896667 0.0118022 0.0144854 0.0169533 0.0191405 0.0209933 0.0224551 0.0234397 0.0238705 0.023675 0.0228212 0.0212893 0.019079 0.0162027 0.0126748 0.00856455 0.00394602 -0.00104847 -0.00630144 -0.0116637 -0.0169816 -0.0221261 -0.0269474 -0.0313297 -0.0351141 -0.0382095 -0.0405408 -0.0420728 -0.0428066 -0.0427545 -0.0419686 -0.0405083 -0.0384834 -0.0360192 -0.0332387 -0.0302424 -0.0271469 -0.0240417 -0.0210341 -0.0181805 -0.0155497 -0.0131937 -0.0111238 -0.00937232 -0.00793215 -0.00682987 -0.00604776 -0.00556484 -0.00537492 -0.00547772 -0.00585734 -0.00650994 -0.00740743 -0.00855122 -0.00988259 -0.0113203 -0.0128037 -0.0142367 -0.0155162 -0.0164817 -0.0170001 -0.0169663 -0.0162763 -0.0148573 -0.012734 -0.00996198 -0.00669466 -0.00311004 0.00057095 0.00412114 0.00731191 0.00993512 0.0118414 0.0129893 0.0133661 0.0130367 0.0121627 0.0109187 0.009486 0.00803431 0.0066621 0.00543302 0.00441079 0.00359765 0.00297955 0.00252062 0.0021823 0.00193104 0.00174716 0.00160408 0.00150132 0.00142358 0.00138669 0.00138203 0.00139192 0.00140805 0.00143718 0.00147129 0.00153539 0.00160905 0.00167905 0.00174337 0.00180802 0.00187031 0.00193976 0.001994 0.00203755 0.00207433 0.002136 0.00225602 0.00247896 0.00286194 0.00347233 0.00433183 0.00546053 0.0068286 0.00835624 0.00994511 0.0114394 0.0126119 0.013269 0.013257 0.0124625 0.0108811 0.00856678 0.00563467 0.00227704 -0.00126925 -0.00477406 -0.00800664 -0.0107843 -0.0129278 -0.0143789 -0.0151384 -0.0152398 -0.014767 -0.0138531 -0.0126195 -0.0112122 -0.00972705 -0.00828063 -0.00695977 -0.00581345 -0.00489287 -0.00420633 -0.00377915 -0.00363236 -0.00377565 -0.00421485 -0.00495794 -0.00600174 -0.00737448 -0.00905275 -0.0110529 -0.0133536 -0.0159225 -0.0187051 -0.0216231 -0.0246249 -0.0276253 -0.0305286 -0.0332162 -0.035568 -0.0374541 -0.0387725 -0.0394199 -0.039343 -0.0384718 -0.0367827 -0.0342881 -0.0310279 -0.0270882 -0.0225438 -0.0175457 -0.0122197 -0.0067098 -0.00114731 0.0043284 0.00956572 0.0144379 0.0188199 0.0226488 0.0258833 0.0284979 0.0304667 0.0318008 0.0325479 0.0327826 0.0325824 0.0320226 0.0311926 0.0301948 0.0291446 0.028128 0.0272158 0.0264546 0.0259071 
0 0.00333909 0.00662932 0.00982426 0.0128527 0.0156605 0.0181837 0.0203742 0.0221512 0.0234397 0.0241804 0.024319 0.0238352 0.0226852 0.020862 0.0183601 0.015225 0.0115196 0.0072851 0.00261524 -0.00241334 -0.00765362 -0.0129706 -0.0182386 -0.0233342 -0.0281685 -0.03258 -0.0364668 -0.039701 -0.0422089 -0.0439668 -0.04494 -0.0451557 -0.0446169 -0.0433978 -0.0415703 -0.0392363 -0.0365189 -0.0335164 -0.0303501 -0.0271368 -0.0239585 -0.0209043 -0.0180418 -0.0154235 -0.0131098 -0.0111106 -0.00946364 -0.00815432 -0.00720324 -0.00659379 -0.00631671 -0.00637272 -0.00674781 -0.00742841 -0.0083946 -0.00960576 -0.011021 -0.0126036 -0.0142266 -0.015793 -0.0171673 -0.0182213 -0.0187923 -0.018739 -0.0179546 -0.0164162 -0.0140823 -0.0110444 -0.00745497 -0.00350967 0.000549619 0.0044582 0.00795482 0.0108381 0.0129692 0.0142524 0.0146952 0.0143903 0.0134478 0.0121011 0.0105469 0.00895133 0.00743543 0.00609656 0.00496046 0.00406097 0.00336654 0.00285719 0.00246541 0.00218499 0.00197148 0.00181361 0.00169305 0.00161966 0.00156676 0.00155572 0.00155179 0.00156776 0.00158994 0.00164374 0.00171393 0.00179927 0.0018718 0.00194517 0.00199705 0.00206861 0.00213498 0.00219768 0.00224772 0.00230557 0.00237865 0.00253355 0.00279899 0.00325558 0.00394018 0.00491802 0.00617679 0.00768452 0.00936973 0.0111078 0.0126886 0.0139413 0.0146216 0.0145586 0.0136668 0.0119087 0.00932914 0.00608512 0.00239044 -0.00150281 -0.00534385 -0.00888266 -0.0119065 -0.0142809 -0.0158809 -0.0167068 -0.016818 -0.0163214 -0.0153201 -0.0139722 -0.0124242 -0.0108352 -0.00927101 -0.00782969 -0.00659116 -0.0056042 -0.00489216 -0.00448303 -0.00438053 -0.00460862 -0.00516784 -0.00605042 -0.00729309 -0.00887437 -0.0108046 -0.0130473 -0.0155845 -0.0183698 -0.0213384 -0.0244235 -0.0275386 -0.0305894 -0.0334864 -0.0360907 -0.0382928 -0.0399784 -0.0410369 -0.0414255 -0.0410654 -0.0399426 -0.0380167 -0.0353157 -0.0318981 -0.0278322 -0.0232497 -0.018229 -0.0129059 -0.00740014 -0.0018434 0.00363037 0.00891814 0.0138929 0.0184691 0.0225497 0.026076 0.0290238 0.0313667 0.0331133 0.0342817 0.0349269 0.0351091 0.0348919 0.0343599 0.0336135 0.0327717 0.0319271 0.0311406 0.0304634 0.0299616 
0 0.00359779 0.00712112 0.010505 0.0136673 0.0165356 0.0190575 0.0211811 0.0228102 0.0238705 0.024319 0.024149 0.0233424 0.0218944 0.0197904 0.0170414 0.0137191 0.00988021 0.00561046 0.000960208 -0.00396128 -0.00906571 -0.0142321 -0.0193482 -0.0243325 -0.0290454 -0.033402 -0.0372835 -0.0406136 -0.0432831 -0.0452454 -0.0464769 -0.0469603 -0.0467268 -0.0458161 -0.0442719 -0.0421588 -0.0395917 -0.036661 -0.0335183 -0.0302473 -0.026968 -0.0237452 -0.0206768 -0.0178363 -0.0152652 -0.0130462 -0.0111662 -0.00965641 -0.00852557 -0.00776629 -0.0073851 -0.00738586 -0.00772423 -0.00841159 -0.00940256 -0.0106964 -0.0122167 -0.01389 -0.0156389 -0.0173336 -0.0188397 -0.0199559 -0.0205414 -0.0204832 -0.0196389 -0.0179342 -0.0154057 -0.0120994 -0.00820465 -0.0039213 0.000475158 0.00471767 0.00854174 0.0117105 0.0140337 0.0154667 0.0159861 0.0156732 0.0147096 0.0132917 0.0116065 0.00988093 0.00823602 0.00675536 0.00552405 0.00453399 0.00376662 0.00320257 0.00277637 0.0024599 0.00222506 0.00203377 0.00189981 0.00179761 0.00173814 0.00172519 0.00172494 0.00174394 0.00178467 0.00182215 0.00189418 0.00197236 0.00204577 0.00212689 0.0021996 0.0022701 0.00234738 0.00240399 0.00246459 0.00252626 0.00262257 0.0028134 0.00313169 0.00365642 0.00445643 0.00553713 0.00692581 0.00858405 0.0103941 0.0122478 0.0139494 0.0152495 0.0159334 0.0158303 0.014796 0.0128387 0.0100245 0.00649964 0.00248321 -0.00174834 -0.00592441 -0.00975495 -0.0130517 -0.0156012 -0.0173403 -0.0182679 -0.0183946 -0.0178306 -0.0167581 -0.0153133 -0.0136694 -0.0119385 -0.0102589 -0.00874297 -0.00743209 -0.00639873 -0.00566523 -0.00528486 -0.00524966 -0.00556878 -0.00625603 -0.00731646 -0.00874867 -0.0105753 -0.0127333 -0.0152232 -0.0179748 -0.0209308 -0.024048 -0.0272318 -0.0304002 -0.0334258 -0.0362188 -0.0386429 -0.0406081 -0.0420126 -0.042783 -0.0428486 -0.0421902 -0.0407756 -0.0386241 -0.0357715 -0.0322449 -0.0281523 -0.023579 -0.0186457 -0.0134219 -0.00804077 -0.00260632 0.00277945 0.00800415 0.012996 0.0176687 0.0219446 0.0257271 0.0289862 0.031702 0.033877 0.0355101 0.0366223 0.0372486 0.0374552 0.0373258 0.0369409 0.0364044 0.0357895 0.0351889 0.0346588 0.0342738 
0 0.00378181 0.00745323 0.010951 0.0141744 0.0170524 0.0195015 0.0214783 0.0228873 0.023675 0.0238352 0.0233424 0.0222133 0.0204497 0.0180972 0.015168 0.0117227 0.00783822 0.00358006 -0.000940233 -0.00566885 -0.0105233 -0.0154384 -0.0203267 -0.0250802 -0.02961 -0.0338045 -0.0376314 -0.0409923 -0.0437807 -0.0459483 -0.0474357 -0.0482344 -0.0483304 -0.0477672 -0.046555 -0.0447321 -0.042402 -0.0396449 -0.0365856 -0.0333372 -0.0299961 -0.0266755 -0.023468 -0.0204349 -0.0176549 -0.0151866 -0.0130763 -0.0113335 -0.0100073 -0.0090937 -0.00858643 -0.00848574 -0.00877371 -0.0094518 -0.0104915 -0.0118363 -0.0134251 -0.0152193 -0.0170715 -0.0188564 -0.0204311 -0.0216322 -0.0222781 -0.0222003 -0.0212569 -0.0194305 -0.0166947 -0.0131448 -0.00896352 -0.00436154 0.000377149 0.00494872 0.00906497 0.0124912 0.0150464 0.0166193 0.0172146 0.0169399 0.0159287 0.0144326 0.0126586 0.0108101 0.00903537 0.0074497 0.00609864 0.0050139 0.00417109 0.00355546 0.00308109 0.00273772 0.00246811 0.0022544 0.00209595 0.00199097 0.00191551 0.00189727 0.00188672 0.00190757 0.00194155 0.00199341 0.0020636 0.0021459 0.00221789 0.00230781 0.00237455 0.00245647 0.00253262 0.00259715 0.00265985 0.00274322 0.00286021 0.00309609 0.00347909 0.00409574 0.0049792 0.00618014 0.00769258 0.00947507 0.0114329 0.0134191 0.015184 0.016532 0.0172039 0.0170128 0.0158598 0.0137205 0.0106562 0.00684529 0.00252671 -0.00202042 -0.00650952 -0.0106314 -0.0141525 -0.0169112 -0.0187748 -0.0197473 -0.0198848 -0.0193221 -0.0181969 -0.0166614 -0.0148887 -0.0130638 -0.0112828 -0.00967124 -0.00830779 -0.00724887 -0.00653026 -0.00619129 -0.00622671 -0.00666877 -0.0075268 -0.00877956 -0.0104415 -0.0124736 -0.0148553 -0.0175435 -0.020479 -0.0235846 -0.026792 -0.0300216 -0.0331558 -0.0360764 -0.0386939 -0.0408662 -0.0425198 -0.0435816 -0.043983 -0.0437091 -0.0427126 -0.0410182 -0.0386487 -0.0356661 -0.0321104 -0.0280422 -0.0235883 -0.0188025 -0.0137838 -0.00862679 -0.00340605 0.0017949 0.006901 0.0118148 0.0165055 0.0208921 0.0248881 0.0284461 0.0315252 0.034128 0.0362314 0.0378463 0.0389786 0.0396863 0.0400448 0.0401122 0.0399652 0.0396657 0.0393191 0.0390044 0.0387854 
0 0.00386028 0.00758542 0.0111024 0.0143167 0.0171247 0.0194315 0.0211864 0.0223218 0.0228212 0.0226852 0.0218944 0.0204497 0.0184094 0.0158468 0.012794 0.00930928 0.00545179 0.00131882 -0.0030118 -0.00747023 -0.0120209 -0.0166095 -0.0211639 -0.025624 -0.0298888 -0.0338997 -0.0376017 -0.0409299 -0.0437814 -0.0461132 -0.0478694 -0.0489831 -0.0494288 -0.049227 -0.0483804 -0.0469116 -0.0449013 -0.0423966 -0.0395169 -0.0363481 -0.0330271 -0.0296602 -0.0263571 -0.0231834 -0.0202003 -0.0175209 -0.0151756 -0.0132133 -0.0116811 -0.0105854 -0.00993235 -0.0097302 -0.00994363 -0.0105938 -0.0116369 -0.0130375 -0.0147029 -0.0165639 -0.0185108 -0.020396 -0.0220634 -0.0233027 -0.0239501 -0.0238567 -0.0228564 -0.0208878 -0.0179801 -0.0141946 -0.00973247 -0.00481902 0.000235176 0.00512393 0.00954455 0.0132368 0.0159827 0.017705 0.01839 0.0181376 0.0171286 0.0155847 0.013706 0.0117466 0.00985938 0.00815212 0.00671089 0.00553497 0.00460738 0.00392172 0.00339911 0.00301434 0.00272677 0.00249491 0.00232979 0.00220566 0.0021174 0.00207972 0.00205789 0.00207052 0.00211401 0.00216292 0.00224253 0.00232724 0.00240671 0.00249825 0.00257028 0.00264049 0.00271312 0.00277421 0.00285865 0.00296662 0.00312631 0.00341341 0.00385742 0.00454879 0.00554637 0.00685696 0.00849866 0.0104217 0.0124904 0.0145674 0.0164138 0.0177807 0.0184299 0.0181724 0.0168673 0.0145209 0.0112146 0.00713284 0.00251592 -0.00233601 -0.00711494 -0.0114902 -0.015243 -0.0181589 -0.0201546 -0.0212272 -0.0213954 -0.0207905 -0.0196076 -0.0179986 -0.0161484 -0.0142085 -0.0123342 -0.0106682 -0.00926577 -0.00819696 -0.00749687 -0.00722348 -0.00736297 -0.0079393 -0.00896997 -0.0104362 -0.0123107 -0.0145665 -0.0171349 -0.0200045 -0.0230856 -0.0262865 -0.0295377 -0.0327273 -0.0357472 -0.038473 -0.0408331 -0.0426949 -0.0439897 -0.0446549 -0.0446634 -0.044011 -0.0427004 -0.040739 -0.0381831 -0.0351047 -0.0315418 -0.0275831 -0.0233013 -0.0187554 -0.0139944 -0.00912703 -0.0042002 0.000749737 0.00565206 0.0104394 0.0150675 0.0194938 0.0236407 0.0274604 0.0308917 0.0339046 0.0364744 0.0386055 0.0402945 0.0415714 0.0424817 0.0430638 0.0433848 0.0434944 0.0434906 0.0434433 0.0434126 
0 0.00381064 0.00747439 0.0109141 0.0140151 0.0166618 0.0187491 0.0202426 0.0210901 0.0212893 0.020862 0.0197904 0.0180972 0.0158468 0.0131373 0.0100144 0.00655032 0.00281952 -0.00111362 -0.00518503 -0.00934968 -0.0135543 -0.0177549 -0.0219135 -0.0260044 -0.0299659 -0.0337295 -0.0372576 -0.0404904 -0.0433526 -0.0458116 -0.0477963 -0.0492143 -0.0500126 -0.0501983 -0.0497563 -0.0486843 -0.0470402 -0.0448599 -0.0422336 -0.0392481 -0.0360202 -0.032672 -0.0293165 -0.0260304 -0.0229001 -0.0200384 -0.0174926 -0.015309 -0.0135566 -0.0122653 -0.0114508 -0.0111228 -0.0112594 -0.0118642 -0.0128955 -0.0142982 -0.0160001 -0.0179417 -0.0199774 -0.0219381 -0.0236627 -0.0249507 -0.0256186 -0.0254898 -0.0244039 -0.0223155 -0.0192295 -0.0152211 -0.0104894 -0.00527688 8.79606e-05 0.00526838 0.00995369 0.013884 0.0168437 0.0187234 0.0195169 0.019324 0.0183116 0.016717 0.0147611 0.0126931 0.0106917 0.00888056 0.00733493 0.00606722 0.00506593 0.00431754 0.00374466 0.003321 0.00299792 0.00274189 0.00255985 0.00242659 0.00232691 0.0022759 0.00224154 0.00224783 0.00228872 0.00234353 0.00242411 0.00250946 0.00258824 0.00267987 0.00275076 0.00282216 0.00289667 0.00296772 0.00306621 0.00320174 0.00339832 0.00373493 0.00425315 0.00503874 0.00614061 0.00757644 0.00934836 0.0113949 0.0135846 0.015748 0.0176279 0.0189906 0.0195942 0.0192413 0.0178067 0.0152768 0.0117332 0.00737613 0.00247173 -0.00266909 -0.00772144 -0.0123447 -0.0163004 -0.0193953 -0.0215179 -0.0226562 -0.0228479 -0.0222363 -0.0210075 -0.0193252 -0.0173927 -0.0153927 -0.0134659 -0.0117479 -0.0103143 -0.00924092 -0.00858693 -0.00840071 -0.00866826 -0.00940602 -0.0106212 -0.0122857 -0.0143703 -0.0168236 -0.0195786 -0.022594 -0.0257698 -0.0290028 -0.0322148 -0.0353 -0.0381295 -0.0405878 -0.0426087 -0.0440858 -0.0449699 -0.0452182 -0.0448192 -0.043799 -0.0421746 -0.0399809 -0.0372838 -0.034158 -0.0306491 -0.026835 -0.0227918 -0.018531 -0.0140864 -0.0095465 -0.00495022 -0.00031314 0.00433528 0.00893661 0.0134633 0.0178682 0.022099 0.0261184 0.0298567 0.0332627 0.0362873 0.0389383 0.0412042 0.0430896 0.0445975 0.0457457 0.0466029 0.047208 0.0476246 0.0478895 0.0480588 
0 0.0036272 0.00711028 0.0103567 0.0132296 0.0156106 0.0174149 0.0186239 0.019182 0.019079 0.0183601 0.0170414 0.015168 0.012794 0.0100144 0.00689358 0.00352734 -6.42909e-07 -0.0036642 -0.00742083 -0.0112363 -0.0150461 -0.0188218 -0.0225572 -0.0262466 -0.0298569 -0.0333288 -0.0366503 -0.0397671 -0.042613 -0.0451519 -0.0473102 -0.0489944 -0.0501364 -0.0507197 -0.0506989 -0.0500468 -0.0488025 -0.0470003 -0.044701 -0.041977 -0.0389189 -0.0356542 -0.0323019 -0.0289539 -0.0257185 -0.0227067 -0.0199823 -0.017594 -0.0156278 -0.0141355 -0.0131456 -0.0126709 -0.0127008 -0.0132314 -0.0142326 -0.0156364 -0.0173676 -0.0193593 -0.0214561 -0.0234843 -0.0252619 -0.026584 -0.0272572 -0.0270923 -0.0259245 -0.0237082 -0.0204451 -0.0162281 -0.0112516 -0.00577371 -0.000128831 0.00533472 0.0102938 0.014469 0.0176352 0.0196657 0.0205627 0.0204328 0.0194419 0.0178262 0.0158133 0.0136521 0.0115417 0.00962119 0.00796737 0.00660607 0.00552962 0.00472116 0.00410586 0.00364707 0.00328922 0.00300377 0.00279207 0.00263742 0.0025238 0.00246482 0.00243237 0.00244348 0.00248319 0.0025329 0.00259676 0.00266851 0.00274424 0.00284198 0.00292627 0.0030086 0.00308595 0.0031629 0.00326976 0.00342842 0.00366674 0.00406245 0.00466554 0.00555713 0.00677525 0.0083369 0.0102305 0.0123868 0.0146733 0.0169041 0.0188138 0.0201657 0.0207115 0.0202475 0.0186563 0.0159248 0.0121518 0.0075479 0.00238409 -0.00302439 -0.00833581 -0.013201 -0.0173535 -0.0206069 -0.0228454 -0.0240549 -0.0242765 -0.0236572 -0.0223913 -0.0206621 -0.0186684 -0.0166076 -0.0146308 -0.012883 -0.0114493 -0.0104 -0.0098111 -0.00972856 -0.0101397 -0.0110498 -0.0124546 -0.0143168 -0.016599 -0.0192276 -0.0221362 -0.0252562 -0.0284752 -0.0316773 -0.0347791 -0.0376839 -0.0402552 -0.0423842 -0.0440071 -0.0450495 -0.0454886 -0.0453107 -0.0445182 -0.0431501 -0.0412303 -0.0388243 -0.036021 -0.0328983 -0.0294909 -0.0258527 -0.0220623 -0.0181153 -0.0140328 -0.00986486 -0.00563068 -0.00133323 0.00301953 0.00738856 0.0117678 0.0161089 0.0203687 0.0245182 0.028502 0.0322644 0.0357341 0.0388968 0.0417307 0.0442246 0.0463535 0.0481148 0.0495621 0.050718 0.0516028 0.0522217 0.0526202 
0 0.00330553 0.00647387 0.00938783 0.0119185 0.0139418 0.015416 0.0163159 0.0165834 0.0162027 0.015225 0.0137191 0.0117227 0.00930928 0.00655032 0.00352734 0.000339808 -0.00294945 -0.00629862 -0.00970183 -0.0131035 -0.0164832 -0.019824 -0.0231242 -0.0263974 -0.0296069 -0.032764 -0.0358491 -0.0388266 -0.0416206 -0.0441884 -0.0464803 -0.0483901 -0.049849 -0.0508066 -0.0511977 -0.0509808 -0.050172 -0.0487862 -0.0468695 -0.0444556 -0.0416474 -0.0385491 -0.0352823 -0.0319486 -0.0286462 -0.0255203 -0.0226317 -0.0200636 -0.0179013 -0.0162088 -0.0150269 -0.0143848 -0.0142775 -0.0147233 -0.0156753 -0.0170742 -0.0188274 -0.0208337 -0.0229664 -0.0250335 -0.026848 -0.0281878 -0.0288536 -0.0286499 -0.0274078 -0.0250522 -0.0216363 -0.017227 -0.0120221 -0.00629368 -0.000386319 0.00534771 0.0105691 0.0149847 0.0183443 0.0205381 0.0215512 0.0214816 0.0205302 0.0189066 0.0168414 0.01461 0.0124123 0.0103837 0.00863591 0.00717813 0.0060159 0.00513477 0.00447007 0.0039625 0.00357788 0.00327022 0.00304439 0.00287284 0.00274864 0.00266509 0.00262218 0.00262014 0.00265927 0.00270624 0.00277089 0.00283657 0.00291678 0.00300824 0.00309723 0.00317499 0.00325327 0.00333558 0.00346968 0.00366104 0.00395726 0.00442361 0.00511549 0.0061042 0.00744578 0.00912033 0.0111296 0.0134014 0.0157732 0.0180533 0.0199893 0.0213018 0.0217668 0.021188 0.0194273 0.016492 0.012493 0.00765159 0.00224185 -0.00341355 -0.00895772 -0.0140359 -0.0183864 -0.0217762 -0.0241233 -0.0254071 -0.0256692 -0.0250542 -0.0237757 -0.0220172 -0.0199884 -0.0178645 -0.0158468 -0.0140882 -0.0126729 -0.0116845 -0.0111863 -0.011229 -0.0117966 -0.012883 -0.0144804 -0.0165464 -0.0190023 -0.0217794 -0.0247758 -0.0279397 -0.0311391 -0.0342508 -0.0371876 -0.0398323 -0.0420733 -0.0438084 -0.0449946 -0.045587 -0.0455732 -0.0449598 -0.0437825 -0.0420808 -0.0399142 -0.0373384 -0.0344734 -0.0313953 -0.0281195 -0.0246988 -0.0211659 -0.0175545 -0.0138515 -0.0100848 -0.0062337 -0.00227415 0.00176556 0.00588115 0.0100639 0.0143042 0.0185535 0.0227789 0.0269457 0.0310026 0.0348866 0.0385361 0.0419134 0.0449928 0.0477441 0.0501483 0.0522147 0.0539377 0.0553034 0.056308 0.0569761 
0 0.00284672 0.00554823 0.00800041 0.0100729 0.0116834 0.012774 0.0133304 0.0133017 0.0126748 0.0115196 0.00988021 0.00783822 0.00545179 0.00281952 -6.42909e-07 -0.00294945 -0.00594443 -0.00896831 -0.0119612 -0.0149353 -0.017869 -0.0207707 -0.0236455 -0.0264798 -0.02931 -0.0321289 -0.0349619 -0.037747 -0.0404336 -0.0429925 -0.0453641 -0.0474556 -0.0491764 -0.0504644 -0.0512529 -0.0514813 -0.0511277 -0.0502021 -0.0486914 -0.0466617 -0.044159 -0.0413082 -0.0382004 -0.0349286 -0.0316335 -0.0284269 -0.025427 -0.0227053 -0.0203663 -0.0184896 -0.0171231 -0.016294 -0.0160516 -0.016381 -0.0172677 -0.0186107 -0.0203446 -0.0223796 -0.0245329 -0.0266164 -0.028434 -0.0297843 -0.0304373 -0.0301705 -0.0288326 -0.0263837 -0.0228027 -0.0182111 -0.0127881 -0.00681887 -0.000652593 0.00532166 0.0107758 0.015403 0.0189775 0.0213315 0.0224741 0.0225081 0.0215923 0.019961 0.0178792 0.0155748 0.0132899 0.0111885 0.00933467 0.00778339 0.00654405 0.00558 0.00484922 0.00430173 0.00387526 0.0035556 0.00331826 0.00313994 0.00299763 0.00289318 0.00282326 0.00280843 0.00283501 0.00288992 0.00295202 0.00302423 0.00309968 0.00318816 0.0032689 0.00334137 0.00341593 0.00352159 0.00367563 0.00392165 0.00428322 0.00481553 0.00560256 0.00670302 0.00814196 0.00994986 0.0120807 0.0144414 0.0169039 0.0192242 0.0211322 0.0223917 0.0227624 0.0220393 0.0201288 0.0170038 0.0127881 0.0077009 0.00205285 -0.00383183 -0.0095899 -0.0148716 -0.0193661 -0.022915 -0.0253772 -0.0267267 -0.0270316 -0.0264504 -0.0251685 -0.0233895 -0.0213164 -0.0191863 -0.0171673 -0.0154096 -0.0140387 -0.0131179 -0.0127403 -0.0129166 -0.013647 -0.0149159 -0.016698 -0.0189328 -0.0215465 -0.0244148 -0.0274747 -0.0306143 -0.0337295 -0.036689 -0.0393751 -0.0416999 -0.0435284 -0.0448183 -0.0455347 -0.0456708 -0.0452169 -0.0441889 -0.0426372 -0.0406496 -0.0382821 -0.0356215 -0.0327496 -0.0297359 -0.0266176 -0.0234103 -0.0201767 -0.0168883 -0.0135651 -0.0101812 -0.006703 -0.003099 0.000639324 0.00447252 0.0084426 0.0125349 0.0167386 0.0210059 0.025298 0.0295918 0.0338184 0.0379149 0.0418 0.0454395 0.0487956 0.0518306 0.0545096 0.0567813 0.0586221 0.0600227 0.0609847 
0 0.00223807 0.00434115 0.00619487 0.00773818 0.0088633 0.00953725 0.00971139 0.00938217 0.00856455 0.0072851 0.00561046 0.00358006 0.00131882 -0.00111362 -0.0036642 -0.00629862 -0.00896831 -0.0115951 -0.0141836 -0.0167101 -0.0192052 -0.0216615 -0.0240919 -0.0265291 -0.0289784 -0.0314848 -0.034027 -0.0365907 -0.0391411 -0.0416441 -0.04405 -0.0462565 -0.0481873 -0.0497716 -0.0509261 -0.0515795 -0.0516801 -0.0512086 -0.0501661 -0.0485514 -0.0464324 -0.043876 -0.0409776 -0.0378484 -0.0346084 -0.0314037 -0.0283303 -0.0254939 -0.0229994 -0.0209456 -0.0194031 -0.0184201 -0.0180129 -0.0182106 -0.0189776 -0.020259 -0.0219664 -0.0239645 -0.0261259 -0.0282361 -0.0300595 -0.0313778 -0.0319803 -0.0316627 -0.0302588 -0.027667 -0.0239486 -0.0191764 -0.0135428 -0.00735892 -0.000980534 0.00522705 0.0109085 0.0157524 0.0195012 0.0220331 0.0233172 0.0234434 0.0226128 0.0210143 0.0188988 0.0165508 0.014193 0.0119832 0.0100452 0.00840383 0.00707379 0.00604141 0.00526278 0.00465843 0.00420522 0.00385593 0.00359001 0.00338796 0.00323474 0.00310833 0.00304349 0.00302177 0.00304378 0.00308471 0.0031295 0.0031771 0.00325538 0.00333875 0.00343442 0.0035179 0.00360025 0.00371201 0.00390083 0.00417885 0.00460421 0.00522503 0.0061092 0.00731589 0.00889796 0.0108213 0.0130605 0.0155271 0.0180312 0.0203495 0.022243 0.02342 0.0236748 0.0228272 0.0207382 0.0174169 0.0129911 0.00769758 0.00182733 -0.00428035 -0.0102369 -0.0156915 -0.0203632 -0.0240168 -0.0265828 -0.0280292 -0.0284005 -0.0278313 -0.0265399 -0.0247613 -0.0227088 -0.0205659 -0.0185643 -0.0168574 -0.0155471 -0.0147219 -0.0144476 -0.0147759 -0.0156861 -0.0171345 -0.0190792 -0.0214571 -0.0241629 -0.0271032 -0.0301609 -0.0332424 -0.036206 -0.0389217 -0.0412934 -0.0432138 -0.0446101 -0.0454264 -0.0456631 -0.0453374 -0.0444507 -0.0430374 -0.0411712 -0.0389361 -0.036435 -0.0337291 -0.0308987 -0.0279849 -0.0250143 -0.022051 -0.0190962 -0.0161554 -0.0131717 -0.010133 -0.00701064 -0.00374671 -0.000342725 0.00323293 0.00697092 0.0109064 0.0150239 0.0192889 0.023676 0.0281327 0.0326351 0.0370926 0.0414408 0.0456013 0.0495165 0.0531336 0.0563682 0.0591636 0.0614581 0.0632484 0.0644924 
