0 0 0 0 0 0 0 0 0 0 0 0 0 0 0 0 0 0 0 0 0 0 0 0 0 0 0 0 0 0 0 0 0 0 0 0 0 0 0 0 0 0 0 0 0 0 0 0 0 0 0 0 0 0 0 0 0 0 0 0 0 0 0 0 0 0 0 0 0 0 0 0 0 0 0 0 0 0 0 0 0 0 0 0 0 0 0 0 0 0 0 0 0 0 0 0 0 0 0 0 0 0 0 0 0 0 0 0 0 0 0 0 0 0 0 0 0 0 0 0 0 0 0 0 0 0 0 0 0 0 0 0 0 0 0 0 0 0 0 0 0 0 0 0 0 0 0 0 0 0 0 0 0 0 0 0 0 0 0 0 0 0 0 0 0 0 0 0 0 0 0 0 0 0 0 0 0 0 0 0 0 0 0 0 0 0 0 0 0 0 0 0 0 0 0 0 0 0 0 0 
0 -7.58079e-06 1.57172e-05 4.94163e-05 5.64643e-05 5.29677e-05 5.79143e-05 8.70891e-05 0.000120834 0.000131517 0.000125624 0.000139432 0.000181902 0.000210901 0.00021751 0.00021996 0.000240769 0.000277187 0.000313774 0.00032741 0.000332696 0.000360298 0.000408895 0.000455889 0.000481719 0.00050883 0.000548147 0.000616878 0.000685479 0.000745577 0.000803605 0.00087117 0.000974418 0.00109382 0.00121936 0.00133306 0.0014617 0.001605 0.00175618 0.00190953 0.00203909 0.00212892 0.00218317 0.00219895 0.00217403 0.00208432 0.00189815 0.00161775 0.00124153 0.000794933 0.000266181 -0.00032071 -0.000963123 -0.00163601 -0.00230731 -0.00294898 -0.00351204 -0.00396511 -0.0042975 -0.00448822 -0.00454427 -0.00448211 -0.00429416 -0.0040052 -0.00363377 -0.00322057 -0.00278052 -0.00234869 -0.00194795 -0.00159774 -0.00128427 -0.00101761 -0.000789557 -0.000597441 -0.00043618 -0.00030895 -0.000203411 -0.000131594 -7.97669e-05 -3.5393e-05 -1.53016e-06 1.9359e-05 3.01434e-05 3.56834e-05 3.86262e-05 4.06314e-05 4.2307e-05 4.12367e-05 4.14583e-05 4.87852e-05 4.64898e-05 4.69544e-05 4.55307e-05 3.79624e-05 3.50829e-05 3.77347e-05 3.63948e-05 4.81506e-05 5.16976e-05 4.96403e-05 4.95228e-05 4.58066e-05 3.98506e-05 4.49169e-05 4.27784e-05 4.8537e-05 5.70733e-05 5.92601e-05 5.98324e-05 6.20952e-05 5.65007e-05 5.78438e-05 5.97075e-05 6.38376e-05 7.01651e-05 7.4094e-05 6.87536e-05 6.24651e-05 6.00526e-05 5.35357e-05 3.65886e-05 8.44226e-06 -3.49177e-05 -8.96613e-05 -0.000156775 -0.000255905 -0.000379205 -0.000528055 -0.000705046 -0.000924974 -0.00118502 -0.00150007 -0.00186864 -0.0022894 -0.00273907 -0.00320274 -0.00363966 -0.00403516 -0.00435336 -0.00457689 -0.00466541 -0.00461114 -0.00441366 -0.00406138 -0.00357589 -0.00299238 -0.00232282 -0.00160575 -0.000882916 -0.000195474 0.000423552 0.000984687 0.00145264 0.0018256 0.00209923 0.00228866 0.00238707 0.00240449 0.0023686 0.00229654 0.00219448 0.00206874 0.00191951 0.00176708 0.00162061 0.00147961 0.00136049 0.00124126 0.00113272 0.0010345 0.000959548 0.000891144 0.000829385 0.000778814 0.000727154 0.000686852 0.000652724 0.000624099 0.000592006 0.000566151 0.000545578 0.000530124 0.000510029 0.000487021 0.000470547 0.000460105 0.000449299 0.000431735 0.000418364 0.00040365 0.000398923 0.000393423 0.000381233 0.000370563 0.000368759 0.000371569 0.000362765 0.000361273 0.000360893 0.000362868 
0 1.57172e-05 5.47142e-05 8.79638e-05 0.0001116 0.000133405 0.000159313 0.000186266 0.00022351 0.000256817 0.000270541 0.000298431 0.000344474 0.000382061 0.00041338 0.000447864 0.000489675 0.000537038 0.000596437 0.000649311 0.000688612 0.000752238 0.000825892 0.000904563 0.000973813 0.00104605 0.00113884 0.00124526 0.00137028 0.00149034 0.00163172 0.00179036 0.00198293 0.00221295 0.00244346 0.00268733 0.00295171 0.00323403 0.00351303 0.00378108 0.00400958 0.00417004 0.00427035 0.00430355 0.00423348 0.00402663 0.00365803 0.00312476 0.00242542 0.00154145 0.000511812 -0.000633134 -0.00189701 -0.00323381 -0.00456059 -0.00580649 -0.0069103 -0.00782181 -0.00848628 -0.0088835 -0.00902047 -0.00888782 -0.00851444 -0.00794181 -0.00723455 -0.00642954 -0.00557568 -0.00473305 -0.00392711 -0.00320683 -0.00259033 -0.00204043 -0.00158451 -0.00120934 -0.000885534 -0.000629224 -0.000423188 -0.000274615 -0.000165007 -7.10745e-05 -6.31908e-06 3.75933e-05 6.17789e-05 6.26969e-05 8.25966e-05 9.20983e-05 9.11066e-05 9.64756e-05 9.14412e-05 8.23662e-05 8.84862e-05 8.1754e-05 8.41541e-05 9.29122e-05 9.15972e-05 8.87562e-05 9.42243e-05 8.66158e-05 8.6008e-05 8.71157e-05 8.56561e-05 9.2962e-05 0.000107237 0.000103065 0.000105222 0.000105006 9.96618e-05 0.00010589 0.000115689 0.000113901 0.000128949 0.000130159 0.000125871 0.000137103 0.000141527 0.000139332 0.000143035 0.000126304 0.000120862 0.00010859 6.84724e-05 7.02358e-06 -8.01475e-05 -0.000184477 -0.000320198 -0.000518318 -0.00075656 -0.00106169 -0.00143237 -0.00186652 -0.002411 -0.00304314 -0.00376137 -0.00458586 -0.00547 -0.00637007 -0.00724512 -0.00803005 -0.00866372 -0.009076 -0.00924 -0.00912697 -0.00872092 -0.00802466 -0.00706534 -0.00588604 -0.00454996 -0.00314234 -0.0017368 -0.000392228 0.000829074 0.00189609 0.00280699 0.00353736 0.00408483 0.00445107 0.0046391 0.00469233 0.00465267 0.00453364 0.00435382 0.00411163 0.00382696 0.00353456 0.00324622 0.00298357 0.00273744 0.00250809 0.00228039 0.00208894 0.00194513 0.00180923 0.0016932 0.00157932 0.00147751 0.00139173 0.00132737 0.00126955 0.00119726 0.00113359 0.00108148 0.00104701 0.00101289 0.000966175 0.000928184 0.000901247 0.000881288 0.000862978 0.000837832 0.000813838 0.000797084 0.000796205 0.00078098 0.000759449 0.000755491 0.000748359 0.000741001 0.000731935 0.00073179 0.000722635 
0 4.94163e-05 8.79638e-05 0.000113619 0.000143051 0.000211781 0.000259443 0.000279653 0.000312203 0.000370999 0.000426516 0.000470059 0.0005166 0.000554729 0.000618129 0.000696498 0.000760178 0.000807224 0.000881859 0.000970072 0.00105824 0.00115076 0.0012438 0.00134896 0.00146337 0.00160838 0.00174679 0.00190915 0.00207753 0.00227893 0.00251665 0.00276418 0.00305528 0.00336545 0.00371086 0.00406277 0.00445789 0.004855 0.00522314 0.00557233 0.00587126 0.00608871 0.00621538 0.00621687 0.00608005 0.00576458 0.00521651 0.00444508 0.00342655 0.00219432 0.000708629 -0.000964559 -0.00280084 -0.00471935 -0.00662933 -0.0084612 -0.0100978 -0.011454 -0.0124806 -0.0131003 -0.0133147 -0.0131631 -0.0126406 -0.0118269 -0.0107864 -0.00962552 -0.00838148 -0.00713967 -0.00595896 -0.00489959 -0.00394362 -0.00312619 -0.00243443 -0.00185809 -0.00137646 -0.000991437 -0.000669269 -0.000439938 -0.000269734 -0.000128366 -2.42916e-05 4.00382e-05 7.65918e-05 0.000100536 0.000120182 0.000133819 0.000139206 0.000131494 0.000123037 0.000132683 0.0001252 0.000130807 0.000137475 0.000130118 0.000128573 0.000132372 0.000120333 0.000136749 0.000136529 0.000130014 0.000136426 0.000140202 0.00013837 0.000155973 0.000148181 0.000153234 0.000163792 0.000163367 0.000165638 0.000177889 0.000175211 0.000186991 0.000194597 0.000202575 0.000212094 0.000215707 0.000199766 0.000182358 0.000173664 0.000148832 8.84403e-05 -7.41644e-06 -0.000144813 -0.00031217 -0.000514562 -0.000808218 -0.00118106 -0.00164328 -0.00220212 -0.00288787 -0.0036871 -0.00462795 -0.00570628 -0.0069236 -0.00822141 -0.00955646 -0.0108176 -0.0119501 -0.0128477 -0.0134512 -0.0136562 -0.0134451 -0.0128197 -0.0117545 -0.0103099 -0.00858764 -0.00664037 -0.00458361 -0.00253347 -0.000597058 0.00114381 0.00271519 0.00402966 0.00507721 0.00584828 0.0063891 0.0066964 0.00680309 0.00677191 0.00663109 0.00639085 0.00607364 0.00569205 0.00529842 0.00490689 0.00451344 0.00416366 0.00381421 0.00349541 0.0032072 0.00297755 0.00276283 0.0025674 0.00240503 0.00224523 0.00211574 0.00200399 0.00190964 0.00180836 0.00171803 0.00163686 0.00157552 0.00151885 0.00146047 0.00140723 0.0013592 0.00132151 0.00128896 0.00126784 0.00122588 0.00120012 0.00118748 0.00117064 0.00114853 0.00113234 0.00112516 0.00110322 0.00110531 0.00109927 0.00108543 
0 5.64643e-05 0.0001116 0.000143051 0.000187998 0.000263755 0.000332631 0.000368642 0.000418264 0.000494987 0.000563598 0.000634087 0.000703224 0.000759576 0.000837165 0.000937115 0.00102708 0.0010975 0.00119143 0.00130832 0.00142199 0.00155501 0.00168105 0.00182413 0.00199015 0.00218296 0.00239172 0.00260258 0.002851 0.00312746 0.003456 0.00379792 0.00416926 0.00459082 0.00502924 0.00549496 0.0059767 0.00644603 0.00687155 0.00726385 0.00759315 0.00781157 0.00790957 0.00786383 0.00762894 0.00717631 0.00647811 0.0055165 0.00426053 0.00266818 0.000795638 -0.00129616 -0.00360192 -0.00604553 -0.0084967 -0.0108442 -0.0129759 -0.0147865 -0.0161577 -0.0170268 -0.01739 -0.0172374 -0.016617 -0.0156051 -0.014313 -0.0128184 -0.0112114 -0.00960186 -0.00804818 -0.00663857 -0.00540649 -0.00430462 -0.0033739 -0.00259473 -0.00192494 -0.00138923 -0.000961025 -0.000645806 -0.000408449 -0.000207298 -6.24259e-05 3.64023e-05 9.29154e-05 0.000108719 0.000146122 0.000166237 0.000169415 0.000181637 0.000180073 0.000173147 0.000182182 0.000169863 0.000167415 0.00017371 0.000168526 0.000166396 0.000179436 0.000177676 0.000182106 0.00018418 0.000178838 0.00018465 0.000200144 0.000193269 0.000197472 0.000203685 0.000205069 0.000220832 0.000236769 0.000233219 0.000250309 0.00025019 0.000244353 0.00026305 0.000272772 0.000270948 0.000270846 0.000237427 0.000215007 0.000175644 8.56543e-05 -4.79108e-05 -0.000234544 -0.00046299 -0.000759946 -0.00117477 -0.00167524 -0.00230128 -0.00305673 -0.00394603 -0.00503977 -0.00630551 -0.00773437 -0.00934064 -0.0110328 -0.0127246 -0.0143361 -0.0157615 -0.0168919 -0.0176008 -0.0178209 -0.0174982 -0.0166092 -0.015173 -0.0132653 -0.0109958 -0.00848713 -0.00588206 -0.00329331 -0.0008177 0.00143185 0.00338933 0.00503295 0.00633497 0.00731938 0.00801784 0.00844315 0.0086467 0.00866993 0.0085283 0.0082671 0.00791511 0.00750592 0.00706612 0.00658255 0.00608997 0.00561611 0.00518691 0.00477639 0.00440588 0.00407863 0.00375455 0.00348695 0.00326208 0.00306569 0.00287373 0.00269846 0.00255255 0.00242479 0.00232534 0.00222042 0.00211909 0.00203094 0.00195957 0.00190898 0.00184661 0.00177395 0.00172244 0.00169027 0.00165388 0.00160499 0.00157496 0.00154505 0.00151995 0.00151188 0.00148837 0.00146903 0.00146286 0.00146841 0.00145251 
0 5.29677e-05 0.000133405 0.000211781 0.000263755 0.000333401 0.000403058 0.000474574 0.000556028 0.000632238 0.000694564 0.000776789 0.000885171 0.000967794 0.00105193 0.00115947 0.001276 0.00138573 0.00151715 0.0016543 0.00179822 0.00196575 0.00214467 0.00233923 0.00255104 0.00280815 0.0030722 0.00337164 0.00369469 0.00406797 0.00449043 0.00492309 0.00540038 0.00590312 0.0064393 0.00696943 0.007513 0.00801398 0.00843741 0.0088066 0.00909432 0.00925849 0.00927959 0.00911719 0.00876343 0.00819094 0.00734754 0.00622369 0.00476302 0.00297089 0.000810633 -0.00163569 -0.00433252 -0.00718196 -0.0100666 -0.0128862 -0.0154831 -0.017715 -0.0194665 -0.0206085 -0.0211197 -0.0210373 -0.0203699 -0.0192241 -0.0177052 -0.0159549 -0.014048 -0.0121095 -0.0102309 -0.00850536 -0.00693478 -0.00556015 -0.00437913 -0.00338033 -0.00253918 -0.00185952 -0.0013025 -0.000892235 -0.000578798 -0.000319365 -0.000124252 5.13641e-06 8.4653e-05 0.00013561 0.000177143 0.000203973 0.000214846 0.000211556 0.000207099 0.000220081 0.000215563 0.00021918 0.000222699 0.000212641 0.000208058 0.000211597 0.000204573 0.000226077 0.000229914 0.000223993 0.00022832 0.000231611 0.000230983 0.000248145 0.000242792 0.000253056 0.000270433 0.000277093 0.000282819 0.000294317 0.000293055 0.000306092 0.000316315 0.000329722 0.000341648 0.000341686 0.00031569 0.000278014 0.000243681 0.000181448 6.25875e-05 -0.00011489 -0.000360272 -0.00066561 -0.00104532 -0.00156826 -0.00222236 -0.00302386 -0.00398665 -0.00514712 -0.00650066 -0.00806783 -0.00983418 -0.0117847 -0.0138207 -0.0158577 -0.0177516 -0.0194131 -0.0206984 -0.0214993 -0.0216702 -0.021172 -0.020008 -0.0181812 -0.0158109 -0.0130704 -0.0100737 -0.00697597 -0.00391776 -0.00103435 0.00155634 0.00385068 0.00574842 0.0072489 0.00838042 0.00922619 0.00979458 0.0101104 0.0102219 0.0101543 0.0099407 0.0096284 0.00923449 0.00878859 0.00827697 0.00770871 0.00716955 0.00664518 0.00615804 0.00569105 0.00526473 0.00484997 0.00448728 0.0041988 0.00392943 0.00367986 0.00344151 0.00324183 0.00307311 0.00293829 0.00280333 0.00266971 0.00254662 0.00245187 0.00238562 0.00231273 0.00222656 0.00215233 0.00211633 0.00207119 0.00202728 0.00198506 0.00194519 0.00191777 0.00190371 0.00188615 0.00184829 0.00184208 0.00183689 0.00182208 
0 5.79143e-05 0.000159313 0.000259443 0.000332631 0.000403058 0.000483363 0.000573493 0.000678373 0.000771597 0.000840904 0.0009361 0.00106258 0.00117289 0.00127967 0.00140368 0.00153936 0.00168095 0.00184731 0.00202374 0.00219814 0.00240876 0.00263757 0.00288956 0.00316621 0.00348122 0.00382898 0.00420308 0.00462491 0.0050898 0.00561233 0.0061529 0.00671922 0.0073132 0.00790304 0.00848341 0.00904034 0.00952628 0.00989965 0.0101767 0.0103432 0.0103704 0.0102507 0.00995935 0.00946047 0.00873915 0.00777695 0.00654852 0.00499077 0.00303742 0.000704245 -0.00195468 -0.00492057 -0.00810087 -0.0113506 -0.0145451 -0.0175412 -0.0201856 -0.022301 -0.0237556 -0.0244992 -0.0245195 -0.0238673 -0.02265 -0.0210078 -0.0190582 -0.0169101 -0.014694 -0.0125033 -0.0104532 -0.00859984 -0.0069364 -0.00550535 -0.00429074 -0.00325373 -0.00240747 -0.00172469 -0.00120263 -0.000798503 -0.000465462 -0.000217761 -4.61737e-05 6.23035e-05 0.000125232 0.000192685 0.000235832 0.00025112 0.000260955 0.000256281 0.000250565 0.000255066 0.000250136 0.000255086 0.000265264 0.000263973 0.000261639 0.000265388 0.00026206 0.000260833 0.000260475 0.000262102 0.000278152 0.000300332 0.00030379 0.000304859 0.000307089 0.000308231 0.000321748 0.000337829 0.000344964 0.000366178 0.000376795 0.000378664 0.000393451 0.000396481 0.000384901 0.000363688 0.000311674 0.000256894 0.000167327 5.31148e-06 -0.000227619 -0.000539463 -0.000921714 -0.00140957 -0.00206113 -0.00286271 -0.00385228 -0.00504187 -0.00644091 -0.00809465 -0.00996947 -0.0120434 -0.0143041 -0.0166393 -0.0189327 -0.0210625 -0.0228954 -0.0242799 -0.0250558 -0.0251172 -0.0244109 -0.0229333 -0.0207353 -0.0179478 -0.0147505 -0.0113173 -0.00783148 -0.00443501 -0.0012493 0.00160542 0.00407267 0.00612674 0.0077638 0.00903367 0.00999584 0.0106777 0.01113 0.0113895 0.011466 0.011386 0.0111729 0.0108507 0.0104436 0.00994115 0.00937701 0.00879338 0.00820946 0.00761891 0.00705641 0.00654318 0.00604581 0.00560136 0.00520274 0.00484339 0.0045191 0.0042377 0.00399229 0.0037612 0.00356174 0.0033855 0.00323934 0.00310452 0.00297356 0.00286634 0.002776 0.00269296 0.00261926 0.00255207 0.00248684 0.0024353 0.00240336 0.00235723 0.00230947 0.00228861 0.00226602 0.00223752 0.00221808 0.00221158 0.0021948 
0 8.70891e-05 0.000186266 0.000279653 0.000368642 0.000474574 0.000573493 0.000664347 0.00077614 0.000899483 0.00100718 0.00111852 0.00125116 0.00138453 0.00152622 0.0016787 0.00183322 0.00199898 0.00219892 0.00240902 0.0026223 0.002872 0.00315929 0.00347743 0.00382163 0.00421278 0.00464621 0.00513287 0.0056644 0.00623853 0.00685551 0.00749065 0.00815293 0.00881539 0.00944521 0.010014 0.0105223 0.0109259 0.0111865 0.0113139 0.0112961 0.011119 0.0107924 0.0103086 0.00965789 0.00882055 0.00776247 0.0064574 0.00483964 0.00285663 0.00047137 -0.00228365 -0.00538715 -0.00875412 -0.0122574 -0.0157705 -0.0191259 -0.022141 -0.0246264 -0.02641 -0.0274153 -0.0276336 -0.0270892 -0.0258898 -0.0241748 -0.0220907 -0.0197535 -0.0173041 -0.0148609 -0.0125406 -0.0103955 -0.0084646 -0.0067751 -0.00532171 -0.00408294 -0.00306065 -0.00222865 -0.00158522 -0.00108021 -0.000668287 -0.000354139 -0.000133753 1.20541e-05 0.000110282 0.000191004 0.000245309 0.000271858 0.000282931 0.00028715 0.000296328 0.000298721 0.000298784 0.000299469 0.000295195 0.000290219 0.000290847 0.000293947 0.000308588 0.000314448 0.000312374 0.000313686 0.000320506 0.000328996 0.000339006 0.000340362 0.000351272 0.000368164 0.000383558 0.000395483 0.000404572 0.000412232 0.000423316 0.000431589 0.00044319 0.000446319 0.000431535 0.000390901 0.000323977 0.000242218 0.000114605 -9.30901e-05 -0.000387117 -0.000774852 -0.00125611 -0.00186128 -0.00265138 -0.00362888 -0.00481588 -0.00622969 -0.00789212 -0.00981084 -0.0119715 -0.0143431 -0.0168835 -0.0194712 -0.0219775 -0.0242515 -0.0261593 -0.0275393 -0.0282381 -0.0281205 -0.0271443 -0.0253314 -0.0227495 -0.0195666 -0.0159997 -0.012233 -0.008453 -0.00481775 -0.00146541 0.0014993 0.00405812 0.00617698 0.00787504 0.00921234 0.0102697 0.0110787 0.0116787 0.0121114 0.0123871 0.0125088 0.0124792 0.0123027 0.0120047 0.0115867 0.0110696 0.0104975 0.00986779 0.00920343 0.00854687 0.00793761 0.00735163 0.00680052 0.00629167 0.00582286 0.00541815 0.00507604 0.00477521 0.00448495 0.00422251 0.00400451 0.00383742 0.00368661 0.00352717 0.00337902 0.00326165 0.00317358 0.00309387 0.00300532 0.0029085 0.00284535 0.0028125 0.00276452 0.0027035 0.00266508 0.00264367 0.00261801 0.00260188 0.00258915 0.00257269 
0 0.000120834 0.00022351 0.000312203 0.000418264 0.000556028 0.000678373 0.00077614 0.000890669 0.00103077 0.00116907 0.001303 0.00144753 0.001598 0.00176254 0.00194234 0.00212965 0.00233333 0.00256679 0.00281366 0.00307581 0.00338354 0.00374185 0.00413476 0.00455682 0.00503028 0.00556539 0.00617137 0.00682499 0.00750944 0.00821712 0.00894078 0.0096832 0.010401 0.0110394 0.0115556 0.0119493 0.0121963 0.0122725 0.0121774 0.0118979 0.0114381 0.0108369 0.010124 0.00930702 0.00836397 0.0072547 0.0059397 0.00434885 0.00242262 0.000109673 -0.00259673 -0.00570163 -0.00914788 -0.0128166 -0.016567 -0.0202173 -0.0235635 -0.0263958 -0.0285247 -0.0298436 -0.0303184 -0.0299595 -0.028865 -0.0271713 -0.0250294 -0.0225716 -0.019946 -0.0172908 -0.0147284 -0.0123254 -0.0101346 -0.00818678 -0.00648883 -0.00503337 -0.00381935 -0.00283091 -0.00205248 -0.00143328 -0.000929314 -0.000537634 -0.000255627 -6.39562e-05 7.1101e-05 0.000174073 0.000246614 0.000288063 0.000308998 0.000321106 0.000333724 0.000336337 0.000337222 0.000336676 0.00033228 0.000328425 0.000330061 0.000334615 0.000349704 0.000355787 0.000354349 0.000356331 0.000364213 0.000373237 0.000383828 0.000386245 0.00039758 0.000416892 0.000435371 0.000449219 0.00046066 0.000467199 0.000476758 0.000483933 0.000490348 0.000487394 0.000463476 0.000406083 0.000317734 0.000198749 2.3673e-05 -0.000239805 -0.000603618 -0.00107535 -0.00166384 -0.00240583 -0.00335305 -0.00451931 -0.00591747 -0.00756453 -0.00948087 -0.0116649 -0.0140961 -0.0167305 -0.0195005 -0.0222781 -0.0249174 -0.0272603 -0.0291622 -0.0304556 -0.0309854 -0.0306242 -0.0293393 -0.0271708 -0.02422 -0.0206817 -0.0167956 -0.0127729 -0.00881032 -0.00506746 -0.00167597 0.00127871 0.00378992 0.00585772 0.00753036 0.00888504 0.0100057 0.010934 0.0117074 0.0123584 0.0128882 0.0132775 0.0135062 0.0135609 0.0134506 0.0131771 0.0127568 0.0122273 0.011595 0.0108937 0.010171 0.00946558 0.00877348 0.00811086 0.00749694 0.00693195 0.00642971 0.00598932 0.00560033 0.0052491 0.00494052 0.00467579 0.00445193 0.00425306 0.00407241 0.00391319 0.00377341 0.00365178 0.00354963 0.00345849 0.00336232 0.00328347 0.00322692 0.00317224 0.00311609 0.0030722 0.00303813 0.00300574 0.00298893 0.00297424 0.00295581 
0 0.000131517 0.000256817 0.000370999 0.000494987 0.000632238 0.000771597 0.000899483 0.00103077 0.00117274 0.00132297 0.00148574 0.00165435 0.00182299 0.00200478 0.00221437 0.00244272 0.0026865 0.00295109 0.00324896 0.00357789 0.00395578 0.00438025 0.0048503 0.00537495 0.00595561 0.00661271 0.00732552 0.00809791 0.00889792 0.00971372 0.0105297 0.011315 0.0120404 0.0126287 0.0130544 0.0132851 0.0133091 0.0131149 0.0127039 0.0120859 0.0112905 0.010378 0.00941576 0.00841595 0.00736728 0.00624344 0.00498592 0.00352858 0.00176307 -0.000354934 -0.00289237 -0.00588245 -0.00929665 -0.0130256 -0.016917 -0.0207924 -0.024435 -0.0275979 -0.0300884 -0.0317658 -0.0325444 -0.032442 -0.031531 -0.0299528 -0.0278384 -0.0253438 -0.0226141 -0.0197966 -0.0170187 -0.0143883 -0.0119427 -0.00974516 -0.00780991 -0.00613208 -0.00471344 -0.00355399 -0.00261751 -0.00186704 -0.00125964 -0.000784406 -0.000431594 -0.000181126 -1.56714e-06 0.000140742 0.000240257 0.000296226 0.000329198 0.00034464 0.000348803 0.000361317 0.000363657 0.000368386 0.000377073 0.00037523 0.000371188 0.000380199 0.000378244 0.000381201 0.000383854 0.000386129 0.00040237 0.000426595 0.000431401 0.000440657 0.000446803 0.000454703 0.000473303 0.000490649 0.00049971 0.00052075 0.000530982 0.000535318 0.00053646 0.000517536 0.000470724 0.000394943 0.000276786 0.00011622 -0.000111876 -0.000442072 -0.000890747 -0.00146398 -0.00217197 -0.00306467 -0.00418018 -0.00554111 -0.0071657 -0.00906425 -0.01123 -0.0136762 -0.0163467 -0.0191899 -0.0221252 -0.025025 -0.0277201 -0.0300628 -0.0318776 -0.0330039 -0.0332699 -0.0325957 -0.0309598 -0.0284199 -0.0251273 -0.0212896 -0.0171469 -0.0129462 -0.00889775 -0.00517004 -0.00187637 0.000937442 0.00326474 0.00518339 0.00675275 0.008072 0.00921255 0.0102362 0.0111922 0.012097 0.0129338 0.0136575 0.0142119 0.0145715 0.0147226 0.0146613 0.0144083 0.0139694 0.013386 0.0126782 0.0119149 0.011124 0.0103251 0.00955344 0.00882498 0.00815993 0.00754313 0.0069893 0.00649797 0.00607478 0.00571265 0.00539102 0.00509805 0.00483918 0.00463063 0.00446414 0.0043053 0.00414248 0.00400854 0.00391203 0.00383268 0.00374061 0.00365309 0.0035844 0.00353849 0.00350128 0.00344974 0.00340741 0.00337972 0.00336559 0.00334582 
0 0.000125624 0.000270541 0.000426516 0.000563598 0.000694564 0.000840904 0.00100718 0.00116907 0.00132297 0.00149251 0.00168041 0.00187358 0.00207121 0.00228661 0.00253301 0.00279451 0.00306743 0.00337331 0.0037291 0.00414173 0.0045817 0.00507368 0.00563126 0.00627391 0.0069983 0.00777468 0.00860966 0.0094848 0.0104135 0.0113426 0.0122309 0.0130318 0.0136911 0.0141827 0.0144515 0.0144682 0.0142008 0.0136516 0.0128453 0.0118317 0.0106693 0.00943313 0.00819249 0.00701096 0.00588605 0.00478042 0.00364254 0.0023807 0.000907573 -0.000918263 -0.00319298 -0.00595446 -0.00920307 -0.0128766 -0.0168309 -0.0208686 -0.0247476 -0.0282371 -0.0310942 -0.033145 -0.034308 -0.034539 -0.0339007 -0.0325033 -0.0305007 -0.0280367 -0.0252603 -0.0223466 -0.0194216 -0.0165734 -0.0139194 -0.0114838 -0.00930224 -0.00740251 -0.00576973 -0.0044079 -0.00330012 -0.0023991 -0.00167451 -0.00109846 -0.000666119 -0.000349279 -0.000105497 6.80636e-05 0.000196874 0.00028327 0.000323879 0.000351905 0.000376719 0.00038164 0.00039599 0.00040383 0.000398149 0.000399283 0.000402124 0.000399042 0.000416049 0.000420567 0.000417687 0.00042822 0.000438886 0.00044743 0.000468915 0.00047256 0.000482405 0.000505141 0.000518386 0.00053041 0.000550658 0.000553612 0.000564644 0.000572008 0.000556133 0.00052572 0.000463774 0.000349701 0.000200649 -1.0215e-05 -0.000305663 -0.000713781 -0.001261 -0.00194958 -0.00280758 -0.00386335 -0.00515822 -0.0067388 -0.00859114 -0.0107252 -0.0131547 -0.0158159 -0.0186909 -0.0217108 -0.0247591 -0.0277116 -0.0304028 -0.0326474 -0.0342793 -0.0351277 -0.0350749 -0.034023 -0.0319925 -0.0290903 -0.0254716 -0.0213746 -0.0170651 -0.0127902 -0.00875662 -0.00514286 -0.00206743 0.000465787 0.00253649 0.0042115 0.0055994 0.00679803 0.00791576 0.00902521 0.0101556 0.011324 0.0124974 0.0135968 0.0145432 0.0152781 0.0157677 0.016004 0.0159733 0.0157032 0.0152057 0.014544 0.0137587 0.0128968 0.0120107 0.0111204 0.0102783 0.0094806 0.00874574 0.00807707 0.00748792 0.00698182 0.00653578 0.00614654 0.00579815 0.00549764 0.00525022 0.00504156 0.00485246 0.00467199 0.00451249 0.00439188 0.00429129 0.00419399 0.00408949 0.00400679 0.00395262 0.00390356 0.00385594 0.00380586 0.00377809 0.00375632 0.00374497 
0 0.000139432 0.000298431 0.000470059 0.000634087 0.000776789 0.0009361 0.00111852 0.001303 0.00148574 0.00168041 0.00188342 0.00209335 0.00232858 0.00258834 0.00286348 0.00315507 0.00348019 0.00384099 0.00426864 0.004748 0.00527571 0.0058624 0.00653172 0.00730513 0.00814972 0.00907413 0.0100265 0.0110332 0.0120626 0.0130682 0.0139987 0.0147646 0.015344 0.0156689 0.0157245 0.0154381 0.014801 0.0138379 0.0125844 0.0111239 0.00955264 0.00795932 0.00645768 0.00509863 0.00391135 0.00289397 0.00195387 0.000992337 -0.000161933 -0.00159415 -0.0034716 -0.00588869 -0.00889213 -0.0124278 -0.0163485 -0.0204716 -0.0245544 -0.0283119 -0.0315295 -0.0340024 -0.0355653 -0.0361979 -0.0359091 -0.0347969 -0.0329693 -0.0306072 -0.0278584 -0.0249014 -0.0218662 -0.0188974 -0.0160427 -0.0133873 -0.0109752 -0.00883278 -0.00696981 -0.00541655 -0.00411564 -0.00305037 -0.00218572 -0.00149191 -0.000957085 -0.000561454 -0.000268442 -4.54451e-05 0.00011986 0.000232695 0.00031238 0.000362119 0.000382564 0.000408732 0.000412659 0.000412756 0.000419571 0.000417356 0.000415988 0.000437212 0.00043718 0.000447304 0.000455596 0.000454885 0.000464579 0.000485698 0.000484237 0.00050246 0.000515848 0.000529574 0.000556331 0.000578529 0.000582907 0.000597478 0.000591 0.00057772 0.00055569 0.00050679 0.000417881 0.000284552 8.67947e-05 -0.000192429 -0.000569412 -0.00107145 -0.00172761 -0.00254705 -0.00355202 -0.00480349 -0.00631074 -0.00810842 -0.0101975 -0.0125707 -0.015194 -0.0180687 -0.0211146 -0.0242562 -0.0273645 -0.0303078 -0.0328857 -0.034949 -0.0363077 -0.0368226 -0.0363533 -0.034897 -0.0324758 -0.0291965 -0.0252848 -0.0209843 -0.0165556 -0.0122875 -0.00839759 -0.00503996 -0.00227196 -5.89686e-05 0.00162485 0.00295637 0.00405948 0.00508863 0.00613469 0.00729527 0.00861326 0.0100582 0.0115725 0.0130681 0.0144478 0.0156395 0.0165515 0.0171416 0.0174099 0.0173417 0.0170143 0.0164404 0.0156885 0.0147884 0.0138212 0.0128396 0.011866 0.0109502 0.0100783 0.00929114 0.0085875 0.00797302 0.00742926 0.00695393 0.00654939 0.00620574 0.00590704 0.00563569 0.00540502 0.00521845 0.00505457 0.00489052 0.00475391 0.00464181 0.00454974 0.00446299 0.00438065 0.00431284 0.00426117 0.00423001 0.00418886 0.00416169 0.00414935 
0 0.000181902 0.000344474 0.0005166 0.000703224 0.000885171 0.00106258 0.00125116 0.00144753 0.00165435 0.00187358 0.00209335 0.00232729 0.00260456 0.0028939 0.00319207 0.00353357 0.00393568 0.00437691 0.00485698 0.00541779 0.00604461 0.0067676 0.00757247 0.00846236 0.00943798 0.0104878 0.0116017 0.0127243 0.0138421 0.0148774 0.0157911 0.0165028 0.0169365 0.0170534 0.0168004 0.0161398 0.015068 0.0136298 0.0118801 0.00994313 0.00794205 0.0059947 0.00421039 0.002709 0.00152429 0.000629135 -5.66745e-05 -0.000666941 -0.00134906 -0.00231533 -0.00375243 -0.00574995 -0.00838699 -0.0116799 -0.0155002 -0.0196534 -0.0238702 -0.0278964 -0.0314528 -0.0343116 -0.0363276 -0.0373991 -0.0375182 -0.0367403 -0.0351895 -0.0330189 -0.0303766 -0.0274584 -0.0243907 -0.021285 -0.0182902 -0.0154391 -0.0128013 -0.0104426 -0.0083572 -0.00657213 -0.00507457 -0.00382804 -0.00281688 -0.00199426 -0.00134976 -0.000853688 -0.000468305 -0.000191228 1.6821e-05 0.00016864 0.000256521 0.000320687 0.000368637 0.000392311 0.000418536 0.000431993 0.00042579 0.000429791 0.00043454 0.000433907 0.000451248 0.000459621 0.000459978 0.000474459 0.000481538 0.000488031 0.00051129 0.000522432 0.000536586 0.000562192 0.000573375 0.000584613 0.000601005 0.000596633 0.000594415 0.000586091 0.000540642 0.000468288 0.000345049 0.000150848 -0.000102656 -0.000451968 -0.000916634 -0.00151957 -0.00229928 -0.00326207 -0.00445637 -0.00590032 -0.00761472 -0.00965201 -0.0119727 -0.0145639 -0.0174173 -0.0204338 -0.0235882 -0.0267888 -0.029877 -0.0327207 -0.0351343 -0.036931 -0.0379433 -0.0380355 -0.0371489 -0.0352501 -0.0324051 -0.0287791 -0.0245897 -0.0201242 -0.0156744 -0.0115211 -0.00785109 -0.00480879 -0.00245231 -0.000708451 0.00054858 0.00146073 0.00221502 0.00297686 0.00390729 0.00510982 0.00658226 0.00828868 0.0101507 0.0120663 0.0139237 0.0156104 0.016998 0.0180235 0.0186429 0.0188733 0.0187519 0.0183409 0.0176631 0.0167678 0.0157635 0.0146869 0.0136126 0.0125611 0.0115687 0.0106448 0.0098044 0.00906383 0.00840808 0.00784874 0.00735996 0.00694385 0.00658293 0.0062583 0.00598748 0.0057784 0.00559394 0.00540863 0.00524281 0.00512063 0.00502257 0.00493529 0.00484218 0.00474969 0.00469819 0.00466232 0.00462162 0.00457751 0.00456178 
0 0.000210901 0.000382061 0.000554729 0.000759576 0.000967794 0.00117289 0.00138453 0.001598 0.00182299 0.00207121 0.00232858 0.00260456 0.00291497 0.00323635 0.00357331 0.00397792 0.00445878 0.00496506 0.0055269 0.00617535 0.00692281 0.0077747 0.00872162 0.0097562 0.010855 0.0120513 0.0132864 0.0145244 0.0156945 0.0167295 0.0175889 0.0181664 0.0184059 0.0182298 0.0176173 0.0165162 0.0149557 0.0130053 0.010732 0.00829192 0.00586084 0.00357182 0.00156754 -5.40823e-05 -0.00122557 -0.0019338 -0.00229259 -0.00245971 -0.00266954 -0.00310179 -0.00400416 -0.00551951 -0.00775494 -0.0107313 -0.0143476 -0.0184415 -0.0227621 -0.0270026 -0.0308949 -0.0341718 -0.0366147 -0.0381493 -0.0387273 -0.0383759 -0.0371695 -0.0352687 -0.0328058 -0.0299718 -0.0269047 -0.0237702 -0.0206572 -0.0176529 -0.0148301 -0.0122479 -0.00992942 -0.00792724 -0.00619988 -0.00475305 -0.00356893 -0.00260075 -0.00182897 -0.00122888 -0.000763474 -0.000409453 -0.000139615 5.69488e-05 0.000191233 0.000276408 0.000322384 0.00036583 0.00039085 0.000409766 0.000428253 0.000437951 0.000440865 0.000451617 0.000442581 0.000445946 0.000455872 0.000467713 0.000485901 0.000512452 0.000521069 0.000540074 0.000548216 0.000553228 0.000568375 0.000587868 0.000596738 0.000606909 0.000590459 0.000553786 0.000485374 0.000373545 0.000203648 -3.08969e-05 -0.000347788 -0.000782412 -0.00135224 -0.00207991 -0.00300502 -0.00414141 -0.00552019 -0.00718769 -0.00913065 -0.0113832 -0.0139254 -0.0167273 -0.0197311 -0.0228913 -0.0261195 -0.0293146 -0.0323113 -0.0349794 -0.037118 -0.0385772 -0.0391858 -0.0388328 -0.0374461 -0.0350865 -0.0318367 -0.0278697 -0.0234679 -0.0189157 -0.0144947 -0.0105029 -0.00713949 -0.00451863 -0.00263099 -0.00137101 -0.000653327 -0.000231929 0.000112886 0.000598231 0.00136089 0.00252088 0.00410584 0.00605316 0.00826817 0.0106198 0.0129652 0.0151668 0.0170582 0.0185597 0.0196294 0.0202214 0.0203943 0.0201707 0.0196185 0.0187857 0.0177832 0.0166632 0.0154744 0.0143035 0.013173 0.0121236 0.011148 0.0102683 0.00949692 0.00883622 0.00825951 0.00775333 0.00732506 0.00695682 0.00664461 0.00638241 0.00615046 0.00594327 0.00577638 0.00562701 0.00549015 0.00538371 0.00529528 0.005204 0.00513124 0.00508807 0.00504071 0.00500241 0.00498776 
0 0.00021751 0.00041338 0.000618129 0.000837165 0.00105193 0.00127967 0.00152622 0.00176254 0.00200478 0.00228661 0.00258834 0.0028939 0.00323635 0.00361056 0.00401945 0.00448916 0.00502335 0.00561069 0.00627997 0.00705873 0.0079193 0.00889508 0.0099889 0.0111779 0.0124321 0.0137504 0.015099 0.0164038 0.0176035 0.0186017 0.0193443 0.0197329 0.0196918 0.0191631 0.0181096 0.016509 0.014413 0.0119165 0.00910973 0.00618223 0.00333259 0.000729073 -0.00147937 -0.00315055 -0.0042239 -0.0047126 -0.00472193 -0.00443024 -0.00407428 -0.00393026 -0.00427052 -0.00524416 -0.0069866 -0.00957838 -0.0129438 -0.0169297 -0.0212788 -0.0257035 -0.0298869 -0.0335422 -0.036451 -0.038476 -0.0395402 -0.0396364 -0.0388341 -0.0372675 -0.0350632 -0.0324066 -0.0294329 -0.0262899 -0.0231259 -0.0200017 -0.017009 -0.014235 -0.0117032 -0.00946203 -0.0075119 -0.00584976 -0.00447686 -0.00334306 -0.00242697 -0.00169914 -0.00112995 -0.000701896 -0.000374137 -0.000123682 4.85372e-05 0.000173278 0.000259428 0.00031797 0.000357273 0.000377624 0.000379919 0.000389711 0.00040019 0.000409944 0.000423555 0.000437402 0.000446285 0.000460838 0.000463288 0.00046846 0.000484887 0.000505414 0.00052579 0.000549127 0.000560765 0.000571317 0.00057308 0.000555411 0.000521315 0.000470033 0.000374104 0.00023118 1.5877e-05 -0.000286004 -0.000684666 -0.00121844 -0.00190929 -0.00277647 -0.0038607 -0.00517704 -0.00677437 -0.0086612 -0.0108288 -0.0133076 -0.0160527 -0.0190244 -0.0221738 -0.0253937 -0.0286239 -0.0317511 -0.0345953 -0.0370165 -0.0388289 -0.0398733 -0.0400046 -0.0391389 -0.0372708 -0.0344537 -0.030803 -0.0265394 -0.0219506 -0.017356 -0.0130522 -0.00932178 -0.00632525 -0.00415743 -0.00280144 -0.00212138 -0.00195378 -0.00205413 -0.00215387 -0.00202447 -0.00148157 -0.000397406 0.00124073 0.00338316 0.00592114 0.0087027 0.0115436 0.0142666 0.016691 0.0187299 0.020303 0.0213449 0.0218618 0.0219012 0.0215248 0.0208083 0.0198645 0.0187249 0.0174679 0.0161755 0.0149197 0.013736 0.0126316 0.0116194 0.0107083 0.00992256 0.00923608 0.00864482 0.00814121 0.00770842 0.00733866 0.00701946 0.00673579 0.00650336 0.00632763 0.0061578 0.0059789 0.00584875 0.00576649 0.00567716 0.00559185 0.00552705 0.00547659 0.00543775 0.00542566 
0 0.00021996 0.000447864 0.000696498 0.000937115 0.00115947 0.00140368 0.0016787 0.00194234 0.00221437 0.00253301 0.00286348 0.00319207 0.00357331 0.00401945 0.00450627 0.00504176 0.00564625 0.00633302 0.00713477 0.0080536 0.0090568 0.0101722 0.0114136 0.0127547 0.0141527 0.015591 0.0170132 0.0183432 0.0195072 0.0204047 0.0209692 0.0211021 0.0207274 0.0197815 0.018233 0.0160835 0.0134223 0.0103766 0.00705262 0.00364791 0.000394042 -0.00250252 -0.00485791 -0.00652665 -0.00744957 -0.00765231 -0.00726223 -0.0064786 -0.00555862 -0.00479602 -0.00450608 -0.00489731 -0.00613671 -0.00831682 -0.011383 -0.0151979 -0.0195222 -0.0240621 -0.028496 -0.0325098 -0.0358489 -0.0383572 -0.0399304 -0.0405234 -0.0401796 -0.0390146 -0.0371399 -0.0347234 -0.0319045 -0.0288397 -0.0256675 -0.0224669 -0.0193427 -0.0163922 -0.0136605 -0.011203 -0.0090233 -0.00713818 -0.00555771 -0.00423886 -0.00315874 -0.00229218 -0.00160939 -0.00108627 -0.000679863 -0.000364486 -0.000136257 2.63562e-05 0.000137678 0.00021585 0.000266241 0.000296352 0.000313009 0.000332209 0.000348722 0.00035951 0.000365364 0.000375772 0.000389197 0.000406689 0.000414525 0.000423841 0.000438715 0.000459346 0.000476907 0.00049142 0.000500435 0.000509788 0.000506074 0.000479877 0.000425323 0.000340974 0.000207427 1.48874e-05 -0.000260169 -0.000632664 -0.00112256 -0.00177244 -0.00260221 -0.0036275 -0.00488562 -0.00639842 -0.00821018 -0.0103298 -0.0127297 -0.015417 -0.0183439 -0.0214554 -0.0246826 -0.0279241 -0.0311014 -0.0340887 -0.0367022 -0.0387978 -0.0402002 -0.0407726 -0.0403992 -0.0390195 -0.0366539 -0.0333965 -0.0293866 -0.0248629 -0.0201447 -0.0155624 -0.0114157 -0.00798013 -0.00541082 -0.00376639 -0.00297918 -0.00288924 -0.00332043 -0.00398728 -0.004576 -0.00482698 -0.00454713 -0.0035959 -0.00194032 0.000362442 0.00318579 0.0063533 0.00966205 0.0129082 0.0158886 0.0184897 0.0206003 0.0221239 0.0230578 0.023442 0.0233318 0.0227979 0.0219513 0.0208438 0.0195623 0.0182039 0.0168354 0.0155072 0.0142538 0.0131029 0.0120567 0.0111238 0.0103053 0.00961365 0.0090283 0.00851027 0.00806471 0.00769743 0.00737806 0.00710628 0.00689265 0.00670087 0.00650934 0.00636189 0.00625816 0.00615421 0.00606327 0.00599371 0.00593431 0.00588838 0.00587349 
0 0.000240769 0.000489675 0.000760178 0.00102708 0.001276 0.00153936 0.00183322 0.00212965 0.00244272 0.00279451 0.00315507 0.00353357 0.00397792 0.00448916 0.00504176 0.00566433 0.00637998 0.00718018 0.00810229 0.00915713 0.0103243 0.0115943 0.0129764 0.0144538 0.0159779 0.0175161 0.0189764 0.0202869 0.0213589 0.0220991 0.0224251 0.0222295 0.0214453 0.0200154 0.0179322 0.015213 0.0119743 0.00837288 0.00454554 0.00070394 -0.00289492 -0.0060241 -0.00846858 -0.0100816 -0.0108072 -0.0106889 -0.00987581 -0.00857141 -0.00706722 -0.00567883 -0.00475671 -0.00455016 -0.00525264 -0.00697945 -0.00970616 -0.013307 -0.0175623 -0.022169 -0.0268037 -0.0311332 -0.0348706 -0.0378469 -0.0399246 -0.0410348 -0.0411937 -0.0404915 -0.0390169 -0.0369097 -0.0343064 -0.0313791 -0.0282528 -0.0250335 -0.0218286 -0.0187369 -0.0158244 -0.0131539 -0.0107406 -0.00863041 -0.00683793 -0.00532705 -0.00406851 -0.00303845 -0.00221512 -0.00157272 -0.001074 -0.000691001 -0.000407473 -0.000204543 -6.18256e-05 4.93986e-05 0.000122456 0.000170956 0.000206306 0.000233671 0.000251867 0.000263347 0.000259447 0.000268159 0.000287662 0.000307502 0.000320967 0.000337136 0.000350946 0.000375697 0.000390202 0.000391401 0.000390259 0.000389379 0.000372371 0.000337978 0.00026463 0.000149214 -2.62485e-05 -0.000282879 -0.00063911 -0.00110387 -0.00170317 -0.00247752 -0.00345339 -0.00464852 -0.00609791 -0.0078298 -0.00986999 -0.012221 -0.0148374 -0.0177031 -0.0207776 -0.0239955 -0.0272593 -0.030473 -0.0335278 -0.0362949 -0.0385978 -0.0402967 -0.0412364 -0.0413037 -0.0404044 -0.0385096 -0.0356552 -0.0319761 -0.0276365 -0.0228973 -0.0181095 -0.0136058 -0.00968003 -0.00658275 -0.00445767 -0.00334664 -0.00315392 -0.00368839 -0.00473959 -0.00597359 -0.00706233 -0.0077209 -0.00774657 -0.00698167 -0.00536898 -0.00296797 8.6294e-05 0.003597 0.00734368 0.0110984 0.0146358 0.01781 0.020484 0.0225296 0.023943 0.024744 0.0249733 0.0246807 0.0239775 0.0229541 0.0216994 0.0203218 0.0188733 0.017418 0.0160121 0.0147153 0.0135432 0.0124746 0.0115137 0.0106906 0.0100008 0.00939156 0.00886427 0.00843754 0.00807384 0.00774895 0.00747878 0.00725794 0.00706827 0.00691019 0.00676913 0.00663721 0.00654438 0.00648279 0.00641414 0.00635634 0.0063336 
0 0.000277187 0.000537038 0.000807224 0.0010975 0.00138573 0.00168095 0.00199898 0.00233333 0.0026865 0.00306743 0.00348019 0.00393568 0.00445878 0.00502335 0.00564625 0.00637998 0.00722291 0.00815595 0.00919712 0.0104005 0.0117193 0.0131438 0.0146709 0.0162722 0.0179027 0.0194772 0.0209348 0.0221635 0.0230961 0.0236233 0.0236382 0.0230428 0.0217656 0.0198106 0.0171691 0.0138836 0.0100753 0.00592252 0.00161058 -0.00261145 -0.00648382 -0.00975809 -0.012238 -0.0137435 -0.0142284 -0.0137673 -0.0125042 -0.01068 -0.00857618 -0.00658076 -0.00504141 -0.00423178 -0.00437909 -0.00563799 -0.00799715 -0.0113453 -0.0154659 -0.0200937 -0.0248724 -0.0294591 -0.0335791 -0.0370001 -0.0395737 -0.0412047 -0.0418918 -0.0416818 -0.0406535 -0.0389169 -0.0366095 -0.0338689 -0.0308691 -0.027686 -0.0244416 -0.0212572 -0.0182009 -0.0153242 -0.0126973 -0.0103507 -0.00832779 -0.00660588 -0.00515434 -0.0039498 -0.00297844 -0.0022127 -0.00161068 -0.00113605 -0.000781713 -0.000516367 -0.000317986 -0.000180968 -8.1828e-05 -1.7517e-05 2.05289e-05 6.15965e-05 9.33316e-05 0.000100661 0.000112457 0.000124268 0.000142441 0.000169148 0.000177595 0.000179464 0.000202468 0.000221176 0.000236118 0.000243275 0.000232198 0.000218092 0.000191571 0.000121568 1.37606e-05 -0.000144302 -0.000378065 -0.000699939 -0.00113539 -0.00170023 -0.00242155 -0.00333999 -0.0044859 -0.0058782 -0.00753955 -0.00949052 -0.0117715 -0.014335 -0.0171439 -0.0201687 -0.0233477 -0.0266099 -0.0298742 -0.0329861 -0.0358589 -0.0383447 -0.0402788 -0.0415192 -0.0419558 -0.041487 -0.0400493 -0.0376269 -0.0343188 -0.0302472 -0.0256209 -0.0207416 -0.0159444 -0.0115731 -0.00790952 -0.00518435 -0.00351798 -0.00293584 -0.00333911 -0.00451827 -0.0061728 -0.00797796 -0.00956371 -0.0106584 -0.0110186 -0.0104772 -0.00897476 -0.00654074 -0.00332234 0.000480275 0.00462456 0.00885285 0.0129242 0.016664 0.0199046 0.0225245 0.0244609 0.0257404 0.0263572 0.02637 0.0258905 0.0250133 0.023852 0.0224741 0.0209843 0.0194408 0.0179204 0.0164817 0.0151598 0.0139623 0.0128646 0.0119025 0.0110787 0.0103697 0.00976276 0.00925678 0.00882159 0.00843725 0.00811556 0.00785588 0.0076413 0.00746181 0.00729398 0.00713952 0.0070389 0.00697135 0.00690108 0.00683743 0.00681167 
