0 0 0 0 0 0 0 0 0 0 0 0 0 0 0 0 0 0 0 0 0 0 0 0 0 0 0 0 0 0 0 0 0 0 0 0 0 0 0 0 0 0 0 0 0 0 0 0 0 0 0 0 0 0 0 0 0 0 0 0 0 0 0 0 0 0 0 0 0 0 0 0 0 0 0 0 0 0 0 0 0 0 0 0 0 0 0 0 0 0 0 0 0 0 0 0 0 0 0 0 0 0 0 0 0 0 0 0 0 0 0 0 0 0 0 0 0 0 0 0 0 0 0 0 0 0 0 0 0 0 0 0 0 0 0 0 0 0 0 0 0 0 0 0 0 0 0 0 0 0 0 0 0 0 0 0 0 0 0 0 0 0 0 0 0 0 0 0 0 0 0 0 0 0 0 0 0 0 0 0 0 0 0 0 0 0 0 0 0 0 0 0 0 0 0 0 0 0 0 0 
0 0.00025909 0.000497204 0.000733721 0.000993885 0.00129574 0.00162619 0.0019702 0.00229821 0.0026197 0.0029561 0.0032902 0.00357517 0.00377135 0.0038682 0.00385234 0.00373037 0.00348253 0.00307973 0.00250375 0.00178972 0.000972797 7.47061e-05 -0.000867889 -0.00183228 -0.00276992 -0.00364962 -0.00441974 -0.00506252 -0.00555565 -0.00588233 -0.00604525 -0.0060381 -0.00589436 -0.00564124 -0.00530259 -0.00488898 -0.00442681 -0.00392986 -0.00342173 -0.00292781 -0.00248548 -0.00208899 -0.00174057 -0.00144084 -0.00117938 -0.000980333 -0.000821412 -0.000711743 -0.000641323 -0.000606639 -0.000601583 -0.000633652 -0.000707989 -0.000817324 -0.000946374 -0.00110211 -0.00126745 -0.00143551 -0.00159827 -0.00173815 -0.00186572 -0.00193604 -0.00193105 -0.00184642 -0.00167935 -0.00142695 -0.00110944 -0.000726308 -0.000308072 0.000123912 0.000531559 0.000894953 0.00119316 0.00140839 0.0015172 0.00153593 0.00148198 0.00136534 0.00121637 0.00105268 0.000878502 0.000718453 0.000578021 0.00045148 0.000356937 0.000287507 0.000245953 0.000220967 0.000199853 0.000179628 0.000160719 0.00014236 0.000140965 0.000135124 0.000135764 0.000141818 0.000143764 0.000149043 0.000160158 0.000155025 0.0001575 0.000158089 0.000159955 0.000173506 0.000191152 0.000201373 0.000216556 0.000222029 0.000229018 0.000232596 0.000232535 0.000229951 0.000232618 0.000251089 0.000296573 0.000356617 0.000444418 0.000556544 0.000696296 0.000874999 0.00107323 0.00126059 0.00142003 0.00152314 0.00154288 0.00147093 0.00130082 0.00104016 0.000705316 0.000325305 -8.71538e-05 -0.000498501 -0.000885525 -0.00120759 -0.00146138 -0.00163561 -0.00171796 -0.00171968 -0.00167472 -0.00157309 -0.00143922 -0.00127094 -0.00109147 -0.000925994 -0.000770129 -0.000637709 -0.000535941 -0.000463398 -0.000421943 -0.000411556 -0.000436553 -0.000512303 -0.000629673 -0.000792516 -0.000977721 -0.0012155 -0.0015036 -0.00184685 -0.00224872 -0.00269158 -0.00316583 -0.00365247 -0.00413378 -0.00459225 -0.00500933 -0.00534329 -0.00557535 -0.00568705 -0.00567442 -0.00550445 -0.00517445 -0.00467074 -0.00399453 -0.0031901 -0.002299 -0.00136613 -0.00040126 0.000563927 0.00149715 0.00233964 0.0030538 0.00362635 0.00405706 0.00435311 0.00451802 0.00455696 0.00447353 0.00431024 0.00408763 0.00382447 0.00353419 0.00324676 0.00297325 0.00271366 0.0024893 0.00229134 0.00212959 0.00200814 0.00193787 
0 0.000497204 0.000978973 0.00147483 0.00201458 0.00260585 0.00324157 0.00391656 0.00458648 0.00524936 0.00591556 0.00654665 0.00707998 0.00745727 0.00765747 0.00762401 0.00735168 0.006827 0.00600421 0.00488107 0.0034816 0.00187543 9.5601e-05 -0.0017728 -0.00365161 -0.0054913 -0.00720305 -0.00873567 -0.0100101 -0.0109863 -0.0116382 -0.0119575 -0.0119759 -0.011712 -0.0112354 -0.0105647 -0.00973515 -0.00881683 -0.00784143 -0.00684902 -0.00588414 -0.0049939 -0.00419372 -0.00349062 -0.00288952 -0.00239077 -0.00198873 -0.00167936 -0.00143826 -0.00128562 -0.00121851 -0.00121542 -0.00128509 -0.00142507 -0.00162945 -0.00189185 -0.00219513 -0.00251767 -0.00287692 -0.00321946 -0.00351376 -0.00373138 -0.00385901 -0.00386236 -0.00369891 -0.00335734 -0.0028644 -0.00222236 -0.00145882 -0.000618282 0.000231774 0.0010399 0.00177564 0.00236049 0.00278604 0.00303145 0.00307925 0.00297282 0.0027531 0.00243022 0.00208134 0.00172719 0.00141601 0.00114798 0.000921787 0.000738898 0.000600092 0.000492367 0.000435743 0.000380197 0.000339387 0.000313081 0.00029469 0.00028474 0.00029051 0.000281881 0.000281011 0.000282239 0.000291626 0.000297501 0.000309953 0.000314471 0.000320379 0.000335275 0.000363305 0.000378687 0.000405119 0.00041576 0.000422491 0.000443638 0.00046602 0.000472671 0.000487325 0.000483536 0.000508523 0.000573524 0.000689292 0.000864824 0.00110564 0.00140922 0.00178223 0.00215655 0.00252841 0.00283105 0.0030153 0.00306593 0.00293114 0.00257937 0.00206819 0.00140598 0.000639411 -0.000183269 -0.00100811 -0.00177064 -0.00242348 -0.00292497 -0.00326619 -0.00345153 -0.00348096 -0.00336144 -0.00313947 -0.00285445 -0.00253551 -0.00218266 -0.00184971 -0.00154967 -0.0012888 -0.00107531 -0.000929439 -0.00084972 -0.000846379 -0.000908391 -0.00104223 -0.00127335 -0.00157677 -0.00196125 -0.00244828 -0.00303746 -0.00372746 -0.00451626 -0.00539001 -0.00633578 -0.00730565 -0.00826476 -0.00915813 -0.00995635 -0.0106058 -0.011048 -0.0112807 -0.0112346 -0.0108801 -0.0102021 -0.00919876 -0.00789391 -0.00632314 -0.00458295 -0.00272306 -0.000811983 0.00108509 0.00290798 0.00455815 0.00598614 0.00714207 0.00801281 0.00860343 0.00893392 0.00902677 0.00888628 0.00857589 0.00814277 0.00761907 0.00705424 0.00649192 0.00595091 0.00543677 0.00498573 0.00460758 0.00429096 0.00405796 0.00391419 
0 0.000733721 0.00147483 0.00226718 0.00310455 0.00398081 0.00489429 0.00587744 0.00688274 0.0078786 0.00884183 0.00971386 0.0104333 0.0109559 0.0112368 0.01117 0.0107284 0.00989559 0.00866174 0.0070054 0.0049793 0.00263241 2.57347e-05 -0.00270106 -0.00545226 -0.00811189 -0.0106194 -0.0128466 -0.0147186 -0.0161553 -0.017115 -0.0176227 -0.0176753 -0.017341 -0.0166662 -0.0157015 -0.0144969 -0.0131577 -0.0117428 -0.0103054 -0.00888893 -0.00757688 -0.00637262 -0.00531202 -0.00441657 -0.00365534 -0.0030637 -0.0025741 -0.00221218 -0.00197338 -0.00186031 -0.0018521 -0.00195292 -0.0021628 -0.00246332 -0.00282811 -0.00328474 -0.00379261 -0.00432181 -0.00482772 -0.00524887 -0.00560341 -0.00578908 -0.00576619 -0.00552035 -0.00503496 -0.00429361 -0.0033428 -0.0021924 -0.000936408 0.000349081 0.00155714 0.00263353 0.00352103 0.00417311 0.00452502 0.0046064 0.00445684 0.00410562 0.00363966 0.00312611 0.00259678 0.00212593 0.00172648 0.00137567 0.00110714 0.000898329 0.00075497 0.000656178 0.000574817 0.00050931 0.000462834 0.000428914 0.000438283 0.000431987 0.000429197 0.000430037 0.000419198 0.00042219 0.000449638 0.00044986 0.000473629 0.000492039 0.000507328 0.000540674 0.000574379 0.000587935 0.000616685 0.000633136 0.000666578 0.000698355 0.000717442 0.000719428 0.000720002 0.00075556 0.000867549 0.00103934 0.00131004 0.0016699 0.00211656 0.00266384 0.00324824 0.00378834 0.00423715 0.00452314 0.00457713 0.00436739 0.00386652 0.00309187 0.00208743 0.000940358 -0.00029472 -0.00151655 -0.00265522 -0.00360932 -0.00437094 -0.00490747 -0.00517716 -0.00519477 -0.00504114 -0.00471044 -0.00428533 -0.00378136 -0.0032626 -0.00278799 -0.00233796 -0.00194245 -0.00162928 -0.0014138 -0.00130988 -0.00131037 -0.00140641 -0.00162458 -0.00195442 -0.00242667 -0.00300451 -0.00375645 -0.0046526 -0.00568241 -0.00685304 -0.0081372 -0.00952191 -0.0109466 -0.0123385 -0.0136314 -0.01478 -0.0156971 -0.0163395 -0.0166423 -0.0165569 -0.0159896 -0.014962 -0.013486 -0.0115796 -0.00931825 -0.00676737 -0.00404383 -0.00123224 0.0015329 0.00416857 0.00656899 0.00866515 0.0103951 0.0117064 0.0125994 0.0131111 0.0132849 0.013128 0.0127239 0.0121211 0.011387 0.01058 0.00977521 0.00898894 0.0082281 0.00756854 0.00700492 0.00654706 0.00618958 0.00596581 
0 0.000993885 0.00201458 0.00310455 0.00424447 0.00540577 0.00660066 0.00787663 0.00918384 0.0104695 0.0116853 0.0127521 0.0136115 0.0142139 0.0145131 0.0143689 0.0137337 0.0126008 0.0109438 0.00878518 0.00616089 0.00315909 -0.000168054 -0.00366698 -0.00718798 -0.0106247 -0.013824 -0.016683 -0.019075 -0.0209375 -0.0222287 -0.0229298 -0.023069 -0.0226718 -0.021845 -0.0206365 -0.0191205 -0.0174245 -0.015616 -0.0137641 -0.0119444 -0.0102357 -0.00866854 -0.00726672 -0.00605116 -0.00502773 -0.00419468 -0.00354221 -0.00304074 -0.00271673 -0.00256149 -0.00253817 -0.00265875 -0.00292436 -0.00332034 -0.00382858 -0.00441839 -0.00505271 -0.00574776 -0.00641636 -0.00699518 -0.00743327 -0.00768698 -0.00768814 -0.00736284 -0.00668938 -0.00570651 -0.00442981 -0.00291364 -0.00124715 0.000445203 0.00205827 0.0035179 0.00468761 0.00553325 0.00601483 0.00611508 0.00591232 0.00548068 0.00485888 0.00417572 0.0034806 0.00285677 0.00231433 0.0018533 0.00148252 0.00120401 0.000999694 0.000885759 0.000782478 0.000701137 0.000640995 0.000595621 0.000571411 0.000572954 0.00056041 0.000562448 0.000569266 0.000589301 0.000605202 0.000624031 0.000631291 0.000640462 0.000666459 0.000718519 0.000758338 0.000811072 0.000839643 0.000856214 0.000889723 0.000923037 0.000934252 0.000957447 0.000964537 0.00102852 0.00117358 0.00141543 0.00177081 0.00224769 0.00284665 0.00357411 0.00432053 0.00505355 0.00565298 0.00601835 0.00610298 0.00581837 0.00511801 0.0040914 0.00277106 0.00124661 -0.000387973 -0.00202339 -0.00353479 -0.00482536 -0.00582073 -0.00649808 -0.00685954 -0.00691265 -0.00668646 -0.00625895 -0.00570426 -0.00507264 -0.00438135 -0.00372508 -0.00313465 -0.00262663 -0.00221891 -0.00194155 -0.00179985 -0.00180987 -0.00195686 -0.0022539 -0.00273672 -0.00337366 -0.00417425 -0.00517212 -0.00635956 -0.00772688 -0.00926371 -0.0109403 -0.0127248 -0.0145368 -0.0163112 -0.0179588 -0.0194175 -0.0205815 -0.0213453 -0.0216854 -0.0214932 -0.0207189 -0.019359 -0.0174327 -0.0149861 -0.0120692 -0.00881349 -0.00531109 -0.00170938 0.00183931 0.00521883 0.00829246 0.0110021 0.0132627 0.0150168 0.0162421 0.0169724 0.0172614 0.0171328 0.0166869 0.0159918 0.0151031 0.0141072 0.0130872 0.012081 0.0111121 0.0102534 0.00952634 0.00891381 0.00844213 0.00813475 
0 0.00129574 0.00260585 0.00398081 0.00540577 0.00686581 0.00835928 0.00991546 0.0114731 0.0129789 0.0143878 0.015611 0.0165593 0.0171757 0.0174057 0.0171224 0.0162771 0.0148377 0.0127893 0.0101382 0.00698144 0.00340171 -0.000534908 -0.00467369 -0.00887396 -0.0129528 -0.0167682 -0.0201468 -0.0230007 -0.0252573 -0.0268613 -0.0277991 -0.0280409 -0.0276552 -0.0267298 -0.0253512 -0.0235995 -0.0216077 -0.0194613 -0.0172483 -0.0150518 -0.0129843 -0.0110602 -0.0093208 -0.00780131 -0.00649086 -0.00543911 -0.00458932 -0.00395962 -0.00353945 -0.00331719 -0.00326332 -0.00339176 -0.00371084 -0.00419563 -0.00480262 -0.00553744 -0.00634588 -0.00719151 -0.0080093 -0.00871413 -0.00929008 -0.00960281 -0.00957485 -0.00916402 -0.00834691 -0.00711814 -0.00554098 -0.00365387 -0.00158783 0.000527918 0.00253652 0.00433431 0.00580819 0.00687858 0.00746558 0.00760366 0.00736349 0.00680952 0.00605967 0.0052226 0.00436167 0.00357964 0.0029023 0.00231439 0.00185638 0.00150969 0.0012732 0.00111685 0.00098989 0.000882165 0.000797997 0.000734435 0.000724283 0.000711653 0.000706732 0.000710603 0.000708277 0.000722441 0.000758624 0.000766269 0.000791292 0.000811795 0.000837798 0.000891716 0.000950745 0.000992483 0.00104049 0.00106911 0.00111151 0.0011486 0.00117007 0.00118001 0.00119885 0.00128244 0.0014828 0.00178862 0.00224171 0.0028369 0.00357477 0.00446563 0.00541647 0.00631067 0.00704779 0.00750528 0.00757767 0.00720388 0.00635055 0.00506169 0.00340808 0.00151413 -0.000519369 -0.00254115 -0.00442114 -0.00600809 -0.00725862 -0.00812295 -0.00855956 -0.00859724 -0.00834077 -0.00781932 -0.00713588 -0.00632427 -0.00547114 -0.00467401 -0.00394297 -0.00332039 -0.00283709 -0.00250989 -0.00235411 -0.00237192 -0.00256403 -0.00296756 -0.00357841 -0.00441184 -0.00542607 -0.00669032 -0.00817809 -0.00987592 -0.0117745 -0.0138156 -0.0159541 -0.0181052 -0.0201881 -0.0221238 -0.0238293 -0.0251546 -0.0260008 -0.0262917 -0.0259762 -0.0249706 -0.0232994 -0.0209741 -0.0180245 -0.0145522 -0.0106679 -0.00652431 -0.00224871 0.00197483 0.0060056 0.00968813 0.0129356 0.0156818 0.0178593 0.0194388 0.0204326 0.0208847 0.0208357 0.020415 0.019693 0.0187302 0.017598 0.0164104 0.0152258 0.0140808 0.0130625 0.0121715 0.0114251 0.0108406 0.0104659 
0 0.00162619 0.00324157 0.00489429 0.00660066 0.00835928 0.010151 0.0119635 0.0137226 0.0153845 0.0169201 0.0182317 0.0192085 0.0197656 0.0198549 0.0193695 0.0182659 0.0165182 0.0140912 0.0110213 0.00739681 0.00333037 -0.00111012 -0.00577057 -0.0104795 -0.0150722 -0.0193596 -0.0231942 -0.0264506 -0.0290585 -0.0309594 -0.0321145 -0.0325168 -0.0321982 -0.0312607 -0.0297802 -0.0278563 -0.0256403 -0.0232353 -0.0207332 -0.018232 -0.0158294 -0.0135727 -0.0115088 -0.00968305 -0.00811455 -0.00681727 -0.00577501 -0.00497516 -0.00443599 -0.00414545 -0.00406508 -0.00419979 -0.00455332 -0.00510306 -0.00582055 -0.00667448 -0.00761962 -0.00863544 -0.00961724 -0.0104663 -0.0111138 -0.0114739 -0.0114537 -0.0109681 -0.00998362 -0.00852538 -0.00663263 -0.00438546 -0.00192118 0.000588832 0.00298489 0.00513943 0.0068934 0.00816758 0.00889995 0.00908506 0.00881065 0.00817187 0.0072655 0.00624964 0.00522418 0.00429648 0.00349484 0.00281553 0.00226884 0.00185051 0.00154632 0.00134868 0.00118723 0.00105936 0.000965769 0.000902735 0.000877053 0.000871586 0.000857134 0.000850794 0.000849403 0.000867076 0.000895108 0.000924514 0.000951535 0.000979012 0.00101955 0.00108271 0.00113863 0.00119545 0.00123608 0.00126724 0.00131732 0.00136981 0.00140286 0.00143462 0.00146265 0.00156312 0.00178605 0.0021574 0.0027056 0.00343591 0.00434503 0.00541585 0.00652499 0.00757987 0.00843391 0.00894798 0.00902989 0.00857645 0.00754113 0.00600335 0.00403603 0.00176885 -0.000655641 -0.00307011 -0.00529985 -0.00720136 -0.00868313 -0.00970071 -0.0102383 -0.0103121 -0.00998541 -0.00935453 -0.00853047 -0.00758762 -0.00658714 -0.0056387 -0.00478795 -0.00406445 -0.00349907 -0.00312459 -0.00295986 -0.00301712 -0.00328633 -0.00378731 -0.00454956 -0.00555898 -0.00681599 -0.00835109 -0.0101413 -0.0121575 -0.0143696 -0.0167268 -0.0191715 -0.0216082 -0.0239471 -0.0260889 -0.027938 -0.0293483 -0.0301912 -0.0304124 -0.0299242 -0.0286814 -0.0266995 -0.0240052 -0.020648 -0.0167068 -0.0123315 -0.0076586 -0.00285303 0.00190999 0.00647616 0.0106734 0.014408 0.0175935 0.0201714 0.0221049 0.0233987 0.0240813 0.0241941 0.0238669 0.0231871 0.0222115 0.0210232 0.019737 0.0184286 0.0171539 0.0159934 0.0149711 0.0141013 0.0134293 0.0129941 
0 0.0019702 0.00391656 0.00587744 0.00787663 0.00991546 0.0119635 0.0139837 0.0158981 0.0176588 0.0192356 0.0205364 0.0214464 0.0218788 0.0217718 0.0210359 0.0196383 0.0175681 0.0148121 0.0113958 0.00740449 0.00294088 -0.00189586 -0.00693551 -0.0120059 -0.0169445 -0.0215916 -0.0257832 -0.0293822 -0.0322913 -0.0344467 -0.0358218 -0.0364038 -0.0362232 -0.0353498 -0.0338586 -0.0318597 -0.0295117 -0.0269342 -0.0242228 -0.0214728 -0.0187882 -0.0162288 -0.0138608 -0.0117436 -0.00990147 -0.00835807 -0.0070956 -0.00612084 -0.00544779 -0.00506586 -0.00494158 -0.00507215 -0.00545473 -0.00606284 -0.00686359 -0.00783475 -0.00892579 -0.0100821 -0.0112004 -0.0121732 -0.0129232 -0.0133324 -0.013295 -0.0127314 -0.0116023 -0.00991451 -0.00772377 -0.00512042 -0.0022661 0.000646571 0.0034264 0.00591689 0.00795845 0.00944241 0.0102937 0.0105245 0.0102213 0.00948937 0.00846327 0.00730084 0.00612218 0.00504241 0.00410293 0.00330447 0.00266518 0.0021789 0.00183222 0.00159591 0.0014101 0.00125805 0.0011418 0.00106294 0.00103072 0.00101587 0.00100259 0.000995339 0.000993598 0.00101176 0.00104708 0.00107823 0.00111268 0.00114691 0.00119211 0.00125864 0.00132678 0.00138769 0.00143925 0.00148043 0.00153382 0.00158686 0.00162551 0.0016587 0.00170724 0.00184148 0.0021205 0.00256776 0.00321486 0.00406638 0.00511823 0.00634557 0.00763063 0.00883793 0.009812 0.0103951 0.010462 0.00991383 0.00871106 0.00691558 0.00462524 0.00199274 -0.00081452 -0.00360095 -0.00617291 -0.00836279 -0.0100792 -0.0112631 -0.0118834 -0.0119664 -0.0116016 -0.0108857 -0.00993878 -0.00884771 -0.00770926 -0.006632 -0.00566268 -0.00484087 -0.00420761 -0.00380087 -0.00364599 -0.00375026 -0.004108 -0.00473925 -0.00566175 -0.00687731 -0.00837866 -0.0101894 -0.0122718 -0.0145787 -0.0170683 -0.0196856 -0.022371 -0.0250253 -0.027538 -0.0297972 -0.0316942 -0.0330885 -0.0338677 -0.0339596 -0.0332859 -0.0317944 -0.0295157 -0.0264975 -0.0227975 -0.0185045 -0.0137494 -0.00868756 -0.0034888 0.00166557 0.00662273 0.0112273 0.0153687 0.018947 0.0218858 0.0241554 0.02577 0.0267498 0.0271202 0.0269793 0.0264159 0.0255104 0.0243583 0.023071 0.0217158 0.0203574 0.019091 0.0179607 0.0169987 0.0162468 0.0157481 
0 0.00229821 0.00458648 0.00688274 0.00918384 0.0114731 0.0137226 0.0158981 0.0179277 0.0197419 0.0212882 0.0224848 0.0232396 0.0234776 0.0231222 0.0220984 0.0203852 0.0179961 0.0149416 0.011239 0.00696528 0.00221697 -0.00287778 -0.00814943 -0.0134374 -0.0185888 -0.0234671 -0.0279021 -0.0317561 -0.0349169 -0.0373128 -0.0389133 -0.0396958 -0.0396916 -0.0389494 -0.0375439 -0.0355798 -0.0331981 -0.0305233 -0.0276612 -0.0247211 -0.0218143 -0.0190097 -0.0163754 -0.013977 -0.0118556 -0.0100545 -0.0085681 -0.00741441 -0.00659696 -0.00610338 -0.00591045 -0.00601364 -0.00641152 -0.0070759 -0.00796215 -0.00903783 -0.0102513 -0.0115294 -0.0127762 -0.0138713 -0.0147194 -0.0151804 -0.0151312 -0.0144854 -0.0132006 -0.0112818 -0.00880082 -0.00585942 -0.00263456 0.000666752 0.00382955 0.00665941 0.00898691 0.0106751 0.0116464 0.0119259 0.0116019 0.0107914 0.00965652 0.00835383 0.00702899 0.0057999 0.00472264 0.00380676 0.00307353 0.00251695 0.00212563 0.0018516 0.00164403 0.0014706 0.001332 0.00123359 0.00118583 0.00115765 0.00114395 0.00113819 0.0011427 0.00116574 0.00120665 0.00123867 0.0012744 0.00131042 0.00135989 0.00143147 0.00151458 0.00158541 0.00164806 0.00169642 0.00174766 0.00179671 0.00183976 0.00188 0.00195779 0.00213331 0.00247216 0.0029998 0.00374724 0.00472049 0.00591529 0.00729146 0.00874008 0.0100915 0.0111774 0.0118195 0.0118629 0.0112077 0.00982568 0.00777187 0.00517226 0.00219119 -0.000984217 -0.00413624 -0.00705061 -0.00953281 -0.0114746 -0.0128079 -0.0135026 -0.0135975 -0.0131966 -0.0124048 -0.0113511 -0.0101296 -0.00885822 -0.00764725 -0.00656477 -0.00566326 -0.00498611 -0.00456604 -0.00443056 -0.0045865 -0.0050423 -0.00582237 -0.00693302 -0.00837463 -0.0101239 -0.012189 -0.014532 -0.0170997 -0.0198368 -0.0226744 -0.0255365 -0.0283228 -0.0309151 -0.0332018 -0.035062 -0.036359 -0.0369942 -0.0368913 -0.0359982 -0.0342689 -0.0317348 -0.0284492 -0.0244781 -0.0199283 -0.0149235 -0.00962307 -0.00418332 0.00122589 0.00645261 0.0113574 0.0158189 0.0197313 0.023005 0.0256091 0.027562 0.0288787 0.0295722 0.0296982 0.0293351 0.0285829 0.0275499 0.0263411 0.0250128 0.0236352 0.0223164 0.0211255 0.020111 0.019308 0.0187614 
0 0.0026197 0.00524936 0.0078786 0.0104695 0.0129789 0.0153845 0.0176588 0.0197419 0.0215465 0.0229981 0.0240186 0.0245471 0.0245158 0.0238582 0.0225255 0.0205038 0.0178243 0.0144927 0.0105579 0.00608034 0.00117727 -0.00402601 -0.00939436 -0.0147652 -0.0200187 -0.0249885 -0.0295525 -0.033564 -0.0369217 -0.0395459 -0.0413657 -0.0423758 -0.0425803 -0.042039 -0.0408076 -0.0389767 -0.0366566 -0.0339686 -0.0310257 -0.0279655 -0.0248856 -0.0218848 -0.0190223 -0.0163636 -0.0139915 -0.011929 -0.0102265 -0.00887404 -0.00789283 -0.00727032 -0.00699103 -0.00704864 -0.00743908 -0.00813356 -0.00909973 -0.0102663 -0.011588 -0.0129964 -0.0143689 -0.0155878 -0.016502 -0.0170031 -0.0169474 -0.0162194 -0.0147732 -0.0126426 -0.0098721 -0.00660459 -0.00301672 0.000651897 0.00418093 0.00734675 0.00994855 0.0118401 0.0129614 0.013303 0.0129637 0.012093 0.0108366 0.00938661 0.00792066 0.00655065 0.00534412 0.00433352 0.00351048 0.00288646 0.00243337 0.00211474 0.00187073 0.00167394 0.00151823 0.00141471 0.00134659 0.0013202 0.00129778 0.00128367 0.00128851 0.0013138 0.00134586 0.00139797 0.00143665 0.0014817 0.00154272 0.00161831 0.00169598 0.00177856 0.00183662 0.00189297 0.0019489 0.00200824 0.00206021 0.00212177 0.00222395 0.00243867 0.00282126 0.0034329 0.00428386 0.00538937 0.00674441 0.00827945 0.00986601 0.0113506 0.0125219 0.0131888 0.0132057 0.0124454 0.0108778 0.00857747 0.00567919 0.00235214 -0.00117997 -0.00468886 -0.00792221 -0.0106986 -0.0128575 -0.0143302 -0.0151099 -0.0152378 -0.0147866 -0.0139157 -0.0127448 -0.0114119 -0.0100194 -0.00868366 -0.00751162 -0.00654889 -0.00584082 -0.00542537 -0.00532409 -0.00555401 -0.00612839 -0.00705925 -0.00837499 -0.010033 -0.0120356 -0.0143382 -0.0169184 -0.0197177 -0.0226575 -0.0256664 -0.02864 -0.031473 -0.0340531 -0.0362678 -0.0379958 -0.0391201 -0.039532 -0.0391914 -0.0380426 -0.0360926 -0.0333466 -0.0298552 -0.0256999 -0.0209803 -0.0158591 -0.0104576 -0.0049269 0.00060993 0.00599814 0.0110942 0.0157799 0.0199473 0.023527 0.0264713 0.0287788 0.0304476 0.0314952 0.0319535 0.0318897 0.0313885 0.0305582 0.0294939 0.0282663 0.0269582 0.0256625 0.0244743 0.0234435 0.022626 0.022057 
0 0.0029561 0.00591556 0.00884183 0.0116853 0.0143878 0.0169201 0.0192356 0.0212882 0.0229981 0.0242789 0.0250676 0.0253005 0.0249427 0.0239393 0.0222918 0.0199905 0.0170428 0.013493 0.00938133 0.00481439 -0.000128106 -0.00531726 -0.0106485 -0.0159977 -0.0212077 -0.0261748 -0.0307531 -0.0348469 -0.0383366 -0.0411302 -0.0431678 -0.0444072 -0.0448782 -0.044591 -0.0436015 -0.0419823 -0.0398161 -0.0372174 -0.0343055 -0.0311967 -0.0280123 -0.0248488 -0.0217944 -0.0189284 -0.016318 -0.014027 -0.0120771 -0.0105153 -0.00934805 -0.00857509 -0.00819952 -0.00820507 -0.00857118 -0.00927569 -0.01027 -0.0115223 -0.0129708 -0.0144831 -0.0159619 -0.0172702 -0.0182727 -0.018798 -0.0187027 -0.0179005 -0.0163326 -0.0139819 -0.010943 -0.00734494 -0.00340394 0.000635981 0.00451314 0.00797879 0.0108598 0.0129716 0.0142205 0.0146421 0.0143061 0.013354 0.0120072 0.0104325 0.00882524 0.00731753 0.00598911 0.00486478 0.00396078 0.00326535 0.00276293 0.00238593 0.00211047 0.00188647 0.00171176 0.00159249 0.00152661 0.00147892 0.00145661 0.00143716 0.00143364 0.00145129 0.00149767 0.00154345 0.00160086 0.00166027 0.00172638 0.00179929 0.0018876 0.00195463 0.00202226 0.00208638 0.00214952 0.00221402 0.00228629 0.00235674 0.00249459 0.00274934 0.00320193 0.00389228 0.00485383 0.00609578 0.00759385 0.00926905 0.0110162 0.0126023 0.0138424 0.0145424 0.0145004 0.0136252 0.0118999 0.00935018 0.00614269 0.00247586 -0.00140965 -0.00524739 -0.00879278 -0.0118152 -0.0141892 -0.0158282 -0.0166894 -0.0168254 -0.0163607 -0.0154196 -0.0141484 -0.0126815 -0.0111912 -0.00977822 -0.00852616 -0.00750649 -0.00677339 -0.00637351 -0.00633703 -0.00666695 -0.00738463 -0.00850307 -0.0100045 -0.0118923 -0.0141222 -0.0166614 -0.0194576 -0.022436 -0.0255174 -0.028612 -0.0316177 -0.0344236 -0.0369043 -0.0389543 -0.0404567 -0.0413151 -0.041471 -0.0408505 -0.039458 -0.0372798 -0.034346 -0.0307128 -0.0264487 -0.0216905 -0.0165478 -0.0111735 -0.00566273 -0.000128165 0.00528766 0.0104653 0.015265 0.0196173 0.0234516 0.0267236 0.0293895 0.0314222 0.0328518 0.0337036 0.0340305 0.0338894 0.0333515 0.0325107 0.0314659 0.0303152 0.0291362 0.0280072 0.0270104 0.0262063 0.0256436 
0 0.0032902 0.00654665 0.00971386 0.0127521 0.015611 0.0182317 0.0205364 0.0224848 0.0240186 0.0250676 0.0255641 0.0254704 0.0247529 0.0234018 0.0214456 0.0188692 0.0156988 0.0119725 0.00779472 0.00322208 -0.00165518 -0.00673067 -0.0119282 -0.0171101 -0.0221896 -0.0270304 -0.0315613 -0.0356507 -0.0391952 -0.0421187 -0.0443347 -0.0458353 -0.046589 -0.0466041 -0.0459063 -0.0445611 -0.0426314 -0.0402192 -0.0374195 -0.0343627 -0.0311323 -0.0278787 -0.0246884 -0.0216386 -0.0188386 -0.0163049 -0.0141347 -0.0123411 -0.0109744 -0.0100432 -0.00955407 -0.00948135 -0.00980643 -0.0105048 -0.0115524 -0.0128552 -0.0143647 -0.0159801 -0.0175575 -0.0189629 -0.0199972 -0.0205512 -0.0204582 -0.0195781 -0.0178468 -0.0153033 -0.0119885 -0.00808855 -0.00380875 0.000575146 0.00480559 0.0085978 0.0117327 0.0140295 0.0154328 0.0159205 0.0155873 0.0146149 0.0131739 0.011478 0.00975289 0.00811016 0.00664694 0.00542595 0.00442193 0.00365469 0.00308807 0.00267422 0.00236612 0.00212513 0.00193081 0.0017977 0.00169283 0.0016416 0.00160473 0.00158286 0.0015891 0.00161751 0.00164942 0.00171463 0.00176243 0.00182259 0.00189764 0.00198 0.00206456 0.00215638 0.00222001 0.00228873 0.00234628 0.00241375 0.00248858 0.00259227 0.00277325 0.00309343 0.00360486 0.00439559 0.00546346 0.00682836 0.00847651 0.0102927 0.012142 0.0138433 0.0151503 0.01585 0.0157723 0.0147787 0.0128493 0.0100509 0.00655824 0.00256597 -0.00164952 -0.00581799 -0.00964901 -0.0129495 -0.0155136 -0.0172661 -0.0182129 -0.018405 -0.0179053 -0.0169057 -0.0155424 -0.0140096 -0.0124304 -0.0109146 -0.00960143 -0.00854596 -0.0078079 -0.00744074 -0.00747629 -0.00793414 -0.00882523 -0.0101273 -0.0118516 -0.0139404 -0.0164019 -0.019134 -0.0220997 -0.0252093 -0.0283551 -0.031467 -0.0344215 -0.0371138 -0.0394204 -0.0412243 -0.0424212 -0.0429647 -0.0428006 -0.0419088 -0.0402512 -0.0378702 -0.0347729 -0.0310444 -0.0267856 -0.0220763 -0.0170436 -0.0117656 -0.0063759 -0.000955931 0.00436606 0.00950037 0.0143482 0.0188183 0.0228635 0.0264142 0.0294152 0.0318229 0.0336641 0.0349507 0.0357214 0.0360077 0.0358552 0.0353333 0.0345624 0.0336576 0.0326693 0.0316843 0.0307795 0.0300447 0.0295183 
0 0.00357517 0.00707998 0.0104333 0.0136115 0.0165593 0.0192085 0.0214464 0.0232396 0.0245471 0.0253005 0.0254704 0.0250222 0.0239631 0.0222783 0.0200246 0.0172042 0.0138429 0.0100381 0.00585736 0.00137623 -0.00336434 -0.00824055 -0.0131909 -0.018136 -0.0229698 -0.0276274 -0.0320011 -0.0360095 -0.0395475 -0.0425487 -0.0449457 -0.0466828 -0.0477393 -0.0480799 -0.0477288 -0.0467286 -0.0451059 -0.0429384 -0.0403306 -0.0373808 -0.0342004 -0.030918 -0.0276432 -0.0244646 -0.0214773 -0.0187565 -0.0163701 -0.014382 -0.0128176 -0.0116957 -0.0110527 -0.0108791 -0.0111424 -0.0118274 -0.0128775 -0.0142379 -0.0158326 -0.0175066 -0.019157 -0.0206388 -0.0217592 -0.0223266 -0.0221746 -0.0212055 -0.0193498 -0.0165958 -0.0130443 -0.00885206 -0.00425442 0.000475708 0.00503573 0.00912233 0.0125305 0.0150455 0.0165717 0.0171452 0.0168332 0.0158098 0.0143174 0.0125362 0.0106859 0.00891143 0.00732052 0.00597522 0.00489021 0.00405702 0.0034439 0.00297838 0.00263816 0.00236501 0.00214647 0.00198873 0.00187904 0.00180356 0.00176661 0.00174329 0.00174488 0.0017672 0.00181242 0.00186651 0.00192858 0.00199788 0.00207457 0.00215328 0.00224782 0.00232768 0.00240529 0.00248317 0.00254944 0.00261692 0.00270544 0.00282223 0.00304737 0.00342827 0.00403718 0.00492335 0.00610775 0.00760341 0.00936937 0.0113016 0.0132877 0.0150691 0.0164236 0.0171333 0.0169658 0.0158313 0.0137266 0.0106843 0.00690006 0.00260089 -0.00192998 -0.00639331 -0.0105184 -0.0140503 -0.0168226 -0.0187334 -0.0197471 -0.0199367 -0.0194367 -0.0184012 -0.016978 -0.0153392 -0.0136794 -0.012107 -0.0107381 -0.00966769 -0.00895615 -0.00865946 -0.00879769 -0.00937829 -0.0104282 -0.0119337 -0.0138538 -0.0161662 -0.0188127 -0.0217103 -0.0247949 -0.0279737 -0.0311469 -0.0342091 -0.0370393 -0.0395241 -0.041556 -0.0430404 -0.0438884 -0.0440702 -0.0435769 -0.0423645 -0.0404621 -0.0378926 -0.0346922 -0.0309505 -0.0267506 -0.0221956 -0.0173292 -0.0122537 -0.00705693 -0.00184259 0.00328546 0.00830034 0.0131097 0.0176515 0.0218383 0.0256104 0.0289035 0.0316816 0.0339605 0.0357052 0.0369378 0.0376887 0.037995 0.0378992 0.0375041 0.036921 0.036203 0.0354381 0.0347171 0.0341108 0.0336628 
0 0.00377135 0.00745727 0.0109559 0.0142139 0.0171757 0.0197656 0.0218788 0.0234776 0.0245158 0.0249427 0.0247529 0.0239631 0.0225728 0.0205821 0.0180599 0.0150371 0.011573 0.00774642 0.0036468 -0.000691973 -0.00520619 -0.00979272 -0.0144295 -0.0190523 -0.0235989 -0.027972 -0.0321219 -0.0359728 -0.0394537 -0.0425095 -0.0450433 -0.0470064 -0.0483442 -0.0490254 -0.0490512 -0.0484355 -0.047172 -0.0453214 -0.0429718 -0.0402309 -0.0371718 -0.0339446 -0.0306516 -0.027384 -0.0242731 -0.0213769 -0.0188113 -0.0166194 -0.0148532 -0.0135458 -0.0127441 -0.012441 -0.012618 -0.0132573 -0.0143165 -0.0156928 -0.017319 -0.0190676 -0.0207937 -0.0223383 -0.0234728 -0.0240454 -0.0238765 -0.0228234 -0.0208109 -0.0178694 -0.014064 -0.00959442 -0.00469542 0.000343574 0.00522004 0.00960224 0.0132544 0.0159668 0.0176661 0.0183366 0.0180584 0.0170275 0.0154547 0.0135642 0.0116055 0.00971255 0.00800978 0.00658085 0.00540698 0.00449604 0.00380839 0.0032878 0.0029037 0.00261044 0.00237652 0.00220762 0.00207171 0.00198777 0.00193386 0.00190307 0.00190303 0.00192718 0.00196254 0.00203007 0.00209279 0.00216973 0.00225478 0.00233936 0.00242512 0.00251176 0.00258261 0.00266287 0.00273204 0.00281626 0.00292571 0.00308604 0.00336275 0.00380764 0.00447746 0.00546146 0.00676289 0.00839487 0.010317 0.012384 0.0144508 0.0162986 0.0176698 0.0183371 0.0181 0.0168356 0.0145366 0.0112614 0.00721212 0.00261535 -0.00222104 -0.00698495 -0.0113722 -0.0151543 -0.0181044 -0.020129 -0.0212298 -0.0214773 -0.0209636 -0.0198818 -0.0183914 -0.0167099 -0.0149937 -0.0133596 -0.0119675 -0.010907 -0.0102443 -0.0100284 -0.0102795 -0.0110137 -0.012247 -0.0139404 -0.016065 -0.0185533 -0.0213684 -0.024377 -0.0275231 -0.0307127 -0.0338297 -0.0367741 -0.0393952 -0.0415905 -0.0432764 -0.0443825 -0.0448462 -0.044661 -0.0438091 -0.0422851 -0.0401212 -0.0374049 -0.0341616 -0.0304696 -0.0264055 -0.0220314 -0.0174184 -0.0126165 -0.00771754 -0.00278292 0.00210483 0.00693275 0.0116445 0.0161655 0.0204332 0.0243704 0.0279199 0.031051 0.0337594 0.0359728 0.0376817 0.0389277 0.0397515 0.0401676 0.0402428 0.0400669 0.0396938 0.0392331 0.0387706 0.0383609 0.0380346 
0 0.0038682 0.00765747 0.0112368 0.0145131 0.0174057 0.0198549 0.0217718 0.0231222 0.0238582 0.0239393 0.0234018 0.0222783 0.0205821 0.0183167 0.015584 0.0124479 0.00895891 0.00519788 0.00123397 -0.0028831 -0.00710431 -0.0113462 -0.0156143 -0.0198771 -0.0240633 -0.0281091 -0.0319791 -0.035634 -0.0390101 -0.0420566 -0.0446881 -0.046843 -0.0484586 -0.0494777 -0.0498823 -0.0496669 -0.0488077 -0.047341 -0.0453415 -0.0428763 -0.0400167 -0.0369025 -0.0336556 -0.0303754 -0.0271834 -0.0241607 -0.0214207 -0.019039 -0.0170762 -0.0155814 -0.0146155 -0.01418 -0.0142473 -0.0148123 -0.0158315 -0.0172225 -0.0188909 -0.0206782 -0.022443 -0.0240221 -0.0251829 -0.0257397 -0.0255169 -0.0243852 -0.0222549 -0.0191271 -0.0150929 -0.0103502 -0.00515541 0.0001914 0.00536043 0.010016 0.0139155 0.0168378 0.0186844 0.0194557 0.0192198 0.0181757 0.0165647 0.0146092 0.0125491 0.0105437 0.00872501 0.00718386 0.00592313 0.00493855 0.00418702 0.00361321 0.00319005 0.00286802 0.00261452 0.00242528 0.00227443 0.00217052 0.00210592 0.00206885 0.00206315 0.00208286 0.00212121 0.00218549 0.00225622 0.00234065 0.00242979 0.00251483 0.00260085 0.00268166 0.00275627 0.00284085 0.00291934 0.00301318 0.00314357 0.00334055 0.00367348 0.00419432 0.00496258 0.00604944 0.00746915 0.00922981 0.0112683 0.0134441 0.015605 0.0175035 0.0188833 0.0195136 0.0191735 0.0177635 0.0152814 0.0117789 0.00745604 0.00256695 -0.00256171 -0.00759297 -0.0122247 -0.0162057 -0.0193318 -0.021499 -0.0226883 -0.0229739 -0.0224769 -0.0213783 -0.0198452 -0.0181014 -0.016343 -0.0146968 -0.013304 -0.0122684 -0.0116608 -0.0115427 -0.0119303 -0.0128347 -0.0142613 -0.0161528 -0.0184472 -0.0210873 -0.0240144 -0.0271015 -0.0302654 -0.033397 -0.0363794 -0.0391015 -0.0414309 -0.0432734 -0.0445692 -0.0452629 -0.0453137 -0.0447368 -0.0435389 -0.0417186 -0.0393413 -0.0365066 -0.0332594 -0.0296645 -0.0257691 -0.0216312 -0.0173035 -0.0128466 -0.00830687 -0.00371211 0.000890996 0.00549396 0.0100269 0.0144429 0.0187041 0.0227592 0.0265313 0.0299769 0.033079 0.0357475 0.0379597 0.0397437 0.0411307 0.0421137 0.0427343 0.043056 0.0431201 0.0430362 0.0428921 0.0427287 0.0425679 
0 0.00385234 0.00762401 0.01117 0.0143689 0.0171224 0.0193695 0.0210359 0.0220984 0.0225255 0.0222918 0.0214456 0.0200246 0.0180599 0.015584 0.0127206 0.0095451 0.00609568 0.00245881 -0.00130247 -0.00514182 -0.00903242 -0.0129086 -0.0167747 -0.0206202 -0.0243927 -0.0280752 -0.0316458 -0.0350734 -0.0382947 -0.0412741 -0.0439564 -0.0462734 -0.0481447 -0.0494818 -0.0502504 -0.0504335 -0.049999 -0.0489577 -0.047359 -0.0452348 -0.0426485 -0.0397282 -0.0366026 -0.0333743 -0.0301565 -0.0270538 -0.0241803 -0.0216372 -0.0194946 -0.0178193 -0.0166818 -0.0160953 -0.016041 -0.0165229 -0.0174901 -0.01886 -0.0205273 -0.0223328 -0.0241286 -0.0257269 -0.0268949 -0.0274312 -0.0271579 -0.0259346 -0.0236679 -0.0203555 -0.0161072 -0.011117 -0.00565177 -1.30688e-05 0.00544843 0.0103781 0.014511 0.0176279 0.0196231 0.0205013 0.0203295 0.0193019 0.0176683 0.0156558 0.0135041 0.0113913 0.00946136 0.00781273 0.00646362 0.00540014 0.00458267 0.00395723 0.00349588 0.00314627 0.00287204 0.00265726 0.00248588 0.00236088 0.00228469 0.00224292 0.00223517 0.00225211 0.00229117 0.00235062 0.00242373 0.00250921 0.00260006 0.00268669 0.00277495 0.00285611 0.00293711 0.00302371 0.00310871 0.00321169 0.0033648 0.00360631 0.0040061 0.00461063 0.00548089 0.00667618 0.00821799 0.0101049 0.0122572 0.0145273 0.0167531 0.0186817 0.0200571 0.0206374 0.020193 0.0186284 0.0159444 0.0122088 0.00762921 0.00247487 -0.0029211 -0.00820619 -0.0130779 -0.0172643 -0.0205584 -0.0228491 -0.0241235 -0.0244585 -0.0239852 -0.0228776 -0.0213284 -0.0195628 -0.0177855 -0.0161327 -0.0147518 -0.0137647 -0.0132421 -0.0132413 -0.013776 -0.0148526 -0.0164625 -0.018532 -0.020972 -0.0237274 -0.0267188 -0.0298251 -0.0329397 -0.0359419 -0.0387108 -0.0411327 -0.0431005 -0.0445432 -0.045422 -0.0456874 -0.0453119 -0.0443339 -0.0427984 -0.0407232 -0.0381897 -0.0352862 -0.0320668 -0.0285941 -0.0249096 -0.0210609 -0.0170705 -0.0129873 -0.00882699 -0.00459829 -0.000313192 0.00402489 0.00834122 0.0126035 0.0168048 0.0209236 0.0248687 0.0285743 0.0320097 0.0350967 0.0378101 0.0401518 0.0421157 0.0436804 0.0448864 0.0457809 0.0463764 0.0467486 0.0469834 0.047121 0.0471786 
0 0.00373037 0.00735168 0.0107284 0.0137337 0.0162771 0.0182659 0.0196383 0.0203852 0.0205038 0.0199905 0.0188692 0.0172042 0.0150371 0.0124479 0.0095451 0.00639439 0.00305416 -0.000399477 -0.00388443 -0.00741026 -0.0109454 -0.014439 -0.0178836 -0.0212741 -0.0246235 -0.0279165 -0.0311706 -0.0343364 -0.03737 -0.0402518 -0.0429348 -0.045365 -0.0474394 -0.0490678 -0.0501962 -0.0507826 -0.0507773 -0.0501745 -0.0489941 -0.0472699 -0.0450257 -0.0423816 -0.0394454 -0.0363181 -0.0331372 -0.0300061 -0.0270682 -0.0244085 -0.0221115 -0.0202626 -0.0189455 -0.0181899 -0.0180031 -0.0183765 -0.0192786 -0.0205995 -0.0222328 -0.0240444 -0.0258537 -0.0274647 -0.0286211 -0.0291239 -0.028789 -0.0274569 -0.02504 -0.0215633 -0.0171052 -0.0118878 -0.00617041 -0.00026657 0.00546626 0.0106583 0.0150175 0.0183284 0.0204958 0.0214862 0.0213869 0.0204 0.0187475 0.0166858 0.0144602 0.0122453 0.0102073 0.00846555 0.00702565 0.00588624 0.00500024 0.00432059 0.00381067 0.00343149 0.00313161 0.00289684 0.00270268 0.00256604 0.00247406 0.00242594 0.00241169 0.00242631 0.00245694 0.00251967 0.00259059 0.00267852 0.00276938 0.00285799 0.00293859 0.00302354 0.00310548 0.00320048 0.00329553 0.00341981 0.00359936 0.00389003 0.00435606 0.00505067 0.00601683 0.00733156 0.00900016 0.0110068 0.0132745 0.0156357 0.0178981 0.0198439 0.0211919 0.0216857 0.0211281 0.0194033 0.0165167 0.0125614 0.00774322 0.00233966 -0.00330433 -0.00883314 -0.0139183 -0.0183153 -0.0217775 -0.0241882 -0.0255496 -0.0259419 -0.0254901 -0.0243895 -0.0228355 -0.0210795 -0.0193014 -0.0176574 -0.0163192 -0.0154047 -0.0150006 -0.0151422 -0.015833 -0.0170716 -0.0188332 -0.0210355 -0.0235977 -0.0264258 -0.0294459 -0.0325038 -0.0354925 -0.0382925 -0.0407785 -0.042854 -0.0444106 -0.0454099 -0.0458341 -0.0456526 -0.044858 -0.0435074 -0.0416593 -0.0393761 -0.0367264 -0.0338089 -0.0306588 -0.0273318 -0.0238875 -0.0203453 -0.016731 -0.0130237 -0.00924244 -0.00538321 -0.00144499 0.00257553 0.00665008 0.010734 0.0148461 0.0189586 0.0229982 0.0268983 0.0306152 0.034089 0.0372803 0.0401728 0.0427167 0.0448781 0.0466978 0.0482119 0.0494044 0.0503016 0.0509697 0.0514488 0.0517534 
0 0.00348253 0.006827 0.00989559 0.0126008 0.0148377 0.0165182 0.0175681 0.0179961 0.0178243 0.0170428 0.0156988 0.0138429 0.011573 0.00895891 0.00609568 0.00305416 -0.000116489 -0.00330236 -0.00648783 -0.00965408 -0.0128042 -0.015886 -0.0188879 -0.0218556 -0.024773 -0.0276849 -0.0305826 -0.0334721 -0.036314 -0.0390726 -0.0417207 -0.0441872 -0.0464033 -0.0482781 -0.0497399 -0.0507161 -0.0511365 -0.0509693 -0.0502474 -0.048952 -0.0471268 -0.0448217 -0.0421437 -0.039202 -0.0361058 -0.0330177 -0.0300427 -0.0273071 -0.024887 -0.0228861 -0.0214021 -0.0204921 -0.0201527 -0.0204035 -0.0211914 -0.0224557 -0.0240583 -0.02583 -0.0276185 -0.0292047 -0.0303451 -0.0307913 -0.0303692 -0.0289401 -0.0264071 -0.0227405 -0.0180933 -0.0126493 -0.00669188 -0.000538609 0.00542876 0.0108577 0.015441 0.018965 0.0212868 0.0224137 0.0224048 0.0214412 0.0197968 0.0177117 0.0154079 0.0131158 0.0109914 0.00913894 0.00761798 0.00639383 0.00542917 0.00468799 0.00413598 0.00371952 0.00340352 0.00314397 0.00293765 0.00277516 0.00267208 0.00261117 0.00259056 0.00259478 0.00263048 0.00267939 0.00275567 0.00284118 0.00293429 0.00301945 0.00310489 0.00318106 0.00326928 0.00336321 0.00347827 0.00362079 0.00384216 0.0041945 0.00473553 0.00551544 0.0066005 0.00801662 0.00980633 0.0119457 0.0143078 0.016744 0.0190593 0.0209858 0.0222762 0.0226836 0.0219784 0.0200884 0.0170168 0.0128602 0.00780692 0.002162 -0.00372164 -0.00946809 -0.0147721 -0.0193229 -0.0229393 -0.0254892 -0.0269486 -0.027395 -0.0269989 -0.0259282 -0.024404 -0.0226438 -0.020888 -0.0193052 -0.0180304 -0.0172137 -0.0169286 -0.0172208 -0.0180736 -0.0194663 -0.0213621 -0.0236848 -0.0263131 -0.0291834 -0.0321527 -0.0351043 -0.0378906 -0.0404017 -0.042547 -0.0442099 -0.0453293 -0.0458579 -0.0458091 -0.0451802 -0.0439921 -0.0423109 -0.0402157 -0.037754 -0.0350344 -0.0321237 -0.0290833 -0.0259424 -0.0227354 -0.0195144 -0.0162483 -0.0129379 -0.00953106 -0.00604861 -0.00247773 0.00120876 0.00499743 0.00889973 0.0128847 0.0169407 0.0209988 0.0250283 0.0289941 0.032817 0.0364514 0.0398504 0.0429631 0.0457364 0.0481885 0.050335 0.0521432 0.0536073 0.0547535 0.055603 0.0561642 
0 0.00307973 0.00600421 0.00866174 0.0109438 0.0127893 0.0140912 0.0148121 0.0149416 0.0144927 0.013493 0.0119725 0.0100381 0.00774642 0.00519788 0.00245881 -0.000399477 -0.00330236 -0.00620814 -0.00905519 -0.0118613 -0.0145846 -0.0172327 -0.0198214 -0.0223708 -0.0249013 -0.0274095 -0.0299598 -0.0325566 -0.0351864 -0.0378021 -0.0403644 -0.0428294 -0.0451303 -0.0471894 -0.0489293 -0.0502528 -0.0510773 -0.0513674 -0.0510957 -0.0502694 -0.0488726 -0.0469687 -0.0446285 -0.0419414 -0.03903 -0.0360223 -0.0330676 -0.0302828 -0.0277769 -0.0256731 -0.0240593 -0.0229839 -0.0224995 -0.0226041 -0.0232938 -0.0244597 -0.0259786 -0.0277187 -0.0294657 -0.0309901 -0.032054 -0.0324412 -0.0319601 -0.0304209 -0.0277346 -0.0239246 -0.0190761 -0.0134271 -0.00724813 -0.000865888 0.00534541 0.0110062 0.0157923 0.0194947 0.0220024 0.0232516 0.0233421 0.0224593 0.0208232 0.0187145 0.0163791 0.0140075 0.0117913 0.0098572 0.00823199 0.00691566 0.0058774 0.00507485 0.00447232 0.00403119 0.00368716 0.00340899 0.00318056 0.00300593 0.00288246 0.00281128 0.0027771 0.00277596 0.00279886 0.00285125 0.00292163 0.00300834 0.00309745 0.00318525 0.00326322 0.00334395 0.00343224 0.00353557 0.00365705 0.00383135 0.00409534 0.00451221 0.00514386 0.00603214 0.00721286 0.00875327 0.0106648 0.0129012 0.015369 0.0178739 0.0201835 0.0220911 0.0233193 0.0236 0.0227709 0.0207131 0.0174368 0.0130628 0.00779341 0.0019286 -0.00417258 -0.0101351 -0.0156059 -0.0203414 -0.024095 -0.0267452 -0.0283117 -0.0288688 -0.0285423 -0.027511 -0.0260102 -0.0243104 -0.0226047 -0.0210787 -0.0199049 -0.019198 -0.0190536 -0.0194762 -0.0204704 -0.0220111 -0.0240306 -0.0264291 -0.0290959 -0.0319142 -0.0347801 -0.0375389 -0.0400593 -0.0422334 -0.0439605 -0.045177 -0.0458139 -0.0458762 -0.0453704 -0.0443188 -0.0427689 -0.0408033 -0.0385011 -0.0359374 -0.0331801 -0.0303209 -0.0274128 -0.0244743 -0.02154 -0.018603 -0.0156846 -0.0127263 -0.0097066 -0.00659606 -0.00336847 -1.80568e-05 0.00350088 0.00717347 0.0110133 0.014964 0.0189968 0.0231059 0.0272548 0.0313811 0.0353869 0.0392412 0.042882 0.0462621 0.0493479 0.0521104 0.0545246 0.0565581 0.0582091 0.0594487 0.0602787 
