0 0 0 0 0 0 0 0 0 0 0 0 0 0 0 0 0 0 0 0 0 0 0 0 0 0 0 0 0 0 0 0 0 0 0 0 0 0 0 0 0 0 0 0 0 0 0 0 0 0 0 0 0 0 0 0 0 0 0 0 0 0 0 0 0 0 0 0 0 0 0 0 0 0 0 0 0 0 0 0 0 0 0 0 0 0 0 0 0 0 0 0 0 0 0 0 0 0 0 0 0 0 0 0 0 0 0 0 0 0 0 0 0 0 0 0 0 0 0 0 0 0 0 0 0 0 0 0 0 0 0 0 0 0 0 0 0 0 0 0 0 0 0 0 0 0 0 0 0 0 0 0 0 0 0 0 0 0 0 0 0 0 0 0 0 0 0 0 0 0 0 0 0 0 0 0 0 0 0 0 0 0 0 0 0 0 0 0 0 0 0 0 0 0 0 0 0 0 0 0 
0 0.000614339 0.00122715 0.00180509 0.00230236 0.00267873 0.00291263 0.00300586 0.00296275 0.00277687 0.00241397 0.00187187 0.0011758 0.000368009 -0.000512101 -0.00143269 -0.00236055 -0.00328106 -0.00413243 -0.00487318 -0.005476 -0.00593416 -0.00623343 -0.00636015 -0.00633951 -0.0061692 -0.00588812 -0.00552356 -0.00510093 -0.00462756 -0.0041154 -0.00359582 -0.00309141 -0.00263083 -0.00221975 -0.00185538 -0.00153638 -0.00126227 -0.00102015 -0.000834448 -0.00068475 -0.000563432 -0.000454812 -0.00036498 -0.000303495 -0.00025487 -0.000232808 -0.00020998 -0.000194671 -0.000182051 -0.000170623 -0.000171506 -0.000192508 -0.000214271 -0.000249619 -0.000289353 -0.000343095 -0.000414882 -0.000507325 -0.000626221 -0.000757104 -0.000906678 -0.00106514 -0.00123994 -0.0014193 -0.00159852 -0.00176299 -0.00190069 -0.00196933 -0.00197435 -0.00190066 -0.00174112 -0.00149255 -0.00117725 -0.000797943 -0.000378041 6.12797e-05 0.00048667 0.000865199 0.00117644 0.00140241 0.00153272 0.00158154 0.00154499 0.00143344 0.0012926 0.00112335 0.000948825 0.000791353 0.000643582 0.000516705 0.000431583 0.000364432 0.0003243 0.000296061 0.000270053 0.000245606 0.000230865 0.000220009 0.000222879 0.000230928 0.000247699 0.000255631 0.00026518 0.000265548 0.000257749 0.000253422 0.000256808 0.000265024 0.000311795 0.00037879 0.000475052 0.000610032 0.00076459 0.000939079 0.00114053 0.00132461 0.00147798 0.00157303 0.00157752 0.00148832 0.00130451 0.00102696 0.000673612 0.00027029 -0.000151522 -0.000562356 -0.00095037 -0.00128099 -0.00153583 -0.00170114 -0.00177406 -0.00175646 -0.00169349 -0.00157967 -0.00142856 -0.00125502 -0.00107903 -0.000901511 -0.000731197 -0.00056425 -0.000431746 -0.00032196 -0.000229027 -0.000145969 -7.59635e-05 -2.81535e-05 1.07942e-05 3.20055e-05 4.58769e-05 5.50089e-05 6.15115e-05 7.12094e-05 7.85734e-05 5.525e-05 2.79359e-05 -1.58542e-05 -6.29817e-05 -0.000127191 -0.000220537 -0.000341787 -0.000497727 -0.000677323 -0.000893486 -0.00113992 -0.00143433 -0.00179137 -0.00220359 -0.00264634 -0.0031203 -0.00360404 -0.00408941 -0.00455292 -0.00496748 -0.00530588 -0.00553648 -0.0056595 -0.00564908 -0.00550145 -0.00517765 -0.00466562 -0.00399083 -0.00319138 -0.00230327 -0.00134486 -0.000350265 0.000664976 0.00165421 0.00256221 0.00335404 0.00402941 0.00458347 0.00500789 0.00531521 0.00551379 0.00561872 0.00565368 0.00565617 0.0056376 0.00561143 
0 0.00122715 0.00242316 0.00353697 0.00448339 0.00522246 0.00569041 0.00588187 0.00578323 0.00538322 0.00465639 0.00358805 0.00224735 0.000666101 -0.00106763 -0.00288698 -0.00471829 -0.0065033 -0.00817601 -0.00962535 -0.0108351 -0.0117478 -0.0123364 -0.0125956 -0.0125551 -0.0122574 -0.0117166 -0.01101 -0.0101635 -0.00921325 -0.00820827 -0.00718818 -0.00620507 -0.00528605 -0.00445348 -0.00371781 -0.00308593 -0.00254949 -0.0020851 -0.00170042 -0.00139667 -0.00113709 -0.000923107 -0.000759008 -0.000630792 -0.000536807 -0.000465032 -0.000413176 -0.00038468 -0.000373636 -0.000366432 -0.000375181 -0.000405113 -0.000449523 -0.000501524 -0.000581504 -0.000698606 -0.000842199 -0.00102485 -0.00122981 -0.00149288 -0.00181308 -0.00213999 -0.00248303 -0.00285124 -0.00320751 -0.00353143 -0.00376249 -0.00389765 -0.00392347 -0.00378238 -0.00347447 -0.0029926 -0.00234266 -0.00157702 -0.000742322 0.000126201 0.000971268 0.00173424 0.00235171 0.00281268 0.00308542 0.00317179 0.00309163 0.00288191 0.00257578 0.00223833 0.00190174 0.00158538 0.00129839 0.00107413 0.000885607 0.000746207 0.000653985 0.000575186 0.000516497 0.000496301 0.000470408 0.000473103 0.000485809 0.000482737 0.00049073 0.000503786 0.000500589 0.00052116 0.000529826 0.00052932 0.000539486 0.000564899 0.000623767 0.000756909 0.000952522 0.00121465 0.0015325 0.00190421 0.0022892 0.00266628 0.00297582 0.00314928 0.00315154 0.00297904 0.00260412 0.00205695 0.00135679 0.000551554 -0.000303197 -0.00113526 -0.00188843 -0.00253687 -0.00304069 -0.00335993 -0.00352234 -0.00352852 -0.00339485 -0.00316166 -0.0028484 -0.00250745 -0.00214352 -0.00177522 -0.00144507 -0.0011442 -0.000871187 -0.000650381 -0.000455892 -0.000299858 -0.000177384 -7.91208e-05 -4.78455e-06 5.22448e-05 9.77471e-05 0.000122211 0.000128186 0.000132883 0.000123651 8.95912e-05 3.14709e-05 -4.10863e-05 -0.000144735 -0.000287259 -0.000472403 -0.000712759 -0.00100077 -0.0013543 -0.00179342 -0.00230314 -0.00290335 -0.00361337 -0.00441521 -0.00529777 -0.00623618 -0.00721308 -0.00816921 -0.00906567 -0.00987024 -0.0105163 -0.010986 -0.0112142 -0.0111812 -0.0108552 -0.0101938 -0.00919576 -0.00787688 -0.00632183 -0.0045567 -0.00265842 -0.000694597 0.00129274 0.003223 0.00501674 0.00659224 0.00794928 0.00905738 0.00990894 0.0105342 0.0109517 0.0111883 0.0112809 0.011303 0.0112781 0.0112354 
0 0.00180509 0.00353697 0.00510867 0.0064505 0.00750359 0.00819855 0.00847661 0.00830154 0.00767303 0.00656848 0.00502308 0.00308419 0.000808425 -0.00172088 -0.00438389 -0.00704235 -0.00963837 -0.012042 -0.0141679 -0.0159356 -0.0172874 -0.0181664 -0.0185561 -0.0185467 -0.0181382 -0.0173969 -0.0163711 -0.0151345 -0.0137478 -0.0122789 -0.0108091 -0.00937208 -0.00801802 -0.00677316 -0.00566449 -0.00471463 -0.00391572 -0.00320799 -0.00263023 -0.00214145 -0.00174469 -0.00141828 -0.00116735 -0.000987347 -0.000824616 -0.000717893 -0.000625386 -0.000581179 -0.000567603 -0.000559724 -0.000567943 -0.000610837 -0.000655281 -0.00074704 -0.000872755 -0.00104786 -0.00126796 -0.00153338 -0.00186331 -0.00224198 -0.00269586 -0.00319507 -0.00374071 -0.00428626 -0.00480811 -0.00527108 -0.00564962 -0.00584781 -0.00587204 -0.0056692 -0.00520677 -0.00447053 -0.00352016 -0.00237912 -0.00112248 0.000182859 0.00144504 0.00257441 0.00351047 0.00420056 0.00460683 0.00475487 0.00463767 0.00429454 0.00385643 0.00334948 0.00284239 0.0023904 0.00197029 0.00160379 0.00133613 0.00111483 0.000968522 0.000867235 0.000792016 0.00073994 0.000719302 0.0007069 0.000716205 0.000723633 0.000744175 0.000746025 0.000762312 0.000773393 0.000775826 0.00078862 0.00081405 0.000843164 0.000963216 0.00114535 0.00142271 0.00182467 0.00230257 0.00284633 0.00345436 0.00400431 0.00444863 0.00471099 0.00471102 0.00444023 0.00389177 0.00306741 0.00201277 0.000802379 -0.000465333 -0.00169461 -0.00283815 -0.0038047 -0.00455001 -0.00504408 -0.00528286 -0.00526633 -0.00509327 -0.00474948 -0.00427708 -0.00373549 -0.00319577 -0.00267267 -0.00218428 -0.00170885 -0.00131206 -0.000971605 -0.000682788 -0.000440329 -0.000251931 -0.000125073 -1.11882e-05 7.54679e-05 0.000147632 0.000188622 0.000192678 0.000185486 0.000175303 0.000108826 4.07073e-05 -8.13631e-05 -0.000243896 -0.0004722 -0.000771545 -0.0011258 -0.00156438 -0.00209379 -0.00276434 -0.00354772 -0.00445713 -0.00551056 -0.00669742 -0.00798308 -0.00937611 -0.0108019 -0.0121993 -0.0134925 -0.0146313 -0.0155697 -0.0162245 -0.0165499 -0.0164485 -0.0159206 -0.0149187 -0.0134475 -0.0115527 -0.00928326 -0.00670682 -0.0039091 -0.00103492 0.00185079 0.00465495 0.0072706 0.00960811 0.011632 0.0132985 0.014587 0.0155499 0.0162213 0.016631 0.0168294 0.0169113 0.0169147 0.0168818 
0 0.00230236 0.00448339 0.0064505 0.00810711 0.00942291 0.0102852 0.0106202 0.0103616 0.0095033 0.00806218 0.00606309 0.00360408 0.000705956 -0.00251027 -0.00590599 -0.0093162 -0.0126205 -0.0157063 -0.0184076 -0.0206818 -0.022427 -0.0235899 -0.0241635 -0.0241978 -0.0237423 -0.0228151 -0.0215371 -0.0199774 -0.0182194 -0.0163563 -0.0144607 -0.0126077 -0.0108433 -0.00920889 -0.00773715 -0.0064547 -0.005355 -0.00440084 -0.00360186 -0.00295613 -0.00241138 -0.00196654 -0.00162349 -0.00135453 -0.00114639 -0.00098661 -0.000868926 -0.000799571 -0.000764291 -0.000740817 -0.000750957 -0.000805261 -0.00089105 -0.00099974 -0.00116238 -0.00139599 -0.00168782 -0.00205409 -0.00247465 -0.00299681 -0.00362109 -0.00427159 -0.00495922 -0.00568869 -0.00639698 -0.0070382 -0.00751084 -0.0077857 -0.00782927 -0.00754726 -0.00692926 -0.00596735 -0.00468312 -0.00316598 -0.00150449 0.000223323 0.00190301 0.00341505 0.00464651 0.00556177 0.00610892 0.00629292 0.00614749 0.00573936 0.00514644 0.00447937 0.00380694 0.0031733 0.00260047 0.00214337 0.00177325 0.00150103 0.00131987 0.00117116 0.00105749 0.00100164 0.000945982 0.000937906 0.00095465 0.000956331 0.000978425 0.00100515 0.00100722 0.00103658 0.00104615 0.00104451 0.00106675 0.00112595 0.0012633 0.00153701 0.0019352 0.00246223 0.00309514 0.00382376 0.00458406 0.00531812 0.00591772 0.0062554 0.00625502 0.00589913 0.00514944 0.0040531 0.00265856 0.00105918 -0.000633067 -0.00228414 -0.00378625 -0.00507417 -0.00606968 -0.00670626 -0.00702055 -0.00702421 -0.00676082 -0.00629793 -0.00568074 -0.00500142 -0.00428282 -0.00355891 -0.00289611 -0.00228666 -0.00174202 -0.001295 -0.000907363 -0.000591977 -0.000343347 -0.000149133 -4.85607e-06 0.000103651 0.000187369 0.000232641 0.000240859 0.000238354 0.000208732 0.000130977 9.03479e-06 -0.000153436 -0.000382882 -0.000693561 -0.00109052 -0.00159117 -0.00219289 -0.00293147 -0.00384021 -0.00489315 -0.00611123 -0.00751587 -0.00907329 -0.0107574 -0.0125317 -0.0143556 -0.0161275 -0.0177693 -0.0192206 -0.0203765 -0.0211867 -0.0215284 -0.0213444 -0.0205974 -0.019256 -0.0173462 -0.0148931 -0.0119918 -0.00867079 -0.00507685 -0.00137467 0.00233014 0.00591713 0.00928295 0.0123095 0.0149709 0.0171878 0.0189352 0.0202687 0.0212335 0.0218726 0.0222401 0.022447 0.0225311 0.0225466 
0 0.00267873 0.00522246 0.00750359 0.00942291 0.0109089 0.0118625 0.0121887 0.0118265 0.0107697 0.00901485 0.006626 0.00368783 0.000277054 -0.00349875 -0.00748708 -0.0115043 -0.0154306 -0.0190719 -0.0222825 -0.0249701 -0.0270745 -0.0285321 -0.0293049 -0.0294532 -0.028969 -0.0279348 -0.0264575 -0.024651 -0.0225978 -0.0203837 -0.0181191 -0.0158807 -0.0137469 -0.0117574 -0.00994046 -0.00832799 -0.00692879 -0.00570253 -0.00469563 -0.00385985 -0.00316863 -0.00258846 -0.00212536 -0.00177614 -0.00149024 -0.00129485 -0.00113863 -0.00104079 -0.000980645 -0.000940394 -0.000945425 -0.00101783 -0.00111402 -0.00126485 -0.00146562 -0.00174382 -0.00210633 -0.00255997 -0.00311553 -0.00375902 -0.00450871 -0.00532372 -0.00620402 -0.00710214 -0.007975 -0.0087582 -0.00938126 -0.00972018 -0.00975216 -0.00940084 -0.00862612 -0.00741819 -0.00584993 -0.00397377 -0.00190012 0.000256977 0.00234821 0.00422246 0.00576796 0.00690716 0.00758816 0.00783676 0.00766313 0.007137 0.00642447 0.00559808 0.00475957 0.00398807 0.00328121 0.00268004 0.00223084 0.0018828 0.00165037 0.00148406 0.00135505 0.00126031 0.00120357 0.00117289 0.00117998 0.0011961 0.00123281 0.00125146 0.00127463 0.00128856 0.00128748 0.00129827 0.00133761 0.00141199 0.00162106 0.00195285 0.00243877 0.00310382 0.00389261 0.0047852 0.00575535 0.00665146 0.00737415 0.0077912 0.00778242 0.00731891 0.0063877 0.00501203 0.00326941 0.00127899 -0.00080726 -0.00284086 -0.00472542 -0.00632765 -0.00756238 -0.00837222 -0.00875481 -0.00873006 -0.00842199 -0.00785287 -0.00709046 -0.0062221 -0.00533443 -0.00445767 -0.00362783 -0.00284072 -0.00217484 -0.00161774 -0.00114702 -0.000746642 -0.000422992 -0.000188251 -3.24631e-06 0.000123964 0.000217101 0.000268319 0.000277981 0.000269982 0.000235208 0.000111102 -5.02753e-05 -0.000287435 -0.000587545 -0.000983956 -0.00150029 -0.00213898 -0.00293092 -0.00388087 -0.00503084 -0.00635199 -0.00787179 -0.00961495 -0.0115423 -0.0135814 -0.0157111 -0.0178548 -0.0199438 -0.0218791 -0.0235636 -0.0248918 -0.0257472 -0.0260598 -0.0257345 -0.0247678 -0.0231111 -0.0207785 -0.0178365 -0.0143599 -0.0104279 -0.00616133 -0.00175679 0.00266303 0.00695544 0.0109815 0.01464 0.0178902 0.0206603 0.0228994 0.0246512 0.0259653 0.02689 0.0274954 0.027888 0.0281057 0.0282036 
0 0.00291263 0.00569041 0.00819855 0.0102852 0.0118625 0.0128132 0.013073 0.0125944 0.0113567 0.00935667 0.006635 0.00331862 -0.000507393 -0.00470711 -0.00913591 -0.0136225 -0.0180072 -0.0221024 -0.0257121 -0.0287676 -0.0311897 -0.0329155 -0.033905 -0.0341762 -0.0337511 -0.0326799 -0.0311017 -0.0291223 -0.0268387 -0.024357 -0.0217872 -0.0192294 -0.0167586 -0.0144254 -0.012272 -0.0103399 -0.00864137 -0.00715814 -0.0059077 -0.00487484 -0.00400679 -0.00328789 -0.00271563 -0.00226357 -0.00190348 -0.00162906 -0.00142428 -0.00129299 -0.00121487 -0.00116782 -0.00117398 -0.00124523 -0.00136368 -0.0015289 -0.00176978 -0.00210874 -0.00254241 -0.00308159 -0.00372261 -0.00449819 -0.0054113 -0.00639364 -0.00743684 -0.00851683 -0.0095586 -0.0104872 -0.0111922 -0.0115985 -0.0116464 -0.011231 -0.0103129 -0.00888567 -0.00699761 -0.00475584 -0.00228746 0.000275986 0.00276695 0.00500939 0.0068565 0.00822808 0.00906005 0.00935529 0.00915463 0.00855286 0.00769127 0.0067106 0.00572122 0.00479344 0.00395775 0.00326496 0.0027119 0.00229348 0.00200219 0.00178171 0.00162147 0.00152838 0.00146231 0.00144302 0.00145206 0.00145297 0.00146997 0.00148764 0.00149638 0.00152742 0.00155035 0.00157377 0.00162839 0.00173651 0.00196552 0.00237067 0.00296522 0.00375673 0.00471016 0.00579205 0.00692392 0.00798779 0.0088372 0.00930575 0.0092781 0.0087143 0.00758739 0.00594464 0.00387045 0.00149996 -0.00099624 -0.00343368 -0.00566046 -0.0075583 -0.00902073 -0.00997606 -0.0104438 -0.0104528 -0.0100771 -0.00939218 -0.00847747 -0.00745113 -0.00638066 -0.005319 -0.00433018 -0.00341894 -0.00261789 -0.00194764 -0.00137708 -0.000905789 -0.000530776 -0.000242336 -2.61731e-05 0.000133878 0.000249374 0.000308353 0.000310372 0.000279516 0.000202048 4.79064e-05 -0.000172423 -0.000466825 -0.000855156 -0.00136082 -0.00200173 -0.00280011 -0.00376938 -0.00494329 -0.00634753 -0.00795641 -0.00978574 -0.0118491 -0.0140946 -0.0164561 -0.0188796 -0.0213036 -0.0236331 -0.0257685 -0.0276041 -0.0289987 -0.0298543 -0.0300625 -0.0295727 -0.0283635 -0.0263986 -0.0236949 -0.0203085 -0.0163557 -0.0119076 -0.00711252 -0.00214347 0.00286352 0.00774604 0.0123531 0.016565 0.0203552 0.023648 0.0263923 0.0286076 0.0303311 0.0316137 0.0325248 0.0331709 0.0335825 0.0338128 
0 0.00300586 0.00588187 0.00847661 0.0106202 0.0121887 0.013073 0.0132194 0.0125996 0.0111937 0.00899188 0.00603893 0.00245002 -0.00166313 -0.00616133 -0.0108871 -0.0156689 -0.0203493 -0.0247402 -0.0286649 -0.0320235 -0.0347244 -0.0366867 -0.0378714 -0.0383028 -0.0379948 -0.0369923 -0.0354018 -0.0333361 -0.0309102 -0.0282473 -0.0254659 -0.0226573 -0.0198963 -0.017248 -0.0147758 -0.0125359 -0.0105446 -0.00878569 -0.00727798 -0.00600892 -0.00494728 -0.00407388 -0.00337653 -0.00282126 -0.00236766 -0.00201341 -0.00174672 -0.00157149 -0.00146518 -0.0014025 -0.00139673 -0.00146205 -0.00158605 -0.00178168 -0.00207006 -0.00246902 -0.00297915 -0.00360697 -0.00435917 -0.0052553 -0.00630083 -0.00744846 -0.00867141 -0.00992085 -0.0111224 -0.0121907 -0.0130165 -0.0134923 -0.0135396 -0.0130576 -0.0119899 -0.0103332 -0.00815422 -0.00556088 -0.00269762 0.000272073 0.00315365 0.00574875 0.00789674 0.0094937 0.0104729 0.0108345 0.0106187 0.00993407 0.0089525 0.00782515 0.00668128 0.00560755 0.00463988 0.00382497 0.00318219 0.00269623 0.00235415 0.00210577 0.00192417 0.00180291 0.00172344 0.00168734 0.00168518 0.00169143 0.00171171 0.00172899 0.00174441 0.00176823 0.00178978 0.00182443 0.00189818 0.00204222 0.00233233 0.00281241 0.00350963 0.00443351 0.00554284 0.00679164 0.00809657 0.00930775 0.0102615 0.0107814 0.0107326 0.0100596 0.00874414 0.00683098 0.00442146 0.00167414 -0.0012104 -0.00402792 -0.00660881 -0.00880113 -0.0104866 -0.011595 -0.0121309 -0.0121372 -0.0117081 -0.0109188 -0.00986219 -0.00866293 -0.00742225 -0.0062039 -0.00505624 -0.00399357 -0.00305964 -0.00226834 -0.001599 -0.00104602 -0.00061129 -0.000285765 -4.07792e-05 0.000141966 0.000272378 0.000334467 0.000324574 0.000264275 0.000148272 -5.00923e-05 -0.000322853 -0.000693013 -0.00118371 -0.00182199 -0.00262268 -0.00359656 -0.00476722 -0.00617235 -0.00784129 -0.00974673 -0.0118796 -0.0142304 -0.016746 -0.0193637 -0.022032 -0.0246684 -0.0271623 -0.0293972 -0.0312638 -0.0326397 -0.0334137 -0.0334834 -0.0327872 -0.0313155 -0.0290516 -0.0260171 -0.0222779 -0.0179374 -0.0130931 -0.00789306 -0.00250702 0.00293375 0.00827854 0.013366 0.0180723 0.0223477 0.0261278 0.0293685 0.032077 0.0342732 0.0359857 0.0372751 0.0382337 0.0388975 0.0393078 
0 0.00296275 0.00578323 0.00830154 0.0103616 0.0118265 0.0125944 0.0125996 0.0118196 0.0102483 0.00789237 0.0048048 0.00106876 -0.0031974 -0.00785617 -0.0127296 -0.0176454 -0.0224607 -0.027008 -0.0311416 -0.0347247 -0.0376494 -0.0398195 -0.0412001 -0.0418179 -0.0416756 -0.0408134 -0.0393015 -0.0372536 -0.0347893 -0.0320335 -0.0291093 -0.0261065 -0.0231102 -0.0201975 -0.0174432 -0.0149086 -0.0126195 -0.0105779 -0.00881064 -0.00730461 -0.00604025 -0.00498962 -0.00413628 -0.00345398 -0.00289841 -0.00246447 -0.00213278 -0.0018996 -0.00174473 -0.00165217 -0.0016331 -0.00170024 -0.00183756 -0.00206082 -0.00238426 -0.00283004 -0.00341092 -0.00412813 -0.00499928 -0.00602543 -0.00720352 -0.00850219 -0.00988554 -0.0112971 -0.0126644 -0.013877 -0.0148205 -0.0153597 -0.0153996 -0.0148467 -0.0136321 -0.0117559 -0.00929632 -0.00636283 -0.00311622 0.000251125 0.0035195 0.0064636 0.00890662 0.0107207 0.0118418 0.0122705 0.0120536 0.0113078 0.0102231 0.00895661 0.00765613 0.00642703 0.00532339 0.00438958 0.00366406 0.00311907 0.00273043 0.00245209 0.00224456 0.00208909 0.00199111 0.00193481 0.00191947 0.00193011 0.00195417 0.0019737 0.0019985 0.00201617 0.00203577 0.00207725 0.0021675 0.00235104 0.00271066 0.00327963 0.00409278 0.00515131 0.00641019 0.0078111 0.00927036 0.0106161 0.0116683 0.0122352 0.0121611 0.0113713 0.00985973 0.00767328 0.00493585 0.00182515 -0.00143426 -0.00461962 -0.00754262 -0.010023 -0.0119282 -0.0131877 -0.0137896 -0.0137898 -0.0132994 -0.012405 -0.0112226 -0.00987189 -0.00846869 -0.00708587 -0.00576956 -0.00455472 -0.00349379 -0.00259039 -0.00183449 -0.00120664 -0.000707554 -0.000332967 -5.37171e-05 0.000143567 0.000271087 0.00032284 0.000299326 0.000213598 5.7827e-05 -0.000198342 -0.00054828 -0.00101731 -0.00162173 -0.00239521 -0.00336151 -0.00452976 -0.00592836 -0.00758318 -0.00951417 -0.0116977 -0.0141094 -0.0167206 -0.0194738 -0.0222987 -0.0251414 -0.0279037 -0.0304693 -0.0327096 -0.0345108 -0.0357748 -0.0363883 -0.0362669 -0.0353392 -0.0336002 -0.0310546 -0.0277359 -0.0237231 -0.0190986 -0.0139764 -0.00849754 -0.00282833 0.00290425 0.0085762 0.0140375 0.0191676 0.0238815 0.0281162 0.0318378 0.0350498 0.0377572 0.0399581 0.0416883 0.0430132 0.0439733 0.0445973 
0 0.00277687 0.00538322 0.00767303 0.0095033 0.0107697 0.0113567 0.0111937 0.0102483 0.00852347 0.00606808 0.00291677 -0.000843893 -0.00512771 -0.00978479 -0.0146426 -0.0195524 -0.0243584 -0.0289477 -0.0331558 -0.0368655 -0.0399445 -0.0423 -0.0438995 -0.0447153 -0.0447808 -0.0441018 -0.0427605 -0.0408383 -0.0384375 -0.0356766 -0.0326672 -0.0295324 -0.026365 -0.023249 -0.0202603 -0.0174569 -0.014875 -0.0125651 -0.0105302 -0.00879317 -0.00730453 -0.00605284 -0.00502132 -0.00417882 -0.00351625 -0.00298116 -0.00257695 -0.00227432 -0.00206189 -0.00193484 -0.00190391 -0.00196314 -0.00212249 -0.00235845 -0.00271275 -0.00320471 -0.00384808 -0.00465426 -0.00562278 -0.00678256 -0.00810777 -0.00955794 -0.0110907 -0.0126724 -0.0141984 -0.0155522 -0.0165773 -0.0171784 -0.0172179 -0.0165907 -0.0152364 -0.0131634 -0.0104176 -0.00715636 -0.00354606 0.000202407 0.00384585 0.00713885 0.00987329 0.0119131 0.013189 0.0136786 0.0134583 0.0126693 0.0114672 0.0100729 0.00863791 0.00725923 0.00603024 0.00500383 0.00417301 0.00356178 0.00311727 0.00279028 0.00255315 0.00239119 0.00227158 0.00221289 0.00218873 0.00218438 0.0021905 0.00221234 0.00222185 0.00224883 0.00228771 0.00234499 0.00246291 0.00270562 0.00310899 0.0037684 0.00469769 0.00587878 0.00729189 0.00886374 0.0104567 0.0119359 0.0130754 0.013661 0.0135439 0.0126329 0.0109165 0.00846411 0.00540992 0.00195364 -0.00167161 -0.00522171 -0.00845596 -0.0112125 -0.0133333 -0.0147306 -0.0154052 -0.015429 -0.0148698 -0.0138721 -0.0125562 -0.0110669 -0.00949719 -0.00793931 -0.00646088 -0.00512062 -0.0039298 -0.00292296 -0.00207757 -0.00138277 -0.000827934 -0.000392642 -8.33471e-05 0.000132387 0.000253716 0.000287541 0.000243031 0.000124407 -9.24399e-05 -0.000410918 -0.000871534 -0.00145163 -0.00219064 -0.00311154 -0.00424467 -0.00562875 -0.00726463 -0.00918415 -0.011367 -0.0138003 -0.0164551 -0.0192927 -0.0222452 -0.0252378 -0.0281728 -0.0309712 -0.0335044 -0.035658 -0.0373187 -0.0383739 -0.0387549 -0.0383663 -0.037192 -0.0351961 -0.0324023 -0.0288566 -0.0246307 -0.0198332 -0.014551 -0.00893253 -0.00310285 0.00280498 0.00868103 0.0144098 0.0198703 0.024974 0.029638 0.0338334 0.0375479 0.0407734 0.0434933 0.0457055 0.0474403 0.0487223 0.0495723 
0 0.00241397 0.00465639 0.00656848 0.00806218 0.00901485 0.00935667 0.00899188 0.00789237 0.00606808 0.0035527 0.000424141 -0.00327857 -0.00743023 -0.0119297 -0.0166241 -0.0213845 -0.0260862 -0.0305755 -0.0347559 -0.0384699 -0.041635 -0.0441491 -0.045946 -0.0469927 -0.0472751 -0.0468517 -0.0457474 -0.0440407 -0.0418016 -0.0391226 -0.0361283 -0.0329408 -0.0296683 -0.0264019 -0.0232171 -0.0201795 -0.0173445 -0.0147605 -0.0124669 -0.0104528 -0.00872696 -0.00725938 -0.00603177 -0.00503283 -0.00422138 -0.00357393 -0.00307054 -0.00269073 -0.00242273 -0.00226103 -0.00219774 -0.00224087 -0.00238255 -0.0026524 -0.00304834 -0.00358888 -0.00430156 -0.00518411 -0.00626993 -0.00754197 -0.00898439 -0.010603 -0.0123224 -0.0140516 -0.0157172 -0.0171819 -0.018327 -0.0189799 -0.0190078 -0.018324 -0.0168349 -0.0145421 -0.0115447 -0.00796169 -0.0039884 0.00012697 0.00412248 0.00774307 0.0107748 0.0130437 0.0144747 0.0150537 0.0148387 0.0139783 0.0126939 0.0111766 0.00960432 0.00811029 0.00676961 0.00561357 0.00470346 0.00400919 0.00349367 0.00313882 0.00288391 0.00268527 0.00257301 0.0024924 0.0024444 0.00243956 0.0024345 0.00242971 0.00245515 0.00247044 0.00251554 0.00261193 0.00277149 0.00305844 0.0035519 0.00428293 0.005308 0.00662699 0.00819162 0.00991097 0.0116692 0.0132536 0.0144437 0.0150382 0.0148632 0.0138178 0.0119129 0.0092025 0.0058356 0.00202986 -0.00194522 -0.00582776 -0.00938968 -0.0124008 -0.0147125 -0.016258 -0.0170019 -0.017016 -0.0164256 -0.0153369 -0.0138974 -0.0122291 -0.0104952 -0.00879949 -0.00717401 -0.00568488 -0.00437933 -0.00325241 -0.00231657 -0.001541 -0.000925827 -0.000468398 -0.000128724 9.73609e-05 0.000219877 0.000239291 0.000161796 -1.45517e-05 -0.000297502 -0.000709193 -0.0012612 -0.00197688 -0.00286608 -0.00396594 -0.0053118 -0.006914 -0.00880623 -0.0109753 -0.013406 -0.0160749 -0.0189405 -0.0219522 -0.0250456 -0.0281223 -0.0310862 -0.0338222 -0.036233 -0.0382072 -0.0396276 -0.0404207 -0.0404831 -0.0398032 -0.0383458 -0.0361098 -0.0331108 -0.0293807 -0.0250286 -0.0201258 -0.0148102 -0.00916165 -0.00328877 0.00268932 0.00867552 0.0145525 0.0202511 0.0256596 0.0307187 0.0353665 0.0395637 0.0432919 0.0465193 0.0492349 0.0514024 0.053032 0.0541191 
0 0.00187187 0.00358805 0.00502308 0.00606309 0.006626 0.006635 0.00603893 0.0048048 0.00291677 0.000424141 -0.00262976 -0.00615539 -0.0100712 -0.0142778 -0.0186783 -0.0231879 -0.0276433 -0.0319493 -0.0359742 -0.0396253 -0.0427984 -0.0454039 -0.0473816 -0.0486357 -0.0491967 -0.0490587 -0.0482546 -0.0468182 -0.0448118 -0.0423252 -0.0394462 -0.0363003 -0.0329888 -0.0296127 -0.0262767 -0.0230519 -0.0199887 -0.0171703 -0.0145904 -0.0123106 -0.0103207 -0.00862973 -0.00720757 -0.00601476 -0.00505391 -0.00425498 -0.00364201 -0.00317436 -0.00283836 -0.00262607 -0.00252936 -0.0025333 -0.0026821 -0.0029535 -0.00338677 -0.00398778 -0.0047674 -0.00573429 -0.00690242 -0.00830475 -0.00989966 -0.0116573 -0.0135071 -0.0154027 -0.0172176 -0.0188148 -0.0200226 -0.020738 -0.0207761 -0.0200223 -0.0184023 -0.0159292 -0.0126457 -0.00875102 -0.0044429 2.46263e-05 0.00436834 0.00831389 0.0116187 0.0141049 0.0156944 0.016347 0.0161612 0.0153031 0.0139278 0.0123012 0.0106018 0.0089482 0.00747836 0.00624393 0.00523099 0.00448208 0.0039215 0.0035105 0.00321682 0.0030105 0.00285681 0.00276856 0.00271148 0.00268389 0.00266295 0.00267239 0.0026767 0.00270752 0.00277353 0.00287655 0.00306563 0.00342742 0.00397391 0.0048228 0.00598639 0.00742807 0.00913538 0.011003 0.0128498 0.0145316 0.0157809 0.0163683 0.0161349 0.0149625 0.0128516 0.00988164 0.00621332 0.00208508 -0.00223958 -0.00647325 -0.0103118 -0.0135722 -0.0160747 -0.017733 -0.0185445 -0.018595 -0.017938 -0.016753 -0.0151884 -0.0134069 -0.0115173 -0.00964311 -0.00786424 -0.006265 -0.00482711 -0.0035858 -0.00254424 -0.00170287 -0.00104766 -0.000544108 -0.000196004 4.01575e-05 0.000151221 0.000147348 3.03474e-05 -0.000212177 -0.000592914 -0.00108615 -0.00176393 -0.00260472 -0.00367162 -0.00498249 -0.0065517 -0.00840787 -0.0105344 -0.0129517 -0.0156085 -0.0184943 -0.0215432 -0.0246757 -0.0278238 -0.0309083 -0.0338008 -0.036411 -0.0386101 -0.0403092 -0.0414194 -0.0418638 -0.0416059 -0.040594 -0.0388622 -0.0363788 -0.0331953 -0.0293582 -0.0249347 -0.0200331 -0.0147425 -0.00916404 -0.00333915 0.0026165 0.00860797 0.0145564 0.020386 0.026028 0.0314099 0.0364689 0.0411177 0.0453093 0.0490194 0.0522056 0.0548048 0.0567804 0.0581154 
0 0.0011758 0.00224735 0.00308419 0.00360408 0.00368783 0.00331862 0.00245002 0.00106876 -0.000843893 -0.00327857 -0.00615539 -0.00943775 -0.0130145 -0.0168455 -0.0208583 -0.0249792 -0.0290909 -0.0330766 -0.0368865 -0.0403836 -0.0434966 -0.0461364 -0.0482379 -0.0497238 -0.0505608 -0.0507556 -0.0502715 -0.0491495 -0.0474436 -0.0452184 -0.0425424 -0.0395165 -0.0362415 -0.0328365 -0.0294099 -0.026043 -0.0228033 -0.0197577 -0.0169446 -0.0143895 -0.012145 -0.0102041 -0.00854139 -0.00714679 -0.00599978 -0.00505966 -0.00431926 -0.00374092 -0.003315 -0.00304001 -0.0028938 -0.00287857 -0.00300399 -0.00329857 -0.00375239 -0.0043822 -0.00522422 -0.00627943 -0.00757376 -0.00908485 -0.0107802 -0.0126844 -0.0147024 -0.0167309 -0.0186814 -0.0203956 -0.0217236 -0.0224766 -0.0224859 -0.0216619 -0.0199136 -0.0172436 -0.0137467 -0.00956353 -0.00491815 -0.000104223 0.00457169 0.00882846 0.0124086 0.0151109 0.0168517 0.0176079 0.0174559 0.0165653 0.0151452 0.0134224 0.0115953 0.00982773 0.00823811 0.0068708 0.00578355 0.00496115 0.00434179 0.0039111 0.00359438 0.00333756 0.00317081 0.00304365 0.00295557 0.00293244 0.00291354 0.00290799 0.00293248 0.00294771 0.00300693 0.00314275 0.00337827 0.00380086 0.00446549 0.00541191 0.0066825 0.00826078 0.0100989 0.0120838 0.0140609 0.0158142 0.0170855 0.0176607 0.0173528 0.0160359 0.0137239 0.010496 0.0065268 0.00207747 -0.00255459 -0.00707444 -0.0112112 -0.0147093 -0.0173987 -0.0192001 -0.0200731 -0.0200976 -0.0194013 -0.0181345 -0.016469 -0.0145335 -0.0125019 -0.0105006 -0.00857261 -0.00681516 -0.00526038 -0.00391474 -0.00280144 -0.00189013 -0.00117344 -0.000645427 -0.000269093 -4.27311e-05 4.38508e-05 -7.79318e-07 -0.000170507 -0.000485307 -0.000952434 -0.0015714 -0.0023811 -0.00340258 -0.00466289 -0.00619093 -0.00800198 -0.0100897 -0.0124682 -0.0151024 -0.0179589 -0.021013 -0.0241885 -0.0273869 -0.0305333 -0.0335379 -0.0362897 -0.0386767 -0.0405926 -0.0419475 -0.0426662 -0.0427347 -0.0420991 -0.0407739 -0.0387482 -0.0360329 -0.0326996 -0.0288019 -0.0244187 -0.0195789 -0.0144047 -0.00894331 -0.00324645 0.00259683 0.0085244 0.0144639 0.0203821 0.0261772 0.0318146 0.0372105 0.0422548 0.0468718 0.0510028 0.0546058 0.0575725 0.0598658 0.0614302 
0 0.000368009 0.000666101 0.000808425 0.000705956 0.000277054 -0.000507393 -0.00166313 -0.0031974 -0.00512771 -0.00743023 -0.0100712 -0.0130145 -0.0162031 -0.0195929 -0.0231366 -0.0267888 -0.0304441 -0.0340534 -0.037552 -0.0408345 -0.043813 -0.0464263 -0.0486269 -0.0502999 -0.0514142 -0.0519259 -0.0517971 -0.051039 -0.0496878 -0.0477855 -0.0453705 -0.0425408 -0.0393965 -0.0360424 -0.0325904 -0.0291247 -0.0257285 -0.0225067 -0.0194742 -0.0166894 -0.0141847 -0.0119821 -0.0100676 -0.00843589 -0.00709788 -0.00598559 -0.00509858 -0.00439173 -0.00385833 -0.00350488 -0.00331451 -0.00326548 -0.00338828 -0.00367384 -0.00414043 -0.00480699 -0.00570211 -0.00683258 -0.00821436 -0.00984871 -0.0116882 -0.0137232 -0.0158717 -0.0180567 -0.0201445 -0.0219696 -0.0233527 -0.0241459 -0.0241525 -0.0232599 -0.0213922 -0.0185573 -0.0148112 -0.010352 -0.00540969 -0.000278272 0.00471929 0.00928249 0.0131344 0.0160585 0.017962 0.018808 0.0187006 0.017818 0.016336 0.0145258 0.012595 0.0107021 0.0090058 0.0075604 0.00637383 0.00547411 0.00478878 0.00429111 0.00393538 0.00367447 0.00348665 0.00335667 0.0032572 0.0031975 0.00314613 0.0031305 0.00313517 0.00317212 0.00326986 0.00343992 0.00372891 0.00422875 0.00495888 0.00601334 0.0074113 0.00911321 0.0110889 0.0132073 0.0152674 0.0170835 0.0183736 0.0189052 0.0185023 0.0170343 0.0145144 0.0110367 0.00679157 0.00205362 -0.00288711 -0.0077143 -0.0120999 -0.0158187 -0.0186798 -0.0205913 -0.0215361 -0.0215937 -0.0208464 -0.0194886 -0.0177048 -0.0156596 -0.0134854 -0.0113168 -0.00924346 -0.00737378 -0.00570593 -0.00426377 -0.00306648 -0.00210021 -0.00134128 -0.00076493 -0.000372783 -0.000149509 -0.000101061 -0.000199674 -0.000435983 -0.000837466 -0.00141923 -0.00216813 -0.00315321 -0.00436437 -0.00584167 -0.00759325 -0.00962488 -0.0119538 -0.0145613 -0.0174149 -0.020438 -0.0236079 -0.0268451 -0.0300435 -0.0331229 -0.0359847 -0.038498 -0.0405762 -0.0421238 -0.0430813 -0.0433946 -0.0430471 -0.0420356 -0.0403665 -0.0380732 -0.0351531 -0.0317048 -0.027803 -0.0234872 -0.0187841 -0.0137588 -0.00847312 -0.00295379 0.00271723 0.00850286 0.0143846 0.0203165 0.0262056 0.0319956 0.0376249 0.0429736 0.0479354 0.0524261 0.056359 0.059629 0.0621801 0.0639455 
0 -0.000512101 -0.00106763 -0.00172088 -0.00251027 -0.00349875 -0.00470711 -0.00616133 -0.00785617 -0.00978479 -0.0119297 -0.0142778 -0.0168455 -0.0195929 -0.0224922 -0.0255094 -0.0286228 -0.0317747 -0.0349303 -0.0380521 -0.0410389 -0.0438284 -0.0463756 -0.0486216 -0.0504422 -0.0517836 -0.0526052 -0.0528429 -0.0524789 -0.0515193 -0.0499824 -0.0478944 -0.0453434 -0.0424133 -0.0391941 -0.0357851 -0.0322807 -0.0287868 -0.0254106 -0.0221871 -0.0191668 -0.0164109 -0.0139492 -0.0117776 -0.00990477 -0.00834296 -0.00703902 -0.00598545 -0.00514062 -0.00449586 -0.00405211 -0.00378377 -0.00367886 -0.00376576 -0.00405569 -0.00454556 -0.00525034 -0.00620188 -0.00741003 -0.00888716 -0.0106231 -0.0125809 -0.014762 -0.0170641 -0.0193753 -0.0215722 -0.0234958 -0.024967 -0.0258011 -0.0257983 -0.0248415 -0.0228536 -0.0198389 -0.0158766 -0.0111524 -0.00591637 -0.000484914 0.00480637 0.00965574 0.0137699 0.0169185 0.0189911 0.0199522 0.0198976 0.0190141 0.0174992 0.0156197 0.013595 0.011606 0.00980392 0.00824929 0.00697192 0.00598794 0.00523696 0.00469909 0.00431267 0.00402214 0.00381436 0.00365734 0.00353246 0.00345639 0.00339146 0.0033609 0.00336563 0.00340445 0.00351719 0.00373116 0.00408523 0.00466597 0.00550255 0.00666174 0.00816837 0.00999522 0.0120947 0.0143263 0.0164795 0.0183353 0.0196095 0.0200795 0.0195667 0.0179449 0.0152261 0.011512 0.00699592 0.00196804 -0.00326114 -0.00836129 -0.0130038 -0.0169279 -0.0199445 -0.0219636 -0.0229661 -0.0230265 -0.0222531 -0.0208314 -0.0189465 -0.0167617 -0.0144456 -0.0121448 -0.00994291 -0.007944 -0.00616028 -0.00461334 -0.00332856 -0.00229392 -0.00149176 -0.000904943 -0.000515303 -0.000315862 -0.000302366 -0.000453488 -0.00076562 -0.00127175 -0.00198299 -0.00288997 -0.00405044 -0.00547105 -0.00717949 -0.00917599 -0.0114534 -0.0140122 -0.0168373 -0.0198668 -0.0230198 -0.0262549 -0.0294881 -0.0326108 -0.0355405 -0.0381734 -0.0403768 -0.0420695 -0.0431909 -0.0437136 -0.0436014 -0.0428429 -0.0414355 -0.0394284 -0.0368757 -0.0338002 -0.0302905 -0.0264087 -0.0221863 -0.0176321 -0.012809 -0.00774285 -0.00244819 0.00301381 0.00862426 0.0143852 0.020269 0.0261669 0.0320223 0.0377726 0.0433061 0.0485056 0.0532531 0.057433 0.0609183 0.0636531 0.0655564 
0 -0.00143269 -0.00288698 -0.00438389 -0.00590599 -0.00748708 -0.00913591 -0.0108871 -0.0127296 -0.0146426 -0.0166241 -0.0186783 -0.0208583 -0.0231366 -0.0255094 -0.0279696 -0.0305176 -0.0331341 -0.035786 -0.0384711 -0.041109 -0.0436631 -0.0460905 -0.0483139 -0.0502223 -0.0517492 -0.0528561 -0.0534432 -0.0534645 -0.0529094 -0.0517792 -0.0500819 -0.0478728 -0.0452158 -0.0421932 -0.0389007 -0.0354372 -0.0319151 -0.0284306 -0.0250466 -0.0218171 -0.018836 -0.0161352 -0.0137126 -0.0115883 -0.00977593 -0.00825428 -0.00701026 -0.00601123 -0.00524021 -0.0046902 -0.0043307 -0.00416186 -0.00420343 -0.00448319 -0.00498343 -0.00571898 -0.00672039 -0.0079958 -0.00956293 -0.011403 -0.0134812 -0.0157891 -0.0182247 -0.0206596 -0.0229723 -0.0249875 -0.02653 -0.0273918 -0.0273776 -0.0263607 -0.0242647 -0.0210854 -0.0169192 -0.0119435 -0.00643087 -0.00071227 0.00486595 0.00998686 0.0143433 0.0176973 0.0199281 0.0210117 0.021041 0.0201926 0.0186737 0.0167345 0.0146114 0.0125134 0.0106007 0.0089442 0.00759037 0.00653307 0.00572327 0.00513678 0.0047081 0.00437818 0.00414251 0.00395555 0.00380804 0.00371359 0.00363956 0.00359976 0.00361085 0.00365875 0.00378907 0.00403907 0.00445215 0.00511008 0.00606191 0.00734577 0.0089834 0.0109421 0.013152 0.0154645 0.017674 0.0195401 0.0207909 0.0211997 0.0205778 0.0188004 0.015877 0.0119213 0.00714362 0.00184249 -0.00365704 -0.00900925 -0.013884 -0.0179936 -0.0211535 -0.0232739 -0.024338 -0.0244081 -0.0236077 -0.0221153 -0.0201388 -0.0178391 -0.0153961 -0.0129583 -0.0106262 -0.00850368 -0.00661456 -0.00496905 -0.00360435 -0.002512 -0.00167631 -0.00108409 -0.000703552 -0.000537996 -0.000571108 -0.000787156 -0.00119167 -0.00182452 -0.00268991 -0.00378125 -0.00513093 -0.00676754 -0.00870822 -0.0109521 -0.0134748 -0.0162477 -0.0192503 -0.0223998 -0.0256276 -0.0288786 -0.0320553 -0.0350323 -0.0377215 -0.0400309 -0.0418556 -0.0431201 -0.0437874 -0.0438479 -0.0432905 -0.0421212 -0.0403389 -0.0380271 -0.0352498 -0.0320609 -0.028529 -0.0246918 -0.0205707 -0.0161732 -0.0115745 -0.0067616 -0.00171977 0.00352238 0.00894592 0.0145461 0.020308 0.0261293 0.0319604 0.0377264 0.0433159 0.0486101 0.0534814 0.0577968 0.0614026 0.064228 0.0661887 
0 -0.00236055 -0.00471829 -0.00704235 -0.0093162 -0.0115043 -0.0136225 -0.0156689 -0.0176454 -0.0195524 -0.0213845 -0.0231879 -0.0249792 -0.0267888 -0.0286228 -0.0305176 -0.0324979 -0.0345405 -0.0366687 -0.0388728 -0.0411376 -0.0434075 -0.0456461 -0.047787 -0.0497227 -0.0514055 -0.0527472 -0.0536443 -0.0540241 -0.0538728 -0.0531744 -0.0519032 -0.0500759 -0.0477505 -0.044991 -0.0418946 -0.0385498 -0.035057 -0.0315339 -0.0280302 -0.0246489 -0.0214628 -0.0185281 -0.015855 -0.0134663 -0.0114049 -0.00964956 -0.00819149 -0.00700799 -0.00608131 -0.00540471 -0.00495805 -0.00471701 -0.00472319 -0.00496521 -0.00545634 -0.00621182 -0.00725447 -0.00860176 -0.0102497 -0.0121872 -0.0143856 -0.016802 -0.0193546 -0.0219284 -0.0243544 -0.0264667 -0.0280577 -0.0289403 -0.0289041 -0.027812 -0.0256085 -0.0222976 -0.0179347 -0.0127385 -0.0069785 -0.000988433 0.0048663 0.0102459 0.0148413 0.0184027 0.0208017 0.0220086 0.0221272 0.0213305 0.0198064 0.0178264 0.0156359 0.0134396 0.0114258 0.00968639 0.00823303 0.00709583 0.00622782 0.00557711 0.00510269 0.00475336 0.00447449 0.00426623 0.00410417 0.00397738 0.00388827 0.00385031 0.00384625 0.00391471 0.00407845 0.00436586 0.004851 0.00560724 0.0066561 0.00806654 0.00983267 0.011905 0.014221 0.0166192 0.0188636 0.0207292 0.0219402 0.0222602 0.0215096 0.0195657 0.0164362 0.0122422 0.00721646 0.00167289 -0.00406769 -0.00965661 -0.0147255 -0.0190193 -0.0223292 -0.0245472 -0.0256695 -0.0257595 -0.0249184 -0.0233568 -0.0212778 -0.0188875 -0.0163325 -0.0137581 -0.0113026 -0.00906414 -0.0070657 -0.00533836 -0.00390415 -0.00277161 -0.00191293 -0.00129675 -0.000930667 -0.000796186 -0.000899103 -0.00120747 -0.00172862 -0.00250285 -0.00353855 -0.00482464 -0.00640023 -0.00826758 -0.0104518 -0.0129301 -0.015662 -0.0186263 -0.0217559 -0.024987 -0.0282265 -0.0314266 -0.0344777 -0.037238 -0.0396138 -0.0415299 -0.0429149 -0.0437252 -0.0439239 -0.0435089 -0.0424962 -0.0409039 -0.0387907 -0.0362161 -0.0332706 -0.0299913 -0.0264474 -0.022679 -0.0186697 -0.0144599 -0.0100795 -0.00552999 -0.000746003 0.0042676 0.00948222 0.0148968 0.0204648 0.0261378 0.0318491 0.0375309 0.0430521 0.048287 0.0531331 0.0574369 0.0610541 0.0638669 0.0658088 
0 -0.00328106 -0.0065033 -0.00963837 -0.0126205 -0.0154306 -0.0180072 -0.0203493 -0.0224607 -0.0243584 -0.0260862 -0.0276433 -0.0290909 -0.0304441 -0.0317747 -0.0331341 -0.0345405 -0.0360324 -0.0376165 -0.0393582 -0.0412133 -0.0431551 -0.0451523 -0.0471401 -0.0490611 -0.0508164 -0.0523346 -0.0534885 -0.0542056 -0.0544513 -0.0541752 -0.0533349 -0.0519304 -0.0499908 -0.0475764 -0.0447389 -0.0415637 -0.0381711 -0.0346489 -0.0311099 -0.0276045 -0.0242503 -0.0210926 -0.0181698 -0.0155403 -0.0132232 -0.0112337 -0.00954304 -0.00814594 -0.00704256 -0.00622836 -0.00566419 -0.00535457 -0.00528715 -0.00550338 -0.00597848 -0.00673705 -0.00781689 -0.00922945 -0.0109651 -0.0129876 -0.0152805 -0.0178248 -0.0205156 -0.0231834 -0.0257077 -0.0278973 -0.0295619 -0.0304519 -0.0303872 -0.0292355 -0.0269303 -0.0234572 -0.0189419 -0.0135329 -0.00753523 -0.00130902 0.00478932 0.0104204 0.0152488 0.0190278 0.0216 0.0229509 0.0231606 0.022398 0.0208998 0.0188958 0.0166461 0.0143966 0.0122986 0.0104466 0.00891596 0.00767871 0.00672409 0.00602544 0.00550957 0.00511425 0.00483098 0.00459364 0.0044013 0.00425959 0.00415175 0.00408067 0.0040939 0.00417245 0.00436402 0.00472543 0.00529577 0.0061325 0.0073125 0.00882671 0.0106933 0.0128887 0.0153006 0.0177633 0.0200609 0.0219045 0.0230416 0.0232506 0.0223464 0.0202283 0.0168947 0.0124886 0.00723876 0.00145229 -0.00451247 -0.0102957 -0.0155807 -0.0200306 -0.023465 -0.0257818 -0.0269611 -0.0270451 -0.0261914 -0.0245766 -0.0224291 -0.0199128 -0.0172398 -0.0145609 -0.0119922 -0.00962659 -0.00752993 -0.00572165 -0.00423514 -0.00305823 -0.00217065 -0.00156489 -0.00120676 -0.00112834 -0.00130374 -0.00172437 -0.00238591 -0.00331666 -0.00452543 -0.00603091 -0.00782937 -0.00995742 -0.0123804 -0.0150718 -0.0179913 -0.0210855 -0.0243259 -0.0275861 -0.0307971 -0.0338671 -0.0366958 -0.03916 -0.0411609 -0.0426401 -0.0435559 -0.0438729 -0.0435916 -0.0427092 -0.0412527 -0.039283 -0.0368577 -0.0340909 -0.0310069 -0.0276658 -0.0241136 -0.0203971 -0.0165323 -0.012496 -0.00833732 -0.00400188 0.000537936 0.00530413 0.0102836 0.0154468 0.0207798 0.0262067 0.0317021 0.0371698 0.0424857 0.0475267 0.0521798 0.0563359 0.0598273 0.062553 0.0644242 
