0 0 0 0 0 0 0 0 0 0 0 0 0 0 0 0 0 0 0 0 0 0 0 0 0 0 0 0 0 0 0 0 0 0 0 0 0 0 0 0 0 0 0 0 0 0 0 0 0 0 0 0 0 0 0 0 0 0 0 0 0 0 0 0 0 0 0 0 0 0 0 0 0 0 0 0 0 0 0 0 0 0 0 0 0 0 0 0 0 0 0 0 0 0 0 0 0 0 0 0 0 0 0 0 0 0 0 0 0 0 0 0 0 0 0 0 0 0 0 0 0 0 0 0 0 0 0 0 0 0 0 0 0 0 0 0 0 0 0 0 0 0 0 0 0 0 0 0 0 0 0 0 0 0 0 0 0 0 0 0 0 0 0 0 0 0 0 0 0 0 0 0 0 0 0 0 0 0 0 0 0 0 0 0 0 0 0 0 0 0 0 0 0 0 0 0 0 0 0 0 
0 0.00011608 0.00021366 0.000312557 0.000424441 0.000572202 0.000737848 0.000920004 0.00110503 0.00131322 0.0015781 0.00187974 0.00219862 0.0025071 0.00282142 0.00313664 0.00344572 0.00371977 0.00389429 0.00395722 0.00390913 0.00375643 0.00346846 0.003024 0.00242348 0.00167154 0.000820628 -9.04014e-05 -0.00103297 -0.00198122 -0.00290573 -0.00375871 -0.00450157 -0.00509986 -0.00553929 -0.00581604 -0.00592888 -0.0058992 -0.00573492 -0.00545113 -0.00509061 -0.00467377 -0.00421923 -0.00374447 -0.00327583 -0.00283984 -0.00245646 -0.00214314 -0.00189763 -0.00172313 -0.00160853 -0.00154638 -0.00153507 -0.0015729 -0.00164214 -0.00173835 -0.00183613 -0.00190833 -0.00195329 -0.0019527 -0.0018907 -0.00175797 -0.00154302 -0.00125004 -0.00089206 -0.000480816 -5.99609e-05 0.000359313 0.000744468 0.0010643 0.00130281 0.00146026 0.00153101 0.00151177 0.00141157 0.00126485 0.00108603 0.000908843 0.000749837 0.000604135 0.00048391 0.000388482 0.000309442 0.000247146 0.000201523 0.000171821 0.000153644 0.00014026 0.000134706 0.000126619 0.000127425 0.00012903 0.00012297 0.000114077 0.000107967 0.000104879 0.00011676 0.000124834 0.000130373 0.000128019 0.000123576 0.000122713 0.000124744 0.000124753 0.000131902 0.000136014 0.000151887 0.000169182 0.000178952 0.000183772 0.000186361 0.000188995 0.000204029 0.000216955 0.000228742 0.000234339 0.000240542 0.000251519 0.000266028 0.000300085 0.000363755 0.000458835 0.000601394 0.00077143 0.000951316 0.00114295 0.00131431 0.00144375 0.00151047 0.00149677 0.00138849 0.00118583 0.000896601 0.000539582 0.000136314 -0.000266736 -0.000658455 -0.00101432 -0.00131325 -0.00153711 -0.00168491 -0.00176607 -0.00178123 -0.00172813 -0.00164483 -0.00155871 -0.00147698 -0.00141337 -0.00137494 -0.00137774 -0.00143403 -0.00154651 -0.0017222 -0.00197887 -0.00229833 -0.0026713 -0.0030876 -0.00353974 -0.00401084 -0.00446813 -0.00488375 -0.00522622 -0.0054833 -0.00563495 -0.00566119 -0.00555293 -0.00527519 -0.00481413 -0.00419283 -0.00343601 -0.0025828 -0.00166184 -0.000706137 0.000258462 0.0011969 0.00205152 0.00279458 0.00339442 0.0038547 0.00417563 0.00434738 0.00439262 0.00432533 0.00417492 0.00394589 0.00366823 0.00336626 0.00305508 0.00277245 0.00250753 0.00225449 0.0020107 0.00181159 0.00166295 0.00154068 0.00143867 0.0013366 0.00125513 0.00120819 0.00119977 
0 0.00021366 0.000418745 0.000626522 0.000874839 0.00115284 0.00147571 0.00183648 0.00222837 0.00267659 0.00319571 0.00378669 0.004393 0.00502274 0.00566032 0.00628078 0.00686386 0.0073521 0.00768999 0.00780971 0.00772773 0.00740148 0.00679604 0.00590157 0.0047167 0.00326597 0.00159614 -0.000203066 -0.00207774 -0.00395306 -0.00576482 -0.00743444 -0.00890262 -0.0100922 -0.0109795 -0.0115262 -0.0117463 -0.0116913 -0.011369 -0.0108381 -0.0101255 -0.00931114 -0.00840202 -0.00746406 -0.0065559 -0.0057074 -0.00496214 -0.00433126 -0.00382586 -0.00346835 -0.00323089 -0.00309895 -0.00308772 -0.00315925 -0.00330292 -0.00346213 -0.0036533 -0.00382328 -0.00392951 -0.00392221 -0.00378467 -0.00351764 -0.00309059 -0.00248547 -0.00176946 -0.000971338 -0.000125451 0.00069959 0.00146877 0.00211391 0.00260472 0.00291175 0.00303883 0.0029913 0.00281091 0.00251444 0.00218374 0.00184156 0.00150368 0.00119793 0.000956562 0.000744416 0.000599815 0.000491226 0.000405295 0.000355372 0.000324192 0.000284773 0.000263532 0.000236008 0.000229537 0.000234153 0.000233911 0.000233983 0.000230151 0.000225716 0.000240066 0.000236156 0.000232792 0.000230152 0.000226296 0.000243721 0.000264711 0.000266815 0.000272987 0.000268846 0.000282469 0.000310945 0.000335252 0.00035766 0.000374838 0.000388599 0.000423693 0.000437445 0.000449142 0.000455109 0.000453408 0.00047374 0.000529007 0.000599046 0.000742071 0.000944108 0.00120675 0.00152531 0.00189217 0.00226019 0.00261802 0.00288767 0.00301976 0.002974 0.00275422 0.00235228 0.00178689 0.0010696 0.000285536 -0.000532789 -0.00133375 -0.00203883 -0.00263494 -0.00309212 -0.00338182 -0.00352345 -0.00353466 -0.00344694 -0.00330845 -0.0031236 -0.00296094 -0.00282456 -0.00276185 -0.00277763 -0.00290137 -0.0031378 -0.00348939 -0.00397992 -0.00460828 -0.00533965 -0.00617734 -0.00707868 -0.00799684 -0.00889605 -0.00969529 -0.0103846 -0.0108949 -0.0111961 -0.0112298 -0.0109819 -0.0104132 -0.00950149 -0.00828739 -0.006807 -0.00511589 -0.00328692 -0.00140249 0.000490053 0.00230798 0.00399423 0.0054596 0.00666435 0.00758156 0.00821687 0.00858192 0.00868782 0.00859325 0.00829877 0.00785902 0.00732374 0.00674502 0.0061483 0.00556684 0.00503048 0.00451441 0.00404903 0.00365917 0.00334479 0.00307997 0.00286098 0.00268493 0.00253681 0.00244573 0.00240666 
0 0.000312557 0.000626522 0.000985975 0.00136738 0.00179236 0.00225026 0.00279722 0.00341528 0.0041028 0.00488273 0.00571226 0.00660343 0.00752959 0.00848891 0.00938938 0.0101855 0.0108548 0.0112996 0.0114807 0.0113332 0.0108165 0.00987295 0.00851546 0.00678209 0.00466363 0.00224232 -0.000395234 -0.00314321 -0.00588589 -0.00852409 -0.0109491 -0.0130825 -0.0148352 -0.0161454 -0.0169777 -0.017329 -0.0172728 -0.0168444 -0.0160804 -0.0150732 -0.0138765 -0.0125561 -0.0111886 -0.00985795 -0.00862314 -0.00751966 -0.00658353 -0.00582371 -0.0052697 -0.00490843 -0.00471982 -0.00468706 -0.00478818 -0.00497227 -0.00522979 -0.00550822 -0.00573637 -0.00588979 -0.00589739 -0.00570211 -0.00528132 -0.00461562 -0.00372819 -0.00266304 -0.00145382 -0.000207216 0.00104002 0.00219475 0.0031592 0.0038782 0.00434375 0.00454549 0.00448587 0.00420103 0.00378219 0.00327146 0.00275098 0.00226328 0.00180735 0.00142694 0.00112953 0.000900318 0.000734242 0.000619863 0.000544627 0.000488151 0.000432118 0.000390657 0.000349188 0.000344506 0.000357373 0.000359639 0.000354295 0.00034622 0.000335062 0.000352125 0.00035583 0.000356831 0.000348982 0.00034743 0.00036474 0.000389102 0.000398771 0.000412751 0.000409586 0.000433651 0.000469971 0.000499851 0.000529224 0.000559055 0.000587042 0.000635276 0.000663338 0.000676329 0.000672217 0.000679304 0.000717861 0.000785448 0.000913688 0.00112205 0.00141056 0.00181975 0.00230788 0.00283637 0.00340448 0.00392212 0.00431348 0.00450858 0.00445459 0.00411957 0.00351024 0.00265406 0.00160086 0.000409842 -0.0008017 -0.00199126 -0.0030747 -0.00397617 -0.00463714 -0.00505728 -0.00527957 -0.00532257 -0.00518865 -0.00496835 -0.00472402 -0.00448122 -0.00428831 -0.00418373 -0.00421946 -0.00442299 -0.00478531 -0.00531255 -0.00605188 -0.00697607 -0.00806997 -0.00930021 -0.0106192 -0.0119612 -0.0132437 -0.0144101 -0.0153905 -0.0161313 -0.0165443 -0.0165554 -0.0161534 -0.0152857 -0.0139438 -0.0121786 -0.0100234 -0.0075573 -0.0048751 -0.00210809 0.000645067 0.00330057 0.00574366 0.00790803 0.00968889 0.0110629 0.0120299 0.0125875 0.0127985 0.0126821 0.0122951 0.0116725 0.0109249 0.0101155 0.00924804 0.00839877 0.00758073 0.0068336 0.00615831 0.00559004 0.00510185 0.00466536 0.00433429 0.00407758 0.00388392 0.00372721 0.00363602 
0 0.000424441 0.000874839 0.00136738 0.00191033 0.00247098 0.00310072 0.0038388 0.00467803 0.0056098 0.00661843 0.00771161 0.00885311 0.0100654 0.0112842 0.012407 0.0133852 0.0141669 0.0146916 0.0148446 0.0145962 0.0138539 0.0125746 0.0107842 0.00851011 0.00578477 0.00267138 -0.000696368 -0.0042141 -0.00773533 -0.0111236 -0.0142334 -0.0169665 -0.01921 -0.0209253 -0.0220444 -0.0225697 -0.0225678 -0.0220524 -0.0211197 -0.0198361 -0.0183393 -0.0166643 -0.0149247 -0.0132213 -0.0116097 -0.0101659 -0.00892566 -0.00791913 -0.00718591 -0.00668653 -0.00639963 -0.00634685 -0.00646801 -0.00672882 -0.00703452 -0.00738874 -0.00769667 -0.00788029 -0.00785015 -0.00756859 -0.00702543 -0.00616903 -0.00497496 -0.00354927 -0.00195436 -0.000270871 0.00137547 0.00290275 0.00418789 0.00516684 0.00578775 0.00605104 0.00596558 0.00560598 0.00502503 0.00436347 0.00368069 0.00301637 0.00241848 0.00193898 0.00152682 0.00123022 0.0010022 0.000823814 0.000714977 0.000647659 0.000577358 0.000538234 0.000492281 0.000478988 0.000481944 0.000474325 0.000464566 0.000452789 0.000446988 0.000476008 0.000480671 0.000481381 0.000476422 0.000467951 0.000490904 0.000521572 0.000527602 0.000542015 0.000545301 0.000580798 0.00063875 0.000686126 0.00072394 0.000749495 0.000772101 0.000832605 0.000866586 0.00089773 0.000917652 0.000925642 0.000969451 0.00107338 0.00122024 0.00150269 0.00190736 0.00244009 0.00308439 0.0038141 0.00454823 0.00524287 0.00576128 0.00601051 0.00591462 0.00546867 0.00466078 0.00352451 0.00209922 0.000535068 -0.00108671 -0.00266756 -0.00407242 -0.00525963 -0.00617086 -0.00676244 -0.00706564 -0.00711191 -0.00695598 -0.00668969 -0.00634586 -0.00604017 -0.00579566 -0.00569021 -0.00574556 -0.00601635 -0.0065145 -0.00724339 -0.00823287 -0.00946605 -0.0108807 -0.0124669 -0.0141502 -0.0158495 -0.0174966 -0.0189604 -0.020202 -0.0210957 -0.0215698 -0.0215285 -0.0209543 -0.0197978 -0.0180388 -0.0157501 -0.0129876 -0.00983273 -0.00640292 -0.00285234 0.000700357 0.00409961 0.00724577 0.0100152 0.0123428 0.0141723 0.0154876 0.0162901 0.0166056 0.0165312 0.0160876 0.0153694 0.0144666 0.0134538 0.0123606 0.0112537 0.0102128 0.009237 0.00836583 0.00760606 0.00693737 0.00634935 0.00588643 0.00555105 0.00527708 0.00506119 0.00491551 
0 0.000572202 0.00115284 0.00179236 0.00247098 0.00321761 0.00403747 0.00498742 0.00603798 0.0071787 0.00843504 0.00976814 0.0111722 0.0125982 0.0140114 0.0152954 0.0163932 0.0172614 0.0177713 0.0178488 0.0174224 0.0164399 0.0148351 0.0126253 0.00986259 0.00656936 0.00286131 -0.00114022 -0.00531099 -0.00949763 -0.0135345 -0.0172407 -0.02049 -0.023182 -0.0252585 -0.0266714 -0.0273918 -0.0274725 -0.0269437 -0.0258745 -0.0244056 -0.0226454 -0.0206863 -0.0186324 -0.0165948 -0.0146588 -0.0128985 -0.0113801 -0.0101359 -0.00920129 -0.0085583 -0.00818723 -0.00808083 -0.00820777 -0.00849335 -0.008888 -0.00931124 -0.00965576 -0.00986401 -0.00983532 -0.0094892 -0.00878881 -0.00769515 -0.00622666 -0.00445341 -0.00245011 -0.000370528 0.00168919 0.00358845 0.00518225 0.00638619 0.00717069 0.00751698 0.00743099 0.00697686 0.00628283 0.00544589 0.00458761 0.00377733 0.00303618 0.00241916 0.00192683 0.00154332 0.00125483 0.00104673 0.000909012 0.000812732 0.000728944 0.000667564 0.000610933 0.000598088 0.000605607 0.0005982 0.000581369 0.000563267 0.00055312 0.000583011 0.000599383 0.000606611 0.00059833 0.000591775 0.000610668 0.000640441 0.000655615 0.000678031 0.000688649 0.000734767 0.000799523 0.000851661 0.000893824 0.000929779 0.000966848 0.00103402 0.00108451 0.00111813 0.00113069 0.00115246 0.00121716 0.00133433 0.00154663 0.00189636 0.00239227 0.00307377 0.00388861 0.00477554 0.00569907 0.0065351 0.00715858 0.00745906 0.00735245 0.00679162 0.00577592 0.00434747 0.0025892 0.000621966 -0.00138561 -0.00334009 -0.00511346 -0.00659875 -0.00771389 -0.00844442 -0.00884095 -0.00893098 -0.00874063 -0.00840071 -0.00801574 -0.00765497 -0.00738558 -0.00726317 -0.00735703 -0.0077185 -0.00835342 -0.00927327 -0.0105141 -0.0120237 -0.0137512 -0.0156472 -0.0176468 -0.0196657 -0.0215923 -0.0233196 -0.0247343 -0.0257362 -0.0262113 -0.0260754 -0.0253148 -0.0238661 -0.0217225 -0.0189634 -0.0156602 -0.0119159 -0.00784807 -0.00362169 0.000606673 0.00467511 0.00841682 0.0117427 0.0145567 0.016826 0.0185127 0.019572 0.020065 0.0200603 0.0196548 0.0189037 0.0179136 0.016753 0.0154605 0.0141668 0.0129196 0.0117515 0.0106614 0.00970079 0.00886248 0.00812901 0.00755122 0.00708983 0.00672805 0.00644511 0.00627506 
0 0.000737848 0.00147571 0.00225026 0.00310072 0.00403747 0.00508224 0.00624084 0.00749339 0.00885209 0.0103326 0.0119125 0.0135181 0.015117 0.0166511 0.0180287 0.0191856 0.0200363 0.0204714 0.0203851 0.019747 0.0184848 0.0165454 0.0139509 0.0107485 0.00699295 0.00278291 -0.00173712 -0.00643919 -0.0111533 -0.015697 -0.0198827 -0.0235794 -0.0266678 -0.0290903 -0.0307713 -0.0316902 -0.0318933 -0.0314005 -0.030306 -0.0287169 -0.0267864 -0.0245997 -0.0222952 -0.0200004 -0.0177954 -0.0157675 -0.0139816 -0.0124935 -0.0113585 -0.0105587 -0.0100793 -0.00992969 -0.0100467 -0.0103624 -0.0107781 -0.0112518 -0.011663 -0.0118984 -0.0118324 -0.0113915 -0.0105415 -0.00923234 -0.00746116 -0.00533978 -0.00296766 -0.000476564 0.00197349 0.00423891 0.00615338 0.00761122 0.00854744 0.00895415 0.00885187 0.00833674 0.00751581 0.00654781 0.00553573 0.0045503 0.00365598 0.00291799 0.00231137 0.0018614 0.00152483 0.00127477 0.00111208 0.000998717 0.000889399 0.000807865 0.000733867 0.00070657 0.000709911 0.000708606 0.000700617 0.000687838 0.000680922 0.000705185 0.000710457 0.000707709 0.00069973 0.000699347 0.000735109 0.000781674 0.000803859 0.000822315 0.000828828 0.000870531 0.00094104 0.00100886 0.00106956 0.00111931 0.00116828 0.00124646 0.0012963 0.00132981 0.00134725 0.00136776 0.00144726 0.0016161 0.00188056 0.00231892 0.00293106 0.00372839 0.00468351 0.00574877 0.0068327 0.00783225 0.00857269 0.00891636 0.00875854 0.0080722 0.00685371 0.00515092 0.0030465 0.000717914 -0.00169025 -0.00403453 -0.00614394 -0.00791777 -0.00926825 -0.0101568 -0.010628 -0.010734 -0.0105479 -0.010191 -0.00974611 -0.00934098 -0.00904132 -0.00893993 -0.00909199 -0.00955927 -0.010352 -0.0114691 -0.0129274 -0.0146885 -0.0166785 -0.0188541 -0.0211218 -0.0233773 -0.0255171 -0.0273974 -0.0289288 -0.0299646 -0.0303944 -0.0301218 -0.0291338 -0.0273949 -0.0249037 -0.021745 -0.0179941 -0.0137527 -0.00916141 -0.00440182 0.000362327 0.00494671 0.00920772 0.0130135 0.0162814 0.0189521 0.0209854 0.0223485 0.0230681 0.0232423 0.0229303 0.0222214 0.021206 0.0199646 0.0185646 0.0171222 0.0157192 0.0143558 0.013069 0.0119152 0.0109116 0.0100458 0.00932777 0.00874006 0.00826337 0.00792285 0.00772706 
0 0.000920004 0.00183648 0.00279722 0.0038388 0.00498742 0.00624084 0.00760502 0.00906649 0.0106374 0.0123293 0.014088 0.0158448 0.0175498 0.019154 0.0205588 0.0216814 0.0224358 0.0227095 0.0224203 0.0215209 0.0199541 0.0176774 0.0147244 0.0111533 0.0070142 0.00241005 -0.00251386 -0.00760644 -0.0126924 -0.0175931 -0.0221355 -0.0261823 -0.0296103 -0.0323306 -0.0342698 -0.0354027 -0.0357682 -0.0353929 -0.0343464 -0.032745 -0.0307245 -0.0284016 -0.0259208 -0.0234202 -0.0209953 -0.0187338 -0.0167136 -0.0150055 -0.0136711 -0.0127169 -0.0121333 -0.0119129 -0.012001 -0.0123146 -0.0127661 -0.0132708 -0.0137007 -0.0139352 -0.013839 -0.0133105 -0.0122971 -0.0107571 -0.00870808 -0.00624655 -0.00349085 -0.000604511 0.00224333 0.00487201 0.00709515 0.00878932 0.00988972 0.0103776 0.0102775 0.0096886 0.0087546 0.00763297 0.00645981 0.00532679 0.00429869 0.00343658 0.00274084 0.00220743 0.00180715 0.00151501 0.00131716 0.00117488 0.00105199 0.000953186 0.000873901 0.000842485 0.000841623 0.000834888 0.000818245 0.00079777 0.000791182 0.000816521 0.000833746 0.000838052 0.000831438 0.00083075 0.000861119 0.000904339 0.000933896 0.000959397 0.000980514 0.00103325 0.0011119 0.00118572 0.00124878 0.00130239 0.00136039 0.00144099 0.00150501 0.00154685 0.00157128 0.0016092 0.00171102 0.00190743 0.00223315 0.00274513 0.00346158 0.0043988 0.00551712 0.00674796 0.00800066 0.00913272 0.00996393 0.0103389 0.0101442 0.00933121 0.00790119 0.00591326 0.00347822 0.000774331 -0.00201303 -0.00472246 -0.00717934 -0.00924352 -0.0108127 -0.0118581 -0.0124327 -0.0125926 -0.0124119 -0.0120261 -0.0115574 -0.0111245 -0.0108201 -0.0107387 -0.0109619 -0.0115474 -0.0124978 -0.0138077 -0.0154804 -0.0174664 -0.0196911 -0.0220869 -0.0245535 -0.0269752 -0.0292269 -0.0311778 -0.0327151 -0.0337061 -0.034023 -0.0335766 -0.0323548 -0.0303387 -0.0275491 -0.0240636 -0.019958 -0.0153361 -0.0103519 -0.00519894 -5.10571e-05 0.00493017 0.00960051 0.0138274 0.0174913 0.02052 0.0228787 0.0245498 0.025568 0.0259848 0.0258487 0.0252361 0.0242677 0.0230403 0.0216188 0.0201062 0.0185713 0.0170541 0.0156058 0.0142968 0.013138 0.0121171 0.0112521 0.0105296 0.009952 0.00953325 0.00928336 
0 0.00110503 0.00222837 0.00341528 0.00467803 0.00603798 0.00749339 0.00906649 0.0107497 0.0125312 0.0143971 0.0162802 0.0181301 0.0198868 0.0214908 0.0228369 0.0238349 0.0244081 0.0244492 0.0238921 0.022685 0.0207975 0.0182067 0.0149443 0.0110659 0.0066257 0.00173954 -0.00344607 -0.00877472 -0.0140882 -0.0192215 -0.024012 -0.028312 -0.0319978 -0.0349658 -0.037149 -0.0385152 -0.0390795 -0.038868 -0.0379353 -0.0364059 -0.0343993 -0.0320448 -0.0294768 -0.0268359 -0.0242395 -0.0217871 -0.0195735 -0.0176797 -0.016164 -0.0150487 -0.0143384 -0.0140256 -0.0140689 -0.0143709 -0.0148417 -0.0153615 -0.0157955 -0.0160059 -0.0158533 -0.015227 -0.0140571 -0.0122968 -0.00996881 -0.00716403 -0.00402713 -0.000749071 0.00248343 0.00546043 0.00798698 0.00992129 0.0111893 0.0117619 0.0116713 0.0110194 0.00997786 0.00871241 0.00738421 0.00610464 0.00494795 0.0039685 0.00318285 0.00256611 0.00209826 0.00175683 0.00151978 0.00135081 0.00121778 0.00110653 0.00102291 0.000981303 0.000967627 0.000951704 0.0009269 0.000903477 0.00090159 0.000927841 0.000953848 0.000962708 0.000957517 0.000959166 0.000986281 0.00102715 0.00106217 0.00109137 0.00112592 0.00119038 0.00127929 0.00136369 0.00143048 0.00148455 0.00154547 0.00162325 0.00169867 0.00175382 0.00179389 0.00185383 0.00197958 0.00220754 0.00259404 0.00318439 0.00401236 0.00508831 0.00636567 0.00775961 0.00916887 0.010422 0.0113328 0.0117269 0.0114844 0.0105431 0.00890676 0.00663714 0.00387047 0.000794133 -0.00237052 -0.00543426 -0.00821673 -0.0105597 -0.0123578 -0.0135807 -0.0142689 -0.0144858 -0.014321 -0.01392 -0.0134386 -0.0129996 -0.0127205 -0.0126906 -0.0129994 -0.0136996 -0.0147993 -0.0162933 -0.0181654 -0.0203474 -0.0227554 -0.0252997 -0.0278837 -0.0303907 -0.0326796 -0.0346191 -0.0360729 -0.0369266 -0.0370621 -0.0364135 -0.0349636 -0.0326986 -0.0296473 -0.0258866 -0.0215111 -0.0166366 -0.0114149 -0.00602203 -0.000623478 0.00463502 0.00960201 0.0141447 0.0181304 0.021484 0.0241684 0.0261707 0.0275219 0.0282377 0.0283533 0.0279293 0.0270976 0.0259643 0.0245943 0.0230698 0.0214551 0.0198304 0.018264 0.0168238 0.0155111 0.0143264 0.0133113 0.0124703 0.011804 0.0113005 0.0109722 
0 0.00131322 0.00267659 0.0041028 0.0056098 0.0071787 0.00885209 0.0106374 0.0125312 0.0144972 0.0164816 0.018452 0.0203337 0.0220826 0.0235958 0.0247914 0.0255901 0.0259026 0.0256562 0.0247664 0.0232271 0.021017 0.0181412 0.0146202 0.0104924 0.00584859 0.000797945 -0.00450797 -0.00993394 -0.015345 -0.0205895 -0.0255135 -0.0299704 -0.0338314 -0.0370032 -0.039404 -0.041005 -0.0417952 -0.0417871 -0.0410505 -0.0396696 -0.0377764 -0.035476 -0.0329046 -0.0302054 -0.0275052 -0.0249236 -0.0225594 -0.0205053 -0.0188285 -0.0175584 -0.016713 -0.0163029 -0.016273 -0.0165466 -0.0169946 -0.0175102 -0.0179488 -0.0181305 -0.0179071 -0.0171694 -0.0158324 -0.013848 -0.0112263 -0.00808443 -0.00459115 -0.000921346 0.00268088 0.00599973 0.0088276 0.0110045 0.0124313 0.0130862 0.01301 0.0123248 0.011184 0.00980323 0.00833325 0.00689549 0.00560074 0.00450364 0.00360801 0.00292024 0.00239969 0.00201512 0.00174711 0.00155331 0.00139273 0.00125957 0.00116162 0.00110366 0.0010809 0.0010664 0.00104415 0.00102397 0.00102511 0.00104319 0.0010647 0.00107005 0.00106806 0.00107729 0.00111266 0.00116161 0.00120562 0.0012357 0.00127524 0.00133912 0.00142819 0.00152162 0.00160174 0.00166748 0.00173989 0.00182305 0.00189726 0.00195327 0.00200444 0.00207698 0.00222913 0.0025178 0.00297157 0.00365775 0.00460947 0.00580811 0.00722369 0.00877762 0.0103175 0.0116891 0.0126744 0.0130827 0.0127757 0.0116986 0.00985466 0.00731291 0.00421442 0.000791248 -0.00275185 -0.00617894 -0.00928019 -0.0118992 -0.0139286 -0.0153284 -0.0161239 -0.0163938 -0.0162702 -0.0158926 -0.0154128 -0.0149966 -0.0147557 -0.0148046 -0.0152126 -0.0160318 -0.0172767 -0.0189323 -0.0209588 -0.0232909 -0.0258213 -0.0284575 -0.0310896 -0.0335942 -0.0358391 -0.0376657 -0.0389606 -0.0395981 -0.0395021 -0.0386252 -0.036943 -0.0344571 -0.0311894 -0.0272218 -0.0226715 -0.0176636 -0.0123442 -0.00685316 -0.00132693 0.00408168 0.00923445 0.0139726 0.018203 0.0218472 0.0248577 0.0272146 0.0289002 0.0299524 0.0303784 0.0302528 0.0296585 0.028688 0.0274305 0.0259477 0.0243408 0.0226718 0.0210342 0.0194744 0.0180154 0.0166911 0.0155358 0.0145898 0.0138239 0.0132391 0.0128319 
0 0.0015781 0.00319571 0.00488273 0.00661843 0.00843504 0.0103326 0.0123293 0.0143971 0.0164816 0.0185504 0.0205341 0.0224017 0.0240462 0.0253918 0.0263611 0.0268753 0.0268754 0.0262711 0.0250464 0.0231634 0.0206455 0.017502 0.0137546 0.00946719 0.00472004 -0.000367184 -0.00568304 -0.0110925 -0.0164747 -0.0216968 -0.0266331 -0.0311398 -0.0351172 -0.038432 -0.0410244 -0.0428464 -0.0438755 -0.0441455 -0.0436668 -0.0425429 -0.0408296 -0.0386707 -0.0361808 -0.0335009 -0.0307804 -0.0281277 -0.0256566 -0.0234736 -0.0216462 -0.0202451 -0.0192969 -0.0187738 -0.0186582 -0.0188504 -0.0192776 -0.0197596 -0.0201539 -0.0202889 -0.0200044 -0.019146 -0.0176132 -0.0153764 -0.0124901 -0.00902678 -0.00516639 -0.00113895 0.00284354 0.00651069 0.00963395 0.0120366 0.0136325 0.0143779 0.0143316 0.0135994 0.0123959 0.0108882 0.00927653 0.0077099 0.00628324 0.00504638 0.00407031 0.00329283 0.00271269 0.00229973 0.00199421 0.00175865 0.00158108 0.00141576 0.0013055 0.00124054 0.00121023 0.00119235 0.00116876 0.00114406 0.00114394 0.00115421 0.00117986 0.00118892 0.00119088 0.00120694 0.00124179 0.00129067 0.00134535 0.00138347 0.00143628 0.00150194 0.00159003 0.00168474 0.00176689 0.00184627 0.00193747 0.00201546 0.00210364 0.00216074 0.00221043 0.00231243 0.00250575 0.00283334 0.003386 0.00416214 0.0052199 0.00655764 0.00812222 0.00980581 0.0114923 0.0129562 0.0139985 0.0144026 0.0140377 0.012813 0.0107458 0.0079242 0.00452886 0.000746181 -0.00314721 -0.00691461 -0.0103594 -0.0132666 -0.0155141 -0.0170771 -0.0179982 -0.0183656 -0.0182969 -0.0179463 -0.017523 -0.0171402 -0.0169604 -0.0170748 -0.0175955 -0.0185502 -0.0199325 -0.021722 -0.0238646 -0.0262821 -0.0288885 -0.0315501 -0.0341592 -0.0365815 -0.0386554 -0.0402832 -0.0413152 -0.0416952 -0.0413307 -0.0402014 -0.0382843 -0.0355891 -0.0321707 -0.0280922 -0.0234766 -0.0184462 -0.0131302 -0.00764813 -0.00213014 0.00330974 0.00851271 0.0133682 0.0177661 0.0216533 0.0249662 0.0276493 0.0296936 0.0310824 0.0318849 0.0321222 0.0318549 0.0311337 0.030047 0.0287038 0.0271748 0.0255584 0.0238915 0.0222469 0.0206803 0.0192463 0.0179891 0.0169136 0.0160441 0.015366 0.0148999 
0 0.00187974 0.00378669 0.00571226 0.00771161 0.00976814 0.0119125 0.014088 0.0162802 0.018452 0.0205341 0.0224983 0.0242472 0.025728 0.0268296 0.0275047 0.0276775 0.0272784 0.026307 0.0247231 0.0225271 0.0197067 0.0163163 0.0124049 0.00803357 0.00330247 -0.00172286 -0.00694165 -0.01223 -0.0174746 -0.0225645 -0.0274023 -0.0318788 -0.0358795 -0.039298 -0.0420392 -0.0440749 -0.0453674 -0.0459241 -0.0457782 -0.0449486 -0.0435163 -0.04158 -0.0392614 -0.036693 -0.0340163 -0.0313557 -0.0288317 -0.0265614 -0.0246356 -0.0231161 -0.0220432 -0.0214255 -0.0212117 -0.0213417 -0.0216836 -0.0221089 -0.0224641 -0.0225205 -0.0221107 -0.021112 -0.0194049 -0.0169509 -0.0137675 -0.00997789 -0.00578155 -0.00137205 0.00295807 0.00695065 0.0103759 0.0130319 0.0147924 0.0156313 0.0156105 0.0148645 0.0135661 0.0119627 0.010227 0.00851579 0.00697185 0.00564314 0.00455118 0.00370225 0.00305459 0.00257287 0.00222349 0.00196695 0.00176427 0.00159741 0.00148052 0.00139304 0.00134012 0.00130991 0.0012769 0.0012574 0.00126312 0.0012718 0.00129693 0.0013078 0.00131418 0.00133752 0.00137398 0.00142376 0.00148127 0.00152234 0.0015848 0.00166315 0.00175678 0.00186146 0.0019521 0.002028 0.00211143 0.0021933 0.0022771 0.00235345 0.00244287 0.00257206 0.00279646 0.00319387 0.00379905 0.00467387 0.00586481 0.00732673 0.00902727 0.010873 0.0126653 0.0142234 0.015307 0.0156947 0.0152316 0.0138534 0.0115791 0.00849443 0.00477302 0.000670087 -0.00358437 -0.00769999 -0.0114352 -0.0146084 -0.0171038 -0.01888 -0.0199374 -0.0203848 -0.0204028 -0.0201322 -0.0197457 -0.0194263 -0.0193131 -0.0195408 -0.0201709 -0.0212345 -0.022737 -0.0246348 -0.0268502 -0.0293116 -0.0319126 -0.0345294 -0.0370286 -0.0392627 -0.0411027 -0.0424268 -0.0431592 -0.0432171 -0.0425623 -0.0411703 -0.0390137 -0.0361468 -0.0326255 -0.0285247 -0.0239469 -0.0189916 -0.0137742 -0.00840373 -0.0029975 0.00233057 0.00749107 0.0123642 0.0168827 0.0209543 0.0245042 0.0275028 0.0298877 0.0316759 0.0328674 0.0335172 0.0336257 0.0332265 0.0324247 0.0312835 0.0299271 0.0283995 0.0267779 0.0251059 0.0234819 0.0219927 0.0206334 0.019456 0.0184653 0.0177203 0.0172063 
0 0.00219862 0.004393 0.00660343 0.00885311 0.0111722 0.0135181 0.0158448 0.0181301 0.0203337 0.0224017 0.0242472 0.0258263 0.0270493 0.027851 0.0281749 0.0279444 0.0271416 0.0257658 0.0238434 0.0213285 0.0182493 0.014675 0.0106632 0.00629146 0.00163718 -0.00323156 -0.00825413 -0.0133232 -0.0183449 -0.0232294 -0.0278983 -0.032241 -0.0361954 -0.0396386 -0.0425138 -0.0447575 -0.0463051 -0.0471751 -0.0473489 -0.0468803 -0.045776 -0.0441546 -0.0420924 -0.0397006 -0.0371417 -0.0345443 -0.0320407 -0.0297544 -0.0277591 -0.0261522 -0.0249868 -0.0242439 -0.0239271 -0.0239566 -0.0242481 -0.0245902 -0.0248359 -0.0247932 -0.0242918 -0.0231516 -0.0212421 -0.0185346 -0.0150879 -0.0109763 -0.00641254 -0.00165996 0.00302593 0.00734094 0.0110355 0.0139107 0.0158561 0.0168113 0.0168496 0.0160815 0.0147391 0.0130221 0.0111613 0.00934169 0.00768124 0.0062213 0.00505197 0.00410693 0.00339187 0.00287593 0.00248328 0.00218072 0.00196438 0.00176862 0.00164044 0.00154655 0.00147985 0.00143621 0.00139834 0.00136893 0.00137231 0.00137903 0.00141155 0.00143187 0.00144786 0.00147266 0.00150353 0.00154714 0.00161002 0.00166443 0.00174735 0.00183053 0.00192622 0.00202743 0.00211277 0.00219769 0.00229492 0.00236705 0.00246696 0.00255066 0.00264859 0.00282173 0.00310051 0.00354185 0.00425167 0.00522044 0.00651955 0.00812576 0.00997508 0.0119345 0.0138422 0.0154488 0.0165456 0.0168962 0.0163648 0.0148423 0.0123459 0.00898506 0.00496913 0.000509402 -0.00408066 -0.00851423 -0.0125705 -0.0160178 -0.0187331 -0.0206874 -0.0219086 -0.022498 -0.022603 -0.0223889 -0.0220993 -0.0218675 -0.0218691 -0.022191 -0.022927 -0.0240836 -0.0256557 -0.0276106 -0.0298575 -0.0323032 -0.0348452 -0.0373228 -0.0396191 -0.0415983 -0.0431194 -0.0441232 -0.0444886 -0.044203 -0.0432204 -0.041557 -0.0391985 -0.0361972 -0.0326392 -0.028573 -0.024104 -0.0193148 -0.0142926 -0.00912665 -0.00392914 0.00122082 0.00623272 0.0110564 0.0156074 0.0198004 0.0235443 0.0268023 0.0295486 0.0317248 0.0333515 0.0344142 0.0349322 0.0349328 0.0344902 0.0336624 0.0325086 0.0311414 0.0296163 0.0280047 0.026396 0.0248705 0.0234546 0.0221831 0.0211304 0.0203245 0.0197766 
0 0.0025071 0.00502274 0.00752959 0.0100654 0.0125982 0.015117 0.0175498 0.0198868 0.0220826 0.0240462 0.025728 0.0270493 0.0279639 0.0283884 0.0283066 0.0276704 0.0264542 0.0246972 0.0224092 0.019604 0.0163187 0.0126425 0.00861516 0.00429613 -0.00021106 -0.00485027 -0.00958477 -0.0143476 -0.0190753 -0.0236923 -0.0281187 -0.032272 -0.0360962 -0.0395256 -0.0424849 -0.0449123 -0.0467171 -0.0478871 -0.0484253 -0.0483278 -0.0476158 -0.0463617 -0.0446305 -0.0425121 -0.0401559 -0.0376963 -0.0352745 -0.0330123 -0.0310052 -0.0293405 -0.0280872 -0.0272604 -0.0268374 -0.0267688 -0.0269366 -0.0271789 -0.0273387 -0.0271794 -0.026518 -0.0252051 -0.0230936 -0.0201498 -0.0164064 -0.0119809 -0.00709275 -0.00198319 0.00303508 0.00766314 0.0116501 0.0147675 0.0168736 0.0179308 0.0180183 0.0172697 0.0158827 0.0141046 0.0121407 0.0101861 0.00839894 0.00683403 0.00554664 0.00453224 0.00375979 0.00318743 0.00275535 0.00242686 0.00217286 0.00196257 0.00181273 0.00169063 0.00160387 0.00155575 0.00151807 0.00150182 0.0015057 0.00150167 0.00151978 0.00153449 0.00155367 0.00159524 0.00163921 0.00169402 0.001763 0.00181912 0.00189806 0.00198286 0.00207364 0.00218158 0.00228291 0.00237819 0.00247677 0.0025575 0.00264653 0.00273985 0.002868 0.00307127 0.00339719 0.0039299 0.00472387 0.00581452 0.00724808 0.00896956 0.0109281 0.0130089 0.014995 0.016666 0.0177787 0.0180917 0.0174437 0.01575 0.0130385 0.00941788 0.00509494 0.000329277 -0.00459997 -0.00937053 -0.0137165 -0.0174311 -0.0203946 -0.0225696 -0.0239471 -0.0246527 -0.0248852 -0.0248027 -0.0246086 -0.0244831 -0.0245838 -0.0250276 -0.0258574 -0.0270797 -0.0287013 -0.0306709 -0.0328858 -0.0352462 -0.0376364 -0.0399032 -0.0419203 -0.0435582 -0.0447181 -0.0453292 -0.0453211 -0.0446563 -0.0433442 -0.0414153 -0.0388712 -0.0357921 -0.032242 -0.0282727 -0.0239693 -0.0194125 -0.0146706 -0.00980184 -0.00488192 1.65005e-05 0.0048328 0.00951094 0.0140124 0.0182501 0.022133 0.0256342 0.0286867 0.0312511 0.0332879 0.0347934 0.0357496 0.03619 0.0361873 0.0357266 0.0348768 0.0337253 0.0323903 0.0309185 0.0293894 0.0278883 0.0264393 0.0251454 0.024055 0.023219 0.0226259 
0 0.00282142 0.00566032 0.00848891 0.0112842 0.0140114 0.0166511 0.019154 0.0214908 0.0235958 0.0253918 0.0268296 0.027851 0.0283884 0.0283902 0.0278785 0.0268356 0.0252403 0.0231145 0.0205044 0.0174518 0.0140294 0.0103182 0.00633756 0.00214377 -0.00216049 -0.00652242 -0.0109291 -0.015338 -0.0197032 -0.0239775 -0.0281054 -0.0320159 -0.0356784 -0.0390306 -0.0420218 -0.0445848 -0.0466249 -0.0481177 -0.0490266 -0.049333 -0.049025 -0.048177 -0.0468349 -0.0450626 -0.0429915 -0.0407461 -0.0384643 -0.0362817 -0.0343038 -0.0326405 -0.0313597 -0.0304588 -0.0299354 -0.0297499 -0.0298071 -0.0299222 -0.0299389 -0.0296406 -0.0288315 -0.0273253 -0.0249795 -0.0217745 -0.017762 -0.0130363 -0.00781538 -0.00237267 0.00298335 0.00792845 0.0121868 0.0155307 0.0178189 0.0189998 0.0191579 0.0184234 0.0170122 0.0151589 0.0130977 0.0110422 0.00914363 0.00746403 0.00608595 0.00498447 0.0041454 0.00352521 0.0030443 0.00266908 0.00238821 0.00215489 0.00199135 0.00186042 0.00175929 0.00169551 0.00165015 0.00162349 0.00162035 0.00161469 0.00163516 0.0016593 0.00169033 0.00173338 0.00177464 0.00182592 0.00189817 0.00197016 0.00206646 0.00215637 0.00224615 0.00234573 0.00244122 0.0025426 0.00265017 0.00273296 0.00283486 0.00294324 0.00309464 0.00334441 0.00373179 0.00433364 0.00523102 0.00643204 0.0079823 0.00983524 0.0119214 0.0141035 0.0161689 0.0178681 0.0189634 0.0192107 0.0184551 0.0165929 0.0136498 0.00976183 0.00515411 7.54887e-05 -0.00516425 -0.0102452 -0.0149028 -0.0189015 -0.0221069 -0.0244817 -0.0260443 -0.0269228 -0.0273013 -0.0273501 -0.0272906 -0.0272824 -0.0274873 -0.0280099 -0.0289087 -0.0301813 -0.031818 -0.0337563 -0.0358773 -0.0380764 -0.0402439 -0.0422252 -0.043899 -0.0451435 -0.0458719 -0.0460552 -0.0456313 -0.0445996 -0.0429769 -0.0408101 -0.0381192 -0.0349928 -0.0315099 -0.0276982 -0.0236239 -0.0193487 -0.0149277 -0.0104037 -0.00582153 -0.00122068 0.003345 0.00783387 0.0122096 0.016414 0.0203761 0.0240579 0.0273782 0.0302637 0.0326932 0.0346397 0.0360651 0.0369789 0.0374329 0.0374093 0.0369405 0.0361219 0.035054 0.033792 0.0324113 0.0309972 0.0296018 0.0283302 0.0272529 0.0263979 0.025776 
0 0.00313664 0.00628078 0.00938938 0.012407 0.0152954 0.0180287 0.0205588 0.0228369 0.0247914 0.0263611 0.0275047 0.0281749 0.0283066 0.0278785 0.0269369 0.0254843 0.0235127 0.0210577 0.0181903 0.0149604 0.0114511 0.00774915 0.00388098 -0.00010701 -0.00414317 -0.0081935 -0.0122504 -0.0162702 -0.0202229 -0.0241048 -0.0278967 -0.0315441 -0.0350155 -0.0382549 -0.0412282 -0.0438785 -0.0461161 -0.0478983 -0.0491615 -0.049865 -0.0499808 -0.0495714 -0.0486657 -0.0473017 -0.0455868 -0.0436328 -0.0415727 -0.0395422 -0.037654 -0.036026 -0.0347364 -0.0337914 -0.0331956 -0.0329087 -0.0328423 -0.0328191 -0.032679 -0.0322095 -0.0312102 -0.0294965 -0.0269255 -0.0234657 -0.0191668 -0.0141311 -0.0085821 -0.00281559 0.00285401 0.00809585 0.0126284 0.0162114 0.0186875 0.0200002 0.0202368 0.0195304 0.0181038 0.0161947 0.0140517 0.0119024 0.00990367 0.00812618 0.00665131 0.00546052 0.00454324 0.00385714 0.0033253 0.00291621 0.00261469 0.00237068 0.00218948 0.00203533 0.00190735 0.00182343 0.00177156 0.00174645 0.00174194 0.00173493 0.00174962 0.00177587 0.00181458 0.00186544 0.00191178 0.0019653 0.00203732 0.00211645 0.00221826 0.00231489 0.00240917 0.00251166 0.00260994 0.00271187 0.00281311 0.00289282 0.00299909 0.00313359 0.00332949 0.00363659 0.00409111 0.00477001 0.00576017 0.00707388 0.00874528 0.0107246 0.0129281 0.0152054 0.0173324 0.0190443 0.0201025 0.020264 0.0193753 0.017337 0.0141757 0.0100316 0.00513743 -0.000250971 -0.00580488 -0.0111939 -0.0161369 -0.0204015 -0.0238606 -0.0264689 -0.0282382 -0.0292998 -0.0298432 -0.030047 -0.0301241 -0.0302342 -0.0305436 -0.0311484 -0.0320941 -0.0333705 -0.0349652 -0.0368087 -0.038772 -0.0407397 -0.0426057 -0.0442259 -0.0454912 -0.0462958 -0.0465736 -0.0463171 -0.0454836 -0.0440963 -0.0421917 -0.0398242 -0.0370248 -0.0338876 -0.0304999 -0.0268854 -0.0230843 -0.0191337 -0.0150682 -0.010921 -0.00671833 -0.00247045 0.00179455 0.00605369 0.010266 0.0143812 0.0183519 0.0221492 0.0256833 0.0288539 0.0316412 0.0340135 0.0359099 0.0373045 0.0382249 0.0386645 0.0386484 0.0382499 0.0375281 0.0365355 0.0353698 0.0341333 0.0328822 0.0317037 0.0306798 0.0298497 0.0292435 
0 0.00344572 0.00686386 0.0101855 0.0133852 0.0163932 0.0191856 0.0216814 0.0238349 0.0255901 0.0268753 0.0276775 0.0279444 0.0276704 0.0268356 0.0254843 0.0236343 0.0213051 0.0185919 0.0155454 0.0122199 0.0086832 0.00504437 0.00134689 -0.00238895 -0.00611917 -0.00982997 -0.0135094 -0.0171183 -0.0206483 -0.0241272 -0.0275559 -0.0309119 -0.0341498 -0.037254 -0.0401782 -0.0428776 -0.0452666 -0.0472777 -0.0488669 -0.0499494 -0.0505082 -0.0505554 -0.0501079 -0.0491885 -0.0478831 -0.0462953 -0.0445446 -0.0427422 -0.0410143 -0.039472 -0.0382042 -0.0372503 -0.0365977 -0.0362317 -0.0360339 -0.0358627 -0.0355523 -0.0348942 -0.0336859 -0.031755 -0.0289435 -0.0252215 -0.020622 -0.0152767 -0.00941079 -0.00331408 0.00265883 0.00818519 0.0129826 0.0167965 0.0194531 0.0209122 0.0212422 0.0205967 0.0191714 0.0172347 0.0150263 0.0127826 0.0106778 0.00880597 0.00721635 0.00594763 0.00496273 0.00421253 0.00363535 0.00319375 0.00285061 0.00259268 0.00238808 0.00220991 0.00206403 0.00196675 0.00190369 0.00187975 0.00186726 0.00185581 0.00186592 0.0018966 0.00194101 0.00200115 0.00205072 0.00210658 0.00218198 0.00227118 0.00237432 0.00247813 0.00256737 0.00266576 0.00277071 0.00287784 0.00297759 0.00307198 0.00317544 0.00333009 0.00356934 0.00392699 0.00445253 0.00523699 0.00632459 0.00776636 0.00956355 0.0116561 0.0139549 0.0163117 0.0184676 0.0201766 0.0211776 0.0212507 0.0202202 0.0180016 0.0146218 0.010221 0.00502993 -0.000652816 -0.00651761 -0.0122157 -0.0174385 -0.0219693 -0.0256788 -0.0285295 -0.030521 -0.0317836 -0.0325145 -0.0328952 -0.0331094 -0.0333495 -0.0337508 -0.0344261 -0.0353808 -0.0366081 -0.0380974 -0.0397712 -0.0415073 -0.0431825 -0.044681 -0.0458811 -0.0466826 -0.047009 -0.046837 -0.0461438 -0.0449296 -0.0431988 -0.0410384 -0.0385088 -0.0356532 -0.0325646 -0.029302 -0.025903 -0.0223865 -0.0187841 -0.0151064 -0.0113592 -0.00754491 -0.00366957 0.00026722 0.00425011 0.00826447 0.0122476 0.0161616 0.0199985 0.0236661 0.0270834 0.0301813 0.03294 0.0352729 0.0371394 0.038549 0.0394749 0.0399641 0.0400372 0.0397412 0.0391006 0.0382362 0.0372709 0.0362402 0.0352322 0.0343105 0.0335644 0.0330214 
0 0.00371977 0.0073521 0.0108548 0.0141669 0.0172614 0.0200363 0.0224358 0.0244081 0.0259026 0.0268754 0.0272784 0.0271416 0.0264542 0.0252403 0.0235127 0.0213051 0.0186998 0.0157852 0.0126403 0.00928669 0.00581301 0.00231037 -0.00118288 -0.00464862 -0.00805673 -0.0113953 -0.0146661 -0.0178646 -0.0209877 -0.0240682 -0.0271301 -0.0301545 -0.0331497 -0.0360787 -0.0389301 -0.041633 -0.0441145 -0.046327 -0.0481923 -0.0496506 -0.0506325 -0.0511415 -0.0511701 -0.0507271 -0.0498794 -0.0487179 -0.0473257 -0.0458198 -0.044305 -0.0429196 -0.0417496 -0.0408116 -0.040137 -0.0396895 -0.0393908 -0.03907 -0.0385633 -0.0377033 -0.0362831 -0.0340887 -0.0310062 -0.0269983 -0.0221252 -0.0164832 -0.0102979 -0.00390183 0.00238394 0.00821017 0.0132603 0.0172958 0.0201466 0.0217501 0.0221911 0.021609 0.0202249 0.018263 0.0160004 0.0136833 0.0114759 0.00948877 0.00781993 0.00645715 0.00540103 0.0046 0.00396793 0.00347085 0.00310498 0.0028131 0.00258581 0.00239688 0.00223288 0.00211551 0.002053 0.00201307 0.00199165 0.00197827 0.00198115 0.00201386 0.00207295 0.00213094 0.00218852 0.00224922 0.00232487 0.0024254 0.00253941 0.00263446 0.00272591 0.0028173 0.00291587 0.00303261 0.00314616 0.00323892 0.00336701 0.00354519 0.00381457 0.00423515 0.00484705 0.00571346 0.00693416 0.00850272 0.0104141 0.0126219 0.0150136 0.0174122 0.019597 0.0212791 0.0222154 0.0221714 0.0209953 0.0185874 0.0149648 0.0103019 0.00484791 -0.00113215 -0.00727949 -0.0132602 -0.0187835 -0.0236026 -0.0275859 -0.0306695 -0.0329014 -0.0344008 -0.0353295 -0.0358821 -0.0362594 -0.0366108 -0.0370925 -0.0377739 -0.0386996 -0.0398469 -0.0411797 -0.0426302 -0.0440658 -0.0453741 -0.0464464 -0.0471744 -0.0474823 -0.0473226 -0.0466789 -0.0455728 -0.0439799 -0.0419587 -0.0395815 -0.0369359 -0.0340824 -0.0310752 -0.0279816 -0.0248035 -0.0215761 -0.0183203 -0.0150369 -0.011699 -0.00827494 -0.00475883 -0.00116826 0.00251019 0.00626919 0.0100773 0.0138954 0.0176911 0.0214242 0.0249949 0.028362 0.0314416 0.0341647 0.0364883 0.0383869 0.0398491 0.0408497 0.0414455 0.0416313 0.0414523 0.0410014 0.0403765 0.039651 0.0388648 0.0381359 0.0375179 0.037078 
0 0.00389429 0.00768999 0.0112996 0.0146916 0.0177713 0.0204714 0.0227095 0.0244492 0.0256562 0.0262711 0.026307 0.0257658 0.0246972 0.0231145 0.0210577 0.0185919 0.0157852 0.0127516 0.00954621 0.00624519 0.00291108 -0.000401233 -0.00366206 -0.00684757 -0.00991493 -0.0128641 -0.0157311 -0.0185239 -0.0212538 -0.0239505 -0.0266394 -0.0293586 -0.032081 -0.0348286 -0.0375498 -0.0402061 -0.042746 -0.0450965 -0.047216 -0.0489823 -0.0503629 -0.0513113 -0.0518204 -0.051887 -0.051538 -0.050835 -0.0498629 -0.0487035 -0.0474896 -0.0463235 -0.045288 -0.0444438 -0.0437777 -0.04329 -0.0428721 -0.0424209 -0.0417509 -0.0406683 -0.0389727 -0.0365169 -0.0331603 -0.0288733 -0.0236867 -0.0177501 -0.0112789 -0.00456885 0.00200217 0.00810142 0.0134307 0.0177078 0.0207422 0.0225133 0.0230675 0.0225761 0.021219 0.0192653 0.0169664 0.0145749 0.0122834 0.0102301 0.00844298 0.00700666 0.00587062 0.00497965 0.00429339 0.00377015 0.00335456 0.00306107 0.00281045 0.00258879 0.00240573 0.00227565 0.00219143 0.00215956 0.00212821 0.00210592 0.00210293 0.00213635 0.00219136 0.00226702 0.00232968 0.00239564 0.00247796 0.00258271 0.00268553 0.00279418 0.00287747 0.00296779 0.00307872 0.00319238 0.00329258 0.00341191 0.00353691 0.00375443 0.00409559 0.00457881 0.00526725 0.0062534 0.00755775 0.00925568 0.011295 0.0136072 0.0160733 0.0185289 0.0207058 0.0223515 0.0231892 0.0230245 0.0216599 0.0190369 0.0151965 0.0102872 0.0045512 -0.0016866 -0.00812241 -0.0144055 -0.0202042 -0.0253033 -0.0295656 -0.0329424 -0.0354255 -0.0371389 -0.0382792 -0.0390391 -0.0395509 -0.0400013 -0.0405043 -0.0411794 -0.0420206 -0.0430234 -0.0441527 -0.0453114 -0.0463839 -0.047254 -0.0478361 -0.0480678 -0.047877 -0.0472299 -0.0461439 -0.0446114 -0.0426956 -0.0404195 -0.0379035 -0.0352048 -0.032378 -0.0294885 -0.0265609 -0.0236378 -0.0207081 -0.0177949 -0.0148839 -0.0119319 -0.00889154 -0.0057453 -0.00249342 0.000860042 0.00434324 0.00793654 0.0116167 0.015344 0.0190544 0.0227184 0.0262559 0.02961 0.0326735 0.0354093 0.0377945 0.039766 0.0413129 0.0424249 0.0431562 0.0435172 0.0435679 0.0433788 0.0430048 0.0425494 0.042076 0.0416703 0.0413632 
