0 0 0 0 0 0 0 0 0 0 0 0 0 0 0 0 0 0 0 0 0 0 0 0 0 0 0 0 0 0 0 0 0 0 0 0 0 0 0 0 0 0 0 0 0 0 0 0 0 0 0 0 0 0 0 0 0 0 0 0 0 0 0 0 0 0 0 0 0 0 0 0 0 0 0 0 0 0 0 0 0 0 0 0 0 0 0 0 0 0 0 0 0 0 0 0 0 0 0 0 0 0 0 0 0 0 0 0 0 0 0 0 0 0 0 0 0 0 0 0 0 0 0 0 0 0 0 0 0 0 0 0 0 0 0 0 0 0 0 0 0 0 0 0 0 0 0 0 0 0 0 0 0 0 0 0 0 0 0 0 0 0 0 0 0 0 0 0 0 0 0 0 0 0 0 0 0 0 0 0 0 0 0 0 0 0 0 0 0 0 0 0 0 0 0 0 0 0 0 0 
0 2.66862e-05 7.18476e-05 0.000120826 0.000166321 0.000202229 0.000241883 0.000295658 0.000366507 0.000443691 0.000507332 0.000583156 0.00069047 0.000827881 0.000980291 0.00114191 0.00132645 0.00154488 0.00181797 0.00212041 0.00242022 0.00272166 0.00303324 0.00334713 0.00362902 0.00384653 0.00396561 0.00396797 0.00386353 0.00363417 0.00325863 0.00272444 0.00203027 0.00121909 0.000321069 -0.000617978 -0.00157484 -0.00252123 -0.00342625 -0.00425819 -0.0049525 -0.00550393 -0.00590424 -0.00615926 -0.00628322 -0.00629364 -0.00620464 -0.00603089 -0.0057854 -0.00549408 -0.00517437 -0.00483032 -0.00445914 -0.00406736 -0.00366597 -0.00322698 -0.00275752 -0.00225864 -0.00173884 -0.00119326 -0.000639206 -0.000102732 0.000372813 0.000781946 0.00110427 0.0013196 0.00143713 0.00146217 0.00140071 0.00128084 0.00111997 0.000937364 0.00076707 0.000612745 0.000488697 0.000379353 0.000295578 0.000237785 0.000193769 0.000156423 0.00013663 0.00011269 0.000105387 0.00010227 0.000100545 9.93169e-05 0.000102442 9.42873e-05 8.71923e-05 7.7141e-05 7.66946e-05 7.98303e-05 8.85094e-05 8.7313e-05 8.48363e-05 8.06045e-05 8.22717e-05 8.10992e-05 8.05026e-05 7.54926e-05 7.81698e-05 8.34616e-05 9.46891e-05 9.69265e-05 9.5887e-05 9.23364e-05 9.51633e-05 9.77484e-05 0.000104544 0.000106035 0.00011398 0.000125035 0.000142748 0.000148925 0.000154678 0.000157478 0.000165348 0.000179369 0.000199832 0.000206998 0.000222143 0.000227662 0.000229538 0.000236423 0.000260664 0.000306072 0.000388202 0.000495667 0.000637031 0.00080017 0.000986179 0.00116614 0.00131151 0.00141081 0.00143879 0.00136269 0.00118084 0.000895974 0.000514462 6.6396e-05 -0.000433631 -0.000962374 -0.00150539 -0.00204105 -0.00255416 -0.00302632 -0.00347484 -0.00388589 -0.00427674 -0.00465379 -0.00501129 -0.0053424 -0.00563314 -0.00586582 -0.00602824 -0.00611314 -0.00611007 -0.00599212 -0.00573363 -0.00532211 -0.00474923 -0.00404826 -0.00322351 -0.00232116 -0.00137143 -0.000396781 0.000558136 0.00145725 0.00225854 0.00294505 0.00348715 0.00387604 0.00412056 0.00422472 0.00420995 0.00409523 0.00389733 0.00364217 0.00334154 0.0030253 0.00272177 0.00244265 0.00217828 0.00192144 0.00169807 0.00151098 0.00136806 0.00125393 0.00113966 0.00102891 0.000947418 0.000911074 0.000878999 0.00083366 0.000784707 0.000749823 0.000747052 0.000754733 0.000746569 0.000714006 
0 7.18476e-05 0.000154034 0.000248062 0.000323249 0.000415602 0.000503486 0.000613715 0.000740242 0.000878237 0.00102459 0.00118938 0.00141739 0.00167089 0.00196413 0.00229769 0.00268911 0.00314134 0.00366491 0.00424403 0.00483241 0.00544464 0.00607086 0.0066737 0.00719293 0.00759787 0.0078225 0.00783964 0.00762375 0.00714931 0.00638465 0.00531611 0.00397362 0.00238452 0.00063269 -0.00123744 -0.00313841 -0.00500523 -0.00678439 -0.008404 -0.00978292 -0.0108866 -0.0117021 -0.0122252 -0.0124773 -0.0124957 -0.0123288 -0.0119938 -0.011546 -0.0109781 -0.0103465 -0.00966803 -0.00894234 -0.00818563 -0.00737342 -0.00650019 -0.00557098 -0.00456129 -0.00348662 -0.00238188 -0.00128054 -0.000234684 0.000724825 0.00153184 0.00218416 0.00263737 0.00287282 0.00291429 0.0028001 0.00256742 0.00225386 0.0018925 0.00155805 0.00124921 0.000978977 0.000767913 0.000593287 0.000466165 0.000391335 0.000332158 0.000286156 0.000261765 0.000236374 0.000213655 0.000198649 0.000191129 0.000189442 0.000195837 0.000188914 0.000180885 0.000174989 0.000177557 0.000178122 0.000172807 0.000163523 0.000164822 0.000167436 0.000178859 0.00017572 0.000168144 0.000168802 0.000178207 0.000187022 0.000194651 0.000186273 0.000187949 0.000199008 0.000218838 0.000231105 0.000233882 0.000234678 0.000248795 0.000267439 0.000295487 0.000314403 0.000333119 0.000361143 0.000388806 0.000403454 0.000424921 0.000437464 0.00044394 0.000464492 0.000484532 0.000528189 0.000641189 0.000798453 0.00100891 0.00128968 0.00161168 0.00197749 0.00233356 0.00263161 0.00282391 0.00285591 0.00270471 0.00235244 0.00177821 0.00103993 0.000137563 -0.000886342 -0.00197583 -0.00306156 -0.00411953 -0.00514532 -0.00610224 -0.00697738 -0.00779949 -0.00857866 -0.00932835 -0.0100217 -0.0106456 -0.0112213 -0.0116822 -0.0120097 -0.0121682 -0.012136 -0.0118703 -0.0113373 -0.0105072 -0.00938878 -0.00799804 -0.00637239 -0.00458178 -0.00270457 -0.000801763 0.00107641 0.00283121 0.00442351 0.00577982 0.00685409 0.00762439 0.00811251 0.00834263 0.00833895 0.00812992 0.00774555 0.00724418 0.00666594 0.00606305 0.00546389 0.00490323 0.00435627 0.00385828 0.00342774 0.00305979 0.00275693 0.00249903 0.00228698 0.00208266 0.00194127 0.00184067 0.00175322 0.00167124 0.00159541 0.00154888 0.00150745 0.00150166 0.00147671 0.00144204 
0 0.000120826 0.000248062 0.000361906 0.00048608 0.000628122 0.000787569 0.000947471 0.00111949 0.0013278 0.00155793 0.0018426 0.00217729 0.00255019 0.00298079 0.00350085 0.00411899 0.0047971 0.00556132 0.00639434 0.00726703 0.0081823 0.0090978 0.00994623 0.0106585 0.0112044 0.0115169 0.0115147 0.0111707 0.010425 0.00925661 0.00767821 0.00570157 0.00340504 0.000833585 -0.00189975 -0.00469422 -0.00743061 -0.0100136 -0.0123778 -0.0143865 -0.0160259 -0.0172533 -0.0180546 -0.0184579 -0.0185226 -0.0183061 -0.0178564 -0.0172064 -0.0164108 -0.0155108 -0.0145221 -0.0134485 -0.0123137 -0.0111356 -0.00983232 -0.00841188 -0.00688417 -0.00528849 -0.00363451 -0.00197766 -0.000386611 0.00103323 0.00226275 0.00324464 0.00391445 0.00428309 0.0043641 0.00418398 0.00383011 0.0033613 0.00283469 0.00233791 0.00187798 0.00149009 0.00114592 0.000880206 0.000702021 0.000581266 0.000491186 0.000445917 0.00038481 0.000351935 0.000321116 0.000294212 0.000278948 0.00028828 0.000281299 0.000278543 0.000264182 0.000263909 0.000264305 0.000271938 0.000254643 0.000240262 0.000232626 0.000248035 0.00026064 0.000268723 0.000256762 0.000255959 0.000257887 0.000275251 0.000276892 0.00027731 0.000280712 0.000304541 0.000325334 0.000346379 0.000342876 0.000347886 0.000363993 0.000406354 0.000434049 0.000469295 0.000499589 0.00053615 0.000575632 0.00061727 0.000621073 0.000646663 0.000660926 0.000681302 0.000724761 0.000815877 0.000962377 0.00120072 0.00151207 0.0019261 0.00241449 0.00297131 0.00350749 0.00393351 0.0042094 0.00426719 0.00402665 0.00348241 0.0026364 0.00150182 0.000148003 -0.00137953 -0.0029995 -0.00464784 -0.00625536 -0.0077833 -0.00919462 -0.0105347 -0.0117675 -0.0129221 -0.0140052 -0.0150032 -0.0159134 -0.0167186 -0.0173737 -0.0178289 -0.0180369 -0.0179537 -0.0175192 -0.0166939 -0.0154632 -0.0138048 -0.0117808 -0.00939586 -0.00677915 -0.0040355 -0.00124143 0.00148863 0.00406518 0.00638204 0.00838071 0.00997245 0.0111317 0.0118903 0.0122649 0.0122996 0.0120265 0.0114928 0.0107917 0.00997673 0.00911259 0.00824109 0.0073924 0.00658519 0.00584764 0.00522706 0.00467284 0.00418536 0.0037823 0.0034542 0.00318735 0.00296649 0.0027926 0.00262732 0.00250471 0.00243221 0.00235984 0.00228654 0.00222877 0.00220514 0.00218532 
0 0.000166321 0.000323249 0.00048608 0.000643135 0.000853879 0.00106307 0.00128195 0.00152047 0.00180926 0.00215129 0.00253393 0.00299285 0.00349084 0.00408885 0.00480354 0.00562573 0.00651986 0.00750872 0.0086012 0.00974172 0.0109184 0.0120677 0.0131115 0.0139748 0.0146301 0.0149651 0.0149007 0.0143737 0.013344 0.0117853 0.00970186 0.00714952 0.00417101 0.000884374 -0.00262919 -0.00621 -0.00971945 -0.0130475 -0.0160764 -0.0186798 -0.0208085 -0.0224343 -0.0235384 -0.0241426 -0.0242995 -0.024085 -0.0235382 -0.0227593 -0.0217594 -0.0206272 -0.0193819 -0.0180147 -0.0165476 -0.0149501 -0.0132101 -0.0113396 -0.00931199 -0.00716056 -0.00494578 -0.00273273 -0.000622193 0.00130754 0.00293938 0.00425075 0.00516477 0.00565496 0.00576096 0.00555057 0.00509734 0.00447957 0.00377135 0.0031049 0.00249353 0.00196488 0.00154599 0.00120582 0.000955161 0.000793122 0.00066378 0.000565586 0.000508272 0.000461182 0.000423902 0.000400799 0.000389025 0.000385118 0.000387666 0.000367112 0.000345419 0.000334211 0.000341916 0.000350348 0.000346328 0.000331848 0.000330805 0.000332704 0.000346337 0.000338579 0.000325122 0.000328617 0.000350532 0.000374036 0.000390069 0.00037688 0.00037533 0.000389613 0.000420974 0.000445356 0.000456691 0.000468924 0.000503229 0.000544496 0.000594164 0.000625459 0.000654247 0.00070113 0.000754291 0.000794236 0.000841738 0.000873933 0.000891351 0.000925958 0.000966728 0.00106065 0.00128113 0.00160066 0.00202962 0.00259117 0.00323656 0.00395619 0.00465012 0.00522494 0.00558845 0.00563637 0.00531054 0.00457739 0.00341253 0.00191345 0.000101815 -0.00194289 -0.00411718 -0.00629798 -0.00843072 -0.0104929 -0.0124159 -0.014171 -0.0157886 -0.0172886 -0.0186961 -0.0199742 -0.0211036 -0.0221122 -0.0228983 -0.0234256 -0.023627 -0.0234539 -0.022831 -0.021709 -0.0200573 -0.0179007 -0.0152734 -0.0122294 -0.00887902 -0.00535061 -0.00175845 0.00177905 0.00507893 0.00806467 0.0106367 0.0127321 0.0143044 0.0153579 0.0159076 0.0159975 0.015698 0.0150818 0.0142481 0.0132491 0.0121564 0.0110261 0.00993828 0.00889085 0.00794567 0.00711482 0.00636333 0.00570127 0.00514158 0.00470838 0.00432578 0.00402409 0.00375934 0.00352846 0.00336496 0.00325671 0.00317165 0.0030524 0.00298578 0.00294612 0.002936 
0 0.000202229 0.000415602 0.000628122 0.000853879 0.00110277 0.00136704 0.00164475 0.00196696 0.00235709 0.00278503 0.00327525 0.00384872 0.00451167 0.00529061 0.00619626 0.00721582 0.00831588 0.00954256 0.0108782 0.0122529 0.0136336 0.0149537 0.0161344 0.0170948 0.0177807 0.0180816 0.0178834 0.0171508 0.0158248 0.0138848 0.0113503 0.00825512 0.00470133 0.000767154 -0.00340696 -0.00767475 -0.0118644 -0.0158303 -0.0194593 -0.0225843 -0.0251776 -0.0271938 -0.0286071 -0.0294366 -0.0297382 -0.0295757 -0.0290174 -0.0281375 -0.0270209 -0.0257284 -0.0242676 -0.0226271 -0.0208292 -0.0188875 -0.0167243 -0.0143557 -0.0118048 -0.00912629 -0.00635291 -0.003573 -0.000904495 0.00149652 0.00356116 0.00520666 0.00634666 0.00698678 0.00715326 0.00689648 0.00633884 0.00557903 0.00471917 0.00389394 0.00313514 0.00248956 0.00193826 0.00150973 0.00120894 0.000996753 0.000835312 0.000735258 0.000639505 0.000583767 0.000538792 0.000502525 0.000482062 0.000486809 0.000472952 0.000456375 0.000430245 0.000425474 0.000432168 0.000447443 0.00043128 0.000412063 0.000400964 0.000414682 0.000429202 0.000434184 0.00041806 0.000419773 0.000432363 0.00046257 0.000473404 0.000472184 0.000473571 0.00050023 0.000529911 0.000561252 0.000568218 0.000585865 0.000622876 0.000688359 0.000736988 0.000784539 0.000825012 0.000877336 0.000940612 0.00100802 0.0010382 0.00108212 0.001109 0.00114344 0.00121348 0.00136313 0.00162151 0.00202539 0.00255973 0.00325182 0.00405932 0.00495513 0.00581205 0.00649618 0.00692509 0.00698288 0.00655167 0.0056068 0.00415408 0.0022414 -3.27171e-05 -0.00258566 -0.00529297 -0.00804647 -0.0107446 -0.0133181 -0.0156995 -0.0179076 -0.0199038 -0.0217239 -0.0233893 -0.0248873 -0.026211 -0.0273384 -0.0282039 -0.0287439 -0.0288935 -0.0285852 -0.0277341 -0.0262898 -0.0242434 -0.021601 -0.0184456 -0.0148011 -0.010813 -0.00661156 -0.00231534 0.00189222 0.00584293 0.00939793 0.0124977 0.0150588 0.0170311 0.0184031 0.0191618 0.0193708 0.0191138 0.0184845 0.0175858 0.0164583 0.0151791 0.0138418 0.0125342 0.0112859 0.0101195 0.00907534 0.00812165 0.00728881 0.00660089 0.00602696 0.00552984 0.00511414 0.00479064 0.00451175 0.00429104 0.00413001 0.00398756 0.00386695 0.00378551 0.0037349 0.00368691 
0 0.000241883 0.000503486 0.000787569 0.00106307 0.00136704 0.00168356 0.00204545 0.00246796 0.0029508 0.00348301 0.00408609 0.00481674 0.0056506 0.006609 0.00769493 0.0089073 0.0102281 0.0116721 0.0132097 0.0147587 0.0162884 0.0177305 0.0189881 0.0199631 0.0206006 0.0207809 0.020411 0.0194294 0.0177918 0.0154794 0.012516 0.00897148 0.00491561 0.000465333 -0.00426483 -0.00908885 -0.013822 -0.0183141 -0.0224284 -0.0260249 -0.0290469 -0.031448 -0.0331878 -0.0342731 -0.0347555 -0.0347141 -0.034209 -0.0333456 -0.0321681 -0.0307596 -0.0291361 -0.0272854 -0.0252218 -0.0229203 -0.02035 -0.0175235 -0.014448 -0.0111895 -0.00783789 -0.00449786 -0.00130917 0.00159568 0.00407973 0.00607449 0.00748089 0.00826885 0.00848149 0.00820864 0.0075674 0.00668126 0.00567111 0.004692 0.00378673 0.00299744 0.0023498 0.00183583 0.00146309 0.00121384 0.00102868 0.000894661 0.000800491 0.000722757 0.000654536 0.000603737 0.000575869 0.00057087 0.000573622 0.000556446 0.000533758 0.000522143 0.000526542 0.000530351 0.000515706 0.000492521 0.000488709 0.000500971 0.000524159 0.000524611 0.000510448 0.000509333 0.000527972 0.000554169 0.000570916 0.000564368 0.000571448 0.000601286 0.000648008 0.000684783 0.00069892 0.000712842 0.000752646 0.000812378 0.000883617 0.00094352 0.00100033 0.00107122 0.00114424 0.00120119 0.00125026 0.00128828 0.00131938 0.0013771 0.00146965 0.00164984 0.00198396 0.00246801 0.00311184 0.00393778 0.00489752 0.00594812 0.0069492 0.00775723 0.00823947 0.00825703 0.00771272 0.00656226 0.00479435 0.00250528 -0.000241663 -0.00333492 -0.0066224 -0.00993544 -0.0131695 -0.0162626 -0.0191311 -0.021738 -0.0240866 -0.0261975 -0.0280949 -0.0297549 -0.0311716 -0.0323641 -0.0332394 -0.0337344 -0.0337608 -0.0332489 -0.0321226 -0.0303455 -0.027912 -0.0248565 -0.0212277 -0.0170823 -0.0125534 -0.00779667 -0.00295783 0.00179842 0.0062695 0.0103438 0.0139165 0.0169057 0.0192474 0.0209261 0.0219454 0.0223513 0.0222221 0.0216444 0.020727 0.0195338 0.0181536 0.016679 0.0152086 0.0137619 0.0123962 0.0111468 0.0100107 0.00901542 0.00816637 0.00744741 0.00680254 0.00628499 0.00588061 0.00554457 0.00525819 0.00501892 0.00483627 0.00469307 0.00461747 0.00453882 0.00445839 
0 0.000295658 0.000613715 0.000947471 0.00128195 0.00164475 0.00204545 0.0025017 0.00302006 0.00359947 0.00424688 0.00500419 0.00590215 0.00691214 0.00803944 0.00930609 0.0107199 0.0122523 0.0138875 0.015576 0.0172461 0.0188664 0.0203623 0.0216203 0.0225336 0.0230359 0.0230291 0.0224196 0.0211575 0.019197 0.0165296 0.0131911 0.00924796 0.0047902 -7.74041e-05 -0.00521643 -0.0104489 -0.0155882 -0.02048 -0.0249897 -0.0289746 -0.0323723 -0.035127 -0.0371909 -0.0385652 -0.0392969 -0.0394513 -0.0390926 -0.0383047 -0.0371575 -0.0357148 -0.033987 -0.031963 -0.0296538 -0.027044 -0.0240855 -0.0207904 -0.0172016 -0.0134004 -0.00947916 -0.00556443 -0.00181841 0.00158554 0.00451306 0.00685909 0.00852152 0.00947735 0.00976594 0.00947662 0.00875395 0.00774401 0.00659597 0.00546775 0.00442649 0.00351968 0.00276267 0.00216758 0.00173584 0.00143244 0.00120921 0.00105111 0.000928981 0.000838614 0.000764902 0.000708295 0.000676837 0.000670193 0.000660357 0.000637385 0.000609425 0.000598642 0.000605834 0.000614897 0.000599194 0.000575125 0.000566121 0.000579797 0.000601148 0.000605249 0.000591604 0.000591119 0.000609574 0.000640928 0.000659595 0.00065999 0.000667794 0.000700034 0.000745141 0.000785791 0.000806337 0.00083109 0.000881414 0.000956349 0.00103084 0.00109684 0.00115835 0.00123182 0.00131417 0.00138967 0.00144398 0.00149299 0.00153597 0.0016013 0.00172038 0.00194693 0.00233322 0.00290126 0.00365767 0.0046162 0.00573223 0.00693816 0.00807715 0.0089772 0.00949499 0.00947805 0.00880147 0.00741681 0.00533059 0.00262387 -0.000600029 -0.0042142 -0.00804947 -0.011933 -0.0157268 -0.0193297 -0.0226548 -0.0256685 -0.0283472 -0.0307072 -0.0327696 -0.0345283 -0.0359882 -0.0371489 -0.0379426 -0.0382958 -0.0381273 -0.0373652 -0.0359442 -0.0338386 -0.0310553 -0.0276255 -0.0236054 -0.0190511 -0.0141063 -0.00893418 -0.00368353 0.00147466 0.00636699 0.0108614 0.0148483 0.018218 0.0209024 0.0228953 0.0242079 0.02488 0.0249558 0.0245056 0.0236404 0.0224558 0.0210544 0.0195228 0.0179325 0.016323 0.0147723 0.0133474 0.0120464 0.0108777 0.00985167 0.00896077 0.00818651 0.0075541 0.00704759 0.00661725 0.00625264 0.00596071 0.0057334 0.00556116 0.00544898 0.00535398 0.0052673 
0 0.000366507 0.000740242 0.00111949 0.00152047 0.00196696 0.00246796 0.00302006 0.00363428 0.0043276 0.00512103 0.00604597 0.00710743 0.00829056 0.00959976 0.011057 0.0126554 0.0143611 0.0161446 0.0179462 0.0196906 0.0213267 0.0227832 0.023954 0.0247338 0.0250351 0.0247695 0.0238607 0.0222831 0.0200084 0.0170282 0.0133718 0.0091025 0.00433093 -0.000827953 -0.00622592 -0.0117096 -0.0171174 -0.0223015 -0.0271182 -0.0314207 -0.0351342 -0.0382066 -0.0405955 -0.0422943 -0.043332 -0.0437528 -0.0436166 -0.0429907 -0.0419546 -0.0405569 -0.0388036 -0.0366769 -0.0341692 -0.0312694 -0.0279427 -0.0242062 -0.0201183 -0.0157681 -0.0112668 -0.00676894 -0.00246036 0.0014563 0.00483203 0.00753552 0.00946674 0.0106016 0.0109814 0.010705 0.00992677 0.00880953 0.00752945 0.0062518 0.00507331 0.00404976 0.00319595 0.00252636 0.00203231 0.00167275 0.00140738 0.00121717 0.00107178 0.000967955 0.000886694 0.000824421 0.000788132 0.000774918 0.000755687 0.00072629 0.000693229 0.000680735 0.000689154 0.000700928 0.000689322 0.000668036 0.000657003 0.000668329 0.000683921 0.000686229 0.000674246 0.000676596 0.000700559 0.000737935 0.000759914 0.000764329 0.000770739 0.000801582 0.000847048 0.000892303 0.000923303 0.000960392 0.00102117 0.00110641 0.00118693 0.00125808 0.00132385 0.00140012 0.00148883 0.00157756 0.00164522 0.00170683 0.0017632 0.00183946 0.0019819 0.00225159 0.00270029 0.00336212 0.00423941 0.00533051 0.00659016 0.00792747 0.00918083 0.010161 0.0106994 0.0106282 0.00980602 0.00817403 0.00575079 0.00261619 -0.0010987 -0.00524744 -0.00964028 -0.0140897 -0.0184366 -0.0225515 -0.0263282 -0.0297112 -0.0326677 -0.035221 -0.0373944 -0.0391934 -0.0406256 -0.0416762 -0.0422957 -0.0424134 -0.04197 -0.0409091 -0.0391784 -0.0367511 -0.0336356 -0.0298692 -0.025522 -0.020667 -0.015443 -0.00999968 -0.0044766 0.00096042 0.00615281 0.010957 0.0152633 0.0189588 0.0219755 0.0242972 0.0259287 0.0268971 0.0272326 0.026996 0.0262837 0.0251963 0.0238382 0.0223022 0.0206512 0.0189407 0.0172543 0.0156732 0.0142101 0.0128677 0.0116651 0.0106084 0.00970306 0.00894453 0.00830887 0.00776328 0.00731754 0.00697801 0.00670438 0.00647726 0.00630468 0.00619003 0.0061169 
0 0.000443691 0.000878237 0.0013278 0.00180926 0.00235709 0.0029508 0.00359947 0.0043276 0.00516208 0.00612584 0.00720826 0.00842855 0.00978727 0.0112966 0.0129457 0.0146988 0.0165345 0.0184159 0.0202834 0.0220452 0.0236232 0.0249535 0.025947 0.0265072 0.0265401 0.0259566 0.02472 0.0228077 0.0202254 0.0169661 0.013048 0.00855257 0.00357056 -0.00174814 -0.00728409 -0.012889 -0.0184338 -0.0237908 -0.0288028 -0.0333496 -0.0373285 -0.0406913 -0.0433983 -0.0454337 -0.0468104 -0.0475648 -0.0477306 -0.0473737 -0.046532 -0.0452524 -0.0435396 -0.0413731 -0.0387341 -0.0355837 -0.0319273 -0.0277794 -0.0231974 -0.0182854 -0.0132033 -0.00812393 -0.0032648 0.00118066 0.0050074 0.00808474 0.0103117 0.0116379 0.0121158 0.0118731 0.0110559 0.009854 0.00846344 0.00705479 0.00574683 0.00459176 0.00364014 0.00288493 0.00231884 0.00191629 0.00162508 0.00140089 0.00124811 0.00111804 0.0010131 0.000935699 0.000889285 0.000861663 0.000850279 0.000819727 0.000792241 0.000777794 0.00078423 0.000784118 0.00077414 0.000749222 0.000742641 0.000753323 0.000774443 0.000776482 0.000771352 0.000769821 0.000795209 0.00082578 0.000851402 0.000858803 0.000875502 0.000909215 0.000966113 0.00101313 0.0010516 0.00109023 0.00115589 0.00123679 0.00133501 0.00141755 0.0014985 0.00158946 0.00168506 0.00176384 0.00184441 0.00190096 0.00196719 0.00207357 0.0022561 0.00257651 0.00310629 0.00385404 0.00484262 0.00605604 0.00744939 0.0089073 0.0102585 0.0113086 0.0118449 0.0116831 0.0106976 0.0088107 0.00603315 0.0024759 -0.00174316 -0.00644248 -0.0114171 -0.0164349 -0.0213181 -0.0259221 -0.0301253 -0.0338265 -0.0370223 -0.03972 -0.0419475 -0.0437124 -0.0450215 -0.0458826 -0.0462437 -0.0460572 -0.0452768 -0.0438692 -0.0418027 -0.0390567 -0.0356353 -0.0315972 -0.0269963 -0.0219465 -0.0165594 -0.0109731 -0.00532084 0.000269634 0.00562986 0.0106414 0.0151725 0.0191346 0.022459 0.025109 0.0270807 0.0283716 0.0290154 0.0290701 0.0286074 0.0277104 0.0264653 0.024974 0.0233264 0.0215835 0.019827 0.0181103 0.0164857 0.0149795 0.0136159 0.012413 0.0113556 0.0104542 0.00967499 0.00902067 0.00849272 0.00807789 0.00774458 0.00744987 0.00722829 0.00707888 0.0070016 
0 0.000507332 0.00102459 0.00155793 0.00215129 0.00278503 0.00348301 0.00424688 0.00512103 0.00612584 0.00725392 0.00851035 0.00989086 0.011437 0.0131297 0.0149448 0.0168302 0.018756 0.0206779 0.0225295 0.0242327 0.0256931 0.0268317 0.0275628 0.027817 0.0275023 0.0265825 0.025003 0.0227655 0.0198712 0.0163448 0.0122361 0.00759536 0.00254282 -0.00283745 -0.0083928 -0.014011 -0.0195726 -0.0249602 -0.0300584 -0.0347539 -0.0389492 -0.0425758 -0.045584 -0.0479584 -0.049712 -0.0508522 -0.0514177 -0.0513937 -0.0508474 -0.0497685 -0.0481562 -0.0460013 -0.0432739 -0.0399589 -0.0360188 -0.0314667 -0.0264126 -0.0209814 -0.0153284 -0.00967045 -0.00423707 0.000718014 0.0050293 0.00849782 0.0110208 0.0125669 0.0131761 0.0129615 0.0121182 0.0108454 0.00936555 0.00783892 0.0064122 0.00515299 0.0040842 0.00324569 0.00262414 0.00216312 0.00183569 0.00160031 0.00140428 0.00125732 0.00114054 0.00104538 0.000988042 0.000962349 0.000930178 0.000906263 0.000878251 0.000865865 0.000867735 0.000869199 0.000850013 0.000830468 0.000817856 0.000835403 0.000852805 0.000865513 0.00086122 0.000863019 0.000879174 0.000910667 0.000931822 0.000953842 0.000973667 0.00102014 0.00107251 0.00112524 0.0011694 0.00121731 0.00128348 0.00138266 0.0014736 0.00157014 0.00166539 0.00175766 0.00185722 0.00195637 0.00202132 0.00209032 0.00217578 0.00229752 0.00252893 0.00292277 0.00350926 0.0043479 0.00544402 0.00677351 0.00829641 0.00987102 0.0113176 0.012396 0.0128984 0.0126386 0.0114558 0.00928189 0.00616165 0.00214645 -0.00257911 -0.00782628 -0.0133562 -0.0189469 -0.0243705 -0.0294239 -0.0339866 -0.0379923 -0.0413887 -0.044185 -0.0463881 -0.0480327 -0.049149 -0.0497095 -0.0497362 -0.0491736 -0.0480117 -0.0462229 -0.0437985 -0.040738 -0.0370663 -0.0328207 -0.0280764 -0.0229225 -0.0174803 -0.0118679 -0.00619761 -0.000602433 0.00482435 0.00992884 0.0146203 0.0187878 0.0223719 0.0253313 0.0276384 0.0292886 0.0302863 0.030688 0.0305403 0.0299129 0.0288701 0.0275134 0.0259304 0.024226 0.0224478 0.0206503 0.0188948 0.0172381 0.0157344 0.0143689 0.0131603 0.0120821 0.0111631 0.0103956 0.00976207 0.00924735 0.00881492 0.00848378 0.00821828 0.00804197 0.00792662 
0 0.000583156 0.00118938 0.0018426 0.00253393 0.00327525 0.00408609 0.00500419 0.00604597 0.00720826 0.00851035 0.00994436 0.0115199 0.0132369 0.0150787 0.0170185 0.019001 0.0209824 0.0228767 0.0246294 0.026194 0.0274634 0.0283439 0.0287449 0.0286205 0.0279266 0.0266311 0.0247237 0.0221604 0.0189838 0.01524 0.0109868 0.00631 0.00126173 -0.00404384 -0.00951952 -0.0150377 -0.0205061 -0.025837 -0.0309162 -0.0356851 -0.0400253 -0.0438699 -0.0471752 -0.0499098 -0.0520611 -0.0536372 -0.0546303 -0.0550396 -0.0548442 -0.0540409 -0.0526231 -0.0505666 -0.047823 -0.0443418 -0.0401591 -0.035291 -0.0298079 -0.0238486 -0.0176389 -0.0114051 -0.00541758 9.62466e-05 0.00487569 0.00874418 0.0115991 0.0133691 0.0141129 0.0139881 0.0131471 0.0118212 0.0102487 0.00860772 0.00706813 0.00569763 0.0045643 0.0036554 0.00295417 0.00244141 0.00206877 0.00177406 0.00157441 0.00140237 0.00126892 0.00117419 0.00111183 0.0010605 0.00103495 0.000994734 0.000963641 0.000945567 0.000947176 0.000940195 0.000940589 0.000923669 0.000919446 0.000925821 0.000936566 0.000936268 0.000942542 0.000944983 0.000977442 0.00100886 0.00103782 0.00105684 0.00108117 0.00111425 0.00117625 0.00123049 0.00129177 0.00135529 0.00143843 0.00152607 0.00163533 0.00172779 0.00182124 0.00192255 0.00202688 0.00211479 0.0022202 0.00229807 0.0023996 0.00255795 0.00281859 0.00324794 0.00392252 0.00485576 0.00607321 0.00752742 0.00916483 0.0108216 0.0123121 0.013421 0.0138758 0.0134708 0.0120807 0.00961336 0.00609191 0.00163416 -0.00361226 -0.00941116 -0.0155168 -0.0216388 -0.0275433 -0.0330382 -0.0379711 -0.0422021 -0.0457293 -0.0485468 -0.0506744 -0.0521365 -0.0529556 -0.0531636 -0.0527694 -0.0517732 -0.0501741 -0.047979 -0.0452004 -0.0418487 -0.0379506 -0.0335711 -0.0287477 -0.0236046 -0.0182107 -0.0126711 -0.00710288 -0.00158223 0.00377671 0.00889287 0.0136452 0.0179599 0.0217638 0.0249918 0.0276298 0.0296384 0.0310276 0.0318174 0.0320307 0.0317351 0.0309835 0.0298533 0.0284249 0.0267996 0.0250581 0.0232344 0.0214136 0.0196504 0.0179946 0.0164781 0.0150997 0.0138737 0.0128018 0.0119079 0.0111512 0.010503 0.00998569 0.0095902 0.0092996 0.00906984 0.00891135 
0 0.00069047 0.00141739 0.00217729 0.00299285 0.00384872 0.00481674 0.00590215 0.00710743 0.00842855 0.00989086 0.0115199 0.0132734 0.0151503 0.0171068 0.0191258 0.0211529 0.0231273 0.0249455 0.0265474 0.0278948 0.0288839 0.0294214 0.0294402 0.0289226 0.0278126 0.0261348 0.0238684 0.0210186 0.0176158 0.0137223 0.00941552 0.00474525 -0.000188372 -0.00534475 -0.0106208 -0.0159504 -0.0212565 -0.0264497 -0.0314495 -0.0362035 -0.0406208 -0.04464 -0.0482142 -0.0513062 -0.0538837 -0.0559068 -0.0573807 -0.0582328 -0.0584835 -0.0580545 -0.0569037 -0.0550007 -0.0522902 -0.0487516 -0.0443771 -0.0391874 -0.0333121 -0.0268995 -0.0201506 -0.013343 -0.00676835 -0.000732024 0.00454683 0.00882281 0.0119985 0.0140328 0.0149652 0.014918 0.0141027 0.0127494 0.0111188 0.00938623 0.00774622 0.00628428 0.0050407 0.00405101 0.00329562 0.00271925 0.00230433 0.00199772 0.00174782 0.00156034 0.00141935 0.00130447 0.00122647 0.00117176 0.00111341 0.00107942 0.00105066 0.00103741 0.00103749 0.00103481 0.00102145 0.00101083 0.000997904 0.00100878 0.0010167 0.00103041 0.00103708 0.00104629 0.00106519 0.00109507 0.00112116 0.00115894 0.00118897 0.00123906 0.00129007 0.00134556 0.00141122 0.00148459 0.00157087 0.00168423 0.00178318 0.00188891 0.00199412 0.00208895 0.00219348 0.00230439 0.00239244 0.00249004 0.00261765 0.00279741 0.00311688 0.00363027 0.00436952 0.00539718 0.0067194 0.00827953 0.0100172 0.0117485 0.0132851 0.0143619 0.0147338 0.014192 0.0125648 0.00976816 0.00586183 0.000905334 -0.00486938 -0.0112126 -0.0178407 -0.0244945 -0.0308929 -0.0367731 -0.0419798 -0.0464141 -0.0500182 -0.0527886 -0.0547373 -0.0559329 -0.0564245 -0.0561964 -0.0553374 -0.0538512 -0.0517971 -0.0491918 -0.0460647 -0.0424418 -0.038365 -0.0338818 -0.0290622 -0.0239972 -0.0187522 -0.013388 -0.00798949 -0.00265268 0.00257576 0.00757916 0.0123122 0.0166954 0.0206685 0.0241505 0.027087 0.0294527 0.0312331 0.032446 0.0330704 0.0331577 0.0327539 0.031925 0.03072 0.029251 0.027586 0.0257983 0.0239738 0.0221519 0.0203853 0.0187103 0.0172029 0.0158329 0.0146252 0.0135811 0.01268 0.0119189 0.0112942 0.0108327 0.0104566 0.0101769 0.00997765 
0 0.000827881 0.00167089 0.00255019 0.00349084 0.00451167 0.0056506 0.00691214 0.00829056 0.00978727 0.011437 0.0132369 0.0151503 0.0171606 0.019214 0.021262 0.0232492 0.025135 0.0268169 0.0282102 0.0292658 0.0298817 0.0300125 0.0296261 0.0287006 0.0271877 0.0251073 0.0225107 0.0193975 0.0158287 0.0118587 0.00754992 0.00297897 -0.00179409 -0.00670598 -0.0117206 -0.0167807 -0.0218362 -0.0268177 -0.031653 -0.0363329 -0.0407759 -0.0449264 -0.0487484 -0.0521844 -0.055171 -0.0576675 -0.0596369 -0.0610143 -0.0617354 -0.0617204 -0.060913 -0.0592577 -0.0566712 -0.0531066 -0.0486041 -0.043191 -0.0369569 -0.0300779 -0.0228242 -0.0154814 -0.00837034 -0.00178077 0.00398787 0.00869928 0.0122424 0.0145421 0.0156526 0.0157395 0.0149798 0.0136318 0.0119607 0.0101539 0.00841716 0.00685143 0.00553186 0.00446496 0.00363301 0.00301404 0.00256485 0.00221522 0.00195606 0.00173563 0.00156163 0.00143201 0.00133901 0.00126302 0.00121705 0.00117919 0.00115121 0.00113202 0.00112092 0.00110296 0.00110314 0.00109666 0.0010947 0.00110134 0.00110404 0.00110938 0.00112702 0.00113626 0.00116529 0.00119186 0.00121917 0.00125604 0.00129533 0.00134083 0.00140704 0.00146959 0.00154684 0.00162862 0.00171829 0.00181398 0.00192802 0.00204103 0.00215763 0.00227087 0.00237774 0.00247047 0.00257712 0.00267757 0.00282286 0.00305358 0.00342754 0.00400334 0.00483799 0.00595964 0.00738195 0.00903861 0.0108547 0.0126322 0.0141693 0.015224 0.0154911 0.0147473 0.0128538 0.00972018 0.00538939 -2.62228e-05 -0.00632407 -0.0132148 -0.0203994 -0.0275432 -0.0343489 -0.0405722 -0.0460307 -0.0505763 -0.0541813 -0.056836 -0.0585631 -0.0594262 -0.05948 -0.0587782 -0.0574077 -0.0554282 -0.0529014 -0.049877 -0.0464073 -0.0425369 -0.0383201 -0.0338155 -0.0290632 -0.0241615 -0.0191298 -0.0140075 -0.00887372 -0.00377591 0.00122416 0.00607146 0.0107054 0.0150898 0.0191654 0.0228362 0.026049 0.0287393 0.0309064 0.0325415 0.0336067 0.0341259 0.0341242 0.0336537 0.0327585 0.0315304 0.0300339 0.0283361 0.026554 0.0247282 0.0228887 0.021105 0.0194596 0.0179584 0.0165937 0.0153912 0.0143467 0.0134611 0.0127425 0.0121676 0.0117034 0.011361 0.0111501 
0 0.000980291 0.00196413 0.00298079 0.00408885 0.00529061 0.006609 0.00803944 0.00959976 0.0112966 0.0131297 0.0150787 0.0171068 0.019214 0.0213206 0.0233442 0.0252305 0.0269565 0.0284241 0.0295342 0.0302281 0.030432 0.0301265 0.0293062 0.0279607 0.0260427 0.0236084 0.0207152 0.0173936 0.0137044 0.00971459 0.00548865 0.00107378 -0.00346485 -0.00810281 -0.0128048 -0.0175432 -0.0222854 -0.026982 -0.0316 -0.0361504 -0.040571 -0.0448096 -0.0488282 -0.0525711 -0.0559634 -0.0589321 -0.061427 -0.0633342 -0.064583 -0.0650442 -0.0646283 -0.0632665 -0.0608668 -0.0573768 -0.0528067 -0.0471905 -0.0406594 -0.0334058 -0.0256931 -0.0178389 -0.0101854 -0.0030695 0.00320663 0.00836351 0.0122789 0.0148864 0.0162251 0.0164412 0.0157535 0.0144274 0.0127384 0.0108819 0.00907432 0.00743187 0.00602686 0.0048872 0.00399685 0.0033178 0.00282079 0.0024412 0.0021383 0.00189697 0.00171315 0.00156913 0.00146247 0.00137537 0.00130403 0.00126339 0.00123529 0.00121591 0.00120237 0.00118566 0.00117948 0.0011789 0.00117456 0.00118076 0.00118303 0.00119696 0.00121752 0.00123303 0.00125344 0.00127586 0.00130409 0.00135355 0.00140117 0.00145793 0.00151794 0.00158197 0.00166709 0.00176015 0.0018574 0.00196709 0.0020745 0.00219141 0.00231202 0.00242034 0.00252895 0.00263789 0.00274644 0.00286981 0.00304422 0.00330954 0.00374394 0.00439807 0.00530765 0.00651554 0.00802901 0.0097762 0.0116635 0.0134795 0.0150096 0.0159786 0.0160975 0.0151398 0.0129482 0.00944365 0.00468945 -0.00121681 -0.00802789 -0.0154324 -0.0231008 -0.0307032 -0.037903 -0.0444066 -0.0500271 -0.0546426 -0.0582008 -0.0606777 -0.0620927 -0.0625437 -0.0621207 -0.0608859 -0.0589836 -0.0564946 -0.0535112 -0.0500885 -0.0462973 -0.0422156 -0.0379169 -0.0334458 -0.0288321 -0.0241345 -0.0193597 -0.0145304 -0.00971085 -0.00493691 -0.000211265 0.00441771 0.00891805 0.0132389 0.0173312 0.0211202 0.0245508 0.0275573 0.0300962 0.0321402 0.0336382 0.0346089 0.0350571 0.0350004 0.0344711 0.0335609 0.0323115 0.0307805 0.0290888 0.0273023 0.02546 0.0236183 0.0218722 0.020228 0.0187148 0.0173664 0.0161857 0.0151747 0.0143285 0.013641 0.0130751 0.0126747 0.012436 
0 0.00114191 0.00229769 0.00350085 0.00480354 0.00619626 0.00769493 0.00930609 0.011057 0.0129457 0.0149448 0.0170185 0.0191258 0.021262 0.0233442 0.0252868 0.0270305 0.0285312 0.0296913 0.0304307 0.0307211 0.0305031 0.0297538 0.0284835 0.0267104 0.0244215 0.021682 0.018554 0.0150785 0.011331 0.00738905 0.00330597 -0.000894114 -0.00516094 -0.00947797 -0.0138221 -0.0181905 -0.02258 -0.0269663 -0.0313419 -0.0357267 -0.0400804 -0.0443625 -0.0485469 -0.0525717 -0.0563404 -0.0597595 -0.0627579 -0.0652034 -0.0669921 -0.0679706 -0.0680177 -0.0670276 -0.0648766 -0.0615081 -0.0569383 -0.0512097 -0.0444436 -0.0368473 -0.0287097 -0.0203753 -0.0122067 -0.00457216 0.00219489 0.00779914 0.0121032 0.0150357 0.01663 0.0170312 0.0164585 0.0151835 0.0134892 0.0115925 0.0097201 0.00801336 0.00654584 0.00534223 0.0043852 0.00364529 0.00309445 0.00267618 0.00234389 0.00208267 0.00188166 0.00172339 0.00159836 0.00149309 0.00140814 0.00136105 0.00132856 0.00130449 0.00128327 0.00126507 0.00126451 0.00127316 0.00127239 0.00127333 0.00126718 0.00127826 0.00130294 0.00132679 0.001352 0.00137725 0.00140797 0.00146146 0.00151267 0.00157029 0.00163118 0.00170218 0.00179831 0.00190493 0.00200892 0.00212035 0.00222919 0.00234972 0.0024721 0.00258042 0.00268568 0.00279911 0.0029233 0.00307573 0.00328438 0.00359493 0.00408299 0.00480363 0.00579479 0.00709837 0.00870654 0.010538 0.0124701 0.0142824 0.0157548 0.0166136 0.0165609 0.0153607 0.0128525 0.0089644 0.00376256 -0.00263352 -0.00995318 -0.0178589 -0.0259902 -0.0339902 -0.0415069 -0.0482415 -0.0539837 -0.0585957 -0.062014 -0.0642267 -0.065272 -0.06527 -0.064336 -0.0625658 -0.0601259 -0.0571281 -0.0536873 -0.049886 -0.0458162 -0.0415711 -0.0372289 -0.0328209 -0.0283705 -0.0239135 -0.0194408 -0.0149534 -0.0104952 -0.00607666 -0.00166954 0.00270247 0.00701446 0.0112151 0.015262 0.0191009 0.0226892 0.0259578 0.0288367 0.0312607 0.0331706 0.0345865 0.0355069 0.0359092 0.0357963 0.0352542 0.0343213 0.0330423 0.0315186 0.0298318 0.0280423 0.0262076 0.024406 0.0226507 0.0210067 0.0195318 0.0182232 0.0170695 0.0160811 0.0152765 0.0146236 0.01415 0.0138498 
0 0.00132645 0.00268911 0.00411899 0.00562573 0.00721582 0.0089073 0.0107199 0.0126554 0.0146988 0.0168302 0.019001 0.0211529 0.0232492 0.0252305 0.0270305 0.028575 0.029781 0.0305626 0.0308797 0.0307397 0.0300821 0.0288834 0.0271771 0.0250037 0.0223899 0.0193864 0.0160859 0.0125261 0.00879712 0.00496788 0.00106608 -0.00288071 -0.00685251 -0.0108096 -0.0147672 -0.018742 -0.0227622 -0.0268271 -0.0309381 -0.0351257 -0.0393725 -0.0436532 -0.0479596 -0.0522226 -0.0563251 -0.0601678 -0.0636406 -0.0666246 -0.0689573 -0.0704771 -0.071026 -0.0704578 -0.0686271 -0.0654528 -0.0609532 -0.0551795 -0.0482397 -0.0403611 -0.031862 -0.0230915 -0.0144483 -0.00631056 0.000932123 0.00698962 0.0117006 0.0149765 0.0168444 0.0174607 0.0170288 0.0158435 0.0141833 0.0122801 0.0103617 0.00858827 0.00705422 0.00578102 0.00475694 0.00397082 0.00337957 0.00292118 0.00256851 0.00227901 0.0020518 0.00187741 0.00173104 0.00160032 0.00151139 0.00145382 0.00142142 0.00139666 0.00136939 0.00134384 0.00134872 0.0013553 0.00135959 0.00135708 0.00135155 0.00136253 0.00139655 0.00142034 0.00144728 0.0014691 0.00150355 0.00156194 0.00162801 0.00168543 0.00175304 0.00182683 0.00192683 0.0020409 0.00215282 0.00225691 0.00237694 0.00250186 0.00262777 0.00274389 0.00284859 0.00295408 0.00309413 0.00326251 0.00350209 0.00387131 0.00442927 0.00522925 0.00631148 0.00769646 0.00937515 0.0112623 0.013215 0.015007 0.0163933 0.0171159 0.0168575 0.0153771 0.0125267 0.00824148 0.00257806 -0.00429372 -0.0121021 -0.0204668 -0.0290191 -0.0373651 -0.0451376 -0.0520352 -0.0578253 -0.0623528 -0.0655629 -0.067443 -0.0680641 -0.0675701 -0.0660991 -0.0637996 -0.0608255 -0.0573385 -0.0534644 -0.049325 -0.0450305 -0.0406765 -0.0363298 -0.0320116 -0.0277357 -0.0235428 -0.0194043 -0.0152949 -0.0112249 -0.00716417 -0.0030978 0.000985135 0.00504482 0.00906689 0.0130233 0.0168683 0.0205583 0.0240055 0.0271567 0.0299248 0.0322412 0.0340954 0.0354772 0.0363485 0.0366927 0.0365667 0.0360072 0.0350508 0.0337802 0.0322685 0.0305814 0.0288048 0.027 0.0251989 0.0234633 0.0218765 0.0204407 0.0191418 0.0180217 0.0171001 0.0163662 0.0158034 0.0154237 
0 0.00154488 0.00314134 0.0047971 0.00651986 0.00831588 0.0102281 0.0122523 0.0143611 0.0165345 0.018756 0.0209824 0.0231273 0.025135 0.0269565 0.0285312 0.029781 0.0306202 0.0309842 0.0308657 0.03026 0.0291443 0.0275078 0.0254086 0.0228985 0.02 0.0168098 0.0133972 0.00983918 0.00618699 0.00250744 -0.00116705 -0.00484396 -0.00847881 -0.0120795 -0.0156451 -0.0192273 -0.0228666 -0.026582 -0.0304115 -0.0343871 -0.0385062 -0.0427593 -0.0471296 -0.0515655 -0.0559626 -0.0601896 -0.0641379 -0.0676266 -0.0705043 -0.0725656 -0.0736243 -0.0735125 -0.0720611 -0.0691701 -0.0648116 -0.0590339 -0.0519929 -0.0439192 -0.035116 -0.0259794 -0.0169015 -0.00831272 -0.000588323 0.00593042 0.0110512 0.0146974 0.0168779 0.0177115 0.0174625 0.0163991 0.0148004 0.0129146 0.010971 0.00915188 0.00755174 0.0062193 0.00514965 0.00430809 0.00367133 0.00318913 0.00278535 0.00247284 0.0022293 0.00202817 0.00186375 0.00172988 0.00161367 0.00155681 0.00152003 0.00148397 0.00144822 0.00142722 0.00141964 0.0014399 0.00144461 0.00144 0.00143569 0.00145397 0.001482 0.00152059 0.00153957 0.00156132 0.00160007 0.00166512 0.00173205 0.00180736 0.00186862 0.0019521 0.00206324 0.00218204 0.00229089 0.00240698 0.00251089 0.00264211 0.00277873 0.00289155 0.00299799 0.00312441 0.00325964 0.0034573 0.00373623 0.00414861 0.00477783 0.00566643 0.00682783 0.00829051 0.0100278 0.011955 0.0139023 0.0156447 0.0169371 0.0174682 0.0169617 0.0151751 0.011943 0.00723278 0.00113276 -0.00620283 -0.0144528 -0.0232393 -0.0321395 -0.0407789 -0.0487648 -0.0557446 -0.0614849 -0.0658615 -0.0688028 -0.0703121 -0.0704672 -0.0694486 -0.0674384 -0.0645846 -0.0611009 -0.0571497 -0.0529004 -0.0484771 -0.0440008 -0.0395786 -0.0352652 -0.0310661 -0.0270024 -0.0230817 -0.0192837 -0.015555 -0.0118615 -0.00817868 -0.00444835 -0.000694505 0.00309052 0.00688887 0.0107031 0.0145072 0.0182188 0.0217745 0.0251056 0.0281645 0.0308631 0.0331425 0.0349662 0.0362926 0.0371181 0.0374651 0.0373352 0.0367628 0.0358158 0.0345572 0.0330457 0.0313662 0.0296165 0.0278217 0.0260497 0.0243642 0.0228014 0.0213841 0.0201446 0.0191236 0.0182869 0.0176455 0.0171995 
0 0.00181797 0.00366491 0.00556132 0.00750872 0.00954256 0.0116721 0.0138875 0.0161446 0.0184159 0.0206779 0.0228767 0.0249455 0.0268169 0.0284241 0.0296913 0.0305626 0.0309842 0.030927 0.0303556 0.0292855 0.0277154 0.0256828 0.0232459 0.020437 0.0173425 0.0140267 0.010603 0.00709304 0.00356335 7.57247e-05 -0.00335359 -0.00670309 -0.0100048 -0.0132346 -0.0164357 -0.019639 -0.0228977 -0.0262696 -0.0298165 -0.0335773 -0.0375641 -0.0417529 -0.046151 -0.0507089 -0.0553267 -0.0599041 -0.064265 -0.0682594 -0.0716381 -0.0742234 -0.0758139 -0.0761936 -0.0751567 -0.0725759 -0.0684295 -0.0627682 -0.0556908 -0.0474595 -0.0384346 -0.0289856 -0.0195393 -0.0105125 -0.00235879 0.00460985 0.010162 0.0141853 0.0166867 0.0178189 0.0177725 0.0168551 0.0153385 0.0134894 0.0115402 0.00969679 0.0080672 0.00668578 0.00554795 0.00466131 0.00397472 0.00343542 0.00302238 0.00268118 0.00240688 0.00219976 0.00201431 0.00184781 0.00174131 0.00166145 0.00161551 0.00157684 0.0015293 0.00149608 0.00150596 0.00151783 0.001533 0.00152776 0.00152231 0.00153433 0.00157671 0.00160751 0.00163728 0.00166084 0.00170205 0.00176613 0.00184963 0.00191167 0.00199016 0.0020818 0.0021951 0.00232539 0.00244508 0.00253711 0.00265966 0.00278649 0.00291451 0.00304111 0.00314831 0.0032633 0.00343909 0.00366433 0.00398278 0.00446279 0.00514976 0.00609812 0.00733923 0.00887721 0.010672 0.0126262 0.014551 0.0162131 0.0173324 0.0176619 0.0168773 0.0147381 0.0111155 0.00599176 -0.000568109 -0.00832556 -0.0169868 -0.0261321 -0.0353564 -0.0442107 -0.0522941 -0.0592919 -0.0649436 -0.0690918 -0.071693 -0.0727756 -0.0724614 -0.0709239 -0.0683513 -0.0649852 -0.0610059 -0.0566537 -0.0520723 -0.0474197 -0.0428172 -0.0383576 -0.0340986 -0.0300459 -0.0262033 -0.0225693 -0.0190914 -0.0157129 -0.0123938 -0.00907027 -0.00572056 -0.00228882 0.00119711 0.00476574 0.00840335 0.012083 0.0157583 0.0193436 0.0228125 0.0260824 0.0290929 0.0317482 0.0339828 0.0357528 0.0370536 0.0378891 0.0382302 0.0380858 0.0375178 0.0365886 0.0353342 0.0338422 0.0321989 0.0304816 0.0287244 0.0269924 0.0253445 0.0238309 0.022507 0.0213667 0.0204302 0.0197006 0.0192102 
